,sunshine,station_id,day,humid,tmin,date,wind,snow,Date,tavg,cloud,year,tmax,month,rainfall
0,5.6,137,1,75.5,-2.6,20170101,1.1,0.0,2017-01-01,2.6,0.0,2017,9.7,1,0.0
1,2.0,137,2,71.0,-1.1,20170102,1.8,0.0,2017-01-02,5.4,0.0,2017,10.3,1,0.0
2,8.1,137,3,52.0,1.8,20170103,2.6,0.0,2017-01-03,5.2,0.0,2017,9.4,1,0.0
3,6.3,137,4,59.3,0.4,20170104,2.3,0.0,2017-01-04,5.4,0.0,2017,10.6,1,0.0
4,0.3,137,5,68.0,-2.1,20170105,1.3,0.0,2017-01-05,3.5,0.0,2017,8.4,1,0.0
5,4.9,137,6,70.3,-1.0,20170106,1.1,0.0,2017-01-06,4.1,0.0,2017,9.3,1,0.0
6,3.4,137,7,80.9,-4.1,20170107,0.7,0.0,2017-01-07,1.3,0.0,2017,6.3,1,0.0
7,5.5,137,8,65.1,2.1,20170108,0.8,0.0,2017-01-08,7.5,0.0,2017,13.5,1,0.0
8,5.4,137,9,53.5,0.3,20170109,3.3,0.0,2017-01-09,4.7,0.0,2017,8.2,1,0.0
9,8.0,137,10,45.5,-2.6,20170110,3.2,0.0,2017-01-10,0.4,0.0,2017,5.0,1,0.0
10,8.3,137,11,41.9,-6.3,20170111,3.1,0.0,2017-01-11,-1.8,0.0,2017,3.0,1,0.0
11,6.3,137,12,50.3,-1.8,20170112,4.1,0.0,2017-01-12,1.1,0.0,2017,6.4,1,0.0
12,6.1,137,13,44.4,-5.0,20170113,3.8,0.0,2017-01-13,-2.1,0.0,2017,3.0,1,0.2
13,8.4,137,14,31.4,-7.9,20170114,4.5,0.0,2017-01-14,-5.5,0.0,2017,-2.3,1,0.0
14,8.4,137,15,31.6,-9.4,20170115,3.0,0.0,2017-01-15,-4.6,0.0,2017,0.5,1,0.0
15,8.4,137,16,39.3,-6.2,20170116,1.6,0.0,2017-01-16,-1.6,0.0,2017,5.3,1,0.0
16,6.2,137,17,47.6,-9.8,20170117,0.8,0.0,2017-01-17,-2.5,0.0,2017,5.0,1,0.0
17,3.4,137,18,53.0,-3.6,20170118,1.7,0.0,2017-01-18,0.9,0.0,2017,5.1,1,0.0
18,8.1,137,19,58.8,-5.0,20170119,1.2,0.0,2017-01-19,0.8,0.0,2017,6.7,1,0.0
19,4.3,137,20,64.9,-4.7,20170120,2.7,0.0,2017-01-20,-1.9,0.0,2017,0.9,1,3.6
20,7.0,137,21,65.3,-6.8,20170121,1.8,0.0,2017-01-21,-2.2,0.0,2017,2.7,1,0.9
21,8.5,137,22,52.4,-6.8,20170122,4.1,0.0,2017-01-22,-4.2,0.0,2017,0.0,1,0.9
22,8.7,137,23,46.9,-9.8,20170123,3.2,0.0,2017-01-23,-6.2,0.0,2017,-2.3,1,0.0
23,8.7,137,24,47.3,-7.4,20170124,2.8,0.0,2017-01-24,-4.0,0.0,2017,0.6,1,0.0
24,8.6,137,25,47.4,-7.5,20170125,2.5,0.0,2017-01-25,-2.7,0.0,2017,2.5,1,0.0
25,7.7,137,26,39.8,-6.7,20170126,1.9,0.0,2017-01-26,0.8,0.0,2017,7.3,1,0.0
26,7.7,137,27,36.5,-2.6,20170127,3.4,0.0,2017-01-27,1.9,0.0,2017,7.1,1,0.9
27,7.7,137,28,39.5,-7.1,20170128,1.2,0.0,2017-01-28,0.0,0.0,2017,6.7,1,0.0
28,0.2,137,29,69.5,0.2,20170129,1.0,0.0,2017-01-29,2.4,0.0,2017,4.1,1,3.0
29,6.7,137,30,59.4,-5.8,20170130,3.8,0.0,2017-01-30,-1.4,0.0,2017,3.3,1,0.7
30,6.5,137,31,46.4,-9.5,20170131,2.2,0.0,2017-01-31,-2.7,0.0,2017,3.3,1,0.0
31,8.2,137,1,36.8,-3.7,20170201,3.3,0.0,2017-02-01,-0.9,0.0,2017,4.4,2,0.0
32,8.7,137,2,35.3,-6.4,20170202,3.3,0.0,2017-02-02,-0.6,0.0,2017,5.9,2,0.0
33,8.6,137,3,48.0,-1.8,20170203,2.6,0.0,2017-02-03,3.3,0.0,2017,9.2,2,0.0
34,5.1,137,4,37.8,-3.3,20170204,1.1,0.0,2017-02-04,4.8,0.0,2017,11.4,2,0.0
35,1.1,137,5,63.0,2.1,20170205,2.6,0.0,2017-02-05,4.2,0.0,2017,9.0,2,0.1
36,8.9,137,6,43.6,-2.1,20170206,3.8,0.0,2017-02-06,0.9,0.0,2017,4.7,2,0.0
37,5.5,137,7,50.1,-4.0,20170207,1.3,0.0,2017-02-07,0.3,0.0,2017,6.9,2,0.0
38,0.8,137,8,52.8,-4.8,20170208,1.9,0.0,2017-02-08,0.1,0.0,2017,4.6,2,0.0
39,8.1,137,9,42.6,-5.6,20170209,4.3,0.0,2017-02-09,-2.4,0.0,2017,0.8,2,0.0
40,8.8,137,10,44.6,-6.4,20170210,4.3,0.0,2017-02-10,-4.4,0.0,2017,-0.7,2,0.0
41,8.5,137,11,45.6,-7.2,20170211,3.3,0.0,2017-02-11,-3.3,0.0,2017,1.9,2,0.0
42,8.9,137,12,44.3,-3.7,20170212,2.6,0.0,2017-02-12,0.1,0.0,2017,5.3,2,0.0
43,8.0,137,13,59.3,-3.4,20170213,2.5,0.0,2017-02-13,1.7,0.0,2017,7.3,2,1.5
44,9.1,137,14,56.5,-3.8,20170214,1.6,0.0,2017-02-14,1.6,0.0,2017,7.8,2,0.0
45,8.7,137,15,39.1,-4.1,20170215,1.9,0.0,2017-02-15,3.4,0.0,2017,11.1,2,0.0
46,7.3,137,16,53.5,-4.7,20170216,1.1,0.0,2017-02-16,6.5,0.0,2017,16.2,2,0.8
47,7.1,137,17,52.6,-1.2,20170217,3.4,0.0,2017-02-17,5.7,0.0,2017,11.8,2,1.7
48,9.2,137,18,36.1,-4.7,20170218,4.2,0.0,2017-02-18,-0.2,0.0,2017,5.4,2,0.0
49,5.9,137,19,55.4,-5.0,20170219,1.4,0.0,2017-02-19,2.8,0.0,2017,10.5,2,1.3
50,7.9,137,20,56.5,-2.8,20170220,3.4,0.0,2017-02-20,2.0,0.0,2017,8.0,2,9.5
51,9.1,137,21,45.0,-6.1,20170221,1.5,0.0,2017-02-21,0.4,0.0,2017,8.0,2,0.0
52,0.0,137,22,77.0,-0.2,20170222,1.5,0.0,2017-02-22,2.3,0.0,2017,5.0,2,18.6
53,7.9,137,23,52.0,-2.0,20170223,4.3,0.0,2017-02-23,1.1,0.0,2017,5.2,2,0.0
54,9.6,137,24,39.1,-3.7,20170224,3.0,0.0,2017-02-24,1.1,0.0,2017,7.0,2,0.0
55,9.4,137,25,41.4,0.0,20170225,2.6,0.0,2017-02-25,4.5,0.0,2017,9.9,2,0.0
56,9.1,137,26,49.3,-0.8,20170226,1.6,0.0,2017-02-26,4.6,0.0,2017,11.1,2,0.0
57,9.1,137,27,54.1,-3.3,20170227,1.0,0.0,2017-02-27,3.6,0.0,2017,12.3,2,0.0
58,9.9,137,28,42.9,-3.4,20170228,1.3,0.0,2017-02-28,5.3,0.0,2017,13.9,2,0.0
59,3.6,137,1,44.0,0.3,20170301,1.2,0.0,2017-03-01,6.5,0.0,2017,12.8,3,0.0
60,3.4,137,2,56.1,0.3,20170302,3.1,0.0,2017-03-02,4.2,0.0,2017,8.6,3,0.1
61,10.1,137,3,40.8,-1.3,20170303,2.4,0.0,2017-03-03,4.6,0.0,2017,12.5,3,0.0
62,9.7,137,4,40.3,-0.7,20170304,1.3,0.0,2017-03-04,6.8,0.0,2017,15.8,3,0.0
63,8.1,137,5,43.4,-0.3,20170305,1.8,0.0,2017-03-05,7.5,0.0,2017,15.7,3,0.0
64,10.1,137,6,36.9,-0.2,20170306,3.9,0.0,2017-03-06,3.2,0.0,2017,7.1,3,0.0
65,9.2,137,7,42.1,-2.2,20170307,3.4,0.0,2017-03-07,0.0,0.0,2017,5.0,3,0.5
66,8.3,137,8,48.9,-3.0,20170308,2.8,0.0,2017-03-08,1.3,0.0,2017,6.0,3,0.0
67,9.7,137,9,43.0,-0.2,20170309,3.4,0.0,2017-03-09,5.4,0.0,2017,11.6,3,0.0
68,10.1,137,10,28.4,1.0,20170310,2.8,0.0,2017-03-10,6.9,0.0,2017,13.4,3,0.0
69,10.0,137,11,34.9,-2.8,20170311,1.2,0.0,2017-03-11,7.3,0.0,2017,17.4,3,0.0
70,8.0,137,12,33.6,-0.5,20170312,1.7,0.0,2017-03-12,9.9,0.0,2017,19.3,3,0.0
71,9.1,137,13,45.9,5.0,20170313,2.3,0.0,2017-03-13,9.6,0.0,2017,16.2,3,0.0
72,8.5,137,14,51.5,2.1,20170314,2.1,0.0,2017-03-14,6.7,0.0,2017,13.5,3,0.0
73,10.2,137,15,45.8,-2.4,20170315,1.0,0.0,2017-03-15,6.0,0.0,2017,14.0,3,0.0
74,9.6,137,16,41.8,-1.8,20170316,1.8,0.0,2017-03-16,6.9,0.0,2017,14.9,3,0.0
75,10.0,137,17,29.0,1.7,20170317,1.6,0.0,2017-03-17,9.3,0.0,2017,17.1,3,0.0
76,5.9,137,18,28.8,2.8,20170318,1.5,0.0,2017-03-18,9.9,0.0,2017,18.4,3,0.0
77,9.7,137,19,29.4,1.1,20170319,1.3,0.0,2017-03-19,9.9,0.0,2017,19.1,3,0.0
78,2.4,137,20,60.3,0.5,20170320,1.1,0.0,2017-03-20,7.5,0.0,2017,13.0,3,0.9
79,9.8,137,21,50.3,4.7,20170321,2.7,0.0,2017-03-21,9.0,0.0,2017,14.3,3,0.4
80,8.9,137,22,29.9,2.3,20170322,2.3,0.0,2017-03-22,8.9,0.0,2017,15.6,3,0.0
81,7.8,137,23,31.6,5.7,20170323,2.1,0.0,2017-03-23,10.6,0.0,2017,17.2,3,0.0
82,5.6,137,24,49.4,2.7,20170324,1.3,0.0,2017-03-24,8.9,0.0,2017,15.1,3,0.0
83,0.0,137,25,84.6,4.5,20170325,1.2,0.0,2017-03-25,5.6,0.0,2017,7.8,3,13.2
84,2.8,137,26,72.5,4.3,20170326,1.4,0.0,2017-03-26,6.6,0.0,2017,10.7,3,0.0
85,2.7,137,27,67.1,3.3,20170327,2.5,0.0,2017-03-27,5.6,0.0,2017,10.2,3,0.5
86,8.3,137,28,46.0,1.1,20170328,2.1,0.0,2017-03-28,8.8,0.0,2017,15.0,3,0.0
87,7.5,137,29,59.5,4.4,20170329,1.5,0.0,2017-03-29,10.1,0.0,2017,17.6,3,0.5
88,10.8,137,30,38.9,3.6,20170330,1.6,0.0,2017-03-30,13.1,0.0,2017,20.7,3,0.0
89,0.0,137,31,78.0,6.3,20170331,1.5,0.0,2017-03-31,8.5,0.0,2017,10.2,3,4.1
90,2.3,137,1,80.9,5.2,20170401,1.1,0.0,2017-04-01,7.0,0.0,2017,11.6,4,4.2
91,11.1,137,2,43.6,2.3,20170402,2.0,0.0,2017-04-02,10.3,0.0,2017,16.4,4,0.0
92,11.0,137,3,27.4,6.5,20170403,3.2,0.0,2017-04-03,14.1,0.0,2017,21.5,4,0.0
93,10.9,137,4,32.8,3.2,20170404,1.6,0.0,2017-04-04,14.7,0.0,2017,23.7,4,0.0
94,0.0,137,5,62.9,11.3,20170405,1.4,0.0,2017-04-05,14.0,0.0,2017,18.0,4,8.1
95,0.8,137,6,81.5,12.7,20170406,1.7,0.0,2017-04-06,14.6,0.0,2017,17.4,4,8.1
96,11.0,137,7,61.9,9.1,20170407,1.5,0.0,2017-04-07,15.9,0.0,2017,24.3,4,0.0
97,9.5,137,8,53.1,8.9,20170408,1.7,0.0,2017-04-08,17.6,0.0,2017,26.8,4,0.0
98,0.0,137,9,51.0,10.1,20170409,2.3,0.0,2017-04-09,13.3,0.0,2017,16.9,4,0.0
99,11.1,137,10,38.8,7.6,20170410,2.4,0.0,2017-04-10,13.2,0.0,2017,20.6,4,0.0
100,5.6,137,11,62.4,7.3,20170411,2.0,0.0,2017-04-11,12.6,0.0,2017,20.0,4,18.2
101,11.0,137,12,20.1,8.4,20170412,3.2,0.0,2017-04-12,13.4,0.0,2017,19.3,4,0.0
102,11.2,137,13,35.5,7.1,20170413,2.7,0.0,2017-04-13,14.7,0.0,2017,22.7,4,0.0
103,6.5,137,14,42.1,8.0,20170414,2.2,0.0,2017-04-14,15.8,0.0,2017,22.2,4,0.0
104,11.1,137,15,42.8,11.4,20170415,2.1,0.0,2017-04-15,19.4,0.0,2017,26.9,4,0.0
105,9.4,137,16,39.1,9.6,20170416,1.1,0.0,2017-04-16,19.2,0.0,2017,29.4,4,0.0
106,0.2,137,17,77.3,11.2,20170417,1.1,0.0,2017-04-17,12.5,0.0,2017,14.9,4,20.2
107,6.0,137,18,62.6,9.3,20170418,2.3,0.0,2017-04-18,14.9,0.0,2017,23.0,4,1.0
108,11.6,137,19,36.4,9.1,20170419,3.4,0.0,2017-04-19,14.6,0.0,2017,20.8,4,0.0
109,0.3,137,20,55.3,9.4,20170420,1.3,0.0,2017-04-20,12.3,0.0,2017,17.4,4,0.4
110,8.8,137,21,51.0,6.0,20170421,1.6,0.0,2017-04-21,14.3,0.0,2017,22.0,4,0.0
111,9.9,137,22,57.9,8.5,20170422,1.1,0.0,2017-04-22,14.0,0.0,2017,21.3,4,0.0
112,12.3,137,23,47.1,5.5,20170423,1.4,0.0,2017-04-23,15.8,0.0,2017,25.0,4,0.0
113,11.9,137,24,41.4,6.7,20170424,1.5,0.0,2017-04-24,16.5,0.0,2017,25.5,4,0.0
114,5.5,137,25,51.0,9.7,20170425,1.7,0.0,2017-04-25,17.6,0.0,2017,24.5,4,0.0
115,9.0,137,26,41.5,12.1,20170426,2.2,0.0,2017-04-26,16.7,0.0,2017,22.4,4,0.6
116,11.3,137,27,29.9,7.9,20170427,2.6,0.0,2017-04-27,14.2,0.0,2017,20.1,4,0.0
117,12.0,137,28,31.6,6.3,20170428,2.9,0.0,2017-04-28,16.8,0.0,2017,24.8,4,0.0
118,12.3,137,29,33.1,11.0,20170429,2.5,0.0,2017-04-29,19.0,0.0,2017,26.6,4,0.0
119,11.7,137,30,36.5,11.1,20170430,2.0,0.0,2017-04-30,22.1,0.0,2017,30.8,4,0.0
120,11.9,137,1,37.5,13.9,20170501,1.7,0.0,2017-05-01,19.8,0.0,2017,27.7,5,0.0
121,12.0,137,2,43.4,7.8,20170502,1.0,0.0,2017-05-02,17.2,0.0,2017,26.8,5,0.0
122,12.5,137,3,45.0,8.7,20170503,0.9,0.0,2017-05-03,19.0,0.0,2017,29.6,5,0.0
123,9.0,137,4,43.9,10.3,20170504,1.2,0.0,2017-05-04,20.4,0.0,2017,29.5,5,0.0
124,7.0,137,5,52.4,17.8,20170505,2.1,0.0,2017-05-05,22.2,0.0,2017,29.4,5,0.0
125,11.8,137,6,30.5,12.9,20170506,2.9,0.0,2017-05-06,18.1,0.0,2017,24.4,5,0.0
126,12.0,137,7,31.4,12.2,20170507,3.1,0.0,2017-05-07,19.1,0.0,2017,26.8,5,0.0
127,5.9,137,8,38.8,10.9,20170508,1.6,0.0,2017-05-08,19.2,0.0,2017,24.9,5,0.0
128,0.0,137,9,75.6,13.5,20170509,1.2,0.0,2017-05-09,15.3,0.0,2017,17.9,5,9.9
129,1.4,137,10,81.5,13.4,20170510,1.4,0.0,2017-05-10,15.7,0.0,2017,19.9,5,1.9
130,5.9,137,11,70.5,11.8,20170511,1.1,0.0,2017-05-11,18.5,0.0,2017,26.8,5,0.1
131,0.0,137,12,80.0,14.2,20170512,0.7,0.0,2017-05-12,17.4,0.0,2017,22.8,5,0.1
132,8.3,137,13,63.6,13.5,20170513,1.8,0.0,2017-05-13,19.4,0.0,2017,27.7,5,0.5
133,12.6,137,14,37.5,13.2,20170514,3.3,0.0,2017-05-14,17.7,0.0,2017,23.9,5,0.0
134,11.0,137,15,44.8,11.5,20170515,2.8,0.0,2017-05-15,17.5,0.0,2017,24.3,5,0.0
135,5.7,137,16,55.5,12.4,20170516,1.7,0.0,2017-05-16,17.5,0.0,2017,23.7,5,0.0
136,9.9,137,17,54.9,12.4,20170517,1.3,0.0,2017-05-17,19.6,0.0,2017,27.7,5,0.0
137,12.5,137,18,51.4,11.8,20170518,1.4,0.0,2017-05-18,21.3,0.0,2017,29.1,5,0.0
138,12.7,137,19,33.3,16.3,20170519,2.6,0.0,2017-05-19,23.6,0.0,2017,30.8,5,0.0
139,11.7,137,20,29.3,17.2,20170520,2.5,0.0,2017-05-20,23.3,0.0,2017,30.9,5,0.0
140,10.9,137,21,34.8,16.7,20170521,2.0,0.0,2017-05-21,23.5,0.0,2017,29.5,5,0.0
141,12.7,137,22,44.1,14.9,20170522,1.4,0.0,2017-05-22,23.5,0.0,2017,31.4,5,0.0
142,5.7,137,23,55.5,14.4,20170523,1.2,0.0,2017-05-23,21.3,0.0,2017,28.5,5,0.0
143,4.1,137,24,70.6,16.4,20170524,0.9,0.0,2017-05-24,20.8,0.0,2017,27.1,5,7.2
144,12.7,137,25,46.3,14.2,20170525,2.7,0.0,2017-05-25,21.6,0.0,2017,29.5,5,0.0
145,11.8,137,26,40.5,12.5,20170526,2.6,0.0,2017-05-26,17.4,0.0,2017,23.6,5,0.0
146,12.5,137,27,45.6,10.5,20170527,1.8,0.0,2017-05-27,19.4,0.0,2017,28.2,5,0.0
147,12.0,137,28,50.8,11.1,20170528,1.7,0.0,2017-05-28,21.8,0.0,2017,31.5,5,0.0
148,12.3,137,29,37.9,20.2,20170529,2.7,0.0,2017-05-29,26.6,0.0,2017,34.0,5,0.0
149,8.6,137,30,40.8,17.9,20170530,1.5,0.0,2017-05-30,24.6,0.0,2017,30.8,5,0.0
150,5.3,137,31,49.5,16.2,20170531,1.3,0.0,2017-05-31,23.4,0.0,2017,31.7,5,0.5
151,7.6,137,1,59.5,17.3,20170601,1.9,0.0,2017-06-01,22.8,0.0,2017,30.3,6,10.0
152,12.9,137,2,41.0,12.5,20170602,1.6,0.0,2017-06-02,20.8,0.0,2017,28.5,6,0.0
153,10.3,137,3,39.3,15.7,20170603,1.9,0.0,2017-06-03,20.8,0.0,2017,26.6,6,0.1
154,12.7,137,4,37.0,12.5,20170604,1.6,0.0,2017-06-04,21.6,0.0,2017,28.9,6,0.0
155,12.4,137,5,42.0,12.0,20170605,1.2,0.0,2017-06-05,21.1,0.0,2017,30.0,6,0.0
156,0.0,137,6,69.9,15.1,20170606,1.1,0.0,2017-06-06,17.1,0.0,2017,21.4,6,13.2
157,0.0,137,7,86.3,16.5,20170607,1.5,0.0,2017-06-07,18.3,0.0,2017,20.9,6,0.6
158,9.9,137,8,59.0,16.1,20170608,2.5,0.0,2017-06-08,21.3,0.0,2017,27.5,6,0.0
159,10.5,137,9,40.0,17.1,20170609,2.7,0.0,2017-06-09,23.6,0.0,2017,31.2,6,0.0
160,5.9,137,10,49.0,17.7,20170610,2.2,0.0,2017-06-10,23.1,0.0,2017,28.4,6,0.0
161,12.7,137,11,40.1,11.7,20170611,1.1,0.0,2017-06-11,20.8,0.0,2017,30.1,6,0.0
162,9.4,137,12,51.4,13.5,20170612,1.2,0.0,2017-06-12,20.0,0.0,2017,27.1,6,0.0
163,8.2,137,13,62.5,15.0,20170613,1.2,0.0,2017-06-13,19.6,0.0,2017,26.3,6,1.0
164,12.1,137,14,56.1,13.6,20170614,1.6,0.0,2017-06-14,21.9,0.0,2017,29.7,6,0.0
165,13.0,137,15,44.3,18.4,20170615,2.7,0.0,2017-06-15,24.6,0.0,2017,31.7,6,0.0
166,12.1,137,16,52.8,16.7,20170616,1.2,0.0,2017-06-16,23.8,0.0,2017,31.7,6,0.0
167,12.7,137,17,48.9,15.4,20170617,1.1,0.0,2017-06-17,24.7,0.0,2017,33.1,6,0.0
168,13.1,137,18,34.0,18.8,20170618,1.7,0.0,2017-06-18,27.5,0.0,2017,36.2,6,0.0
169,11.6,137,19,36.5,19.3,20170619,1.7,0.0,2017-06-19,27.9,0.0,2017,35.9,6,0.0
170,3.1,137,20,42.5,21.0,20170620,1.3,0.0,2017-06-20,25.8,0.0,2017,31.4,6,0.0
171,9.1,137,21,50.0,19.1,20170621,1.6,0.0,2017-06-21,26.0,0.0,2017,33.6,6,0.0
172,12.6,137,22,47.9,20.1,20170622,1.5,0.0,2017-06-22,26.6,0.0,2017,35.0,6,0.0
173,10.9,137,23,43.4,19.6,20170623,1.1,0.0,2017-06-23,28.1,0.0,2017,36.6,6,0.0
174,3.1,137,24,58.6,20.6,20170624,0.9,0.0,2017-06-24,25.6,0.0,2017,32.7,6,2.0
175,5.6,137,25,79.0,19.3,20170625,0.9,0.0,2017-06-25,22.8,0.0,2017,31.9,6,35.3
176,1.2,137,26,82.0,19.5,20170626,1.0,0.0,2017-06-26,22.5,0.0,2017,27.7,6,1.2
177,3.0,137,27,75.0,20.2,20170627,0.8,0.0,2017-06-27,23.6,0.0,2017,29.6,6,0.0
178,9.0,137,28,62.8,21.1,20170628,1.3,0.0,2017-06-28,26.3,0.0,2017,32.9,6,0.0
179,8.7,137,29,62.3,21.9,20170629,1.3,0.0,2017-06-29,26.1,0.0,2017,32.8,6,0.0
180,7.6,137,30,60.4,20.4,20170630,1.3,0.0,2017-06-30,27.4,0.0,2017,34.1,6,0.0
181,0.1,137,1,86.9,21.9,20170701,0.8,0.0,2017-07-01,24.5,0.0,2017,27.1,7,8.2
182,0.8,137,2,90.0,23.4,20170702,0.6,0.0,2017-07-02,25.5,0.0,2017,29.1,7,11.7
183,0.8,137,3,89.3,23.6,20170703,1.5,0.0,2017-07-03,25.2,0.0,2017,29.9,7,133.6
184,5.0,137,4,82.3,23.1,20170704,1.2,0.0,2017-07-04,26.3,0.0,2017,31.9,7,25.3
185,10.6,137,5,70.8,22.6,20170705,0.8,0.0,2017-07-05,27.6,0.0,2017,34.0,7,0.0
186,6.6,137,6,74.8,22.1,20170706,1.0,0.0,2017-07-06,26.9,0.0,2017,33.7,7,0.0
187,0.0,137,7,85.4,22.7,20170707,0.6,0.0,2017-07-07,26.1,0.0,2017,29.0,7,0.3
188,1.2,137,8,89.6,22.6,20170708,0.6,0.0,2017-07-08,25.3,0.0,2017,29.8,7,25.3
189,6.9,137,9,80.8,23.0,20170709,1.0,0.0,2017-07-09,27.4,0.0,2017,34.5,7,3.0
190,0.0,137,10,87.6,24.1,20170710,0.8,0.0,2017-07-10,26.7,0.0,2017,30.4,7,1.5
191,8.5,137,11,69.4,25.1,20170711,1.9,0.0,2017-07-11,28.3,0.0,2017,33.2,7,0.3
192,10.1,137,12,68.8,25.0,20170712,1.6,0.0,2017-07-12,28.4,0.0,2017,33.7,7,0.0
193,12.6,137,13,67.0,23.5,20170713,1.8,0.0,2017-07-13,28.1,0.0,2017,33.4,7,0.0
194,8.1,137,14,77.8,23.1,20170714,1.3,0.0,2017-07-14,26.6,0.0,2017,34.5,7,2.0
195,0.8,137,15,87.5,22.8,20170715,0.9,0.0,2017-07-15,25.0,0.0,2017,28.0,7,17.5
196,0.8,137,16,89.1,22.9,20170716,0.7,0.0,2017-07-16,25.1,0.0,2017,28.7,7,19.0
197,1.9,137,17,84.9,22.2,20170717,1.3,0.0,2017-07-17,25.5,0.0,2017,31.6,7,22.5
198,5.3,137,18,78.3,22.2,20170718,1.4,0.0,2017-07-18,26.8,0.0,2017,31.8,7,0.0
199,8.6,137,19,73.1,24.0,20170719,1.2,0.0,2017-07-19,28.4,0.0,2017,33.4,7,0.0
200,9.9,137,20,74.3,23.7,20170720,1.1,0.0,2017-07-20,28.9,0.0,2017,34.3,7,0.0
201,9.0,137,21,72.5,25.4,20170721,1.1,0.0,2017-07-21,30.1,0.0,2017,35.3,7,0.0
202,2.3,137,22,76.6,26.8,20170722,0.9,0.0,2017-07-22,29.6,0.0,2017,33.9,7,0.0
203,0.0,137,23,90.3,25.7,20170723,0.8,0.0,2017-07-23,26.8,0.0,2017,28.5,7,2.0
204,1.1,137,24,87.1,24.5,20170724,1.2,0.0,2017-07-24,27.5,0.0,2017,33.0,7,25.0
205,1.2,137,25,87.5,22.7,20170725,0.8,0.0,2017-07-25,25.7,0.0,2017,29.2,7,40.1
206,9.1,137,26,70.4,21.4,20170726,1.0,0.0,2017-07-26,25.7,0.0,2017,31.3,7,0.0
207,11.8,137,27,67.3,17.9,20170727,0.7,0.0,2017-07-27,24.8,0.0,2017,32.5,7,0.0
208,2.3,137,28,81.3,22.4,20170728,0.8,0.0,2017-07-28,26.1,0.0,2017,32.2,7,16.0
209,0.0,137,29,92.1,22.8,20170729,1.0,0.0,2017-07-29,23.6,0.0,2017,25.0,7,18.5
210,3.2,137,30,87.5,21.8,20170730,0.6,0.0,2017-07-30,24.9,0.0,2017,29.9,7,2.3
211,0.0,137,31,93.6,22.3,20170731,0.7,0.0,2017-07-31,23.7,0.0,2017,25.5,7,30.7
212,7.1,137,1,84.8,22.1,20170801,0.6,0.0,2017-08-01,26.1,0.0,2017,32.4,8,2.7
213,5.0,137,2,83.1,24.6,20170802,0.8,0.0,2017-08-02,27.2,0.0,2017,32.3,8,0.0
214,10.7,137,3,72.5,22.0,20170803,1.1,0.0,2017-08-03,27.0,0.0,2017,32.4,8,0.0
215,11.5,137,4,75.3,22.7,20170804,0.9,0.0,2017-08-04,28.2,0.0,2017,34.1,8,0.0
216,12.3,137,5,71.8,24.5,20170805,0.9,0.0,2017-08-05,29.8,0.0,2017,35.4,8,0.0
217,11.7,137,6,73.5,24.6,20170806,1.0,0.0,2017-08-06,29.6,0.0,2017,35.7,8,6.1
218,11.6,137,7,72.6,23.9,20170807,1.9,0.0,2017-08-07,28.6,0.0,2017,33.6,8,0.5
219,6.7,137,8,71.0,23.1,20170808,1.0,0.0,2017-08-08,27.6,0.0,2017,33.0,8,0.0
220,0.0,137,9,91.9,22.4,20170809,0.9,0.0,2017-08-09,24.0,0.0,2017,26.0,8,11.9
221,0.1,137,10,91.4,23.1,20170810,0.9,0.0,2017-08-10,24.5,0.0,2017,27.2,8,7.9
222,5.8,137,11,82.4,22.4,20170811,0.8,0.0,2017-08-11,25.3,0.0,2017,31.7,8,0.0
223,7.9,137,12,75.8,20.9,20170812,0.7,0.0,2017-08-12,25.7,0.0,2017,30.9,8,0.0
224,0.6,137,13,80.5,20.9,20170813,0.8,0.0,2017-08-13,23.8,0.0,2017,26.6,8,0.0
225,0.0,137,14,93.9,20.7,20170814,0.9,0.0,2017-08-14,21.7,0.0,2017,23.5,8,37.8
226,0.0,137,15,94.1,21.1,20170815,0.8,0.0,2017-08-15,22.1,0.0,2017,23.3,8,39.1
227,0.7,137,16,86.3,21.1,20170816,1.0,0.0,2017-08-16,24.0,0.0,2017,28.8,8,4.5
228,3.9,137,17,86.6,21.8,20170817,1.0,0.0,2017-08-17,23.9,0.0,2017,28.5,8,1.6
229,7.0,137,18,82.0,22.5,20170818,0.7,0.0,2017-08-18,25.6,0.0,2017,30.8,8,0.0
230,1.8,137,19,85.5,22.2,20170819,0.7,0.0,2017-08-19,24.9,0.0,2017,31.1,8,5.0
231,0.0,137,20,92.5,22.6,20170820,0.7,0.0,2017-08-20,24.2,0.0,2017,26.7,8,6.1
232,2.5,137,21,88.3,22.3,20170821,0.8,0.0,2017-08-21,25.6,0.0,2017,31.7,8,8.6
233,7.5,137,22,82.0,23.3,20170822,1.2,0.0,2017-08-22,27.2,0.0,2017,32.1,8,0.4
234,8.7,137,23,80.8,24.0,20170823,1.4,0.0,2017-08-23,28.3,0.0,2017,33.4,8,9.4
235,6.2,137,24,77.1,25.2,20170824,2.0,0.0,2017-08-24,28.3,0.0,2017,32.7,8,6.0
236,10.8,137,25,68.0,21.6,20170825,1.2,0.0,2017-08-25,26.2,0.0,2017,32.0,8,0.0
237,10.8,137,26,56.1,18.9,20170826,1.2,0.0,2017-08-26,23.7,0.0,2017,29.7,8,0.0
238,8.3,137,27,69.5,16.2,20170827,0.7,0.0,2017-08-27,22.3,0.0,2017,30.4,8,0.0
239,5.8,137,28,77.5,18.1,20170828,0.8,0.0,2017-08-28,23.9,0.0,2017,30.4,8,6.2
240,11.2,137,29,60.8,18.5,20170829,2.1,0.0,2017-08-29,22.7,0.0,2017,27.6,8,4.6
241,0.2,137,30,64.0,16.2,20170830,1.1,0.0,2017-08-30,18.7,0.0,2017,22.4,8,0.0
242,10.9,137,31,66.3,15.1,20170831,1.1,0.0,2017-08-31,21.1,0.0,2017,28.2,8,0.0
243,11.2,137,1,66.5,13.7,20170901,0.7,0.0,2017-09-01,20.6,0.0,2017,27.7,9,0.0
244,9.8,137,2,72.3,13.4,20170902,0.6,0.0,2017-09-02,19.6,0.0,2017,26.6,9,0.0
245,10.9,137,3,71.6,13.4,20170903,0.6,0.0,2017-09-03,20.1,0.0,2017,28.1,9,0.0
246,7.5,137,4,72.3,14.6,20170904,0.7,0.0,2017-09-04,20.6,0.0,2017,27.5,9,0.0
247,0.0,137,5,83.6,16.3,20170905,0.6,0.0,2017-09-05,19.7,0.0,2017,22.7,9,1.2
248,0.1,137,6,86.6,18.7,20170906,0.8,0.0,2017-09-06,21.1,0.0,2017,24.4,9,0.8
249,6.8,137,7,75.9,18.2,20170907,1.3,0.0,2017-09-07,21.6,0.0,2017,27.4,9,0.0
250,9.2,137,8,69.8,18.4,20170908,1.4,0.0,2017-09-08,23.2,0.0,2017,29.7,9,0.0
251,6.6,137,9,76.3,16.3,20170909,0.7,0.0,2017-09-09,21.6,0.0,2017,28.5,9,0.0
252,1.1,137,10,85.3,16.2,20170910,0.5,0.0,2017-09-10,21.3,0.0,2017,27.2,9,0.0
253,0.0,137,11,91.4,16.7,20170911,1.3,0.0,2017-09-11,19.8,0.0,2017,22.1,9,52.9
254,10.2,137,12,64.8,19.0,20170912,2.2,0.0,2017-09-12,23.2,0.0,2017,28.8,9,0.0
255,10.4,137,13,61.1,13.7,20170913,1.1,0.0,2017-09-13,20.2,0.0,2017,28.2,9,0.0
256,10.2,137,14,71.0,12.3,20170914,0.8,0.0,2017-09-14,19.7,0.0,2017,27.3,9,0.0
257,8.4,137,15,64.1,15.2,20170915,1.4,0.0,2017-09-15,19.9,0.0,2017,26.2,9,0.0
258,0.2,137,16,69.4,15.0,20170916,1.3,0.0,2017-09-16,19.5,0.0,2017,23.8,9,0.0
259,5.4,137,17,70.9,17.1,20170917,1.0,0.0,2017-09-17,21.2,0.0,2017,29.0,9,0.0
260,9.8,137,18,68.1,14.8,20170918,1.4,0.0,2017-09-18,21.0,0.0,2017,27.4,9,0.0
261,6.4,137,19,68.8,15.7,20170919,1.4,0.0,2017-09-19,22.7,0.0,2017,28.1,9,0.0
262,8.4,137,20,59.8,13.2,20170920,2.0,0.0,2017-09-20,19.5,0.0,2017,25.1,9,2.7
263,9.8,137,21,71.9,9.8,20170921,0.6,0.0,2017-09-21,17.0,0.0,2017,26.3,9,0.0
264,9.6,137,22,74.8,11.4,20170922,0.5,0.0,2017-09-22,18.3,0.0,2017,26.3,9,0.0
265,5.1,137,23,76.9,14.4,20170923,1.0,0.0,2017-09-23,20.1,0.0,2017,26.6,9,0.0
266,7.4,137,24,79.1,14.6,20170924,0.8,0.0,2017-09-24,20.7,0.0,2017,28.3,9,0.0
267,8.4,137,25,75.5,16.9,20170925,0.8,0.0,2017-09-25,21.8,0.0,2017,29.2,9,0.0
268,7.9,137,26,75.3,14.0,20170926,0.7,0.0,2017-09-26,20.7,0.0,2017,28.1,9,0.0
269,0.0,137,27,94.1,15.5,20170927,0.8,0.0,2017-09-27,17.8,0.0,2017,20.7,9,45.1
270,7.4,137,28,65.0,16.1,20170928,1.4,0.0,2017-09-28,19.7,0.0,2017,25.4,9,0.0
271,9.4,137,29,52.4,9.3,20170929,1.2,0.0,2017-09-29,15.3,0.0,2017,22.1,9,0.0
272,9.4,137,30,76.0,7.1,20170930,0.6,0.0,2017-09-30,15.2,0.0,2017,25.6,9,0.0
273,0.0,137,1,91.8,11.2,20171001,0.7,0.0,2017-10-01,14.3,0.0,2017,17.9,10,12.1
274,2.2,137,2,88.4,14.2,20171002,0.7,0.0,2017-10-02,19.2,0.0,2017,25.0,10,15.4
275,5.4,137,3,78.3,15.8,20171003,1.0,0.0,2017-10-03,19.3,0.0,2017,26.1,10,0.0
276,5.0,137,4,69.4,14.5,20171004,0.9,0.0,2017-10-04,17.5,0.0,2017,22.9,10,0.0
277,3.0,137,5,72.3,11.3,20171005,0.9,0.0,2017-10-05,16.0,0.0,2017,21.5,10,0.0
278,0.0,137,6,92.6,13.6,20171006,0.5,0.0,2017-10-06,15.3,0.0,2017,17.4,10,8.9
279,3.5,137,7,85.8,15.2,20171007,0.6,0.0,2017-10-07,19.4,0.0,2017,25.6,10,0.0
280,6.9,137,8,82.8,16.0,20171008,0.6,0.0,2017-10-08,19.8,0.0,2017,27.1,10,0.0
281,9.1,137,9,78.1,15.4,20171009,0.8,0.0,2017-10-09,20.7,0.0,2017,27.7,10,0.0
282,7.0,137,10,77.8,16.5,20171010,0.9,0.0,2017-10-10,21.7,0.0,2017,27.2,10,0.0
283,0.0,137,11,82.4,14.3,20171011,1.5,0.0,2017-10-11,18.2,0.0,2017,21.9,10,1.7
284,0.0,137,12,88.4,12.1,20171012,1.0,0.0,2017-10-12,13.2,0.0,2017,14.3,10,16.5
285,8.6,137,13,60.8,7.8,20171013,1.7,0.0,2017-10-13,13.3,0.0,2017,20.1,10,0.0
286,8.0,137,14,55.9,8.9,20171014,1.0,0.0,2017-10-14,14.3,0.0,2017,21.7,10,0.0
287,3.1,137,15,68.1,9.5,20171015,1.0,0.0,2017-10-15,14.2,0.0,2017,19.6,10,0.0
288,1.1,137,16,75.3,12.0,20171016,0.5,0.0,2017-10-16,14.8,0.0,2017,20.3,10,0.0
289,7.4,137,17,75.8,8.9,20171017,0.7,0.0,2017-10-17,14.5,0.0,2017,21.7,10,0.0
290,0.5,137,18,72.9,12.5,20171018,1.0,0.0,2017-10-18,14.6,0.0,2017,18.6,10,0.0
291,4.7,137,19,78.5,8.7,20171019,0.7,0.0,2017-10-19,14.2,0.0,2017,20.5,10,0.0
292,8.2,137,20,76.6,9.9,20171020,0.6,0.0,2017-10-20,14.7,0.0,2017,22.8,10,0.0
293,7.1,137,21,77.4,8.4,20171021,0.7,0.0,2017-10-21,13.7,0.0,2017,22.0,10,0.0
294,7.2,137,22,63.5,6.3,20171022,1.6,0.0,2017-10-22,14.3,0.0,2017,22.3,10,0.0
295,8.4,137,23,61.0,7.3,20171023,0.9,0.0,2017-10-23,12.3,0.0,2017,18.5,10,0.0
296,4.7,137,24,72.4,7.3,20171024,0.5,0.0,2017-10-24,11.0,0.0,2017,18.0,10,0.0
297,7.5,137,25,75.0,4.1,20171025,0.8,0.0,2017-10-25,11.1,0.0,2017,20.5,10,0.0
298,4.2,137,26,76.3,5.9,20171026,0.5,0.0,2017-10-26,11.4,0.0,2017,18.7,10,0.0
299,2.3,137,27,78.1,8.5,20171027,0.5,0.0,2017-10-27,12.8,0.0,2017,18.7,10,0.0
300,5.6,137,28,74.6,8.1,20171028,0.6,0.0,2017-10-28,14.9,0.0,2017,22.2,10,0.0
301,7.1,137,29,58.8,7.0,20171029,2.4,0.0,2017-10-29,12.5,0.0,2017,19.0,10,0.0
302,8.8,137,30,32.4,3.9,20171030,2.5,0.0,2017-10-30,8.3,0.0,2017,14.2,10,0.0
303,8.9,137,31,50.4,0.1,20171031,1.5,0.0,2017-10-31,9.0,0.0,2017,17.5,10,0.0
304,8.2,137,1,58.3,6.3,20171101,2.0,0.0,2017-11-01,13.7,0.0,2017,19.5,11,0.0
305,7.7,137,2,67.9,10.4,20171102,1.2,0.0,2017-11-02,14.3,0.0,2017,21.2,11,0.0
306,5.4,137,3,62.9,8.3,20171103,1.9,0.0,2017-11-03,13.0,0.0,2017,17.6,11,0.0
307,8.2,137,4,49.5,4.9,20171104,1.8,0.0,2017-11-04,8.7,0.0,2017,14.7,11,0.0
308,8.8,137,5,58.6,2.5,20171105,1.5,0.0,2017-11-05,8.5,0.0,2017,15.9,11,0.0
309,8.6,137,6,60.4,0.3,20171106,1.0,0.0,2017-11-06,9.5,0.0,2017,18.5,11,0.0
310,7.6,137,7,63.9,5.6,20171107,1.0,0.0,2017-11-07,13.9,0.0,2017,21.7,11,0.0
311,7.7,137,8,51.0,7.8,20171108,2.0,0.0,2017-11-08,14.8,0.0,2017,20.2,11,0.0
312,8.7,137,9,49.5,3.1,20171109,0.9,0.0,2017-11-09,8.9,0.0,2017,17.0,11,0.0
313,5.1,137,10,61.0,0.8,20171110,1.8,0.0,2017-11-10,9.5,0.0,2017,19.4,11,0.5
314,8.5,137,11,40.6,1.2,20171111,2.1,0.0,2017-11-11,6.5,0.0,2017,12.2,11,0.0
315,8.1,137,12,57.1,-2.3,20171112,0.9,0.0,2017-11-12,5.1,0.0,2017,14.0,11,0.0
316,1.9,137,13,61.3,-1.0,20171113,0.7,0.0,2017-11-13,6.4,0.0,2017,13.2,11,0.0
317,8.6,137,14,39.3,5.5,20171114,2.6,0.0,2017-11-14,10.2,0.0,2017,14.0,11,0.0
318,6.3,137,15,43.6,3.0,20171115,2.7,0.0,2017-11-15,5.7,0.0,2017,10.4,11,0.0
319,8.7,137,16,43.4,-1.4,20171116,1.7,0.0,2017-11-16,3.2,0.0,2017,9.4,11,0.0
320,3.6,137,17,53.3,-4.6,20171117,0.8,0.0,2017-11-17,3.2,0.0,2017,8.0,11,0.0
321,8.7,137,18,38.1,-2.5,20171118,2.9,0.0,2017-11-18,1.6,0.0,2017,7.9,11,0.1
322,8.4,137,19,32.5,-4.4,20171119,2.4,0.0,2017-11-19,0.3,0.0,2017,5.5,11,0.0
323,8.2,137,20,44.0,-0.9,20171120,2.2,0.0,2017-11-20,4.3,0.0,2017,8.5,11,0.0
324,8.5,137,21,49.0,-2.6,20171121,1.3,0.0,2017-11-21,3.3,0.0,2017,10.5,11,0.0
325,1.0,137,22,59.3,-1.3,20171122,1.4,0.0,2017-11-22,2.7,0.0,2017,7.5,11,0.5
326,6.7,137,23,47.1,-1.6,20171123,2.6,0.0,2017-11-23,2.1,0.0,2017,5.2,11,0.0
327,4.0,137,24,79.3,-1.8,20171124,1.9,0.0,2017-11-24,0.7,0.0,2017,5.3,11,2.1
328,7.4,137,25,73.1,-5.4,20171125,0.8,0.0,2017-11-25,0.5,0.0,2017,7.7,11,0.0
329,4.2,137,26,79.4,-1.0,20171126,0.8,0.0,2017-11-26,3.7,0.0,2017,11.0,11,0.9
330,8.2,137,27,74.5,-4.0,20171127,0.5,0.0,2017-11-27,2.4,0.0,2017,10.9,11,0.0
331,4.9,137,28,73.4,-1.9,20171128,1.0,0.0,2017-11-28,5.5,0.0,2017,13.3,11,0.0
332,4.7,137,29,46.0,3.6,20171129,2.7,0.0,2017-11-29,7.9,0.0,2017,12.1,11,0.0
333,7.4,137,30,26.6,-2.7,20171130,3.0,0.0,2017-11-30,1.3,0.0,2017,6.8,11,0.0
334,8.3,137,1,28.3,-5.1,20171201,2.2,0.0,2017-12-01,-0.5,0.0,2017,4.6,12,0.0
335,6.7,137,2,48.4,-6.2,20171202,1.1,0.0,2017-12-02,0.6,0.0,2017,8.2,12,0.0
336,3.6,137,3,69.0,-4.9,20171203,0.7,0.0,2017-12-03,1.2,0.0,2017,7.7,12,0.0
337,7.4,137,4,53.6,-2.5,20171204,2.9,0.0,2017-12-04,1.5,0.0,2017,6.1,12,0.3
338,8.2,137,5,36.3,-5.8,20171205,3.1,0.0,2017-12-05,-2.6,0.0,2017,1.7,12,0.0
339,3.7,137,6,76.0,-6.5,20171206,0.7,0.0,2017-12-06,-1.9,0.0,2017,4.3,12,1.4
340,3.4,137,7,70.8,-2.2,20171207,1.3,0.0,2017-12-07,1.3,0.0,2017,6.4,12,1.9
341,8.3,137,8,37.5,-4.6,20171208,2.9,0.0,2017-12-08,-1.8,0.0,2017,1.5,12,0.0
342,4.5,137,9,58.1,-2.6,20171209,1.4,0.0,2017-12-09,0.7,0.0,2017,6.5,12,0.0
343,3.6,137,10,65.0,-2.5,20171210,2.0,0.0,2017-12-10,2.3,0.0,2017,7.8,12,0.6
344,7.2,137,11,39.6,-7.2,20171211,4.7,0.0,2017-12-11,-3.7,0.0,2017,0.7,12,0.0
345,8.3,137,12,34.6,-10.4,20171212,2.9,0.0,2017-12-12,-6.6,0.0,2017,-1.9,12,0.0
346,8.3,137,13,30.1,-8.9,20171213,3.3,0.0,2017-12-13,-5.0,0.0,2017,0.0,12,0.0
347,6.3,137,14,40.4,-11.2,20171214,1.0,0.0,2017-12-14,-4.8,0.0,2017,1.1,12,0.0
348,5.3,137,15,45.4,-9.2,20171215,1.7,0.0,2017-12-15,-1.1,0.0,2017,5.5,12,0.0
349,8.0,137,16,37.3,-5.4,20171216,3.7,0.0,2017-12-16,-1.8,0.0,2017,2.3,12,0.0
350,8.4,137,17,38.1,-8.3,20171217,3.1,0.0,2017-12-17,-4.5,0.0,2017,0.2,12,0.0
351,6.2,137,18,56.1,-9.0,20171218,1.6,0.0,2017-12-18,-0.4,0.0,2017,6.1,12,0.0
352,8.1,137,19,38.0,-6.2,20171219,3.1,0.0,2017-12-19,-1.5,0.0,2017,4.4,12,0.2
353,7.2,137,20,51.9,-7.9,20171220,1.7,0.0,2017-12-20,-0.9,0.0,2017,5.5,12,0.0
354,8.3,137,21,52.3,-3.6,20171221,2.5,0.0,2017-12-21,0.9,0.0,2017,5.1,12,0.0
355,4.6,137,22,56.8,-4.3,20171222,1.5,0.0,2017-12-22,1.8,0.0,2017,8.4,12,0.0
356,5.9,137,23,67.4,-1.6,20171223,0.8,0.0,2017-12-23,3.2,0.0,2017,11.1,12,0.0
357,0.0,137,24,77.9,-0.1,20171224,2.1,0.0,2017-12-24,1.9,0.0,2017,5.6,12,15.7
358,8.4,137,25,41.5,-2.2,20171225,3.4,0.0,2017-12-25,-0.2,0.0,2017,3.1,12,0.0
359,7.8,137,26,46.0,-4.8,20171226,4.8,0.0,2017-12-26,-0.6,0.0,2017,3.4,12,0.0
360,8.4,137,27,27.1,-7.8,20171227,3.7,0.0,2017-12-27,-4.5,0.0,2017,0.1,12,0.0
361,6.1,137,28,39.3,-5.4,20171228,2.6,0.0,2017-12-28,-0.6,0.0,2017,4.5,12,0.0
362,1.7,137,29,61.3,0.3,20171229,2.8,0.0,2017-12-29,3.6,0.0,2017,7.6,12,0.0
363,2.5,137,30,75.8,-3.3,20171230,0.8,0.0,2017-12-30,1.1,0.0,2017,5.7,12,0.0
364,8.1,137,31,46.6,-1.6,20171231,3.2,0.0,2017-12-31,2.0,0.0,2017,5.6,12,0.3
