,snow,month,sunshine,date,station_id,year,cloud,wind,tmax,rainfall,day,tavg,humid,Date,tmin
0,0.0,1,8.6,20150101,137,2015,0.0,4.3,-2.3,0.0,1,-5.5,40.6,2015-01-01,-7.7
1,0.0,1,8.5,20150102,137,2015,0.0,3.2,-0.1,0.0,2,-3.9,47.8,2015-01-02,-6.4
2,0.0,1,8.6,20150103,137,2015,0.0,2.7,2.9,0.0,3,-1.5,50.1,2015-01-03,-6.4
3,0.0,1,6.0,20150104,137,2015,0.0,1.1,9.9,0.0,4,2.1,67.3,2015-01-04,-2.7
4,0.0,1,2.7,20150105,137,2015,0.0,0.6,6.7,1.5,5,1.4,78.0,2015-01-05,-3.6
5,0.0,1,8.4,20150106,137,2015,0.0,3.5,4.6,7.6,6,0.9,54.1,2015-01-06,-4.4
6,0.0,1,8.4,20150107,137,2015,0.0,3.4,1.2,0.0,7,-3.5,33.9,2015-01-07,-6.7
7,0.0,1,8.5,20150108,137,2015,0.0,3.3,2.7,0.0,8,-2.0,43.9,2015-01-08,-6.3
8,0.0,1,8.3,20150109,137,2015,0.0,3.2,5.1,0.0,9,0.8,57.5,2015-01-09,-2.4
9,0.0,1,8.3,20150110,137,2015,0.0,2.7,6.3,0.0,10,2.1,49.5,2015-01-10,-1.3
10,0.0,1,7.9,20150111,137,2015,0.0,3.7,4.9,0.7,11,1.8,49.5,2015-01-11,-1.2
11,0.0,1,8.5,20150112,137,2015,0.0,1.0,5.2,0.0,12,-1.5,47.3,2015-01-12,-6.0
12,0.0,1,8.3,20150113,137,2015,0.0,0.5,7.5,0.0,13,-1.3,60.6,2015-01-13,-8.7
13,0.0,1,0.0,20150114,137,2015,0.0,0.7,4.1,0.0,14,1.0,63.6,2015-01-14,-1.3
14,0.0,1,4.1,20150115,137,2015,0.0,1.3,10.3,0.0,15,3.5,58.0,2015-01-15,-1.9
15,0.0,1,0.2,20150116,137,2015,0.0,2.6,3.7,0.2,16,1.7,69.8,2015-01-16,-2.0
16,0.0,1,8.5,20150117,137,2015,0.0,4.4,2.7,0.0,17,-1.2,41.1,2015-01-17,-3.9
17,0.0,1,8.3,20150118,137,2015,0.0,2.0,5.5,1.3,18,0.4,52.0,2015-01-18,-5.0
18,0.0,1,5.5,20150119,137,2015,0.0,3.3,5.6,1.4,19,2.6,61.5,2015-01-19,-1.0
19,0.0,1,8.6,20150120,137,2015,0.0,1.2,5.9,0.0,20,0.4,59.5,2015-01-20,-4.8
20,0.0,1,0.4,20150121,137,2015,0.0,0.5,5.8,2.3,21,1.9,72.0,2015-01-21,-2.3
21,0.0,1,0.0,20150122,137,2015,9.0,0.9,5.1,3.8,22,2.7,85.5,2015-01-22,1.1
22,0.0,1,2.2,20150123,137,2015,6.8,0.8,5.4,0.0,23,0.5,80.1,2015-01-23,-2.4
23,0.0,1,7.9,20150124,137,2015,0.0,1.9,8.0,0.0,24,3.1,60.8,2015-01-24,-2.2
24,0.0,1,1.2,20150125,137,2015,0.0,0.7,4.7,4.5,25,1.1,78.9,2015-01-25,-2.6
25,0.0,1,0.3,20150126,137,2015,8.0,1.7,9.9,1.5,26,5.0,82.4,2015-01-26,2.4
26,0.0,1,8.3,20150127,137,2015,0.3,3.4,3.8,0.0,27,0.6,51.3,2015-01-27,-4.3
27,0.0,1,7.8,20150128,137,2015,2.5,1.9,3.7,0.0,28,-2.5,54.6,2015-01-28,-6.6
28,0.0,1,0.0,20150129,137,2015,10.0,0.6,1.8,1.0,29,-1.2,83.1,2015-01-29,-4.6
29,0.0,1,8.8,20150130,137,2015,1.3,3.5,3.6,0.3,30,0.0,51.9,2015-01-30,-3.2
30,0.0,1,8.8,20150131,137,2015,0.0,2.8,2.6,0.0,31,-2.6,39.4,2015-01-31,-6.6
31,0.0,2,8.8,20150201,137,2015,0.0,2.0,6.2,0.0,1,-0.7,40.5,2015-02-01,-6.3
32,0.0,2,7.1,20150202,137,2015,3.3,0.8,6.8,0.0,2,-1.3,53.8,2015-02-02,-6.9
33,0.0,2,8.1,20150203,137,2015,4.5,1.0,8.4,0.0,3,0.4,55.3,2015-02-03,-6.7
34,0.0,2,8.1,20150204,137,2015,2.8,2.4,6.6,0.0,4,1.6,52.8,2015-02-04,-1.9
35,0.0,2,7.6,20150205,137,2015,3.3,3.1,6.3,0.0,5,1.8,52.0,2015-02-05,-0.7
36,0.0,2,9.0,20150206,137,2015,0.3,2.3,7.5,0.0,6,2.5,47.8,2015-02-06,-1.2
37,0.0,2,6.0,20150207,137,2015,0.0,2.5,6.4,0.0,7,2.6,56.9,2015-02-07,-1.0
38,0.0,2,9.3,20150208,137,2015,0.0,4.7,3.1,0.0,8,-5.6,37.9,2015-02-08,-8.8
39,0.0,2,7.7,20150209,137,2015,2.3,4.1,1.1,0.0,9,-4.4,38.4,2015-02-09,-11.1
40,0.0,2,8.4,20150210,137,2015,4.0,3.3,8.7,0.0,10,4.0,48.1,2015-02-10,-0.8
41,0.0,2,6.4,20150211,137,2015,6.0,2.4,9.9,0.0,11,5.7,53.9,2015-02-11,1.1
42,0.0,2,9.3,20150212,137,2015,0.0,2.4,5.1,0.0,12,0.5,32.3,2015-02-12,-2.8
43,0.0,2,9.3,20150213,137,2015,0.0,3.1,5.1,0.0,13,-0.1,29.0,2015-02-13,-4.8
44,0.0,2,7.6,20150214,137,2015,0.0,2.0,9.4,0.0,14,3.2,55.6,2015-02-14,-2.6
45,0.0,2,2.9,20150215,137,2015,0.0,1.0,9.5,0.9,15,4.4,68.1,2015-02-15,-1.9
46,0.0,2,0.0,20150216,137,2015,10.0,1.3,5.4,28.7,16,3.4,90.1,2015-02-16,2.1
47,0.0,2,5.5,20150217,137,2015,6.8,2.6,6.5,0.2,17,3.3,68.0,2015-02-17,2.1
48,0.0,2,3.0,20150218,137,2015,0.0,2.7,5.1,0.0,18,2.3,65.0,2015-02-18,0.7
49,0.0,2,8.6,20150219,137,2015,0.0,1.1,9.2,0.0,19,2.6,61.3,2015-02-19,-1.7
50,0.0,2,8.4,20150220,137,2015,0.0,1.0,10.8,0.0,20,3.4,63.4,2015-02-20,-4.6
51,0.0,2,0.0,20150221,137,2015,0.0,1.2,6.0,8.4,21,4.9,78.8,2015-02-21,3.8
52,0.0,2,5.2,20150222,137,2015,3.5,2.6,12.2,0.4,22,6.3,68.5,2015-02-22,1.2
53,0.0,2,7.2,20150223,137,2015,4.2,3.0,8.2,0.0,23,3.2,52.3,2015-02-23,0.4
54,0.0,2,8.8,20150224,137,2015,1.3,2.1,9.5,0.0,24,3.2,53.4,2015-02-24,-0.9
55,0.0,2,4.9,20150225,137,2015,6.0,0.9,11.0,0.0,25,4.3,58.0,2015-02-25,-1.6
56,0.0,2,7.5,20150226,137,2015,4.0,4.5,7.8,0.2,26,3.5,45.9,2015-02-26,-1.2
57,0.0,2,9.6,20150227,137,2015,2.8,2.5,4.7,0.0,27,-0.3,34.3,2015-02-27,-3.5
58,0.0,2,1.4,20150228,137,2015,0.0,0.8,5.7,0.1,28,0.3,61.4,2015-02-28,-5.7
59,0.0,3,7.2,20150301,137,2015,0.0,2.8,7.8,0.9,1,3.0,61.8,2015-03-01,0.5
60,0.0,3,10.1,20150302,137,2015,0.0,1.8,11.7,0.0,2,4.5,39.1,2015-03-02,-2.6
61,0.0,3,2.2,20150303,137,2015,9.5,1.6,9.0,0.2,3,4.1,54.5,2015-03-03,0.7
62,0.0,3,10.3,20150304,137,2015,0.0,5.9,4.5,0.2,4,-0.2,34.5,2015-03-04,-2.9
63,0.0,3,9.6,20150305,137,2015,3.3,1.4,7.0,0.0,5,0.4,41.1,2015-03-05,-6.4
64,0.0,3,10.3,20150306,137,2015,0.0,0.9,12.1,0.0,6,3.2,48.1,2015-03-06,-4.7
65,0.0,3,10.3,20150307,137,2015,0.0,1.3,13.7,0.0,7,5.0,41.4,2015-03-07,-3.0
66,0.0,3,9.0,20150308,137,2015,0.0,1.1,16.0,0.0,8,6.5,43.0,2015-03-08,-3.6
67,0.0,3,8.6,20150309,137,2015,2.0,4.5,12.2,0.0,9,4.8,37.5,2015-03-09,-4.6
68,0.0,3,10.7,20150310,137,2015,0.0,5.9,2.0,0.0,10,-2.0,27.6,2015-03-10,-6.0
69,0.0,3,9.9,20150311,137,2015,2.0,4.3,7.5,0.0,11,2.3,39.1,2015-03-11,-2.6
70,0.0,3,10.5,20150312,137,2015,0.0,3.7,9.7,0.0,12,3.8,29.1,2015-03-12,-1.7
71,0.0,3,7.2,20150313,137,2015,6.5,2.5,12.5,1.7,13,6.5,48.4,2015-03-13,0.8
72,0.0,3,9.6,20150314,137,2015,0.0,1.5,13.4,0.0,14,6.4,29.5,2015-03-14,-1.7
73,0.0,3,9.7,20150315,137,2015,0.0,1.3,16.7,0.0,15,7.0,39.3,2015-03-15,-2.0
74,0.0,3,9.5,20150316,137,2015,4.5,1.0,20.6,0.0,16,9.4,37.3,2015-03-16,-0.4
75,0.0,3,5.8,20150317,137,2015,7.0,1.2,22.3,0.0,17,11.9,39.6,2015-03-17,1.5
76,0.0,3,0.0,20150318,137,2015,10.0,1.3,11.7,35.8,18,8.7,81.1,2015-03-18,7.8
77,0.0,3,9.7,20150319,137,2015,0.8,0.8,20.1,0.2,19,12.9,71.0,2015-03-19,6.8
78,0.0,3,7.1,20150320,137,2015,3.5,1.4,21.9,0.0,20,15.4,34.0,2015-03-20,11.3
79,0.0,3,9.8,20150321,137,2015,0.0,2.2,20.6,0.0,21,13.8,28.4,2015-03-21,5.2
80,0.0,3,10.3,20150322,137,2015,0.0,4.2,17.0,0.0,22,11.4,26.8,2015-03-22,4.4
81,0.0,3,10.9,20150323,137,2015,0.0,3.9,11.6,0.0,23,6.0,24.6,2015-03-23,1.0
82,0.0,3,11.1,20150324,137,2015,0.0,1.9,13.8,0.0,24,6.5,29.0,2015-03-24,0.3
83,0.0,3,11.2,20150325,137,2015,0.0,1.3,16.1,0.0,25,6.9,32.8,2015-03-25,-2.3
84,0.0,3,11.3,20150326,137,2015,0.0,2.2,19.2,0.0,26,11.0,21.3,2015-03-26,0.9
85,0.0,3,9.8,20150327,137,2015,2.8,2.2,18.5,0.0,27,12.0,23.1,2015-03-27,5.0
86,0.0,3,10.4,20150328,137,2015,0.0,2.6,20.7,0.0,28,12.9,27.4,2015-03-28,1.3
87,0.0,3,7.0,20150329,137,2015,0.0,2.4,20.6,0.0,29,13.4,36.0,2015-03-29,8.8
88,0.0,3,10.1,20150330,137,2015,0.0,1.7,24.9,0.0,30,14.7,49.6,2015-03-30,4.1
89,0.0,3,0.0,20150331,137,2015,9.0,0.9,15.6,4.5,31,11.9,82.1,2015-03-31,7.9
90,0.0,4,0.0,20150401,137,2015,10.0,1.2,13.0,3.6,1,10.3,88.1,2015-04-01,8.5
91,0.0,4,0.0,20150402,137,2015,9.8,1.5,13.3,0.3,2,10.6,79.0,2015-04-02,7.7
92,0.0,4,4.0,20150403,137,2015,8.3,2.5,17.2,6.7,3,13.6,73.3,2015-04-03,10.9
93,0.0,4,6.0,20150404,137,2015,0.0,2.3,18.9,14.4,4,10.9,67.1,2015-04-04,7.3
94,0.0,4,0.0,20150405,137,2015,0.0,0.9,10.5,4.9,5,8.9,89.5,2015-04-05,7.1
95,0.0,4,0.0,20150406,137,2015,10.0,1.0,14.0,1.3,6,11.2,79.1,2015-04-06,8.3
96,0.0,4,0.0,20150407,137,2015,10.0,1.5,9.7,0.0,7,7.9,70.6,2015-04-07,6.1
97,0.0,4,4.0,20150408,137,2015,8.3,1.2,12.2,0.5,8,7.0,75.9,2015-04-08,5.0
98,0.0,4,9.8,20150409,137,2015,3.3,1.1,16.8,0.0,9,9.1,63.6,2015-04-09,2.6
99,0.0,4,10.9,20150410,137,2015,0.5,1.0,19.6,0.0,10,11.4,55.9,2015-04-10,2.7
100,0.0,4,11.3,20150411,137,2015,0.0,1.1,22.0,0.0,11,12.4,49.9,2015-04-11,3.6
101,0.0,4,2.4,20150412,137,2015,0.0,1.8,18.5,0.0,12,11.2,50.0,2015-04-12,3.8
102,0.0,4,0.0,20150413,137,2015,10.0,1.5,12.0,7.0,13,9.4,80.3,2015-04-13,7.1
103,0.0,4,3.4,20150414,137,2015,8.5,1.4,15.3,13.9,14,8.8,79.4,2015-04-14,6.7
104,0.0,4,8.6,20150415,137,2015,4.0,2.6,20.0,1.2,15,12.3,58.8,2015-04-15,6.5
105,0.0,4,7.5,20150416,137,2015,6.3,2.4,24.2,4.7,16,10.5,67.0,2015-04-16,4.8
106,0.0,4,11.4,20150417,137,2015,0.3,2.4,20.6,0.0,17,13.0,32.1,2015-04-17,5.1
107,0.0,4,6.8,20150418,137,2015,0.0,1.1,21.0,0.0,18,13.2,46.3,2015-04-18,2.9
108,0.0,4,0.0,20150419,137,2015,0.0,0.8,14.1,3.3,19,12.7,88.0,2015-04-19,10.7
109,0.0,4,0.0,20150420,137,2015,9.8,1.2,14.1,18.9,20,11.4,90.8,2015-04-20,8.4
110,0.0,4,7.7,20150421,137,2015,3.8,1.4,23.5,0.0,21,14.0,58.5,2015-04-21,6.3
111,0.0,4,9.5,20150422,137,2015,3.0,2.2,21.9,0.0,22,15.8,35.3,2015-04-22,8.6
112,0.0,4,12.0,20150423,137,2015,4.0,2.1,24.6,0.0,23,17.3,31.0,2015-04-23,9.5
113,0.0,4,11.3,20150424,137,2015,1.0,2.4,25.4,0.0,24,18.6,24.6,2015-04-24,12.0
114,0.0,4,12.6,20150425,137,2015,0.0,1.9,26.2,0.0,25,18.4,24.0,2015-04-25,7.8
115,0.0,4,12.4,20150426,137,2015,0.0,2.6,28.9,0.0,26,20.5,27.6,2015-04-26,8.0
116,0.0,4,12.3,20150427,137,2015,2.5,2.1,28.5,0.0,27,21.5,23.6,2015-04-27,12.7
117,0.0,4,7.3,20150428,137,2015,6.8,1.0,25.7,0.2,28,18.0,55.6,2015-04-28,9.4
118,0.0,4,0.0,20150429,137,2015,10.0,0.9,17.5,9.1,29,15.8,87.5,2015-04-29,14.9
119,0.0,4,8.1,20150430,137,2015,6.5,0.8,25.7,0.0,30,18.6,69.4,2015-04-30,13.6
120,0.0,5,10.7,20150501,137,2015,0.8,1.0,29.6,0.0,1,20.7,63.5,2015-05-01,12.2
121,0.0,5,7.1,20150502,137,2015,0.0,1.1,28.6,0.0,2,21.6,62.1,2015-05-02,15.0
122,0.0,5,0.0,20150503,137,2015,0.0,0.9,20.5,5.5,3,17.4,89.9,2015-05-03,16.5
123,0.0,5,11.7,20150504,137,2015,2.3,3.1,22.4,0.0,4,17.6,42.3,2015-05-04,12.0
124,0.0,5,12.8,20150505,137,2015,0.0,2.3,23.4,0.0,5,15.5,34.8,2015-05-05,8.6
125,0.0,5,7.6,20150506,137,2015,7.5,0.9,23.6,0.0,6,15.8,43.3,2015-05-06,6.1
126,0.0,5,12.2,20150507,137,2015,1.8,1.6,26.7,0.0,7,17.7,42.1,2015-05-07,8.3
127,0.0,5,7.0,20150508,137,2015,7.5,1.3,25.0,0.0,8,18.5,39.8,2015-05-08,11.3
128,0.0,5,9.7,20150509,137,2015,0.0,1.4,26.5,0.0,9,20.2,47.0,2015-05-09,15.2
129,0.0,5,12.1,20150510,137,2015,0.0,1.5,27.2,0.0,10,17.5,57.8,2015-05-10,10.5
130,0.0,5,5.2,20150511,137,2015,8.3,2.1,23.0,5.4,11,17.6,64.9,2015-05-11,13.3
131,0.0,5,10.8,20150512,137,2015,3.5,3.2,21.2,4.2,12,16.7,55.5,2015-05-12,12.6
132,0.0,5,12.8,20150513,137,2015,0.0,3.6,27.4,0.0,13,20.7,40.0,2015-05-13,13.9
133,0.0,5,12.2,20150514,137,2015,0.0,1.2,30.7,0.0,14,21.7,51.6,2015-05-14,11.0
134,0.0,5,0.2,20150515,137,2015,8.8,1.5,24.8,0.0,15,22.1,64.8,2015-05-15,18.5
135,0.0,5,12.8,20150516,137,2015,0.0,2.0,27.5,0.0,16,20.5,41.8,2015-05-16,13.9
136,0.0,5,12.5,20150517,137,2015,0.0,1.1,28.0,0.0,17,19.4,40.5,2015-05-17,10.3
137,0.0,5,2.9,20150518,137,2015,10.0,0.7,22.5,0.0,18,17.0,61.0,2015-05-18,12.9
138,0.0,5,7.7,20150519,137,2015,4.5,1.9,26.7,0.3,19,19.6,59.6,2015-05-19,13.8
139,0.0,5,13.0,20150520,137,2015,0.5,2.3,24.5,0.0,20,18.1,43.9,2015-05-20,12.2
140,0.0,5,13.0,20150521,137,2015,0.3,2.5,27.3,0.0,21,20.9,39.4,2015-05-21,13.4
141,0.0,5,11.1,20150522,137,2015,1.5,2.2,28.6,0.0,22,22.5,30.4,2015-05-22,16.0
142,0.0,5,12.9,20150523,137,2015,0.0,1.4,29.9,0.0,23,22.4,36.8,2015-05-23,14.8
143,0.0,5,13.3,20150524,137,2015,0.0,1.5,30.4,0.0,24,23.0,30.3,2015-05-24,13.8
144,0.0,5,13.3,20150525,137,2015,0.0,2.1,31.1,0.0,25,23.9,25.9,2015-05-25,16.3
145,0.0,5,13.3,20150526,137,2015,0.0,1.6,33.7,0.0,26,25.2,29.6,2015-05-26,18.0
146,0.0,5,13.0,20150527,137,2015,0.0,0.9,33.5,0.0,27,24.0,31.9,2015-05-27,13.8
147,0.0,5,10.5,20150528,137,2015,1.8,0.9,32.2,0.0,28,23.1,45.5,2015-05-28,16.4
148,0.0,5,10.2,20150529,137,2015,3.8,1.0,31.8,0.0,29,23.9,45.6,2015-05-29,14.7
149,0.0,5,3.7,20150530,137,2015,0.0,1.5,24.0,2.7,30,20.0,63.9,2015-05-30,16.3
150,0.0,5,12.7,20150531,137,2015,0.0,1.0,30.9,0.0,31,22.3,54.3,2015-05-31,15.3
151,0.0,6,12.9,20150601,137,2015,5.8,1.2,31.8,0.0,1,23.8,48.8,2015-06-01,15.1
152,0.0,6,5.0,20150602,137,2015,7.3,1.5,30.1,0.0,2,23.7,43.9,2015-06-02,19.2
153,0.0,6,11.0,20150603,137,2015,2.0,2.6,29.6,0.0,3,23.4,34.0,2015-06-03,19.3
154,0.0,6,10.2,20150604,137,2015,4.0,1.1,31.3,0.0,4,23.5,33.4,2015-06-04,13.6
155,0.0,6,1.8,20150605,137,2015,9.3,1.0,22.7,0.8,5,16.6,65.0,2015-06-05,11.6
156,0.0,6,9.4,20150606,137,2015,0.0,1.0,28.1,0.0,6,18.7,62.3,2015-06-06,9.9
157,0.0,6,12.7,20150607,137,2015,0.0,1.2,30.8,0.0,7,22.2,51.0,2015-06-07,14.7
158,0.0,6,2.5,20150608,137,2015,8.5,0.7,25.5,0.0,8,21.0,61.1,2015-06-08,15.3
159,0.0,6,9.4,20150609,137,2015,6.0,1.3,31.1,0.0,9,23.7,53.9,2015-06-09,16.8
160,0.0,6,11.7,20150610,137,2015,3.5,1.1,34.3,0.0,10,25.6,48.3,2015-06-10,17.1
161,0.0,6,0.0,20150611,137,2015,10.0,0.6,26.2,0.0,11,22.3,61.6,2015-06-11,17.3
162,0.0,6,12.1,20150612,137,2015,3.5,1.8,32.6,0.0,12,25.2,47.1,2015-06-12,18.7
163,0.0,6,4.8,20150613,137,2015,0.0,1.0,31.7,0.0,13,22.4,67.1,2015-06-13,17.2
164,0.0,6,8.9,20150614,137,2015,0.0,1.2,30.6,0.0,14,23.2,65.6,2015-06-14,17.0
165,0.0,6,7.6,20150615,137,2015,7.3,1.1,31.4,0.0,15,25.6,58.6,2015-06-15,21.4
166,0.0,6,7.6,20150616,137,2015,7.3,1.2,33.0,4.4,16,24.7,65.6,2015-06-16,21.1
167,0.0,6,3.3,20150617,137,2015,9.3,1.1,28.3,0.0,17,23.0,68.4,2015-06-17,19.6
168,0.0,6,11.6,20150618,137,2015,6.8,1.1,29.6,0.0,18,23.4,59.9,2015-06-18,18.9
169,0.0,6,10.7,20150619,137,2015,5.8,1.0,30.8,0.6,19,23.1,64.0,2015-06-19,17.3
170,0.0,6,0.0,20150620,137,2015,0.0,0.7,22.7,50.0,20,19.3,82.6,2015-06-20,17.0
171,0.0,6,8.4,20150621,137,2015,0.0,0.7,29.0,0.0,21,22.1,70.4,2015-06-21,17.3
172,0.0,6,9.7,20150622,137,2015,6.3,1.0,30.6,0.0,22,24.3,65.3,2015-06-22,18.2
173,0.0,6,11.9,20150623,137,2015,5.0,1.3,31.7,0.0,23,25.5,56.9,2015-06-23,20.1
174,0.0,6,0.6,20150624,137,2015,10.0,1.0,27.8,0.0,24,23.7,68.1,2015-06-24,21.0
175,0.0,6,0.2,20150625,137,2015,9.8,0.9,26.0,7.5,25,21.5,75.3,2015-06-25,18.6
176,0.0,6,0.7,20150626,137,2015,10.0,1.3,25.7,50.3,26,20.9,81.9,2015-06-26,18.3
177,0.0,6,8.8,20150627,137,2015,0.0,0.7,28.8,0.0,27,22.7,70.8,2015-06-27,18.7
178,0.0,6,9.5,20150628,137,2015,0.0,0.8,28.7,0.0,28,23.2,73.1,2015-06-28,18.9
179,0.0,6,10.3,20150629,137,2015,4.5,1.0,32.6,5.8,29,25.5,70.6,2015-06-29,19.0
180,0.0,6,0.0,20150630,137,2015,10.0,1.1,27.0,5.8,30,22.0,79.9,2015-06-30,18.3
181,0.0,7,11.8,20150701,137,2015,4.3,2.1,28.9,0.6,1,23.1,66.5,2015-07-01,18.4
182,0.0,7,11.9,20150702,137,2015,2.0,1.6,30.2,0.0,2,23.7,57.4,2015-07-02,16.7
183,0.0,7,9.5,20150703,137,2015,6.3,1.6,29.1,0.0,3,23.8,56.3,2015-07-03,19.0
184,0.0,7,11.3,20150704,137,2015,0.0,0.9,28.8,0.0,4,22.1,60.8,2015-07-04,15.2
185,0.0,7,12.8,20150705,137,2015,0.0,0.9,30.0,6.4,5,23.2,63.3,2015-07-05,17.0
186,0.0,7,6.5,20150706,137,2015,8.5,0.8,29.2,0.1,6,22.9,71.1,2015-07-06,18.9
187,0.0,7,0.0,20150707,137,2015,10.0,0.9,21.7,15.2,7,18.9,83.3,2015-07-07,17.2
188,0.0,7,0.0,20150708,137,2015,10.0,1.2,21.7,46.3,8,19.9,90.4,2015-07-08,17.5
189,0.0,7,0.0,20150709,137,2015,10.0,0.7,23.4,31.2,9,21.3,88.5,2015-07-09,19.3
190,0.0,7,6.0,20150710,137,2015,8.3,0.8,29.3,0.0,10,23.6,79.3,2015-07-10,20.2
191,0.0,7,7.0,20150711,137,2015,0.0,0.9,32.1,0.3,11,25.9,75.8,2015-07-11,21.2
192,0.0,7,0.0,20150712,137,2015,0.0,2.0,26.4,10.9,12,24.6,86.4,2015-07-12,23.4
193,0.0,7,1.8,20150713,137,2015,0.0,1.9,28.1,0.8,13,25.2,71.5,2015-07-13,23.7
194,0.0,7,11.1,20150714,137,2015,0.0,1.8,31.8,0.0,14,27.0,63.9,2015-07-14,23.3
195,0.0,7,7.9,20150715,137,2015,0.0,1.0,32.7,0.0,15,26.2,66.5,2015-07-15,21.6
196,0.0,7,13.3,20150716,137,2015,0.0,1.1,29.4,0.0,16,23.4,60.4,2015-07-16,18.5
197,0.0,7,1.1,20150717,137,2015,0.0,0.7,24.7,1.1,17,20.5,73.9,2015-07-17,16.9
198,0.0,7,3.8,20150718,137,2015,0.0,0.5,29.4,0.0,18,24.0,74.6,2015-07-18,20.8
199,0.0,7,7.9,20150719,137,2015,0.0,0.9,32.0,0.0,19,26.1,69.9,2015-07-19,22.1
200,0.0,7,0.0,20150720,137,2015,0.0,0.5,27.1,2.7,20,23.9,80.9,2015-07-20,20.6
201,0.0,7,3.3,20150721,137,2015,0.0,0.5,30.3,0.0,21,25.5,81.8,2015-07-21,22.6
202,0.0,7,6.6,20150722,137,2015,0.0,0.7,33.7,0.0,22,27.7,75.0,2015-07-22,24.2
203,0.0,7,3.2,20150723,137,2015,0.0,0.8,31.1,10.7,23,26.2,85.6,2015-07-23,24.6
204,0.0,7,3.6,20150724,137,2015,0.0,0.8,31.4,2.9,24,27.1,83.0,2015-07-24,24.4
205,0.0,7,8.4,20150725,137,2015,0.0,1.1,32.4,0.0,25,27.9,73.3,2015-07-25,24.2
206,0.0,7,13.1,20150726,137,2015,0.0,0.8,34.6,0.0,26,28.2,67.6,2015-07-26,22.4
207,0.0,7,5.0,20150727,137,2015,0.0,1.7,30.4,0.3,27,27.1,71.4,2015-07-27,25.1
208,0.0,7,10.7,20150728,137,2015,0.0,1.3,33.2,0.0,28,28.7,66.8,2015-07-28,25.0
209,0.0,7,3.2,20150729,137,2015,0.0,0.8,31.3,21.2,29,27.0,83.6,2015-07-29,24.3
210,0.0,7,10.5,20150730,137,2015,0.0,0.9,35.2,0.0,30,29.4,72.8,2015-07-30,24.4
211,0.0,7,12.3,20150731,137,2015,0.0,1.0,36.3,0.0,31,30.2,67.8,2015-07-31,24.7
212,0.0,8,12.2,20150801,137,2015,0.0,1.0,35.0,0.0,1,29.3,66.8,2015-08-01,24.1
213,0.0,8,6.1,20150802,137,2015,0.0,1.1,32.3,0.0,2,27.9,73.9,2015-08-02,24.2
214,0.0,8,11.3,20150803,137,2015,0.0,1.0,35.4,0.0,3,29.0,66.8,2015-08-03,24.3
215,0.0,8,12.9,20150804,137,2015,0.0,1.0,35.1,0.0,4,28.4,65.3,2015-08-04,21.8
216,0.0,8,12.9,20150805,137,2015,0.0,1.0,34.7,0.0,5,28.2,68.4,2015-08-05,21.8
217,0.0,8,12.6,20150806,137,2015,0.0,0.6,36.6,0.0,6,29.7,66.1,2015-08-06,23.8
218,0.0,8,12.4,20150807,137,2015,0.0,0.8,36.2,0.0,7,29.6,64.3,2015-08-07,23.4
219,0.0,8,7.7,20150808,137,2015,0.0,1.0,35.8,2.3,8,27.2,75.3,2015-08-08,23.4
220,0.0,8,7.3,20150809,137,2015,0.0,1.1,32.3,0.0,9,27.0,71.4,2015-08-09,22.8
221,0.0,8,6.0,20150810,137,2015,0.0,1.5,32.2,0.0,10,27.1,68.9,2015-08-10,23.7
222,0.0,8,0.0,20150811,137,2015,0.0,1.0,29.9,0.0,11,25.9,71.1,2015-08-11,22.5
223,0.0,8,1.0,20150812,137,2015,0.0,0.6,27.4,0.4,12,23.1,77.0,2015-08-12,20.3
224,0.0,8,9.8,20150813,137,2015,0.0,0.8,30.8,4.2,13,24.8,77.1,2015-08-13,20.1
225,0.0,8,9.4,20150814,137,2015,0.0,0.9,32.9,0.0,14,25.5,72.6,2015-08-14,20.5
226,0.0,8,11.0,20150815,137,2015,0.0,0.7,33.4,0.0,15,26.4,68.9,2015-08-15,20.2
227,0.0,8,0.2,20150816,137,2015,0.0,0.6,29.7,0.0,16,24.0,79.5,2015-08-16,21.8
228,0.0,8,9.1,20150817,137,2015,0.0,0.9,32.6,9.2,17,24.7,74.4,2015-08-17,20.7
229,0.0,8,8.6,20150818,137,2015,0.0,0.8,31.9,0.0,18,24.9,72.4,2015-08-18,19.4
230,0.0,8,2.4,20150819,137,2015,0.0,0.7,29.1,0.0,19,24.6,75.4,2015-08-19,19.9
231,0.0,8,0.3,20150820,137,2015,0.0,0.8,27.3,1.6,20,23.9,82.5,2015-08-20,21.7
232,0.0,8,5.5,20150821,137,2015,0.0,0.9,29.7,3.9,21,23.9,79.5,2015-08-21,20.6
233,0.0,8,4.1,20150822,137,2015,0.0,1.3,29.9,0.0,22,25.6,71.6,2015-08-22,22.0
234,0.0,8,5.9,20150823,137,2015,0.0,0.8,31.2,0.0,23,25.9,70.3,2015-08-23,22.1
235,0.0,8,0.4,20150824,137,2015,0.0,1.0,27.3,0.4,24,24.8,74.0,2015-08-24,22.4
236,0.0,8,0.0,20150825,137,2015,0.0,1.5,22.6,22.0,25,21.2,87.8,2015-08-25,19.8
237,0.0,8,9.5,20150826,137,2015,0.0,1.7,28.3,0.0,26,23.2,65.5,2015-08-26,20.0
238,0.0,8,7.6,20150827,137,2015,0.0,1.5,27.5,1.0,27,23.2,70.3,2015-08-27,19.7
239,0.0,8,8.0,20150828,137,2015,0.0,0.9,30.5,0.0,28,23.2,75.4,2015-08-28,18.2
240,0.0,8,8.3,20150829,137,2015,0.0,0.7,29.8,0.0,29,23.0,74.4,2015-08-29,18.2
241,0.0,8,10.4,20150830,137,2015,0.0,0.8,30.8,0.0,30,24.1,69.6,2015-08-30,17.6
242,0.0,8,6.9,20150831,137,2015,0.0,0.9,30.8,0.0,31,24.5,70.4,2015-08-31,20.0
243,0.0,9,3.4,20150901,137,2015,0.0,1.0,28.7,0.0,1,23.9,69.5,2015-09-01,20.8
244,0.0,9,2.5,20150902,137,2015,0.0,1.0,27.7,20.0,2,22.0,84.3,2015-09-02,19.4
245,0.0,9,6.2,20150903,137,2015,0.0,1.0,28.9,0.0,3,23.1,73.3,2015-09-03,19.4
246,0.0,9,10.1,20150904,137,2015,0.0,1.1,30.2,0.0,4,24.6,67.3,2015-09-04,20.2
247,0.0,9,0.0,20150905,137,2015,0.0,0.8,25.8,5.8,5,21.9,81.0,2015-09-05,19.5
248,0.0,9,0.4,20150906,137,2015,0.0,1.1,23.2,2.2,6,19.9,81.5,2015-09-06,16.4
249,0.0,9,10.7,20150907,137,2015,0.0,0.8,28.1,0.0,7,20.0,67.1,2015-09-07,13.5
250,0.0,9,11.0,20150908,137,2015,0.0,0.9,27.2,0.0,8,18.8,65.4,2015-09-08,12.0
251,0.0,9,11.2,20150909,137,2015,0.0,0.9,29.2,0.0,9,19.7,60.1,2015-09-09,10.8
252,0.0,9,10.5,20150910,137,2015,0.0,0.9,28.7,0.0,10,21.1,61.4,2015-09-10,12.3
253,0.0,9,8.2,20150911,137,2015,0.0,1.3,28.7,0.0,11,21.7,67.9,2015-09-11,15.2
254,0.0,9,0.0,20150912,137,2015,0.0,1.2,21.7,2.6,12,18.7,76.4,2015-09-12,16.0
255,0.0,9,10.7,20150913,137,2015,0.0,1.6,25.6,0.0,13,18.6,61.6,2015-09-13,14.0
256,0.0,9,10.5,20150914,137,2015,0.0,0.7,27.5,0.0,14,18.2,63.5,2015-09-14,10.4
257,0.0,9,10.3,20150915,137,2015,0.0,0.9,26.4,0.0,15,18.2,61.8,2015-09-15,10.9
258,0.0,9,7.5,20150916,137,2015,0.0,0.8,26.1,0.0,16,18.6,64.1,2015-09-16,10.6
259,0.0,9,2.6,20150917,137,2015,0.0,0.7,24.0,0.0,17,18.7,70.0,2015-09-17,15.2
260,0.0,9,9.6,20150918,137,2015,0.0,0.7,27.4,0.0,18,19.9,67.5,2015-09-18,13.5
261,0.0,9,8.6,20150919,137,2015,0.0,0.6,28.8,0.0,19,20.4,69.3,2015-09-19,14.1
262,0.0,9,9.5,20150920,137,2015,0.0,0.7,28.7,0.0,20,20.4,64.8,2015-09-20,13.1
263,0.0,9,10.0,20150921,137,2015,0.0,0.7,29.8,0.0,21,20.9,61.6,2015-09-21,14.0
264,0.0,9,10.0,20150922,137,2015,0.0,0.8,29.3,0.0,22,20.3,64.9,2015-09-22,13.5
265,0.0,9,0.4,20150923,137,2015,0.0,0.6,22.0,0.0,23,18.3,76.8,2015-09-23,14.2
266,0.0,9,0.9,20150924,137,2015,0.0,0.6,25.8,0.3,24,20.9,74.9,2015-09-24,17.4
267,0.0,9,5.6,20150925,137,2015,0.0,0.6,26.5,0.0,25,20.0,74.3,2015-09-25,14.1
268,0.0,9,6.8,20150926,137,2015,0.0,0.7,27.6,0.0,26,20.1,72.5,2015-09-26,14.6
269,0.0,9,9.6,20150927,137,2015,0.0,0.7,28.8,0.0,27,19.6,67.9,2015-09-27,12.5
270,0.0,9,9.2,20150928,137,2015,0.0,0.7,29.9,0.0,28,20.2,59.1,2015-09-28,11.4
271,0.0,9,9.5,20150929,137,2015,0.0,0.9,28.6,0.0,29,20.6,58.0,2015-09-29,13.5
272,0.0,9,2.2,20150930,137,2015,0.0,0.8,24.3,0.0,30,19.3,58.6,2015-09-30,15.7
273,0.0,10,0.0,20151001,137,2015,0.0,2.0,21.3,37.9,1,16.7,80.0,2015-10-01,14.8
274,0.0,10,9.7,20151002,137,2015,0.0,2.4,22.5,0.0,2,16.1,45.0,2015-10-02,10.0
275,0.0,10,9.2,20151003,137,2015,0.0,2.1,25.5,0.0,3,19.7,55.1,2015-10-03,13.9
276,0.0,10,7.1,20151004,137,2015,0.0,1.2,25.2,0.0,4,17.8,44.4,2015-10-04,12.3
277,0.0,10,9.6,20151005,137,2015,0.0,0.5,25.0,0.0,5,16.4,59.6,2015-10-05,10.3
278,0.0,10,9.5,20151006,137,2015,0.0,0.6,27.3,0.0,6,16.9,60.0,2015-10-06,8.4
279,0.0,10,7.9,20151007,137,2015,0.0,0.6,25.8,0.0,7,16.9,68.3,2015-10-07,9.8
280,0.0,10,9.0,20151008,137,2015,0.0,1.2,25.9,0.9,8,17.7,66.4,2015-10-08,10.3
281,0.0,10,7.9,20151009,137,2015,0.0,2.0,21.5,0.1,9,16.4,51.0,2015-10-09,10.1
282,0.0,10,8.5,20151010,137,2015,0.0,1.3,23.5,1.4,10,13.2,66.9,2015-10-10,5.2
283,0.0,10,6.3,20151011,137,2015,0.0,2.0,16.8,4.8,11,12.3,72.4,2015-10-11,8.5
284,0.0,10,7.6,20151012,137,2015,0.0,2.3,18.4,0.3,12,13.8,58.4,2015-10-12,11.0
285,0.0,10,9.4,20151013,137,2015,0.0,2.0,22.5,0.0,13,15.7,54.1,2015-10-13,7.2
286,0.0,10,9.3,20151014,137,2015,0.0,1.1,24.9,0.0,14,17.1,61.6,2015-10-14,10.0
287,0.0,10,8.9,20151015,137,2015,0.0,0.5,24.6,0.0,15,14.4,71.4,2015-10-15,7.5
288,0.0,10,9.1,20151016,137,2015,0.0,0.6,24.0,0.0,16,14.8,71.8,2015-10-16,7.8
289,0.0,10,8.4,20151017,137,2015,0.0,0.5,26.3,0.0,17,14.9,67.6,2015-10-17,8.7
290,0.0,10,9.1,20151018,137,2015,0.0,0.7,27.2,0.0,18,16.4,60.9,2015-10-18,7.4
291,0.0,10,8.7,20151019,137,2015,0.0,0.5,23.2,0.0,19,15.1,74.3,2015-10-19,8.6
292,0.0,10,8.0,20151020,137,2015,0.0,0.7,25.2,0.0,20,16.6,70.4,2015-10-20,10.3
293,0.0,10,7.8,20151021,137,2015,0.0,0.6,25.5,0.0,21,16.6,74.3,2015-10-21,9.8
294,0.0,10,3.7,20151022,137,2015,0.0,0.8,22.8,0.0,22,16.5,73.8,2015-10-22,12.1
295,0.0,10,6.1,20151023,137,2015,0.0,0.8,23.1,0.0,23,16.1,73.5,2015-10-23,11.9
296,0.0,10,5.0,20151024,137,2015,0.0,1.9,22.8,0.0,24,17.0,70.3,2015-10-24,12.1
297,0.0,10,9.0,20151025,137,2015,0.0,0.8,21.9,0.0,25,14.7,59.4,2015-10-25,8.9
298,0.0,10,6.8,20151026,137,2015,0.0,0.7,20.8,0.0,26,13.6,62.0,2015-10-26,6.8
299,0.0,10,2.8,20151027,137,2015,0.0,1.6,15.9,23.7,27,12.6,71.1,2015-10-27,10.2
300,0.0,10,8.9,20151028,137,2015,0.0,2.0,17.5,0.0,28,12.5,48.4,2015-10-28,6.4
301,0.0,10,8.2,20151029,137,2015,0.0,1.6,15.9,0.0,29,11.3,41.1,2015-10-29,8.3
302,0.0,10,9.0,20151030,137,2015,0.0,2.0,12.4,0.0,30,7.9,40.3,2015-10-30,2.8
303,0.0,10,9.0,20151031,137,2015,0.0,1.6,14.2,0.0,31,6.7,45.6,2015-10-31,-0.5
304,0.0,11,0.8,20151101,137,2015,0.0,0.4,8.3,0.0,1,4.4,63.8,2015-11-01,-1.0
305,0.0,11,7.6,20151102,137,2015,0.0,1.9,16.2,0.0,2,11.2,51.9,2015-11-02,3.9
306,0.0,11,9.0,20151103,137,2015,0.0,1.0,20.0,0.0,3,12.2,60.9,2015-11-03,5.8
307,0.0,11,9.0,20151104,137,2015,0.0,0.5,20.8,0.0,4,9.6,65.9,2015-11-04,1.8
308,0.0,11,6.5,20151105,137,2015,0.0,1.1,21.4,0.0,5,12.0,60.6,2015-11-05,5.1
309,0.0,11,6.9,20151106,137,2015,0.0,1.2,20.8,1.5,6,12.1,72.8,2015-11-06,5.1
310,0.0,11,0.0,20151107,137,2015,0.0,1.1,12.9,21.4,7,12.0,90.9,2015-11-07,10.8
311,0.0,11,0.0,20151108,137,2015,0.0,0.9,13.3,19.4,8,12.7,91.8,2015-11-08,11.7
312,0.0,11,2.6,20151109,137,2015,0.0,1.4,15.9,4.1,9,12.9,77.4,2015-11-09,11.3
313,0.0,11,5.4,20151110,137,2015,0.0,1.2,17.3,0.0,10,11.9,66.8,2015-11-10,8.1
314,0.0,11,6.5,20151111,137,2015,0.0,0.7,18.1,0.0,11,11.8,73.1,2015-11-11,7.2
315,0.0,11,0.0,20151112,137,2015,0.0,0.9,15.2,0.9,12,11.7,85.5,2015-11-12,7.6
316,0.0,11,0.0,20151113,137,2015,0.0,1.3,12.1,26.3,13,11.5,86.1,2015-11-13,10.7
317,0.0,11,0.5,20151114,137,2015,0.0,0.9,17.2,7.3,14,14.3,84.6,2015-11-14,11.7
318,0.0,11,1.8,20151115,137,2015,0.0,1.5,17.6,0.0,15,14.3,71.6,2015-11-15,9.5
319,0.0,11,0.0,20151116,137,2015,0.0,0.5,12.5,19.5,16,10.3,88.5,2015-11-16,7.4
320,0.0,11,0.0,20151117,137,2015,0.0,0.6,16.8,0.7,17,14.2,87.6,2015-11-17,11.9
321,0.0,11,0.0,20151118,137,2015,0.0,1.6,13.9,4.8,18,11.0,83.6,2015-11-18,9.0
322,0.0,11,0.0,20151119,137,2015,0.0,0.9,9.7,1.5,19,9.1,84.9,2015-11-19,8.3
323,0.0,11,4.7,20151120,137,2015,0.0,0.9,16.6,0.0,20,10.7,78.4,2015-11-20,8.0
324,0.0,11,0.0,20151121,137,2015,0.0,0.5,10.2,0.0,21,8.1,88.1,2015-11-21,5.3
325,0.0,11,1.4,20151122,137,2015,0.0,0.7,14.7,0.0,22,12.0,79.5,2015-11-22,9.6
326,0.0,11,0.0,20151123,137,2015,0.0,1.2,12.2,7.0,23,11.2,84.8,2015-11-23,10.3
327,0.0,11,0.5,20151124,137,2015,0.0,2.1,11.7,0.1,24,9.4,66.5,2015-11-24,6.2
328,0.0,11,0.0,20151125,137,2015,0.0,1.5,6.2,5.9,25,5.1,85.6,2015-11-25,4.0
329,0.0,11,6.3,20151126,137,2015,0.0,3.5,4.2,0.3,26,1.4,61.4,2015-11-26,-1.0
330,0.0,11,1.9,20151127,137,2015,0.0,2.5,2.0,0.0,27,0.7,64.4,2015-11-27,-1.8
331,0.0,11,2.3,20151128,137,2015,0.0,1.0,7.1,0.0,28,3.0,71.5,2015-11-28,0.0
332,0.0,11,0.8,20151129,137,2015,0.0,0.9,7.8,0.0,29,4.1,76.1,2015-11-29,2.0
333,0.0,11,7.5,20151130,137,2015,0.0,1.4,11.6,0.0,30,5.9,67.4,2015-11-30,0.5
334,0.0,12,8.3,20151201,137,2015,0.0,0.8,9.7,0.0,1,2.8,72.8,2015-12-01,-2.9
335,0.0,12,0.0,20151202,137,2015,0.0,1.2,8.7,4.0,2,4.1,79.5,2015-12-02,0.2
336,0.0,12,5.1,20151203,137,2015,0.0,3.9,7.1,2.6,3,2.8,62.1,2015-12-03,-1.2
337,0.0,12,5.3,20151204,137,2015,0.0,3.5,5.0,0.0,4,2.2,63.6,2015-12-04,-1.4
338,0.0,12,0.3,20151205,137,2015,0.0,2.2,8.1,0.0,5,6.1,54.8,2015-12-05,3.9
339,0.0,12,3.5,20151206,137,2015,0.0,0.9,8.8,0.0,6,3.8,56.0,2015-12-06,1.1
340,0.0,12,7.4,20151207,137,2015,0.0,1.0,10.3,0.0,7,4.1,62.3,2015-12-07,-2.7
341,0.0,12,8.4,20151208,137,2015,0.0,1.3,12.1,0.0,8,5.7,46.0,2015-12-08,0.2
342,0.0,12,5.1,20151209,137,2015,0.0,0.6,10.9,0.0,9,3.8,71.5,2015-12-09,-2.1
343,0.0,12,0.0,20151210,137,2015,0.0,0.4,8.0,9.5,10,6.5,87.1,2015-12-10,4.4
344,0.0,12,0.4,20151211,137,2015,0.0,1.2,10.4,3.3,11,7.8,77.8,2015-12-11,2.1
345,0.0,12,8.5,20151212,137,2015,0.0,1.0,10.6,0.0,12,3.6,73.8,2015-12-12,-2.0
346,0.0,12,6.2,20151213,137,2015,0.0,0.9,11.6,0.0,13,5.3,71.4,2015-12-13,2.2
347,0.0,12,0.0,20151214,137,2015,0.0,0.5,6.8,8.3,14,5.3,88.4,2015-12-14,2.2
348,0.0,12,1.4,20151215,137,2015,0.0,2.2,9.4,0.5,15,7.3,67.5,2015-12-15,5.8
349,0.0,12,4.1,20151216,137,2015,0.0,2.5,5.8,0.7,16,1.4,63.9,2015-12-16,-1.4
350,0.0,12,8.5,20151217,137,2015,0.0,3.6,1.3,0.0,17,-2.0,44.5,2015-12-17,-4.1
351,0.0,12,6.1,20151218,137,2015,0.0,2.6,6.6,0.0,18,0.8,57.9,2015-12-18,-3.8
352,0.0,12,6.5,20151219,137,2015,0.0,0.7,8.1,0.0,19,0.4,68.9,2015-12-19,-4.2
353,0.0,12,0.0,20151220,137,2015,0.0,0.5,2.5,0.0,20,-0.8,75.8,2015-12-20,-4.6
354,0.0,12,3.7,20151221,137,2015,0.0,0.7,8.5,1.3,21,1.8,82.0,2015-12-21,-0.6
355,0.0,12,0.0,20151222,137,2015,0.0,0.6,1.2,0.0,22,-1.0,90.0,2015-12-22,-3.2
356,0.0,12,0.0,20151223,137,2015,0.0,0.8,7.7,0.4,23,4.2,88.8,2015-12-23,1.0
357,0.0,12,5.4,20151224,137,2015,0.0,2.2,8.9,0.0,24,4.7,64.3,2015-12-24,1.8
358,0.0,12,8.7,20151225,137,2015,0.0,2.5,5.4,0.0,25,1.2,36.4,2015-12-25,-3.0
359,0.0,12,6.8,20151226,137,2015,0.0,1.7,10.4,0.0,26,3.9,56.0,2015-12-26,-2.8
360,0.0,12,8.7,20151227,137,2015,0.0,3.0,3.5,0.0,27,-0.5,34.3,2015-12-27,-4.7
361,0.0,12,8.6,20151228,137,2015,0.0,3.3,1.5,0.0,28,-2.4,36.8,2015-12-28,-5.5
362,0.0,12,8.5,20151229,137,2015,0.0,1.9,4.9,0.0,29,-1.0,43.4,2015-12-29,-5.0
363,0.0,12,5.9,20151230,137,2015,0.0,0.7,6.3,4.5,30,-0.9,63.8,2015-12-30,-7.4
364,0.0,12,4.4,20151231,137,2015,0.0,1.4,5.6,7.0,31,1.1,71.3,2015-12-31,-2.3
