,tmin,cloud,sunshine,tavg,wind,day,rainfall,date,humid,tmax,year,snow,Date,station_id,month
0,-1.7,2.1,6.2,2.7,0.6,1,0.0,20240101,80.8,8.3,2024,0.0,2024-01-01,137,1
1,2.5,7.3,0.3,4.8,1.3,2,0.0,20240102,70.1,7.9,2024,0.0,2024-01-02,137,1
2,1.1,6.3,2.3,2.9,2.0,3,0.0,20240103,71.6,5.9,2024,0.0,2024-01-03,137,1
3,-2.3,0.0,8.6,1.2,1.8,4,0.0,20240104,64.8,6.5,2024,0.0,2024-01-04,137,1
4,-3.0,4.3,0.1,4.2,1.1,5,0.0,20240105,74.4,9.6,2024,0.0,2024-01-05,137,1
5,0.1,1.1,8.7,2.7,2.4,6,0.0,20240106,54.1,6.6,2024,0.0,2024-01-06,137,1
6,-5.1,1.0,8.3,-1.7,3.7,7,0.0,20240107,46.8,0.8,2024,0.0,2024-01-07,137,1
7,-7.9,0.8,8.7,-2.9,1.9,8,0.0,20240108,45.4,2.7,2024,0.0,2024-01-08,137,1
8,-3.3,6.4,0.0,-0.7,1.0,9,1.8,20240109,69.3,1.4,2024,0.0,2024-01-09,137,1
9,-3.0,0.1,8.4,0.5,1.3,10,0.1,20240110,80.1,6.5,2024,0.0,2024-01-10,137,1
10,-2.8,3.4,1.3,1.2,2.0,11,0.0,20240111,69.6,3.9,2024,0.0,2024-01-11,137,1
11,0.0,0.1,8.4,4.3,2.3,12,0.0,20240112,46.4,8.2,2024,0.0,2024-01-12,137,1
12,-3.7,0.0,8.8,1.1,1.7,13,0.0,20240113,41.1,7.0,2024,0.0,2024-01-13,137,1
13,-7.1,1.8,5.7,1.0,1.4,14,2.1,20240114,70.9,9.1,2024,0.0,2024-01-14,137,1
14,-4.0,0.1,8.9,-0.9,3.1,15,0.0,20240115,50.5,2.9,2024,0.0,2024-01-15,137,1
15,-5.4,1.6,8.3,-1.1,1.3,16,0.0,20240116,50.9,4.8,2024,0.0,2024-01-16,137,1
16,-4.2,9.1,0.1,-0.6,0.4,17,5.8,20240117,79.5,2.7,2024,0.0,2024-01-17,137,1
17,0.4,9.6,0.0,3.9,0.9,18,4.3,20240118,91.4,6.5,2024,0.0,2024-01-18,137,1
18,3.5,7.1,0.0,4.5,1.5,19,0.0,20240119,74.9,5.6,2024,0.0,2024-01-19,137,1
19,2.2,9.6,0.0,3.5,1.5,20,14.8,20240120,86.6,5.3,2024,0.0,2024-01-20,137,1
20,1.2,4.5,0.4,3.8,1.0,21,0.0,20240121,82.4,7.4,2024,0.0,2024-01-21,137,1
21,-8.9,5.8,6.5,-4.6,3.9,22,0.3,20240122,60.9,2.2,2024,0.0,2024-01-22,137,1
22,-8.7,0.0,9.2,-4.1,2.9,25,0.0,20240125,43.1,0.8,2024,0.0,2024-01-25,137,1
23,-4.1,1.4,9.1,-0.2,2.9,26,0.0,20240126,56.5,4.8,2024,0.0,2024-01-26,137,1
24,-2.8,0.8,9.1,1.0,1.8,27,0.0,20240127,52.8,6.6,2024,0.0,2024-01-27,137,1
25,-7.4,1.9,9.2,-0.8,0.9,30,0.0,20240130,65.6,6.9,2024,0.0,2024-01-30,137,1
26,-2.5,5.4,6.6,5.7,1.1,31,0.0,20240131,51.9,13.6,2024,0.0,2024-01-31,137,1
27,2.7,10.0,0.0,5.2,1.3,1,0.0,20240201,56.3,8.0,2024,0.0,2024-02-01,137,2
28,0.5,6.8,4.1,3.5,1.2,2,0.0,20240202,68.5,8.1,2024,0.0,2024-02-02,137,2
29,1.0,9.4,0.0,3.9,1.0,3,0.5,20240203,78.6,7.6,2024,0.0,2024-02-03,137,2
30,1.7,9.5,0.0,4.6,1.1,4,0.9,20240204,85.1,8.0,2024,0.0,2024-02-04,137,2
31,1.2,10.0,0.0,3.4,2.0,5,17.6,20240205,84.8,6.8,2024,0.0,2024-02-05,137,2
32,-0.3,9.5,0.0,1.4,0.9,6,0.5,20240206,88.3,3.0,2024,0.0,2024-02-06,137,2
33,-4.0,2.9,9.4,1.1,1.3,8,0.0,20240208,65.6,7.3,2024,0.0,2024-02-08,137,2
34,-2.8,0.8,9.5,2.1,2.2,9,0.0,20240209,56.0,7.2,2024,0.0,2024-02-09,137,2
35,-3.2,2.1,6.8,2.1,1.9,10,0.0,20240210,62.8,7.6,2024,0.0,2024-02-10,137,2
36,-2.6,2.6,5.9,1.8,2.3,11,0.0,20240211,59.9,5.6,2024,0.0,2024-02-11,137,2
37,-3.5,0.0,9.6,3.4,1.0,12,0.0,20240212,55.8,12.3,2024,0.0,2024-02-12,137,2
38,-3.1,1.0,9.8,6.8,1.0,13,0.0,20240213,61.4,16.9,2024,0.0,2024-02-13,137,2
39,5.0,6.0,2.6,9.2,0.6,14,1.0,20240214,79.9,15.5,2024,0.0,2024-02-14,137,2
40,1.6,7.6,0.6,5.4,1.7,15,0.2,20240215,83.8,11.3,2024,0.0,2024-02-15,137,2
41,-1.2,2.5,9.6,2.9,0.9,16,0.0,20240216,63.5,8.9,2024,0.0,2024-02-16,137,2
42,-4.6,0.0,10.0,3.7,0.7,17,0.0,20240217,66.3,13.6,2024,0.0,2024-02-17,137,2
43,-3.3,6.6,3.5,5.3,0.9,18,16.6,20240218,80.1,12.5,2024,0.0,2024-02-18,137,2
44,8.8,8.8,0.0,11.2,1.7,19,24.1,20240219,93.4,16.2,2024,0.0,2024-02-19,137,2
45,3.8,9.6,0.0,5.6,1.7,20,6.8,20240220,92.3,9.1,2024,0.0,2024-02-20,137,2
46,1.6,9.9,0.0,3.0,1.6,21,13.3,20240221,94.3,4.0,2024,0.0,2024-02-21,137,2
47,0.0,9.9,0.0,1.1,1.3,22,5.7,20240222,90.0,3.1,2024,0.0,2024-02-22,137,2
48,-0.5,10.0,0.1,1.7,1.6,23,0.5,20240223,76.0,5.2,2024,0.0,2024-02-23,137,2
49,0.0,9.9,0.0,1.9,1.7,24,2.2,20240224,71.0,5.3,2024,0.0,2024-02-24,137,2
50,-0.1,9.1,0.0,2.6,0.9,25,1.6,20240225,84.1,6.4,2024,0.0,2024-02-25,137,2
51,0.3,5.4,5.4,4.4,1.3,26,0.0,20240226,65.8,9.4,2024,0.0,2024-02-26,137,2
52,-2.1,5.4,6.8,2.5,1.2,27,0.0,20240227,65.8,7.8,2024,0.0,2024-02-27,137,2
53,-3.0,3.3,8.4,3.5,0.9,28,0.0,20240228,67.6,10.1,2024,0.0,2024-02-28,137,2
54,0.8,9.4,0.0,3.1,0.8,29,1.6,20240229,83.4,4.8,2024,0.0,2024-02-29,137,2
55,-5.6,1.9,10.4,-1.9,4.1,1,0.0,20240301,37.1,3.7,2024,0.0,2024-03-01,137,3
56,-7.7,0.6,10.5,-0.9,2.4,2,0.0,20240302,46.6,5.7,2024,0.0,2024-03-02,137,3
57,0.0,3.3,6.8,5.6,2.4,3,1.3,20240303,66.9,10.7,2024,0.0,2024-03-03,137,3
58,4.0,6.3,7.0,8.1,1.3,4,0.0,20240304,61.1,13.5,2024,0.0,2024-03-04,137,3
59,4.1,10.0,0.0,5.2,1.3,5,10.0,20240305,92.5,7.9,2024,0.0,2024-03-05,137,3
60,0.8,7.4,5.0,5.6,1.0,6,0.0,20240306,76.9,11.7,2024,0.0,2024-03-06,137,3
61,1.8,5.6,3.3,3.9,1.5,7,0.2,20240307,67.1,8.3,2024,0.0,2024-03-07,137,3
62,0.0,0.5,8.3,3.1,3.9,8,0.0,20240308,45.6,8.5,2024,0.0,2024-03-08,137,3
63,-2.0,0.0,10.7,2.8,2.1,9,0.0,20240309,39.5,9.0,2024,0.0,2024-03-09,137,3
64,-2.3,1.0,10.8,4.9,1.5,10,0.0,20240310,42.3,13.0,2024,0.0,2024-03-10,137,3
65,-1.8,5.5,4.1,5.7,0.7,11,0.0,20240311,54.0,12.3,2024,0.0,2024-03-11,137,3
66,0.1,5.8,0.4,5.1,1.1,12,0.8,20240312,75.6,11.2,2024,0.0,2024-03-12,137,3
67,1.7,0.6,10.5,7.6,2.2,13,0.0,20240313,52.9,14.0,2024,0.0,2024-03-13,137,3
68,1.2,0.0,10.8,9.4,2.2,14,0.0,20240314,47.6,17.0,2024,0.0,2024-03-14,137,3
69,4.0,0.0,10.9,11.7,2.5,15,0.0,20240315,33.9,18.8,2024,0.0,2024-03-15,137,3
70,2.2,2.8,9.1,12.6,1.6,16,0.0,20240316,40.4,20.5,2024,0.0,2024-03-16,137,3
71,5.5,5.5,7.1,10.9,3.0,17,0.0,20240317,45.4,16.0,2024,0.0,2024-03-17,137,3
72,1.7,3.3,10.4,8.9,1.7,18,0.0,20240318,33.3,16.0,2024,0.0,2024-03-18,137,3
73,2.7,7.8,3.2,7.8,3.4,19,0.0,20240319,45.6,14.1,2024,0.0,2024-03-19,137,3
74,2.1,0.9,9.0,5.0,3.4,20,0.1,20240320,40.3,9.6,2024,0.0,2024-03-20,137,3
75,-0.7,1.5,11.2,5.2,1.9,21,0.0,20240321,47.8,13.1,2024,0.0,2024-03-21,137,3
76,0.6,7.4,7.4,8.9,1.5,22,2.2,20240322,65.6,17.4,2024,0.0,2024-03-22,137,3
77,9.0,5.9,10.2,14.7,1.4,23,0.3,20240323,61.1,22.7,2024,0.0,2024-03-23,137,3
78,9.0,9.0,2.5,12.1,1.6,24,0.0,20240324,56.5,18.9,2024,0.0,2024-03-24,137,3
79,5.4,9.5,0.0,8.7,1.7,25,10.0,20240325,76.6,13.2,2024,0.0,2024-03-25,137,3
80,4.1,8.3,0.8,6.5,1.1,26,19.8,20240326,84.0,10.2,2024,0.0,2024-03-26,137,3
81,1.3,5.9,5.8,8.4,0.8,27,0.0,20240327,80.3,16.0,2024,0.0,2024-03-27,137,3
82,7.6,8.5,0.0,8.4,1.0,28,27.6,20240328,92.6,9.8,2024,0.0,2024-03-28,137,3
83,4.4,2.1,5.6,11.2,2.5,29,0.0,20240329,63.9,17.2,2024,0.0,2024-03-29,137,3
84,1.6,2.6,5.5,10.4,1.6,30,0.0,20240330,62.0,15.7,2024,0.0,2024-03-30,137,3
85,4.0,2.6,11.2,12.0,1.2,31,0.0,20240331,47.4,19.6,2024,0.0,2024-03-31,137,3
86,6.0,0.4,11.7,14.4,1.6,1,0.0,20240401,35.0,21.7,2024,0.0,2024-04-01,137,4
87,4.8,7.4,8.4,14.5,1.1,2,1.4,20240402,53.4,23.7,2024,0.0,2024-04-02,137,4
88,10.8,10.0,0.0,12.3,1.0,3,22.4,20240403,96.3,13.8,2024,0.0,2024-04-03,137,4
89,9.6,8.6,0.0,12.4,1.0,4,0.0,20240404,70.0,14.8,2024,0.0,2024-04-04,137,4
90,8.7,6.4,6.1,13.4,1.0,5,0.0,20240405,61.6,19.1,2024,0.0,2024-04-05,137,4
91,7.9,6.5,5.6,14.6,1.3,6,0.0,20240406,57.6,21.8,2024,0.0,2024-04-06,137,4
92,7.3,4.1,11.0,16.5,0.9,7,0.0,20240407,48.3,25.0,2024,0.0,2024-04-07,137,4
93,9.3,7.3,4.6,17.8,0.9,8,0.0,20240408,48.0,24.8,2024,0.0,2024-04-08,137,4
94,7.5,2.0,9.5,13.6,1.7,9,0.0,20240409,48.3,19.9,2024,0.0,2024-04-09,137,4
95,5.4,6.6,10.7,12.4,1.0,10,0.0,20240410,57.8,19.3,2024,0.0,2024-04-10,137,4
96,9.1,5.4,5.9,15.2,0.8,11,0.0,20240411,60.6,23.0,2024,0.0,2024-04-11,137,4
97,7.9,2.4,11.5,16.9,0.8,12,0.0,20240412,58.6,26.2,2024,0.0,2024-04-12,137,4
98,10.1,0.0,11.8,19.2,0.8,13,0.0,20240413,53.4,28.5,2024,0.0,2024-04-13,137,4
99,10.1,4.4,10.8,19.3,1.1,14,0.0,20240414,50.5,27.3,2024,0.0,2024-04-14,137,4
100,13.3,6.1,0.0,14.9,0.8,15,20.5,20240415,86.1,17.0,2024,0.0,2024-04-15,137,4
101,11.8,2.4,6.8,15.7,1.7,16,0.8,20240416,69.3,21.4,2024,0.0,2024-04-16,137,4
102,10.0,4.4,10.9,16.7,1.0,17,0.0,20240417,58.1,24.1,2024,0.0,2024-04-17,137,4
103,9.0,0.0,11.5,18.3,1.0,18,0.0,20240418,48.4,26.0,2024,0.0,2024-04-18,137,4
104,10.2,3.1,11.5,20.3,1.5,19,0.0,20240419,36.9,27.5,2024,0.0,2024-04-19,137,4
105,12.8,8.3,0.0,13.8,1.0,20,14.4,20240420,85.9,19.2,2024,0.0,2024-04-20,137,4
106,12.8,9.8,0.0,14.7,1.1,21,3.1,20240421,88.4,17.2,2024,0.0,2024-04-21,137,4
107,11.7,6.5,5.9,15.8,1.1,22,0.0,20240422,64.5,21.2,2024,0.0,2024-04-22,137,4
108,8.5,7.4,7.0,14.6,1.3,23,0.3,20240423,68.3,22.1,2024,0.0,2024-04-23,137,4
109,10.5,7.1,0.3,13.1,1.0,24,4.6,20240424,82.0,16.5,2024,0.0,2024-04-24,137,4
110,10.6,2.6,10.1,16.5,1.6,25,0.0,20240425,64.8,25.0,2024,0.0,2024-04-25,137,4
111,9.1,5.3,6.3,18.2,0.8,26,0.0,20240426,64.5,26.5,2024,0.0,2024-04-26,137,4
112,12.3,0.0,12.3,20.9,1.3,27,0.0,20240427,49.9,29.4,2024,0.0,2024-04-27,137,4
113,9.6,5.8,10.9,19.5,0.8,28,0.0,20240428,58.4,28.4,2024,0.0,2024-04-28,137,4
114,13.6,9.6,0.0,15.0,0.6,29,3.8,20240429,85.6,17.7,2024,0.0,2024-04-29,137,4
115,12.5,9.1,1.9,17.0,0.9,30,1.9,20240430,81.8,21.7,2024,0.0,2024-04-30,137,4
116,8.6,5.9,6.6,13.7,0.9,1,3.4,20240501,67.0,20.8,2024,0.0,2024-05-01,137,5
117,5.8,0.0,12.6,15.7,0.8,2,0.0,20240502,60.0,25.0,2024,0.0,2024-05-02,137,5
118,10.0,0.0,12.8,19.0,0.8,3,0.0,20240503,49.1,27.5,2024,0.0,2024-05-03,137,5
119,9.1,1.6,12.5,19.2,0.8,4,0.0,20240504,58.9,28.5,2024,0.0,2024-05-04,137,5
120,15.8,10.0,0.0,17.4,0.8,5,29.8,20240505,89.0,17.8,2024,0.0,2024-05-05,137,5
121,14.6,8.6,1.5,16.6,1.6,6,5.9,20240506,81.9,20.7,2024,0.0,2024-05-06,137,5
122,10.5,9.9,0.0,12.7,0.5,7,7.3,20240507,92.6,15.1,2024,0.0,2024-05-07,137,5
123,8.8,4.1,9.4,13.4,0.7,8,0.0,20240508,73.1,20.0,2024,0.0,2024-05-08,137,5
124,7.3,0.0,12.4,16.0,1.4,9,0.0,20240509,58.5,23.8,2024,0.0,2024-05-09,137,5
125,10.3,1.8,12.1,19.3,1.3,10,0.0,20240510,52.0,28.0,2024,0.0,2024-05-10,137,5
126,10.8,5.4,7.4,18.8,1.0,11,11.8,20240511,71.9,26.6,2024,0.0,2024-05-11,137,5
127,13.1,5.6,11.1,17.8,1.7,12,3.0,20240512,60.5,23.5,2024,0.0,2024-05-12,137,5
128,10.8,0.0,13.1,18.5,1.3,13,0.0,20240513,50.3,26.5,2024,0.0,2024-05-13,137,5
129,9.1,0.0,13.1,19.2,1.2,14,0.0,20240514,51.9,26.8,2024,0.0,2024-05-14,137,5
130,8.8,3.8,9.9,16.3,1.9,15,13.4,20240515,59.6,26.0,2024,0.0,2024-05-15,137,5
131,7.5,3.5,10.4,14.1,2.5,16,2.7,20240516,60.3,20.9,2024,0.0,2024-05-16,137,5
132,12.1,2.3,10.4,19.1,1.2,17,0.0,20240517,57.1,27.7,2024,0.0,2024-05-17,137,5
133,10.6,0.0,12.6,20.4,0.8,18,0.0,20240518,55.0,29.0,2024,0.0,2024-05-18,137,5
134,14.3,0.4,12.8,22.7,1.2,19,0.0,20240519,57.0,30.5,2024,0.0,2024-05-19,137,5
135,15.3,3.8,5.7,20.4,1.4,20,0.0,20240520,65.5,26.1,2024,0.0,2024-05-20,137,5
136,14.6,4.9,3.8,17.7,0.8,21,0.0,20240521,80.8,23.2,2024,0.0,2024-05-21,137,5
137,12.3,4.4,9.0,20.6,0.8,22,0.0,20240522,72.1,29.6,2024,0.0,2024-05-22,137,5
138,17.2,1.9,12.7,23.2,1.7,23,0.0,20240523,59.6,29.9,2024,0.0,2024-05-23,137,5
139,16.2,3.9,9.9,22.1,1.3,24,0.0,20240524,56.8,30.1,2024,0.0,2024-05-24,137,5
140,16.2,8.6,1.2,19.0,0.9,25,0.0,20240525,58.0,23.6,2024,0.0,2024-05-25,137,5
141,13.1,8.1,6.6,19.2,0.9,26,18.7,20240526,74.6,27.0,2024,0.0,2024-05-26,137,5
142,15.3,7.1,8.4,19.3,2.3,27,0.1,20240527,59.1,23.3,2024,0.0,2024-05-27,137,5
143,12.4,5.3,8.9,17.8,1.0,28,0.0,20240528,66.1,24.8,2024,0.0,2024-05-28,137,5
144,10.3,1.8,13.1,20.0,0.9,29,0.0,20240529,62.4,28.3,2024,0.0,2024-05-29,137,5
145,16.0,9.8,1.4,20.6,0.8,30,0.0,20240530,67.6,25.4,2024,0.0,2024-05-30,137,5
146,18.7,3.8,12.2,22.4,1.9,31,0.0,20240531,51.0,27.7,2024,0.0,2024-05-31,137,5
147,16.5,3.6,9.7,20.8,1.8,1,0.0,20240601,53.9,26.2,2024,0.0,2024-06-01,137,6
148,15.3,3.3,8.9,20.2,1.5,2,0.0,20240602,59.4,26.3,2024,0.0,2024-06-02,137,6
149,12.6,2.9,11.4,19.6,0.7,3,0.0,20240603,66.9,26.2,2024,0.0,2024-06-03,137,6
150,12.8,0.0,13.8,19.7,0.8,4,0.0,20240604,62.0,26.4,2024,0.0,2024-06-04,137,6
151,12.1,5.3,11.1,21.4,0.7,5,0.0,20240605,61.5,29.5,2024,0.0,2024-06-05,137,6
152,15.1,4.3,8.1,21.5,0.6,6,0.0,20240606,63.9,28.0,2024,0.0,2024-06-06,137,6
153,15.1,7.0,9.4,22.9,0.8,7,0.0,20240607,61.6,29.2,2024,0.0,2024-06-07,137,6
154,18.7,8.4,0.0,20.0,0.5,8,10.4,20240608,84.1,22.8,2024,0.0,2024-06-08,137,6
155,18.1,5.4,8.1,23.0,0.8,9,0.0,20240609,74.4,29.3,2024,0.0,2024-06-09,137,6
156,18.7,0.5,12.2,25.6,1.5,10,0.0,20240610,61.5,32.0,2024,0.0,2024-06-10,137,6
157,19.6,1.1,12.0,26.4,1.5,11,0.0,20240611,58.3,32.6,2024,0.0,2024-06-11,137,6
158,21.0,1.8,12.9,26.6,1.1,12,0.0,20240612,52.6,33.1,2024,0.0,2024-06-12,137,6
159,19.7,1.4,12.5,27.3,1.0,13,0.0,20240613,49.9,35.0,2024,0.0,2024-06-13,137,6
160,18.9,3.9,11.4,26.8,0.8,14,0.1,20240614,58.3,33.5,2024,0.0,2024-06-14,137,6
161,20.3,6.6,6.1,24.5,1.1,15,5.6,20240615,73.0,31.5,2024,0.0,2024-06-15,137,6
162,19.3,2.5,11.7,24.6,1.7,16,0.0,20240616,58.9,30.2,2024,0.0,2024-06-16,137,6
163,18.1,7.5,4.2,23.9,1.4,17,0.0,20240617,58.9,29.2,2024,0.0,2024-06-17,137,6
164,20.1,0.4,13.5,27.4,1.6,18,0.0,20240618,44.6,35.2,2024,0.0,2024-06-18,137,6
165,20.2,5.3,11.9,28.0,0.9,19,0.0,20240619,54.4,35.5,2024,0.0,2024-06-19,137,6
166,19.2,7.1,5.0,24.1,0.8,20,0.0,20240620,62.4,30.4,2024,0.0,2024-06-20,137,6
167,16.8,6.4,10.5,25.2,0.6,21,0.0,20240621,66.9,32.0,2024,0.0,2024-06-21,137,6
168,21.8,9.8,0.0,22.9,0.4,22,13.7,20240622,92.3,24.6,2024,0.0,2024-06-22,137,6
169,22.2,7.6,3.7,24.6,1.4,23,2.4,20240623,85.5,28.4,2024,0.0,2024-06-23,137,6
170,21.8,7.1,8.3,26.3,1.8,24,0.2,20240624,66.4,32.0,2024,0.0,2024-06-24,137,6
171,18.7,7.5,9.1,23.6,1.9,25,0.0,20240625,58.4,28.2,2024,0.0,2024-06-25,137,6
172,18.5,3.5,13.6,24.2,0.8,26,0.0,20240626,61.4,30.7,2024,0.0,2024-06-26,137,6
173,16.8,6.4,0.3,21.8,0.4,27,0.0,20240627,74.8,26.8,2024,0.0,2024-06-27,137,6
174,16.0,2.0,13.1,25.1,0.5,28,0.0,20240628,61.3,33.5,2024,0.0,2024-06-28,137,6
175,20.5,8.3,5.5,24.7,0.9,29,42.9,20240629,76.8,31.5,2024,0.0,2024-06-29,137,6
176,22.7,9.0,1.3,24.6,1.6,30,40.9,20240630,89.1,27.4,2024,0.0,2024-06-30,137,6
177,21.6,3.9,11.1,26.4,1.0,1,0.0,20240701,71.6,31.8,2024,0.0,2024-07-01,137,7
178,21.3,9.9,0.0,22.2,0.9,2,42.6,20240702,96.8,23.7,2024,0.0,2024-07-02,137,7
179,22.3,5.9,4.3,26.1,1.4,3,21.1,20240703,80.6,30.7,2024,0.0,2024-07-03,137,7
180,21.4,2.1,7.8,27.3,0.9,4,0.0,20240704,73.6,33.7,2024,0.0,2024-07-04,137,7
181,23.1,6.5,9.8,26.3,1.9,5,2.7,20240705,72.9,30.5,2024,0.0,2024-07-05,137,7
182,22.7,8.3,1.5,27.7,0.9,6,0.0,20240706,77.0,32.0,2024,0.0,2024-07-06,137,7
183,23.5,9.6,0.0,26.0,1.1,7,74.7,20240707,91.4,29.6,2024,0.0,2024-07-07,137,7
184,23.0,10.0,0.0,23.8,1.0,8,196.1,20240708,99.0,25.0,2024,0.0,2024-07-08,137,7
185,22.2,9.5,0.0,23.6,0.8,9,13.8,20240709,96.8,25.5,2024,0.0,2024-07-09,137,7
186,20.6,8.1,0.7,23.1,1.1,10,69.4,20240710,93.6,26.6,2024,0.0,2024-07-10,137,7
187,22.6,7.4,2.5,25.7,1.0,11,0.0,20240711,83.1,29.8,2024,0.0,2024-07-11,137,7
188,21.7,1.8,10.8,26.7,0.8,12,0.0,20240712,78.9,31.8,2024,0.0,2024-07-12,137,7
189,22.6,3.9,7.0,26.6,0.6,13,0.0,20240713,78.6,31.3,2024,0.0,2024-07-13,137,7
190,23.1,8.8,0.1,24.2,0.7,14,0.5,20240714,88.1,26.6,2024,0.0,2024-07-14,137,7
191,22.5,6.8,2.5,25.5,0.7,15,0.0,20240715,82.1,29.0,2024,0.0,2024-07-15,137,7
192,22.2,9.0,0.2,24.1,0.6,16,63.9,20240716,91.9,28.0,2024,0.0,2024-07-16,137,7
193,22.2,9.8,0.5,25.6,0.5,17,0.6,20240717,91.6,29.7,2024,0.0,2024-07-17,137,7
194,24.2,9.5,0.0,26.1,0.9,18,21.1,20240718,90.8,28.7,2024,0.0,2024-07-18,137,7
195,24.2,6.1,2.9,26.4,0.9,19,1.2,20240719,84.4,30.7,2024,0.0,2024-07-19,137,7
196,22.5,7.0,3.9,25.7,0.5,20,6.9,20240720,90.8,29.3,2024,0.0,2024-07-20,137,7
197,24.6,5.6,7.7,28.3,1.6,21,10.8,20240721,80.0,32.9,2024,0.0,2024-07-21,137,7
198,24.7,6.5,7.3,29.1,0.9,22,0.0,20240722,78.0,33.4,2024,0.0,2024-07-22,137,7
199,25.3,9.3,1.3,27.8,1.3,23,0.2,20240723,81.9,30.0,2024,0.0,2024-07-23,137,7
200,24.5,5.4,3.5,27.4,0.7,24,6.7,20240724,88.9,31.6,2024,0.0,2024-07-24,137,7
201,24.2,7.3,7.9,27.6,0.8,25,0.0,20240725,86.9,33.9,2024,0.0,2024-07-25,137,7
202,24.8,8.1,4.6,28.2,1.0,26,0.4,20240726,84.0,33.2,2024,0.0,2024-07-26,137,7
203,25.5,8.9,3.1,28.1,0.7,27,1.9,20240727,88.0,33.4,2024,0.0,2024-07-27,137,7
204,25.7,4.4,9.3,29.6,0.8,28,0.0,20240728,78.1,34.7,2024,0.0,2024-07-28,137,7
205,26.2,1.3,8.4,29.1,1.8,29,0.0,20240729,72.9,33.2,2024,0.0,2024-07-29,137,7
206,26.6,2.4,6.4,29.2,1.6,30,0.0,20240730,73.3,32.7,2024,0.0,2024-07-30,137,7
207,25.7,1.3,8.4,29.5,1.0,31,0.0,20240731,75.3,34.0,2024,0.0,2024-07-31,137,7
208,26.0,2.9,9.2,29.9,0.9,1,0.0,20240801,77.3,34.3,2024,0.0,2024-08-01,137,8
209,26.2,3.0,8.2,30.4,1.0,2,0.0,20240802,77.8,35.1,2024,0.0,2024-08-02,137,8
210,27.6,2.6,5.8,30.8,1.0,3,0.0,20240803,77.0,35.5,2024,0.0,2024-08-03,137,8
211,25.3,3.0,10.0,29.9,0.6,4,0.0,20240804,79.3,35.7,2024,0.0,2024-08-04,137,8
212,23.2,6.8,5.9,28.1,0.9,5,16.5,20240805,83.5,34.9,2024,0.0,2024-08-05,137,8
213,23.3,4.9,8.6,27.6,0.6,6,0.0,20240806,82.9,33.9,2024,0.0,2024-08-06,137,8
214,23.7,4.8,10.0,28.6,0.5,7,0.0,20240807,80.0,34.6,2024,0.0,2024-08-07,137,8
215,25.2,7.0,3.7,28.0,1.1,8,0.0,20240808,80.5,32.1,2024,0.0,2024-08-08,137,8
216,23.7,0.3,12.3,28.2,0.8,9,0.0,20240809,76.5,34.0,2024,0.0,2024-08-09,137,8
217,23.2,2.8,9.0,28.2,0.5,10,0.0,20240810,78.9,33.7,2024,0.0,2024-08-10,137,8
218,25.2,4.5,9.1,28.9,0.7,11,0.0,20240811,76.9,33.9,2024,0.0,2024-08-11,137,8
219,23.8,1.8,11.5,29.2,0.8,12,0.0,20240812,73.0,34.9,2024,0.0,2024-08-12,137,8
220,23.4,2.4,12.4,28.7,0.7,13,0.0,20240813,69.5,34.6,2024,0.0,2024-08-13,137,8
221,23.0,2.9,12.2,28.2,0.6,14,0.0,20240814,71.3,34.5,2024,0.0,2024-08-14,137,8
222,22.8,3.4,12.3,28.6,0.6,15,0.0,20240815,70.6,33.9,2024,0.0,2024-08-15,137,8
223,23.2,5.0,9.8,28.1,0.7,16,0.0,20240816,75.3,33.1,2024,0.0,2024-08-16,137,8
224,23.2,3.8,12.0,28.3,0.7,17,0.0,20240817,75.6,35.3,2024,0.0,2024-08-17,137,8
225,23.2,4.0,8.7,28.2,0.6,18,0.0,20240818,75.6,34.5,2024,0.0,2024-08-18,137,8
226,24.3,4.3,10.0,29.1,0.7,19,0.0,20240819,72.9,34.6,2024,0.0,2024-08-19,137,8
227,26.1,8.1,4.4,28.5,0.7,20,6.3,20240820,84.3,34.4,2024,0.0,2024-08-20,137,8
228,25.6,7.9,0.1,27.5,0.6,21,23.6,20240821,91.8,30.8,2024,0.0,2024-08-21,137,8
229,25.3,6.6,2.7,27.8,1.0,22,1.8,20240822,88.5,32.7,2024,0.0,2024-08-22,137,8
230,24.2,2.6,10.0,28.0,1.1,23,0.0,20240823,77.0,33.5,2024,0.0,2024-08-23,137,8
231,23.5,2.9,9.6,28.4,0.6,24,0.0,20240824,79.5,34.2,2024,0.0,2024-08-24,137,8
232,23.7,3.1,10.0,28.4,0.6,25,0.0,20240825,77.5,33.5,2024,0.0,2024-08-25,137,8
233,23.5,9.0,2.0,27.4,0.5,26,11.3,20240826,84.3,32.0,2024,0.0,2024-08-26,137,8
234,22.7,8.9,0.0,24.9,0.6,27,0.0,20240827,89.3,29.0,2024,0.0,2024-08-27,137,8
235,20.1,5.5,3.0,25.2,0.7,28,0.0,20240828,79.0,29.7,2024,0.0,2024-08-28,137,8
236,22.3,3.9,9.3,26.0,1.1,29,2.2,20240829,80.8,32.1,2024,0.0,2024-08-29,137,8
237,21.7,0.9,11.1,27.6,0.9,30,0.0,20240830,74.4,34.4,2024,0.0,2024-08-30,137,8
238,23.0,1.5,11.4,27.2,1.0,31,0.0,20240831,69.6,32.5,2024,0.0,2024-08-31,137,8
239,22.5,3.6,10.0,26.5,0.8,1,0.0,20240901,70.8,33.2,2024,0.0,2024-09-01,137,9
240,21.2,7.6,3.0,25.1,0.5,2,0.0,20240902,82.1,28.3,2024,0.0,2024-09-02,137,9
241,22.2,5.5,6.7,25.7,0.7,3,0.0,20240903,66.6,30.1,2024,0.0,2024-09-03,137,9
242,19.0,4.0,11.8,24.7,0.7,4,0.0,20240904,70.6,31.8,2024,0.0,2024-09-04,137,9
243,19.2,5.5,10.1,26.8,1.1,5,0.0,20240905,69.8,34.2,2024,0.0,2024-09-05,137,9
244,22.7,9.8,0.0,25.3,0.6,6,0.2,20240906,83.1,27.0,2024,0.0,2024-09-06,137,9
245,20.8,7.5,3.1,23.7,0.6,7,0.7,20240907,90.4,28.0,2024,0.0,2024-09-07,137,9
246,23.3,4.5,7.6,27.6,0.5,8,0.0,20240908,78.4,33.2,2024,0.0,2024-09-08,137,9
247,24.2,3.3,7.4,28.2,0.7,9,0.0,20240909,72.0,33.7,2024,0.0,2024-09-09,137,9
248,22.1,0.0,11.6,27.7,0.6,10,0.0,20240910,74.4,34.8,2024,0.0,2024-09-10,137,9
249,23.2,9.3,1.8,26.7,0.6,11,78.4,20240911,83.3,32.4,2024,0.0,2024-09-11,137,9
250,23.9,9.9,0.0,25.5,0.4,12,1.3,20240912,95.8,28.0,2024,0.0,2024-09-12,137,9
251,24.3,7.8,5.6,28.0,0.4,13,0.0,20240913,84.6,33.5,2024,0.0,2024-09-13,137,9
252,23.8,4.6,10.3,28.9,0.7,14,0.0,20240914,75.3,34.3,2024,0.0,2024-09-14,137,9
253,24.5,6.4,4.9,27.9,0.9,15,0.0,20240915,77.4,33.5,2024,0.0,2024-09-15,137,9
254,24.2,8.8,0.0,26.2,0.7,16,0.0,20240916,81.3,28.7,2024,0.0,2024-09-16,137,9
255,24.7,5.0,10.7,28.9,0.5,17,0.0,20240917,79.6,34.5,2024,0.0,2024-09-17,137,9
256,24.2,6.6,6.8,27.1,0.7,18,4.9,20240918,87.3,33.9,2024,0.0,2024-09-18,137,9
257,24.3,8.5,0.9,26.2,0.3,19,0.0,20240919,92.0,29.6,2024,0.0,2024-09-19,137,9
258,24.2,10.0,0.0,25.4,0.3,20,18.9,20240920,97.4,27.3,2024,0.0,2024-09-20,137,9
259,19.0,7.9,4.7,21.5,0.8,22,0.0,20240922,82.4,26.7,2024,0.0,2024-09-22,137,9
260,14.1,3.8,9.1,19.5,0.8,23,0.0,20240923,69.4,25.2,2024,0.0,2024-09-23,137,9
261,12.3,4.0,9.8,18.9,0.6,24,0.0,20240924,78.0,26.4,2024,0.0,2024-09-24,137,9
262,16.7,4.6,9.0,21.6,0.5,25,0.0,20240925,81.6,27.8,2024,0.0,2024-09-25,137,9
263,18.7,4.5,6.9,23.0,0.6,26,0.0,20240926,81.9,29.3,2024,0.0,2024-09-26,137,9
264,18.7,2.6,9.3,23.0,0.6,27,0.0,20240927,80.4,29.0,2024,0.0,2024-09-27,137,9
265,17.8,5.1,2.9,22.0,0.7,28,0.0,20240928,79.1,26.5,2024,0.0,2024-09-28,137,9
266,16.2,2.8,8.4,20.9,0.8,29,0.0,20240929,74.9,27.1,2024,0.0,2024-09-29,137,9
