,tmin,cloud,sunshine,tavg,wind,day,rainfall,date,humid,tmax,year,snow,Date,station_id,month
0,1.5,2.3,3.5,4.8,2.0,1,0.0,20040101,58.5,8.9,2004,0.0,2004-01-01,137,1
1,0.6,5.0,2.7,2.9,2.4,2,0.4,20040102,69.5,7.9,2004,0.0,2004-01-02,137,1
2,-1.9,0.3,6.5,2.9,2.3,3,0.0,20040103,51.4,9.2,2004,0.0,2004-01-03,137,1
3,-5.3,0.0,8.1,0.7,0.9,4,0.0,20040104,56.5,9.3,2004,0.0,2004-01-04,137,1
4,-7.2,2.4,6.6,-1.0,0.2,5,0.0,20040105,59.8,8.6,2004,0.0,2004-01-05,137,1
5,-5.0,4.4,4.1,1.1,0.6,6,0.0,20040106,61.5,7.2,2004,0.0,2004-01-06,137,1
6,-2.1,1.5,6.2,2.7,2.9,7,0.0,20040107,59.1,8.3,2004,0.0,2004-01-07,137,1
7,-6.6,1.5,7.2,-1.4,0.6,8,0.0,20040108,61.4,5.4,2004,0.0,2004-01-08,137,1
8,-6.2,1.1,4.9,0.5,1.6,9,0.0,20040109,62.9,9.0,2004,0.0,2004-01-09,137,1
9,-1.9,3.6,6.7,2.2,3.2,10,0.0,20040110,43.0,7.2,2004,0.0,2004-01-10,137,1
10,-6.3,4.3,4.7,-0.9,0.6,11,0.0,20040111,57.6,5.6,2004,0.0,2004-01-11,137,1
11,-5.3,4.4,4.4,0.0,2.5,12,2.7,20040112,68.3,5.4,2004,2.9,2004-01-12,137,1
12,-5.4,2.1,6.3,-3.6,5.0,13,0.2,20040113,61.9,-0.6,2004,0.2,2004-01-13,137,1
13,-7.2,1.1,8.7,-3.2,2.8,14,0.0,20040114,46.8,2.2,2004,0.0,2004-01-14,137,1
14,-7.7,3.5,7.0,-1.2,1.6,15,0.0,20040115,51.5,5.2,2004,0.0,2004-01-15,137,1
15,-6.4,7.4,1.1,-0.3,0.7,16,0.0,20040116,71.0,4.8,2004,0.0,2004-01-16,137,1
16,-0.5,10.0,0.0,1.5,1.1,17,2.5,20040117,87.5,3.5,2004,0.0,2004-01-17,137,1
17,-0.5,9.6,0.8,0.8,2.1,18,0.4,20040118,79.5,4.7,2004,0.0,2004-01-18,137,1
18,-2.5,4.3,6.7,0.1,3.4,19,0.3,20040119,56.0,4.2,2004,0.7,2004-01-19,137,1
19,-4.9,2.1,8.6,-1.5,2.4,20,0.0,20040120,44.0,2.7,2004,0.0,2004-01-20,137,1
20,-14.0,3.0,8.3,-9.8,4.3,21,0.0,20040121,38.3,-2.6,2004,0.0,2004-01-21,137,1
21,-14.2,0.3,8.7,-10.0,5.0,22,0.0,20040122,43.9,-5.0,2004,0.0,2004-01-22,137,1
22,-9.8,0.8,8.7,-6.1,3.3,23,0.0,20040123,44.1,0.0,2004,0.0,2004-01-23,137,1
23,-8.9,0.0,8.9,-5.2,2.9,24,0.0,20040124,44.9,0.3,2004,0.0,2004-01-24,137,1
24,-8.8,1.1,7.5,-5.4,3.7,25,0.0,20040125,53.3,-0.6,2004,0.0,2004-01-25,137,1
25,-7.9,2.1,8.8,-3.4,2.9,26,0.0,20040126,54.9,2.4,2004,0.0,2004-01-26,137,1
26,-6.8,1.1,8.8,-2.6,3.6,27,0.0,20040127,52.4,3.2,2004,0.0,2004-01-27,137,1
27,-4.4,1.4,7.0,0.3,3.1,28,0.0,20040128,60.3,5.8,2004,0.0,2004-01-28,137,1
28,-3.1,2.1,5.8,1.5,1.7,29,0.0,20040129,61.1,8.4,2004,0.0,2004-01-29,137,1
29,-6.6,0.1,8.6,1.7,1.6,30,0.0,20040130,53.0,9.4,2004,0.0,2004-01-30,137,1
30,-7.1,0.0,8.9,1.1,0.8,31,0.0,20040131,49.5,11.4,2004,0.0,2004-01-31,137,1
31,-6.6,3.3,4.8,1.7,0.7,1,0.0,20040201,56.5,10.2,2004,0.0,2004-02-01,137,2
32,-4.0,3.3,5.9,0.6,3.5,2,0.0,20040202,45.4,5.1,2004,0.0,2004-02-02,137,2
33,-5.9,1.0,8.6,-2.7,3.6,3,0.0,20040203,47.4,1.8,2004,0.0,2004-02-03,137,2
34,-6.0,3.6,7.4,-1.6,2.6,4,6.0,20040204,61.1,3.2,2004,7.4,2004-02-04,137,2
35,-6.4,4.9,8.7,-3.5,3.8,5,1.0,20040205,57.5,0.4,2004,1.3,2004-02-05,137,2
36,-10.4,3.0,7.2,-3.8,2.7,6,1.5,20040206,65.8,1.4,2004,1.8,2004-02-06,137,2
37,-5.4,2.9,7.8,-2.5,3.4,7,0.2,20040207,56.5,0.7,2004,0.5,2004-02-07,137,2
38,-7.0,1.3,5.9,0.7,2.5,8,0.0,20040208,51.4,8.1,2004,0.0,2004-02-08,137,2
39,-5.4,0.0,9.3,-1.1,2.1,9,0.0,20040209,46.3,5.3,2004,0.0,2004-02-09,137,2
40,-8.8,0.0,9.3,-0.6,1.3,10,0.0,20040210,46.5,7.7,2004,0.0,2004-02-10,137,2
41,-6.3,2.1,7.4,2.2,2.2,11,0.0,20040211,53.3,10.8,2004,0.0,2004-02-11,137,2
42,-2.7,0.9,9.3,2.5,2.0,12,0.0,20040212,52.8,9.1,2004,0.0,2004-02-12,137,2
43,-5.0,3.5,5.9,1.2,0.6,13,0.0,20040213,53.8,9.4,2004,0.0,2004-02-13,137,2
44,-1.0,4.6,6.9,2.7,4.7,14,2.5,20040214,53.1,6.8,2004,0.0,2004-02-14,137,2
45,-0.2,0.0,9.5,4.2,3.9,15,0.0,20040215,37.4,10.6,2004,0.0,2004-02-15,137,2
46,-3.9,1.0,9.2,4.7,1.2,16,0.0,20040216,51.3,12.2,2004,0.0,2004-02-16,137,2
47,1.4,2.5,9.0,6.7,3.4,17,0.0,20040217,31.8,11.7,2004,0.0,2004-02-17,137,2
48,-4.9,0.0,9.3,4.3,1.3,18,0.0,20040218,40.4,15.3,2004,0.0,2004-02-18,137,2
49,-4.1,0.0,9.4,6.6,0.9,19,0.0,20040219,39.4,19.5,2004,0.0,2004-02-19,137,2
50,-2.6,0.6,9.2,6.9,0.5,20,0.0,20040220,50.3,17.6,2004,0.0,2004-02-20,137,2
51,4.7,9.8,2.2,8.9,1.0,21,1.5,20040221,75.3,13.4,2004,0.0,2004-02-21,137,2
52,2.1,10.0,0.0,7.0,3.5,22,8.5,20040222,83.9,13.1,2004,0.0,2004-02-22,137,2
53,-0.6,2.8,9.8,3.5,4.0,23,0.0,20040223,49.6,8.8,2004,0.0,2004-02-23,137,2
54,-2.8,4.0,8.8,4.5,2.0,24,0.0,20040224,52.1,12.4,2004,0.0,2004-02-24,137,2
55,-0.6,2.9,8.4,7.3,3.1,25,0.0,20040225,53.5,15.5,2004,0.0,2004-02-25,137,2
56,-0.1,2.5,6.3,2.4,4.0,26,0.0,20040226,43.6,6.7,2004,0.0,2004-02-26,137,2
57,-1.1,0.6,10.0,2.8,2.8,27,0.0,20040227,42.5,8.9,2004,0.0,2004-02-27,137,2
58,-4.0,7.4,1.1,1.4,0.7,28,2.0,20040228,72.6,5.6,2004,0.0,2004-02-28,137,2
59,2.8,6.6,8.1,6.9,2.6,29,0.0,20040229,51.0,12.6,2004,0.0,2004-02-29,137,2
60,0.0,1.6,9.7,4.9,2.7,1,0.0,20040301,28.6,13.0,2004,0.0,2004-03-01,137,3
61,-2.6,0.9,10.1,1.2,3.9,2,0.0,20040302,25.4,6.5,2004,0.0,2004-03-02,137,3
62,-4.5,5.0,2.0,-2.6,2.3,3,0.1,20040303,52.5,0.6,2004,0.0,2004-03-03,137,3
63,-5.3,3.4,9.8,0.5,2.6,4,0.0,20040304,42.1,5.6,2004,0.0,2004-03-04,137,3
64,-1.0,8.5,0.0,-0.3,0.3,5,25.5,20040305,91.3,3.8,2004,30.6,2004-03-05,137,3
65,-5.6,4.5,4.0,-3.6,2.5,6,0.5,20040306,70.8,-0.4,2004,0.8,2004-03-06,137,3
66,-7.9,0.0,10.3,-2.4,3.3,7,0.0,20040307,53.6,2.1,2004,0.0,2004-03-07,137,3
67,-5.6,3.4,6.6,2.3,2.2,8,0.0,20040308,63.6,7.9,2004,0.0,2004-03-08,137,3
68,-4.0,0.0,9.8,3.1,0.5,9,0.0,20040309,71.3,11.2,2004,0.0,2004-03-09,137,3
69,-1.9,5.4,5.0,8.6,1.8,10,0.0,20040310,70.3,18.7,2004,0.0,2004-03-10,137,3
70,3.3,6.0,2.7,7.0,3.0,11,0.0,20040311,30.0,11.3,2004,0.0,2004-03-11,137,3
71,1.0,2.6,10.1,8.2,1.9,12,0.0,20040312,24.4,15.8,2004,0.0,2004-03-12,137,3
72,0.8,2.1,8.7,9.1,1.8,13,0.0,20040313,32.6,16.5,2004,0.0,2004-03-13,137,3
73,1.6,1.1,7.6,8.7,1.9,14,0.0,20040314,58.0,16.1,2004,0.0,2004-03-14,137,3
74,-0.3,1.8,8.6,7.7,0.9,15,0.0,20040315,65.6,16.9,2004,0.0,2004-03-15,137,3
75,1.0,3.3,6.4,11.8,1.3,16,0.0,20040316,59.1,20.3,2004,0.0,2004-03-16,137,3
76,0.6,9.0,0.0,7.8,3.2,17,3.0,20040317,69.3,14.9,2004,0.0,2004-03-17,137,3
77,-2.3,0.0,11.1,3.1,3.3,18,0.0,20040318,39.1,10.4,2004,0.0,2004-03-18,137,3
78,-2.2,3.3,10.0,5.4,1.3,19,0.0,20040319,34.4,12.6,2004,0.0,2004-03-19,137,3
79,2.7,4.0,9.3,8.3,1.8,20,0.0,20040320,37.1,16.0,2004,0.0,2004-03-20,137,3
80,2.5,8.1,6.3,9.3,1.6,21,0.0,20040321,49.8,16.4,2004,0.0,2004-03-21,137,3
81,5.6,5.1,7.3,9.5,1.3,22,0.5,20040322,64.1,16.0,2004,0.0,2004-03-22,137,3
82,0.7,2.9,9.4,10.0,1.7,23,0.0,20040323,45.4,18.0,2004,0.0,2004-03-23,137,3
83,4.9,3.8,4.7,9.5,2.6,24,0.0,20040324,39.9,14.3,2004,0.0,2004-03-24,137,3
84,3.6,4.3,4.2,8.4,1.3,25,0.0,20040325,45.5,15.6,2004,0.0,2004-03-25,137,3
85,-0.6,0.0,11.0,8.3,1.1,26,0.0,20040326,50.4,18.0,2004,0.0,2004-03-26,137,3
86,-0.2,1.4,8.6,10.1,1.6,27,0.0,20040327,45.0,19.6,2004,0.0,2004-03-27,137,3
87,1.6,0.0,10.9,12.8,2.0,28,0.0,20040328,39.6,23.3,2004,0.0,2004-03-28,137,3
88,6.9,8.1,4.0,14.5,1.5,29,0.0,20040329,53.3,22.1,2004,0.0,2004-03-29,137,3
89,5.3,4.6,8.1,12.6,4.5,30,0.0,20040330,38.8,18.7,2004,0.0,2004-03-30,137,3
90,3.5,0.0,10.5,9.4,3.7,31,0.0,20040331,32.0,16.4,2004,0.0,2004-03-31,137,3
91,0.4,5.5,5.0,8.5,1.5,1,19.0,20040401,58.6,17.2,2004,0.0,2004-04-01,137,4
92,4.9,3.8,10.1,8.0,5.1,2,3.5,20040402,57.3,12.4,2004,0.0,2004-04-02,137,4
93,3.1,3.6,5.5,6.9,2.9,3,0.0,20040403,51.4,10.9,2004,0.0,2004-04-03,137,4
94,2.6,0.8,10.5,8.2,2.5,4,0.0,20040404,43.4,14.4,2004,0.0,2004-04-04,137,4
95,1.6,0.3,11.8,10.6,3.1,5,0.0,20040405,26.5,18.3,2004,0.0,2004-04-05,137,4
96,3.3,7.1,3.3,10.7,1.5,6,0.0,20040406,37.0,17.3,2004,0.0,2004-04-06,137,4
97,6.6,5.8,5.5,10.4,2.4,7,0.0,20040407,50.4,16.1,2004,0.0,2004-04-07,137,4
98,3.6,0.0,11.6,12.2,3.0,8,0.0,20040408,30.5,19.8,2004,0.0,2004-04-08,137,4
99,3.6,0.0,10.9,15.1,2.7,9,0.0,20040409,30.3,23.4,2004,0.0,2004-04-09,137,4
100,7.0,4.0,10.1,17.5,2.3,10,0.0,20040410,34.8,25.9,2004,0.0,2004-04-10,137,4
101,12.9,3.1,10.7,18.5,2.8,11,0.0,20040411,29.0,25.3,2004,0.0,2004-04-11,137,4
102,10.2,3.6,8.1,17.3,1.9,12,0.0,20040412,48.8,25.8,2004,0.0,2004-04-12,137,4
103,6.1,0.3,10.9,14.9,1.3,13,0.0,20040413,53.5,23.6,2004,0.0,2004-04-13,137,4
104,9.3,2.8,10.7,16.4,1.9,14,0.0,20040414,45.4,24.7,2004,0.0,2004-04-14,137,4
105,7.4,2.4,8.6,17.1,2.1,15,0.0,20040415,30.0,24.1,2004,0.0,2004-04-15,137,4
106,8.7,0.1,11.4,18.8,2.9,16,0.0,20040416,33.6,25.8,2004,0.0,2004-04-16,137,4
107,10.4,1.8,11.0,20.9,2.3,17,0.0,20040417,29.6,28.8,2004,0.0,2004-04-17,137,4
108,8.5,7.1,5.8,16.6,1.5,18,12.5,20040418,58.0,27.1,2004,0.0,2004-04-18,137,4
109,13.7,7.8,2.2,16.1,2.1,19,1.5,20040419,85.3,21.1,2004,0.0,2004-04-19,137,4
110,12.6,1.1,11.2,18.6,3.6,20,0.0,20040420,53.6,25.3,2004,0.0,2004-04-20,137,4
111,9.6,1.5,9.6,20.2,2.0,21,0.0,20040421,50.6,30.5,2004,0.0,2004-04-21,137,4
112,11.3,5.3,7.3,18.9,2.0,22,0.5,20040422,66.0,30.3,2004,0.0,2004-04-22,137,4
113,9.4,0.8,11.3,13.7,3.1,23,0.0,20040423,32.6,19.6,2004,0.0,2004-04-23,137,4
114,6.0,2.6,10.3,12.7,2.4,24,0.0,20040424,35.8,19.5,2004,0.0,2004-04-24,137,4
115,3.8,2.5,11.8,14.0,2.4,25,0.0,20040425,26.9,21.9,2004,0.0,2004-04-25,137,4
116,7.4,9.5,0.0,9.4,1.5,26,38.0,20040426,72.3,13.1,2004,0.0,2004-04-26,137,4
117,4.9,8.8,0.0,8.6,1.4,27,14.5,20040427,84.9,11.5,2004,0.0,2004-04-27,137,4
118,4.4,0.5,11.9,12.3,2.5,28,0.0,20040428,57.1,21.0,2004,0.0,2004-04-28,137,4
119,6.7,1.9,11.6,17.0,2.1,29,0.0,20040429,40.0,25.1,2004,0.0,2004-04-29,137,4
120,11.3,8.5,0.1,16.1,0.9,30,0.0,20040430,61.3,22.1,2004,0.0,2004-04-30,137,4
121,11.4,4.9,7.4,15.9,2.0,1,0.0,20040501,60.9,23.9,2004,0.0,2004-05-01,137,5
122,10.6,9.0,0.6,14.4,1.4,2,1.0,20040502,80.5,20.1,2004,0.0,2004-05-02,137,5
123,14.5,10.0,0.0,16.5,1.4,3,5.5,20040503,91.1,20.1,2004,0.0,2004-05-03,137,5
124,9.7,5.4,7.4,14.2,2.9,4,0.5,20040504,55.3,21.1,2004,0.0,2004-05-04,137,5
125,8.6,1.4,12.0,17.3,2.4,5,0.0,20040505,40.5,24.6,2004,0.0,2004-05-05,137,5
126,13.8,0.0,11.8,19.3,2.8,6,0.0,20040506,40.9,25.8,2004,0.0,2004-05-06,137,5
127,7.3,2.9,11.4,17.8,1.2,7,0.0,20040507,45.1,27.4,2004,0.0,2004-05-07,137,5
128,9.0,8.9,0.8,15.6,0.7,8,2.5,20040508,70.5,21.4,2004,0.0,2004-05-08,137,5
129,12.4,10.0,0.0,14.2,1.0,9,36.0,20040509,94.0,15.4,2004,0.0,2004-05-09,137,5
130,15.0,7.5,3.6,17.2,2.0,10,10.5,20040510,85.4,21.5,2004,0.0,2004-05-10,137,5
131,14.2,4.0,9.9,19.3,2.0,11,0.0,20040511,71.8,25.2,2004,0.0,2004-05-11,137,5
132,13.7,9.9,0.0,16.2,0.5,12,7.5,20040512,90.1,18.0,2004,0.0,2004-05-12,137,5
133,13.9,6.5,5.1,17.7,2.5,13,2.0,20040513,72.4,21.8,2004,0.0,2004-05-13,137,5
134,12.0,1.6,11.2,19.4,1.2,14,0.0,20040514,62.4,26.8,2004,0.0,2004-05-14,137,5
135,13.3,9.5,0.0,14.3,0.8,15,2.0,20040515,85.3,17.2,2004,0.0,2004-05-15,137,5
136,13.1,9.6,1.9,17.0,1.5,16,0.0,20040516,73.5,21.8,2004,0.0,2004-05-16,137,5
137,13.0,5.6,4.7,16.5,2.6,17,0.0,20040517,64.8,20.5,2004,0.0,2004-05-17,137,5
138,9.5,1.9,10.4,19.3,1.8,18,0.0,20040518,56.4,27.3,2004,0.0,2004-05-18,137,5
139,15.7,4.6,6.8,20.9,2.1,19,0.0,20040519,49.0,26.7,2004,0.0,2004-05-19,137,5
140,10.9,3.5,7.8,19.1,1.0,20,19.5,20040520,70.0,28.2,2004,0.0,2004-05-20,137,5
141,14.4,4.9,7.5,17.8,2.4,21,5.5,20040521,61.1,23.0,2004,0.0,2004-05-21,137,5
142,11.6,1.4,12.3,18.7,2.6,22,0.0,20040522,40.4,24.7,2004,0.0,2004-05-22,137,5
143,13.7,3.0,8.4,18.2,2.3,23,0.0,20040523,50.0,23.7,2004,0.0,2004-05-23,137,5
144,13.0,0.8,11.0,19.5,2.1,24,0.0,20040524,50.4,26.9,2004,0.0,2004-05-24,137,5
145,12.5,1.6,11.6,20.9,1.6,25,0.0,20040525,46.1,28.3,2004,0.0,2004-05-25,137,5
146,15.2,8.5,0.1,18.5,0.9,26,0.0,20040526,66.4,23.3,2004,0.0,2004-05-26,137,5
147,15.6,8.9,4.6,21.5,0.6,27,0.0,20040527,67.5,28.5,2004,0.0,2004-05-27,137,5
148,19.0,9.9,0.4,22.0,1.0,28,21.5,20040528,84.0,27.1,2004,0.0,2004-05-28,137,5
149,19.4,5.4,9.4,23.7,2.2,29,1.0,20040529,71.9,28.9,2004,0.0,2004-05-29,137,5
150,15.9,7.3,2.1,20.9,1.1,30,1.0,20040530,80.4,28.0,2004,0.0,2004-05-30,137,5
151,15.7,6.0,9.2,20.9,2.4,31,0.0,20040531,52.9,26.7,2004,0.0,2004-05-31,137,5
152,10.8,2.9,11.7,20.8,1.1,1,0.0,20040601,51.6,29.5,2004,0.0,2004-06-01,137,6
153,13.2,2.6,11.7,21.6,0.8,2,0.0,20040602,57.4,30.5,2004,0.0,2004-06-02,137,6
154,12.9,0.0,12.3,22.2,0.7,3,0.0,20040603,58.8,32.5,2004,0.0,2004-06-03,137,6
155,14.5,4.1,10.8,23.6,0.5,4,0.0,20040604,63.8,34.1,2004,0.0,2004-06-04,137,6
156,16.5,5.5,9.2,24.2,0.8,5,0.0,20040605,56.9,32.6,2004,0.0,2004-06-05,137,6
157,17.8,8.6,7.8,24.0,0.9,6,0.0,20040606,45.6,31.9,2004,0.0,2004-06-06,137,6
158,15.0,9.5,0.0,19.0,0.9,7,0.5,20040607,71.9,23.1,2004,0.0,2004-06-07,137,6
159,14.3,8.8,0.3,17.5,1.0,8,1.5,20040608,83.9,20.6,2004,0.0,2004-06-08,137,6
160,17.4,3.4,9.1,22.0,2.1,9,0.0,20040609,62.8,27.1,2004,0.0,2004-06-09,137,6
161,18.1,1.0,11.5,24.3,1.9,10,0.0,20040610,52.1,32.7,2004,0.0,2004-06-10,137,6
162,14.1,3.0,10.0,23.2,1.1,11,0.0,20040611,53.5,31.3,2004,0.0,2004-06-11,137,6
163,15.8,3.9,3.2,23.5,1.9,12,0.0,20040612,50.4,28.7,2004,0.0,2004-06-12,137,6
164,9.9,0.0,12.3,21.5,1.4,13,0.0,20040613,52.5,31.6,2004,0.0,2004-06-13,137,6
165,15.6,1.4,11.8,23.9,1.7,14,0.0,20040614,50.0,31.6,2004,0.0,2004-06-14,137,6
166,15.2,3.4,11.8,24.0,0.8,15,0.0,20040615,47.3,33.4,2004,0.0,2004-06-15,137,6
167,15.5,6.6,6.8,23.9,1.1,16,0.0,20040616,55.4,31.0,2004,0.0,2004-06-16,137,6
168,14.6,10.0,0.0,16.4,1.1,17,41.0,20040617,90.5,21.6,2004,0.0,2004-06-17,137,6
169,15.2,9.5,1.8,20.2,0.6,18,0.2,20040618,87.5,25.8,2004,0.0,2004-06-18,137,6
170,18.4,10.0,0.0,19.4,0.9,19,68.5,20040619,94.1,21.4,2004,0.0,2004-06-19,137,6
171,19.4,10.0,0.0,20.8,0.9,20,32.5,20040620,94.0,21.7,2004,0.0,2004-06-20,137,6
172,18.9,8.9,1.6,21.4,1.4,21,58.0,20040621,85.6,25.9,2004,0.0,2004-06-21,137,6
173,19.4,8.6,6.0,23.5,1.6,22,16.5,20040622,74.5,29.1,2004,0.0,2004-06-22,137,6
174,19.1,8.3,4.5,24.9,0.9,23,1.5,20040623,78.6,30.9,2004,0.0,2004-06-23,137,6
175,19.2,9.5,0.6,23.5,1.0,24,0.5,20040624,83.0,27.5,2004,0.0,2004-06-24,137,6
176,19.0,10.0,0.0,21.9,1.5,25,0.1,20040625,80.5,24.5,2004,0.0,2004-06-25,137,6
177,19.8,7.4,3.9,23.0,0.7,26,0.0,20040626,80.1,27.8,2004,0.0,2004-06-26,137,6
178,20.4,7.5,4.5,24.2,0.9,27,2.0,20040627,81.3,30.3,2004,0.0,2004-06-27,137,6
179,19.8,4.6,5.5,24.1,1.3,28,0.0,20040628,75.5,30.0,2004,0.0,2004-06-28,137,6
180,20.2,5.6,5.2,23.8,1.8,29,0.0,20040629,71.9,28.5,2004,0.0,2004-06-29,137,6
181,21.0,8.8,0.0,24.4,0.9,30,0.0,20040630,74.5,28.7,2004,0.0,2004-06-30,137,6
182,20.4,9.9,0.0,23.4,0.7,1,0.0,20040701,77.0,27.3,2004,0.0,2004-07-01,137,7
183,20.7,9.8,0.0,22.4,0.4,2,6.0,20040702,92.0,24.5,2004,0.0,2004-07-02,137,7
184,20.5,9.6,0.0,22.8,0.6,3,55.5,20040703,93.3,26.1,2004,0.0,2004-07-03,137,7
185,20.4,9.8,0.0,22.8,2.5,4,26.0,20040704,88.9,25.7,2004,0.0,2004-07-04,137,7
186,19.5,7.5,5.0,23.6,2.6,5,1.0,20040705,79.4,28.0,2004,0.0,2004-07-05,137,7
187,20.5,4.8,7.4,26.1,0.6,6,0.0,20040706,78.8,32.2,2004,0.0,2004-07-06,137,7
188,19.1,10.0,0.0,21.6,0.6,7,28.5,20040707,93.8,24.7,2004,0.0,2004-07-07,137,7
189,21.4,7.5,1.9,23.2,1.6,8,0.1,20040708,83.4,27.3,2004,0.0,2004-07-08,137,7
190,20.1,3.9,12.1,24.6,1.4,9,0.0,20040709,73.1,31.2,2004,0.0,2004-07-09,137,7
191,19.0,3.5,9.7,24.8,1.0,10,0.0,20040710,72.6,31.2,2004,0.0,2004-07-10,137,7
192,19.8,7.9,0.2,23.0,0.7,11,9.0,20040711,86.1,27.7,2004,0.0,2004-07-11,137,7
193,20.5,7.5,3.4,25.0,1.3,12,21.5,20040712,85.3,31.1,2004,0.0,2004-07-12,137,7
194,22.9,7.6,3.5,25.5,1.3,13,0.5,20040713,82.9,30.9,2004,0.0,2004-07-13,137,7
195,21.4,9.0,0.4,22.8,0.4,14,23.5,20040714,93.4,25.7,2004,0.0,2004-07-14,137,7
196,21.1,10.0,0.0,22.7,0.6,15,14.0,20040715,92.1,25.1,2004,0.0,2004-07-15,137,7
197,21.6,10.0,0.0,24.5,1.1,16,55.5,20040716,86.9,28.0,2004,0.0,2004-07-16,137,7
198,21.6,9.5,0.2,23.9,1.8,17,37.0,20040717,85.3,26.6,2004,0.0,2004-07-17,137,7
199,21.3,6.1,2.7,26.2,0.7,18,0.0,20040718,82.9,32.9,2004,0.0,2004-07-18,137,7
200,22.4,5.4,6.6,27.4,1.6,19,0.0,20040719,76.0,32.4,2004,0.0,2004-07-19,137,7
201,23.4,5.0,4.8,27.8,1.5,20,0.0,20040720,75.9,32.1,2004,0.0,2004-07-20,137,7
202,25.9,4.8,5.6,28.8,1.6,21,0.0,20040721,75.1,33.2,2004,0.0,2004-07-21,137,7
203,25.7,2.8,10.0,29.6,1.7,22,0.0,20040722,71.6,34.5,2004,0.0,2004-07-22,137,7
204,24.9,0.5,12.3,29.4,1.8,23,0.0,20040723,70.0,35.1,2004,0.0,2004-07-23,137,7
205,22.6,1.9,11.6,28.8,1.5,24,0.0,20040724,66.9,34.3,2004,0.0,2004-07-24,137,7
206,23.2,5.9,7.4,27.0,0.9,25,0.0,20040725,76.5,32.3,2004,0.0,2004-07-25,137,7
207,22.7,6.5,5.0,27.4,0.7,26,0.0,20040726,77.6,33.4,2004,0.0,2004-07-26,137,7
208,23.6,6.1,3.1,27.5,0.5,27,0.0,20040727,78.3,32.8,2004,0.0,2004-07-27,137,7
209,23.6,2.3,10.9,28.7,0.8,28,0.0,20040728,71.3,34.8,2004,0.0,2004-07-28,137,7
210,23.6,0.1,12.2,29.2,0.8,29,0.0,20040729,70.3,35.5,2004,0.0,2004-07-29,137,7
211,22.9,0.3,11.8,29.0,0.7,30,0.0,20040730,74.0,35.8,2004,0.0,2004-07-30,137,7
212,23.7,0.9,11.2,29.1,1.0,31,0.0,20040731,63.5,36.3,2004,0.0,2004-07-31,137,7
213,23.0,4.5,8.7,28.2,1.1,1,0.0,20040801,65.3,34.1,2004,0.0,2004-08-01,137,8
214,22.9,4.3,9.4,28.3,1.0,2,0.0,20040802,66.4,35.1,2004,0.0,2004-08-02,137,8
215,23.3,6.6,5.1,27.1,1.0,3,0.0,20040803,77.3,32.8,2004,0.0,2004-08-03,137,8
216,22.9,7.1,6.8,27.1,1.1,4,48.0,20040804,81.6,34.1,2004,0.0,2004-08-04,137,8
217,23.1,8.1,2.1,25.8,0.7,5,0.0,20040805,86.9,31.2,2004,0.0,2004-08-05,137,8
218,23.9,3.6,9.3,28.0,0.8,6,0.0,20040806,77.9,34.2,2004,0.0,2004-08-06,137,8
219,24.3,1.8,11.6,28.9,1.6,7,0.0,20040807,68.6,34.5,2004,0.0,2004-08-07,137,8
220,23.7,2.9,10.8,28.6,2.0,8,0.0,20040808,67.3,33.8,2004,0.0,2004-08-08,137,8
221,23.0,6.5,3.4,27.4,1.1,9,16.0,20040809,79.6,33.8,2004,0.0,2004-08-09,137,8
222,22.9,2.8,8.6,28.1,0.7,10,0.0,20040810,74.1,34.1,2004,0.0,2004-08-10,137,8
223,21.7,1.3,11.7,27.3,0.9,11,0.0,20040811,72.9,33.9,2004,0.0,2004-08-11,137,8
224,19.5,0.3,11.4,26.5,0.7,12,0.0,20040812,71.5,34.9,2004,0.0,2004-08-12,137,8
225,21.5,2.4,9.1,27.8,0.8,13,0.0,20040813,71.0,34.7,2004,0.0,2004-08-13,137,8
226,24.0,8.1,3.3,26.5,0.7,14,4.5,20040814,80.9,32.8,2004,0.0,2004-08-14,137,8
227,22.4,8.8,3.2,25.4,1.0,15,0.5,20040815,77.9,31.3,2004,0.0,2004-08-15,137,8
228,21.7,9.9,0.0,23.4,0.8,16,3.0,20040816,85.1,26.8,2004,0.0,2004-08-16,137,8
229,22.2,10.0,1.4,25.7,0.4,17,4.5,20040817,88.4,32.5,2004,0.0,2004-08-17,137,8
230,20.8,10.0,0.0,22.5,0.8,18,131.0,20040818,95.5,24.2,2004,0.0,2004-08-18,137,8
231,19.7,7.6,2.3,21.8,2.1,19,34.5,20040819,88.1,25.4,2004,0.0,2004-08-19,137,8
232,17.9,9.6,0.0,19.1,0.8,20,6.0,20040820,93.3,20.4,2004,0.0,2004-08-20,137,8
233,19.0,9.8,0.0,20.6,0.6,21,0.3,20040821,88.9,23.8,2004,0.0,2004-08-21,137,8
234,17.9,10.0,0.0,19.0,1.0,22,21.0,20040822,95.0,20.4,2004,0.0,2004-08-22,137,8
235,17.5,9.9,0.0,19.9,0.8,23,37.0,20040823,90.5,23.0,2004,0.0,2004-08-23,137,8
236,18.3,5.8,4.9,21.8,0.6,24,0.4,20040824,85.8,27.6,2004,0.0,2004-08-24,137,8
237,19.2,8.8,0.2,21.9,0.5,25,0.4,20040825,90.4,26.5,2004,0.0,2004-08-25,137,8
238,18.1,9.6,0.0,20.1,0.6,26,13.5,20040826,93.4,21.9,2004,0.0,2004-08-26,137,8
239,19.9,7.0,0.0,22.5,0.9,27,0.0,20040827,81.6,27.3,2004,0.0,2004-08-27,137,8
240,16.7,3.6,10.2,22.2,1.1,28,0.0,20040828,73.8,29.2,2004,0.0,2004-08-28,137,8
241,16.7,3.5,10.4,23.7,0.9,29,0.0,20040829,77.6,31.0,2004,0.0,2004-08-29,137,8
242,20.8,7.9,0.2,24.2,0.9,30,0.1,20040830,83.8,28.2,2004,0.0,2004-08-30,137,8
243,20.3,2.3,9.8,24.7,2.5,31,0.0,20040831,62.9,29.9,2004,0.0,2004-08-31,137,8
244,17.5,3.6,7.2,22.9,1.3,1,0.0,20040901,68.8,29.2,2004,0.0,2004-09-01,137,9
245,14.5,0.0,11.7,21.6,1.7,2,0.0,20040902,61.0,29.5,2004,0.0,2004-09-02,137,9
246,14.0,4.1,6.9,20.9,0.8,3,0.0,20040903,73.9,29.0,2004,0.0,2004-09-03,137,9
247,16.7,3.8,10.1,22.2,0.8,4,0.0,20040904,75.0,29.9,2004,0.0,2004-09-04,137,9
248,15.8,6.9,2.9,21.4,0.8,5,1.0,20040905,80.8,28.3,2004,0.0,2004-09-05,137,9
249,17.8,10.0,0.3,20.0,1.3,6,13.5,20040906,88.3,22.5,2004,0.0,2004-09-06,137,9
250,19.1,8.5,0.0,21.1,1.9,7,4.5,20040907,84.3,24.0,2004,0.0,2004-09-07,137,9
251,18.5,6.1,7.8,21.9,1.8,8,0.5,20040908,71.3,27.9,2004,0.0,2004-09-08,137,9
252,16.8,7.8,1.5,19.9,0.5,9,0.0,20040909,83.4,25.7,2004,0.0,2004-09-09,137,9
253,14.7,7.8,0.8,19.5,0.6,10,1.0,20040910,84.8,25.2,2004,0.0,2004-09-10,137,9
254,16.6,10.0,0.0,17.8,1.6,11,40.5,20040911,91.8,19.1,2004,0.0,2004-09-11,137,9
255,16.6,10.0,0.0,20.5,1.0,12,10.0,20040912,93.4,24.0,2004,0.0,2004-09-12,137,9
256,18.9,8.3,0.5,22.0,1.4,13,10.5,20040913,90.5,27.7,2004,0.0,2004-09-13,137,9
257,17.5,8.8,0.1,20.2,1.1,14,0.0,20040914,86.4,23.0,2004,0.0,2004-09-14,137,9
258,19.0,9.5,1.6,22.2,1.2,15,0.0,20040915,78.3,27.2,2004,0.0,2004-09-15,137,9
259,19.3,5.8,4.9,22.4,1.1,16,16.5,20040916,84.1,29.4,2004,0.0,2004-09-16,137,9
260,18.9,7.0,4.7,22.7,1.0,17,2.5,20040917,87.4,30.0,2004,0.0,2004-09-17,137,9
261,20.1,7.3,1.1,21.8,1.1,18,15.5,20040918,89.6,24.9,2004,0.0,2004-09-18,137,9
262,15.7,1.6,10.3,20.4,1.7,19,0.0,20040919,66.0,26.6,2004,0.0,2004-09-19,137,9
263,13.7,9.6,0.1,16.1,0.9,20,33.0,20040920,87.1,19.5,2004,0.0,2004-09-20,137,9
264,13.7,6.6,5.3,17.1,1.6,21,0.0,20040921,78.8,23.2,2004,0.0,2004-09-21,137,9
265,11.0,2.6,7.5,17.0,0.7,22,0.0,20040922,81.5,25.1,2004,0.0,2004-09-22,137,9
266,13.3,4.9,4.5,17.8,0.7,23,0.0,20040923,83.0,24.7,2004,0.0,2004-09-23,137,9
267,13.6,2.6,7.3,18.5,0.7,24,0.0,20040924,80.4,26.7,2004,0.0,2004-09-24,137,9
268,12.5,6.3,6.0,18.2,1.0,25,0.0,20040925,76.1,25.7,2004,0.0,2004-09-25,137,9
269,14.9,9.5,0.1,17.4,0.7,26,0.5,20040926,85.8,19.7,2004,0.0,2004-09-26,137,9
270,15.1,5.1,6.5,18.7,0.6,27,0.0,20040927,86.1,25.3,2004,0.0,2004-09-27,137,9
271,14.5,9.8,1.3,19.3,1.2,28,0.0,20040928,80.0,25.8,2004,0.0,2004-09-28,137,9
272,14.8,4.4,6.4,19.5,1.0,29,0.0,20040929,73.6,26.9,2004,0.0,2004-09-29,137,9
273,11.1,4.1,7.7,17.5,0.7,30,0.0,20040930,79.1,26.5,2004,0.0,2004-09-30,137,9
274,12.5,7.8,5.4,17.8,2.2,1,0.0,20041001,74.9,25.0,2004,0.0,2004-10-01,137,10
275,7.7,2.0,9.7,12.5,2.0,2,0.0,20041002,47.0,18.2,2004,0.0,2004-10-02,137,10
276,3.6,1.1,9.7,11.6,0.9,3,0.0,20041003,68.0,21.3,2004,0.0,2004-10-03,137,10
277,7.1,3.0,6.2,13.2,0.7,4,0.0,20041004,79.0,21.9,2004,0.0,2004-10-04,137,10
278,7.5,1.4,5.9,14.0,0.7,5,0.0,20041005,80.0,22.7,2004,0.0,2004-10-05,137,10
279,8.2,4.8,6.2,13.7,0.6,6,0.0,20041006,78.6,24.2,2004,0.0,2004-10-06,137,10
280,8.2,8.3,4.2,15.0,0.6,7,0.0,20041007,82.8,22.0,2004,0.0,2004-10-07,137,10
281,13.1,6.9,2.9,16.8,0.8,8,0.0,20041008,83.4,24.5,2004,0.0,2004-10-08,137,10
282,12.7,8.1,0.8,15.4,0.6,9,1.0,20041009,87.0,21.2,2004,0.0,2004-10-09,137,10
283,11.3,2.1,7.3,16.6,0.8,10,0.0,20041010,71.5,25.5,2004,0.0,2004-10-10,137,10
284,7.7,2.8,7.4,16.2,1.2,11,0.0,20041011,72.1,24.5,2004,0.0,2004-10-11,137,10
285,8.4,2.6,7.1,15.0,2.7,12,0.0,20041012,57.3,20.6,2004,0.0,2004-10-12,137,10
286,3.7,1.3,9.3,11.7,1.4,13,0.0,20041013,54.4,20.0,2004,0.0,2004-10-13,137,10
287,5.2,0.4,9.0,9.8,2.4,14,1.0,20041014,58.1,15.6,2004,0.0,2004-10-14,137,10
288,2.7,0.0,9.2,12.1,1.4,15,0.0,20041015,66.3,21.4,2004,0.0,2004-10-15,137,10
289,7.3,1.8,8.0,14.6,1.6,16,0.0,20041016,70.1,24.1,2004,0.0,2004-10-16,137,10
290,5.7,3.9,8.2,12.9,1.4,17,0.0,20041017,69.5,20.4,2004,0.0,2004-10-17,137,10
291,11.0,8.9,0.9,14.2,0.7,18,0.0,20041018,81.6,18.6,2004,0.0,2004-10-18,137,10
292,10.0,8.3,0.1,12.5,0.5,19,0.0,20041019,93.9,16.2,2004,0.0,2004-10-19,137,10
293,8.9,6.8,1.3,14.7,1.3,20,0.0,20041020,75.4,22.4,2004,0.0,2004-10-20,137,10
294,4.2,2.0,8.5,14.1,1.2,21,0.0,20041021,69.3,22.8,2004,0.0,2004-10-21,137,10
295,6.2,1.3,9.1,12.8,2.1,22,0.0,20041022,48.6,18.7,2004,0.0,2004-10-22,137,10
296,3.0,1.3,8.8,10.2,0.8,23,0.0,20041023,68.5,18.8,2004,0.0,2004-10-23,137,10
297,3.7,1.6,8.2,11.0,0.3,24,0.0,20041024,75.4,20.7,2004,0.0,2004-10-24,137,10
298,5.2,7.6,0.7,10.9,0.4,25,0.0,20041025,84.5,17.4,2004,0.0,2004-10-25,137,10
299,7.6,3.5,6.5,12.7,2.2,26,0.0,20041026,56.6,19.2,2004,0.0,2004-10-26,137,10
300,2.2,0.3,8.9,9.4,0.6,27,0.0,20041027,65.4,17.8,2004,0.0,2004-10-27,137,10
301,2.4,0.4,7.7,9.5,0.6,28,0.0,20041028,78.6,19.7,2004,0.0,2004-10-28,137,10
302,4.2,1.1,8.4,11.1,0.4,29,0.0,20041029,79.5,21.2,2004,0.0,2004-10-29,137,10
303,5.9,1.3,8.8,12.6,0.5,30,0.0,20041030,76.5,22.5,2004,0.0,2004-10-30,137,10
304,3.9,2.0,8.7,11.3,0.5,31,0.0,20041031,78.6,20.8,2004,0.0,2004-10-31,137,10
305,3.7,4.8,6.2,11.8,0.6,1,3.5,20041101,83.4,20.0,2004,0.0,2004-11-01,137,11
306,9.8,8.0,1.8,12.1,2.1,2,2.5,20041102,81.0,15.5,2004,0.0,2004-11-02,137,11
307,8.2,5.3,3.5,10.4,2.2,3,0.5,20041103,76.5,14.7,2004,0.0,2004-11-03,137,11
308,5.6,1.6,8.2,11.4,1.0,4,0.0,20041104,74.1,18.4,2004,0.0,2004-11-04,137,11
309,2.2,5.5,2.9,8.3,0.5,5,0.0,20041105,87.6,15.7,2004,0.0,2004-11-05,137,11
310,2.3,2.5,8.7,10.0,2.0,6,0.5,20041106,60.8,16.6,2004,0.0,2004-11-06,137,11
311,-0.6,0.0,8.6,7.8,0.6,7,0.0,20041107,76.4,17.6,2004,0.0,2004-11-07,137,11
312,2.6,1.9,6.2,10.1,0.3,8,0.0,20041108,82.3,20.3,2004,0.0,2004-11-08,137,11
313,3.2,4.0,7.9,10.9,0.6,9,0.0,20041109,79.3,20.1,2004,0.0,2004-11-09,137,11
314,8.9,8.9,0.1,12.9,0.8,10,6.5,20041110,91.9,15.8,2004,0.0,2004-11-10,137,11
315,11.4,7.3,0.4,14.8,2.3,11,0.1,20041111,85.0,17.2,2004,0.0,2004-11-11,137,11
316,1.1,0.9,7.2,7.1,3.9,12,0.0,20041112,53.9,11.6,2004,0.0,2004-11-12,137,11
317,-3.1,6.4,1.8,2.8,0.7,13,0.1,20041113,71.8,6.3,2004,0.0,2004-11-13,137,11
318,2.3,4.5,6.5,8.1,1.3,14,0.0,20041114,62.6,15.2,2004,0.0,2004-11-14,137,11
319,1.6,1.5,8.3,6.3,3.5,15,0.0,20041115,50.5,9.8,2004,0.0,2004-11-15,137,11
320,0.8,0.3,8.6,6.9,2.7,16,0.0,20041116,55.5,12.8,2004,0.0,2004-11-16,137,11
321,-0.9,3.8,7.3,7.2,1.1,17,0.0,20041117,75.0,14.9,2004,0.0,2004-11-17,137,11
322,2.4,2.0,7.7,8.4,0.5,18,0.0,20041118,76.3,16.6,2004,0.0,2004-11-18,137,11
323,0.1,1.9,5.5,7.3,1.0,19,0.0,20041119,78.0,15.7,2004,0.0,2004-11-19,137,11
324,1.8,1.9,5.1,7.5,1.8,20,0.0,20041120,72.3,13.0,2004,0.0,2004-11-20,137,11
325,1.9,0.0,8.6,6.4,2.8,21,0.0,20041121,62.3,12.4,2004,0.0,2004-11-21,137,11
326,-1.5,0.0,8.6,6.4,1.5,22,0.0,20041122,69.1,13.9,2004,0.0,2004-11-22,137,11
327,-0.5,1.6,8.5,7.0,1.1,23,0.0,20041123,68.4,16.1,2004,0.0,2004-11-23,137,11
328,-0.9,1.9,4.6,5.1,0.5,24,0.0,20041124,76.0,13.8,2004,0.0,2004-11-24,137,11
329,-0.8,2.1,7.4,5.8,0.8,25,0.0,20041125,83.8,14.1,2004,0.0,2004-11-25,137,11
330,3.8,8.1,0.8,5.7,3.5,26,10.0,20041126,82.0,9.1,2004,0.0,2004-11-26,137,11
331,5.4,4.5,1.4,7.4,3.5,27,0.0,20041127,66.9,9.8,2004,0.0,2004-11-27,137,11
332,1.5,0.1,8.5,6.6,2.0,28,0.0,20041128,70.4,12.7,2004,0.0,2004-11-28,137,11
333,-1.2,0.1,8.5,4.9,1.9,29,0.0,20041129,58.0,11.9,2004,0.0,2004-11-29,137,11
334,-2.3,0.0,8.0,3.5,1.5,30,0.0,20041130,69.0,10.4,2004,0.0,2004-11-30,137,11
335,-0.4,2.8,5.9,5.2,2.0,1,0.0,20041201,66.6,11.2,2004,0.0,2004-12-01,137,12
336,-2.6,1.4,8.5,4.8,0.7,2,0.0,20041202,78.0,14.0,2004,0.0,2004-12-02,137,12
337,-0.9,4.0,6.5,6.3,0.7,3,0.0,20041203,82.0,15.5,2004,0.0,2004-12-03,137,12
338,6.7,10.0,0.0,8.0,0.8,4,16.5,20041204,95.3,10.3,2004,0.0,2004-12-04,137,12
339,0.6,4.6,4.2,3.8,4.8,5,1.0,20041205,68.8,10.0,2004,0.0,2004-12-05,137,12
340,-3.3,4.3,7.9,3.3,1.9,6,0.0,20041206,67.9,9.4,2004,0.0,2004-12-06,137,12
341,-1.7,2.0,7.6,4.6,2.3,7,1.0,20041207,60.3,9.2,2004,0.0,2004-12-07,137,12
342,-4.4,0.6,7.7,1.2,0.7,8,0.0,20041208,77.5,8.9,2004,0.0,2004-12-08,137,12
343,-3.0,0.0,7.7,2.5,0.6,9,0.0,20041209,83.1,11.0,2004,0.0,2004-12-09,137,12
344,-1.9,1.6,4.7,4.4,1.9,10,0.0,20041210,67.9,12.8,2004,0.0,2004-12-10,137,12
345,-2.2,3.0,8.3,2.9,1.2,11,0.0,20041211,56.0,9.4,2004,0.0,2004-12-11,137,12
346,-0.3,4.6,5.8,5.7,1.7,12,0.0,20041212,62.9,13.0,2004,0.0,2004-12-12,137,12
347,-2.3,0.1,8.5,3.7,2.1,13,0.0,20041213,50.6,9.7,2004,0.0,2004-12-13,137,12
348,-6.0,2.9,7.2,0.5,0.7,14,0.0,20041214,68.3,8.4,2004,0.0,2004-12-14,137,12
349,-0.6,7.1,2.6,4.5,0.6,15,2.5,20041215,73.9,9.7,2004,0.0,2004-12-15,137,12
350,-1.2,1.1,8.2,5.4,2.2,16,0.5,20041216,71.5,10.9,2004,0.0,2004-12-16,137,12
351,-3.9,4.1,4.0,0.5,0.5,17,0.0,20041217,86.0,7.0,2004,0.0,2004-12-17,137,12
352,-1.1,3.1,5.6,4.8,1.4,18,0.0,20041218,63.8,11.1,2004,0.0,2004-12-18,137,12
353,-3.6,4.5,4.4,2.3,0.7,19,0.2,20041219,84.0,8.2,2004,0.0,2004-12-19,137,12
354,-3.6,2.4,8.4,0.9,3.6,20,0.5,20041220,58.6,6.7,2004,0.0,2004-12-20,137,12
355,-4.8,3.5,6.2,-0.8,1.9,21,0.0,20041221,51.5,5.3,2004,0.0,2004-12-21,137,12
356,-2.7,5.3,3.0,0.1,2.8,22,0.0,20041222,41.1,3.7,2004,0.0,2004-12-22,137,12
357,-6.0,1.6,8.4,-2.3,1.5,23,0.0,20041223,50.5,3.3,2004,0.0,2004-12-23,137,12
358,-4.5,8.3,0.0,-1.4,1.1,24,0.0,20041224,72.6,0.8,2004,0.0,2004-12-24,137,12
359,-0.7,2.8,8.2,0.8,3.6,25,0.0,20041225,59.9,3.6,2004,0.0,2004-12-25,137,12
360,-3.3,0.9,8.3,-0.8,4.0,26,0.0,20041226,50.4,2.9,2004,0.0,2004-12-26,137,12
361,-4.1,3.1,7.8,-1.4,3.6,27,0.0,20041227,45.5,2.7,2004,0.0,2004-12-27,137,12
362,-7.0,5.6,4.5,-3.0,3.6,28,0.0,20041228,40.4,0.1,2004,0.0,2004-12-28,137,12
363,-6.5,1.1,8.4,-3.8,3.2,29,0.0,20041229,45.3,0.0,2004,0.0,2004-12-29,137,12
364,-8.0,6.0,5.4,-2.7,1.8,30,0.0,20041230,52.6,2.3,2004,0.0,2004-12-30,137,12
365,-5.0,4.1,8.3,-2.7,3.8,31,0.0,20041231,52.6,0.6,2004,0.0,2004-12-31,137,12
