,tmin,cloud,sunshine,tavg,wind,day,rainfall,date,humid,tmax,year,snow,Date,station_id,month
0,1.7,0.0,7.9,5.3,3.8,1,0.0,20140101,45.3,8.7,2014,0.0,2014-01-01,137,1
1,-2.4,0.0,8.4,3.3,2.4,2,0.0,20140102,38.1,8.8,2014,0.0,2014-01-02,137,1
2,-5.9,0.0,5.9,0.4,0.8,3,0.0,20140103,52.8,8.7,2014,0.0,2014-01-03,137,1
3,-2.9,0.0,8.1,1.5,1.4,4,0.0,20140104,55.8,7.2,2014,0.0,2014-01-04,137,1
4,-4.2,0.0,7.8,0.7,1.8,5,0.0,20140105,48.4,6.5,2014,0.0,2014-01-05,137,1
5,-6.1,0.0,8.3,-0.6,0.9,6,0.0,20140106,51.6,7.0,2014,0.0,2014-01-06,137,1
6,-7.5,0.0,3.2,-0.1,0.9,7,0.0,20140107,62.1,6.7,2014,0.0,2014-01-07,137,1
7,-2.6,0.0,0.0,1.9,2.2,8,0.0,20140108,57.1,5.4,2014,0.0,2014-01-08,137,1
8,-8.5,0.0,8.4,-5.6,3.3,9,0.0,20140109,26.1,-1.7,2014,0.0,2014-01-09,137,1
9,-11.0,0.0,8.2,-4.0,2.1,10,0.0,20140110,48.9,1.0,2014,0.0,2014-01-10,137,1
10,-5.2,0.0,8.1,-0.8,2.1,11,0.0,20140111,54.5,3.7,2014,0.0,2014-01-11,137,1
11,-4.6,0.0,3.1,0.2,3.2,12,0.0,20140112,49.8,4.3,2014,0.0,2014-01-12,137,1
12,-8.9,0.0,8.4,-4.3,2.5,13,0.0,20140113,26.1,0.7,2014,0.0,2014-01-13,137,1
13,-8.0,0.0,8.4,-2.9,1.9,14,0.0,20140114,29.6,4.0,2014,0.0,2014-01-14,137,1
14,-9.1,0.0,8.4,-2.2,2.1,15,0.0,20140115,42.9,4.0,2014,0.0,2014-01-15,137,1
15,-7.9,0.0,7.0,-1.0,1.4,16,0.0,20140116,58.0,5.0,2014,0.0,2014-01-16,137,1
16,-5.6,0.0,6.8,0.2,1.5,17,0.0,20140117,54.6,5.9,2014,0.0,2014-01-17,137,1
17,-4.1,0.0,7.0,-0.6,2.8,18,0.0,20140118,43.1,3.7,2014,0.0,2014-01-18,137,1
18,-8.9,0.0,8.5,-2.6,1.4,19,0.0,20140119,41.8,3.0,2014,0.0,2014-01-19,137,1
19,-4.3,0.0,1.6,-1.3,1.6,20,4.7,20140120,72.4,3.6,2014,0.0,2014-01-20,137,1
20,-5.2,0.0,7.7,-3.8,2.8,21,0.0,20140121,61.6,-1.7,2014,0.0,2014-01-21,137,1
21,-7.1,0.0,8.6,-2.7,2.5,22,0.0,20140122,52.5,2.1,2014,0.0,2014-01-22,137,1
22,-8.9,0.0,8.7,-1.4,1.3,23,0.0,20140123,56.8,6.9,2014,0.0,2014-01-23,137,1
23,-5.2,0.0,5.9,1.5,0.9,24,0.0,20140124,65.9,10.4,2014,0.0,2014-01-24,137,1
24,-0.5,0.0,0.0,3.6,1.3,25,1.8,20140125,79.8,8.1,2014,0.0,2014-01-25,137,1
25,-3.8,0.0,8.8,0.3,2.6,26,0.0,20140126,48.3,5.7,2014,0.0,2014-01-26,137,1
26,-9.5,0.0,8.7,-0.4,1.2,27,0.0,20140127,48.6,8.7,2014,0.0,2014-01-27,137,1
27,-2.0,0.0,7.5,3.9,2.5,28,0.0,20140128,39.0,9.5,2014,0.0,2014-01-28,137,1
28,-8.6,0.0,6.6,0.7,0.9,29,0.0,20140129,43.6,8.5,2014,0.0,2014-01-29,137,1
29,0.5,0.0,0.6,5.0,2.6,30,1.2,20140130,70.0,10.5,2014,0.0,2014-01-30,137,1
30,-2.9,0.0,8.8,2.4,1.6,31,0.0,20140131,38.8,9.4,2014,0.0,2014-01-31,137,1
31,-2.1,0.0,3.1,5.2,0.9,1,0.0,20140201,47.9,11.0,2014,0.0,2014-02-01,137,2
32,5.3,0.0,0.9,8.7,1.9,2,0.2,20140202,74.0,12.2,2014,0.0,2014-02-02,137,2
33,-6.3,0.0,4.3,1.2,3.7,3,0.0,20140203,48.0,7.9,2014,0.0,2014-02-03,137,2
34,-9.4,0.0,9.0,-6.2,3.4,4,0.0,20140204,29.0,-0.7,2014,0.0,2014-02-04,137,2
35,-8.8,0.0,5.1,-4.9,1.5,5,0.0,20140205,31.6,0.4,2014,0.0,2014-02-05,137,2
36,-7.3,0.0,1.7,-2.4,0.7,6,0.0,20140206,46.1,2.5,2014,0.0,2014-02-06,137,2
37,-5.5,0.0,0.5,0.0,1.6,7,0.8,20140207,68.4,5.4,2014,0.0,2014-02-07,137,2
38,-0.3,0.0,0.6,1.6,1.3,8,4.0,20140208,81.6,5.1,2014,0.0,2014-02-08,137,2
39,-1.7,0.0,1.6,-0.3,1.3,9,1.2,20140209,79.3,2.0,2014,0.0,2014-02-09,137,2
40,-4.0,0.0,3.4,-1.0,1.1,10,0.7,20140210,74.4,3.1,2014,0.0,2014-02-10,137,2
41,-6.6,0.0,8.3,-1.3,1.4,11,0.0,20140211,61.1,4.4,2014,0.0,2014-02-11,137,2
42,-5.0,0.0,8.5,0.0,1.0,12,0.0,20140212,59.6,6.2,2014,0.0,2014-02-12,137,2
43,-4.6,0.0,3.8,0.3,1.3,13,0.0,20140213,65.6,5.6,2014,0.0,2014-02-13,137,2
44,-4.1,0.0,2.7,0.1,1.3,14,0.0,20140214,65.4,5.0,2014,0.0,2014-02-14,137,2
45,-6.1,0.0,9.2,1.2,1.1,15,0.0,20140215,56.4,9.7,2014,0.0,2014-02-15,137,2
46,-5.7,0.0,2.1,0.5,0.7,16,0.0,20140216,63.5,7.3,2014,0.0,2014-02-16,137,2
47,-1.5,0.0,0.6,2.7,1.4,17,0.0,20140217,63.4,7.4,2014,0.0,2014-02-17,137,2
48,-2.8,0.0,5.1,1.4,2.1,18,0.0,20140218,54.0,6.4,2014,0.0,2014-02-18,137,2
49,-5.5,0.0,8.4,0.0,1.0,19,0.0,20140219,60.6,7.2,2014,0.0,2014-02-19,137,2
50,-5.9,0.0,8.7,0.6,1.9,20,0.0,20140220,59.6,8.0,2014,0.0,2014-02-20,137,2
51,-4.0,0.0,9.1,1.4,1.8,21,0.0,20140221,48.9,8.2,2014,0.0,2014-02-21,137,2
52,-5.7,0.0,9.3,1.9,1.2,22,0.0,20140222,43.5,9.7,2014,0.0,2014-02-22,137,2
53,-4.9,0.0,8.5,2.5,0.9,23,0.0,20140223,49.6,10.2,2014,0.0,2014-02-23,137,2
54,-3.8,0.0,8.0,4.3,1.5,24,0.0,20140224,50.4,12.5,2014,0.0,2014-02-24,137,2
55,-1.6,0.0,8.0,6.8,1.2,25,0.0,20140225,49.0,14.6,2014,0.0,2014-02-25,137,2
56,-1.4,0.0,0.0,3.8,0.7,26,0.5,20140226,75.0,8.9,2014,0.0,2014-02-26,137,2
57,5.0,0.0,8.5,10.1,2.3,27,0.0,20140227,62.5,16.4,2014,0.0,2014-02-27,137,2
58,3.9,0.0,1.6,7.7,1.8,28,0.0,20140228,58.8,12.0,2014,0.0,2014-02-28,137,2
59,5.4,0.0,0.0,7.0,1.1,1,0.7,20140301,71.0,10.0,2014,0.0,2014-03-01,137,3
60,0.3,0.0,8.4,5.4,2.4,2,0.0,20140302,42.5,11.1,2014,0.0,2014-03-02,137,3
61,-5.1,0.0,10.0,2.9,1.1,3,0.0,20140303,48.8,11.9,2014,0.0,2014-03-03,137,3
62,-3.6,0.0,4.1,3.3,1.0,4,0.0,20140304,51.5,9.6,2014,0.0,2014-03-04,137,3
63,-0.7,0.0,9.7,3.1,3.7,5,0.0,20140305,39.5,8.7,2014,0.0,2014-03-05,137,3
64,-4.7,0.0,9.5,1.4,2.9,6,0.0,20140306,32.9,6.4,2014,0.0,2014-03-06,137,3
65,-3.9,0.0,10.1,0.9,3.8,7,0.0,20140307,26.8,6.0,2014,0.0,2014-03-07,137,3
66,-4.1,0.0,6.5,2.2,2.5,8,0.0,20140308,37.0,8.4,2014,0.0,2014-03-08,137,3
67,-1.4,0.0,7.4,1.8,3.5,9,1.2,20140309,54.1,6.4,2014,0.0,2014-03-09,137,3
68,-3.2,0.0,10.4,2.6,2.7,10,0.0,20140310,33.6,8.9,2014,0.0,2014-03-10,137,3
69,-2.1,0.0,9.6,6.2,2.2,11,0.0,20140311,31.9,14.7,2014,0.0,2014-03-11,137,3
70,-2.3,0.0,0.0,1.5,0.6,12,21.5,20140312,76.5,4.4,2014,0.0,2014-03-12,137,3
71,-0.2,0.0,0.0,2.0,1.3,13,16.9,20140313,90.4,4.6,2014,0.0,2014-03-13,137,3
72,-1.9,0.0,6.6,2.2,1.5,14,0.0,20140314,69.6,7.2,2014,0.0,2014-03-14,137,3
73,-2.0,0.0,9.6,7.2,2.5,15,0.0,20140315,46.5,14.7,2014,0.0,2014-03-15,137,3
74,7.0,0.0,9.5,12.4,1.9,16,0.0,20140316,45.8,19.8,2014,0.0,2014-03-16,137,3
75,1.7,0.0,8.9,12.1,1.4,17,0.0,20140317,61.1,22.0,2014,0.0,2014-03-17,137,3
76,8.1,0.0,8.1,14.0,3.2,18,0.0,20140318,53.4,18.7,2014,0.0,2014-03-18,137,3
77,6.1,0.0,1.9,9.5,1.8,19,0.0,20140319,54.5,13.4,2014,0.0,2014-03-19,137,3
78,1.2,0.0,3.5,5.2,2.3,20,4.8,20140320,74.1,10.9,2014,0.0,2014-03-20,137,3
79,0.3,0.0,9.0,4.6,2.2,21,0.0,20140321,55.4,10.3,2014,0.0,2014-03-21,137,3
80,-2.3,0.0,10.8,8.1,2.2,22,0.0,20140322,45.5,16.3,2014,0.0,2014-03-22,137,3
81,5.0,0.0,10.0,12.0,2.9,23,0.0,20140323,36.1,18.7,2014,0.0,2014-03-23,137,3
82,0.3,0.0,10.2,10.7,2.3,24,0.0,20140324,37.8,18.4,2014,0.0,2014-03-24,137,3
83,8.6,0.0,2.0,13.8,1.2,25,6.5,20140325,64.0,19.9,2014,0.0,2014-03-25,137,3
84,11.8,0.0,1.0,14.5,1.3,26,10.0,20140326,73.9,18.9,2014,0.0,2014-03-26,137,3
85,8.4,0.0,9.8,15.5,2.3,27,0.0,20140327,49.4,22.4,2014,0.0,2014-03-27,137,3
86,5.8,0.0,7.6,15.8,1.2,28,0.0,20140328,52.1,25.5,2014,0.0,2014-03-28,137,3
87,12.2,0.0,0.0,12.8,1.3,29,19.7,20140329,80.1,16.8,2014,0.0,2014-03-29,137,3
88,9.4,0.0,7.3,13.8,1.6,30,6.9,20140330,68.0,18.3,2014,0.0,2014-03-30,137,3
89,5.5,0.0,9.5,13.1,1.5,31,0.0,20140331,52.9,20.4,2014,0.0,2014-03-31,137,3
90,4.0,0.0,10.6,13.0,1.1,1,0.0,20140401,48.0,23.0,2014,0.0,2014-04-01,137,4
91,5.0,0.0,10.4,14.7,1.2,2,0.0,20140402,43.8,24.4,2014,0.0,2014-04-02,137,4
92,5.7,0.0,7.6,12.6,2.5,3,0.7,20140403,42.8,21.8,2014,0.0,2014-04-03,137,4
93,2.1,0.0,10.1,7.0,2.6,4,0.0,20140404,45.5,12.6,2014,0.0,2014-04-04,137,4
94,-0.6,0.0,9.4,5.3,2.3,5,0.0,20140405,51.8,12.3,2014,0.0,2014-04-05,137,4
95,2.4,0.0,11.7,7.8,3.4,6,0.0,20140406,37.3,13.9,2014,0.0,2014-04-06,137,4
96,5.5,0.0,10.4,12.2,3.4,7,0.0,20140407,39.3,19.2,2014,0.0,2014-04-07,137,4
97,6.0,0.0,11.2,14.4,2.0,8,0.0,20140408,23.1,22.1,2014,0.0,2014-04-08,137,4
98,7.5,0.0,11.0,16.0,1.8,9,0.0,20140409,40.1,23.9,2014,0.0,2014-04-09,137,4
99,9.3,0.0,10.1,14.6,1.9,10,0.0,20140410,43.5,24.3,2014,0.0,2014-04-10,137,4
100,7.8,0.0,0.2,10.9,0.8,11,0.0,20140411,56.6,15.5,2014,0.0,2014-04-11,137,4
101,8.4,0.0,0.0,10.9,0.6,12,0.1,20140412,72.9,14.6,2014,0.0,2014-04-12,137,4
102,7.7,0.0,5.7,13.1,1.1,13,0.1,20140413,51.4,20.7,2014,0.0,2014-04-13,137,4
103,1.7,0.0,11.2,14.4,1.4,14,0.0,20140414,40.6,24.1,2014,0.0,2014-04-14,137,4
104,12.0,0.0,9.6,17.9,3.0,15,0.0,20140415,44.3,25.3,2014,0.0,2014-04-15,137,4
105,14.5,0.0,8.4,18.6,2.2,16,0.0,20140416,45.6,25.2,2014,0.0,2014-04-16,137,4
106,7.5,0.0,5.3,14.2,1.3,17,10.2,20140417,51.8,21.8,2014,0.0,2014-04-17,137,4
107,10.0,0.0,4.4,13.0,0.8,18,0.2,20140418,78.3,19.2,2014,0.0,2014-04-18,137,4
108,8.4,0.0,2.7,11.8,1.8,19,0.0,20140419,56.6,16.3,2014,0.0,2014-04-19,137,4
109,6.8,0.0,11.4,13.7,1.2,20,0.0,20140420,51.0,20.7,2014,0.0,2014-04-20,137,4
110,10.3,0.0,10.2,16.3,1.8,21,0.0,20140421,39.6,23.3,2014,0.0,2014-04-21,137,4
111,9.7,0.0,8.7,15.6,1.5,22,0.0,20140422,33.4,22.3,2014,0.0,2014-04-22,137,4
112,5.4,0.0,11.5,15.5,1.1,23,0.0,20140423,41.0,25.2,2014,0.0,2014-04-23,137,4
113,6.7,0.0,8.5,16.9,1.1,24,0.0,20140424,41.0,26.0,2014,0.0,2014-04-24,137,4
114,8.6,0.0,10.9,17.7,0.9,25,0.0,20140425,41.1,27.2,2014,0.0,2014-04-25,137,4
115,8.4,0.0,3.3,16.3,0.6,26,0.0,20140426,48.9,24.2,2014,0.0,2014-04-26,137,4
116,12.5,0.0,0.0,14.9,0.7,27,5.7,20140427,72.1,19.1,2014,0.0,2014-04-27,137,4
117,11.2,0.0,0.0,11.9,1.8,28,34.9,20140428,90.5,13.2,2014,0.0,2014-04-28,137,4
118,11.3,0.0,0.5,13.2,1.5,29,21.4,20140429,86.8,17.0,2014,0.0,2014-04-29,137,4
119,9.8,0.0,2.2,14.7,0.7,30,0.0,20140430,77.0,20.8,2014,0.0,2014-04-30,137,4
120,11.1,0.0,11.8,17.4,2.1,1,0.0,20140501,56.5,23.7,2014,0.0,2014-05-01,137,5
121,9.4,0.0,10.2,18.3,2.0,2,0.0,20140502,49.5,26.9,2014,0.0,2014-05-02,137,5
122,9.1,0.0,12.7,14.3,2.5,3,0.0,20140503,40.6,22.0,2014,0.0,2014-05-03,137,5
123,6.3,0.0,3.9,12.3,1.7,4,0.6,20140504,56.1,21.1,2014,0.0,2014-05-04,137,5
124,5.3,0.0,12.6,11.2,2.6,5,0.0,20140505,40.5,17.2,2014,0.0,2014-05-05,137,5
125,6.7,0.0,12.6,13.2,1.8,6,0.0,20140506,40.3,20.3,2014,0.0,2014-05-06,137,5
126,3.7,0.0,12.5,14.9,1.3,7,0.0,20140507,45.8,24.9,2014,0.0,2014-05-07,137,5
127,11.0,0.0,10.9,15.6,2.1,8,1.5,20140508,57.9,21.2,2014,0.0,2014-05-08,137,5
128,8.6,0.0,12.0,16.6,1.3,9,0.0,20140509,48.8,24.9,2014,0.0,2014-05-09,137,5
129,6.8,0.0,12.4,16.5,1.4,10,0.0,20140510,45.3,25.0,2014,0.0,2014-05-10,137,5
130,8.2,0.0,5.4,17.0,1.9,11,9.3,20140511,57.3,24.0,2014,0.0,2014-05-11,137,5
131,14.1,0.0,11.1,17.7,2.3,12,10.8,20140512,62.3,22.2,2014,0.0,2014-05-12,137,5
132,13.0,0.0,11.9,21.3,2.0,13,0.0,20140513,47.8,29.2,2014,0.0,2014-05-13,137,5
133,14.3,0.0,7.5,19.3,1.1,14,0.0,20140514,57.5,26.5,2014,0.0,2014-05-14,137,5
134,15.1,0.0,9.9,19.3,2.6,15,0.0,20140515,42.9,25.2,2014,0.0,2014-05-15,137,5
135,13.5,0.0,12.0,20.0,2.2,16,0.0,20140516,39.4,26.3,2014,0.0,2014-05-16,137,5
136,13.5,0.0,12.0,20.1,1.5,17,0.0,20140517,43.0,27.2,2014,0.0,2014-05-17,137,5
137,11.4,0.0,11.8,19.5,1.0,18,0.0,20140518,45.9,28.4,2014,0.0,2014-05-18,137,5
138,11.3,0.0,9.8,20.2,1.0,19,0.0,20140519,43.0,29.2,2014,0.0,2014-05-19,137,5
139,14.4,0.0,2.0,18.9,0.7,20,0.0,20140520,58.6,24.1,2014,0.0,2014-05-20,137,5
140,15.4,0.0,10.1,19.9,2.1,21,0.0,20140521,54.0,25.1,2014,0.0,2014-05-21,137,5
141,14.4,0.0,12.9,21.2,1.7,22,0.0,20140522,51.6,29.3,2014,0.0,2014-05-22,137,5
142,15.2,0.0,5.3,19.1,1.0,23,0.0,20140523,67.0,25.1,2014,0.0,2014-05-23,137,5
143,18.6,0.0,8.8,24.5,1.8,24,0.0,20140524,56.6,31.1,2014,0.0,2014-05-24,137,5
144,17.5,0.0,4.5,21.3,1.5,25,1.0,20140525,64.4,26.9,2014,0.0,2014-05-25,137,5
145,16.5,0.0,10.5,20.8,2.5,26,2.3,20140526,50.0,25.9,2014,0.0,2014-05-26,137,5
146,10.4,0.0,12.3,21.3,1.5,27,0.0,20140527,42.1,30.7,2014,0.0,2014-05-27,137,5
147,13.9,0.0,9.3,21.8,1.3,28,0.1,20140528,55.1,30.1,2014,0.0,2014-05-28,137,5
148,16.3,0.0,13.0,24.9,1.7,29,0.0,20140529,41.5,32.8,2014,0.0,2014-05-29,137,5
149,15.1,0.0,12.7,24.5,1.1,30,0.0,20140530,42.1,33.6,2014,0.0,2014-05-30,137,5
150,16.8,0.0,11.8,26.2,1.2,31,0.0,20140531,41.9,35.8,2014,0.0,2014-05-31,137,5
151,19.0,0.0,3.2,24.7,1.4,1,0.0,20140601,48.6,29.4,2014,0.0,2014-06-01,137,6
152,16.7,0.0,0.2,20.8,1.6,2,0.8,20140602,66.0,24.1,2014,0.0,2014-06-02,137,6
153,16.2,0.0,0.0,18.4,1.2,3,2.2,20140603,82.5,20.9,2014,0.0,2014-06-03,137,6
154,18.3,0.0,1.6,20.9,1.4,4,0.0,20140604,66.1,26.0,2014,0.0,2014-06-04,137,6
155,18.7,0.0,0.6,20.8,1.1,5,0.0,20140605,63.1,24.1,2014,0.0,2014-06-05,137,6
156,16.3,0.0,10.2,21.9,0.9,6,0.0,20140606,60.1,29.1,2014,0.0,2014-06-06,137,6
157,15.2,0.0,7.4,21.7,0.9,7,0.3,20140607,66.1,29.9,2014,0.0,2014-06-07,137,6
158,17.1,0.0,4.5,21.2,1.0,8,0.4,20140608,70.3,27.9,2014,0.0,2014-06-08,137,6
159,18.3,0.0,1.2,21.0,1.0,9,0.0,20140609,70.5,25.8,2014,0.0,2014-06-09,137,6
160,18.1,0.0,0.5,20.8,1.2,10,0.0,20140610,67.5,24.1,2014,0.0,2014-06-10,137,6
161,16.4,0.0,5.6,19.8,1.0,11,9.0,20140611,73.5,25.6,2014,0.0,2014-06-11,137,6
162,14.8,0.0,3.9,18.7,0.9,12,14.5,20140612,75.3,27.0,2014,0.0,2014-06-12,137,6
163,15.6,0.0,6.7,20.1,1.2,13,0.0,20140613,73.1,25.5,2014,0.0,2014-06-13,137,6
164,17.1,0.0,11.8,22.9,2.0,14,0.0,20140614,57.1,28.9,2014,0.0,2014-06-14,137,6
165,17.2,0.0,13.1,23.1,2.1,15,0.0,20140615,54.1,29.5,2014,0.0,2014-06-15,137,6
166,17.7,0.0,9.1,24.2,1.7,16,0.0,20140616,50.8,30.5,2014,0.0,2014-06-16,137,6
167,20.4,0.0,2.7,23.2,1.2,17,0.0,20140617,60.0,28.4,2014,0.0,2014-06-17,137,6
168,16.2,0.0,10.7,23.2,0.9,18,0.0,20140618,57.6,30.1,2014,0.0,2014-06-18,137,6
169,19.6,0.0,6.1,23.4,1.4,19,0.0,20140619,60.8,28.8,2014,0.0,2014-06-19,137,6
170,17.4,0.0,0.3,22.1,1.0,20,0.3,20140620,69.3,28.6,2014,0.0,2014-06-20,137,6
171,18.2,0.0,0.0,20.7,0.9,21,0.0,20140621,69.0,24.8,2014,0.0,2014-06-21,137,6
172,16.8,0.0,12.0,21.9,1.1,22,18.4,20140622,66.0,29.5,2014,0.0,2014-06-22,137,6
173,17.3,0.0,1.9,19.4,0.7,23,26.1,20140623,83.0,26.2,2014,0.0,2014-06-23,137,6
174,16.6,0.0,5.3,20.8,0.7,24,0.2,20140624,78.8,28.4,2014,0.0,2014-06-24,137,6
175,17.1,0.0,8.4,23.4,0.9,25,0.0,20140625,68.1,29.7,2014,0.0,2014-06-25,137,6
176,20.6,0.0,10.4,25.8,1.0,26,0.0,20140626,56.9,31.9,2014,0.0,2014-06-26,137,6
177,19.7,0.0,11.3,25.5,1.1,27,0.0,20140627,57.1,31.7,2014,0.0,2014-06-27,137,6
178,20.8,0.0,10.3,24.6,2.1,28,0.0,20140628,55.1,30.0,2014,0.0,2014-06-28,137,6
179,19.0,0.0,7.2,23.7,1.0,29,0.0,20140629,61.8,29.1,2014,0.0,2014-06-29,137,6
180,19.6,0.0,8.4,24.1,0.8,30,7.7,20140630,65.4,31.4,2014,0.0,2014-06-30,137,6
181,18.3,0.0,10.5,24.2,0.9,1,18.2,20140701,71.1,32.7,2014,0.0,2014-07-01,137,7
182,20.1,0.0,0.1,22.9,0.7,2,2.1,20140702,82.3,28.1,2014,0.0,2014-07-02,137,7
183,19.2,0.0,0.1,20.3,1.1,3,22.6,20140703,88.9,23.4,2014,0.0,2014-07-03,137,7
184,19.3,0.0,9.4,23.7,0.7,4,0.0,20140704,70.8,30.5,2014,0.0,2014-07-04,137,7
185,19.2,0.0,0.0,23.3,0.6,5,0.0,20140705,75.8,28.0,2014,0.0,2014-07-05,137,7
186,19.3,0.0,0.0,20.8,0.7,6,1.2,20140706,80.1,23.8,2014,0.0,2014-07-06,137,7
187,18.0,0.0,6.2,23.0,0.9,7,0.0,20140707,75.4,28.5,2014,0.0,2014-07-07,137,7
188,21.5,0.0,4.8,25.2,0.8,8,0.0,20140708,74.9,29.8,2014,0.0,2014-07-08,137,7
189,23.3,0.0,0.1,25.1,1.1,9,3.4,20140709,83.3,27.8,2014,0.0,2014-07-09,137,7
190,23.3,0.0,11.8,27.8,1.7,10,0.0,20140710,59.3,33.2,2014,0.0,2014-07-10,137,7
191,23.2,0.0,11.2,26.7,2.4,11,0.0,20140711,50.4,32.5,2014,0.0,2014-07-11,137,7
192,19.3,0.0,2.4,23.8,0.8,12,0.0,20140712,64.0,28.3,2014,0.0,2014-07-12,137,7
193,19.3,0.0,5.3,23.9,1.3,13,2.5,20140713,73.1,29.6,2014,0.0,2014-07-13,137,7
194,20.6,0.0,11.6,26.0,1.8,14,0.0,20140714,58.6,32.0,2014,0.0,2014-07-14,137,7
195,20.0,0.0,0.1,23.7,0.6,15,0.0,20140715,73.4,27.8,2014,0.0,2014-07-15,137,7
196,21.7,0.0,6.2,25.5,1.2,16,0.3,20140716,68.5,30.6,2014,0.0,2014-07-16,137,7
197,20.3,0.0,2.9,24.0,1.1,17,3.5,20140717,74.4,29.1,2014,0.0,2014-07-17,137,7
198,19.9,0.0,6.3,24.0,1.0,18,46.0,20140718,79.6,29.9,2014,0.0,2014-07-18,137,7
199,21.9,0.0,6.5,25.9,1.1,19,0.2,20140719,74.1,31.5,2014,0.0,2014-07-19,137,7
200,23.3,0.0,10.9,27.4,1.0,20,0.0,20140720,65.1,33.5,2014,0.0,2014-07-20,137,7
201,22.2,0.0,9.0,27.4,1.2,21,0.0,20140721,68.3,32.3,2014,0.0,2014-07-21,137,7
202,24.0,0.0,6.8,26.6,1.7,22,0.0,20140722,67.5,30.7,2014,0.0,2014-07-22,137,7
203,24.7,0.0,2.4,26.3,1.5,23,0.5,20140723,69.4,29.9,2014,0.0,2014-07-23,137,7
204,23.4,0.0,6.6,27.2,1.1,24,4.2,20140724,75.5,31.4,2014,0.0,2014-07-24,137,7
205,24.5,0.0,10.4,29.0,1.6,25,0.0,20140725,69.6,34.4,2014,0.0,2014-07-25,137,7
206,21.4,0.0,3.3,25.4,2.6,26,0.3,20140726,63.3,29.0,2014,0.0,2014-07-26,137,7
207,19.4,0.0,12.4,24.3,1.3,27,0.0,20140727,62.9,31.1,2014,0.0,2014-07-27,137,7
208,17.5,0.0,8.4,23.8,0.8,28,0.0,20140728,67.1,29.8,2014,0.0,2014-07-28,137,7
209,19.6,0.0,6.0,23.4,0.9,29,2.0,20140729,76.9,29.4,2014,0.0,2014-07-29,137,7
210,20.3,0.0,9.5,26.8,0.7,30,0.0,20140730,71.6,34.2,2014,0.0,2014-07-30,137,7
211,22.7,0.0,8.1,26.9,0.9,31,0.1,20140731,74.1,34.5,2014,0.0,2014-07-31,137,7
212,22.4,0.0,4.4,27.2,1.1,1,0.0,20140801,69.8,33.0,2014,0.0,2014-08-01,137,8
213,22.5,0.0,4.4,27.0,1.9,2,22.3,20140802,68.5,31.5,2014,0.0,2014-08-02,137,8
214,22.3,0.0,0.0,24.3,2.0,3,35.4,20140803,86.9,25.7,2014,0.0,2014-08-03,137,8
215,23.3,0.0,0.0,24.6,0.8,4,4.5,20140804,88.3,26.8,2014,0.0,2014-08-04,137,8
216,24.1,0.0,8.3,27.4,2.0,5,0.0,20140805,72.3,32.0,2014,0.0,2014-08-05,137,8
217,24.3,0.0,5.1,26.9,1.6,6,0.0,20140806,69.9,30.9,2014,0.0,2014-08-06,137,8
218,18.9,0.0,0.0,21.0,1.2,7,29.2,20140807,85.9,25.3,2014,0.0,2014-08-07,137,8
219,18.2,0.0,0.1,21.5,1.3,8,8.4,20140808,79.1,26.2,2014,0.0,2014-08-08,137,8
220,21.0,0.0,3.4,23.7,1.3,9,0.0,20140809,67.1,28.3,2014,0.0,2014-08-09,137,8
221,19.5,0.0,3.0,22.3,1.0,10,30.9,20140810,81.1,29.1,2014,0.0,2014-08-10,137,8
222,18.7,0.0,12.5,23.2,1.6,11,0.0,20140811,68.4,28.1,2014,0.0,2014-08-11,137,8
223,18.9,0.0,11.5,24.2,1.3,12,0.0,20140812,65.9,29.8,2014,0.0,2014-08-12,137,8
224,19.7,0.0,0.0,21.9,0.6,13,1.9,20140813,83.6,25.3,2014,0.0,2014-08-13,137,8
225,18.2,0.0,0.0,19.5,0.8,14,13.3,20140814,89.4,20.6,2014,0.0,2014-08-14,137,8
226,19.3,0.0,4.6,23.3,0.7,15,0.4,20140815,79.9,28.3,2014,0.0,2014-08-15,137,8
227,20.9,0.0,3.9,23.8,0.8,16,0.3,20140816,78.6,29.3,2014,0.0,2014-08-16,137,8
228,18.9,0.0,0.8,22.2,0.8,17,9.9,20140817,82.4,27.4,2014,0.0,2014-08-17,137,8
229,18.4,0.0,0.0,19.9,0.9,18,86.8,20140818,90.6,21.2,2014,0.0,2014-08-18,137,8
230,20.4,0.0,0.3,22.6,0.6,19,22.9,20140819,88.1,26.6,2014,0.0,2014-08-19,137,8
231,21.5,0.0,0.0,22.9,0.6,20,55.5,20140820,89.1,25.3,2014,0.0,2014-08-20,137,8
232,20.8,0.0,4.8,24.1,1.8,21,20.6,20140821,80.3,29.8,2014,0.0,2014-08-21,137,8
233,20.0,0.0,9.7,24.3,1.6,22,0.7,20140822,70.8,29.3,2014,0.0,2014-08-22,137,8
234,19.7,0.0,8.7,24.1,1.2,23,0.0,20140823,71.0,29.8,2014,0.0,2014-08-23,137,8
235,19.9,0.0,0.5,23.3,0.5,24,0.2,20140824,80.1,27.8,2014,0.0,2014-08-24,137,8
236,19.5,0.0,0.0,21.0,1.0,25,90.1,20140825,91.1,22.7,2014,0.0,2014-08-25,137,8
237,20.3,0.0,7.4,23.9,1.2,26,0.0,20140826,75.4,30.1,2014,0.0,2014-08-26,137,8
238,19.9,0.0,2.1,22.4,0.8,27,0.0,20140827,71.1,26.0,2014,0.0,2014-08-27,137,8
239,17.6,0.0,7.2,21.5,0.7,28,0.0,20140828,73.1,27.3,2014,0.0,2014-08-28,137,8
240,17.1,0.0,7.1,21.0,0.8,29,0.0,20140829,74.3,27.1,2014,0.0,2014-08-29,137,8
241,16.0,0.0,11.0,21.0,0.8,30,0.0,20140830,71.1,27.0,2014,0.0,2014-08-30,137,8
242,13.8,0.0,6.2,18.9,0.6,31,0.0,20140831,77.3,24.4,2014,0.0,2014-08-31,137,8
243,15.0,0.0,9.8,21.1,0.9,1,0.0,20140901,71.5,28.2,2014,0.0,2014-09-01,137,9
244,16.4,0.0,1.4,19.8,0.8,2,9.4,20140902,80.4,24.5,2014,0.0,2014-09-02,137,9
245,17.6,0.0,0.0,19.7,1.1,3,8.2,20140903,86.1,22.1,2014,0.0,2014-09-03,137,9
246,19.3,0.0,8.7,22.5,1.4,4,0.0,20140904,70.1,27.4,2014,0.0,2014-09-04,137,9
247,17.4,0.0,10.7,23.1,1.1,5,0.0,20140905,70.0,29.8,2014,0.0,2014-09-05,137,9
248,17.2,0.0,5.0,21.5,0.5,6,0.0,20140906,76.5,29.9,2014,0.0,2014-09-06,137,9
249,16.8,0.0,5.6,22.0,0.6,7,0.0,20140907,80.9,29.4,2014,0.0,2014-09-07,137,9
250,18.8,0.0,6.4,23.3,0.9,8,0.0,20140908,73.1,29.8,2014,0.0,2014-09-08,137,9
251,18.1,0.0,5.9,22.2,1.4,9,0.0,20140909,71.8,27.3,2014,0.0,2014-09-09,137,9
252,15.4,0.0,10.2,20.7,0.8,10,0.0,20140910,69.0,28.0,2014,0.0,2014-09-10,137,9
253,14.6,0.0,9.8,20.6,0.7,11,0.0,20140911,72.0,28.1,2014,0.0,2014-09-11,137,9
254,16.1,0.0,0.0,19.8,0.5,12,0.0,20140912,77.3,23.7,2014,0.0,2014-09-12,137,9
255,16.5,0.0,10.3,21.1,0.8,13,0.0,20140913,67.5,27.5,2014,0.0,2014-09-13,137,9
256,13.0,0.0,10.7,19.5,0.7,14,0.0,20140914,69.4,26.8,2014,0.0,2014-09-14,137,9
257,16.9,0.0,4.1,21.6,1.1,15,0.0,20140915,66.5,27.6,2014,0.0,2014-09-15,137,9
258,16.0,0.0,8.6,21.2,0.9,16,0.0,20140916,64.4,27.4,2014,0.0,2014-09-16,137,9
259,17.2,0.0,0.9,19.7,0.7,17,0.0,20140917,75.4,24.3,2014,0.0,2014-09-17,137,9
260,14.4,0.0,6.4,18.4,0.9,18,0.0,20140918,72.9,24.4,2014,0.0,2014-09-18,137,9
261,11.5,0.0,7.8,16.3,0.7,19,0.0,20140919,69.1,25.1,2014,0.0,2014-09-19,137,9
262,9.1,0.0,9.5,16.6,0.9,20,0.0,20140920,68.1,25.7,2014,0.0,2014-09-20,137,9
263,10.6,0.0,10.2,17.5,0.6,21,0.0,20140921,65.0,26.5,2014,0.0,2014-09-21,137,9
264,10.6,0.0,10.0,18.7,0.8,22,0.0,20140922,67.3,26.9,2014,0.0,2014-09-22,137,9
265,12.2,0.0,6.6,19.3,0.9,23,7.1,20140923,74.0,27.4,2014,0.0,2014-09-23,137,9
266,16.5,0.0,0.0,17.4,1.3,24,85.4,20140924,91.1,18.6,2014,0.0,2014-09-24,137,9
267,15.7,0.0,8.2,19.7,1.0,25,0.0,20140925,74.3,26.6,2014,0.0,2014-09-25,137,9
268,15.3,0.0,3.8,19.2,0.8,26,0.0,20140926,75.1,23.9,2014,0.0,2014-09-26,137,9
269,13.1,0.0,5.9,18.9,0.8,27,0.0,20140927,76.4,25.2,2014,0.0,2014-09-27,137,9
270,14.3,0.0,6.2,19.4,0.7,28,0.0,20140928,78.9,26.6,2014,0.0,2014-09-28,137,9
271,17.5,0.0,0.0,18.6,0.5,29,6.6,20140929,86.5,19.9,2014,0.0,2014-09-29,137,9
272,14.8,0.0,1.1,16.7,1.0,30,0.0,20140930,80.3,20.8,2014,0.0,2014-09-30,137,9
273,14.1,0.0,3.7,16.6,0.7,1,0.0,20141001,75.9,21.7,2014,0.0,2014-10-01,137,10
274,12.8,0.0,3.5,17.2,0.8,2,0.0,20141002,78.3,22.8,2014,0.0,2014-10-02,137,10
275,11.4,0.0,6.4,16.7,1.7,3,0.0,20141003,64.6,21.8,2014,0.0,2014-10-03,137,10
276,9.3,0.0,7.5,14.7,1.1,4,0.0,20141004,69.1,22.4,2014,0.0,2014-10-04,137,10
277,7.6,0.0,8.9,14.2,1.0,5,0.0,20141005,64.6,22.9,2014,0.0,2014-10-05,137,10
278,8.4,0.0,9.6,14.0,0.8,6,0.0,20141006,67.1,21.5,2014,0.0,2014-10-06,137,10
279,6.4,0.0,9.8,13.2,0.6,7,0.0,20141007,69.5,22.2,2014,0.0,2014-10-07,137,10
280,7.2,0.0,9.8,13.4,0.7,8,0.0,20141008,71.4,22.4,2014,0.0,2014-10-08,137,10
281,7.4,0.0,8.6,14.2,0.6,9,0.0,20141009,71.1,23.5,2014,0.0,2014-10-09,137,10
282,7.6,0.0,7.6,16.0,1.2,10,0.0,20141010,69.0,25.6,2014,0.0,2014-10-10,137,10
283,11.9,0.0,9.2,17.1,1.3,11,0.0,20141011,62.8,24.7,2014,0.0,2014-10-11,137,10
284,9.4,0.0,2.5,15.8,0.8,12,0.0,20141012,73.4,20.4,2014,0.0,2014-10-12,137,10
285,8.7,0.0,2.4,14.6,1.7,13,15.2,20141013,76.8,18.8,2014,0.0,2014-10-13,137,10
286,5.8,0.0,9.6,10.8,0.6,14,0.0,20141014,72.9,18.8,2014,0.0,2014-10-14,137,10
287,4.9,0.0,7.3,10.9,0.7,15,0.0,20141015,69.9,19.8,2014,0.0,2014-10-15,137,10
288,5.7,0.0,7.9,11.8,1.9,16,0.1,20141016,54.6,19.1,2014,0.0,2014-10-16,137,10
289,2.9,0.0,9.3,10.8,1.0,17,0.0,20141017,54.9,21.3,2014,0.0,2014-10-17,137,10
290,2.3,0.0,9.3,10.8,0.5,18,0.0,20141018,65.4,22.1,2014,0.0,2014-10-18,137,10
291,3.9,0.0,7.0,11.7,0.6,19,0.0,20141019,73.9,19.8,2014,0.0,2014-10-19,137,10
292,11.3,0.0,0.0,12.6,0.3,20,18.4,20141020,91.4,13.6,2014,0.0,2014-10-20,137,10
293,11.4,0.0,0.0,13.3,1.3,21,78.8,20141021,91.5,14.8,2014,0.0,2014-10-21,137,10
294,8.3,0.0,1.8,12.1,0.8,22,8.4,20141022,81.5,18.4,2014,0.0,2014-10-22,137,10
295,5.9,0.0,6.2,10.4,0.5,23,0.0,20141023,80.1,19.3,2014,0.0,2014-10-23,137,10
296,6.4,0.0,6.0,11.6,0.7,24,0.0,20141024,78.6,21.8,2014,0.0,2014-10-24,137,10
297,7.6,0.0,5.0,11.7,0.7,25,0.0,20141025,79.6,22.9,2014,0.0,2014-10-25,137,10
298,4.6,0.0,8.9,14.4,1.4,26,0.0,20141026,67.9,22.5,2014,0.0,2014-10-26,137,10
299,9.5,0.0,9.0,13.9,2.2,27,0.0,20141027,51.0,19.4,2014,0.0,2014-10-27,137,10
300,1.8,0.0,9.0,8.8,0.8,28,0.0,20141028,59.8,18.8,2014,0.0,2014-10-28,137,10
301,1.4,0.0,8.9,9.1,0.5,29,0.0,20141029,69.5,20.2,2014,0.0,2014-10-29,137,10
302,2.9,0.0,5.5,10.2,0.4,30,0.0,20141030,74.1,18.0,2014,0.0,2014-10-30,137,10
303,9.8,0.0,0.0,11.0,1.0,31,40.5,20141031,90.4,12.2,2014,0.0,2014-10-31,137,10
304,12.1,0.0,0.0,14.4,0.9,1,12.5,20141101,86.5,16.8,2014,0.0,2014-11-01,137,11
305,8.6,0.0,3.9,12.0,2.9,2,1.2,20141102,59.0,15.2,2014,0.0,2014-11-02,137,11
306,4.8,0.0,9.0,9.2,2.9,3,0.0,20141103,36.9,13.3,2014,0.0,2014-11-03,137,11
307,2.6,0.0,9.1,9.5,0.9,4,0.0,20141104,62.3,18.5,2014,0.0,2014-11-04,137,11
308,1.1,0.0,8.8,9.5,0.9,5,0.0,20141105,62.9,19.7,2014,0.0,2014-11-05,137,11
309,7.4,0.0,4.5,13.0,1.1,6,0.0,20141106,63.4,19.2,2014,0.0,2014-11-06,137,11
310,5.5,0.0,6.8,11.3,1.0,7,0.0,20141107,74.3,16.3,2014,0.0,2014-11-07,137,11
311,9.3,0.0,0.0,12.2,0.5,8,0.0,20141108,80.4,15.5,2014,0.0,2014-11-08,137,11
312,7.7,0.0,8.9,11.8,2.0,9,0.0,20141109,50.1,17.2,2014,0.0,2014-11-09,137,11
313,0.8,0.0,8.8,7.4,0.8,10,0.0,20141110,61.1,17.4,2014,0.0,2014-11-10,137,11
314,0.4,0.0,8.6,8.8,1.3,11,0.0,20141111,61.5,16.6,2014,0.0,2014-11-11,137,11
315,3.1,0.0,6.6,8.6,4.3,12,0.7,20141112,53.5,12.3,2014,0.0,2014-11-12,137,11
316,-0.7,0.0,8.8,2.3,3.6,13,0.0,20141113,40.1,6.4,2014,0.0,2014-11-13,137,11
317,-1.3,0.0,8.4,5.6,2.2,14,0.0,20141114,49.3,11.1,2014,0.0,2014-11-14,137,11
318,2.0,0.0,8.1,7.0,2.1,15,0.0,20141115,47.4,12.3,2014,0.0,2014-11-15,137,11
319,3.4,0.0,5.6,8.7,1.5,16,0.0,20141116,36.4,14.6,2014,0.0,2014-11-16,137,11
320,3.4,0.0,7.4,7.5,1.9,17,0.0,20141117,51.8,12.0,2014,0.0,2014-11-17,137,11
321,1.4,0.0,8.7,6.0,1.7,18,0.0,20141118,48.0,12.0,2014,0.0,2014-11-18,137,11
322,-2.7,0.0,8.7,4.3,0.9,19,0.0,20141119,53.5,13.6,2014,0.0,2014-11-19,137,11
323,-2.3,0.0,8.7,5.3,0.7,20,0.0,20141120,55.6,15.1,2014,0.0,2014-11-20,137,11
324,-1.3,0.0,7.2,4.7,0.5,21,0.0,20141121,67.1,13.7,2014,0.0,2014-11-21,137,11
325,-0.6,0.0,3.7,6.4,0.7,22,0.1,20141122,74.0,13.4,2014,0.0,2014-11-22,137,11
326,0.9,0.0,1.2,5.9,0.4,23,0.0,20141123,83.0,10.5,2014,0.0,2014-11-23,137,11
327,7.0,0.0,0.0,7.8,0.7,24,36.2,20141124,91.3,8.3,2014,0.0,2014-11-24,137,11
328,7.7,0.0,0.7,9.5,1.4,25,0.1,20141125,77.5,12.6,2014,0.0,2014-11-25,137,11
329,4.0,0.0,2.6,7.9,0.6,26,0.0,20141126,75.6,13.5,2014,0.0,2014-11-26,137,11
330,1.5,0.0,5.1,5.6,0.7,27,0.0,20141127,86.4,13.1,2014,0.0,2014-11-27,137,11
331,2.8,0.0,0.0,5.6,0.6,28,4.2,20141128,92.0,8.5,2014,0.0,2014-11-28,137,11
332,5.3,0.0,8.4,10.7,1.7,29,0.1,20141129,68.6,16.2,2014,0.0,2014-11-29,137,11
333,5.4,0.0,0.0,8.7,1.1,30,9.4,20141130,88.4,11.0,2014,0.0,2014-11-30,137,11
334,-3.7,0.0,6.4,2.2,6.3,1,1.4,20141201,57.1,10.7,2014,0.0,2014-12-01,137,12
335,-5.2,0.0,8.4,-3.3,5.2,2,0.2,20141202,38.0,-0.4,2014,0.0,2014-12-02,137,12
336,-4.7,0.0,3.3,0.0,2.5,3,2.3,20141203,73.0,2.9,2014,0.0,2014-12-03,137,12
337,-3.3,0.0,6.8,-1.0,2.0,4,0.0,20141204,61.1,2.0,2014,0.0,2014-12-04,137,12
338,-6.2,0.0,8.5,-3.4,3.2,5,0.0,20141205,46.8,0.6,2014,0.0,2014-12-05,137,12
339,-6.2,0.0,8.5,-2.1,3.4,6,0.0,20141206,49.1,1.6,2014,0.0,2014-12-06,137,12
340,-4.4,0.0,3.9,-1.8,1.7,7,0.0,20141207,58.1,3.1,2014,0.0,2014-12-07,137,12
341,-4.5,0.0,7.3,-0.5,1.9,8,2.0,20141208,65.9,4.5,2014,0.0,2014-12-08,137,12
342,-4.8,0.0,8.6,-1.0,1.7,9,0.0,20141209,47.4,5.6,2014,0.0,2014-12-09,137,12
343,-4.4,0.0,2.7,1.1,1.7,10,0.0,20141210,65.0,5.0,2014,0.0,2014-12-10,137,12
344,-2.3,0.0,6.6,2.2,3.6,11,0.2,20141211,54.9,5.2,2014,0.0,2014-12-11,137,12
345,-3.4,0.0,7.8,-0.2,2.8,12,0.4,20141212,54.5,3.5,2014,0.0,2014-12-12,137,12
346,-4.6,0.0,8.6,-2.6,3.4,13,0.0,20141213,46.6,-0.2,2014,0.0,2014-12-13,137,12
347,-5.8,0.0,8.4,-1.0,2.6,14,0.0,20141214,49.8,3.2,2014,0.0,2014-12-14,137,12
348,-2.1,0.0,0.0,0.3,0.8,15,0.2,20141215,73.3,2.9,2014,0.0,2014-12-15,137,12
349,-7.3,0.0,7.8,-2.1,4.5,16,9.2,20141216,57.0,2.4,2014,0.0,2014-12-16,137,12
350,-9.2,0.0,8.3,-6.7,5.1,17,0.0,20141217,36.5,-4.3,2014,0.0,2014-12-17,137,12
351,-8.7,0.0,8.6,-5.5,3.3,18,0.0,20141218,37.1,-0.1,2014,0.0,2014-12-18,137,12
352,-11.7,0.0,2.5,-6.1,0.5,19,0.0,20141219,59.3,-2.4,2014,0.0,2014-12-19,137,12
353,-3.8,0.0,5.8,-1.0,2.8,20,1.4,20141220,55.1,3.6,2014,0.0,2014-12-20,137,12
354,-6.0,0.0,6.7,-3.1,2.2,21,0.0,20141221,48.5,0.8,2014,0.0,2014-12-21,137,12
355,-8.3,0.0,3.9,-2.1,2.8,22,0.2,20141222,60.3,1.9,2014,0.0,2014-12-22,137,12
356,-7.6,0.0,3.5,-0.8,1.0,23,0.0,20141223,66.9,5.6,2014,0.0,2014-12-23,137,12
357,-0.8,0.0,3.9,2.6,2.1,24,0.7,20141224,65.9,6.1,2014,0.0,2014-12-24,137,12
358,-2.9,0.0,8.7,-0.2,2.9,25,0.0,20141225,41.8,4.5,2014,0.0,2014-12-25,137,12
359,-5.3,0.0,8.6,-1.9,2.2,26,0.0,20141226,44.1,3.4,2014,0.0,2014-12-26,137,12
360,-8.4,0.0,7.7,-3.2,0.6,27,0.0,20141227,60.0,4.4,2014,0.0,2014-12-27,137,12
361,-7.7,0.0,2.7,-1.0,0.9,28,0.0,20141228,64.1,4.9,2014,0.0,2014-12-28,137,12
362,-2.7,0.0,5.9,3.1,1.3,29,0.0,20141229,66.4,7.6,2014,0.0,2014-12-29,137,12
363,-0.4,0.0,7.7,5.1,2.6,30,0.0,20141230,50.8,9.2,2014,0.0,2014-12-30,137,12
364,-4.0,0.0,3.8,-1.1,2.7,31,1.7,20141231,67.5,3.0,2014,0.0,2014-12-31,137,12
