,cloud,station_id,month,humid,date,snow,Date,wind,rainfall,tmin,sunshine,year,tmax,tavg,day
0,7.9,137,1,78.3,20060101,0.0,2006-01-01,1.7,0.0,-5.6,0.0,2006,4.7,0.4,1
1,4.6,137,1,60.6,20060102,0.0,2006-01-02,3.7,0.0,0.0,6.3,2006,6.7,2.5,2
2,2.5,137,1,30.3,20060103,0.0,2006-01-03,3.7,0.0,-2.9,8.3,2006,4.0,-0.5,3
3,9.8,137,1,37.6,20060104,0.0,2006-01-04,3.7,0.0,-6.4,0.0,2006,-1.7,-3.5,4
4,4.6,137,1,42.8,20060105,0.0,2006-01-05,3.4,0.0,-9.7,7.9,2006,-0.2,-5.5,5
5,3.6,137,1,41.6,20060106,0.0,2006-01-06,4.0,0.0,-7.9,5.9,2006,-1.7,-5.6,6
6,0.0,137,1,36.9,20060107,0.0,2006-01-07,3.9,0.0,-9.5,8.5,2006,-0.9,-5.5,7
7,2.8,137,1,41.9,20060108,0.0,2006-01-08,2.8,0.0,-6.2,8.5,2006,3.0,-2.6,8
8,4.1,137,1,55.1,20060109,0.0,2006-01-09,1.4,0.0,-9.9,8.2,2006,5.3,-1.4,9
9,3.1,137,1,56.4,20060110,0.0,2006-01-10,2.2,0.0,-2.0,5.2,2006,6.0,1.3,10
10,1.4,137,1,56.4,20060111,0.0,2006-01-11,1.1,0.0,-8.2,6.7,2006,6.3,-1.9,11
11,5.9,137,1,61.0,20060112,0.0,2006-01-12,0.9,0.1,-10.7,4.4,2006,6.0,-1.3,12
12,10.0,137,1,96.1,20060113,0.0,2006-01-13,1.1,12.0,1.7,0.0,2006,4.2,3.0,13
13,9.4,137,1,85.1,20060114,0.0,2006-01-14,1.1,0.0,0.9,0.4,2006,9.1,4.3,14
14,4.8,137,1,79.4,20060115,0.0,2006-01-15,1.4,0.0,0.1,1.9,2006,7.5,2.6,15
15,7.8,137,1,85.1,20060116,0.0,2006-01-16,1.1,0.0,-2.3,0.0,2006,3.5,1.0,16
16,4.5,137,1,62.1,20060117,0.0,2006-01-17,1.1,0.0,-2.5,5.2,2006,8.3,1.8,17
17,5.3,137,1,64.0,20060118,0.0,2006-01-18,0.9,0.0,-2.4,2.4,2006,6.9,1.8,18
18,8.0,137,1,72.8,20060119,0.0,2006-01-19,1.8,0.0,-0.6,0.0,2006,5.9,2.4,19
19,7.3,137,1,64.4,20060120,0.0,2006-01-20,0.9,0.0,-1.2,6.7,2006,7.4,2.1,20
20,2.9,137,1,61.0,20060121,0.0,2006-01-21,1.4,0.0,-3.7,5.4,2006,7.5,1.1,21
21,0.0,137,1,40.8,20060122,0.0,2006-01-22,4.2,0.0,-4.9,8.7,2006,2.9,-1.2,22
22,0.0,137,1,43.4,20060123,0.0,2006-01-23,3.7,0.0,-7.7,8.7,2006,2.9,-2.9,23
23,1.4,137,1,45.8,20060124,0.0,2006-01-24,2.9,0.0,-6.3,8.7,2006,4.4,-1.9,24
24,2.6,137,1,40.6,20060125,0.0,2006-01-25,2.6,0.0,-4.7,8.1,2006,5.5,0.4,25
25,3.1,137,1,59.4,20060126,0.0,2006-01-26,2.8,0.0,-1.0,7.7,2006,6.6,1.9,26
26,1.8,137,1,48.6,20060127,0.0,2006-01-27,3.3,0.0,-0.6,7.0,2006,7.2,2.4,27
27,3.1,137,1,62.6,20060128,0.0,2006-01-28,1.2,0.0,-6.7,7.7,2006,7.4,-0.1,28
28,4.9,137,1,63.9,20060129,0.0,2006-01-29,0.8,0.0,-6.7,8.2,2006,10.7,2.3,29
29,8.9,137,1,67.8,20060130,0.0,2006-01-30,1.4,0.2,4.2,2.6,2006,13.2,7.7,30
30,10.0,137,1,96.1,20060131,0.5,2006-01-31,1.0,14.0,0.0,0.0,2006,5.0,2.3,31
31,6.4,137,2,78.8,20060201,0.0,2006-02-01,3.2,6.0,-0.9,2.2,2006,4.0,1.9,1
32,2.5,137,2,49.0,20060202,0.0,2006-02-02,3.8,0.0,-3.3,8.5,2006,4.4,0.0,2
33,0.0,137,2,43.1,20060203,0.0,2006-02-03,4.8,0.0,-11.8,8.9,2006,-1.6,-8.1,3
34,0.0,137,2,46.4,20060204,0.0,2006-02-04,4.5,0.0,-12.4,8.9,2006,-1.8,-7.9,4
35,6.3,137,2,42.0,20060205,0.0,2006-02-05,2.1,0.0,-9.0,4.7,2006,0.8,-3.7,5
36,9.4,137,2,80.6,20060206,1.8,2006-02-06,0.8,1.5,-4.8,0.9,2006,0.8,-1.8,6
37,9.0,137,2,84.8,20060207,8.0,2006-02-07,2.8,4.6,-1.7,0.2,2006,3.1,-0.1,7
38,4.1,137,2,61.9,20060208,0.4,2006-02-08,5.1,0.3,-7.5,4.7,2006,-1.7,-5.5,8
39,0.4,137,2,52.8,20060209,0.0,2006-02-09,3.7,0.0,-9.4,9.1,2006,0.7,-4.1,9
40,7.6,137,2,66.0,20060210,0.0,2006-02-10,2.3,0.0,-2.5,1.7,2006,4.1,1.1,10
41,6.0,137,2,54.0,20060211,0.0,2006-02-11,2.4,0.0,-0.2,4.7,2006,7.3,2.8,11
42,0.0,137,2,36.3,20060212,0.0,2006-02-12,3.4,0.0,-4.1,9.2,2006,4.7,-0.3,12
43,2.4,137,2,38.5,20060213,0.0,2006-02-13,1.7,0.0,-3.6,9.2,2006,15.0,5.3,13
44,9.0,137,2,88.6,20060214,0.0,2006-02-14,1.3,8.5,1.3,0.0,2006,10.6,5.3,14
45,8.4,137,2,91.3,20060215,0.0,2006-02-15,1.3,6.5,1.1,0.0,2006,7.2,2.9,15
46,5.4,137,2,64.6,20060216,0.0,2006-02-16,2.9,0.0,-1.1,4.9,2006,8.9,3.0,16
47,0.9,137,2,38.3,20060217,0.0,2006-02-17,3.9,0.0,-6.5,9.5,2006,0.5,-3.5,17
48,3.9,137,2,49.0,20060218,0.0,2006-02-18,2.8,0.0,-5.5,8.2,2006,5.7,-0.1,18
49,5.8,137,2,53.3,20060219,0.0,2006-02-19,1.2,0.0,-2.5,5.7,2006,10.6,3.0,19
50,3.5,137,2,49.3,20060220,0.0,2006-02-20,1.5,0.0,0.0,9.1,2006,13.3,5.4,20
51,3.4,137,2,51.8,20060221,0.0,2006-02-21,1.6,0.0,-3.7,8.4,2006,15.4,5.6,21
52,8.1,137,2,54.8,20060222,0.0,2006-02-22,3.6,0.0,0.0,2.4,2006,8.4,4.7,22
53,2.3,137,2,38.6,20060223,0.0,2006-02-23,2.8,0.0,-2.7,9.1,2006,10.7,3.1,23
54,1.0,137,2,37.0,20060224,0.0,2006-02-24,1.7,0.0,-1.0,9.6,2006,12.9,4.9,24
55,7.1,137,2,71.6,20060225,0.0,2006-02-25,1.1,0.5,-3.0,2.8,2006,9.7,4.0,25
56,4.9,137,2,59.5,20060226,0.0,2006-02-26,3.6,1.0,-2.4,7.1,2006,8.0,3.4,26
57,6.9,137,2,45.4,20060227,0.0,2006-02-27,2.0,0.0,-4.7,5.6,2006,6.2,0.5,27
58,9.9,137,2,79.0,20060228,0.0,2006-02-28,1.0,2.5,0.1,0.0,2006,4.3,1.5,28
59,6.9,137,3,71.1,20060301,0.3,2006-03-01,2.6,1.0,-0.9,2.4,2006,5.1,1.0,1
60,5.4,137,3,55.0,20060302,1.1,2006-03-02,4.0,0.7,-1.9,5.1,2006,3.6,0.0,2
61,0.6,137,3,51.1,20060303,0.0,2006-03-03,3.1,0.0,-4.1,9.6,2006,6.4,0.9,3
62,3.1,137,3,51.3,20060304,0.0,2006-03-04,1.4,0.0,-5.0,8.7,2006,12.1,3.8,4
63,4.4,137,3,53.9,20060305,0.0,2006-03-05,1.8,0.0,2.9,7.1,2006,17.5,9.8,5
64,4.9,137,3,63.6,20060306,0.0,2006-03-06,1.6,0.0,5.0,8.0,2006,17.6,9.4,6
65,2.5,137,3,61.3,20060307,0.0,2006-03-07,2.8,0.0,3.1,7.9,2006,15.8,9.1,7
66,3.5,137,3,48.0,20060308,0.0,2006-03-08,1.9,0.0,0.8,9.2,2006,17.2,8.7,8
67,6.3,137,3,64.4,20060309,0.0,2006-03-09,1.4,0.0,1.2,0.3,2006,14.6,7.4,9
68,3.3,137,3,63.5,20060310,0.0,2006-03-10,2.0,0.0,-0.2,9.0,2006,20.1,9.6,10
69,9.5,137,3,67.5,20060311,0.0,2006-03-11,2.9,0.0,5.1,0.0,2006,10.8,9.1,11
70,5.4,137,3,32.9,20060312,0.0,2006-03-12,5.4,0.0,-6.6,7.6,2006,5.2,-1.8,12
71,4.0,137,3,57.4,20060313,3.0,2006-03-13,3.0,2.5,-7.8,5.0,2006,2.0,-2.5,13
72,1.5,137,3,47.9,20060314,0.6,2006-03-14,4.6,0.4,-3.6,10.0,2006,6.1,0.9,14
73,3.6,137,3,42.5,20060315,0.0,2006-03-15,3.3,0.0,-0.2,8.4,2006,14.0,7.1,15
74,8.6,137,3,77.5,20060316,0.0,2006-03-16,2.4,3.5,1.3,0.0,2006,7.7,4.3,16
75,3.0,137,3,55.3,20060317,0.0,2006-03-17,2.0,0.0,1.8,10.0,2006,19.5,9.6,17
76,7.3,137,3,60.8,20060318,0.0,2006-03-18,2.2,0.4,3.9,2.4,2006,15.7,8.6,18
77,0.0,137,3,32.4,20060319,0.0,2006-03-19,4.3,0.0,0.7,10.8,2006,11.1,5.0,19
78,6.3,137,3,33.8,20060320,0.0,2006-03-20,2.2,0.0,-1.1,2.7,2006,11.9,6.2,20
79,3.5,137,3,33.8,20060321,0.0,2006-03-21,1.7,0.0,2.9,9.6,2006,18.7,10.6,21
80,6.4,137,3,48.5,20060322,0.0,2006-03-22,1.7,0.0,2.3,6.3,2006,17.6,10.2,22
81,2.1,137,3,39.5,20060323,0.0,2006-03-23,4.1,0.0,3.1,9.7,2006,14.4,8.4,23
82,1.0,137,3,34.6,20060324,0.0,2006-03-24,2.4,0.0,-0.5,11.1,2006,14.7,6.6,24
83,2.3,137,3,35.3,20060325,0.0,2006-03-25,2.6,0.0,-0.9,9.8,2006,19.0,10.3,25
84,2.8,137,3,31.6,20060326,0.0,2006-03-26,2.8,0.0,6.9,10.1,2006,16.2,10.7,26
85,0.3,137,3,31.3,20060327,0.0,2006-03-27,2.1,0.0,-0.8,10.0,2006,17.3,8.7,27
86,5.0,137,3,53.6,20060328,0.0,2006-03-28,5.3,0.4,0.0,4.4,2006,8.0,3.1,28
87,3.3,137,3,43.4,20060329,0.0,2006-03-29,3.5,0.2,-1.0,10.2,2006,10.9,4.9,29
88,1.8,137,3,42.4,20060330,0.0,2006-03-30,4.3,1.0,2.1,10.9,2006,11.0,5.4,30
89,0.9,137,3,35.3,20060331,0.0,2006-03-31,1.2,0.0,-3.3,10.8,2006,17.9,7.7,31
90,8.9,137,4,75.8,20060401,0.0,2006-04-01,0.9,8.5,2.3,0.0,2006,11.9,8.2,1
91,6.8,137,4,78.9,20060402,0.0,2006-04-02,3.6,1.5,6.3,0.0,2006,12.8,9.0,2
92,3.1,137,4,52.8,20060403,0.0,2006-04-03,2.8,0.0,3.3,9.1,2006,22.6,13.4,3
93,10.0,137,4,88.1,20060404,0.0,2006-04-04,1.3,7.5,8.4,0.0,2006,12.2,9.4,4
94,4.1,137,4,65.3,20060405,0.0,2006-04-05,2.0,0.0,7.5,8.1,2006,20.4,12.3,5
95,7.3,137,4,73.5,20060406,0.0,2006-04-06,1.6,0.0,2.3,0.7,2006,14.5,8.6,6
96,4.4,137,4,61.4,20060407,0.0,2006-04-07,2.8,0.0,3.7,7.2,2006,19.4,12.1,7
97,1.1,137,4,34.3,20060408,0.0,2006-04-08,3.5,0.0,7.9,3.2,2006,18.3,12.2,8
98,8.9,137,4,60.5,20060409,0.0,2006-04-09,2.2,1.5,7.4,3.6,2006,18.7,13.0,9
99,10.0,137,4,96.1,20060410,0.0,2006-04-10,2.2,42.0,9.7,0.0,2006,12.7,11.3,10
100,7.9,137,4,84.5,20060411,0.0,2006-04-11,1.8,7.5,10.5,0.3,2006,16.6,13.2,11
101,4.0,137,4,65.0,20060412,0.0,2006-04-12,2.6,0.0,10.8,10.5,2006,25.5,16.9,12
102,9.0,137,4,70.4,20060413,0.0,2006-04-13,1.9,0.0,5.8,0.0,2006,11.2,8.9,13
103,4.9,137,4,45.4,20060414,0.0,2006-04-14,1.9,0.0,3.6,10.3,2006,17.7,9.7,14
104,5.8,137,4,57.1,20060415,0.0,2006-04-15,1.3,0.0,1.5,1.4,2006,13.5,7.9,15
105,0.1,137,4,31.5,20060416,0.0,2006-04-16,4.2,0.0,4.7,11.9,2006,14.1,8.5,16
106,4.0,137,4,36.4,20060417,0.0,2006-04-17,2.2,0.0,1.6,6.3,2006,22.1,11.8,17
107,4.4,137,4,45.3,20060418,0.0,2006-04-18,1.8,0.0,6.7,4.3,2006,25.1,15.9,18
108,8.5,137,4,79.5,20060419,0.0,2006-04-19,3.4,47.5,6.1,0.5,2006,17.0,10.9,19
109,9.4,137,4,67.6,20060420,0.0,2006-04-20,5.5,3.0,3.2,1.4,2006,9.6,6.6,20
110,1.4,137,4,49.0,20060421,0.0,2006-04-21,3.8,0.0,5.9,11.9,2006,19.8,12.3,21
111,5.4,137,4,41.5,20060422,0.0,2006-04-22,1.7,0.0,8.3,4.6,2006,20.9,13.4,22
112,1.8,137,4,48.1,20060423,0.0,2006-04-23,3.7,0.2,6.4,9.3,2006,20.8,12.1,23
113,0.0,137,4,41.6,20060424,0.0,2006-04-24,4.1,0.0,5.2,11.1,2006,17.8,11.5,24
114,1.8,137,4,29.4,20060425,0.0,2006-04-25,3.5,0.0,6.6,13.5,2006,20.5,13.7,25
115,9.8,137,4,52.0,20060426,0.0,2006-04-26,1.5,0.0,9.8,0.0,2006,18.2,13.0,26
116,4.6,137,4,58.8,20060427,0.0,2006-04-27,2.0,0.0,8.4,5.6,2006,19.8,13.4,27
117,2.1,137,4,41.4,20060428,0.0,2006-04-28,2.1,0.0,6.1,10.3,2006,23.1,15.8,28
118,5.8,137,4,59.3,20060429,0.0,2006-04-29,1.5,0.0,7.1,4.0,2006,20.4,13.6,29
119,4.5,137,4,62.9,20060430,0.0,2006-04-30,2.9,0.0,8.7,8.8,2006,28.5,19.0,30
120,2.4,137,5,52.3,20060501,0.0,2006-05-01,1.8,0.0,14.4,7.5,2006,30.0,21.5,1
121,0.8,137,5,41.6,20060502,0.0,2006-05-02,2.8,0.0,8.9,12.2,2006,23.1,16.1,2
122,1.9,137,5,54.3,20060503,0.0,2006-05-03,1.2,0.0,4.8,11.5,2006,24.3,14.9,3
123,1.8,137,5,45.4,20060504,0.0,2006-05-04,1.7,0.0,10.0,9.6,2006,29.5,20.6,4
124,8.9,137,5,66.0,20060505,0.0,2006-05-05,1.2,0.0,12.1,3.1,2006,27.4,19.7,5
125,10.0,137,5,95.6,20060506,0.0,2006-05-06,1.5,41.0,14.8,0.0,2006,19.1,16.5,6
126,8.5,137,5,77.3,20060507,0.0,2006-05-07,1.1,0.0,14.5,3.0,2006,25.7,18.7,7
127,5.4,137,5,79.4,20060508,0.0,2006-05-08,1.1,0.0,11.6,0.3,2006,21.9,16.1,8
128,7.6,137,5,75.9,20060509,0.0,2006-05-09,1.1,0.0,10.5,4.0,2006,25.5,17.2,9
129,9.1,137,5,89.1,20060510,0.0,2006-05-10,1.3,13.0,14.1,0.5,2006,22.8,17.2,10
130,5.6,137,5,63.4,20060511,0.0,2006-05-11,1.7,0.0,11.3,7.5,2006,23.1,17.3,11
131,9.1,137,5,61.1,20060512,0.0,2006-05-12,1.0,0.0,8.7,0.2,2006,18.8,13.5,12
132,5.9,137,5,53.8,20060513,0.0,2006-05-13,2.2,0.0,7.8,8.3,2006,22.3,15.2,13
133,2.3,137,5,53.0,20060514,0.0,2006-05-14,2.8,0.0,11.0,12.2,2006,23.0,16.6,14
134,6.5,137,5,49.3,20060515,0.0,2006-05-15,1.6,0.0,8.5,8.8,2006,25.9,18.4,15
135,3.5,137,5,43.5,20060516,0.0,2006-05-16,1.8,0.0,13.9,11.2,2006,27.3,20.3,16
136,8.9,137,5,53.0,20060517,0.0,2006-05-17,0.8,0.0,13.1,3.4,2006,27.3,19.7,17
137,10.0,137,5,61.9,20060518,0.0,2006-05-18,0.7,1.0,13.7,0.9,2006,25.2,19.2,18
138,9.6,137,5,89.0,20060519,0.0,2006-05-19,1.2,21.0,13.9,0.0,2006,17.7,15.5,19
139,1.8,137,5,61.0,20060520,0.0,2006-05-20,2.4,0.0,14.2,10.8,2006,27.1,20.4,20
140,1.8,137,5,65.1,20060521,0.0,2006-05-21,0.8,0.0,14.8,9.8,2006,31.1,22.9,21
141,7.3,137,5,79.8,20060522,0.0,2006-05-22,1.5,13.0,14.9,4.1,2006,26.5,20.6,22
142,3.3,137,5,72.1,20060523,0.0,2006-05-23,3.4,0.1,15.1,9.8,2006,23.4,18.7,23
143,1.6,137,5,63.9,20060524,0.0,2006-05-24,1.5,0.0,14.8,9.9,2006,27.8,19.9,24
144,9.3,137,5,70.9,20060525,0.0,2006-05-25,1.1,0.0,12.0,2.7,2006,22.5,16.8,25
145,7.0,137,5,64.8,20060526,0.0,2006-05-26,1.4,0.0,13.4,7.5,2006,25.7,18.9,26
146,10.0,137,5,92.4,20060527,0.0,2006-05-27,1.2,8.5,14.2,0.0,2006,18.2,16.0,27
147,6.8,137,5,71.0,20060528,0.0,2006-05-28,1.8,4.0,14.2,4.2,2006,23.6,18.5,28
148,7.0,137,5,71.9,20060529,0.0,2006-05-29,1.9,0.3,15.7,5.6,2006,26.0,19.5,29
149,1.4,137,5,56.9,20060530,0.0,2006-05-30,1.7,0.0,14.4,11.7,2006,29.7,21.8,30
150,1.4,137,5,58.0,20060531,0.0,2006-05-31,1.2,0.0,13.3,11.6,2006,30.0,22.1,31
151,2.9,137,6,60.5,20060601,0.0,2006-06-01,0.8,0.0,16.4,10.8,2006,31.7,23.5,1
152,3.3,137,6,59.0,20060602,0.0,2006-06-02,1.2,0.0,15.9,10.8,2006,32.2,22.8,2
153,4.4,137,6,65.8,20060603,0.0,2006-06-03,1.1,0.0,13.2,10.9,2006,28.8,20.3,3
154,5.0,137,6,71.6,20060604,0.0,2006-06-04,0.7,0.0,14.8,5.3,2006,28.8,20.8,4
155,1.9,137,6,63.4,20060605,0.0,2006-06-05,1.4,0.0,17.1,10.6,2006,31.1,23.2,5
156,2.5,137,6,63.9,20060606,0.0,2006-06-06,1.1,0.0,15.9,9.7,2006,31.4,23.8,6
157,6.5,137,6,74.8,20060607,0.0,2006-06-07,0.9,0.0,16.8,5.0,2006,28.9,22.7,7
158,10.0,137,6,80.5,20060608,0.0,2006-06-08,1.1,5.0,16.4,0.2,2006,24.2,19.5,8
159,3.3,137,6,67.1,20060609,0.0,2006-06-09,1.4,0.5,15.2,11.4,2006,29.2,21.2,9
160,8.4,137,6,71.4,20060610,0.0,2006-06-10,1.7,13.0,14.2,6.5,2006,30.2,20.1,10
161,4.5,137,6,68.8,20060611,0.0,2006-06-11,2.0,0.5,15.3,9.2,2006,25.9,20.2,11
162,0.4,137,6,62.9,20060612,0.0,2006-06-12,1.3,0.0,14.5,12.4,2006,30.7,22.5,12
163,3.6,137,6,64.5,20060613,0.0,2006-06-13,1.1,0.0,14.7,11.0,2006,31.1,22.7,13
164,9.1,137,6,87.1,20060614,0.0,2006-06-14,1.1,29.5,16.1,0.0,2006,21.0,18.3,14
165,5.3,137,6,69.9,20060615,0.0,2006-06-15,2.7,2.0,18.6,8.6,2006,27.3,21.4,15
166,2.5,137,6,67.8,20060616,0.0,2006-06-16,1.0,0.0,13.9,10.6,2006,30.9,21.9,16
167,2.0,137,6,63.5,20060617,0.0,2006-06-17,1.2,0.0,14.9,11.9,2006,32.7,23.6,17
168,1.1,137,6,62.6,20060618,0.0,2006-06-18,2.5,0.0,18.8,11.5,2006,29.2,23.5,18
169,3.5,137,6,59.8,20060619,0.0,2006-06-19,1.6,0.0,17.9,10.4,2006,31.3,24.1,19
170,7.3,137,6,60.0,20060620,0.0,2006-06-20,1.1,0.0,16.9,6.7,2006,32.2,24.9,20
171,10.0,137,6,81.9,20060621,0.0,2006-06-21,1.1,3.0,19.6,0.2,2006,27.8,22.5,21
172,8.8,137,6,88.5,20060622,0.0,2006-06-22,0.7,24.5,19.5,0.9,2006,27.2,22.3,22
173,8.6,137,6,81.6,20060623,0.0,2006-06-23,0.7,0.0,19.0,1.7,2006,29.5,23.5,23
174,8.4,137,6,74.3,20060624,0.0,2006-06-24,1.1,0.0,19.0,4.5,2006,29.9,23.6,24
175,9.4,137,6,85.0,20060625,0.0,2006-06-25,0.8,0.5,18.9,0.0,2006,21.5,20.1,25
176,8.8,137,6,85.6,20060626,0.0,2006-06-26,0.7,0.5,18.1,0.5,2006,25.1,21.4,26
177,6.4,137,6,73.5,20060627,0.0,2006-06-27,1.8,0.0,19.8,8.1,2006,30.4,24.6,27
178,5.4,137,6,71.4,20060628,0.0,2006-06-28,1.5,0.0,21.9,5.8,2006,32.1,26.5,28
179,7.9,137,6,76.8,20060629,0.0,2006-06-29,1.0,0.3,19.8,4.4,2006,32.2,25.6,29
180,9.4,137,6,77.5,20060630,0.0,2006-06-30,1.4,4.5,22.6,0.6,2006,30.3,26.5,30
181,9.8,137,7,91.9,20060701,0.0,2006-07-01,1.1,16.0,21.4,0.0,2006,25.6,22.7,1
182,7.6,137,7,82.0,20060702,0.0,2006-07-02,1.7,0.5,21.5,4.2,2006,28.9,24.0,2
183,7.0,137,7,79.1,20060703,0.0,2006-07-03,0.8,0.0,19.9,4.8,2006,30.8,24.3,3
184,10.0,137,7,94.6,20060704,0.0,2006-07-04,1.0,26.0,19.5,0.0,2006,22.3,21.1,4
185,10.0,137,7,88.8,20060705,0.0,2006-07-05,0.5,4.5,18.7,0.0,2006,27.4,21.4,5
186,10.0,137,7,91.3,20060706,0.0,2006-07-06,0.2,6.5,17.0,0.0,2006,20.8,18.8,6
187,9.5,137,7,90.9,20060707,0.0,2006-07-07,0.2,0.2,18.4,0.0,2006,25.6,21.2,7
188,9.8,137,7,87.3,20060708,0.0,2006-07-08,0.3,6.0,20.2,0.3,2006,28.3,23.7,8
189,9.9,137,7,96.0,20060709,0.0,2006-07-09,0.4,32.5,21.4,0.0,2006,24.0,22.2,9
190,10.0,137,7,95.1,20060710,0.0,2006-07-10,2.4,117.0,21.1,0.0,2006,23.2,21.9,10
191,9.9,137,7,87.5,20060711,0.0,2006-07-11,1.2,2.5,22.0,0.1,2006,28.6,24.2,11
192,9.6,137,7,91.9,20060712,0.0,2006-07-12,0.6,23.0,22.8,0.9,2006,32.5,25.6,12
193,7.8,137,7,82.3,20060713,0.0,2006-07-13,1.1,0.1,24.2,2.7,2006,34.0,28.1,13
194,7.3,137,7,86.5,20060714,0.0,2006-07-14,0.7,0.5,23.6,6.4,2006,34.2,26.7,14
195,8.1,137,7,89.0,20060715,0.0,2006-07-15,1.5,13.0,23.0,2.0,2006,30.8,25.4,15
196,9.5,137,7,94.9,20060716,0.0,2006-07-16,1.2,65.5,18.5,0.0,2006,24.9,20.6,16
197,10.0,137,7,96.0,20060717,0.0,2006-07-17,0.7,83.0,17.9,0.0,2006,20.0,18.7,17
198,10.0,137,7,95.3,20060718,0.0,2006-07-18,0.7,67.5,18.1,0.0,2006,19.1,18.7,18
199,9.8,137,7,94.3,20060719,0.0,2006-07-19,0.6,13.5,18.0,0.0,2006,20.9,19.1,19
200,10.0,137,7,93.8,20060720,0.0,2006-07-20,0.6,12.0,17.5,0.0,2006,21.5,18.8,20
201,9.0,137,7,91.4,20060721,0.0,2006-07-21,0.3,2.5,17.8,0.8,2006,26.1,20.9,21
202,6.3,137,7,78.1,20060722,0.0,2006-07-22,1.7,0.0,18.7,3.7,2006,29.1,23.9,22
203,8.5,137,7,80.3,20060723,0.0,2006-07-23,1.0,0.0,18.1,3.0,2006,27.4,22.3,23
204,9.9,137,7,88.4,20060724,0.0,2006-07-24,0.3,0.0,19.0,0.0,2006,26.7,22.1,24
205,9.0,137,7,83.3,20060725,0.0,2006-07-25,0.4,5.5,19.1,2.8,2006,29.2,23.4,25
206,10.0,137,7,94.6,20060726,0.0,2006-07-26,0.7,71.0,19.7,0.0,2006,22.4,20.8,26
207,9.3,137,7,91.6,20060727,0.0,2006-07-27,0.6,2.5,20.4,0.5,2006,29.0,23.5,27
208,9.1,137,7,89.4,20060728,0.0,2006-07-28,1.6,27.5,22.6,0.1,2006,27.6,24.2,28
209,8.6,137,7,93.0,20060729,0.0,2006-07-29,0.5,9.0,22.5,0.5,2006,27.8,24.4,29
210,6.4,137,7,82.3,20060730,0.0,2006-07-30,1.0,0.0,22.6,7.4,2006,32.2,27.0,30
211,1.4,137,7,74.8,20060731,0.0,2006-07-31,1.7,0.0,22.8,9.7,2006,31.9,26.8,31
212,1.9,137,8,75.4,20060801,0.0,2006-08-01,0.6,0.0,21.4,9.6,2006,34.0,27.4,1
213,2.8,137,8,80.4,20060802,0.0,2006-08-02,0.4,0.0,22.0,7.3,2006,34.4,27.5,2
214,0.9,137,8,77.5,20060803,0.0,2006-08-03,0.5,0.0,22.6,12.2,2006,35.0,28.2,3
215,1.6,137,8,77.8,20060804,0.0,2006-08-04,0.6,0.0,22.4,12.0,2006,35.3,28.2,4
216,2.6,137,8,77.5,20060805,0.0,2006-08-05,0.9,0.0,22.7,9.3,2006,35.4,27.8,5
217,3.0,137,8,70.3,20060806,0.0,2006-08-06,1.6,0.0,22.3,10.7,2006,35.4,28.0,6
218,4.1,137,8,73.9,20060807,0.0,2006-08-07,1.0,0.0,22.6,11.4,2006,35.5,28.4,7
219,1.8,137,8,73.3,20060808,0.0,2006-08-08,0.7,0.0,22.9,11.9,2006,36.6,28.8,8
220,3.5,137,8,78.5,20060809,0.0,2006-08-09,0.5,0.0,22.8,9.2,2006,35.5,28.4,9
221,4.3,137,8,76.4,20060810,0.0,2006-08-10,0.9,0.0,23.7,8.4,2006,35.6,28.7,10
222,6.1,137,8,77.1,20060811,0.0,2006-08-11,1.4,0.0,23.5,3.8,2006,32.7,26.9,11
223,5.0,137,8,77.9,20060812,0.0,2006-08-12,1.2,0.0,22.3,8.4,2006,34.8,27.7,12
224,5.4,137,8,78.3,20060813,0.0,2006-08-13,0.8,0.0,23.9,6.7,2006,33.6,28.3,13
225,1.8,137,8,78.9,20060814,0.0,2006-08-14,0.5,0.0,22.6,9.7,2006,34.3,28.1,14
226,1.4,137,8,73.1,20060815,0.0,2006-08-15,0.9,0.0,24.0,10.7,2006,35.7,29.4,15
227,3.3,137,8,72.9,20060816,0.0,2006-08-16,0.8,0.0,23.6,10.4,2006,34.0,28.7,16
228,4.1,137,8,70.1,20060817,0.0,2006-08-17,1.4,0.0,22.2,8.2,2006,33.4,26.9,17
229,8.8,137,8,75.1,20060818,0.0,2006-08-18,1.4,0.0,22.5,0.7,2006,29.4,24.6,18
230,9.9,137,8,85.8,20060819,0.0,2006-08-19,1.1,8.0,18.1,0.1,2006,24.1,21.4,19
231,9.1,137,8,94.0,20060820,0.0,2006-08-20,0.5,16.5,19.2,0.0,2006,24.2,21.4,20
232,9.0,137,8,88.1,20060821,0.0,2006-08-21,0.5,1.5,21.7,2.3,2006,31.9,25.2,21
233,10.0,137,8,96.1,20060822,0.0,2006-08-22,0.6,0.5,22.9,0.0,2006,25.1,23.9,22
234,8.1,137,8,88.9,20060823,0.0,2006-08-23,0.6,3.0,22.0,2.6,2006,30.3,24.9,23
235,7.1,137,8,80.8,20060824,0.0,2006-08-24,0.8,0.0,22.5,6.8,2006,31.7,26.0,24
236,9.9,137,8,89.8,20060825,0.0,2006-08-25,0.6,4.0,22.4,0.5,2006,29.1,24.3,25
237,7.5,137,8,86.4,20060826,0.0,2006-08-26,0.8,0.0,22.5,3.7,2006,31.6,25.6,26
238,7.9,137,8,89.6,20060827,0.0,2006-08-27,0.9,6.0,22.6,1.0,2006,28.5,24.6,27
239,4.4,137,8,79.5,20060828,0.0,2006-08-28,1.7,0.0,22.5,8.9,2006,30.8,25.9,28
240,6.5,137,8,85.8,20060829,0.0,2006-08-29,0.6,9.5,19.6,5.5,2006,31.3,24.0,29
241,8.6,137,8,88.1,20060830,0.0,2006-08-30,0.8,24.0,19.6,0.0,2006,25.4,21.8,30
242,5.3,137,8,69.8,20060831,0.0,2006-08-31,1.0,0.0,19.3,7.4,2006,28.3,23.2,31
243,3.0,137,9,75.8,20060901,0.0,2006-09-01,0.8,0.0,15.4,7.9,2006,28.5,21.4,1
244,2.1,137,9,74.9,20060902,0.0,2006-09-02,0.7,0.0,16.5,11.0,2006,29.3,22.2,2
245,4.9,137,9,78.3,20060903,0.0,2006-09-03,0.6,0.0,17.2,8.8,2006,28.5,21.9,3
246,5.8,137,9,76.9,20060904,0.0,2006-09-04,1.1,0.0,16.8,5.4,2006,29.0,22.6,4
247,9.8,137,9,77.1,20060905,0.0,2006-09-05,1.1,2.0,14.9,0.2,2006,22.1,19.0,5
248,5.5,137,9,86.8,20060906,0.0,2006-09-06,0.6,8.5,13.6,3.8,2006,23.7,17.0,6
249,3.3,137,9,77.8,20060907,0.0,2006-09-07,0.7,0.0,13.7,6.8,2006,27.1,19.2,7
250,8.8,137,9,85.3,20060908,0.0,2006-09-08,0.3,0.0,13.6,0.0,2006,21.9,18.2,8
251,8.6,137,9,82.1,20060909,0.0,2006-09-09,1.7,0.0,15.3,0.8,2006,23.3,18.4,9
252,4.8,137,9,64.9,20060910,0.0,2006-09-10,1.9,0.0,8.5,8.8,2006,21.5,14.4,10
253,8.8,137,9,79.6,20060911,0.0,2006-09-11,0.5,0.0,7.3,0.0,2006,17.3,12.3,11
254,7.6,137,9,80.8,20060912,0.0,2006-09-12,0.7,0.0,10.4,1.7,2006,24.4,16.6,12
255,4.6,137,9,78.8,20060913,0.0,2006-09-13,0.8,0.0,13.7,2.8,2006,25.9,18.1,13
256,4.4,137,9,71.9,20060914,0.0,2006-09-14,0.9,0.0,11.9,8.6,2006,26.8,18.7,14
257,10.0,137,9,84.0,20060915,0.0,2006-09-15,0.6,0.0,14.3,1.3,2006,23.2,18.3,15
258,9.8,137,9,85.8,20060916,0.0,2006-09-16,0.6,2.0,16.6,0.0,2006,22.9,19.1,16
259,10.0,137,9,94.1,20060917,0.0,2006-09-17,1.2,18.5,15.0,0.0,2006,17.9,16.2,17
260,10.0,137,9,85.8,20060918,0.0,2006-09-18,1.6,3.5,15.0,0.0,2006,20.7,17.1,18
261,2.5,137,9,76.5,20060919,0.0,2006-09-19,1.1,0.0,13.7,9.8,2006,27.3,19.8,19
262,6.5,137,9,84.0,20060920,0.0,2006-09-20,0.5,0.0,13.5,4.4,2006,25.8,18.1,20
263,3.6,137,9,79.4,20060921,0.0,2006-09-21,0.7,0.0,13.8,8.7,2006,27.3,19.3,21
264,0.6,137,9,73.6,20060922,0.0,2006-09-22,0.8,0.0,13.8,9.9,2006,26.4,19.0,22
265,1.0,137,9,74.3,20060923,0.0,2006-09-23,0.7,0.0,10.0,9.8,2006,25.5,16.8,23
266,0.1,137,9,75.1,20060924,0.0,2006-09-24,0.6,0.0,8.6,9.7,2006,25.0,16.2,24
267,3.8,137,9,79.6,20060925,0.0,2006-09-25,0.7,0.0,9.5,6.7,2006,25.5,16.2,25
268,5.3,137,9,79.8,20060926,0.0,2006-09-26,0.7,0.0,10.6,8.0,2006,25.0,17.0,26
269,2.3,137,9,77.6,20060927,0.0,2006-09-27,0.5,0.0,11.4,8.2,2006,26.9,17.5,27
270,6.9,137,9,76.3,20060928,0.0,2006-09-28,0.8,0.0,12.3,2.1,2006,24.5,17.9,28
271,6.1,137,9,77.0,20060929,0.0,2006-09-29,0.9,0.0,13.4,4.1,2006,26.1,18.5,29
272,4.5,137,9,72.6,20060930,0.0,2006-09-30,0.5,0.0,11.1,7.8,2006,25.3,18.1,30
273,7.1,137,10,76.3,20061001,0.0,2006-10-01,0.7,0.0,13.6,6.4,2006,25.7,18.7,1
274,1.3,137,10,77.0,20061002,0.0,2006-10-02,0.6,0.0,13.4,8.8,2006,27.6,18.4,2
275,0.1,137,10,75.3,20061003,0.0,2006-10-03,0.5,0.0,10.0,9.0,2006,27.7,17.2,3
276,4.4,137,10,73.3,20061004,0.0,2006-10-04,0.6,0.0,10.7,5.6,2006,27.0,17.6,4
277,0.4,137,10,70.6,20061005,0.0,2006-10-05,0.9,0.0,9.7,9.4,2006,26.6,17.6,5
278,0.4,137,10,67.0,20061006,0.0,2006-10-06,0.9,0.0,10.2,9.2,2006,27.3,17.4,6
279,0.0,137,10,63.6,20061007,0.0,2006-10-07,0.8,0.0,7.7,9.2,2006,27.7,17.6,7
280,2.5,137,10,76.9,20061008,0.0,2006-10-08,0.8,0.0,10.5,7.9,2006,26.6,17.7,8
281,4.5,137,10,82.9,20061009,0.0,2006-10-09,0.6,0.0,13.0,4.5,2006,26.2,18.3,9
282,6.9,137,10,75.9,20061010,0.0,2006-10-10,0.8,0.0,12.8,4.6,2006,27.1,17.8,10
283,5.4,137,10,75.8,20061011,0.0,2006-10-11,1.3,0.0,10.0,4.6,2006,24.7,18.1,11
284,1.1,137,10,55.5,20061012,0.0,2006-10-12,1.1,0.0,10.2,9.0,2006,26.3,17.0,12
285,2.3,137,10,64.3,20061013,0.0,2006-10-13,0.9,0.0,6.5,8.9,2006,24.6,15.2,13
286,0.4,137,10,73.4,20061014,0.0,2006-10-14,0.7,0.0,7.9,8.7,2006,25.8,15.6,14
287,0.0,137,10,73.6,20061015,0.0,2006-10-15,0.4,0.0,8.6,8.5,2006,27.3,16.5,15
288,0.0,137,10,82.9,20061016,0.0,2006-10-16,0.4,0.0,10.2,6.9,2006,25.1,16.7,16
289,7.0,137,10,85.8,20061017,0.0,2006-10-17,0.6,0.0,10.3,1.3,2006,23.4,15.4,17
290,4.8,137,10,82.6,20061018,0.0,2006-10-18,0.5,0.0,10.3,5.8,2006,25.2,16.4,18
291,9.1,137,10,77.5,20061019,0.0,2006-10-19,0.7,0.0,11.9,1.6,2006,24.1,17.2,19
292,3.9,137,10,69.8,20061020,0.0,2006-10-20,1.0,0.0,12.7,6.9,2006,27.1,18.8,20
293,6.4,137,10,77.3,20061021,0.0,2006-10-21,0.9,0.0,14.1,3.8,2006,24.0,17.6,21
294,8.3,137,10,91.8,20061022,0.0,2006-10-22,0.8,26.5,11.5,0.3,2006,19.1,14.9,22
295,6.5,137,10,70.9,20061023,0.0,2006-10-23,3.0,1.0,9.0,1.4,2006,18.3,13.4,23
296,0.5,137,10,69.1,20061024,0.0,2006-10-24,1.2,0.0,6.3,9.1,2006,20.3,12.4,24
297,5.9,137,10,74.8,20061025,0.0,2006-10-25,0.9,0.0,3.6,4.7,2006,20.2,12.2,25
298,9.3,137,10,88.5,20061026,0.0,2006-10-26,0.4,1.0,10.0,0.0,2006,17.5,13.2,26
299,2.3,137,10,72.5,20061027,0.0,2006-10-27,1.5,0.0,7.4,8.4,2006,19.8,13.6,27
300,2.4,137,10,69.8,20061028,0.0,2006-10-28,1.0,0.0,2.9,7.5,2006,22.0,11.6,28
301,1.5,137,10,73.8,20061029,0.0,2006-10-29,1.3,0.0,8.6,7.5,2006,21.9,13.8,29
302,1.1,137,10,72.1,20061030,0.0,2006-10-30,0.7,0.0,4.0,8.6,2006,21.6,11.0,30
303,0.9,137,10,68.1,20061031,0.0,2006-10-31,0.8,0.0,2.9,8.6,2006,22.6,11.4,31
304,4.1,137,11,77.0,20061101,0.0,2006-11-01,0.7,0.0,5.9,7.0,2006,20.7,12.3,1
305,1.9,137,11,66.1,20061102,0.0,2006-11-02,1.7,0.0,7.2,7.5,2006,19.5,12.8,2
306,2.0,137,11,72.4,20061103,0.0,2006-11-03,1.2,0.0,4.8,6.2,2006,21.7,12.2,3
307,4.3,137,11,81.6,20061104,0.0,2006-11-04,0.5,0.0,5.8,6.4,2006,20.4,11.8,4
308,3.8,137,11,71.0,20061105,0.0,2006-11-05,1.7,8.0,5.8,5.8,2006,19.0,11.2,5
309,6.9,137,11,83.9,20061106,0.0,2006-11-06,2.3,7.0,2.3,1.6,2006,11.0,5.2,6
310,4.0,137,11,67.1,20061107,0.0,2006-11-07,2.6,0.0,-0.3,6.9,2006,8.7,3.6,7
311,2.1,137,11,72.8,20061108,0.0,2006-11-08,1.1,0.0,-0.5,7.5,2006,19.5,8.6,8
312,4.8,137,11,84.9,20061109,0.0,2006-11-09,1.1,1.5,5.9,1.8,2006,18.5,10.7,9
313,7.0,137,11,63.5,20061110,0.0,2006-11-10,1.0,0.5,3.6,1.3,2006,15.1,8.1,10
314,3.0,137,11,54.8,20061111,0.0,2006-11-11,2.6,1.0,3.6,7.6,2006,13.9,7.5,11
315,0.0,137,11,47.5,20061112,0.0,2006-11-12,2.3,0.0,0.6,8.6,2006,12.9,5.5,12
316,6.1,137,11,72.8,20061113,0.0,2006-11-13,1.2,0.5,-0.6,4.2,2006,16.7,8.2,13
317,2.1,137,11,45.6,20061114,0.0,2006-11-14,3.7,0.0,3.2,8.6,2006,12.9,7.8,14
318,3.1,137,11,65.6,20061115,0.0,2006-11-15,2.8,3.5,2.4,5.0,2006,13.8,7.1,15
319,4.1,137,11,41.6,20061116,0.0,2006-11-16,2.8,0.0,0.6,3.0,2006,9.9,4.4,16
320,0.8,137,11,52.9,20061117,0.0,2006-11-17,1.2,0.0,-0.6,7.5,2006,13.9,5.2,17
321,3.0,137,11,70.5,20061118,0.0,2006-11-18,0.7,0.0,-0.3,6.9,2006,13.5,4.7,18
322,7.1,137,11,74.8,20061119,0.0,2006-11-19,0.7,0.0,-1.4,3.8,2006,15.3,6.7,19
323,1.5,137,11,51.6,20061120,0.0,2006-11-20,2.2,0.0,3.8,8.5,2006,16.3,9.4,20
324,2.4,137,11,62.8,20061121,0.0,2006-11-21,1.3,0.0,-1.4,6.7,2006,15.9,8.4,21
325,7.3,137,11,65.5,20061122,0.0,2006-11-22,1.1,0.0,5.2,0.0,2006,13.1,8.7,22
326,8.6,137,11,68.3,20061123,0.0,2006-11-23,2.6,0.0,5.8,0.0,2006,9.5,7.8,23
327,8.8,137,11,56.8,20061124,0.0,2006-11-24,2.1,0.0,4.9,0.0,2006,9.4,6.6,24
328,3.6,137,11,68.5,20061125,0.0,2006-11-25,1.0,0.0,0.4,8.1,2006,16.2,7.5,25
329,9.5,137,11,88.8,20061126,0.0,2006-11-26,0.4,1.5,4.6,0.0,2006,9.4,7.6,26
330,10.0,137,11,94.0,20061127,0.0,2006-11-27,0.8,19.5,4.9,0.0,2006,9.7,7.5,27
331,7.8,137,11,83.5,20061128,0.0,2006-11-28,0.9,0.5,4.1,0.2,2006,8.9,5.7,28
332,6.0,137,11,50.1,20061129,0.0,2006-11-29,2.7,0.0,1.3,4.9,2006,8.6,3.9,29
333,3.4,137,11,72.5,20061130,0.0,2006-11-30,1.6,0.5,-1.9,5.5,2006,6.7,1.5,30
334,5.0,137,12,80.1,20061201,0.0,2006-12-01,1.7,0.0,-1.0,3.5,2006,8.4,2.3,1
335,3.6,137,12,58.1,20061202,0.0,2006-12-02,4.6,0.5,-3.7,7.7,2006,2.5,-0.3,2
336,0.4,137,12,46.4,20061203,0.0,2006-12-03,3.0,0.0,-6.5,8.6,2006,0.8,-3.1,3
337,1.5,137,12,52.5,20061204,0.0,2006-12-04,2.0,0.0,-5.5,8.5,2006,4.3,-1.6,4
338,4.6,137,12,74.0,20061205,0.0,2006-12-05,1.1,0.0,-5.6,3.6,2006,4.6,-1.0,5
339,7.0,137,12,90.3,20061206,0.0,2006-12-06,0.6,0.0,-4.5,3.2,2006,4.6,-1.3,6
340,10.0,137,12,90.4,20061207,0.0,2006-12-07,0.5,1.0,-1.6,0.0,2006,4.3,1.7,7
341,10.0,137,12,94.0,20061208,0.0,2006-12-08,1.0,7.5,2.5,0.0,2006,4.6,3.5,8
342,7.6,137,12,80.4,20061209,0.0,2006-12-09,2.0,4.0,0.6,0.9,2006,7.5,3.5,9
343,2.6,137,12,55.3,20061210,0.0,2006-12-10,2.8,0.0,-3.2,6.3,2006,5.1,0.3,10
344,4.5,137,12,64.5,20061211,0.0,2006-12-11,1.0,0.0,-6.6,7.1,2006,7.0,0.0,11
345,2.3,137,12,65.3,20061212,0.0,2006-12-12,1.3,0.0,-2.2,8.3,2006,11.5,4.0,12
346,7.1,137,12,75.8,20061213,0.0,2006-12-13,1.6,0.0,-1.3,3.0,2006,11.1,4.9,13
347,5.9,137,12,67.1,20061214,0.0,2006-12-14,1.6,0.0,-1.2,2.1,2006,7.8,3.6,14
348,4.3,137,12,69.6,20061215,0.0,2006-12-15,1.2,0.0,-3.7,5.3,2006,10.3,3.7,15
349,4.0,137,12,78.1,20061216,0.0,2006-12-16,1.6,0.0,-2.2,1.1,2006,6.4,1.5,16
350,7.0,137,12,80.0,20061217,0.9,2006-12-17,2.4,0.8,-3.9,3.1,2006,2.2,-0.7,17
351,2.4,137,12,53.9,20061218,0.0,2006-12-18,2.8,0.0,-5.9,7.5,2006,3.5,-0.9,18
352,1.4,137,12,66.9,20061219,0.0,2006-12-19,0.8,0.0,-7.5,7.0,2006,5.6,-1.9,19
353,2.1,137,12,71.0,20061220,0.0,2006-12-20,0.5,0.0,-7.1,7.9,2006,7.5,-1.1,20
354,0.4,137,12,73.8,20061221,0.0,2006-12-21,0.8,0.0,-5.4,8.0,2006,9.8,0.6,21
355,4.0,137,12,72.3,20061222,0.0,2006-12-22,1.4,0.0,-4.6,4.0,2006,8.1,1.5,22
356,0.1,137,12,61.9,20061223,0.0,2006-12-23,2.8,0.0,0.8,8.3,2006,8.1,4.0,23
357,4.1,137,12,78.4,20061224,0.0,2006-12-24,0.6,0.0,-5.5,4.5,2006,6.3,-0.2,24
358,2.5,137,12,83.5,20061225,0.0,2006-12-25,0.5,0.0,-3.7,6.0,2006,11.5,2.1,25
359,2.5,137,12,84.5,20061226,0.0,2006-12-26,0.6,0.0,-2.7,4.4,2006,11.5,3.1,26
360,4.6,137,12,64.1,20061227,0.0,2006-12-27,3.7,0.0,-0.8,2.9,2006,6.5,3.5,27
361,3.8,137,12,55.0,20061228,0.0,2006-12-28,7.2,0.0,-10.6,5.3,2006,-0.8,-6.3,28
362,0.0,137,12,37.8,20061229,0.0,2006-12-29,3.5,0.0,-12.5,8.3,2006,-1.2,-7.2,29
363,4.3,137,12,37.0,20061230,0.0,2006-12-30,1.9,0.0,-7.8,7.8,2006,4.3,-2.0,30
364,0.5,137,12,47.9,20061231,0.0,2006-12-31,0.7,0.0,-7.6,8.3,2006,7.8,-1.4,31
