,date,wind,tmax,cloud,tmin,year,day,month,rainfall,humid,Date,tavg,snow,sunshine,station_id
0,20180101,2.4,4.9,0.0,-3.9,2018,1,1,0.0,34.6,2018-01-01,0.5,0.0,8.2,137
1,20180102,2.8,5.0,0.0,-5.1,2018,2,1,0.0,51.5,2018-01-02,0.8,0.0,4.4,137
2,20180103,3.1,2.6,0.0,-4.7,2018,3,1,0.0,37.9,2018-01-03,-1.7,0.0,8.2,137
3,20180104,1.6,2.4,0.0,-5.4,2018,4,1,0.0,44.5,2018-01-04,-1.5,0.0,7.0,137
4,20180105,2.6,4.2,0.0,-2.8,2018,5,1,0.0,43.1,2018-01-05,0.0,0.0,7.4,137
5,20180106,2.7,5.5,0.0,-4.0,2018,6,1,0.0,44.1,2018-01-06,0.0,0.0,8.3,137
6,20180107,0.9,1.7,0.0,-8.6,2018,7,1,0.0,52.9,2018-01-07,-2.3,0.0,1.5,137
7,20180108,1.6,4.3,0.0,-1.9,2018,8,1,2.6,69.1,2018-01-08,1.0,0.0,0.5,137
8,20180109,3.5,1.8,0.0,-3.3,2018,9,1,0.3,65.6,2018-01-09,-1.8,0.0,6.3,137
9,20180110,2.9,-0.9,0.0,-8.6,2018,10,1,3.3,54.5,2018-01-10,-4.7,0.0,6.0,137
10,20180111,2.9,-5.0,0.0,-11.9,2018,11,1,0.0,51.1,2018-01-11,-8.8,0.0,8.3,137
11,20180112,3.6,-5.8,0.0,-12.9,2018,12,1,0.0,46.3,2018-01-12,-9.0,0.0,8.3,137
12,20180113,1.9,2.3,0.0,-7.1,2018,13,1,0.6,70.3,2018-01-13,-2.8,0.0,3.2,137
13,20180114,0.7,3.5,0.0,-9.8,2018,14,1,0.0,75.3,2018-01-14,-3.5,0.0,6.6,137
14,20180115,1.5,10.6,0.0,-3.2,2018,15,1,0.0,66.5,2018-01-15,2.6,0.0,6.3,137
15,20180116,0.9,9.1,0.0,-2.3,2018,16,1,4.1,79.4,2018-01-16,2.4,0.0,1.1,137
16,20180117,1.3,7.4,0.0,1.0,2018,17,1,12.3,87.9,2018-01-17,3.9,0.0,0.9,137
17,20180118,2.2,7.9,0.0,0.5,2018,18,1,0.0,60.8,2018-01-18,4.6,0.0,2.8,137
18,20180119,2.1,6.1,0.0,-2.2,2018,19,1,0.0,39.8,2018-01-19,1.8,0.0,8.1,137
19,20180120,1.3,6.7,0.0,-4.6,2018,20,1,0.0,56.4,2018-01-20,1.5,0.0,5.9,137
20,20180121,1.0,8.2,0.0,-3.2,2018,21,1,0.0,57.1,2018-01-21,1.8,0.0,7.5,137
21,20180122,1.6,8.9,0.0,-0.3,2018,22,1,0.8,57.0,2018-01-22,3.0,0.0,1.3,137
22,20180123,5.1,0.9,0.0,-10.7,2018,23,1,0.0,38.6,2018-01-23,-7.0,0.0,8.6,137
23,20180124,4.0,-7.3,0.0,-13.9,2018,24,1,0.0,27.3,2018-01-24,-11.0,0.0,8.7,137
24,20180125,3.6,-5.8,0.0,-14.9,2018,25,1,0.0,34.9,2018-01-25,-11.0,0.0,8.3,137
25,20180126,3.8,-6.0,0.0,-14.8,2018,26,1,0.0,37.9,2018-01-26,-11.5,0.0,8.6,137
26,20180127,2.0,1.3,0.0,-14.0,2018,27,1,0.0,30.8,2018-01-27,-6.6,0.0,8.7,137
27,20180128,3.6,1.6,0.0,-6.2,2018,28,1,0.0,30.5,2018-01-28,-3.3,0.0,7.9,137
28,20180129,3.2,-2.8,0.0,-8.4,2018,29,1,0.0,36.8,2018-01-29,-6.2,0.0,8.7,137
29,20180130,2.6,1.6,0.0,-10.2,2018,30,1,0.0,44.9,2018-01-30,-4.0,0.0,8.5,137
30,20180131,2.0,5.2,0.0,-3.4,2018,31,1,0.0,43.5,2018-01-31,0.3,0.0,5.8,137
31,20180201,1.4,5.0,0.0,-7.5,2018,1,2,0.0,35.9,2018-02-01,-1.5,0.0,8.7,137
32,20180202,2.0,5.0,0.0,-8.2,2018,2,2,0.0,31.9,2018-02-02,-1.3,0.0,8.7,137
33,20180203,3.7,-1.3,0.0,-8.0,2018,3,2,0.0,40.3,2018-02-03,-4.5,0.0,8.7,137
34,20180204,3.5,-3.6,0.0,-10.8,2018,4,2,0.0,34.9,2018-02-04,-7.7,0.0,8.8,137
35,20180205,3.5,-3.1,0.0,-10.9,2018,5,2,0.0,33.3,2018-02-05,-7.8,0.0,8.7,137
36,20180206,2.8,-4.0,0.0,-11.6,2018,6,2,0.0,39.1,2018-02-06,-8.3,0.0,8.8,137
37,20180207,2.3,-0.7,0.0,-13.2,2018,7,2,0.0,33.5,2018-02-07,-7.2,0.0,8.9,137
38,20180208,1.1,5.2,0.0,-12.5,2018,8,2,0.0,40.8,2018-02-08,-4.6,0.0,8.9,137
39,20180209,1.3,9.7,0.0,-8.5,2018,9,2,0.0,42.9,2018-02-09,1.3,0.0,7.5,137
40,20180210,3.2,7.6,0.0,-4.5,2018,10,2,0.0,39.8,2018-02-10,2.0,0.0,1.9,137
41,20180211,3.3,-0.9,0.0,-7.2,2018,11,2,0.6,51.0,2018-02-11,-4.1,0.0,5.7,137
42,20180212,2.9,-0.9,0.0,-9.1,2018,12,2,0.7,53.1,2018-02-12,-5.0,0.0,7.0,137
43,20180213,2.5,4.7,0.0,-5.4,2018,13,2,0.2,48.0,2018-02-13,-1.1,0.0,9.0,137
44,20180214,2.0,12.7,0.0,-8.0,2018,14,2,0.0,59.1,2018-02-14,2.4,0.0,6.7,137
45,20180215,2.6,8.5,0.0,-0.9,2018,15,2,0.0,28.5,2018-02-15,2.8,0.0,8.7,137
46,20180216,2.6,8.2,0.0,-3.2,2018,16,2,0.0,25.1,2018-02-16,2.0,0.0,8.9,137
47,20180217,3.9,5.2,0.0,-3.9,2018,17,2,0.0,22.9,2018-02-17,-0.3,0.0,8.9,137
48,20180218,1.9,6.5,0.0,-2.9,2018,18,2,0.0,24.1,2018-02-18,1.5,0.0,3.6,137
49,20180219,1.3,10.8,0.0,-2.4,2018,19,2,0.0,28.8,2018-02-19,3.8,0.0,7.1,137
50,20180220,2.1,10.0,0.0,-2.9,2018,20,2,0.0,35.0,2018-02-20,3.6,0.0,6.9,137
51,20180221,2.4,7.0,0.0,-2.3,2018,21,2,0.0,22.8,2018-02-21,1.1,0.0,6.2,137
52,20180222,1.8,8.6,0.0,-6.8,2018,22,2,0.0,34.3,2018-02-22,1.0,0.0,8.9,137
53,20180223,1.6,10.4,0.0,-3.1,2018,23,2,2.0,60.3,2018-02-23,4.5,0.0,3.0,137
54,20180224,2.3,12.7,0.0,2.2,2018,24,2,0.0,46.4,2018-02-24,6.8,0.0,5.8,137
55,20180225,1.7,12.4,0.0,1.8,2018,25,2,0.0,44.9,2018-02-25,5.4,0.0,5.6,137
56,20180226,1.7,13.9,0.0,-1.8,2018,26,2,0.0,22.8,2018-02-26,4.9,0.0,9.9,137
57,20180227,1.4,15.3,0.0,-4.0,2018,27,2,0.0,35.4,2018-02-27,5.6,0.0,6.9,137
58,20180228,2.3,7.6,0.0,2.1,2018,28,2,33.4,74.1,2018-02-28,4.8,0.0,0.0,137
59,20180301,5.6,5.9,0.0,-2.2,2018,1,3,1.6,52.9,2018-03-01,2.7,0.0,8.6,137
60,20180302,2.1,10.1,0.0,-4.9,2018,2,3,0.0,34.5,2018-03-02,2.0,0.0,10.0,137
61,20180303,1.2,15.6,0.0,-3.0,2018,3,3,0.0,45.3,2018-03-03,6.0,0.0,9.7,137
62,20180304,1.4,21.6,0.0,4.6,2018,4,3,16.2,63.3,2018-03-04,13.0,0.0,6.4,137
63,20180305,2.1,12.8,0.0,3.0,2018,5,3,23.2,82.4,2018-03-05,5.0,0.0,0.1,137
64,20180306,1.3,11.9,0.0,-1.7,2018,6,3,0.0,62.6,2018-03-06,4.5,0.0,9.7,137
65,20180307,1.5,7.2,0.0,0.4,2018,7,3,4.8,72.4,2018-03-07,3.9,0.0,0.1,137
66,20180308,1.3,6.6,0.0,0.2,2018,8,3,18.9,85.4,2018-03-08,2.7,0.0,0.4,137
67,20180309,1.7,8.1,0.0,1.0,2018,9,3,0.0,70.0,2018-03-09,3.8,0.0,0.9,137
68,20180310,1.8,12.6,0.0,-1.0,2018,10,3,0.0,57.8,2018-03-10,5.3,0.0,9.0,137
69,20180311,2.4,14.6,0.0,3.1,2018,11,3,0.0,46.4,2018-03-11,7.8,0.0,9.3,137
70,20180312,1.2,19.4,0.0,-1.2,2018,12,3,0.0,49.9,2018-03-12,9.0,0.0,9.7,137
71,20180313,1.8,22.5,0.0,1.2,2018,13,3,0.0,48.0,2018-03-13,13.2,0.0,9.1,137
72,20180314,1.4,25.0,0.0,6.5,2018,14,3,0.0,55.8,2018-03-14,15.9,0.0,8.6,137
73,20180315,0.8,15.2,0.0,10.7,2018,15,3,8.7,88.8,2018-03-15,13.2,0.0,0.0,137
74,20180316,2.4,14.3,0.0,0.4,2018,16,3,0.3,65.5,2018-03-16,4.2,0.0,0.0,137
75,20180317,1.1,12.2,0.0,-3.3,2018,17,3,0.0,61.8,2018-03-17,4.1,0.0,10.2,137
76,20180318,0.7,12.7,0.0,0.5,2018,18,3,2.2,72.5,2018-03-18,7.2,0.0,0.6,137
77,20180319,2.6,9.9,0.0,3.5,2018,19,3,29.6,88.3,2018-03-19,6.9,0.0,0.0,137
78,20180320,3.8,9.1,0.0,2.3,2018,20,3,0.0,49.1,2018-03-20,4.8,0.0,2.6,137
79,20180321,1.3,3.9,0.0,-0.7,2018,21,3,17.6,91.5,2018-03-21,0.7,0.0,0.0,137
80,20180322,2.8,11.7,0.0,0.7,2018,22,3,0.0,60.3,2018-03-22,5.5,0.0,10.1,137
81,20180323,2.3,14.8,0.0,1.6,2018,23,3,0.0,46.4,2018-03-23,7.8,0.0,10.3,137
82,20180324,3.0,16.8,0.0,4.4,2018,24,3,0.0,47.3,2018-03-24,10.5,0.0,9.5,137
83,20180325,2.8,20.0,0.0,7.0,2018,25,3,0.0,38.5,2018-03-25,13.8,0.0,10.6,137
84,20180326,2.7,21.5,0.0,6.6,2018,26,3,0.0,41.5,2018-03-26,14.9,0.0,10.3,137
85,20180327,2.3,23.5,0.0,6.0,2018,27,3,0.0,49.0,2018-03-27,15.5,0.0,10.2,137
86,20180328,2.6,23.5,0.0,8.6,2018,28,3,0.0,45.9,2018-03-28,16.7,0.0,9.8,137
87,20180329,2.0,23.2,0.0,10.0,2018,29,3,0.0,52.0,2018-03-29,16.1,0.0,3.8,137
88,20180330,1.8,19.8,0.0,7.3,2018,30,3,0.0,46.5,2018-03-30,13.0,0.0,8.7,137
89,20180331,1.5,24.3,0.0,5.3,2018,31,3,0.0,48.6,2018-03-31,14.9,0.0,9.8,137
90,20180401,1.5,23.8,0.0,10.7,2018,1,4,0.0,51.3,2018-04-01,17.7,0.0,2.0,137
91,20180402,1.7,27.0,0.0,11.1,2018,2,4,0.0,56.6,2018-04-02,19.3,0.0,9.8,137
92,20180403,1.9,26.6,0.0,11.4,2018,3,4,0.0,53.9,2018-04-03,20.1,0.0,9.0,137
93,20180404,1.7,19.6,0.0,7.1,2018,4,4,15.9,85.4,2018-04-04,11.3,0.0,0.0,137
94,20180405,1.8,7.2,0.0,5.7,2018,5,4,25.6,94.9,2018-04-05,6.4,0.0,0.0,137
95,20180406,3.0,13.9,0.0,3.5,2018,6,4,22.4,64.3,2018-04-06,7.8,0.0,5.4,137
96,20180407,4.2,9.9,0.0,2.6,2018,7,4,0.0,35.4,2018-04-07,5.2,0.0,9.1,137
97,20180408,2.6,14.9,0.0,0.7,2018,8,4,0.0,38.5,2018-04-08,8.7,0.0,8.6,137
98,20180409,1.9,19.4,0.0,6.8,2018,9,4,0.0,44.5,2018-04-09,11.9,0.0,10.6,137
99,20180410,1.5,25.3,0.0,2.2,2018,10,4,0.0,48.8,2018-04-10,14.5,0.0,9.8,137
100,20180411,3.6,21.4,0.0,10.9,2018,11,4,4.7,42.4,2018-04-11,16.6,0.0,11.0,137
101,20180412,2.8,22.4,0.0,5.0,2018,12,4,0.0,25.5,2018-04-12,14.7,0.0,11.4,137
102,20180413,2.1,19.9,0.0,4.7,2018,13,4,0.0,35.5,2018-04-13,12.6,0.0,4.0,137
103,20180414,1.9,11.4,0.0,6.9,2018,14,4,21.9,84.9,2018-04-14,9.0,0.0,0.0,137
104,20180415,3.1,16.7,0.0,7.2,2018,15,4,0.0,54.9,2018-04-15,11.3,0.0,9.4,137
105,20180416,1.5,18.7,0.0,5.1,2018,16,4,0.0,51.3,2018-04-16,12.3,0.0,11.0,137
106,20180417,1.2,22.0,0.0,6.3,2018,17,4,0.0,50.9,2018-04-17,13.9,0.0,10.8,137
107,20180418,2.0,23.6,0.0,7.0,2018,18,4,0.0,37.0,2018-04-18,15.8,0.0,11.5,137
108,20180419,2.7,26.2,0.0,9.6,2018,19,4,0.0,22.9,2018-04-19,18.0,0.0,11.4,137
109,20180420,1.1,30.0,0.0,9.4,2018,20,4,0.0,38.1,2018-04-20,20.0,0.0,11.5,137
110,20180421,1.2,32.0,0.0,11.2,2018,21,4,0.0,39.6,2018-04-21,21.4,0.0,10.7,137
111,20180422,0.8,19.4,0.0,11.1,2018,22,4,0.5,57.3,2018-04-22,15.6,0.0,1.3,137
112,20180423,1.3,13.7,0.0,9.5,2018,23,4,37.3,94.0,2018-04-23,9.9,0.0,0.0,137
113,20180424,0.9,14.3,0.0,7.8,2018,24,4,13.1,85.5,2018-04-24,11.0,0.0,0.0,137
114,20180425,0.8,22.4,0.0,3.9,2018,25,4,0.0,54.6,2018-04-25,13.2,0.0,12.3,137
115,20180426,1.3,25.4,0.0,5.0,2018,26,4,0.0,49.9,2018-04-26,15.9,0.0,10.1,137
116,20180427,2.1,24.4,0.0,11.4,2018,27,4,0.0,41.6,2018-04-27,17.4,0.0,10.8,137
117,20180428,1.7,25.6,0.0,8.6,2018,28,4,0.0,42.5,2018-04-28,17.3,0.0,12.0,137
118,20180429,1.7,27.6,0.0,7.0,2018,29,4,0.0,29.1,2018-04-29,18.2,0.0,12.2,137
119,20180430,1.3,28.2,0.0,12.7,2018,30,4,0.0,47.4,2018-04-30,21.1,0.0,10.9,137
120,20180501,1.0,27.1,0.0,13.9,2018,1,5,1.7,76.0,2018-05-01,19.7,0.0,5.9,137
121,20180502,1.5,18.2,0.0,11.1,2018,2,5,22.7,90.3,2018-05-02,15.2,0.0,0.0,137
122,20180503,3.8,17.7,0.0,8.9,2018,3,5,0.0,53.3,2018-05-03,12.6,0.0,11.1,137
123,20180504,3.9,22.0,0.0,8.8,2018,4,5,0.0,33.1,2018-05-04,15.1,0.0,12.5,137
124,20180505,1.8,27.2,0.0,7.5,2018,5,5,0.0,34.5,2018-05-05,18.7,0.0,11.1,137
125,20180506,1.0,20.0,0.0,13.6,2018,6,5,26.6,95.1,2018-05-06,14.8,0.0,0.0,137
126,20180507,0.7,20.5,0.0,13.4,2018,7,5,4.2,88.6,2018-05-07,16.3,0.0,1.0,137
127,20180508,1.5,18.7,0.0,10.0,2018,8,5,0.0,67.9,2018-05-08,14.6,0.0,2.2,137
128,20180509,1.1,20.7,0.0,6.3,2018,9,5,0.0,66.3,2018-05-09,13.4,0.0,10.6,137
129,20180510,1.3,24.5,0.0,9.1,2018,10,5,0.0,59.3,2018-05-10,16.5,0.0,11.0,137
130,20180511,2.0,25.7,0.0,11.8,2018,11,5,0.0,45.8,2018-05-11,18.8,0.0,10.9,137
131,20180512,0.6,17.2,0.0,13.1,2018,12,5,16.4,85.3,2018-05-12,14.2,0.0,0.0,137
132,20180513,1.6,23.8,0.0,14.5,2018,13,5,2.9,74.4,2018-05-13,18.3,0.0,7.7,137
133,20180514,1.4,28.5,0.0,13.2,2018,14,5,0.0,60.6,2018-05-14,20.9,0.0,11.8,137
134,20180515,0.7,32.2,0.0,15.0,2018,15,5,0.0,61.3,2018-05-15,23.4,0.0,9.3,137
135,20180516,0.6,26.2,0.0,19.7,2018,16,5,0.2,85.8,2018-05-16,23.0,0.0,0.2,137
136,20180517,1.1,29.9,0.0,20.8,2018,17,5,0.0,78.5,2018-05-17,25.1,0.0,2.3,137
137,20180518,1.6,24.8,0.0,13.8,2018,18,5,6.7,88.1,2018-05-18,20.8,0.0,0.3,137
138,20180519,1.4,21.3,0.0,12.1,2018,19,5,0.0,59.3,2018-05-19,15.8,0.0,6.1,137
139,20180520,1.6,23.5,0.0,7.6,2018,20,5,0.0,57.0,2018-05-20,15.0,0.0,7.2,137
140,20180521,0.9,19.5,0.0,11.5,2018,21,5,0.0,69.6,2018-05-21,15.6,0.0,0.1,137
141,20180522,0.7,25.4,0.0,11.4,2018,22,5,3.5,81.6,2018-05-22,17.1,0.0,3.8,137
142,20180523,1.7,25.8,0.0,15.3,2018,23,5,16.5,56.4,2018-05-23,19.6,0.0,10.9,137
143,20180524,1.8,27.4,0.0,10.1,2018,24,5,0.0,46.5,2018-05-24,19.8,0.0,12.2,137
144,20180525,1.5,28.1,0.0,14.0,2018,25,5,0.0,43.1,2018-05-25,20.7,0.0,9.5,137
145,20180526,0.9,30.4,0.0,11.5,2018,26,5,0.0,52.4,2018-05-26,21.8,0.0,12.7,137
146,20180527,0.9,26.8,0.0,15.5,2018,27,5,0.0,58.3,2018-05-27,21.5,0.0,1.9,137
147,20180528,1.4,29.5,0.0,15.7,2018,28,5,0.0,54.9,2018-05-28,23.6,0.0,11.7,137
148,20180529,1.0,29.9,0.0,18.1,2018,29,5,0.0,62.5,2018-05-29,23.9,0.0,9.0,137
149,20180530,1.2,28.6,0.0,17.5,2018,30,5,3.7,67.3,2018-05-30,21.9,0.0,6.1,137
150,20180531,1.7,27.9,0.0,15.2,2018,31,5,0.0,55.5,2018-05-31,21.1,0.0,12.8,137
151,20180601,1.1,32.2,0.0,15.4,2018,1,6,0.0,51.4,2018-06-01,24.4,0.0,12.6,137
152,20180602,1.6,32.6,0.0,17.2,2018,2,6,0.0,36.1,2018-06-02,25.6,0.0,12.5,137
153,20180603,1.1,32.0,0.0,15.8,2018,3,6,0.0,43.9,2018-06-03,23.6,0.0,10.8,137
154,20180604,1.5,30.8,0.0,18.4,2018,4,6,0.0,43.5,2018-06-04,24.8,0.0,8.8,137
155,20180605,0.8,27.2,0.0,18.3,2018,5,6,0.3,72.1,2018-06-05,21.7,0.0,5.4,137
156,20180606,1.4,31.8,0.0,17.6,2018,6,6,0.0,59.0,2018-06-06,24.8,0.0,10.6,137
157,20180607,1.7,33.0,0.0,19.8,2018,7,6,0.0,55.0,2018-06-07,25.8,0.0,12.3,137
158,20180608,2.1,29.2,0.0,19.4,2018,8,6,0.0,61.1,2018-06-08,23.5,0.0,10.2,137
159,20180609,1.2,27.1,0.0,16.6,2018,9,6,0.0,63.6,2018-06-09,21.2,0.0,3.7,137
160,20180610,1.3,22.5,0.0,17.9,2018,10,6,0.0,63.0,2018-06-10,19.4,0.0,0.0,137
161,20180611,0.6,22.2,0.0,15.6,2018,11,6,0.1,74.9,2018-06-11,18.5,0.0,0.4,137
162,20180612,1.0,26.5,0.0,16.6,2018,12,6,0.0,69.9,2018-06-12,20.5,0.0,6.1,137
163,20180613,1.0,26.5,0.0,17.2,2018,13,6,0.0,63.1,2018-06-13,20.7,0.0,4.5,137
164,20180614,1.1,24.9,0.0,17.5,2018,14,6,0.1,66.1,2018-06-14,20.1,0.0,1.6,137
165,20180615,1.2,25.8,0.0,15.7,2018,15,6,0.0,57.9,2018-06-15,19.5,0.0,6.4,137
166,20180616,1.0,26.7,0.0,12.8,2018,16,6,0.0,60.9,2018-06-16,19.5,0.0,8.0,137
167,20180617,0.7,27.6,0.0,13.2,2018,17,6,0.0,69.0,2018-06-17,20.7,0.0,6.1,137
168,20180618,0.9,32.9,0.0,17.8,2018,18,6,0.0,57.1,2018-06-18,25.4,0.0,10.5,137
169,20180619,1.5,26.5,0.0,19.2,2018,19,6,0.9,73.3,2018-06-19,22.1,0.0,0.0,137
170,20180620,2.1,30.1,0.0,18.2,2018,20,6,0.0,58.5,2018-06-20,24.0,0.0,10.6,137
171,20180621,2.1,30.5,0.0,19.0,2018,21,6,0.0,46.5,2018-06-21,24.5,0.0,12.6,137
172,20180622,1.2,33.2,0.0,17.8,2018,22,6,0.0,40.8,2018-06-22,25.4,0.0,9.3,137
173,20180623,2.1,31.8,0.0,20.3,2018,23,6,0.0,40.4,2018-06-23,26.0,0.0,8.4,137
174,20180624,2.1,35.2,0.0,20.9,2018,24,6,0.0,47.6,2018-06-24,27.4,0.0,12.1,137
175,20180625,0.8,33.7,0.0,19.6,2018,25,6,0.0,51.9,2018-06-25,26.8,0.0,6.8,137
176,20180626,0.7,26.5,0.0,20.6,2018,26,6,17.9,89.9,2018-06-26,22.0,0.0,0.0,137
177,20180627,1.9,32.2,0.0,23.1,2018,27,6,56.7,72.8,2018-06-27,26.6,0.0,7.8,137
178,20180628,1.0,27.2,0.0,22.1,2018,28,6,0.0,81.6,2018-06-28,24.2,0.0,0.4,137
179,20180629,1.0,31.5,0.0,20.6,2018,29,6,0.9,76.5,2018-06-29,25.6,0.0,6.6,137
180,20180630,0.9,26.6,0.0,21.4,2018,30,6,0.0,84.1,2018-06-30,24.0,0.0,0.1,137
181,20180701,0.8,24.7,0.0,19.8,2018,1,7,49.3,94.1,2018-07-01,21.6,0.0,0.0,137
182,20180702,0.7,22.5,0.0,20.4,2018,2,7,44.7,97.9,2018-07-02,21.7,0.0,0.0,137
183,20180703,1.5,27.1,0.0,22.0,2018,3,7,11.5,90.5,2018-07-03,23.8,0.0,0.9,137
184,20180704,1.7,33.3,0.0,22.0,2018,4,7,0.0,76.0,2018-07-04,26.9,0.0,8.3,137
185,20180705,0.8,28.0,0.0,22.6,2018,5,7,1.6,90.9,2018-07-05,23.8,0.0,1.1,137
186,20180706,0.9,23.4,0.0,18.8,2018,6,7,4.5,82.8,2018-07-06,21.4,0.0,0.1,137
187,20180707,1.0,27.0,0.0,15.7,2018,7,7,0.0,69.3,2018-07-07,20.9,0.0,9.6,137
188,20180708,0.9,24.3,0.0,15.8,2018,8,7,0.0,73.5,2018-07-08,19.9,0.0,0.2,137
189,20180709,0.8,19.5,0.0,18.2,2018,9,7,12.0,95.5,2018-07-09,18.9,0.0,0.0,137
190,20180710,0.6,26.9,0.0,18.4,2018,10,7,0.1,90.4,2018-07-10,22.9,0.0,0.2,137
191,20180711,0.7,33.5,0.0,21.9,2018,11,7,0.0,86.8,2018-07-11,26.9,0.0,4.1,137
192,20180712,1.2,33.6,0.0,23.9,2018,12,7,0.0,73.9,2018-07-12,28.8,0.0,10.7,137
193,20180713,1.4,33.8,0.0,26.0,2018,13,7,0.0,68.0,2018-07-13,29.1,0.0,10.1,137
194,20180714,1.5,33.6,0.0,25.1,2018,14,7,0.0,67.3,2018-07-14,29.0,0.0,12.6,137
195,20180715,1.4,35.2,0.0,24.4,2018,15,7,0.0,65.3,2018-07-15,29.6,0.0,12.8,137
196,20180716,1.2,35.7,0.0,24.3,2018,16,7,0.0,65.8,2018-07-16,29.9,0.0,12.7,137
197,20180717,1.6,34.4,0.0,25.1,2018,17,7,0.0,64.8,2018-07-17,29.1,0.0,11.9,137
198,20180718,0.9,35.0,0.0,23.3,2018,18,7,0.0,68.5,2018-07-18,29.0,0.0,12.0,137
199,20180719,0.9,35.8,0.0,24.8,2018,19,7,0.0,67.4,2018-07-19,29.7,0.0,11.7,137
200,20180720,0.8,36.8,0.0,23.3,2018,20,7,0.0,67.8,2018-07-20,29.6,0.0,12.6,137
201,20180721,0.8,36.9,0.0,24.0,2018,21,7,0.0,68.3,2018-07-21,30.2,0.0,12.3,137
202,20180722,0.8,35.7,0.0,25.0,2018,22,7,0.0,71.4,2018-07-22,30.1,0.0,9.2,137
203,20180723,0.6,36.4,0.0,25.2,2018,23,7,0.0,66.4,2018-07-23,30.4,0.0,10.9,137
204,20180724,0.6,37.5,0.0,24.9,2018,24,7,0.0,66.5,2018-07-24,30.8,0.0,11.7,137
205,20180725,1.5,36.5,0.0,28.0,2018,25,7,0.0,60.3,2018-07-25,31.3,0.0,11.8,137
206,20180726,1.4,37.1,0.0,26.4,2018,26,7,0.0,58.8,2018-07-26,31.6,0.0,12.1,137
207,20180727,1.1,38.0,0.0,26.3,2018,27,7,0.0,61.9,2018-07-27,32.2,0.0,11.6,137
208,20180728,0.8,36.5,0.0,26.3,2018,28,7,0.0,75.1,2018-07-28,29.2,0.0,5.6,137
209,20180729,1.2,36.8,0.0,24.0,2018,29,7,0.0,61.1,2018-07-29,29.8,0.0,11.4,137
210,20180730,0.8,35.9,0.0,24.9,2018,30,7,7.6,64.6,2018-07-30,29.1,0.0,5.7,137
211,20180731,0.8,36.8,3.0,22.3,2018,31,7,0.0,63.9,2018-07-31,29.4,0.0,11.9,137
212,20180801,0.8,38.0,0.9,23.0,2018,1,8,0.0,57.5,2018-08-01,30.9,0.0,12.4,137
213,20180802,0.8,38.0,1.9,23.6,2018,2,8,0.0,57.1,2018-08-02,30.9,0.0,12.5,137
214,20180803,1.1,37.8,2.3,24.5,2018,3,8,0.0,57.9,2018-08-03,31.3,0.0,12.2,137
215,20180804,2.1,37.7,3.5,27.2,2018,4,8,0.0,56.6,2018-08-04,31.6,0.0,12.3,137
216,20180805,1.8,35.6,5.3,26.8,2018,5,8,0.0,61.3,2018-08-05,30.5,0.0,8.7,137
217,20180806,1.3,35.9,6.4,26.1,2018,6,8,0.0,68.1,2018-08-06,30.1,0.0,5.2,137
218,20180807,1.0,35.2,5.9,25.5,2018,7,8,0.0,65.9,2018-08-07,29.6,0.0,7.0,137
219,20180808,1.0,37.2,4.0,24.1,2018,8,8,0.0,64.6,2018-08-08,30.0,0.0,8.9,137
220,20180809,1.1,36.9,6.1,24.5,2018,9,8,2.9,68.3,2018-08-09,29.8,0.0,6.9,137
221,20180810,1.0,33.2,7.4,24.6,2018,10,8,1.4,81.1,2018-08-10,27.6,0.0,4.5,137
222,20180811,0.8,31.2,7.1,24.6,2018,11,8,0.0,74.6,2018-08-11,27.3,0.0,1.0,137
223,20180812,0.8,34.0,7.0,24.3,2018,12,8,0.0,73.5,2018-08-12,28.1,0.0,3.6,137
224,20180813,0.8,38.0,5.6,24.3,2018,13,8,0.0,67.3,2018-08-13,30.6,0.0,10.1,137
225,20180814,0.7,38.4,4.9,24.9,2018,14,8,0.0,60.4,2018-08-14,31.1,0.0,12.0,137
226,20180815,1.3,38.5,4.4,24.6,2018,15,8,0.0,61.0,2018-08-15,30.3,0.0,11.4,137
227,20180816,1.2,33.2,7.4,23.3,2018,16,8,7.3,68.1,2018-08-16,26.6,0.0,6.4,137
228,20180817,1.4,30.1,5.5,20.4,2018,17,8,0.0,53.6,2018-08-17,24.5,0.0,5.5,137
229,20180818,1.0,31.5,4.9,16.6,2018,18,8,0.0,59.5,2018-08-18,23.7,0.0,10.2,137
230,20180819,0.8,33.8,5.8,17.6,2018,19,8,0.0,57.9,2018-08-19,25.3,0.0,11.6,137
231,20180820,1.2,34.8,4.7,19.7,2018,20,8,0.0,57.8,2018-08-20,27.0,0.0,10.8,137
232,20180821,1.0,35.8,5.8,21.3,2018,21,8,0.0,64.6,2018-08-21,27.5,0.0,8.3,137
233,20180822,1.2,36.0,5.6,22.1,2018,22,8,0.0,63.1,2018-08-22,28.8,0.0,8.3,137
234,20180823,1.8,33.6,9.3,24.9,2018,23,8,17.4,69.0,2018-08-23,28.3,0.0,1.6,137
235,20180824,2.6,29.7,7.8,23.8,2018,24,8,46.7,80.3,2018-08-24,26.2,0.0,3.3,137
236,20180825,0.8,29.1,9.1,21.4,2018,25,8,0.2,73.9,2018-08-25,24.9,0.0,2.3,137
237,20180826,0.5,23.4,10.0,18.2,2018,26,8,83.9,96.8,2018-08-26,19.4,0.0,0.0,137
238,20180827,0.5,24.2,9.4,18.7,2018,27,8,60.3,99.4,2018-08-27,21.3,0.0,0.0,137
239,20180828,0.5,28.0,9.6,22.6,2018,28,8,22.4,95.3,2018-08-28,24.9,0.0,0.3,137
240,20180829,0.7,33.7,8.3,23.3,2018,29,8,0.0,80.8,2018-08-29,27.2,0.0,7.4,137
241,20180830,1.2,31.4,7.4,23.8,2018,30,8,33.8,88.0,2018-08-30,25.9,0.0,3.0,137
242,20180831,0.9,25.7,8.5,19.4,2018,31,8,66.5,95.3,2018-08-31,22.0,0.0,2.6,137
243,20180901,1.0,29.1,6.8,20.0,2018,1,9,0.0,75.3,2018-09-01,23.9,0.0,8.3,137
244,20180902,0.8,26.4,4.5,16.7,2018,2,9,0.0,80.0,2018-09-02,21.6,0.0,4.6,137
245,20180903,0.7,26.1,9.5,19.9,2018,3,9,8.4,93.5,2018-09-03,22.6,0.0,0.1,137
246,20180904,1.6,29.6,4.3,20.8,2018,4,9,59.9,71.8,2018-09-04,24.0,0.0,8.9,137
247,20180905,2.3,28.3,2.9,19.5,2018,5,9,0.0,58.5,2018-09-05,23.6,0.0,9.9,137
248,20180906,0.9,28.3,8.0,17.6,2018,6,9,0.0,75.0,2018-09-06,22.8,0.0,3.6,137
249,20180907,1.5,26.3,9.3,18.8,2018,7,9,0.0,63.6,2018-09-07,22.2,0.0,1.2,137
250,20180908,0.9,26.2,3.8,14.8,2018,8,9,0.0,68.4,2018-09-08,19.6,0.0,8.3,137
251,20180909,0.7,27.6,1.4,13.1,2018,9,9,0.0,69.1,2018-09-09,20.3,0.0,10.2,137
252,20180910,0.9,26.4,3.8,15.1,2018,10,9,0.0,66.6,2018-09-10,20.1,0.0,8.8,137
253,20180911,1.1,25.2,6.5,12.0,2018,11,9,0.0,67.5,2018-09-11,18.6,0.0,6.4,137
254,20180912,0.7,27.3,7.6,15.1,2018,12,9,0.0,72.6,2018-09-12,20.8,0.0,5.7,137
255,20180913,0.4,20.8,9.3,17.7,2018,13,9,0.9,90.3,2018-09-13,19.2,0.0,0.0,137
256,20180914,0.9,22.2,8.1,18.6,2018,14,9,15.3,97.5,2018-09-14,20.3,0.0,0.0,137
257,20180915,0.5,23.5,8.5,18.9,2018,15,9,2.8,97.3,2018-09-15,20.8,0.0,0.0,137
258,20180916,1.0,27.1,8.1,20.5,2018,16,9,0.0,83.3,2018-09-16,22.8,0.0,1.4,137
259,20180917,1.3,28.3,5.8,17.1,2018,17,9,0.0,71.8,2018-09-17,22.0,0.0,8.2,137
260,20180918,0.9,28.5,5.0,14.7,2018,18,9,0.0,70.0,2018-09-18,21.0,0.0,9.8,137
261,20180919,0.6,23.5,9.4,15.1,2018,19,9,0.0,80.0,2018-09-19,19.9,0.0,0.6,137
262,20180920,1.1,20.3,7.3,17.3,2018,20,9,11.0,99.4,2018-09-20,18.2,0.0,0.0,137
263,20180921,0.9,19.2,8.4,17.6,2018,21,9,35.5,99.9,2018-09-21,18.2,0.0,0.0,137
264,20180922,1.5,26.4,3.5,14.8,2018,22,9,0.0,74.4,2018-09-22,20.4,0.0,9.3,137
265,20180923,0.7,25.7,6.4,12.0,2018,23,9,0.0,76.0,2018-09-23,17.8,0.0,6.9,137
266,20180924,0.9,22.0,6.4,11.6,2018,24,9,0.0,67.5,2018-09-24,16.7,0.0,5.1,137
267,20180925,0.8,23.9,3.9,8.0,2018,25,9,0.0,71.6,2018-09-25,15.6,0.0,9.5,137
268,20180926,0.9,23.1,5.8,12.1,2018,26,9,0.0,75.8,2018-09-26,16.2,0.0,4.3,137
269,20180927,0.7,24.1,2.0,8.9,2018,27,9,0.0,70.8,2018-09-27,16.1,0.0,8.7,137
270,20180928,0.7,20.6,7.9,9.4,2018,28,9,0.0,78.8,2018-09-28,15.8,0.0,3.1,137
271,20180929,0.7,24.9,8.9,12.9,2018,29,9,0.0,75.8,2018-09-29,18.3,0.0,6.8,137
272,20180930,1.8,26.5,2.6,14.4,2018,30,9,0.0,58.0,2018-09-30,19.1,0.0,9.2,137
273,20181001,2.4,19.1,6.3,11.6,2018,1,10,3.4,65.8,2018-10-01,15.1,0.0,6.3,137
274,20181002,1.5,22.2,1.1,10.2,2018,2,10,0.0,67.9,2018-10-02,15.3,0.0,9.2,137
275,20181003,0.8,24.0,1.4,8.4,2018,3,10,0.0,72.8,2018-10-03,14.9,0.0,9.2,137
276,20181004,0.9,25.5,6.9,10.1,2018,4,10,0.0,70.9,2018-10-04,17.4,0.0,8.0,137
277,20181005,1.2,17.7,10.0,15.5,2018,5,10,61.9,98.8,2018-10-05,16.8,0.0,0.0,137
278,20181006,2.5,22.3,8.0,17.0,2018,6,10,91.6,87.8,2018-10-06,18.7,0.0,1.0,137
279,20181007,1.9,24.3,1.9,13.4,2018,7,10,0.0,63.8,2018-10-07,18.7,0.0,9.1,137
280,20181008,1.1,21.1,5.3,9.6,2018,8,10,0.0,57.4,2018-10-08,14.5,0.0,8.6,137
281,20181009,0.5,19.7,9.1,8.8,2018,9,10,0.0,81.1,2018-10-09,13.4,0.0,1.9,137
282,20181010,2.0,18.4,6.5,9.6,2018,10,10,0.1,61.0,2018-10-10,13.7,0.0,6.8,137
283,20181011,2.1,16.0,1.3,4.9,2018,11,10,0.0,52.5,2018-10-11,10.5,0.0,9.3,137
284,20181012,0.6,17.8,0.0,3.5,2018,12,10,0.0,67.4,2018-10-12,9.9,0.0,9.2,137
285,20181013,0.5,19.9,2.9,3.2,2018,13,10,0.0,75.0,2018-10-13,10.9,0.0,8.9,137
286,20181014,0.7,21.2,6.0,5.6,2018,14,10,0.0,70.9,2018-10-14,12.3,0.0,8.1,137
287,20181015,1.2,21.4,2.8,8.0,2018,15,10,0.0,67.8,2018-10-15,14.3,0.0,8.8,137
288,20181016,0.7,17.8,7.9,8.5,2018,16,10,0.0,80.3,2018-10-16,12.9,0.0,1.4,137
289,20181017,1.0,19.7,3.4,6.7,2018,17,10,0.0,70.8,2018-10-17,11.7,0.0,7.3,137
290,20181018,1.2,18.6,5.8,4.6,2018,18,10,1.2,74.8,2018-10-18,10.9,0.0,3.2,137
291,20181019,0.7,19.6,0.0,5.5,2018,19,10,0.0,72.6,2018-10-19,11.9,0.0,8.9,137
292,20181020,0.6,20.7,2.8,3.3,2018,20,10,0.0,74.1,2018-10-20,10.0,0.0,7.4,137
293,20181021,0.6,20.6,3.8,2.7,2018,21,10,0.0,69.6,2018-10-21,9.8,0.0,8.7,137
294,20181022,0.4,19.0,7.8,4.9,2018,22,10,0.0,77.0,2018-10-22,11.2,0.0,4.7,137
295,20181023,1.2,19.4,4.0,7.6,2018,23,10,0.0,73.9,2018-10-23,13.8,0.0,5.3,137
296,20181024,1.2,20.5,1.1,7.6,2018,24,10,0.0,64.8,2018-10-24,13.0,0.0,8.8,137
297,20181025,0.7,20.5,4.6,4.3,2018,25,10,0.0,74.1,2018-10-25,10.4,0.0,8.6,137
298,20181026,0.9,12.2,8.9,6.9,2018,26,10,8.8,89.6,2018-10-26,10.2,0.0,0.0,137
299,20181027,2.8,14.3,4.4,7.5,2018,27,10,0.0,53.9,2018-10-27,10.4,0.0,7.5,137
300,20181028,1.8,16.4,6.1,3.1,2018,28,10,13.3,75.5,2018-10-28,9.2,0.0,4.8,137
301,20181029,1.6,14.2,3.3,5.1,2018,29,10,0.0,69.1,2018-10-29,9.5,0.0,4.2,137
302,20181030,2.2,12.6,0.3,2.3,2018,30,10,0.0,52.5,2018-10-30,7.2,0.0,8.8,137
303,20181031,1.6,14.6,0.3,2.2,2018,31,10,0.0,55.5,2018-10-31,8.0,0.0,8.8,137
304,20181101,1.2,16.7,0.0,0.7,2018,1,11,0.0,59.4,2018-11-01,8.1,0.0,8.8,137
305,20181102,0.5,18.3,0.0,0.3,2018,2,11,0.0,66.3,2018-11-02,7.5,0.0,8.8,137
306,20181103,0.3,20.2,0.3,-0.1,2018,3,11,0.0,64.9,2018-11-03,8.3,0.0,8.7,137
307,20181104,0.6,21.1,1.5,0.8,2018,4,11,0.0,62.6,2018-11-04,9.1,0.0,8.7,137
308,20181105,0.4,18.4,5.6,1.5,2018,5,11,0.0,66.6,2018-11-05,8.9,0.0,8.3,137
309,20181106,0.5,19.2,5.1,3.0,2018,6,11,0.0,76.3,2018-11-06,10.5,0.0,8.1,137
310,20181107,0.2,14.3,9.4,9.2,2018,7,11,1.4,94.6,2018-11-07,11.9,0.0,0.0,137
311,20181108,1.0,16.4,9.0,12.2,2018,8,11,23.2,94.3,2018-11-08,13.5,0.0,0.0,137
312,20181109,2.4,15.7,5.4,7.6,2018,9,11,0.1,69.1,2018-11-09,12.1,0.0,2.4,137
313,20181110,1.2,18.7,3.3,6.2,2018,10,11,0.0,74.3,2018-11-10,11.6,0.0,5.8,137
314,20181111,0.6,13.0,7.8,4.0,2018,11,11,0.0,87.6,2018-11-11,8.6,0.0,1.4,137
315,20181112,0.9,16.2,4.3,4.9,2018,12,11,0.0,61.8,2018-11-12,9.6,0.0,8.3,137
316,20181113,0.6,16.6,4.6,4.0,2018,13,11,0.0,73.5,2018-11-13,8.7,0.0,4.5,137
317,20181114,0.6,15.9,2.0,2.7,2018,14,11,0.0,76.1,2018-11-14,7.9,0.0,8.3,137
318,20181115,0.6,15.9,4.0,0.8,2018,15,11,0.0,79.4,2018-11-15,7.3,0.0,8.1,137
319,20181116,0.7,14.6,7.3,3.1,2018,16,11,0.0,75.6,2018-11-16,8.2,0.0,0.5,137
320,20181117,1.7,15.2,3.3,3.1,2018,17,11,0.0,50.3,2018-11-17,8.7,0.0,8.3,137
321,20181118,2.0,10.2,8.8,2.2,2018,18,11,0.0,44.3,2018-11-18,7.1,0.0,0.2,137
322,20181119,1.1,14.4,1.9,1.8,2018,19,11,0.0,54.3,2018-11-19,8.0,0.0,7.7,137
323,20181120,1.2,14.0,0.0,1.4,2018,20,11,0.0,39.8,2018-11-20,6.5,0.0,8.5,137
324,20181121,1.1,10.6,8.3,-1.3,2018,21,11,0.0,61.3,2018-11-21,4.5,0.0,1.8,137
325,20181122,2.7,8.6,0.6,1.3,2018,22,11,0.0,40.9,2018-11-22,4.4,0.0,8.4,137
326,20181123,1.7,8.7,1.0,-2.5,2018,23,11,0.0,40.3,2018-11-23,2.0,0.0,7.7,137
327,20181124,0.8,1.1,8.8,-3.3,2018,24,11,5.1,82.8,2018-11-24,-0.6,0.0,0.0,137
328,20181125,0.5,7.6,7.0,0.4,2018,25,11,0.0,95.0,2018-11-25,2.5,0.0,1.9,137
329,20181126,0.6,6.3,7.0,-1.9,2018,26,11,0.0,96.0,2018-11-26,0.9,0.0,2.1,137
330,20181127,1.0,14.1,8.0,-2.2,2018,27,11,0.0,86.9,2018-11-27,5.8,0.0,2.5,137
331,20181128,1.6,12.6,3.9,0.4,2018,28,11,0.0,41.0,2018-11-28,6.6,0.0,3.0,137
332,20181129,1.0,10.6,2.8,-2.3,2018,29,11,0.0,46.3,2018-11-29,4.6,0.0,5.1,137
333,20181130,1.4,12.0,1.0,-0.1,2018,30,11,0.0,45.6,2018-11-30,6.3,0.0,8.2,137
334,20181201,1.0,11.8,7.8,0.7,2018,1,12,0.0,55.4,2018-12-01,5.4,0.0,4.8,137
335,20181202,0.6,12.3,5.9,-1.6,2018,2,12,0.0,73.9,2018-12-02,5.1,0.0,5.5,137
336,20181203,0.4,11.7,9.0,6.2,2018,3,12,9.3,94.3,2018-12-03,9.2,0.0,0.0,137
337,20181204,2.2,14.0,9.4,5.0,2018,4,12,16.0,79.1,2018-12-04,10.1,0.0,1.3,137
338,20181205,1.5,7.3,5.6,-0.7,2018,5,12,0.0,51.9,2018-12-05,3.4,0.0,4.8,137
339,20181206,2.6,6.8,8.6,1.9,2018,6,12,0.4,65.9,2018-12-06,3.7,0.0,2.5,137
340,20181207,4.2,3.0,3.5,-6.8,2018,7,12,0.0,34.0,2018-12-07,-3.5,0.0,8.1,137
341,20181208,2.4,-2.0,4.1,-8.9,2018,8,12,0.0,40.4,2018-12-08,-5.7,0.0,6.4,137
342,20181209,3.0,0.2,2.4,-9.2,2018,9,12,0.0,33.3,2018-12-09,-4.7,0.0,7.6,137
343,20181210,1.0,4.7,1.5,-8.6,2018,10,12,0.0,39.9,2018-12-10,-2.8,0.0,8.2,137
344,20181211,0.8,1.5,9.5,-5.1,2018,11,12,5.8,81.1,2018-12-11,-1.2,0.0,0.0,137
345,20181212,2.5,2.0,0.1,-3.8,2018,12,12,0.0,55.6,2018-12-12,-1.1,0.0,8.2,137
346,20181213,2.3,4.2,3.5,-6.5,2018,13,12,0.2,59.8,2018-12-13,-1.3,0.0,4.6,137
347,20181214,2.4,2.5,0.4,-5.8,2018,14,12,0.0,43.1,2018-12-14,-2.4,0.0,8.3,137
348,20181215,0.9,4.8,3.4,-10.5,2018,15,12,0.0,55.3,2018-12-15,-3.2,0.0,7.5,137
349,20181216,0.7,4.2,7.0,-5.4,2018,16,12,0.1,72.0,2018-12-16,-0.6,0.0,2.5,137
350,20181217,2.8,7.3,2.4,2.2,2018,17,12,0.0,51.1,2018-12-17,4.2,0.0,7.5,137
351,20181218,2.0,7.8,2.5,-0.9,2018,18,12,0.0,58.6,2018-12-18,2.9,0.0,6.2,137
352,20181219,1.9,12.0,4.9,-2.0,2018,19,12,0.0,60.0,2018-12-19,5.5,0.0,7.5,137
353,20181220,0.6,8.9,6.0,-2.3,2018,20,12,0.0,67.3,2018-12-20,2.3,0.0,2.7,137
354,20181221,0.7,8.8,2.6,-4.9,2018,21,12,0.0,64.6,2018-12-21,2.5,0.0,5.6,137
355,20181222,0.8,13.5,3.5,-0.1,2018,22,12,0.0,63.5,2018-12-22,5.6,0.0,8.0,137
356,20181223,3.3,10.6,3.5,0.9,2018,23,12,0.0,40.9,2018-12-23,6.3,0.0,7.7,137
357,20181224,2.3,4.6,0.6,-4.4,2018,24,12,0.0,38.9,2018-12-24,-0.8,0.0,8.4,137
358,20181225,1.3,5.7,7.0,-5.7,2018,25,12,0.0,54.5,2018-12-25,0.1,0.0,2.9,137
359,20181226,2.7,7.7,6.4,-1.0,2018,26,12,0.0,38.0,2018-12-26,3.2,0.0,6.9,137
360,20181227,4.3,-1.0,2.1,-8.7,2018,27,12,0.0,24.5,2018-12-27,-5.8,0.0,8.4,137
361,20181228,3.4,-4.0,1.0,-10.9,2018,28,12,0.0,39.3,2018-12-28,-7.9,0.0,8.1,137
362,20181229,3.4,-1.5,0.0,-9.1,2018,29,12,0.0,35.1,2018-12-29,-5.6,0.0,8.3,137
363,20181230,2.3,1.1,3.4,-8.9,2018,30,12,0.0,34.8,2018-12-30,-4.6,0.0,8.3,137
364,20181231,1.6,4.4,2.4,-12.8,2018,31,12,0.0,41.8,2018-12-31,-4.6,0.0,8.3,137
