,cloud,tavg,tmax,wind,month,year,day,station_id,Date,tmin,rainfall,humid,snow,date,sunshine
0,0.3,-4.9,-0.2,3.8,1,2009,1,137,2009-01-01,-8.7,0.0,42.9,0.0,20090101,8.4
1,0.0,-1.8,3.5,3.2,1,2009,2,137,2009-01-02,-5.9,0.0,43.5,0.0,20090102,8.4
2,0.0,-0.1,6.0,2.4,1,2009,3,137,2009-01-03,-7.7,0.0,37.4,0.0,20090103,8.3
3,1.5,1.0,6.2,2.0,1,2009,4,137,2009-01-04,-3.2,0.0,37.4,0.0,20090104,5.6
4,1.4,-0.1,3.5,2.9,1,2009,5,137,2009-01-05,-3.4,0.0,53.0,0.0,20090105,3.8
5,2.9,-1.0,4.7,1.7,1,2009,6,137,2009-01-06,-6.3,0.0,51.5,0.0,20090106,5.7
6,1.1,0.3,5.7,1.9,1,2009,7,137,2009-01-07,-4.8,0.0,38.4,0.0,20090107,7.6
7,2.6,-0.7,5.7,2.1,1,2009,8,137,2009-01-08,-7.6,0.0,42.3,0.0,20090108,6.2
8,0.9,-1.6,2.2,3.3,1,2009,9,137,2009-01-09,-4.0,0.0,42.0,0.0,20090109,4.6
9,0.9,-4.8,-1.5,3.5,1,2009,10,137,2009-01-10,-7.4,0.0,47.0,0.0,20090110,8.2
10,1.6,-4.9,0.1,4.0,1,2009,11,137,2009-01-11,-8.4,0.0,42.4,0.0,20090111,7.1
11,4.0,-6.2,-2.3,4.3,1,2009,12,137,2009-01-12,-9.4,0.3,56.9,0.7,20090112,5.5
12,0.4,-4.7,-0.4,3.3,1,2009,13,137,2009-01-13,-9.2,0.0,43.6,0.0,20090113,8.6
13,2.8,-4.5,-1.4,3.2,1,2009,14,137,2009-01-14,-7.8,0.1,47.3,0.2,20090114,8.0
14,0.0,-6.1,-0.5,2.9,1,2009,15,137,2009-01-15,-10.7,0.0,30.0,0.0,20090115,8.5
15,4.9,-2.7,2.8,1.3,1,2009,16,137,2009-01-16,-10.6,0.0,62.8,0.0,20090116,2.6
16,3.1,0.9,7.2,0.9,1,2009,17,137,2009-01-17,-3.0,0.0,67.9,0.0,20090117,6.7
17,7.9,0.2,5.6,1.0,1,2009,18,137,2009-01-18,-4.1,2.0,84.5,0.0,20090118,0.6
18,1.0,1.6,5.6,3.4,1,2009,19,137,2009-01-19,-1.9,0.0,53.1,0.0,20090119,6.8
19,5.4,2.8,9.6,1.2,1,2009,20,137,2009-01-20,-1.5,0.0,35.1,0.0,20090120,7.3
20,6.1,0.6,7.4,0.8,1,2009,21,137,2009-01-21,-3.0,0.0,56.1,0.0,20090121,1.8
21,4.6,1.4,9.1,0.9,1,2009,22,137,2009-01-22,-6.0,0.0,64.4,0.0,20090122,5.6
22,4.1,-5.9,6.8,4.7,1,2009,23,137,2009-01-23,-10.3,0.0,45.4,0.0,20090123,5.5
23,5.5,-6.6,-1.7,2.9,1,2009,24,137,2009-01-24,-13.5,0.0,60.3,0.0,20090124,2.5
24,6.6,-3.1,0.1,2.2,1,2009,25,137,2009-01-25,-7.0,0.2,66.1,0.4,20090125,2.3
25,3.9,-1.8,1.0,2.2,1,2009,26,137,2009-01-26,-5.9,0.0,64.0,0.0,20090126,1.9
26,0.0,-2.9,4.6,1.0,1,2009,27,137,2009-01-27,-9.5,0.0,55.9,0.0,20090127,8.8
27,0.3,-2.9,7.6,0.9,1,2009,28,137,2009-01-28,-11.2,0.0,57.0,0.0,20090128,8.8
28,8.6,-1.3,3.9,0.6,1,2009,29,137,2009-01-29,-6.8,0.0,54.0,0.0,20090129,0.1
29,9.8,2.9,7.3,0.4,1,2009,30,137,2009-01-30,-0.8,1.0,84.9,0.0,20090130,0.0
30,3.9,3.5,9.8,0.9,1,2009,31,137,2009-01-31,-1.7,0.0,70.5,0.0,20090131,3.9
31,2.4,1.3,8.9,0.8,2,2009,1,137,2009-02-01,-4.9,0.0,70.9,0.0,20090201,7.8
32,6.9,4.3,11.5,1.4,2,2009,2,137,2009-02-02,-3.7,0.0,70.5,0.0,20090202,2.1
33,6.9,7.0,12.2,1.4,2,2009,3,137,2009-02-03,3.2,0.0,68.0,0.0,20090203,2.5
34,3.0,4.9,13.3,1.3,2,2009,4,137,2009-02-04,-0.5,0.0,53.5,0.0,20090204,7.3
35,4.8,5.4,8.6,2.4,2,2009,5,137,2009-02-05,-0.7,0.0,45.0,0.0,20090205,1.3
36,1.0,3.2,10.0,1.0,2,2009,6,137,2009-02-06,-3.1,0.0,66.0,0.0,20090206,5.6
37,4.9,5.0,10.5,2.6,2,2009,7,137,2009-02-07,0.7,0.0,61.5,0.0,20090207,4.2
38,1.4,4.6,11.0,1.2,2,2009,8,137,2009-02-08,-0.6,0.0,52.8,0.0,20090208,8.3
39,4.8,5.4,10.8,2.7,2,2009,9,137,2009-02-09,1.7,0.0,45.6,0.0,20090209,5.1
40,5.5,3.1,6.2,2.6,2,2009,10,137,2009-02-10,-0.6,0.0,62.4,0.0,20090210,0.2
41,3.9,5.7,12.7,2.2,2,2009,11,137,2009-02-11,-1.0,0.0,58.5,0.0,20090211,4.9
42,6.6,4.4,10.4,1.0,2,2009,12,137,2009-02-12,-3.7,0.0,57.4,0.0,20090212,2.4
43,10.0,9.7,18.6,2.0,2,2009,13,137,2009-02-13,5.5,11.0,81.0,0.0,20090213,0.0
44,4.4,7.6,13.5,3.0,2,2009,14,137,2009-02-14,4.3,0.0,59.1,0.0,20090214,6.8
45,4.8,1.4,5.8,3.4,2,2009,15,137,2009-02-15,-3.1,0.0,57.4,0.0,20090215,0.0
46,1.4,-3.8,1.4,3.7,2,2009,16,137,2009-02-16,-7.1,0.0,27.9,0.0,20090216,9.5
47,0.5,-3.1,3.4,2.9,2,2009,17,137,2009-02-17,-8.4,0.0,28.0,0.0,20090217,9.7
48,2.5,-0.9,4.3,2.7,2,2009,18,137,2009-02-18,-5.3,0.0,41.4,0.0,20090218,7.7
49,9.3,-0.4,3.2,1.0,2,2009,19,137,2009-02-19,-2.7,3.0,67.1,2.5,20090219,0.2
50,5.1,-0.4,2.3,4.5,2,2009,20,137,2009-02-20,-5.1,2.2,62.4,2.5,20090220,4.6
51,0.0,-1.3,5.9,1.7,2,2009,21,137,2009-02-21,-7.4,0.0,48.6,0.0,20090221,9.7
52,7.5,-1.4,1.0,0.7,2,2009,22,137,2009-02-22,-5.0,5.0,84.0,0.0,20090222,0.0
53,7.5,3.7,10.8,1.3,2,2009,23,137,2009-02-23,-1.7,0.0,82.3,0.0,20090223,2.7
54,8.5,7.6,12.7,1.1,2,2009,24,137,2009-02-24,1.7,0.1,70.5,0.0,20090224,2.5
55,8.1,6.3,10.8,2.6,2,2009,25,137,2009-02-25,1.0,4.5,52.3,0.0,20090225,1.9
56,6.8,4.8,11.5,2.0,2,2009,26,137,2009-02-26,-0.5,0.0,28.4,0.0,20090226,6.4
57,6.3,6.7,12.1,2.3,2,2009,27,137,2009-02-27,3.1,0.0,24.1,0.0,20090227,7.2
58,4.0,5.3,12.4,1.8,2,2009,28,137,2009-02-28,-2.8,0.0,34.5,0.0,20090228,9.2
59,0.4,5.7,12.2,2.8,3,2009,1,137,2009-03-01,0.0,0.0,26.1,0.0,20090301,9.8
60,6.4,3.1,7.7,1.8,3,2009,2,137,2009-03-02,-2.7,0.0,48.8,0.0,20090302,2.4
61,9.5,1.9,4.4,1.8,3,2009,3,137,2009-03-03,-0.2,3.5,82.4,2.6,20090303,0.0
62,4.1,4.9,11.1,1.2,3,2009,4,137,2009-03-04,0.5,0.0,63.0,0.0,20090304,7.5
63,9.0,4.8,9.3,1.0,3,2009,5,137,2009-03-05,-1.1,6.5,81.6,0.0,20090305,0.0
64,3.5,3.5,7.4,4.6,3,2009,6,137,2009-03-06,-1.4,0.1,47.9,0.0,20090306,5.8
65,2.3,3.2,10.3,2.1,3,2009,7,137,2009-03-07,-3.7,0.0,37.4,0.0,20090307,8.6
66,3.9,6.9,14.9,1.5,3,2009,8,137,2009-03-08,-1.0,0.0,32.6,0.0,20090308,8.3
67,2.9,8.5,16.0,2.3,3,2009,9,137,2009-03-09,2.7,0.0,32.8,0.0,20090309,6.4
68,3.5,6.4,12.3,3.3,3,2009,10,137,2009-03-10,2.5,0.0,33.0,0.0,20090310,9.0
69,4.4,5.0,11.8,2.1,3,2009,11,137,2009-03-11,0.4,0.0,29.0,0.0,20090311,6.0
70,7.5,6.1,13.6,1.7,3,2009,12,137,2009-03-12,-3.4,0.3,46.5,0.0,20090312,5.8
71,8.6,4.6,8.0,3.3,3,2009,13,137,2009-03-13,-1.4,6.5,72.0,0.0,20090313,0.0
72,0.5,0.6,5.8,5.2,3,2009,14,137,2009-03-14,-3.1,0.0,33.1,0.0,20090314,9.3
73,1.5,5.6,12.6,2.7,3,2009,15,137,2009-03-15,-2.7,0.0,43.4,0.0,20090315,9.9
74,2.9,12.2,18.7,3.2,3,2009,16,137,2009-03-16,6.6,0.0,45.8,0.0,20090316,5.4
75,0.0,13.1,23.4,2.2,3,2009,17,137,2009-03-17,2.0,0.0,40.9,0.0,20090317,9.5
76,5.6,15.0,24.0,1.4,3,2009,18,137,2009-03-18,7.6,0.0,57.0,0.0,20090318,3.2
77,6.5,17.3,25.1,1.5,3,2009,19,137,2009-03-19,9.0,0.0,65.3,0.0,20090319,4.4
78,3.4,11.4,18.0,2.3,3,2009,20,137,2009-03-20,7.3,0.0,51.6,0.0,20090320,6.9
79,5.1,10.9,19.0,1.5,3,2009,21,137,2009-03-21,1.9,6.5,66.4,0.0,20090321,6.9
80,7.1,11.4,14.6,3.1,3,2009,22,137,2009-03-22,6.2,13.0,73.1,0.0,20090322,1.6
81,2.8,6.8,12.9,3.2,3,2009,23,137,2009-03-23,2.8,0.0,42.8,0.0,20090323,8.3
82,4.5,4.5,10.7,2.6,3,2009,24,137,2009-03-24,-0.2,0.0,35.6,0.0,20090324,8.5
83,2.9,3.2,8.2,3.7,3,2009,25,137,2009-03-25,-1.2,0.0,39.9,0.0,20090325,10.6
84,3.1,5.7,11.2,4.2,3,2009,26,137,2009-03-26,1.6,0.4,44.9,0.0,20090326,6.3
85,1.0,5.0,11.3,3.5,3,2009,27,137,2009-03-27,0.1,0.0,30.8,0.0,20090327,10.6
86,2.0,6.4,13.7,2.4,3,2009,28,137,2009-03-28,0.5,0.0,29.5,0.0,20090328,10.8
87,5.6,5.9,12.5,2.1,3,2009,29,137,2009-03-29,-0.4,0.0,47.3,0.0,20090329,6.6
88,7.8,7.4,12.8,1.7,3,2009,30,137,2009-03-30,3.5,1.0,60.9,0.0,20090330,4.7
89,6.4,6.0,11.1,2.5,3,2009,31,137,2009-03-31,3.3,3.5,58.6,0.0,20090331,2.8
90,3.5,5.3,9.5,3.4,4,2009,1,137,2009-04-01,1.0,0.0,50.8,0.0,20090401,4.5
91,1.3,8.5,15.2,3.1,4,2009,2,137,2009-04-02,1.7,0.0,39.3,0.0,20090402,10.6
92,7.5,10.7,18.0,2.5,4,2009,3,137,2009-04-03,4.9,0.0,24.8,0.0,20090403,3.2
93,5.8,9.6,13.8,3.0,4,2009,4,137,2009-04-04,6.4,0.0,36.8,0.0,20090404,6.3
94,0.4,12.2,19.1,2.6,4,2009,5,137,2009-04-05,5.9,0.0,39.0,0.0,20090405,10.4
95,0.0,13.4,19.4,3.3,4,2009,6,137,2009-04-06,7.7,0.0,28.1,0.0,20090406,11.3
96,1.4,16.2,23.9,2.2,4,2009,7,137,2009-04-07,6.5,0.0,25.5,0.0,20090407,10.8
97,2.3,16.0,25.5,1.4,4,2009,8,137,2009-04-08,6.0,0.0,33.6,0.0,20090408,10.4
98,0.0,17.4,27.4,1.4,4,2009,9,137,2009-04-09,5.5,0.0,31.6,0.0,20090409,10.8
99,0.0,19.0,27.5,1.5,4,2009,10,137,2009-04-10,10.1,0.0,29.9,0.0,20090410,10.7
100,0.9,18.7,28.2,1.6,4,2009,11,137,2009-04-11,7.5,0.0,26.1,0.0,20090411,10.2
101,4.8,16.9,24.9,1.9,4,2009,12,137,2009-04-12,8.5,0.0,35.6,0.0,20090412,8.2
102,7.4,17.4,23.1,1.4,4,2009,13,137,2009-04-13,9.0,0.0,37.1,0.0,20090413,2.3
103,7.0,11.7,16.8,1.6,4,2009,14,137,2009-04-14,6.7,1.5,68.5,0.0,20090414,0.6
104,6.9,9.9,17.7,1.5,4,2009,15,137,2009-04-15,4.2,2.0,76.5,0.0,20090415,1.4
105,8.6,9.7,12.3,1.0,4,2009,16,137,2009-04-16,7.0,0.0,76.1,0.0,20090416,0.0
106,1.3,12.8,22.4,1.4,4,2009,17,137,2009-04-17,3.6,0.0,51.5,0.0,20090417,8.6
107,0.5,17.8,27.8,1.9,4,2009,18,137,2009-04-18,7.5,0.0,24.6,0.0,20090418,11.7
108,4.9,18.6,29.0,1.6,4,2009,19,137,2009-04-19,6.1,0.0,36.4,0.0,20090419,10.4
109,10.0,13.2,16.8,2.4,4,2009,20,137,2009-04-20,11.5,27.5,84.8,0.0,20090420,0.0
110,7.5,11.4,14.9,4.2,4,2009,21,137,2009-04-21,10.2,0.0,61.1,0.0,20090421,0.2
111,0.1,12.4,19.2,4.5,4,2009,22,137,2009-04-22,8.0,0.0,43.1,0.0,20090422,12.3
112,3.4,12.4,19.4,2.2,4,2009,23,137,2009-04-23,6.0,0.0,53.0,0.0,20090423,9.4
113,10.0,11.9,15.0,1.3,4,2009,24,137,2009-04-24,9.6,5.0,71.3,0.0,20090424,0.0
114,9.4,9.2,13.7,2.5,4,2009,25,137,2009-04-25,6.8,3.5,79.1,0.0,20090425,1.1
115,8.1,10.6,15.2,2.3,4,2009,26,137,2009-04-26,6.6,0.0,55.3,0.0,20090426,4.3
116,5.3,11.4,17.7,2.6,4,2009,27,137,2009-04-27,7.5,0.1,55.1,0.0,20090427,7.9
117,2.1,13.7,22.7,2.0,4,2009,28,137,2009-04-28,6.4,0.0,43.1,0.0,20090428,9.7
118,0.0,14.8,24.7,1.3,4,2009,29,137,2009-04-29,3.6,0.0,43.6,0.0,20090429,11.9
119,4.0,17.1,24.8,1.8,4,2009,30,137,2009-04-30,7.0,0.0,30.3,0.0,20090430,10.7
120,1.9,18.5,26.3,1.8,5,2009,1,137,2009-05-01,8.0,0.0,32.1,0.0,20090501,11.1
121,8.6,16.6,22.9,1.4,5,2009,2,137,2009-05-02,11.6,3.5,65.4,0.0,20090502,2.9
122,4.1,18.7,25.6,1.7,5,2009,3,137,2009-05-03,13.4,1.0,62.6,0.0,20090503,7.8
123,0.0,20.0,27.2,2.7,5,2009,4,137,2009-05-04,13.4,0.0,41.6,0.0,20090504,12.2
124,3.1,19.6,29.8,2.0,5,2009,5,137,2009-05-05,13.3,0.4,45.0,0.0,20090505,8.9
125,1.9,19.2,30.5,1.0,5,2009,6,137,2009-05-06,9.3,0.0,50.6,0.0,20090506,9.6
126,0.0,20.5,29.0,2.2,5,2009,7,137,2009-05-07,10.1,0.0,37.0,0.0,20090507,12.2
127,0.0,22.5,29.8,2.5,5,2009,8,137,2009-05-08,17.0,0.0,31.9,0.0,20090508,11.4
128,3.1,21.8,31.0,1.6,5,2009,9,137,2009-05-09,12.3,0.0,35.4,0.0,20090509,10.0
129,4.3,21.3,31.3,1.3,5,2009,10,137,2009-05-10,10.7,0.0,33.8,0.0,20090510,11.9
130,5.9,19.5,27.6,1.1,5,2009,11,137,2009-05-11,10.8,0.0,58.9,0.0,20090511,5.6
131,7.4,17.1,19.5,1.5,5,2009,12,137,2009-05-12,15.6,10.5,85.6,0.0,20090512,0.3
132,1.6,18.8,24.9,2.6,5,2009,13,137,2009-05-13,13.3,0.0,38.4,0.0,20090513,12.4
133,3.1,20.3,27.9,2.2,5,2009,14,137,2009-05-14,13.5,0.0,28.3,0.0,20090514,11.6
134,9.9,16.3,20.7,1.2,5,2009,15,137,2009-05-15,13.7,0.2,58.0,0.0,20090515,0.3
135,10.0,12.3,13.9,1.0,5,2009,16,137,2009-05-16,11.3,34.0,91.9,0.0,20090516,0.0
136,7.0,14.0,16.3,2.8,5,2009,17,137,2009-05-17,11.6,2.5,78.0,0.0,20090517,0.3
137,2.3,17.5,25.6,2.3,5,2009,18,137,2009-05-18,9.4,0.0,38.9,0.0,20090518,11.0
138,1.3,19.7,27.4,2.2,5,2009,19,137,2009-05-19,9.9,0.0,45.4,0.0,20090519,11.4
139,6.3,20.4,28.0,1.0,5,2009,20,137,2009-05-20,12.4,0.1,57.8,0.0,20090520,4.2
140,10.0,14.5,18.8,1.4,5,2009,21,137,2009-05-21,13.8,64.5,91.9,0.0,20090521,0.0
141,6.6,19.5,24.9,2.4,5,2009,22,137,2009-05-22,14.5,0.0,64.9,0.0,20090522,8.0
142,8.9,17.3,22.4,1.6,5,2009,23,137,2009-05-23,15.0,0.1,68.3,0.0,20090523,1.4
143,3.8,18.4,24.1,1.4,5,2009,24,137,2009-05-24,13.3,0.0,64.3,0.0,20090524,6.7
144,2.5,20.3,28.9,0.7,5,2009,25,137,2009-05-25,11.9,0.0,63.0,0.0,20090525,9.7
145,5.6,22.0,29.3,0.8,5,2009,26,137,2009-05-26,15.5,0.0,62.6,0.0,20090526,6.3
146,1.1,20.6,27.9,1.4,5,2009,27,137,2009-05-27,14.3,0.0,54.6,0.0,20090527,11.2
147,0.0,19.9,29.1,1.1,5,2009,28,137,2009-05-28,11.1,0.0,47.5,0.0,20090528,12.4
148,1.0,18.5,26.5,0.9,5,2009,29,137,2009-05-29,10.7,0.0,53.8,0.0,20090529,11.5
149,4.8,18.3,25.7,1.5,5,2009,30,137,2009-05-30,12.8,0.0,59.5,0.0,20090530,4.5
150,0.6,20.4,26.5,2.8,5,2009,31,137,2009-05-31,15.0,0.0,30.8,0.0,20090531,12.9
151,0.0,22.9,30.4,1.7,6,2009,1,137,2009-06-01,14.0,0.0,36.8,0.0,20090601,12.4
152,6.5,22.2,28.7,1.7,6,2009,2,137,2009-06-02,14.5,0.0,54.4,0.0,20090602,3.8
153,9.0,17.9,21.1,1.0,6,2009,3,137,2009-06-03,15.9,4.0,81.7,0.0,20090603,0.4
154,4.8,20.0,26.5,1.0,6,2009,4,137,2009-06-04,14.9,0.0,70.0,0.0,20090604,7.4
155,1.4,20.5,28.8,1.3,6,2009,5,137,2009-06-05,12.9,0.0,61.9,0.0,20090605,12.1
156,5.1,20.4,26.3,1.0,6,2009,6,137,2009-06-06,15.8,0.0,63.6,0.0,20090606,5.3
157,8.5,19.1,23.4,0.8,6,2009,7,137,2009-06-07,16.7,0.0,70.8,0.0,20090607,0.6
158,7.8,20.5,26.3,0.9,6,2009,8,137,2009-06-08,15.7,0.0,66.9,0.0,20090608,4.4
159,9.8,19.8,24.8,1.0,6,2009,9,137,2009-06-09,17.0,3.5,74.8,0.0,20090609,0.8
160,9.0,19.7,25.8,1.6,6,2009,10,137,2009-06-10,16.7,5.0,78.6,0.0,20090610,1.7
161,1.9,21.8,28.0,3.2,6,2009,11,137,2009-06-11,16.1,0.3,45.6,0.0,20090611,12.9
162,4.6,21.9,27.9,2.1,6,2009,12,137,2009-06-12,16.6,0.0,39.3,0.0,20090612,10.3
163,3.5,20.1,27.3,1.6,6,2009,13,137,2009-06-13,11.8,0.0,49.4,0.0,20090613,9.1
164,7.9,19.7,26.3,1.2,6,2009,14,137,2009-06-14,16.0,0.0,65.8,0.0,20090614,3.6
165,5.9,21.3,27.4,1.0,6,2009,15,137,2009-06-15,16.8,0.0,61.3,0.0,20090615,7.2
166,5.8,22.4,29.4,1.1,6,2009,16,137,2009-06-16,16.2,0.0,61.0,0.0,20090616,7.2
167,9.1,20.6,25.1,1.1,6,2009,17,137,2009-06-17,15.7,0.0,76.4,0.0,20090617,0.1
168,2.1,24.7,32.6,0.7,6,2009,18,137,2009-06-18,18.6,0.0,56.5,0.0,20090618,11.4
169,5.8,25.6,33.2,1.4,6,2009,19,137,2009-06-19,17.7,0.0,54.5,0.0,20090619,9.6
170,9.1,22.7,26.4,0.7,6,2009,20,137,2009-06-20,20.6,16.0,77.4,0.0,20090620,0.1
171,8.1,25.9,32.5,0.8,6,2009,21,137,2009-06-21,21.0,1.5,73.1,0.0,20090621,6.1
172,6.3,22.0,26.0,1.6,6,2009,22,137,2009-06-22,18.1,7.5,74.5,0.0,20090622,2.7
173,2.8,24.2,30.5,1.2,6,2009,23,137,2009-06-23,18.4,0.0,56.3,0.0,20090623,9.8
174,0.0,25.6,32.5,1.6,6,2009,24,137,2009-06-24,19.9,0.0,40.6,0.0,20090624,13.0
175,1.3,24.9,32.2,0.7,6,2009,25,137,2009-06-25,16.3,0.0,45.5,0.0,20090625,12.6
176,1.3,26.1,34.2,0.5,6,2009,26,137,2009-06-26,17.3,0.0,50.4,0.0,20090626,12.4
177,4.5,26.7,33.2,0.7,6,2009,27,137,2009-06-27,19.9,0.0,56.8,0.0,20090627,9.8
178,7.3,26.4,32.1,0.7,6,2009,28,137,2009-06-28,22.1,3.0,68.8,0.0,20090628,5.9
179,7.0,25.5,31.3,0.4,6,2009,29,137,2009-06-29,21.6,6.5,73.3,0.0,20090629,6.7
180,9.0,23.1,26.4,0.7,6,2009,30,137,2009-06-30,18.2,0.5,78.0,0.0,20090630,0.0
181,5.0,23.4,30.4,0.7,7,2009,1,137,2009-07-01,17.3,0.0,63.6,0.0,20090701,9.5
182,5.6,21.9,28.8,0.9,7,2009,2,137,2009-07-02,17.9,0.5,70.5,0.0,20090702,6.4
183,6.0,21.5,27.4,1.0,7,2009,3,137,2009-07-03,17.3,1.0,74.6,0.0,20090703,5.0
184,6.8,22.2,28.1,1.0,7,2009,4,137,2009-07-04,18.5,0.0,73.5,0.0,20090704,3.9
185,4.9,23.8,30.7,1.0,7,2009,5,137,2009-07-05,17.6,0.0,70.3,0.0,20090705,8.7
186,5.9,25.3,31.5,0.9,7,2009,6,137,2009-07-06,19.2,0.0,65.9,0.0,20090706,6.5
187,9.8,20.2,23.8,0.9,7,2009,7,137,2009-07-07,17.5,48.5,90.5,0.0,20090707,0.0
188,8.1,24.1,30.4,0.7,7,2009,8,137,2009-07-08,19.7,2.0,81.4,0.0,20090708,3.3
189,10.0,21.7,28.6,1.9,7,2009,9,137,2009-07-09,19.0,81.5,87.6,0.0,20090709,0.0
190,5.9,24.3,30.1,2.0,7,2009,10,137,2009-07-10,19.8,0.0,63.8,0.0,20090710,8.7
191,8.9,23.9,30.4,0.7,7,2009,11,137,2009-07-11,19.8,1.5,73.0,0.0,20090711,4.2
192,9.8,21.3,25.7,1.1,7,2009,12,137,2009-07-12,17.9,78.0,89.9,0.0,20090712,0.0
193,8.9,25.2,29.5,1.5,7,2009,13,137,2009-07-13,22.0,3.0,77.1,0.0,20090713,3.9
194,9.9,25.3,31.0,1.2,7,2009,14,137,2009-07-14,21.4,30.5,82.9,0.0,20090714,0.7
195,6.9,22.5,26.6,2.0,7,2009,15,137,2009-07-15,19.6,51.5,77.9,0.0,20090715,2.3
196,9.0,21.7,26.4,0.8,7,2009,16,137,2009-07-16,18.4,2.0,86.8,0.0,20090716,0.2
197,10.0,23.0,24.4,0.3,7,2009,17,137,2009-07-17,21.1,11.5,91.8,0.0,20090717,0.0
198,10.0,27.1,30.5,1.8,7,2009,18,137,2009-07-18,22.9,0.0,74.4,0.0,20090718,0.0
199,6.4,27.5,32.7,2.1,7,2009,19,137,2009-07-19,24.3,0.5,68.6,0.0,20090719,10.1
200,9.8,26.7,31.3,0.7,7,2009,20,137,2009-07-20,23.1,0.5,79.5,0.0,20090720,1.6
201,6.6,25.3,29.8,1.8,7,2009,21,137,2009-07-21,22.5,31.5,78.4,0.0,20090721,4.4
202,1.3,24.4,30.0,1.7,7,2009,22,137,2009-07-22,20.4,0.0,70.0,0.0,20090722,11.2
203,6.9,23.8,28.8,0.7,7,2009,23,137,2009-07-23,20.8,0.0,77.6,0.0,20090723,1.2
204,9.3,20.9,23.0,1.4,7,2009,24,137,2009-07-24,19.8,0.4,80.8,0.0,20090724,0.0
205,10.0,20.7,25.6,0.9,7,2009,25,137,2009-07-25,18.5,10.5,84.3,0.0,20090725,0.3
206,8.4,21.6,26.4,1.1,7,2009,26,137,2009-07-26,18.3,0.5,81.1,0.0,20090726,2.9
207,5.8,23.0,29.0,1.3,7,2009,27,137,2009-07-27,19.5,0.0,73.3,0.0,20090727,7.0
208,9.6,21.1,25.1,1.0,7,2009,28,137,2009-07-28,18.8,1.0,82.5,0.0,20090728,0.5
209,6.9,23.5,29.2,1.0,7,2009,29,137,2009-07-29,18.8,2.5,74.4,0.0,20090729,6.5
210,5.9,24.3,29.6,1.0,7,2009,30,137,2009-07-30,20.4,0.0,73.4,0.0,20090730,6.0
211,6.5,23.1,27.6,1.1,7,2009,31,137,2009-07-31,19.7,0.0,75.1,0.0,20090731,4.9
212,5.9,23.6,29.1,0.9,8,2009,1,137,2009-08-01,20.4,0.0,75.5,0.0,20090801,4.0
213,7.0,23.0,27.0,1.1,8,2009,2,137,2009-08-02,19.8,0.0,75.0,0.0,20090802,1.4
214,9.0,21.7,24.9,1.0,8,2009,3,137,2009-08-03,20.0,0.0,75.5,0.0,20090803,0.1
215,5.5,22.9,29.4,1.0,8,2009,4,137,2009-08-04,17.5,0.0,71.3,0.0,20090804,6.9
216,6.0,23.5,29.1,1.4,8,2009,5,137,2009-08-05,19.2,0.0,67.9,0.0,20090805,7.8
217,9.8,21.0,22.3,1.1,8,2009,6,137,2009-08-06,19.3,0.5,85.6,0.0,20090806,0.0
218,10.0,22.7,25.5,0.7,8,2009,7,137,2009-08-07,20.7,6.5,89.5,0.0,20090807,0.0
219,9.0,24.7,29.4,1.2,8,2009,8,137,2009-08-08,21.9,0.1,81.9,0.0,20090808,1.1
220,7.1,24.6,28.5,1.2,8,2009,9,137,2009-08-09,22.2,0.0,74.9,0.0,20090809,0.4
221,9.0,24.9,29.9,1.1,8,2009,10,137,2009-08-10,20.7,0.0,74.3,0.0,20090810,0.9
222,10.0,23.4,25.6,1.1,8,2009,11,137,2009-08-11,22.3,7.5,88.5,0.0,20090811,0.0
223,10.0,23.9,25.4,0.7,8,2009,12,137,2009-08-12,21.7,52.0,92.8,0.0,20090812,0.0
224,7.3,26.0,31.6,1.3,8,2009,13,137,2009-08-13,21.6,8.5,77.9,0.0,20090813,3.8
225,3.8,25.6,31.9,1.1,8,2009,14,137,2009-08-14,21.5,0.0,75.0,0.0,20090814,9.0
226,1.8,25.1,33.4,0.8,8,2009,15,137,2009-08-15,19.7,0.0,75.5,0.0,20090815,9.5
227,4.3,24.7,30.9,1.3,8,2009,16,137,2009-08-16,18.8,0.0,70.6,0.0,20090816,7.1
228,9.8,24.3,26.4,0.9,8,2009,17,137,2009-08-17,22.5,0.0,77.8,0.0,20090817,0.0
229,5.9,25.6,30.0,0.8,8,2009,18,137,2009-08-18,21.3,0.0,76.8,0.0,20090818,3.2
230,7.1,25.8,32.4,0.8,8,2009,19,137,2009-08-19,21.5,0.0,81.1,0.0,20090819,3.9
231,7.9,25.6,30.0,1.5,8,2009,20,137,2009-08-20,23.0,25.0,83.3,0.0,20090820,1.1
232,4.0,25.3,31.0,1.7,8,2009,21,137,2009-08-21,20.6,0.0,60.1,0.0,20090821,10.2
233,7.3,24.4,29.4,2.1,8,2009,22,137,2009-08-22,19.0,0.0,54.8,0.0,20090822,4.0
234,2.8,25.5,30.8,2.1,8,2009,23,137,2009-08-23,21.6,0.0,49.0,0.0,20090823,10.9
235,2.5,23.5,29.6,1.3,8,2009,24,137,2009-08-24,17.7,0.0,64.1,0.0,20090824,11.2
236,6.5,22.8,29.2,0.9,8,2009,25,137,2009-08-25,18.9,0.1,73.9,0.0,20090825,6.6
237,5.9,23.7,30.0,0.9,8,2009,26,137,2009-08-26,19.0,0.0,71.3,0.0,20090826,6.2
238,8.4,21.9,25.2,0.6,8,2009,27,137,2009-08-27,19.9,4.5,90.4,0.0,20090827,0.4
239,2.8,24.4,30.6,1.7,8,2009,28,137,2009-08-28,18.9,0.0,68.9,0.0,20090828,10.0
240,6.1,21.3,27.4,1.6,8,2009,29,137,2009-08-29,16.4,0.0,72.5,0.0,20090829,5.4
241,10.0,20.0,22.8,1.4,8,2009,30,137,2009-08-30,18.8,0.0,74.1,0.0,20090830,0.1
242,5.0,21.0,27.2,1.1,8,2009,31,137,2009-08-31,16.5,0.0,68.3,0.0,20090831,4.2
243,2.6,20.0,27.4,1.2,9,2009,1,137,2009-09-01,12.9,0.0,67.3,0.0,20090901,8.6
244,2.9,20.5,26.6,1.0,9,2009,2,137,2009-09-02,14.7,0.0,68.3,0.0,20090902,8.4
245,3.1,20.0,27.5,1.0,9,2009,3,137,2009-09-03,13.4,0.0,72.4,0.0,20090903,10.4
246,3.3,21.8,29.0,1.0,9,2009,4,137,2009-09-04,15.1,0.0,72.6,0.0,20090904,10.8
247,4.6,23.0,30.0,0.9,9,2009,5,137,2009-09-05,17.9,0.0,70.5,0.0,20090905,10.2
248,1.0,24.2,32.0,1.0,9,2009,6,137,2009-09-06,17.6,0.0,71.3,0.0,20090906,9.3
249,5.5,24.9,29.6,1.6,9,2009,7,137,2009-09-07,19.4,0.0,64.3,0.0,20090907,4.8
250,7.6,23.3,28.9,1.5,9,2009,8,137,2009-09-08,20.4,0.0,67.4,0.0,20090908,4.6
251,5.0,22.4,28.5,1.4,9,2009,9,137,2009-09-09,18.4,0.0,62.3,0.0,20090909,6.4
252,4.5,21.3,28.8,1.2,9,2009,10,137,2009-09-10,13.8,0.0,58.3,0.0,20090910,10.4
253,8.6,19.3,22.1,1.0,9,2009,11,137,2009-09-11,15.9,0.5,77.3,0.0,20090911,1.2
254,5.1,19.2,25.5,2.0,9,2009,12,137,2009-09-12,16.1,3.5,70.1,0.0,20090912,5.5
255,2.0,19.8,27.7,1.1,9,2009,13,137,2009-09-13,14.8,0.0,68.1,0.0,20090913,9.9
256,8.8,17.8,23.4,0.8,9,2009,14,137,2009-09-14,14.4,2.5,82.9,0.0,20090914,0.2
257,1.1,19.1,26.3,1.4,9,2009,15,137,2009-09-15,12.2,0.0,72.5,0.0,20090915,8.6
258,1.3,19.7,27.2,1.1,9,2009,16,137,2009-09-16,14.2,0.0,68.4,0.0,20090916,8.9
259,2.3,18.9,27.3,0.6,9,2009,17,137,2009-09-17,12.6,0.0,73.4,0.0,20090917,8.4
260,0.3,20.3,29.1,1.3,9,2009,18,137,2009-09-18,13.1,0.0,62.4,0.0,20090918,9.9
261,1.1,18.8,26.5,1.2,9,2009,19,137,2009-09-19,11.8,0.0,63.6,0.0,20090919,8.2
262,4.6,18.9,26.5,1.0,9,2009,20,137,2009-09-20,11.1,0.0,67.1,0.0,20090920,8.5
263,9.3,17.6,19.8,0.7,9,2009,21,137,2009-09-21,16.2,1.0,84.0,0.0,20090921,0.0
264,7.4,19.8,24.9,1.2,9,2009,22,137,2009-09-22,15.3,0.0,69.8,0.0,20090922,5.2
265,5.9,20.3,26.7,0.8,9,2009,23,137,2009-09-23,17.1,0.0,75.5,0.0,20090923,5.4
266,6.9,20.0,27.9,0.7,9,2009,24,137,2009-09-24,16.0,0.0,74.1,0.0,20090924,4.6
267,8.8,19.8,24.8,0.5,9,2009,25,137,2009-09-25,15.4,0.0,81.1,0.0,20090925,0.1
268,6.1,20.2,27.8,0.8,9,2009,26,137,2009-09-26,14.1,0.0,73.4,0.0,20090926,5.0
269,10.0,18.4,19.8,1.0,9,2009,27,137,2009-09-27,17.0,31.5,89.4,0.0,20090927,0.0
270,8.8,19.0,23.4,0.8,9,2009,28,137,2009-09-28,16.5,23.0,87.6,0.0,20090928,0.2
271,8.8,19.4,23.8,1.0,9,2009,29,137,2009-09-29,16.5,0.0,83.4,0.0,20090929,0.6
272,6.8,18.4,23.3,0.8,9,2009,30,137,2009-09-30,15.5,0.0,84.4,0.0,20090930,1.0
273,6.0,18.8,26.1,0.8,10,2009,1,137,2009-10-01,13.9,0.0,81.1,0.0,20091001,5.1
274,3.8,20.0,25.8,2.1,10,2009,2,137,2009-10-02,15.8,0.0,58.8,0.0,20091002,9.4
275,0.9,17.7,23.8,2.2,10,2009,3,137,2009-10-03,12.1,0.0,42.5,0.0,20091003,9.4
276,5.4,16.8,23.0,1.9,10,2009,4,137,2009-10-04,10.0,0.0,53.9,0.0,20091004,4.9
277,1.5,14.0,23.7,0.8,10,2009,5,137,2009-10-05,6.3,0.0,67.8,0.0,20091005,9.0
278,1.6,14.6,24.4,0.9,10,2009,6,137,2009-10-06,8.6,0.0,71.9,0.0,20091006,7.8
279,5.4,14.0,19.7,1.5,10,2009,7,137,2009-10-07,8.2,0.0,72.0,0.0,20091007,2.3
280,6.4,14.4,21.9,1.5,10,2009,8,137,2009-10-08,9.7,0.0,60.5,0.0,20091008,4.6
281,2.3,13.6,21.6,0.9,10,2009,9,137,2009-10-09,7.0,0.0,61.3,0.0,20091009,9.3
282,1.1,13.0,21.7,0.9,10,2009,10,137,2009-10-10,6.4,0.0,68.0,0.0,20091010,6.0
283,4.0,13.3,21.7,0.8,10,2009,11,137,2009-10-11,6.2,0.0,71.0,0.0,20091011,8.3
284,4.4,14.9,21.4,1.4,10,2009,12,137,2009-10-12,8.5,0.0,62.1,0.0,20091012,8.3
285,4.5,14.8,22.0,1.9,10,2009,13,137,2009-10-13,10.6,6.5,66.3,0.0,20091013,8.0
286,4.6,12.9,18.0,1.5,10,2009,14,137,2009-10-14,9.4,0.5,75.0,0.0,20091014,4.7
287,3.0,11.8,21.4,1.0,10,2009,15,137,2009-10-15,6.1,0.0,75.3,0.0,20091015,6.0
288,2.9,12.6,21.8,0.9,10,2009,16,137,2009-10-16,5.6,0.0,75.5,0.0,20091016,7.5
289,5.1,13.8,18.7,2.4,10,2009,17,137,2009-10-17,9.3,7.5,64.8,0.0,20091017,5.8
290,2.9,14.1,19.1,2.3,10,2009,18,137,2009-10-18,8.8,0.0,51.1,0.0,20091018,8.5
291,5.1,11.9,19.6,2.6,10,2009,19,137,2009-10-19,7.3,0.0,60.1,0.0,20091019,5.7
292,0.9,10.7,16.8,1.7,10,2009,20,137,2009-10-20,5.3,0.0,50.9,0.0,20091020,8.9
293,1.5,11.2,21.1,1.4,10,2009,21,137,2009-10-21,3.3,0.0,55.9,0.0,20091021,8.2
294,2.3,10.5,21.0,0.7,10,2009,22,137,2009-10-22,3.6,0.0,60.8,0.0,20091022,8.5
295,0.0,11.3,21.4,0.8,10,2009,23,137,2009-10-23,3.5,0.0,68.8,0.0,20091023,8.4
296,2.4,13.8,21.7,0.9,10,2009,24,137,2009-10-24,6.8,0.0,73.1,0.0,20091024,4.6
297,2.8,12.4,20.2,0.9,10,2009,25,137,2009-10-25,7.2,0.0,74.1,0.0,20091025,6.8
298,0.6,13.9,23.1,1.1,10,2009,26,137,2009-10-26,5.1,0.0,65.6,0.0,20091026,8.3
299,1.5,15.8,22.3,1.7,10,2009,27,137,2009-10-27,10.9,0.0,63.1,0.0,20091027,6.5
300,3.3,12.3,21.3,0.7,10,2009,28,137,2009-10-28,5.0,0.0,73.0,0.0,20091028,6.1
301,5.6,12.4,20.2,0.7,10,2009,29,137,2009-10-29,6.7,0.0,72.0,0.0,20091029,3.5
302,2.1,14.4,24.0,0.8,10,2009,30,137,2009-10-30,8.2,0.0,71.4,0.0,20091030,8.2
303,5.9,15.7,21.8,1.1,10,2009,31,137,2009-10-31,8.1,0.4,75.5,0.0,20091031,3.2
304,4.9,12.2,16.6,2.7,11,2009,1,137,2009-11-01,7.9,3.0,65.8,0.0,20091101,4.4
305,0.9,3.2,8.3,3.3,11,2009,2,137,2009-11-02,-1.0,0.0,40.4,0.0,20091102,8.3
306,1.8,4.3,11.1,2.1,11,2009,3,137,2009-11-03,-3.3,0.0,44.4,0.0,20091103,7.9
307,7.0,11.1,15.7,1.6,11,2009,4,137,2009-11-04,2.8,0.0,57.9,0.0,20091104,1.1
308,3.0,13.2,21.7,1.3,11,2009,5,137,2009-11-05,7.7,0.0,63.0,0.0,20091105,6.9
309,2.0,12.4,22.1,1.0,11,2009,6,137,2009-11-06,4.9,0.0,69.0,0.0,20091106,6.1
310,5.0,13.4,21.5,0.7,11,2009,7,137,2009-11-07,5.8,0.0,74.5,0.0,20091107,5.0
311,9.6,14.0,16.9,0.7,11,2009,8,137,2009-11-08,10.8,14.0,90.5,0.0,20091108,0.3
312,8.9,16.6,21.0,0.9,11,2009,9,137,2009-11-09,14.3,0.0,81.8,0.0,20091109,1.4
313,9.6,14.2,17.2,2.1,11,2009,10,137,2009-11-10,11.9,0.0,66.3,0.0,20091110,0.1
314,5.6,10.1,14.5,2.4,11,2009,11,137,2009-11-11,6.8,0.0,56.8,0.0,20091111,3.3
315,8.1,9.0,11.2,2.6,11,2009,12,137,2009-11-12,7.0,0.0,57.0,0.0,20091112,0.6
316,9.5,9.3,10.5,0.8,11,2009,13,137,2009-11-13,7.8,6.5,88.6,0.0,20091113,0.0
317,6.0,8.1,11.8,4.0,11,2009,14,137,2009-11-14,3.1,0.0,59.0,0.0,20091114,4.4
318,5.3,1.9,4.0,5.3,11,2009,15,137,2009-11-15,0.6,0.1,54.0,0.0,20091115,4.5
319,7.3,1.1,4.5,2.9,11,2009,16,137,2009-11-16,-0.9,0.0,42.4,0.0,20091116,5.8
320,3.6,1.2,5.6,3.0,11,2009,17,137,2009-11-17,-1.0,0.0,31.8,0.0,20091117,5.3
321,2.9,0.2,5.0,2.7,11,2009,18,137,2009-11-18,-3.7,0.0,32.1,0.0,20091118,8.0
322,3.9,2.3,9.0,1.7,11,2009,19,137,2009-11-19,-1.6,0.0,48.6,0.0,20091119,4.1
323,3.5,2.6,7.6,2.3,11,2009,20,137,2009-11-20,-2.3,0.0,44.4,0.0,20091120,7.2
324,1.1,2.3,7.4,2.6,11,2009,21,137,2009-11-21,-2.1,0.0,34.0,0.0,20091121,8.7
325,1.3,1.0,8.9,1.5,11,2009,22,137,2009-11-22,-4.9,0.0,44.3,0.0,20091122,7.8
326,1.1,4.3,13.8,1.0,11,2009,23,137,2009-11-23,-2.8,0.0,62.5,0.0,20091123,8.2
327,0.0,3.4,12.8,0.8,11,2009,24,137,2009-11-24,-2.7,0.0,71.5,0.0,20091124,8.0
328,4.6,2.2,6.7,0.7,11,2009,25,137,2009-11-25,-3.1,0.5,86.9,0.0,20091125,1.8
329,5.8,3.1,8.9,0.6,11,2009,26,137,2009-11-26,0.7,0.0,89.3,0.0,20091126,3.0
330,5.9,4.9,10.8,1.2,11,2009,27,137,2009-11-27,0.3,0.0,79.8,0.0,20091127,0.4
331,4.3,5.9,9.8,1.2,11,2009,28,137,2009-11-28,2.2,0.0,70.8,0.0,20091128,2.7
332,10.0,5.7,7.0,1.2,11,2009,29,137,2009-11-29,4.8,6.5,85.0,0.0,20091129,0.0
333,3.9,5.0,9.2,2.2,11,2009,30,137,2009-11-30,0.7,0.0,70.3,0.0,20091130,4.7
334,1.9,3.0,9.8,1.2,12,2009,1,137,2009-12-01,-1.4,0.0,73.6,0.0,20091201,2.3
335,5.6,0.3,5.6,0.9,12,2009,2,137,2009-12-02,-3.9,0.0,87.0,0.0,20091202,0.7
336,5.6,3.2,8.0,1.9,12,2009,3,137,2009-12-03,-0.7,0.0,73.6,0.0,20091203,1.5
337,2.1,1.9,7.9,1.2,12,2009,4,137,2009-12-04,-3.0,0.0,74.5,0.0,20091204,8.0
338,5.6,1.1,5.2,4.4,12,2009,5,137,2009-12-05,-2.0,6.5,60.3,0.0,20091205,4.1
339,0.0,-1.3,2.6,3.8,12,2009,6,137,2009-12-06,-4.3,0.0,28.9,0.0,20091206,8.5
340,0.0,0.5,7.3,1.9,12,2009,7,137,2009-12-07,-4.1,0.0,35.1,0.0,20091207,8.5
341,5.6,-0.7,5.3,0.9,12,2009,8,137,2009-12-08,-7.4,0.0,63.3,0.0,20091208,3.7
342,8.8,2.6,7.4,0.8,12,2009,9,137,2009-12-09,-2.9,1.0,69.5,0.0,20091209,0.7
343,10.0,5.8,8.0,0.6,12,2009,10,137,2009-12-10,3.3,20.5,92.5,0.0,20091210,0.0
344,7.9,9.7,12.7,2.4,12,2009,11,137,2009-12-11,7.5,5.0,81.5,0.0,20091211,2.4
345,5.4,7.7,11.3,2.7,12,2009,12,137,2009-12-12,2.6,0.0,56.9,0.0,20091212,7.6
346,4.0,4.9,9.6,2.1,12,2009,13,137,2009-12-13,1.7,0.0,45.4,0.0,20091213,4.2
347,2.4,1.9,5.9,2.9,12,2009,14,137,2009-12-14,-0.5,0.0,25.6,0.0,20091214,8.2
348,6.3,-1.3,1.1,3.2,12,2009,15,137,2009-12-15,-3.8,0.0,23.0,0.0,20091215,1.2
349,0.3,-4.9,-0.6,3.4,12,2009,16,137,2009-12-16,-8.5,0.0,34.1,0.0,20091216,8.2
350,1.9,-4.2,-0.4,2.9,12,2009,17,137,2009-12-17,-8.0,0.0,45.3,0.0,20091217,7.9
351,1.6,-6.3,-2.2,3.4,12,2009,18,137,2009-12-18,-9.4,0.0,48.3,0.0,20091218,8.4
352,4.6,-4.6,-1.5,4.6,12,2009,19,137,2009-12-19,-7.5,0.0,56.6,0.0,20091219,5.6
353,2.9,-2.6,0.6,3.6,12,2009,20,137,2009-12-20,-5.3,0.0,57.0,0.0,20091220,5.3
354,0.0,-3.5,1.6,2.8,12,2009,21,137,2009-12-21,-8.1,0.0,36.5,0.0,20091221,8.4
355,3.8,0.1,9.4,1.2,12,2009,22,137,2009-12-22,-6.8,0.0,61.4,0.0,20091222,5.9
356,7.0,2.9,9.8,1.0,12,2009,23,137,2009-12-23,-0.6,0.1,73.3,0.0,20091223,1.2
357,4.8,0.4,7.0,0.6,12,2009,24,137,2009-12-24,-3.8,0.0,82.1,0.0,20091224,2.5
358,7.0,1.2,8.2,2.1,12,2009,25,137,2009-12-25,-3.9,0.0,70.8,0.0,20091225,0.7
359,1.8,-3.6,-0.6,3.9,12,2009,26,137,2009-12-26,-6.0,0.0,38.0,0.0,20091226,8.2
360,2.9,-4.4,1.3,2.3,12,2009,27,137,2009-12-27,-9.7,0.0,47.1,0.0,20091227,5.2
361,0.0,-5.4,-1.4,2.7,12,2009,28,137,2009-12-28,-8.9,0.0,43.1,0.0,20091228,8.1
362,3.0,-4.6,3.0,0.8,12,2009,29,137,2009-12-29,-13.8,0.0,53.4,0.0,20091229,6.6
363,5.9,-1.0,3.2,4.1,12,2009,30,137,2009-12-30,-5.1,0.1,51.3,0.0,20091230,2.5
364,0.5,-6.9,-4.4,4.7,12,2009,31,137,2009-12-31,-9.2,0.0,31.5,0.0,20091231,8.4
