,year,rainfall,cloud,sunshine,humid,snow,tmax,day,tmin,wind,month,Date,tavg,date,station_id
0,2011,0.0,2.5,7.0,50.0,0.0,0.5,1,-9.9,3.3,1,2011-01-01,-5.2,20110101,137
1,2011,0.0,0.6,7.3,53.9,0.0,3.6,2,-9.3,2.2,1,2011-01-02,-3.3,20110102,137
2,2011,0.4,6.3,1.4,68.1,1.0,0.2,3,-7.7,1.7,1,2011-01-03,-3.2,20110103,137
3,2011,0.0,4.5,4.1,60.8,0.0,1.4,4,-4.8,2.8,1,2011-01-04,-1.6,20110104,137
4,2011,0.0,6.4,3.9,54.0,0.0,2.0,5,-3.6,3.8,1,2011-01-05,-0.8,20110105,137
5,2011,0.0,0.6,8.3,49.0,0.0,-1.7,6,-7.7,3.4,1,2011-01-06,-5.0,20110106,137
6,2011,0.0,0.0,8.5,42.1,0.0,-0.8,7,-9.6,3.4,1,2011-01-07,-5.6,20110107,137
7,2011,0.0,3.0,6.6,55.5,0.0,2.9,8,-6.9,2.6,1,2011-01-08,-1.2,20110108,137
8,2011,0.0,2.0,8.0,42.0,0.0,0.5,9,-8.9,3.2,1,2011-01-09,-3.4,20110109,137
9,2011,0.0,1.1,7.9,36.0,0.0,-1.8,10,-10.8,3.3,1,2011-01-10,-6.7,20110110,137
10,2011,0.2,6.5,5.8,51.1,0.8,0.7,11,-9.3,2.2,1,2011-01-11,-3.8,20110111,137
11,2011,0.3,0.8,8.4,37.5,0.9,-2.5,12,-8.5,3.5,1,2011-01-12,-6.0,20110112,137
12,2011,0.0,0.3,8.4,37.8,0.0,1.2,13,-9.3,2.2,1,2011-01-13,-5.2,20110113,137
13,2011,0.0,4.5,4.7,51.9,0.0,2.4,14,-12.6,1.9,1,2011-01-14,-4.7,20110114,137
14,2011,0.0,3.0,6.7,34.0,0.0,-2.3,15,-14.8,5.2,1,2011-01-15,-9.1,20110115,137
15,2011,0.0,0.1,8.4,45.5,0.0,-6.7,16,-15.8,3.5,1,2011-01-16,-11.8,20110116,137
16,2011,0.0,0.0,8.5,39.0,0.0,-2.1,17,-12.4,4.0,1,2011-01-17,-7.5,20110117,137
17,2011,0.0,2.6,7.9,44.4,0.0,-0.3,18,-9.0,3.0,1,2011-01-18,-4.9,20110118,137
18,2011,0.0,1.5,8.4,45.6,0.0,-0.2,19,-7.8,2.6,1,2011-01-19,-4.2,20110119,137
19,2011,0.0,1.4,8.6,40.9,0.0,-1.8,20,-8.0,3.1,1,2011-01-20,-5.6,20110120,137
20,2011,0.0,4.1,6.1,38.0,0.0,-0.4,21,-8.7,3.3,1,2011-01-21,-5.3,20110121,137
21,2011,0.0,2.9,5.9,41.3,0.0,1.7,22,-7.0,2.9,1,2011-01-22,-2.8,20110122,137
22,2011,1.2,7.9,1.7,56.4,2.0,1.9,23,-6.5,1.5,1,2011-01-23,-2.6,20110123,137
23,2011,0.0,2.4,7.6,52.4,0.0,-2.6,24,-8.4,3.3,1,2011-01-24,-5.5,20110124,137
24,2011,0.0,0.6,8.6,54.6,0.0,-1.9,25,-9.2,2.6,1,2011-01-25,-6.0,20110125,137
25,2011,0.0,0.3,8.6,44.4,0.0,-1.8,26,-8.5,3.3,1,2011-01-26,-5.8,20110126,137
26,2011,0.0,2.9,8.7,35.9,0.0,-0.9,27,-10.4,3.7,1,2011-01-27,-6.4,20110127,137
27,2011,0.0,3.9,6.1,31.6,0.0,-0.5,28,-8.1,3.1,1,2011-01-28,-5.2,20110128,137
28,2011,0.0,0.3,7.8,35.3,0.0,-3.3,29,-9.3,3.8,1,2011-01-29,-6.8,20110129,137
29,2011,0.0,0.0,8.8,36.1,0.0,-3.9,30,-11.7,4.0,1,2011-01-30,-7.7,20110130,137
30,2011,0.0,0.5,8.3,41.8,0.0,1.0,31,-10.4,3.4,1,2011-01-31,-5.0,20110131,137
31,2011,0.0,0.8,8.5,48.3,0.0,6.7,1,-4.0,2.8,2,2011-02-01,1.0,20110201,137
32,2011,0.0,2.5,8.3,42.3,0.0,8.2,2,-2.2,2.3,2,2011-02-02,2.4,20110202,137
33,2011,0.0,0.0,8.3,54.0,0.0,8.3,3,-7.1,1.4,2,2011-02-03,0.7,20110203,137
34,2011,0.0,1.8,8.1,56.1,0.0,8.3,4,-6.4,1.6,2,2011-02-04,1.4,20110204,137
35,2011,0.0,0.4,8.1,52.9,0.0,9.1,5,-2.5,1.8,2,2011-02-05,2.2,20110205,137
36,2011,0.0,6.4,1.6,55.8,0.0,8.0,6,-4.8,1.8,2,2011-02-06,2.4,20110206,137
37,2011,0.0,3.5,5.3,49.9,0.0,8.0,7,-2.3,1.7,2,2011-02-07,2.3,20110207,137
38,2011,0.0,8.1,0.0,66.8,0.0,4.5,8,-1.3,1.0,2,2011-02-08,1.6,20110208,137
39,2011,0.0,0.9,8.8,41.6,0.0,5.4,9,-2.2,3.4,2,2011-02-09,1.2,20110209,137
40,2011,0.0,5.6,0.0,43.1,0.0,2.9,10,-5.6,1.2,2,2011-02-10,-1.5,20110210,137
41,2011,0.0,4.6,2.8,38.0,0.0,4.7,11,-4.6,2.6,2,2011-02-11,-0.4,20110211,137
42,2011,0.0,1.3,8.2,32.9,0.0,0.9,12,-6.6,3.4,2,2011-02-12,-3.7,20110212,137
43,2011,0.0,3.4,6.5,38.5,0.0,2.2,13,-9.8,0.9,2,2011-02-13,-3.8,20110213,137
44,2011,0.0,6.9,0.0,50.6,0.0,0.3,14,-3.6,2.0,2,2011-02-14,-2.4,20110214,137
45,2011,0.0,0.0,9.0,47.6,0.0,5.7,15,-7.3,1.8,2,2011-02-15,-0.5,20110215,137
46,2011,0.0,5.8,4.6,50.4,0.0,9.5,16,-7.1,1.1,2,2011-02-16,1.9,20110216,137
47,2011,2.5,8.8,0.0,84.5,0.4,3.4,17,-0.7,1.8,2,2011-02-17,1.0,20110217,137
48,2011,0.0,0.0,8.9,61.5,0.0,8.1,18,-4.5,1.2,2,2011-02-18,1.1,20110218,137
49,2011,0.0,3.8,8.7,48.3,0.0,9.9,19,-5.0,1.8,2,2011-02-19,2.2,20110219,137
50,2011,0.0,3.5,8.7,43.3,0.0,12.3,20,-3.1,1.8,2,2011-02-20,4.0,20110220,137
51,2011,0.0,0.5,9.5,58.0,0.0,10.3,21,-4.8,1.3,2,2011-02-21,2.9,20110221,137
52,2011,0.0,1.5,9.3,62.1,0.0,11.4,22,-5.1,0.9,2,2011-02-22,2.5,20110222,137
53,2011,0.0,1.1,8.1,54.6,0.0,15.6,23,-3.6,1.0,2,2011-02-23,4.9,20110223,137
54,2011,0.0,0.8,9.4,50.4,0.0,16.3,24,-1.8,2.2,2,2011-02-24,7.6,20110224,137
55,2011,0.0,3.9,8.2,38.9,0.0,11.2,25,-1.5,2.7,2,2011-02-25,5.8,20110225,137
56,2011,0.0,3.5,9.3,51.8,0.0,12.2,26,-3.8,1.8,2,2011-02-26,4.4,20110226,137
57,2011,47.5,10.0,0.0,91.8,0.0,5.0,27,2.4,1.6,2,2011-02-27,3.7,20110227,137
58,2011,2.0,10.0,0.0,88.3,0.0,6.9,28,2.9,1.2,2,2011-02-28,4.6,20110228,137
59,2011,1.5,7.8,4.5,73.8,0.0,5.3,1,0.0,3.4,3,2011-03-01,2.8,20110301,137
60,2011,0.0,0.3,10.0,38.9,0.0,3.7,2,-3.3,4.3,3,2011-03-02,-0.8,20110302,137
61,2011,0.0,0.5,9.8,37.5,0.0,4.3,3,-5.3,3.1,3,2011-03-03,-1.2,20110303,137
62,2011,0.0,0.0,10.2,37.6,0.0,7.1,4,-3.9,3.4,3,2011-03-04,0.9,20110304,137
63,2011,0.0,3.3,7.1,39.6,0.0,10.0,5,-2.4,2.4,3,2011-03-05,2.9,20110305,137
64,2011,0.0,5.8,8.1,40.5,0.0,12.3,6,-2.1,1.9,3,2011-03-06,5.4,20110306,137
65,2011,0.0,1.4,9.5,40.6,0.0,7.8,7,-0.3,3.8,3,2011-03-07,3.4,20110307,137
66,2011,0.0,1.1,9.8,34.6,0.0,8.4,8,-1.9,3.5,3,2011-03-08,2.8,20110308,137
67,2011,0.0,1.6,8.1,31.1,0.0,6.5,9,-1.6,4.4,3,2011-03-09,1.5,20110309,137
68,2011,0.0,1.0,10.0,41.9,0.0,8.0,10,-2.6,3.1,3,2011-03-10,2.6,20110310,137
69,2011,0.0,0.6,9.8,30.4,0.0,11.4,11,1.1,3.5,3,2011-03-11,5.9,20110311,137
70,2011,0.0,2.8,8.9,31.8,0.0,16.0,12,-1.1,1.5,3,2011-03-12,7.3,20110312,137
71,2011,0.0,1.5,6.4,47.1,0.0,18.7,13,0.5,1.3,3,2011-03-13,9.7,20110313,137
72,2011,0.0,5.5,6.8,54.9,0.0,18.4,14,7.0,2.5,3,2011-03-14,11.9,20110314,137
73,2011,0.0,2.8,7.6,40.3,0.0,8.6,15,-2.1,4.6,3,2011-03-15,3.8,20110315,137
74,2011,0.0,1.4,8.4,27.4,0.0,5.6,16,-2.6,2.4,3,2011-03-16,0.8,20110316,137
75,2011,0.0,0.0,10.4,29.3,0.0,8.9,17,-3.1,3.2,3,2011-03-17,2.6,20110317,137
76,2011,0.0,4.5,6.7,30.9,0.0,14.6,18,-4.0,1.5,3,2011-03-18,5.6,20110318,137
77,2011,0.0,5.5,6.1,32.3,0.0,17.0,19,3.5,2.5,3,2011-03-19,11.6,20110319,137
78,2011,13.0,9.5,0.0,77.0,0.0,10.8,20,4.7,1.2,3,2011-03-20,6.9,20110320,137
79,2011,0.0,8.0,3.7,56.3,0.0,13.2,21,4.1,1.9,3,2011-03-21,8.5,20110321,137
80,2011,0.0,3.6,9.3,30.4,0.0,8.2,22,-0.4,3.9,3,2011-03-22,3.5,20110322,137
81,2011,0.0,0.5,10.4,27.3,0.0,8.4,23,-2.3,3.6,3,2011-03-23,2.9,20110323,137
82,2011,0.5,5.8,7.0,54.0,0.0,11.1,24,1.1,3.0,3,2011-03-24,4.1,20110324,137
83,2011,0.0,3.6,7.7,38.8,0.0,6.6,25,0.7,4.5,3,2011-03-25,2.7,20110325,137
84,2011,0.0,0.4,9.7,32.5,0.0,9.7,26,-1.3,2.9,3,2011-03-26,4.0,20110326,137
85,2011,0.0,2.4,10.1,28.0,0.0,12.2,27,-1.3,2.3,3,2011-03-27,6.2,20110327,137
86,2011,0.0,2.4,8.3,38.6,0.0,12.8,28,0.5,2.3,3,2011-03-28,6.1,20110328,137
87,2011,0.0,0.6,10.3,35.0,0.0,11.5,29,-0.7,3.0,3,2011-03-29,6.1,20110329,137
88,2011,0.0,0.0,10.7,37.6,0.0,16.4,30,2.2,3.6,3,2011-03-30,9.0,20110330,137
89,2011,0.0,0.1,10.7,29.9,0.0,21.2,31,4.6,2.2,3,2011-03-31,12.4,20110331,137
90,2011,0.0,0.0,10.9,24.3,0.0,20.9,1,4.2,2.9,4,2011-04-01,12.9,20110401,137
91,2011,0.5,0.0,0.8,45.6,0.0,13.5,2,5.1,2.1,4,2011-04-02,9.3,20110402,137
92,2011,3.0,0.0,3.0,70.3,0.0,12.6,3,4.2,1.6,4,2011-04-03,7.1,20110403,137
93,2011,0.0,0.0,11.1,47.4,0.0,16.4,4,-0.9,1.4,4,2011-04-04,7.6,20110404,137
94,2011,0.0,0.0,11.3,38.3,0.0,19.8,5,-1.4,1.2,4,2011-04-05,9.1,20110405,137
95,2011,0.0,0.0,8.5,37.6,0.0,21.4,6,0.5,1.7,4,2011-04-06,11.7,20110406,137
96,2011,9.0,0.0,0.0,90.4,0.0,12.7,7,8.5,1.2,4,2011-04-07,10.7,20110407,137
97,2011,1.5,0.0,9.6,50.5,0.0,19.3,8,8.5,2.5,4,2011-04-08,13.4,20110408,137
98,2011,0.0,0.0,10.6,33.8,0.0,19.2,9,2.2,2.4,4,2011-04-09,11.7,20110409,137
99,2011,0.0,0.0,8.7,33.9,0.0,22.1,10,3.0,2.5,4,2011-04-10,12.7,20110410,137
100,2011,3.5,0.0,7.9,42.9,0.0,15.3,11,7.7,3.7,4,2011-04-11,10.8,20110411,137
101,2011,0.0,0.0,11.5,18.9,0.0,19.1,12,4.9,3.1,4,2011-04-12,11.8,20110412,137
102,2011,0.0,0.0,11.2,22.4,0.0,20.3,13,6.5,3.5,4,2011-04-13,13.3,20110413,137
103,2011,0.0,0.0,7.5,19.1,0.0,22.6,14,7.2,2.5,4,2011-04-14,15.3,20110414,137
104,2011,0.0,0.0,7.5,46.9,0.0,26.4,15,8.9,2.9,4,2011-04-15,17.7,20110415,137
105,2011,0.0,0.0,11.1,43.4,0.0,21.4,16,7.0,2.2,4,2011-04-16,12.9,20110416,137
106,2011,0.0,0.0,11.4,41.4,0.0,20.3,17,4.0,2.0,4,2011-04-17,12.1,20110417,137
107,2011,0.4,0.0,1.4,57.1,0.0,11.0,18,6.1,2.6,4,2011-04-18,8.2,20110418,137
108,2011,0.0,0.0,7.6,38.5,0.0,16.7,19,4.8,2.7,4,2011-04-19,9.8,20110419,137
109,2011,0.0,0.0,10.8,41.0,0.0,20.0,20,1.6,2.2,4,2011-04-20,11.8,20110420,137
110,2011,0.0,0.0,4.3,32.3,0.0,21.3,21,4.9,1.5,4,2011-04-21,13.6,20110421,137
111,2011,27.5,0.0,0.0,89.5,0.0,12.7,22,8.7,1.8,4,2011-04-22,10.0,20110422,137
112,2011,0.0,0.0,9.1,48.9,0.0,15.8,23,7.5,3.7,4,2011-04-23,10.8,20110423,137
113,2011,0.1,0.0,7.9,45.4,0.0,14.8,24,5.8,3.7,4,2011-04-24,10.1,20110424,137
114,2011,1.0,0.0,8.7,46.4,0.0,18.2,25,7.4,3.8,4,2011-04-25,12.4,20110425,137
115,2011,6.5,0.0,0.0,94.0,0.0,10.4,26,7.9,1.3,4,2011-04-26,9.2,20110426,137
116,2011,0.0,0.0,2.9,72.5,0.0,18.3,27,8.0,2.1,4,2011-04-27,12.2,20110427,137
117,2011,0.0,0.0,4.8,49.8,0.0,16.6,28,6.3,2.5,4,2011-04-28,10.5,20110428,137
118,2011,0.1,0.0,6.4,45.0,0.0,20.7,29,3.3,1.2,4,2011-04-29,12.7,20110429,137
119,2011,22.0,0.0,0.0,92.9,0.0,18.9,30,11.5,1.3,4,2011-04-30,14.1,20110430,137
120,2011,4.0,0.0,8.7,56.9,0.0,18.5,1,11.3,3.4,5,2011-05-01,15.2,20110501,137
121,2011,0.0,0.0,9.0,46.6,0.0,23.8,2,9.8,1.8,5,2011-05-02,16.5,20110502,137
122,2011,0.0,0.0,7.5,35.8,0.0,23.4,3,13.0,2.4,5,2011-05-03,17.8,20110503,137
123,2011,0.0,0.0,9.1,40.0,0.0,23.6,4,8.9,2.0,5,2011-05-04,16.3,20110504,137
124,2011,0.0,0.0,11.9,51.4,0.0,23.4,5,7.5,1.9,5,2011-05-05,15.4,20110505,137
125,2011,0.0,0.0,0.8,63.9,0.0,21.6,6,7.6,1.5,5,2011-05-06,14.2,20110506,137
126,2011,0.0,0.0,6.2,67.1,0.0,24.6,7,14.0,1.8,5,2011-05-07,18.4,20110507,137
127,2011,0.0,0.0,6.3,47.3,0.0,28.3,8,14.5,1.7,5,2011-05-08,20.6,20110508,137
128,2011,0.0,0.0,2.8,66.1,0.0,26.9,9,12.9,1.5,5,2011-05-09,21.1,20110509,137
129,2011,82.5,0.0,0.1,91.8,0.0,24.5,10,12.4,1.7,5,2011-05-10,18.3,20110510,137
130,2011,41.0,0.0,0.0,92.1,0.0,15.0,11,12.3,1.6,5,2011-05-11,13.7,20110511,137
131,2011,2.5,0.0,0.1,77.9,0.0,18.0,12,11.6,1.7,5,2011-05-12,14.3,20110512,137
132,2011,0.0,0.0,11.6,34.1,0.0,21.9,13,11.1,4.2,5,2011-05-13,16.5,20110513,137
133,2011,0.0,0.0,12.1,27.5,0.0,24.0,14,12.7,4.4,5,2011-05-14,17.9,20110514,137
134,2011,0.0,0.0,9.3,37.0,0.0,27.2,15,9.2,2.2,5,2011-05-15,18.8,20110515,137
135,2011,0.0,0.0,8.6,39.4,0.0,23.8,16,12.4,2.2,5,2011-05-16,18.0,20110516,137
136,2011,0.0,0.0,12.4,39.5,0.0,24.5,17,7.5,1.6,5,2011-05-17,16.8,20110517,137
137,2011,0.0,0.0,10.9,56.0,0.0,27.8,18,8.2,1.4,5,2011-05-18,18.4,20110518,137
138,2011,0.0,0.0,9.5,63.5,0.0,28.8,19,12.6,1.4,5,2011-05-19,20.3,20110519,137
139,2011,3.0,0.0,1.2,83.6,0.0,25.4,20,14.7,1.2,5,2011-05-20,19.2,20110520,137
140,2011,1.5,0.0,0.0,90.6,0.0,20.6,21,14.4,1.0,5,2011-05-21,17.0,20110521,137
141,2011,0.1,0.0,3.7,69.0,0.0,23.0,22,13.8,1.0,5,2011-05-22,17.4,20110522,137
142,2011,0.0,0.0,3.5,72.6,0.0,22.0,23,11.4,1.1,5,2011-05-23,15.7,20110523,137
143,2011,0.0,0.0,8.2,67.4,0.0,25.9,24,7.9,0.8,5,2011-05-24,16.6,20110524,137
144,2011,0.0,0.0,1.6,61.0,0.0,25.0,25,13.0,1.0,5,2011-05-25,18.7,20110525,137
145,2011,9.0,0.0,0.0,80.8,0.0,17.4,26,13.0,1.5,5,2011-05-26,15.1,20110526,137
146,2011,0.4,0.0,0.0,87.9,0.0,18.1,27,13.0,0.7,5,2011-05-27,15.6,20110527,137
147,2011,0.0,0.0,4.7,74.1,0.0,26.4,28,13.1,0.8,5,2011-05-28,18.4,20110528,137
148,2011,0.0,0.0,9.1,66.6,0.0,26.2,29,12.4,1.2,5,2011-05-29,18.6,20110529,137
149,2011,0.0,0.0,6.9,65.9,0.0,27.4,30,12.3,1.3,5,2011-05-30,19.8,20110530,137
150,2011,0.4,0.0,0.0,83.0,0.0,20.4,31,14.8,1.3,5,2011-05-31,17.0,20110531,137
151,2011,14.0,0.0,0.2,91.9,0.0,19.4,1,14.8,0.9,6,2011-06-01,16.1,20110601,137
152,2011,0.0,0.0,7.9,70.6,0.0,26.7,2,15.2,0.9,6,2011-06-02,20.1,20110602,137
153,2011,0.0,0.0,10.8,54.4,0.0,27.4,3,14.9,1.5,6,2011-06-03,20.4,20110603,137
154,2011,0.0,0.0,7.5,60.0,0.0,26.0,4,15.7,2.6,6,2011-06-04,21.4,20110604,137
155,2011,0.0,0.0,10.8,49.5,0.0,29.1,5,17.2,2.0,6,2011-06-05,22.8,20110605,137
156,2011,0.0,0.0,7.8,50.4,0.0,29.0,6,15.0,1.4,6,2011-06-06,22.2,20110606,137
157,2011,0.0,0.0,10.5,44.4,0.0,30.8,7,15.5,1.3,6,2011-06-07,23.3,20110607,137
158,2011,0.0,0.0,10.9,50.3,0.0,30.0,8,16.9,1.6,6,2011-06-08,23.6,20110608,137
159,2011,0.0,0.0,5.8,64.8,0.0,26.6,9,17.9,2.0,6,2011-06-09,22.1,20110609,137
160,2011,0.0,0.0,0.0,81.5,0.0,24.7,10,17.2,0.9,6,2011-06-10,20.9,20110610,137
161,2011,0.0,0.0,10.1,58.3,0.0,32.6,11,16.6,1.3,6,2011-06-11,24.3,20110611,137
162,2011,0.0,0.0,7.9,51.8,0.0,31.6,12,18.2,1.3,6,2011-06-12,23.8,20110612,137
163,2011,0.0,0.0,6.8,53.1,0.0,27.6,13,18.7,1.6,6,2011-06-13,22.2,20110613,137
164,2011,0.0,0.0,11.4,58.6,0.0,30.0,14,15.3,1.0,6,2011-06-14,22.7,20110614,137
165,2011,0.0,0.0,4.0,64.1,0.0,29.1,15,17.3,1.0,6,2011-06-15,22.9,20110615,137
166,2011,0.0,0.0,9.4,55.5,0.0,30.9,16,17.2,1.5,6,2011-06-16,22.6,20110616,137
167,2011,0.0,0.0,7.7,60.1,0.0,29.7,17,14.2,1.1,6,2011-06-17,22.4,20110617,137
168,2011,10.5,0.0,6.0,73.5,0.0,28.5,18,18.0,1.1,6,2011-06-18,22.4,20110618,137
169,2011,0.0,0.0,13.2,58.0,0.0,30.2,19,17.0,1.2,6,2011-06-19,23.6,20110619,137
170,2011,0.0,0.0,6.5,63.6,0.0,30.8,20,16.3,0.9,6,2011-06-20,23.8,20110620,137
171,2011,0.0,0.0,12.2,50.3,0.0,32.5,21,20.0,2.2,6,2011-06-21,26.1,20110621,137
172,2011,33.5,0.0,2.7,80.1,0.0,29.0,22,21.3,1.0,6,2011-06-22,23.9,20110622,137
173,2011,9.0,0.0,0.2,77.6,0.0,31.1,23,23.0,2.0,6,2011-06-23,26.2,20110623,137
174,2011,128.5,0.0,0.0,93.6,0.0,25.4,24,17.5,1.7,6,2011-06-24,20.8,20110624,137
175,2011,48.5,0.0,0.0,95.0,0.0,18.5,25,16.8,1.6,6,2011-06-25,17.5,20110625,137
176,2011,26.0,0.0,0.0,90.9,0.0,22.8,26,16.7,2.0,6,2011-06-26,19.7,20110626,137
177,2011,0.0,0.0,1.1,74.4,0.0,27.6,27,18.8,1.6,6,2011-06-27,22.7,20110627,137
178,2011,0.5,0.0,9.6,71.8,0.0,32.6,28,17.4,1.3,6,2011-06-28,24.6,20110628,137
179,2011,0.0,0.0,6.3,75.6,0.0,32.9,29,22.1,1.1,6,2011-06-29,26.6,20110629,137
180,2011,0.5,0.0,0.0,83.0,0.0,28.1,30,22.3,0.6,6,2011-06-30,25.0,20110630,137
181,2011,0.0,0.0,4.9,78.4,0.0,30.3,1,21.9,1.7,7,2011-07-01,25.5,20110701,137
182,2011,0.0,0.0,5.9,76.3,0.0,32.7,2,22.8,1.4,7,2011-07-02,27.0,20110702,137
183,2011,29.5,0.0,0.0,93.8,0.0,25.9,3,23.5,1.4,7,2011-07-03,24.4,20110703,137
184,2011,0.5,0.0,8.5,72.3,0.0,28.9,4,22.6,2.5,7,2011-07-04,24.9,20110704,137
185,2011,0.0,0.0,10.8,69.0,0.0,30.0,5,20.4,1.7,7,2011-07-05,24.7,20110705,137
186,2011,0.3,0.0,0.0,85.0,0.0,26.7,6,19.0,0.8,7,2011-07-06,22.5,20110706,137
187,2011,7.0,0.0,0.0,92.6,0.0,25.9,7,21.4,0.6,7,2011-07-07,22.4,20110707,137
188,2011,68.0,0.0,0.0,95.6,0.0,24.6,8,21.6,0.8,7,2011-07-08,23.0,20110708,137
189,2011,47.0,0.0,0.0,96.0,0.0,24.0,9,21.4,0.8,7,2011-07-09,22.6,20110709,137
190,2011,99.0,0.0,0.0,97.6,0.0,22.6,10,19.7,1.0,7,2011-07-10,20.6,20110710,137
191,2011,2.5,0.0,0.6,92.3,0.0,27.2,11,19.4,1.0,7,2011-07-11,22.9,20110711,137
192,2011,8.0,0.0,0.0,96.5,0.0,26.9,12,22.5,0.7,7,2011-07-12,23.8,20110712,137
193,2011,2.5,0.0,0.0,93.0,0.0,28.3,13,22.5,0.8,7,2011-07-13,24.7,20110713,137
194,2011,1.0,0.0,0.8,90.8,0.0,29.7,14,23.2,0.7,7,2011-07-14,25.6,20110714,137
195,2011,0.1,0.0,3.3,82.6,0.0,32.8,15,23.8,1.0,7,2011-07-15,27.2,20110715,137
196,2011,0.1,0.0,4.4,85.3,0.0,32.2,16,22.3,0.8,7,2011-07-16,27.0,20110716,137
197,2011,0.0,0.0,8.5,78.1,0.0,33.7,17,23.2,1.0,7,2011-07-17,27.4,20110717,137
198,2011,0.0,0.0,5.2,75.9,0.0,32.4,18,23.6,1.5,7,2011-07-18,26.9,20110718,137
199,2011,0.0,0.0,6.4,70.3,0.0,31.7,19,23.1,2.3,7,2011-07-19,26.9,20110719,137
200,2011,0.0,0.0,11.5,60.5,0.0,32.9,20,22.0,1.2,7,2011-07-20,27.1,20110720,137
201,2011,0.0,0.0,9.9,71.1,0.0,31.8,21,19.2,1.1,7,2011-07-21,24.9,20110721,137
202,2011,0.2,0.0,0.6,84.8,0.0,25.6,22,19.7,0.9,7,2011-07-22,22.2,20110722,137
203,2011,0.5,0.0,1.1,84.8,0.0,29.3,23,21.4,0.7,7,2011-07-23,25.4,20110723,137
204,2011,6.5,0.0,0.0,94.3,0.0,25.2,24,21.7,0.9,7,2011-07-24,23.6,20110724,137
205,2011,4.5,0.0,0.0,93.1,0.0,25.4,25,20.4,1.2,7,2011-07-25,22.5,20110725,137
206,2011,1.0,0.0,1.5,88.6,0.0,30.6,26,21.7,1.1,7,2011-07-26,25.2,20110726,137
207,2011,2.0,0.0,0.8,92.6,0.0,30.5,27,23.8,0.7,7,2011-07-27,26.1,20110727,137
208,2011,2.5,0.0,3.0,84.3,0.0,32.1,28,22.9,0.9,7,2011-07-28,26.6,20110728,137
209,2011,0.0,0.0,3.9,83.4,0.0,32.0,29,23.0,1.0,7,2011-07-29,26.7,20110729,137
210,2011,0.2,0.0,1.4,88.5,0.0,31.8,30,23.0,0.8,7,2011-07-30,25.7,20110730,137
211,2011,0.5,0.0,0.1,90.1,0.0,30.5,31,23.5,0.8,7,2011-07-31,25.8,20110731,137
212,2011,13.5,0.0,0.4,91.1,0.0,29.8,1,23.3,1.0,8,2011-08-01,25.3,20110801,137
213,2011,11.0,0.0,1.0,94.3,0.0,29.1,2,23.3,1.1,8,2011-08-02,24.6,20110802,137
214,2011,5.0,0.0,3.0,87.5,0.0,32.7,3,22.5,1.1,8,2011-08-03,26.1,20110803,137
215,2011,0.0,0.0,5.8,85.1,0.0,32.0,4,23.6,0.8,8,2011-08-04,26.7,20110804,137
216,2011,0.0,0.0,9.4,75.9,0.0,33.2,5,23.8,1.1,8,2011-08-05,27.7,20110805,137
217,2011,0.0,0.0,1.9,84.9,0.0,31.5,6,22.9,1.2,8,2011-08-06,26.6,20110806,137
218,2011,6.0,0.0,3.5,78.6,0.0,32.2,7,24.4,2.3,8,2011-08-07,27.4,20110807,137
219,2011,27.0,0.0,4.4,76.1,0.0,31.7,8,23.5,2.4,8,2011-08-08,27.4,20110808,137
220,2011,49.0,0.0,0.0,98.8,0.0,23.6,9,21.8,0.7,8,2011-08-09,22.7,20110809,137
221,2011,34.5,0.0,1.3,93.6,0.0,28.4,10,22.5,1.6,8,2011-08-10,24.9,20110810,137
222,2011,0.0,0.0,4.3,82.4,0.0,31.6,11,23.4,1.9,8,2011-08-11,27.0,20110811,137
223,2011,9.5,0.0,0.5,91.1,0.0,30.7,12,23.3,0.9,8,2011-08-12,25.6,20110812,137
224,2011,0.0,0.0,4.5,82.0,0.0,31.9,13,22.8,1.2,8,2011-08-13,26.5,20110813,137
225,2011,5.0,0.0,3.1,91.8,0.0,32.4,14,22.5,0.8,8,2011-08-14,24.8,20110814,137
226,2011,0.0,0.0,5.4,85.5,0.0,30.8,15,21.9,0.9,8,2011-08-15,26.0,20110815,137
227,2011,12.0,0.0,3.2,86.8,0.0,32.5,16,22.6,1.0,8,2011-08-16,26.5,20110816,137
228,2011,1.5,0.0,0.0,96.9,0.0,27.9,17,24.4,0.7,8,2011-08-17,25.7,20110817,137
229,2011,12.0,0.0,2.6,87.5,0.0,30.4,18,22.9,0.9,8,2011-08-18,25.8,20110818,137
230,2011,0.4,0.0,0.0,87.9,0.0,23.8,19,20.5,1.1,8,2011-08-19,22.3,20110819,137
231,2011,11.5,0.0,0.0,94.4,0.0,22.6,20,18.5,1.0,8,2011-08-20,20.1,20110820,137
232,2011,0.0,0.0,6.4,83.1,0.0,29.0,21,18.2,0.9,8,2011-08-21,22.5,20110821,137
233,2011,0.0,0.0,0.3,89.6,0.0,24.8,22,17.5,0.7,8,2011-08-22,20.5,20110822,137
234,2011,0.0,0.0,0.6,84.9,0.0,27.3,23,16.8,1.0,8,2011-08-23,20.9,20110823,137
235,2011,0.5,0.0,0.0,88.4,0.0,25.3,24,18.0,0.6,8,2011-08-24,21.1,20110824,137
236,2011,0.0,0.0,0.2,87.0,0.0,27.0,25,19.8,0.6,8,2011-08-25,22.7,20110825,137
237,2011,0.4,0.0,0.0,88.6,0.0,24.9,26,19.7,0.9,8,2011-08-26,22.7,20110826,137
238,2011,0.0,0.0,0.0,85.1,0.0,28.1,27,21.8,0.8,8,2011-08-27,24.1,20110827,137
239,2011,0.0,0.0,3.3,84.1,0.0,29.9,28,19.2,0.8,8,2011-08-28,23.7,20110828,137
240,2011,0.0,0.0,7.4,81.8,0.0,30.7,29,21.3,0.6,8,2011-08-29,25.6,20110829,137
241,2011,0.0,0.0,3.2,85.4,0.0,30.5,30,21.4,0.7,8,2011-08-30,25.8,20110830,137
242,2011,0.0,0.0,8.6,78.0,0.0,32.5,31,22.5,0.7,8,2011-08-31,26.4,20110831,137
243,2011,0.0,0.0,9.8,74.6,0.0,32.8,1,21.5,0.9,9,2011-09-01,25.8,20110901,137
244,2011,0.0,0.0,8.0,74.3,0.0,31.5,2,18.3,0.9,9,2011-09-02,24.5,20110902,137
245,2011,0.0,0.0,4.1,73.4,0.0,28.5,3,18.9,1.2,9,2011-09-03,23.5,20110903,137
246,2011,0.0,0.0,5.9,67.4,0.0,27.5,4,17.6,1.5,9,2011-09-04,22.6,20110904,137
247,2011,0.4,0.0,4.7,82.6,0.0,26.9,5,16.8,0.8,9,2011-09-05,20.8,20110905,137
248,2011,0.0,0.0,10.6,66.1,0.0,27.6,6,16.0,1.6,9,2011-09-06,21.6,20110906,137
249,2011,0.0,0.0,6.4,67.3,0.0,26.5,7,14.1,1.4,9,2011-09-07,20.8,20110907,137
250,2011,0.1,0.0,0.1,80.0,0.0,22.7,8,17.8,0.7,9,2011-09-08,20.2,20110908,137
251,2011,0.5,0.0,0.0,88.9,0.0,21.3,9,17.1,0.8,9,2011-09-09,18.5,20110909,137
252,2011,31.0,0.0,0.0,97.6,0.0,18.6,10,16.3,1.0,9,2011-09-10,17.7,20110910,137
253,2011,8.0,0.0,0.1,95.4,0.0,22.3,11,17.7,1.0,9,2011-09-11,20.1,20110911,137
254,2011,8.0,0.0,0.6,94.1,0.0,27.8,12,20.4,0.5,9,2011-09-12,23.1,20110912,137
255,2011,0.0,0.0,3.3,86.6,0.0,29.5,13,21.6,0.7,9,2011-09-13,24.9,20110913,137
256,2011,0.0,0.0,4.4,84.9,0.0,31.3,14,21.8,0.6,9,2011-09-14,25.3,20110914,137
257,2011,0.0,0.0,5.7,85.0,0.0,30.8,15,20.1,0.7,9,2011-09-15,24.2,20110915,137
258,2011,0.0,0.0,6.9,85.1,0.0,31.6,16,19.7,0.7,9,2011-09-16,24.1,20110916,137
259,2011,0.0,0.0,3.4,82.6,0.0,30.0,17,19.8,1.0,9,2011-09-17,24.2,20110917,137
260,2011,0.1,0.0,0.1,81.9,0.0,25.0,18,18.5,1.2,9,2011-09-18,21.3,20110918,137
261,2011,0.4,0.0,0.0,66.5,0.0,21.0,19,13.9,1.6,9,2011-09-19,16.9,20110919,137
262,2011,0.0,0.0,2.5,72.9,0.0,20.7,20,12.4,1.2,9,2011-09-20,15.8,20110920,137
263,2011,0.0,0.0,6.8,69.0,0.0,22.7,21,9.1,1.0,9,2011-09-21,15.6,20110921,137
264,2011,0.0,0.0,9.7,61.4,0.0,23.1,22,7.9,1.2,9,2011-09-22,15.7,20110922,137
265,2011,0.0,0.0,8.0,67.1,0.0,25.1,23,9.6,0.9,9,2011-09-23,16.1,20110923,137
266,2011,0.0,0.0,9.0,75.1,0.0,25.2,24,9.3,0.6,9,2011-09-24,16.2,20110924,137
267,2011,0.0,0.0,9.0,73.4,0.0,25.7,25,10.2,0.6,9,2011-09-25,16.4,20110925,137
268,2011,0.0,0.0,9.3,73.9,0.0,25.9,26,9.1,0.7,9,2011-09-26,16.0,20110926,137
269,2011,0.0,0.0,9.1,72.8,0.0,25.7,27,7.2,0.9,9,2011-09-27,15.9,20110927,137
270,2011,0.0,0.0,0.2,85.3,0.0,21.4,28,10.9,0.5,9,2011-09-28,15.9,20110928,137
271,2011,10.5,0.0,0.0,99.0,0.0,17.0,29,14.2,0.9,9,2011-09-29,15.6,20110929,137
272,2011,0.0,0.0,7.8,53.9,0.0,20.5,30,11.5,2.6,9,2011-09-30,16.3,20110930,137
273,2011,0.0,0.0,9.0,57.4,0.0,17.6,1,8.2,2.4,10,2011-10-01,12.3,20111001,137
274,2011,0.0,0.0,5.0,52.1,0.0,18.0,2,8.3,1.7,10,2011-10-02,12.2,20111002,137
275,2011,0.0,0.0,9.3,66.4,0.0,19.1,3,3.2,0.8,10,2011-10-03,10.2,20111003,137
276,2011,0.0,0.0,9.2,73.3,0.0,21.0,4,3.2,0.7,10,2011-10-04,11.7,20111004,137
277,2011,0.0,0.0,6.9,61.0,0.0,22.6,5,9.8,1.0,10,2011-10-05,14.6,20111005,137
278,2011,0.0,0.0,5.4,56.4,0.0,21.2,6,9.0,2.3,10,2011-10-06,15.4,20111006,137
279,2011,0.0,0.0,9.4,68.5,0.0,21.1,7,7.8,1.2,10,2011-10-07,13.7,20111007,137
280,2011,0.0,0.0,8.1,73.9,0.0,22.1,8,6.1,0.7,10,2011-10-08,12.2,20111008,137
281,2011,0.0,0.0,2.4,84.0,0.0,20.9,9,5.9,0.5,10,2011-10-09,12.3,20111009,137
282,2011,0.0,0.0,7.1,79.1,0.0,23.9,10,7.6,0.8,10,2011-10-10,14.5,20111010,137
283,2011,0.0,0.0,9.2,68.1,0.0,23.7,11,9.4,1.3,10,2011-10-11,15.1,20111011,137
284,2011,0.0,0.0,3.7,70.6,0.0,20.0,12,5.7,1.0,10,2011-10-12,13.2,20111012,137
285,2011,0.0,0.0,8.6,64.3,0.0,24.2,13,9.3,0.9,10,2011-10-13,15.5,20111013,137
286,2011,5.5,0.0,0.0,96.0,0.0,14.4,14,10.4,0.6,10,2011-10-14,12.5,20111014,137
287,2011,5.0,0.0,2.7,74.6,0.0,20.6,15,11.8,1.9,10,2011-10-15,15.5,20111015,137
288,2011,0.2,0.0,4.3,56.8,0.0,19.4,16,11.4,2.4,10,2011-10-16,15.3,20111016,137
289,2011,0.0,0.0,8.5,42.3,0.0,18.0,17,7.0,2.8,10,2011-10-17,13.0,20111017,137
290,2011,0.0,0.0,8.9,57.5,0.0,17.2,18,2.8,1.1,10,2011-10-18,8.6,20111018,137
291,2011,0.0,0.0,8.8,73.9,0.0,19.8,19,1.1,0.8,10,2011-10-19,10.4,20111019,137
292,2011,0.0,0.0,6.2,72.3,0.0,20.6,20,6.7,1.0,10,2011-10-20,13.5,20111020,137
293,2011,4.5,0.0,0.3,85.8,0.0,17.9,21,9.6,0.6,10,2011-10-21,13.7,20111021,137
294,2011,37.5,0.0,1.5,98.5,0.0,16.8,22,10.4,0.8,10,2011-10-22,13.3,20111022,137
295,2011,0.0,0.0,0.9,94.3,0.0,17.1,23,7.5,0.8,10,2011-10-23,12.2,20111023,137
296,2011,0.4,0.0,0.0,80.1,0.0,17.5,24,10.4,1.7,10,2011-10-24,13.8,20111024,137
297,2011,0.0,0.0,8.9,39.3,0.0,12.7,25,4.0,2.5,10,2011-10-25,7.7,20111025,137
298,2011,0.0,0.0,8.9,63.9,0.0,15.3,26,-1.5,0.8,10,2011-10-26,5.7,20111026,137
299,2011,0.0,0.0,8.8,77.3,0.0,17.7,27,-0.3,0.7,10,2011-10-27,7.6,20111027,137
300,2011,0.0,0.0,5.0,79.4,0.0,20.7,28,4.8,0.5,10,2011-10-28,10.9,20111028,137
301,2011,0.0,0.0,0.0,82.9,0.0,17.6,29,9.0,0.7,10,2011-10-29,13.1,20111029,137
302,2011,0.0,0.0,3.8,80.4,0.0,20.7,30,10.3,0.6,10,2011-10-30,14.6,20111030,137
303,2011,0.0,0.0,6.5,77.9,0.0,20.4,31,4.8,0.7,10,2011-10-31,11.0,20111031,137
304,2011,0.0,0.0,7.7,77.8,0.0,21.5,1,4.9,0.7,11,2011-11-01,12.7,20111101,137
305,2011,0.0,0.0,4.8,82.8,0.0,22.3,2,10.7,0.7,11,2011-11-02,15.3,20111102,137
306,2011,0.0,0.0,7.5,77.6,0.0,23.8,3,12.7,0.9,11,2011-11-03,17.4,20111103,137
307,2011,0.0,0.0,5.0,72.9,0.0,24.0,4,15.0,1.1,11,2011-11-04,18.8,20111104,137
308,2011,13.5,0.0,4.2,89.0,0.0,25.2,5,15.7,1.0,11,2011-11-05,18.9,20111105,137
309,2011,9.5,0.0,0.0,99.9,0.0,18.6,6,13.2,1.1,11,2011-11-06,15.1,20111106,137
310,2011,0.0,0.0,2.1,91.3,0.0,18.4,7,12.7,0.6,11,2011-11-07,14.7,20111107,137
311,2011,0.0,0.0,0.0,82.3,0.0,16.0,8,12.0,1.1,11,2011-11-08,13.7,20111108,137
312,2011,0.0,0.0,0.0,75.4,0.0,15.0,9,11.5,1.4,11,2011-11-09,12.9,20111109,137
313,2011,0.0,0.0,3.4,67.6,0.0,17.0,10,8.0,1.3,11,2011-11-10,12.3,20111110,137
314,2011,0.4,0.0,1.0,81.9,0.0,16.3,11,8.1,0.7,11,2011-11-11,11.4,20111111,137
315,2011,0.0,0.0,5.8,71.8,0.0,16.1,12,5.2,1.6,11,2011-11-12,10.7,20111112,137
316,2011,0.0,0.0,2.5,53.9,0.0,15.6,13,7.0,2.1,11,2011-11-13,11.8,20111113,137
317,2011,0.0,0.0,8.8,38.1,0.0,12.6,14,5.0,2.6,11,2011-11-14,8.0,20111114,137
318,2011,0.0,0.0,8.8,41.4,0.0,13.6,15,2.0,1.4,11,2011-11-15,6.9,20111115,137
319,2011,0.0,0.0,7.6,60.1,0.0,16.6,16,-2.0,0.9,11,2011-11-16,6.9,20111116,137
320,2011,0.1,0.0,0.5,75.1,0.0,12.3,17,3.8,0.7,11,2011-11-17,8.2,20111117,137
321,2011,11.5,0.0,0.0,100.0,0.0,13.2,18,7.8,0.9,11,2011-11-18,11.2,20111118,137
322,2011,0.5,0.0,1.4,78.0,0.0,16.5,19,7.2,2.4,11,2011-11-19,12.2,20111119,137
323,2011,0.0,0.0,8.8,36.1,0.0,7.1,20,0.9,4.9,11,2011-11-20,3.1,20111120,137
324,2011,0.0,0.0,8.8,33.3,0.0,7.7,21,-2.0,2.3,11,2011-11-21,1.8,20111121,137
325,2011,0.0,0.0,3.0,54.8,0.0,4.4,22,-3.5,0.8,11,2011-11-22,1.4,20111122,137
326,2011,3.5,0.0,2.5,71.6,0.0,8.5,23,1.1,2.9,11,2011-11-23,3.4,20111123,137
327,2011,0.0,0.0,8.7,40.9,0.0,5.3,24,-1.0,3.4,11,2011-11-24,1.0,20111124,137
328,2011,0.0,0.0,7.6,54.3,0.0,9.2,25,-1.3,1.4,11,2011-11-25,2.7,20111125,137
329,2011,0.0,0.0,5.6,75.1,0.0,9.2,26,-4.0,0.9,11,2011-11-26,2.5,20111126,137
330,2011,0.0,0.0,7.3,79.6,0.0,13.6,27,-0.4,0.7,11,2011-11-27,5.9,20111127,137
331,2011,0.0,0.0,2.6,92.3,0.0,12.7,28,1.1,0.6,11,2011-11-28,6.3,20111128,137
332,2011,0.3,0.0,0.0,97.3,0.0,11.9,29,6.4,0.7,11,2011-11-29,9.2,20111129,137
333,2011,45.5,0.0,0.0,97.4,0.0,10.5,30,2.1,2.3,11,2011-11-30,5.9,20111130,137
334,2011,0.0,0.0,0.8,82.1,0.0,7.5,1,2.2,1.5,12,2011-12-01,4.5,20111201,137
335,2011,0.5,0.0,3.3,78.9,0.0,9.3,2,1.0,1.3,12,2011-12-02,5.3,20111202,137
336,2011,10.0,0.0,3.4,85.1,0.0,8.7,3,3.6,1.9,12,2011-12-03,5.5,20111203,137
337,2011,0.0,0.0,6.5,56.8,0.0,8.1,4,1.5,3.1,12,2011-12-04,5.0,20111204,137
338,2011,0.0,0.0,7.3,44.5,0.0,7.1,5,-1.0,1.6,12,2011-12-05,1.7,20111205,137
339,2011,0.4,0.0,2.2,62.0,0.0,7.5,6,-1.0,1.4,12,2011-12-06,3.0,20111206,137
340,2011,0.0,0.0,0.5,48.4,0.0,7.7,7,3.4,2.3,12,2011-12-07,5.3,20111207,137
341,2011,0.0,0.0,4.6,51.5,0.0,6.1,8,-0.6,3.7,12,2011-12-08,3.0,20111208,137
342,2011,0.0,0.0,5.5,51.0,0.0,1.6,9,-3.4,2.7,12,2011-12-09,-1.4,20111209,137
343,2011,0.0,0.0,8.0,51.5,0.0,3.0,10,-6.1,2.6,12,2011-12-10,-1.1,20111210,137
344,2011,0.0,0.0,3.5,62.6,0.0,5.8,11,-0.3,2.4,12,2011-12-11,3.1,20111211,137
345,2011,0.0,0.0,2.9,50.0,0.0,9.4,12,-0.5,2.5,12,2011-12-12,5.3,20111212,137
346,2011,0.0,0.0,7.1,60.3,0.0,7.5,13,-5.6,1.0,12,2011-12-13,0.6,20111213,137
347,2011,0.0,0.0,6.0,61.6,0.0,9.4,14,-4.8,1.4,12,2011-12-14,3.3,20111214,137
348,2011,0.0,0.0,8.2,37.1,0.0,6.2,15,-4.7,3.2,12,2011-12-15,-1.1,20111215,137
349,2011,0.0,0.0,8.4,40.5,0.0,-1.1,16,-6.8,3.1,12,2011-12-16,-4.6,20111216,137
350,2011,0.0,0.0,8.5,48.3,0.0,0.4,17,-8.1,2.8,12,2011-12-17,-4.1,20111217,137
351,2011,0.0,0.0,6.5,47.3,0.0,4.5,18,-3.7,2.4,12,2011-12-18,-0.3,20111218,137
352,2011,0.0,0.0,8.2,44.3,0.0,3.7,19,-4.0,3.2,12,2011-12-19,-0.8,20111219,137
353,2011,0.0,0.0,7.8,45.4,0.0,4.6,20,-6.3,1.4,12,2011-12-20,-0.5,20111220,137
354,2011,0.0,0.0,4.3,59.4,0.0,6.7,21,-2.5,1.4,12,2011-12-21,1.8,20111221,137
355,2011,0.0,0.0,8.5,35.4,0.0,3.3,22,-8.0,4.3,12,2011-12-22,-2.6,20111222,137
356,2011,0.0,0.0,8.5,32.6,0.0,-0.1,23,-9.4,2.8,12,2011-12-23,-5.3,20111223,137
357,2011,0.9,0.0,8.4,49.4,0.0,0.0,24,-7.9,2.9,12,2011-12-24,-4.2,20111224,137
358,2011,0.0,0.0,8.5,33.4,0.0,-1.7,25,-7.5,3.6,12,2011-12-25,-4.9,20111225,137
359,2011,0.0,0.0,8.5,27.9,0.0,-0.7,26,-8.8,3.5,12,2011-12-26,-5.3,20111226,137
360,2011,0.0,0.0,7.9,27.5,0.0,4.2,27,-7.1,2.2,12,2011-12-27,-2.3,20111227,137
361,2011,0.0,0.0,7.8,49.0,0.0,6.1,28,-7.9,1.2,12,2011-12-28,-0.6,20111228,137
362,2011,0.0,0.0,7.6,52.8,0.0,4.8,29,-3.9,2.4,12,2011-12-29,1.0,20111229,137
363,2011,0.0,0.0,8.1,53.1,0.0,4.4,30,-8.7,1.5,12,2011-12-30,-1.8,20111230,137
364,2011,0.0,0.0,7.0,50.9,0.0,2.6,31,-6.9,2.3,12,2011-12-31,-0.6,20111231,137
