,cloud,tavg,tmax,wind,month,year,day,station_id,Date,tmin,rainfall,humid,snow,date,sunshine
0,3.8,-1.8,1.2,2.9,1,2019,1,137,2019-01-01,-4.3,0.0,54.1,0.0,20190101,4.6
1,0.1,-2.1,2.4,3.0,1,2019,2,137,2019-01-02,-5.4,0.0,39.9,0.0,20190102,8.2
2,0.1,-0.7,4.7,2.5,1,2019,3,137,2019-01-03,-4.9,0.0,33.1,0.0,20190103,8.2
3,1.5,0.6,5.1,2.0,1,2019,4,137,2019-01-04,-8.0,0.0,37.9,0.0,20190104,6.2
4,1.6,1.0,4.8,2.8,1,2019,5,137,2019-01-05,-3.7,0.0,38.6,0.0,20190105,7.9
5,3.6,-1.0,5.8,1.7,1,2019,6,137,2019-01-06,-7.5,0.0,33.0,0.0,20190106,7.4
6,3.4,0.2,5.2,2.6,1,2019,7,137,2019-01-07,-5.3,0.0,47.3,0.0,20190107,7.8
7,2.3,-0.3,3.9,3.8,1,2019,8,137,2019-01-08,-4.0,0.0,38.8,0.0,20190108,8.2
8,5.8,-3.4,2.1,1.2,1,2019,9,137,2019-01-09,-8.7,0.0,32.9,0.0,20190109,6.0
9,4.6,0.5,5.3,2.9,1,2019,10,137,2019-01-10,-4.5,0.0,40.9,0.0,20190110,4.3
10,6.6,1.3,6.7,1.2,1,2019,11,137,2019-01-11,-4.3,0.0,57.6,0.0,20190111,7.6
11,6.6,2.7,8.2,1.1,1,2019,12,137,2019-01-12,-1.6,1.9,73.9,0.0,20190112,3.0
12,5.8,-1.8,4.2,0.7,1,2019,13,137,2019-01-13,-5.2,0.0,87.5,0.0,20190113,3.9
13,9.3,-1.6,3.3,0.8,1,2019,14,137,2019-01-14,-5.8,0.0,86.6,0.0,20190114,2.4
14,6.0,0.8,6.1,3.1,1,2019,15,137,2019-01-15,-4.5,0.0,56.4,0.0,20190115,5.2
15,2.9,-3.7,0.8,3.1,1,2019,16,137,2019-01-16,-7.4,0.0,43.5,0.0,20190116,8.0
16,4.5,0.8,4.1,3.0,1,2019,17,137,2019-01-17,-2.6,0.0,48.3,0.0,20190117,5.8
17,2.6,1.7,7.5,2.5,1,2019,18,137,2019-01-18,-1.9,0.0,50.4,0.0,20190118,8.3
18,8.5,2.6,9.5,0.9,1,2019,19,137,2019-01-19,-3.8,0.0,46.9,0.0,20190119,3.7
19,1.6,1.9,5.5,3.3,1,2019,20,137,2019-01-20,-2.7,0.0,36.8,0.0,20190120,8.4
20,1.4,0.8,6.1,3.0,1,2019,21,137,2019-01-21,-4.9,0.0,45.1,0.0,20190121,8.0
21,0.6,4.1,9.2,2.3,1,2019,22,137,2019-01-22,-0.8,0.0,50.1,0.0,20190122,8.0
22,0.3,4.7,9.5,3.0,1,2019,23,137,2019-01-23,1.1,0.0,41.9,0.0,20190123,6.7
23,0.6,2.3,8.4,2.2,1,2019,24,137,2019-01-24,-2.9,0.0,26.0,0.0,20190124,8.6
24,1.4,0.5,5.6,3.0,1,2019,25,137,2019-01-25,-2.6,0.0,28.9,0.0,20190125,8.5
25,0.0,-1.3,4.1,2.7,1,2019,26,137,2019-01-26,-5.2,0.0,27.1,0.0,20190126,8.6
26,2.0,0.6,6.6,2.6,1,2019,27,137,2019-01-27,-4.6,0.0,40.9,0.0,20190127,8.6
27,3.4,2.9,6.9,3.3,1,2019,28,137,2019-01-28,-1.8,0.0,42.3,0.0,20190128,8.1
28,2.4,-0.3,7.6,1.1,1,2019,29,137,2019-01-29,-6.6,0.0,41.8,0.0,20190129,8.6
29,8.3,4.6,10.3,2.0,1,2019,30,137,2019-01-30,-2.1,0.0,30.3,0.0,20190130,6.1
30,6.3,0.9,4.7,3.1,1,2019,31,137,2019-01-31,-4.0,0.6,48.9,0.0,20190131,2.0
31,0.5,-0.9,4.2,3.4,2,2019,1,137,2019-02-01,-5.4,0.0,43.6,0.0,20190201,8.7
32,3.5,2.9,8.9,2.0,2,2019,2,137,2019-02-02,-2.6,0.0,51.3,0.0,20190202,8.7
33,9.1,3.7,7.9,1.5,2,2019,3,137,2019-02-03,0.8,15.4,84.1,0.0,20190203,0.0
34,2.8,2.7,7.2,3.1,2,2019,4,137,2019-02-04,-1.3,0.0,30.6,0.0,20190204,8.7
35,4.6,1.5,9.8,0.8,2,2019,5,137,2019-02-05,-5.6,0.0,49.4,0.0,20190205,8.0
36,6.5,5.4,12.8,1.3,2,2019,6,137,2019-02-06,-2.7,0.0,54.3,0.0,20190206,6.2
37,6.0,2.9,8.5,3.6,2,2019,7,137,2019-02-07,-4.7,0.0,45.3,0.0,20190207,6.4
38,7.6,-1.7,4.1,2.2,2,2019,8,137,2019-02-08,-6.3,0.0,30.5,0.0,20190208,7.9
39,4.8,-1.8,2.1,3.0,2,2019,9,137,2019-02-09,-4.3,0.0,28.6,0.0,20190209,8.9
40,7.0,-1.4,3.4,1.7,2,2019,10,137,2019-02-10,-6.6,0.0,27.4,0.0,20190210,2.6
41,1.3,-0.9,4.1,2.9,2,2019,11,137,2019-02-11,-4.4,0.0,31.0,0.0,20190211,9.1
42,5.4,0.2,5.9,1.8,2,2019,12,137,2019-02-12,-6.4,0.0,43.8,0.0,20190212,7.7
43,2.9,0.7,5.5,2.3,2,2019,13,137,2019-02-13,-2.5,0.0,33.5,0.0,20190213,8.8
44,7.5,0.8,6.8,1.1,2,2019,14,137,2019-02-14,-3.7,0.0,49.4,0.0,20190214,6.4
45,9.5,1.6,6.0,1.8,2,2019,15,137,2019-02-15,-2.1,0.0,64.8,0.0,20190215,4.0
46,4.9,-0.9,2.1,2.6,2,2019,16,137,2019-02-16,-3.5,0.0,59.8,0.0,20190216,6.0
47,0.4,-0.1,7.3,2.8,2,2019,17,137,2019-02-17,-5.0,0.0,45.4,0.0,20190217,9.2
48,8.9,2.9,7.6,1.3,2,2019,18,137,2019-02-18,-3.0,0.0,41.3,0.0,20190218,5.3
49,8.5,1.6,4.5,1.5,2,2019,19,137,2019-02-19,-0.3,22.3,94.5,0.0,20190219,0.0
50,7.6,2.5,6.0,2.2,2,2019,20,137,2019-02-20,-0.3,0.0,70.6,0.0,20190220,2.9
51,1.8,2.8,8.6,1.0,2,2019,21,137,2019-02-21,-2.3,0.0,68.4,0.0,20190221,9.1
52,7.4,4.4,11.7,0.9,2,2019,22,137,2019-02-22,-3.0,0.0,62.9,0.0,20190222,7.2
53,4.4,4.8,12.8,1.1,2,2019,23,137,2019-02-23,-2.3,0.0,65.6,0.0,20190223,8.4
54,1.1,5.5,15.1,1.3,2,2019,24,137,2019-02-24,-3.1,0.0,66.1,0.0,20190224,9.5
55,3.1,7.7,14.2,2.5,2,2019,25,137,2019-02-25,3.5,0.0,46.4,0.0,20190225,9.1
56,3.8,6.6,13.9,1.4,2,2019,26,137,2019-02-26,-2.0,0.0,39.6,0.0,20190226,9.7
57,9.5,6.6,10.4,0.9,2,2019,27,137,2019-02-27,3.2,0.1,76.6,0.0,20190227,1.5
58,5.5,7.6,14.0,1.6,2,2019,28,137,2019-02-28,1.6,0.0,59.0,0.0,20190228,8.4
59,0.0,7.5,14.9,1.6,3,2019,1,137,2019-03-01,2.5,0.0,45.8,0.0,20190301,9.6
60,5.3,5.9,14.7,0.8,3,2019,2,137,2019-03-02,-2.6,0.0,55.9,0.0,20190302,7.7
61,6.3,7.6,15.0,0.7,3,2019,3,137,2019-03-03,-0.9,0.0,59.3,0.0,20190303,7.5
62,4.1,10.2,16.1,1.3,3,2019,4,137,2019-03-04,4.5,0.0,50.1,0.0,20190304,7.9
63,6.1,9.7,15.6,1.5,3,2019,5,137,2019-03-05,1.1,0.0,50.8,0.0,20190305,6.8
64,6.4,10.6,16.3,1.7,3,2019,6,137,2019-03-06,6.5,0.0,49.1,0.0,20190306,5.5
65,2.9,7.9,13.0,2.0,3,2019,7,137,2019-03-07,4.5,0.1,60.8,0.0,20190307,5.5
66,0.1,8.0,16.0,1.7,3,2019,8,137,2019-03-08,-0.2,0.0,47.1,0.0,20190308,10.0
67,5.3,7.8,17.3,1.0,3,2019,9,137,2019-03-09,-2.3,0.0,42.4,0.0,20190309,8.8
68,8.8,6.4,9.1,1.0,3,2019,10,137,2019-03-10,2.5,2.5,73.1,0.0,20190310,0.0
69,7.9,5.8,11.2,1.9,3,2019,11,137,2019-03-11,-0.9,0.1,80.0,0.0,20190311,2.9
70,3.9,5.3,12.3,2.8,3,2019,12,137,2019-03-12,-0.5,2.5,74.8,0.0,20190312,5.0
71,1.6,3.4,9.1,4.0,3,2019,13,137,2019-03-13,-1.4,0.0,40.9,0.0,20190313,9.6
72,3.8,5.4,12.4,1.8,3,2019,14,137,2019-03-14,-2.7,0.0,40.9,0.0,20190314,9.1
73,5.5,5.4,13.1,2.1,3,2019,15,137,2019-03-15,1.2,2.1,68.6,0.0,20190315,5.4
74,5.1,5.7,11.5,2.2,3,2019,16,137,2019-03-16,1.2,0.0,62.0,0.0,20190316,8.5
75,0.8,6.9,13.8,2.0,3,2019,17,137,2019-03-17,1.9,0.0,49.0,0.0,20190317,9.3
76,8.6,7.3,16.1,1.3,3,2019,18,137,2019-03-18,-2.5,0.0,42.8,0.0,20190318,7.5
77,2.2,12.8,20.5,2.0,3,2019,19,137,2019-03-19,3.3,0.0,35.9,0.0,20190319,10.3
78,8.5,10.7,16.8,1.4,3,2019,20,137,2019-03-20,4.5,6.4,70.9,0.0,20190320,0.7
79,9.9,9.0,12.6,2.8,3,2019,21,137,2019-03-21,3.4,3.3,76.4,0.0,20190321,0.3
80,5.9,4.8,10.9,2.7,3,2019,22,137,2019-03-22,1.2,0.0,50.4,0.0,20190322,9.6
81,3.3,3.3,10.8,2.8,3,2019,23,137,2019-03-23,0.0,3.6,60.3,0.0,20190323,7.6
82,1.4,5.0,11.5,2.3,3,2019,24,137,2019-03-24,-1.5,0.0,47.4,0.0,20190324,11.1
83,4.0,7.7,16.5,1.9,3,2019,25,137,2019-03-25,-1.3,0.0,57.1,0.0,20190325,9.6
84,0.3,11.2,19.9,2.1,3,2019,26,137,2019-03-26,4.7,0.0,44.5,0.0,20190326,9.7
85,5.1,14.1,23.6,2.8,3,2019,27,137,2019-03-27,3.0,0.0,48.3,0.0,20190327,8.1
86,5.6,12.5,19.3,1.8,3,2019,28,137,2019-03-28,7.3,0.0,57.1,0.0,20190328,8.8
87,4.8,11.4,18.7,1.5,3,2019,29,137,2019-03-29,4.6,0.0,49.3,0.0,20190329,6.8
88,8.6,5.8,12.8,2.8,3,2019,30,137,2019-03-30,3.0,5.9,74.0,0.0,20190330,3.5
89,6.3,4.6,9.7,3.4,3,2019,31,137,2019-03-31,2.2,0.3,52.8,0.0,20190331,4.2
90,2.5,5.2,11.4,2.7,4,2019,1,137,2019-04-01,1.1,0.0,46.0,0.0,20190401,9.5
91,0.4,6.7,14.3,2.3,4,2019,2,137,2019-04-02,-2.9,0.0,38.5,0.0,20190402,11.0
92,0.0,8.2,15.0,2.0,4,2019,3,137,2019-04-03,-0.8,0.0,34.1,0.0,20190403,10.9
93,1.4,10.7,18.7,3.1,4,2019,4,137,2019-04-04,3.2,0.0,31.1,0.0,20190404,11.0
94,4.4,12.5,19.7,2.9,4,2019,5,137,2019-04-05,8.0,0.0,38.9,0.0,20190405,5.8
95,4.1,13.6,22.2,1.7,4,2019,6,137,2019-04-06,3.4,0.0,31.8,0.0,20190406,9.5
96,4.8,15.5,21.3,1.3,4,2019,7,137,2019-04-07,9.5,0.0,42.3,0.0,20190407,6.6
97,3.1,13.4,20.2,2.4,4,2019,8,137,2019-04-08,7.3,0.0,28.6,0.0,20190408,10.6
98,8.5,7.8,15.9,2.4,4,2019,9,137,2019-04-09,1.6,35.0,61.3,0.0,20190409,3.2
99,8.3,6.4,10.2,1.2,4,2019,10,137,2019-04-10,1.6,11.6,82.1,0.0,20190410,0.0
100,7.3,8.9,15.2,0.8,4,2019,11,137,2019-04-11,2.6,0.0,72.0,0.0,20190411,7.1
101,3.9,11.5,19.5,1.4,4,2019,12,137,2019-04-12,3.9,0.0,48.9,0.0,20190412,9.6
102,5.5,12.3,20.2,1.4,4,2019,13,137,2019-04-13,2.7,0.0,42.1,0.0,20190413,10.7
103,6.0,10.7,15.4,2.2,4,2019,14,137,2019-04-14,7.4,0.2,49.8,0.0,20190414,3.5
104,0.0,13.3,21.7,2.2,4,2019,15,137,2019-04-15,4.5,0.0,35.1,0.0,20190415,11.6
105,4.9,14.6,24.8,1.3,4,2019,16,137,2019-04-16,3.7,0.0,36.5,0.0,20190416,10.4
106,3.5,17.7,25.1,1.3,4,2019,17,137,2019-04-17,8.8,0.0,36.0,0.0,20190417,11.7
107,6.8,17.2,23.2,2.2,4,2019,18,137,2019-04-18,9.0,0.0,53.4,0.0,20190418,9.3
108,9.4,12.1,15.6,1.5,4,2019,19,137,2019-04-19,9.7,0.0,71.5,0.0,20190419,0.0
109,4.6,15.6,24.9,1.5,4,2019,20,137,2019-04-20,5.9,0.0,60.3,0.0,20190420,10.6
110,8.3,18.6,24.1,1.7,4,2019,21,137,2019-04-21,15.5,0.0,65.1,0.0,20190421,3.2
111,2.8,19.3,27.7,1.4,4,2019,22,137,2019-04-22,10.6,0.0,62.5,0.0,20190422,11.4
112,9.6,16.5,21.7,0.9,4,2019,23,137,2019-04-23,11.9,3.1,74.8,0.0,20190423,2.4
113,7.0,17.3,22.0,1.0,4,2019,24,137,2019-04-24,14.3,17.0,89.9,0.0,20190424,3.5
114,8.4,14.3,17.8,0.9,4,2019,25,137,2019-04-25,10.1,5.8,85.4,0.0,20190425,0.0
115,8.9,9.0,11.4,0.9,4,2019,26,137,2019-04-26,7.5,18.2,94.8,0.0,20190426,0.0
116,4.0,11.7,18.2,0.8,4,2019,27,137,2019-04-27,4.5,0.0,67.6,0.0,20190427,9.6
117,7.8,11.2,16.6,0.6,4,2019,28,137,2019-04-28,7.8,0.0,77.6,0.0,20190428,2.4
118,8.8,9.2,12.6,0.5,4,2019,29,137,2019-04-29,5.3,21.3,97.0,0.0,20190429,0.0
119,6.5,14.8,21.2,0.6,4,2019,30,137,2019-04-30,10.3,0.0,86.1,0.0,20190430,6.3
120,3.4,17.1,23.5,2.2,5,2019,1,137,2019-05-01,11.6,0.0,55.1,0.0,20190501,9.0
121,0.0,17.8,24.5,2.4,5,2019,2,137,2019-05-02,10.9,0.0,44.3,0.0,20190502,12.4
122,0.6,19.1,29.2,1.3,5,2019,3,137,2019-05-03,7.5,0.0,42.0,0.0,20190503,12.1
123,3.9,20.6,29.0,1.2,5,2019,4,137,2019-05-04,12.0,0.0,41.9,0.0,20190504,11.2
124,4.0,20.3,28.9,1.4,5,2019,5,137,2019-05-05,11.3,0.0,42.3,0.0,20190505,10.8
125,1.5,15.1,21.8,1.9,5,2019,6,137,2019-05-06,8.3,0.0,49.6,0.0,20190506,10.7
126,0.0,14.6,23.1,1.3,5,2019,7,137,2019-05-07,4.4,0.0,47.9,0.0,20190507,12.4
127,7.0,16.9,24.1,2.3,5,2019,8,137,2019-05-08,8.5,0.0,31.1,0.0,20190508,10.3
128,4.4,18.1,25.5,1.7,5,2019,9,137,2019-05-09,12.6,0.0,36.3,0.0,20190509,11.7
129,2.3,19.2,28.3,0.9,5,2019,10,137,2019-05-10,8.8,0.0,40.1,0.0,20190510,11.7
130,0.9,20.7,29.8,0.9,5,2019,11,137,2019-05-11,11.5,0.0,50.3,0.0,20190511,12.1
131,1.8,19.3,27.9,0.9,5,2019,12,137,2019-05-12,11.1,0.0,52.6,0.0,20190512,11.9
132,7.3,18.4,26.2,1.0,5,2019,13,137,2019-05-13,9.6,0.0,56.4,0.0,20190513,8.8
133,2.4,21.7,28.5,1.0,5,2019,14,137,2019-05-14,14.5,0.0,54.4,0.0,20190514,11.3
134,5.5,22.1,29.6,0.9,5,2019,15,137,2019-05-15,16.1,0.0,59.0,0.0,20190515,9.6
135,4.9,22.4,29.7,0.9,5,2019,16,137,2019-05-16,15.1,0.0,61.8,0.0,20190516,9.6
136,8.0,22.2,27.2,0.6,5,2019,17,137,2019-05-17,16.0,0.0,60.4,0.0,20190517,4.9
137,8.8,17.5,20.5,1.0,5,2019,18,137,2019-05-18,15.3,24.7,91.3,0.0,20190518,0.0
138,7.4,19.5,23.8,0.8,5,2019,19,137,2019-05-19,16.2,0.2,85.8,0.0,20190519,0.6
139,9.0,16.8,21.2,2.0,5,2019,20,137,2019-05-20,11.7,0.6,65.9,0.0,20190520,5.6
140,0.0,17.5,24.9,2.2,5,2019,21,137,2019-05-21,7.5,0.0,48.9,0.0,20190521,12.5
141,0.0,19.5,28.1,1.5,5,2019,22,137,2019-05-22,10.3,0.0,46.5,0.0,20190522,12.6
142,1.3,21.0,29.6,1.2,5,2019,23,137,2019-05-23,11.3,0.0,55.0,0.0,20190523,12.6
143,0.4,23.8,33.2,0.9,5,2019,24,137,2019-05-24,12.1,0.0,58.1,0.0,20190524,12.1
144,7.4,24.6,30.5,2.0,5,2019,25,137,2019-05-25,19.0,0.0,43.8,0.0,20190525,10.0
145,5.5,23.1,32.4,1.2,5,2019,26,137,2019-05-26,14.3,0.0,49.3,0.0,20190526,10.2
146,10.0,18.4,21.5,1.5,5,2019,27,137,2019-05-27,15.5,20.7,89.9,0.0,20190527,0.0
147,3.6,17.9,23.1,2.2,5,2019,28,137,2019-05-28,13.1,0.0,56.5,0.0,20190528,7.3
148,0.0,21.3,27.7,1.9,5,2019,29,137,2019-05-29,14.3,0.0,42.9,0.0,20190529,12.7
149,6.9,20.9,27.6,2.0,5,2019,30,137,2019-05-30,13.1,0.0,44.9,0.0,20190530,8.0
150,4.1,19.5,25.1,2.1,5,2019,31,137,2019-05-31,14.7,0.1,60.4,0.0,20190531,10.2
151,5.9,18.4,23.7,1.2,6,2019,1,137,2019-06-01,13.0,0.0,65.9,0.0,20190601,9.2
152,3.5,21.1,28.7,1.2,6,2019,2,137,2019-06-02,12.5,0.0,60.0,0.0,20190602,11.6
153,0.1,22.8,31.3,0.9,6,2019,3,137,2019-06-03,14.3,0.0,59.0,0.0,20190603,12.1
154,1.5,25.3,32.6,1.3,6,2019,4,137,2019-06-04,17.2,0.0,51.1,0.0,20190604,11.4
155,2.5,26.1,33.4,1.4,6,2019,5,137,2019-06-05,18.8,0.0,56.9,0.0,20190605,11.7
156,9.0,22.2,28.9,0.8,6,2019,6,137,2019-06-06,16.1,19.8,79.0,0.0,20190606,1.3
157,6.5,17.9,19.8,1.0,6,2019,7,137,2019-06-07,16.2,37.6,98.5,0.0,20190607,0.0
158,6.0,20.9,27.2,0.8,6,2019,8,137,2019-06-08,16.2,0.0,76.6,0.0,20190608,9.6
159,5.5,20.1,26.7,1.0,6,2019,9,137,2019-06-09,15.6,0.0,72.9,0.0,20190609,10.1
160,9.0,17.6,22.1,0.6,6,2019,10,137,2019-06-10,13.8,2.8,79.6,0.0,20190610,1.8
161,3.6,19.3,25.2,0.7,6,2019,11,137,2019-06-11,15.1,0.0,69.4,0.0,20190611,9.5
162,1.5,20.2,27.7,0.8,6,2019,12,137,2019-06-12,12.5,0.0,71.0,0.0,20190612,12.5
163,3.1,22.1,29.3,0.6,6,2019,13,137,2019-06-13,14.6,0.0,70.8,0.0,20190613,11.9
164,9.1,20.6,25.3,0.5,6,2019,14,137,2019-06-14,17.0,0.0,79.9,0.0,20190614,0.9
165,5.8,21.9,27.8,1.2,6,2019,15,137,2019-06-15,16.5,0.0,71.0,0.0,20190615,9.3
166,3.9,21.8,27.3,0.8,6,2019,16,137,2019-06-16,15.3,0.0,67.4,0.0,20190616,8.7
167,5.0,22.8,28.6,1.3,6,2019,17,137,2019-06-17,17.2,0.0,65.3,0.0,20190617,10.8
168,7.9,20.9,26.5,1.1,6,2019,18,137,2019-06-18,16.2,5.1,75.4,0.0,20190618,1.6
169,6.9,22.5,27.0,0.9,6,2019,19,137,2019-06-19,19.3,0.0,76.9,0.0,20190619,2.2
170,4.3,24.2,29.7,1.3,6,2019,20,137,2019-06-20,18.8,0.0,68.0,0.0,20190620,10.3
171,3.4,24.8,30.7,1.4,6,2019,21,137,2019-06-21,19.7,0.0,66.4,0.0,20190621,11.7
172,4.3,23.0,28.4,0.9,6,2019,22,137,2019-06-22,18.7,0.0,65.4,0.0,20190622,9.7
173,2.1,21.8,28.4,0.8,6,2019,23,137,2019-06-23,14.8,0.0,64.9,0.0,20190623,11.7
174,4.0,23.5,30.8,0.9,6,2019,24,137,2019-06-24,17.2,0.1,66.4,0.0,20190624,10.6
175,2.1,25.3,32.4,0.8,6,2019,25,137,2019-06-25,16.7,0.0,64.1,0.0,20190625,11.9
176,9.6,20.1,23.8,0.7,6,2019,26,137,2019-06-26,18.2,13.8,91.3,0.0,20190626,0.5
177,8.5,23.4,29.0,0.6,6,2019,27,137,2019-06-27,19.6,10.5,90.0,0.0,20190627,3.6
178,8.6,24.6,29.1,0.7,6,2019,28,137,2019-06-28,21.5,2.2,86.4,0.0,20190628,3.2
179,9.1,21.3,23.8,0.7,6,2019,29,137,2019-06-29,20.0,17.6,93.5,0.0,20190629,0.0
180,8.3,24.4,29.1,1.6,6,2019,30,137,2019-06-30,20.1,0.0,80.6,0.0,20190630,5.5
181,7.1,23.3,26.3,1.2,7,2019,1,137,2019-07-01,19.5,0.0,76.8,0.0,20190701,0.5
182,2.0,23.7,29.2,1.4,7,2019,2,137,2019-07-02,16.5,0.0,69.5,0.0,20190702,11.4
183,7.0,23.2,28.1,0.9,7,2019,3,137,2019-07-03,18.5,0.0,76.6,0.0,20190703,7.1
184,3.1,25.3,31.7,1.1,7,2019,4,137,2019-07-04,18.9,0.0,70.3,0.0,20190704,10.8
185,3.6,25.4,32.7,0.7,7,2019,5,137,2019-07-05,19.3,0.0,69.0,0.0,20190705,12.4
186,0.6,24.8,31.8,1.0,7,2019,6,137,2019-07-06,17.2,0.0,64.8,0.0,20190706,12.8
187,7.1,23.3,28.3,1.1,7,2019,7,137,2019-07-07,18.2,0.0,67.1,0.0,20190707,9.0
188,7.0,21.9,27.6,0.9,7,2019,8,137,2019-07-08,18.1,0.0,72.0,0.0,20190708,5.4
189,7.1,21.9,27.0,1.0,7,2019,9,137,2019-07-09,15.5,0.0,72.4,0.0,20190709,6.2
190,8.5,20.1,23.6,1.0,7,2019,10,137,2019-07-10,18.6,28.1,88.6,0.0,20190710,0.0
191,8.0,22.3,25.8,1.7,7,2019,11,137,2019-07-11,19.2,16.6,90.1,0.0,20190711,1.7
192,7.8,23.7,28.6,2.0,7,2019,12,137,2019-07-12,20.3,0.0,74.5,0.0,20190712,6.8
193,7.5,24.2,28.9,0.8,7,2019,13,137,2019-07-13,19.8,0.0,77.9,0.0,20190713,3.7
194,5.8,24.0,30.4,0.8,7,2019,14,137,2019-07-14,21.3,12.7,85.4,0.0,20190714,3.5
195,8.9,22.3,25.7,0.6,7,2019,15,137,2019-07-15,20.3,3.6,93.9,0.0,20190715,0.7
196,7.1,24.3,29.5,0.8,7,2019,16,137,2019-07-16,20.7,1.6,83.8,0.0,20190716,3.8
197,8.4,24.4,28.5,0.6,7,2019,17,137,2019-07-17,21.5,0.0,82.4,0.0,20190717,2.6
198,8.4,23.5,27.4,0.5,7,2019,18,137,2019-07-18,21.2,19.2,90.4,0.0,20190718,3.3
199,9.0,24.6,26.7,0.6,7,2019,19,137,2019-07-19,21.7,0.1,90.8,0.0,20190719,0.0
200,10.0,23.7,24.9,1.5,7,2019,20,137,2019-07-20,22.6,36.5,99.3,0.0,20190720,0.0
201,8.0,24.7,27.5,1.5,7,2019,21,137,2019-07-21,22.9,45.6,93.4,0.0,20190721,0.4
202,5.6,28.1,32.2,1.5,7,2019,22,137,2019-07-22,24.1,0.0,76.0,0.0,20190722,9.1
203,6.3,29.3,33.5,1.2,7,2019,23,137,2019-07-23,25.7,0.0,76.3,0.0,20190723,4.6
204,7.6,27.0,29.8,0.5,7,2019,24,137,2019-07-24,25.0,0.0,87.9,0.0,20190724,0.0
205,8.9,25.5,27.2,0.2,7,2019,25,137,2019-07-25,24.5,40.9,98.8,0.0,20190725,0.0
206,7.5,26.9,30.2,0.4,7,2019,26,137,2019-07-26,25.0,1.1,93.1,0.0,20190726,0.9
207,8.9,27.0,31.2,0.5,7,2019,27,137,2019-07-27,24.7,0.4,92.6,0.0,20190727,2.4
208,8.5,26.0,30.4,0.4,7,2019,28,137,2019-07-28,24.7,14.8,97.0,0.0,20190728,1.4
209,5.8,27.9,33.0,0.7,7,2019,29,137,2019-07-29,23.9,0.0,83.0,0.0,20190729,4.7
210,4.5,28.2,33.7,1.2,7,2019,30,137,2019-07-30,22.6,0.0,79.9,0.0,20190730,2.2
211,4.3,29.6,33.3,1.3,7,2019,31,137,2019-07-31,25.2,0.0,74.0,0.0,20190731,1.2
212,4.9,29.1,33.7,1.1,8,2019,1,137,2019-08-01,25.5,0.0,75.9,0.0,20190801,0.8
213,2.6,29.6,34.5,0.8,8,2019,2,137,2019-08-02,25.0,0.0,75.6,0.0,20190802,0.0
214,5.9,28.6,34.1,0.6,8,2019,3,137,2019-08-03,24.8,0.0,83.0,0.0,20190803,7.0
215,2.5,28.7,34.8,0.5,8,2019,4,137,2019-08-04,23.3,0.0,81.3,0.0,20190804,12.0
216,4.4,30.0,35.2,0.6,8,2019,5,137,2019-08-05,25.2,0.0,74.8,0.0,20190805,11.6
217,8.4,26.4,30.5,0.9,8,2019,6,137,2019-08-06,22.6,6.7,81.4,0.0,20190806,5.4
218,5.9,27.4,32.9,1.6,8,2019,7,137,2019-08-07,23.2,15.1,84.3,0.0,20190807,7.0
219,6.8,26.2,33.8,0.7,8,2019,8,137,2019-08-08,22.8,3.1,90.1,0.0,20190808,6.8
220,6.3,27.7,33.6,0.6,8,2019,9,137,2019-08-09,22.8,0.4,86.1,0.0,20190809,9.1
221,5.3,28.3,33.4,0.9,8,2019,10,137,2019-08-10,24.7,0.0,79.3,0.0,20190810,10.2
222,8.1,28.3,33.0,1.4,8,2019,11,137,2019-08-11,24.2,0.0,74.8,0.0,20190811,6.9
223,6.4,28.5,32.3,1.0,8,2019,12,137,2019-08-12,25.4,0.0,79.9,0.0,20190812,4.8
224,4.0,28.8,34.0,0.7,8,2019,13,137,2019-08-13,23.7,0.0,79.8,0.0,20190813,10.3
225,7.6,28.4,32.7,1.0,8,2019,14,137,2019-08-14,24.3,0.0,77.5,0.0,20190814,4.1
226,7.4,26.2,28.4,1.1,8,2019,15,137,2019-08-15,23.4,3.5,88.4,0.0,20190815,0.3
227,6.6,26.8,31.3,2.1,8,2019,16,137,2019-08-16,24.5,0.0,79.4,0.0,20190816,5.6
228,4.0,26.8,31.8,1.6,8,2019,17,137,2019-08-17,23.2,1.7,74.0,0.0,20190817,10.2
229,3.3,25.1,30.8,1.0,8,2019,18,137,2019-08-18,20.1,0.0,74.0,0.0,20190818,11.6
230,7.0,25.0,30.2,0.6,8,2019,19,137,2019-08-19,19.0,0.0,79.3,0.0,20190819,8.9
231,6.1,25.7,30.5,0.9,8,2019,20,137,2019-08-20,21.8,0.0,70.6,0.0,20190820,7.0
232,8.3,25.7,31.2,0.8,8,2019,21,137,2019-08-21,20.6,4.2,80.8,0.0,20190821,4.8
233,8.4,25.3,29.6,1.0,8,2019,22,137,2019-08-22,23.2,42.1,86.4,0.0,20190822,3.8
234,6.6,24.5,29.2,1.5,8,2019,23,137,2019-08-23,20.2,0.0,74.4,0.0,20190823,4.8
235,7.6,22.6,26.5,1.2,8,2019,24,137,2019-08-24,18.8,0.0,81.1,0.0,20190824,2.0
236,3.3,23.6,30.1,1.0,8,2019,25,137,2019-08-25,18.2,0.0,75.3,0.0,20190825,10.7
237,3.1,24.2,30.2,0.8,8,2019,26,137,2019-08-26,18.2,0.0,76.3,0.0,20190826,11.1
238,8.8,20.6,22.5,0.7,8,2019,27,137,2019-08-27,18.5,19.5,95.4,0.0,20190827,0.1
239,8.0,23.1,27.1,0.8,8,2019,28,137,2019-08-28,19.3,1.6,89.6,0.0,20190828,1.9
240,9.6,22.0,26.5,0.9,8,2019,29,137,2019-08-29,18.6,8.8,90.8,0.0,20190829,0.8
241,3.6,22.9,28.2,1.6,8,2019,30,137,2019-08-30,18.2,0.0,73.9,0.0,20190830,10.1
242,3.6,22.4,27.8,1.3,8,2019,31,137,2019-08-31,17.2,0.0,75.6,0.0,20190831,9.9
243,7.9,22.0,26.2,0.5,9,2019,1,137,2019-09-01,17.2,0.0,85.6,0.0,20190901,2.6
244,8.6,20.7,23.2,0.4,9,2019,2,137,2019-09-02,19.0,5.9,92.8,0.0,20190902,0.0
245,10.0,20.7,21.7,0.5,9,2019,3,137,2019-09-03,19.0,5.2,99.8,0.0,20190903,0.0
246,9.8,22.3,24.3,0.7,9,2019,4,137,2019-09-04,20.8,4.2,99.0,0.0,20190904,0.0
247,8.9,24.2,30.7,0.5,9,2019,5,137,2019-09-05,22.3,2.9,94.4,0.0,20190905,2.3
248,9.6,24.7,27.8,0.7,9,2019,6,137,2019-09-06,22.3,0.0,94.1,0.0,20190906,0.0
249,7.9,26.0,29.7,2.5,9,2019,7,137,2019-09-07,23.8,3.8,81.9,0.0,20190907,0.8
250,8.0,25.1,29.4,0.7,9,2019,8,137,2019-09-08,20.7,0.0,85.6,0.0,20190908,4.3
251,9.8,23.5,26.2,0.6,9,2019,9,137,2019-09-09,21.2,5.4,94.5,0.0,20190909,0.3
252,5.5,25.7,31.2,0.7,9,2019,10,137,2019-09-10,22.6,2.7,87.1,0.0,20190910,7.4
253,8.5,23.2,27.6,0.9,9,2019,11,137,2019-09-11,21.1,0.0,88.9,0.0,20190911,0.8
254,8.0,19.8,22.1,0.7,9,2019,12,137,2019-09-12,17.2,2.4,86.8,0.0,20190912,0.0
255,3.4,20.3,26.5,0.7,9,2019,13,137,2019-09-13,15.6,0.0,83.8,0.0,20190913,7.9
256,7.9,21.7,27.3,0.6,9,2019,14,137,2019-09-14,14.8,0.0,84.5,0.0,20190914,4.4
257,7.4,23.9,29.6,0.7,9,2019,15,137,2019-09-15,19.8,0.0,81.1,0.0,20190915,7.3
258,4.6,22.1,28.0,0.7,9,2019,16,137,2019-09-16,17.4,0.0,76.4,0.0,20190916,9.0
259,2.6,20.1,27.3,0.6,9,2019,17,137,2019-09-17,13.1,0.0,76.6,0.0,20190917,9.5
260,2.4,21.6,29.5,1.2,9,2019,18,137,2019-09-18,16.1,0.0,63.1,0.0,20190918,9.6
261,4.3,19.2,25.2,0.7,9,2019,19,137,2019-09-19,13.8,0.0,71.6,0.0,20190919,9.1
262,9.9,18.2,22.1,0.7,9,2019,20,137,2019-09-20,14.8,0.0,81.4,0.0,20190920,0.6
263,9.3,16.3,19.3,1.1,9,2019,21,137,2019-09-21,14.3,45.3,95.9,0.0,20190921,0.0
264,10.0,15.5,16.7,2.0,9,2019,22,137,2019-09-22,14.3,81.7,98.9,0.0,20190922,0.0
265,5.6,17.2,21.8,0.9,9,2019,23,137,2019-09-23,13.8,0.0,86.1,0.0,20190923,1.4
266,2.1,17.3,25.7,0.6,9,2019,24,137,2019-09-24,11.3,0.0,83.8,0.0,20190924,7.9
267,8.1,16.5,22.6,0.5,9,2019,25,137,2019-09-25,11.3,0.0,88.8,0.0,20190925,3.5
268,7.8,19.1,24.8,0.7,9,2019,26,137,2019-09-26,15.1,0.0,88.0,0.0,20190926,3.6
269,5.5,20.7,27.0,0.6,9,2019,27,137,2019-09-27,14.6,0.0,82.0,0.0,20190927,9.1
270,6.1,22.7,28.2,0.6,9,2019,28,137,2019-09-28,19.7,0.0,85.8,0.0,20190928,5.4
271,2.4,22.0,28.8,0.6,9,2019,29,137,2019-09-29,17.5,0.0,83.9,0.0,20190929,8.8
272,2.5,21.1,28.2,0.5,9,2019,30,137,2019-09-30,14.3,0.0,84.1,0.0,20190930,9.2
273,9.1,21.8,24.2,0.3,10,2019,1,137,2019-10-01,19.7,0.0,92.0,0.0,20191001,0.0
274,10.0,20.1,20.7,1.4,10,2019,2,137,2019-10-02,19.6,132.2,100.0,0.0,20191002,0.0
275,6.6,21.6,27.1,1.8,10,2019,3,137,2019-10-03,19.0,37.6,87.3,0.0,20191003,3.5
276,4.6,21.1,28.2,0.5,10,2019,4,137,2019-10-04,16.0,0.0,87.0,0.0,20191004,6.5
277,8.4,20.0,24.2,1.3,10,2019,5,137,2019-10-05,16.5,0.9,80.8,0.0,20191005,3.6
278,8.1,16.3,20.0,0.8,10,2019,6,137,2019-10-06,13.8,0.0,75.6,0.0,20191006,3.3
279,7.4,14.0,15.3,0.8,10,2019,7,137,2019-10-07,12.3,6.5,95.0,0.0,20191007,0.0
280,3.9,15.9,22.8,2.2,10,2019,8,137,2019-10-08,10.9,0.0,67.6,0.0,20191008,7.1
281,2.3,13.3,21.0,1.1,10,2019,9,137,2019-10-09,6.5,0.0,62.3,0.0,20191009,8.8
282,7.3,13.8,21.1,0.6,10,2019,10,137,2019-10-10,6.6,0.0,79.1,0.0,20191010,3.8
283,3.3,17.2,24.2,0.9,10,2019,11,137,2019-10-11,11.5,0.0,70.4,0.0,20191011,8.3
284,2.1,16.3,23.4,1.1,10,2019,12,137,2019-10-12,10.6,0.0,71.3,0.0,20191012,8.8
285,2.7,14.0,21.3,0.7,10,2019,13,137,2019-10-13,7.5,0.0,77.8,0.0,20191013,8.9
286,4.5,14.3,22.7,1.0,10,2019,14,137,2019-10-14,8.4,0.0,77.3,0.0,20191014,7.5
287,5.0,12.8,18.5,0.8,10,2019,15,137,2019-10-15,8.5,0.0,78.9,0.0,20191015,3.2
288,7.8,11.3,19.7,0.5,10,2019,16,137,2019-10-16,5.6,0.0,87.5,0.0,20191016,5.8
289,6.5,12.0,18.0,0.6,10,2019,17,137,2019-10-17,7.6,0.0,89.8,0.0,20191017,3.0
290,7.8,13.8,18.8,0.7,10,2019,18,137,2019-10-18,8.6,1.1,90.1,0.0,20191018,0.6
291,2.0,15.8,23.2,0.8,10,2019,19,137,2019-10-19,11.0,0.1,84.8,0.0,20191019,7.9
292,2.6,13.2,22.2,0.5,10,2019,20,137,2019-10-20,8.3,0.0,83.5,0.0,20191020,7.5
293,5.0,13.0,22.0,0.6,10,2019,21,137,2019-10-21,6.3,0.0,85.8,0.0,20191021,7.8
294,4.6,14.1,22.6,0.7,10,2019,22,137,2019-10-22,7.5,0.0,83.8,0.0,20191022,8.3
295,9.1,13.7,17.8,0.5,10,2019,23,137,2019-10-23,9.1,0.0,86.5,0.0,20191023,0.2
296,7.6,16.5,22.3,0.8,10,2019,24,137,2019-10-24,12.6,0.0,75.6,0.0,20191024,6.5
297,5.4,17.2,24.2,1.1,10,2019,25,137,2019-10-25,10.8,0.0,69.3,0.0,20191025,6.1
298,7.4,13.0,16.6,2.0,10,2019,26,137,2019-10-26,9.3,0.0,62.6,0.0,20191026,8.2
299,0.6,10.5,17.2,1.4,10,2019,27,137,2019-10-27,5.6,0.0,64.5,0.0,20191027,8.4
300,4.4,9.7,18.0,0.6,10,2019,28,137,2019-10-28,2.2,0.0,75.8,0.0,20191028,8.1
301,3.8,13.0,18.4,1.5,10,2019,29,137,2019-10-29,6.8,0.0,68.1,0.0,20191029,6.5
302,1.1,11.4,17.5,1.7,10,2019,30,137,2019-10-30,6.3,0.0,65.6,0.0,20191030,8.6
303,1.5,13.8,20.0,1.7,10,2019,31,137,2019-10-31,5.2,0.0,72.9,0.0,20191031,8.5
304,1.9,15.4,22.5,1.3,11,2019,1,137,2019-11-01,9.5,0.0,71.0,0.0,20191101,8.5
305,6.6,12.1,18.1,0.4,11,2019,2,137,2019-11-02,6.0,0.0,85.6,0.0,20191102,3.5
306,6.5,13.9,20.7,0.8,11,2019,3,137,2019-11-03,8.7,0.0,76.9,0.0,20191103,7.3
307,4.1,12.3,18.2,0.7,11,2019,4,137,2019-11-04,7.0,0.0,77.5,0.0,20191104,7.4
308,2.5,10.5,18.3,1.0,11,2019,5,137,2019-11-05,3.7,0.0,80.4,0.0,20191105,6.5
309,4.0,12.2,18.9,1.1,11,2019,6,137,2019-11-06,5.4,0.0,68.6,0.0,20191106,8.3
310,4.0,11.9,17.5,2.0,11,2019,7,137,2019-11-07,6.8,0.0,56.6,0.0,20191107,7.2
311,0.0,8.4,15.1,1.8,11,2019,8,137,2019-11-08,2.7,0.0,43.5,0.0,20191108,8.6
312,0.0,9.4,17.8,1.2,11,2019,9,137,2019-11-09,0.4,0.0,46.4,0.0,20191109,8.6
313,8.4,6.4,12.0,0.9,11,2019,10,137,2019-11-10,0.6,7.7,76.9,0.0,20191110,2.5
314,6.3,11.5,15.8,2.3,11,2019,11,137,2019-11-11,6.9,0.7,77.8,0.0,20191111,3.1
315,1.9,9.9,16.7,0.9,11,2019,12,137,2019-11-12,4.8,0.0,75.5,0.0,20191112,7.8
316,7.6,7.4,14.6,1.0,11,2019,13,137,2019-11-13,1.4,2.5,77.5,0.0,20191113,1.5
317,1.0,2.4,7.9,2.0,11,2019,14,137,2019-11-14,-2.9,0.0,41.8,0.0,20191114,8.3
318,3.4,3.5,11.5,0.7,11,2019,15,137,2019-11-15,-4.5,0.0,66.5,0.0,20191115,6.7
319,4.0,9.0,16.5,0.5,11,2019,16,137,2019-11-16,5.0,0.8,89.1,0.0,20191116,4.3
320,9.4,6.0,8.1,0.4,11,2019,17,137,2019-11-17,3.5,13.3,100.0,0.0,20191117,0.0
321,8.4,8.2,13.6,2.7,11,2019,18,137,2019-11-18,2.4,7.7,70.1,0.0,20191118,3.2
322,2.5,3.0,6.7,2.4,11,2019,19,137,2019-11-19,0.7,0.0,60.8,0.0,20191119,7.6
323,0.1,2.5,9.0,1.3,11,2019,20,137,2019-11-20,-2.8,0.0,48.8,0.0,20191120,8.3
324,5.9,2.5,10.1,0.7,11,2019,21,137,2019-11-21,-5.0,0.0,61.1,0.0,20191121,6.4
325,2.8,6.7,15.6,0.7,11,2019,22,137,2019-11-22,-0.5,0.0,73.8,0.0,20191122,8.2
326,7.8,7.7,16.1,0.7,11,2019,23,137,2019-11-23,0.5,0.0,85.3,0.0,20191123,8.0
327,5.5,12.1,21.2,1.4,11,2019,24,137,2019-11-24,4.5,1.5,78.9,0.0,20191124,8.1
328,9.5,5.3,10.0,2.0,11,2019,25,137,2019-11-25,3.2,0.0,73.0,0.0,20191125,1.5
329,5.6,7.5,14.1,0.7,11,2019,26,137,2019-11-26,4.5,0.0,75.4,0.0,20191126,5.4
330,7.3,6.1,8.8,1.8,11,2019,27,137,2019-11-27,3.1,0.0,60.1,0.0,20191127,3.5
331,2.5,4.2,11.3,0.7,11,2019,28,137,2019-11-28,-1.0,0.0,72.8,0.0,20191128,4.9
332,0.9,4.0,10.1,1.8,11,2019,29,137,2019-11-29,-1.3,0.0,51.4,0.0,20191129,3.3
333,4.3,3.8,10.9,0.7,11,2019,30,137,2019-11-30,-4.0,0.0,66.3,0.0,20191130,2.6
334,9.7,6.4,9.0,0.9,12,2019,1,137,2019-12-01,4.9,12.5,76.4,0.0,20191201,0.0
335,3.3,2.9,6.0,3.6,12,2019,2,137,2019-12-02,-0.9,0.0,59.1,0.0,20191202,7.0
336,3.6,1.9,6.7,1.9,12,2019,3,137,2019-12-03,-2.8,0.5,70.1,0.0,20191203,4.5
337,3.4,5.0,9.4,1.7,12,2019,4,137,2019-12-04,1.2,0.0,56.9,0.0,20191204,7.4
338,0.5,-0.3,4.1,2.5,12,2019,5,137,2019-12-05,-5.1,0.0,41.4,0.0,20191205,8.0
339,0.0,-3.6,2.5,2.5,12,2019,6,137,2019-12-06,-8.0,0.0,40.3,0.0,20191206,8.1
340,1.6,0.0,6.3,2.0,12,2019,7,137,2019-12-07,-6.1,0.0,60.1,0.0,20191207,6.1
341,0.0,1.2,8.1,1.5,12,2019,8,137,2019-12-08,-3.8,0.0,61.9,0.0,20191208,8.0
342,1.6,0.1,8.1,0.7,12,2019,9,137,2019-12-09,-6.0,0.0,75.0,0.0,20191209,7.9
343,6.1,1.6,8.6,0.5,12,2019,10,137,2019-12-10,-2.8,0.0,82.8,0.0,20191210,4.4
344,5.4,3.6,12.8,2.2,12,2019,11,137,2019-12-11,-1.8,0.0,73.4,0.0,20191211,2.5
345,0.1,1.1,5.3,2.8,12,2019,12,137,2019-12-12,-3.0,0.0,43.9,0.0,20191212,8.0
346,2.4,-0.6,7.5,0.7,12,2019,13,137,2019-12-13,-6.9,0.0,54.6,0.0,20191213,7.8
347,4.3,3.0,8.3,1.8,12,2019,14,137,2019-12-14,-2.4,1.0,61.5,0.0,20191214,8.0
348,4.0,2.1,10.3,0.7,12,2019,15,137,2019-12-15,-4.1,0.0,75.3,0.0,20191215,7.7
349,4.3,3.9,11.1,0.6,12,2019,16,137,2019-12-16,-2.8,0.0,80.5,0.0,20191216,7.9
350,8.4,5.9,10.8,1.3,12,2019,17,137,2019-12-17,0.8,1.5,88.5,0.0,20191217,0.3
351,5.8,3.8,7.2,2.9,12,2019,18,137,2019-12-18,1.8,0.0,68.0,0.0,20191218,7.3
352,4.3,1.4,5.7,2.9,12,2019,19,137,2019-12-19,-1.3,0.0,46.6,0.0,20191219,8.0
353,4.8,1.2,5.5,1.8,12,2019,20,137,2019-12-20,-1.5,0.0,55.4,0.0,20191220,6.0
354,4.7,0.2,5.4,1.3,12,2019,21,137,2019-12-21,-3.6,0.0,62.9,0.0,20191221,6.0
355,5.9,0.1,7.1,0.6,12,2019,22,137,2019-12-22,-3.7,0.0,78.1,0.0,20191222,4.7
356,4.9,2.6,8.8,1.6,12,2019,23,137,2019-12-23,-2.8,0.0,73.8,0.0,20191223,4.1
357,2.3,1.2,8.5,0.9,12,2019,24,137,2019-12-24,-3.3,0.0,69.5,0.0,20191224,8.0
358,4.1,1.9,10.3,0.9,12,2019,25,137,2019-12-25,-6.4,0.0,57.6,0.0,20191225,6.4
359,7.6,2.6,5.1,1.9,12,2019,26,137,2019-12-26,0.6,0.7,65.9,0.0,20191226,0.0
360,0.0,-0.5,4.3,2.6,12,2019,27,137,2019-12-27,-3.6,0.0,52.9,0.0,20191227,8.0
361,0.0,-1.2,6.8,0.7,12,2019,28,137,2019-12-28,-7.4,0.0,61.4,0.0,20191228,8.0
362,8.6,-1.1,3.0,0.4,12,2019,29,137,2019-12-29,-5.7,8.4,80.0,0.0,20191229,0.0
363,7.5,3.2,8.2,1.8,12,2019,30,137,2019-12-30,-1.3,2.8,85.9,0.0,20191230,0.3
364,1.4,-5.1,-1.2,4.1,12,2019,31,137,2019-12-31,-7.5,0.0,46.8,0.0,20191231,8.1
