,Date,tavg,year,tmax,snow,humid,sunshine,day,rainfall,month,tmin,wind,station_id,cloud,date
0,2022-01-01,-3.3,2022,2.4,0.0,41.6,8.0,1,0.0,1,-8.2,1.6,137,1.9,20220101
1,2022-01-02,-1.3,2022,6.5,0.0,57.3,5.3,2,0.0,1,-8.2,1.8,137,2.4,20220102
2,2022-01-03,-1.1,2022,3.6,0.0,55.3,8.0,3,0.0,1,-5.5,2.1,137,1.3,20220103
3,2022-01-04,0.9,2022,5.1,0.0,42.0,8.1,4,0.0,1,-3.1,2.4,137,1.5,20220104
4,2022-01-05,-1.7,2022,2.9,0.0,53.5,2.8,5,0.0,1,-6.9,0.6,137,9.3,20220105
5,2022-01-06,0.8,2022,6.7,0.0,45.6,7.9,6,0.0,1,-4.0,2.0,137,0.1,20220106
6,2022-01-07,-0.9,2022,7.3,0.0,48.1,8.0,7,0.0,1,-8.7,1.2,137,0.0,20220107
7,2022-01-08,2.2,2022,6.8,0.0,46.1,7.9,8,0.0,1,-3.7,2.1,137,4.0,20220108
8,2022-01-09,2.6,2022,7.0,0.0,67.8,4.9,9,0.0,1,-3.0,1.4,137,5.1,20220109
9,2022-01-10,0.9,2022,8.5,0.0,61.6,7.4,10,0.0,1,-6.5,1.4,137,5.0,20220110
10,2022-01-11,-3.8,2022,1.7,0.0,53.8,8.2,11,0.1,1,-7.4,3.4,137,0.0,20220111
11,2022-01-12,-5.5,2022,-0.8,0.0,45.4,8.2,12,0.0,1,-9.7,3.0,137,2.1,20220112
12,2022-01-13,-4.7,2022,-0.7,0.0,47.8,8.1,13,0.0,1,-7.1,4.0,137,2.0,20220113
13,2022-01-14,-3.6,2022,2.1,0.0,37.4,8.1,14,0.0,1,-8.4,2.5,137,1.8,20220114
14,2022-01-15,0.5,2022,7.4,0.0,44.6,5.0,15,0.0,1,-6.1,1.1,137,7.9,20220115
15,2022-01-16,1.1,2022,4.1,0.0,50.1,6.4,16,0.0,1,-4.3,2.7,137,2.1,20220116
16,2022-01-17,-2.6,2022,2.7,0.0,53.6,7.2,17,0.1,1,-6.2,3.2,137,4.4,20220117
17,2022-01-18,-4.1,2022,1.1,0.0,39.4,8.2,18,0.0,1,-8.3,2.7,137,0.0,20220118
18,2022-01-19,-2.0,2022,5.1,0.0,51.0,6.5,19,0.0,1,-7.3,1.9,137,5.1,20220119
19,2022-01-20,-3.2,2022,3.5,0.0,54.1,8.3,20,0.0,1,-8.2,1.4,137,0.0,20220120
20,2022-01-21,-4.2,2022,4.7,0.0,54.5,8.2,21,0.0,1,-11.7,0.7,137,2.1,20220121
21,2022-01-22,0.2,2022,6.5,0.0,55.1,3.1,22,0.0,1,-7.4,0.7,137,8.6,20220122
22,2022-01-23,4.9,2022,11.6,0.0,59.5,6.3,23,0.0,1,0.5,0.8,137,7.4,20220123
23,2022-01-24,3.8,2022,7.2,0.0,62.6,0.9,24,0.0,1,0.1,1.4,137,4.8,20220124
24,2022-01-25,1.3,2022,3.2,0.0,87.1,0.0,25,1.4,1,-0.5,0.7,137,8.1,20220125
25,2022-01-26,2.6,2022,6.2,0.0,61.5,7.4,26,0.0,1,-1.4,2.0,137,6.1,20220126
26,2022-01-27,1.4,2022,6.9,0.0,45.9,8.2,27,0.0,1,-2.6,1.9,137,1.9,20220127
27,2022-01-28,-0.3,2022,4.7,0.0,42.8,8.3,28,0.0,1,-3.6,3.0,137,3.8,20220128
28,2022-01-29,-1.5,2022,3.9,0.0,43.9,8.4,29,0.0,1,-5.0,3.1,137,4.5,20220129
29,2022-01-30,-1.0,2022,5.3,0.0,42.8,8.4,30,0.0,1,-5.1,2.3,137,2.3,20220130
30,2022-01-31,-0.1,2022,5.7,0.0,42.1,8.6,31,0.0,1,-4.2,2.5,137,1.6,20220131
31,2022-02-01,0.3,2022,3.0,0.0,62.5,7.1,1,0.1,2,-2.7,3.2,137,5.1,20220201
32,2022-02-02,-0.4,2022,4.2,0.0,46.1,7.5,2,0.0,2,-3.3,2.5,137,4.4,20220202
33,2022-02-03,-1.0,2022,4.4,0.0,44.1,8.7,3,0.0,2,-3.8,2.4,137,2.9,20220203
34,2022-02-04,-2.6,2022,2.5,0.0,51.4,8.5,4,0.1,2,-5.2,3.5,137,4.1,20220204
35,2022-02-05,-5.1,2022,0.4,0.0,52.3,7.8,5,0.0,2,-8.4,3.9,137,2.9,20220205
36,2022-02-06,-2.6,2022,2.1,0.0,47.6,7.1,6,0.0,2,-6.9,2.9,137,1.9,20220206
37,2022-02-07,-1.2,2022,3.6,0.0,41.3,4.3,7,0.0,2,-5.7,2.1,137,6.6,20220207
38,2022-02-08,0.7,2022,7.3,0.0,44.3,6.3,8,0.0,2,-5.8,1.6,137,3.8,20220208
39,2022-02-09,0.1,2022,7.8,0.0,48.4,8.3,9,0.0,2,-9.0,0.7,137,5.1,20220209
40,2022-02-10,3.2,2022,9.0,0.0,40.6,8.8,10,0.0,2,-1.3,1.8,137,3.3,20220210
41,2022-02-11,2.6,2022,11.4,0.0,46.8,8.8,11,0.0,2,-4.9,1.2,137,2.9,20220211
42,2022-02-12,4.2,2022,11.8,0.0,46.1,8.7,12,0.0,2,-2.5,1.0,137,4.3,20220212
43,2022-02-13,3.6,2022,11.4,0.0,66.5,7.5,13,0.0,2,-2.3,0.9,137,6.1,20220213
44,2022-02-14,4.5,2022,12.2,0.0,61.0,8.5,14,0.0,2,-2.0,2.2,137,6.9,20220214
45,2022-02-15,-2.3,2022,1.6,0.0,54.1,7.5,15,0.0,2,-6.0,4.2,137,5.4,20220215
46,2022-02-16,-5.7,2022,-1.8,0.0,50.0,7.9,16,0.0,2,-7.9,4.2,137,2.9,20220216
47,2022-02-17,-5.3,2022,1.1,0.0,37.0,9.2,17,0.0,2,-9.9,2.3,137,0.8,20220217
48,2022-02-18,-3.2,2022,5.6,0.0,46.5,9.0,18,0.0,2,-12.2,0.8,137,4.0,20220218
49,2022-02-19,0.4,2022,5.6,0.0,44.5,4.4,19,0.0,2,-3.6,2.1,137,7.3,20220219
50,2022-02-20,-3.7,2022,1.2,0.0,37.9,9.3,20,0.0,2,-6.7,3.6,137,1.1,20220220
51,2022-02-21,-0.7,2022,5.6,0.0,52.6,7.6,21,0.0,2,-7.3,3.0,137,3.1,20220221
52,2022-02-22,-1.8,2022,2.8,0.0,41.3,9.4,22,0.1,2,-5.1,3.4,137,3.3,20220222
53,2022-02-23,-4.2,2022,1.6,0.0,37.5,9.2,23,0.0,2,-8.2,3.1,137,3.3,20220223
54,2022-02-24,-1.4,2022,4.6,0.0,36.9,9.6,24,0.0,2,-7.0,3.1,137,0.9,20220224
55,2022-02-25,4.1,2022,10.4,0.0,53.9,7.8,25,0.0,2,-1.8,2.7,137,1.3,20220225
56,2022-02-26,6.8,2022,13.7,0.0,49.9,8.1,26,1.8,2,0.6,2.5,137,3.8,20220226
57,2022-02-27,5.4,2022,11.1,0.0,39.0,9.7,27,0.0,2,-0.3,2.7,137,0.0,20220227
58,2022-02-28,5.4,2022,15.0,0.0,44.4,8.7,28,0.0,2,-2.8,0.9,137,5.4,20220228
59,2022-03-01,5.9,2022,13.6,0.0,61.4,4.0,1,0.6,3,0.8,1.8,137,5.3,20220301
60,2022-03-02,4.2,2022,10.7,0.0,45.3,9.8,2,0.0,3,-1.1,2.9,137,1.0,20220302
61,2022-03-03,7.1,2022,14.5,0.0,46.8,9.7,3,0.0,3,1.1,2.1,137,0.1,20220303
62,2022-03-04,7.7,2022,18.0,0.0,47.4,8.1,4,0.0,3,-2.8,1.7,137,4.9,20220304
63,2022-03-05,4.2,2022,10.5,0.0,33.9,9.9,5,0.0,3,0.0,5.1,137,0.8,20220305
64,2022-03-06,2.9,2022,9.9,0.0,27.6,10.0,6,0.0,3,-2.1,2.5,137,2.0,20220306
65,2022-03-07,3.6,2022,12.4,0.0,31.6,9.3,7,0.0,3,-4.5,1.3,137,5.1,20220307
66,2022-03-08,6.4,2022,14.4,0.0,41.4,9.9,8,0.0,3,-2.7,1.4,137,1.4,20220308
67,2022-03-09,8.2,2022,17.3,0.0,46.6,9.8,9,0.0,3,0.9,1.3,137,0.8,20220309
68,2022-03-10,8.3,2022,18.5,0.0,41.1,6.9,10,0.0,3,-0.7,1.2,137,6.5,20220310
69,2022-03-11,11.1,2022,19.8,0.0,51.6,5.6,11,0.0,3,1.2,1.1,137,4.3,20220311
70,2022-03-12,14.5,2022,21.0,0.0,65.5,6.0,12,0.0,3,8.3,1.0,137,7.9,20220312
71,2022-03-13,12.5,2022,15.9,0.0,92.8,0.0,13,37.3,3,11.3,0.7,137,9.1,20220313
72,2022-03-14,9.6,2022,12.1,0.0,88.1,0.0,14,2.2,3,7.4,2.1,137,8.8,20220314
73,2022-03-15,10.0,2022,16.5,0.0,59.8,10.1,15,0.0,3,4.3,1.6,137,1.6,20220315
74,2022-03-16,13.5,2022,21.0,0.0,49.1,9.3,16,0.0,3,3.5,1.5,137,4.1,20220316
75,2022-03-17,7.6,2022,11.3,0.0,85.6,0.0,17,9.0,3,4.6,1.5,137,10.0,20220317
76,2022-03-18,4.9,2022,8.0,0.0,83.9,0.0,18,7.5,3,3.4,1.9,137,8.9,20220318
77,2022-03-19,2.7,2022,5.9,0.0,90.4,0.9,19,11.1,3,0.0,0.7,137,9.8,20220319
78,2022-03-20,5.4,2022,10.1,0.0,71.4,1.1,20,0.0,3,2.2,1.5,137,8.3,20220320
79,2022-03-21,6.6,2022,12.4,0.0,52.5,9.4,21,0.0,3,-0.2,1.1,137,7.9,20220321
80,2022-03-22,7.9,2022,14.1,0.0,42.4,9.6,22,0.0,3,2.8,1.4,137,4.0,20220322
81,2022-03-23,4.7,2022,10.7,0.0,64.9,3.2,23,0.0,3,1.0,1.2,137,5.3,20220323
82,2022-03-24,6.9,2022,14.4,0.0,65.6,5.0,24,0.0,3,-0.5,1.1,137,3.4,20220324
83,2022-03-25,10.5,2022,17.8,0.0,74.3,3.5,25,10.9,3,2.7,1.3,137,8.1,20220325
84,2022-03-26,12.0,2022,14.5,0.0,85.8,0.0,26,16.2,3,10.8,2.1,137,8.4,20220326
85,2022-03-27,10.2,2022,17.9,0.0,43.1,10.5,27,0.0,3,4.4,3.1,137,4.0,20220327
86,2022-03-28,7.3,2022,14.7,0.0,42.6,11.0,28,0.0,3,-0.4,1.1,137,1.6,20220328
87,2022-03-29,9.7,2022,19.7,0.0,52.9,11.0,29,0.0,3,-0.5,1.2,137,0.1,20220329
88,2022-03-30,12.1,2022,19.6,0.0,66.4,4.8,30,0.5,3,2.7,1.1,137,6.8,20220330
89,2022-03-31,10.8,2022,15.1,0.0,74.4,0.0,31,0.4,3,4.9,1.9,137,9.6,20220331
90,2022-04-01,7.1,2022,14.5,0.0,66.0,8.0,1,0.0,4,1.1,1.0,137,6.0,20220401
91,2022-04-02,8.6,2022,16.7,0.0,49.1,10.7,2,0.0,4,0.2,1.6,137,0.0,20220402
92,2022-04-03,10.3,2022,18.0,0.0,37.3,10.7,3,0.0,4,1.5,1.3,137,0.0,20220403
93,2022-04-04,11.4,2022,20.3,0.0,41.1,10.8,4,0.0,4,1.8,1.4,137,0.0,20220404
94,2022-04-05,12.3,2022,19.8,0.0,31.1,9.5,5,0.0,4,3.5,2.0,137,6.1,20220405
95,2022-04-06,14.9,2022,22.6,0.0,24.9,10.9,6,0.0,4,8.1,1.9,137,0.6,20220406
96,2022-04-07,13.4,2022,19.6,0.0,34.3,7.8,7,0.0,4,9.3,2.5,137,3.5,20220407
97,2022-04-08,14.2,2022,23.5,0.0,34.8,11.3,8,0.0,4,2.9,1.5,137,0.0,20220408
98,2022-04-09,17.9,2022,28.4,0.0,44.4,10.8,9,0.0,4,6.6,1.5,137,0.4,20220409
99,2022-04-10,19.4,2022,28.7,0.0,44.5,10.4,10,0.0,4,8.6,1.2,137,4.0,20220410
100,2022-04-11,20.8,2022,28.3,0.0,53.1,10.6,11,0.0,4,11.1,1.3,137,2.9,20220411
101,2022-04-12,21.5,2022,30.1,0.0,57.6,10.1,12,0.0,4,12.3,1.5,137,3.3,20220412
102,2022-04-13,12.4,2022,20.1,0.0,87.9,0.0,13,16.1,4,7.0,1.5,137,9.3,20220413
103,2022-04-14,9.5,2022,12.2,0.0,78.1,0.0,14,2.2,4,7.0,1.4,137,9.3,20220414
104,2022-04-15,12.1,2022,19.6,0.0,58.6,7.2,15,0.0,4,7.4,1.1,137,6.5,20220415
105,2022-04-16,12.6,2022,20.6,0.0,44.5,11.3,16,0.0,4,3.4,1.5,137,1.1,20220416
106,2022-04-17,15.3,2022,23.2,0.0,27.5,11.3,17,0.0,4,8.1,1.5,137,1.6,20220417
107,2022-04-18,16.1,2022,24.1,0.0,36.4,6.4,18,0.0,4,9.6,1.2,137,7.5,20220418
108,2022-04-19,16.8,2022,24.7,0.0,32.4,10.9,19,0.0,4,6.5,1.6,137,1.3,20220419
109,2022-04-20,17.4,2022,25.3,0.0,29.1,11.7,20,0.0,4,7.3,1.7,137,0.4,20220420
110,2022-04-21,12.9,2022,20.2,0.0,54.4,2.7,21,0.0,4,6.7,0.8,137,5.9,20220421
111,2022-04-22,16.9,2022,26.8,0.0,63.9,9.6,22,0.0,4,6.3,1.8,137,5.4,20220422
112,2022-04-23,18.8,2022,26.1,0.0,53.9,9.9,23,0.0,4,13.3,1.2,137,8.0,20220423
113,2022-04-24,20.0,2022,28.8,0.0,58.0,9.8,24,0.0,4,10.8,1.6,137,3.4,20220424
114,2022-04-25,20.3,2022,27.1,0.0,65.4,6.3,25,2.6,4,15.5,1.2,137,8.8,20220425
115,2022-04-26,17.9,2022,22.0,0.0,85.8,1.2,26,24.1,4,14.3,1.2,137,8.5,20220426
116,2022-04-27,17.5,2022,24.1,0.0,51.6,11.5,27,0.0,4,13.1,1.5,137,3.8,20220427
117,2022-04-28,16.2,2022,23.6,0.0,61.9,10.1,28,0.0,4,9.1,1.2,137,5.4,20220428
118,2022-04-29,11.4,2022,14.4,0.0,73.0,0.7,29,10.0,4,8.1,1.1,137,9.6,20220429
119,2022-04-30,13.0,2022,18.6,0.0,64.6,3.4,30,0.0,4,9.1,1.1,137,8.1,20220430
120,2022-05-01,13.7,2022,20.0,0.0,44.0,10.9,1,0.0,5,7.8,2.2,137,1.9,20220501
121,2022-05-02,13.5,2022,19.8,0.0,54.8,8.9,2,0.0,5,7.9,1.5,137,3.6,20220502
122,2022-05-03,14.1,2022,22.8,0.0,51.6,12.0,3,0.0,5,4.0,1.4,137,1.6,20220503
123,2022-05-04,18.4,2022,27.2,0.0,43.0,12.3,4,0.0,5,6.9,1.5,137,0.8,20220504
124,2022-05-05,19.2,2022,28.0,0.0,46.6,12.3,5,0.0,5,9.1,1.0,137,0.0,20220505
125,2022-05-06,20.0,2022,27.7,0.0,57.1,11.7,6,0.0,5,10.8,1.2,137,1.0,20220506
126,2022-05-07,18.6,2022,24.7,0.0,61.0,8.8,7,0.0,5,14.1,1.7,137,4.8,20220507
127,2022-05-08,16.1,2022,22.0,0.0,58.4,9.2,8,0.2,5,11.6,1.2,137,7.6,20220508
128,2022-05-09,16.2,2022,24.2,0.0,54.0,10.7,9,0.7,5,10.4,1.3,137,5.8,20220509
129,2022-05-10,16.6,2022,25.2,0.0,48.3,9.4,10,0.0,5,7.6,0.9,137,7.3,20220510
130,2022-05-11,19.2,2022,25.8,0.0,50.1,7.9,11,0.0,5,12.1,0.9,137,7.5,20220511
131,2022-05-12,21.0,2022,26.7,0.0,57.8,4.0,12,0.0,5,16.1,0.8,137,9.0,20220512
132,2022-05-13,16.6,2022,19.6,0.0,73.9,1.0,13,0.8,5,13.7,0.8,137,8.5,20220513
133,2022-05-14,16.6,2022,23.1,0.0,40.0,11.4,14,0.0,5,11.4,2.4,137,4.6,20220514
134,2022-05-15,16.0,2022,22.8,0.0,37.3,11.1,15,0.0,5,9.8,1.7,137,3.8,20220515
135,2022-05-16,17.4,2022,24.8,0.0,35.4,12.3,16,0.0,5,8.3,1.9,137,0.7,20220516
136,2022-05-17,19.0,2022,28.6,0.0,47.1,11.1,17,0.0,5,8.3,0.9,137,2.3,20220517
137,2022-05-18,21.4,2022,29.4,0.0,45.6,12.1,18,0.0,5,11.6,1.5,137,1.3,20220518
138,2022-05-19,20.6,2022,25.2,0.0,33.3,3.0,19,0.0,5,12.8,1.4,137,7.5,20220519
139,2022-05-20,21.6,2022,27.9,0.0,44.0,10.6,20,0.0,5,15.1,1.5,137,5.3,20220520
140,2022-05-21,21.9,2022,28.7,0.0,58.1,12.1,21,0.0,5,14.6,1.7,137,0.6,20220521
141,2022-05-22,22.9,2022,29.8,0.0,54.9,12.3,22,0.0,5,16.6,2.2,137,0.8,20220522
142,2022-05-23,23.8,2022,31.5,0.0,58.3,11.3,23,0.0,5,14.9,1.4,137,3.0,20220523
143,2022-05-24,24.7,2022,32.4,0.0,43.8,12.4,24,0.0,5,17.7,1.5,137,0.9,20220524
144,2022-05-25,23.8,2022,31.6,0.0,50.0,10.9,25,0.0,5,16.3,1.7,137,4.8,20220525
145,2022-05-26,19.8,2022,26.6,0.0,52.1,12.3,26,1.0,5,14.1,2.1,137,2.6,20220526
146,2022-05-27,21.6,2022,27.8,0.0,44.0,11.9,27,0.0,5,14.2,2.5,137,2.1,20220527
147,2022-05-28,22.5,2022,30.4,0.0,43.6,11.2,28,0.0,5,13.0,1.5,137,3.3,20220528
148,2022-05-29,23.5,2022,31.1,0.0,41.1,12.5,29,0.0,5,13.1,1.0,137,3.9,20220529
149,2022-05-30,21.9,2022,27.2,0.0,60.5,3.7,30,0.1,5,18.7,1.4,137,0.0,20220530
150,2022-05-31,22.5,2022,29.5,0.0,39.1,12.2,31,0.0,5,15.1,1.8,137,1.4,20220531
151,2022-06-01,23.6,2022,33.0,0.0,36.4,12.0,1,0.0,6,14.1,1.2,137,1.9,20220601
152,2022-06-02,23.7,2022,31.6,0.0,45.5,12.2,2,0.0,6,13.8,1.5,137,1.4,20220602
153,2022-06-03,24.4,2022,33.1,0.0,53.8,11.8,3,0.0,6,17.9,1.1,137,1.1,20220603
154,2022-06-04,22.6,2022,29.6,0.0,60.4,9.3,4,0.0,6,15.8,0.9,137,5.6,20220604
155,2022-06-05,16.8,2022,19.7,0.0,90.3,0.0,5,19.5,6,15.6,0.9,137,9.6,20220605
156,2022-06-06,17.6,2022,24.1,0.0,87.1,3.4,6,14.7,6,15.2,0.8,137,7.4,20220606
157,2022-06-07,16.3,2022,20.4,0.0,80.8,2.8,7,0.1,6,11.6,0.9,137,6.6,20220607
158,2022-06-08,17.9,2022,23.8,0.0,72.3,6.2,8,0.0,6,14.5,0.7,137,6.5,20220608
159,2022-06-09,19.6,2022,26.9,0.0,73.9,6.5,9,0.0,6,13.6,0.8,137,5.9,20220609
160,2022-06-10,21.8,2022,28.2,0.0,70.9,9.8,10,0.0,6,14.6,0.7,137,5.8,20220610
161,2022-06-11,21.8,2022,29.9,0.0,77.5,8.3,11,0.5,6,17.1,1.0,137,7.1,20220611
162,2022-06-12,21.6,2022,27.7,0.0,67.4,10.1,12,0.0,6,14.3,0.9,137,5.8,20220612
163,2022-06-13,20.6,2022,27.1,0.0,63.8,6.4,13,0.0,6,17.3,1.4,137,7.4,20220613
164,2022-06-14,16.4,2022,18.3,0.0,87.6,0.0,14,9.3,6,15.1,0.9,137,6.8,20220614
165,2022-06-15,18.4,2022,24.0,0.0,88.9,3.6,15,7.3,6,14.6,0.7,137,7.1,20220615
166,2022-06-16,21.3,2022,27.1,0.0,70.8,9.6,16,0.0,6,17.0,1.3,137,4.8,20220616
167,2022-06-17,24.1,2022,30.8,0.0,70.0,11.6,17,0.0,6,14.8,1.0,137,3.0,20220617
168,2022-06-18,26.0,2022,31.3,0.0,67.5,10.4,18,0.0,6,21.7,1.5,137,4.9,20220618
169,2022-06-19,26.0,2022,31.6,0.0,69.3,8.5,19,0.0,6,21.6,1.1,137,4.4,20220619
170,2022-06-20,27.5,2022,33.4,0.0,67.9,10.4,20,0.0,6,21.5,0.8,137,2.6,20220620
171,2022-06-21,28.8,2022,36.1,0.0,63.3,12.3,21,0.0,6,21.2,0.8,137,1.5,20220621
172,2022-06-22,29.3,2022,35.4,0.0,55.8,12.5,22,0.0,6,23.8,1.6,137,2.8,20220622
173,2022-06-23,25.2,2022,28.3,0.0,83.6,1.7,23,16.0,6,21.3,0.9,137,7.8,20220623
174,2022-06-24,26.2,2022,30.7,0.0,73.8,8.0,24,16.8,6,23.2,2.2,137,6.0,20220624
175,2022-06-25,26.3,2022,33.8,0.0,76.4,8.6,25,3.3,6,22.1,1.2,137,3.9,20220625
176,2022-06-26,26.0,2022,30.7,0.0,87.0,2.8,26,0.0,6,21.8,0.6,137,7.4,20220626
177,2022-06-27,26.5,2022,31.0,0.0,84.0,0.9,27,0.9,6,23.6,0.9,137,9.5,20220627
178,2022-06-28,28.0,2022,33.9,0.0,74.9,2.1,28,0.0,6,23.7,1.2,137,8.3,20220628
179,2022-06-29,28.2,2022,33.7,0.0,74.1,3.7,29,0.2,6,25.4,1.6,137,9.3,20220629
180,2022-06-30,28.0,2022,32.9,0.0,78.0,3.6,30,0.3,6,24.7,0.9,137,6.6,20220630
181,2022-07-01,28.3,2022,34.2,0.0,74.4,10.7,1,0.0,7,22.2,0.7,137,2.6,20220701
182,2022-07-02,28.8,2022,35.9,0.0,68.6,10.9,2,0.0,7,22.2,0.7,137,3.9,20220702
183,2022-07-03,29.1,2022,36.0,0.0,67.3,10.6,3,0.0,7,23.0,0.9,137,6.8,20220703
184,2022-07-04,28.9,2022,35.1,0.0,71.1,8.7,4,0.0,7,23.6,0.8,137,7.0,20220704
185,2022-07-05,28.8,2022,35.0,0.0,74.6,4.7,5,0.0,7,24.2,0.7,137,7.4,20220705
186,2022-07-06,28.3,2022,33.2,0.0,79.4,5.4,6,18.9,7,24.0,0.8,137,7.5,20220706
187,2022-07-07,28.8,2022,34.5,0.0,78.3,4.2,7,0.4,7,24.6,0.9,137,7.5,20220707
188,2022-07-08,28.2,2022,33.2,0.0,75.6,4.9,8,0.5,7,25.3,1.3,137,6.9,20220708
189,2022-07-09,27.5,2022,32.6,0.0,73.6,5.3,9,0.0,7,24.2,1.7,137,6.1,20220709
190,2022-07-10,28.4,2022,35.8,0.0,76.4,8.2,10,67.5,7,23.2,1.0,137,6.4,20220710
191,2022-07-11,24.6,2022,27.5,0.0,93.1,0.7,11,7.2,7,22.8,0.4,137,8.1,20220711
192,2022-07-12,25.9,2022,29.1,0.0,85.4,0.6,12,2.5,7,23.7,0.6,137,8.0,20220712
193,2022-07-13,23.3,2022,24.6,0.0,90.4,0.0,13,22.5,7,22.6,0.7,137,9.3,20220713
194,2022-07-14,26.4,2022,31.2,0.0,82.1,3.9,14,0.2,7,22.7,1.3,137,7.0,20220714
195,2022-07-15,26.4,2022,31.7,0.0,72.5,10.3,15,0.0,7,22.5,1.4,137,3.1,20220715
196,2022-07-16,24.8,2022,31.2,0.0,80.0,7.3,16,1.8,7,20.6,1.0,137,5.5,20220716
197,2022-07-17,25.8,2022,30.9,0.0,75.0,8.2,17,0.0,7,21.5,1.4,137,6.6,20220717
198,2022-07-18,22.0,2022,23.7,0.0,96.1,0.0,18,41.5,7,21.3,0.5,137,7.8,20220718
199,2022-07-19,25.8,2022,31.6,0.0,80.5,6.2,19,0.0,7,21.1,1.3,137,7.3,20220719
200,2022-07-20,27.4,2022,32.8,0.0,74.0,8.9,20,0.0,7,23.6,1.1,137,7.4,20220720
201,2022-07-21,23.1,2022,25.0,0.0,91.5,0.2,21,21.6,7,21.2,1.4,137,8.4,20220721
202,2022-07-22,24.9,2022,30.2,0.0,78.5,2.9,22,0.6,7,22.2,1.4,137,7.8,20220722
203,2022-07-23,24.4,2022,28.6,0.0,83.3,0.5,23,2.2,7,21.2,0.6,137,9.1,20220723
204,2022-07-24,24.3,2022,28.4,0.0,92.0,1.3,24,12.0,7,21.5,0.6,137,5.4,20220724
205,2022-07-25,27.6,2022,33.3,0.0,77.1,11.1,25,0.0,7,23.7,1.1,137,3.3,20220725
206,2022-07-26,27.3,2022,33.3,0.0,77.4,7.2,26,0.0,7,22.2,0.6,137,3.3,20220726
207,2022-07-27,26.0,2022,31.1,0.0,74.9,8.3,27,0.0,7,21.2,0.9,137,5.4,20220727
208,2022-07-28,26.0,2022,30.7,0.0,82.6,2.0,28,0.0,7,22.5,0.7,137,7.5,20220728
209,2022-07-29,29.1,2022,34.3,0.0,74.9,9.0,29,0.0,7,25.0,0.8,137,5.3,20220729
210,2022-07-30,27.8,2022,30.3,0.0,78.3,3.0,30,0.0,7,24.2,0.8,137,7.3,20220730
211,2022-07-31,25.9,2022,28.5,0.0,91.8,0.0,31,12.3,7,24.8,0.8,137,10.0,20220731
212,2022-08-01,26.4,2022,29.7,0.0,91.0,0.0,1,4.1,8,24.6,1.0,137,8.0,20220801
213,2022-08-02,27.6,2022,31.7,0.0,87.3,3.4,2,8.7,8,25.2,0.8,137,7.9,20220802
214,2022-08-03,28.8,2022,33.9,0.0,80.1,8.0,3,0.0,8,23.8,1.1,137,4.9,20220803
215,2022-08-04,29.3,2022,33.7,0.0,75.1,7.1,4,0.0,8,25.8,1.6,137,4.5,20220804
216,2022-08-05,28.8,2022,33.7,0.0,79.4,5.3,5,0.6,8,25.1,1.3,137,4.9,20220805
217,2022-08-06,29.7,2022,34.6,0.0,76.4,8.9,6,0.0,8,26.1,1.2,137,4.3,20220806
218,2022-08-07,29.1,2022,35.0,0.0,79.6,7.4,7,0.6,8,25.2,1.0,137,5.9,20220807
219,2022-08-08,28.2,2022,31.0,0.0,77.8,0.3,8,0.0,8,24.7,1.1,137,9.6,20220808
220,2022-08-09,27.8,2022,30.2,0.0,78.9,0.0,9,3.8,8,24.0,1.0,137,10.0,20220809
221,2022-08-10,25.6,2022,28.3,0.0,92.8,0.0,10,38.1,8,23.7,0.7,137,10.0,20220810
222,2022-08-11,24.4,2022,25.7,0.0,97.5,0.0,11,31.6,8,24.0,1.0,137,9.0,20220811
223,2022-08-12,27.4,2022,32.7,0.0,82.3,9.3,12,0.8,8,23.5,1.0,137,3.8,20220812
224,2022-08-13,25.1,2022,29.6,0.0,93.8,1.2,13,13.9,8,22.2,0.5,137,7.9,20220813
225,2022-08-14,26.9,2022,31.0,0.0,92.3,0.5,14,10.1,8,24.2,0.3,137,8.9,20220814
226,2022-08-15,28.4,2022,31.6,0.0,77.3,1.9,15,0.0,8,24.4,1.5,137,9.4,20220815
227,2022-08-16,25.1,2022,29.2,0.0,89.6,3.2,16,21.7,8,23.1,1.5,137,8.3,20220816
228,2022-08-17,25.4,2022,30.6,0.0,86.9,3.8,17,3.8,8,22.1,0.6,137,6.5,20220817
229,2022-08-18,25.0,2022,30.4,0.0,78.3,8.6,18,0.0,8,20.6,0.7,137,5.4,20220818
230,2022-08-19,26.3,2022,30.5,0.0,81.3,3.9,19,0.0,8,20.5,1.0,137,8.5,20220819
231,2022-08-20,26.8,2022,30.2,0.0,86.6,4.6,20,19.4,8,24.0,1.3,137,7.0,20220820
232,2022-08-21,26.2,2022,31.6,0.0,75.5,10.6,21,0.0,8,22.7,0.7,137,3.6,20220821
233,2022-08-22,26.1,2022,32.2,0.0,76.6,9.3,22,0.0,8,18.8,0.8,137,5.1,20220822
234,2022-08-23,23.9,2022,26.7,0.0,92.3,0.0,23,11.9,8,22.5,0.5,137,8.5,20220823
235,2022-08-24,21.8,2022,24.1,0.0,89.3,0.0,24,4.8,8,19.6,0.7,137,7.0,20220824
236,2022-08-25,23.2,2022,29.5,0.0,81.5,3.8,25,0.0,8,20.2,0.7,137,9.1,20220825
237,2022-08-26,23.6,2022,29.3,0.0,70.8,9.8,26,0.0,8,18.3,1.3,137,3.3,20220826
238,2022-08-27,22.4,2022,27.5,0.0,65.9,7.5,27,0.0,8,17.5,1.6,137,4.4,20220827
239,2022-08-28,20.8,2022,27.7,0.0,68.6,10.9,28,0.0,8,13.3,0.8,137,2.9,20220828
240,2022-08-29,18.9,2022,20.7,0.0,87.6,0.0,29,6.7,8,18.0,0.4,137,9.9,20220829
241,2022-08-30,18.9,2022,19.8,0.0,97.1,0.0,30,22.4,8,17.3,0.5,137,9.9,20220830
242,2022-08-31,21.0,2022,24.3,0.0,95.6,0.6,31,17.3,8,19.7,0.3,137,8.8,20220831
243,2022-09-01,21.2,2022,25.0,0.0,91.4,1.4,1,0.0,9,18.7,0.4,137,8.5,20220901
244,2022-09-02,22.1,2022,26.7,0.0,81.3,1.9,2,0.0,9,18.6,0.9,137,7.6,20220902
245,2022-09-03,21.5,2022,24.7,0.0,83.1,0.0,3,0.4,9,19.6,0.8,137,5.1,20220903
246,2022-09-04,22.5,2022,26.3,0.0,90.3,1.3,4,0.7,9,19.2,0.6,137,9.5,20220904
247,2022-09-05,23.4,2022,25.0,0.0,100.0,0.0,5,38.0,9,21.6,0.7,137,10.0,20220905
248,2022-09-06,21.1,2022,26.0,0.0,80.6,4.9,6,70.1,9,18.2,2.3,137,5.4,20220906
249,2022-09-07,22.1,2022,28.8,0.0,65.6,10.4,7,0.0,9,17.2,1.4,137,2.0,20220907
250,2022-09-08,20.5,2022,28.6,0.0,73.4,10.2,8,0.0,9,13.1,0.5,137,3.1,20220908
251,2022-09-09,21.1,2022,27.7,0.0,74.3,9.7,9,0.0,9,15.3,0.8,137,5.6,20220909
252,2022-09-10,20.3,2022,25.6,0.0,76.9,4.4,10,0.0,9,16.7,0.6,137,9.3,20220910
253,2022-09-11,22.3,2022,28.1,0.0,79.1,6.3,11,0.0,9,18.0,0.6,137,7.9,20220911
254,2022-09-12,22.0,2022,25.0,0.0,85.5,0.7,12,0.0,9,19.2,0.5,137,9.9,20220912
255,2022-09-13,23.5,2022,28.2,0.0,75.5,3.3,13,0.0,9,20.0,0.7,137,9.8,20220913
256,2022-09-14,23.3,2022,29.3,0.0,63.6,7.0,14,0.0,9,19.1,1.1,137,8.0,20220914
257,2022-09-15,23.5,2022,29.4,0.0,72.6,8.7,15,0.0,9,19.2,1.1,137,6.3,20220915
258,2022-09-16,22.9,2022,27.6,0.0,83.3,3.0,16,0.0,9,19.8,0.5,137,7.4,20220916
259,2022-09-17,25.9,2022,32.0,0.0,82.4,7.6,17,0.0,9,22.2,0.5,137,6.6,20220917
260,2022-09-18,26.2,2022,31.2,0.0,81.3,2.9,18,0.0,9,22.6,1.1,137,9.1,20220918
261,2022-09-19,25.1,2022,30.7,0.0,64.3,7.4,19,0.0,9,16.7,2.3,137,6.3,20220919
262,2022-09-20,18.0,2022,24.0,0.0,71.1,6.3,20,0.0,9,13.5,0.7,137,5.1,20220920
263,2022-09-21,16.6,2022,23.8,0.0,69.6,8.9,21,0.0,9,10.3,0.8,137,1.6,20220921
264,2022-09-22,16.6,2022,23.6,0.0,75.5,8.2,22,0.0,9,9.5,0.5,137,7.6,20220922
265,2022-09-23,18.0,2022,24.7,0.0,69.8,7.4,23,0.0,9,13.1,1.5,137,6.1,20220923
266,2022-09-24,17.9,2022,24.6,0.0,60.3,9.2,24,0.0,9,12.5,1.5,137,5.8,20220924
267,2022-09-25,17.2,2022,22.8,0.0,78.4,2.6,25,0.0,9,12.8,0.6,137,9.4,20220925
268,2022-09-26,17.5,2022,23.2,0.0,82.1,2.4,26,0.0,9,13.3,0.4,137,8.6,20220926
269,2022-09-27,18.1,2022,26.2,0.0,82.6,7.2,27,0.0,9,13.4,0.6,137,2.6,20220927
270,2022-09-28,17.3,2022,24.3,0.0,83.3,5.6,28,0.0,9,11.6,0.5,137,5.3,20220928
271,2022-09-29,18.3,2022,27.5,0.0,83.1,6.7,29,0.0,9,12.1,0.5,137,2.9,20220929
272,2022-09-30,18.3,2022,28.7,0.0,76.9,6.2,30,0.0,9,12.6,0.5,137,3.9,20220930
273,2022-10-01,18.9,2022,28.7,0.0,73.4,8.2,1,0.0,10,10.5,0.5,137,5.9,20221001
274,2022-10-02,18.5,2022,23.4,0.0,82.3,1.9,2,2.1,10,13.6,0.6,137,8.4,20221002
275,2022-10-03,21.1,2022,24.9,0.0,94.9,1.6,3,19.9,10,17.8,0.5,137,9.0,20221003
276,2022-10-04,20.2,2022,24.4,0.0,90.0,2.6,4,31.9,10,15.5,1.3,137,9.3,20221004
277,2022-10-05,16.2,2022,21.1,0.0,79.1,4.2,5,0.0,10,14.5,1.0,137,8.1,20221005
278,2022-10-06,16.9,2022,21.9,0.0,77.1,3.5,6,0.1,10,13.5,0.8,137,9.3,20221006
279,2022-10-07,14.9,2022,20.8,0.0,80.3,2.9,7,1.4,10,11.6,1.3,137,7.8,20221007
280,2022-10-08,14.2,2022,20.8,0.0,76.1,7.1,8,0.0,10,9.6,0.9,137,4.6,20221008
281,2022-10-09,12.2,2022,14.0,0.0,88.9,0.0,9,4.5,10,10.6,0.6,137,9.6,20221009
282,2022-10-10,10.8,2022,14.9,0.0,71.9,5.9,10,2.0,10,8.0,2.9,137,5.5,20221010
283,2022-10-11,12.1,2022,18.0,0.0,68.4,7.7,11,0.1,10,8.6,1.8,137,3.3,20221011
284,2022-10-12,11.5,2022,20.6,0.0,81.8,8.0,12,0.0,10,4.0,0.8,137,2.5,20221012
285,2022-10-13,13.6,2022,21.6,0.0,81.1,8.8,13,0.0,10,7.2,0.7,137,3.6,20221013
286,2022-10-14,14.0,2022,21.4,0.0,85.1,5.5,14,0.0,10,8.1,0.6,137,6.6,20221014
287,2022-10-15,16.9,2022,23.8,0.0,77.8,8.5,15,0.0,10,11.5,0.5,137,6.8,20221015
288,2022-10-16,18.3,2022,23.9,0.0,76.8,4.9,16,0.0,10,13.5,0.8,137,9.3,20221016
289,2022-10-17,13.5,2022,17.5,0.0,52.3,6.8,17,0.0,10,6.8,2.6,137,4.0,20221017
290,2022-10-18,9.2,2022,15.6,0.0,54.3,8.7,18,0.0,10,3.7,1.6,137,0.0,20221018
291,2022-10-19,9.2,2022,17.7,0.0,58.3,8.6,19,0.0,10,2.7,1.2,137,0.0,20221019
292,2022-10-20,10.7,2022,21.3,0.0,65.9,8.7,20,0.0,10,1.2,0.9,137,1.8,20221020
293,2022-10-21,12.6,2022,17.7,0.0,65.0,1.3,21,0.0,10,5.5,1.0,137,8.0,20221021
294,2022-10-22,15.6,2022,21.8,0.0,61.1,6.9,22,0.0,10,11.3,1.7,137,4.0,20221022
295,2022-10-23,14.7,2022,20.7,0.0,65.9,7.6,23,0.0,10,8.8,1.4,137,3.1,20221023
296,2022-10-24,10.7,2022,16.2,0.0,55.4,5.4,24,0.0,10,5.5,1.5,137,2.8,20221024
297,2022-10-25,8.5,2022,16.9,0.0,70.0,7.5,25,0.0,10,1.2,0.7,137,1.3,20221025
298,2022-10-26,9.5,2022,17.9,0.0,75.0,8.4,26,0.0,10,1.2,0.5,137,3.9,20221026
299,2022-10-27,13.5,2022,21.7,0.0,66.1,8.3,27,0.0,10,5.6,0.9,137,2.1,20221027
300,2022-10-28,12.6,2022,20.5,0.0,73.8,8.3,28,0.0,10,4.9,0.7,137,3.8,20221028
301,2022-10-29,13.6,2022,19.8,0.0,73.9,6.4,29,0.0,10,9.6,0.6,137,6.1,20221029
302,2022-10-30,12.0,2022,19.5,0.0,77.1,8.1,30,0.0,10,5.8,0.6,137,5.5,20221030
303,2022-10-31,11.2,2022,18.9,0.0,77.0,7.5,31,0.0,10,5.9,0.5,137,6.6,20221031
304,2022-11-01,11.8,2022,20.4,0.0,71.9,8.2,1,0.0,11,4.7,0.7,137,1.5,20221101
305,2022-11-02,11.1,2022,20.6,0.0,61.8,8.4,2,0.0,11,4.5,0.9,137,2.3,20221102
306,2022-11-03,10.2,2022,17.4,0.0,56.6,3.7,3,0.0,11,2.9,1.4,137,0.0,20221103
307,2022-11-04,6.9,2022,11.6,0.0,40.8,8.5,4,0.0,11,3.9,2.3,137,0.8,20221104
308,2022-11-05,7.1,2022,15.2,0.0,39.6,8.5,5,0.0,11,0.9,1.5,137,0.0,20221105
309,2022-11-06,6.8,2022,16.3,0.0,65.0,8.4,6,0.0,11,-0.9,0.7,137,0.8,20221106
310,2022-11-07,8.4,2022,17.3,0.0,65.3,7.2,7,0.0,11,0.6,0.5,137,3.8,20221107
311,2022-11-08,10.9,2022,19.1,0.0,63.3,8.3,8,0.0,11,4.0,0.9,137,1.4,20221108
312,2022-11-09,10.1,2022,18.9,0.0,65.4,7.9,9,0.0,11,2.5,1.0,137,4.8,20221109
313,2022-11-10,11.6,2022,20.3,0.0,67.9,8.3,10,0.0,11,4.0,0.7,137,3.1,20221110
314,2022-11-11,11.6,2022,20.3,0.0,75.3,8.1,11,0.0,11,5.0,0.6,137,2.6,20221111
315,2022-11-12,13.5,2022,20.0,0.0,80.8,5.6,12,0.1,11,5.8,0.6,137,8.0,20221112
316,2022-11-13,13.2,2022,18.7,0.0,76.1,3.5,13,5.7,11,10.3,1.9,137,8.1,20221113
317,2022-11-14,9.8,2022,14.4,0.0,71.9,2.5,14,0.0,11,6.8,1.2,137,6.0,20221114
318,2022-11-15,7.9,2022,13.7,0.0,71.8,6.0,15,0.0,11,2.5,1.3,137,3.5,20221115
319,2022-11-16,8.9,2022,15.2,0.0,68.5,7.6,16,0.1,11,3.7,1.5,137,3.8,20221116
320,2022-11-17,7.6,2022,16.3,0.0,68.6,8.2,17,0.0,11,1.7,0.6,137,3.3,20221117
321,2022-11-18,7.0,2022,18.2,0.0,67.1,8.2,18,0.0,11,-0.2,0.6,137,0.0,20221118
322,2022-11-19,8.6,2022,17.5,0.0,73.4,7.8,19,0.0,11,0.6,0.7,137,4.4,20221119
323,2022-11-20,10.7,2022,18.2,0.0,76.4,7.0,20,0.0,11,5.5,0.6,137,4.5,20221120
324,2022-11-21,10.3,2022,20.3,0.0,68.8,8.2,21,0.0,11,3.2,0.7,137,4.5,20221121
325,2022-11-22,9.7,2022,12.6,0.0,79.8,0.7,22,0.4,11,6.5,0.6,137,9.3,20221122
326,2022-11-23,11.8,2022,18.2,0.0,67.4,5.7,23,0.3,11,7.9,1.3,137,5.0,20221123
327,2022-11-24,8.7,2022,15.6,0.0,56.8,4.8,24,0.0,11,3.2,1.2,137,4.3,20221124
328,2022-11-25,6.1,2022,14.3,0.0,74.1,8.1,25,0.0,11,-0.9,0.5,137,2.6,20221125
329,2022-11-26,9.9,2022,16.1,0.0,45.9,8.1,26,0.0,11,3.2,2.3,137,1.3,20221126
330,2022-11-27,4.5,2022,12.1,0.0,50.6,7.9,27,0.0,11,-2.3,0.9,137,3.5,20221127
331,2022-11-28,4.7,2022,9.1,0.0,75.4,1.4,28,12.6,11,-1.8,0.5,137,7.9,20221128
332,2022-11-29,9.2,2022,14.5,0.0,67.3,0.0,29,10.6,11,3.4,2.4,137,9.0,20221129
333,2022-11-30,-2.3,2022,3.4,0.0,36.0,7.6,30,0.0,11,-5.1,3.0,137,6.8,20221130
334,2022-12-01,-3.2,2022,2.3,0.0,39.0,6.8,1,0.0,12,-6.6,1.4,137,4.6,20221201
335,2022-12-02,-2.3,2022,4.8,0.0,57.8,8.0,2,0.0,12,-7.9,1.2,137,2.3,20221202
336,2022-12-03,0.2,2022,4.1,0.0,69.8,0.9,3,0.0,12,-4.7,0.8,137,9.5,20221203
337,2022-12-04,0.3,2022,4.0,0.0,32.6,1.4,4,0.0,12,-2.3,2.5,137,9.8,20221204
338,2022-12-05,-0.7,2022,5.2,0.0,30.6,6.1,5,0.0,12,-3.1,2.5,137,4.5,20221205
339,2022-12-06,0.6,2022,4.2,0.0,61.0,0.0,6,0.0,12,-5.5,1.8,137,5.4,20221206
340,2022-12-07,5.5,2022,9.6,0.0,56.0,4.4,7,0.0,12,2.2,2.2,137,4.6,20221207
341,2022-12-08,5.1,2022,11.3,0.0,52.5,9.0,8,0.0,12,-0.9,1.6,137,1.8,20221208
342,2022-12-09,1.5,2022,8.6,0.0,65.3,7.9,9,0.0,12,-4.4,0.7,137,1.6,20221209
343,2022-12-10,2.2,2022,7.4,0.0,68.1,3.6,10,0.0,12,-3.8,1.0,137,4.8,20221210
344,2022-12-11,3.2,2022,10.2,0.0,43.6,8.7,11,0.0,12,-2.5,1.4,137,0.0,20221211
345,2022-12-12,1.8,2022,7.6,0.0,59.5,4.5,12,0.0,12,-3.6,1.1,137,8.0,20221212
346,2022-12-13,2.5,2022,5.9,0.0,70.5,2.5,13,3.9,12,-1.3,2.8,137,5.0,20221213
347,2022-12-14,-6.4,2022,-1.3,0.0,54.5,8.7,14,0.0,12,-8.7,2.6,137,0.6,20221214
348,2022-12-15,-4.0,2022,1.6,0.0,74.0,4.6,15,0.7,12,-10.7,1.1,137,5.6,20221215
349,2022-12-16,-3.1,2022,1.0,0.0,48.3,3.6,16,0.0,12,-5.9,2.5,137,8.1,20221216
350,2022-12-17,-4.9,2022,-0.6,0.0,53.9,3.0,17,0.3,12,-8.4,2.1,137,5.6,20221217
351,2022-12-18,-7.9,2022,-3.4,0.0,46.9,8.6,18,0.0,12,-10.7,2.5,137,0.3,20221218
352,2022-12-19,-5.0,2022,0.6,0.0,55.8,8.6,19,0.0,12,-11.0,1.7,137,1.3,20221219
353,2022-12-20,-3.3,2022,4.4,0.0,64.8,8.3,20,0.0,12,-10.2,0.9,137,2.8,20221220
354,2022-12-21,-1.7,2022,1.7,0.0,86.0,0.0,21,6.5,12,-4.0,0.7,137,8.4,20221221
355,2022-12-22,-5.1,2022,1.2,0.0,58.9,6.8,22,0.4,12,-9.0,4.4,137,2.1,20221222
356,2022-12-23,-8.4,2022,-5.8,0.0,60.8,6.0,23,0.3,12,-10.2,4.2,137,3.4,20221223
357,2022-12-24,-7.3,2022,-1.9,0.0,49.1,8.7,24,0.0,12,-12.4,2.3,137,0.5,20221224
358,2022-12-25,-3.1,2022,1.1,0.0,56.9,8.5,25,0.0,12,-6.9,3.1,137,0.8,20221225
359,2022-12-26,-1.7,2022,2.1,0.0,57.1,7.0,26,0.0,12,-4.4,2.6,137,5.2,20221226
360,2022-12-27,-0.5,2022,3.9,0.0,54.0,8.6,27,0.0,12,-5.5,2.0,137,2.3,20221227
361,2022-12-28,-0.7,2022,2.7,0.0,58.5,5.3,28,0.0,12,-3.6,2.4,137,3.3,20221228
362,2022-12-29,-2.2,2022,3.2,0.0,55.3,7.9,29,0.0,12,-5.9,1.7,137,2.4,20221229
363,2022-12-30,-0.3,2022,3.2,0.0,62.5,2.8,30,0.0,12,-6.0,2.0,137,5.8,20221230
364,2022-12-31,-0.1,2022,4.9,0.0,58.3,6.8,31,0.0,12,-3.8,2.7,137,2.3,20221231
