,date,wind,tmax,cloud,tmin,year,day,month,rainfall,humid,Date,tavg,snow,sunshine,station_id
0,20080101,3.6,-2.1,2.3,-6.7,2008,1,1,0.0,62.5,2008-01-01,-4.9,0.0,3.7,137
1,20080102,3.3,1.9,0.3,-5.8,2008,2,1,0.0,50.3,2008-01-02,-1.9,0.0,8.1,137
2,20080103,2.6,7.4,2.6,-2.4,2008,3,1,0.0,53.6,2008-01-03,2.4,0.0,6.5,137
3,20080104,1.8,6.6,1.5,-4.4,2008,4,1,0.0,56.0,2008-01-04,1.2,0.0,7.9,137
4,20080105,2.4,7.2,0.1,-2.0,2008,5,1,0.0,63.5,2008-01-05,2.4,0.0,8.3,137
5,20080106,2.3,9.5,5.4,1.1,2008,6,1,0.0,66.3,2008-01-06,5.3,0.0,3.7,137
6,20080107,1.7,9.4,3.4,-2.4,2008,7,1,0.0,82.4,2008-01-07,2.8,0.0,2.7,137
7,20080108,2.7,6.4,6.3,2.5,2008,8,1,0.0,62.0,2008-01-08,4.3,0.0,0.0,137
8,20080109,0.9,8.3,2.4,-2.7,2008,9,1,0.0,64.1,2008-01-09,1.8,0.0,7.6,137
9,20080110,0.9,8.9,4.5,-2.3,2008,10,1,0.0,65.1,2008-01-10,2.4,0.0,5.8,137
10,20080111,0.9,2.6,10.0,0.5,2008,11,1,18.0,85.0,2008-01-11,1.6,0.0,0.0,137
11,20080112,0.8,4.2,9.3,0.1,2008,12,1,5.5,92.8,2008-01-12,2.1,0.8,0.0,137
12,20080113,2.4,2.3,7.1,-3.8,2008,13,1,0.0,60.0,2008-01-13,-0.3,0.0,2.3,137
13,20080114,1.3,4.6,5.9,-1.9,2008,14,1,0.0,67.6,2008-01-14,0.0,0.0,1.9,137
14,20080115,2.4,3.6,4.0,-4.5,2008,15,1,0.0,38.1,2008-01-15,-1.1,0.0,7.3,137
15,20080116,3.8,0.2,0.0,-7.4,2008,16,1,0.0,38.3,2008-01-16,-4.0,0.0,8.5,137
16,20080117,1.1,-1.2,4.8,-11.4,2008,17,1,0.0,44.3,2008-01-17,-5.7,0.0,4.3,137
17,20080118,1.8,2.5,3.4,-8.0,2008,18,1,0.0,35.4,2008-01-18,-2.7,0.0,8.2,137
18,20080119,0.9,3.0,7.1,-7.1,2008,19,1,0.0,40.4,2008-01-19,-1.6,0.0,5.6,137
19,20080120,0.5,2.1,9.9,-1.8,2008,20,1,2.0,81.4,2008-01-20,0.2,0.0,0.0,137
20,20080121,1.3,2.7,10.0,0.4,2008,21,1,1.5,86.3,2008-01-21,1.6,0.0,0.0,137
21,20080122,0.5,2.2,10.0,-0.3,2008,22,1,6.5,94.3,2008-01-22,1.0,0.0,0.0,137
22,20080123,3.8,2.9,5.6,-4.7,2008,23,1,3.5,66.8,2008-01-23,-0.3,0.0,3.3,137
23,20080124,3.9,-1.7,0.4,-8.4,2008,24,1,0.0,43.5,2008-01-24,-5.5,0.0,8.8,137
24,20080125,1.6,1.0,3.0,-8.3,2008,25,1,0.0,43.6,2008-01-25,-3.7,0.0,7.2,137
25,20080126,1.3,4.2,1.6,-6.9,2008,26,1,0.0,47.4,2008-01-26,-1.9,0.0,7.9,137
26,20080127,0.6,5.4,0.8,-8.7,2008,27,1,0.0,65.5,2008-01-27,-2.5,0.0,8.8,137
27,20080128,1.2,4.2,9.1,-4.7,2008,28,1,0.0,59.0,2008-01-28,-0.5,0.0,0.1,137
28,20080129,2.5,5.0,5.8,-1.1,2008,29,1,0.0,38.8,2008-01-29,1.0,0.0,4.7,137
29,20080130,3.5,1.6,3.5,-4.0,2008,30,1,0.0,53.5,2008-01-30,-0.9,0.0,4.1,137
30,20080131,3.4,1.4,0.3,-5.1,2008,31,1,0.0,48.4,2008-01-31,-2.7,0.0,8.9,137
31,20080201,2.6,4.0,2.1,-6.4,2008,1,2,0.0,37.8,2008-02-01,-1.7,0.0,8.4,137
32,20080202,1.6,5.9,4.5,-3.9,2008,2,2,0.0,32.0,2008-02-02,-0.1,0.0,6.5,137
33,20080203,2.8,5.4,2.9,-3.3,2008,3,2,0.0,50.0,2008-02-03,-0.1,0.0,6.0,137
34,20080204,3.6,3.9,0.6,-4.2,2008,4,2,0.0,47.5,2008-02-04,-0.7,0.0,7.3,137
35,20080205,2.4,2.3,4.9,-6.4,2008,5,2,0.0,42.9,2008-02-05,-2.0,0.0,2.0,137
36,20080206,3.1,2.7,1.4,-4.1,2008,6,2,0.0,41.8,2008-02-06,-1.5,0.0,8.9,137
37,20080207,2.7,2.2,0.0,-5.9,2008,7,2,0.0,48.8,2008-02-07,-2.3,0.0,9.1,137
38,20080208,2.0,3.4,4.1,-7.5,2008,8,2,0.0,44.9,2008-02-08,-1.7,0.0,5.7,137
39,20080209,3.2,1.5,4.3,-3.5,2008,9,2,0.0,55.0,2008-02-09,-1.7,0.0,4.0,137
40,20080210,2.0,8.2,3.6,-6.4,2008,10,2,0.0,43.6,2008-02-10,0.2,0.0,8.1,137
41,20080211,2.9,6.5,5.3,-2.1,2008,11,2,0.0,43.9,2008-02-11,1.3,0.0,3.1,137
42,20080212,3.9,-0.3,1.5,-7.1,2008,12,2,0.0,29.4,2008-02-12,-3.9,0.0,8.8,137
43,20080213,3.6,0.6,0.0,-10.4,2008,13,2,0.0,32.1,2008-02-13,-5.4,0.0,8.9,137
44,20080214,3.5,3.9,0.5,-5.6,2008,14,2,0.0,36.1,2008-02-14,-0.9,0.0,8.9,137
45,20080215,3.5,2.5,0.4,-4.4,2008,15,2,0.0,32.5,2008-02-15,-1.2,0.0,8.9,137
46,20080216,4.0,2.5,0.0,-6.6,2008,16,2,0.0,33.8,2008-02-16,-2.4,0.0,9.0,137
47,20080217,2.3,4.3,0.0,-7.6,2008,17,2,0.0,35.3,2008-02-17,-1.5,0.0,8.9,137
48,20080218,1.6,6.4,1.6,-10.3,2008,18,2,0.0,32.4,2008-02-18,-1.7,0.0,8.9,137
49,20080219,3.0,6.9,0.0,-3.4,2008,19,2,0.0,41.1,2008-02-19,1.6,0.0,9.1,137
50,20080220,3.4,9.8,0.3,0.6,2008,20,2,0.0,38.0,2008-02-20,4.4,0.0,9.0,137
51,20080221,1.4,11.1,1.3,-5.8,2008,21,2,0.0,36.4,2008-02-21,2.4,0.0,8.9,137
52,20080222,1.8,13.5,3.3,-3.4,2008,22,2,0.0,50.3,2008-02-22,5.2,0.0,7.7,137
53,20080223,5.2,7.7,0.5,-3.9,2008,23,2,0.4,37.6,2008-02-23,-0.7,0.0,8.9,137
54,20080224,1.3,5.2,0.0,-7.6,2008,24,2,0.0,43.0,2008-02-24,-1.7,0.0,9.5,137
55,20080225,0.8,4.4,6.9,-7.8,2008,25,2,0.2,74.4,2008-02-25,-1.4,0.0,2.0,137
56,20080226,2.9,3.2,7.8,-1.6,2008,26,2,2.0,71.0,2008-02-26,0.4,1.7,1.7,137
57,20080227,4.4,7.7,0.0,-3.0,2008,27,2,0.0,43.8,2008-02-27,1.6,0.0,9.7,137
58,20080228,2.6,9.2,2.9,-2.2,2008,28,2,0.0,44.4,2008-02-28,3.3,0.0,9.6,137
59,20080229,2.9,12.8,3.9,-2.1,2008,29,2,0.0,42.5,2008-02-29,5.5,0.0,6.0,137
60,20080301,3.1,9.4,0.0,0.0,2008,1,3,0.0,41.5,2008-03-01,3.8,0.0,9.8,137
61,20080302,1.1,10.9,6.5,-2.4,2008,2,3,0.0,53.3,2008-03-02,4.1,0.0,1.3,137
62,20080303,2.5,8.7,5.9,0.9,2008,3,3,0.0,56.8,2008-03-03,4.3,0.0,2.1,137
63,20080304,1.5,5.8,5.8,-2.2,2008,4,3,0.9,66.8,2008-03-04,1.2,0.6,2.6,137
64,20080305,1.4,9.7,1.5,-4.3,2008,5,3,0.0,65.8,2008-03-05,1.7,0.0,5.7,137
65,20080306,2.9,9.8,3.1,-3.2,2008,6,3,0.0,54.4,2008-03-06,3.9,0.0,6.3,137
66,20080307,2.8,10.1,1.4,1.1,2008,7,3,0.0,47.1,2008-03-07,5.1,0.0,8.8,137
67,20080308,1.9,13.7,2.4,-2.4,2008,8,3,0.0,34.6,2008-03-08,6.3,0.0,10.0,137
68,20080309,2.5,14.8,3.4,1.5,2008,9,3,0.0,36.8,2008-03-09,8.0,0.0,9.4,137
69,20080310,3.5,14.3,0.3,2.8,2008,10,3,0.0,46.4,2008-03-10,8.0,0.0,9.4,137
70,20080311,1.6,17.9,2.4,4.1,2008,11,3,0.0,53.9,2008-03-11,10.6,0.0,5.5,137
71,20080312,1.1,17.9,0.4,1.2,2008,12,3,0.0,61.0,2008-03-12,9.2,0.0,8.0,137
72,20080313,0.9,14.0,8.3,3.4,2008,13,3,0.0,66.1,2008-03-13,9.0,0.0,0.0,137
73,20080314,2.4,15.9,2.1,5.0,2008,14,3,0.0,52.6,2008-03-14,10.2,0.0,8.1,137
74,20080315,2.1,18.5,1.6,-0.7,2008,15,3,0.0,56.0,2008-03-15,8.6,0.0,8.9,137
75,20080316,3.1,15.8,2.0,5.4,2008,16,3,0.0,34.5,2008-03-16,9.8,0.0,9.8,137
76,20080317,1.2,18.3,0.0,-1.8,2008,17,3,0.0,35.8,2008-03-17,8.0,0.0,10.1,137
77,20080318,1.1,17.0,5.4,0.6,2008,18,3,0.0,51.5,2008-03-18,9.6,0.0,2.7,137
78,20080319,1.9,16.7,7.0,3.9,2008,19,3,0.0,57.3,2008-03-19,10.2,0.0,1.1,137
79,20080320,1.3,16.4,0.0,-2.1,2008,20,3,0.0,50.1,2008-03-20,7.4,0.0,10.4,137
80,20080321,1.6,18.4,3.1,-2.0,2008,21,3,0.0,43.9,2008-03-21,8.6,0.0,9.1,137
81,20080322,1.3,15.3,8.8,1.8,2008,22,3,6.0,57.6,2008-03-22,9.3,0.0,3.4,137
82,20080323,2.3,10.3,9.9,7.4,2008,23,3,18.5,90.9,2008-03-23,8.6,0.0,0.0,137
83,20080324,3.6,16.7,3.9,5.2,2008,24,3,0.0,60.0,2008-03-24,9.9,0.0,7.3,137
84,20080325,3.7,11.5,3.5,2.1,2008,25,3,0.0,50.6,2008-03-25,6.4,0.0,8.8,137
85,20080326,2.9,11.8,3.1,2.7,2008,26,3,0.0,55.1,2008-03-26,6.3,0.0,6.1,137
86,20080327,2.5,13.1,3.9,-0.4,2008,27,3,0.0,55.6,2008-03-27,6.1,0.0,4.4,137
87,20080328,2.3,14.1,2.3,2.0,2008,28,3,0.0,54.4,2008-03-28,7.6,0.0,8.5,137
88,20080329,2.2,9.0,9.8,5.2,2008,29,3,0.5,82.3,2008-03-29,6.3,0.0,0.0,137
89,20080330,1.6,10.8,8.6,4.5,2008,30,3,3.0,76.9,2008-03-30,7.3,0.0,0.3,137
90,20080331,2.8,12.0,6.1,5.0,2008,31,3,0.0,60.3,2008-03-31,7.7,0.0,1.3,137
91,20080401,3.7,15.9,1.1,4.8,2008,1,4,0.0,45.5,2008-04-01,9.7,0.0,8.7,137
92,20080402,3.3,15.6,5.8,6.1,2008,2,4,0.0,45.5,2008-04-02,10.2,0.0,3.0,137
93,20080403,4.0,17.1,1.5,5.6,2008,3,4,0.0,42.3,2008-04-03,10.6,0.0,10.5,137
94,20080404,2.4,19.2,3.8,0.8,2008,4,4,0.0,35.8,2008-04-04,11.6,0.0,10.9,137
95,20080405,1.4,23.0,3.6,4.6,2008,5,4,0.0,38.8,2008-04-05,13.0,0.0,9.5,137
96,20080406,2.0,23.3,4.5,3.4,2008,6,4,0.4,41.4,2008-04-06,13.8,0.0,9.0,137
97,20080407,1.5,18.9,6.5,8.3,2008,7,4,7.5,67.3,2008-04-07,12.6,0.0,3.8,137
98,20080408,1.6,22.3,1.8,3.8,2008,8,4,0.0,50.9,2008-04-08,13.2,0.0,10.9,137
99,20080409,2.0,12.0,9.5,8.2,2008,9,4,16.0,76.3,2008-04-09,9.9,0.0,0.0,137
100,20080410,1.5,16.7,4.9,7.9,2008,10,4,3.0,73.8,2008-04-10,11.6,0.0,2.3,137
101,20080411,2.0,23.2,1.4,3.8,2008,11,4,0.0,62.0,2008-04-11,13.1,0.0,8.0,137
102,20080412,2.1,13.3,8.4,6.5,2008,12,4,0.0,74.8,2008-04-12,10.4,0.0,1.0,137
103,20080413,1.2,15.5,7.4,8.2,2008,13,4,0.0,76.0,2008-04-13,11.4,0.0,0.2,137
104,20080414,1.3,22.6,2.6,4.4,2008,14,4,0.0,56.8,2008-04-14,13.7,0.0,8.1,137
105,20080415,1.3,25.2,2.9,6.6,2008,15,4,0.0,42.3,2008-04-15,16.5,0.0,10.7,137
106,20080416,1.3,21.9,8.0,9.5,2008,16,4,0.0,57.1,2008-04-16,15.9,0.0,3.2,137
107,20080417,1.8,18.2,9.0,12.9,2008,17,4,0.4,67.3,2008-04-17,15.2,0.0,0.2,137
108,20080418,1.2,25.9,0.0,8.5,2008,18,4,0.0,45.8,2008-04-18,17.4,0.0,11.6,137
109,20080419,1.7,26.4,0.0,7.3,2008,19,4,0.0,44.6,2008-04-19,16.7,0.0,11.5,137
110,20080420,2.2,23.8,5.0,6.0,2008,20,4,0.0,42.8,2008-04-20,15.8,0.0,8.6,137
111,20080421,2.0,22.2,7.8,10.0,2008,21,4,0.0,35.0,2008-04-21,16.8,0.0,0.3,137
112,20080422,1.6,26.7,8.8,11.4,2008,22,4,1.5,40.6,2008-04-22,17.9,0.0,4.1,137
113,20080423,2.5,15.8,7.6,7.5,2008,23,4,5.0,73.4,2008-04-23,12.3,0.0,0.9,137
114,20080424,3.1,16.7,0.5,5.7,2008,24,4,0.0,42.8,2008-04-24,10.5,0.0,12.1,137
115,20080425,1.8,22.4,4.1,1.8,2008,25,4,0.0,43.0,2008-04-25,13.0,0.0,9.5,137
116,20080426,3.5,15.2,7.8,9.1,2008,26,4,0.5,64.3,2008-04-26,10.8,0.0,3.5,137
117,20080427,2.5,17.2,3.0,6.3,2008,27,4,0.0,57.1,2008-04-27,10.9,0.0,7.4,137
118,20080428,1.2,23.1,1.0,1.3,2008,28,4,0.0,55.3,2008-04-28,12.9,0.0,11.7,137
119,20080429,1.6,25.9,1.0,7.6,2008,29,4,0.0,58.1,2008-04-29,17.2,0.0,7.5,137
120,20080430,1.9,27.5,1.9,11.5,2008,30,4,0.0,50.3,2008-04-30,20.0,0.0,8.4,137
121,20080501,1.0,27.5,2.8,11.5,2008,1,5,0.0,51.6,2008-05-01,19.3,0.0,8.9,137
122,20080502,1.3,30.1,0.0,11.9,2008,2,5,0.0,51.0,2008-05-02,21.7,0.0,11.6,137
123,20080503,1.3,31.1,1.3,16.4,2008,3,5,0.0,46.6,2008-05-03,23.3,0.0,10.1,137
124,20080504,0.8,23.4,8.6,14.1,2008,4,5,0.1,67.5,2008-05-04,18.4,0.0,0.0,137
125,20080505,3.7,22.7,2.0,12.0,2008,5,5,0.0,38.1,2008-05-05,17.4,0.0,12.6,137
126,20080506,2.2,26.9,0.0,7.7,2008,6,5,0.0,23.9,2008-05-06,18.4,0.0,12.2,137
127,20080507,2.1,27.5,4.4,9.9,2008,7,5,0.0,25.4,2008-05-07,19.5,0.0,9.1,137
128,20080508,1.7,25.0,7.8,14.4,2008,8,5,0.0,39.8,2008-05-08,19.8,0.0,1.8,137
129,20080509,3.0,22.9,7.0,12.0,2008,9,5,0.0,38.5,2008-05-09,16.4,0.0,3.8,137
130,20080510,2.8,20.4,3.4,8.8,2008,10,5,0.0,46.5,2008-05-10,14.1,0.0,11.0,137
131,20080511,1.6,22.1,0.5,4.2,2008,11,5,0.0,53.1,2008-05-11,13.6,0.0,12.3,137
132,20080512,2.9,20.8,6.4,7.2,2008,12,5,0.0,53.0,2008-05-12,13.8,0.0,7.0,137
133,20080513,1.2,18.2,9.0,8.9,2008,13,5,9.5,79.1,2008-05-13,11.3,0.0,4.7,137
134,20080514,1.7,20.0,5.0,8.6,2008,14,5,0.5,61.5,2008-05-14,13.8,0.0,7.8,137
135,20080515,1.3,23.2,1.5,6.2,2008,15,5,0.0,51.6,2008-05-15,15.5,0.0,10.3,137
136,20080516,1.6,24.0,3.3,10.9,2008,16,5,0.0,49.0,2008-05-16,17.4,0.0,9.5,137
137,20080517,1.2,25.6,3.0,10.0,2008,17,5,0.0,50.1,2008-05-17,18.2,0.0,10.5,137
138,20080518,1.5,22.9,8.8,11.3,2008,18,5,17.5,70.5,2008-05-18,16.4,0.0,0.1,137
139,20080519,2.8,21.7,6.1,11.2,2008,19,5,5.5,54.1,2008-05-19,15.7,0.0,7.3,137
140,20080520,2.5,23.8,0.5,10.0,2008,20,5,0.0,57.3,2008-05-20,16.0,0.0,11.8,137
141,20080521,1.7,28.2,3.0,9.5,2008,21,5,0.0,50.0,2008-05-21,19.1,0.0,10.1,137
142,20080522,1.7,28.8,4.3,14.4,2008,22,5,0.0,47.6,2008-05-22,22.3,0.0,8.3,137
143,20080523,0.8,26.6,8.6,17.3,2008,23,5,0.0,69.6,2008-05-23,21.1,0.0,4.0,137
144,20080524,1.0,24.7,7.8,17.2,2008,24,5,0.0,74.3,2008-05-24,20.3,0.0,1.4,137
145,20080525,2.4,27.9,2.4,16.5,2008,25,5,0.0,60.9,2008-05-25,22.8,0.0,9.7,137
146,20080526,2.2,28.4,2.4,17.0,2008,26,5,0.0,55.8,2008-05-26,21.6,0.0,11.6,137
147,20080527,1.4,29.9,6.1,12.8,2008,27,5,0.0,54.6,2008-05-27,22.1,0.0,8.9,137
148,20080528,1.0,22.5,9.5,16.6,2008,28,5,15.0,84.3,2008-05-28,18.2,0.0,0.0,137
149,20080529,1.1,25.0,7.1,17.7,2008,29,5,0.0,75.1,2008-05-29,20.7,0.0,1.9,137
150,20080530,1.4,21.7,7.5,14.2,2008,30,5,0.0,69.4,2008-05-30,17.8,0.0,0.0,137
151,20080531,2.3,25.8,0.0,11.2,2008,31,5,0.0,48.4,2008-05-31,18.9,0.0,12.3,137
152,20080601,1.1,26.7,3.0,11.3,2008,1,6,0.0,55.6,2008-06-01,19.2,0.0,8.5,137
153,20080602,2.0,24.6,7.0,14.3,2008,2,6,0.0,61.4,2008-06-02,19.4,0.0,3.8,137
154,20080603,2.1,24.5,6.8,15.2,2008,3,6,0.0,63.4,2008-06-03,19.2,0.0,3.8,137
155,20080604,1.9,17.9,9.8,14.0,2008,4,6,0.4,77.4,2008-06-04,16.1,0.0,0.0,137
156,20080605,1.0,15.6,10.0,12.7,2008,5,6,9.5,90.9,2008-06-05,14.2,0.0,0.0,137
157,20080606,1.6,23.5,5.5,14.4,2008,6,6,0.0,69.0,2008-06-06,18.6,0.0,1.9,137
158,20080607,1.5,25.5,7.5,16.5,2008,7,6,0.0,65.4,2008-06-07,19.8,0.0,4.2,137
159,20080608,1.5,27.9,6.1,14.1,2008,8,6,28.5,67.1,2008-06-08,20.3,0.0,8.0,137
160,20080609,1.2,28.0,3.1,15.3,2008,9,6,0.0,67.1,2008-06-09,21.5,0.0,12.1,137
161,20080610,1.0,29.5,6.8,18.4,2008,10,6,0.0,67.4,2008-06-10,23.9,0.0,7.1,137
162,20080611,1.7,26.7,7.1,15.4,2008,11,6,0.0,58.6,2008-06-11,21.3,0.0,3.8,137
163,20080612,1.1,30.1,0.9,10.7,2008,12,6,0.0,47.1,2008-06-12,21.6,0.0,13.4,137
164,20080613,1.4,31.5,0.5,18.5,2008,13,6,0.0,52.5,2008-06-13,24.8,0.0,12.3,137
165,20080614,2.1,25.5,6.5,16.7,2008,14,6,0.0,64.3,2008-06-14,20.6,0.0,2.7,137
166,20080615,2.5,24.4,6.1,16.1,2008,15,6,0.0,56.3,2008-06-15,19.4,0.0,6.9,137
167,20080616,1.9,26.7,6.0,11.8,2008,16,6,0.0,61.6,2008-06-16,19.6,0.0,8.9,137
168,20080617,1.6,25.3,10.0,16.5,2008,17,6,0.0,67.3,2008-06-17,20.2,0.0,0.7,137
169,20080618,1.8,21.6,10.0,16.1,2008,18,6,38.5,91.0,2008-06-18,18.9,0.0,0.0,137
170,20080619,1.7,27.4,7.4,19.7,2008,19,6,0.0,69.6,2008-06-19,22.7,0.0,7.7,137
171,20080620,0.8,28.5,7.3,18.3,2008,20,6,0.5,78.5,2008-06-20,23.1,0.0,0.8,137
172,20080621,1.0,23.4,10.0,19.5,2008,21,6,13.5,89.0,2008-06-21,20.8,0.0,0.0,137
173,20080622,0.9,27.0,7.8,18.9,2008,22,6,3.0,78.8,2008-06-22,22.0,0.0,1.1,137
174,20080623,1.0,25.5,7.1,17.5,2008,23,6,0.0,73.6,2008-06-23,20.7,0.0,2.7,137
175,20080624,0.9,24.6,8.0,16.9,2008,24,6,0.0,67.1,2008-06-24,20.6,0.0,2.4,137
176,20080625,1.1,25.6,7.6,17.8,2008,25,6,0.0,71.6,2008-06-25,21.0,0.0,2.7,137
177,20080626,1.2,29.0,6.8,17.3,2008,26,6,0.0,67.0,2008-06-26,22.4,0.0,8.6,137
178,20080627,1.1,29.5,7.3,17.4,2008,27,6,0.0,68.4,2008-06-27,23.4,0.0,6.6,137
179,20080628,1.3,22.1,9.9,16.6,2008,28,6,57.0,91.3,2008-06-28,18.8,0.0,0.0,137
180,20080629,0.8,22.6,9.5,17.1,2008,29,6,4.0,87.4,2008-06-29,19.6,0.0,0.0,137
181,20080630,0.8,28.6,7.3,19.0,2008,30,6,0.0,75.4,2008-06-30,22.8,0.0,5.3,137
182,20080701,0.8,27.4,9.1,19.3,2008,1,7,0.0,78.0,2008-07-01,22.2,0.0,1.1,137
183,20080702,0.8,23.6,10.0,19.3,2008,2,7,0.5,87.1,2008-07-02,21.5,0.0,0.2,137
184,20080703,1.8,28.8,5.8,21.3,2008,3,7,0.5,76.0,2008-07-03,24.1,0.0,5.2,137
185,20080704,1.3,32.2,6.4,20.9,2008,4,7,0.0,70.8,2008-07-04,26.6,0.0,6.0,137
186,20080705,0.7,30.7,7.1,22.7,2008,5,7,0.0,80.1,2008-07-05,26.1,0.0,0.4,137
187,20080706,1.0,35.3,4.4,22.9,2008,6,7,0.0,73.4,2008-07-06,28.6,0.0,9.1,137
188,20080707,1.4,33.7,3.0,25.3,2008,7,7,0.0,69.0,2008-07-07,28.9,0.0,8.7,137
189,20080708,1.3,34.6,3.0,24.8,2008,8,7,0.0,66.8,2008-07-08,28.9,0.0,9.7,137
190,20080709,1.2,34.6,2.1,22.9,2008,9,7,0.0,68.1,2008-07-09,28.5,0.0,10.9,137
191,20080710,1.5,33.3,3.8,22.5,2008,10,7,0.0,62.8,2008-07-10,28.1,0.0,11.1,137
192,20080711,1.4,31.8,7.6,23.8,2008,11,7,0.0,65.4,2008-07-11,27.1,0.0,2.0,137
193,20080712,0.8,31.8,9.1,22.1,2008,12,7,1.5,79.1,2008-07-12,25.0,0.0,1.4,137
194,20080713,0.6,29.8,8.4,21.8,2008,13,7,1.5,86.0,2008-07-13,24.9,0.0,1.2,137
195,20080714,0.8,33.7,5.9,22.9,2008,14,7,15.5,76.5,2008-07-14,27.2,0.0,7.4,137
196,20080715,0.9,32.8,7.8,23.4,2008,15,7,3.5,79.9,2008-07-15,27.0,0.0,5.5,137
197,20080716,1.1,31.2,8.0,23.1,2008,16,7,1.0,76.4,2008-07-16,26.9,0.0,3.0,137
198,20080717,1.3,32.0,5.6,23.7,2008,17,7,0.5,71.5,2008-07-17,26.8,0.0,8.0,137
199,20080718,1.0,33.1,4.5,22.6,2008,18,7,0.0,65.5,2008-07-18,27.3,0.0,6.7,137
200,20080719,1.0,25.9,9.4,22.8,2008,19,7,62.5,93.1,2008-07-19,23.6,0.0,0.1,137
201,20080720,1.6,29.4,9.3,23.8,2008,20,7,1.5,84.4,2008-07-20,25.9,0.0,0.2,137
202,20080721,2.0,29.1,7.4,23.8,2008,21,7,0.0,73.6,2008-07-21,25.9,0.0,3.1,137
203,20080722,1.2,28.9,6.4,22.7,2008,22,7,0.4,80.3,2008-07-22,24.8,0.0,2.5,137
204,20080723,0.7,31.0,7.8,21.2,2008,23,7,22.5,84.6,2008-07-23,24.7,0.0,3.3,137
205,20080724,0.7,31.5,9.6,22.5,2008,24,7,0.0,82.1,2008-07-24,26.9,0.0,2.4,137
206,20080725,1.0,26.3,10.0,22.4,2008,25,7,40.5,92.4,2008-07-25,23.8,0.0,0.0,137
207,20080726,1.0,30.8,9.5,22.1,2008,26,7,2.0,83.4,2008-07-26,25.3,0.0,2.0,137
208,20080727,0.5,32.2,6.8,23.4,2008,27,7,0.5,77.8,2008-07-27,27.1,0.0,5.0,137
209,20080728,1.3,34.4,5.5,22.2,2008,28,7,0.0,77.5,2008-07-28,27.6,0.0,7.4,137
210,20080729,1.7,34.3,4.5,24.7,2008,29,7,0.0,67.8,2008-07-29,29.2,0.0,10.6,137
211,20080730,1.2,32.2,7.8,22.1,2008,30,7,29.0,84.7,2008-07-30,25.0,0.0,0.4,137
212,20080731,0.6,31.1,8.5,23.2,2008,31,7,0.5,83.3,2008-07-31,26.0,0.0,1.0,137
213,20080801,1.4,34.0,6.3,23.7,2008,1,8,0.0,67.3,2008-08-01,28.7,0.0,9.0,137
214,20080802,2.0,32.8,6.6,26.0,2008,2,8,0.0,66.0,2008-08-02,28.9,0.0,5.2,137
215,20080803,1.7,30.9,5.6,23.2,2008,3,8,0.3,69.3,2008-08-03,27.0,0.0,6.1,137
216,20080804,1.1,32.8,3.1,20.5,2008,4,8,0.0,68.5,2008-08-04,26.0,0.0,11.6,137
217,20080805,0.6,33.1,3.1,20.3,2008,5,8,0.0,69.0,2008-08-05,25.6,0.0,8.3,137
218,20080806,0.8,34.5,2.8,19.5,2008,6,8,0.0,63.5,2008-08-06,26.6,0.0,12.0,137
219,20080807,0.9,32.7,0.3,17.2,2008,7,8,0.0,66.0,2008-08-07,24.8,0.0,12.3,137
220,20080808,1.0,32.4,2.6,18.3,2008,8,8,0.0,68.5,2008-08-08,25.5,0.0,11.7,137
221,20080809,1.2,31.7,7.3,22.8,2008,9,8,9.0,82.4,2008-08-09,25.7,0.0,3.1,137
222,20080810,1.2,33.5,5.1,22.7,2008,10,8,0.0,72.3,2008-08-10,27.4,0.0,8.2,137
223,20080811,1.1,32.3,7.1,22.7,2008,11,8,0.1,73.5,2008-08-11,27.3,0.0,4.4,137
224,20080812,1.1,29.9,9.4,24.7,2008,12,8,0.5,84.4,2008-08-12,26.1,0.0,0.3,137
225,20080813,1.0,32.9,8.1,24.4,2008,13,8,8.5,79.6,2008-08-13,27.3,0.0,4.6,137
226,20080814,1.3,33.3,6.6,24.3,2008,14,8,0.0,72.3,2008-08-14,27.5,0.0,7.5,137
227,20080815,1.0,30.4,9.6,21.1,2008,15,8,105.0,88.6,2008-08-15,24.3,0.0,0.9,137
228,20080816,1.7,21.3,10.0,16.6,2008,16,8,69.0,92.9,2008-08-16,18.7,0.0,0.0,137
229,20080817,0.7,22.7,9.9,16.9,2008,17,8,2.5,87.4,2008-08-17,20.3,0.0,0.0,137
230,20080818,1.8,27.6,9.9,20.6,2008,18,8,17.5,83.5,2008-08-18,23.1,0.0,0.5,137
231,20080819,2.8,28.7,5.4,22.2,2008,19,8,0.4,61.0,2008-08-19,25.1,0.0,9.8,137
232,20080820,1.7,29.2,5.6,19.7,2008,20,8,13.0,70.3,2008-08-20,23.2,0.0,6.7,137
233,20080821,1.5,26.9,6.3,19.0,2008,21,8,0.0,67.8,2008-08-21,22.3,0.0,7.7,137
234,20080822,1.2,20.0,9.9,16.3,2008,22,8,30.0,89.8,2008-08-22,17.9,0.0,0.0,137
235,20080823,1.9,25.1,8.0,18.7,2008,23,8,0.0,80.1,2008-08-23,21.9,0.0,2.3,137
236,20080824,0.9,28.0,6.1,19.8,2008,24,8,0.0,73.9,2008-08-24,23.2,0.0,9.2,137
237,20080825,1.1,26.3,7.6,18.7,2008,25,8,0.0,73.4,2008-08-25,21.8,0.0,3.4,137
238,20080826,1.1,27.4,4.3,17.6,2008,26,8,0.0,69.1,2008-08-26,21.6,0.0,7.7,137
239,20080827,0.7,27.6,2.0,15.0,2008,27,8,0.0,72.9,2008-08-27,21.4,0.0,11.3,137
240,20080828,0.8,28.8,3.1,17.4,2008,28,8,0.0,72.9,2008-08-28,22.7,0.0,9.6,137
241,20080829,0.8,30.1,2.3,18.9,2008,29,8,0.0,73.4,2008-08-29,23.2,0.0,7.9,137
242,20080830,1.2,28.7,5.0,19.4,2008,30,8,0.0,68.0,2008-08-30,23.1,0.0,6.3,137
243,20080831,0.9,27.2,6.8,15.0,2008,31,8,0.0,75.9,2008-08-31,21.4,0.0,3.5,137
244,20080901,1.3,25.4,10.0,20.9,2008,1,9,0.1,83.4,2008-09-01,22.5,0.0,0.0,137
245,20080902,1.0,23.3,8.3,19.6,2008,2,9,12.5,88.4,2008-09-02,21.2,0.0,0.0,137
246,20080903,0.9,30.1,3.9,17.5,2008,3,9,0.0,78.3,2008-09-03,22.6,0.0,7.1,137
247,20080904,1.0,28.0,6.0,15.7,2008,4,9,0.0,74.8,2008-09-04,21.0,0.0,9.1,137
248,20080905,0.6,27.6,6.6,16.3,2008,5,9,0.0,75.1,2008-09-05,20.9,0.0,6.9,137
249,20080906,0.6,25.9,7.9,18.0,2008,6,9,0.5,82.8,2008-09-06,20.9,0.0,0.9,137
250,20080907,0.6,30.6,3.8,15.4,2008,7,9,0.0,77.3,2008-09-07,21.2,0.0,7.1,137
251,20080908,0.7,29.2,4.1,16.8,2008,8,9,0.0,75.3,2008-09-08,21.9,0.0,5.0,137
252,20080909,0.6,28.1,1.9,16.4,2008,9,9,0.0,76.5,2008-09-09,21.3,0.0,7.6,137
253,20080910,0.6,28.6,2.3,16.2,2008,10,9,0.0,76.9,2008-09-10,20.8,0.0,6.6,137
254,20080911,0.8,29.2,6.1,16.0,2008,11,9,0.0,75.0,2008-09-11,21.8,0.0,5.7,137
255,20080912,0.8,31.0,4.3,17.4,2008,12,9,0.0,71.8,2008-09-12,23.3,0.0,8.8,137
256,20080913,0.9,31.8,1.1,17.4,2008,13,9,0.0,70.5,2008-09-13,23.2,0.0,10.4,137
257,20080914,1.1,28.2,6.5,20.0,2008,14,9,0.0,74.0,2008-09-14,23.3,0.0,3.7,137
258,20080915,0.8,28.0,6.9,18.7,2008,15,9,0.0,76.5,2008-09-15,22.6,0.0,3.7,137
259,20080916,0.4,29.7,4.1,16.2,2008,16,9,0.0,80.9,2008-09-16,21.0,0.0,5.4,137
260,20080917,0.8,31.2,3.4,15.6,2008,17,9,0.0,72.1,2008-09-17,22.3,0.0,8.7,137
261,20080918,0.7,31.6,0.1,16.1,2008,18,9,0.0,67.0,2008-09-18,22.3,0.0,9.9,137
262,20080919,0.8,30.8,1.8,14.8,2008,19,9,0.0,71.4,2008-09-19,21.9,0.0,9.0,137
263,20080920,0.8,24.8,8.4,17.6,2008,20,9,23.0,85.6,2008-09-20,20.1,0.0,2.2,137
264,20080921,0.9,26.9,5.6,17.7,2008,21,9,3.5,85.0,2008-09-21,21.1,0.0,2.0,137
265,20080922,0.7,27.4,7.6,17.0,2008,22,9,0.0,82.9,2008-09-22,21.1,0.0,2.4,137
266,20080923,1.0,27.5,8.8,20.2,2008,23,9,4.0,81.5,2008-09-23,22.6,0.0,1.9,137
267,20080924,1.1,20.8,9.5,17.8,2008,24,9,1.5,86.5,2008-09-24,19.5,0.0,0.0,137
268,20080925,1.8,20.5,8.5,16.5,2008,25,9,4.5,81.6,2008-09-25,18.1,0.0,1.6,137
269,20080926,2.7,19.7,0.0,10.0,2008,26,9,0.0,50.8,2008-09-26,15.4,0.0,4.8,137
270,20080927,1.0,21.4,4.6,7.1,2008,27,9,0.0,58.0,2008-09-27,12.6,0.0,4.9,137
271,20080928,0.7,19.9,7.9,8.7,2008,28,9,0.0,73.3,2008-09-28,13.8,0.0,1.4,137
272,20080929,0.6,21.9,7.1,12.9,2008,29,9,3.5,79.9,2008-09-29,16.1,0.0,3.4,137
273,20080930,0.4,22.5,5.6,12.0,2008,30,9,0.0,82.6,2008-09-30,15.7,0.0,0.7,137
274,20081001,1.0,25.3,3.3,9.0,2008,1,10,0.0,76.4,2008-10-01,16.1,0.0,5.1,137
275,20081002,0.7,25.2,0.0,10.4,2008,2,10,0.0,75.6,2008-10-02,17.0,0.0,8.6,137
276,20081003,1.6,25.1,0.6,12.9,2008,3,10,0.0,70.5,2008-10-03,18.9,0.0,9.5,137
277,20081004,1.0,24.4,3.1,13.8,2008,4,10,0.0,73.4,2008-10-04,18.9,0.0,6.9,137
278,20081005,0.8,22.8,9.3,16.1,2008,5,10,0.4,80.0,2008-10-05,18.6,0.0,0.5,137
279,20081006,1.5,22.1,7.1,14.1,2008,6,10,0.1,73.6,2008-10-06,17.3,0.0,5.8,137
280,20081007,1.1,23.0,2.1,10.9,2008,7,10,0.0,70.8,2008-10-07,16.0,0.0,7.5,137
281,20081008,0.6,23.3,4.4,9.3,2008,8,10,0.0,74.9,2008-10-08,15.9,0.0,6.0,137
282,20081009,0.7,25.7,4.6,13.5,2008,9,10,0.0,71.1,2008-10-09,17.7,0.0,7.9,137
283,20081010,1.3,20.0,7.9,13.1,2008,10,10,0.1,78.1,2008-10-10,16.5,0.0,0.0,137
284,20081011,2.0,20.8,1.3,9.0,2008,11,10,0.0,50.8,2008-10-11,14.0,0.0,9.3,137
285,20081012,0.9,21.2,2.4,6.3,2008,12,10,0.0,64.0,2008-10-12,12.3,0.0,8.5,137
286,20081013,0.8,22.2,4.0,4.8,2008,13,10,0.0,64.3,2008-10-13,13.4,0.0,7.3,137
287,20081014,1.2,22.9,0.3,7.7,2008,14,10,0.0,65.3,2008-10-14,14.6,0.0,9.2,137
288,20081015,1.0,24.6,0.0,8.0,2008,15,10,0.0,69.6,2008-10-15,15.6,0.0,9.0,137
289,20081016,0.5,21.0,5.8,8.6,2008,16,10,0.0,83.6,2008-10-16,13.3,0.0,2.4,137
290,20081017,0.5,26.1,3.1,8.4,2008,17,10,0.0,74.8,2008-10-17,14.9,0.0,7.0,137
291,20081018,0.5,26.0,2.5,8.4,2008,18,10,0.0,78.3,2008-10-18,14.9,0.0,7.0,137
292,20081019,0.4,21.3,6.1,7.5,2008,19,10,0.0,77.6,2008-10-19,13.5,0.0,2.6,137
293,20081020,0.6,25.7,2.9,8.2,2008,20,10,0.0,74.9,2008-10-20,14.4,0.0,6.8,137
294,20081021,0.6,22.2,6.0,8.6,2008,21,10,0.0,76.4,2008-10-21,15.1,0.0,3.8,137
295,20081022,1.1,16.4,10.0,14.1,2008,22,10,29.5,89.4,2008-10-22,15.1,0.0,0.0,137
296,20081023,1.0,19.4,10.0,14.8,2008,23,10,13.0,88.0,2008-10-23,17.1,0.0,0.0,137
297,20081024,2.8,18.1,3.8,7.9,2008,24,10,0.0,53.8,2008-10-24,12.9,0.0,6.5,137
298,20081025,1.5,18.3,4.8,2.8,2008,25,10,0.0,61.1,2008-10-25,11.2,0.0,6.5,137
299,20081026,2.8,18.7,3.3,11.3,2008,26,10,0.0,49.3,2008-10-26,14.8,0.0,8.5,137
300,20081027,2.4,14.9,3.0,8.0,2008,27,10,0.0,49.8,2008-10-27,11.6,0.0,5.3,137
301,20081028,2.6,16.8,5.3,8.6,2008,28,10,0.0,53.5,2008-10-28,12.3,0.0,7.9,137
302,20081029,1.4,18.1,7.4,7.6,2008,29,10,0.0,59.3,2008-10-29,12.7,0.0,2.0,137
303,20081030,1.8,16.9,1.6,5.8,2008,30,10,0.0,54.4,2008-10-30,10.9,0.0,9.0,137
304,20081031,0.7,10.0,6.5,4.0,2008,31,10,1.5,89.4,2008-10-31,6.9,0.0,0.0,137
305,20081101,0.9,15.7,5.4,4.3,2008,1,11,0.0,79.0,2008-11-01,8.7,0.0,3.8,137
306,20081102,2.4,18.3,6.6,9.2,2008,2,11,0.0,56.8,2008-11-02,14.0,0.0,0.3,137
307,20081103,2.6,20.1,3.3,7.4,2008,3,11,0.0,52.8,2008-11-03,13.2,0.0,3.9,137
308,20081104,1.9,16.4,0.0,3.0,2008,4,11,0.0,33.9,2008-11-04,9.2,0.0,9.1,137
309,20081105,0.5,19.3,2.3,-0.6,2008,5,11,0.0,58.0,2008-11-05,7.8,0.0,8.9,137
310,20081106,0.5,17.8,7.5,2.0,2008,6,11,0.0,65.6,2008-11-06,9.9,0.0,3.7,137
311,20081107,0.7,18.4,9.8,9.1,2008,7,11,0.0,64.3,2008-11-07,12.9,0.0,0.0,137
312,20081108,1.3,13.9,9.9,8.5,2008,8,11,0.0,69.6,2008-11-08,10.9,0.0,0.3,137
313,20081109,1.1,12.1,8.8,7.6,2008,9,11,1.0,79.0,2008-11-09,9.4,0.0,1.6,137
314,20081110,1.0,15.3,2.5,3.3,2008,10,11,0.0,73.4,2008-11-10,8.2,0.0,7.2,137
315,20081111,0.7,14.6,0.1,0.4,2008,11,11,0.0,72.4,2008-11-11,6.2,0.0,8.5,137
316,20081112,0.7,16.9,0.0,-1.0,2008,12,11,0.0,72.1,2008-11-12,6.6,0.0,8.7,137
317,20081113,0.9,19.0,2.4,-0.2,2008,13,11,0.0,64.5,2008-11-13,8.6,0.0,8.4,137
318,20081114,0.9,17.7,6.4,6.0,2008,14,11,0.0,62.1,2008-11-14,10.8,0.0,6.9,137
319,20081115,0.6,17.1,7.1,3.3,2008,15,11,0.0,68.3,2008-11-15,10.1,0.0,4.9,137
320,20081116,1.9,13.0,4.4,5.3,2008,16,11,0.0,58.5,2008-11-16,9.9,0.0,0.1,137
321,20081117,3.5,11.8,4.6,1.5,2008,17,11,0.0,42.4,2008-11-17,6.4,0.0,4.7,137
322,20081118,3.4,4.5,1.6,-3.6,2008,18,11,0.0,35.4,2008-11-18,-0.2,0.0,8.2,137
323,20081119,3.0,2.8,0.0,-6.2,2008,19,11,0.0,34.9,2008-11-19,-2.0,0.0,8.9,137
324,20081120,1.9,7.3,4.1,-7.2,2008,20,11,0.4,60.4,2008-11-20,1.6,0.0,4.4,137
325,20081121,3.5,9.6,1.6,-1.4,2008,21,11,0.1,48.6,2008-11-21,5.1,0.0,8.6,137
326,20081122,1.8,10.5,4.3,-4.3,2008,22,11,0.0,52.5,2008-11-22,4.4,0.0,6.3,137
327,20081123,1.4,14.4,4.5,1.1,2008,23,11,0.0,59.6,2008-11-23,7.3,0.0,8.4,137
328,20081124,0.7,6.6,9.6,1.2,2008,24,11,3.0,83.1,2008-11-24,4.2,0.0,0.0,137
329,20081125,0.7,9.0,7.6,0.1,2008,25,11,0.5,91.3,2008-11-25,3.7,0.0,3.1,137
330,20081126,0.6,4.5,9.5,-0.1,2008,26,11,0.0,94.8,2008-11-26,2.2,0.0,0.0,137
331,20081127,0.8,3.5,10.0,0.1,2008,27,11,1.0,93.6,2008-11-27,2.2,0.0,0.0,137
332,20081128,2.4,8.4,7.6,2.9,2008,28,11,0.0,75.3,2008-11-28,5.8,0.0,0.7,137
333,20081129,3.5,6.9,6.1,1.1,2008,29,11,2.5,62.5,2008-11-29,3.8,0.0,2.1,137
334,20081130,2.1,8.7,0.0,-2.0,2008,30,11,0.0,51.0,2008-11-30,2.3,0.0,8.5,137
335,20081201,0.8,11.0,2.1,-4.7,2008,1,12,0.0,70.6,2008-12-01,1.9,0.0,8.4,137
336,20081202,1.0,13.5,2.0,-1.7,2008,2,12,0.0,77.1,2008-12-02,4.2,0.0,3.6,137
337,20081203,1.0,11.6,2.3,-3.0,2008,3,12,0.0,70.3,2008-12-03,3.8,0.0,7.6,137
338,20081204,1.9,8.8,9.8,2.1,2008,4,12,4.0,78.3,2008-12-04,4.5,0.0,0.0,137
339,20081205,4.1,3.5,5.4,-8.2,2008,5,12,0.0,36.8,2008-12-05,-3.3,0.0,4.5,137
340,20081206,2.8,-2.3,0.0,-11.2,2008,6,12,0.0,35.4,2008-12-06,-6.7,0.0,8.4,137
341,20081207,1.1,2.1,3.8,-11.0,2008,7,12,0.0,62.4,2008-12-07,-4.5,0.0,6.1,137
342,20081208,0.6,5.9,4.8,-4.4,2008,8,12,0.0,75.0,2008-12-08,-0.3,0.0,3.8,137
343,20081209,0.5,10.5,1.0,-3.7,2008,9,12,0.0,76.3,2008-12-09,1.8,0.0,6.1,137
344,20081210,0.5,11.3,1.0,-2.9,2008,10,12,0.0,77.1,2008-12-10,3.1,0.0,5.9,137
345,20081211,2.8,8.3,3.9,-1.0,2008,11,12,0.5,65.0,2008-12-11,3.9,0.0,3.0,137
346,20081212,1.3,9.6,2.9,-4.3,2008,12,12,0.0,62.1,2008-12-12,2.4,0.0,8.3,137
347,20081213,2.4,8.5,6.9,-0.2,2008,13,12,0.0,52.8,2008-12-13,3.8,0.0,2.3,137
348,20081214,3.4,4.5,0.0,-3.7,2008,14,12,0.0,32.3,2008-12-14,-0.3,0.0,8.3,137
349,20081215,1.4,8.2,2.3,-4.4,2008,15,12,0.0,56.1,2008-12-15,0.9,0.0,6.3,137
350,20081216,0.8,9.7,0.0,-6.3,2008,16,12,0.0,70.0,2008-12-16,0.4,0.0,8.1,137
351,20081217,1.1,7.9,4.9,-3.3,2008,17,12,0.0,72.6,2008-12-17,2.2,0.0,3.0,137
352,20081218,3.0,7.1,0.4,-0.6,2008,18,12,0.0,41.6,2008-12-18,2.7,0.0,8.3,137
353,20081219,1.6,7.2,0.4,-6.8,2008,19,12,0.0,59.9,2008-12-19,0.0,0.0,8.3,137
354,20081220,1.1,4.4,9.1,-3.3,2008,20,12,0.5,74.9,2008-12-20,0.8,0.0,0.0,137
355,20081221,2.5,2.4,9.1,-0.4,2008,21,12,0.0,64.3,2008-12-21,1.0,0.0,0.0,137
356,20081222,3.4,0.4,1.5,-5.2,2008,22,12,0.0,45.8,2008-12-22,-2.7,0.0,8.2,137
357,20081223,2.4,3.8,3.3,-4.5,2008,23,12,0.0,66.6,2008-12-23,-0.6,0.0,6.1,137
358,20081224,1.2,6.9,6.4,-4.5,2008,24,12,0.0,67.5,2008-12-24,1.9,0.0,1.8,137
359,20081225,5.6,5.3,3.1,-4.2,2008,25,12,0.0,38.6,2008-12-25,1.2,0.0,7.3,137
360,20081226,3.7,0.4,0.4,-6.6,2008,26,12,0.0,29.5,2008-12-26,-3.8,0.0,8.2,137
361,20081227,2.3,4.6,0.6,-6.3,2008,27,12,0.0,38.9,2008-12-27,-1.3,0.0,8.3,137
362,20081228,1.5,7.4,5.0,-5.5,2008,28,12,0.0,53.1,2008-12-28,1.6,0.0,5.6,137
363,20081229,3.5,5.5,7.9,1.2,2008,29,12,0.0,56.6,2008-12-29,3.0,0.0,1.8,137
364,20081230,4.3,2.4,3.6,-4.1,2008,30,12,0.0,50.1,2008-12-30,-1.0,0.0,7.7,137
365,20081231,3.5,-0.3,0.0,-7.5,2008,31,12,0.0,47.6,2008-12-31,-4.3,0.0,8.4,137
