,tmax,year,tmin,humid,cloud,sunshine,date,day,rainfall,station_id,Date,wind,month,tavg,snow
0,1.0,2012,-6.6,75.0,7.1,0.4,20120101,1,0.5,232,2012-01-01,2.4,1,-1.9,1.1
1,0.6,2012,-10.1,72.8,4.9,3.5,20120102,2,0.0,232,2012-01-02,1.3,1,-4.0,0.0
2,1.7,2012,-7.4,75.6,8.3,2.5,20120103,3,1.0,232,2012-01-03,2.4,1,-3.3,1.9
3,-3.0,2012,-6.9,70.5,7.9,4.5,20120104,4,2.4,232,2012-01-04,3.3,1,-5.2,3.5
4,-0.6,2012,-10.9,71.0,2.9,7.3,20120105,5,0.0,232,2012-01-05,1.5,1,-6.0,0.0
5,2.3,2012,-9.5,60.4,3.3,7.8,20120106,6,0.0,232,2012-01-06,1.9,1,-3.5,0.0
6,1.8,2012,-11.9,64.4,0.0,8.6,20120107,7,0.0,232,2012-01-07,1.1,1,-5.6,0.0
7,1.9,2012,-10.6,72.9,3.8,4.7,20120108,8,0.0,232,2012-01-08,1.3,1,-4.2,0.0
8,3.5,2012,-6.4,78.1,7.0,0.1,20120109,9,0.0,232,2012-01-09,0.8,1,-1.2,0.0
9,3.1,2012,-5.4,55.6,3.8,8.0,20120110,10,0.0,232,2012-01-10,2.1,1,-0.4,0.0
10,-0.4,2012,-10.2,55.9,0.3,8.6,20120111,11,0.0,232,2012-01-11,3.3,1,-5.1,0.0
11,2.2,2012,-11.2,69.1,3.9,7.2,20120112,12,0.0,232,2012-01-12,1.6,1,-4.5,0.0
12,3.8,2012,-5.1,68.1,3.9,2.7,20120113,13,0.0,232,2012-01-13,1.9,1,-1.2,0.0
13,3.8,2012,-10.2,61.6,1.4,8.8,20120114,14,0.0,232,2012-01-14,1.2,1,-3.5,0.0
14,2.0,2012,-6.1,56.0,7.4,2.8,20120115,15,0.0,232,2012-01-15,1.5,1,-2.6,0.0
15,8.7,2012,-8.8,65.0,2.5,7.8,20120116,16,0.0,232,2012-01-16,0.8,1,-0.9,0.0
16,9.6,2012,-4.0,76.4,4.5,3.4,20120117,17,0.0,232,2012-01-17,1.4,1,0.5,0.0
17,5.9,2012,-5.6,67.0,3.3,5.0,20120118,18,0.0,232,2012-01-18,1.2,1,-0.5,0.0
18,5.7,2012,-1.0,84.8,9.8,0.0,20120119,19,3.5,232,2012-01-19,0.7,1,3.1,0.0
19,8.1,2012,1.7,76.9,9.5,0.0,20120120,20,0.2,232,2012-01-20,1.7,1,5.1,0.0
20,4.2,2012,-0.7,82.9,9.9,0.0,20120121,21,0.5,232,2012-01-21,2.0,1,2.2,0.0
21,-0.7,2012,-8.4,51.6,3.5,7.9,20120122,22,0.0,232,2012-01-22,4.8,1,-5.0,0.0
22,-3.8,2012,-11.9,46.1,0.9,8.6,20120123,23,0.0,232,2012-01-23,3.2,1,-7.3,0.0
23,-1.8,2012,-12.8,52.9,2.3,9.2,20120124,24,0.2,232,2012-01-24,1.7,1,-7.1,0.4
24,-3.7,2012,-12.6,63.1,3.3,9.3,20120125,25,2.2,232,2012-01-25,2.8,1,-7.4,4.1
25,2.4,2012,-12.2,74.3,2.9,3.5,20120126,26,0.0,232,2012-01-26,2.2,1,-3.9,0.0
26,5.3,2012,-6.0,84.0,5.1,2.1,20120127,27,0.1,232,2012-01-27,1.5,1,-0.5,0.3
27,4.2,2012,-5.4,37.5,4.6,8.0,20120128,28,0.0,232,2012-01-28,1.9,1,-0.7,0.0
28,2.8,2012,-7.0,41.6,0.9,7.6,20120129,29,0.0,232,2012-01-29,2.6,1,-2.1,0.0
29,0.5,2012,-8.9,36.4,0.0,9.4,20120130,30,0.0,232,2012-01-30,2.6,1,-4.2,0.0
30,1.4,2012,-11.4,66.4,7.0,1.8,20120131,31,3.9,232,2012-01-31,2.1,1,-3.9,5.5
31,-3.2,2012,-12.9,58.9,2.5,6.3,20120201,1,0.0,232,2012-02-01,0.0,2,-9.4,0.0
32,-9.0,2012,-15.8,58.6,1.1,9.5,20120202,2,0.0,232,2012-02-02,3.1,2,-12.5,0.0
33,-2.8,2012,-17.8,67.3,2.4,9.3,20120203,3,0.0,232,2012-02-03,1.2,2,-9.6,0.0
34,3.4,2012,-9.3,58.8,4.3,7.4,20120204,4,0.0,232,2012-02-04,1.9,2,-2.9,0.1
35,6.0,2012,-5.5,53.1,3.8,7.2,20120205,5,0.0,232,2012-02-05,0.7,2,-1.4,0.0
36,6.2,2012,-5.7,55.1,8.5,0.4,20120206,6,0.0,232,2012-02-06,1.3,2,0.6,0.0
37,1.0,2012,-9.3,53.1,5.1,6.9,20120207,7,0.0,232,2012-02-07,5.5,2,-6.0,0.0
38,-2.7,2012,-12.7,54.1,4.9,7.5,20120208,8,0.0,232,2012-02-08,2.7,2,-7.3,0.1
39,1.7,2012,-14.5,70.1,3.8,8.4,20120209,9,1.0,232,2012-02-09,1.8,2,-4.6,2.7
40,4.1,2012,-7.8,63.5,4.1,6.8,20120210,10,0.0,232,2012-02-10,2.4,2,-1.8,0.0
41,2.6,2012,-10.9,47.4,0.0,10.0,20120211,11,0.0,232,2012-02-11,1.9,2,-4.2,0.0
42,5.6,2012,-8.6,53.3,4.4,8.1,20120212,12,0.0,232,2012-02-12,1.2,2,-1.0,0.0
43,9.2,2012,-2.3,48.3,5.5,3.7,20120213,13,0.0,232,2012-02-13,0.8,2,2.4,0.0
44,8.4,2012,-3.1,64.4,5.0,5.7,20120214,14,0.0,232,2012-02-14,2.1,2,2.0,0.0
45,3.9,2012,-2.6,46.0,6.1,6.3,20120215,15,0.0,232,2012-02-15,3.2,2,0.0,0.0
46,3.9,2012,-7.0,38.1,3.3,9.5,20120216,16,0.0,232,2012-02-16,3.8,2,-1.0,0.0
47,-1.4,2012,-7.1,50.1,3.5,8.0,20120217,17,0.6,232,2012-02-17,4.6,2,-4.6,1.5
48,-2.3,2012,-9.3,50.9,2.8,9.9,20120218,18,0.0,232,2012-02-18,3.3,2,-5.3,0.0
49,1.5,2012,-11.7,47.3,0.3,10.2,20120219,19,0.1,232,2012-02-19,2.1,2,-4.7,0.2
50,7.3,2012,-10.5,50.3,1.1,9.9,20120220,20,0.0,232,2012-02-20,1.5,2,-2.1,0.0
51,7.8,2012,-5.8,54.9,4.9,2.4,20120221,21,0.0,232,2012-02-21,0.4,2,0.7,0.0
52,11.5,2012,-3.7,62.6,5.1,6.1,20120222,22,0.0,232,2012-02-22,1.6,2,4.3,0.0
53,7.6,2012,-1.8,72.8,7.8,3.1,20120223,23,0.1,232,2012-02-23,2.9,2,3.6,0.0
54,10.7,2012,-3.6,70.4,7.0,3.9,20120224,24,0.5,232,2012-02-24,1.6,2,3.6,0.0
55,3.3,2012,-1.8,69.4,6.6,1.1,20120225,25,0.0,232,2012-02-25,3.4,2,0.8,0.0
56,2.8,2012,-3.2,46.8,5.4,3.8,20120226,26,0.0,232,2012-02-26,2.9,2,-1.2,0.0
57,5.2,2012,-8.6,46.6,0.5,10.3,20120227,27,0.0,232,2012-02-27,1.6,2,-1.6,0.0
58,8.1,2012,-6.8,54.5,5.3,1.9,20120228,28,0.0,232,2012-02-28,1.1,2,1.0,0.0
59,13.1,2012,-4.8,56.3,2.9,8.4,20120229,29,0.0,232,2012-02-29,1.6,2,4.5,0.0
60,15.4,2012,-1.6,42.1,6.0,7.8,20120301,1,0.0,232,2012-03-01,1.4,3,6.2,0.0
61,7.1,2012,2.7,73.3,9.1,0.5,20120302,2,2.0,232,2012-03-02,1.2,3,4.7,0.0
62,13.0,2012,0.4,63.4,4.8,5.8,20120303,3,0.0,232,2012-03-03,2.2,3,7.0,0.0
63,9.0,2012,3.5,58.8,9.3,0.6,20120304,4,0.3,232,2012-03-04,4.1,3,6.2,0.0
64,6.4,2012,3.7,82.6,10.0,0.0,20120305,5,9.5,232,2012-03-05,3.7,3,4.9,0.0
65,6.6,2012,2.8,75.0,9.4,0.4,20120306,6,1.5,232,2012-03-06,3.8,3,4.6,0.0
66,7.5,2012,-1.0,65.8,7.5,1.4,20120307,7,0.0,232,2012-03-07,2.4,3,3.1,0.0
67,6.8,2012,-2.2,64.3,6.3,4.4,20120308,8,0.0,232,2012-03-08,2.5,3,1.5,0.0
68,8.7,2012,-3.2,63.9,6.5,6.0,20120309,9,0.0,232,2012-03-09,2.1,3,2.0,0.0
69,9.1,2012,-0.3,63.3,5.8,7.5,20120310,10,0.0,232,2012-03-10,2.7,3,3.4,0.0
70,2.2,2012,-2.8,49.8,4.0,8.4,20120311,11,0.0,232,2012-03-11,6.2,3,-0.6,0.0
71,3.0,2012,-4.7,43.1,0.0,11.1,20120312,12,0.0,232,2012-03-12,3.9,3,-1.1,0.0
72,8.4,2012,-5.6,58.8,0.8,10.4,20120313,13,0.0,232,2012-03-13,1.9,3,1.0,0.0
73,10.7,2012,-3.0,67.5,4.1,6.0,20120314,14,0.0,232,2012-03-14,2.9,3,3.9,0.0
74,13.2,2012,-3.8,48.0,2.3,10.4,20120315,15,0.0,232,2012-03-15,1.4,3,4.8,0.0
75,12.4,2012,2.6,59.5,10.0,0.3,20120316,16,3.0,232,2012-03-16,2.6,3,7.7,0.0
76,11.6,2012,6.2,87.8,9.4,0.0,20120317,17,3.5,232,2012-03-17,1.2,3,8.7,0.0
77,9.8,2012,1.9,80.6,5.5,3.5,20120318,18,0.0,232,2012-03-18,3.3,3,6.2,0.0
78,6.5,2012,-2.3,54.5,1.8,7.4,20120319,19,0.0,232,2012-03-19,2.5,3,1.9,0.0
79,8.1,2012,-4.0,51.4,0.6,10.6,20120320,20,0.0,232,2012-03-20,3.5,3,2.4,0.0
80,11.1,2012,-4.2,46.8,0.6,10.8,20120321,21,0.0,232,2012-03-21,2.0,3,3.7,0.0
81,11.8,2012,1.8,60.6,9.8,1.7,20120322,22,0.1,232,2012-03-22,1.5,3,7.1,0.0
82,8.5,2012,2.9,86.4,10.0,0.0,20120323,23,17.0,232,2012-03-23,2.7,3,5.9,0.0
83,8.1,2012,2.0,59.1,4.4,8.0,20120324,24,0.5,232,2012-03-24,6.3,3,4.1,0.0
84,7.8,2012,0.7,47.6,1.9,10.6,20120325,25,0.0,232,2012-03-25,5.3,3,3.8,0.0
85,9.8,2012,-1.4,47.6,0.0,11.5,20120326,26,0.0,232,2012-03-26,2.9,3,3.6,0.0
86,15.4,2012,-2.7,50.0,3.6,6.5,20120327,27,0.0,232,2012-03-27,2.7,3,7.1,0.0
87,16.8,2012,3.6,61.5,3.4,7.5,20120328,28,0.0,232,2012-03-28,1.3,3,9.1,0.0
88,20.7,2012,1.6,53.4,5.6,6.3,20120329,29,0.5,232,2012-03-29,2.9,3,13.1,0.0
89,15.7,2012,4.9,77.6,9.5,0.0,20120330,30,7.0,232,2012-03-30,3.4,3,10.5,0.0
90,11.2,2012,1.8,47.3,3.1,8.6,20120331,31,0.0,232,2012-03-31,4.2,3,5.9,0.0
91,9.8,2012,-0.7,39.3,0.0,11.0,20120401,1,0.0,232,2012-04-01,2.8,4,4.5,0.0
92,17.4,2012,0.6,54.5,8.3,1.0,20120402,2,1.0,232,2012-04-02,2.9,4,10.4,0.0
93,13.6,2012,2.7,69.5,6.1,2.2,20120403,3,34.5,232,2012-04-03,6.0,4,5.7,0.0
94,14.8,2012,-0.7,62.0,0.9,8.8,20120404,4,0.0,232,2012-04-04,3.7,4,7.6,0.0
95,12.8,2012,-0.2,52.6,0.0,11.8,20120405,5,0.0,232,2012-04-05,3.9,4,6.1,0.0
96,11.0,2012,-0.9,50.1,1.4,9.6,20120406,6,0.0,232,2012-04-06,4.2,4,5.1,0.0
97,13.2,2012,-0.4,46.8,0.0,11.8,20120407,7,0.0,232,2012-04-07,2.4,4,6.4,0.0
98,20.6,2012,2.5,41.4,1.0,11.0,20120408,8,0.0,232,2012-04-08,3.7,4,14.0,0.0
99,24.0,2012,10.5,63.5,4.1,7.1,20120409,9,0.0,232,2012-04-09,1.5,4,16.5,0.0
100,17.7,2012,10.1,82.0,9.5,0.0,20120410,10,2.5,232,2012-04-10,1.8,4,13.8,0.0
101,17.0,2012,6.6,79.4,5.8,3.0,20120411,11,0.5,232,2012-04-11,3.4,4,12.2,0.0
102,15.2,2012,2.1,54.1,5.1,6.0,20120412,12,0.0,232,2012-04-12,2.3,4,8.8,0.0
103,15.2,2012,6.2,50.9,9.6,0.0,20120413,13,0.1,232,2012-04-13,2.0,4,9.7,0.0
104,18.4,2012,3.3,69.4,2.8,7.5,20120414,14,0.0,232,2012-04-14,2.2,4,10.0,0.0
105,23.4,2012,4.3,57.6,3.5,10.8,20120415,15,0.0,232,2012-04-15,1.6,4,12.8,0.0
106,17.6,2012,4.2,64.9,1.1,9.8,20120416,16,0.0,232,2012-04-16,2.5,4,10.4,0.0
107,20.5,2012,1.6,47.4,0.4,12.1,20120417,17,0.0,232,2012-04-17,1.8,4,11.4,0.0
108,23.2,2012,4.1,44.8,5.0,8.9,20120418,18,0.0,232,2012-04-18,1.8,4,14.0,0.0
109,24.0,2012,8.1,39.8,7.5,6.3,20120419,19,0.0,232,2012-04-19,2.1,4,15.8,0.0
110,22.2,2012,13.3,48.1,7.0,8.7,20120420,20,0.0,232,2012-04-20,3.9,4,17.3,0.0
111,15.3,2012,11.4,78.3,10.0,0.0,20120421,21,26.0,232,2012-04-21,4.7,4,13.0,0.0
112,14.6,2012,9.2,83.4,9.4,0.0,20120422,22,2.5,232,2012-04-22,2.7,4,11.0,0.0
113,23.3,2012,8.4,74.5,4.5,2.3,20120423,23,0.0,232,2012-04-23,2.0,4,15.5,0.0
114,29.7,2012,10.6,60.8,4.1,9.5,20120424,24,0.0,232,2012-04-24,1.9,4,19.5,0.0
115,20.9,2012,10.9,65.4,10.0,0.0,20120425,25,14.0,232,2012-04-25,4.0,4,16.1,0.0
116,16.8,2012,7.1,49.4,1.8,12.8,20120426,26,0.5,232,2012-04-26,4.6,4,12.2,0.0
117,24.9,2012,6.6,38.0,0.0,12.1,20120427,27,0.0,232,2012-04-27,3.4,4,15.0,0.0
118,25.6,2012,8.3,43.4,0.9,10.1,20120428,28,0.0,232,2012-04-28,2.5,4,17.6,0.0
119,23.9,2012,9.8,59.5,7.4,0.7,20120429,29,0.0,232,2012-04-29,1.5,4,17.1,0.0
120,27.5,2012,9.9,51.0,0.8,12.5,20120430,30,0.0,232,2012-04-30,3.3,4,20.0,0.0
121,26.5,2012,13.5,60.8,8.0,2.8,20120501,1,0.0,232,2012-05-01,2.0,5,20.7,0.0
122,29.5,2012,17.3,54.5,5.6,8.4,20120502,2,0.0,232,2012-05-02,2.4,5,22.5,0.0
123,26.1,2012,13.6,59.9,1.9,7.8,20120503,3,0.0,232,2012-05-03,2.2,5,19.8,0.0
124,27.4,2012,10.9,55.6,0.0,12.4,20120504,4,0.0,232,2012-05-04,2.2,5,19.4,0.0
125,27.1,2012,12.2,46.0,1.1,12.0,20120505,5,0.0,232,2012-05-05,2.7,5,18.8,0.0
126,25.1,2012,8.6,41.3,1.3,11.4,20120506,6,0.0,232,2012-05-06,2.4,5,17.3,0.0
127,26.8,2012,7.8,46.8,2.4,10.2,20120507,7,0.0,232,2012-05-07,1.6,5,17.6,0.0
128,28.7,2012,10.9,54.6,5.8,7.5,20120508,8,0.3,232,2012-05-08,1.6,5,19.5,0.0
129,27.1,2012,13.5,64.0,1.4,8.4,20120509,9,0.0,232,2012-05-09,1.4,5,19.0,0.0
130,27.6,2012,11.4,58.3,2.4,11.0,20120510,10,0.0,232,2012-05-10,2.0,5,19.4,0.0
131,21.6,2012,13.4,60.0,7.9,1.2,20120511,11,0.0,232,2012-05-11,2.1,5,16.5,0.0
132,23.6,2012,10.9,63.0,5.8,8.8,20120512,12,0.0,232,2012-05-12,2.3,5,16.4,0.0
133,25.6,2012,13.9,63.5,7.1,4.8,20120513,13,0.0,232,2012-05-13,1.3,5,19.0,0.0
134,17.3,2012,15.3,83.3,10.0,0.0,20120514,14,16.0,232,2012-05-14,1.2,5,16.0,0.0
135,23.6,2012,13.1,75.0,7.8,6.6,20120515,15,0.0,232,2012-05-15,2.4,5,17.0,0.0
136,24.6,2012,12.0,66.5,6.6,5.7,20120516,16,0.0,232,2012-05-16,1.6,5,17.6,0.0
137,20.9,2012,12.0,64.6,4.3,7.7,20120517,17,0.0,232,2012-05-17,2.9,5,16.4,0.0
138,25.9,2012,9.6,63.5,2.1,9.6,20120518,18,0.0,232,2012-05-18,1.7,5,17.0,0.0
139,26.6,2012,10.5,53.4,4.6,9.8,20120519,19,0.0,232,2012-05-19,1.6,5,18.6,0.0
140,27.3,2012,10.5,51.1,0.0,12.3,20120520,20,0.0,232,2012-05-20,1.8,5,19.0,0.0
141,28.3,2012,14.4,45.5,0.0,12.7,20120521,21,0.0,232,2012-05-21,2.4,5,21.5,0.0
142,29.3,2012,14.2,45.0,3.1,11.7,20120522,22,0.0,232,2012-05-22,1.8,5,21.7,0.0
143,28.8,2012,15.4,47.6,3.1,10.0,20120523,23,0.0,232,2012-05-23,1.5,5,21.1,0.0
144,24.2,2012,13.6,57.8,0.0,2.0,20120524,24,0.0,232,2012-05-24,1.7,5,19.0,0.0
145,27.6,2012,14.3,55.5,3.3,11.2,20120525,25,0.0,232,2012-05-25,2.0,5,20.2,0.0
146,27.8,2012,10.6,52.0,4.5,7.0,20120526,26,0.0,232,2012-05-26,1.5,5,19.2,0.0
147,28.1,2012,13.6,49.5,1.6,12.4,20120527,27,0.0,232,2012-05-27,1.8,5,21.5,0.0
148,27.8,2012,17.0,60.1,6.0,1.4,20120528,28,0.0,232,2012-05-28,1.9,5,21.9,0.0
149,28.8,2012,16.5,35.1,4.8,9.2,20120529,29,0.0,232,2012-05-29,1.7,5,22.4,0.0
150,22.2,2012,17.0,66.9,9.5,0.2,20120530,30,0.5,232,2012-05-30,2.6,5,19.2,0.0
151,27.8,2012,16.1,66.3,4.5,5.6,20120531,31,0.0,232,2012-05-31,2.1,5,20.5,0.0
152,27.4,2012,13.5,57.0,6.3,9.6,20120601,1,0.0,232,2012-06-01,1.4,6,20.9,0.0
153,29.5,2012,17.1,51.9,4.0,8.0,20120602,2,0.0,232,2012-06-02,1.7,6,22.1,0.0
154,30.6,2012,14.0,49.5,1.3,12.5,20120603,3,0.0,232,2012-06-03,1.6,6,21.8,0.0
155,30.5,2012,14.9,49.5,5.9,8.7,20120604,4,0.0,232,2012-06-04,1.7,6,22.9,0.0
156,29.7,2012,18.8,66.8,5.6,6.8,20120605,5,0.0,232,2012-06-05,2.1,6,23.2,0.0
157,29.3,2012,18.7,66.5,7.6,3.4,20120606,6,0.0,232,2012-06-06,1.9,6,23.4,0.0
158,30.2,2012,17.6,68.3,6.9,4.3,20120607,7,0.0,232,2012-06-07,1.4,6,23.2,0.0
159,24.0,2012,18.6,82.1,7.8,1.0,20120608,8,1.0,232,2012-06-08,1.0,6,20.7,0.0
160,29.7,2012,16.8,67.9,4.6,8.2,20120609,9,0.0,232,2012-06-09,1.5,6,22.7,0.0
161,30.9,2012,18.4,68.3,6.6,5.8,20120610,10,0.0,232,2012-06-10,1.5,6,23.5,0.0
162,27.3,2012,19.0,74.1,7.9,0.7,20120611,11,0.1,232,2012-06-11,1.4,6,22.5,0.0
163,30.1,2012,18.5,64.9,5.4,7.5,20120612,12,7.5,232,2012-06-12,1.6,6,23.3,0.0
164,28.5,2012,18.5,73.6,4.4,6.2,20120613,13,14.0,232,2012-06-13,2.1,6,22.2,0.0
165,28.6,2012,18.6,59.3,4.0,9.5,20120614,14,0.0,232,2012-06-14,3.2,6,23.4,0.0
166,24.6,2012,18.4,65.6,6.1,1.6,20120615,15,0.0,232,2012-06-15,3.2,6,21.6,0.0
167,29.8,2012,16.5,67.8,2.5,11.2,20120616,16,0.0,232,2012-06-16,1.8,6,23.0,0.0
168,30.2,2012,17.2,61.8,3.6,10.6,20120617,17,0.0,232,2012-06-17,1.7,6,23.3,0.0
169,29.7,2012,18.0,66.1,8.1,4.5,20120618,18,0.0,232,2012-06-18,1.4,6,23.6,0.0
170,32.7,2012,19.2,62.5,4.5,10.7,20120619,19,0.0,232,2012-06-19,2.2,6,25.1,0.0
171,31.2,2012,19.0,59.1,2.6,10.7,20120620,20,0.0,232,2012-06-20,2.2,6,24.6,0.0
172,32.6,2012,16.8,59.5,1.9,11.8,20120621,21,0.0,232,2012-06-21,1.5,6,24.4,0.0
173,31.5,2012,18.3,68.5,1.9,7.1,20120622,22,0.0,232,2012-06-22,1.9,6,23.9,0.0
174,32.7,2012,18.9,62.4,2.6,9.3,20120623,23,0.0,232,2012-06-23,1.6,6,24.9,0.0
175,28.7,2012,20.5,59.9,6.3,1.5,20120624,24,0.0,232,2012-06-24,2.4,6,25.0,0.0
176,29.4,2012,16.8,51.1,0.4,12.2,20120625,25,0.0,232,2012-06-25,3.6,6,23.6,0.0
177,28.1,2012,18.3,50.9,6.0,8.0,20120626,26,0.0,232,2012-06-26,3.6,6,23.6,0.0
178,28.9,2012,19.8,54.9,3.4,11.4,20120627,27,0.0,232,2012-06-27,3.8,6,23.6,0.0
179,29.6,2012,17.7,64.9,5.8,6.8,20120628,28,0.0,232,2012-06-28,1.9,6,23.6,0.0
180,30.9,2012,21.6,69.8,8.9,1.2,20120629,29,1.5,232,2012-06-29,2.1,6,25.2,0.0
181,25.2,2012,21.6,87.5,10.0,0.0,20120630,30,51.0,232,2012-06-30,2.2,6,23.1,0.0
182,29.3,2012,21.1,77.8,6.9,3.3,20120701,1,0.0,232,2012-07-01,1.8,7,23.8,0.0
183,29.0,2012,20.5,71.3,7.6,4.3,20120702,2,0.0,232,2012-07-02,1.5,7,24.2,0.0
184,29.9,2012,19.4,76.4,7.3,0.8,20120703,3,0.0,232,2012-07-03,1.4,7,24.8,0.0
185,30.2,2012,22.2,78.8,7.9,1.3,20120704,4,0.0,232,2012-07-04,1.4,7,25.6,0.0
186,24.8,2012,23.0,89.1,10.0,0.0,20120705,5,13.5,232,2012-07-05,1.6,7,23.6,0.0
187,26.6,2012,20.7,87.4,10.0,0.0,20120706,6,71.0,232,2012-07-06,2.4,7,23.6,0.0
188,30.4,2012,19.7,68.6,3.6,9.9,20120707,7,0.0,232,2012-07-07,1.4,7,24.4,0.0
189,31.1,2012,19.0,73.3,2.6,11.4,20120708,8,0.0,232,2012-07-08,1.4,7,24.9,0.0
190,32.4,2012,19.5,70.0,5.3,9.6,20120709,9,0.0,232,2012-07-09,1.2,7,25.7,0.0
191,28.7,2012,20.8,79.8,8.9,0.1,20120710,10,2.5,232,2012-07-10,2.0,7,24.4,0.0
192,29.8,2012,21.9,83.9,8.9,1.2,20120711,11,5.0,232,2012-07-11,2.5,7,24.6,0.0
193,29.2,2012,19.7,78.8,7.4,3.1,20120712,12,0.0,232,2012-07-12,1.7,7,24.9,0.0
194,28.2,2012,22.4,84.3,8.9,2.7,20120713,13,21.5,232,2012-07-13,2.0,7,25.3,0.0
195,28.6,2012,22.5,87.5,9.8,0.0,20120714,14,30.5,232,2012-07-14,1.2,7,25.1,0.0
196,27.1,2012,20.9,86.4,9.8,0.1,20120715,15,45.5,232,2012-07-15,2.5,7,22.9,0.0
197,28.3,2012,20.4,78.6,8.9,2.3,20120716,16,0.0,232,2012-07-16,1.2,7,23.8,0.0
198,26.7,2012,22.2,85.4,9.9,0.0,20120717,17,2.0,232,2012-07-17,1.7,7,24.4,0.0
199,30.9,2012,23.3,78.6,8.9,1.3,20120718,18,2.0,232,2012-07-18,2.9,7,27.0,0.0
200,27.4,2012,23.4,85.0,8.4,1.2,20120719,19,44.0,232,2012-07-19,3.8,7,25.1,0.0
201,31.4,2012,23.1,80.3,6.5,2.7,20120720,20,0.0,232,2012-07-20,0.7,7,26.0,0.0
202,33.1,2012,22.6,76.4,5.6,6.8,20120721,21,0.0,232,2012-07-21,0.7,7,27.3,0.0
203,31.6,2012,24.2,87.3,7.1,3.5,20120722,22,15.0,232,2012-07-22,1.9,7,26.5,0.0
204,32.5,2012,24.3,79.3,6.5,2.2,20120723,23,0.0,232,2012-07-23,1.9,7,27.5,0.0
205,33.8,2012,23.0,75.3,4.9,9.7,20120724,24,0.0,232,2012-07-24,1.3,7,28.1,0.0
206,33.5,2012,23.2,77.3,5.3,9.8,20120725,25,0.0,232,2012-07-25,1.5,7,27.6,0.0
207,33.2,2012,22.2,73.5,1.5,11.2,20120726,26,0.0,232,2012-07-26,1.3,7,27.3,0.0
208,33.4,2012,22.8,76.3,2.3,9.5,20120727,27,0.0,232,2012-07-27,1.6,7,27.3,0.0
209,34.1,2012,22.8,74.4,3.9,10.9,20120728,28,0.0,232,2012-07-28,1.4,7,28.1,0.0
210,33.7,2012,24.1,75.9,4.0,9.9,20120729,29,0.0,232,2012-07-29,2.1,7,28.3,0.0
211,34.2,2012,23.9,74.8,5.1,8.7,20120730,30,0.0,232,2012-07-30,2.0,7,28.6,0.0
212,34.7,2012,24.2,75.4,4.3,8.9,20120731,31,0.0,232,2012-07-31,1.7,7,28.8,0.0
213,36.0,2012,24.1,63.9,3.1,11.5,20120801,1,0.0,232,2012-08-01,2.0,8,30.3,0.0
214,34.8,2012,25.8,57.1,4.9,10.1,20120802,2,0.0,232,2012-08-02,3.3,8,30.4,0.0
215,34.7,2012,26.4,60.4,1.8,11.5,20120803,3,0.0,232,2012-08-03,3.0,8,30.2,0.0
216,35.3,2012,23.7,67.0,1.4,12.5,20120804,4,0.0,232,2012-08-04,1.8,8,29.4,0.0
217,36.4,2012,23.4,64.6,0.0,12.9,20120805,5,0.0,232,2012-08-05,1.9,8,29.9,0.0
218,36.4,2012,24.5,66.8,2.4,9.4,20120806,6,0.0,232,2012-08-06,1.6,8,30.2,0.0
219,34.8,2012,25.6,58.9,3.3,10.2,20120807,7,0.0,232,2012-08-07,2.3,8,30.0,0.0
220,33.3,2012,24.3,60.9,5.8,10.7,20120808,8,0.0,232,2012-08-08,2.0,8,28.5,0.0
221,33.2,2012,23.7,80.4,7.1,3.9,20120809,9,0.5,232,2012-08-09,1.1,8,27.1,0.0
222,25.9,2012,23.3,88.5,9.0,0.0,20120810,10,4.5,232,2012-08-10,1.2,8,24.5,0.0
223,32.0,2012,23.3,76.9,5.9,5.8,20120811,11,0.0,232,2012-08-11,1.5,8,27.2,0.0
224,26.0,2012,23.4,91.5,9.5,0.0,20120812,12,80.0,232,2012-08-12,1.0,8,24.8,0.0
225,31.7,2012,22.2,84.6,8.1,3.6,20120813,13,9.0,232,2012-08-13,1.0,8,25.8,0.0
226,30.0,2012,22.7,76.4,7.4,5.0,20120814,14,3.5,232,2012-08-14,2.9,8,26.5,0.0
227,28.9,2012,22.8,87.4,10.0,0.0,20120815,15,65.5,232,2012-08-15,2.3,8,25.0,0.0
228,27.8,2012,22.6,90.8,9.1,0.2,20120816,16,7.0,232,2012-08-16,0.7,8,24.1,0.0
229,33.5,2012,23.8,84.1,6.9,3.6,20120817,17,4.0,232,2012-08-17,1.6,8,27.3,0.0
230,32.2,2012,24.5,85.0,8.6,0.8,20120818,18,0.2,232,2012-08-18,2.1,8,27.4,0.0
231,31.6,2012,25.9,80.1,7.9,3.8,20120819,19,0.0,232,2012-08-19,2.1,8,28.5,0.0
232,28.2,2012,25.6,88.6,10.0,0.1,20120820,20,19.0,232,2012-08-20,2.1,8,26.7,0.0
233,31.2,2012,23.8,87.4,9.9,1.4,20120821,21,27.0,232,2012-08-21,2.2,8,25.9,0.0
234,24.5,2012,20.7,92.4,9.5,0.0,20120822,22,54.5,232,2012-08-22,1.7,8,22.1,0.0
235,26.4,2012,21.1,86.9,9.4,0.7,20120823,23,2.5,232,2012-08-23,1.7,8,22.9,0.0
236,25.8,2012,21.6,86.4,10.0,0.0,20120824,24,10.0,232,2012-08-24,2.8,8,23.3,0.0
237,31.2,2012,23.1,86.4,9.0,4.1,20120825,25,45.5,232,2012-08-25,1.7,8,25.5,0.0
238,33.7,2012,24.1,75.0,5.4,10.6,20120826,26,0.0,232,2012-08-26,1.3,8,28.2,0.0
239,32.0,2012,22.1,68.9,6.4,4.9,20120827,27,0.0,232,2012-08-27,3.3,8,27.7,0.0
240,30.5,2012,22.2,72.0,10.0,0.0,20120828,28,14.5,232,2012-08-28,7.8,8,26.8,0.0
241,30.6,2012,23.9,72.6,7.4,7.2,20120829,29,0.5,232,2012-08-29,2.9,8,26.5,0.0
242,24.0,2012,19.1,90.9,9.8,0.0,20120830,30,136.0,232,2012-08-30,3.1,8,21.0,0.0
243,28.0,2012,16.9,76.1,4.1,9.2,20120831,31,0.0,232,2012-08-31,2.4,8,23.0,0.0
244,29.2,2012,20.9,80.4,7.8,4.7,20120901,1,0.1,232,2012-09-01,1.5,9,24.5,0.0
245,29.2,2012,20.0,85.8,7.1,4.2,20120902,2,0.5,232,2012-09-02,1.4,9,23.3,0.0
246,30.3,2012,20.2,78.6,5.8,5.7,20120903,3,0.0,232,2012-09-03,1.0,9,24.8,0.0
247,24.0,2012,20.5,91.6,9.4,0.0,20120904,4,43.5,232,2012-09-04,1.8,9,22.1,0.0
248,26.8,2012,15.0,79.6,4.8,7.9,20120905,5,3.5,232,2012-09-05,2.1,9,21.8,0.0
249,26.9,2012,13.2,71.9,0.1,11.7,20120906,6,0.0,232,2012-09-06,1.4,9,19.7,0.0
250,27.2,2012,14.6,75.5,6.5,6.4,20120907,7,12.0,232,2012-09-07,1.6,9,21.6,0.0
251,25.9,2012,18.7,78.1,8.4,3.9,20120908,8,17.0,232,2012-09-08,3.5,9,21.6,0.0
252,24.3,2012,17.9,81.4,9.1,0.3,20120909,9,0.0,232,2012-09-09,1.0,9,20.4,0.0
253,27.7,2012,17.3,80.1,4.5,5.2,20120910,10,0.0,232,2012-09-10,0.8,9,21.6,0.0
254,27.8,2012,17.0,72.6,3.4,10.9,20120911,11,0.0,232,2012-09-11,1.6,9,21.8,0.0
255,25.8,2012,18.1,80.4,9.1,0.4,20120912,12,0.0,232,2012-09-12,1.5,9,21.3,0.0
256,21.3,2012,19.2,92.0,10.0,0.0,20120913,13,2.5,232,2012-09-13,0.7,9,20.2,0.0
257,23.9,2012,16.6,80.4,9.9,0.3,20120914,14,3.5,232,2012-09-14,1.7,9,19.2,0.0
258,24.8,2012,15.3,80.3,9.5,1.9,20120915,15,0.0,232,2012-09-15,1.0,9,19.8,0.0
259,21.2,2012,16.7,84.8,10.0,0.0,20120916,16,9.5,232,2012-09-16,1.4,9,18.7,0.0
260,18.8,2012,17.1,90.0,10.0,0.0,20120917,17,97.5,232,2012-09-17,3.4,9,17.8,0.0
261,26.0,2012,16.9,75.9,6.6,8.6,20120918,18,0.0,232,2012-09-18,2.0,9,20.7,0.0
262,25.7,2012,14.6,76.3,4.5,7.6,20120919,19,0.0,232,2012-09-19,2.0,9,19.5,0.0
263,26.3,2012,13.6,80.6,2.0,5.6,20120920,20,0.0,232,2012-09-20,1.5,9,18.5,0.0
264,25.9,2012,13.4,77.3,4.3,7.9,20120921,21,0.0,232,2012-09-21,1.1,9,18.7,0.0
265,27.1,2012,13.7,76.0,4.4,7.8,20120922,22,0.0,232,2012-09-22,1.1,9,18.7,0.0
266,26.9,2012,12.9,74.9,0.9,10.1,20120923,23,0.0,232,2012-09-23,1.0,9,19.0,0.0
267,27.4,2012,12.8,69.9,0.0,11.3,20120924,24,0.0,232,2012-09-24,1.0,9,19.1,0.0
268,26.6,2012,12.5,69.6,0.3,11.3,20120925,25,0.0,232,2012-09-25,1.7,9,19.1,0.0
269,25.3,2012,14.2,67.4,6.0,8.1,20120926,26,0.0,232,2012-09-26,2.0,9,19.0,0.0
270,22.8,2012,14.2,81.3,7.1,1.2,20120927,27,0.0,232,2012-09-27,1.5,9,17.9,0.0
271,25.1,2012,13.5,82.9,3.1,5.3,20120928,28,0.5,232,2012-09-28,1.8,9,17.5,0.0
272,21.2,2012,11.3,71.6,5.8,9.4,20120929,29,0.0,232,2012-09-29,2.2,9,15.7,0.0
273,21.9,2012,9.9,75.5,2.0,11.2,20120930,30,0.0,232,2012-09-30,1.6,9,15.3,0.0
274,24.0,2012,9.4,75.3,1.1,10.0,20121001,1,0.0,232,2012-10-01,1.0,10,15.8,0.0
275,25.8,2012,10.5,75.3,0.8,10.7,20121002,2,0.0,232,2012-10-02,1.0,10,17.2,0.0
276,25.9,2012,11.3,71.5,3.8,10.0,20121003,3,0.0,232,2012-10-03,1.2,10,17.7,0.0
277,25.1,2012,10.9,73.6,1.5,8.5,20121004,4,0.0,232,2012-10-04,1.5,10,17.5,0.0
278,23.0,2012,11.2,82.5,6.9,4.0,20121005,5,0.0,232,2012-10-05,0.8,10,17.2,0.0
279,24.9,2012,13.1,75.8,4.3,5.8,20121006,6,0.0,232,2012-10-06,1.1,10,17.6,0.0
280,25.1,2012,10.6,73.9,1.0,10.2,20121007,7,0.0,232,2012-10-07,1.5,10,16.3,0.0
281,23.5,2012,10.5,66.1,1.8,9.9,20121008,8,0.0,232,2012-10-08,1.9,10,16.0,0.0
282,21.9,2012,9.2,71.5,4.1,7.4,20121009,9,0.0,232,2012-10-09,1.4,10,15.0,0.0
283,22.4,2012,9.5,82.0,4.4,5.0,20121010,10,0.4,232,2012-10-10,2.2,10,14.6,0.0
284,18.7,2012,5.8,66.4,0.0,11.1,20121011,11,0.0,232,2012-10-11,1.6,10,11.9,0.0
285,22.7,2012,3.7,66.9,1.1,10.6,20121012,12,0.0,232,2012-10-12,0.9,10,11.8,0.0
286,24.4,2012,7.0,71.5,4.4,8.4,20121013,13,0.0,232,2012-10-13,1.3,10,13.6,0.0
287,23.1,2012,6.9,68.6,2.4,8.9,20121014,14,0.0,232,2012-10-14,1.7,10,13.8,0.0
288,20.9,2012,4.1,61.5,1.1,10.1,20121015,15,0.0,232,2012-10-15,1.3,10,11.7,0.0
289,24.1,2012,4.8,63.9,4.1,8.7,20121016,16,0.0,232,2012-10-16,2.0,10,15.4,0.0
290,15.7,2012,5.6,65.5,4.6,6.1,20121017,17,6.0,232,2012-10-17,3.1,10,12.5,0.0
291,17.3,2012,1.4,65.8,0.0,10.4,20121018,18,0.0,232,2012-10-18,1.7,10,8.8,0.0
292,21.1,2012,5.0,66.9,2.3,9.2,20121019,19,0.0,232,2012-10-19,1.0,10,11.9,0.0
293,22.1,2012,6.5,71.9,3.0,6.7,20121020,20,0.0,232,2012-10-20,1.6,10,14.1,0.0
294,24.2,2012,9.3,76.1,1.6,9.7,20121021,21,0.0,232,2012-10-21,1.1,10,15.5,0.0
295,18.5,2012,10.7,83.6,9.0,0.0,20121022,22,33.0,232,2012-10-22,3.3,10,13.9,0.0
296,14.7,2012,5.1,61.4,1.3,10.3,20121023,23,0.0,232,2012-10-23,3.3,10,9.6,0.0
297,18.8,2012,5.5,74.5,4.5,6.6,20121024,24,0.0,232,2012-10-24,1.9,10,10.8,0.0
298,21.7,2012,7.1,79.8,2.4,6.0,20121025,25,0.0,232,2012-10-25,1.7,10,12.8,0.0
299,22.6,2012,6.9,71.3,3.8,9.6,20121026,26,0.0,232,2012-10-26,1.3,10,14.2,0.0
300,17.7,2012,13.1,86.4,10.0,0.0,20121027,27,26.0,232,2012-10-27,2.8,10,15.5,0.0
301,19.7,2012,7.8,74.9,2.6,9.6,20121028,28,0.0,232,2012-10-28,3.1,10,14.5,0.0
302,17.8,2012,4.5,74.5,6.0,8.6,20121029,29,0.0,232,2012-10-29,1.1,10,11.0,0.0
303,12.4,2012,2.2,69.5,2.8,9.6,20121030,30,0.2,232,2012-10-30,2.6,10,8.2,0.0
304,13.2,2012,0.1,70.4,5.9,7.3,20121031,31,1.0,232,2012-10-31,1.7,10,7.0,0.0
305,10.8,2012,0.9,56.9,1.3,10.1,20121101,1,0.2,232,2012-11-01,3.0,11,6.0,0.0
306,13.2,2012,-1.8,65.3,0.3,10.0,20121102,2,0.0,232,2012-11-02,1.2,11,4.8,0.0
307,17.9,2012,-0.7,63.5,1.0,9.7,20121103,3,0.0,232,2012-11-03,1.1,11,7.5,0.0
308,15.0,2012,5.6,65.0,8.9,0.8,20121104,4,4.0,232,2012-11-04,3.8,11,11.7,0.0
309,14.1,2012,7.0,86.1,8.8,1.9,20121105,5,1.5,232,2012-11-05,1.9,11,9.9,0.0
310,10.8,2012,6.4,83.5,9.3,1.0,20121106,6,3.0,232,2012-11-06,2.2,11,8.4,0.0
311,13.9,2012,4.2,81.4,6.3,4.5,20121107,7,0.0,232,2012-11-07,1.8,11,8.3,0.0
312,14.8,2012,3.5,86.4,9.1,0.7,20121108,8,0.0,232,2012-11-08,1.0,11,8.6,0.0
313,13.8,2012,4.4,91.0,3.8,2.8,20121109,9,0.0,232,2012-11-09,1.3,11,7.3,0.0
314,16.2,2012,3.4,60.8,5.8,8.0,20121110,10,0.4,232,2012-11-10,3.9,11,11.4,0.0
315,13.9,2012,6.9,67.6,8.6,1.7,20121111,11,20.0,232,2012-11-11,4.4,11,10.1,0.0
316,12.0,2012,5.3,57.8,8.0,3.4,20121112,12,1.0,232,2012-11-12,4.1,11,9.3,0.0
317,8.5,2012,2.9,82.0,9.0,2.2,20121113,13,10.5,232,2012-11-13,2.8,11,5.3,0.0
318,7.1,2012,0.8,68.1,6.8,7.0,20121114,14,2.0,232,2012-11-14,2.9,11,4.0,0.0
319,11.0,2012,-2.2,68.3,0.0,9.6,20121115,15,0.0,232,2012-11-15,1.1,11,3.0,0.0
320,8.0,2012,-1.8,81.1,7.1,0.7,20121116,16,4.5,232,2012-11-16,1.6,11,4.1,0.0
321,8.9,2012,4.2,69.3,6.0,6.0,20121117,17,1.0,232,2012-11-17,2.9,11,6.6,0.0
322,9.7,2012,-2.4,60.9,0.0,9.5,20121118,18,0.0,232,2012-11-18,1.3,11,2.8,0.0
323,10.2,2012,-1.0,65.3,7.0,6.5,20121119,19,2.0,232,2012-11-19,3.6,11,4.9,0.0
324,7.1,2012,-3.3,62.1,3.5,7.7,20121120,20,0.0,232,2012-11-20,1.7,11,2.1,0.0
325,9.6,2012,-3.2,73.0,4.3,6.1,20121121,21,0.0,232,2012-11-21,1.3,11,2.3,0.0
326,11.8,2012,-2.0,75.4,5.4,6.0,20121122,22,0.0,232,2012-11-22,1.0,11,4.7,0.0
327,7.4,2012,2.6,62.3,5.3,6.3,20121123,23,0.0,232,2012-11-23,3.0,11,4.6,0.0
328,6.9,2012,-3.6,61.6,0.0,9.1,20121124,24,0.0,232,2012-11-24,1.9,11,1.4,0.0
329,8.6,2012,-4.8,66.4,6.6,5.9,20121125,25,0.4,232,2012-11-25,1.2,11,2.4,0.0
330,6.8,2012,0.8,60.5,6.0,6.5,20121126,26,0.5,232,2012-11-26,3.6,11,3.4,0.0
331,7.0,2012,-5.1,56.0,1.4,9.1,20121127,27,0.0,232,2012-11-27,1.2,11,0.7,0.0
332,13.4,2012,0.3,61.5,6.8,2.3,20121128,28,1.5,232,2012-11-28,3.6,11,5.9,0.0
333,5.3,2012,-3.5,50.0,3.6,6.4,20121129,29,0.0,232,2012-11-29,2.0,11,0.5,0.0
334,8.2,2012,-3.8,54.4,4.3,7.6,20121130,30,0.1,232,2012-11-30,1.6,11,2.2,0.0
335,4.7,2012,-5.4,52.8,2.9,8.9,20121201,1,0.0,232,2012-12-01,1.9,12,-0.9,0.0
336,8.4,2012,-2.5,67.0,3.5,7.1,20121202,2,0.0,232,2012-12-02,1.7,12,2.4,0.0
337,7.6,2012,-3.5,77.8,7.6,0.5,20121203,3,4.7,232,2012-12-03,3.3,12,2.0,0.3
338,2.9,2012,-4.1,63.0,2.8,8.6,20121204,4,0.7,232,2012-12-04,3.0,12,-1.3,1.2
339,4.5,2012,-5.0,80.1,7.5,3.3,20121205,5,18.1,232,2012-12-05,2.7,12,-1.6,8.5
340,-3.4,2012,-13.4,68.8,4.4,7.7,20121206,6,1.2,232,2012-12-06,2.2,12,-5.6,2.4
341,0.4,2012,-4.8,83.1,8.5,3.2,20121207,7,5.8,232,2012-12-07,2.9,12,-2.6,7.6
342,-2.3,2012,-12.9,67.9,4.5,6.8,20121208,8,0.2,232,2012-12-08,1.7,12,-7.7,0.5
343,-4.9,2012,-14.0,62.4,1.5,8.6,20121209,9,0.0,232,2012-12-09,1.9,12,-10.1,0.0
344,-2.0,2012,-15.8,74.8,0.9,8.6,20121210,10,0.0,232,2012-12-10,1.1,12,-9.3,0.0
345,-1.3,2012,-14.9,70.5,2.8,8.4,20121211,11,0.0,232,2012-12-11,1.2,12,-6.8,0.0
346,0.8,2012,-13.7,74.3,0.0,8.6,20121212,12,0.0,232,2012-12-12,0.7,12,-7.6,0.0
347,4.0,2012,-11.8,72.8,2.1,8.6,20121213,13,0.0,232,2012-12-13,1.1,12,-4.1,0.0
348,5.2,2012,-2.8,82.1,10.0,0.2,20121214,14,17.5,232,2012-12-14,2.6,12,2.5,0.0
349,4.8,2012,-1.2,95.1,9.3,0.0,20121215,15,0.2,232,2012-12-15,1.2,12,2.4,0.0
350,2.7,2012,-2.4,94.8,8.3,0.4,20121216,16,0.0,232,2012-12-16,0.8,12,-0.3,0.0
351,4.3,2012,-1.5,77.8,7.6,5.5,20121217,17,0.0,232,2012-12-17,3.3,12,1.0,0.0
352,-1.5,2012,-5.9,57.0,2.3,8.6,20121218,18,0.0,232,2012-12-18,3.8,12,-4.4,0.0
353,-1.1,2012,-10.2,60.4,1.4,8.4,20121219,19,0.0,232,2012-12-19,1.8,12,-6.1,0.0
354,1.3,2012,-9.5,68.3,3.6,7.5,20121220,20,0.0,232,2012-12-20,1.3,12,-3.9,0.0
355,1.4,2012,-2.1,72.8,8.9,0.1,20121221,21,1.3,232,2012-12-21,1.8,12,0.0,2.0
356,0.6,2012,-4.8,76.6,5.1,4.3,20121222,22,0.0,232,2012-12-22,2.7,12,-1.3,0.0
357,-2.4,2012,-9.5,61.6,5.0,3.6,20121223,23,2.2,232,2012-12-23,3.9,12,-6.1,5.3
358,-3.4,2012,-15.9,63.8,2.0,8.5,20121224,24,0.1,232,2012-12-24,1.0,12,-8.8,0.5
359,-2.6,2012,-11.5,55.8,2.6,7.3,20121225,25,0.4,232,2012-12-25,3.4,12,-7.2,1.0
360,-5.7,2012,-15.6,45.3,0.6,8.5,20121226,26,0.0,232,2012-12-26,1.8,12,-10.6,0.0
361,-0.3,2012,-14.5,57.8,4.9,7.1,20121227,27,0.0,232,2012-12-27,1.1,12,-6.8,0.0
362,0.2,2012,-5.5,80.8,8.1,0.0,20121228,28,1.0,232,2012-12-28,1.3,12,-2.6,1.5
363,3.0,2012,-7.0,88.1,8.1,0.8,20121229,29,1.6,232,2012-12-29,1.0,12,-1.0,2.4
364,0.5,2012,-11.0,66.1,4.6,6.7,20121230,30,1.0,232,2012-12-30,3.5,12,-5.8,1.4
365,-2.7,2012,-13.4,62.3,1.0,8.2,20121231,31,0.0,232,2012-12-31,1.1,12,-8.4,0.0
