,cloud,sunshine,day,month,tmax,wind,date,rainfall,station_id,tmin,snow,Date,year,humid,tavg
0,0.0,1.7,1,1,8.1,0.9,20040101,0.0,232,-4.5,0.0,2004-01-01,2004,77.5,1.5
1,0.0,3.6,2,1,5.5,1.6,20040102,3.5,232,-4.0,0.0,2004-01-02,2004,79.1,1.1
2,0.0,7.6,3,1,8.1,1.1,20040103,0.0,232,-5.0,0.0,2004-01-03,2004,73.9,-0.2
3,0.0,8.6,4,1,7.3,0.7,20040104,0.0,232,-6.9,0.0,2004-01-04,2004,68.5,-1.6
4,0.0,8.1,5,1,9.5,0.4,20040105,0.0,232,-7.5,0.0,2004-01-05,2004,70.3,-1.3
5,0.0,2.3,6,1,8.5,0.9,20040106,0.0,232,-4.1,0.0,2004-01-06,2004,73.4,1.8
6,0.0,4.2,7,1,6.1,2.0,20040107,0.0,232,-2.7,0.0,2004-01-07,2004,72.6,0.7
7,0.0,8.0,8,1,7.4,0.7,20040108,0.0,232,-8.3,0.0,2004-01-08,2004,68.8,-2.4
8,0.0,7.6,9,1,6.0,1.1,20040109,0.0,232,-5.5,0.0,2004-01-09,2004,74.6,-0.8
9,0.0,7.4,10,1,2.7,2.4,20040110,0.0,232,-4.6,0.0,2004-01-10,2004,62.3,-0.8
10,0.0,5.0,11,1,6.1,0.9,20040111,0.0,232,-8.8,0.0,2004-01-11,2004,65.6,-2.6
11,0.0,1.3,12,1,3.5,2.5,20040112,0.5,232,-8.1,0.5,2004-01-12,2004,80.4,-2.1
12,0.0,5.0,13,1,-2.5,4.1,20040113,3.1,232,-11.6,5.7,2004-01-13,2004,74.9,-5.5
13,0.0,8.6,14,1,1.7,0.7,20040114,0.0,232,-16.6,0.0,2004-01-14,2004,69.6,-7.8
14,0.0,2.8,15,1,3.9,0.8,20040115,0.0,232,-10.6,0.0,2004-01-15,2004,74.0,-4.2
15,0.0,1.3,16,1,5.4,0.6,20040116,0.0,232,-8.8,0.0,2004-01-16,2004,79.1,-1.6
16,0.0,0.3,17,1,3.2,0.9,20040117,4.7,232,-3.2,5.2,2004-01-17,2004,92.1,0.3
17,0.0,0.0,18,1,3.0,1.8,20040118,1.5,232,-2.4,0.7,2004-01-18,2004,89.8,-0.2
18,0.0,7.8,19,1,2.2,2.0,20040119,0.6,232,-4.3,1.5,2004-01-19,2004,73.4,-1.1
19,0.0,8.7,20,1,2.0,1.9,20040120,0.2,232,-9.1,0.5,2004-01-20,2004,57.9,-3.8
20,0.0,4.3,21,1,-7.4,3.0,20040121,0.0,232,-14.6,0.3,2004-01-21,2004,59.0,-12.4
21,0.0,9.0,22,1,-7.1,2.9,20040122,0.2,232,-14.6,0.5,2004-01-22,2004,65.4,-11.4
22,0.0,8.8,23,1,-3.0,1.4,20040123,0.0,232,-16.3,0.0,2004-01-23,2004,70.0,-9.7
23,0.0,8.7,24,1,-2.0,1.6,20040124,0.9,232,-16.5,2.0,2004-01-24,2004,70.9,-8.4
24,0.0,3.6,25,1,-2.5,1.5,20040125,1.2,232,-12.1,1.6,2004-01-25,2004,76.1,-6.9
25,0.0,7.4,26,1,0.8,1.1,20040126,0.0,232,-16.2,0.0,2004-01-26,2004,69.6,-6.0
26,0.0,7.3,27,1,0.6,1.3,20040127,0.0,232,-13.6,0.0,2004-01-27,2004,74.4,-6.3
27,0.0,4.5,28,1,5.0,1.1,20040128,0.0,232,-11.3,0.0,2004-01-28,2004,76.9,-2.7
28,0.0,2.2,29,1,7.0,1.1,20040129,0.0,232,-6.4,0.0,2004-01-29,2004,74.3,0.8
29,0.0,8.3,30,1,6.4,1.0,20040130,0.0,232,-6.1,0.0,2004-01-30,2004,78.1,-0.8
30,0.0,8.7,31,1,9.0,1.0,20040131,0.0,232,-7.5,0.0,2004-01-31,2004,73.8,-0.7
31,0.0,6.4,1,2,9.5,1.1,20040201,0.0,232,-5.1,0.0,2004-02-01,2004,67.1,1.3
32,0.0,8.0,2,2,2.2,4.0,20040202,0.0,232,-3.7,0.0,2004-02-02,2004,53.3,-0.7
33,0.0,7.0,3,2,0.3,2.4,20040203,0.0,232,-6.5,0.0,2004-02-03,2004,56.9,-3.3
34,0.0,6.6,4,2,3.7,1.6,20040204,0.7,232,-8.1,2.2,2004-02-04,2004,70.3,-2.2
35,0.0,9.2,5,2,-0.8,3.1,20040205,0.8,232,-6.1,2.4,2004-02-05,2004,58.3,-3.8
36,0.0,6.5,6,2,1.2,2.3,20040206,0.9,232,-11.6,2.7,2004-02-06,2004,72.6,-4.2
37,0.0,7.8,7,2,-0.5,2.7,20040207,0.8,232,-7.4,2.2,2004-02-07,2004,68.9,-3.7
38,0.0,7.9,8,2,6.8,2.8,20040208,0.0,232,-7.5,0.0,2004-02-08,2004,62.9,0.4
39,0.0,9.8,9,2,3.2,1.4,20040209,0.0,232,-9.1,0.0,2004-02-09,2004,64.1,-3.0
40,0.0,9.5,10,2,4.9,0.9,20040210,0.0,232,-10.3,0.0,2004-02-10,2004,63.8,-2.6
41,0.0,4.6,11,2,9.0,2.1,20040211,0.0,232,-5.6,0.0,2004-02-11,2004,71.6,1.2
42,0.0,9.7,12,2,6.6,1.4,20040212,0.0,232,-5.1,0.0,2004-02-12,2004,70.1,-0.3
43,0.0,3.7,13,2,8.5,1.7,20040213,0.0,232,-5.1,0.0,2004-02-13,2004,57.9,2.4
44,0.0,3.4,14,2,8.5,5.3,20040214,0.5,232,-0.4,0.0,2004-02-14,2004,58.0,3.6
45,0.0,9.7,15,2,9.3,2.2,20040215,0.0,232,-6.0,0.0,2004-02-15,2004,61.0,1.8
46,0.0,8.1,16,2,12.3,1.8,20040216,0.0,232,-4.5,0.0,2004-02-16,2004,64.0,3.5
47,0.0,7.8,17,2,8.6,2.7,20040217,0.0,232,-3.4,0.0,2004-02-17,2004,56.0,3.7
48,0.0,9.8,18,2,13.8,1.6,20040218,0.0,232,-5.3,0.0,2004-02-18,2004,51.5,3.1
49,0.0,9.9,19,2,18.2,1.1,20040219,0.0,232,-5.3,0.0,2004-02-19,2004,48.1,5.0
50,0.0,9.2,20,2,20.6,1.6,20040220,0.0,232,-3.7,0.0,2004-02-20,2004,54.0,7.3
51,0.0,1.4,21,2,17.8,2.5,20040221,8.6,232,5.5,0.0,2004-02-21,2004,77.0,12.7
52,0.0,0.0,22,2,15.8,4.4,20040222,8.0,232,2.0,0.0,2004-02-22,2004,83.0,5.2
53,0.0,9.0,23,2,6.5,3.4,20040223,0.0,232,-3.0,0.0,2004-02-23,2004,60.8,1.5
54,0.0,4.5,24,2,9.3,2.3,20040224,0.0,232,-4.0,0.0,2004-02-24,2004,70.1,2.9
55,0.0,4.9,25,2,12.8,3.3,20040225,0.0,232,1.2,0.0,2004-02-25,2004,64.3,6.5
56,0.0,6.5,26,2,5.5,2.6,20040226,0.0,232,-3.2,0.0,2004-02-26,2004,59.6,1.2
57,0.0,10.1,27,2,7.5,1.8,20040227,0.0,232,-3.7,0.0,2004-02-27,2004,58.3,0.9
58,0.0,1.1,28,2,14.1,2.8,20040228,0.5,232,-3.0,0.0,2004-02-28,2004,62.0,6.3
59,0.0,7.3,29,2,7.9,3.8,20040229,0.5,232,1.2,0.0,2004-02-29,2004,54.3,3.5
60,0.0,9.9,1,3,7.0,3.0,20040301,0.0,232,-3.7,0.0,2004-03-01,2004,42.1,2.1
61,0.0,10.6,2,3,2.4,3.8,20040302,0.0,232,-4.8,0.0,2004-03-02,2004,38.3,-1.4
62,0.0,4.1,3,3,2.4,1.7,20040303,0.0,232,-6.1,0.0,2004-03-03,2004,43.4,-1.8
63,0.0,7.5,4,3,4.8,2.4,20040304,2.5,232,-8.8,0.1,2004-03-04,2004,56.5,0.0
64,0.0,0.0,5,3,1.7,1.4,20040305,14.8,232,-3.0,13.2,2004-03-05,2004,88.9,0.4
65,0.0,4.5,6,3,-0.8,4.1,20040306,0.2,232,-4.8,0.5,2004-03-06,2004,60.3,-2.8
66,0.0,10.6,7,3,2.4,2.5,20040307,0.0,232,-8.6,0.0,2004-03-07,2004,59.8,-3.1
67,0.0,4.1,8,3,7.0,1.4,20040308,0.0,232,-9.5,0.0,2004-03-08,2004,78.1,-0.5
68,0.0,9.4,9,3,12.8,2.5,20040309,0.0,232,-1.7,0.0,2004-03-09,2004,66.9,6.4
69,0.0,1.8,10,3,17.0,3.5,20040310,0.0,232,6.0,0.0,2004-03-10,2004,66.0,11.2
70,0.0,5.1,11,3,8.8,2.7,20040311,0.0,232,0.5,0.0,2004-03-11,2004,45.4,4.7
71,0.0,9.5,12,3,13.6,1.5,20040312,0.0,232,-1.0,0.0,2004-03-12,2004,47.9,5.2
72,0.0,6.7,13,3,14.6,1.2,20040313,0.0,232,-0.6,0.0,2004-03-13,2004,62.0,6.8
73,0.0,0.6,14,3,10.3,1.4,20040314,0.0,232,2.4,0.0,2004-03-14,2004,83.6,5.7
74,0.0,8.6,15,3,17.1,1.6,20040315,0.0,232,-1.1,0.0,2004-03-15,2004,65.0,7.9
75,0.0,5.8,16,3,21.7,3.0,20040316,0.0,232,4.0,0.0,2004-03-16,2004,43.6,14.9
76,0.0,0.1,17,3,19.0,5.2,20040317,3.0,232,-0.2,0.0,2004-03-17,2004,67.8,6.1
77,0.0,11.3,18,3,6.5,3.0,20040318,0.0,232,-2.0,0.0,2004-03-18,2004,43.3,1.7
78,0.0,7.7,19,3,10.1,1.4,20040319,0.0,232,-5.1,0.0,2004-03-19,2004,57.4,2.9
79,0.0,9.7,20,3,12.8,1.5,20040320,0.0,232,-1.7,0.0,2004-03-20,2004,53.1,4.9
80,0.0,6.5,21,3,17.5,1.6,20040321,0.0,232,0.4,0.0,2004-03-21,2004,51.5,8.6
81,0.0,8.6,22,3,15.6,1.7,20040322,0.5,232,1.8,0.0,2004-03-22,2004,56.4,8.9
82,0.0,9.6,23,3,16.2,1.4,20040323,0.0,232,-2.9,0.0,2004-03-23,2004,46.9,6.6
83,0.0,6.0,24,3,13.5,1.8,20040324,0.5,232,-0.8,0.0,2004-03-24,2004,61.5,6.5
84,0.0,6.6,25,3,13.5,1.5,20040325,0.0,232,0.4,0.0,2004-03-25,2004,60.5,5.7
85,0.0,11.2,26,3,17.0,1.2,20040326,0.0,232,-2.7,0.0,2004-03-26,2004,53.6,7.1
86,0.0,8.8,27,3,18.6,1.3,20040327,0.0,232,-2.2,0.0,2004-03-27,2004,49.3,7.7
87,0.0,11.2,28,3,20.2,1.7,20040328,0.0,232,-3.0,0.0,2004-03-28,2004,45.6,8.8
88,0.0,3.0,29,3,21.6,1.5,20040329,0.0,232,5.0,0.0,2004-03-29,2004,54.4,13.6
89,0.0,8.2,30,3,13.6,3.8,20040330,0.0,232,1.2,0.0,2004-03-30,2004,49.1,9.5
90,0.0,10.2,31,3,14.3,1.9,20040331,0.0,232,-3.0,0.0,2004-03-31,2004,51.6,6.1
91,0.0,4.9,1,4,18.5,2.2,20040401,6.0,232,-1.0,0.0,2004-04-01,2004,56.4,9.0
92,0.0,1.9,2,4,9.6,4.1,20040402,0.5,232,4.5,0.0,2004-04-02,2004,64.8,6.7
93,0.0,10.2,3,4,10.6,2.5,20040403,0.0,232,-0.3,0.0,2004-04-03,2004,62.4,5.2
94,0.0,11.5,4,4,12.6,2.1,20040404,0.0,232,-2.0,0.0,2004-04-04,2004,52.4,5.3
95,0.0,12.0,5,4,16.3,2.3,20040405,0.0,232,-2.7,0.0,2004-04-05,2004,44.4,7.3
96,0.0,0.4,6,4,14.1,1.3,20040406,2.0,232,0.8,0.0,2004-04-06,2004,56.5,6.9
97,0.0,8.1,7,4,14.3,3.1,20040407,0.0,232,3.5,0.0,2004-04-07,2004,53.9,8.7
98,0.0,11.9,8,4,17.7,2.0,20040408,0.0,232,-1.8,0.0,2004-04-08,2004,45.9,8.2
99,0.0,10.9,9,4,22.5,2.2,20040409,0.0,232,2.7,0.0,2004-04-09,2004,42.6,12.5
100,0.0,10.1,10,4,23.7,1.8,20040410,0.0,232,3.7,0.0,2004-04-10,2004,45.6,14.0
101,0.0,8.9,11,4,23.1,1.5,20040411,0.0,232,6.6,0.0,2004-04-11,2004,55.9,14.2
102,0.0,6.9,12,4,23.5,1.3,20040412,0.0,232,5.3,0.0,2004-04-12,2004,66.3,14.0
103,0.0,8.8,13,4,23.1,2.5,20040413,0.0,232,9.1,0.0,2004-04-13,2004,50.3,15.2
104,0.0,10.2,14,4,23.3,1.8,20040414,0.0,232,6.5,0.0,2004-04-14,2004,50.0,13.7
105,0.0,6.5,15,4,23.3,1.1,20040415,0.0,232,2.4,0.0,2004-04-15,2004,50.9,12.4
106,0.0,10.6,16,4,24.3,2.3,20040416,0.0,232,5.4,0.0,2004-04-16,2004,47.9,15.4
107,0.0,11.3,17,4,25.6,2.7,20040417,0.0,232,8.0,0.0,2004-04-17,2004,40.4,16.5
108,0.0,5.3,18,4,27.3,1.7,20040418,2.0,232,4.8,0.0,2004-04-18,2004,52.1,17.2
109,0.0,0.0,19,4,16.8,2.2,20040419,6.5,232,11.5,0.0,2004-04-19,2004,85.3,14.4
110,0.0,10.0,20,4,23.7,1.8,20040420,0.0,232,9.1,0.0,2004-04-20,2004,66.6,15.3
111,0.0,9.3,21,4,29.1,2.2,20040421,0.0,232,8.6,0.0,2004-04-21,2004,55.3,19.3
112,0.0,2.0,22,4,24.1,2.1,20040422,0.5,232,10.8,0.0,2004-04-22,2004,73.5,15.3
113,0.0,11.7,23,4,15.8,4.0,20040423,0.0,232,7.9,0.0,2004-04-23,2004,37.9,11.6
114,0.0,11.1,24,4,16.0,2.4,20040424,0.0,232,1.7,0.0,2004-04-24,2004,48.0,9.7
115,0.0,11.9,25,4,20.2,1.8,20040425,0.0,232,-0.2,0.0,2004-04-25,2004,38.9,11.0
116,0.0,0.0,26,4,13.8,1.9,20040426,33.5,232,6.9,0.0,2004-04-26,2004,61.8,10.1
117,0.0,0.5,27,4,10.6,2.4,20040427,16.5,232,3.2,0.0,2004-04-27,2004,82.8,7.4
118,0.0,12.2,28,4,18.7,1.7,20040428,0.0,232,1.0,0.0,2004-04-28,2004,64.9,10.1
119,0.0,12.1,29,4,22.7,1.9,20040429,0.0,232,4.1,0.0,2004-04-29,2004,52.0,13.8
120,0.0,1.3,30,4,23.1,1.3,20040430,0.0,232,9.6,0.0,2004-04-30,2004,66.3,16.1
121,0.0,9.7,1,5,25.0,2.7,20040501,0.0,232,12.6,0.0,2004-05-01,2004,55.4,18.8
122,0.0,0.0,2,5,21.1,2.8,20040502,0.1,232,13.0,0.0,2004-05-02,2004,65.8,16.3
123,0.0,0.0,3,5,18.2,2.3,20040503,21.5,232,10.0,0.0,2004-05-03,2004,91.9,14.5
124,0.0,11.1,4,5,20.1,2.9,20040504,2.0,232,8.5,0.0,2004-05-04,2004,60.4,13.5
125,0.0,11.7,5,5,23.5,2.8,20040505,0.0,232,5.4,0.0,2004-05-05,2004,58.0,14.8
126,0.0,11.5,6,5,23.7,2.1,20040506,0.0,232,9.5,0.0,2004-05-06,2004,51.5,16.4
127,0.0,10.8,7,5,26.5,1.1,20040507,0.0,232,6.0,0.0,2004-05-07,2004,51.1,16.3
128,0.0,0.0,8,5,22.0,1.5,20040508,2.0,232,9.8,0.0,2004-05-08,2004,61.4,17.0
129,0.0,0.0,9,5,16.6,2.3,20040509,43.5,232,13.3,0.0,2004-05-09,2004,88.5,15.2
130,0.0,0.0,10,5,17.5,1.8,20040510,9.5,232,14.3,0.0,2004-05-10,2004,86.1,16.1
131,0.0,5.9,11,5,23.0,1.1,20040511,0.0,232,11.5,0.0,2004-05-11,2004,74.8,16.9
132,0.0,0.0,12,5,18.1,1.2,20040512,20.0,232,13.1,0.0,2004-05-12,2004,88.5,16.0
133,0.0,3.6,13,5,18.3,2.6,20040513,0.5,232,12.3,0.0,2004-05-13,2004,80.9,15.1
134,0.0,8.1,14,5,27.0,1.4,20040514,0.0,232,10.1,0.0,2004-05-14,2004,67.4,17.5
135,0.0,0.0,15,5,16.7,1.2,20040515,2.0,232,12.8,0.0,2004-05-15,2004,82.6,15.0
136,0.0,3.5,16,5,21.2,1.3,20040516,0.0,232,11.8,0.0,2004-05-16,2004,73.1,15.6
137,0.0,5.5,17,5,18.3,2.5,20040517,0.0,232,10.6,0.0,2004-05-17,2004,71.6,14.7
138,0.0,6.3,18,5,25.0,2.7,20040518,0.0,232,10.1,0.0,2004-05-18,2004,60.6,18.0
139,0.0,10.9,19,5,26.6,3.3,20040519,0.0,232,16.8,0.0,2004-05-19,2004,45.4,20.9
140,0.0,8.1,20,5,25.8,3.0,20040520,0.0,232,14.8,0.0,2004-05-20,2004,62.3,19.5
141,0.0,9.6,21,5,22.1,3.1,20040521,1.5,232,10.3,0.0,2004-05-21,2004,63.0,16.4
142,0.0,13.0,22,5,24.5,1.9,20040522,0.0,232,9.1,0.0,2004-05-22,2004,50.5,17.3
143,0.0,12.0,23,5,22.0,2.2,20040523,0.0,232,10.6,0.0,2004-05-23,2004,61.0,16.5
144,0.0,13.2,24,5,25.1,2.0,20040524,0.0,232,9.6,0.0,2004-05-24,2004,57.4,17.2
145,0.0,12.2,25,5,26.7,1.6,20040525,0.0,232,10.1,0.0,2004-05-25,2004,51.6,18.3
146,0.0,0.0,26,5,20.7,0.9,20040526,0.0,232,12.1,0.0,2004-05-26,2004,66.8,16.7
147,0.0,3.5,27,5,28.1,1.6,20040527,0.5,232,14.1,0.0,2004-05-27,2004,66.5,20.6
148,0.0,0.0,28,5,22.7,1.9,20040528,24.5,232,18.0,0.0,2004-05-28,2004,84.5,20.1
149,0.0,7.3,29,5,25.7,1.4,20040529,0.0,232,15.8,0.0,2004-05-29,2004,75.0,20.3
150,0.0,3.6,30,5,26.7,1.8,20040530,0.0,232,16.0,0.0,2004-05-30,2004,73.6,20.3
151,0.0,12.5,31,5,24.3,2.7,20040531,0.0,232,12.8,0.0,2004-05-31,2004,53.1,18.9
152,0.0,12.7,1,6,28.7,1.3,20040601,0.0,232,9.5,0.0,2004-06-01,2004,52.8,19.5
153,0.0,11.8,2,6,30.0,1.4,20040602,0.0,232,13.0,0.0,2004-06-02,2004,53.5,21.3
154,0.0,12.1,3,6,32.0,1.4,20040603,0.0,232,13.8,0.0,2004-06-03,2004,54.5,23.5
155,0.0,8.3,4,6,31.7,1.4,20040604,0.0,232,16.8,0.0,2004-06-04,2004,53.3,23.5
156,0.0,4.6,5,6,31.0,1.4,20040605,0.0,232,15.3,0.0,2004-06-05,2004,51.0,23.3
157,0.0,2.0,6,6,29.1,1.4,20040606,0.0,232,18.7,0.0,2004-06-06,2004,50.1,23.3
158,0.0,0.0,7,6,21.2,1.4,20040607,0.5,232,17.5,0.0,2004-06-07,2004,68.8,19.4
159,0.0,0.5,8,6,21.2,1.4,20040608,2.0,232,15.5,0.0,2004-06-08,2004,76.8,18.2
160,0.0,10.9,9,6,26.0,1.6,20040609,0.0,232,15.3,0.0,2004-06-09,2004,68.4,20.3
161,0.0,10.4,10,6,29.3,1.3,20040610,0.0,232,14.3,0.0,2004-06-10,2004,68.0,21.8
162,0.0,11.5,11,6,30.7,1.8,20040611,0.0,232,17.2,0.0,2004-06-11,2004,56.1,23.5
163,0.0,10.0,12,6,28.7,2.0,20040612,0.0,232,16.7,0.0,2004-06-12,2004,62.3,22.8
164,0.0,13.1,13,6,27.0,2.0,20040613,0.0,232,12.8,0.0,2004-06-13,2004,55.9,21.1
165,0.0,12.1,14,6,28.7,1.3,20040614,0.0,232,12.6,0.0,2004-06-14,2004,52.5,20.8
166,0.0,10.7,15,6,32.5,0.9,20040615,0.0,232,12.8,0.0,2004-06-15,2004,51.0,22.2
167,0.0,7.1,16,6,31.2,1.4,20040616,0.0,232,14.6,0.0,2004-06-16,2004,53.1,23.0
168,0.0,0.0,17,6,20.0,2.0,20040617,39.5,232,16.8,0.0,2004-06-17,2004,84.5,17.7
169,0.0,1.9,18,6,26.7,1.9,20040618,0.5,232,16.5,0.0,2004-06-18,2004,79.4,21.5
170,0.0,0.0,19,6,21.7,2.0,20040619,97.5,232,19.5,0.0,2004-06-19,2004,89.1,20.0
171,0.0,0.0,20,6,23.7,2.0,20040620,66.0,232,19.2,0.0,2004-06-20,2004,88.9,21.4
172,0.0,1.4,21,6,25.8,1.5,20040621,8.5,232,18.7,0.0,2004-06-21,2004,79.5,22.0
173,0.0,2.6,22,6,26.6,1.6,20040622,19.0,232,18.0,0.0,2004-06-22,2004,77.8,21.2
174,0.0,4.3,23,6,27.3,1.7,20040623,1.5,232,18.8,0.0,2004-06-23,2004,78.5,22.5
175,0.0,1.3,24,6,28.1,1.5,20040624,0.0,232,18.7,0.0,2004-06-24,2004,75.9,23.3
176,0.0,2.5,25,6,25.8,2.1,20040625,0.0,232,18.5,0.0,2004-06-25,2004,72.6,22.5
177,0.0,5.2,26,6,29.7,1.5,20040626,0.0,232,20.2,0.0,2004-06-26,2004,71.6,23.7
178,0.0,1.6,27,6,28.1,1.4,20040627,0.0,232,18.7,0.0,2004-06-27,2004,76.1,22.6
179,0.0,0.0,28,6,25.5,0.8,20040628,0.0,232,18.5,0.0,2004-06-28,2004,79.4,21.3
180,0.0,2.2,29,6,25.6,1.3,20040629,0.0,232,17.3,0.0,2004-06-29,2004,74.9,21.9
181,0.0,0.0,30,6,27.2,0.8,20040630,0.0,232,20.1,0.0,2004-06-30,2004,78.5,23.1
182,0.0,2.4,1,7,29.0,1.8,20040701,9.0,232,20.0,0.0,2004-07-01,2004,79.1,23.3
183,0.0,0.0,2,7,24.5,1.6,20040702,4.5,232,21.2,0.0,2004-07-02,2004,86.3,22.8
184,0.0,0.0,3,7,25.5,1.1,20040703,13.5,232,19.7,0.0,2004-07-03,2004,87.8,22.9
185,0.0,0.0,4,7,25.8,3.1,20040704,26.0,232,19.3,0.0,2004-07-04,2004,83.5,22.4
186,0.0,3.1,5,7,27.7,2.8,20040705,5.5,232,18.7,0.0,2004-07-05,2004,74.0,23.1
187,0.0,1.5,6,7,28.2,2.2,20040706,0.2,232,22.1,0.0,2004-07-06,2004,76.6,24.5
188,0.0,0.0,7,7,22.7,0.9,20040707,56.5,232,18.5,0.0,2004-07-07,2004,90.1,20.9
189,0.0,0.0,8,7,24.3,1.3,20040708,1.5,232,19.6,0.0,2004-07-08,2004,83.3,21.9
190,0.0,6.8,9,7,28.8,1.2,20040709,0.0,232,18.5,0.0,2004-07-09,2004,75.0,22.7
191,0.0,6.8,10,7,29.1,1.2,20040710,0.0,232,18.7,0.0,2004-07-10,2004,75.3,22.8
192,0.0,0.0,11,7,25.1,1.5,20040711,15.5,232,17.8,0.0,2004-07-11,2004,84.4,21.3
193,0.0,0.0,12,7,27.3,2.2,20040712,47.5,232,20.7,0.0,2004-07-12,2004,80.5,24.2
194,0.0,0.0,13,7,26.2,1.3,20040713,3.0,232,21.1,0.0,2004-07-13,2004,84.3,23.3
195,0.0,0.5,14,7,25.7,1.1,20040714,1.0,232,20.3,0.0,2004-07-14,2004,82.3,23.3
196,0.0,0.0,15,7,24.7,1.8,20040715,63.0,232,21.7,0.0,2004-07-15,2004,86.6,22.8
197,0.0,0.0,16,7,26.1,1.6,20040716,63.0,232,21.6,0.0,2004-07-16,2004,87.8,23.7
198,0.0,0.1,17,7,25.7,2.1,20040717,54.0,232,21.8,0.0,2004-07-17,2004,84.0,23.7
199,0.0,3.2,18,7,30.2,2.4,20040718,0.0,232,22.7,0.0,2004-07-18,2004,75.3,26.4
200,0.0,0.9,19,7,29.7,1.9,20040719,0.0,232,23.2,0.0,2004-07-19,2004,74.0,26.4
201,0.0,2.5,20,7,30.5,1.7,20040720,0.0,232,23.0,0.0,2004-07-20,2004,77.1,26.4
202,0.0,5.6,21,7,32.4,0.8,20040721,0.0,232,22.7,0.0,2004-07-21,2004,76.1,27.1
203,0.0,10.5,22,7,32.7,1.5,20040722,0.0,232,23.0,0.0,2004-07-22,2004,74.9,27.1
204,0.0,11.6,23,7,34.0,1.4,20040723,0.0,232,23.2,0.0,2004-07-23,2004,72.3,27.6
205,0.0,5.2,24,7,32.5,1.2,20040724,0.0,232,21.7,0.0,2004-07-24,2004,72.4,26.3
206,0.0,3.8,25,7,29.8,1.6,20040725,1.5,232,20.7,0.0,2004-07-25,2004,77.9,25.4
207,0.0,4.6,26,7,31.7,1.7,20040726,0.0,232,23.2,0.0,2004-07-26,2004,76.0,26.5
208,0.0,4.5,27,7,31.5,1.6,20040727,0.0,232,23.7,0.0,2004-07-27,2004,74.0,27.1
209,0.0,6.4,28,7,33.7,1.2,20040728,0.0,232,22.0,0.0,2004-07-28,2004,74.4,27.3
210,0.0,11.1,29,7,33.7,1.2,20040729,0.0,232,23.6,0.0,2004-07-29,2004,71.1,28.0
211,0.0,11.6,30,7,34.2,1.4,20040730,0.0,232,23.2,0.0,2004-07-30,2004,69.9,27.8
212,0.0,10.5,31,7,34.7,1.7,20040731,0.0,232,21.7,0.0,2004-07-31,2004,74.3,27.2
213,0.0,10.8,1,8,33.9,2.1,20040801,0.0,232,21.7,0.0,2004-08-01,2004,63.3,28.2
214,0.0,11.7,2,8,33.5,1.3,20040802,0.0,232,20.7,0.0,2004-08-02,2004,66.6,27.1
215,0.0,7.8,3,8,33.7,1.5,20040803,0.0,232,23.1,0.0,2004-08-03,2004,69.6,27.9
216,0.0,5.7,4,8,34.0,1.4,20040804,0.2,232,23.2,0.0,2004-08-04,2004,76.9,26.8
217,0.0,5.3,5,8,33.7,1.7,20040805,0.0,232,24.0,0.0,2004-08-05,2004,74.1,27.2
218,0.0,5.9,6,8,33.2,1.4,20040806,0.0,232,22.8,0.0,2004-08-06,2004,75.4,27.4
219,0.0,11.0,7,8,33.9,1.2,20040807,0.0,232,22.5,0.0,2004-08-07,2004,70.6,27.7
220,0.0,7.0,8,8,33.0,1.3,20040808,0.0,232,21.8,0.0,2004-08-08,2004,74.1,27.3
221,0.0,6.4,9,8,32.5,1.3,20040809,0.0,232,24.2,0.0,2004-08-09,2004,73.5,27.8
222,0.0,7.7,10,8,36.7,1.2,20040810,0.0,232,22.2,0.0,2004-08-10,2004,72.9,28.0
223,0.0,11.4,11,8,35.5,1.5,20040811,0.0,232,22.6,0.0,2004-08-11,2004,66.9,28.0
224,0.0,10.9,12,8,35.0,1.6,20040812,0.0,232,21.2,0.0,2004-08-12,2004,67.3,27.4
225,0.0,10.0,13,8,33.2,1.4,20040813,0.0,232,21.2,0.0,2004-08-13,2004,71.6,27.0
226,0.0,2.2,14,8,31.7,1.2,20040814,0.0,232,22.7,0.0,2004-08-14,2004,76.3,25.7
227,0.0,2.6,15,8,32.5,1.1,20040815,0.1,232,21.3,0.0,2004-08-15,2004,73.4,25.8
228,0.0,4.5,16,8,29.7,1.9,20040816,83.0,232,21.7,0.0,2004-08-16,2004,77.5,24.4
229,0.0,1.9,17,8,30.2,1.3,20040817,35.5,232,22.0,0.0,2004-08-17,2004,84.0,26.2
230,0.0,0.0,18,8,25.1,2.0,20040818,61.5,232,21.3,0.0,2004-08-18,2004,89.9,23.4
231,0.0,1.3,19,8,25.3,2.1,20040819,38.0,232,19.7,0.0,2004-08-19,2004,82.1,21.9
232,0.0,2.0,20,8,25.7,1.7,20040820,0.0,232,19.7,0.0,2004-08-20,2004,79.0,22.1
233,0.0,0.9,21,8,27.3,1.9,20040821,0.0,232,19.5,0.0,2004-08-21,2004,79.3,22.4
234,0.0,0.0,22,8,23.2,2.2,20040822,0.5,232,20.3,0.0,2004-08-22,2004,80.8,21.4
235,0.0,0.0,23,8,24.1,1.3,20040823,1.0,232,18.7,0.0,2004-08-23,2004,81.3,21.3
236,0.0,6.4,24,8,30.2,0.8,20040824,0.0,232,19.0,0.0,2004-08-24,2004,73.6,23.7
237,0.0,2.5,25,8,28.8,1.3,20040825,0.0,232,18.5,0.0,2004-08-25,2004,78.1,23.5
238,0.0,0.1,26,8,24.5,1.7,20040826,9.5,232,20.5,0.0,2004-08-26,2004,86.0,22.2
239,0.0,5.9,27,8,29.1,2.0,20040827,0.0,232,19.7,0.0,2004-08-27,2004,75.8,23.6
240,0.0,6.9,28,8,29.2,2.2,20040828,0.0,232,19.2,0.0,2004-08-28,2004,63.0,23.7
241,0.0,9.6,29,8,31.1,1.8,20040829,0.0,232,20.0,0.0,2004-08-29,2004,67.3,24.7
242,0.0,3.1,30,8,30.2,2.0,20040830,0.0,232,21.1,0.0,2004-08-30,2004,73.6,24.6
243,0.0,8.7,31,8,29.2,1.3,20040831,0.0,232,15.3,0.0,2004-08-31,2004,72.1,22.7
244,0.0,8.3,1,9,28.6,1.5,20040901,0.0,232,14.8,0.0,2004-09-01,2004,69.8,21.7
245,0.0,10.6,2,9,28.7,1.5,20040902,0.0,232,13.5,0.0,2004-09-02,2004,67.5,20.5
246,0.0,5.8,3,9,28.1,1.2,20040903,0.0,232,13.5,0.0,2004-09-03,2004,73.6,20.7
247,0.0,7.1,4,9,31.3,1.0,20040904,0.0,232,16.7,0.0,2004-09-04,2004,71.5,22.1
248,0.0,6.7,5,9,29.7,1.5,20040905,0.5,232,16.1,0.0,2004-09-05,2004,69.6,22.5
249,0.0,6.9,6,9,27.0,2.8,20040906,15.0,232,17.7,0.0,2004-09-06,2004,75.9,21.7
250,0.0,0.0,7,9,21.6,2.4,20040907,14.0,232,18.2,0.0,2004-09-07,2004,84.0,19.7
251,0.0,9.1,8,9,26.2,1.4,20040908,0.0,232,16.3,0.0,2004-09-08,2004,74.1,20.7
252,0.0,7.3,9,9,28.5,0.8,20040909,0.0,232,14.1,0.0,2004-09-09,2004,76.6,19.5
253,0.0,4.2,10,9,25.8,1.0,20040910,0.0,232,12.3,0.0,2004-09-10,2004,72.6,19.6
254,0.0,0.0,11,9,20.1,1.9,20040911,43.0,232,16.2,0.0,2004-09-11,2004,86.6,17.3
255,0.0,0.0,12,9,23.1,2.7,20040912,29.0,232,17.6,0.0,2004-09-12,2004,82.1,21.3
256,0.0,0.3,13,9,22.8,1.0,20040913,16.5,232,15.8,0.0,2004-09-13,2004,85.6,20.1
257,0.0,6.2,14,9,27.7,2.0,20040914,0.0,232,14.5,0.0,2004-09-14,2004,76.4,21.1
258,0.0,6.2,15,9,27.2,3.0,20040915,0.0,232,19.8,0.0,2004-09-15,2004,68.4,23.2
259,0.0,6.0,16,9,28.8,1.3,20040916,25.0,232,17.8,0.0,2004-09-16,2004,77.9,22.3
260,0.0,4.8,17,9,29.1,1.2,20040917,2.5,232,17.7,0.0,2004-09-17,2004,79.8,23.0
261,0.0,0.4,18,9,24.7,1.5,20040918,11.5,232,16.2,0.0,2004-09-18,2004,84.3,20.9
262,0.0,10.4,19,9,25.6,0.9,20040919,0.0,232,11.1,0.0,2004-09-19,2004,71.8,18.4
263,0.0,0.0,20,9,17.8,1.3,20040920,31.0,232,12.8,0.0,2004-09-20,2004,87.4,15.0
264,0.0,5.4,21,9,20.7,1.3,20040921,1.0,232,11.8,0.0,2004-09-21,2004,81.6,15.4
265,0.0,7.3,22,9,25.6,1.1,20040922,0.0,232,10.6,0.0,2004-09-22,2004,80.0,16.2
266,0.0,4.6,23,9,25.3,1.1,20040923,0.0,232,13.5,0.0,2004-09-23,2004,79.3,18.1
267,0.0,10.2,24,9,27.2,0.8,20040924,0.0,232,12.0,0.0,2004-09-24,2004,76.0,18.3
268,0.0,6.1,25,9,24.2,1.9,20040925,0.0,232,12.8,0.0,2004-09-25,2004,68.8,18.8
269,0.0,0.1,26,9,21.8,1.7,20040926,0.0,232,15.3,0.0,2004-09-26,2004,76.1,18.1
270,0.0,10.2,27,9,27.0,1.1,20040927,0.0,232,12.3,0.0,2004-09-27,2004,73.4,18.8
271,0.0,1.1,28,9,25.5,1.2,20040928,0.0,232,12.5,0.0,2004-09-28,2004,79.3,18.1
272,0.0,10.2,29,9,26.6,1.3,20040929,0.0,232,12.6,0.0,2004-09-29,2004,69.9,19.4
273,0.0,8.4,30,9,27.8,1.1,20040930,0.0,232,10.8,0.0,2004-09-30,2004,70.6,18.8
274,0.0,1.6,1,10,23.1,2.2,20041001,1.0,232,12.0,0.0,2004-10-01,2004,72.8,16.1
275,0.0,11.0,2,10,17.1,2.4,20041002,0.0,232,5.3,0.0,2004-10-02,2004,53.4,11.3
276,0.0,11.1,3,10,18.8,0.9,20041003,0.0,232,2.2,0.0,2004-10-03,2004,68.3,9.6
277,0.0,7.8,4,10,21.8,0.7,20041004,0.0,232,4.0,0.0,2004-10-04,2004,73.0,11.9
278,0.0,10.7,5,10,22.7,0.8,20041005,0.0,232,4.5,0.0,2004-10-05,2004,70.8,12.9
279,0.0,7.0,6,10,24.3,0.9,20041006,0.0,232,7.6,0.0,2004-10-06,2004,78.3,14.3
280,0.0,3.2,7,10,23.3,0.6,20041007,0.0,232,8.1,0.0,2004-10-07,2004,76.9,15.2
281,0.0,5.7,8,10,24.6,0.6,20041008,0.0,232,9.6,0.0,2004-10-08,2004,82.0,15.7
282,0.0,8.0,9,10,24.6,1.4,20041009,0.0,232,9.6,0.0,2004-10-09,2004,71.5,15.9
283,0.0,9.6,10,10,24.8,1.3,20041010,0.0,232,8.6,0.0,2004-10-10,2004,69.3,15.7
284,0.0,6.1,11,10,23.7,1.0,20041011,0.0,232,8.1,0.0,2004-10-11,2004,74.3,14.8
285,0.0,9.2,12,10,18.2,2.8,20041012,0.0,232,5.4,0.0,2004-10-12,2004,58.3,13.7
286,0.0,9.0,13,10,20.2,1.5,20041013,3.5,232,2.4,0.0,2004-10-13,2004,66.4,11.1
287,0.0,10.6,14,10,16.2,2.2,20041014,0.0,232,5.1,0.0,2004-10-14,2004,60.5,10.1
288,0.0,10.1,15,10,20.8,1.3,20041015,0.0,232,3.5,0.0,2004-10-15,2004,74.0,11.6
289,0.0,7.7,16,10,24.6,1.6,20041016,0.0,232,5.1,0.0,2004-10-16,2004,71.5,14.4
290,0.0,8.1,17,10,21.7,2.1,20041017,0.0,232,6.8,0.0,2004-10-17,2004,63.6,14.8
291,0.0,1.7,18,10,22.7,1.3,20041018,0.0,232,10.3,0.0,2004-10-18,2004,70.0,15.6
292,0.0,7.8,19,10,24.6,0.9,20041019,0.0,232,7.8,0.0,2004-10-19,2004,75.6,14.8
293,0.0,6.2,20,10,24.2,1.7,20041020,0.0,232,8.5,0.0,2004-10-20,2004,72.8,15.0
294,0.0,8.9,21,10,23.7,1.7,20041021,0.0,232,5.1,0.0,2004-10-21,2004,65.8,15.2
295,0.0,10.2,22,10,18.2,2.4,20041022,0.0,232,5.5,0.0,2004-10-22,2004,53.3,12.5
296,0.0,8.0,23,10,20.5,0.7,20041023,0.0,232,1.8,0.0,2004-10-23,2004,64.1,9.2
297,0.0,5.3,24,10,21.8,1.9,20041024,0.0,232,7.5,0.0,2004-10-24,2004,60.9,14.2
298,0.0,1.6,25,10,20.2,0.7,20041025,0.0,232,7.8,0.0,2004-10-25,2004,74.8,13.3
299,0.0,9.3,26,10,16.7,2.8,20041026,0.0,232,3.5,0.0,2004-10-26,2004,55.4,11.5
300,0.0,9.6,27,10,19.5,0.9,20041027,0.0,232,-0.5,0.0,2004-10-27,2004,67.6,8.1
301,0.0,6.6,28,10,18.7,0.8,20041028,0.0,232,2.2,0.0,2004-10-28,2004,74.9,10.3
302,0.0,7.8,29,10,21.1,1.0,20041029,0.0,232,5.3,0.0,2004-10-29,2004,76.3,12.2
303,0.0,8.7,30,10,24.3,0.8,20041030,0.0,232,7.3,0.0,2004-10-30,2004,72.4,14.1
304,0.0,9.4,31,10,25.7,1.0,20041031,0.0,232,5.5,0.0,2004-10-31,2004,69.0,13.4
305,0.0,4.8,1,11,21.2,1.6,20041101,14.5,232,7.0,0.0,2004-11-01,2004,76.1,14.3
306,0.0,0.1,2,11,14.1,1.7,20041102,2.0,232,10.3,0.0,2004-11-02,2004,84.8,12.1
307,0.0,4.3,3,11,15.8,1.6,20041103,2.5,232,7.0,0.0,2004-11-03,2004,80.6,10.8
308,0.0,8.4,4,11,18.2,0.8,20041104,0.0,232,5.9,0.0,2004-11-04,2004,80.3,10.9
309,0.0,4.0,5,11,17.3,1.8,20041105,8.0,232,4.4,0.0,2004-11-05,2004,77.6,11.5
310,0.0,9.7,6,11,14.1,1.7,20041106,0.0,232,2.0,0.0,2004-11-06,2004,63.1,8.3
311,0.0,9.4,7,11,19.6,1.0,20041107,0.0,232,0.0,0.0,2004-11-07,2004,75.4,8.0
312,0.0,8.4,8,11,21.6,1.3,20041108,0.0,232,4.5,0.0,2004-11-08,2004,75.3,12.2
313,0.0,6.0,9,11,24.1,1.4,20041109,0.0,232,7.3,0.0,2004-11-09,2004,66.1,14.6
314,0.0,0.0,10,11,18.5,2.0,20041110,8.5,232,10.6,0.0,2004-11-10,2004,78.3,15.8
315,0.0,0.0,11,11,16.2,2.1,20041111,1.0,232,10.3,0.0,2004-11-11,2004,86.6,14.1
316,0.0,6.6,12,11,11.1,3.4,20041112,0.0,232,-0.5,0.0,2004-11-12,2004,60.9,6.5
317,0.0,0.4,13,11,8.0,0.8,20041113,0.0,232,-2.7,0.0,2004-11-13,2004,70.1,3.0
318,0.0,6.8,14,11,13.3,0.9,20041114,0.0,232,0.6,0.0,2004-11-14,2004,74.8,6.2
319,0.0,9.1,15,11,8.6,3.1,20041115,0.0,232,-0.3,0.0,2004-11-15,2004,58.3,5.1
320,0.0,6.9,16,11,13.3,1.1,20041116,0.0,232,-0.4,0.0,2004-11-16,2004,66.1,6.3
321,0.0,6.8,17,11,15.6,0.8,20041117,0.0,232,1.1,0.0,2004-11-17,2004,77.4,7.7
322,0.0,3.0,18,11,15.8,0.9,20041118,0.0,232,4.1,0.0,2004-11-18,2004,77.8,9.0
323,0.0,6.3,19,11,15.8,0.7,20041119,0.0,232,1.0,0.0,2004-11-19,2004,81.8,6.4
324,0.0,2.9,20,11,12.6,2.1,20041120,0.0,232,0.5,0.0,2004-11-20,2004,75.8,6.3
325,0.0,8.9,21,11,12.6,0.9,20041121,0.0,232,-1.3,0.0,2004-11-21,2004,77.9,4.6
326,0.0,8.4,22,11,14.1,0.8,20041122,0.0,232,-1.2,0.0,2004-11-22,2004,80.5,4.8
327,0.0,8.2,23,11,15.8,0.7,20041123,0.0,232,-1.2,0.0,2004-11-23,2004,79.9,5.6
328,0.0,2.7,24,11,16.0,0.7,20041124,0.0,232,0.6,0.0,2004-11-24,2004,80.6,6.7
329,0.0,4.9,25,11,17.2,0.7,20041125,0.0,232,1.0,0.0,2004-11-25,2004,77.6,7.7
330,0.0,1.9,26,11,11.1,4.4,20041126,16.5,232,3.7,0.0,2004-11-26,2004,78.9,7.3
331,0.0,0.2,27,11,10.8,1.4,20041127,0.0,232,2.4,0.0,2004-11-27,2004,76.5,7.3
332,0.0,6.0,28,11,12.1,1.0,20041128,0.0,232,2.0,0.0,2004-11-28,2004,73.5,6.9
333,0.0,8.6,29,11,11.5,1.0,20041129,0.0,232,-1.6,0.0,2004-11-29,2004,71.1,3.4
334,0.0,2.6,30,11,10.3,0.7,20041130,0.0,232,-2.0,0.0,2004-11-30,2004,80.0,2.9
335,0.0,5.4,1,12,10.3,0.9,20041201,0.0,232,-2.5,0.0,2004-12-01,2004,78.5,3.1
336,0.0,8.7,2,12,16.1,1.7,20041202,0.0,232,-2.2,0.0,2004-12-02,2004,69.8,6.8
337,0.0,8.6,3,12,18.2,1.4,20041203,0.0,232,3.0,0.0,2004-12-03,2004,73.1,9.6
338,0.0,0.0,4,12,12.8,2.6,20041204,24.5,232,8.6,0.0,2004-12-04,2004,89.1,10.9
339,0.0,1.5,5,12,8.6,4.7,20041205,0.0,232,-0.6,0.0,2004-12-05,2004,66.4,4.1
340,0.0,6.9,6,12,10.0,1.8,20041206,5.0,232,-3.0,0.0,2004-12-06,2004,73.8,4.3
341,0.0,8.0,7,12,9.0,1.5,20041207,0.5,232,-0.4,0.0,2004-12-07,2004,73.4,3.8
342,0.0,2.7,8,12,11.5,2.0,20041208,0.0,232,0.3,0.0,2004-12-08,2004,68.1,5.7
343,0.0,8.4,9,12,13.5,2.2,20041209,0.0,232,1.7,0.0,2004-12-09,2004,69.6,6.7
344,0.0,5.0,10,12,11.8,2.7,20041210,0.0,232,1.7,0.0,2004-12-10,2004,61.5,7.3
345,0.0,7.2,11,12,10.6,0.7,20041211,0.0,232,-3.2,0.0,2004-12-11,2004,66.9,2.2
346,0.0,5.4,12,12,12.3,2.2,20041212,0.0,232,1.2,0.0,2004-12-12,2004,65.1,6.8
347,0.0,8.5,13,12,8.1,1.0,20041213,0.0,232,-3.0,0.0,2004-12-13,2004,71.9,1.3
348,0.0,6.2,14,12,10.3,1.5,20041214,0.0,232,-3.5,0.0,2004-12-14,2004,61.0,3.1
349,0.0,0.3,15,12,13.6,1.4,20041215,1.5,232,2.2,0.0,2004-12-15,2004,69.0,8.0
350,0.0,8.1,16,12,9.1,2.1,20041216,0.0,232,-1.7,0.0,2004-12-16,2004,74.6,4.7
351,0.0,4.6,17,12,10.1,1.2,20041217,0.0,232,-3.0,0.0,2004-12-17,2004,76.6,3.0
352,0.0,3.4,18,12,9.0,1.1,20041218,0.0,232,-1.7,0.0,2004-12-18,2004,77.0,3.9
353,0.0,4.3,19,12,12.1,1.6,20041219,1.0,232,-3.2,0.0,2004-12-19,2004,76.5,4.8
354,0.0,8.3,20,12,7.5,3.6,20041220,0.5,232,-4.0,0.0,2004-12-20,2004,62.1,-0.4
355,0.0,7.2,21,12,3.0,1.2,20041221,0.0,232,-6.3,0.0,2004-12-21,2004,64.8,-2.5
356,0.0,4.5,22,12,2.7,1.9,20041222,0.0,232,-4.5,0.0,2004-12-22,2004,55.4,-1.7
357,0.0,7.9,23,12,1.3,1.0,20041223,0.0,232,-8.8,0.0,2004-12-23,2004,64.8,-4.6
358,0.0,5.7,24,12,4.6,0.7,20041224,0.0,232,-8.1,0.0,2004-12-24,2004,69.4,-1.1
359,0.0,2.8,25,12,3.7,2.1,20041225,0.0,232,-0.6,0.0,2004-12-25,2004,65.8,1.4
360,0.0,8.4,26,12,2.9,1.9,20041226,0.0,232,-5.1,0.0,2004-12-26,2004,59.8,-1.2
361,0.0,8.1,27,12,2.2,1.6,20041227,0.0,232,-7.6,0.0,2004-12-27,2004,66.5,-3.2
362,0.0,3.0,28,12,-0.6,1.6,20041228,0.0,232,-9.5,0.0,2004-12-28,2004,55.5,-4.0
363,0.0,8.4,29,12,-0.1,2.2,20041229,0.0,232,-8.6,0.0,2004-12-29,2004,58.6,-4.6
364,0.0,6.2,30,12,1.7,1.1,20041230,0.0,232,-9.3,0.0,2004-12-30,2004,66.6,-3.3
365,0.0,6.0,31,12,0.2,2.5,20041231,0.0,232,-7.5,0.0,2004-12-31,2004,55.9,-2.7
