,station_id,tmin,date,rainfall,wind,sunshine,tmax,year,month,cloud,day,humid,Date,tavg,snow
0,232,-5.1,20070101,0.0,1.1,0.6,5.0,2007,1,0.0,1,55.5,2007-01-01,0.5,0.0
1,232,-3.7,20070102,0.0,1.3,0.2,4.4,2007,1,0.0,2,71.6,2007-01-02,1.4,0.0
2,232,-5.4,20070103,0.0,0.7,4.9,9.5,2007,1,0.0,3,75.6,2007-01-03,1.1,0.0
3,232,-4.0,20070104,0.0,0.5,7.5,10.1,2007,1,0.0,4,70.5,2007-01-04,1.0,0.0
4,232,-5.0,20070105,0.0,1.0,3.1,8.6,2007,1,0.0,5,73.8,2007-01-05,1.0,0.0
5,232,-2.9,20070106,3.5,4.6,1.3,2.7,2007,1,0.0,6,73.4,2007-01-06,-1.1,5.2
6,232,-8.6,20070107,0.0,3.1,0.5,-0.5,2007,1,0.0,7,65.3,2007-01-07,-2.9,0.0
7,232,-6.5,20070108,0.0,2.2,6.3,0.2,2007,1,0.0,8,65.0,2007-01-08,-3.0,0.0
8,232,-9.1,20070109,0.0,1.1,7.1,3.0,2007,1,0.0,9,67.8,2007-01-09,-2.6,0.0
9,232,-7.1,20070110,0.0,0.9,7.0,3.0,2007,1,0.0,10,76.6,2007-01-10,-2.9,0.0
10,232,-8.1,20070111,0.0,0.7,5.8,2.0,2007,1,0.0,11,73.9,2007-01-11,-3.8,0.0
11,232,-6.0,20070112,0.0,2.3,7.5,0.3,2007,1,0.0,12,58.4,2007-01-12,-3.1,0.0
12,232,-10.6,20070113,0.0,1.9,7.6,-1.2,2007,1,0.0,13,60.5,2007-01-13,-6.3,0.0
13,232,-12.1,20070114,0.0,0.9,8.8,2.2,2007,1,0.0,14,61.8,2007-01-14,-5.6,0.0
14,232,-10.6,20070115,0.0,0.7,6.6,4.0,2007,1,0.0,15,66.5,2007-01-15,-3.3,0.0
15,232,-5.0,20070116,0.0,0.7,0.4,5.0,2007,1,0.0,16,69.6,2007-01-16,-0.7,0.0
16,232,-4.8,20070117,0.0,0.9,2.4,4.5,2007,1,0.0,17,74.5,2007-01-17,-0.9,0.0
17,232,-6.8,20070118,0.0,2.0,8.7,3.0,2007,1,0.0,18,62.1,2007-01-18,-1.0,0.0
18,232,-10.1,20070119,0.0,0.8,8.4,4.3,2007,1,0.0,19,61.9,2007-01-19,-3.3,0.0
19,232,-9.1,20070120,0.0,0.9,8.8,5.4,2007,1,0.0,20,62.3,2007-01-20,-3.3,0.0
20,232,-10.1,20070121,0.0,0.7,7.5,7.0,2007,1,0.0,21,63.9,2007-01-21,-3.4,0.0
21,232,-5.5,20070122,0.0,1.4,6.6,4.6,2007,1,0.0,22,67.6,2007-01-22,-0.4,0.0
22,232,-7.5,20070123,0.0,0.9,3.0,5.5,2007,1,0.0,23,72.3,2007-01-23,-1.5,0.0
23,232,-7.1,20070124,0.0,1.3,8.5,5.8,2007,1,0.0,24,69.0,2007-01-24,-1.7,0.0
24,232,-8.3,20070125,0.0,0.9,7.4,5.6,2007,1,0.0,25,72.1,2007-01-25,-2.7,0.0
25,232,-6.0,20070126,2.5,1.0,0.0,2.0,2007,1,0.0,26,84.3,2007-01-26,-1.3,2.1
26,232,-3.0,20070127,0.5,1.2,2.6,2.0,2007,1,0.0,27,79.9,2007-01-27,-0.3,0.0
27,232,-5.5,20070128,0.0,1.0,3.3,2.7,2007,1,0.0,28,73.5,2007-01-28,-1.5,0.0
28,232,-8.0,20070129,0.0,0.7,6.3,4.5,2007,1,0.0,29,74.4,2007-01-29,-2.1,0.0
29,232,-4.5,20070130,2.9,3.6,4.0,2.5,2007,1,0.0,30,68.9,2007-01-30,-1.4,2.5
30,232,-13.6,20070131,0.0,2.0,7.0,0.8,2007,1,0.0,31,70.1,2007-01-31,-4.8,0.0
31,232,-7.0,20070201,0.0,3.7,6.2,-1.0,2007,2,0.0,1,59.1,2007-02-01,-4.5,0.0
32,232,-11.6,20070202,0.0,1.9,9.5,-1.2,2007,2,0.0,2,60.6,2007-02-02,-6.4,0.3
33,232,-9.3,20070203,0.0,2.4,4.9,6.6,2007,2,0.0,3,69.1,2007-02-03,-0.8,0.0
34,232,-7.6,20070204,0.0,0.8,9.2,9.3,2007,2,0.0,4,64.1,2007-02-04,-0.8,0.0
35,232,-7.3,20070205,0.0,0.8,6.7,9.5,2007,2,0.0,5,69.9,2007-02-05,0.6,0.0
36,232,-1.1,20070206,0.0,0.7,4.6,12.3,2007,2,0.0,6,77.0,2007-02-06,4.7,0.0
37,232,-1.5,20070207,0.0,0.7,4.1,12.1,2007,2,0.0,7,84.4,2007-02-07,2.2,0.0
38,232,0.6,20070208,13.5,1.6,0.1,8.6,2007,2,0.0,8,87.6,2007-02-08,4.6,0.0
39,232,2.7,20070209,0.0,2.4,2.1,6.0,2007,2,0.0,9,73.9,2007-02-09,3.9,0.0
40,232,-1.6,20070210,0.0,2.7,4.5,7.4,2007,2,0.0,10,66.3,2007-02-10,1.8,0.0
41,232,-4.4,20070211,0.0,2.2,9.8,4.9,2007,2,0.0,11,61.0,2007-02-11,-0.5,0.0
42,232,-6.5,20070212,0.0,1.0,8.8,8.8,2007,2,0.0,12,64.6,2007-02-12,0.2,0.0
43,232,-4.0,20070213,20.5,1.6,0.2,7.4,2007,2,0.0,13,69.0,2007-02-13,2.5,0.0
44,232,-2.5,20070214,0.1,5.3,5.1,4.1,2007,2,0.0,14,62.6,2007-02-14,0.2,0.0
45,232,-6.4,20070215,0.0,3.0,10.0,4.1,2007,2,0.0,15,51.0,2007-02-15,-1.1,0.0
46,232,-6.8,20070216,0.0,1.2,9.4,10.1,2007,2,0.0,16,51.4,2007-02-16,1.1,0.0
47,232,-0.2,20070217,0.0,1.2,0.6,9.5,2007,2,0.0,17,60.4,2007-02-17,4.2,0.0
48,232,-3.5,20070218,0.0,1.2,8.9,11.5,2007,2,0.0,18,66.4,2007-02-18,2.6,0.0
49,232,-5.0,20070219,0.0,1.1,9.6,10.1,2007,2,0.0,19,65.8,2007-02-19,1.3,0.0
50,232,-6.1,20070220,0.0,0.9,10.0,11.8,2007,2,0.0,20,57.3,2007-02-20,2.1,0.0
51,232,-5.3,20070221,0.0,0.9,7.0,12.8,2007,2,0.0,21,66.1,2007-02-21,2.8,0.0
52,232,-1.2,20070222,0.0,1.6,3.7,15.8,2007,2,0.0,22,62.6,2007-02-22,6.9,0.0
53,232,0.1,20070223,0.0,3.6,10.4,7.8,2007,2,0.0,23,49.6,2007-02-23,3.5,0.0
54,232,-5.8,20070224,0.0,1.1,6.9,10.6,2007,2,0.0,24,52.6,2007-02-24,2.8,0.0
55,232,3.5,20070225,0.0,2.2,1.8,11.6,2007,2,0.0,25,56.8,2007-02-25,7.3,0.0
56,232,-0.8,20070226,0.0,1.8,10.2,15.3,2007,2,0.0,26,54.6,2007-02-26,6.7,0.0
57,232,-2.5,20070227,0.0,1.2,8.8,13.6,2007,2,0.0,27,70.8,2007-02-27,4.8,0.0
58,232,-1.3,20070228,0.0,1.8,9.8,15.8,2007,2,0.0,28,53.6,2007-02-28,6.5,0.0
59,232,0.6,20070301,0.0,1.8,5.3,17.5,2007,3,0.0,1,37.5,2007-03-01,10.2,0.0
60,232,6.9,20070302,23.0,2.1,0.0,11.1,2007,3,0.0,2,76.6,2007-03-02,9.2,0.0
61,232,7.9,20070303,0.5,1.0,1.0,16.2,2007,3,0.0,3,84.0,2007-03-03,11.1,0.0
62,232,7.4,20070304,27.0,3.8,0.2,15.8,2007,3,0.0,4,77.1,2007-03-04,12.6,0.0
63,232,-4.1,20070305,1.7,6.6,0.2,7.4,2007,3,0.0,5,71.1,2007-03-05,-0.7,0.3
64,232,-5.8,20070306,0.0,4.9,9.2,-0.8,2007,3,0.0,6,47.9,2007-03-06,-3.2,0.0
65,232,-5.5,20070307,0.5,2.6,8.8,3.7,2007,3,0.0,7,58.0,2007-03-07,-1.1,1.2
66,232,-4.3,20070308,0.1,2.2,7.2,5.6,2007,3,0.0,8,63.8,2007-03-08,1.2,0.0
67,232,-2.7,20070309,0.0,1.3,8.6,10.6,2007,3,0.0,9,65.4,2007-03-09,3.4,0.0
68,232,-2.0,20070310,2.0,3.8,2.0,11.0,2007,3,0.0,10,60.4,2007-03-10,2.8,0.0
69,232,-6.0,20070311,0.0,3.4,5.1,5.4,2007,3,0.0,11,60.3,2007-03-11,-0.2,0.0
70,232,-3.5,20070312,0.0,2.1,9.6,9.1,2007,3,0.0,12,53.5,2007-03-12,2.8,0.0
71,232,-3.9,20070313,0.0,1.6,10.1,11.0,2007,3,0.0,13,57.6,2007-03-13,3.0,0.0
72,232,-2.5,20070314,0.0,1.0,7.3,14.3,2007,3,0.0,14,56.6,2007-03-14,5.2,0.0
73,232,1.8,20070315,0.0,1.5,7.4,15.1,2007,3,0.0,15,55.1,2007-03-15,7.3,0.0
74,232,-0.5,20070316,0.0,1.9,5.1,15.1,2007,3,0.0,16,62.9,2007-03-16,6.5,0.0
75,232,-0.3,20070317,0.0,1.6,5.5,12.0,2007,3,0.0,17,62.0,2007-03-17,5.3,0.0
76,232,-2.0,20070318,0.0,1.5,10.1,12.5,2007,3,0.0,18,57.3,2007-03-18,4.2,0.0
77,232,-3.4,20070319,0.0,1.2,10.3,13.5,2007,3,0.0,19,59.0,2007-03-19,4.6,0.0
78,232,0.2,20070320,0.0,2.3,4.7,11.3,2007,3,0.0,20,57.0,2007-03-20,5.5,0.0
79,232,0.6,20070321,0.0,1.3,0.0,11.5,2007,3,0.0,21,64.4,2007-03-21,6.3,0.0
80,232,0.0,20070322,0.0,1.7,5.6,15.6,2007,3,0.0,22,67.1,2007-03-22,7.4,0.0
81,232,1.0,20070323,0.5,1.6,7.3,20.3,2007,3,0.0,23,57.4,2007-03-23,10.7,0.0
82,232,8.3,20070324,12.5,2.0,0.0,11.1,2007,3,0.0,24,88.4,2007-03-24,9.7,0.0
83,232,3.0,20070325,0.0,2.6,7.6,14.5,2007,3,0.0,25,71.1,2007-03-25,8.7,0.0
84,232,0.2,20070326,6.0,2.2,2.2,14.1,2007,3,0.0,26,73.6,2007-03-26,7.5,0.0
85,232,4.5,20070327,0.0,2.3,2.6,15.5,2007,3,0.0,27,65.9,2007-03-27,10.4,0.0
86,232,1.6,20070328,8.0,3.6,1.2,17.2,2007,3,0.0,28,77.5,2007-03-28,8.4,0.0
87,232,3.9,20070329,9.5,2.3,1.2,13.3,2007,3,0.0,29,78.0,2007-03-29,7.7,0.0
88,232,4.0,20070330,0.0,1.3,9.0,17.2,2007,3,0.0,30,62.4,2007-03-30,10.7,0.0
89,232,6.5,20070331,17.0,2.3,0.2,13.8,2007,3,0.0,31,79.4,2007-03-31,9.9,0.0
90,232,5.5,20070401,0.0,1.8,0.0,12.5,2007,4,0.0,1,66.0,2007-04-01,8.6,0.0
91,232,2.4,20070402,0.0,3.5,9.8,9.5,2007,4,0.0,2,59.3,2007-04-02,5.3,0.0
92,232,1.0,20070403,0.0,3.7,11.4,9.8,2007,4,0.0,3,49.1,2007-04-03,5.6,0.0
93,232,0.6,20070404,0.0,3.4,11.4,10.3,2007,4,0.0,4,48.5,2007-04-04,6.1,0.0
94,232,-1.8,20070405,0.0,1.6,9.1,15.5,2007,4,0.0,5,55.8,2007-04-05,7.0,0.0
95,232,3.0,20070406,0.0,1.7,9.1,16.8,2007,4,0.0,6,55.6,2007-04-06,9.3,0.0
96,232,1.0,20070407,0.0,1.5,6.8,15.5,2007,4,0.0,7,69.3,2007-04-07,8.1,0.0
97,232,3.0,20070408,0.0,1.9,9.2,14.8,2007,4,0.0,8,64.9,2007-04-08,8.5,0.0
98,232,-0.4,20070409,0.0,1.8,11.5,17.3,2007,4,0.0,9,52.1,2007-04-09,8.7,0.0
99,232,2.7,20070410,0.0,2.2,8.8,18.5,2007,4,0.0,10,47.0,2007-04-10,11.2,0.0
100,232,3.5,20070411,7.5,1.9,8.6,19.6,2007,4,0.0,11,54.6,2007-04-11,11.4,0.0
101,232,8.6,20070412,0.5,2.4,3.0,20.7,2007,4,0.0,12,51.5,2007-04-12,14.6,0.0
102,232,4.1,20070413,6.0,2.8,0.0,15.6,2007,4,0.0,13,79.1,2007-04-13,10.0,0.0
103,232,1.1,20070414,0.1,2.2,11.3,18.3,2007,4,0.0,14,62.8,2007-04-14,9.7,0.0
104,232,6.6,20070415,2.5,1.5,5.7,19.2,2007,4,0.0,15,57.8,2007-04-15,12.8,0.0
105,232,4.6,20070416,15.0,1.8,1.9,11.8,2007,4,0.0,16,79.8,2007-04-16,8.1,0.0
106,232,2.2,20070417,0.0,1.6,7.8,14.6,2007,4,0.0,17,66.1,2007-04-17,8.5,0.0
107,232,3.4,20070418,0.0,1.4,11.0,17.2,2007,4,0.0,18,57.1,2007-04-18,9.9,0.0
108,232,2.9,20070419,0.0,2.4,10.6,20.0,2007,4,0.0,19,44.1,2007-04-19,12.1,0.0
109,232,7.1,20070420,0.2,3.0,0.5,20.2,2007,4,0.0,20,57.3,2007-04-20,15.0,0.0
110,232,10.0,20070421,0.0,2.1,6.1,25.6,2007,4,0.0,21,68.5,2007-04-21,18.5,0.0
111,232,7.3,20070422,0.0,3.1,0.1,19.2,2007,4,0.0,22,66.6,2007-04-22,12.6,0.0
112,232,3.7,20070423,0.0,1.5,11.0,21.3,2007,4,0.0,23,48.5,2007-04-23,12.9,0.0
113,232,5.5,20070424,0.0,1.3,1.6,17.3,2007,4,0.0,24,56.1,2007-04-24,11.3,0.0
114,232,5.0,20070425,0.0,2.5,11.6,19.7,2007,4,0.0,25,59.0,2007-04-25,13.0,0.0
115,232,4.6,20070426,0.0,1.6,9.2,22.5,2007,4,0.0,26,52.9,2007-04-26,13.5,0.0
116,232,6.0,20070427,0.0,2.4,9.3,23.1,2007,4,0.0,27,44.1,2007-04-27,13.5,0.0
117,232,3.2,20070428,0.0,2.1,12.5,22.2,2007,4,0.0,28,43.1,2007-04-28,13.1,0.0
118,232,4.0,20070429,0.0,2.0,12.0,23.7,2007,4,0.0,29,42.3,2007-04-29,14.1,0.0
119,232,5.6,20070430,3.5,1.2,0.0,19.2,2007,4,0.0,30,52.6,2007-04-30,12.8,0.0
120,232,10.6,20070501,23.0,1.3,0.0,14.6,2007,5,0.0,1,87.8,2007-05-01,12.4,0.0
121,232,10.0,20070502,0.1,1.6,11.1,22.7,2007,5,0.0,2,62.3,2007-05-02,15.3,0.0
122,232,10.3,20070503,0.0,2.0,0.9,21.1,2007,5,0.0,3,72.0,2007-05-03,15.6,0.0
123,232,10.1,20070504,0.1,1.9,8.7,24.7,2007,5,0.0,4,65.5,2007-05-04,17.1,0.0
124,232,10.3,20070505,0.0,1.4,10.2,28.5,2007,5,0.0,5,62.3,2007-05-05,19.1,0.0
125,232,13.8,20070506,1.5,1.4,0.8,23.1,2007,5,0.0,6,73.1,2007-05-06,17.5,0.0
126,232,11.1,20070507,0.0,1.9,11.4,27.2,2007,5,0.0,7,56.9,2007-05-07,18.5,0.0
127,232,12.3,20070508,0.0,2.0,10.8,27.7,2007,5,0.0,8,51.6,2007-05-08,19.4,0.0
128,232,10.5,20070509,9.0,2.6,2.1,22.7,2007,5,0.0,9,63.9,2007-05-09,15.9,0.0
129,232,9.1,20070510,0.0,2.3,10.4,21.7,2007,5,0.0,10,64.3,2007-05-10,15.2,0.0
130,232,10.8,20070511,0.0,1.8,9.2,27.2,2007,5,0.0,11,52.8,2007-05-11,18.2,0.0
131,232,11.8,20070512,6.0,2.6,0.0,18.3,2007,5,0.0,12,74.8,2007-05-12,14.7,0.0
132,232,7.5,20070513,0.0,2.3,12.2,24.6,2007,5,0.0,13,50.9,2007-05-13,16.5,0.0
133,232,12.1,20070514,0.0,3.2,7.8,24.0,2007,5,0.0,14,58.3,2007-05-14,17.6,0.0
134,232,10.6,20070515,0.0,1.6,9.2,26.2,2007,5,0.0,15,56.0,2007-05-15,18.6,0.0
135,232,13.6,20070516,47.5,2.0,0.0,19.3,2007,5,0.0,16,71.9,2007-05-16,16.3,0.0
136,232,12.8,20070517,4.5,4.5,9.0,24.1,2007,5,0.0,17,58.6,2007-05-17,17.9,0.0
137,232,11.8,20070518,1.5,2.9,3.7,18.7,2007,5,0.0,18,66.5,2007-05-18,15.1,0.0
138,232,10.5,20070519,0.5,1.7,10.1,21.7,2007,5,0.0,19,65.6,2007-05-19,15.9,0.0
139,232,9.6,20070520,0.0,1.6,10.4,24.6,2007,5,0.0,20,65.8,2007-05-20,16.5,0.0
140,232,10.3,20070521,0.0,1.3,6.5,24.3,2007,5,0.0,21,56.9,2007-05-21,16.6,0.0
141,232,8.6,20070522,0.0,1.3,12.0,26.7,2007,5,0.0,22,54.6,2007-05-22,18.1,0.0
142,232,11.8,20070523,0.0,1.3,3.3,25.8,2007,5,0.0,23,57.0,2007-05-23,19.3,0.0
143,232,15.6,20070524,30.5,2.2,2.3,27.1,2007,5,0.0,24,71.8,2007-05-24,19.6,0.0
144,232,16.6,20070525,2.0,2.9,9.3,24.3,2007,5,0.0,25,64.8,2007-05-25,19.6,0.0
145,232,12.5,20070526,0.0,2.1,11.5,25.6,2007,5,0.0,26,52.1,2007-05-26,19.3,0.0
146,232,14.5,20070527,0.0,1.7,9.6,28.8,2007,5,0.0,27,56.0,2007-05-27,21.1,0.0
147,232,14.1,20070528,0.0,2.5,10.8,25.3,2007,5,0.0,28,59.4,2007-05-28,19.6,0.0
148,232,15.6,20070529,0.0,2.5,3.5,22.7,2007,5,0.0,29,67.4,2007-05-29,18.7,0.0
149,232,13.8,20070530,0.0,2.2,9.0,22.3,2007,5,0.0,30,67.5,2007-05-30,17.7,0.0
150,232,11.8,20070531,0.0,0.8,10.8,27.8,2007,5,0.0,31,62.5,2007-05-31,20.1,0.0
151,232,17.3,20070601,0.0,1.4,0.4,23.6,2007,6,0.0,1,70.8,2007-06-01,19.6,0.0
152,232,15.0,20070602,0.0,1.8,11.7,27.8,2007,6,0.0,2,58.8,2007-06-02,21.3,0.0
153,232,16.0,20070603,0.0,1.9,11.6,29.1,2007,6,0.0,3,60.8,2007-06-03,22.4,0.0
154,232,16.7,20070604,0.0,1.3,2.5,27.0,2007,6,0.0,4,67.1,2007-06-04,21.6,0.0
155,232,17.1,20070605,0.0,2.0,2.1,24.2,2007,6,0.0,5,72.3,2007-06-05,20.9,0.0
156,232,18.1,20070606,1.0,2.4,1.7,24.5,2007,6,0.0,6,72.0,2007-06-06,20.5,0.0
157,232,16.7,20070607,0.0,1.9,4.2,25.8,2007,6,0.0,7,67.5,2007-06-07,21.0,0.0
158,232,17.1,20070608,0.1,1.6,3.7,25.1,2007,6,0.0,8,69.6,2007-06-08,20.5,0.0
159,232,14.0,20070609,0.0,2.0,10.6,24.8,2007,6,0.0,9,60.9,2007-06-09,19.6,0.0
160,232,13.6,20070610,0.0,1.4,11.4,29.1,2007,6,0.0,10,62.4,2007-06-10,21.4,0.0
161,232,16.0,20070611,0.0,1.5,10.2,29.2,2007,6,0.0,11,57.9,2007-06-11,22.0,0.0
162,232,15.6,20070612,0.0,1.4,12.2,29.7,2007,6,0.0,12,54.6,2007-06-12,22.7,0.0
163,232,16.2,20070613,0.1,1.1,5.0,28.6,2007,6,0.0,13,62.4,2007-06-13,22.2,0.0
164,232,18.8,20070614,4.0,1.9,0.9,25.3,2007,6,0.0,14,64.9,2007-06-14,21.8,0.0
165,232,16.0,20070615,0.0,2.4,5.8,27.0,2007,6,0.0,15,53.3,2007-06-15,21.3,0.0
166,232,13.6,20070616,0.0,1.9,11.8,30.7,2007,6,0.0,16,40.9,2007-06-16,22.6,0.0
167,232,15.3,20070617,0.0,1.8,5.0,27.8,2007,6,0.0,17,42.9,2007-06-17,22.5,0.0
168,232,17.1,20070618,0.0,1.4,12.9,31.7,2007,6,0.0,18,54.5,2007-06-18,23.5,0.0
169,232,16.1,20070619,0.0,1.4,11.0,32.0,2007,6,0.0,19,58.4,2007-06-19,23.8,0.0
170,232,17.7,20070620,0.0,1.7,7.3,29.0,2007,6,0.0,20,68.4,2007-06-20,23.4,0.0
171,232,19.8,20070621,29.5,1.0,0.0,24.1,2007,6,0.0,21,84.6,2007-06-21,21.2,0.0
172,232,19.7,20070622,3.5,1.1,7.1,28.6,2007,6,0.0,22,75.5,2007-06-22,23.6,0.0
173,232,16.7,20070623,12.5,1.4,1.2,27.2,2007,6,0.0,23,79.6,2007-06-23,21.7,0.0
174,232,16.6,20070624,44.0,1.5,0.0,21.7,2007,6,0.0,24,86.3,2007-06-24,19.4,0.0
175,232,18.7,20070625,0.0,1.2,2.9,25.7,2007,6,0.0,25,75.8,2007-06-25,22.1,0.0
176,232,19.2,20070626,0.0,1.4,9.2,30.1,2007,6,0.0,26,70.3,2007-06-26,24.1,0.0
177,232,19.2,20070627,0.0,1.3,4.2,30.0,2007,6,0.0,27,75.8,2007-06-27,24.8,0.0
178,232,23.5,20070628,10.0,1.8,0.0,29.7,2007,6,0.0,28,79.3,2007-06-28,25.7,0.0
179,232,19.8,20070629,1.5,1.7,0.1,25.2,2007,6,0.0,29,80.0,2007-06-29,22.7,0.0
180,232,18.6,20070630,1.0,1.3,6.7,29.5,2007,6,0.0,30,70.0,2007-06-30,24.4,0.0
181,232,19.6,20070701,48.5,2.5,0.0,23.2,2007,7,0.0,1,81.1,2007-07-01,21.0,0.0
182,232,20.7,20070702,8.5,1.5,0.0,25.5,2007,7,0.0,2,82.9,2007-07-02,22.6,0.0
183,232,21.6,20070703,2.0,1.0,1.1,28.2,2007,7,0.0,3,76.1,2007-07-03,24.3,0.0
184,232,20.2,20070704,6.5,1.4,4.1,27.3,2007,7,0.0,4,80.1,2007-07-04,22.1,0.0
185,232,19.2,20070705,0.3,1.6,1.7,26.2,2007,7,0.0,5,77.5,2007-07-05,22.7,0.0
186,232,19.0,20070706,0.0,1.1,5.7,30.0,2007,7,0.0,6,73.9,2007-07-06,24.4,0.0
187,232,20.7,20070707,0.0,1.5,8.7,30.6,2007,7,0.0,7,69.6,2007-07-07,25.2,0.0
188,232,21.2,20070708,0.0,1.0,4.8,31.3,2007,7,0.0,8,73.8,2007-07-08,25.2,0.0
189,232,20.0,20070709,9.5,2.9,2.1,27.3,2007,7,0.0,9,72.3,2007-07-09,23.1,0.0
190,232,19.6,20070710,21.0,1.3,0.0,22.7,2007,7,0.0,10,86.4,2007-07-10,21.0,0.0
191,232,20.6,20070711,1.0,1.9,1.5,27.7,2007,7,0.0,11,76.3,2007-07-11,23.5,0.0
192,232,19.6,20070712,0.0,1.4,8.6,29.2,2007,7,0.0,12,73.8,2007-07-12,23.9,0.0
193,232,18.7,20070713,0.0,2.6,4.2,27.8,2007,7,0.0,13,70.6,2007-07-13,23.8,0.0
194,232,20.7,20070714,0.0,4.1,6.8,27.7,2007,7,0.0,14,58.3,2007-07-14,23.6,0.0
195,232,16.8,20070715,1.0,1.2,8.1,29.8,2007,7,0.0,15,67.4,2007-07-15,23.7,0.0
196,232,20.6,20070716,8.0,2.7,0.3,24.2,2007,7,0.0,16,79.8,2007-07-16,21.6,0.0
197,232,19.3,20070717,1.5,2.3,1.7,26.7,2007,7,0.0,17,79.1,2007-07-17,21.6,0.0
198,232,18.0,20070718,0.0,1.5,8.3,31.2,2007,7,0.0,18,71.8,2007-07-18,24.6,0.0
199,232,23.0,20070719,36.5,1.7,0.1,26.7,2007,7,0.0,19,87.5,2007-07-19,24.1,0.0
200,232,23.2,20070720,0.0,1.0,1.0,29.2,2007,7,0.0,20,76.9,2007-07-20,25.6,0.0
201,232,20.7,20070721,0.4,1.4,0.0,25.7,2007,7,0.0,21,77.5,2007-07-21,23.3,0.0
202,232,20.1,20070722,0.0,1.2,6.3,29.6,2007,7,0.0,22,67.1,2007-07-22,23.8,0.0
203,232,20.1,20070723,0.3,1.0,0.6,27.7,2007,7,0.0,23,72.6,2007-07-23,23.8,0.0
204,232,21.5,20070724,58.0,1.1,0.0,26.1,2007,7,0.0,24,82.5,2007-07-24,23.8,0.0
205,232,21.7,20070725,0.1,1.3,0.0,27.2,2007,7,0.0,25,78.8,2007-07-25,24.3,0.0
206,232,21.5,20070726,0.0,1.0,7.0,31.6,2007,7,0.0,26,74.9,2007-07-26,26.7,0.0
207,232,23.2,20070727,0.0,1.6,5.9,31.2,2007,7,0.0,27,74.8,2007-07-27,26.9,0.0
208,232,23.7,20070728,0.0,1.4,1.4,31.1,2007,7,0.0,28,76.0,2007-07-28,26.5,0.0
209,232,21.6,20070729,12.5,1.2,0.5,28.3,2007,7,0.0,29,80.8,2007-07-29,24.6,0.0
210,232,21.0,20070730,0.0,1.1,7.4,30.6,2007,7,0.0,30,75.6,2007-07-30,24.7,0.0
211,232,20.8,20070731,0.0,1.0,6.9,30.3,2007,7,0.0,31,74.0,2007-07-31,25.3,0.0
212,232,22.7,20070801,2.5,2.2,2.1,31.2,2007,8,0.0,1,71.3,2007-08-01,27.0,0.0
213,232,24.7,20070802,5.0,1.6,6.8,33.2,2007,8,0.0,2,74.6,2007-08-02,27.9,0.0
214,232,23.3,20070803,55.5,1.1,0.9,31.2,2007,8,0.0,3,83.6,2007-08-03,26.3,0.0
215,232,22.6,20070804,144.5,1.8,0.0,26.1,2007,8,0.0,4,86.9,2007-08-04,24.4,0.0
216,232,22.6,20070805,51.5,1.2,0.5,27.1,2007,8,0.0,5,85.9,2007-08-05,23.8,0.0
217,232,22.8,20070806,3.5,1.6,1.0,26.7,2007,8,0.0,6,81.8,2007-08-06,24.2,0.0
218,232,22.5,20070807,32.5,1.4,0.1,26.7,2007,8,0.0,7,86.0,2007-08-07,23.9,0.0
219,232,21.6,20070808,39.5,1.8,1.1,30.1,2007,8,0.0,8,82.8,2007-08-08,25.4,0.0
220,232,24.2,20070809,0.5,2.0,0.7,30.6,2007,8,0.0,9,79.0,2007-08-09,27.1,0.0
221,232,24.2,20070810,13.5,1.7,5.3,32.0,2007,8,0.0,10,79.4,2007-08-10,26.8,0.0
222,232,23.8,20070811,0.0,2.0,9.5,32.2,2007,8,0.0,11,68.5,2007-08-11,27.6,0.0
223,232,24.5,20070812,12.0,3.3,0.2,28.1,2007,8,0.0,12,76.4,2007-08-12,25.9,0.0
224,232,24.2,20070813,6.5,1.8,1.8,30.8,2007,8,0.0,13,77.4,2007-08-13,26.8,0.0
225,232,24.2,20070814,14.0,1.8,0.5,28.1,2007,8,0.0,14,83.5,2007-08-14,25.7,0.0
226,232,22.2,20070815,2.5,1.2,1.2,31.8,2007,8,0.0,15,80.3,2007-08-15,26.2,0.0
227,232,24.2,20070816,0.0,1.6,8.7,32.5,2007,8,0.0,16,73.5,2007-08-16,27.6,0.0
228,232,22.2,20070817,0.0,1.4,11.7,32.2,2007,8,0.0,17,74.3,2007-08-17,26.7,0.0
229,232,22.5,20070818,0.0,1.4,7.1,30.7,2007,8,0.0,18,75.3,2007-08-18,26.0,0.0
230,232,22.6,20070819,0.0,1.2,8.0,32.0,2007,8,0.0,19,75.0,2007-08-19,26.4,0.0
231,232,21.8,20070820,0.0,1.3,9.4,32.0,2007,8,0.0,20,73.8,2007-08-20,26.6,0.0
232,232,23.2,20070821,0.0,1.6,7.0,32.0,2007,8,0.0,21,75.1,2007-08-21,27.0,0.0
233,232,20.6,20070822,2.0,1.1,5.8,30.1,2007,8,0.0,22,80.0,2007-08-22,25.5,0.0
234,232,18.2,20070823,0.0,1.2,11.8,31.6,2007,8,0.0,23,72.0,2007-08-23,24.4,0.0
235,232,19.8,20070824,0.0,1.2,10.7,33.7,2007,8,0.0,24,70.0,2007-08-24,26.6,0.0
236,232,23.1,20070825,0.0,1.1,10.1,34.9,2007,8,0.0,25,71.5,2007-08-25,28.1,0.0
237,232,23.5,20070826,15.5,1.1,3.0,32.0,2007,8,0.0,26,82.6,2007-08-26,25.8,0.0
238,232,24.1,20070827,16.5,1.6,4.1,30.2,2007,8,0.0,27,81.0,2007-08-27,26.3,0.0
239,232,23.7,20070828,17.5,1.0,0.6,29.6,2007,8,0.0,28,79.5,2007-08-28,26.1,0.0
240,232,20.8,20070829,35.5,2.1,0.0,24.2,2007,8,0.0,29,85.6,2007-08-29,22.6,0.0
241,232,20.5,20070830,0.0,2.5,0.8,24.0,2007,8,0.0,30,73.6,2007-08-30,21.7,0.0
242,232,19.7,20070831,0.1,1.5,0.1,25.2,2007,8,0.0,31,71.4,2007-08-31,22.5,0.0
243,232,18.7,20070901,43.0,1.8,0.0,22.2,2007,9,0.0,1,87.4,2007-09-01,19.4,0.0
244,232,18.0,20070902,12.5,2.4,0.0,20.6,2007,9,0.0,2,86.6,2007-09-02,19.2,0.0
245,232,18.7,20070903,5.5,1.1,0.0,24.8,2007,9,0.0,3,81.0,2007-09-03,20.9,0.0
246,232,20.0,20070904,7.5,1.3,0.0,24.3,2007,9,0.0,4,79.0,2007-09-04,21.7,0.0
247,232,18.3,20070905,38.5,1.8,0.0,21.6,2007,9,0.0,5,85.3,2007-09-05,19.3,0.0
248,232,17.2,20070906,27.5,2.0,0.0,18.8,2007,9,0.0,6,83.8,2007-09-06,18.0,0.0
249,232,17.3,20070907,0.0,1.2,3.3,26.2,2007,9,0.0,7,73.4,2007-09-07,21.0,0.0
250,232,16.7,20070908,0.0,1.7,8.2,25.7,2007,9,0.0,8,68.8,2007-09-08,20.7,0.0
251,232,14.6,20070909,1.5,1.3,10.4,27.2,2007,9,0.0,9,72.3,2007-09-09,20.9,0.0
252,232,15.1,20070910,0.0,1.3,10.3,28.7,2007,9,0.0,10,75.1,2007-09-10,21.3,0.0
253,232,17.8,20070911,0.0,1.2,5.4,28.0,2007,9,0.0,11,75.8,2007-09-11,22.1,0.0
254,232,16.7,20070912,0.0,1.0,7.2,30.2,2007,9,0.0,12,75.6,2007-09-12,22.1,0.0
255,232,17.5,20070913,0.0,0.8,1.0,28.2,2007,9,0.0,13,77.4,2007-09-13,22.7,0.0
256,232,18.2,20070914,85.0,2.2,0.2,25.7,2007,9,0.0,14,78.6,2007-09-14,20.5,0.0
257,232,18.6,20070915,14.0,1.1,0.2,23.7,2007,9,0.0,15,84.0,2007-09-15,21.0,0.0
258,232,19.0,20070916,25.5,1.0,0.0,22.1,2007,9,0.0,16,86.3,2007-09-16,20.3,0.0
259,232,19.1,20070917,3.0,1.9,7.7,27.8,2007,9,0.0,17,71.6,2007-09-17,23.4,0.0
260,232,19.2,20070918,31.5,2.9,0.5,25.7,2007,9,0.0,18,75.4,2007-09-18,22.4,0.0
261,232,21.2,20070919,10.0,2.2,5.1,30.2,2007,9,0.0,19,74.5,2007-09-19,25.3,0.0
262,232,21.7,20070920,2.0,2.3,9.5,32.0,2007,9,0.0,20,66.4,2007-09-20,27.4,0.0
263,232,21.2,20070921,0.3,2.0,0.3,26.7,2007,9,0.0,21,72.8,2007-09-21,23.6,0.0
264,232,18.6,20070922,9.5,1.4,0.0,23.0,2007,9,0.0,22,83.6,2007-09-22,20.4,0.0
265,232,18.1,20070923,1.5,2.2,0.5,23.2,2007,9,0.0,23,72.4,2007-09-23,20.3,0.0
266,232,17.3,20070924,6.5,1.3,4.0,26.2,2007,9,0.0,24,79.3,2007-09-24,20.8,0.0
267,232,18.1,20070925,0.0,0.8,7.8,29.2,2007,9,0.0,25,75.5,2007-09-25,22.2,0.0
268,232,18.1,20070926,0.0,1.7,6.5,27.7,2007,9,0.0,26,70.6,2007-09-26,22.1,0.0
269,232,20.2,20070927,6.5,2.1,3.4,26.7,2007,9,0.0,27,72.4,2007-09-27,23.1,0.0
270,232,14.3,20070928,10.5,1.8,0.3,20.5,2007,9,0.0,28,72.0,2007-09-28,17.7,0.0
271,232,11.3,20070929,0.5,1.4,0.6,22.8,2007,9,0.0,29,74.4,2007-09-29,18.1,0.0
272,232,16.5,20070930,11.0,1.1,0.0,18.6,2007,9,0.0,30,85.1,2007-09-30,17.3,0.0
273,232,15.8,20071001,0.0,0.8,2.4,23.0,2007,10,0.0,1,79.1,2007-10-01,18.0,0.0
274,232,16.5,20071002,0.1,0.5,1.4,24.3,2007,10,0.0,2,76.0,2007-10-02,19.6,0.0
275,232,18.5,20071003,0.0,1.1,0.0,22.5,2007,10,0.0,3,77.5,2007-10-03,20.3,0.0
276,232,16.5,20071004,1.5,1.0,2.3,24.8,2007,10,0.0,4,80.0,2007-10-04,20.5,0.0
277,232,14.8,20071005,0.0,1.6,10.8,26.2,2007,10,0.0,5,69.3,2007-10-05,19.8,0.0
278,232,16.0,20071006,0.0,2.1,9.9,25.7,2007,10,0.0,6,61.1,2007-10-06,20.3,0.0
279,232,14.5,20071007,0.0,2.3,7.9,26.5,2007,10,0.0,7,66.0,2007-10-07,20.6,0.0
280,232,10.8,20071008,0.0,2.5,8.7,18.7,2007,10,0.0,8,60.6,2007-10-08,14.7,0.0
281,232,6.6,20071009,0.0,1.2,10.7,21.6,2007,10,0.0,9,68.1,2007-10-09,13.6,0.0
282,232,9.5,20071010,0.0,1.3,2.9,24.2,2007,10,0.0,10,73.3,2007-10-10,16.2,0.0
283,232,13.6,20071011,0.0,1.6,3.0,20.2,2007,10,0.0,11,61.4,2007-10-11,16.1,0.0
284,232,12.5,20071012,0.0,1.3,2.5,22.1,2007,10,0.0,12,61.8,2007-10-12,15.9,0.0
285,232,10.1,20071013,0.0,0.9,2.9,19.8,2007,10,0.0,13,67.6,2007-10-13,13.5,0.0
286,232,9.1,20071014,0.0,1.3,8.4,21.2,2007,10,0.0,14,69.4,2007-10-14,13.7,0.0
287,232,6.6,20071015,0.0,1.2,7.7,22.1,2007,10,0.0,15,73.5,2007-10-15,13.5,0.0
288,232,7.1,20071016,0.0,1.1,8.8,20.2,2007,10,0.0,16,73.4,2007-10-16,12.9,0.0
289,232,6.5,20071017,0.0,1.2,8.9,19.7,2007,10,0.0,17,72.9,2007-10-17,12.6,0.0
290,232,5.4,20071018,0.0,0.7,8.9,21.2,2007,10,0.0,18,72.0,2007-10-18,12.8,0.0
291,232,5.0,20071019,7.0,2.3,4.3,14.8,2007,10,0.0,19,71.3,2007-10-19,10.7,0.0
292,232,4.1,20071020,3.0,3.3,8.5,11.5,2007,10,0.0,20,58.3,2007-10-20,7.6,0.0
293,232,1.8,20071021,0.0,1.5,9.2,18.7,2007,10,0.0,21,72.5,2007-10-21,9.8,0.0
294,232,6.9,20071022,0.0,1.1,9.5,20.7,2007,10,0.0,22,75.0,2007-10-22,12.8,0.0
295,232,8.3,20071023,0.0,0.9,7.3,22.6,2007,10,0.0,23,78.4,2007-10-23,13.5,0.0
296,232,8.6,20071024,0.0,1.2,8.6,23.3,2007,10,0.0,24,74.3,2007-10-24,14.4,0.0
297,232,9.5,20071025,27.5,1.3,0.0,17.6,2007,10,0.0,25,84.1,2007-10-25,14.5,0.0
298,232,10.6,20071026,4.0,1.3,6.3,21.6,2007,10,0.0,26,78.3,2007-10-26,15.2,0.0
299,232,7.0,20071027,0.0,0.5,9.7,21.7,2007,10,0.0,27,71.5,2007-10-27,12.6,0.0
300,232,6.8,20071028,0.3,1.9,2.0,17.6,2007,10,0.0,28,73.6,2007-10-28,13.3,0.0
301,232,8.3,20071029,0.0,2.6,2.5,14.1,2007,10,0.0,29,66.6,2007-10-29,10.6,0.0
302,232,4.0,20071030,0.0,1.1,8.2,15.3,2007,10,0.0,30,70.6,2007-10-30,9.5,0.0
303,232,4.0,20071031,0.0,1.1,2.6,16.2,2007,10,0.0,31,71.1,2007-10-31,9.9,0.0
304,232,5.5,20071101,0.0,2.8,6.9,12.6,2007,11,0.0,1,54.1,2007-11-01,9.7,0.0
305,232,4.5,20071102,0.5,1.6,5.0,14.3,2007,11,0.0,2,68.3,2007-11-02,8.9,0.0
306,232,3.2,20071103,0.0,1.3,7.7,16.1,2007,11,0.0,3,68.9,2007-11-03,8.4,0.0
307,232,0.5,20071104,0.0,1.0,9.7,16.1,2007,11,0.0,4,67.0,2007-11-04,7.0,0.0
308,232,1.7,20071105,0.0,0.7,0.7,13.6,2007,11,0.0,5,72.5,2007-11-05,6.9,0.0
309,232,2.2,20071106,0.0,0.5,6.0,19.1,2007,11,0.0,6,75.5,2007-11-06,7.8,0.0
310,232,1.8,20071107,0.0,0.6,9.2,20.2,2007,11,0.0,7,69.0,2007-11-07,9.1,0.0
311,232,2.7,20071108,0.0,0.5,8.4,20.8,2007,11,0.0,8,71.6,2007-11-08,9.4,0.0
312,232,3.9,20071109,0.0,1.9,7.2,19.2,2007,11,0.0,9,68.4,2007-11-09,11.1,0.0
313,232,5.4,20071110,0.0,2.0,0.6,13.5,2007,11,0.0,10,67.5,2007-11-10,9.7,0.0
314,232,2.7,20071111,0.0,1.4,2.0,11.8,2007,11,0.0,11,70.0,2007-11-11,7.5,0.0
315,232,0.1,20071112,0.0,0.8,8.7,14.3,2007,11,0.0,12,72.8,2007-11-12,6.1,0.0
316,232,-0.2,20071113,0.0,0.5,4.8,14.6,2007,11,0.0,13,75.0,2007-11-13,6.6,0.0
317,232,3.4,20071114,0.0,0.8,5.2,17.0,2007,11,0.0,14,74.5,2007-11-14,9.1,0.0
318,232,2.7,20071115,0.0,1.9,5.4,12.1,2007,11,0.0,15,71.9,2007-11-15,8.0,0.0
319,232,-1.0,20071116,0.0,1.3,9.2,10.0,2007,11,0.0,16,66.1,2007-11-16,4.5,0.0
320,232,-1.7,20071117,0.5,2.5,5.0,12.3,2007,11,0.0,17,61.9,2007-11-17,6.1,0.0
321,232,-2.5,20071118,0.0,4.3,9.0,6.5,2007,11,0.0,18,38.3,2007-11-18,0.7,0.0
322,232,-6.6,20071119,4.0,1.9,6.5,6.3,2007,11,0.0,19,58.4,2007-11-19,0.6,0.0
323,232,-0.6,20071120,0.0,2.6,8.8,6.5,2007,11,0.0,20,55.0,2007-11-20,2.5,0.0
324,232,-1.7,20071121,3.0,2.0,8.7,8.6,2007,11,0.0,21,66.1,2007-11-21,3.7,0.0
325,232,-3.9,20071122,0.0,0.8,7.4,9.5,2007,11,0.0,22,59.5,2007-11-22,3.5,0.0
326,232,4.6,20071123,6.0,2.9,5.1,15.6,2007,11,0.0,23,62.1,2007-11-23,9.6,0.0
327,232,0.8,20071124,1.0,1.1,5.6,11.8,2007,11,0.0,24,79.8,2007-11-24,7.2,0.0
328,232,-1.6,20071125,0.5,0.8,6.0,10.8,2007,11,0.0,25,87.0,2007-11-25,3.2,0.0
329,232,0.6,20071126,0.1,1.5,0.0,9.8,2007,11,0.0,26,79.5,2007-11-26,5.0,0.0
330,232,-3.0,20071127,0.0,1.8,8.9,6.6,2007,11,0.0,27,65.4,2007-11-27,0.9,0.0
331,232,-5.3,20071128,0.0,0.8,8.9,10.3,2007,11,0.0,28,70.0,2007-11-28,1.3,0.0
332,232,-2.2,20071129,0.0,1.8,8.5,11.6,2007,11,0.0,29,67.9,2007-11-29,4.5,0.0
333,232,-3.0,20071130,0.0,1.5,8.8,6.9,2007,11,0.0,30,65.3,2007-11-30,1.3,0.0
334,232,-4.3,20071201,0.0,1.2,5.2,10.3,2007,12,0.0,1,73.1,2007-12-01,2.0,0.0
335,232,-0.2,20071202,2.5,0.9,0.0,7.3,2007,12,0.0,2,87.0,2007-12-02,2.9,0.0
336,232,-3.4,20071203,0.2,2.3,3.3,6.6,2007,12,0.0,3,64.6,2007-12-03,1.9,0.0
337,232,-3.9,20071204,0.0,2.7,8.4,2.0,2007,12,0.0,4,53.5,2007-12-04,-0.7,0.0
338,232,-6.5,20071205,0.0,1.6,8.6,3.7,2007,12,0.0,5,64.6,2007-12-05,-2.0,0.0
339,232,-5.1,20071206,2.0,2.0,0.1,3.0,2007,12,0.0,6,75.6,2007-12-06,0.2,0.5
340,232,-1.2,20071207,1.0,2.0,2.2,6.5,2007,12,0.0,7,77.3,2007-12-07,2.9,0.0
341,232,-3.5,20071208,0.0,1.6,4.9,5.3,2007,12,0.0,8,76.0,2007-12-08,0.0,0.0
342,232,-4.8,20071209,0.0,0.8,8.4,7.9,2007,12,0.0,9,76.6,2007-12-09,0.4,0.0
343,232,-3.5,20071210,0.5,1.3,0.0,6.3,2007,12,0.0,10,68.6,2007-12-10,2.5,0.0
344,232,1.3,20071211,8.5,1.1,0.0,7.0,2007,12,0.0,11,90.0,2007-12-11,4.2,0.0
345,232,0.8,20071212,0.0,0.8,2.4,7.9,2007,12,0.0,12,83.3,2007-12-12,3.9,0.0
346,232,0.4,20071213,0.5,2.7,3.2,5.1,2007,12,0.0,13,67.8,2007-12-13,3.1,0.0
347,232,-3.4,20071214,0.0,1.4,8.1,5.3,2007,12,0.0,14,62.6,2007-12-14,0.8,0.0
348,232,-2.9,20071215,2.0,2.2,2.2,5.9,2007,12,0.0,15,70.4,2007-12-15,1.7,0.0
349,232,-3.2,20071216,0.0,1.1,6.8,5.5,2007,12,0.0,16,71.3,2007-12-16,0.6,0.0
350,232,-2.9,20071217,0.0,1.2,1.1,6.5,2007,12,0.0,17,79.9,2007-12-17,1.0,0.0
351,232,-4.8,20071218,0.0,0.7,1.4,2.7,2007,12,0.0,18,85.0,2007-12-18,-1.4,0.0
352,232,-4.0,20071219,0.0,0.9,6.8,5.8,2007,12,0.0,19,78.1,2007-12-19,0.2,0.0
353,232,-1.8,20071220,0.0,2.2,3.3,11.0,2007,12,0.0,20,72.1,2007-12-20,3.4,0.0
354,232,-2.7,20071221,0.0,0.7,2.3,8.3,2007,12,0.0,21,84.4,2007-12-21,1.2,0.0
355,232,-2.9,20071222,0.0,0.7,4.9,10.6,2007,12,0.0,22,74.3,2007-12-22,2.5,0.0
356,232,-3.4,20071223,0.0,1.8,1.6,8.6,2007,12,0.0,23,77.5,2007-12-23,2.1,0.0
357,232,-4.4,20071224,0.0,0.7,5.9,7.5,2007,12,0.0,24,79.1,2007-12-24,0.3,0.0
358,232,-2.2,20071225,0.0,0.8,3.4,10.6,2007,12,0.0,25,75.3,2007-12-25,2.9,0.0
359,232,-1.1,20071226,0.0,1.1,8.4,14.8,2007,12,0.0,26,73.5,2007-12-26,5.0,0.0
360,232,-1.2,20071227,2.5,1.0,0.2,10.3,2007,12,0.0,27,80.6,2007-12-27,4.8,0.0
361,232,4.0,20071228,1.0,1.4,0.0,7.3,2007,12,0.0,28,87.4,2007-12-28,5.3,0.0
362,232,-1.7,20071229,2.6,2.9,1.8,4.6,2007,12,0.0,29,77.8,2007-12-29,1.0,2.5
363,232,-8.1,20071230,12.4,3.0,0.7,-1.3,2007,12,0.0,30,70.3,2007-12-30,-4.9,7.9
364,232,-4.5,20071231,8.2,3.4,1.9,-1.6,2007,12,0.0,31,66.9,2007-12-31,-3.4,9.0
