,station_id,humid,month,tmin,Date,tmax,rainfall,sunshine,tavg,snow,wind,day,year,date,cloud
0,232,55.9,1,-13.4,2010-01-01,-0.8,0.0,7.6,-6.2,0.0,1.5,1,2010,20100101,2.3
1,232,74.3,1,-4.0,2010-01-02,3.2,0.0,0.0,-0.8,0.0,3.4,2,2010,20100102,7.6
2,232,55.4,1,-6.9,2010-01-03,-1.2,0.0,7.3,-4.0,0.0,1.9,3,2010,20100103,4.9
3,232,81.4,1,-5.2,2010-01-04,-0.2,9.9,0.0,-3.2,12.8,2.6,4,2010,20100104,9.6
4,232,77.3,1,-9.4,2010-01-05,-2.8,3.7,1.7,-6.7,6.5,2.5,5,2010,20100105,7.0
5,232,75.0,1,-13.7,2010-01-06,-4.4,0.4,7.3,-8.7,1.8,1.4,6,2010,20100106,5.3
6,232,71.6,1,-16.1,2010-01-07,-3.8,0.1,6.7,-9.5,0.3,1.3,7,2010,20100107,3.6
7,232,80.1,1,-17.7,2010-01-08,-1.2,0.0,7.8,-10.3,0.0,1.0,8,2010,20100108,0.0
8,232,85.6,1,-13.9,2010-01-09,-2.1,0.1,0.4,-6.9,0.1,1.2,9,2010,20100109,8.5
9,232,84.6,1,-12.0,2010-01-10,0.9,0.0,1.0,-5.3,0.0,1.0,10,2010,20100110,8.9
10,232,79.8,1,-11.5,2010-01-11,0.0,0.0,0.4,-4.3,0.0,1.4,11,2010,20100111,8.1
11,232,57.8,1,-11.5,2010-01-12,-4.3,0.0,7.0,-7.2,0.0,2.5,12,2010,20100112,2.9
12,232,73.3,1,-15.8,2010-01-13,-7.3,1.0,5.2,-11.2,2.0,2.2,13,2010,20100113,5.3
13,232,70.0,1,-19.5,2010-01-14,-3.1,0.0,6.9,-10.0,0.0,1.3,14,2010,20100114,3.5
14,232,76.8,1,-12.1,2010-01-15,1.2,2.0,2.8,-4.7,3.4,1.6,15,2010,20100115,4.5
15,232,72.8,1,-17.8,2010-01-16,-0.8,0.0,8.6,-9.7,0.0,0.9,16,2010,20100116,1.1
16,232,72.6,1,-15.8,2010-01-17,3.2,0.0,8.8,-7.3,0.0,0.7,17,2010,20100117,0.0
17,232,76.6,1,-11.9,2010-01-18,4.4,0.0,3.7,-2.9,0.0,1.2,18,2010,20100118,3.5
18,232,69.0,1,-6.1,2010-01-19,7.7,0.0,4.9,2.9,0.0,2.5,19,2010,20100119,7.0
19,232,93.3,1,3.9,2010-01-20,9.1,18.5,0.0,6.5,0.0,2.2,20,2010,20100120,10.0
20,232,69.5,1,-4.6,2010-01-21,4.0,2.0,7.2,-2.1,0.0,4.9,21,2010,20100121,3.8
21,232,57.9,1,-6.7,2010-01-22,-0.9,0.0,8.2,-4.6,0.0,2.8,22,2010,20100122,2.0
22,232,72.1,1,-9.0,2010-01-23,0.0,0.0,9.0,-4.2,0.1,1.6,23,2010,20100123,2.6
23,232,71.8,1,-5.1,2010-01-24,4.9,0.0,4.4,0.4,0.0,1.8,24,2010,20100124,6.0
24,232,61.4,1,-5.1,2010-01-25,3.8,0.0,7.5,-0.8,0.0,3.7,25,2010,20100125,2.5
25,232,59.0,1,-10.1,2010-01-26,2.8,0.0,9.2,-3.7,0.0,1.8,26,2010,20100126,0.0
26,232,74.3,1,-5.9,2010-01-27,6.6,3.0,3.1,0.9,0.0,2.4,27,2010,20100127,7.5
27,232,71.0,1,-1.7,2010-01-28,5.9,0.0,7.2,1.7,0.0,3.4,28,2010,20100128,4.1
28,232,69.3,1,-6.4,2010-01-29,4.2,0.0,2.5,-1.7,0.0,2.1,29,2010,20100129,2.5
29,232,74.3,1,-4.6,2010-01-30,7.4,0.0,3.6,0.6,0.0,1.5,30,2010,20100130,4.8
30,232,83.6,1,-3.0,2010-01-31,8.5,0.0,5.1,1.7,0.0,1.2,31,2010,20100131,5.1
31,232,83.1,2,-1.0,2010-02-01,2.8,0.0,0.0,1.2,0.0,2.5,1,2010,20100201,5.8
32,232,42.8,2,-7.7,2010-02-02,-0.9,0.0,7.7,-4.1,0.0,3.5,2,2010,20100202,1.9
33,232,49.6,2,-10.1,2010-02-03,-3.8,0.0,9.4,-7.2,0.0,2.8,3,2010,20100203,0.3
34,232,61.9,2,-10.1,2010-02-04,1.5,0.2,8.4,-3.7,0.3,1.7,4,2010,20100204,3.6
35,232,54.4,2,-8.4,2010-02-05,0.3,0.0,9.5,-3.9,0.0,2.5,5,2010,20100205,1.0
36,232,59.0,2,-11.3,2010-02-06,1.8,0.0,9.7,-4.7,0.0,1.7,6,2010,20100206,0.0
37,232,45.1,2,-10.3,2010-02-07,8.0,0.0,5.2,0.2,0.0,1.5,7,2010,20100207,5.5
38,232,64.8,2,2.6,2010-02-08,5.3,0.5,0.0,3.9,0.0,1.6,8,2010,20100208,10.0
39,232,96.0,2,3.1,2010-02-09,5.1,11.0,0.0,4.2,0.0,1.0,9,2010,20100209,10.0
40,232,96.1,2,2.1,2010-02-10,5.3,3.0,0.0,3.7,0.0,1.3,10,2010,20100210,10.0
41,232,88.4,2,0.4,2010-02-11,5.8,13.7,0.0,2.0,1.9,1.7,11,2010,20100211,9.5
42,232,86.3,2,-0.6,2010-02-12,2.8,1.0,0.7,1.0,1.4,1.5,12,2010,20100212,9.5
43,232,70.4,2,-4.3,2010-02-13,1.7,0.2,5.3,-1.3,0.6,2.7,13,2010,20100213,6.0
44,232,70.3,2,-5.2,2010-02-14,0.9,0.0,0.0,-1.9,0.0,1.3,14,2010,20100214,6.5
45,232,60.5,2,-5.3,2010-02-15,1.9,0.0,5.9,-2.2,0.0,2.4,15,2010,20100215,4.1
46,232,58.1,2,-6.8,2010-02-16,0.9,0.0,9.9,-3.4,0.0,2.6,16,2010,20100216,3.4
47,232,60.3,2,-7.0,2010-02-17,1.8,0.7,3.2,-2.0,1.0,1.1,17,2010,20100217,8.1
48,232,63.0,2,-5.8,2010-02-18,0.2,1.1,7.7,-2.1,1.8,3.8,18,2010,20100218,3.4
49,232,63.3,2,-5.6,2010-02-19,4.4,0.0,7.6,-0.7,0.0,2.3,19,2010,20100219,3.1
50,232,66.5,2,-3.9,2010-02-20,10.1,0.0,9.2,2.5,0.0,1.4,20,2010,20100220,0.5
51,232,67.6,2,-2.9,2010-02-21,11.6,0.0,8.7,3.4,0.0,2.0,21,2010,20100221,1.3
52,232,72.8,2,-1.7,2010-02-22,12.7,0.0,5.1,4.8,0.0,1.5,22,2010,20100222,4.4
53,232,59.6,2,-2.4,2010-02-23,17.5,0.0,9.8,6.7,0.0,2.2,23,2010,20100223,0.0
54,232,59.8,2,0.8,2010-02-24,19.8,0.0,6.7,11.9,0.0,2.2,24,2010,20100224,4.9
55,232,88.8,2,10.9,2010-02-25,15.9,16.0,0.0,13.6,0.0,2.0,25,2010,20100225,9.9
56,232,88.5,2,7.8,2010-02-26,16.8,0.0,2.5,10.8,0.0,1.8,26,2010,20100226,6.3
57,232,78.9,2,3.8,2010-02-27,11.6,3.0,4.7,6.8,0.0,2.7,27,2010,20100227,6.5
58,232,78.1,2,1.7,2010-02-28,12.3,0.0,4.3,6.6,0.0,1.4,28,2010,20100228,6.9
59,232,83.8,3,3.5,2010-03-01,7.2,18.5,0.0,5.1,0.0,2.8,1,2010,20100301,9.3
60,232,82.9,3,1.0,2010-03-02,6.1,0.1,0.0,3.8,0.0,2.6,2,2010,20100302,8.5
61,232,64.6,3,-2.1,2010-03-03,11.4,0.0,7.9,5.2,0.0,2.0,3,2010,20100303,5.9
62,232,75.8,3,5.2,2010-03-04,7.9,0.5,0.0,6.7,0.0,2.2,4,2010,20100304,10.0
63,232,84.0,3,4.9,2010-03-05,9.0,3.0,0.0,6.4,0.0,1.7,5,2010,20100305,10.0
64,232,75.5,3,3.0,2010-03-06,9.3,0.0,1.0,5.9,0.0,2.3,6,2010,20100306,9.4
65,232,61.1,3,3.2,2010-03-07,8.0,0.0,1.5,5.4,0.0,3.0,7,2010,20100307,7.8
66,232,56.5,3,-1.0,2010-03-08,8.1,0.0,5.3,4.2,0.0,3.2,8,2010,20100308,5.5
67,232,84.6,3,-2.2,2010-03-09,4.7,9.0,0.0,1.6,5.2,2.1,9,2010,20100309,10.0
68,232,83.5,3,-2.8,2010-03-10,1.3,2.0,1.4,-0.6,3.8,3.3,10,2010,20100310,8.0
69,232,69.0,3,-4.1,2010-03-11,8.3,0.0,8.9,2.6,0.0,2.0,11,2010,20100311,3.1
70,232,67.9,3,1.9,2010-03-12,13.4,0.0,2.3,7.0,0.0,3.7,12,2010,20100312,7.9
71,232,46.9,3,0.3,2010-03-13,9.1,0.0,7.3,3.4,0.0,2.2,13,2010,20100313,3.0
72,232,57.3,3,-0.9,2010-03-14,12.7,0.0,2.2,7.8,0.0,2.3,14,2010,20100314,6.0
73,232,77.5,3,3.4,2010-03-15,12.2,8.5,0.9,8.3,0.0,3.5,15,2010,20100315,8.9
74,232,45.6,3,-0.9,2010-03-16,5.7,0.0,9.1,2.2,0.0,4.5,16,2010,20100316,1.8
75,232,75.6,3,-3.4,2010-03-17,4.8,9.0,2.3,0.3,13.0,1.2,17,2010,20100317,6.3
76,232,67.8,3,-3.2,2010-03-18,4.1,1.2,11.0,0.3,2.5,2.5,18,2010,20100318,2.5
77,232,56.5,3,-4.1,2010-03-19,13.1,0.0,7.7,5.3,0.0,2.1,19,2010,20100319,3.0
78,232,77.1,3,3.4,2010-03-20,18.2,1.0,0.6,10.1,0.0,4.4,20,2010,20100320,9.4
79,232,48.1,3,-0.6,2010-03-21,7.9,0.0,11.3,3.5,0.0,4.8,21,2010,20100321,1.3
80,232,76.1,3,-1.4,2010-03-22,5.8,0.5,0.0,2.7,0.0,1.7,22,2010,20100322,9.0
81,232,77.9,3,2.2,2010-03-23,11.7,0.0,3.6,6.1,0.0,1.7,23,2010,20100323,9.3
82,232,59.9,3,1.5,2010-03-24,14.9,0.0,6.7,8.9,0.0,2.0,24,2010,20100324,7.0
83,232,47.5,3,2.0,2010-03-25,10.7,0.0,2.3,6.3,0.0,3.8,25,2010,20100325,6.8
84,232,41.1,3,-0.6,2010-03-26,7.6,0.0,10.4,3.5,0.0,3.8,26,2010,20100326,1.4
85,232,70.1,3,1.5,2010-03-27,9.8,0.0,0.6,6.3,0.0,2.8,27,2010,20100327,6.6
86,232,48.9,3,1.6,2010-03-28,8.9,0.0,11.5,5.3,0.0,3.4,28,2010,20100328,1.1
87,232,51.4,3,-2.4,2010-03-29,12.2,0.0,11.4,5.3,0.0,2.1,29,2010,20100329,0.0
88,232,52.9,3,0.3,2010-03-30,15.1,0.0,2.9,8.5,0.0,2.2,30,2010,20100330,6.6
89,232,86.1,3,6.4,2010-03-31,9.9,20.5,0.0,8.7,0.0,1.9,31,2010,20100331,10.0
90,232,87.0,4,3.4,2010-04-01,10.6,9.5,0.0,7.7,0.0,2.5,1,2010,20100401,8.5
91,232,55.0,4,-0.9,2010-04-02,12.4,0.0,11.3,6.3,0.0,3.3,2,2010,20100402,0.8
92,232,42.9,4,-0.1,2010-04-03,10.8,0.0,11.6,5.1,0.0,2.5,3,2010,20100403,0.0
93,232,49.0,4,-1.6,2010-04-04,18.2,0.0,10.4,7.5,0.0,2.4,4,2010,20100404,2.8
94,232,66.3,4,1.4,2010-04-05,18.0,0.0,8.2,10.6,0.0,1.7,5,2010,20100405,5.5
95,232,66.0,4,4.4,2010-04-06,12.3,0.0,5.2,8.4,0.0,3.1,6,2010,20100406,5.6
96,232,53.6,4,-0.9,2010-04-07,12.8,0.0,11.8,6.3,0.0,1.9,7,2010,20100407,1.1
97,232,51.0,4,-1.2,2010-04-08,18.5,0.0,11.4,8.8,0.0,1.9,8,2010,20100408,0.4
98,232,56.9,4,2.5,2010-04-09,19.8,0.0,9.2,10.9,0.0,1.6,9,2010,20100409,1.9
99,232,75.4,4,6.4,2010-04-10,16.1,0.0,0.4,10.1,0.0,1.6,10,2010,20100410,9.8
100,232,64.1,4,7.2,2010-04-11,19.0,0.0,1.9,12.8,0.0,2.7,11,2010,20100411,7.4
101,232,62.3,4,10.3,2010-04-12,17.7,4.5,2.0,13.4,0.0,3.0,12,2010,20100412,9.6
102,232,55.1,4,3.2,2010-04-13,10.8,2.0,6.8,5.5,0.0,6.3,13,2010,20100413,5.6
103,232,36.9,4,2.8,2010-04-14,8.0,0.0,5.1,4.9,0.0,4.0,14,2010,20100414,7.0
104,232,49.0,4,-1.4,2010-04-15,13.1,0.0,9.8,5.9,0.0,2.1,15,2010,20100415,2.6
105,232,56.5,4,-0.5,2010-04-16,14.2,0.0,9.6,6.6,0.0,1.8,16,2010,20100416,0.8
106,232,58.9,4,-1.1,2010-04-17,14.8,0.0,10.1,7.6,0.0,1.9,17,2010,20100417,1.6
107,232,55.9,4,3.7,2010-04-18,18.6,0.0,0.0,11.8,0.0,2.4,18,2010,20100418,9.5
108,232,49.6,4,12.1,2010-04-19,21.4,0.0,0.1,16.6,0.0,2.4,19,2010,20100419,8.3
109,232,70.5,4,8.7,2010-04-20,22.9,0.0,5.9,15.9,0.0,1.9,20,2010,20100420,6.5
110,232,67.8,4,8.6,2010-04-21,20.1,5.5,0.5,13.9,0.0,2.9,21,2010,20100421,8.8
111,232,74.0,4,7.7,2010-04-22,12.9,4.0,0.0,10.9,0.0,2.7,22,2010,20100422,10.0
112,232,71.5,4,7.8,2010-04-23,15.7,2.5,7.0,10.9,0.0,2.8,23,2010,20100423,5.4
113,232,58.9,4,2.9,2010-04-24,18.3,0.0,12.1,10.2,0.0,2.1,24,2010,20100424,0.3
114,232,44.4,4,1.9,2010-04-25,22.2,0.0,9.9,12.4,0.0,1.5,25,2010,20100425,3.6
115,232,67.4,4,8.5,2010-04-26,18.2,24.0,0.0,12.1,0.0,2.1,26,2010,20100426,9.6
116,232,68.8,4,5.2,2010-04-27,12.3,2.5,2.5,9.2,0.0,3.7,27,2010,20100427,6.1
117,232,78.0,4,2.5,2010-04-28,9.0,6.0,0.5,5.4,0.0,3.5,28,2010,20100428,8.0
118,232,53.8,4,5.2,2010-04-29,14.5,0.5,10.8,10.2,0.0,4.0,29,2010,20100429,2.1
119,232,60.5,4,4.4,2010-04-30,15.5,0.0,11.4,10.5,0.0,2.9,30,2010,20100430,1.9
120,232,58.3,5,2.3,2010-05-01,19.9,0.0,12.3,11.6,0.0,2.2,1,2010,20100501,0.0
121,232,51.8,5,6.7,2010-05-02,26.4,0.0,12.3,17.6,0.0,2.1,2,2010,20100502,0.0
122,232,68.9,5,15.1,2010-05-03,25.4,0.0,4.1,21.0,0.0,2.9,3,2010,20100503,5.9
123,232,64.8,5,15.4,2010-05-04,28.7,0.0,5.2,21.1,0.0,2.0,4,2010,20100504,5.6
124,232,54.3,5,13.1,2010-05-05,26.5,0.0,3.9,21.4,0.0,2.6,5,2010,20100505,8.3
125,232,78.9,5,10.5,2010-05-06,22.3,4.0,0.1,15.9,0.0,3.5,6,2010,20100506,8.3
126,232,53.6,5,6.7,2010-05-07,22.4,0.0,12.6,15.2,0.0,2.5,7,2010,20100507,0.0
127,232,50.0,5,10.3,2010-05-08,24.3,0.0,11.4,17.6,0.0,2.2,8,2010,20100508,3.5
128,232,53.0,5,11.6,2010-05-09,27.3,0.0,4.6,19.1,0.0,1.5,9,2010,20100509,7.5
129,232,52.4,5,11.2,2010-05-10,21.4,0.0,9.2,16.2,0.0,2.8,10,2010,20100510,4.1
130,232,58.6,5,7.3,2010-05-11,21.9,0.0,7.8,14.1,0.0,2.3,11,2010,20100511,2.1
131,232,66.8,5,8.7,2010-05-12,20.7,0.0,9.3,14.1,0.0,2.5,12,2010,20100512,1.1
132,232,60.3,5,7.4,2010-05-13,22.8,0.0,10.7,15.4,0.0,1.7,13,2010,20100513,0.8
133,232,53.9,5,9.2,2010-05-14,25.3,0.0,12.0,17.2,0.0,1.8,14,2010,20100514,0.9
134,232,59.6,5,11.0,2010-05-15,22.3,0.0,2.0,15.9,0.0,1.6,15,2010,20100515,5.4
135,232,52.8,5,8.2,2010-05-16,25.1,0.0,10.3,17.4,0.0,1.5,16,2010,20100516,3.5
136,232,59.1,5,10.2,2010-05-17,28.4,7.5,9.9,19.5,0.0,2.0,17,2010,20100517,6.0
137,232,91.9,5,18.0,2010-05-18,20.1,39.0,0.0,19.0,0.0,2.4,18,2010,20100518,10.0
138,232,78.0,5,16.2,2010-05-19,24.5,0.5,8.4,19.6,0.0,2.1,19,2010,20100519,6.1
139,232,63.4,5,14.6,2010-05-20,28.5,0.0,11.8,20.8,0.0,2.2,20,2010,20100520,0.0
140,232,57.9,5,14.0,2010-05-21,30.5,0.0,10.1,21.7,0.0,1.8,21,2010,20100521,3.1
141,232,66.8,5,15.1,2010-05-22,24.9,12.0,0.1,18.9,0.0,2.2,22,2010,20100522,10.0
142,232,87.1,5,15.2,2010-05-23,18.3,14.5,0.0,16.6,0.0,2.6,23,2010,20100523,10.0
143,232,87.5,5,14.0,2010-05-24,16.6,6.0,0.0,14.9,0.0,2.8,24,2010,20100524,10.0
144,232,83.1,5,13.7,2010-05-25,20.1,0.4,0.6,16.4,0.0,1.4,25,2010,20100525,9.5
145,232,65.5,5,14.6,2010-05-26,22.3,0.1,6.3,18.1,0.0,2.3,26,2010,20100526,4.6
146,232,59.5,5,10.2,2010-05-27,23.8,0.0,11.5,17.0,0.0,1.8,27,2010,20100527,4.0
147,232,75.9,5,12.4,2010-05-28,20.9,0.0,0.7,16.7,0.0,1.3,28,2010,20100528,8.4
148,232,64.5,5,14.8,2010-05-29,25.8,0.0,7.3,19.2,0.0,1.3,29,2010,20100529,4.9
149,232,61.5,5,14.0,2010-05-30,25.5,0.0,7.5,18.4,0.0,1.8,30,2010,20100530,4.5
150,232,48.5,5,13.8,2010-05-31,23.3,0.0,6.4,17.8,0.0,2.0,31,2010,20100531,6.4
151,232,52.5,6,11.8,2010-06-01,25.0,0.0,13.5,18.3,0.0,1.8,1,2010,20100601,0.3
152,232,56.9,6,12.6,2010-06-02,27.4,0.0,12.2,20.1,0.0,1.6,2,2010,20100602,0.5
153,232,61.9,6,14.8,2010-06-03,26.9,0.0,12.5,20.7,0.0,1.6,3,2010,20100603,1.0
154,232,59.3,6,13.8,2010-06-04,28.1,0.0,13.2,21.0,0.0,1.6,4,2010,20100604,0.3
155,232,49.9,6,14.2,2010-06-05,29.2,0.0,11.8,21.6,0.0,1.4,5,2010,20100605,4.0
156,232,50.9,6,15.1,2010-06-06,30.4,0.0,10.2,23.5,0.0,1.3,6,2010,20100606,5.0
157,232,45.6,6,17.5,2010-06-07,31.2,0.0,12.5,24.5,0.0,1.6,7,2010,20100607,3.4
158,232,45.4,6,15.7,2010-06-08,29.7,0.0,13.7,23.4,0.0,1.7,8,2010,20100608,0.3
159,232,48.9,6,16.0,2010-06-09,31.6,0.0,13.1,24.5,0.0,1.6,9,2010,20100609,0.8
160,232,57.6,6,17.0,2010-06-10,31.2,0.0,8.1,24.3,0.0,1.6,10,2010,20100610,5.1
161,232,56.3,6,18.2,2010-06-11,29.7,0.1,4.2,24.3,0.0,1.7,11,2010,20100611,7.5
162,232,81.4,6,18.7,2010-06-12,23.4,23.0,0.1,20.8,0.0,1.7,12,2010,20100612,9.9
163,232,78.4,6,19.8,2010-06-13,29.0,0.2,2.2,23.2,0.0,1.2,13,2010,20100613,8.4
164,232,85.3,6,21.0,2010-06-14,26.3,1.5,1.6,22.4,0.0,1.0,14,2010,20100614,9.3
165,232,74.8,6,20.3,2010-06-15,30.1,0.0,8.1,24.2,0.0,1.2,15,2010,20100615,6.9
166,232,78.0,6,20.3,2010-06-16,29.0,0.1,4.2,23.4,0.0,1.5,16,2010,20100616,6.8
167,232,79.1,6,19.2,2010-06-17,28.5,0.0,1.4,23.9,0.0,1.0,17,2010,20100617,8.8
168,232,69.5,6,22.2,2010-06-18,30.5,0.0,2.7,26.1,0.0,1.4,18,2010,20100618,8.6
169,232,80.3,6,21.3,2010-06-19,27.3,1.5,0.6,23.7,0.0,1.4,19,2010,20100619,9.6
170,232,80.6,6,19.8,2010-06-20,27.5,4.5,3.3,23.1,0.0,1.8,20,2010,20100620,7.5
171,232,75.8,6,18.9,2010-06-21,28.9,0.0,6.8,22.6,0.0,1.2,21,2010,20100621,4.9
172,232,61.3,6,16.0,2010-06-22,28.4,0.0,6.8,21.8,0.0,1.6,22,2010,20100622,4.9
173,232,59.6,6,17.3,2010-06-23,29.8,0.0,10.8,23.1,0.0,1.3,23,2010,20100623,1.9
174,232,64.3,6,17.1,2010-06-24,31.5,0.0,11.9,23.5,0.0,1.4,24,2010,20100624,0.5
175,232,59.8,6,17.9,2010-06-25,32.7,0.1,9.7,25.3,0.0,1.4,25,2010,20100625,5.8
176,232,79.6,6,21.3,2010-06-26,27.0,1.0,0.0,23.8,0.0,2.1,26,2010,20100626,9.8
177,232,86.9,6,19.8,2010-06-27,26.0,3.0,1.2,23.2,0.0,1.4,27,2010,20100627,8.9
178,232,76.9,6,18.9,2010-06-28,31.0,0.0,6.7,23.8,0.0,1.2,28,2010,20100628,5.4
179,232,80.5,6,18.9,2010-06-29,29.2,0.0,2.5,23.9,0.0,1.1,29,2010,20100629,7.6
180,232,87.3,6,22.0,2010-06-30,26.4,2.0,0.0,23.8,0.0,0.8,30,2010,20100630,9.8
181,232,86.1,7,22.1,2010-07-01,27.4,0.0,0.0,24.9,0.0,1.0,1,2010,20100701,10.0
182,232,88.3,7,23.9,2010-07-02,27.7,9.5,0.1,25.8,0.0,1.4,2,2010,20100702,10.0
183,232,88.1,7,24.3,2010-07-03,29.0,2.5,0.3,25.7,0.0,1.0,3,2010,20100703,10.0
184,232,86.8,7,24.0,2010-07-04,29.3,0.5,0.5,26.0,0.0,1.0,4,2010,20100704,9.4
185,232,80.3,7,22.4,2010-07-05,31.0,0.0,3.9,26.3,0.0,1.3,5,2010,20100705,6.5
186,232,65.4,7,20.5,2010-07-06,33.0,0.0,10.9,26.5,0.0,1.3,6,2010,20100706,3.3
187,232,67.6,7,20.6,2010-07-07,30.3,0.0,11.7,25.7,0.0,1.8,7,2010,20100707,3.6
188,232,71.3,7,19.3,2010-07-08,29.2,0.5,4.2,24.2,0.0,1.4,8,2010,20100708,7.8
189,232,67.3,7,19.2,2010-07-09,31.6,0.0,8.9,25.2,0.0,1.3,9,2010,20100709,4.8
190,232,68.8,7,20.8,2010-07-10,29.9,0.0,2.7,26.2,0.0,1.6,10,2010,20100710,8.3
191,232,76.0,7,20.8,2010-07-11,26.5,8.5,1.0,23.8,0.0,2.0,11,2010,20100711,8.8
192,232,73.4,7,19.8,2010-07-12,29.8,0.0,6.8,24.8,0.0,1.5,12,2010,20100712,4.8
193,232,73.0,7,21.0,2010-07-13,30.1,0.0,7.3,25.0,0.0,1.6,13,2010,20100713,6.1
194,232,71.9,7,21.4,2010-07-14,30.4,0.5,5.4,25.6,0.0,1.6,14,2010,20100714,4.3
195,232,75.1,7,21.1,2010-07-15,32.0,0.5,6.8,25.6,0.0,1.1,15,2010,20100715,5.8
196,232,86.6,7,22.3,2010-07-16,27.8,29.0,0.8,24.6,0.0,1.5,16,2010,20100716,9.6
197,232,88.9,7,23.8,2010-07-17,25.9,37.0,0.0,24.9,0.0,1.5,17,2010,20100717,10.0
198,232,71.4,7,25.0,2010-07-18,31.5,0.0,2.8,28.1,0.0,1.5,18,2010,20100718,8.1
199,232,75.1,7,23.9,2010-07-19,33.2,0.0,6.8,27.7,0.0,2.1,19,2010,20100719,6.3
200,232,74.4,7,23.6,2010-07-20,33.3,0.0,9.1,28.4,0.0,2.0,20,2010,20100720,3.1
201,232,72.3,7,23.9,2010-07-21,32.4,0.0,5.3,28.4,0.0,2.3,21,2010,20100721,5.6
202,232,72.5,7,24.9,2010-07-22,32.8,0.0,6.6,28.5,0.0,2.2,22,2010,20100722,5.3
203,232,85.4,7,21.6,2010-07-23,28.8,54.0,0.0,24.4,0.0,2.0,23,2010,20100723,9.3
204,232,84.8,7,21.6,2010-07-24,31.2,8.5,2.3,24.8,0.0,1.3,24,2010,20100724,9.6
205,232,84.0,7,22.8,2010-07-25,30.2,17.5,4.4,25.5,0.0,1.3,25,2010,20100725,7.9
206,232,78.9,7,23.1,2010-07-26,30.7,0.0,6.6,26.5,0.0,2.0,26,2010,20100726,5.6
207,232,76.0,7,22.2,2010-07-27,32.1,1.0,8.3,26.4,0.0,1.8,27,2010,20100727,5.6
208,232,83.6,7,21.4,2010-07-28,28.6,1.5,0.6,24.8,0.0,1.8,28,2010,20100728,7.0
209,232,76.9,7,23.0,2010-07-29,31.5,0.0,4.2,27.2,0.0,1.5,29,2010,20100729,6.5
210,232,80.3,7,23.4,2010-07-30,31.5,0.0,2.7,26.9,0.0,1.3,30,2010,20100730,7.8
211,232,82.0,7,23.0,2010-07-31,31.4,0.0,1.5,26.9,0.0,1.3,31,2010,20100731,6.9
212,232,78.6,8,24.3,2010-08-01,32.4,0.0,3.2,28.5,0.0,1.6,1,2010,20100801,6.9
213,232,78.8,8,23.4,2010-08-02,30.3,0.0,0.2,27.2,0.0,1.5,2,2010,20100802,8.4
214,232,73.8,8,21.6,2010-08-03,32.1,0.0,5.1,26.8,0.0,1.2,3,2010,20100803,6.0
215,232,78.5,8,24.9,2010-08-04,34.5,12.5,6.2,29.1,0.0,1.5,4,2010,20100804,7.4
216,232,81.6,8,26.1,2010-08-05,34.6,21.0,6.5,28.7,0.0,1.8,5,2010,20100805,4.9
217,232,83.0,8,25.0,2010-08-06,32.1,0.5,3.9,27.8,0.0,2.0,6,2010,20100806,6.5
218,232,79.8,8,24.5,2010-08-07,31.3,1.0,2.9,27.5,0.0,1.7,7,2010,20100807,7.0
219,232,73.3,8,23.5,2010-08-08,33.6,0.0,7.9,27.6,0.0,1.6,8,2010,20100808,4.3
220,232,70.6,8,23.1,2010-08-09,34.9,0.0,12.1,28.3,0.0,1.5,9,2010,20100809,2.9
221,232,84.8,8,24.8,2010-08-10,30.5,42.0,0.9,26.9,0.0,2.0,10,2010,20100810,9.3
222,232,76.9,8,24.5,2010-08-11,33.1,0.5,2.7,28.0,0.0,2.7,11,2010,20100811,7.5
223,232,79.6,8,22.1,2010-08-12,30.3,3.0,0.5,26.2,0.0,1.2,12,2010,20100812,8.6
224,232,89.9,8,25.0,2010-08-13,28.3,68.0,0.0,26.7,0.0,1.3,13,2010,20100813,10.0
225,232,86.5,8,23.7,2010-08-14,29.7,52.0,2.6,27.2,0.0,2.0,14,2010,20100814,9.5
226,232,82.4,8,23.8,2010-08-15,31.8,52.0,4.8,27.0,0.0,2.0,15,2010,20100815,7.5
227,232,88.6,8,21.8,2010-08-16,25.9,6.5,0.0,24.0,0.0,1.1,16,2010,20100816,9.8
228,232,77.5,8,21.9,2010-08-17,31.5,0.1,9.5,26.3,0.0,1.0,17,2010,20100817,6.1
229,232,83.0,8,23.5,2010-08-18,33.1,58.0,5.4,27.1,0.0,1.5,18,2010,20100818,7.6
230,232,73.1,8,25.2,2010-08-19,34.3,0.0,10.4,29.1,0.0,1.7,19,2010,20100819,5.3
231,232,78.3,8,24.6,2010-08-20,34.4,0.0,6.0,28.4,0.0,1.3,20,2010,20100820,4.5
232,232,78.6,8,23.6,2010-08-21,33.8,0.0,8.3,28.1,0.0,1.2,21,2010,20100821,1.8
233,232,78.4,8,23.7,2010-08-22,33.5,0.0,7.0,28.1,0.0,1.4,22,2010,20100822,3.4
234,232,86.8,8,24.3,2010-08-23,29.6,4.0,1.9,26.2,0.0,1.3,23,2010,20100823,8.1
235,232,89.1,8,24.0,2010-08-24,28.0,4.0,0.5,25.4,0.0,1.0,24,2010,20100824,9.6
236,232,88.9,8,23.8,2010-08-25,27.0,25.5,0.0,24.8,0.0,1.6,25,2010,20100825,10.0
237,232,85.4,8,23.7,2010-08-26,28.6,1.5,1.4,25.5,0.0,1.9,26,2010,20100826,8.8
238,232,79.1,8,22.9,2010-08-27,31.0,0.0,6.1,27.3,0.0,1.7,27,2010,20100827,6.1
239,232,81.9,8,24.8,2010-08-28,29.3,9.5,1.4,26.5,0.0,2.4,28,2010,20100828,9.0
240,232,89.8,8,22.7,2010-08-29,26.5,67.0,0.1,24.7,0.0,1.4,29,2010,20100829,8.9
241,232,84.9,8,23.5,2010-08-30,29.6,2.0,2.8,25.7,0.0,1.0,30,2010,20100830,9.1
242,232,89.1,8,23.1,2010-08-31,29.0,55.5,0.7,24.7,0.0,0.8,31,2010,20100831,9.6
243,232,79.6,9,22.9,2010-09-01,32.0,8.5,7.0,27.0,0.0,2.4,1,2010,20100901,7.6
244,232,83.3,9,23.0,2010-09-02,29.3,32.5,3.0,25.9,0.0,4.0,2,2010,20100902,7.8
245,232,84.1,9,23.7,2010-09-03,33.0,10.0,4.1,26.5,0.0,1.6,3,2010,20100903,6.8
246,232,80.0,9,23.4,2010-09-04,32.7,0.0,8.5,27.3,0.0,1.2,4,2010,20100904,4.4
247,232,82.6,9,23.2,2010-09-05,32.8,35.0,4.9,26.3,0.0,1.8,5,2010,20100905,7.3
248,232,86.1,9,22.9,2010-09-06,27.6,9.5,1.1,24.5,0.0,1.7,6,2010,20100906,9.0
249,232,75.5,9,21.7,2010-09-07,28.6,0.0,2.5,24.8,0.0,2.0,7,2010,20100907,7.5
250,232,75.5,9,19.9,2010-09-08,24.2,0.0,0.0,22.2,0.0,1.4,8,2010,20100908,9.8
251,232,87.3,9,20.1,2010-09-09,24.5,3.0,0.0,22.7,0.0,1.9,9,2010,20100909,9.6
252,232,81.4,9,23.8,2010-09-10,30.1,3.5,1.3,26.0,0.0,2.5,10,2010,20100910,9.0
253,232,91.8,9,22.1,2010-09-11,25.9,104.0,0.0,23.9,0.0,1.2,11,2010,20100911,10.0
254,232,85.1,9,19.6,2010-09-12,27.2,52.0,4.0,23.4,0.0,2.1,12,2010,20100912,7.0
255,232,79.4,9,19.0,2010-09-13,28.4,0.0,8.5,23.4,0.0,1.3,13,2010,20100913,4.9
256,232,83.5,9,19.1,2010-09-14,28.5,0.0,3.4,22.9,0.0,1.1,14,2010,20100914,6.1
257,232,75.4,9,17.3,2010-09-15,29.9,0.0,11.2,22.6,0.0,1.0,15,2010,20100915,0.0
258,232,74.3,9,16.5,2010-09-16,30.1,0.0,10.1,22.4,0.0,1.2,16,2010,20100916,0.6
259,232,73.1,9,16.1,2010-09-17,30.1,0.0,9.8,22.4,0.0,1.3,17,2010,20100917,1.4
260,232,72.8,9,16.6,2010-09-18,30.6,0.0,11.1,22.8,0.0,1.5,18,2010,20100918,1.5
261,232,89.4,9,18.4,2010-09-19,24.0,4.0,0.0,21.0,0.0,1.6,19,2010,20100919,9.0
262,232,91.5,9,19.9,2010-09-20,22.6,32.5,0.0,21.6,0.0,1.3,20,2010,20100920,9.5
263,232,84.1,9,20.0,2010-09-21,29.7,18.5,0.6,25.2,0.0,3.0,21,2010,20100921,9.6
264,232,88.9,9,16.6,2010-09-22,21.6,3.5,0.0,17.8,0.0,1.9,22,2010,20100922,9.5
265,232,73.0,9,12.1,2010-09-23,22.9,0.0,10.4,16.9,0.0,1.6,23,2010,20100923,2.0
266,232,71.1,9,10.9,2010-09-24,24.5,0.0,9.1,17.0,0.0,1.3,24,2010,20100924,2.3
267,232,71.1,9,10.4,2010-09-25,24.1,0.0,7.5,17.3,0.0,1.1,25,2010,20100925,3.5
268,232,71.8,9,12.6,2010-09-26,23.3,0.0,5.4,17.2,0.0,1.6,26,2010,20100926,4.9
269,232,77.0,9,11.5,2010-09-27,25.1,0.0,8.2,17.5,0.0,1.4,27,2010,20100927,3.3
270,232,62.3,9,8.4,2010-09-28,19.8,0.4,11.1,15.6,0.0,2.6,28,2010,20100928,2.9
271,232,74.5,9,7.6,2010-09-29,19.3,0.0,2.6,12.4,0.0,1.2,29,2010,20100929,5.9
272,232,74.1,9,4.8,2010-09-30,21.0,0.0,10.8,12.2,0.0,1.1,30,2010,20100930,0.3
273,232,78.6,10,6.8,2010-10-01,22.3,0.0,5.6,13.6,0.0,1.1,1,2010,20101001,3.8
274,232,84.3,10,11.1,2010-10-02,21.0,11.5,0.5,17.1,0.0,1.4,2,2010,20101002,8.0
275,232,75.9,10,14.1,2010-10-03,23.0,4.0,7.2,18.7,0.0,2.4,3,2010,20101003,7.1
276,232,82.8,10,12.2,2010-10-04,18.0,3.0,0.3,14.8,0.0,2.3,4,2010,20101004,8.8
277,232,80.0,10,9.7,2010-10-05,19.9,0.0,5.1,14.4,0.0,1.1,5,2010,20101005,4.6
278,232,80.3,10,8.1,2010-10-06,22.2,0.0,10.2,14.1,0.0,1.1,6,2010,20101006,0.3
279,232,79.3,10,8.7,2010-10-07,24.7,0.0,10.0,15.8,0.0,1.2,7,2010,20101007,2.3
280,232,78.4,10,13.0,2010-10-08,22.6,0.3,1.9,17.5,0.0,1.4,8,2010,20101008,8.6
281,232,79.1,10,13.5,2010-10-09,24.8,0.1,6.0,18.2,0.0,1.1,9,2010,20101009,4.1
282,232,80.3,10,11.4,2010-10-10,23.4,0.0,7.7,16.5,0.0,1.4,10,2010,20101010,3.3
283,232,87.5,10,11.5,2010-10-11,21.5,0.0,0.2,16.1,0.0,1.1,11,2010,20101011,7.6
284,232,88.0,10,11.3,2010-10-12,19.7,0.0,0.3,14.8,0.0,1.2,12,2010,20101012,8.3
285,232,84.0,10,9.5,2010-10-13,19.9,0.0,1.3,14.2,0.0,0.9,13,2010,20101013,5.9
286,232,80.0,10,7.5,2010-10-14,19.8,0.0,6.2,13.7,0.0,1.3,14,2010,20101014,4.3
287,232,58.6,10,5.4,2010-10-15,18.1,0.0,9.7,12.4,0.0,2.1,15,2010,20101015,1.3
288,232,74.9,10,8.5,2010-10-16,22.4,0.5,6.3,14.7,0.0,1.9,16,2010,20101016,3.9
289,232,75.4,10,8.7,2010-10-17,21.8,0.0,8.8,14.5,0.0,1.2,17,2010,20101017,1.0
290,232,72.8,10,5.7,2010-10-18,20.5,0.0,9.3,12.3,0.0,0.9,18,2010,20101018,0.0
291,232,77.0,10,6.7,2010-10-19,23.5,0.0,7.9,13.7,0.0,1.2,19,2010,20101019,1.8
292,232,82.1,10,7.9,2010-10-20,21.6,0.0,7.1,13.8,0.0,1.3,20,2010,20101020,3.8
293,232,85.5,10,6.9,2010-10-21,20.7,0.0,4.5,13.3,0.0,0.9,21,2010,20101021,3.3
294,232,67.8,10,10.1,2010-10-22,22.9,0.0,9.8,15.6,0.0,1.9,22,2010,20101022,0.8
295,232,74.4,10,6.9,2010-10-23,21.1,0.0,4.0,14.7,0.0,1.5,23,2010,20101023,6.5
296,232,80.5,10,10.4,2010-10-24,23.2,0.0,3.9,15.6,0.0,1.3,24,2010,20101024,6.0
297,232,56.8,10,6.2,2010-10-25,14.1,0.0,6.0,11.3,0.0,3.9,25,2010,20101025,4.3
298,232,34.8,10,-1.5,2010-10-26,8.8,0.0,10.2,4.4,0.0,3.3,26,2010,20101026,0.3
299,232,59.3,10,-4.3,2010-10-27,13.6,0.0,7.2,4.5,0.0,1.3,27,2010,20101027,3.6
300,232,68.3,10,-2.9,2010-10-28,12.8,0.0,10.0,4.6,0.0,1.6,28,2010,20101028,0.3
301,232,66.8,10,-2.1,2010-10-29,17.0,0.0,9.9,7.1,0.0,1.0,29,2010,20101029,0.4
302,232,69.1,10,1.6,2010-10-30,19.6,0.0,8.1,9.3,0.0,0.8,30,2010,20101030,3.3
303,232,75.0,10,2.1,2010-10-31,18.2,0.0,1.8,8.7,0.0,0.7,31,2010,20101031,3.9
304,232,69.4,11,2.0,2010-11-01,16.9,0.0,9.5,10.1,0.0,2.0,1,2010,20101101,0.5
305,232,42.4,11,0.5,2010-11-02,10.8,0.0,9.6,7.0,0.0,3.4,2,2010,20101102,1.3
306,232,64.1,11,-1.4,2010-11-03,14.0,0.0,8.8,5.8,0.0,1.8,3,2010,20101103,2.5
307,232,74.5,11,0.7,2010-11-04,16.9,0.0,7.1,8.5,0.0,1.7,4,2010,20101104,1.4
308,232,79.9,11,2.9,2010-11-05,18.2,0.0,5.9,9.0,0.0,1.3,5,2010,20101105,2.8
309,232,85.4,11,4.4,2010-11-06,17.5,0.0,2.8,10.0,0.0,1.3,6,2010,20101106,8.6
310,232,77.0,11,5.2,2010-11-07,16.7,0.0,4.2,10.9,0.0,1.2,7,2010,20101107,7.9
311,232,61.6,11,3.3,2010-11-08,13.0,3.0,2.0,8.7,0.0,4.9,8,2010,20101108,7.3
312,232,46.6,11,3.2,2010-11-09,8.3,0.0,1.8,5.9,0.0,5.0,9,2010,20101109,6.3
313,232,61.3,11,-2.3,2010-11-10,11.2,0.0,9.2,3.8,0.0,1.0,10,2010,20101110,0.8
314,232,56.1,11,-0.2,2010-11-11,16.4,5.5,5.2,9.9,0.0,3.3,11,2010,20101111,4.6
315,232,58.1,11,2.5,2010-11-12,14.7,0.0,6.2,9.2,0.0,2.6,12,2010,20101112,2.9
316,232,61.3,11,2.2,2010-11-13,18.7,0.0,8.5,10.0,0.0,2.1,13,2010,20101113,2.5
317,232,43.3,11,5.6,2010-11-14,11.0,0.0,6.0,8.0,0.0,3.2,14,2010,20101114,6.0
318,232,48.8,11,-3.2,2010-11-15,6.5,0.0,9.1,2.1,0.0,2.8,15,2010,20101115,0.5
319,232,67.8,11,-5.2,2010-11-16,10.3,0.0,5.1,2.1,0.0,1.2,16,2010,20101116,4.6
320,232,76.8,11,-1.9,2010-11-17,11.6,0.0,4.8,4.1,0.0,1.0,17,2010,20101117,3.1
321,232,75.5,11,-3.5,2010-11-18,12.4,0.0,8.4,3.0,0.0,0.8,18,2010,20101118,0.0
322,232,76.1,11,-3.0,2010-11-19,11.3,0.0,1.3,2.6,0.0,1.0,19,2010,20101119,2.6
323,232,68.1,11,-1.1,2010-11-20,15.9,0.0,8.2,6.2,0.0,1.7,20,2010,20101120,0.0
324,232,69.9,11,2.2,2010-11-21,17.4,0.0,6.4,10.3,0.0,2.0,21,2010,20101121,3.6
325,232,59.3,11,-1.1,2010-11-22,12.9,0.0,8.1,7.1,0.0,3.5,22,2010,20101122,2.6
326,232,60.6,11,-4.6,2010-11-23,13.1,0.0,7.4,4.0,0.0,1.1,23,2010,20101123,3.5
327,232,69.3,11,0.2,2010-11-24,12.7,0.0,0.8,5.7,0.0,1.3,24,2010,20101124,6.4
328,232,58.4,11,1.1,2010-11-25,8.0,0.0,7.4,4.4,0.0,3.1,25,2010,20101125,4.3
329,232,46.0,11,-3.5,2010-11-26,6.2,0.0,8.3,0.9,0.0,1.8,26,2010,20101126,1.4
330,232,50.1,11,-3.8,2010-11-27,11.0,4.5,2.7,3.2,0.0,4.2,27,2010,20101127,6.3
331,232,46.5,11,-4.7,2010-11-28,3.3,0.0,8.3,-0.1,0.0,2.3,28,2010,20101128,1.6
332,232,77.5,11,-1.5,2010-11-29,9.0,0.5,6.6,3.0,0.0,1.8,29,2010,20101129,3.9
333,232,79.1,11,3.8,2010-11-30,15.0,0.0,3.2,8.5,0.0,2.1,30,2010,20101130,4.8
334,232,85.0,12,3.2,2010-12-01,14.7,0.0,4.7,7.7,0.0,1.3,1,2010,20101201,3.8
335,232,65.5,12,4.6,2010-12-02,14.4,2.5,0.3,10.7,0.0,2.9,2,2010,20101202,7.5
336,232,58.4,12,-2.2,2010-12-03,9.1,0.0,6.7,2.5,0.0,5.7,3,2010,20101203,2.8
337,232,69.1,12,-4.0,2010-12-04,10.8,0.0,8.6,3.1,0.0,2.2,4,2010,20101204,0.1
338,232,70.1,12,1.2,2010-12-05,16.5,0.0,5.4,9.3,0.0,2.2,5,2010,20101205,5.9
339,232,64.8,12,-0.8,2010-12-06,9.5,0.0,4.9,4.4,0.0,4.0,6,2010,20101206,4.5
340,232,55.0,12,-5.3,2010-12-07,3.5,0.0,8.1,-1.8,0.0,1.8,7,2010,20101207,1.0
341,232,71.6,12,-4.8,2010-12-08,3.8,2.8,0.6,0.0,0.5,2.5,8,2010,20101208,7.1
342,232,57.0,12,-4.3,2010-12-09,3.6,0.0,8.6,-0.7,0.0,2.7,9,2010,20101209,0.0
343,232,59.4,12,-5.3,2010-12-10,11.7,1.5,4.4,4.1,0.0,3.6,10,2010,20101210,5.0
344,232,53.0,12,-6.9,2010-12-11,7.8,0.0,7.0,-0.9,0.0,4.5,11,2010,20101211,2.3
345,232,42.6,12,-8.2,2010-12-12,3.7,0.0,5.8,-1.9,0.0,2.5,12,2010,20101212,5.4
346,232,75.0,12,1.2,2010-12-13,4.8,1.5,0.0,3.1,0.0,1.6,13,2010,20101213,9.0
347,232,65.9,12,-6.6,2010-12-14,1.9,0.0,6.1,-1.5,0.0,4.5,14,2010,20101214,4.0
348,232,46.4,12,-10.3,2010-12-15,-5.8,0.0,7.5,-8.1,0.0,3.5,15,2010,20101215,3.8
349,232,53.1,12,-12.4,2010-12-16,-1.4,0.0,8.4,-6.7,0.0,2.0,16,2010,20101216,3.3
350,232,73.8,12,-4.1,2010-12-17,5.9,0.8,3.7,0.2,1.5,2.6,17,2010,20101217,6.0
351,232,73.5,12,-5.8,2010-12-18,7.3,0.0,7.6,0.0,0.0,2.1,18,2010,20101218,0.3
352,232,66.3,12,1.3,2010-12-19,12.4,0.0,2.6,6.9,0.0,3.2,19,2010,20101219,6.5
353,232,82.4,12,-2.2,2010-12-20,9.8,0.0,5.7,3.0,0.0,1.0,20,2010,20101220,1.8
354,232,81.1,12,-3.1,2010-12-21,9.7,0.0,5.8,1.4,0.0,1.0,21,2010,20101221,5.4
355,232,81.0,12,-4.0,2010-12-22,8.3,0.0,7.5,1.0,0.0,1.1,22,2010,20101222,0.6
356,232,62.4,12,-5.9,2010-12-23,4.8,0.0,4.5,0.0,0.0,3.3,23,2010,20101223,5.9
357,232,48.9,12,-11.1,2010-12-24,-5.8,0.0,8.2,-9.1,0.0,4.7,24,2010,20101224,2.6
358,232,62.0,12,-12.2,2010-12-25,-6.2,1.7,5.3,-9.0,5.1,2.9,25,2010,20101225,4.1
359,232,80.4,12,-15.9,2010-12-26,-4.3,2.7,4.5,-10.1,5.2,1.0,26,2010,20101226,4.6
360,232,79.4,12,-14.0,2010-12-27,3.6,0.3,5.0,-3.7,0.6,1.8,27,2010,20101227,5.1
361,232,85.5,12,-3.7,2010-12-28,3.1,6.5,0.1,0.1,4.3,2.7,28,2010,20101228,8.1
362,232,73.0,12,-9.5,2010-12-29,0.5,0.5,7.8,-3.6,1.2,1.7,29,2010,20101229,6.3
363,232,69.5,12,-6.9,2010-12-30,0.0,3.3,2.5,-3.5,4.5,3.6,30,2010,20101230,6.4
364,232,64.0,12,-12.1,2010-12-31,-4.2,0.4,7.5,-7.4,0.6,2.6,31,2010,20101231,4.0
