,station_id,month,tavg,date,snow,day,cloud,sunshine,tmax,wind,rainfall,year,Date,humid,tmin
0,232,1,-6.6,20210101,0.0,1,6.4,0.4,-2.1,0.3,0.0,2021,2021-01-01,93.0,-13.9
1,232,1,-6.2,20210102,0.0,2,0.1,8.6,-0.6,1.0,0.0,2021,2021-01-02,71.3,-12.3
2,232,1,-5.8,20210103,0.0,3,4.8,5.9,-0.2,0.9,0.0,2021,2021-01-03,65.1,-12.3
3,232,1,-4.5,20210104,0.0,4,5.6,4.3,1.2,0.7,0.0,2021,2021-01-04,69.9,-12.2
4,232,1,-4.2,20210105,0.0,5,1.9,7.9,-1.2,1.7,0.2,2021,2021-01-05,60.9,-10.4
5,232,1,-7.0,20210106,0.0,6,3.5,8.8,-2.1,1.2,1.4,2021,2021-01-06,67.1,-14.0
6,232,1,-13.1,20210107,0.0,7,3.4,8.8,-3.7,2.7,0.3,2021,2021-01-07,58.9,-18.0
7,232,1,-14.1,20210108,0.0,8,0.1,9.2,-10.1,1.3,0.0,2021,2021-01-08,60.0,-19.3
8,232,1,-13.4,20210109,0.0,9,3.5,7.8,-7.8,1.1,0.0,2021,2021-01-09,72.0,-20.5
9,232,1,-10.1,20210110,0.0,10,2.9,7.5,-3.1,0.6,0.0,2021,2021-01-10,68.8,-18.0
10,232,1,-8.1,20210111,0.0,11,9.5,0.0,-2.9,0.5,0.0,2021,2021-01-11,77.1,-13.7
11,232,1,-3.9,20210112,0.0,12,5.3,5.3,2.4,1.0,0.1,2021,2021-01-12,85.5,-11.0
12,232,1,2.1,20210113,0.0,13,1.1,7.6,9.1,1.2,0.0,2021,2021-01-13,82.3,-6.1
13,232,1,1.1,20210114,0.0,14,0.1,8.8,9.4,0.9,0.0,2021,2021-01-14,62.9,-5.3
14,232,1,3.6,20210115,0.0,15,9.1,0.3,12.2,1.6,0.0,2021,2021-01-15,76.8,-2.8
15,232,1,-2.7,20210116,0.0,16,5.9,5.9,1.9,2.2,0.0,2021,2021-01-16,67.1,-5.5
16,232,1,-4.7,20210117,0.0,17,4.3,7.8,0.1,1.4,0.0,2021,2021-01-17,60.1,-11.0
17,232,1,-3.1,20210118,0.0,18,6.4,2.1,4.4,1.7,1.2,2021,2021-01-18,76.1,-7.7
18,232,1,-7.2,20210119,0.0,19,0.5,9.4,-0.5,0.9,0.0,2021,2021-01-19,55.9,-13.9
19,232,1,-3.1,20210120,0.0,20,3.5,9.2,6.9,0.6,0.0,2021,2021-01-20,60.4,-11.7
20,232,1,3.8,20210121,0.0,21,7.8,2.4,9.1,0.7,7.9,2021,2021-01-21,78.8,-3.0
21,232,1,6.0,20210122,0.0,22,7.4,0.0,8.8,0.5,1.4,2021,2021-01-22,99.6,3.8
22,232,1,8.3,20210123,0.0,23,8.1,2.0,12.2,2.7,0.0,2021,2021-01-23,75.3,2.6
23,232,1,5.9,20210124,0.0,24,2.6,9.0,12.5,1.4,0.0,2021,2021-01-24,72.5,-0.4
24,232,1,4.9,20210125,0.0,25,6.6,6.3,13.0,1.0,0.0,2021,2021-01-25,75.8,-0.6
25,232,1,4.2,20210126,0.0,26,9.5,0.1,7.3,1.0,2.9,2021,2021-01-26,95.5,1.4
26,232,1,1.9,20210127,0.0,27,6.9,8.8,7.1,1.3,0.0,2021,2021-01-27,59.3,-2.0
27,232,1,-3.0,20210128,0.0,28,6.6,2.4,2.7,2.8,2.4,2021,2021-01-28,70.3,-7.3
28,232,1,-7.7,20210129,0.0,29,0.8,9.3,-3.6,2.0,0.0,2021,2021-01-29,53.5,-11.0
29,232,1,-1.3,20210130,0.0,30,5.1,5.3,7.6,1.5,0.0,2021,2021-01-30,67.5,-11.7
30,232,1,1.3,20210131,0.0,31,3.1,7.9,10.9,1.0,0.0,2021,2021-01-31,74.3,-6.9
31,232,2,5.5,20210201,0.0,1,7.5,3.0,11.5,1.5,5.6,2021,2021-02-01,84.4,0.9
32,232,2,-4.0,20210202,0.0,2,0.5,9.6,1.0,2.3,0.0,2021,2021-02-02,53.6,-6.0
33,232,2,-3.4,20210203,0.0,3,3.1,9.6,3.0,1.2,0.6,2021,2021-02-03,67.5,-11.7
34,232,2,-2.3,20210204,0.0,4,0.1,9.8,1.5,1.5,0.8,2021,2021-02-04,52.8,-7.0
35,232,2,-1.2,20210205,0.0,5,5.4,6.3,7.6,0.7,0.0,2021,2021-02-05,73.5,-8.4
36,232,2,4.0,20210206,0.0,6,4.9,5.4,11.7,0.8,0.0,2021,2021-02-06,81.8,-4.4
37,232,2,4.0,20210207,0.0,7,4.4,6.6,8.7,1.5,0.0,2021,2021-02-07,72.6,-1.5
38,232,2,-2.1,20210208,0.0,8,0.0,9.8,0.8,2.3,0.0,2021,2021-02-08,45.6,-3.9
39,232,2,0.2,20210210,0.0,10,4.4,0.0,8.3,0.8,0.0,2021,2021-02-10,0.0,-6.7
40,232,2,3.9,20210211,0.0,11,7.6,7.4,11.2,0.8,0.0,2021,2021-02-11,72.4,-1.3
41,232,2,4.9,20210212,0.0,12,3.9,8.8,15.3,0.7,0.0,2021,2021-02-12,62.6,-2.3
42,232,2,5.4,20210213,0.0,13,1.1,9.6,16.0,0.6,0.0,2021,2021-02-13,60.3,-3.5
43,232,2,7.8,20210214,0.0,14,9.3,0.6,14.1,0.7,0.0,2021,2021-02-14,66.5,1.4
44,232,2,1.8,20210215,0.0,15,8.1,4.7,7.1,3.5,1.3,2021,2021-02-15,73.8,-3.5
45,232,2,-4.3,20210216,0.0,16,3.1,4.7,-0.2,1.6,0.9,2021,2021-02-16,67.4,-9.0
46,232,2,-7.1,20210217,0.0,17,4.8,5.3,-4.9,3.7,0.0,2021,2021-02-17,58.0,-8.7
47,232,2,-5.2,20210218,0.0,18,2.1,9.8,-0.8,2.3,0.0,2021,2021-02-18,55.1,-9.3
48,232,2,1.1,20210219,0.0,19,0.0,10.0,9.4,1.7,0.0,2021,2021-02-19,71.8,-9.8
49,232,2,7.5,20210220,0.0,20,1.5,9.4,16.2,1.1,0.0,2021,2021-02-20,69.1,-0.7
50,232,2,11.4,20210221,0.0,21,0.0,10.0,22.2,2.0,0.0,2021,2021-02-21,62.4,1.2
51,232,2,6.3,20210222,0.0,22,2.5,10.0,15.1,1.9,0.0,2021,2021-02-22,65.4,0.8
52,232,2,0.4,20210223,0.0,23,2.0,10.4,4.7,1.9,0.0,2021,2021-02-23,42.0,-3.6
53,232,2,2.5,20210224,0.0,24,7.3,8.3,10.6,0.6,0.0,2021,2021-02-24,46.4,-3.7
54,232,2,3.1,20210225,0.0,25,9.5,0.0,8.5,0.6,0.0,2021,2021-02-25,59.9,-2.9
55,232,2,6.8,20210226,0.0,26,5.8,8.7,14.9,2.0,0.0,2021,2021-02-26,54.0,-2.4
56,232,2,7.0,20210227,0.0,27,4.0,9.4,11.7,3.8,0.0,2021,2021-02-27,53.4,0.0
57,232,2,6.6,20210228,0.0,28,6.3,2.0,12.8,1.3,0.0,2021,2021-02-28,64.5,-2.1
58,232,3,7.0,20210301,0.0,1,9.9,0.0,11.0,1.7,55.8,2021,2021-03-01,98.1,1.4
59,232,3,2.3,20210302,0.0,2,5.5,2.5,6.7,1.2,0.2,2021,2021-03-02,80.8,-1.6
60,232,3,2.7,20210303,0.0,3,4.6,8.4,9.3,0.7,0.0,2021,2021-03-03,73.3,-3.5
61,232,3,4.4,20210304,0.0,4,7.4,0.0,10.3,0.9,0.0,2021,2021-03-04,80.3,-0.7
62,232,3,6.6,20210305,0.0,5,3.6,8.5,16.3,1.0,0.0,2021,2021-03-05,75.9,-2.2
63,232,3,6.5,20210306,0.0,6,6.6,2.6,12.4,2.4,0.0,2021,2021-03-06,75.9,3.2
64,232,3,6.1,20210307,0.0,7,7.0,2.0,10.8,1.8,0.0,2021,2021-03-07,70.0,2.9
65,232,3,5.4,20210308,0.0,8,2.0,10.2,13.6,0.8,0.0,2021,2021-03-08,72.8,-1.8
66,232,3,5.0,20210309,0.0,9,6.1,7.5,12.3,1.2,0.0,2021,2021-03-09,63.6,-1.3
67,232,3,6.6,20210310,0.0,10,0.0,10.4,16.6,0.8,0.0,2021,2021-03-10,64.4,-2.2
68,232,3,8.3,20210311,0.0,11,7.8,7.1,17.2,1.0,0.0,2021,2021-03-11,60.1,-0.8
69,232,3,7.8,20210312,0.0,12,8.3,0.0,9.5,1.0,3.8,2021,2021-03-12,89.9,5.5
70,232,3,7.2,20210313,0.0,13,2.9,9.3,14.8,1.2,0.0,2021,2021-03-13,76.0,0.4
71,232,3,7.7,20210314,0.0,14,4.0,8.3,14.2,1.1,0.0,2021,2021-03-14,76.0,1.0
72,232,3,10.2,20210315,0.0,15,7.4,6.7,18.2,1.1,0.0,2021,2021-03-15,64.6,0.9
73,232,3,8.4,20210316,0.0,16,3.0,10.5,13.2,2.3,0.2,2021,2021-03-16,58.8,1.5
74,232,3,7.4,20210317,0.0,17,0.8,10.7,18.0,1.0,0.0,2021,2021-03-17,59.3,-2.1
75,232,3,9.9,20210318,0.0,18,3.4,9.0,19.1,1.1,0.0,2021,2021-03-18,58.6,0.6
76,232,3,13.4,20210319,0.0,19,5.9,8.1,18.1,2.6,0.0,2021,2021-03-19,51.4,9.7
77,232,3,8.3,20210320,0.0,20,9.1,0.1,12.0,1.5,3.7,2021,2021-03-20,88.5,6.2
78,232,3,5.7,20210321,0.0,21,7.1,2.4,9.4,3.1,0.0,2021,2021-03-21,71.6,3.6
79,232,3,5.9,20210322,0.0,22,1.4,10.2,12.4,0.0,0.0,2021,2021-03-22,55.1,-0.8
80,232,3,7.6,20210323,0.0,23,1.3,9.7,17.6,2.1,0.0,2021,2021-03-23,61.8,-1.8
81,232,3,8.8,20210324,0.0,24,4.8,8.2,17.7,1.2,0.0,2021,2021-03-24,62.6,-0.6
82,232,3,11.2,20210325,0.0,25,2.6,10.9,19.9,1.3,0.0,2021,2021-03-25,68.5,3.4
83,232,3,11.3,20210326,0.0,26,6.9,8.2,22.2,0.8,0.0,2021,2021-03-26,57.8,2.3
84,232,3,11.2,20210327,0.0,27,9.8,0.1,15.5,1.6,11.1,2021,2021-03-27,80.1,4.7
85,232,3,10.4,20210328,0.0,28,9.4,0.0,14.5,2.2,0.5,2021,2021-03-28,93.5,9.0
86,232,3,11.1,20210329,0.0,29,4.9,8.5,16.8,2.1,0.0,2021,2021-03-29,57.9,7.4
87,232,3,10.1,20210330,0.0,30,1.0,11.4,18.7,1.4,0.0,2021,2021-03-30,48.8,1.6
88,232,3,12.2,20210331,0.0,31,3.6,11.0,23.2,0.9,0.0,2021,2021-03-31,46.9,0.2
89,232,4,14.4,20210401,0.0,1,6.1,7.9,20.8,3.9,0.0,2021,2021-04-01,41.1,6.0
90,232,4,17.0,20210402,0.0,2,9.0,3.6,21.4,3.1,0.0,2021,2021-04-02,44.9,12.4
91,232,4,15.6,20210403,0.0,3,0.0,0.0,17.6,1.5,35.0,2021,2021-04-03,83.8,13.3
92,232,4,11.0,20210404,0.0,4,0.0,0.1,13.4,2.6,2.8,2021,2021-04-04,79.5,7.0
93,232,4,10.1,20210405,0.0,5,1.6,12.0,17.5,1.3,0.0,2021,2021-04-05,53.9,1.9
94,232,4,11.6,20210406,0.0,6,2.7,9.8,19.3,1.5,0.0,2021,2021-04-06,54.3,4.1
95,232,4,12.3,20210407,0.0,7,0.9,11.8,21.2,1.3,0.0,2021,2021-04-07,50.9,3.4
96,232,4,11.4,20210408,0.0,8,0.0,11.8,18.0,1.6,0.0,2021,2021-04-08,48.6,2.9
97,232,4,11.1,20210409,0.0,9,3.7,9.7,19.0,1.9,0.0,2021,2021-04-09,54.3,1.6
98,232,4,10.7,20210410,0.0,10,1.0,10.9,18.2,1.4,0.0,2021,2021-04-10,60.9,3.1
99,232,4,13.0,20210411,0.0,11,3.0,11.2,21.7,0.9,0.0,2021,2021-04-11,58.4,2.9
100,232,4,12.6,20210412,0.0,12,9.4,0.0,16.2,1.9,9.9,2021,2021-04-12,76.5,9.9
101,232,4,10.3,20210413,0.0,13,7.4,6.5,15.3,3.0,0.4,2021,2021-04-13,77.5,5.0
102,232,4,8.0,20210414,0.0,14,0.8,12.1,14.7,1.9,0.0,2021,2021-04-14,55.6,1.2
103,232,4,9.3,20210415,0.0,15,5.0,11.5,18.1,1.1,0.0,2021,2021-04-15,57.4,0.0
104,232,4,10.0,20210416,0.0,16,7.9,1.0,14.9,1.2,0.0,2021,2021-04-16,73.9,5.0
105,232,4,8.5,20210417,0.0,17,2.4,7.8,15.3,2.1,0.0,2021,2021-04-17,59.8,1.1
106,232,4,9.8,20210418,0.0,18,3.4,10.2,15.0,2.2,0.0,2021,2021-04-18,62.0,4.9
107,232,4,11.2,20210419,0.0,19,1.1,12.1,20.6,1.5,0.0,2021,2021-04-19,64.8,0.2
108,232,4,13.4,20210420,0.0,20,3.5,11.0,23.4,1.2,0.0,2021,2021-04-20,56.9,2.9
109,232,4,18.1,20210421,0.0,21,5.9,10.8,28.7,1.0,0.0,2021,2021-04-21,46.4,5.7
110,232,4,20.5,20210422,0.0,22,9.4,3.9,28.7,1.9,0.0,2021,2021-04-22,39.3,14.5
111,232,4,18.3,20210423,0.0,23,9.4,0.1,21.9,3.2,0.0,2021,2021-04-23,33.6,14.9
112,232,4,16.8,20210424,0.0,24,6.4,3.4,23.0,1.9,0.0,2021,2021-04-24,43.5,10.6
113,232,4,16.2,20210425,0.0,25,0.8,11.5,23.7,1.7,0.0,2021,2021-04-25,57.9,7.6
114,232,4,15.1,20210426,0.0,26,5.4,11.8,22.0,1.4,0.0,2021,2021-04-26,47.5,5.9
115,232,4,14.8,20210427,0.0,27,9.4,0.2,19.9,1.0,0.0,2021,2021-04-27,62.3,8.9
116,232,4,14.5,20210428,0.0,28,6.6,2.3,20.4,1.2,1.1,2021,2021-04-28,75.8,10.3
117,232,4,14.0,20210429,0.0,29,9.3,5.0,19.9,1.5,2.0,2021,2021-04-29,68.0,9.0
118,232,4,11.4,20210430,0.0,30,9.1,1.9,16.1,2.4,3.5,2021,2021-04-30,82.4,8.9
119,232,5,10.1,20210501,0.0,1,7.8,0.6,12.9,2.2,2.9,2021,2021-05-01,84.5,8.5
120,232,5,11.5,20210502,0.0,2,4.1,8.9,18.0,1.5,1.9,2021,2021-05-02,74.8,6.6
121,232,5,12.6,20210503,0.0,3,3.1,11.4,21.9,1.0,0.0,2021,2021-05-03,69.5,3.3
122,232,5,15.3,20210504,0.0,4,9.9,0.4,20.8,1.4,9.1,2021,2021-05-04,81.5,9.3
123,232,5,13.5,20210505,0.0,5,2.6,11.9,19.0,2.7,0.5,2021,2021-05-05,65.3,5.8
124,232,5,13.3,20210506,0.0,6,5.8,8.6,22.8,1.1,0.0,2021,2021-05-06,58.3,3.0
125,232,5,12.8,20210507,0.0,7,4.8,7.1,18.7,2.1,3.7,2021,2021-05-07,70.3,7.4
126,232,5,14.2,20210508,0.0,8,0.9,9.7,22.6,2.5,0.0,2021,2021-05-08,67.9,4.9
127,232,5,14.6,20210509,0.0,9,0.4,12.9,21.7,1.9,0.0,2021,2021-05-09,56.3,6.4
128,232,5,11.0,20210510,0.0,10,7.4,0.0,13.0,1.1,20.0,2021,2021-05-10,94.1,7.4
129,232,5,16.6,20210511,0.0,11,6.8,6.8,22.1,2.9,2.3,2021,2021-05-11,63.3,11.9
130,232,5,18.2,20210512,0.0,12,3.1,12.0,25.7,1.8,0.0,2021,2021-05-12,54.5,9.9
131,232,5,20.0,20210513,0.0,13,1.5,12.7,28.4,0.8,0.0,2021,2021-05-13,67.0,11.1
132,232,5,21.9,20210514,0.0,14,7.0,9.6,29.7,1.0,0.0,2021,2021-05-14,70.4,13.1
133,232,5,21.2,20210515,0.0,15,9.4,0.5,25.0,1.0,4.9,2021,2021-05-15,92.9,18.2
134,232,5,20.6,20210516,0.0,16,9.4,0.0,22.3,1.1,27.7,2021,2021-05-16,99.0,16.4
135,232,5,15.8,20210517,0.0,17,9.6,0.0,16.6,0.9,5.8,2021,2021-05-17,98.8,14.5
136,232,5,17.3,20210518,0.0,18,6.0,6.5,23.6,0.9,0.0,2021,2021-05-18,83.0,13.2
137,232,5,18.4,20210519,0.0,19,4.8,10.5,26.6,1.0,0.0,2021,2021-05-19,70.3,10.3
138,232,5,16.2,20210520,0.0,20,8.6,0.0,20.5,1.5,9.1,2021,2021-05-20,88.6,14.5
139,232,5,14.3,20210521,0.0,21,6.4,0.0,15.7,1.9,7.4,2021,2021-05-21,98.8,12.6
140,232,5,16.6,20210522,0.0,22,2.1,9.7,23.6,1.1,0.0,2021,2021-05-22,78.5,11.6
141,232,5,18.2,20210523,0.0,23,6.9,6.5,25.0,0.8,0.0,2021,2021-05-23,73.9,10.4
142,232,5,17.6,20210524,0.0,24,4.9,8.1,23.8,1.2,0.0,2021,2021-05-24,70.8,11.9
143,232,5,14.3,20210525,0.0,25,3.8,6.8,20.3,2.0,3.6,2021,2021-05-25,74.4,9.5
144,232,5,15.2,20210526,0.0,26,9.1,2.5,23.0,1.1,0.0,2021,2021-05-26,74.1,8.2
145,232,5,15.0,20210527,0.0,27,5.9,2.9,19.2,1.2,3.1,2021,2021-05-27,89.1,10.3
146,232,5,13.6,20210528,0.0,28,8.3,1.2,17.7,1.7,26.0,2021,2021-05-28,94.5,9.4
147,232,5,16.2,20210529,0.0,29,4.4,8.6,23.5,1.5,0.0,2021,2021-05-29,73.4,9.9
148,232,5,18.3,20210530,0.0,30,3.9,11.9,26.6,1.1,4.4,2021,2021-05-30,75.1,9.1
149,232,5,18.9,20210531,0.0,31,5.8,2.4,23.9,1.0,3.5,2021,2021-05-31,81.4,15.6
150,232,6,20.3,20210601,0.0,1,7.8,6.5,26.4,1.2,0.0,2021,2021-06-01,75.6,14.9
151,232,6,22.4,20210602,0.0,2,4.8,9.9,29.2,0.9,0.0,2021,2021-06-02,66.9,14.1
152,232,6,17.6,20210603,0.0,3,9.1,0.4,20.5,0.9,18.7,2021,2021-06-03,94.9,14.2
153,232,6,18.0,20210604,0.0,4,2.5,10.7,24.7,1.6,0.1,2021,2021-06-04,71.1,11.9
154,232,6,19.4,20210605,0.0,5,3.4,8.0,26.1,1.5,0.0,2021,2021-06-05,77.4,13.0
155,232,6,20.5,20210606,0.0,6,2.6,7.0,26.6,1.1,0.0,2021,2021-06-06,76.9,14.7
156,232,6,20.2,20210607,0.0,7,6.5,5.3,26.6,0.6,0.0,2021,2021-06-07,74.3,13.6
157,232,6,22.8,20210608,0.0,8,7.6,7.8,29.1,0.7,0.0,2021,2021-06-08,73.1,16.1
158,232,6,24.2,20210609,0.0,9,4.1,11.6,32.0,0.7,0.0,2021,2021-06-09,71.8,17.1
159,232,6,23.6,20210610,0.0,10,8.8,4.1,28.9,1.6,2.0,2021,2021-06-10,73.3,18.8
160,232,6,22.0,20210611,0.0,11,5.9,3.8,27.6,1.2,8.2,2021,2021-06-11,86.6,18.5
161,232,6,23.0,20210612,0.0,12,4.5,8.8,30.4,0.9,0.0,2021,2021-06-12,80.3,17.1
162,232,6,23.4,20210613,0.0,13,2.8,8.3,29.8,1.0,0.0,2021,2021-06-13,81.6,19.4
163,232,6,23.1,20210614,0.0,14,8.0,4.1,29.0,0.9,0.0,2021,2021-06-14,83.6,17.5
164,232,6,22.4,20210615,0.0,15,7.9,0.9,24.8,2.2,0.0,2021,2021-06-15,80.3,20.3
165,232,6,23.3,20210616,0.0,16,5.6,8.0,27.1,2.5,0.0,2021,2021-06-16,66.6,20.0
166,232,6,21.1,20210617,0.0,17,9.9,0.8,23.4,1.4,0.0,2021,2021-06-17,80.1,19.0
167,232,6,20.4,20210618,0.0,18,8.1,0.3,22.9,0.9,1.9,2021,2021-06-18,95.0,18.8
168,232,6,21.8,20210619,0.0,19,3.3,10.3,28.1,0.8,0.0,2021,2021-06-19,77.6,17.0
169,232,6,22.6,20210620,0.0,20,3.6,11.0,29.6,1.6,0.0,2021,2021-06-20,73.1,15.7
170,232,6,22.7,20210621,0.0,21,2.4,10.9,29.0,1.2,0.0,2021,2021-06-21,69.3,17.4
171,232,6,20.8,20210622,0.0,22,6.8,3.6,27.4,1.1,1.6,2021,2021-06-22,79.8,15.7
172,232,6,19.4,20210623,0.0,23,6.1,0.3,22.5,1.6,2.0,2021,2021-06-23,91.9,16.8
173,232,6,21.7,20210624,0.0,24,4.8,8.4,27.1,0.9,0.0,2021,2021-06-24,81.3,16.5
174,232,6,23.1,20210625,0.0,25,4.8,10.0,29.3,1.0,0.0,2021,2021-06-25,75.3,17.1
175,232,6,21.1,20210626,0.0,26,6.8,4.2,26.0,1.2,8.1,2021,2021-06-26,88.0,18.5
176,232,6,23.4,20210627,0.0,27,6.3,7.1,28.6,1.0,0.0,2021,2021-06-27,76.6,17.1
177,232,6,22.7,20210628,0.0,28,7.5,4.4,28.0,1.5,2.2,2021,2021-06-28,81.9,19.1
178,232,6,22.9,20210629,0.0,29,5.3,6.4,28.2,1.0,0.0,2021,2021-06-29,82.1,17.4
179,232,6,23.4,20210630,0.0,30,6.4,4.6,28.8,0.8,0.0,2021,2021-06-30,82.8,19.4
180,232,7,25.1,20210701,0.0,1,3.4,10.4,31.2,0.9,0.0,2021,2021-07-01,76.9,18.9
181,232,7,25.2,20210702,0.0,2,4.5,6.9,30.2,1.7,0.0,2021,2021-07-02,71.9,19.9
182,232,7,22.5,20210703,0.0,3,9.2,0.1,25.7,3.4,27.5,2021,2021-07-03,85.8,20.5
183,232,7,22.5,20210704,0.0,4,7.8,0.0,24.0,2.0,5.5,2021,2021-07-04,92.4,20.7
184,232,7,22.5,20210705,0.0,5,9.6,0.9,26.2,0.8,0.8,2021,2021-07-05,88.1,19.7
185,232,7,23.4,20210706,0.0,6,9.1,1.7,27.0,0.9,5.9,2021,2021-07-06,90.8,20.0
186,232,7,24.7,20210707,0.0,7,9.4,0.7,27.2,0.7,43.4,2021,2021-07-07,94.6,21.9
187,232,7,25.1,20210708,0.0,8,7.0,5.6,30.0,1.0,31.3,2021,2021-07-08,87.0,22.1
188,232,7,24.5,20210709,0.0,9,6.9,2.0,29.5,0.5,0.3,2021,2021-07-09,88.1,21.1
189,232,7,25.1,20210710,0.0,10,6.4,3.9,29.5,1.0,0.2,2021,2021-07-10,88.1,21.4
190,232,7,25.1,20210711,0.0,11,7.3,1.7,29.3,1.2,2.1,2021,2021-07-11,91.9,22.5
191,232,7,26.2,20210712,0.0,12,4.9,5.4,32.3,0.7,0.0,2021,2021-07-12,86.4,21.2
192,232,7,27.4,20210713,0.0,13,5.5,5.9,32.0,0.8,0.0,2021,2021-07-13,83.0,22.7
193,232,7,27.5,20210714,0.0,14,6.6,8.5,31.7,1.2,0.0,2021,2021-07-14,83.5,22.9
194,232,7,27.2,20210715,0.0,15,4.4,7.9,33.3,1.1,0.0,2021,2021-07-15,77.3,22.6
195,232,7,25.9,20210716,0.0,16,5.6,8.7,32.7,1.3,0.5,2021,2021-07-16,83.1,21.1
196,232,7,25.5,20210717,0.0,17,6.4,7.7,30.1,1.7,0.1,2021,2021-07-17,81.9,20.5
197,232,7,26.7,20210718,0.0,18,6.0,8.8,31.8,1.6,0.0,2021,2021-07-18,76.3,21.5
198,232,7,26.2,20210719,0.0,19,7.8,5.3,31.7,1.1,0.0,2021,2021-07-19,81.5,22.4
199,232,7,26.5,20210720,0.0,20,8.5,2.0,30.5,0.7,0.0,2021,2021-07-20,86.9,22.7
200,232,7,27.7,20210721,0.0,21,4.9,12.6,33.8,1.6,0.0,2021,2021-07-21,72.0,21.6
201,232,7,27.1,20210722,0.0,22,4.6,12.1,33.6,1.4,0.0,2021,2021-07-22,77.1,21.0
202,232,7,27.7,20210723,0.0,23,3.4,13.1,34.1,1.6,0.0,2021,2021-07-23,73.5,21.7
203,232,7,28.0,20210724,0.0,24,5.3,10.1,33.7,1.3,0.0,2021,2021-07-24,73.9,22.9
204,232,7,27.8,20210725,0.0,25,6.4,9.9,33.2,2.1,0.0,2021,2021-07-25,72.8,22.8
205,232,7,28.1,20210726,0.0,26,1.3,12.6,33.4,2.3,0.0,2021,2021-07-26,68.8,24.0
206,232,7,28.1,20210727,0.0,27,1.9,12.9,34.2,1.3,0.0,2021,2021-07-27,70.6,21.6
207,232,7,28.6,20210728,0.0,28,4.0,12.4,34.2,1.2,0.0,2021,2021-07-28,70.5,23.6
208,232,7,27.7,20210729,0.0,29,6.5,7.3,33.4,0.9,0.0,2021,2021-07-29,75.8,22.7
209,232,7,28.9,20210730,0.0,30,6.0,11.1,34.6,1.2,0.0,2021,2021-07-30,69.8,23.8
210,232,7,28.4,20210731,0.0,31,6.0,7.7,33.9,1.2,0.0,2021,2021-07-31,78.0,24.8
211,232,8,25.8,20210801,0.0,1,8.5,0.7,30.7,0.8,18.2,2021,2021-08-01,89.5,23.0
212,232,8,25.2,20210802,0.0,2,8.3,1.3,27.8,0.7,6.7,2021,2021-08-02,94.5,23.3
213,232,8,26.5,20210803,0.0,3,7.7,2.0,30.5,1.0,1.6,2021,2021-08-03,89.3,23.7
214,232,8,27.5,20210804,0.0,4,4.7,10.5,32.4,0.9,0.0,2021,2021-08-04,79.3,23.2
215,232,8,28.0,20210805,0.0,5,4.8,11.0,33.6,0.8,0.0,2021,2021-08-05,76.3,23.2
216,232,8,27.4,20210806,0.0,6,6.9,9.2,33.8,1.2,0.0,2021,2021-08-06,76.5,23.2
217,232,8,26.3,20210807,0.0,7,5.4,8.7,32.2,1.0,0.0,2021,2021-08-07,77.4,21.4
218,232,8,25.2,20210808,0.0,8,9.1,1.0,29.6,1.3,0.0,2021,2021-08-08,87.8,21.8
219,232,8,26.7,20210809,0.0,9,5.4,8.6,32.3,1.3,0.0,2021,2021-08-09,70.5,20.9
220,232,8,24.7,20210810,0.0,10,5.0,7.0,29.3,1.5,16.2,2021,2021-08-10,85.1,21.4
221,232,8,25.7,20210811,0.0,11,4.0,7.8,31.5,0.8,0.0,2021,2021-08-11,80.5,20.8
222,232,8,25.2,20210812,0.0,12,8.9,3.6,30.5,1.0,2.9,2021,2021-08-12,82.4,20.7
223,232,8,24.3,20210813,0.0,13,9.4,0.7,28.0,0.9,0.0,2021,2021-08-13,88.4,20.6
224,232,8,24.6,20210814,0.0,14,8.6,3.1,28.3,1.5,0.0,2021,2021-08-14,80.0,22.3
225,232,8,25.1,20210815,0.0,15,4.5,11.0,30.6,1.5,0.0,2021,2021-08-15,72.4,19.4
226,232,8,24.6,20210816,0.0,16,3.8,8.6,28.9,2.0,0.0,2021,2021-08-16,72.1,19.7
227,232,8,23.6,20210817,0.0,17,7.2,5.8,28.6,2.3,0.9,2021,2021-08-17,74.3,19.7
228,232,8,22.8,20210818,0.0,18,7.9,5.0,29.2,1.4,4.9,2021,2021-08-18,82.4,19.3
229,232,8,23.1,20210819,0.0,19,7.8,7.1,29.0,1.0,0.0,2021,2021-08-19,81.0,18.5
230,232,8,24.3,20210820,0.0,20,5.3,9.1,30.2,1.3,5.3,2021,2021-08-20,81.1,19.3
231,232,8,23.1,20210821,0.0,21,7.5,0.6,27.8,1.9,24.9,2021,2021-08-21,94.6,21.2
232,232,8,23.6,20210822,0.0,22,8.8,0.5,27.2,1.1,0.0,2021,2021-08-22,87.6,20.3
233,232,8,21.4,20210823,0.0,23,10.0,0.0,23.8,1.4,68.4,2021,2021-08-23,99.0,20.3
234,232,8,24.0,20210824,0.0,24,8.6,0.6,28.1,1.9,8.2,2021,2021-08-24,92.9,21.0
235,232,8,22.6,20210825,0.0,25,7.0,0.0,23.9,0.6,25.1,2021,2021-08-25,99.0,21.8
236,232,8,24.1,20210826,0.0,26,9.0,0.3,28.0,0.6,0.0,2021,2021-08-26,93.4,21.3
237,232,8,21.0,20210827,0.0,27,9.0,0.0,24.5,0.5,17.8,2021,2021-08-27,99.0,18.2
238,232,8,21.6,20210828,0.0,28,7.9,1.6,25.5,0.4,0.0,2021,2021-08-28,92.8,18.0
239,232,8,21.4,20210829,0.0,29,7.9,5.5,26.9,0.9,21.8,2021,2021-08-29,88.1,17.8
240,232,8,21.5,20210830,0.0,30,8.4,0.0,25.0,0.2,0.0,2021,2021-08-30,95.6,18.8
241,232,8,21.4,20210831,0.0,31,8.6,0.0,24.0,1.2,7.1,2021,2021-08-31,92.1,19.5
242,232,9,22.0,20210901,0.0,1,9.0,0.1,23.7,1.6,117.1,2021,2021-09-01,96.6,21.0
243,232,9,22.5,20210902,0.0,2,6.4,1.8,25.2,1.9,0.0,2021,2021-09-02,82.8,19.9
244,232,9,22.5,20210903,0.0,3,4.9,8.7,28.0,1.4,0.0,2021,2021-09-03,79.4,18.3
245,232,9,21.4,20210904,0.0,4,6.9,9.3,26.8,1.6,0.0,2021,2021-09-04,78.4,16.6
246,232,9,20.6,20210905,0.0,5,8.9,1.2,24.8,1.7,1.4,2021,2021-09-05,83.6,16.3
247,232,9,20.2,20210906,0.0,6,9.9,0.4,24.7,2.7,37.5,2021,2021-09-06,86.6,17.0
248,232,9,20.3,20210907,0.0,7,9.8,0.0,22.8,1.4,5.1,2021,2021-09-07,99.0,18.2
249,232,9,21.0,20210908,0.0,8,4.0,6.5,26.4,1.2,2.5,2021,2021-09-08,86.8,16.8
250,232,9,20.2,20210909,0.0,9,5.1,7.0,27.6,0.7,0.0,2021,2021-09-09,84.9,15.3
251,232,9,21.7,20210910,0.0,10,7.3,3.1,27.6,0.7,0.0,2021,2021-09-10,88.5,17.3
252,232,9,22.4,20210911,0.0,11,1.9,8.3,28.8,0.6,0.0,2021,2021-09-11,84.4,18.2
253,232,9,22.1,20210912,0.0,12,4.4,7.2,28.9,0.7,0.0,2021,2021-09-12,86.0,17.6
254,232,9,22.7,20210913,0.0,13,8.0,8.5,28.9,2.2,0.0,2021,2021-09-13,77.1,18.3
255,232,9,21.5,20210914,0.0,14,5.9,4.3,25.9,2.6,0.0,2021,2021-09-14,71.0,17.6
256,232,9,21.4,20210915,0.0,15,1.4,10.0,28.1,2.7,0.0,2021,2021-09-15,70.4,15.4
257,232,9,21.2,20210916,0.0,16,5.5,9.3,26.1,2.7,0.0,2021,2021-09-16,71.4,14.9
258,232,9,19.1,20210917,0.0,17,6.9,0.0,21.5,2.2,10.4,2021,2021-09-17,93.3,15.5
259,232,9,19.9,20210918,0.0,18,2.0,10.5,27.2,0.7,0.0,2021,2021-09-18,82.1,13.2
260,232,9,21.1,20210919,0.0,19,4.4,10.3,27.8,1.0,0.0,2021,2021-09-19,79.5,16.1
261,232,9,21.8,20210920,0.0,20,2.9,10.9,26.2,2.7,0.0,2021,2021-09-20,74.4,15.5
262,232,9,21.9,20210921,0.0,21,6.4,2.2,25.8,1.6,44.6,2021,2021-09-21,89.8,19.5
263,232,9,20.3,20210922,0.0,22,4.9,6.8,26.0,1.8,10.3,2021,2021-09-22,85.5,17.2
264,232,9,19.0,20210923,0.0,23,3.9,7.6,25.0,1.1,0.0,2021,2021-09-23,80.0,13.7
265,232,9,19.3,20210924,0.0,24,1.5,10.3,26.0,1.2,0.0,2021,2021-09-24,80.1,12.9
266,232,9,19.7,20210925,0.0,25,7.6,1.5,23.4,1.7,0.0,2021,2021-09-25,83.1,15.5
267,232,9,20.5,20210926,0.0,26,8.8,3.5,25.1,1.5,0.0,2021,2021-09-26,79.5,16.5
268,232,9,20.5,20210927,0.0,27,8.6,4.2,25.6,1.6,0.0,2021,2021-09-27,78.0,17.1
269,232,9,20.6,20210928,0.0,28,7.0,0.3,24.1,1.5,0.3,2021,2021-09-28,85.3,18.2
270,232,9,20.2,20210929,0.0,29,9.5,0.0,22.5,0.7,21.6,2021,2021-09-29,98.6,18.5
271,232,9,20.2,20210930,0.0,30,2.1,9.0,27.1,0.8,0.0,2021,2021-09-30,85.6,16.1
272,232,10,19.9,20211001,0.0,1,3.9,8.5,27.1,1.2,11.9,2021,2021-10-01,83.5,15.1
273,232,10,19.0,20211002,0.0,2,2.4,9.4,26.1,0.7,1.6,2021,2021-10-02,86.1,14.1
274,232,10,19.9,20211003,0.0,3,5.7,8.2,28.7,0.9,0.0,2021,2021-10-03,82.1,14.8
275,232,10,21.0,20211004,0.0,4,6.4,3.3,27.7,1.2,0.0,2021,2021-10-04,85.6,14.8
276,232,10,22.0,20211005,0.0,5,4.9,8.3,28.1,0.9,0.0,2021,2021-10-05,82.9,16.8
277,232,10,20.5,20211006,0.0,6,6.8,4.1,24.4,1.3,0.9,2021,2021-10-06,93.3,17.3
278,232,10,19.1,20211007,0.0,7,7.1,0.0,21.2,0.6,13.4,2021,2021-10-07,98.3,17.1
279,232,10,19.4,20211008,0.0,8,9.8,0.0,21.5,0.5,1.5,2021,2021-10-08,96.8,17.7
280,232,10,21.3,20211009,0.0,9,7.9,3.4,26.7,1.3,0.1,2021,2021-10-09,90.1,18.6
281,232,10,20.8,20211010,0.0,10,6.0,2.6,27.0,1.2,4.6,2021,2021-10-10,90.5,15.8
282,232,10,16.0,20211011,0.0,11,9.1,0.6,18.4,1.1,2.8,2021,2021-10-11,85.1,13.2
283,232,10,16.3,20211012,0.0,12,7.5,0.0,17.0,2.4,1.0,2021,2021-10-12,89.3,15.6
284,232,10,18.0,20211013,0.0,13,3.9,5.2,23.5,1.6,0.0,2021,2021-10-13,81.8,14.1
285,232,10,18.0,20211014,0.0,14,2.9,9.6,24.3,0.9,0.0,2021,2021-10-14,83.4,13.1
286,232,10,17.5,20211015,0.0,15,9.6,0.1,20.6,0.4,3.1,2021,2021-10-15,96.4,15.1
287,232,10,11.4,20211016,0.0,16,9.5,0.9,17.0,1.7,3.4,2021,2021-10-16,60.4,5.2
288,232,10,4.7,20211017,0.0,17,0.0,10.6,10.6,1.3,0.0,2021,2021-10-17,57.5,0.3
289,232,10,7.7,20211018,0.0,18,3.3,10.1,16.5,0.8,0.0,2021,2021-10-18,75.9,-1.2
290,232,10,9.8,20211019,0.0,19,4.0,5.2,16.0,1.1,5.0,2021,2021-10-19,83.5,4.4
291,232,10,7.5,20211020,0.0,20,0.8,10.2,15.4,0.7,0.0,2021,2021-10-20,79.6,1.2
292,232,10,7.7,20211021,0.0,21,3.3,0.0,15.6,0.5,0.0,2021,2021-10-21,81.9,1.0
293,232,10,8.1,20211022,0.0,22,1.0,9.3,16.5,1.2,0.0,2021,2021-10-22,78.3,1.2
294,232,10,8.7,20211023,0.0,23,1.3,9.8,18.2,0.4,0.0,2021,2021-10-23,78.0,1.6
295,232,10,8.9,20211024,0.0,24,2.8,9.8,17.8,0.5,0.0,2021,2021-10-24,80.0,1.8
296,232,10,9.0,20211025,0.0,25,1.9,9.4,17.6,0.8,0.0,2021,2021-10-25,82.0,2.5
297,232,10,9.8,20211026,0.0,26,4.9,9.3,18.5,0.4,0.0,2021,2021-10-26,84.8,2.7
298,232,10,10.5,20211027,0.0,27,2.6,7.8,18.3,1.2,0.0,2021,2021-10-27,79.1,4.5
299,232,10,9.2,20211028,0.0,28,0.0,9.8,19.0,0.3,0.0,2021,2021-10-28,76.1,1.8
300,232,10,10.9,20211029,0.0,29,2.6,9.6,19.3,0.8,0.0,2021,2021-10-29,76.9,4.2
301,232,10,10.5,20211030,0.0,30,6.6,1.6,17.4,0.3,0.0,2021,2021-10-30,85.0,6.3
302,232,10,10.7,20211031,0.0,31,3.8,5.5,19.7,0.2,0.2,2021,2021-10-31,89.4,4.2
303,232,11,10.8,20211101,0.0,1,5.0,4.6,17.9,1.0,0.0,2021,2021-11-01,85.5,6.9
304,232,11,10.5,20211102,0.0,2,6.1,6.8,16.9,0.7,0.0,2021,2021-11-02,81.5,6.2
305,232,11,9.5,20211103,0.0,3,3.4,8.4,17.1,0.6,0.0,2021,2021-11-03,83.1,2.8
306,232,11,11.3,20211104,0.0,4,3.6,5.8,18.3,0.6,0.1,2021,2021-11-04,85.9,6.2
307,232,11,10.1,20211105,0.0,5,5.0,5.8,19.5,0.5,0.0,2021,2021-11-05,83.3,4.9
308,232,11,11.4,20211106,0.0,6,2.6,9.2,20.2,0.7,0.0,2021,2021-11-06,74.5,4.3
309,232,11,13.5,20211107,0.0,7,5.1,7.6,21.1,2.1,0.0,2021,2021-11-07,68.6,4.6
310,232,11,9.8,20211108,0.0,8,7.0,0.1,16.0,2.3,16.9,2021,2021-11-08,83.3,5.9
311,232,11,6.6,20211109,0.0,9,7.1,1.6,10.7,1.6,3.9,2021,2021-11-09,91.1,4.6
312,232,11,4.1,20211110,0.0,10,5.9,0.0,6.2,0.5,6.0,2021,2021-11-10,97.1,0.2
313,232,11,5.4,20211111,0.0,11,4.6,3.2,10.1,1.0,2.5,2021,2021-11-11,80.3,0.8
314,232,11,4.4,20211112,0.0,12,0.0,5.7,8.5,0.9,1.0,2021,2021-11-12,79.8,0.7
315,232,11,5.3,20211113,0.0,13,1.4,7.1,13.4,0.4,0.0,2021,2021-11-13,86.0,-1.8
316,232,11,8.5,20211114,0.0,14,3.3,6.1,17.2,0.8,0.0,2021,2021-11-14,81.6,2.9
317,232,11,7.1,20211115,0.0,15,4.6,5.8,15.5,0.4,0.0,2021,2021-11-15,81.8,1.5
318,232,11,6.2,20211116,0.0,16,0.8,8.9,14.7,0.7,0.0,2021,2021-11-16,73.3,0.9
319,232,11,5.5,20211117,0.0,17,2.8,9.0,13.5,0.6,0.0,2021,2021-11-17,73.9,-1.1
320,232,11,8.5,20211118,0.0,18,5.5,4.6,17.4,0.8,0.0,2021,2021-11-18,84.3,1.4
321,232,11,10.2,20211119,0.0,19,7.3,3.1,17.5,0.4,0.0,2021,2021-11-19,90.8,3.3
322,232,11,9.1,20211120,0.0,20,6.5,4.1,16.1,0.4,0.0,2021,2021-11-20,91.4,4.4
323,232,11,8.9,20211121,0.0,21,8.6,0.7,15.0,0.3,0.3,2021,2021-11-21,88.1,4.0
324,232,11,3.8,20211122,0.0,22,7.1,1.9,10.6,1.9,8.7,2021,2021-11-22,86.4,0.2
325,232,11,0.2,20211123,0.0,23,5.8,2.5,1.8,0.7,1.7,2021,2021-11-23,87.6,-3.6
326,232,11,3.5,20211124,0.0,24,4.0,4.2,11.2,1.0,0.0,2021,2021-11-24,79.8,-0.6
327,232,11,5.1,20211125,0.0,25,0.6,8.4,12.7,1.0,0.3,2021,2021-11-25,78.3,-0.1
328,232,11,3.0,20211126,0.0,26,1.6,8.6,9.8,0.9,0.0,2021,2021-11-26,70.3,-3.2
329,232,11,1.7,20211127,0.0,27,0.0,9.2,9.8,0.4,0.0,2021,2021-11-27,73.1,-3.9
330,232,11,2.6,20211128,0.0,28,3.8,7.2,12.3,0.3,0.0,2021,2021-11-28,73.1,-5.1
331,232,11,4.1,20211129,0.0,29,6.6,6.4,12.3,0.5,0.0,2021,2021-11-29,82.3,-2.7
332,232,11,5.3,20211130,0.0,30,9.1,0.0,9.4,2.4,26.5,2021,2021-11-30,89.9,2.0
333,232,12,0.3,20211201,0.0,1,0.6,8.8,2.8,3.0,0.0,2021,2021-12-01,51.3,-2.9
334,232,12,0.7,20211202,0.0,2,3.4,6.3,6.6,0.7,0.0,2021,2021-12-02,72.5,-7.1
335,232,12,2.8,20211203,0.0,3,2.1,7.9,6.1,1.6,2.0,2021,2021-12-03,66.0,0.1
336,232,12,-0.5,20211204,0.0,4,1.6,4.4,5.4,0.5,0.0,2021,2021-12-04,77.3,-5.4
337,232,12,0.4,20211205,0.0,5,0.3,9.1,9.1,0.3,0.0,2021,2021-12-05,78.0,-5.6
338,232,12,2.6,20211206,0.0,6,3.8,7.9,12.5,0.3,0.0,2021,2021-12-06,76.9,-4.2
339,232,12,3.9,20211207,0.0,7,0.3,8.5,12.4,0.5,0.0,2021,2021-12-07,81.4,-2.0
340,232,12,3.8,20211208,0.0,8,1.4,8.5,12.9,0.3,0.0,2021,2021-12-08,84.0,-2.4
341,232,12,3.8,20211209,0.0,9,6.0,1.7,10.2,0.4,0.0,2021,2021-12-09,87.0,-2.1
342,232,12,0.0,20211210,0.0,10,7.5,0.0,0.0,0.3,0.9,2021,2021-12-10,98.9,0.0
343,232,12,6.1,20211211,0.0,11,8.6,0.4,10.0,0.6,0.0,2021,2021-12-11,89.0,2.2
344,232,12,2.7,20211212,0.0,12,2.6,5.6,7.0,1.8,0.0,2021,2021-12-12,64.0,-3.1
345,232,12,-2.4,20211213,0.0,13,0.8,9.0,2.1,1.2,0.0,2021,2021-12-13,49.8,-6.8
346,232,12,2.2,20211214,0.0,14,6.8,1.4,6.8,0.9,0.3,2021,2021-12-14,75.8,-5.4
347,232,12,5.0,20211215,0.0,15,6.8,0.6,9.8,0.2,0.9,2021,2021-12-15,98.5,1.7
348,232,12,4.8,20211216,0.0,16,9.3,2.8,10.7,0.5,0.0,2021,2021-12-16,85.6,1.4
349,232,12,-3.3,20211217,0.0,17,3.8,4.2,5.9,3.2,0.0,2021,2021-12-17,56.1,-8.7
350,232,12,-4.8,20211218,0.0,18,3.0,6.5,0.4,0.9,0.0,2021,2021-12-18,64.9,-12.1
351,232,12,-0.6,20211219,0.0,19,1.6,8.6,4.6,0.9,1.3,2021,2021-12-19,77.4,-5.0
352,232,12,3.6,20211220,0.0,20,2.8,3.0,11.2,0.7,0.0,2021,2021-12-20,84.3,-4.2
353,232,12,3.7,20211221,0.0,21,5.1,5.4,12.0,0.8,0.0,2021,2021-12-21,83.6,-1.0
354,232,12,0.4,20211222,0.0,22,0.0,8.9,9.1,0.5,0.0,2021,2021-12-22,66.6,-5.4
355,232,12,0.4,20211223,0.0,23,1.9,8.4,9.2,0.4,0.0,2021,2021-12-23,72.8,-6.0
356,232,12,0.0,20211224,0.0,24,7.6,1.0,6.0,1.2,0.0,2021,2021-12-24,77.5,-4.6
357,232,12,-8.8,20211225,0.0,25,0.0,8.7,-4.6,2.5,0.0,2021,2021-12-25,49.9,-12.3
358,232,12,-9.8,20211226,0.0,26,0.0,8.9,-5.2,1.8,0.0,2021,2021-12-26,46.8,-13.7
359,232,12,-7.2,20211227,0.0,27,2.5,4.8,-1.2,0.6,0.0,2021,2021-12-27,71.5,-14.9
360,232,12,-3.0,20211228,0.0,28,7.3,0.0,1.7,0.6,0.0,2021,2021-12-28,88.0,-8.0
361,232,12,1.1,20211229,0.0,29,6.1,1.6,7.3,1.5,0.0,2021,2021-12-29,76.0,-5.2
362,232,12,-2.1,20211230,0.0,30,1.8,6.0,1.2,1.9,0.0,2021,2021-12-30,61.4,-4.0
363,232,12,-5.1,20211231,0.0,31,0.0,9.1,-1.8,2.0,0.0,2021,2021-12-31,44.0,-9.2
