,tmax,year,tmin,humid,cloud,sunshine,date,day,rainfall,station_id,Date,wind,month,tavg,snow
0,1.0,2022,-13.2,59.3,1.6,9.0,20220101,1,0.0,232,2022-01-01,0.6,1,-6.5,0.0
1,4.9,2022,-8.6,70.3,3.6,6.4,20220102,2,0.3,232,2022-01-02,1.2,1,-2.3,0.0
2,3.0,2022,-11.9,75.1,2.6,8.2,20220103,3,0.0,232,2022-01-03,0.6,1,-4.2,0.0
3,2.5,2022,-8.0,59.3,1.7,9.1,20220104,4,0.0,232,2022-01-04,1.2,1,-2.2,0.0
4,3.1,2022,-10.7,65.8,8.1,0.8,20220105,5,0.0,232,2022-01-05,0.3,1,-3.7,0.0
5,4.4,2022,-9.0,64.9,0.0,9.0,20220106,6,0.0,232,2022-01-06,1.1,1,-2.7,0.0
6,5.0,2022,-11.1,63.6,0.0,9.0,20220107,7,0.0,232,2022-01-07,0.7,1,-4.1,0.0
7,6.5,2022,-10.4,69.8,3.0,5.9,20220108,8,0.0,232,2022-01-08,0.7,1,-1.2,0.0
8,5.5,2022,-4.8,74.4,3.3,7.3,20220109,9,0.0,232,2022-01-09,0.7,1,0.7,0.0
9,5.1,2022,-7.7,73.5,7.6,0.9,20220110,10,0.0,232,2022-01-10,1.0,1,-1.0,0.0
10,0.3,2022,-8.6,60.5,2.4,8.3,20220111,11,0.5,232,2022-01-11,2.7,1,-5.1,0.0
11,-1.4,2022,-13.8,62.6,2.9,9.2,20220112,12,0.0,232,2022-01-12,1.1,1,-7.3,0.0
12,-1.5,2022,-9.4,59.4,3.3,7.9,20220113,13,0.0,232,2022-01-13,2.1,1,-5.3,0.0
13,1.4,2022,-11.7,48.4,3.5,9.2,20220114,14,0.0,232,2022-01-14,0.8,1,-5.2,0.0
14,4.2,2022,-8.8,55.4,7.0,2.3,20220115,15,0.0,232,2022-01-15,0.5,1,-2.3,0.0
15,3.2,2022,-4.8,58.0,2.3,8.7,20220116,16,0.2,232,2022-01-16,1.7,1,-0.6,0.0
16,1.7,2022,-11.3,63.8,4.9,5.2,20220117,17,1.0,232,2022-01-17,1.5,1,-4.7,0.0
17,0.1,2022,-14.2,60.1,0.1,9.3,20220118,18,0.0,232,2022-01-18,0.9,1,-7.2,0.0
18,0.4,2022,-12.5,79.0,5.5,1.8,20220119,19,0.0,232,2022-01-19,0.9,1,-5.8,0.0
19,2.5,2022,-12.7,70.4,0.1,9.4,20220120,20,0.0,232,2022-01-20,0.6,1,-5.5,0.0
20,5.3,2022,-12.7,63.8,1.5,9.5,20220121,21,0.0,232,2022-01-21,0.5,1,-4.7,0.0
21,8.5,2022,-7.4,58.0,8.3,1.6,20220122,22,0.0,232,2022-01-22,0.4,1,0.7,0.0
22,9.3,2022,-3.2,63.3,5.1,5.1,20220123,23,0.0,232,2022-01-23,0.7,1,2.3,0.0
23,9.2,2022,-5.5,63.9,3.1,6.8,20220124,24,0.0,232,2022-01-24,1.9,1,2.8,0.0
24,4.4,2022,0.5,94.5,8.1,0.0,20220125,25,0.5,232,2022-01-25,0.7,1,2.3,0.0
25,6.1,2022,-2.1,74.5,3.6,7.8,20220126,26,0.0,232,2022-01-26,1.0,1,1.3,0.0
26,4.5,2022,-6.4,65.0,4.1,9.6,20220127,27,0.0,232,2022-01-27,1.0,1,-1.2,0.0
27,2.9,2022,-5.8,54.1,4.1,9.4,20220128,28,0.0,232,2022-01-28,1.2,1,-1.6,0.0
28,1.6,2022,-8.2,56.0,2.1,9.4,20220129,29,0.0,232,2022-01-29,1.2,1,-3.5,0.0
29,2.5,2022,-11.3,62.4,1.6,9.4,20220130,30,0.0,232,2022-01-30,0.9,1,-4.1,0.0
30,5.5,2022,-10.9,66.4,3.5,9.6,20220131,31,0.8,232,2022-01-31,0.7,1,-2.3,0.0
31,1.0,2022,-1.8,83.6,7.1,0.6,20220201,1,0.7,232,2022-02-01,2.0,2,-0.5,0.0
32,0.7,2022,-7.0,66.4,5.5,6.5,20220202,2,0.0,232,2022-02-02,1.4,2,-2.4,0.0
33,1.8,2022,-9.1,63.5,2.9,9.7,20220203,3,0.0,232,2022-02-03,1.1,2,-3.6,0.0
34,0.9,2022,-7.4,65.1,5.5,7.4,20220204,4,0.0,232,2022-02-04,1.8,2,-4.0,0.0
35,-0.7,2022,-8.5,57.3,3.6,7.9,20220205,5,0.0,232,2022-02-05,2.1,2,-5.1,0.0
36,2.9,2022,-11.8,64.1,2.1,7.7,20220206,6,0.0,232,2022-02-06,1.4,2,-4.0,0.0
37,2.3,2022,-10.7,52.8,5.9,3.7,20220207,7,0.0,232,2022-02-07,1.0,2,-3.0,0.0
38,5.8,2022,-8.3,62.0,3.3,7.3,20220208,8,0.0,232,2022-02-08,0.9,2,-1.5,0.0
39,7.6,2022,-9.4,57.0,4.9,8.9,20220209,9,0.0,232,2022-02-09,0.5,2,-0.4,0.0
40,7.3,2022,-4.0,59.6,2.4,9.5,20220210,10,0.0,232,2022-02-10,1.1,2,1.1,0.0
41,9.8,2022,-7.0,66.8,3.3,9.0,20220211,11,0.0,232,2022-02-11,0.7,2,0.7,0.0
42,11.3,2022,-3.3,60.5,4.4,8.5,20220212,12,0.0,232,2022-02-12,0.7,2,2.3,0.0
43,10.8,2022,-3.3,65.3,5.6,4.1,20220213,13,0.0,232,2022-02-13,0.6,2,2.6,0.0
44,10.7,2022,-5.0,72.5,4.9,4.9,20220214,14,1.0,232,2022-02-14,1.5,2,1.9,0.0
45,0.0,2022,-5.5,69.0,7.8,2.4,20220215,15,0.0,232,2022-02-15,2.8,2,-3.1,0.0
46,-3.5,2022,-7.9,63.3,5.5,5.8,20220216,16,0.0,232,2022-02-16,2.4,2,-5.9,0.0
47,-1.2,2022,-10.2,48.6,0.1,9.8,20220217,17,0.0,232,2022-02-17,1.5,2,-6.1,0.0
48,5.9,2022,-12.7,52.9,7.0,9.4,20220218,18,0.0,232,2022-02-18,0.6,2,-2.9,0.0
49,3.4,2022,-4.8,59.3,7.5,2.5,20220219,19,0.0,232,2022-02-19,1.8,2,-0.6,0.0
50,-0.8,2022,-6.6,45.9,2.9,10.4,20220220,20,0.5,232,2022-02-20,2.4,2,-3.7,0.0
51,5.3,2022,-10.2,65.8,2.0,7.0,20220221,21,0.0,232,2022-02-21,2.1,2,-2.1,0.0
52,2.2,2022,-6.7,48.8,3.5,8.4,20220222,22,0.5,232,2022-02-22,1.8,2,-3.0,0.0
53,-0.2,2022,-11.7,48.8,2.8,10.1,20220223,23,0.0,232,2022-02-23,1.6,2,-5.3,0.0
54,3.6,2022,-11.8,53.8,0.1,10.6,20220224,24,0.0,232,2022-02-24,1.2,2,-3.6,0.0
55,10.4,2022,-9.1,72.8,0.9,7.6,20220225,25,0.0,232,2022-02-25,1.0,2,0.7,0.0
56,12.3,2022,-2.5,73.4,6.5,5.5,20220226,26,0.6,232,2022-02-26,2.5,2,5.1,0.0
57,10.5,2022,-3.8,57.3,0.0,10.6,20220227,27,0.0,232,2022-02-27,1.7,2,3.0,0.0
58,12.5,2022,-4.7,58.9,6.8,7.1,20220228,28,0.0,232,2022-02-28,0.6,2,3.9,0.0
59,9.9,2022,0.2,80.4,7.1,2.5,20220301,1,0.9,232,2022-03-01,1.3,3,4.5,0.0
60,9.8,2022,-6.0,65.5,0.0,10.8,20220302,2,0.0,232,2022-03-02,1.5,3,1.9,0.0
61,13.3,2022,-4.4,66.0,0.0,10.4,20220303,3,0.0,232,2022-03-03,0.9,3,3.6,0.0
62,16.9,2022,-3.2,60.5,5.3,6.3,20220304,4,0.0,232,2022-03-04,2.6,3,7.3,0.0
63,8.3,2022,-0.9,42.5,0.1,10.4,20220305,5,0.0,232,2022-03-05,3.3,3,3.0,0.0
64,6.2,2022,-3.3,40.0,1.6,10.9,20220306,6,0.0,232,2022-03-06,1.7,3,1.3,0.0
65,9.5,2022,-5.4,53.5,3.4,9.2,20220307,7,0.0,232,2022-03-07,0.9,3,1.7,0.0
66,13.2,2022,-5.0,60.5,2.1,10.0,20220308,8,0.0,232,2022-03-08,1.0,3,3.8,0.0
67,15.2,2022,-1.6,68.0,2.3,7.8,20220309,9,0.0,232,2022-03-09,0.7,3,5.8,0.0
68,17.1,2022,-1.5,53.0,7.1,7.0,20220310,10,0.0,232,2022-03-10,0.7,3,7.5,0.0
69,18.2,2022,0.2,64.4,7.1,3.1,20220311,11,0.0,232,2022-03-11,0.6,3,9.4,0.0
70,20.3,2022,5.2,73.4,8.0,3.2,20220312,12,0.0,232,2022-03-12,1.6,3,13.7,0.0
71,16.7,2022,11.3,96.0,9.5,0.0,20220313,13,16.9,232,2022-03-13,1.1,3,13.2,0.0
72,13.5,2022,5.3,96.6,9.3,0.0,20220314,14,3.2,232,2022-03-14,2.2,3,9.6,0.0
73,15.1,2022,3.6,74.9,5.5,7.8,20220315,15,0.0,232,2022-03-15,1.2,3,8.2,0.0
74,17.9,2022,0.2,71.0,5.0,8.2,20220316,16,0.0,232,2022-03-16,0.9,3,9.1,0.0
75,10.7,2022,6.8,91.3,10.0,0.0,20220317,17,4.5,232,2022-03-17,1.7,3,8.5,0.0
76,8.9,2022,5.3,78.6,9.6,0.0,20220318,18,2.3,232,2022-03-18,3.4,3,6.9,0.0
77,6.7,2022,1.2,89.4,8.8,0.1,20220319,19,6.7,232,2022-03-19,1.5,3,3.7,0.0
78,9.9,2022,0.5,76.9,8.6,2.7,20220320,20,0.0,232,2022-03-20,1.3,3,4.3,0.0
79,10.9,2022,-2.9,59.9,7.5,7.0,20220321,21,0.0,232,2022-03-21,0.9,3,4.2,0.0
80,12.5,2022,-1.9,57.6,2.6,11.1,20220322,22,0.0,232,2022-03-22,1.4,3,5.7,0.0
81,9.3,2022,0.7,72.4,7.1,0.6,20220323,23,0.0,232,2022-03-23,0.9,3,4.4,0.0
82,15.0,2022,-1.5,75.1,7.5,2.2,20220324,24,0.0,232,2022-03-24,1.0,3,6.7,0.0
83,18.0,2022,2.8,74.0,7.1,2.7,20220325,25,8.0,232,2022-03-25,2.0,3,11.4,0.0
84,14.6,2022,5.7,89.3,7.1,0.8,20220326,26,15.1,232,2022-03-26,2.4,3,11.1,0.0
85,14.3,2022,0.1,56.5,0.8,10.4,20220327,27,0.0,232,2022-03-27,1.7,3,7.1,0.0
86,14.4,2022,-2.5,46.4,0.0,11.4,20220328,28,0.0,232,2022-03-28,1.0,3,6.1,0.0
87,17.9,2022,-1.3,63.1,0.9,11.4,20220329,29,0.0,232,2022-03-29,0.9,3,8.4,0.0
88,17.5,2022,1.8,83.9,7.0,2.3,20220330,30,0.0,232,2022-03-30,0.9,3,10.4,0.0
89,14.1,2022,6.7,81.5,9.5,0.0,20220331,31,0.0,232,2022-03-31,1.5,3,10.2,0.0
90,15.0,2022,1.5,60.1,3.5,10.2,20220401,1,0.0,232,2022-04-01,1.3,4,8.0,0.0
91,15.2,2022,-2.0,57.1,0.5,11.6,20220402,2,0.0,232,2022-04-02,1.3,4,6.2,0.0
92,16.2,2022,-1.5,57.9,0.5,11.7,20220403,3,0.0,232,2022-04-03,1.1,4,7.9,0.0
93,17.5,2022,-0.2,53.0,0.0,11.7,20220404,4,0.0,232,2022-04-04,1.1,4,8.5,0.0
94,17.9,2022,-0.9,52.0,5.8,8.5,20220405,5,0.0,232,2022-04-05,0.9,4,8.6,0.0
95,18.9,2022,2.0,45.9,4.9,8.6,20220406,6,0.0,232,2022-04-06,1.1,4,10.2,0.0
96,17.5,2022,5.3,44.3,3.8,9.2,20220407,7,0.0,232,2022-04-07,1.6,4,10.9,0.0
97,22.2,2022,0.2,45.8,0.8,12.0,20220408,8,0.0,232,2022-04-08,1.0,4,11.9,0.0
98,25.7,2022,7.6,47.5,2.5,9.6,20220409,9,0.0,232,2022-04-09,1.5,4,16.5,0.0
99,26.3,2022,6.3,50.3,3.4,11.5,20220410,10,0.0,232,2022-04-10,1.0,4,16.6,0.0
100,27.0,2022,9.0,64.9,2.1,10.2,20220411,11,0.0,232,2022-04-11,1.0,4,18.4,0.0
101,27.6,2022,11.7,75.0,6.4,8.5,20220412,12,0.0,232,2022-04-12,1.3,4,18.9,0.0
102,16.2,2022,8.4,97.6,10.0,0.0,20220413,13,16.4,232,2022-04-13,2.6,4,11.9,0.0
103,11.9,2022,7.6,82.8,9.8,0.0,20220414,14,9.5,232,2022-04-14,3.6,4,9.8,0.0
104,18.1,2022,3.5,64.3,2.3,11.9,20220415,15,0.0,232,2022-04-15,1.5,4,11.1,0.0
105,18.2,2022,3.0,53.6,1.0,12.2,20220416,16,0.0,232,2022-04-16,1.2,4,10.7,0.0
106,21.3,2022,1.1,55.5,2.3,11.4,20220417,17,0.0,232,2022-04-17,1.2,4,11.7,0.0
107,22.0,2022,6.9,52.9,6.6,9.0,20220418,18,0.0,232,2022-04-18,1.2,4,13.2,0.0
108,22.8,2022,3.7,56.3,1.6,12.0,20220419,19,0.0,232,2022-04-19,1.1,4,13.3,0.0
109,23.2,2022,3.0,57.8,1.1,12.2,20220420,20,0.0,232,2022-04-20,0.9,4,13.0,0.0
110,21.9,2022,4.5,59.1,4.3,8.0,20220421,21,0.0,232,2022-04-21,1.3,4,13.4,0.0
111,22.6,2022,7.8,75.3,5.5,5.1,20220422,22,0.0,232,2022-04-22,1.9,4,15.5,0.0
112,24.4,2022,9.3,63.3,7.5,8.1,20220423,23,0.0,232,2022-04-23,0.8,4,16.3,0.0
113,26.7,2022,9.9,72.0,3.6,7.9,20220424,24,0.0,232,2022-04-24,1.0,4,17.6,0.0
114,25.2,2022,13.4,77.0,9.4,2.0,20220425,25,3.9,232,2022-04-25,0.8,4,19.0,0.0
115,24.2,2022,15.2,80.1,8.1,2.1,20220426,26,9.0,232,2022-04-26,1.6,4,18.6,0.0
116,22.6,2022,9.2,39.5,1.4,11.8,20220427,27,0.0,232,2022-04-27,1.2,4,15.5,0.0
117,25.0,2022,6.7,54.3,5.5,8.1,20220428,28,0.0,232,2022-04-28,1.2,4,15.6,0.0
118,16.2,2022,9.1,78.6,7.3,2.3,20220429,29,12.8,232,2022-04-29,2.2,4,12.2,0.0
119,18.2,2022,7.7,73.5,7.8,3.1,20220430,30,0.0,232,2022-04-30,1.3,4,12.3,0.0
120,19.1,2022,4.4,57.3,1.3,11.0,20220501,1,0.0,232,2022-05-01,1.8,5,11.7,0.0
121,19.1,2022,4.6,59.6,2.6,11.8,20220502,2,0.0,232,2022-05-02,1.5,5,11.8,0.0
122,22.0,2022,3.1,59.4,0.3,12.6,20220503,3,0.0,232,2022-05-03,0.9,5,12.2,0.0
123,25.8,2022,4.7,58.1,1.5,12.4,20220504,4,0.0,232,2022-05-04,1.0,5,15.4,0.0
124,25.9,2022,6.2,63.8,0.0,12.7,20220505,5,0.0,232,2022-05-05,0.8,5,16.7,0.0
125,25.9,2022,9.5,72.1,5.1,9.7,20220506,6,0.0,232,2022-05-06,1.1,5,18.2,0.0
126,21.7,2022,10.8,66.5,7.1,6.6,20220507,7,0.0,232,2022-05-07,1.5,5,16.6,0.0
127,21.2,2022,10.3,54.4,9.6,2.3,20220508,8,1.0,232,2022-05-08,1.8,5,15.3,0.0
128,23.0,2022,10.5,61.0,5.6,10.7,20220509,9,2.2,232,2022-05-09,2.0,5,15.5,0.0
129,24.5,2022,7.4,46.4,5.3,10.6,20220510,10,0.0,232,2022-05-10,1.4,5,16.8,0.0
130,24.1,2022,11.2,53.5,8.1,8.1,20220511,11,0.0,232,2022-05-11,1.1,5,17.8,0.0
131,26.4,2022,12.1,61.6,7.3,6.3,20220512,12,0.0,232,2022-05-12,1.0,5,18.7,0.0
132,21.7,2022,13.3,63.1,7.3,1.7,20220513,13,0.0,232,2022-05-13,0.9,5,17.2,0.0
133,20.3,2022,8.0,53.3,3.8,11.9,20220514,14,0.0,232,2022-05-14,2.1,5,14.2,0.0
134,20.4,2022,6.8,51.4,1.6,11.9,20220515,15,0.0,232,2022-05-15,1.4,5,13.9,0.0
135,23.9,2022,3.9,51.8,0.6,12.9,20220516,16,0.0,232,2022-05-16,1.4,5,14.7,0.0
136,26.6,2022,7.6,56.4,0.9,11.6,20220517,17,0.0,232,2022-05-17,1.4,5,18.3,0.0
137,27.2,2022,10.9,51.5,3.1,11.0,20220518,18,0.0,232,2022-05-18,1.7,5,19.8,0.0
138,24.6,2022,10.2,49.0,7.6,6.1,20220519,19,0.0,232,2022-05-19,1.4,5,17.8,0.0
139,26.4,2022,10.8,61.3,4.6,9.7,20220520,20,0.0,232,2022-05-20,1.0,5,18.7,0.0
140,26.2,2022,14.1,74.0,2.8,9.6,20220521,21,0.0,232,2022-05-21,1.3,5,19.6,0.0
141,27.4,2022,12.3,74.3,1.3,11.9,20220522,22,0.0,232,2022-05-22,1.3,5,19.8,0.0
142,29.9,2022,13.3,64.5,2.8,11.7,20220523,23,0.0,232,2022-05-23,1.3,5,22.0,0.0
143,29.3,2022,11.9,58.9,0.8,13.0,20220524,24,0.0,232,2022-05-24,1.0,5,20.8,0.0
144,26.9,2022,12.2,70.5,5.4,10.2,20220525,25,0.9,232,2022-05-25,1.3,5,19.7,0.0
145,24.2,2022,12.4,60.3,2.8,11.2,20220526,26,5.6,232,2022-05-26,1.7,5,18.0,0.0
146,24.6,2022,11.7,64.4,0.9,12.5,20220527,27,0.0,232,2022-05-27,1.9,5,18.5,0.0
147,28.9,2022,11.1,62.9,2.5,12.4,20220528,28,0.0,232,2022-05-28,1.3,5,19.6,0.0
148,29.0,2022,10.6,62.5,3.1,12.4,20220529,29,0.0,232,2022-05-29,1.0,5,20.5,0.0
149,24.5,2022,16.2,78.5,6.6,0.6,20220530,30,0.1,232,2022-05-30,1.1,5,19.8,0.0
150,27.5,2022,10.6,55.4,2.0,13.2,20220531,31,0.0,232,2022-05-31,1.3,5,18.8,0.0
151,30.4,2022,10.6,48.3,1.3,13.1,20220601,1,0.0,232,2022-06-01,1.3,6,20.0,0.0
152,28.6,2022,9.7,72.5,1.6,13.1,20220602,2,0.0,232,2022-06-02,1.2,6,19.6,0.0
153,30.8,2022,15.9,70.4,2.5,10.7,20220603,3,0.0,232,2022-06-03,0.9,6,22.9,0.0
154,28.4,2022,15.6,65.3,7.0,7.8,20220604,4,0.0,232,2022-06-04,1.5,6,22.6,0.0
155,22.1,2022,15.9,82.9,9.5,0.0,20220605,5,2.4,232,2022-06-05,2.3,6,18.1,0.0
156,21.6,2022,15.6,82.5,6.0,2.8,20220606,6,2.5,232,2022-06-06,1.4,6,17.9,0.0
157,20.9,2022,13.0,78.1,7.4,2.6,20220607,7,0.0,232,2022-06-07,1.6,6,16.7,0.0
158,25.6,2022,12.7,75.8,6.5,5.8,20220608,8,0.0,232,2022-06-08,1.2,6,18.9,0.0
159,25.4,2022,16.4,77.8,6.4,3.2,20220609,9,0.0,232,2022-06-09,0.9,6,20.5,0.0
160,27.8,2022,14.7,73.1,5.6,8.0,20220610,10,0.0,232,2022-06-10,1.1,6,21.5,0.0
161,30.1,2022,14.6,65.0,5.0,10.0,20220611,11,0.0,232,2022-06-11,1.5,6,23.1,0.0
162,27.8,2022,16.2,69.9,6.4,8.3,20220612,12,0.0,232,2022-06-12,1.6,6,22.5,0.0
163,26.6,2022,18.8,60.6,6.9,11.1,20220613,13,0.0,232,2022-06-13,3.0,6,22.5,0.0
164,20.9,2022,15.7,71.6,7.8,0.5,20220614,14,1.2,232,2022-06-14,3.1,6,18.0,0.0
165,24.9,2022,14.3,87.8,8.3,2.3,20220615,15,17.1,232,2022-06-15,1.7,6,18.8,0.0
166,25.4,2022,16.2,74.5,5.1,6.6,20220616,16,0.0,232,2022-06-16,1.4,6,20.4,0.0
167,26.0,2022,14.6,82.3,6.0,4.3,20220617,17,0.0,232,2022-06-17,0.7,6,21.3,0.0
168,26.6,2022,20.1,83.0,5.5,2.1,20220618,18,0.0,232,2022-06-18,0.8,6,23.3,0.0
169,27.2,2022,20.0,84.5,6.6,0.7,20220619,19,0.0,232,2022-06-19,0.6,6,23.6,0.0
170,30.5,2022,21.2,78.3,3.1,6.2,20220620,20,0.0,232,2022-06-20,0.8,6,25.2,0.0
171,33.1,2022,19.5,74.6,1.5,12.5,20220621,21,0.0,232,2022-06-21,1.1,6,25.5,0.0
172,32.3,2022,19.6,77.5,5.0,10.2,20220622,22,0.0,232,2022-06-22,1.0,6,25.0,0.0
173,29.5,2022,19.4,92.4,8.9,0.4,20220623,23,45.3,232,2022-06-23,1.5,6,24.1,0.0
174,28.1,2022,20.9,86.4,7.5,4.2,20220624,24,12.0,232,2022-06-24,2.0,6,24.1,0.0
175,32.1,2022,19.3,79.3,2.1,6.2,20220625,25,0.0,232,2022-06-25,1.3,6,26.1,0.0
176,29.6,2022,24.7,81.0,8.0,1.7,20220626,26,0.0,232,2022-06-26,1.4,6,26.9,0.0
177,29.3,2022,24.0,82.4,10.0,0.1,20220627,27,1.0,232,2022-06-27,1.7,6,27.2,0.0
178,31.2,2022,26.8,70.3,9.6,4.1,20220628,28,0.1,232,2022-06-28,3.4,6,28.5,0.0
179,29.0,2022,24.0,95.6,9.8,0.7,20220629,29,55.5,232,2022-06-29,1.9,6,25.5,0.0
180,30.2,2022,21.0,90.5,7.9,2.7,20220630,30,30.9,232,2022-06-30,1.7,6,25.1,0.0
181,31.7,2022,21.9,80.5,4.1,9.5,20220701,1,0.0,232,2022-07-01,1.0,7,26.8,0.0
182,33.5,2022,21.5,79.4,4.3,12.2,20220702,2,0.0,232,2022-07-02,0.7,7,27.3,0.0
183,33.2,2022,22.8,83.0,5.8,10.2,20220703,3,1.9,232,2022-07-03,0.8,7,26.8,0.0
184,32.9,2022,22.5,80.8,6.3,9.2,20220704,4,2.5,232,2022-07-04,0.9,7,26.9,0.0
185,32.5,2022,23.2,88.1,7.5,4.1,20220705,5,0.0,232,2022-07-05,0.7,7,26.9,0.0
186,33.9,2022,23.5,79.8,6.6,5.5,20220706,6,0.0,232,2022-07-06,1.3,7,28.6,0.0
187,33.4,2022,24.6,84.3,7.9,3.7,20220707,7,4.0,232,2022-07-07,1.6,7,28.2,0.0
188,30.9,2022,24.1,82.4,7.0,5.4,20220708,8,1.0,232,2022-07-08,1.5,7,26.8,0.0
189,29.6,2022,23.2,90.0,6.4,1.2,20220709,9,0.0,232,2022-07-09,0.9,7,25.4,0.0
190,33.2,2022,21.4,81.5,6.1,8.3,20220710,10,2.0,232,2022-07-10,0.8,7,27.2,0.0
191,27.6,2022,21.8,95.6,7.4,2.0,20220711,11,13.3,232,2022-07-11,0.8,7,23.8,0.0
192,29.0,2022,21.7,90.5,8.1,1.6,20220712,12,0.0,232,2022-07-12,0.9,7,25.8,0.0
193,26.0,2022,23.3,95.5,9.3,0.0,20220713,13,36.1,232,2022-07-13,1.6,7,24.3,0.0
194,28.7,2022,23.0,91.5,5.9,2.1,20220714,14,2.8,232,2022-07-14,1.3,7,25.1,0.0
195,30.0,2022,20.9,81.1,2.5,9.2,20220715,15,0.0,232,2022-07-15,1.1,7,25.0,0.0
196,28.9,2022,19.5,85.6,6.0,3.4,20220716,16,0.5,232,2022-07-16,0.9,7,23.9,0.0
197,29.5,2022,19.7,85.3,6.8,5.1,20220717,17,0.0,232,2022-07-17,1.0,7,24.4,0.0
198,24.8,2022,20.4,96.5,7.9,0.1,20220718,18,8.4,232,2022-07-18,1.5,7,22.6,0.0
199,29.8,2022,19.3,89.3,7.3,2.4,20220719,19,0.0,232,2022-07-19,0.9,7,24.1,0.0
200,31.4,2022,21.4,82.3,8.8,7.1,20220720,20,0.0,232,2022-07-20,0.7,7,25.8,0.0
201,24.1,2022,22.0,96.6,8.1,0.0,20220721,21,22.1,232,2022-07-21,1.4,7,23.0,0.0
202,28.7,2022,21.1,87.5,5.8,5.2,20220722,22,0.7,232,2022-07-22,1.5,7,24.2,0.0
203,27.4,2022,19.4,90.5,8.0,0.3,20220723,23,10.3,232,2022-07-23,1.1,7,23.5,0.0
204,27.0,2022,22.2,95.0,5.3,0.5,20220724,24,2.5,232,2022-07-24,1.2,7,24.3,0.0
205,31.0,2022,22.5,84.6,3.0,7.3,20220725,25,0.0,232,2022-07-25,1.0,7,26.0,0.0
206,33.4,2022,20.9,80.4,3.6,11.8,20220726,26,0.0,232,2022-07-26,0.8,7,26.9,0.0
207,30.3,2022,22.8,77.6,6.4,6.9,20220727,27,0.0,232,2022-07-27,1.6,7,26.0,0.0
208,32.0,2022,21.0,79.9,3.9,11.5,20220728,28,0.0,232,2022-07-28,2.0,7,27.1,0.0
209,34.1,2022,23.3,76.1,3.9,10.9,20220729,29,0.0,232,2022-07-29,1.5,7,28.8,0.0
210,32.5,2022,24.0,73.4,5.8,7.1,20220730,30,0.0,232,2022-07-30,2.7,7,28.7,0.0
211,28.6,2022,25.0,92.6,9.8,0.0,20220731,31,8.9,232,2022-07-31,2.3,7,26.5,0.0
212,32.0,2022,24.7,86.1,8.3,2.5,20220801,1,16.5,232,2022-08-01,2.5,8,27.7,0.0
213,29.6,2022,25.4,92.3,8.3,0.3,20220802,2,0.3,232,2022-08-02,1.4,8,27.1,0.0
214,32.0,2022,25.0,90.8,6.1,5.6,20220803,3,3.0,232,2022-08-03,1.1,8,27.6,0.0
215,31.9,2022,24.4,87.3,4.4,6.4,20220804,4,0.0,232,2022-08-04,0.9,8,27.7,0.0
216,32.4,2022,24.2,88.9,5.4,6.1,20220805,5,0.0,232,2022-08-05,1.0,8,27.6,0.0
217,33.2,2022,24.4,87.8,5.0,6.6,20220806,6,0.0,232,2022-08-06,0.7,8,28.3,0.0
218,32.2,2022,25.4,86.6,8.0,2.1,20220807,7,0.0,232,2022-08-07,1.1,8,28.5,0.0
219,28.9,2022,26.0,91.9,10.0,0.0,20220808,8,9.1,232,2022-08-08,1.7,8,27.2,0.0
220,29.2,2022,25.2,92.4,10.0,0.2,20220809,9,18.4,232,2022-08-09,1.5,8,26.9,0.0
221,27.1,2022,22.2,99.0,10.0,0.0,20220810,10,101.5,232,2022-08-10,0.9,8,23.7,0.0
222,25.7,2022,23.8,99.0,9.5,0.0,20220811,11,75.6,232,2022-08-11,0.9,8,24.7,0.0
223,31.1,2022,21.4,84.1,3.8,10.4,20220812,12,0.1,232,2022-08-12,0.8,8,25.6,0.0
224,26.6,2022,21.7,96.9,9.3,0.0,20220813,13,27.7,232,2022-08-13,0.7,8,24.5,0.0
225,27.3,2022,24.3,98.1,7.6,0.0,20220814,14,14.8,232,2022-08-14,0.7,8,25.5,0.0
226,30.8,2022,25.1,86.5,9.4,2.1,20220815,15,10.6,232,2022-08-15,2.4,8,27.6,0.0
227,30.3,2022,21.8,86.8,6.0,5.9,20220816,16,0.5,232,2022-08-16,1.0,8,25.6,0.0
228,29.8,2022,20.2,89.6,6.3,3.4,20220817,17,0.1,232,2022-08-17,0.9,8,24.0,0.0
229,29.9,2022,18.7,85.6,4.8,6.5,20220818,18,0.0,232,2022-08-18,0.7,8,23.3,0.0
230,28.5,2022,19.4,91.5,8.5,0.3,20220819,19,0.0,232,2022-08-19,1.2,8,25.1,0.0
231,31.1,2022,22.3,86.6,4.6,7.4,20220820,20,3.1,232,2022-08-20,1.3,8,26.9,0.0
232,31.7,2022,20.9,82.0,2.6,10.7,20220821,21,0.0,232,2022-08-21,0.8,8,26.0,0.0
233,30.8,2022,22.0,84.6,8.1,4.1,20220822,22,0.0,232,2022-08-22,0.9,8,25.9,0.0
234,25.9,2022,20.9,98.3,7.5,0.2,20220823,23,8.0,232,2022-08-23,0.7,8,23.5,0.0
235,25.8,2022,19.2,84.6,6.5,1.9,20220824,24,0.0,232,2022-08-24,1.8,8,22.8,0.0
236,26.3,2022,17.9,91.4,8.8,0.0,20220825,25,0.5,232,2022-08-25,0.6,8,20.9,0.0
237,27.7,2022,15.5,83.4,3.8,8.0,20220826,26,0.0,232,2022-08-26,0.8,8,21.4,0.0
238,25.1,2022,15.1,72.1,4.6,10.2,20220827,27,0.0,232,2022-08-27,1.3,8,20.6,0.0
239,27.4,2022,12.6,75.0,2.8,12.2,20220828,28,0.0,232,2022-08-28,1.0,8,20.1,0.0
240,21.1,2022,17.2,89.5,7.6,0.0,20220829,29,0.9,232,2022-08-29,1.4,8,19.1,0.0
241,20.0,2022,17.2,99.0,10.0,0.0,20220830,30,70.0,232,2022-08-30,1.3,8,18.9,0.0
242,22.8,2022,18.8,98.0,7.8,0.1,20220831,31,5.9,232,2022-08-31,0.6,8,20.5,0.0
243,27.9,2022,17.5,85.8,6.4,7.4,20220901,1,0.0,232,2022-09-01,0.6,9,21.5,0.0
244,28.2,2022,16.0,73.3,5.0,7.9,20220902,2,0.0,232,2022-09-02,2.2,9,22.5,0.0
245,27.3,2022,19.6,72.1,6.9,3.3,20220903,3,0.0,232,2022-09-03,3.1,9,23.0,0.0
246,25.9,2022,20.7,90.4,9.9,0.0,20220904,4,4.4,232,2022-09-04,1.7,9,23.3,0.0
247,24.9,2022,18.5,99.0,10.0,0.0,20220905,5,76.5,232,2022-09-05,0.9,9,21.8,0.0
248,24.9,2022,14.7,86.3,5.6,5.2,20220906,6,50.2,232,2022-09-06,2.1,9,19.6,0.0
249,27.6,2022,14.0,81.1,2.5,8.5,20220907,7,0.0,232,2022-09-07,0.9,9,19.5,0.0
250,28.3,2022,12.6,78.1,1.6,11.9,20220908,8,0.0,232,2022-09-08,0.6,9,20.1,0.0
251,28.3,2022,15.5,75.3,5.1,9.2,20220909,9,0.0,232,2022-09-09,1.0,9,21.2,0.0
252,27.0,2022,16.6,70.9,8.3,6.9,20220910,10,0.0,232,2022-09-10,1.7,9,20.9,0.0
253,27.4,2022,17.6,80.6,9.0,3.7,20220911,11,0.0,232,2022-09-11,1.1,9,22.3,0.0
254,26.7,2022,19.8,90.8,10.0,1.3,20220912,12,0.0,232,2022-09-12,0.8,9,22.7,0.0
255,27.2,2022,20.5,82.1,9.9,0.3,20220913,13,0.0,232,2022-09-13,1.3,9,23.9,0.0
256,28.3,2022,20.7,59.3,8.5,2.8,20220914,14,0.0,232,2022-09-14,2.8,9,23.9,0.0
257,28.6,2022,21.1,66.6,7.6,7.8,20220915,15,0.0,232,2022-09-15,3.1,9,24.7,0.0
258,30.3,2022,21.5,78.5,6.6,6.6,20220916,16,0.2,232,2022-09-16,2.0,9,25.2,0.0
259,31.3,2022,22.3,86.0,7.4,9.2,20220917,17,0.0,232,2022-09-17,0.9,9,25.8,0.0
260,31.9,2022,22.4,79.6,8.9,4.8,20220918,18,0.0,232,2022-09-18,1.7,9,26.7,0.0
261,28.8,2022,19.0,63.5,4.5,8.6,20220919,19,0.0,232,2022-09-19,2.8,9,24.6,0.0
262,22.6,2022,12.8,76.0,3.1,5.3,20220920,20,0.0,232,2022-09-20,1.1,9,17.3,0.0
263,23.9,2022,10.1,74.1,0.4,11.3,20220921,21,0.0,232,2022-09-21,1.1,9,16.6,0.0
264,23.5,2022,10.2,77.5,6.8,9.4,20220922,22,0.0,232,2022-09-22,0.9,9,16.7,0.0
265,24.0,2022,10.9,78.3,4.0,7.1,20220923,23,2.0,232,2022-09-23,1.3,9,15.9,0.0
266,23.2,2022,8.7,77.3,4.9,10.4,20220924,24,0.0,232,2022-09-24,0.9,9,16.1,0.0
267,24.1,2022,12.9,81.4,8.3,3.1,20220925,25,0.0,232,2022-09-25,0.6,9,16.9,0.0
268,25.5,2022,12.6,78.4,7.8,5.8,20220926,26,0.0,232,2022-09-26,0.6,9,17.2,0.0
269,26.6,2022,9.5,78.5,1.0,10.9,20220927,27,0.0,232,2022-09-27,0.6,9,17.5,0.0
270,25.2,2022,11.6,84.9,5.1,6.3,20220928,28,0.0,232,2022-09-28,0.5,9,17.4,0.0
271,24.8,2022,13.0,90.3,4.1,5.9,20220929,29,0.0,232,2022-09-29,0.5,9,17.2,0.0
272,26.9,2022,11.5,85.5,2.9,7.2,20220930,30,0.0,232,2022-09-30,0.5,9,17.2,0.0
273,26.9,2022,11.5,82.3,6.8,5.9,20221001,1,0.0,232,2022-10-01,0.6,10,18.2,0.0
274,23.7,2022,14.0,84.8,9.5,1.1,20221002,2,2.1,232,2022-10-02,1.2,10,18.7,0.0
275,25.2,2022,18.0,97.1,9.5,0.0,20221003,3,19.5,232,2022-10-03,1.3,10,22.0,0.0
276,23.4,2022,14.2,86.6,9.4,1.7,20221004,4,52.0,232,2022-10-04,2.1,10,18.6,0.0
277,21.1,2022,13.3,76.8,7.6,7.1,20221005,5,0.0,232,2022-10-05,0.9,10,15.9,0.0
278,20.6,2022,13.4,84.9,9.3,3.1,20221006,6,0.0,232,2022-10-06,0.8,10,16.2,0.0
279,19.2,2022,11.1,78.8,5.8,6.9,20221007,7,0.0,232,2022-10-07,1.2,10,14.9,0.0
280,20.4,2022,8.8,70.8,2.3,10.1,20221008,8,0.0,232,2022-10-08,1.7,10,14.7,0.0
281,14.1,2022,10.8,93.5,9.1,0.0,20221009,9,17.3,232,2022-10-09,1.1,10,12.7,0.0
282,13.0,2022,8.3,84.1,6.9,4.5,20221010,10,7.2,232,2022-10-10,2.8,10,10.3,0.0
283,16.2,2022,6.2,81.6,2.6,10.6,20221011,11,0.1,232,2022-10-11,1.2,10,10.4,0.0
284,19.7,2022,4.3,86.8,4.1,7.3,20221012,12,0.0,232,2022-10-12,0.8,10,10.7,0.0
285,21.6,2022,6.8,83.3,1.5,10.4,20221013,13,0.0,232,2022-10-13,0.8,10,13.5,0.0
286,21.3,2022,8.3,88.1,8.3,2.7,20221014,14,0.0,232,2022-10-14,0.5,10,14.2,0.0
287,24.2,2022,10.7,84.5,6.0,6.3,20221015,15,0.0,232,2022-10-15,0.5,10,16.5,0.0
288,21.4,2022,13.6,89.1,8.6,0.4,20221016,16,0.0,232,2022-10-16,0.7,10,16.6,0.0
289,15.8,2022,6.0,53.8,3.3,0.0,20221017,17,0.0,232,2022-10-17,2.0,10,11.3,0.0
290,13.9,2022,1.0,73.6,0.0,10.5,20221018,18,0.0,232,2022-10-18,1.0,10,6.8,0.0
291,16.2,2022,-0.4,76.6,0.0,10.4,20221019,19,0.0,232,2022-10-19,0.7,10,7.3,0.0
292,19.4,2022,1.0,78.1,2.0,10.4,20221020,20,0.0,232,2022-10-20,0.6,10,9.6,0.0
293,19.3,2022,4.8,82.3,8.1,4.1,20221021,21,0.0,232,2022-10-21,0.5,10,11.2,0.0
294,20.0,2022,6.6,81.8,4.0,8.8,20221022,22,0.0,232,2022-10-22,0.9,10,13.1,0.0
295,18.1,2022,9.6,68.9,3.5,5.8,20221023,23,0.0,232,2022-10-23,1.3,10,13.6,0.0
296,15.0,2022,3.0,67.6,1.0,9.4,20221024,24,0.0,232,2022-10-24,1.2,10,8.6,0.0
297,16.3,2022,0.7,74.9,0.0,9.9,20221025,25,0.0,232,2022-10-25,1.1,10,8.1,0.0
298,17.5,2022,2.0,76.9,4.1,9.4,20221026,26,0.0,232,2022-10-26,0.6,10,9.6,0.0
299,19.6,2022,3.8,80.8,2.6,9.5,20221027,27,0.0,232,2022-10-27,0.9,10,11.5,0.0
300,19.1,2022,6.8,87.4,3.4,5.5,20221028,28,0.0,232,2022-10-28,0.5,10,11.1,0.0
301,20.0,2022,4.7,82.0,3.8,8.7,20221029,29,0.0,232,2022-10-29,0.6,10,11.4,0.0
302,20.1,2022,5.5,81.1,3.1,8.3,20221030,30,0.0,232,2022-10-30,0.6,10,11.5,0.0
303,19.8,2022,6.6,80.9,4.0,7.9,20221031,31,0.0,232,2022-10-31,0.8,10,12.2,0.0
304,18.5,2022,6.4,85.8,3.1,4.4,20221101,1,0.0,232,2022-11-01,0.7,11,11.4,0.0
305,18.1,2022,3.1,71.4,3.3,6.7,20221102,2,0.0,232,2022-11-02,0.8,11,8.6,0.0
306,15.7,2022,1.4,71.0,0.0,2.0,20221103,3,0.0,232,2022-11-03,1.1,11,8.3,0.0
307,9.3,2022,-1.4,54.5,0.4,9.7,20221104,4,0.0,232,2022-11-04,1.6,11,4.4,0.0
308,12.8,2022,-4.1,66.5,0.0,9.8,20221105,5,0.0,232,2022-11-05,0.8,11,3.8,0.0
309,15.5,2022,-1.7,78.9,2.9,8.7,20221106,6,0.0,232,2022-11-06,0.7,11,6.1,0.0
310,16.0,2022,0.0,74.1,4.1,7.7,20221107,7,0.0,232,2022-11-07,0.6,11,8.1,0.0
311,18.2,2022,5.1,75.4,3.0,7.6,20221108,8,0.0,232,2022-11-08,0.7,11,10.3,0.0
312,16.1,2022,2.1,89.1,5.6,2.9,20221109,9,0.0,232,2022-11-09,0.4,11,7.7,0.0
313,18.4,2022,3.3,85.0,4.1,6.5,20221110,10,0.0,232,2022-11-10,0.5,11,9.6,0.0
314,21.4,2022,4.8,77.0,1.9,8.9,20221111,11,0.0,232,2022-11-11,0.5,11,11.8,0.0
315,23.0,2022,6.1,82.1,6.9,2.5,20221112,12,14.5,232,2022-11-12,1.1,11,15.4,0.0
316,18.2,2022,9.6,86.3,9.8,0.0,20221113,13,0.4,232,2022-11-13,1.9,11,10.8,0.0
317,14.8,2022,4.2,83.3,5.1,3.3,20221114,14,0.0,232,2022-11-14,1.0,11,9.1,0.0
318,12.2,2022,0.0,90.9,3.1,4.0,20221115,15,4.3,232,2022-11-15,0.5,11,5.9,0.0
319,14.0,2022,2.3,79.9,3.3,5.9,20221116,16,0.1,232,2022-11-16,0.7,11,6.7,0.0
320,15.5,2022,1.8,78.3,2.9,8.8,20221117,17,0.0,232,2022-11-17,0.6,11,7.6,0.0
321,17.4,2022,0.0,76.4,0.0,9.3,20221118,18,0.0,232,2022-11-18,0.9,11,7.3,0.0
322,18.4,2022,0.4,75.3,3.3,9.2,20221119,19,0.0,232,2022-11-19,0.8,11,9.1,0.0
323,18.8,2022,5.9,80.9,3.8,3.7,20221120,20,0.0,232,2022-11-20,0.5,11,10.6,0.0
324,18.3,2022,3.1,77.8,3.4,7.7,20221121,21,0.0,232,2022-11-21,0.7,11,10.0,0.0
325,15.1,2022,5.9,89.0,9.4,0.9,20221122,22,0.5,232,2022-11-22,0.5,11,9.9,0.0
326,15.5,2022,2.9,76.5,4.3,7.3,20221123,23,0.0,232,2022-11-23,1.0,11,9.3,0.0
327,14.9,2022,1.4,82.8,3.5,6.8,20221124,24,0.0,232,2022-11-24,0.5,11,6.5,0.0
328,16.9,2022,0.2,70.8,3.1,8.7,20221125,25,0.0,232,2022-11-25,1.0,11,8.2,0.0
329,12.6,2022,-1.1,65.4,0.4,8.7,20221126,26,0.0,232,2022-11-26,1.3,11,6.7,0.0
330,13.9,2022,-3.9,63.6,4.4,8.2,20221127,27,0.0,232,2022-11-27,0.7,11,3.7,0.0
331,12.5,2022,-0.4,89.0,7.1,1.8,20221128,28,20.5,232,2022-11-28,1.1,11,8.1,0.0
332,14.5,2022,1.0,66.8,9.8,1.8,20221129,29,2.9,232,2022-11-29,2.3,11,8.4,0.0
333,1.0,2022,-5.3,48.4,4.1,7.8,20221130,30,0.0,232,2022-11-30,2.6,11,-3.3,0.0
334,0.4,2022,-8.9,53.9,3.9,7.7,20221201,1,0.0,232,2022-12-01,1.0,12,-4.6,0.0
335,3.1,2022,-8.4,71.0,3.1,7.3,20221202,2,0.0,232,2022-12-02,0.8,12,-3.7,0.0
336,5.2,2022,-3.1,82.4,7.4,0.5,20221203,3,0.3,232,2022-12-03,0.8,12,1.5,0.0
337,2.2,2022,-5.7,44.6,8.9,2.3,20221204,4,0.0,232,2022-12-04,1.6,12,-1.8,0.0
338,1.9,2022,-7.1,45.1,3.3,7.6,20221205,5,0.0,232,2022-12-05,1.2,12,-2.8,0.0
339,2.6,2022,-8.0,92.3,7.6,1.2,20221206,6,1.5,232,2022-12-06,0.7,12,-1.6,0.0
340,8.1,2022,-1.5,85.9,4.8,1.9,20221207,7,0.5,232,2022-12-07,0.8,12,2.2,0.0
341,9.7,2022,-3.3,71.8,1.5,8.2,20221208,8,0.0,232,2022-12-08,0.6,12,1.4,0.0
342,11.0,2022,-4.1,79.6,2.8,4.7,20221209,9,0.0,232,2022-12-09,0.6,12,2.1,0.0
343,6.4,2022,-4.6,72.8,6.3,3.1,20221210,10,0.0,232,2022-12-10,0.6,12,0.8,0.0
344,7.6,2022,-5.3,69.3,0.5,9.0,20221211,11,0.0,232,2022-12-11,0.8,12,-0.1,0.0
345,7.0,2022,-6.3,80.8,6.0,4.3,20221212,12,0.7,232,2022-12-12,0.8,12,0.7,0.0
346,4.1,2022,-4.2,94.5,6.8,0.8,20221213,13,11.2,232,2022-12-13,2.4,12,0.9,0.0
347,-4.3,2022,-12.0,69.6,1.8,7.0,20221214,14,0.1,232,2022-12-14,1.4,12,-8.2,0.0
348,2.5,2022,-12.3,88.1,4.1,3.7,20221215,15,2.9,232,2022-12-15,1.0,12,-3.9,0.0
349,-2.5,2022,-10.5,67.1,8.0,6.8,20221216,16,0.0,232,2022-12-16,0.0,12,-5.8,0.0
350,-2.7,2022,-12.7,75.1,4.6,5.4,20221217,17,2.0,232,2022-12-17,0.9,12,-7.6,0.0
351,-5.7,2022,-16.9,75.3,2.0,8.9,20221218,18,0.0,232,2022-12-18,0.9,12,-11.1,0.0
352,-1.8,2022,-15.5,76.9,3.1,7.1,20221219,19,0.0,232,2022-12-19,0.7,12,-8.4,0.0
353,2.0,2022,-13.1,76.1,3.6,8.2,20221220,20,0.0,232,2022-12-20,0.7,12,-5.2,0.0
354,1.9,2022,-4.1,93.6,9.1,0.0,20221221,21,3.4,232,2022-12-21,1.1,12,-0.1,0.0
355,-0.4,2022,-9.0,69.1,5.3,4.3,20221222,22,0.3,232,2022-12-22,3.0,12,-5.5,0.0
356,-7.0,2022,-10.9,77.0,7.3,1.5,20221223,23,5.6,232,2022-12-23,2.5,12,-9.5,0.0
357,-4.6,2022,-18.1,76.3,4.6,9.0,20221224,24,0.0,232,2022-12-24,0.6,12,-11.7,0.0
358,0.4,2022,-16.6,81.3,3.4,9.0,20221225,25,0.0,232,2022-12-25,0.7,12,-8.5,0.0
359,0.7,2022,-13.6,83.5,3.4,7.8,20221226,26,0.0,232,2022-12-26,0.4,12,-7.3,0.0
360,3.4,2022,-13.3,82.5,2.6,8.8,20221227,27,0.0,232,2022-12-27,0.5,12,-5.6,0.0
361,1.1,2022,-9.1,76.1,0.0,6.3,20221228,28,0.1,232,2022-12-28,1.0,12,-4.2,0.0
362,1.7,2022,-12.6,72.3,3.5,6.7,20221229,29,0.0,232,2022-12-29,0.5,12,-5.5,0.0
363,2.6,2022,-7.5,79.0,3.9,5.0,20221230,30,0.2,232,2022-12-30,0.7,12,-2.9,0.0
364,4.3,2022,-9.8,85.4,3.9,2.3,20221231,31,0.0,232,2022-12-31,0.4,12,-3.9,0.0
