,station_id,month,tavg,date,snow,day,cloud,sunshine,tmax,wind,rainfall,year,Date,humid,tmin
0,232,1,-8.8,20110101,0.0,1,2.8,7.3,-2.2,1.7,0.0,2011,2011-01-01,75.1,-14.8
1,232,1,-7.2,20110102,0.0,2,1.5,8.3,0.1,1.3,0.0,2011,2011-01-02,77.1,-14.0
2,232,1,-6.0,20110103,0.0,3,4.3,4.3,-0.5,1.3,0.0,2011,2011-01-03,75.1,-13.2
3,232,1,-4.1,20110104,0.0,4,6.8,0.8,1.0,1.0,0.0,2011,2011-01-04,81.6,-10.9
4,232,1,-1.5,20110105,0.5,5,7.9,0.5,0.8,3.4,0.2,2011,2011-01-05,70.6,-4.2
5,232,1,-5.9,20110106,0.2,6,2.9,8.6,-3.3,3.0,0.0,2011,2011-01-06,60.3,-8.8
6,232,1,-8.2,20110107,0.0,7,0.0,8.7,-1.4,1.4,0.0,2011,2011-01-07,69.8,-15.0
7,232,1,-4.6,20110108,0.0,8,5.0,2.8,3.5,1.2,0.0,2011,2011-01-08,81.6,-12.4
8,232,1,-4.8,20110109,0.0,9,3.0,6.6,-0.2,4.0,0.0,2011,2011-01-09,57.8,-10.2
9,232,1,-9.1,20110110,0.0,10,2.1,7.4,-3.5,1.8,0.0,2011,2011-01-10,57.3,-15.9
10,232,1,-4.3,20110111,2.4,11,6.6,2.8,0.9,2.0,1.3,2011,2011-01-11,62.9,-10.5
11,232,1,-7.2,20110112,0.0,12,0.8,8.9,-3.4,3.3,0.0,2011,2011-01-12,51.9,-12.4
12,232,1,-8.1,20110113,0.0,13,0.3,8.9,1.0,0.8,0.0,2011,2011-01-13,63.4,-15.9
13,232,1,-2.8,20110114,0.0,14,7.0,2.0,3.0,3.0,0.0,2011,2011-01-14,56.6,-9.7
14,232,1,-9.9,20110115,0.7,15,4.9,4.3,-3.4,5.3,0.4,2011,2011-01-15,47.1,-14.2
15,232,1,-12.4,20110116,0.0,16,3.4,6.7,-7.7,2.8,0.0,2011,2011-01-16,64.3,-16.2
16,232,1,-10.5,20110117,0.0,17,0.0,9.0,-2.8,1.4,0.0,2011,2011-01-17,69.4,-18.3
17,232,1,-7.3,20110118,0.0,18,4.5,6.2,1.0,1.5,0.0,2011,2011-01-18,65.6,-13.8
18,232,1,-6.3,20110119,0.0,19,3.3,8.9,-1.5,1.6,0.0,2011,2011-01-19,63.9,-10.7
19,232,1,-7.4,20110120,0.0,20,3.0,8.9,-3.3,2.3,0.0,2011,2011-01-20,60.1,-12.3
20,232,1,-7.7,20110121,0.0,21,3.6,7.8,-1.8,1.7,0.0,2011,2011-01-21,65.4,-12.1
21,232,1,-4.8,20110122,0.0,22,3.3,6.2,1.3,2.0,0.0,2011,2011-01-22,58.6,-11.7
22,232,1,-3.4,20110123,5.3,23,8.0,2.0,1.7,2.7,3.9,2011,2011-01-23,69.3,-9.8
23,232,1,-7.1,20110124,2.6,24,7.5,3.2,-3.5,2.4,1.7,2011,2011-01-24,76.6,-9.9
24,232,1,-9.0,20110125,0.0,25,2.5,8.3,-2.8,1.2,0.0,2011,2011-01-25,76.5,-15.4
25,232,1,-8.8,20110126,0.0,26,1.9,8.6,-3.3,2.0,0.0,2011,2011-01-26,70.9,-14.6
26,232,1,-8.0,20110127,0.0,27,4.0,8.1,-3.8,2.5,0.0,2011,2011-01-27,54.6,-14.8
27,232,1,-6.6,20110128,0.0,28,4.1,8.6,-3.0,2.4,0.0,2011,2011-01-28,50.8,-11.4
28,232,1,-7.9,20110129,0.9,29,3.8,8.3,-4.0,2.9,0.4,2011,2011-01-29,60.6,-13.2
29,232,1,-7.9,20110130,0.0,30,1.6,9.3,-4.1,3.5,0.0,2011,2011-01-30,49.6,-13.0
30,232,1,-7.1,20110131,0.0,31,1.0,7.7,1.0,1.8,0.0,2011,2011-01-31,64.9,-16.1
31,232,2,-2.5,20110201,0.0,1,2.0,8.6,7.8,1.2,0.0,2011,2011-02-01,72.9,-10.5
32,232,2,-0.2,20110202,0.0,2,1.6,8.6,8.1,0.9,0.0,2011,2011-02-02,70.4,-6.1
33,232,2,0.3,20110203,0.0,3,1.6,5.2,7.8,1.2,0.0,2011,2011-02-03,76.9,-5.9
34,232,2,0.7,20110204,0.0,4,5.0,3.9,6.7,1.3,0.0,2011,2011-02-04,79.8,-3.7
35,232,2,1.1,20110205,0.0,5,5.8,5.8,6.6,1.3,0.0,2011,2011-02-05,71.5,-2.7
36,232,2,1.3,20110206,0.0,6,7.5,0.5,5.0,1.2,0.0,2011,2011-02-06,72.3,-2.9
37,232,2,1.5,20110207,0.0,7,5.4,1.6,5.8,1.8,0.0,2011,2011-02-07,70.4,-0.7
38,232,2,3.0,20110208,0.0,8,5.9,2.0,9.0,1.7,0.0,2011,2011-02-08,59.9,-1.2
39,232,2,-0.7,20110209,0.0,9,2.6,7.2,1.7,3.8,0.0,2011,2011-02-09,61.1,-3.6
40,232,2,-2.6,20110210,0.0,10,4.6,2.6,2.0,1.6,0.0,2011,2011-02-10,58.4,-5.9
41,232,2,-2.5,20110211,0.0,11,0.6,9.4,3.2,2.9,0.0,2011,2011-02-11,58.5,-6.8
42,232,2,-4.8,20110212,0.0,12,0.8,8.8,-1.4,3.7,0.0,2011,2011-02-12,55.1,-9.0
43,232,2,-4.8,20110213,0.0,13,4.1,8.4,1.3,1.6,0.0,2011,2011-02-13,56.9,-11.6
44,232,2,-3.3,20110214,0.0,14,7.1,0.7,-0.4,1.8,0.0,2011,2011-02-14,61.5,-7.4
45,232,2,-2.3,20110215,0.0,15,0.0,9.2,4.9,1.5,0.0,2011,2011-02-15,61.4,-8.3
46,232,2,-1.2,20110216,0.0,16,6.4,2.6,5.2,1.5,0.0,2011,2011-02-16,67.1,-8.9
47,232,2,0.0,20110217,2.2,17,6.6,0.0,3.0,2.2,2.0,2011,2011-02-17,79.5,-1.7
48,232,2,0.2,20110218,0.0,18,0.0,9.3,8.1,1.2,0.0,2011,2011-02-18,67.9,-6.2
49,232,2,0.2,20110219,0.0,19,4.3,9.2,7.6,1.5,0.0,2011,2011-02-19,58.3,-6.0
50,232,2,3.6,20110220,0.0,20,2.5,8.8,13.2,1.2,0.0,2011,2011-02-20,54.8,-5.8
51,232,2,5.2,20110221,0.0,21,1.1,10.2,12.7,2.3,0.0,2011,2011-02-21,47.8,-1.2
52,232,2,3.9,20110222,0.0,22,1.5,9.2,13.9,1.4,0.0,2011,2011-02-22,58.9,-4.1
53,232,2,4.1,20110223,0.0,23,1.4,8.8,12.9,1.7,0.0,2011,2011-02-23,63.9,-3.5
54,232,2,5.4,20110224,0.0,24,2.3,9.1,13.4,1.7,0.0,2011,2011-02-24,71.9,-2.7
55,232,2,2.0,20110225,0.0,25,3.6,7.7,6.5,3.6,0.0,2011,2011-02-25,57.4,-3.9
56,232,2,5.4,20110226,0.0,26,5.0,8.4,13.5,2.2,0.0,2011,2011-02-26,47.4,-4.8
57,232,2,6.4,20110227,0.0,27,10.0,0.0,8.1,3.0,28.5,2011,2011-02-27,84.9,4.8
58,232,2,5.5,20110228,0.0,28,10.0,0.0,8.4,2.4,0.5,2011,2011-02-28,80.8,3.6
59,232,3,1.0,20110301,0.3,1,7.1,0.0,4.5,4.0,3.0,2011,2011-03-01,83.5,-1.2
60,232,3,-0.8,20110302,0.0,2,0.3,10.2,2.1,4.2,0.0,2011,2011-03-02,50.1,-3.2
61,232,3,-1.2,20110303,0.0,3,0.0,10.6,1.9,3.6,0.0,2011,2011-03-03,49.5,-6.7
62,232,3,0.0,20110304,0.0,4,0.0,10.8,5.1,2.9,0.0,2011,2011-03-04,55.0,-6.1
63,232,3,1.0,20110305,0.0,5,4.0,4.3,7.8,1.5,0.0,2011,2011-03-05,64.9,-5.2
64,232,3,3.5,20110306,0.0,6,7.3,6.2,9.9,1.8,0.0,2011,2011-03-06,70.8,-2.2
65,232,3,1.9,20110307,0.0,7,0.4,10.5,5.5,4.7,0.0,2011,2011-03-07,57.8,-0.6
66,232,3,2.1,20110308,0.0,8,0.9,9.1,8.0,3.3,0.0,2011,2011-03-08,50.0,-4.4
67,232,3,1.3,20110309,0.0,9,1.4,9.6,5.5,4.4,0.0,2011,2011-03-09,47.6,-2.4
68,232,3,1.8,20110310,0.0,10,0.9,8.6,7.7,2.5,0.0,2011,2011-03-10,59.9,-6.0
69,232,3,3.4,20110311,0.0,11,1.1,10.2,11.3,2.2,0.0,2011,2011-03-11,50.9,-4.4
70,232,3,7.4,20110312,0.0,12,2.5,9.9,15.7,2.9,0.0,2011,2011-03-12,46.6,-1.2
71,232,3,9.6,20110313,0.0,13,4.3,7.1,18.8,1.4,0.0,2011,2011-03-13,57.6,1.3
72,232,3,7.1,20110314,0.0,14,8.3,0.0,10.3,2.2,0.0,2011,2011-03-14,78.4,4.3
73,232,3,2.5,20110315,0.0,15,3.6,8.9,6.8,5.6,0.0,2011,2011-03-15,48.1,-0.9
74,232,3,1.0,20110316,0.0,16,2.1,10.2,5.1,4.7,0.0,2011,2011-03-16,37.8,-1.1
75,232,3,0.7,20110317,0.0,17,0.0,11.1,7.1,2.7,0.0,2011,2011-03-17,45.4,-6.3
76,232,3,5.9,20110318,0.0,18,3.4,5.8,14.7,2.2,0.0,2011,2011-03-18,37.5,-5.0
77,232,3,10.4,20110319,0.0,19,6.9,6.1,15.2,3.0,0.0,2011,2011-03-19,40.6,6.6
78,232,3,5.4,20110320,0.0,20,8.6,0.7,8.7,1.8,14.5,2011,2011-03-20,77.4,1.9
79,232,3,7.2,20110321,0.0,21,8.3,4.3,13.2,2.9,0.0,2011,2011-03-21,60.8,2.5
80,232,3,2.4,20110322,0.0,22,2.8,10.4,5.6,5.1,0.0,2011,2011-03-22,39.0,-0.2
81,232,3,1.7,20110323,0.0,23,0.5,10.9,7.3,2.5,0.0,2011,2011-03-23,44.8,-5.2
82,232,3,3.3,20110324,1.5,24,5.8,6.3,10.3,2.4,9.0,2011,2011-03-24,64.9,-2.0
83,232,3,2.4,20110325,0.0,25,1.1,11.0,5.8,5.0,0.0,2011,2011-03-25,54.8,0.1
84,232,3,2.5,20110326,0.0,26,1.0,10.5,8.4,2.6,0.0,2011,2011-03-26,54.3,-3.8
85,232,3,5.1,20110327,0.0,27,5.4,7.8,11.4,2.2,0.0,2011,2011-03-27,45.1,-4.0
86,232,3,5.6,20110328,0.0,28,4.0,8.4,10.7,2.9,0.0,2011,2011-03-28,58.5,0.0
87,232,3,3.8,20110329,0.0,29,0.9,10.4,10.1,2.4,0.0,2011,2011-03-29,61.4,-3.5
88,232,3,6.4,20110330,0.0,30,0.0,11.1,15.1,2.2,0.0,2011,2011-03-30,61.3,-2.3
89,232,3,7.8,20110331,0.0,31,0.3,9.0,19.0,2.3,0.0,2011,2011-03-31,59.0,-0.7
90,232,4,8.0,20110401,0.0,1,1.0,11.0,18.4,2.0,0.0,2011,2011-04-01,48.3,-1.3
91,232,4,7.9,20110402,0.0,2,8.8,0.0,13.6,1.2,0.0,2011,2011-04-02,52.1,0.6
92,232,4,9.0,20110403,0.0,3,5.4,4.5,14.7,2.3,0.0,2011,2011-04-03,61.3,3.8
93,232,4,8.5,20110404,0.0,4,0.0,10.9,16.8,2.0,0.0,2011,2011-04-04,47.1,1.0
94,232,4,8.7,20110405,0.0,5,0.0,11.8,18.5,1.8,0.0,2011,2011-04-05,36.6,-0.9
95,232,4,9.8,20110406,0.0,6,6.0,6.9,19.1,1.9,0.0,2011,2011-04-06,40.8,-1.2
96,232,4,10.6,20110407,0.0,7,10.0,0.0,14.7,2.2,14.0,2011,2011-04-07,90.0,7.9
97,232,4,10.6,20110408,0.0,8,5.4,7.0,17.6,2.6,0.0,2011,2011-04-08,65.0,4.7
98,232,4,9.7,20110409,0.0,9,0.6,10.5,18.3,1.9,0.0,2011,2011-04-09,52.4,1.0
99,232,4,12.1,20110410,0.0,10,6.9,0.3,18.9,3.1,0.5,2011,2011-04-10,47.3,7.0
100,232,4,9.5,20110411,0.0,11,1.3,11.8,14.5,4.4,0.0,2011,2011-04-11,42.8,4.4
101,232,4,8.8,20110412,0.0,12,0.0,12.0,18.0,2.3,0.0,2011,2011-04-12,37.4,-0.9
102,232,4,9.8,20110413,0.0,13,0.0,11.4,19.6,2.4,0.0,2011,2011-04-13,43.9,0.2
103,232,4,11.2,20110414,0.0,14,3.8,9.9,20.2,1.6,0.0,2011,2011-04-14,44.1,1.2
104,232,4,14.7,20110415,0.0,15,5.8,8.6,25.0,3.1,0.0,2011,2011-04-15,66.4,7.5
105,232,4,10.7,20110416,0.0,16,0.0,12.1,19.1,2.5,0.0,2011,2011-04-16,42.1,4.4
106,232,4,12.5,20110417,0.0,17,3.5,10.7,21.3,2.9,0.0,2011,2011-04-17,49.5,4.8
107,232,4,7.7,20110418,0.0,18,9.3,0.3,11.3,3.3,0.4,2011,2011-04-18,70.1,4.8
108,232,4,10.6,20110419,0.0,19,2.9,10.8,16.2,2.8,0.0,2011,2011-04-19,47.0,3.9
109,232,4,10.9,20110420,0.0,20,0.8,10.8,18.8,2.7,0.0,2011,2011-04-20,52.0,3.1
110,232,4,12.5,20110421,0.0,21,8.1,2.5,19.1,2.0,0.0,2011,2011-04-21,38.4,4.4
111,232,4,10.0,20110422,0.0,22,10.0,0.0,12.3,2.6,20.5,2011,2011-04-22,86.0,8.5
112,232,4,9.6,20110423,0.0,23,1.4,12.0,14.8,4.2,0.0,2011,2011-04-23,56.9,3.5
113,232,4,9.6,20110424,0.0,24,3.3,9.5,15.2,3.3,0.1,2011,2011-04-24,57.3,2.3
114,232,4,11.7,20110425,0.0,25,5.4,7.8,18.6,3.0,0.5,2011,2011-04-25,54.5,3.3
115,232,4,11.6,20110426,0.0,26,10.0,0.0,13.7,2.7,0.5,2011,2011-04-26,79.5,9.6
116,232,4,11.8,20110427,0.0,27,6.5,2.3,16.0,3.4,0.2,2011,2011-04-27,70.5,6.1
117,232,4,10.1,20110428,0.0,28,3.5,8.5,15.4,3.5,1.0,2011,2011-04-28,57.8,4.8
118,232,4,14.3,20110429,0.0,29,7.0,2.6,20.8,2.9,3.0,2011,2011-04-29,45.9,4.5
119,232,4,16.7,20110430,0.0,30,10.0,0.0,20.9,3.6,92.5,2011,2011-04-30,83.6,14.0
120,232,5,13.8,20110501,0.0,1,3.6,8.2,16.2,4.0,3.5,2011,2011-05-01,69.8,10.3
121,232,5,14.5,20110502,0.0,2,3.6,9.9,21.4,1.7,0.0,2011,2011-05-02,60.8,7.9
122,232,5,15.3,20110503,0.0,3,2.9,9.8,21.1,2.6,0.0,2011,2011-05-03,54.9,10.0
123,232,5,15.0,20110504,0.0,4,4.4,9.5,22.9,1.5,0.0,2011,2011-05-04,53.0,6.4
124,232,5,17.2,20110505,0.0,5,0.5,11.7,24.9,2.6,0.0,2011,2011-05-05,45.9,10.8
125,232,5,16.6,20110506,0.0,6,7.9,0.2,21.4,2.6,0.1,2011,2011-05-06,61.5,10.4
126,232,5,17.5,20110507,0.0,7,5.4,6.3,25.5,2.5,0.1,2011,2011-05-07,75.5,13.5
127,232,5,19.1,20110508,0.0,8,6.5,5.4,25.4,1.3,0.0,2011,2011-05-08,53.9,12.5
128,232,5,22.2,20110509,0.0,9,9.8,0.2,28.2,3.8,0.1,2011,2011-05-09,69.0,15.3
129,232,5,18.8,20110510,0.0,10,10.0,0.0,20.6,1.5,54.5,2011,2011-05-10,91.0,17.1
130,232,5,17.1,20110511,0.0,11,7.1,1.0,20.0,3.7,27.5,2011,2011-05-11,80.6,15.0
131,232,5,16.0,20110512,0.0,12,6.4,1.0,21.4,2.9,1.0,2011,2011-05-12,69.0,12.7
132,232,5,15.7,20110513,0.0,13,0.0,12.4,21.1,3.6,0.0,2011,2011-05-13,51.1,9.0
133,232,5,16.9,20110514,0.0,14,0.0,12.2,23.5,3.0,0.0,2011,2011-05-14,41.8,9.7
134,232,5,19.0,20110515,0.0,15,2.9,11.0,26.0,3.7,0.0,2011,2011-05-15,43.3,11.3
135,232,5,16.7,20110516,0.0,16,1.6,12.3,22.8,2.3,0.0,2011,2011-05-16,53.1,10.9
136,232,5,16.2,20110517,0.0,17,1.0,11.4,24.2,1.8,0.0,2011,2011-05-17,50.1,7.3
137,232,5,20.7,20110518,0.0,18,4.6,8.1,26.8,3.4,0.0,2011,2011-05-18,45.5,11.1
138,232,5,21.4,20110519,0.0,19,4.4,7.7,27.6,3.2,0.0,2011,2011-05-19,57.1,17.2
139,232,5,20.1,20110520,0.0,20,9.1,0.3,23.9,2.3,3.0,2011,2011-05-20,79.3,17.0
140,232,5,15.5,20110521,0.0,21,10.0,0.0,17.3,1.6,7.0,2011,2011-05-21,87.8,14.0
141,232,5,17.7,20110522,0.0,22,8.4,6.5,23.5,1.7,0.0,2011,2011-05-22,62.5,12.5
142,232,5,17.9,20110523,0.0,23,5.5,5.5,24.9,1.3,0.0,2011,2011-05-23,63.4,12.8
143,232,5,18.9,20110524,0.0,24,5.0,8.6,27.9,1.4,0.0,2011,2011-05-24,56.6,9.5
144,232,5,20.9,20110525,0.0,25,8.8,1.8,27.8,1.6,0.0,2011,2011-05-25,54.8,14.4
145,232,5,18.0,20110526,0.0,26,9.0,0.2,22.2,2.8,5.0,2011,2011-05-26,61.4,15.4
146,232,5,18.3,20110527,0.0,27,7.4,0.8,22.7,1.4,0.0,2011,2011-05-27,69.3,14.9
147,232,5,19.9,20110528,0.0,28,5.3,9.3,27.7,1.7,0.0,2011,2011-05-28,65.4,13.1
148,232,5,21.7,20110529,0.0,29,1.4,11.3,29.9,1.8,0.0,2011,2011-05-29,57.3,13.7
149,232,5,21.9,20110530,0.0,30,6.4,7.7,29.5,1.7,0.0,2011,2011-05-30,50.8,15.4
150,232,5,20.1,20110531,0.0,31,10.0,0.0,23.4,2.3,1.5,2011,2011-05-31,64.6,16.2
151,232,6,18.3,20110601,0.0,1,8.1,2.6,23.9,2.0,36.5,2011,2011-06-01,83.0,15.3
152,232,6,19.7,20110602,0.0,2,4.3,7.7,25.7,2.0,0.0,2011,2011-06-02,74.4,15.6
153,232,6,20.1,20110603,0.0,3,2.8,10.6,27.0,2.3,0.0,2011,2011-06-03,66.0,14.3
154,232,6,20.4,20110604,0.0,4,6.9,5.1,24.7,2.6,0.0,2011,2011-06-04,75.1,17.4
155,232,6,21.4,20110605,0.0,5,4.1,11.6,28.0,1.8,0.0,2011,2011-06-05,62.3,16.2
156,232,6,20.7,20110606,0.0,6,6.0,7.7,28.2,1.5,0.0,2011,2011-06-06,57.3,13.1
157,232,6,21.1,20110607,0.0,7,3.3,9.2,29.0,1.6,0.0,2011,2011-06-07,60.0,13.2
158,232,6,22.3,20110608,0.0,8,3.1,9.4,28.9,2.0,0.0,2011,2011-06-08,61.5,15.7
159,232,6,21.1,20110609,0.0,9,7.8,4.7,26.0,1.8,0.0,2011,2011-06-09,76.5,16.8
160,232,6,22.1,20110610,0.0,10,9.6,0.2,26.1,1.6,0.0,2011,2011-06-10,74.9,19.2
161,232,6,23.6,20110611,0.0,11,3.5,12.2,30.9,1.8,0.0,2011,2011-06-11,60.1,17.5
162,232,6,23.2,20110612,0.0,12,4.8,10.0,31.2,1.7,0.0,2011,2011-06-12,54.5,16.4
163,232,6,21.8,20110613,0.0,13,4.3,8.9,27.0,2.1,0.1,2011,2011-06-13,66.0,18.4
164,232,6,22.3,20110614,0.0,14,4.8,9.4,29.8,1.6,0.0,2011,2011-06-14,65.4,16.3
165,232,6,23.9,20110615,0.0,15,5.3,11.0,30.8,1.8,0.0,2011,2011-06-15,57.9,16.5
166,232,6,24.6,20110616,0.0,16,0.8,12.8,31.2,2.3,0.0,2011,2011-06-16,50.6,16.6
167,232,6,23.2,20110617,0.0,17,7.5,5.2,30.5,2.4,0.0,2011,2011-06-17,53.8,18.5
168,232,6,23.0,20110618,0.0,18,7.3,5.1,28.6,1.8,0.0,2011,2011-06-18,61.8,17.9
169,232,6,24.9,20110619,0.0,19,0.9,12.0,32.5,1.7,0.0,2011,2011-06-19,59.5,17.0
170,232,6,24.9,20110620,0.0,20,0.4,12.4,31.8,2.1,0.0,2011,2011-06-20,60.9,19.4
171,232,6,24.1,20110621,0.0,21,2.4,11.7,31.0,1.7,0.0,2011,2011-06-21,64.9,17.5
172,232,6,23.8,20110622,0.0,22,9.9,1.8,27.8,1.8,5.0,2011,2011-06-22,84.3,20.3
173,232,6,24.6,20110623,0.0,23,10.0,0.0,27.3,2.5,28.0,2011,2011-06-23,85.6,23.0
174,232,6,21.1,20110624,0.0,24,10.0,0.0,23.5,1.4,157.5,2011,2011-06-24,92.3,19.7
175,232,6,20.1,20110625,0.0,25,10.0,0.0,21.3,3.2,34.5,2011,2011-06-25,87.5,19.3
176,232,6,22.4,20110626,0.0,26,9.6,0.6,27.2,4.1,12.5,2011,2011-06-26,79.0,18.9
177,232,6,21.1,20110627,0.0,27,9.4,0.0,23.2,3.1,3.5,2011,2011-06-27,81.6,19.9
178,232,6,24.5,20110628,0.0,28,5.8,9.6,31.9,1.8,1.0,2011,2011-06-28,72.6,17.1
179,232,6,23.6,20110629,0.0,29,9.6,0.0,28.3,2.2,69.0,2011,2011-06-29,86.5,22.0
180,232,6,25.3,20110630,0.0,30,9.6,0.2,27.9,1.9,27.0,2011,2011-06-30,83.9,22.2
181,232,7,25.4,20110701,0.0,1,7.6,2.7,30.6,1.2,0.0,2011,2011-07-01,82.0,22.7
182,232,7,26.1,20110702,0.0,2,8.5,1.1,31.2,1.0,13.0,2011,2011-07-02,84.1,22.8
183,232,7,24.3,20110703,0.0,3,10.0,0.0,26.7,2.3,85.0,2011,2011-07-03,89.8,22.0
184,232,7,24.1,20110704,0.0,4,4.0,10.8,29.3,2.3,4.0,2011,2011-07-04,77.3,19.8
185,232,7,23.9,20110705,0.0,5,2.9,10.2,31.3,1.7,0.0,2011,2011-07-05,74.9,18.1
186,232,7,24.2,20110706,0.0,6,7.6,3.8,30.3,1.2,0.0,2011,2011-07-06,75.4,18.4
187,232,7,24.1,20110707,0.0,7,10.0,0.0,25.8,2.0,59.5,2011,2011-07-07,88.3,22.6
188,232,7,23.3,20110708,0.0,8,10.0,0.0,25.3,1.2,37.5,2011,2011-07-08,91.3,22.2
189,232,7,24.7,20110709,0.0,9,9.3,0.4,27.7,1.6,23.5,2011,2011-07-09,86.8,22.4
190,232,7,22.6,20110710,0.0,10,10.0,0.0,24.6,1.9,30.0,2011,2011-07-10,89.9,21.1
191,232,7,21.3,20110711,0.0,11,10.0,0.0,22.8,2.1,68.5,2011,2011-07-11,91.8,20.4
192,232,7,23.3,20110712,0.0,12,10.0,0.0,25.5,1.7,68.0,2011,2011-07-12,91.3,21.0
193,232,7,25.0,20110713,0.0,13,10.0,0.0,26.6,2.0,1.5,2011,2011-07-13,87.9,23.1
194,232,7,25.7,20110714,0.0,14,10.0,0.1,30.2,2.0,25.0,2011,2011-07-14,86.9,24.0
195,232,7,25.5,20110715,0.0,15,9.9,0.8,29.9,2.2,18.0,2011,2011-07-15,86.8,23.2
196,232,7,26.3,20110716,0.0,16,8.3,2.6,30.5,1.5,8.5,2011,2011-07-16,86.3,23.8
197,232,7,27.1,20110717,0.0,17,7.8,2.8,32.3,1.8,0.0,2011,2011-07-17,81.6,24.5
198,232,7,28.2,20110718,0.0,18,3.1,10.7,33.7,2.1,0.0,2011,2011-07-18,71.4,22.6
199,232,7,28.4,20110719,0.0,19,2.3,11.9,33.1,3.5,0.0,2011,2011-07-19,63.3,22.7
200,232,7,27.9,20110720,0.0,20,1.1,13.0,33.1,2.3,0.0,2011,2011-07-20,59.0,21.8
201,232,7,27.0,20110721,0.0,21,5.5,9.0,33.1,2.0,0.0,2011,2011-07-21,69.1,21.7
202,232,7,24.2,20110722,0.0,22,9.6,0.0,27.0,1.7,1.0,2011,2011-07-22,87.0,22.2
203,232,7,26.0,20110723,0.0,23,7.6,1.8,30.2,1.0,0.1,2011,2011-07-23,82.0,22.8
204,232,7,24.6,20110724,0.0,24,9.9,0.2,27.2,1.4,49.0,2011,2011-07-24,90.4,23.2
205,232,7,26.3,20110725,0.0,25,8.4,1.7,30.3,1.7,0.0,2011,2011-07-25,81.1,23.0
206,232,7,26.6,20110726,0.0,26,9.0,1.1,30.9,2.6,15.5,2011,2011-07-26,80.9,23.9
207,232,7,27.9,20110727,0.0,27,8.6,0.7,30.5,2.2,56.0,2011,2011-07-27,79.3,24.8
208,232,7,27.9,20110728,0.0,28,7.9,2.7,31.4,2.8,0.0,2011,2011-07-28,74.1,25.3
209,232,7,26.4,20110729,0.0,29,9.1,1.3,30.2,1.2,57.5,2011,2011-07-29,86.6,24.4
210,232,7,27.5,20110730,0.0,30,8.3,4.7,32.2,1.4,13.5,2011,2011-07-30,82.4,24.6
211,232,7,26.4,20110731,0.0,31,9.4,0.3,29.1,1.7,10.5,2011,2011-07-31,86.3,24.3
212,232,8,26.4,20110801,0.0,1,9.3,0.2,29.4,1.8,1.0,2011,2011-08-01,84.9,24.2
213,232,8,27.4,20110802,0.0,2,6.4,4.6,31.9,1.6,0.0,2011,2011-08-02,79.8,24.0
214,232,8,26.5,20110803,0.0,3,7.9,3.1,31.6,2.2,19.0,2011,2011-08-03,81.4,23.6
215,232,8,27.0,20110804,0.0,4,8.0,1.1,32.1,1.9,0.0,2011,2011-08-04,83.4,23.9
216,232,8,29.0,20110805,0.0,5,2.5,10.8,34.3,1.5,0.0,2011,2011-08-05,72.5,23.8
217,232,8,28.5,20110806,0.0,6,6.9,3.2,31.5,2.6,0.0,2011,2011-08-06,72.9,24.6
218,232,8,28.0,20110807,0.0,7,8.4,2.9,32.3,4.8,20.5,2011,2011-08-07,72.8,24.1
219,232,8,26.2,20110808,0.0,8,8.9,0.0,28.1,5.0,27.0,2011,2011-08-08,78.5,24.0
220,232,8,24.2,20110809,0.0,9,8.8,0.5,26.6,2.0,16.0,2011,2011-08-09,89.4,22.6
221,232,8,26.1,20110810,0.0,10,9.1,0.5,28.5,1.7,0.0,2011,2011-08-10,87.0,24.2
222,232,8,27.1,20110811,0.0,11,8.3,5.8,31.7,1.8,0.5,2011,2011-08-11,84.1,24.1
223,232,8,25.4,20110812,0.0,12,9.6,0.1,29.9,1.4,53.5,2011,2011-08-12,89.9,24.0
224,232,8,26.0,20110813,0.0,13,8.5,0.3,28.5,1.6,13.0,2011,2011-08-13,85.9,24.2
225,232,8,26.4,20110814,0.0,14,8.3,2.5,31.1,1.8,9.5,2011,2011-08-14,86.0,23.9
226,232,8,25.9,20110815,0.0,15,7.6,1.0,30.5,1.1,0.0,2011,2011-08-15,86.0,22.8
227,232,8,26.7,20110816,0.0,16,8.9,1.4,30.4,1.7,27.0,2011,2011-08-16,86.9,23.9
228,232,8,25.4,20110817,0.0,17,10.0,0.0,27.0,1.2,73.5,2011,2011-08-17,91.9,23.7
229,232,8,25.1,20110818,0.0,18,7.8,3.3,29.7,2.0,1.5,2011,2011-08-18,85.0,23.1
230,232,8,24.0,20110819,0.0,19,9.4,0.0,27.8,1.4,1.0,2011,2011-08-19,85.4,21.4
231,232,8,21.4,20110820,0.0,20,8.0,0.9,24.7,0.9,3.0,2011,2011-08-20,88.3,19.0
232,232,8,22.9,20110821,0.0,21,5.8,6.4,29.6,1.0,0.0,2011,2011-08-21,80.9,18.3
233,232,8,22.7,20110822,0.0,22,5.5,5.3,27.7,1.8,0.0,2011,2011-08-22,78.1,18.5
234,232,8,22.2,20110823,0.0,23,4.9,8.7,28.2,1.6,0.0,2011,2011-08-23,74.1,16.7
235,232,8,22.5,20110824,0.0,24,8.6,2.3,27.2,1.7,0.2,2011,2011-08-24,75.1,18.0
236,232,8,24.0,20110825,0.0,25,8.0,2.8,29.1,1.5,2.0,2011,2011-08-25,79.4,20.3
237,232,8,24.7,20110826,0.0,26,8.4,1.7,28.0,2.5,0.0,2011,2011-08-26,75.1,21.1
238,232,8,25.9,20110827,0.0,27,6.1,6.9,30.1,2.4,0.0,2011,2011-08-27,74.5,22.0
239,232,8,26.1,20110828,0.0,28,4.8,9.3,32.3,1.8,0.0,2011,2011-08-28,75.8,22.8
240,232,8,26.1,20110829,0.0,29,5.9,5.4,33.0,1.6,0.0,2011,2011-08-29,79.4,21.9
241,232,8,25.6,20110830,0.0,30,9.0,0.6,30.7,1.3,0.0,2011,2011-08-30,82.5,22.8
242,232,8,26.4,20110831,0.0,31,3.5,9.8,32.8,1.4,0.0,2011,2011-08-31,74.1,21.5
243,232,9,25.1,20110901,0.0,1,0.4,10.9,31.5,1.9,0.0,2011,2011-09-01,76.9,19.2
244,232,9,26.2,20110902,0.0,2,0.8,9.1,32.0,1.8,0.0,2011,2011-09-02,68.6,20.6
245,232,9,25.0,20110903,0.0,3,1.5,10.6,30.3,3.1,0.0,2011,2011-09-03,57.8,19.1
246,232,9,23.1,20110904,0.0,4,3.5,6.0,29.3,2.1,0.0,2011,2011-09-04,59.3,17.5
247,232,9,21.6,20110905,0.0,5,1.4,10.9,28.7,2.1,0.0,2011,2011-09-05,67.0,16.7
248,232,9,21.3,20110906,0.0,6,0.1,12.1,29.0,1.9,0.0,2011,2011-09-06,67.6,15.3
249,232,9,20.9,20110907,0.0,7,4.6,4.7,27.4,1.2,0.0,2011,2011-09-07,70.4,13.8
250,232,9,20.5,20110908,0.0,8,9.1,0.6,24.1,1.0,0.2,2011,2011-09-08,80.8,19.1
251,232,9,19.1,20110909,0.0,9,10.0,0.0,20.6,0.9,0.5,2011,2011-09-09,86.9,17.1
252,232,9,19.4,20110910,0.0,10,10.0,0.0,21.2,1.7,4.0,2011,2011-09-10,87.9,17.5
253,232,9,20.8,20110911,0.0,11,10.0,0.1,23.6,1.7,81.0,2011,2011-09-11,91.3,18.8
254,232,9,23.7,20110912,0.0,12,7.9,4.2,29.3,1.3,0.5,2011,2011-09-12,81.6,20.9
255,232,9,24.4,20110913,0.0,13,7.9,3.9,29.7,1.2,0.0,2011,2011-09-13,81.8,20.5
256,232,9,24.6,20110914,0.0,14,3.5,4.8,30.0,1.2,0.0,2011,2011-09-14,81.1,21.0
257,232,9,24.7,20110915,0.0,15,3.1,7.5,31.5,1.4,0.0,2011,2011-09-15,78.8,20.4
258,232,9,24.8,20110916,0.0,16,2.6,9.4,31.1,1.2,0.0,2011,2011-09-16,76.9,20.1
259,232,9,24.7,20110917,0.0,17,5.1,5.5,32.5,1.7,47.5,2011,2011-09-17,81.1,20.2
260,232,9,21.8,20110918,0.0,18,8.9,0.2,25.0,2.9,0.5,2011,2011-09-18,75.9,19.0
261,232,9,17.3,20110919,0.0,19,8.9,0.0,19.2,3.7,0.5,2011,2011-09-19,63.4,15.2
262,232,9,17.1,20110920,0.0,20,5.8,4.1,21.9,1.9,0.0,2011,2011-09-20,60.8,11.4
263,232,9,16.8,20110921,0.0,21,2.9,10.0,23.7,2.0,0.0,2011,2011-09-21,63.1,10.2
264,232,9,16.0,20110922,0.0,22,0.0,11.5,23.7,1.7,0.0,2011,2011-09-22,66.8,8.8
265,232,9,17.3,20110923,0.0,23,0.8,10.0,25.9,1.1,0.0,2011,2011-09-23,67.4,10.2
266,232,9,17.8,20110924,0.0,24,0.6,10.4,26.2,2.1,0.0,2011,2011-09-24,66.0,12.6
267,232,9,17.3,20110925,0.0,25,1.8,10.8,26.3,1.0,0.0,2011,2011-09-25,67.6,10.4
268,232,9,17.6,20110926,0.0,26,0.4,11.0,27.0,1.0,0.0,2011,2011-09-26,67.4,9.9
269,232,9,18.6,20110927,0.0,27,0.0,11.3,26.5,2.3,0.0,2011,2011-09-27,60.8,11.4
270,232,9,18.6,20110928,0.0,28,8.0,0.4,22.8,2.1,0.0,2011,2011-09-28,72.3,14.8
271,232,9,17.0,20110929,0.0,29,9.6,0.0,18.5,2.1,18.5,2011,2011-09-29,87.0,16.1
272,232,9,15.7,20110930,0.0,30,1.9,10.4,19.1,4.0,0.0,2011,2011-09-30,55.9,10.9
273,232,10,11.3,20111001,0.0,1,3.6,8.1,18.0,1.9,0.0,2011,2011-10-01,67.9,6.0
274,232,10,10.9,20111002,0.0,2,4.5,4.2,18.1,1.9,0.0,2011,2011-10-02,66.1,5.7
275,232,10,11.2,20111003,0.0,3,0.8,11.0,20.5,1.0,0.0,2011,2011-10-03,62.6,3.1
276,232,10,12.9,20111004,0.0,4,2.5,10.3,21.6,1.4,0.0,2011,2011-10-04,64.3,4.7
277,232,10,14.1,20111005,0.0,5,5.3,3.7,21.5,1.1,0.0,2011,2011-10-05,65.9,9.6
278,232,10,14.1,20111006,0.0,6,1.9,6.4,22.0,2.2,0.0,2011,2011-10-06,69.4,8.8
279,232,10,13.8,20111007,0.0,7,0.6,9.7,21.5,1.4,0.0,2011,2011-10-07,71.5,6.2
280,232,10,13.4,20111008,0.0,8,1.3,9.9,22.3,1.0,0.0,2011,2011-10-08,72.9,6.7
281,232,10,14.3,20111009,0.0,9,5.4,3.1,22.3,1.2,0.0,2011,2011-10-09,77.1,8.0
282,232,10,15.2,20111010,0.0,10,5.3,7.9,23.5,1.0,0.0,2011,2011-10-10,75.1,8.1
283,232,10,15.1,20111011,0.0,11,2.8,6.5,22.6,1.4,0.0,2011,2011-10-11,71.4,7.5
284,232,10,12.9,20111012,0.0,12,6.3,1.6,20.6,1.0,0.0,2011,2011-10-12,72.9,6.3
285,232,10,14.3,20111013,0.0,13,2.0,9.9,24.9,0.8,0.0,2011,2011-10-13,65.6,6.4
286,232,10,14.1,20111014,0.0,14,8.9,0.0,15.9,1.6,5.0,2011,2011-10-14,82.0,11.3
287,232,10,14.5,20111015,0.0,15,6.8,2.4,20.7,2.2,9.0,2011,2011-10-15,80.9,9.6
288,232,10,14.4,20111016,0.0,16,3.3,5.2,20.6,2.5,1.0,2011,2011-10-16,70.3,8.9
289,232,10,11.1,20111017,0.0,17,0.6,10.4,17.2,2.4,0.0,2011,2011-10-17,54.9,5.9
290,232,10,7.6,20111018,0.0,18,0.0,10.3,16.3,1.2,0.0,2011,2011-10-18,55.6,0.1
291,232,10,10.7,20111019,0.0,19,1.0,10.2,21.6,1.4,0.0,2011,2011-10-19,67.6,1.2
292,232,10,14.9,20111020,0.0,20,6.1,5.9,20.8,2.1,0.0,2011,2011-10-20,66.6,9.8
293,232,10,15.9,20111021,0.0,21,8.1,1.4,21.0,1.6,1.0,2011,2011-10-21,70.4,10.6
294,232,10,15.1,20111022,0.0,22,5.9,4.1,20.3,1.3,6.5,2011,2011-10-22,80.0,10.1
295,232,10,15.1,20111023,0.0,23,7.9,4.2,21.9,1.2,0.0,2011,2011-10-23,76.8,8.6
296,232,10,13.8,20111024,0.0,24,8.9,0.0,17.9,3.0,0.0,2011,2011-10-24,68.0,9.9
297,232,10,7.4,20111025,0.0,25,0.0,10.2,12.3,3.2,0.0,2011,2011-10-25,48.4,1.6
298,232,10,6.8,20111026,0.0,26,1.8,10.2,16.5,0.9,0.0,2011,2011-10-26,61.3,-0.9
299,232,10,10.4,20111027,0.0,27,4.4,8.7,20.1,1.4,0.0,2011,2011-10-27,58.9,2.5
300,232,10,12.3,20111028,0.0,28,6.3,3.4,19.6,0.8,0.0,2011,2011-10-28,67.8,7.4
301,232,10,12.0,20111029,0.0,29,9.3,0.0,13.9,1.0,4.0,2011,2011-10-29,85.9,10.2
302,232,10,13.5,20111030,0.0,30,2.4,8.0,20.2,1.8,0.0,2011,2011-10-30,74.0,8.3
303,232,10,11.8,20111031,0.0,31,3.1,8.4,21.7,0.8,0.0,2011,2011-10-31,66.1,4.8
304,232,11,14.4,20111101,0.0,1,2.8,9.7,23.4,1.2,0.0,2011,2011-11-01,59.4,6.9
305,232,11,15.2,20111102,0.0,2,5.9,2.8,23.4,1.1,0.0,2011,2011-11-02,60.9,10.0
306,232,11,15.8,20111103,0.0,3,1.1,8.6,25.3,1.0,0.0,2011,2011-11-03,71.5,8.0
307,232,11,19.9,20111104,0.0,4,7.4,5.8,25.2,2.0,2.0,2011,2011-11-04,69.8,14.2
308,232,11,18.8,20111105,0.0,5,8.6,0.8,22.8,1.0,5.5,2011,2011-11-05,81.6,15.8
309,232,11,16.1,20111106,0.0,6,10.0,0.0,18.7,1.4,2.5,2011,2011-11-06,87.1,14.3
310,232,11,14.5,20111107,0.0,7,7.9,0.6,18.9,1.2,0.0,2011,2011-11-07,83.1,11.3
311,232,11,14.6,20111108,0.0,8,7.9,2.9,19.4,1.3,0.4,2011,2011-11-08,79.6,10.1
312,232,11,14.6,20111109,0.0,9,7.3,1.5,17.6,2.3,0.0,2011,2011-11-09,66.5,10.7
313,232,11,13.9,20111110,0.0,10,6.8,4.6,17.5,2.4,0.0,2011,2011-11-10,61.1,8.1
314,232,11,12.4,20111111,0.0,11,7.6,1.4,18.9,1.3,1.5,2011,2011-11-11,77.6,9.4
315,232,11,11.2,20111112,0.0,12,5.8,4.0,16.6,1.3,0.0,2011,2011-11-12,75.4,7.4
316,232,11,11.3,20111113,0.0,13,4.1,4.7,15.9,2.2,0.0,2011,2011-11-13,60.5,7.2
317,232,11,6.2,20111114,0.0,14,0.5,9.4,12.0,2.2,0.0,2011,2011-11-14,57.6,1.3
318,232,11,5.0,20111115,0.0,15,1.5,8.6,12.8,1.0,0.0,2011,2011-11-15,65.3,-0.7
319,232,11,8.0,20111116,0.0,16,4.0,6.7,17.3,1.5,0.0,2011,2011-11-16,59.3,-0.1
320,232,11,13.2,20111117,0.0,17,8.3,0.5,17.5,2.0,0.0,2011,2011-11-17,52.4,6.8
321,232,11,16.1,20111118,0.0,18,8.9,3.6,20.9,2.5,14.0,2011,2011-11-18,82.1,11.6
322,232,11,11.9,20111119,0.0,19,7.1,0.5,16.6,4.1,1.5,2011,2011-11-19,79.3,6.4
323,232,11,2.7,20111120,0.0,20,2.8,7.4,6.7,4.7,0.0,2011,2011-11-20,47.4,-0.3
324,232,11,0.7,20111121,0.0,21,0.6,9.3,7.0,1.5,0.0,2011,2011-11-21,56.1,-4.1
325,232,11,5.5,20111122,0.0,22,9.1,0.9,8.4,2.5,0.0,2011,2011-11-22,50.6,-1.0
326,232,11,5.0,20111123,0.0,23,8.5,0.7,9.4,4.1,3.5,2011,2011-11-23,71.3,1.4
327,232,11,0.7,20111124,0.0,24,3.5,9.1,4.0,3.1,0.0,2011,2011-11-24,54.9,-2.2
328,232,11,2.6,20111125,0.0,25,2.3,6.4,9.4,0.9,0.0,2011,2011-11-25,65.0,-1.3
329,232,11,6.4,20111126,0.0,26,7.9,0.1,11.6,2.8,0.0,2011,2011-11-26,64.3,-1.1
330,232,11,12.5,20111127,0.0,27,6.5,0.7,18.8,3.0,0.0,2011,2011-11-27,69.4,8.9
331,232,11,13.3,20111128,0.0,28,2.4,6.1,21.5,2.1,0.0,2011,2011-11-28,77.6,9.1
332,232,11,11.7,20111129,0.0,29,8.1,0.0,15.3,1.3,0.4,2011,2011-11-29,91.8,7.8
333,232,11,6.7,20111130,0.0,30,9.5,0.0,12.1,2.8,34.5,2011,2011-11-30,85.1,4.3
334,232,12,6.6,20111201,0.0,1,8.3,0.3,8.8,2.6,0.0,2011,2011-12-01,65.6,4.8
335,232,12,6.5,20111202,0.0,2,9.4,0.0,9.5,2.5,0.4,2011,2011-12-02,65.0,2.4
336,232,12,5.9,20111203,0.0,3,6.1,2.8,10.1,2.0,5.0,2011,2011-12-03,82.9,2.9
337,232,12,4.7,20111204,0.0,4,5.1,3.2,7.6,2.2,0.0,2011,2011-12-04,62.0,-0.4
338,232,12,1.4,20111205,0.0,5,4.6,7.0,6.7,1.6,0.0,2011,2011-12-05,49.3,-3.3
339,232,12,3.5,20111206,0.0,6,7.1,2.9,8.2,1.5,0.0,2011,2011-12-06,54.0,0.2
340,232,12,4.8,20111207,0.0,7,10.0,0.0,7.8,1.7,0.0,2011,2011-12-07,65.4,1.5
341,232,12,2.2,20111208,0.0,8,8.8,0.5,5.3,4.0,0.0,2011,2011-12-08,61.8,-1.9
342,232,12,-1.9,20111209,0.2,9,5.4,1.7,0.8,1.9,0.1,2011,2011-12-09,72.1,-4.3
343,232,12,-1.6,20111210,0.2,10,6.8,2.7,2.8,1.6,0.1,2011,2011-12-10,75.4,-5.7
344,232,12,3.2,20111211,0.0,11,8.0,1.4,6.4,1.5,0.0,2011,2011-12-11,78.6,-0.2
345,232,12,4.6,20111212,0.0,12,4.8,5.4,9.1,1.7,0.0,2011,2011-12-12,59.6,-1.4
346,232,12,0.2,20111213,0.0,13,1.1,8.3,8.5,1.0,0.0,2011,2011-12-13,68.4,-5.2
347,232,12,2.2,20111214,0.0,14,5.3,2.3,8.3,1.8,0.0,2011,2011-12-14,67.8,-4.6
348,232,12,-1.6,20111215,0.0,15,4.8,8.0,2.5,3.8,0.0,2011,2011-12-15,46.1,-3.4
349,232,12,-4.8,20111216,1.0,16,4.5,4.8,-2.0,3.6,0.5,2011,2011-12-16,54.0,-6.5
350,232,12,-4.8,20111217,0.0,17,3.4,7.4,0.1,1.8,0.0,2011,2011-12-17,59.8,-9.2
351,232,12,-1.6,20111218,0.0,18,4.0,6.2,2.5,1.9,0.0,2011,2011-12-18,64.8,-6.4
352,232,12,-3.9,20111219,0.0,19,1.8,3.2,2.1,0.8,0.0,2011,2011-12-19,70.5,-8.5
353,232,12,-1.7,20111220,0.0,20,3.1,6.7,5.0,0.9,0.0,2011,2011-12-20,65.4,-8.6
354,232,12,2.8,20111221,0.0,21,9.0,0.6,7.3,2.2,0.0,2011,2011-12-21,64.9,0.0
355,232,12,-3.3,20111222,0.0,22,2.4,8.3,1.9,4.6,0.5,2011,2011-12-22,42.8,-6.8
356,232,12,-5.5,20111223,0.7,23,1.3,8.3,0.0,2.1,0.3,2011,2011-12-23,44.5,-11.6
357,232,12,-3.9,20111224,5.8,24,3.9,5.3,-1.2,3.0,3.5,2011,2011-12-24,62.6,-7.9
358,232,12,-5.5,20111225,0.0,25,0.3,8.4,-2.1,2.7,0.0,2011,2011-12-25,45.8,-9.9
359,232,12,-7.6,20111226,0.0,26,0.0,8.4,-1.9,2.4,0.0,2011,2011-12-26,55.0,-13.4
360,232,12,-5.6,20111227,0.0,27,1.3,8.1,1.8,0.8,0.0,2011,2011-12-27,58.5,-12.3
361,232,12,-1.3,20111228,0.0,28,5.9,5.4,5.2,1.1,0.0,2011,2011-12-28,64.1,-8.5
362,232,12,-0.7,20111229,0.0,29,3.9,6.3,2.8,2.1,0.1,2011,2011-12-29,71.9,-6.5
363,232,12,-4.7,20111230,0.0,30,0.0,7.8,2.2,1.1,0.0,2011,2011-12-30,76.6,-9.4
364,232,12,-2.5,20111231,0.0,31,5.3,3.6,2.5,0.7,0.0,2011,2011-12-31,70.1,-9.6
