,wind,year,month,humid,tmax,sunshine,tmin,station_id,rainfall,snow,day,cloud,date,tavg,Date
0,1.4,2016,1,76.8,6.8,3.8,-4.6,232,0.0,0.0,1,0.0,20160101,1.8,2016-01-01
1,2.0,2016,1,74.8,12.9,3.9,1.9,232,0.0,0.0,2,0.0,20160102,6.1,2016-01-02
2,0.7,2016,1,87.8,12.1,4.1,0.7,232,0.0,0.0,3,0.0,20160103,5.6,2016-01-03
3,2.8,2016,1,68.6,7.3,7.4,-1.8,232,0.0,0.0,4,0.0,20160104,3.9,2016-01-04
4,2.3,2016,1,47.4,2.5,5.2,-4.5,232,0.0,0.0,5,0.0,20160105,-0.9,2016-01-05
5,1.3,2016,1,63.5,3.9,0.3,-5.9,232,0.0,0.0,6,0.0,20160106,-0.1,2016-01-06
6,2.4,2016,1,59.5,2.9,6.7,-2.4,232,0.0,0.0,7,0.0,20160107,-0.5,2016-01-07
7,1.9,2016,1,60.4,2.8,8.8,-5.6,232,0.0,0.0,8,0.0,20160108,-1.3,2016-01-08
8,1.4,2016,1,69.3,4.8,5.4,-2.1,232,0.0,0.0,9,0.0,20160109,0.2,2016-01-09
9,1.5,2016,1,67.4,5.7,3.0,-3.4,232,0.0,0.0,10,0.0,20160110,0.3,2016-01-10
10,1.9,2016,1,62.4,2.1,8.3,-5.7,232,0.0,0.0,11,0.0,20160111,-2.5,2016-01-11
11,1.8,2016,1,68.3,1.9,8.4,-9.9,232,0.0,0.0,12,0.0,20160112,-3.7,2016-01-12
12,1.8,2016,1,76.1,1.9,4.2,-4.7,232,0.5,0.0,13,0.0,20160113,-2.1,2016-01-13
13,1.2,2016,1,61.8,2.3,7.3,-8.9,232,0.0,0.0,14,0.0,20160114,-2.6,2016-01-14
14,1.1,2016,1,70.8,5.4,4.8,-4.4,232,0.0,0.0,15,0.0,20160115,-0.1,2016-01-15
15,1.2,2016,1,72.5,6.2,2.3,-3.8,232,0.0,0.0,16,0.0,20160116,0.6,2016-01-16
16,1.4,2016,1,72.0,7.4,0.0,-1.2,232,0.0,0.0,17,0.0,20160117,2.8,2016-01-17
17,4.3,2016,1,78.9,1.1,1.2,-8.9,232,2.0,0.0,18,0.0,20160118,-4.2,2016-01-18
18,5.1,2016,1,70.4,-5.8,3.5,-11.4,232,1.5,0.0,19,0.0,20160119,-9.1,2016-01-19
19,1.3,2016,1,73.5,-5.7,6.3,-16.8,232,0.0,0.0,20,0.0,20160120,-10.9,2016-01-20
20,1.2,2016,1,72.9,-1.8,5.0,-13.3,232,0.0,0.0,21,0.0,20160121,-7.5,2016-01-21
21,1.7,2016,1,65.6,-1.9,6.7,-14.9,232,0.0,0.0,22,0.0,20160122,-7.5,2016-01-22
22,3.5,2016,1,65.5,-4.8,4.9,-12.4,232,2.5,0.0,23,0.0,20160123,-8.9,2016-01-23
23,2.0,2016,1,76.5,-9.9,2.5,-15.4,232,1.5,0.0,24,0.0,20160124,-12.7,2016-01-24
24,0.9,2016,1,77.8,-4.0,9.0,-18.6,232,0.0,0.0,25,0.0,20160125,-10.9,2016-01-25
25,1.4,2016,1,78.3,3.0,5.1,-8.4,232,0.0,0.0,26,0.0,20160126,-3.5,2016-01-26
26,0.8,2016,1,78.8,4.3,8.4,-9.6,232,0.0,0.0,27,0.0,20160127,-3.3,2016-01-27
27,0.6,2016,1,74.3,3.1,0.1,-8.8,232,0.0,0.0,28,0.0,20160128,-1.0,2016-01-28
28,0.8,2016,1,68.8,5.8,0.0,-0.6,232,0.0,0.0,29,0.0,20160129,2.0,2016-01-29
29,1.4,2016,1,80.5,5.5,6.8,-5.6,232,0.0,0.0,30,0.0,20160130,-0.3,2016-01-30
30,2.6,2016,1,65.4,0.6,7.6,-5.3,232,0.0,0.0,31,0.0,20160131,-2.4,2016-01-31
31,2.4,2016,2,62.9,-0.8,8.9,-9.0,232,0.0,0.0,1,0.0,20160201,-5.4,2016-02-01
32,1.7,2016,2,65.5,0.3,9.6,-11.7,232,0.0,0.0,2,0.0,20160202,-5.9,2016-02-02
33,1.3,2016,2,70.6,4.2,8.0,-10.6,232,0.0,0.0,3,0.0,20160203,-3.5,2016-02-03
34,1.8,2016,2,66.4,4.6,7.1,-6.6,232,0.0,0.0,4,0.0,20160204,-1.0,2016-02-04
35,1.8,2016,2,61.9,3.8,9.3,-7.7,232,0.0,0.0,5,0.0,20160205,-2.1,2016-02-05
36,2.3,2016,2,63.5,1.2,9.3,-7.4,232,0.0,0.0,6,0.0,20160206,-3.1,2016-02-06
37,1.2,2016,2,66.5,3.3,9.8,-10.2,232,0.0,0.0,7,0.0,20160207,-3.7,2016-02-07
38,3.0,2016,2,63.9,7.4,5.8,-6.3,232,0.0,0.0,8,0.0,20160208,2.0,2016-02-08
39,2.9,2016,2,60.9,7.0,9.4,-3.1,232,0.0,0.0,9,0.0,20160209,1.5,2016-02-09
40,1.2,2016,2,60.1,11.0,9.8,-5.4,232,0.0,0.0,10,0.0,20160210,1.7,2016-02-10
41,2.5,2016,2,43.6,13.4,2.3,-0.8,232,0.0,0.0,11,0.0,20160211,7.9,2016-02-11
42,1.8,2016,2,89.3,11.7,0.0,6.4,232,9.5,0.0,12,0.0,20160212,9.9,2016-02-12
43,2.7,2016,2,89.9,18.4,0.4,6.8,232,12.0,0.0,13,0.0,20160213,12.7,2016-02-13
44,6.2,2016,2,78.1,6.7,0.2,-4.7,232,0.1,0.0,14,0.0,20160214,-0.9,2016-02-14
45,3.7,2016,2,63.4,-1.1,9.7,-6.8,232,0.0,0.0,15,0.0,20160215,-4.0,2016-02-15
46,2.4,2016,2,75.6,4.0,2.3,-5.8,232,0.5,0.0,16,0.0,20160216,-0.6,2016-02-16
47,1.7,2016,2,68.6,6.6,10.0,-5.5,232,0.0,0.0,17,0.0,20160217,0.4,2016-02-17
48,2.8,2016,2,64.3,9.6,4.9,-2.5,232,0.0,0.0,18,0.0,20160218,4.2,2016-02-18
49,1.1,2016,2,71.6,7.0,0.0,-1.8,232,0.0,0.0,19,0.0,20160219,2.2,2016-02-19
50,2.9,2016,2,61.0,7.5,8.6,-2.8,232,0.0,0.0,20,0.0,20160220,1.7,2016-02-20
51,2.4,2016,2,50.5,5.1,9.3,-4.3,232,0.0,0.0,21,0.0,20160221,0.5,2016-02-21
52,1.1,2016,2,46.4,6.6,1.2,-2.3,232,0.0,0.0,22,0.0,20160222,2.3,2016-02-22
53,3.2,2016,2,64.5,6.1,5.4,-2.2,232,0.5,0.0,23,0.0,20160223,2.2,2016-02-23
54,2.8,2016,2,57.5,2.6,10.4,-6.3,232,0.0,0.0,24,0.0,20160224,-2.0,2016-02-24
55,2.0,2016,2,62.5,5.7,7.5,-7.3,232,0.0,0.0,25,0.0,20160225,0.4,2016-02-25
56,1.5,2016,2,81.3,6.4,4.1,-0.7,232,1.0,0.0,26,0.0,20160226,2.7,2016-02-26
57,1.4,2016,2,78.1,7.9,7.1,0.7,232,6.5,0.0,27,0.0,20160227,3.4,2016-02-27
58,1.3,2016,2,85.9,5.5,0.0,-3.6,232,13.5,0.0,28,0.0,20160228,0.7,2016-02-28
59,3.1,2016,2,65.6,0.1,4.0,-6.1,232,0.0,0.0,29,0.0,20160229,-2.5,2016-02-29
60,1.7,2016,3,69.9,2.8,10.4,-10.4,232,0.0,0.0,1,0.0,20160301,-3.0,2016-03-01
61,2.3,2016,3,70.4,10.0,10.2,-3.9,232,0.0,0.0,2,0.0,20160302,2.4,2016-03-02
62,1.6,2016,3,76.1,14.3,7.2,-1.2,232,0.0,0.0,3,0.0,20160303,6.4,2016-03-03
63,2.4,2016,3,74.9,14.8,1.5,3.8,232,4.0,0.0,4,0.0,20160304,10.8,2016-03-04
64,2.8,2016,3,88.0,17.9,0.7,9.9,232,11.5,0.0,5,0.0,20160305,12.8,2016-03-05
65,2.1,2016,3,72.4,13.6,7.7,3.4,232,0.0,0.0,6,0.0,20160306,8.1,2016-03-06
66,1.9,2016,3,63.3,15.5,1.5,1.7,232,0.0,0.0,7,0.0,20160307,8.2,2016-03-07
67,2.9,2016,3,56.9,7.3,0.1,0.9,232,0.0,0.0,8,0.0,20160308,4.0,2016-03-08
68,3.7,2016,3,51.6,6.0,8.9,-0.8,232,0.0,0.0,9,0.0,20160309,1.3,2016-03-09
69,3.8,2016,3,48.8,3.7,10.1,-1.8,232,0.0,0.0,10,0.0,20160310,0.3,2016-03-10
70,2.7,2016,3,53.9,5.1,10.9,-4.9,232,0.0,0.0,11,0.0,20160311,0.2,2016-03-11
71,1.8,2016,3,56.0,9.2,8.4,-5.0,232,0.0,0.0,12,0.0,20160312,1.8,2016-03-12
72,1.3,2016,3,63.5,8.5,1.5,-0.3,232,0.0,0.0,13,0.0,20160313,3.6,2016-03-13
73,2.3,2016,3,70.3,9.4,5.1,-0.6,232,0.0,0.0,14,0.0,20160314,4.1,2016-03-14
74,1.4,2016,3,59.5,12.9,9.0,-4.4,232,0.0,0.0,15,0.0,20160315,4.4,2016-03-15
75,1.8,2016,3,52.5,15.8,9.1,1.0,232,0.0,0.0,16,0.0,20160316,7.2,2016-03-16
76,1.2,2016,3,53.0,17.1,6.8,-2.0,232,0.0,0.0,17,0.0,20160317,8.5,2016-03-17
77,1.3,2016,3,73.3,16.6,1.6,7.3,232,1.0,0.0,18,0.0,20160318,11.0,2016-03-18
78,2.1,2016,3,68.6,16.7,10.0,3.8,232,0.0,0.0,19,0.0,20160319,9.6,2016-03-19
79,1.7,2016,3,66.6,17.6,10.2,0.7,232,0.0,0.0,20,0.0,20160320,8.4,2016-03-20
80,1.7,2016,3,63.1,17.3,10.7,0.8,232,0.0,0.0,21,0.0,20160321,8.6,2016-03-21
81,1.8,2016,3,56.1,16.1,9.6,-0.8,232,0.0,0.0,22,0.0,20160322,7.9,2016-03-22
82,2.8,2016,3,61.9,13.4,5.4,3.9,232,0.0,0.0,23,0.0,20160323,7.1,2016-03-23
83,2.1,2016,3,54.0,12.4,11.0,-0.5,232,0.0,0.0,24,0.0,20160324,6.1,2016-03-24
84,1.7,2016,3,56.0,13.6,8.3,-1.7,232,0.0,0.0,25,0.0,20160325,5.4,2016-03-25
85,1.5,2016,3,57.0,12.8,10.5,-3.1,232,0.0,0.0,26,0.0,20160326,4.8,2016-03-26
86,2.0,2016,3,52.4,15.1,11.1,-2.7,232,0.0,0.0,27,0.0,20160327,5.7,2016-03-27
87,1.6,2016,3,48.6,18.5,11.5,-2.1,232,0.0,0.0,28,0.0,20160328,8.3,2016-03-28
88,3.3,2016,3,54.9,20.8,4.6,5.1,232,0.0,0.0,29,0.0,20160329,13.1,2016-03-29
89,1.8,2016,3,61.6,20.7,9.0,3.5,232,0.0,0.0,30,0.0,20160330,10.6,2016-03-30
90,1.5,2016,3,43.0,22.2,4.6,2.1,232,0.0,0.0,31,0.0,20160331,12.1,2016-03-31
91,1.1,2016,4,33.4,24.5,10.1,1.6,232,0.0,0.0,1,0.0,20160401,13.2,2016-04-01
92,1.5,2016,4,38.9,24.0,10.0,3.4,232,0.0,0.0,2,0.0,20160402,14.2,2016-04-02
93,1.1,2016,4,68.5,15.6,0.2,7.4,232,0.3,0.0,3,0.0,20160403,11.6,2016-04-03
94,1.7,2016,4,51.8,19.1,7.5,9.1,232,0.0,0.0,4,0.0,20160404,13.0,2016-04-04
95,1.7,2016,4,36.4,19.3,11.0,1.0,232,0.0,0.0,5,0.0,20160405,10.5,2016-04-05
96,1.8,2016,4,45.4,22.8,5.4,2.0,232,3.6,0.0,6,0.0,20160406,12.8,2016-04-06
97,2.2,2016,4,73.8,19.2,5.2,9.3,232,15.9,0.0,7,0.0,20160407,13.1,2016-04-07
98,1.3,2016,4,71.3,22.3,7.7,5.8,232,0.0,0.0,8,0.0,20160408,12.3,2016-04-08
99,1.3,2016,4,74.1,21.4,6.7,5.9,232,0.0,0.0,9,0.0,20160409,14.1,2016-04-09
100,1.7,2016,4,66.9,23.7,5.5,9.3,232,0.0,0.0,10,0.0,20160410,14.7,2016-04-10
101,2.0,2016,4,48.3,18.7,9.6,8.0,232,0.0,0.0,11,0.0,20160411,12.9,2016-04-11
102,1.9,2016,4,47.3,20.5,7.3,8.0,232,0.0,0.0,12,0.0,20160412,13.2,2016-04-12
103,1.1,2016,4,85.4,20.8,4.4,10.6,232,24.8,0.0,13,0.0,20160413,13.8,2016-04-13
104,1.6,2016,4,75.9,17.9,4.7,8.7,232,0.0,0.0,14,0.0,20160414,13.3,2016-04-14
105,1.3,2016,4,56.6,23.8,10.3,3.7,232,0.0,0.0,15,0.0,20160415,13.6,2016-04-15
106,2.3,2016,4,69.0,19.6,2.2,5.5,232,27.5,0.0,16,0.0,20160416,13.8,2016-04-16
107,5.1,2016,4,52.8,15.8,7.0,9.7,232,12.0,0.0,17,0.0,20160417,12.1,2016-04-17
108,2.5,2016,4,57.9,18.8,9.4,5.3,232,2.7,0.0,18,0.0,20160418,11.9,2016-04-18
109,1.5,2016,4,61.4,18.6,8.4,7.1,232,0.0,0.0,19,0.0,20160419,11.6,2016-04-19
110,1.0,2016,4,70.6,17.7,1.7,5.8,232,3.4,0.0,20,0.0,20160420,11.6,2016-04-20
111,2.2,2016,4,84.1,18.8,1.5,10.3,232,20.9,0.0,21,0.0,20160421,13.9,2016-04-21
112,2.1,2016,4,73.0,25.6,8.6,12.5,232,0.0,0.0,22,0.0,20160422,16.5,2016-04-22
113,1.0,2016,4,53.6,20.5,2.2,7.7,232,0.0,0.0,23,0.0,20160423,13.2,2016-04-23
114,1.2,2016,4,45.0,23.1,9.4,3.7,232,0.0,0.0,24,0.0,20160424,13.7,2016-04-24
115,1.1,2016,4,45.0,25.3,10.7,5.8,232,0.0,0.0,25,0.0,20160425,15.6,2016-04-25
116,1.4,2016,4,38.9,28.7,9.6,6.6,232,0.0,0.0,26,0.0,20160426,18.8,2016-04-26
117,2.8,2016,4,56.5,19.6,0.0,11.6,232,7.2,0.0,27,0.0,20160427,14.5,2016-04-27
118,1.2,2016,4,63.5,20.8,6.1,9.2,232,0.0,0.0,28,0.0,20160428,13.9,2016-04-28
119,1.5,2016,4,58.0,22.5,10.3,7.1,232,0.0,0.0,29,0.0,20160429,14.2,2016-04-29
120,2.2,2016,4,49.4,24.0,9.2,6.6,232,0.0,0.0,30,0.0,20160430,15.9,2016-04-30
121,1.6,2016,5,43.1,27.3,9.1,8.2,232,0.0,0.0,1,0.0,20160501,17.6,2016-05-01
122,1.7,2016,5,64.4,27.6,7.8,10.0,232,11.5,0.0,2,0.0,20160502,18.6,2016-05-02
123,4.7,2016,5,79.5,18.3,0.1,10.4,232,22.6,0.0,3,0.0,20160503,14.1,2016-05-03
124,5.6,2016,5,31.1,21.8,11.7,11.8,232,0.0,0.0,4,0.0,20160504,16.7,2016-05-04
125,1.5,2016,5,48.1,26.6,9.1,5.6,232,0.0,0.0,5,0.0,20160505,17.9,2016-05-05
126,2.0,2016,5,71.3,23.0,0.3,13.6,232,0.0,0.0,6,0.0,20160506,18.6,2016-05-06
127,1.7,2016,5,55.5,22.1,10.4,9.5,232,0.0,0.0,7,0.0,20160507,15.3,2016-05-07
128,1.3,2016,5,50.1,26.5,10.8,7.1,232,0.0,0.0,8,0.0,20160508,17.3,2016-05-08
129,1.3,2016,5,48.6,26.2,5.6,11.1,232,0.0,0.0,9,0.0,20160509,18.4,2016-05-09
130,1.9,2016,5,85.3,17.3,0.0,12.1,232,19.3,0.0,10,0.0,20160510,13.6,2016-05-10
131,1.3,2016,5,67.1,23.0,9.5,10.5,232,0.8,0.0,11,0.0,20160511,16.0,2016-05-11
132,1.9,2016,5,61.8,25.2,11.7,9.1,232,0.0,0.0,12,0.0,20160512,17.3,2016-05-12
133,1.7,2016,5,64.4,22.4,8.3,12.5,232,0.0,0.0,13,0.0,20160513,16.7,2016-05-13
134,1.7,2016,5,50.9,25.6,10.4,9.9,232,0.0,0.0,14,0.0,20160514,18.3,2016-05-14
135,2.2,2016,5,72.0,25.6,6.4,11.6,232,26.7,0.0,15,0.0,20160515,17.5,2016-05-15
136,2.2,2016,5,58.3,21.9,10.4,8.5,232,8.0,0.0,16,0.0,20160516,14.5,2016-05-16
137,1.0,2016,5,58.0,26.6,12.0,6.0,232,0.0,0.0,17,0.0,20160517,16.5,2016-05-17
138,0.9,2016,5,54.8,29.0,12.3,8.7,232,0.0,0.0,18,0.0,20160518,19.5,2016-05-18
139,0.8,2016,5,53.4,30.4,11.7,11.2,232,0.0,0.0,19,0.0,20160519,20.9,2016-05-19
140,0.9,2016,5,52.8,29.5,11.5,11.6,232,0.0,0.0,20,0.0,20160520,20.6,2016-05-20
141,1.4,2016,5,42.3,28.5,11.4,10.5,232,0.0,0.0,21,0.0,20160521,20.1,2016-05-21
142,1.2,2016,5,48.3,29.2,11.9,10.6,232,0.0,0.0,22,0.0,20160522,20.1,2016-05-22
143,0.9,2016,5,47.6,28.8,10.0,11.3,232,0.0,0.0,23,0.0,20160523,21.0,2016-05-23
144,1.4,2016,5,80.4,20.3,2.8,14.3,232,18.3,0.0,24,0.0,20160524,17.5,2016-05-24
145,1.0,2016,5,76.5,24.9,5.4,13.2,232,0.0,0.0,25,0.0,20160525,18.1,2016-05-25
146,1.0,2016,5,72.0,24.5,4.2,14.0,232,0.0,0.0,26,0.0,20160526,19.3,2016-05-26
147,0.9,2016,5,58.8,27.7,6.5,14.7,232,0.0,0.0,27,0.0,20160527,20.7,2016-05-27
148,1.2,2016,5,58.6,26.7,9.3,14.3,232,0.0,0.0,28,0.0,20160528,19.9,2016-05-28
149,1.1,2016,5,55.9,26.4,6.7,13.9,232,0.0,0.0,29,0.0,20160529,19.6,2016-05-29
150,1.4,2016,5,61.0,27.9,10.9,11.9,232,0.0,0.0,30,0.0,20160530,20.2,2016-05-30
151,1.4,2016,5,64.8,27.9,10.2,13.4,232,0.0,0.0,31,0.0,20160531,20.7,2016-05-31
152,1.7,2016,6,54.8,27.5,11.1,15.5,232,0.0,0.0,1,0.0,20160601,20.9,2016-06-01
153,1.2,2016,6,51.4,28.4,12.5,11.7,232,0.0,0.0,2,0.0,20160602,20.5,2016-06-02
154,1.0,2016,6,57.6,28.0,9.4,12.6,232,0.0,0.0,3,0.0,20160603,20.6,2016-06-03
155,0.9,2016,6,66.0,22.7,0.1,15.0,232,0.0,0.0,4,0.0,20160604,18.6,2016-06-04
156,1.3,2016,6,53.8,29.6,10.7,12.5,232,0.0,0.0,5,0.0,20160605,21.6,2016-06-05
157,2.0,2016,6,71.5,21.6,0.3,14.8,232,0.0,0.0,6,0.0,20160606,18.7,2016-06-06
158,1.1,2016,6,69.9,26.4,6.1,17.6,232,0.0,0.0,7,0.0,20160607,21.1,2016-06-07
159,1.3,2016,6,68.3,25.9,8.1,16.9,232,0.0,0.0,8,0.0,20160608,20.8,2016-06-08
160,1.0,2016,6,66.5,29.9,10.2,14.0,232,0.0,0.0,9,0.0,20160609,21.9,2016-06-09
161,1.1,2016,6,0.0,30.8,9.8,16.2,232,0.0,0.0,10,0.0,20160610,23.2,2016-06-10
162,1.4,2016,6,73.4,28.7,5.1,19.3,232,0.0,0.0,11,0.0,20160611,23.9,2016-06-11
163,1.0,2016,6,80.5,27.0,1.0,20.9,232,0.1,0.0,12,0.0,20160612,23.7,2016-06-12
164,1.5,2016,6,75.0,28.0,6.0,18.9,232,0.0,0.0,13,0.0,20160613,22.5,2016-06-13
165,1.2,2016,6,74.5,29.1,6.2,15.9,232,0.0,0.0,14,0.0,20160614,22.3,2016-06-14
166,1.6,2016,6,80.5,25.7,1.8,19.0,232,0.3,0.0,15,0.0,20160615,21.2,2016-06-15
167,1.7,2016,6,75.3,25.1,4.9,17.3,232,0.3,0.0,16,0.0,20160616,20.9,2016-06-16
168,1.1,2016,6,72.4,28.9,9.3,14.5,232,0.0,0.0,17,0.0,20160617,21.6,2016-06-17
169,1.3,2016,6,68.4,30.5,11.5,16.1,232,0.0,0.0,18,0.0,20160618,23.1,2016-06-18
170,1.2,2016,6,70.8,29.3,9.5,18.8,232,0.0,0.0,19,0.0,20160619,23.5,2016-06-19
171,1.1,2016,6,69.4,30.3,7.3,17.0,232,0.0,0.0,20,0.0,20160620,23.5,2016-06-20
172,0.9,2016,6,70.1,31.1,6.8,18.1,232,0.0,0.0,21,0.0,20160621,24.5,2016-06-21
173,1.6,2016,6,75.0,29.8,4.3,21.0,232,0.0,0.0,22,0.0,20160622,24.6,2016-06-22
174,1.5,2016,6,74.9,30.5,8.9,19.4,232,0.5,0.0,23,0.0,20160623,24.7,2016-06-23
175,2.0,2016,6,87.1,25.3,2.3,19.6,232,35.0,0.0,24,0.0,20160624,21.5,2016-06-24
176,2.7,2016,6,66.8,26.9,10.5,16.2,232,0.0,0.0,25,0.0,20160625,21.9,2016-06-25
177,1.5,2016,6,66.6,29.0,12.2,15.1,232,0.0,0.0,26,0.0,20160626,22.4,2016-06-26
178,0.9,2016,6,67.4,29.2,5.4,15.6,232,0.0,0.0,27,0.0,20160627,22.8,2016-06-27
179,1.0,2016,6,66.8,30.3,9.7,16.1,232,0.0,0.0,28,0.0,20160628,23.4,2016-06-28
180,1.5,2016,6,73.8,27.4,5.7,18.5,232,0.0,0.0,29,0.0,20160629,23.1,2016-06-29
181,1.5,2016,6,76.9,28.0,4.1,21.2,232,0.0,0.0,30,0.0,20160630,24.9,2016-06-30
182,1.9,2016,7,88.0,28.1,0.3,22.9,232,64.9,0.0,1,0.0,20160701,24.4,2016-07-01
183,1.4,2016,7,81.6,28.0,2.3,21.1,232,1.4,0.0,2,0.0,20160702,23.7,2016-07-02
184,0.8,2016,7,86.9,25.1,0.9,20.5,232,1.0,0.0,3,0.0,20160703,22.1,2016-07-03
185,2.0,2016,7,99.0,24.4,0.0,19.7,232,89.2,0.0,4,0.0,20160704,21.8,2016-07-04
186,2.0,2016,7,91.4,28.3,0.6,22.0,232,78.3,0.0,5,0.0,20160705,24.6,2016-07-05
187,1.1,2016,7,90.3,28.3,3.0,20.8,232,17.0,0.0,6,0.0,20160706,23.4,2016-07-06
188,1.0,2016,7,84.9,27.7,2.6,21.2,232,0.0,0.0,7,0.0,20160707,24.2,2016-07-07
189,1.1,2016,7,76.4,31.7,10.3,21.5,232,0.0,0.0,8,0.0,20160708,25.9,2016-07-08
190,1.0,2016,7,72.3,32.0,10.3,20.2,232,0.0,0.0,9,0.0,20160709,25.4,2016-07-09
191,0.8,2016,7,74.9,30.9,6.8,19.2,232,0.0,0.0,10,0.0,20160710,24.8,2016-07-10
192,0.8,2016,7,75.1,31.8,4.5,20.3,232,1.1,0.0,11,0.0,20160711,25.9,2016-07-11
193,1.0,2016,7,83.3,28.6,3.5,21.9,232,2.2,0.0,12,0.0,20160712,24.6,2016-07-12
194,1.2,2016,7,77.6,28.7,5.3,20.3,232,0.0,0.0,13,0.0,20160713,24.1,2016-07-13
195,1.2,2016,7,77.6,29.2,6.6,20.3,232,0.6,0.0,14,0.0,20160714,24.3,2016-07-14
196,2.1,2016,7,71.1,28.2,4.7,19.9,232,1.5,0.0,15,0.0,20160715,24.2,2016-07-15
197,2.6,2016,7,93.3,22.9,0.1,19.4,232,25.2,0.0,16,0.0,20160716,21.1,2016-07-16
198,1.4,2016,7,84.8,24.2,0.1,20.4,232,0.6,0.0,17,0.0,20160717,21.9,2016-07-17
199,0.7,2016,7,80.3,28.4,5.2,19.7,232,0.0,0.0,18,0.0,20160718,22.8,2016-07-18
200,0.8,2016,7,75.8,32.6,10.8,18.2,232,0.0,0.0,19,0.0,20160719,25.2,2016-07-19
201,2.0,2016,7,74.0,31.4,8.8,22.1,232,0.0,0.0,20,0.0,20160720,26.2,2016-07-20
202,1.9,2016,7,73.0,31.1,7.9,21.5,232,0.0,0.0,21,0.0,20160721,25.8,2016-07-21
203,1.7,2016,7,72.4,32.8,10.9,21.9,232,0.0,0.0,22,0.0,20160722,27.3,2016-07-22
204,1.3,2016,7,73.6,33.3,10.4,24.3,232,0.0,0.0,23,0.0,20160723,28.0,2016-07-23
205,1.1,2016,7,84.1,32.2,4.3,25.0,232,20.4,0.0,24,0.0,20160724,27.4,2016-07-24
206,0.6,2016,7,81.6,32.3,4.7,24.4,232,0.0,0.0,25,0.0,20160725,27.8,2016-07-25
207,1.0,2016,7,78.0,32.8,9.3,22.3,232,0.0,0.0,26,0.0,20160726,27.1,2016-07-26
208,1.1,2016,7,82.3,29.9,3.1,22.3,232,0.0,0.0,27,0.0,20160727,26.8,2016-07-27
209,1.6,2016,7,74.3,32.0,10.0,22.4,232,0.0,0.0,28,0.0,20160728,27.5,2016-07-28
210,0.9,2016,7,92.8,26.8,0.8,21.7,232,38.1,0.0,29,0.0,20160729,24.5,2016-07-29
211,1.0,2016,7,89.8,31.9,4.7,23.9,232,22.8,0.0,30,0.0,20160730,26.4,2016-07-30
212,1.0,2016,7,84.6,32.8,9.6,24.1,232,0.0,0.0,31,0.0,20160731,27.2,2016-07-31
213,0.9,2016,8,77.8,32.0,6.9,22.7,232,0.0,0.0,1,0.0,20160801,27.1,2016-08-01
214,0.9,2016,8,84.5,30.7,0.6,22.0,232,5.5,0.0,2,0.0,20160802,26.5,2016-08-02
215,0.8,2016,8,80.5,32.9,9.8,21.9,232,0.4,0.0,3,0.0,20160803,26.6,2016-08-03
216,1.0,2016,8,78.8,33.7,9.7,22.2,232,0.0,0.0,4,0.0,20160804,27.3,2016-08-04
217,0.7,2016,8,75.8,34.2,10.4,22.9,232,0.0,0.0,5,0.0,20160805,28.3,2016-08-05
218,0.9,2016,8,74.8,35.1,9.9,22.9,232,0.0,0.0,6,0.0,20160806,28.7,2016-08-06
219,1.3,2016,8,75.5,33.3,9.9,23.5,232,0.0,0.0,7,0.0,20160807,27.6,2016-08-07
220,0.9,2016,8,74.9,33.9,10.4,21.6,232,0.0,0.0,8,0.0,20160808,27.6,2016-08-08
221,1.2,2016,8,79.4,33.7,8.5,23.5,232,0.0,0.0,9,0.0,20160809,27.5,2016-08-09
222,0.8,2016,8,77.3,32.9,8.7,23.7,232,0.0,0.0,10,0.0,20160810,27.5,2016-08-10
223,0.9,2016,8,72.1,34.4,11.1,21.0,232,0.0,0.0,11,0.0,20160811,27.7,2016-08-11
224,1.0,2016,8,70.0,33.8,11.2,21.9,232,0.0,0.0,12,0.0,20160812,28.0,2016-08-12
225,1.1,2016,8,74.4,33.1,9.9,22.7,232,0.0,0.0,13,0.0,20160813,27.8,2016-08-13
226,1.0,2016,8,78.4,32.9,8.6,22.9,232,0.0,0.0,14,0.0,20160814,27.6,2016-08-14
227,1.0,2016,8,72.8,32.5,8.1,23.4,232,0.0,0.0,15,0.0,20160815,27.4,2016-08-15
228,1.0,2016,8,64.6,33.9,9.7,22.8,232,0.0,0.0,16,0.0,20160816,27.8,2016-08-16
229,0.9,2016,8,72.6,33.8,10.3,22.4,232,0.0,0.0,17,0.0,20160817,27.4,2016-08-17
230,0.9,2016,8,73.1,34.4,7.2,22.7,232,0.0,0.0,18,0.0,20160818,27.8,2016-08-18
231,0.9,2016,8,71.8,33.7,5.8,23.1,232,0.0,0.0,19,0.0,20160819,28.1,2016-08-19
232,1.2,2016,8,66.6,34.9,10.2,23.9,232,0.0,0.0,20,0.0,20160820,28.3,2016-08-20
233,1.2,2016,8,63.5,33.4,6.8,21.4,232,0.0,0.0,21,0.0,20160821,27.0,2016-08-21
234,1.0,2016,8,67.0,34.8,8.9,21.0,232,0.0,0.0,22,0.0,20160822,27.6,2016-08-22
235,1.4,2016,8,77.1,32.8,5.5,23.0,232,0.1,0.0,23,0.0,20160823,27.0,2016-08-23
236,1.3,2016,8,71.9,32.5,9.3,22.8,232,0.0,0.0,24,0.0,20160824,26.9,2016-08-24
237,1.0,2016,8,71.0,32.9,7.8,20.7,232,0.0,0.0,25,0.0,20160825,26.8,2016-08-25
238,2.7,2016,8,84.3,25.5,0.0,17.6,232,13.8,0.0,26,0.0,20160826,20.5,2016-08-26
239,2.6,2016,8,65.0,25.9,7.1,15.4,232,0.3,0.0,27,0.0,20160827,21.5,2016-08-27
240,2.0,2016,8,78.8,23.1,0.9,16.8,232,3.7,0.0,28,0.0,20160828,19.5,2016-08-28
241,1.7,2016,8,79.1,26.0,7.0,14.9,232,22.6,0.0,29,0.0,20160829,18.9,2016-08-29
242,2.0,2016,8,87.4,22.9,2.7,15.2,232,4.9,0.0,30,0.0,20160830,18.6,2016-08-30
243,3.8,2016,8,89.0,22.3,0.2,16.3,232,30.7,0.0,31,0.0,20160831,18.6,2016-08-31
244,1.6,2016,9,77.5,29.9,8.8,17.1,232,0.9,0.0,1,0.0,20160901,22.9,2016-09-01
245,2.7,2016,9,78.3,25.8,5.5,19.0,232,5.5,0.0,2,0.0,20160902,22.3,2016-09-02
246,1.3,2016,9,78.3,29.5,7.1,20.2,232,0.0,0.0,3,0.0,20160903,23.4,2016-09-03
247,0.9,2016,9,79.4,29.4,4.0,19.7,232,0.0,0.0,4,0.0,20160904,24.6,2016-09-04
248,0.9,2016,9,80.3,30.4,7.3,18.7,232,0.0,0.0,5,0.0,20160905,24.3,2016-09-05
249,0.6,2016,9,86.3,27.2,1.6,17.2,232,0.0,0.0,6,0.0,20160906,21.5,2016-09-06
250,0.7,2016,9,78.5,27.8,4.1,17.6,232,0.0,0.0,7,0.0,20160907,22.2,2016-09-07
251,0.7,2016,9,83.1,27.5,6.3,17.8,232,3.8,0.0,8,0.0,20160908,21.5,2016-09-08
252,0.8,2016,9,79.0,28.3,7.1,17.9,232,0.0,0.0,9,0.0,20160909,21.9,2016-09-09
253,0.7,2016,9,77.4,29.1,6.7,17.5,232,0.0,0.0,10,0.0,20160910,22.6,2016-09-10
254,0.9,2016,9,75.6,28.1,6.6,17.7,232,0.0,0.0,11,0.0,20160911,22.3,2016-09-11
255,1.0,2016,9,74.3,28.6,6.1,19.3,232,0.0,0.0,12,0.0,20160912,23.0,2016-09-12
256,0.9,2016,9,76.4,28.7,9.6,16.7,232,0.0,0.0,13,0.0,20160913,22.3,2016-09-13
257,0.9,2016,9,76.6,28.3,5.9,18.3,232,0.0,0.0,14,0.0,20160914,22.4,2016-09-14
258,0.7,2016,9,77.9,28.3,6.7,14.9,232,0.0,0.0,15,0.0,20160915,20.9,2016-09-15
259,0.6,2016,9,84.8,26.5,0.9,17.5,232,9.3,0.0,16,0.0,20160916,21.6,2016-09-16
260,2.1,2016,9,94.0,20.9,0.0,19.6,232,29.8,0.0,17,0.0,20160917,20.1,2016-09-17
261,1.9,2016,9,84.4,21.8,0.4,17.5,232,0.6,0.0,18,0.0,20160918,19.5,2016-09-18
262,2.7,2016,9,67.4,24.6,7.6,14.2,232,0.0,0.0,19,0.0,20160919,19.8,2016-09-19
263,2.1,2016,9,63.3,23.9,11.0,10.8,232,0.0,0.0,20,0.0,20160920,17.5,2016-09-20
264,1.2,2016,9,72.4,22.9,8.2,9.9,232,0.0,0.0,21,0.0,20160921,16.9,2016-09-21
265,0.9,2016,9,73.1,25.6,7.6,14.5,232,0.0,0.0,22,0.0,20160922,18.7,2016-09-22
266,0.7,2016,9,75.6,26.7,9.9,12.6,232,0.0,0.0,23,0.0,20160923,18.9,2016-09-23
267,0.6,2016,9,75.8,27.0,8.6,13.9,232,0.0,0.0,24,0.0,20160924,19.9,2016-09-24
268,0.6,2016,9,83.3,26.0,2.7,15.3,232,0.0,0.0,25,0.0,20160925,19.7,2016-09-25
269,0.9,2016,9,81.9,26.3,2.8,15.7,232,0.0,0.0,26,0.0,20160926,20.5,2016-09-26
270,0.7,2016,9,90.1,23.8,0.1,18.6,232,5.1,0.0,27,0.0,20160927,20.8,2016-09-27
271,1.0,2016,9,83.0,25.8,2.8,17.2,232,0.0,0.0,28,0.0,20160928,21.0,2016-09-28
272,2.2,2016,9,76.8,22.0,0.1,15.5,232,0.0,0.0,29,0.0,20160929,19.4,2016-09-29
273,1.0,2016,9,85.6,20.3,0.2,14.9,232,0.0,0.0,30,0.0,20160930,17.2,2016-09-30
274,0.8,2016,10,86.0,22.4,1.1,14.3,232,0.0,0.0,1,0.0,20161001,18.3,2016-10-01
275,1.4,2016,10,83.8,22.3,0.1,17.0,232,0.6,0.0,2,0.0,20161002,19.7,2016-10-02
276,1.3,2016,10,84.3,27.5,5.1,17.0,232,15.9,0.0,3,0.0,20161003,22.6,2016-10-03
277,2.3,2016,10,74.8,27.4,7.4,13.8,232,0.0,0.0,4,0.0,20161004,20.5,2016-10-04
278,1.9,2016,10,84.3,23.9,3.4,15.8,232,11.5,0.0,5,0.0,20161005,18.8,2016-10-05
279,1.2,2016,10,73.1,22.8,10.3,12.0,232,0.0,0.0,6,0.0,20161006,16.8,2016-10-06
280,1.8,2016,10,83.1,23.4,6.6,11.6,232,18.6,0.0,7,0.0,20161007,17.4,2016-10-07
281,1.7,2016,10,72.6,21.6,6.1,13.5,232,16.0,0.0,8,0.0,20161008,16.8,2016-10-08
282,1.6,2016,10,60.9,16.0,10.5,7.2,232,0.0,0.0,9,0.0,20161009,10.7,2016-10-09
283,0.5,2016,10,77.9,17.0,6.2,5.4,232,0.0,0.0,10,0.0,20161010,10.8,2016-10-10
284,0.5,2016,10,80.5,20.1,5.2,7.7,232,0.0,0.0,11,0.0,20161011,12.3,2016-10-11
285,0.9,2016,10,71.3,20.0,8.0,8.6,232,0.0,0.0,12,0.0,20161012,13.3,2016-10-12
286,0.5,2016,10,74.1,20.0,5.5,6.8,232,0.0,0.0,13,0.0,20161013,12.0,2016-10-13
287,0.6,2016,10,76.9,22.6,8.7,5.8,232,0.0,0.0,14,0.0,20161014,13.1,2016-10-14
288,0.6,2016,10,78.5,24.9,6.1,7.7,232,0.0,0.0,15,0.0,20161015,15.3,2016-10-15
289,0.9,2016,10,87.4,19.3,0.0,13.3,232,2.8,0.0,16,0.0,20161016,16.1,2016-10-16
290,0.9,2016,10,83.4,21.7,5.7,12.5,232,1.0,0.0,17,0.0,20161017,16.8,2016-10-17
291,0.8,2016,10,87.1,21.4,4.7,12.3,232,0.0,0.0,18,0.0,20161018,15.2,2016-10-18
292,0.6,2016,10,79.9,23.2,6.4,10.8,232,0.0,0.0,19,0.0,20161019,15.1,2016-10-19
293,1.1,2016,10,78.9,20.5,2.6,9.4,232,0.0,0.0,20,0.0,20161020,15.4,2016-10-20
294,2.6,2016,10,67.9,18.4,0.2,14.9,232,0.0,0.0,21,0.0,20161021,16.5,2016-10-21
295,1.3,2016,10,68.6,21.6,5.3,13.2,232,0.0,0.0,22,0.0,20161022,16.9,2016-10-22
296,3.2,2016,10,78.5,17.1,0.3,10.8,232,2.5,0.0,23,0.0,20161023,13.7,2016-10-23
297,2.1,2016,10,66.8,19.1,8.4,7.8,232,0.0,0.0,24,0.0,20161024,14.0,2016-10-24
298,1.6,2016,10,92.1,18.2,1.0,10.4,232,23.0,0.0,25,0.0,20161025,13.3,2016-10-25
299,0.7,2016,10,88.8,16.0,0.3,8.3,232,0.0,0.0,26,0.0,20161026,11.5,2016-10-26
300,1.5,2016,10,78.3,18.2,0.5,7.3,232,0.0,0.0,27,0.0,20161027,13.5,2016-10-27
301,1.2,2016,10,76.9,15.7,0.4,12.1,232,4.0,0.0,28,0.0,20161028,13.7,2016-10-28
302,1.4,2016,10,55.5,12.3,1.0,4.4,232,0.0,0.0,29,0.0,20161029,8.2,2016-10-29
303,0.7,2016,10,58.3,14.2,9.1,-2.3,232,0.0,0.0,30,0.0,20161030,4.9,2016-10-30
304,1.0,2016,10,65.1,10.1,0.1,2.0,232,0.0,0.0,31,0.0,20161031,6.4,2016-10-31
305,1.7,2016,11,50.5,7.2,9.0,-2.9,232,0.0,0.0,1,0.0,20161101,2.0,2016-11-01
306,0.8,2016,11,62.9,10.8,9.1,-5.7,232,0.0,0.0,2,0.0,20161102,3.0,2016-11-02
307,0.9,2016,11,68.8,14.9,5.8,1.3,232,0.0,0.0,3,0.0,20161103,6.3,2016-11-03
308,1.1,2016,11,74.5,17.7,7.4,-0.2,232,0.0,0.0,4,0.0,20161104,8.9,2016-11-04
309,1.0,2016,11,81.0,19.4,2.8,6.2,232,0.0,0.0,5,0.0,20161105,11.8,2016-11-05
310,2.6,2016,11,69.8,17.5,7.4,8.2,232,0.0,0.0,6,0.0,20161106,12.9,2016-11-06
311,1.5,2016,11,67.3,18.2,3.6,9.8,232,5.0,0.0,7,0.0,20161107,13.6,2016-11-07
312,1.9,2016,11,63.3,10.0,6.2,0.5,232,1.0,0.0,8,0.0,20161108,5.7,2016-11-08
313,1.0,2016,11,57.8,8.7,8.1,-4.2,232,0.0,0.0,9,0.0,20161109,1.6,2016-11-09
314,1.0,2016,11,82.6,12.4,1.8,-0.3,232,9.0,0.0,10,0.0,20161110,5.4,2016-11-10
315,1.1,2016,11,74.6,14.2,6.7,2.7,232,0.5,0.0,11,0.0,20161111,8.1,2016-11-11
316,0.8,2016,11,72.0,17.5,6.4,0.4,232,0.0,0.0,12,0.0,20161112,8.1,2016-11-12
317,0.7,2016,11,77.9,19.0,3.0,4.3,232,0.0,0.0,13,0.0,20161113,11.2,2016-11-13
318,1.1,2016,11,75.1,21.2,5.4,7.0,232,0.0,0.0,14,0.0,20161114,14.0,2016-11-14
319,1.7,2016,11,53.4,14.2,8.4,-1.0,232,0.0,0.0,15,0.0,20161115,6.2,2016-11-15
320,0.6,2016,11,62.9,11.9,7.9,-3.6,232,0.0,0.0,16,0.0,20161116,3.3,2016-11-16
321,0.6,2016,11,67.9,14.8,8.0,-1.2,232,0.0,0.0,17,0.0,20161117,5.5,2016-11-17
322,0.7,2016,11,86.8,14.5,2.6,0.0,232,16.0,0.0,18,0.0,20161118,7.5,2016-11-18
323,0.6,2016,11,92.8,13.8,0.2,9.9,232,1.0,0.0,19,0.0,20161119,12.0,2016-11-19
324,1.5,2016,11,71.9,15.6,7.6,2.6,232,0.0,0.0,20,0.0,20161120,9.9,2016-11-20
325,0.5,2016,11,83.8,11.9,0.4,1.8,232,0.0,0.0,21,0.0,20161121,7.2,2016-11-21
326,2.4,2016,11,50.1,9.1,4.5,0.3,232,0.0,0.0,22,0.0,20161122,4.2,2016-11-22
327,1.5,2016,11,40.0,4.7,7.2,-4.0,232,0.0,0.0,23,0.0,20161123,0.2,2016-11-23
328,1.8,2016,11,50.5,3.5,8.9,-5.9,232,0.0,0.0,24,0.0,20161124,-1.3,2016-11-24
329,0.7,2016,11,64.5,6.7,5.7,-6.7,232,0.0,0.0,25,0.0,20161125,-0.8,2016-11-25
330,0.9,2016,11,83.9,3.2,0.2,-5.2,232,0.0,0.0,26,0.0,20161126,-0.3,2016-11-26
331,0.8,2016,11,85.6,9.4,3.6,-0.2,232,0.0,0.0,27,0.0,20161127,3.3,2016-11-27
332,1.5,2016,11,63.6,6.8,8.4,-1.7,232,0.0,0.0,28,0.0,20161128,2.3,2016-11-28
333,0.9,2016,11,55.8,8.0,8.4,-5.7,232,0.0,0.0,29,0.0,20161129,0.5,2016-11-29
334,0.6,2016,11,75.1,11.9,1.9,-3.4,232,1.0,0.0,30,0.0,20161130,4.5,2016-11-30
335,1.8,2016,12,62.9,9.6,6.7,-1.0,232,0.0,0.0,1,0.0,20161201,4.6,2016-12-01
336,0.9,2016,12,63.8,7.1,8.0,-6.7,232,0.0,0.0,2,0.0,20161202,-0.3,2016-12-02
337,0.5,2016,12,72.0,10.0,7.8,-5.7,232,0.0,0.0,3,0.0,20161203,1.4,2016-12-03
338,0.5,2016,12,73.8,8.2,1.7,-2.1,232,0.0,0.0,4,0.0,20161204,3.0,2016-12-04
339,1.8,2016,12,70.6,13.2,2.6,1.6,232,0.5,0.0,5,0.0,20161205,6.6,2016-12-05
340,1.8,2016,12,43.9,4.8,8.3,-6.3,232,0.0,0.0,6,0.0,20161206,-0.5,2016-12-06
341,1.1,2016,12,73.9,7.7,3.2,-7.4,232,1.0,0.0,7,0.0,20161207,0.6,2016-12-07
342,0.7,2016,12,84.4,7.5,2.4,-4.5,232,0.5,0.0,8,0.0,20161208,2.1,2016-12-08
343,1.7,2016,12,64.9,6.7,5.4,-1.0,232,1.9,0.0,9,0.0,20161209,3.4,2016-12-09
344,0.9,2016,12,60.4,5.0,8.4,-7.3,232,0.0,0.0,10,0.0,20161210,-1.7,2016-12-10
345,0.6,2016,12,64.4,5.8,8.7,-9.3,232,0.0,0.0,11,0.0,20161211,-3.1,2016-12-11
346,0.6,2016,12,65.3,11.1,5.2,-6.3,232,0.5,0.0,12,0.0,20161212,2.5,2016-12-12
347,1.0,2016,12,77.4,8.4,3.8,-2.1,232,0.0,0.0,13,0.0,20161213,2.5,2016-12-13
348,1.4,2016,12,70.3,2.6,2.2,-2.8,232,0.0,0.0,14,0.0,20161214,0.2,2016-12-14
349,2.1,2016,12,46.6,1.1,7.9,-5.1,232,0.0,0.0,15,0.0,20161215,-2.2,2016-12-15
350,1.3,2016,12,58.4,1.4,8.1,-12.0,232,0.0,0.0,16,0.0,20161216,-4.4,2016-12-16
351,0.9,2016,12,68.5,10.3,6.4,-2.7,232,0.0,0.0,17,0.0,20161217,2.6,2016-12-17
352,0.7,2016,12,82.3,8.9,0.8,-3.5,232,0.0,0.0,18,0.0,20161218,2.0,2016-12-18
353,0.9,2016,12,87.5,10.8,0.7,2.0,232,1.7,0.0,19,0.0,20161219,6.4,2016-12-19
354,0.6,2016,12,86.3,12.5,4.7,1.2,232,0.0,0.0,20,0.0,20161220,5.4,2016-12-20
355,1.6,2016,12,86.0,13.7,2.6,-1.1,232,21.3,0.0,21,0.0,20161221,7.5,2016-12-21
356,3.3,2016,12,85.5,14.0,0.1,3.1,232,11.0,0.0,22,0.0,20161222,7.5,2016-12-22
357,2.6,2016,12,82.3,3.2,0.1,-1.9,232,2.3,0.0,23,0.0,20161223,-0.3,2016-12-23
358,0.7,2016,12,76.1,0.5,1.9,-4.3,232,0.0,0.0,24,0.0,20161224,-2.1,2016-12-24
359,0.5,2016,12,83.9,6.4,6.1,-7.1,232,0.0,0.0,25,0.0,20161225,-0.4,2016-12-25
360,0.7,2016,12,90.6,4.2,0.1,0.7,232,3.3,0.0,26,0.0,20161226,2.4,2016-12-26
361,2.4,2016,12,59.9,2.4,5.4,-5.6,232,0.0,0.0,27,0.0,20161227,-0.2,2016-12-27
362,0.9,2016,12,60.9,2.9,8.5,-10.3,232,0.0,0.0,28,0.0,20161228,-3.6,2016-12-28
363,1.7,2016,12,62.3,-0.4,7.9,-6.8,232,0.3,0.0,29,0.0,20161229,-3.7,2016-12-29
364,0.7,2016,12,68.3,3.5,8.0,-11.1,232,0.0,0.0,30,0.0,20161230,-3.8,2016-12-30
365,0.7,2016,12,80.6,4.6,1.6,-4.4,232,0.0,0.0,31,0.0,20161231,0.4,2016-12-31
