,wind,year,month,humid,tmax,sunshine,tmin,station_id,rainfall,snow,day,cloud,date,tavg,Date
0,0.6,2006,1,84.1,3.4,0.0,-3.9,232,0.2,0.0,1,0.0,20060101,0.5,2006-01-01
1,1.6,2006,1,78.6,3.5,2.8,-1.2,232,0.0,0.0,2,0.0,20060102,0.7,2006-01-02
2,2.8,2006,1,48.8,1.5,8.0,-5.5,232,0.0,0.0,3,0.0,20060103,-1.7,2006-01-03
3,3.1,2006,1,47.5,-2.2,0.0,-7.4,232,0.0,0.0,4,0.0,20060104,-4.6,2006-01-04
4,1.8,2006,1,56.4,-2.9,8.6,-11.8,232,0.0,0.0,5,0.0,20060105,-7.6,2006-01-05
5,2.4,2006,1,55.5,-2.9,5.5,-10.5,232,0.0,0.0,6,0.0,20060106,-6.3,2006-01-06
6,1.9,2006,1,58.3,-2.0,8.6,-13.6,232,0.0,0.0,7,0.0,20060107,-8.0,2006-01-07
7,0.8,2006,1,65.5,1.5,7.9,-13.5,232,0.0,0.0,8,0.0,20060108,-5.9,2006-01-08
8,1.2,2006,1,65.9,5.5,6.4,-8.0,232,0.0,0.0,9,0.0,20060109,-0.9,2006-01-09
9,1.2,2006,1,76.3,5.0,6.1,-5.8,232,0.0,0.0,10,0.0,20060110,-1.3,2006-01-10
10,0.6,2006,1,72.3,4.8,5.4,-8.8,232,0.0,0.0,11,0.0,20060111,-3.5,2006-01-11
11,1.8,2006,1,60.0,6.3,2.1,-8.1,232,7.5,0.0,12,0.0,20060112,0.4,2006-01-12
12,2.0,2006,1,89.6,6.5,0.0,2.7,232,14.0,0.0,13,0.0,20060113,4.6,2006-01-13
13,1.5,2006,1,90.3,5.1,0.0,0.3,232,0.0,0.0,14,0.0,20060114,2.4,2006-01-14
14,1.0,2006,1,83.9,8.0,2.7,-1.3,232,0.5,0.0,15,0.0,20060115,2.5,2006-01-15
15,0.8,2006,1,85.1,2.7,0.0,-2.7,232,0.0,0.0,16,0.0,20060116,-0.3,2006-01-16
16,1.1,2006,1,73.3,5.8,4.3,-3.4,232,0.0,0.0,17,0.0,20060117,0.5,2006-01-17
17,1.4,2006,1,72.4,4.0,3.5,-3.2,232,0.0,0.0,18,0.0,20060118,-0.2,2006-01-18
18,1.3,2006,1,68.9,7.5,5.7,-4.4,232,0.0,0.0,19,0.0,20060119,1.7,2006-01-19
19,1.5,2006,1,65.1,8.3,3.1,-0.8,232,0.0,0.0,20,0.0,20060120,2.5,2006-01-20
20,1.5,2006,1,69.6,4.6,7.9,-3.9,232,0.0,0.0,21,0.0,20060121,-0.3,2006-01-21
21,3.8,2006,1,53.6,0.1,9.1,-5.4,232,0.0,0.0,22,0.0,20060122,-2.5,2006-01-22
22,1.5,2006,1,62.6,0.6,9.2,-10.1,232,0.0,0.0,23,0.0,20060123,-4.8,2006-01-23
23,1.2,2006,1,63.4,2.0,9.3,-10.0,232,0.0,0.0,24,0.0,20060124,-4.1,2006-01-24
24,1.0,2006,1,68.6,4.0,7.7,-8.8,232,0.0,0.0,25,0.0,20060125,-2.2,2006-01-25
25,1.2,2006,1,73.9,5.0,6.9,-4.0,232,0.0,0.0,26,0.0,20060126,0.1,2006-01-26
26,1.2,2006,1,73.9,5.0,6.8,-4.0,232,0.0,0.0,27,0.0,20060127,0.1,2006-01-27
27,1.0,2006,1,66.1,8.5,7.8,-7.0,232,0.0,0.0,28,0.0,20060128,-0.7,2006-01-28
28,2.0,2006,1,61.0,12.3,5.9,-4.8,232,0.0,0.0,29,0.0,20060129,4.5,2006-01-29
29,1.5,2006,1,80.3,6.8,0.0,2.9,232,0.0,0.0,30,0.0,20060130,4.7,2006-01-30
30,0.9,2006,1,88.8,5.6,0.0,0.5,232,3.0,0.0,31,0.0,20060131,2.8,2006-01-31
31,3.4,2006,2,73.8,3.7,3.2,-2.4,232,1.5,0.0,1,0.0,20060201,1.1,2006-02-01
32,3.0,2006,2,59.1,3.0,7.4,-6.0,232,0.0,0.0,2,0.0,20060202,-1.2,2006-02-02
33,4.2,2006,2,50.5,-3.7,9.2,-12.1,232,0.0,0.0,3,0.0,20060203,-10.0,2006-02-03
34,2.2,2006,2,62.8,-3.9,9.6,-13.8,232,0.0,0.0,4,0.0,20060204,-9.2,2006-02-04
35,0.8,2006,2,52.5,-0.3,5.1,-11.8,232,0.0,0.0,5,0.0,20060205,-5.0,2006-02-05
36,0.9,2006,2,73.8,5.0,5.1,-4.3,232,0.5,0.6,6,0.0,20060206,-0.8,2006-02-06
37,3.4,2006,2,84.6,1.5,0.0,-2.9,232,5.0,11.0,7,0.0,20060207,-0.3,2006-02-07
38,4.8,2006,2,63.8,-2.9,4.5,-8.8,232,0.8,1.5,8,0.0,20060208,-5.7,2006-02-08
39,1.5,2006,2,64.6,1.1,7.6,-15.6,232,0.0,0.0,9,0.0,20060209,-5.0,2006-02-09
40,1.6,2006,2,73.1,4.6,2.6,-4.9,232,0.0,0.0,10,0.0,20060210,-0.2,2006-02-10
41,1.9,2006,2,64.3,5.5,6.0,-1.5,232,0.0,0.0,11,0.0,20060211,1.6,2006-02-11
42,2.3,2006,2,50.5,3.2,9.9,-7.0,232,0.0,0.0,12,0.0,20060212,-1.8,2006-02-12
43,1.7,2006,2,54.1,12.3,9.7,-6.6,232,0.0,0.0,13,0.0,20060213,3.0,2006-02-13
44,1.6,2006,2,88.3,8.5,0.0,3.7,232,9.5,0.0,14,0.0,20060214,5.8,2006-02-14
45,1.0,2006,2,87.3,5.1,0.0,2.5,232,0.7,0.0,15,0.0,20060215,3.6,2006-02-15
46,2.9,2006,2,70.6,7.0,3.5,-3.2,232,0.0,0.0,16,0.0,20060216,1.8,2006-02-16
47,3.6,2006,2,46.4,-1.2,10.0,-7.0,232,0.0,0.0,17,0.0,20060217,-4.6,2006-02-17
48,1.7,2006,2,61.6,5.6,6.9,-7.6,232,0.0,0.0,18,0.0,20060218,-1.2,2006-02-18
49,1.0,2006,2,66.1,9.6,5.8,-3.7,232,0.0,0.0,19,0.0,20060219,1.9,2006-02-19
50,1.0,2006,2,72.9,10.1,8.5,-2.9,232,0.0,0.0,20,0.0,20060220,2.9,2006-02-20
51,1.2,2006,2,69.1,11.6,6.4,-4.0,232,0.0,0.0,21,0.0,20060221,3.2,2006-02-21
52,2.5,2006,2,69.9,7.0,4.2,-1.2,232,0.5,0.0,22,0.0,20060222,2.4,2006-02-22
53,1.5,2006,2,51.6,8.1,9.5,-6.0,232,0.0,0.0,23,0.0,20060223,0.3,2006-02-23
54,0.7,2006,2,57.3,12.1,10.3,-4.9,232,0.0,0.0,24,0.0,20060224,2.3,2006-02-24
55,1.6,2006,2,55.4,11.1,2.2,-2.7,232,0.0,0.0,25,0.0,20060225,4.9,2006-02-25
56,4.3,2006,2,59.9,4.5,6.7,-3.0,232,0.0,0.0,26,0.0,20060226,1.0,2006-02-26
57,1.8,2006,2,48.8,3.4,7.5,-6.9,232,0.0,0.0,27,0.0,20060227,-1.5,2006-02-27
58,1.4,2006,2,64.0,6.1,0.0,-1.5,232,0.0,0.0,28,0.0,20060228,2.7,2006-02-28
59,3.6,2006,3,66.9,3.7,6.1,-1.2,232,0.4,0.4,1,0.0,20060301,0.8,2006-03-01
60,3.6,2006,3,61.6,2.7,5.8,-2.7,232,0.2,0.5,2,0.0,20060302,-0.5,2006-03-02
61,1.8,2006,3,64.5,5.5,10.3,-8.1,232,0.0,0.0,3,0.0,20060303,-1.2,2006-03-03
62,2.4,2006,3,52.3,11.3,7.4,-6.9,232,0.0,0.0,4,0.0,20060304,3.7,2006-03-04
63,2.0,2006,3,60.3,16.2,8.9,0.0,232,0.0,0.0,5,0.0,20060305,8.8,2006-03-05
64,1.7,2006,3,69.6,13.8,6.3,-2.5,232,0.0,0.0,6,0.0,20060306,5.4,2006-03-06
65,1.8,2006,3,64.6,13.8,8.2,-4.8,232,0.0,0.0,7,0.0,20060307,4.8,2006-03-07
66,1.4,2006,3,65.0,10.8,4.7,-1.2,232,0.0,0.0,8,0.0,20060308,4.2,2006-03-08
67,1.7,2006,3,62.0,15.6,0.6,-1.2,232,0.0,0.0,9,0.0,20060309,7.1,2006-03-09
68,2.3,2006,3,65.4,17.2,7.0,0.5,232,0.0,0.0,10,0.0,20060310,9.2,2006-03-10
69,2.6,2006,3,72.6,10.0,0.0,1.7,232,0.2,0.0,11,0.0,20060311,6.7,2006-03-11
70,6.0,2006,3,42.4,1.7,7.8,-6.0,232,0.0,0.0,12,0.0,20060312,-3.0,2006-03-12
71,2.7,2006,3,65.5,2.2,3.2,-9.5,232,1.7,2.3,13,0.0,20060313,-2.9,2006-03-13
72,2.8,2006,3,55.9,6.0,10.5,-5.1,232,0.0,0.0,14,0.0,20060314,-0.2,2006-03-14
73,2.0,2006,3,54.4,12.6,8.1,-4.4,232,0.0,0.0,15,0.0,20060315,4.6,2006-03-15
74,1.8,2006,3,80.4,6.0,0.0,-0.6,232,2.0,0.0,16,0.0,20060316,3.3,2006-03-16
75,1.0,2006,3,73.3,16.8,7.5,-2.5,232,0.0,0.0,17,0.0,20060317,6.2,2006-03-17
76,2.6,2006,3,65.9,13.6,3.0,2.2,232,0.1,0.0,18,0.0,20060318,7.1,2006-03-18
77,3.8,2006,3,36.8,7.9,11.2,-3.2,232,0.0,0.0,19,0.0,20060319,2.8,2006-03-19
78,1.2,2006,3,52.3,11.1,0.6,-6.1,232,0.0,0.0,20,0.0,20060320,3.7,2006-03-20
79,1.1,2006,3,44.8,17.2,10.3,-0.4,232,0.0,0.0,21,0.0,20060321,8.6,2006-03-21
80,2.4,2006,3,47.0,19.2,6.5,1.3,232,0.0,0.0,22,0.0,20060322,10.4,2006-03-22
81,4.5,2006,3,49.3,10.0,10.5,0.2,232,0.0,0.0,23,0.0,20060323,5.6,2006-03-23
82,1.3,2006,3,49.8,13.1,10.9,-5.5,232,0.0,0.0,24,0.0,20060324,4.1,2006-03-24
83,4.4,2006,3,32.9,17.6,9.7,2.7,232,0.0,0.0,25,0.0,20060325,10.5,2006-03-25
84,2.6,2006,3,31.1,13.3,10.4,-0.4,232,0.0,0.0,26,0.0,20060326,6.1,2006-03-26
85,2.0,2006,3,42.1,15.3,9.3,-3.5,232,0.0,0.0,27,0.0,20060327,6.0,2006-03-27
86,5.0,2006,3,61.8,5.5,3.1,0.3,232,1.5,0.0,28,0.0,20060328,2.6,2006-03-28
87,3.4,2006,3,48.8,9.6,9.2,-3.9,232,0.0,0.0,29,0.0,20060329,4.7,2006-03-29
88,3.9,2006,3,44.8,8.3,11.4,-3.4,232,0.0,0.0,30,0.0,20060330,3.6,2006-03-30
89,1.3,2006,3,45.0,16.2,9.3,-5.8,232,0.0,0.0,31,0.0,20060331,5.7,2006-03-31
90,2.3,2006,4,66.3,13.3,0.0,0.6,232,14.0,0.0,1,0.0,20060401,10.3,2006-04-01
91,3.2,2006,4,77.6,12.3,3.0,0.6,232,1.0,0.0,2,0.0,20060402,7.1,2006-04-02
92,2.0,2006,4,64.4,20.2,8.5,0.8,232,0.0,0.0,3,0.0,20060403,11.2,2006-04-03
93,1.5,2006,4,79.4,12.1,0.0,6.8,232,3.5,0.0,4,0.0,20060404,9.5,2006-04-04
94,3.0,2006,4,61.8,15.6,9.3,4.5,232,0.5,0.0,5,0.0,20060405,9.8,2006-04-05
95,1.4,2006,4,59.9,14.8,1.0,-0.8,232,0.0,0.0,6,0.0,20060406,8.2,2006-04-06
96,3.0,2006,4,59.8,17.2,5.2,7.4,232,0.0,0.0,7,0.0,20060407,11.8,2006-04-07
97,2.4,2006,4,46.3,15.5,0.5,4.9,232,0.5,0.0,8,0.0,20060408,9.8,2006-04-08
98,2.9,2006,4,49.6,20.7,5.0,7.5,232,2.0,0.0,9,0.0,20060409,13.9,2006-04-09
99,3.9,2006,4,77.1,15.8,0.1,11.3,232,31.5,0.0,10,0.0,20060410,13.4,2006-04-10
100,1.7,2006,4,74.6,18.1,0.0,10.8,232,1.5,0.0,11,0.0,20060411,13.3,2006-04-11
101,2.0,2006,4,68.9,20.3,9.6,5.5,232,0.0,0.0,12,0.0,20060412,12.3,2006-04-12
102,1.7,2006,4,78.0,9.8,0.0,4.5,232,0.0,0.0,13,0.0,20060413,7.6,2006-04-13
103,1.7,2006,4,48.0,17.3,9.7,3.2,232,0.0,0.0,14,0.0,20060414,10.4,2006-04-14
104,1.4,2006,4,44.3,15.3,2.7,2.7,232,0.0,0.0,15,0.0,20060415,7.9,2006-04-15
105,4.5,2006,4,46.4,11.1,12.3,1.5,232,0.0,0.0,16,0.0,20060416,6.4,2006-04-16
106,2.6,2006,4,43.4,17.7,2.9,-0.6,232,0.0,0.0,17,0.0,20060417,10.1,2006-04-17
107,3.7,2006,4,38.0,23.3,5.6,9.0,232,0.0,0.0,18,0.0,20060418,17.2,2006-04-18
108,4.8,2006,4,73.1,17.1,0.6,5.8,232,21.0,0.0,19,0.0,20060419,10.4,2006-04-19
109,6.8,2006,4,65.1,9.6,1.5,3.5,232,2.0,0.0,20,0.0,20060420,6.9,2006-04-20
110,3.4,2006,4,55.0,17.2,12.0,4.9,232,0.0,0.0,21,0.0,20060421,9.8,2006-04-21
111,1.6,2006,4,54.3,17.3,5.1,3.5,232,0.0,0.0,22,0.0,20060422,10.0,2006-04-22
112,2.7,2006,4,72.3,18.0,5.1,3.0,232,0.5,0.0,23,0.0,20060423,8.4,2006-04-23
113,3.0,2006,4,53.4,16.3,10.1,1.3,232,0.0,0.0,24,0.0,20060424,9.5,2006-04-24
114,2.4,2006,4,41.0,17.3,10.6,3.2,232,0.0,0.0,25,0.0,20060425,10.2,2006-04-25
115,1.6,2006,4,52.9,16.2,0.5,6.0,232,0.0,0.0,26,0.0,20060426,11.0,2006-04-26
116,2.1,2006,4,67.3,17.5,6.1,6.4,232,0.5,0.0,27,0.0,20060427,11.4,2006-04-27
117,1.5,2006,4,56.5,20.2,9.8,2.7,232,0.0,0.0,28,0.0,20060428,11.4,2006-04-28
118,2.2,2006,4,56.8,19.6,8.4,7.1,232,0.1,0.0,29,0.0,20060429,14.0,2006-04-29
119,3.3,2006,4,60.3,23.1,2.0,13.0,232,0.0,0.0,30,0.0,20060430,18.0,2006-04-30
120,1.5,2006,5,59.0,24.7,6.9,10.0,232,0.0,0.0,1,0.0,20060501,16.8,2006-05-01
121,3.2,2006,5,38.4,23.7,12.1,7.1,232,0.0,0.0,2,0.0,20060502,16.8,2006-05-02
122,2.4,2006,5,48.1,22.6,11.4,8.8,232,0.0,0.0,3,0.0,20060503,14.6,2006-05-03
123,2.0,2006,5,56.0,26.7,8.9,7.0,232,0.0,0.0,4,0.0,20060504,16.9,2006-05-04
124,2.5,2006,5,60.3,26.7,0.4,14.1,232,1.5,0.0,5,0.0,20060505,20.7,2006-05-05
125,2.2,2006,5,87.1,18.2,0.0,15.3,232,33.0,0.0,6,0.0,20060506,16.8,2006-05-06
126,1.2,2006,5,68.9,25.0,7.0,14.1,232,0.0,0.0,7,0.0,20060507,19.3,2006-05-07
127,2.7,2006,5,62.5,22.5,12.0,14.6,232,0.0,0.0,8,0.0,20060508,18.4,2006-05-08
128,2.5,2006,5,61.4,26.5,10.4,12.3,232,0.0,0.0,9,0.0,20060509,19.5,2006-05-09
129,1.8,2006,5,82.3,20.2,0.3,15.0,232,4.5,0.0,10,0.0,20060510,16.8,2006-05-10
130,1.4,2006,5,70.3,22.8,3.1,11.1,232,0.0,0.0,11,0.0,20060511,16.0,2006-05-11
131,1.7,2006,5,52.0,19.3,0.0,12.6,232,0.0,0.0,12,0.0,20060512,15.5,2006-05-12
132,2.5,2006,5,58.9,19.1,8.9,7.8,232,0.0,0.0,13,0.0,20060513,14.2,2006-05-13
133,2.0,2006,5,59.9,21.7,12.2,8.1,232,0.0,0.0,14,0.0,20060514,14.7,2006-05-14
134,1.5,2006,5,56.6,25.7,11.9,8.3,232,0.0,0.0,15,0.0,20060515,17.1,2006-05-15
135,1.7,2006,5,54.0,25.2,11.4,10.1,232,0.0,0.0,16,0.0,20060516,17.6,2006-05-16
136,1.2,2006,5,52.0,25.5,5.4,10.0,232,0.0,0.0,17,0.0,20060517,17.7,2006-05-17
137,0.9,2006,5,61.5,24.1,3.0,12.3,232,0.0,0.0,18,0.0,20060518,18.6,2006-05-18
138,1.5,2006,5,75.8,19.7,0.2,12.8,232,6.5,0.0,19,0.0,20060519,16.1,2006-05-19
139,1.5,2006,5,70.0,25.2,8.9,10.5,232,0.0,0.0,20,0.0,20060520,17.9,2006-05-20
140,2.2,2006,5,59.0,29.3,9.2,14.6,232,0.0,0.0,21,0.0,20060521,22.2,2006-05-21
141,3.2,2006,5,77.5,23.3,0.1,15.3,232,7.5,0.0,22,0.0,20060522,19.9,2006-05-22
142,1.9,2006,5,77.5,22.8,4.9,12.8,232,1.0,0.0,23,0.0,20060523,16.6,2006-05-23
143,1.1,2006,5,69.3,24.5,4.6,14.3,232,0.0,0.0,24,0.0,20060524,18.0,2006-05-24
144,2.1,2006,5,58.6,21.7,0.7,15.3,232,0.0,0.0,25,0.0,20060525,18.2,2006-05-25
145,2.2,2006,5,51.9,26.1,10.7,15.3,232,0.0,0.0,26,0.0,20060526,20.8,2006-05-26
146,2.7,2006,5,76.1,21.2,0.6,15.1,232,25.0,0.0,27,0.0,20060527,17.7,2006-05-27
147,1.8,2006,5,68.9,22.3,3.4,15.1,232,0.0,0.0,28,0.0,20060528,18.1,2006-05-28
148,1.5,2006,5,69.0,24.1,8.0,13.0,232,0.0,0.0,29,0.0,20060529,18.7,2006-05-29
149,1.6,2006,5,62.0,27.6,12.7,13.3,232,0.0,0.0,30,0.0,20060530,19.9,2006-05-30
150,1.2,2006,5,58.6,27.2,11.4,13.0,232,0.0,0.0,31,0.0,20060531,20.2,2006-05-31
151,1.3,2006,6,59.9,26.7,8.1,13.6,232,0.0,0.0,1,0.0,20060601,20.0,2006-06-01
152,1.0,2006,6,58.5,30.3,9.1,14.6,232,0.0,0.0,2,0.0,20060602,22.9,2006-06-02
153,2.3,2006,6,53.8,27.7,11.4,15.3,232,0.0,0.0,3,0.0,20060603,20.6,2006-06-03
154,1.7,2006,6,65.3,25.6,6.7,15.5,232,0.0,0.0,4,0.0,20060604,19.1,2006-06-04
155,1.4,2006,6,64.6,26.1,10.4,12.8,232,0.0,0.0,5,0.0,20060605,19.0,2006-06-05
156,1.5,2006,6,66.3,27.7,9.2,14.1,232,0.0,0.0,6,0.0,20060606,19.8,2006-06-06
157,0.8,2006,6,62.4,27.3,4.3,14.8,232,0.0,0.0,7,0.0,20060607,20.8,2006-06-07
158,1.6,2006,6,65.8,24.2,1.3,16.5,232,0.0,0.0,8,0.0,20060608,19.6,2006-06-08
159,1.7,2006,6,58.0,26.2,9.2,14.5,232,0.0,0.0,9,0.0,20060609,20.6,2006-06-09
160,3.0,2006,6,70.0,20.7,0.2,14.3,232,18.5,0.0,10,0.0,20060610,16.9,2006-06-10
161,2.6,2006,6,68.0,22.1,5.4,14.3,232,0.0,0.0,11,0.0,20060611,17.6,2006-06-11
162,1.3,2006,6,64.8,27.2,12.7,12.1,232,0.0,0.0,12,0.0,20060612,19.9,2006-06-12
163,1.5,2006,6,61.6,28.8,10.8,15.5,232,0.0,0.0,13,0.0,20060613,21.9,2006-06-13
164,2.1,2006,6,78.5,19.3,0.0,16.1,232,43.5,0.0,14,0.0,20060614,17.8,2006-06-14
165,3.1,2006,6,72.1,22.7,8.1,15.6,232,0.5,0.0,15,0.0,20060615,18.6,2006-06-15
166,2.3,2006,6,58.6,28.3,10.0,15.1,232,0.0,0.0,16,0.0,20060616,20.9,2006-06-16
167,2.0,2006,6,62.4,26.8,10.2,13.8,232,0.0,0.0,17,0.0,20060617,20.6,2006-06-17
168,1.4,2006,6,69.4,27.0,8.4,15.1,232,0.0,0.0,18,0.0,20060618,20.4,2006-06-18
169,1.3,2006,6,66.8,27.6,8.9,16.0,232,0.0,0.0,19,0.0,20060619,21.5,2006-06-19
170,1.5,2006,6,66.3,28.2,3.9,16.0,232,0.0,0.0,20,0.0,20060620,21.4,2006-06-20
171,1.3,2006,6,82.3,21.1,0.0,18.5,232,15.0,0.0,21,0.0,20060621,19.5,2006-06-21
172,1.0,2006,6,73.3,26.7,5.2,18.5,232,1.5,0.0,22,0.0,20060622,21.7,2006-06-22
173,1.2,2006,6,72.0,29.5,4.2,17.0,232,0.0,0.0,23,0.0,20060623,22.5,2006-06-23
174,1.4,2006,6,71.1,29.3,9.0,17.7,232,0.0,0.0,24,0.0,20060624,22.7,2006-06-24
175,2.0,2006,6,73.6,24.2,1.0,18.5,232,7.5,0.0,25,0.0,20060625,20.9,2006-06-25
176,1.8,2006,6,81.3,23.8,0.2,18.3,232,1.0,0.0,26,0.0,20060626,20.5,2006-06-26
177,1.3,2006,6,73.8,26.8,2.4,18.7,232,0.0,0.0,27,0.0,20060627,22.2,2006-06-27
178,1.1,2006,6,73.5,28.7,5.5,20.2,232,0.0,0.0,28,0.0,20060628,23.4,2006-06-28
179,1.8,2006,6,70.3,30.2,5.7,19.3,232,15.5,0.0,29,0.0,20060629,24.5,2006-06-29
180,2.1,2006,6,77.1,27.2,0.4,21.7,232,17.0,0.0,30,0.0,20060630,23.5,2006-06-30
181,1.2,2006,7,82.5,23.8,0.0,20.3,232,12.5,0.0,1,0.0,20060701,21.8,2006-07-01
182,1.4,2006,7,73.5,27.1,5.3,19.2,232,0.0,0.0,2,0.0,20060702,22.5,2006-07-02
183,0.9,2006,7,71.8,29.2,7.6,18.2,232,0.0,0.0,3,0.0,20060703,23.0,2006-07-03
184,2.1,2006,7,82.4,22.7,0.0,20.3,232,12.0,0.0,4,0.0,20060704,21.5,2006-07-04
185,1.7,2006,7,73.3,25.2,0.0,19.2,232,1.0,0.0,5,0.0,20060705,21.4,2006-07-05
186,1.9,2006,7,83.1,20.5,0.0,17.7,232,16.0,0.0,6,0.0,20060706,19.0,2006-07-06
187,1.8,2006,7,78.9,26.3,4.0,18.2,232,3.5,0.0,7,0.0,20060707,21.3,2006-07-07
188,1.4,2006,7,74.0,27.2,0.3,18.7,232,0.0,0.0,8,0.0,20060708,23.3,2006-07-08
189,1.9,2006,7,78.0,25.5,2.1,21.0,232,8.5,0.0,9,0.0,20060709,22.9,2006-07-09
190,4.4,2006,7,76.4,25.2,0.0,21.2,232,11.5,0.0,10,0.0,20060710,22.8,2006-07-10
191,1.5,2006,7,78.5,26.5,0.2,19.7,232,2.5,0.0,11,0.0,20060711,23.0,2006-07-11
192,1.9,2006,7,80.4,28.8,0.2,22.2,232,47.0,0.0,12,0.0,20060712,24.9,2006-07-12
193,1.2,2006,7,81.4,30.0,1.1,23.7,232,5.5,0.0,13,0.0,20060713,25.7,2006-07-13
194,1.5,2006,7,75.4,30.7,5.2,23.3,232,0.5,0.0,14,0.0,20060714,26.9,2006-07-14
195,2.1,2006,7,78.5,29.0,1.1,23.7,232,2.5,0.0,15,0.0,20060715,26.0,2006-07-15
196,1.5,2006,7,85.4,26.2,0.0,18.2,232,137.5,0.0,16,0.0,20060716,20.5,2006-07-16
197,1.6,2006,7,87.1,20.7,0.0,17.6,232,43.5,0.0,17,0.0,20060717,18.5,2006-07-17
198,1.3,2006,7,88.4,20.2,0.0,17.8,232,33.5,0.0,18,0.0,20060718,18.9,2006-07-18
199,1.9,2006,7,80.5,22.0,0.0,18.2,232,2.5,0.0,19,0.0,20060719,19.9,2006-07-19
200,1.6,2006,7,83.5,21.3,0.2,17.7,232,5.0,0.0,20,0.0,20060720,18.9,2006-07-20
201,1.3,2006,7,79.1,27.1,1.6,18.0,232,1.5,0.0,21,0.0,20060721,21.6,2006-07-21
202,2.1,2006,7,72.1,28.2,8.5,17.2,232,0.0,0.0,22,0.0,20060722,22.5,2006-07-22
203,0.9,2006,7,76.0,26.6,2.8,16.6,232,0.1,0.0,23,0.0,20060723,21.2,2006-07-23
204,0.7,2006,7,81.5,23.8,0.0,18.3,232,0.0,0.0,24,0.0,20060724,20.8,2006-07-24
205,0.9,2006,7,73.0,28.3,2.6,18.0,232,1.5,0.0,25,0.0,20060725,22.7,2006-07-25
206,1.7,2006,7,85.8,21.7,0.0,19.8,232,34.5,0.0,26,0.0,20060726,20.6,2006-07-26
207,2.0,2006,7,82.5,27.3,0.1,20.1,232,14.5,0.0,27,0.0,20060727,23.0,2006-07-27
208,1.7,2006,7,87.8,25.5,0.1,20.7,232,136.5,0.0,28,0.0,20060728,22.1,2006-07-28
209,0.9,2006,7,83.4,29.1,0.9,21.8,232,1.5,0.0,29,0.0,20060729,24.4,2006-07-29
210,1.2,2006,7,78.3,30.3,1.9,23.1,232,0.0,0.0,30,0.0,20060730,25.7,2006-07-30
211,1.2,2006,7,73.5,30.8,8.2,21.0,232,0.0,0.0,31,0.0,20060731,25.5,2006-07-31
212,1.7,2006,8,71.6,30.8,12.5,19.5,232,0.0,0.0,1,0.0,20060801,25.3,2006-08-01
213,1.4,2006,8,71.4,32.2,10.8,20.7,232,0.0,0.0,2,0.0,20060802,26.2,2006-08-02
214,0.9,2006,8,70.3,33.4,12.0,21.2,232,0.0,0.0,3,0.0,20060803,27.0,2006-08-03
215,1.3,2006,8,70.5,33.0,10.2,21.3,232,0.0,0.0,4,0.0,20060804,26.7,2006-08-04
216,1.3,2006,8,72.6,33.0,10.6,20.7,232,6.0,0.0,5,0.0,20060805,25.3,2006-08-05
217,1.2,2006,8,74.6,31.2,10.1,20.7,232,0.0,0.0,6,0.0,20060806,25.4,2006-08-06
218,1.1,2006,8,70.3,32.7,11.5,21.2,232,0.0,0.0,7,0.0,20060807,26.1,2006-08-07
219,1.4,2006,8,69.5,33.0,12.2,20.5,232,0.0,0.0,8,0.0,20060808,26.5,2006-08-08
220,1.2,2006,8,73.8,33.5,7.8,21.6,232,0.0,0.0,9,0.0,20060809,26.7,2006-08-09
221,0.8,2006,8,70.1,32.4,5.7,20.7,232,0.0,0.0,10,0.0,20060810,25.9,2006-08-10
222,1.0,2006,8,73.9,29.5,4.1,19.2,232,0.0,0.0,11,0.0,20060811,24.3,2006-08-11
223,1.1,2006,8,75.1,31.2,7.6,20.7,232,0.0,0.0,12,0.0,20060812,25.7,2006-08-12
224,1.2,2006,8,73.0,32.0,9.9,22.0,232,0.0,0.0,13,0.0,20060813,26.4,2006-08-13
225,1.3,2006,8,68.0,32.4,11.2,21.3,232,0.0,0.0,14,0.0,20060814,26.8,2006-08-14
226,1.3,2006,8,72.4,32.5,8.4,21.7,232,0.0,0.0,15,0.0,20060815,26.4,2006-08-15
227,1.4,2006,8,71.0,33.0,8.9,22.1,232,0.5,0.0,16,0.0,20060816,26.8,2006-08-16
228,1.9,2006,8,72.4,31.0,4.6,22.3,232,12.5,0.0,17,0.0,20060817,25.6,2006-08-17
229,3.1,2006,8,61.4,28.5,6.4,19.3,232,2.5,0.0,18,0.0,20060818,23.9,2006-08-18
230,3.3,2006,8,54.5,27.6,3.8,19.2,232,0.0,0.0,19,0.0,20060819,22.7,2006-08-19
231,1.6,2006,8,72.5,26.2,0.9,19.2,232,0.0,0.0,20,0.0,20060820,22.1,2006-08-20
232,1.1,2006,8,70.4,31.3,5.9,21.0,232,0.0,0.0,21,0.0,20060821,25.5,2006-08-21
233,1.1,2006,8,77.8,31.0,5.2,23.0,232,17.5,0.0,22,0.0,20060822,25.6,2006-08-22
234,1.2,2006,8,76.0,30.6,2.8,22.6,232,0.0,0.0,23,0.0,20060823,25.1,2006-08-23
235,1.0,2006,8,72.8,29.7,4.7,21.1,232,1.0,0.0,24,0.0,20060824,24.7,2006-08-24
236,1.6,2006,8,77.3,28.2,1.1,21.5,232,10.0,0.0,25,0.0,20060825,23.9,2006-08-25
237,1.7,2006,8,75.5,31.0,4.5,21.1,232,2.5,0.0,26,0.0,20060826,24.9,2006-08-26
238,1.7,2006,8,80.1,27.2,0.8,21.5,232,9.5,0.0,27,0.0,20060827,23.7,2006-08-27
239,1.4,2006,8,74.1,28.5,7.2,19.2,232,0.0,0.0,28,0.0,20060828,23.7,2006-08-28
240,1.0,2006,8,78.6,26.6,2.6,17.3,232,1.0,0.0,29,0.0,20060829,21.6,2006-08-29
241,2.0,2006,8,69.9,27.0,3.7,19.2,232,0.5,0.0,30,0.0,20060830,22.8,2006-08-30
242,1.9,2006,8,64.5,28.2,8.6,19.3,232,0.0,0.0,31,0.0,20060831,23.0,2006-08-31
243,1.4,2006,9,64.4,28.0,9.1,16.2,232,0.0,0.0,1,0.0,20060901,22.0,2006-09-01
244,1.2,2006,9,62.0,29.6,10.8,18.1,232,0.0,0.0,2,0.0,20060902,22.8,2006-09-02
245,1.4,2006,9,69.9,28.8,9.0,16.6,232,0.0,0.0,3,0.0,20060903,22.3,2006-09-03
246,1.6,2006,9,70.8,25.7,2.7,17.1,232,0.1,0.0,4,0.0,20060904,20.7,2006-09-04
247,2.2,2006,9,71.4,23.8,1.6,14.3,232,2.0,0.0,5,0.0,20060905,17.9,2006-09-05
248,1.4,2006,9,74.4,24.0,7.4,13.8,232,6.5,0.0,6,0.0,20060906,17.6,2006-09-06
249,1.1,2006,9,71.3,26.7,9.8,11.6,232,0.0,0.0,7,0.0,20060907,18.4,2006-09-07
250,2.0,2006,9,67.0,25.5,3.5,14.6,232,0.4,0.0,8,0.0,20060908,20.4,2006-09-08
251,2.0,2006,9,79.4,20.0,0.0,12.5,232,1.5,0.0,9,0.0,20060909,17.1,2006-09-09
252,1.8,2006,9,63.0,19.3,10.5,8.0,232,0.0,0.0,10,0.0,20060910,13.3,2006-09-10
253,0.7,2006,9,72.8,19.7,0.8,6.8,232,0.0,0.0,11,0.0,20060911,12.9,2006-09-11
254,1.2,2006,9,73.0,24.2,7.8,9.6,232,0.0,0.0,12,0.0,20060912,16.2,2006-09-12
255,1.2,2006,9,68.0,26.0,10.1,11.1,232,0.0,0.0,13,0.0,20060913,17.7,2006-09-13
256,1.4,2006,9,63.8,25.7,7.5,11.0,232,0.0,0.0,14,0.0,20060914,18.2,2006-09-14
257,1.5,2006,9,66.5,23.2,0.6,14.3,232,0.0,0.0,15,0.0,20060915,18.8,2006-09-15
258,0.8,2006,9,79.0,22.5,0.0,13.3,232,6.0,0.0,16,0.0,20060916,17.8,2006-09-16
259,1.8,2006,9,78.9,19.2,0.0,14.6,232,5.5,0.0,17,0.0,20060917,16.4,2006-09-17
260,1.6,2006,9,74.5,19.5,0.0,13.8,232,0.0,0.0,18,0.0,20060918,16.3,2006-09-18
261,0.9,2006,9,76.4,25.1,9.9,9.3,232,0.2,0.0,19,0.0,20060919,17.3,2006-09-19
262,1.2,2006,9,75.0,25.2,4.1,13.6,232,0.0,0.0,20,0.0,20060920,18.2,2006-09-20
263,1.3,2006,9,65.6,27.6,10.3,12.1,232,0.0,0.0,21,0.0,20060921,18.6,2006-09-21
264,1.9,2006,9,67.0,26.6,9.0,13.1,232,0.0,0.0,22,0.0,20060922,19.1,2006-09-22
265,1.5,2006,9,59.3,25.2,11.6,10.3,232,0.0,0.0,23,0.0,20060923,16.8,2006-09-23
266,1.3,2006,9,61.3,25.2,11.1,8.6,232,0.0,0.0,24,0.0,20060924,16.4,2006-09-24
267,1.4,2006,9,65.0,25.7,8.4,9.1,232,0.0,0.0,25,0.0,20060925,16.6,2006-09-25
268,1.2,2006,9,66.4,24.8,6.0,10.1,232,0.0,0.0,26,0.0,20060926,16.5,2006-09-26
269,1.1,2006,9,68.8,26.1,10.0,9.8,232,0.0,0.0,27,0.0,20060927,17.1,2006-09-27
270,0.9,2006,9,76.5,23.1,0.3,10.8,232,0.0,0.0,28,0.0,20060928,16.3,2006-09-28
271,1.1,2006,9,70.6,24.5,7.4,9.8,232,0.0,0.0,29,0.0,20060929,16.0,2006-09-29
272,1.2,2006,9,63.5,24.7,6.7,8.8,232,0.0,0.0,30,0.0,20060930,16.8,2006-09-30
273,1.2,2006,10,61.4,23.7,4.5,12.0,232,0.0,0.0,1,0.0,20061001,17.5,2006-10-01
274,0.9,2006,10,70.5,25.1,8.7,9.8,232,0.0,0.0,2,0.0,20061002,16.4,2006-10-02
275,1.0,2006,10,73.3,25.5,8.1,8.8,232,0.0,0.0,3,0.0,20061003,15.9,2006-10-03
276,0.6,2006,10,76.0,25.5,7.3,9.3,232,0.0,0.0,4,0.0,20061004,16.0,2006-10-04
277,2.1,2006,10,61.0,25.6,10.1,8.3,232,0.0,0.0,5,0.0,20061005,16.9,2006-10-05
278,1.3,2006,10,63.9,25.1,10.7,8.1,232,0.0,0.0,6,0.0,20061006,15.8,2006-10-06
279,1.1,2006,10,68.1,25.1,10.2,7.0,232,0.0,0.0,7,0.0,20061007,15.1,2006-10-07
280,0.9,2006,10,77.1,24.2,5.2,9.1,232,0.0,0.0,8,0.0,20061008,16.2,2006-10-08
281,1.2,2006,10,76.8,25.1,3.7,11.6,232,0.0,0.0,9,0.0,20061009,17.1,2006-10-09
282,1.7,2006,10,69.5,26.2,8.4,10.5,232,0.0,0.0,10,0.0,20061010,16.7,2006-10-10
283,2.0,2006,10,75.9,22.7,0.2,10.0,232,0.0,0.0,11,0.0,20061011,16.0,2006-10-11
284,1.1,2006,10,62.4,22.0,10.5,5.1,232,0.0,0.0,12,0.0,20061012,12.1,2006-10-12
285,1.0,2006,10,60.6,23.8,9.1,5.0,232,0.0,0.0,13,0.0,20061013,13.1,2006-10-13
286,1.7,2006,10,67.0,24.2,9.7,8.3,232,0.0,0.0,14,0.0,20061014,16.0,2006-10-14
287,0.8,2006,10,75.3,24.3,6.0,9.3,232,0.0,0.0,15,0.0,20061015,15.7,2006-10-15
288,1.5,2006,10,76.0,25.7,6.8,10.6,232,0.0,0.0,16,0.0,20061016,16.4,2006-10-16
289,1.1,2006,10,76.9,22.7,1.1,9.6,232,0.0,0.0,17,0.0,20061017,16.2,2006-10-17
290,1.4,2006,10,73.0,23.7,6.8,12.6,232,0.0,0.0,18,0.0,20061018,17.6,2006-10-18
291,1.1,2006,10,78.4,21.7,1.2,11.6,232,0.0,0.0,19,0.0,20061019,16.6,2006-10-19
292,1.0,2006,10,76.8,23.0,6.5,10.1,232,0.0,0.0,20,0.0,20061020,15.5,2006-10-20
293,1.5,2006,10,70.1,24.2,8.1,10.1,232,0.0,0.0,21,0.0,20061021,16.5,2006-10-21
294,1.5,2006,10,81.9,16.7,0.0,12.0,232,20.5,0.0,22,0.0,20061022,14.8,2006-10-22
295,2.6,2006,10,66.8,15.1,1.1,8.1,232,0.5,0.0,23,0.0,20061023,11.4,2006-10-23
296,1.4,2006,10,63.3,18.2,10.1,4.1,232,0.0,0.0,24,0.0,20061024,10.9,2006-10-24
297,1.6,2006,10,64.8,18.5,3.0,5.0,232,0.0,0.0,25,0.0,20061025,11.7,2006-10-25
298,0.9,2006,10,68.0,17.8,0.4,8.6,232,0.0,0.0,26,0.0,20061026,12.5,2006-10-26
299,1.0,2006,10,71.5,17.2,8.5,4.5,232,0.0,0.0,27,0.0,20061027,10.0,2006-10-27
300,0.8,2006,10,72.6,19.7,8.7,2.7,232,0.0,0.0,28,0.0,20061028,10.8,2006-10-28
301,1.1,2006,10,72.4,18.7,6.7,3.7,232,0.5,0.0,29,0.0,20061029,10.6,2006-10-29
302,0.8,2006,10,64.0,19.5,10.2,0.4,232,0.0,0.0,30,0.0,20061030,8.9,2006-10-30
303,0.8,2006,10,75.3,19.2,8.5,2.2,232,0.0,0.0,31,0.0,20061031,10.0,2006-10-31
304,1.2,2006,11,74.3,20.5,5.7,6.1,232,0.0,0.0,1,0.0,20061101,13.3,2006-11-01
305,1.5,2006,11,69.4,18.8,8.1,4.5,232,0.0,0.0,2,0.0,20061102,10.2,2006-11-02
306,1.2,2006,11,71.8,20.7,7.3,3.7,232,0.0,0.0,3,0.0,20061103,11.6,2006-11-03
307,2.3,2006,11,65.8,19.7,4.9,10.1,232,0.0,0.0,4,0.0,20061104,14.6,2006-11-04
308,3.0,2006,11,65.6,16.7,5.7,2.2,232,4.0,0.0,5,0.0,20061105,11.5,2006-11-05
309,2.3,2006,11,79.5,9.5,0.6,-0.8,232,15.0,1.2,6,0.0,20061106,4.5,2006-11-06
310,1.1,2006,11,72.3,7.3,6.9,-2.5,232,1.8,4.1,7,0.0,20061107,2.1,2006-11-07
311,3.4,2006,11,63.1,17.8,8.4,2.7,232,0.0,0.0,8,0.0,20061108,12.0,2006-11-08
312,2.2,2006,11,62.5,17.8,4.9,2.9,232,0.0,0.0,9,0.0,20061109,12.6,2006-11-09
313,0.9,2006,11,51.1,12.1,1.5,1.2,232,0.0,0.0,10,0.0,20061110,6.4,2006-11-10
314,2.8,2006,11,47.8,9.1,9.4,-1.3,232,0.0,0.0,11,0.0,20061111,4.7,2006-11-11
315,1.0,2006,11,61.9,10.8,9.5,-4.5,232,0.0,0.0,12,0.0,20061112,2.3,2006-11-12
316,2.3,2006,11,70.9,14.3,4.5,-1.1,232,0.5,0.0,13,0.0,20061113,8.9,2006-11-13
317,3.6,2006,11,47.0,10.3,8.4,3.5,232,0.0,0.0,14,0.0,20061114,6.1,2006-11-14
318,2.5,2006,11,67.8,10.1,4.5,1.6,232,2.0,0.0,15,0.0,20061115,5.5,2006-11-15
319,1.4,2006,11,63.1,6.8,7.5,-3.5,232,0.0,0.0,16,0.0,20061116,0.5,2006-11-16
320,0.7,2006,11,67.3,9.8,8.7,-4.9,232,0.0,0.0,17,0.0,20061117,1.5,2006-11-17
321,0.9,2006,11,66.8,13.6,6.3,-1.6,232,0.0,0.0,18,0.0,20061118,3.7,2006-11-18
322,0.8,2006,11,68.6,11.1,1.2,-2.5,232,0.0,0.0,19,0.0,20061119,4.8,2006-11-19
323,1.1,2006,11,69.9,12.3,8.5,-2.2,232,0.0,0.0,20,0.0,20061120,4.5,2006-11-20
324,1.0,2006,11,75.4,11.5,1.2,-2.5,232,0.5,0.0,21,0.0,20061121,4.2,2006-11-21
325,0.8,2006,11,72.9,9.6,0.0,-1.7,232,0.0,0.0,22,0.0,20061122,3.1,2006-11-22
326,2.4,2006,11,65.9,10.8,1.8,-2.5,232,0.0,0.0,23,0.0,20061123,4.6,2006-11-23
327,3.0,2006,11,52.1,10.6,5.3,1.3,232,0.0,0.0,24,0.0,20061124,5.8,2006-11-24
328,0.9,2006,11,68.9,14.5,8.7,-3.2,232,0.0,0.0,25,0.0,20061125,4.7,2006-11-25
329,0.6,2006,11,68.0,14.1,0.0,3.5,232,0.0,0.0,26,0.0,20061126,8.9,2006-11-26
330,1.8,2006,11,85.8,9.0,0.0,5.0,232,31.5,0.0,27,0.0,20061127,7.2,2006-11-27
331,2.1,2006,11,73.9,9.1,0.8,1.7,232,0.5,0.0,28,0.0,20061128,5.3,2006-11-28
332,1.8,2006,11,56.8,4.9,7.0,-2.4,232,0.0,0.0,29,0.0,20061129,1.4,2006-11-29
333,1.1,2006,11,77.9,4.5,2.1,-3.7,232,0.5,0.0,30,0.0,20061130,0.5,2006-11-30
334,1.5,2006,12,79.5,6.0,3.3,-1.0,232,2.0,0.0,1,0.0,20061201,1.7,2006-12-01
335,3.3,2006,12,61.3,3.4,2.6,-4.9,232,4.5,0.8,2,0.0,20061202,-2.0,2006-12-02
336,2.3,2006,12,52.9,-0.8,8.6,-7.1,232,0.0,0.0,3,0.0,20061203,-4.3,2006-12-03
337,1.4,2006,12,58.4,2.5,8.6,-5.5,232,0.0,0.0,4,0.0,20061204,-2.6,2006-12-04
338,1.7,2006,12,67.5,6.4,3.1,-5.0,232,0.0,0.0,5,0.0,20061205,-0.5,2006-12-05
339,1.5,2006,12,74.8,7.6,5.8,-4.5,232,0.0,0.0,6,0.0,20061206,0.8,2006-12-06
340,1.6,2006,12,70.5,6.5,0.0,1.8,232,0.0,0.0,7,0.0,20061207,4.2,2006-12-07
341,2.0,2006,12,75.8,6.8,1.2,2.5,232,3.5,0.0,8,0.0,20061208,4.8,2006-12-08
342,2.6,2006,12,74.0,6.1,2.4,-1.3,232,3.0,0.0,9,0.0,20061209,2.8,2006-12-09
343,1.2,2006,12,66.9,2.7,6.1,-5.3,232,0.0,0.0,10,0.0,20061210,-2.0,2006-12-10
344,0.8,2006,12,65.6,5.6,6.5,-6.1,232,0.0,0.0,11,0.0,20061211,-0.8,2006-12-11
345,1.2,2006,12,71.3,8.6,2.4,-3.4,232,0.0,0.0,12,0.0,20061212,2.1,2006-12-12
346,1.2,2006,12,78.5,9.5,1.7,-1.7,232,0.0,0.0,13,0.0,20061213,3.6,2006-12-13
347,0.6,2006,12,74.4,6.5,0.8,-3.0,232,0.0,0.0,14,0.0,20061214,0.4,2006-12-14
348,1.5,2006,12,74.9,9.1,1.9,-3.7,232,0.0,0.0,15,0.0,20061215,2.2,2006-12-15
349,1.3,2006,12,76.5,4.5,2.1,-4.3,232,0.5,0.0,16,0.0,20061216,-0.5,2006-12-16
350,2.4,2006,12,77.3,0.5,1.4,-6.5,232,3.1,7.6,17,0.0,20061217,-1.7,2006-12-17
351,0.7,2006,12,72.8,1.1,7.7,-11.1,232,0.0,0.0,18,0.0,20061218,-4.7,2006-12-18
352,1.6,2006,12,65.4,5.0,6.7,-9.1,232,0.0,0.0,19,0.0,20061219,-1.9,2006-12-19
353,1.6,2006,12,65.4,8.3,5.1,-2.5,232,0.0,0.0,20,0.0,20061220,1.1,2006-12-20
354,0.7,2006,12,79.4,7.6,7.5,-4.1,232,0.0,0.0,21,0.0,20061221,-0.4,2006-12-21
355,0.9,2006,12,78.8,7.4,5.3,-4.0,232,0.0,0.0,22,0.0,20061222,0.5,2006-12-22
356,1.0,2006,12,78.4,8.1,7.7,-5.5,232,0.0,0.0,23,0.0,20061223,-0.2,2006-12-23
357,0.9,2006,12,78.6,6.1,4.0,-6.4,232,0.0,0.0,24,0.0,20061224,-0.6,2006-12-24
358,1.2,2006,12,74.8,12.3,7.7,-2.9,232,0.0,0.0,25,0.0,20061225,2.8,2006-12-25
359,0.9,2006,12,75.4,12.3,8.3,-3.2,232,0.0,0.0,26,0.0,20061226,3.3,2006-12-26
360,3.1,2006,12,68.1,4.4,1.6,-1.8,232,0.0,0.0,27,0.0,20061227,0.8,2006-12-27
361,5.3,2006,12,54.8,-1.7,0.7,-10.8,232,0.6,1.5,28,0.0,20061228,-7.4,2006-12-28
362,1.6,2006,12,56.3,-3.0,8.4,-14.3,232,0.0,0.0,29,0.0,20061229,-9.3,2006-12-29
363,0.6,2006,12,54.5,1.1,7.2,-13.6,232,0.0,0.0,30,0.0,20061230,-5.7,2006-12-30
364,0.6,2006,12,59.8,6.0,8.4,-9.8,232,0.0,0.0,31,0.0,20061231,-3.4,2006-12-31
