,station_id,humid,month,tmin,Date,tmax,rainfall,sunshine,tavg,snow,wind,day,year,date,cloud
0,232,80.6,1,-9.2,2020-01-01,1.2,0.0,0.0,-2.4,0.0,1.1,1,2020,20200101,6.5
1,232,87.5,1,-1.3,2020-01-02,2.6,0.0,0.0,0.4,0.0,0.5,2,2020,20200102,0.0
2,232,81.4,1,-3.9,2020-01-03,5.4,0.0,5.2,0.0,0.0,0.7,3,2020,20200103,4.8
3,232,80.4,1,-6.4,2020-01-04,7.5,0.0,5.7,-0.7,0.0,0.7,4,2020,20200104,1.9
4,232,72.6,1,-7.2,2020-01-05,7.0,0.0,7.3,-0.7,0.0,0.6,5,2020,20200105,3.5
5,232,87.8,1,-2.4,2020-01-06,5.2,5.7,0.0,2.6,0.0,1.5,6,2020,20200106,9.8
6,232,99.1,1,5.2,2020-01-07,13.7,44.0,0.0,8.3,0.0,1.7,7,2020,20200107,10.0
7,232,93.4,1,1.4,2020-01-08,11.5,7.8,0.0,3.7,0.0,3.6,8,2020,20200108,8.0
8,232,77.0,1,-4.0,2020-01-09,3.5,0.0,5.6,-0.1,0.0,1.5,9,2020,20200109,3.0
9,232,80.0,1,-5.8,2020-01-10,5.3,0.0,8.6,-1.3,0.0,0.8,10,2020,20200110,3.8
10,232,78.0,1,-5.6,2020-01-11,5.5,0.0,8.4,-0.4,0.0,0.9,11,2020,20200111,3.9
11,232,73.6,1,-2.9,2020-01-12,3.7,0.0,3.9,0.4,0.0,1.5,12,2020,20200112,5.5
12,232,67.9,1,-5.2,2020-01-13,2.0,0.0,7.8,-1.2,0.0,1.7,13,2020,20200113,4.4
13,232,69.6,1,-6.3,2020-01-14,3.7,0.0,6.2,-1.9,0.0,1.0,14,2020,20200114,4.5
14,232,73.5,1,-7.5,2020-01-15,2.5,0.0,9.1,-2.9,0.0,1.0,15,2020,20200115,1.3
15,232,66.1,1,-7.5,2020-01-16,3.9,0.0,7.7,-2.3,0.0,0.9,16,2020,20200116,7.5
16,232,69.5,1,-7.0,2020-01-17,4.5,0.0,6.8,-1.9,0.0,0.7,17,2020,20200117,4.8
17,232,64.9,1,-7.4,2020-01-18,6.2,0.0,9.1,-1.2,0.0,1.0,18,2020,20200118,2.4
18,232,74.6,1,-4.9,2020-01-19,7.7,0.0,2.4,1.2,0.0,1.2,19,2020,20200119,5.1
19,232,67.6,1,-1.9,2020-01-20,6.5,0.3,3.9,1.5,0.0,1.7,20,2020,20200120,4.3
20,232,53.3,1,-7.6,2020-01-21,5.5,0.0,9.3,-1.2,0.0,0.9,21,2020,20200121,2.9
21,232,64.4,1,-2.5,2020-01-22,4.4,0.0,0.0,1.2,0.0,0.7,22,2020,20200122,9.5
22,232,66.3,1,-2.1,2020-01-23,11.5,0.0,8.4,4.3,0.0,1.3,23,2020,20200123,5.9
23,232,79.6,1,-3.2,2020-01-24,9.3,0.0,8.4,2.2,0.0,0.8,24,2020,20200124,5.4
24,232,85.6,1,-2.7,2020-01-25,9.8,0.0,1.9,2.7,0.0,0.3,25,2020,20200125,7.5
25,232,70.9,1,-1.8,2020-01-26,11.4,0.0,4.8,5.2,0.0,1.9,26,2020,20200126,8.8
26,232,69.4,1,2.6,2020-01-27,8.0,1.9,0.0,5.7,0.0,3.5,27,2020,20200127,9.9
27,232,74.4,1,2.1,2020-01-28,10.6,0.0,2.0,6.1,0.0,1.1,28,2020,20200128,8.5
28,232,66.0,1,1.7,2020-01-29,10.1,0.0,4.7,5.8,0.0,1.4,29,2020,20200129,6.8
29,232,67.6,1,-1.3,2020-01-30,10.4,0.0,4.7,4.0,0.0,0.8,30,2020,20200130,4.9
30,232,75.8,1,-2.0,2020-01-31,8.2,0.0,4.5,2.5,0.0,1.1,31,2020,20200131,3.3
31,232,85.6,2,-4.3,2020-02-01,7.0,0.0,0.8,0.5,0.0,0.6,1,2020,20200201,4.8
32,232,73.3,2,-4.9,2020-02-02,6.7,0.0,6.8,0.4,0.0,0.8,2,2020,20200202,2.3
33,232,61.8,2,-4.0,2020-02-03,4.3,0.0,9.4,0.1,0.0,1.7,3,2020,20200203,2.6
34,232,69.5,2,-8.5,2020-02-04,5.5,0.6,9.4,-1.0,0.0,1.4,4,2020,20200204,2.6
35,232,48.1,2,-8.7,2020-02-05,-0.9,0.0,9.8,-6.1,0.0,2.3,5,2020,20200205,0.0
36,232,53.9,2,-12.8,2020-02-06,0.1,0.0,9.1,-6.6,0.0,0.9,6,2020,20200206,2.9
37,232,66.9,2,-10.1,2020-02-07,2.5,0.0,4.3,-2.7,0.0,1.0,7,2020,20200207,6.4
38,232,61.9,2,-4.5,2020-02-08,4.2,0.0,9.2,0.2,0.0,1.8,8,2020,20200208,2.3
39,232,67.0,2,-9.2,2020-02-09,4.7,0.0,9.7,-2.0,0.0,1.0,9,2020,20200209,2.0
40,232,63.5,2,-2.3,2020-02-10,10.6,0.0,8.7,2.8,0.0,1.1,10,2020,20200210,1.5
41,232,56.5,2,-5.3,2020-02-11,14.7,0.0,8.8,4.6,0.0,0.8,11,2020,20200211,3.6
42,232,94.9,2,3.5,2020-02-12,9.0,7.9,0.0,6.6,0.0,1.2,12,2020,20200212,7.8
43,232,91.5,2,1.4,2020-02-13,12.0,0.1,1.7,6.8,0.0,1.2,13,2020,20200213,7.6
44,232,89.3,2,1.1,2020-02-14,13.7,0.0,4.7,5.4,0.0,0.6,14,2020,20200214,5.8
45,232,78.9,2,-0.9,2020-02-15,16.0,0.5,4.1,8.0,0.0,1.4,15,2020,20200215,6.6
46,232,88.8,2,-3.3,2020-02-16,6.5,7.5,1.0,-0.2,0.0,3.7,16,2020,20200216,9.0
47,232,83.5,2,-7.8,2020-02-17,-2.4,1.2,0.7,-5.0,0.0,1.9,17,2020,20200217,8.6
48,232,71.0,2,-13.2,2020-02-18,2.1,0.0,9.9,-4.9,0.0,1.1,18,2020,20200218,1.4
49,232,78.5,2,-7.6,2020-02-19,7.3,0.0,6.0,-0.3,0.0,0.7,19,2020,20200219,7.8
50,232,76.9,2,-3.0,2020-02-20,11.8,0.0,9.4,3.3,0.0,0.7,20,2020,20200220,3.0
51,232,78.5,2,-1.9,2020-02-21,13.1,0.8,3.1,5.9,0.0,1.2,21,2020,20200221,8.8
52,232,64.5,2,1.4,2020-02-22,9.5,3.6,5.6,5.3,0.0,3.7,22,2020,20200222,5.9
53,232,61.0,2,-4.4,2020-02-23,8.5,0.0,10.4,2.2,0.0,1.2,23,2020,20200223,0.0
54,232,62.9,2,-4.0,2020-02-24,14.4,0.0,9.2,5.4,0.0,0.7,24,2020,20200224,4.5
55,232,89.9,2,5.2,2020-02-25,8.2,35.5,0.0,6.6,0.0,2.9,25,2020,20200225,8.8
56,232,78.8,2,1.5,2020-02-26,12.0,0.0,5.8,6.1,0.0,1.5,26,2020,20200226,2.6
57,232,76.8,2,0.1,2020-02-27,10.7,0.0,6.2,4.4,0.0,0.7,27,2020,20200227,3.3
58,232,93.1,2,-0.3,2020-02-28,5.4,5.4,0.0,3.8,0.0,1.0,28,2020,20200228,8.5
59,232,84.8,2,2.6,2020-02-29,13.0,0.0,4.2,6.9,0.0,0.7,29,2020,20200229,4.0
60,232,82.9,3,0.2,2020-03-01,11.5,0.0,1.3,5.5,0.0,1.6,1,2020,20200301,8.0
61,232,62.8,3,0.9,2020-03-02,7.5,0.0,10.3,3.9,0.0,2.2,2,2020,20200302,3.1
62,232,72.6,3,-2.0,2020-03-03,12.9,0.0,3.5,4.8,0.0,1.4,3,2020,20200303,8.0
63,232,66.8,3,0.2,2020-03-04,7.1,0.0,4.5,2.6,0.0,2.7,4,2020,20200304,7.1
64,232,55.1,3,-3.7,2020-03-05,7.2,0.0,10.8,1.1,0.0,1.8,5,2020,20200305,0.0
65,232,57.4,3,-6.4,2020-03-06,11.1,0.0,10.8,2.3,0.0,0.8,6,2020,20200306,3.3
66,232,69.5,3,-2.2,2020-03-07,10.2,0.0,0.4,4.1,0.0,0.8,7,2020,20200307,6.3
67,232,63.9,3,-2.7,2020-03-08,17.3,0.0,10.7,6.8,0.0,0.9,8,2020,20200308,0.8
68,232,66.0,3,-0.7,2020-03-09,16.6,1.1,4.5,8.7,0.0,0.9,9,2020,20200309,8.5
69,232,87.1,3,2.5,2020-03-10,8.0,7.6,0.0,6.4,0.0,2.1,10,2020,20200310,7.4
70,232,55.6,3,-1.3,2020-03-11,8.0,0.0,11.2,3.4,0.0,2.2,11,2020,20200311,0.0
71,232,55.9,3,-4.4,2020-03-12,15.4,0.0,10.9,5.0,0.0,1.3,12,2020,20200312,0.4
72,232,51.9,3,0.6,2020-03-13,10.5,0.0,6.0,5.0,0.0,1.9,13,2020,20200313,6.3
73,232,51.6,3,-4.0,2020-03-14,10.7,0.0,10.6,4.3,0.0,2.3,14,2020,20200314,3.1
74,232,59.0,3,-1.9,2020-03-15,10.4,0.0,6.0,3.5,0.0,2.6,15,2020,20200315,4.4
75,232,51.3,3,-3.3,2020-03-16,10.7,0.0,11.3,3.2,0.0,1.4,16,2020,20200316,0.0
76,232,78.9,3,-3.1,2020-03-17,12.7,0.0,2.4,4.2,0.0,1.2,17,2020,20200317,5.0
77,232,60.3,3,-1.8,2020-03-18,18.4,0.0,8.5,8.2,0.0,1.0,18,2020,20200318,1.8
78,232,51.8,3,6.1,2020-03-19,14.0,0.0,5.6,10.0,0.0,4.3,19,2020,20200319,3.4
79,232,48.1,3,-0.4,2020-03-20,15.9,0.0,11.1,7.9,0.0,1.8,20,2020,20200320,0.4
80,232,62.6,3,0.7,2020-03-21,22.2,0.0,6.9,11.9,0.0,1.6,21,2020,20200321,5.1
81,232,56.5,3,6.8,2020-03-22,17.6,0.0,10.4,11.3,0.0,2.2,22,2020,20200322,2.0
82,232,53.6,3,-0.4,2020-03-23,17.6,0.0,9.3,9.2,0.0,1.6,23,2020,20200323,0.0
83,232,54.1,3,0.4,2020-03-24,18.2,0.0,11.2,9.3,0.0,1.1,24,2020,20200324,0.0
84,232,52.9,3,0.2,2020-03-25,20.8,0.0,10.4,11.0,0.0,0.9,25,2020,20200325,2.5
85,232,69.9,3,4.8,2020-03-26,19.8,0.1,1.3,13.3,0.0,1.4,26,2020,20200326,9.3
86,232,78.3,3,4.7,2020-03-27,14.2,12.9,4.8,10.5,0.0,1.7,27,2020,20200327,6.8
87,232,41.4,3,2.3,2020-03-28,11.9,0.0,4.9,6.8,0.0,1.5,28,2020,20200328,7.6
88,232,57.6,3,-2.6,2020-03-29,15.7,0.0,10.3,6.9,0.0,1.1,29,2020,20200329,3.8
89,232,49.9,3,2.0,2020-03-30,17.3,0.0,11.5,9.6,0.0,1.1,30,2020,20200330,2.3
90,232,46.3,3,0.0,2020-03-31,19.1,0.0,10.4,10.0,0.0,1.2,31,2020,20200331,4.1
91,232,49.1,4,4.2,2020-04-01,17.2,0.0,7.4,10.1,0.0,2.0,1,2020,20200401,4.6
92,232,51.4,4,-0.6,2020-04-02,16.5,0.0,11.1,8.2,0.0,1.4,2,2020,20200402,2.0
93,232,48.5,4,-0.7,2020-04-03,16.5,0.0,11.7,8.4,0.0,1.6,3,2020,20200403,0.4
94,232,49.4,4,-0.5,2020-04-04,14.0,0.0,10.5,7.1,0.0,2.1,4,2020,20200404,1.3
95,232,41.0,4,-1.0,2020-04-05,13.2,0.0,12.1,6.0,0.0,1.8,5,2020,20200405,0.0
96,232,49.9,4,-2.5,2020-04-06,16.6,0.0,10.6,7.8,0.0,1.4,6,2020,20200406,3.3
97,232,53.5,4,1.2,2020-04-07,18.8,0.0,10.0,10.5,0.0,1.6,7,2020,20200407,1.9
98,232,42.0,4,0.9,2020-04-08,14.2,0.0,12.1,8.6,0.0,2.1,8,2020,20200408,0.0
99,232,55.0,4,0.5,2020-04-09,14.5,0.0,11.7,8.2,0.0,1.8,9,2020,20200409,2.4
100,232,59.0,4,1.5,2020-04-10,17.1,0.0,9.1,9.5,0.0,1.4,10,2020,20200410,5.5
101,232,67.1,4,0.8,2020-04-11,14.3,0.0,3.9,7.4,0.0,1.0,11,2020,20200411,6.0
102,232,64.6,4,-0.6,2020-04-12,15.7,0.4,8.3,8.3,0.0,2.4,12,2020,20200412,2.4
103,232,41.8,4,5.0,2020-04-13,17.5,0.0,10.5,10.6,0.0,2.3,13,2020,20200413,2.1
104,232,44.9,4,0.7,2020-04-14,20.7,0.0,12.2,11.0,0.0,1.3,14,2020,20200414,1.5
105,232,42.6,4,1.1,2020-04-15,19.9,0.0,11.1,11.3,0.0,1.0,15,2020,20200415,6.3
106,232,44.5,4,2.8,2020-04-16,22.6,0.0,10.9,14.6,0.0,1.8,16,2020,20200416,3.9
107,232,73.1,4,9.3,2020-04-17,18.5,2.4,2.3,13.2,0.0,2.5,17,2020,20200417,7.0
108,232,69.3,4,8.9,2020-04-18,19.4,0.0,7.4,13.2,0.0,1.9,18,2020,20200418,4.0
109,232,83.5,4,7.6,2020-04-19,14.4,12.0,0.5,10.8,0.0,2.3,19,2020,20200419,9.4
110,232,80.4,4,6.7,2020-04-20,15.6,0.0,1.4,10.4,0.0,2.1,20,2020,20200420,6.3
111,232,54.3,4,2.1,2020-04-21,12.2,0.0,10.4,7.2,0.0,3.4,21,2020,20200421,6.6
112,232,48.4,4,3.8,2020-04-22,10.1,0.1,6.5,6.4,0.0,3.3,22,2020,20200422,4.5
113,232,51.1,4,-0.9,2020-04-23,14.0,0.0,10.3,7.3,0.0,2.5,23,2020,20200423,1.5
114,232,52.0,4,-0.8,2020-04-24,15.9,0.0,12.4,9.3,0.0,2.7,24,2020,20200424,0.0
115,232,46.4,4,8.2,2020-04-25,21.4,0.0,11.0,14.4,0.0,3.4,25,2020,20200425,1.6
116,232,49.8,4,2.7,2020-04-26,18.5,0.0,12.2,11.4,0.0,1.8,26,2020,20200426,1.6
117,232,51.4,4,2.8,2020-04-27,18.2,0.2,11.2,11.1,0.0,1.8,27,2020,20200427,2.3
118,232,52.4,4,2.3,2020-04-28,21.6,0.0,12.5,12.5,0.0,1.5,28,2020,20200428,0.0
119,232,58.5,4,4.9,2020-04-29,23.3,0.0,12.3,13.6,0.0,1.1,29,2020,20200429,0.0
120,232,62.0,4,3.6,2020-04-30,25.7,0.0,12.1,16.2,0.0,1.4,30,2020,20200430,1.5
121,232,68.0,5,14.8,2020-05-01,29.1,0.0,8.7,21.7,0.0,1.9,1,2020,20200501,3.8
122,232,74.5,5,18.0,2020-05-02,26.8,0.0,3.0,21.3,0.0,1.1,2,2020,20200502,8.5
123,232,85.4,5,14.9,2020-05-03,22.5,0.5,1.5,18.2,0.0,1.8,3,2020,20200503,7.8
124,232,73.6,5,12.3,2020-05-04,26.1,0.0,8.6,19.3,0.0,1.5,4,2020,20200504,5.6
125,232,91.9,5,9.8,2020-05-05,20.5,5.0,1.3,13.8,0.0,0.7,5,2020,20200505,7.1
126,232,71.8,5,9.5,2020-05-06,26.8,0.0,9.0,16.9,0.0,1.1,6,2020,20200506,2.8
127,232,39.9,5,9.5,2020-05-07,24.9,0.0,11.2,18.5,0.0,2.4,7,2020,20200507,3.5
128,232,48.6,5,10.9,2020-05-08,24.0,4.8,8.4,17.3,0.0,1.6,8,2020,20200508,7.5
129,232,96.3,5,13.1,2020-05-09,17.6,12.8,0.0,15.5,0.0,2.5,9,2020,20200509,8.9
130,232,92.3,5,10.6,2020-05-10,18.9,0.8,0.8,14.3,0.0,1.4,10,2020,20200510,6.0
131,232,66.3,5,9.4,2020-05-11,24.1,0.1,8.9,16.7,0.0,1.4,11,2020,20200511,6.4
132,232,67.1,5,9.8,2020-05-12,20.4,0.0,10.8,15.1,0.0,2.5,12,2020,20200512,2.0
133,232,56.0,5,6.7,2020-05-13,22.7,0.0,12.9,14.8,0.0,1.9,13,2020,20200513,0.6
134,232,52.3,5,8.5,2020-05-14,26.6,0.0,7.6,18.0,0.0,0.8,14,2020,20200514,8.6
135,232,91.3,5,14.4,2020-05-15,18.0,11.8,0.0,15.6,0.0,1.9,15,2020,20200515,9.0
136,232,95.0,5,15.1,2020-05-16,19.9,0.1,0.1,16.9,0.0,0.9,16,2020,20200516,8.1
137,232,78.3,5,15.3,2020-05-17,26.4,0.0,8.2,20.3,0.0,1.1,17,2020,20200517,6.1
138,232,84.0,5,13.6,2020-05-18,26.0,37.5,4.7,18.9,0.0,2.5,18,2020,20200518,8.3
139,232,82.8,5,10.8,2020-05-19,18.0,4.1,2.1,13.2,0.0,1.5,19,2020,20200519,7.8
140,232,71.3,5,7.3,2020-05-20,19.7,0.0,8.7,13.5,0.0,1.2,20,2020,20200520,4.0
141,232,72.9,5,7.7,2020-05-21,22.0,0.0,9.4,15.9,0.0,0.7,21,2020,20200521,4.0
142,232,74.8,5,12.9,2020-05-22,23.1,0.0,4.3,18.3,0.0,1.5,22,2020,20200522,7.6
143,232,73.5,5,13.9,2020-05-23,25.6,0.0,11.8,19.5,0.0,1.2,23,2020,20200523,4.9
144,232,83.6,5,14.8,2020-05-24,22.7,8.9,6.4,18.4,0.0,1.6,24,2020,20200524,6.4
145,232,84.8,5,13.6,2020-05-25,20.4,0.0,1.3,16.3,0.0,0.8,25,2020,20200525,7.9
146,232,75.9,5,12.0,2020-05-26,24.4,0.0,7.0,17.1,0.0,1.2,26,2020,20200526,7.4
147,232,68.9,5,11.9,2020-05-27,23.9,0.0,11.7,17.3,0.0,1.3,27,2020,20200527,5.3
148,232,73.8,5,10.0,2020-05-28,24.5,0.0,9.7,17.3,0.0,1.0,28,2020,20200528,3.8
149,232,72.0,5,11.4,2020-05-29,26.6,0.0,10.8,19.1,0.0,0.8,29,2020,20200529,3.5
150,232,63.6,5,12.6,2020-05-30,28.3,0.0,12.2,21.1,0.0,0.8,30,2020,20200530,3.0
151,232,70.3,5,12.9,2020-05-31,26.6,0.0,6.3,20.1,0.0,1.0,31,2020,20200531,6.5
152,232,64.0,6,13.5,2020-06-01,25.4,0.7,11.3,19.6,0.0,2.2,1,2020,20200601,5.0
153,232,66.9,6,11.5,2020-06-02,23.0,0.0,1.1,17.9,0.0,0.8,2,2020,20200602,9.3
154,232,78.6,6,17.4,2020-06-03,27.9,0.0,7.7,21.7,0.0,0.9,3,2020,20200603,6.0
155,232,76.3,6,18.5,2020-06-04,29.9,0.0,8.9,23.9,0.0,1.3,4,2020,20200604,4.6
156,232,67.3,6,19.2,2020-06-05,28.8,0.0,9.3,23.5,0.0,1.2,5,2020,20200605,6.5
157,232,66.0,6,15.4,2020-06-06,30.2,0.0,10.4,23.4,0.0,1.1,6,2020,20200606,4.0
158,232,76.0,6,18.9,2020-06-07,28.1,0.0,6.0,22.6,0.0,1.0,7,2020,20200607,4.4
159,232,71.0,6,16.6,2020-06-08,31.1,0.0,12.3,23.8,0.0,1.2,8,2020,20200608,0.1
160,232,61.3,6,16.6,2020-06-09,32.7,0.0,12.3,24.8,0.0,1.0,9,2020,20200609,3.0
161,232,70.5,6,17.0,2020-06-10,32.4,45.7,8.7,24.4,0.0,0.9,10,2020,20200610,7.4
162,232,79.3,6,20.7,2020-06-11,30.2,1.9,6.8,24.5,0.0,1.1,11,2020,20200611,4.8
163,232,91.4,6,19.2,2020-06-12,26.6,2.5,0.2,22.8,0.0,0.4,12,2020,20200612,9.5
164,232,80.8,6,20.1,2020-06-13,30.7,1.8,7.4,24.7,0.0,1.2,13,2020,20200613,7.5
165,232,82.1,6,20.2,2020-06-14,27.8,1.1,4.7,23.3,0.0,1.8,14,2020,20200614,5.6
166,232,71.6,6,15.2,2020-06-15,28.0,0.0,11.6,21.5,0.0,1.3,15,2020,20200615,4.9
167,232,72.5,6,15.5,2020-06-16,29.0,0.0,8.3,22.5,0.0,0.8,16,2020,20200616,6.5
168,232,76.3,6,18.3,2020-06-17,26.5,0.0,4.2,22.1,0.0,1.0,17,2020,20200617,9.3
169,232,79.9,6,17.1,2020-06-18,23.5,0.0,0.0,20.1,0.0,0.9,18,2020,20200618,9.3
170,232,74.0,6,17.1,2020-06-19,28.1,0.0,6.9,22.5,0.0,0.9,19,2020,20200619,5.9
171,232,79.3,6,16.7,2020-06-20,29.5,0.0,10.7,22.7,0.0,1.0,20,2020,20200620,2.9
172,232,71.4,6,18.5,2020-06-21,31.2,0.0,11.3,24.3,0.0,1.0,21,2020,20200621,2.5
173,232,66.5,6,17.5,2020-06-22,32.9,0.0,12.9,25.6,0.0,0.9,22,2020,20200622,0.8
174,232,75.0,6,17.7,2020-06-23,30.0,0.0,4.7,24.4,0.0,0.7,23,2020,20200623,9.0
175,232,88.4,6,20.2,2020-06-24,24.4,3.8,0.0,21.7,0.0,2.0,24,2020,20200624,9.5
176,232,91.4,6,20.3,2020-06-25,24.2,2.5,0.1,21.5,0.0,1.2,25,2020,20200625,9.1
177,232,81.0,6,19.1,2020-06-26,26.3,0.0,5.0,22.1,0.0,1.8,26,2020,20200626,7.8
178,232,78.8,6,18.2,2020-06-27,28.3,0.0,3.6,22.9,0.0,0.8,27,2020,20200627,7.9
179,232,77.8,6,17.1,2020-06-28,28.7,0.0,9.5,22.6,0.0,1.2,28,2020,20200628,3.1
180,232,87.9,6,16.5,2020-06-29,26.1,37.5,0.4,21.2,0.0,2.5,29,2020,20200629,8.3
181,232,95.4,6,18.0,2020-06-30,20.8,24.4,0.0,19.8,0.0,1.8,30,2020,20200630,0.0
182,232,91.9,7,16.7,2020-07-01,24.2,3.0,1.2,19.9,0.0,0.8,1,2020,20200701,8.0
183,232,82.4,7,16.9,2020-07-02,28.1,0.0,6.6,22.4,0.0,0.7,2,2020,20200702,7.0
184,232,79.9,7,18.5,2020-07-03,25.3,0.0,1.0,21.5,0.0,1.8,3,2020,20200703,9.3
185,232,79.8,7,17.6,2020-07-04,26.8,0.0,5.4,21.5,0.0,0.9,4,2020,20200704,6.6
186,232,83.9,7,17.6,2020-07-05,26.5,0.0,5.2,21.9,0.0,0.6,5,2020,20200705,6.4
187,232,80.1,7,18.2,2020-07-06,28.8,0.0,5.9,23.8,0.0,0.9,6,2020,20200706,6.7
188,232,79.4,7,20.4,2020-07-07,27.1,0.0,3.6,23.7,0.0,1.1,7,2020,20200707,5.1
189,232,80.4,7,18.1,2020-07-08,29.6,0.0,8.2,23.4,0.0,1.0,8,2020,20200708,6.1
190,232,73.0,7,19.0,2020-07-09,30.6,0.0,10.6,25.4,0.0,1.7,9,2020,20200709,4.3
191,232,83.1,7,22.1,2020-07-10,28.6,1.7,6.4,24.7,0.0,2.0,10,2020,20200710,8.6
192,232,76.5,7,20.8,2020-07-11,28.8,0.0,5.1,25.0,0.0,1.2,11,2020,20200711,0.0
193,232,88.5,7,18.8,2020-07-12,24.1,10.2,0.0,21.7,0.0,2.2,12,2020,20200712,0.0
194,232,97.1,7,17.7,2020-07-13,20.2,71.1,0.0,18.7,0.0,3.5,13,2020,20200713,10.0
195,232,93.4,7,17.6,2020-07-14,21.7,8.8,0.0,19.5,0.0,2.3,14,2020,20200714,0.0
196,232,87.4,7,18.1,2020-07-15,26.1,1.4,6.0,21.0,0.0,1.0,15,2020,20200715,5.8
197,232,83.5,7,17.6,2020-07-16,28.1,0.0,5.3,22.3,0.0,0.7,16,2020,20200716,5.0
198,232,79.6,7,18.7,2020-07-17,29.6,0.0,9.4,23.8,0.0,0.8,17,2020,20200717,4.1
199,232,76.1,7,19.6,2020-07-18,28.4,0.0,5.9,23.6,0.0,1.0,18,2020,20200718,6.1
200,232,82.9,7,20.1,2020-07-19,27.9,11.6,0.2,24.6,0.0,2.5,19,2020,20200719,9.4
201,232,92.5,7,21.5,2020-07-20,27.2,6.5,0.1,23.8,0.0,1.8,20,2020,20200720,9.4
202,232,80.3,7,20.8,2020-07-21,29.1,0.0,9.0,24.3,0.0,0.6,21,2020,20200721,6.5
203,232,98.9,7,21.3,2020-07-22,24.0,40.1,0.0,22.3,0.0,0.4,22,2020,20200722,10.0
204,232,97.1,7,20.2,2020-07-23,22.5,56.7,0.0,21.3,0.0,3.0,23,2020,20200723,9.5
205,232,90.8,7,19.1,2020-07-24,24.3,15.2,0.2,21.4,0.0,2.4,24,2020,20200724,8.6
206,232,92.3,7,20.0,2020-07-25,26.9,0.8,0.4,22.5,0.0,0.7,25,2020,20200725,8.1
207,232,90.9,7,20.1,2020-07-26,26.7,0.2,2.1,23.1,0.0,0.6,26,2020,20200726,8.0
208,232,92.1,7,21.4,2020-07-27,26.7,1.3,0.2,23.6,0.0,1.1,27,2020,20200727,10.0
209,232,94.1,7,21.6,2020-07-28,25.9,4.5,0.0,23.5,0.0,1.1,28,2020,20200728,9.8
210,232,99.3,7,22.9,2020-07-29,25.1,71.3,0.0,23.9,0.0,1.2,29,2020,20200729,9.6
211,232,97.5,7,23.0,2020-07-30,27.3,52.0,0.2,24.5,0.0,0.7,30,2020,20200730,7.9
212,232,92.3,7,22.8,2020-07-31,29.3,0.0,2.9,25.5,0.0,0.6,31,2020,20200731,8.4
213,232,92.5,8,22.9,2020-08-01,29.6,17.4,2.2,25.3,0.0,1.0,1,2020,20200801,8.9
214,232,92.6,8,22.8,2020-08-02,29.0,6.7,0.5,25.7,0.0,1.2,2,2020,20200802,9.0
215,232,96.3,8,22.5,2020-08-03,26.5,182.9,0.0,24.4,0.0,1.3,3,2020,20200803,9.0
216,232,90.6,8,22.2,2020-08-04,30.8,1.3,2.6,26.2,0.0,1.0,4,2020,20200804,8.5
217,232,95.1,8,24.0,2020-08-05,27.6,15.8,1.2,25.8,0.0,1.4,5,2020,20200805,8.7
218,232,96.1,8,21.6,2020-08-06,27.6,19.1,0.5,24.4,0.0,2.1,6,2020,20200806,9.6
219,232,98.3,8,20.5,2020-08-07,23.7,5.9,0.0,22.1,0.0,0.6,7,2020,20200807,7.9
220,232,99.0,8,21.8,2020-08-08,25.8,27.2,0.0,23.5,0.0,1.2,8,2020,20200808,9.3
221,232,94.5,8,23.7,2020-08-09,27.7,39.0,0.0,25.1,0.0,1.4,9,2020,20200809,9.0
222,232,95.1,8,23.0,2020-08-10,29.2,13.5,1.2,25.6,0.0,1.1,10,2020,20200810,8.6
223,232,98.6,8,22.8,2020-08-11,25.8,30.7,0.0,24.1,0.0,0.8,11,2020,20200811,8.8
224,232,97.3,8,22.6,2020-08-12,29.1,24.5,0.6,25.5,0.0,0.6,12,2020,20200812,8.4
225,232,88.5,8,23.7,2020-08-13,31.8,0.0,4.5,27.6,0.0,1.3,13,2020,20200813,6.3
226,232,84.5,8,25.7,2020-08-14,31.8,0.0,3.8,28.0,0.0,1.9,14,2020,20200814,0.0
227,232,87.1,8,25.1,2020-08-15,31.0,0.0,2.1,27.8,0.0,1.1,15,2020,20200815,7.3
228,232,86.1,8,23.2,2020-08-16,31.8,0.0,6.6,26.8,0.0,1.1,16,2020,20200816,5.8
229,232,86.1,8,22.0,2020-08-17,32.0,0.0,6.6,26.5,0.0,0.5,17,2020,20200817,5.4
230,232,87.3,8,22.4,2020-08-18,31.7,0.0,8.7,26.3,0.0,0.8,18,2020,20200818,2.4
231,232,83.4,8,21.3,2020-08-19,32.5,0.0,10.4,26.3,0.0,0.9,19,2020,20200819,2.1
232,232,82.4,8,21.9,2020-08-20,32.0,0.0,9.2,26.6,0.0,0.7,20,2020,20200820,2.4
233,232,85.0,8,21.2,2020-08-21,32.3,0.0,8.6,26.6,0.0,0.7,21,2020,20200821,5.3
234,232,93.1,8,22.6,2020-08-22,28.5,6.6,0.4,24.8,0.0,1.0,22,2020,20200822,8.8
235,232,85.0,8,20.8,2020-08-23,30.3,0.0,7.6,24.9,0.0,0.7,23,2020,20200823,4.9
236,232,82.9,8,20.8,2020-08-24,31.8,0.0,10.9,26.2,0.0,0.8,24,2020,20200824,4.4
237,232,81.8,8,22.4,2020-08-25,34.1,0.0,10.2,27.8,0.0,1.0,25,2020,20200825,4.8
238,232,82.4,8,24.1,2020-08-26,32.6,2.1,5.5,27.7,0.0,3.4,26,2020,20200826,7.4
239,232,84.9,8,24.6,2020-08-27,31.5,19.1,3.9,27.5,0.0,3.0,27,2020,20200827,8.3
240,232,88.6,8,24.1,2020-08-28,32.5,44.8,4.4,27.0,0.0,0.9,28,2020,20200828,8.5
241,232,94.6,8,23.6,2020-08-29,30.9,25.1,1.4,26.0,0.0,0.9,29,2020,20200829,7.3
242,232,87.3,8,24.4,2020-08-30,31.3,0.0,4.2,27.1,0.0,0.5,30,2020,20200830,6.3
243,232,81.0,8,23.8,2020-08-31,29.8,0.0,2.0,26.3,0.0,2.1,31,2020,20200831,6.4
244,232,80.1,9,21.3,2020-09-01,30.3,0.3,4.8,25.6,0.0,1.4,1,2020,20200901,6.8
245,232,97.1,9,23.0,2020-09-02,24.8,31.7,0.0,23.9,0.0,1.5,2,2020,20200902,10.0
246,232,84.8,9,20.4,2020-09-03,26.0,56.6,4.9,22.8,0.0,3.6,3,2020,20200903,6.5
247,232,76.6,9,18.4,2020-09-04,27.8,0.0,9.2,22.7,0.0,1.2,4,2020,20200904,3.4
248,232,86.0,9,17.2,2020-09-05,24.9,0.0,0.1,20.6,0.0,0.9,5,2020,20200905,9.0
249,232,89.4,9,18.0,2020-09-06,24.9,10.9,0.3,20.3,0.0,1.8,6,2020,20200906,10.0
250,232,94.6,9,16.7,2020-09-07,21.9,42.1,0.0,18.8,0.0,3.3,7,2020,20200907,7.5
251,232,79.8,9,18.4,2020-09-08,26.6,0.0,8.8,22.4,0.0,2.0,8,2020,20200908,4.1
252,232,87.5,9,17.3,2020-09-09,25.7,3.2,3.6,20.7,0.0,1.0,9,2020,20200909,7.7
253,232,85.8,9,16.1,2020-09-10,26.9,0.0,6.8,20.9,0.0,0.5,10,2020,20200910,5.4
254,232,85.6,9,17.7,2020-09-11,25.2,4.9,0.5,20.7,0.0,1.4,11,2020,20200911,9.1
255,232,96.3,9,17.2,2020-09-12,20.2,12.5,0.0,18.7,0.0,0.8,12,2020,20200912,7.4
256,232,82.3,9,16.0,2020-09-13,25.4,0.0,9.2,20.0,0.0,0.8,13,2020,20200913,3.4
257,232,85.8,9,14.6,2020-09-14,25.7,0.0,8.9,20.0,0.0,0.8,14,2020,20200914,4.4
258,232,85.1,9,16.7,2020-09-15,27.3,0.0,6.4,21.2,0.0,0.7,15,2020,20200915,6.1
259,232,96.6,9,19.2,2020-09-16,23.5,4.8,0.3,20.3,0.0,0.6,16,2020,20200916,7.6
260,232,91.5,9,16.8,2020-09-17,23.4,0.0,0.0,20.2,0.0,0.4,17,2020,20200917,9.9
261,232,79.5,9,13.8,2020-09-18,24.4,0.0,7.2,18.7,0.0,1.6,18,2020,20200918,5.3
262,232,86.9,9,12.4,2020-09-19,24.4,0.2,6.7,17.0,0.0,0.8,19,2020,20200919,3.0
263,232,79.1,9,10.9,2020-09-20,24.2,0.0,9.6,16.4,0.0,0.9,20,2020,20200920,0.3
264,232,79.8,9,9.8,2020-09-21,23.3,0.0,9.6,16.1,0.0,0.5,21,2020,20200921,4.8
265,232,77.9,9,12.2,2020-09-22,23.6,0.0,7.4,17.5,0.0,1.5,22,2020,20200922,5.4
266,232,69.8,9,12.8,2020-09-23,23.3,0.0,3.8,18.0,0.0,1.9,23,2020,20200923,8.9
267,232,67.0,9,14.5,2020-09-24,25.3,0.0,8.0,19.5,0.0,2.5,24,2020,20200924,5.9
268,232,75.0,9,12.6,2020-09-25,25.3,0.0,5.6,19.0,0.0,1.6,25,2020,20200925,5.5
269,232,77.5,9,12.4,2020-09-26,23.6,0.0,8.5,17.5,0.0,1.4,26,2020,20200926,3.4
270,232,79.1,9,11.4,2020-09-27,24.2,0.0,10.7,17.4,0.0,0.9,27,2020,20200927,0.5
271,232,81.3,9,10.9,2020-09-28,25.0,0.0,10.7,17.0,0.0,0.6,28,2020,20200928,1.0
272,232,81.6,9,10.6,2020-09-29,24.1,0.0,5.8,16.7,0.0,0.6,29,2020,20200929,5.9
273,232,83.3,9,11.8,2020-09-30,24.3,0.0,7.8,18.0,0.0,0.5,30,2020,20200930,5.0
274,232,83.1,10,13.0,2020-10-01,24.2,0.0,6.4,18.2,0.0,1.0,1,2020,20201001,5.3
275,232,82.5,10,14.2,2020-10-02,24.2,0.8,4.2,18.8,0.0,1.0,2,2020,20201002,7.1
276,232,96.3,10,16.2,2020-10-03,21.3,18.1,1.2,18.1,0.0,0.2,3,2020,20201003,9.5
277,232,78.3,10,12.1,2020-10-04,21.7,0.0,1.1,16.8,0.0,1.6,4,2020,20201004,9.0
278,232,71.0,10,5.0,2020-10-05,18.4,0.0,10.0,11.9,0.0,1.3,5,2020,20201005,2.6
279,232,77.8,10,5.3,2020-10-06,19.0,0.0,10.9,11.9,0.0,0.8,6,2020,20201006,2.0
280,232,71.9,10,7.9,2020-10-07,20.8,0.0,7.9,14.7,0.0,1.2,7,2020,20201007,6.1
281,232,66.9,10,8.5,2020-10-08,21.7,0.0,9.8,15.4,0.0,1.9,8,2020,20201008,0.6
282,232,71.6,10,7.3,2020-10-09,22.5,0.0,10.5,14.9,0.0,1.7,9,2020,20201009,1.8
283,232,75.0,10,8.1,2020-10-10,21.7,0.0,9.4,15.0,0.0,1.0,10,2020,20201010,5.0
284,232,87.4,10,9.0,2020-10-11,19.4,0.0,4.7,14.7,0.0,0.8,11,2020,20201011,4.5
285,232,81.9,10,9.9,2020-10-12,21.8,0.0,4.1,15.4,0.0,0.8,12,2020,20201012,4.3
286,232,75.4,10,5.2,2020-10-13,17.3,0.0,5.3,10.7,0.0,0.6,13,2020,20201013,5.4
287,232,72.4,10,5.4,2020-10-14,19.0,0.0,4.0,10.7,0.0,0.8,14,2020,20201014,6.9
288,232,72.3,10,3.0,2020-10-15,17.2,0.0,5.2,9.0,0.0,0.6,15,2020,20201015,6.8
289,232,82.8,10,3.8,2020-10-16,16.2,0.0,0.3,9.8,0.0,0.3,16,2020,20201016,7.1
290,232,78.5,10,5.3,2020-10-17,19.2,0.0,9.6,10.6,0.0,0.6,17,2020,20201017,1.9
291,232,79.5,10,1.8,2020-10-18,19.2,0.0,9.9,10.4,0.0,0.7,18,2020,20201018,0.6
292,232,80.6,10,4.6,2020-10-19,20.8,0.0,9.6,11.8,0.0,0.6,19,2020,20201019,1.8
293,232,81.4,10,7.3,2020-10-20,21.2,0.0,7.2,11.8,0.0,0.5,20,2020,20201020,3.0
294,232,90.0,10,6.8,2020-10-21,15.9,0.0,0.0,11.3,0.0,0.5,21,2020,20201021,8.6
295,232,76.0,10,7.2,2020-10-22,17.5,0.0,3.6,11.7,0.0,1.4,22,2020,20201022,3.8
296,232,60.1,10,4.3,2020-10-23,13.3,0.0,10.0,8.9,0.0,1.7,23,2020,20201023,0.3
297,232,66.3,10,-0.9,2020-10-24,13.1,0.0,9.9,6.5,0.0,1.4,24,2020,20201024,0.9
298,232,76.4,10,0.5,2020-10-25,18.6,0.0,8.5,8.8,0.0,0.7,25,2020,20201025,4.5
299,232,81.6,10,2.5,2020-10-26,18.8,0.0,8.3,9.6,0.0,0.6,26,2020,20201026,1.9
300,232,82.1,10,3.7,2020-10-27,19.8,0.0,8.7,10.6,0.0,0.6,27,2020,20201027,2.3
301,232,64.9,10,6.4,2020-10-28,19.0,0.0,7.6,12.5,0.0,1.1,28,2020,20201028,2.9
302,232,64.0,10,0.0,2020-10-29,16.7,0.0,9.1,7.8,0.0,0.8,29,2020,20201029,4.0
303,232,68.0,10,0.6,2020-10-30,18.4,0.0,9.7,8.4,0.0,0.6,30,2020,20201030,0.9
304,232,76.6,10,1.8,2020-10-31,18.5,0.0,7.5,10.3,0.0,0.5,31,2020,20201031,4.4
305,232,96.6,11,10.4,2020-11-01,12.7,5.6,0.0,11.6,0.0,0.5,1,2020,20201101,9.8
306,232,71.1,11,3.6,2020-11-02,16.3,0.0,7.4,9.8,0.0,0.6,2,2020,20201102,0.0
307,232,58.0,11,0.6,2020-11-03,9.1,1.2,7.6,5.6,0.0,2.1,3,2020,20201103,2.9
308,232,65.4,11,-3.5,2020-11-04,10.7,0.0,9.8,3.1,0.0,1.0,4,2020,20201104,0.0
309,232,72.0,11,-2.5,2020-11-05,14.5,0.0,7.0,6.6,0.0,0.6,5,2020,20201105,5.5
310,232,73.0,11,7.1,2020-11-06,15.6,0.0,0.1,11.0,0.0,0.7,6,2020,20201106,9.1
311,232,77.4,11,5.2,2020-11-07,18.1,0.0,7.1,11.2,0.0,0.8,7,2020,20201107,3.9
312,232,55.9,11,2.6,2020-11-08,13.2,0.0,9.4,7.6,0.0,1.7,8,2020,20201108,0.3
313,232,46.9,11,-2.3,2020-11-09,10.8,0.0,8.3,5.9,0.0,1.3,9,2020,20201109,3.1
314,232,65.6,11,-1.1,2020-11-10,13.2,0.0,9.7,5.6,0.0,1.0,10,2020,20201110,0.0
315,232,72.0,11,-1.4,2020-11-11,15.5,0.0,9.7,6.0,0.0,0.5,11,2020,20201111,0.0
316,232,69.5,11,-1.0,2020-11-12,17.9,0.0,9.6,7.2,0.0,0.5,12,2020,20201112,0.4
317,232,81.8,11,0.8,2020-11-13,18.1,0.0,5.6,7.7,0.0,0.5,13,2020,20201113,2.6
318,232,79.0,11,3.7,2020-11-14,18.3,0.0,6.0,9.3,0.0,0.6,14,2020,20201114,0.0
319,232,83.0,11,2.1,2020-11-15,18.1,0.0,7.4,9.3,0.0,0.5,15,2020,20201115,2.5
320,232,81.8,11,3.2,2020-11-16,18.3,0.0,7.6,9.1,0.0,0.7,16,2020,20201116,3.1
321,232,83.4,11,5.8,2020-11-17,19.5,2.7,1.9,13.6,0.0,1.2,17,2020,20201117,6.4
322,232,93.4,11,11.1,2020-11-18,19.0,3.8,0.0,15.7,0.0,1.1,18,2020,20201118,8.9
323,232,90.1,11,9.5,2020-11-19,20.6,28.8,0.0,15.1,0.0,2.6,19,2020,20201119,9.5
324,232,78.3,11,3.3,2020-11-20,9.5,0.0,0.0,5.3,0.0,2.3,20,2020,20201120,9.4
325,232,72.8,11,-1.4,2020-11-21,13.1,0.0,8.3,6.9,0.0,1.6,21,2020,20201121,4.3
326,232,82.6,11,3.8,2020-11-22,8.9,3.8,0.0,7.0,0.0,1.6,22,2020,20201122,8.8
327,232,70.0,11,-2.0,2020-11-23,6.7,0.0,9.3,2.0,0.0,1.5,23,2020,20201123,1.5
328,232,62.9,11,-2.6,2020-11-24,9.6,0.0,3.1,2.9,0.0,0.8,24,2020,20201124,8.1
329,232,74.5,11,-3.3,2020-11-25,11.2,0.0,9.2,3.0,0.0,0.8,25,2020,20201125,2.6
330,232,75.6,11,-0.7,2020-11-26,11.5,0.0,6.7,4.5,0.0,0.7,26,2020,20201126,7.0
331,232,70.0,11,1.8,2020-11-27,8.4,0.0,1.5,4.3,0.0,1.7,27,2020,20201127,6.0
332,232,55.4,11,-0.3,2020-11-28,4.4,0.0,8.6,1.8,0.0,1.9,28,2020,20201128,4.9
333,232,74.8,11,-2.4,2020-11-29,4.0,0.0,1.1,0.6,0.0,0.9,29,2020,20201129,6.0
334,232,74.5,11,-5.5,2020-11-30,4.6,0.0,8.4,-0.7,0.0,1.1,30,2020,20201130,2.4
335,232,64.4,12,-6.8,2020-12-01,7.3,0.0,9.0,-0.3,0.0,0.8,1,2020,20201201,5.1
336,232,52.1,12,-1.2,2020-12-02,8.1,0.0,5.8,2.9,0.0,0.9,2,2020,20201202,5.8
337,232,61.0,12,-3.2,2020-12-03,6.3,0.0,9.0,0.5,0.0,1.3,3,2020,20201203,3.9
338,232,69.8,12,-7.2,2020-12-04,5.0,0.0,8.6,-1.2,0.0,1.0,4,2020,20201204,0.8
339,232,90.8,12,-6.0,2020-12-05,4.4,0.0,1.0,-1.2,0.0,0.4,5,2020,20201205,6.3
340,232,83.0,12,-3.2,2020-12-06,9.2,0.0,5.7,1.6,0.0,0.6,6,2020,20201206,3.4
341,232,69.9,12,-1.9,2020-12-07,7.4,0.0,0.1,2.7,0.0,1.1,7,2020,20201207,5.6
342,232,59.6,12,-5.8,2020-12-08,4.4,0.0,8.9,-0.8,0.0,1.2,8,2020,20201208,1.6
343,232,66.5,12,-8.3,2020-12-09,6.6,0.0,5.9,-0.3,0.0,0.7,9,2020,20201209,4.8
344,232,72.8,12,0.9,2020-12-10,9.5,0.0,1.1,4.3,0.0,0.5,10,2020,20201210,7.6
345,232,79.8,12,0.9,2020-12-11,10.7,0.0,4.3,4.7,0.0,0.6,11,2020,20201211,7.5
346,232,57.3,12,-3.3,2020-12-12,7.6,0.0,8.7,2.6,0.0,1.2,12,2020,20201212,2.1
347,232,80.5,12,-4.5,2020-12-13,3.4,3.4,0.5,-1.2,0.0,1.6,13,2020,20201213,6.6
348,232,47.3,12,-7.7,2020-12-14,-2.9,0.0,9.0,-5.6,0.0,2.1,14,2020,20201214,3.8
349,232,51.5,12,-12.2,2020-12-15,-2.3,0.0,9.0,-6.6,0.0,1.7,15,2020,20201215,2.3
350,232,52.3,12,-12.2,2020-12-16,-2.1,0.0,9.1,-7.0,0.0,1.4,16,2020,20201216,0.0
351,232,65.0,12,-12.9,2020-12-17,0.8,0.0,9.0,-6.2,0.0,0.8,17,2020,20201217,1.3
352,232,67.9,12,-5.2,2020-12-18,2.7,1.3,3.7,-1.4,0.0,1.7,18,2020,20201218,5.1
353,232,54.4,12,-11.1,2020-12-19,-0.2,0.0,9.0,-5.1,0.0,1.2,19,2020,20201219,2.4
354,232,66.9,12,-10.9,2020-12-20,2.1,0.0,8.9,-4.7,0.0,0.9,20,2020,20201220,0.4
355,232,75.3,12,-8.2,2020-12-21,4.4,0.0,4.0,-1.8,0.0,0.6,21,2020,20201221,3.4
356,232,79.0,12,-6.5,2020-12-22,7.7,0.0,7.3,-0.7,0.0,0.7,22,2020,20201222,1.8
357,232,85.0,12,-5.2,2020-12-23,8.3,0.0,1.5,1.5,0.0,0.7,23,2020,20201223,5.8
358,232,71.0,12,-1.2,2020-12-24,8.2,0.0,6.5,2.2,0.0,1.7,24,2020,20201224,2.8
359,232,67.4,12,-4.9,2020-12-25,4.1,0.0,7.7,-0.4,0.0,1.2,25,2020,20201225,1.6
360,232,84.8,12,-5.9,2020-12-26,7.4,0.0,2.7,0.1,0.0,0.8,26,2020,20201226,6.3
361,232,85.8,12,-3.9,2020-12-27,8.4,0.0,4.9,1.7,0.0,0.5,27,2020,20201227,7.1
362,232,82.6,12,-2.0,2020-12-28,11.4,0.0,5.7,3.3,0.0,0.5,28,2020,20201228,4.5
363,232,86.9,12,-3.9,2020-12-29,4.4,0.8,0.2,0.0,0.0,1.4,29,2020,20201229,9.5
364,232,66.0,12,-11.6,2020-12-30,-3.9,0.0,5.3,-8.8,0.0,3.3,30,2020,20201230,4.4
365,232,76.1,12,-16.0,2020-12-31,-4.2,0.0,4.9,-9.6,0.0,1.0,31,2020,20201231,4.5
