,day,year,Date,date,sunshine,wind,snow,tmin,rainfall,tmax,station_id,tavg,cloud,humid,month
0,1,2008,2008-01-01,20080101,3.2,3.8,0.0,-8.0,0.0,-3.4,232,-5.4,0.0,65.3,1
1,2,2008,2008-01-02,20080102,8.4,1.4,0.0,-10.6,0.0,1.0,232,-4.8,0.0,76.6,1
2,3,2008,2008-01-03,20080103,7.4,1.8,0.0,-6.5,0.0,6.4,232,0.2,0.0,73.1,1
3,4,2008,2008-01-04,20080104,7.3,1.3,0.0,-6.1,0.0,4.6,232,-0.8,0.0,77.5,1
4,5,2008,2008-01-05,20080105,7.8,0.9,0.0,-4.5,0.0,6.5,232,-0.4,0.0,83.6,1
5,6,2008,2008-01-06,20080106,0.9,1.3,0.0,-3.2,0.0,9.1,232,2.6,0.0,84.6,1
6,7,2008,2008-01-07,20080107,0.0,0.9,0.0,-1.3,0.0,6.5,232,1.7,0.0,93.0,1
7,8,2008,2008-01-08,20080108,0.0,0.6,0.0,-2.1,0.0,5.3,232,0.6,0.0,87.6,1
8,9,2008,2008-01-09,20080109,6.8,1.2,0.0,-3.2,0.0,7.4,232,0.8,0.0,71.4,1
9,10,2008,2008-01-10,20080110,5.5,1.2,0.0,-3.7,0.0,5.4,232,0.4,0.0,68.8,1
10,11,2008,2008-01-11,20080111,0.0,1.3,0.0,0.1,13.5,1.8,232,1.3,0.0,84.5,1
11,12,2008,2008-01-12,20080112,0.1,2.6,0.0,-2.1,0.4,5.1,232,1.7,0.0,79.3,1
12,13,2008,2008-01-13,20080113,4.2,2.9,0.0,-6.5,0.0,-2.1,232,-4.0,0.0,50.6,1
13,14,2008,2008-01-14,20080114,7.9,2.1,0.0,-6.3,0.0,2.1,232,-2.4,0.0,66.3,1
14,15,2008,2008-01-15,20080115,6.8,1.9,0.0,-8.7,0.0,0.3,232,-3.9,0.0,58.6,1
15,16,2008,2008-01-16,20080116,8.7,3.6,0.0,-9.2,0.0,-2.4,232,-5.7,0.0,46.8,1
16,17,2008,2008-01-17,20080117,3.8,1.5,0.0,-12.9,0.0,-2.4,232,-7.1,0.0,51.9,1
17,18,2008,2008-01-18,20080118,8.1,1.5,0.0,-11.8,0.0,-0.4,232,-6.0,0.0,58.5,1
18,19,2008,2008-01-19,20080119,5.3,1.0,0.0,-9.4,0.0,2.2,232,-3.2,0.0,60.9,1
19,20,2008,2008-01-20,20080120,0.0,0.7,0.0,-2.7,0.2,3.7,232,0.2,0.0,76.3,1
20,21,2008,2008-01-21,20080121,0.0,2.3,1.0,0.0,1.2,3.6,232,1.4,0.0,83.5,1
21,22,2008,2008-01-22,20080122,0.0,1.4,0.0,0.0,1.5,2.4,232,1.1,0.0,90.8,1
22,23,2008,2008-01-23,20080123,4.8,4.4,0.0,-6.7,0.0,1.1,232,-1.5,0.0,72.6,1
23,24,2008,2008-01-24,20080124,8.9,3.8,0.0,-8.8,0.0,-3.2,232,-6.2,0.0,54.1,1
24,25,2008,2008-01-25,20080125,7.3,1.6,0.0,-11.0,0.0,-1.3,232,-5.9,0.0,56.1,1
25,26,2008,2008-01-26,20080126,7.6,1.5,0.0,-9.7,0.0,2.5,232,-4.7,0.0,67.8,1
26,27,2008,2008-01-27,20080127,9.1,1.0,0.0,-10.4,0.0,4.4,232,-3.7,0.0,71.4,1
27,28,2008,2008-01-28,20080128,0.0,1.2,0.0,-6.3,0.0,1.0,232,-2.4,0.0,70.0,1
28,29,2008,2008-01-29,20080129,6.2,1.5,0.0,-4.1,0.0,4.2,232,-0.8,0.0,63.4,1
29,30,2008,2008-01-30,20080130,4.6,3.3,0.5,-6.1,0.2,0.3,232,-1.8,0.0,63.0,1
30,31,2008,2008-01-31,20080131,8.6,2.3,0.0,-9.0,0.0,-0.6,232,-5.0,0.0,68.9,1
31,1,2008,2008-02-01,20080201,8.9,1.5,0.0,-11.6,0.0,2.0,232,-4.5,0.0,61.8,2
32,2,2008,2008-02-02,20080202,7.9,1.1,0.0,-7.9,0.0,3.7,232,-3.3,0.0,67.6,2
33,3,2008,2008-02-03,20080203,6.9,1.8,0.0,-7.3,0.0,4.4,232,-2.7,0.0,72.3,2
34,4,2008,2008-02-04,20080204,7.2,2.6,0.0,-8.5,0.0,2.8,232,-3.2,0.0,66.6,2
35,5,2008,2008-02-05,20080205,1.7,1.3,0.0,-10.2,0.0,0.3,232,-4.4,0.0,63.0,2
36,6,2008,2008-02-06,20080206,9.4,2.4,0.0,-9.2,0.0,1.1,232,-3.7,0.0,62.3,2
37,7,2008,2008-02-07,20080207,8.7,1.8,0.0,-11.8,0.0,1.2,232,-5.3,0.0,69.3,2
38,8,2008,2008-02-08,20080208,3.8,1.0,0.0,-11.9,0.0,1.6,232,-4.4,0.0,67.0,2
39,9,2008,2008-02-09,20080209,5.2,2.0,0.8,-8.4,0.4,0.5,232,-3.6,0.0,71.8,2
40,10,2008,2008-02-10,20080210,6.9,1.2,0.0,-11.3,0.0,3.7,232,-3.8,0.0,67.4,2
41,11,2008,2008-02-11,20080211,3.7,2.1,0.0,-7.6,0.0,4.4,232,-1.4,0.0,61.6,2
42,12,2008,2008-02-12,20080212,9.4,4.9,0.0,-8.2,0.0,-2.4,232,-5.4,0.0,41.9,2
43,13,2008,2008-02-13,20080213,10.0,2.6,0.0,-13.4,0.0,-1.5,232,-7.3,0.0,52.0,2
44,14,2008,2008-02-14,20080214,10.0,1.6,0.0,-11.9,0.0,3.4,232,-3.9,0.0,57.1,2
45,15,2008,2008-02-15,20080215,10.0,3.5,0.0,-7.8,0.0,0.6,232,-3.3,0.0,46.0,2
46,16,2008,2008-02-16,20080216,9.0,2.6,0.0,-12.6,0.0,1.0,232,-4.7,0.0,54.6,2
47,17,2008,2008-02-17,20080217,9.5,2.0,0.0,-11.6,0.0,1.9,232,-5.2,0.0,57.4,2
48,18,2008,2008-02-18,20080218,9.1,1.3,0.0,-11.7,0.0,4.5,232,-3.9,0.0,55.6,2
49,19,2008,2008-02-19,20080219,8.9,1.4,0.0,-10.7,0.0,6.2,232,-2.3,0.0,67.5,2
50,20,2008,2008-02-20,20080220,8.7,2.0,0.0,-5.9,0.0,7.7,232,0.4,0.0,57.4,2
51,21,2008,2008-02-21,20080221,9.2,1.5,0.0,-8.5,0.0,10.8,232,0.4,0.0,47.3,2
52,22,2008,2008-02-22,20080222,7.6,2.4,0.0,-4.5,0.5,13.2,232,5.2,0.0,56.1,2
53,23,2008,2008-02-23,20080223,8.7,5.4,0.0,-4.3,0.1,2.5,232,-1.9,0.0,51.4,2
54,24,2008,2008-02-24,20080224,10.3,1.6,0.0,-10.5,0.0,4.4,232,-2.9,0.0,53.6,2
55,25,2008,2008-02-25,20080225,0.0,1.6,3.7,-7.7,5.6,4.4,232,-1.0,0.0,76.3,2
56,26,2008,2008-02-26,20080226,2.5,3.3,6.6,-2.9,4.5,0.8,232,-0.7,0.0,79.9,2
57,27,2008,2008-02-27,20080227,8.6,2.7,0.0,-9.7,0.0,5.9,232,-0.6,0.0,63.5,2
58,28,2008,2008-02-28,20080228,10.0,1.9,0.0,-6.3,0.0,8.6,232,1.4,0.0,65.8,2
59,29,2008,2008-02-29,20080229,3.8,3.1,0.0,-1.4,0.0,11.6,232,4.2,0.0,62.8,2
60,1,2008,2008-03-01,20080301,10.4,2.4,0.0,-2.8,0.0,7.5,232,1.8,0.0,61.4,3
61,2,2008,2008-03-02,20080302,0.0,1.6,0.0,-2.7,0.0,8.5,232,2.4,0.0,69.5,3
62,3,2008,2008-03-03,20080303,5.8,2.8,0.0,-0.9,0.0,7.7,232,2.5,0.0,70.8,3
63,4,2008,2008-03-04,20080304,8.0,1.5,0.0,-5.1,0.0,6.8,232,0.1,0.0,74.8,3
64,5,2008,2008-03-05,20080305,10.1,1.6,0.0,-5.5,0.0,8.7,232,1.1,0.0,69.5,3
65,6,2008,2008-03-06,20080306,5.1,3.0,0.0,-2.7,0.0,9.6,232,2.7,0.0,73.8,3
66,7,2008,2008-03-07,20080307,10.6,2.1,0.0,-4.2,0.0,8.1,232,1.8,0.0,63.8,3
67,8,2008,2008-03-08,20080308,10.2,1.4,0.0,-5.6,0.0,11.8,232,3.1,0.0,62.5,3
68,9,2008,2008-03-09,20080309,8.9,1.8,0.0,-1.8,0.0,12.2,232,4.1,0.0,65.3,3
69,10,2008,2008-03-10,20080310,7.7,1.4,0.0,-2.1,0.0,13.6,232,5.0,0.0,72.3,3
70,11,2008,2008-03-11,20080311,4.8,1.4,0.0,3.5,0.0,17.3,232,9.6,0.0,66.4,3
71,12,2008,2008-03-12,20080312,8.2,1.7,0.0,0.4,0.0,19.5,232,9.5,0.0,68.5,3
72,13,2008,2008-03-13,20080313,0.0,2.1,0.0,4.1,1.0,14.5,232,9.7,0.0,73.3,3
73,14,2008,2008-03-14,20080314,8.6,2.1,0.0,1.7,0.0,14.5,232,7.3,0.0,71.8,3
74,15,2008,2008-03-15,20080315,9.5,2.8,0.0,-0.6,0.0,16.2,232,8.4,0.0,62.3,3
75,16,2008,2008-03-16,20080316,9.3,3.1,0.0,0.0,0.0,12.0,232,6.7,0.0,57.5,3
76,17,2008,2008-03-17,20080317,10.1,1.2,0.0,-3.9,0.0,17.0,232,6.3,0.0,53.1,3
77,18,2008,2008-03-18,20080318,5.5,1.8,0.0,0.1,0.0,19.7,232,10.2,0.0,51.1,3
78,19,2008,2008-03-19,20080319,6.3,2.7,0.0,5.3,0.0,19.6,232,10.4,0.0,57.6,3
79,20,2008,2008-03-20,20080320,11.0,1.2,0.0,-1.5,0.0,18.4,232,8.6,0.0,40.3,3
80,21,2008,2008-03-21,20080321,9.4,2.2,0.0,0.6,0.0,20.7,232,10.5,0.0,38.3,3
81,22,2008,2008-03-22,20080322,3.2,2.4,0.0,7.4,5.5,17.2,232,11.7,0.0,42.1,3
82,23,2008,2008-03-23,20080323,0.0,2.2,0.0,5.6,32.0,10.4,232,8.2,0.0,91.8,3
83,24,2008,2008-03-24,20080324,9.0,3.6,0.0,3.1,0.5,15.4,232,7.9,0.0,73.0,3
84,25,2008,2008-03-25,20080325,3.6,3.0,0.0,-0.8,0.1,9.1,232,4.7,0.0,71.8,3
85,26,2008,2008-03-26,20080326,7.3,2.4,0.0,-0.8,0.0,11.2,232,5.3,0.0,68.8,3
86,27,2008,2008-03-27,20080327,7.5,3.2,0.0,3.6,0.0,10.8,232,6.8,0.0,64.6,3
87,28,2008,2008-03-28,20080328,9.5,1.7,0.0,-1.1,0.0,11.8,232,6.4,0.0,64.6,3
88,29,2008,2008-03-29,20080329,0.0,1.8,0.0,5.5,0.5,9.5,232,7.1,0.0,79.5,3
89,30,2008,2008-03-30,20080330,0.0,2.0,0.0,5.3,0.5,8.7,232,6.8,0.0,81.6,3
90,31,2008,2008-03-31,20080331,4.5,4.0,0.0,3.2,0.0,11.3,232,6.9,0.0,72.3,3
91,1,2008,2008-04-01,20080401,8.5,2.6,0.0,-0.7,0.0,14.1,232,7.4,0.0,61.6,4
92,2,2008,2008-04-02,20080402,1.1,2.9,0.0,3.4,0.0,14.1,232,8.3,0.0,66.8,4
93,3,2008,2008-04-03,20080403,10.5,2.3,0.0,-0.2,0.0,16.0,232,7.6,0.0,59.5,4
94,4,2008,2008-04-04,20080404,11.4,2.3,0.0,-1.2,0.0,19.0,232,9.0,0.0,52.4,4
95,5,2008,2008-04-05,20080405,9.6,1.7,0.0,3.6,0.0,20.4,232,11.6,0.0,58.0,4
96,6,2008,2008-04-06,20080406,7.6,2.3,0.0,2.3,4.5,23.7,232,13.3,0.0,52.9,4
97,7,2008,2008-04-07,20080407,4.4,1.7,0.0,7.5,1.5,17.3,232,11.5,0.0,77.5,4
98,8,2008,2008-04-08,20080408,10.8,1.9,0.0,3.9,0.0,23.7,232,14.2,0.0,52.6,4
99,9,2008,2008-04-09,20080409,0.0,4.2,0.0,9.3,11.0,15.1,232,12.1,0.0,61.1,4
100,10,2008,2008-04-10,20080410,7.4,2.5,0.0,8.0,6.5,20.0,232,13.0,0.0,67.1,4
101,11,2008,2008-04-11,20080411,8.0,2.1,0.0,4.3,0.0,20.5,232,12.4,0.0,68.0,4
102,12,2008,2008-04-12,20080412,3.3,2.5,0.0,4.7,0.0,18.0,232,12.3,0.0,68.8,4
103,13,2008,2008-04-13,20080413,2.1,1.9,0.0,7.0,0.0,17.0,232,12.2,0.0,72.0,4
104,14,2008,2008-04-14,20080414,11.8,1.6,0.0,2.3,0.0,20.4,232,11.0,0.0,61.4,4
105,15,2008,2008-04-15,20080415,10.6,1.6,0.0,3.2,0.0,22.9,232,13.2,0.0,55.8,4
106,16,2008,2008-04-16,20080416,9.1,1.4,0.0,6.2,0.0,24.8,232,15.1,0.0,57.8,4
107,17,2008,2008-04-17,20080417,7.7,2.4,0.0,8.9,0.0,23.7,232,16.5,0.0,59.8,4
108,18,2008,2008-04-18,20080418,11.8,1.7,0.0,6.9,0.0,24.3,232,15.6,0.0,58.0,4
109,19,2008,2008-04-19,20080419,11.3,1.5,0.0,6.5,0.0,28.1,232,17.6,0.0,50.1,4
110,20,2008,2008-04-20,20080420,8.0,3.6,0.0,8.4,0.0,24.8,232,18.3,0.0,36.1,4
111,21,2008,2008-04-21,20080421,0.1,3.3,0.0,14.9,0.0,22.7,232,18.1,0.0,31.8,4
112,22,2008,2008-04-22,20080422,0.0,1.9,0.0,12.6,6.0,21.0,232,16.8,0.0,48.3,4
113,23,2008,2008-04-23,20080423,1.2,3.7,0.0,7.2,2.5,14.1,232,11.0,0.0,77.1,4
114,24,2008,2008-04-24,20080424,11.6,3.2,0.0,4.7,0.0,14.8,232,9.4,0.0,50.3,4
115,25,2008,2008-04-25,20080425,5.8,4.2,0.0,6.8,0.5,21.3,232,13.8,0.0,47.4,4
116,26,2008,2008-04-26,20080426,1.2,4.1,0.0,5.6,1.5,13.6,232,9.7,0.0,73.1,4
117,27,2008,2008-04-27,20080427,4.4,1.6,0.0,2.5,0.0,14.6,232,8.7,0.0,73.0,4
118,28,2008,2008-04-28,20080428,11.4,1.7,0.0,2.2,0.0,21.8,232,12.1,0.0,61.1,4
119,29,2008,2008-04-29,20080429,6.8,1.6,0.0,6.4,0.0,23.7,232,15.4,0.0,71.6,4
120,30,2008,2008-04-30,20080430,8.7,2.0,0.0,10.6,0.0,25.9,232,18.3,0.0,67.5,4
121,1,2008,2008-05-01,20080501,9.6,2.2,0.0,13.3,0.0,27.0,232,19.6,0.0,63.5,5
122,2,2008,2008-05-02,20080502,10.0,1.5,0.0,11.8,0.0,27.4,232,19.4,0.0,68.3,5
123,3,2008,2008-05-03,20080503,10.2,1.4,0.0,11.9,0.0,28.9,232,19.8,0.0,65.4,5
124,4,2008,2008-05-04,20080504,0.0,1.8,0.0,14.8,1.5,21.9,232,18.5,0.0,72.0,5
125,5,2008,2008-05-05,20080505,12.9,4.1,0.0,8.7,0.5,21.8,232,15.4,0.0,53.6,5
126,6,2008,2008-05-06,20080506,11.9,2.8,0.0,7.1,0.0,26.0,232,16.5,0.0,39.3,5
127,7,2008,2008-05-07,20080507,7.4,2.7,0.0,9.1,0.0,25.8,232,17.8,0.0,41.0,5
128,8,2008,2008-05-08,20080508,0.6,1.6,0.0,14.1,0.0,24.1,232,18.2,0.0,62.8,5
129,9,2008,2008-05-09,20080509,6.3,4.0,0.0,12.1,0.0,23.4,232,17.8,0.0,41.1,5
130,10,2008,2008-05-10,20080510,11.0,2.9,0.0,7.7,0.0,21.6,232,15.4,0.0,41.5,5
131,11,2008,2008-05-11,20080511,13.0,2.6,0.0,8.3,0.0,22.5,232,14.9,0.0,49.9,5
132,12,2008,2008-05-12,20080512,4.8,3.9,0.0,10.0,0.0,19.7,232,14.9,0.0,47.5,5
133,13,2008,2008-05-13,20080513,4.7,2.3,0.0,9.7,3.0,16.3,232,11.7,0.0,76.1,5
134,14,2008,2008-05-14,20080514,12.1,1.9,0.0,7.2,0.0,18.4,232,12.9,0.0,63.8,5
135,15,2008,2008-05-15,20080515,9.9,1.6,0.0,6.3,0.0,20.9,232,13.8,0.0,65.3,5
136,16,2008,2008-05-16,20080516,10.2,1.8,0.0,8.9,0.0,22.6,232,15.2,0.0,62.4,5
137,17,2008,2008-05-17,20080517,9.6,1.4,0.0,7.3,0.0,24.7,232,16.2,0.0,56.3,5
138,18,2008,2008-05-18,20080518,0.0,1.6,0.0,11.9,51.0,17.5,232,14.2,0.0,81.4,5
139,19,2008,2008-05-19,20080519,10.3,4.0,0.0,10.7,0.1,20.7,232,14.3,0.0,66.5,5
140,20,2008,2008-05-20,20080520,12.0,2.0,0.0,8.2,0.0,21.3,232,15.1,0.0,68.5,5
141,21,2008,2008-05-21,20080521,6.1,3.1,0.0,12.3,0.0,25.8,232,19.2,0.0,48.3,5
142,22,2008,2008-05-22,20080522,5.5,2.2,0.0,14.5,0.0,26.7,232,21.0,0.0,67.0,5
143,23,2008,2008-05-23,20080523,0.0,1.3,0.0,16.0,0.0,25.2,232,20.8,0.0,75.8,5
144,24,2008,2008-05-24,20080524,3.8,1.4,0.0,16.9,0.0,27.7,232,22.1,0.0,69.3,5
145,25,2008,2008-05-25,20080525,10.4,1.9,0.0,15.7,0.0,28.2,232,20.8,0.0,72.4,5
146,26,2008,2008-05-26,20080526,6.3,1.6,0.0,15.2,0.0,24.9,232,19.1,0.0,71.8,5
147,27,2008,2008-05-27,20080527,7.4,2.4,0.0,15.0,0.0,29.5,232,21.7,0.0,61.9,5
148,28,2008,2008-05-28,20080528,0.0,2.0,0.0,18.7,6.5,22.9,232,20.7,0.0,82.3,5
149,29,2008,2008-05-29,20080529,8.3,2.3,0.0,18.9,0.0,27.4,232,22.9,0.0,72.0,5
150,30,2008,2008-05-30,20080530,1.5,2.1,0.0,12.1,0.0,22.2,232,18.8,0.0,63.3,5
151,31,2008,2008-05-31,20080531,12.5,2.0,0.0,8.2,0.0,24.8,232,16.8,0.0,60.3,5
152,1,2008,2008-06-01,20080601,9.2,2.0,0.0,12.7,0.0,26.3,232,20.3,0.0,53.1,6
153,2,2008,2008-06-02,20080602,5.2,2.4,0.0,14.4,15.0,25.6,232,19.6,0.0,66.0,6
154,3,2008,2008-06-03,20080603,6.7,2.2,0.0,15.6,0.5,25.6,232,20.3,0.0,67.6,6
155,4,2008,2008-06-04,20080604,1.5,3.2,0.0,16.2,0.2,19.8,232,17.9,0.0,72.0,6
156,5,2008,2008-06-05,20080605,0.0,1.7,0.0,14.6,5.5,17.9,232,15.7,0.0,87.1,6
157,6,2008,2008-06-06,20080606,2.4,2.1,0.0,14.9,0.0,22.8,232,18.0,0.0,77.1,6
158,7,2008,2008-06-07,20080607,4.7,1.4,0.0,15.0,0.0,25.2,232,19.2,0.0,74.5,6
159,8,2008,2008-06-08,20080608,4.4,1.7,0.0,14.7,20.0,25.2,232,18.6,0.0,79.4,6
160,9,2008,2008-06-09,20080609,9.3,1.5,0.0,15.6,0.1,27.6,232,21.3,0.0,74.5,6
161,10,2008,2008-06-10,20080610,4.9,1.4,0.0,19.1,0.0,27.8,232,22.7,0.0,75.6,6
162,11,2008,2008-06-11,20080611,2.7,2.3,0.0,17.6,0.0,27.4,232,22.0,0.0,66.9,6
163,12,2008,2008-06-12,20080612,13.1,1.7,0.0,13.4,0.0,29.2,232,21.7,0.0,62.1,6
164,13,2008,2008-06-13,20080613,7.7,1.6,0.0,17.3,0.0,28.8,232,21.7,0.0,76.9,6
165,14,2008,2008-06-14,20080614,7.1,2.6,0.0,16.3,0.0,26.8,232,22.0,0.0,69.3,6
166,15,2008,2008-06-15,20080615,11.8,4.1,0.0,17.4,0.0,26.8,232,21.5,0.0,54.3,6
167,16,2008,2008-06-16,20080616,9.7,3.2,0.0,14.4,0.0,27.3,232,21.1,0.0,55.4,6
168,17,2008,2008-06-17,20080617,1.0,3.3,0.0,18.2,0.1,26.4,232,22.7,0.0,65.1,6
169,18,2008,2008-06-18,20080618,0.0,2.9,0.0,18.4,68.5,24.4,232,19.9,0.0,90.0,6
170,19,2008,2008-06-19,20080619,5.3,1.7,0.0,18.0,0.1,27.3,232,21.8,0.0,79.4,6
171,20,2008,2008-06-20,20080620,4.2,1.4,0.0,19.0,0.0,29.4,232,23.9,0.0,76.1,6
172,21,2008,2008-06-21,20080621,0.0,2.1,0.0,21.0,0.1,23.9,232,22.3,0.0,82.3,6
173,22,2008,2008-06-22,20080622,1.9,2.0,0.0,20.2,0.1,26.9,232,23.0,0.0,70.9,6
174,23,2008,2008-06-23,20080623,5.8,1.8,0.0,18.0,0.0,26.7,232,21.9,0.0,73.8,6
175,24,2008,2008-06-24,20080624,5.7,1.9,0.0,18.9,0.0,25.7,232,21.7,0.0,70.5,6
176,25,2008,2008-06-25,20080625,6.9,1.7,0.0,18.0,0.0,28.4,232,22.5,0.0,69.1,6
177,26,2008,2008-06-26,20080626,9.5,2.0,0.0,17.6,0.0,28.5,232,23.1,0.0,73.8,6
178,27,2008,2008-06-27,20080627,9.3,1.6,0.0,17.2,0.0,29.4,232,22.7,0.0,72.8,6
179,28,2008,2008-06-28,20080628,0.0,2.0,0.0,18.7,9.0,22.8,232,20.2,0.0,85.6,6
180,29,2008,2008-06-29,20080629,0.1,1.7,0.0,18.5,7.5,23.7,232,20.5,0.0,83.4,6
181,30,2008,2008-06-30,20080630,4.2,1.5,0.0,17.0,0.0,27.0,232,21.7,0.0,81.9,6
182,1,2008,2008-07-01,20080701,0.2,1.5,0.0,19.2,0.0,26.9,232,23.4,0.0,76.1,7
183,2,2008,2008-07-02,20080702,0.3,2.5,0.0,21.2,0.4,26.4,232,24.1,0.0,77.0,7
184,3,2008,2008-07-03,20080703,3.0,2.2,0.0,21.3,8.5,27.1,232,23.3,0.0,82.5,7
185,4,2008,2008-07-04,20080704,4.1,2.1,0.0,21.4,0.0,30.5,232,25.3,0.0,80.4,7
186,5,2008,2008-07-05,20080705,0.6,2.0,0.0,22.0,0.0,29.3,232,25.8,0.0,81.1,7
187,6,2008,2008-07-06,20080706,9.6,3.0,0.0,25.2,0.0,33.2,232,28.6,0.0,73.0,7
188,7,2008,2008-07-07,20080707,2.0,1.4,0.0,24.2,0.0,30.9,232,26.9,0.0,81.1,7
189,8,2008,2008-07-08,20080708,8.6,1.4,0.0,23.2,0.0,33.2,232,27.8,0.0,72.0,7
190,9,2008,2008-07-09,20080709,12.2,1.8,0.0,20.7,0.0,32.8,232,27.1,0.0,70.1,7
191,10,2008,2008-07-10,20080710,9.2,1.8,0.0,20.2,0.0,32.1,232,26.3,0.0,70.5,7
192,11,2008,2008-07-11,20080711,0.6,1.1,0.0,22.9,0.0,30.0,232,26.3,0.0,74.5,7
193,12,2008,2008-07-12,20080712,1.3,2.0,0.0,22.3,0.5,29.5,232,25.6,0.0,80.4,7
194,13,2008,2008-07-13,20080713,0.4,1.5,0.0,22.7,46.0,29.7,232,25.9,0.0,83.5,7
195,14,2008,2008-07-14,20080714,3.7,1.3,0.0,21.6,0.0,32.9,232,27.0,0.0,79.5,7
196,15,2008,2008-07-15,20080715,2.9,1.5,0.0,24.4,0.0,32.3,232,27.8,0.0,77.3,7
197,16,2008,2008-07-16,20080716,1.6,2.2,0.0,22.7,29.5,29.7,232,25.8,0.0,81.0,7
198,17,2008,2008-07-17,20080717,8.7,1.5,0.0,21.3,0.0,30.9,232,25.0,0.0,77.1,7
199,18,2008,2008-07-18,20080718,2.8,1.3,0.0,19.5,0.0,31.4,232,25.3,0.0,78.4,7
200,19,2008,2008-07-19,20080719,0.4,1.7,0.0,22.4,85.0,27.4,232,24.4,0.0,90.9,7
201,20,2008,2008-07-20,20080720,1.3,2.8,0.0,23.5,41.0,30.3,232,26.2,0.0,85.1,7
202,21,2008,2008-07-21,20080721,0.0,2.3,0.0,22.8,1.5,26.0,232,24.1,0.0,85.1,7
203,22,2008,2008-07-22,20080722,2.7,1.2,0.0,21.9,0.0,29.6,232,25.0,0.0,81.3,7
204,23,2008,2008-07-23,20080723,0.0,1.4,0.0,21.4,13.5,28.0,232,24.0,0.0,85.4,7
205,24,2008,2008-07-24,20080724,0.0,1.6,0.0,23.1,34.0,28.0,232,25.8,0.0,88.3,7
206,25,2008,2008-07-25,20080725,0.8,1.4,0.0,23.7,13.0,29.6,232,25.6,0.0,86.6,7
207,26,2008,2008-07-26,20080726,0.0,1.3,0.0,23.1,11.0,26.5,232,24.5,0.0,88.5,7
208,27,2008,2008-07-27,20080727,1.9,1.3,0.0,23.1,0.5,30.3,232,26.0,0.0,82.3,7
209,28,2008,2008-07-28,20080728,7.0,1.2,0.0,22.3,0.0,32.5,232,27.3,0.0,79.6,7
210,29,2008,2008-07-29,20080729,12.1,1.4,0.0,22.8,0.0,33.4,232,27.9,0.0,76.6,7
211,30,2008,2008-07-30,20080730,0.6,1.2,0.0,23.6,2.5,30.7,232,25.5,0.0,87.4,7
212,31,2008,2008-07-31,20080731,2.1,1.6,0.0,23.5,0.3,31.6,232,26.9,0.0,80.0,7
213,1,2008,2008-08-01,20080801,6.7,2.4,0.0,24.0,0.0,32.3,232,28.2,0.0,70.9,8
214,2,2008,2008-08-02,20080802,1.2,2.8,0.0,25.5,3.0,31.3,232,27.3,0.0,79.3,8
215,3,2008,2008-08-03,20080803,6.7,2.3,0.0,20.8,0.0,30.7,232,25.4,0.0,78.0,8
216,4,2008,2008-08-04,20080804,9.1,1.4,0.0,18.5,0.0,31.4,232,23.9,0.0,76.3,8
217,5,2008,2008-08-05,20080805,10.4,1.3,0.0,18.9,0.0,31.9,232,24.9,0.0,75.3,8
218,6,2008,2008-08-06,20080806,7.7,1.2,0.0,19.0,0.0,33.1,232,25.7,0.0,75.4,8
219,7,2008,2008-08-07,20080807,11.6,1.8,0.0,21.6,0.0,32.7,232,26.7,0.0,63.9,8
220,8,2008,2008-08-08,20080808,12.7,1.9,0.0,20.7,0.5,34.2,232,27.7,0.0,61.4,8
221,9,2008,2008-08-09,20080809,6.5,1.9,0.0,22.2,23.0,33.6,232,26.8,0.0,77.6,8
222,10,2008,2008-08-10,20080810,12.3,2.2,0.0,22.8,0.0,33.0,232,27.9,0.0,74.0,8
223,11,2008,2008-08-11,20080811,5.5,2.2,0.0,24.3,0.5,32.9,232,27.6,0.0,74.8,8
224,12,2008,2008-08-12,20080812,0.0,1.2,0.0,25.0,8.5,28.8,232,26.6,0.0,86.4,8
225,13,2008,2008-08-13,20080813,1.1,1.5,0.0,24.2,3.0,29.7,232,26.6,0.0,85.8,8
226,14,2008,2008-08-14,20080814,9.2,1.2,0.0,22.4,0.0,32.5,232,27.1,0.0,77.9,8
227,15,2008,2008-08-15,20080815,1.2,1.5,0.0,22.9,6.5,29.9,232,25.7,0.0,82.1,8
228,16,2008,2008-08-16,20080816,0.1,2.8,0.0,19.0,39.0,24.0,232,21.8,0.0,80.4,8
229,17,2008,2008-08-17,20080817,0.2,2.3,0.0,19.1,0.3,26.6,232,23.1,0.0,75.5,8
230,18,2008,2008-08-18,20080818,0.3,3.1,0.0,21.6,19.5,27.6,232,24.5,0.0,80.4,8
231,19,2008,2008-08-19,20080819,8.5,3.2,0.0,20.8,0.0,27.6,232,23.9,0.0,72.0,8
232,20,2008,2008-08-20,20080820,6.4,1.3,0.0,18.8,0.0,28.6,232,23.3,0.0,75.5,8
233,21,2008,2008-08-21,20080821,10.4,2.4,0.0,17.7,0.0,27.5,232,22.9,0.0,69.1,8
234,22,2008,2008-08-22,20080822,0.0,3.2,0.0,16.8,34.0,22.2,232,19.6,0.0,85.5,8
235,23,2008,2008-08-23,20080823,0.0,2.3,0.0,18.7,1.0,23.5,232,21.2,0.0,87.4,8
236,24,2008,2008-08-24,20080824,10.3,1.1,0.0,16.8,0.0,28.9,232,22.9,0.0,76.9,8
237,25,2008,2008-08-25,20080825,8.4,1.8,0.0,19.5,0.0,29.3,232,23.6,0.0,74.6,8
238,26,2008,2008-08-26,20080826,7.7,1.9,0.0,18.6,0.0,27.6,232,22.2,0.0,72.5,8
239,27,2008,2008-08-27,20080827,10.2,1.2,0.0,15.6,0.0,28.5,232,21.9,0.0,73.9,8
240,28,2008,2008-08-28,20080828,10.0,1.4,0.0,17.7,0.0,29.5,232,23.2,0.0,74.5,8
241,29,2008,2008-08-29,20080829,8.6,1.0,0.0,17.3,0.0,30.3,232,23.1,0.0,78.8,8
242,30,2008,2008-08-30,20080830,10.2,2.0,0.0,18.9,0.0,29.5,232,23.5,0.0,73.9,8
243,31,2008,2008-08-31,20080831,11.4,2.2,0.0,18.0,0.0,28.3,232,23.2,0.0,69.5,8
244,1,2008,2008-09-01,20080901,0.0,1.4,0.0,21.2,33.5,23.7,232,22.2,0.0,87.9,9
245,2,2008,2008-09-02,20080902,1.2,1.3,0.0,18.5,21.5,25.5,232,21.1,0.0,87.4,9
246,3,2008,2008-09-03,20080903,7.5,1.1,0.0,17.7,0.0,29.6,232,21.9,0.0,82.1,9
247,4,2008,2008-09-04,20080904,2.5,1.5,0.0,18.8,0.0,28.0,232,22.1,0.0,78.0,9
248,5,2008,2008-09-05,20080905,0.7,1.7,0.0,19.4,0.0,27.0,232,22.3,0.0,76.0,9
249,6,2008,2008-09-06,20080906,6.7,1.1,0.0,17.6,0.1,28.8,232,22.3,0.0,80.4,9
250,7,2008,2008-09-07,20080907,10.9,1.0,0.0,15.9,0.0,30.9,232,23.1,0.0,75.5,9
251,8,2008,2008-09-08,20080908,5.2,1.2,0.0,18.9,0.0,30.4,232,24.1,0.0,78.1,9
252,9,2008,2008-09-09,20080909,9.7,1.7,0.0,18.2,0.0,31.0,232,23.6,0.0,73.3,9
253,10,2008,2008-09-10,20080910,9.2,1.9,0.0,18.6,0.0,29.3,232,23.0,0.0,77.5,9
254,11,2008,2008-09-11,20080911,1.9,1.5,0.0,18.7,0.0,28.2,232,22.2,0.0,81.6,9
255,12,2008,2008-09-12,20080912,9.0,1.2,0.0,16.1,0.0,28.9,232,22.3,0.0,78.4,9
256,13,2008,2008-09-13,20080913,9.3,1.3,0.0,15.7,0.0,29.9,232,21.9,0.0,71.0,9
257,14,2008,2008-09-14,20080914,9.7,1.5,0.0,14.8,0.0,30.2,232,22.5,0.0,77.5,9
258,15,2008,2008-09-15,20080915,3.4,1.6,0.0,18.8,0.1,29.6,232,23.2,0.0,80.6,9
259,16,2008,2008-09-16,20080916,9.5,0.9,0.0,16.3,0.0,30.4,232,22.2,0.0,79.3,9
260,17,2008,2008-09-17,20080917,10.6,1.1,0.0,15.5,0.0,31.4,232,22.7,0.0,72.1,9
261,18,2008,2008-09-18,20080918,11.2,1.8,0.0,17.2,0.0,31.3,232,23.0,0.0,71.0,9
262,19,2008,2008-09-19,20080919,7.0,1.3,0.0,15.4,0.0,30.9,232,22.3,0.0,72.4,9
263,20,2008,2008-09-20,20080920,0.9,1.8,0.0,20.3,20.5,25.3,232,22.0,0.0,80.5,9
264,21,2008,2008-09-21,20080921,7.0,1.6,0.0,19.6,0.0,28.1,232,22.5,0.0,81.5,9
265,22,2008,2008-09-22,20080922,0.3,1.6,0.0,19.0,0.5,27.3,232,22.7,0.0,78.5,9
266,23,2008,2008-09-23,20080923,1.2,1.3,0.0,19.9,1.5,27.2,232,22.8,0.0,83.4,9
267,24,2008,2008-09-24,20080924,0.5,1.7,0.0,18.3,0.1,25.5,232,21.8,0.0,81.6,9
268,25,2008,2008-09-25,20080925,0.0,1.1,0.0,13.8,11.5,19.8,232,17.5,0.0,87.0,9
269,26,2008,2008-09-26,20080926,7.0,3.5,0.0,9.6,0.0,18.0,232,15.0,0.0,47.3,9
270,27,2008,2008-09-27,20080927,7.0,1.5,0.0,7.3,0.0,19.6,232,12.2,0.0,65.5,9
271,28,2008,2008-09-28,20080928,3.6,1.2,0.0,9.1,0.0,21.1,232,14.7,0.0,66.5,9
272,29,2008,2008-09-29,20080929,8.5,1.5,0.0,10.4,0.0,23.3,232,16.1,0.0,70.5,9
273,30,2008,2008-09-30,20080930,2.0,0.9,0.0,8.9,0.0,23.2,232,15.2,0.0,77.5,9
274,1,2008,2008-10-01,20081001,7.9,1.1,0.0,9.5,0.0,25.9,232,16.9,0.0,80.0,10
275,2,2008,2008-10-02,20081002,9.9,2.0,0.0,13.1,0.0,25.7,232,18.7,0.0,73.1,10
276,3,2008,2008-10-03,20081003,7.2,1.2,0.0,11.1,0.0,25.1,232,18.0,0.0,78.6,10
277,4,2008,2008-10-04,20081004,4.3,1.1,0.0,12.4,0.0,24.9,232,17.3,0.0,77.6,10
278,5,2008,2008-10-05,20081005,1.2,1.2,0.0,12.4,0.0,24.2,232,17.6,0.0,79.0,10
279,6,2008,2008-10-06,20081006,7.9,1.5,0.0,10.1,0.0,23.0,232,16.3,0.0,77.3,10
280,7,2008,2008-10-07,20081007,8.3,1.1,0.0,10.1,0.0,22.3,232,15.4,0.0,76.0,10
281,8,2008,2008-10-08,20081008,5.3,1.4,0.0,8.7,0.0,23.5,232,16.3,0.0,74.3,10
282,9,2008,2008-10-09,20081009,9.4,0.9,0.0,11.7,0.0,25.6,232,17.4,0.0,75.6,10
283,10,2008,2008-10-10,20081010,0.1,1.2,0.0,9.6,0.8,21.2,232,16.4,0.0,79.3,10
284,11,2008,2008-10-11,20081011,10.6,2.0,0.0,5.3,0.0,18.9,232,11.6,0.0,64.4,10
285,12,2008,2008-10-12,20081012,8.7,1.2,0.0,5.5,0.0,20.4,232,11.1,0.0,71.1,10
286,13,2008,2008-10-13,20081013,7.9,1.1,0.0,4.2,0.0,22.0,232,12.7,0.0,71.6,10
287,14,2008,2008-10-14,20081014,10.1,1.3,0.0,5.2,0.0,22.7,232,13.7,0.0,75.6,10
288,15,2008,2008-10-15,20081015,7.1,1.0,0.0,7.3,0.0,23.1,232,14.2,0.0,82.4,10
289,16,2008,2008-10-16,20081016,4.8,1.5,0.0,8.9,0.0,24.2,232,15.6,0.0,81.9,10
290,17,2008,2008-10-17,20081017,8.0,1.0,0.0,10.2,0.0,26.0,232,16.0,0.0,77.9,10
291,18,2008,2008-10-18,20081018,9.3,1.2,0.0,8.4,0.0,27.8,232,16.1,0.0,72.8,10
292,19,2008,2008-10-19,20081019,2.1,1.0,0.0,9.0,0.0,23.5,232,15.7,0.0,75.3,10
293,20,2008,2008-10-20,20081020,6.3,0.9,0.0,10.9,0.0,26.8,232,17.0,0.0,76.9,10
294,21,2008,2008-10-21,20081021,5.5,1.5,0.0,10.1,0.0,25.3,232,17.8,0.0,65.8,10
295,22,2008,2008-10-22,20081022,0.0,1.9,0.0,14.7,16.0,18.6,232,16.2,0.0,85.4,10
296,23,2008,2008-10-23,20081023,0.1,2.4,0.0,14.8,4.0,22.2,232,17.9,0.0,82.0,10
297,24,2008,2008-10-24,20081024,5.4,2.5,0.0,4.6,0.0,17.0,232,10.9,0.0,68.1,10
298,25,2008,2008-10-25,20081025,3.8,2.3,0.0,4.1,8.0,17.1,232,11.3,0.0,72.1,10
299,26,2008,2008-10-26,20081026,7.4,2.1,0.0,6.8,0.1,17.3,232,12.9,0.0,64.4,10
300,27,2008,2008-10-27,20081027,4.4,2.5,0.0,7.2,0.0,16.4,232,11.7,0.0,58.5,10
301,28,2008,2008-10-28,20081028,6.5,1.7,0.0,5.1,0.0,17.1,232,10.7,5.1,68.5,10
302,29,2008,2008-10-29,20081029,2.8,1.4,0.0,6.2,0.0,17.9,232,11.2,6.6,75.6,10
303,30,2008,2008-10-30,20081030,7.9,1.1,0.0,3.2,0.0,16.3,232,9.2,1.5,74.3,10
304,31,2008,2008-10-31,20081031,0.8,2.0,0.0,5.0,1.5,15.5,232,9.4,5.5,83.5,10
305,1,2008,2008-11-01,20081101,5.1,1.5,0.0,2.4,0.0,16.5,232,8.5,6.1,82.5,11
306,2,2008,2008-11-02,20081102,1.6,1.6,0.0,5.9,0.0,17.8,232,11.3,6.6,76.5,11
307,3,2008,2008-11-03,20081103,5.7,2.0,0.0,3.8,0.0,18.9,232,10.2,1.9,70.1,11
308,4,2008,2008-11-04,20081104,9.6,0.9,0.0,-1.4,0.0,15.1,232,5.7,0.0,63.5,11
309,5,2008,2008-11-05,20081105,8.7,1.3,0.0,0.4,0.0,19.8,232,9.5,2.0,57.8,11
310,6,2008,2008-11-06,20081106,2.7,2.1,0.0,6.2,0.0,22.0,232,15.8,7.8,66.6,11
311,7,2008,2008-11-07,20081107,0.0,1.7,0.0,9.3,0.0,16.2,232,12.6,9.5,75.0,11
312,8,2008,2008-11-08,20081108,3.8,1.1,0.0,3.8,0.0,16.2,232,10.7,7.0,62.6,11
313,9,2008,2008-11-09,20081109,4.8,1.6,0.0,7.0,0.4,16.1,232,11.2,5.4,68.5,11
314,10,2008,2008-11-10,20081110,7.8,1.1,0.0,3.0,0.0,16.2,232,8.7,2.9,73.5,11
315,11,2008,2008-11-11,20081111,9.2,1.5,0.0,2.5,0.0,16.0,232,8.2,0.0,65.9,11
316,12,2008,2008-11-12,20081112,9.1,0.8,0.0,-0.1,0.0,16.4,232,7.1,0.1,71.3,11
317,13,2008,2008-11-13,20081113,8.2,1.4,0.0,-0.1,0.0,17.4,232,8.4,2.0,74.1,11
318,14,2008,2008-11-14,20081114,5.0,0.8,0.0,2.6,0.0,16.0,232,8.7,4.4,75.8,11
319,15,2008,2008-11-15,20081115,0.0,1.2,0.0,4.5,0.4,15.8,232,10.2,9.5,77.0,11
320,16,2008,2008-11-16,20081116,4.1,1.9,0.0,2.0,0.0,12.9,232,8.0,3.3,69.6,11
321,17,2008,2008-11-17,20081117,1.4,2.5,0.0,-0.8,0.0,9.9,232,3.6,6.1,63.1,11
322,18,2008,2008-11-18,20081118,6.8,2.4,6.6,-3.9,1.9,3.1,232,-1.3,4.9,52.4,11
323,19,2008,2008-11-19,20081119,7.0,2.5,0.0,-8.0,0.0,1.2,232,-3.1,2.4,59.4,11
324,20,2008,2008-11-20,20081120,2.6,2.5,0.0,-5.6,0.4,7.1,232,0.8,5.8,78.1,11
325,21,2008,2008-11-21,20081121,8.8,2.5,0.0,-2.8,2.5,8.0,232,3.4,1.8,66.3,11
326,22,2008,2008-11-22,20081122,2.9,1.3,0.0,-3.9,0.0,10.2,232,3.4,5.3,71.8,11
327,23,2008,2008-11-23,20081123,7.6,0.9,0.0,-0.4,0.0,13.6,232,5.4,4.6,73.1,11
328,24,2008,2008-11-24,20081124,0.1,1.1,0.0,1.4,0.0,11.9,232,6.2,7.5,74.6,11
329,25,2008,2008-11-25,20081125,3.1,1.1,0.0,-0.1,2.0,10.9,232,4.8,6.5,86.4,11
330,26,2008,2008-11-26,20081126,4.1,1.1,0.0,-1.3,0.0,11.0,232,4.8,4.8,79.9,11
331,27,2008,2008-11-27,20081127,0.0,2.3,0.0,1.7,5.5,6.9,232,4.8,8.5,83.6,11
332,28,2008,2008-11-28,20081128,1.2,1.7,0.0,0.9,0.0,9.2,232,5.2,7.9,81.5,11
333,29,2008,2008-11-29,20081129,1.4,3.7,0.0,1.4,3.5,6.4,232,4.3,6.6,64.6,11
334,30,2008,2008-11-30,20081130,8.7,0.9,0.0,-3.6,0.0,9.2,232,2.2,0.0,68.3,11
335,1,2008,2008-12-01,20081201,4.3,3.1,0.0,1.2,0.0,12.3,232,6.3,3.6,60.1,12
336,2,2008,2008-12-02,20081202,6.5,1.6,0.0,-0.6,0.0,13.5,232,6.9,1.3,69.5,12
337,3,2008,2008-12-03,20081203,7.5,1.4,0.0,-3.4,0.0,13.8,232,4.9,3.0,63.8,12
338,4,2008,2008-12-04,20081204,0.0,3.4,0.0,2.7,3.0,10.3,232,6.5,9.5,71.8,12
339,5,2008,2008-12-05,20081205,1.8,4.5,0.2,-9.8,0.2,2.7,232,-5.0,6.3,50.6,12
340,6,2008,2008-12-06,20081206,8.6,2.4,0.0,-11.1,0.0,-3.5,232,-7.7,1.1,49.9,12
341,7,2008,2008-12-07,20081207,3.8,2.9,0.0,-8.0,0.0,3.9,232,-0.5,7.5,62.9,12
342,8,2008,2008-12-08,20081208,4.7,2.6,0.0,2.5,1.0,11.7,232,6.2,6.0,70.5,12
343,9,2008,2008-12-09,20081209,5.8,2.1,0.0,2.0,0.0,13.8,232,7.4,1.0,68.3,12
344,10,2008,2008-12-10,20081210,6.6,1.4,0.0,2.2,0.0,15.8,232,8.8,2.4,75.5,12
345,11,2008,2008-12-11,20081211,5.5,3.0,0.0,-1.4,3.0,8.5,232,4.2,4.5,70.8,12
346,12,2008,2008-12-12,20081212,8.2,1.2,0.0,-3.0,0.0,10.1,232,2.2,3.3,76.1,12
347,13,2008,2008-12-13,20081213,2.3,2.0,0.0,-1.6,0.0,5.5,232,1.7,6.4,67.5,12
348,14,2008,2008-12-14,20081214,8.4,1.7,0.0,-7.0,0.0,3.8,232,-1.6,1.0,55.5,12
349,15,2008,2008-12-15,20081215,7.1,1.4,0.0,-3.4,0.0,7.7,232,1.0,3.1,64.0,12
350,16,2008,2008-12-16,20081216,5.9,1.7,0.0,-4.8,0.0,8.6,232,2.4,4.3,73.6,12
351,17,2008,2008-12-17,20081217,1.6,3.6,0.0,2.9,0.5,12.2,232,6.4,7.0,71.5,12
352,18,2008,2008-12-18,20081218,8.3,2.1,0.0,-4.3,0.0,4.6,232,0.4,0.4,67.5,12
353,19,2008,2008-12-19,20081219,5.0,1.6,0.0,-6.3,0.0,7.6,232,0.4,3.5,72.6,12
354,20,2008,2008-12-20,20081220,1.2,2.9,0.0,-1.1,5.5,5.6,232,2.9,9.0,60.5,12
355,21,2008,2008-12-21,20081221,1.7,1.6,0.0,-1.6,0.0,2.5,232,-0.3,7.9,65.0,12
356,22,2008,2008-12-22,20081222,5.2,3.6,0.2,-5.4,0.1,-0.1,232,-3.5,5.1,65.9,12
357,23,2008,2008-12-23,20081223,7.5,1.2,1.8,-4.5,1.6,3.7,232,-1.3,5.1,75.1,12
358,24,2008,2008-12-24,20081224,1.3,2.1,0.0,-1.9,0.0,7.4,232,2.7,7.8,71.1,12
359,25,2008,2008-12-25,20081225,8.0,4.6,0.0,-4.3,0.0,4.4,232,0.3,2.8,49.0,12
360,26,2008,2008-12-26,20081226,8.4,2.3,0.0,-8.7,0.0,-1.2,232,-4.9,1.1,50.6,12
361,27,2008,2008-12-27,20081227,8.4,0.7,0.0,-10.5,0.0,3.4,232,-4.3,0.4,68.3,12
362,28,2008,2008-12-28,20081228,6.0,0.9,0.0,-6.8,0.0,5.4,232,-1.0,6.5,69.9,12
363,29,2008,2008-12-29,20081229,0.7,1.2,0.0,-2.0,0.4,4.6,232,1.1,8.1,81.4,12
364,30,2008,2008-12-30,20081230,3.5,3.3,1.2,-5.4,0.4,1.7,232,-2.6,7.1,67.9,12
365,31,2008,2008-12-31,20081231,5.2,2.5,0.3,-8.8,0.1,-1.1,232,-4.7,4.6,62.0,12
