,cloud,date,rainfall,snow,tmin,day,tavg,tmax,humid,Date,sunshine,station_id,wind,year,month
0,0.0,20050101,0.0,0.0,-10.1,1,-4.5,1.7,58.9,2005-01-01,8.5,232,1.8,2005,1
1,0.0,20050102,0.0,0.0,-5.4,2,1.8,6.6,61.5,2005-01-02,2.6,232,1.9,2005,1
2,0.0,20050103,0.5,0.0,1.6,3,4.5,9.6,65.6,2005-01-03,0.9,232,3.1,2005,1
3,0.0,20050104,0.0,0.0,-7.0,4,-2.7,1.7,44.1,2005-01-04,8.4,232,3.6,2005,1
4,0.0,20050105,0.0,0.0,-12.5,5,-4.6,2.9,57.4,2005-01-05,7.5,232,0.9,2005,1
5,0.0,20050106,0.0,0.0,-5.8,6,0.4,5.0,65.8,2005-01-06,4.6,232,1.0,2005,1
6,0.0,20050107,0.0,0.0,-7.0,7,-0.9,3.5,56.4,2005-01-07,8.6,232,3.7,2005,1
7,0.0,20050108,0.0,0.0,-11.1,8,-4.1,3.0,61.9,2005-01-08,7.0,232,2.3,2005,1
8,0.0,20050109,0.0,0.0,-11.6,9,-6.2,-1.8,52.8,2005-01-09,8.7,232,2.5,2005,1
9,0.0,20050110,0.0,0.0,-13.1,10,-4.9,0.3,69.3,2005-01-10,4.7,232,1.2,2005,1
10,0.0,20050111,0.0,0.0,-7.8,11,-2.8,0.0,62.4,2005-01-11,5.3,232,3.0,2005,1
11,0.0,20050112,0.0,0.0,-9.3,12,-3.7,0.4,55.6,2005-01-12,8.7,232,2.1,2005,1
12,0.0,20050113,0.0,0.0,-9.0,13,-4.3,1.3,65.9,2005-01-13,6.7,232,1.9,2005,1
13,0.0,20050114,0.0,0.0,-10.8,14,-3.8,2.2,69.0,2005-01-14,5.1,232,1.5,2005,1
14,0.0,20050115,0.0,0.0,-9.5,15,-2.2,3.2,68.6,2005-01-15,8.2,232,1.5,2005,1
15,0.0,20050116,0.1,0.3,-6.6,16,-1.1,5.1,70.3,2005-01-16,3.4,232,2.5,2005,1
16,0.0,20050117,0.0,0.0,-8.6,17,-1.6,6.8,74.5,2005-01-17,6.9,232,0.9,2005,1
17,0.0,20050118,1.5,0.0,-5.4,18,0.9,6.5,79.0,2005-01-18,0.5,232,1.8,2005,1
18,0.0,20050119,0.0,0.0,-3.5,19,-1.1,2.2,58.4,2005-01-19,8.2,232,2.9,2005,1
19,0.0,20050120,0.1,0.3,-5.3,20,-3.1,-0.6,57.5,2005-01-20,5.0,232,4.0,2005,1
20,0.0,20050121,0.0,0.0,-12.1,21,-6.0,1.2,62.4,2005-01-21,9.1,232,1.5,2005,1
21,0.0,20050122,0.0,0.0,-10.5,22,-2.6,4.6,56.0,2005-01-22,5.7,232,0.7,2005,1
22,0.0,20050123,0.0,0.0,-2.0,23,2.3,10.6,47.6,2005-01-23,8.4,232,1.3,2005,1
23,0.0,20050124,0.0,0.0,-5.0,24,0.0,7.3,73.8,2005-01-24,1.9,232,1.1,2005,1
24,0.0,20050125,0.0,0.0,-5.9,25,-0.4,3.7,83.4,2005-01-25,0.0,232,0.8,2005,1
25,0.0,20050126,0.0,0.0,-4.1,26,1.0,7.9,72.3,2005-01-26,7.1,232,1.3,2005,1
26,0.0,20050127,0.0,0.0,-5.9,27,-0.5,6.9,66.6,2005-01-27,6.3,232,1.0,2005,1
27,0.0,20050128,0.0,0.0,-8.1,28,-0.6,11.0,61.3,2005-01-28,8.3,232,0.8,2005,1
28,0.0,20050129,0.5,0.3,-5.8,29,-1.0,2.7,68.1,2005-01-29,1.9,232,2.8,2005,1
29,0.0,20050130,0.0,0.0,-6.6,30,-4.3,-2.0,45.6,2005-01-30,6.8,232,3.8,2005,1
30,0.0,20050131,0.3,0.7,-11.1,31,-5.0,0.6,55.6,2005-01-31,6.2,232,3.0,2005,1
31,0.0,20050201,0.1,0.2,-10.1,1,-7.7,-5.3,59.8,2005-02-01,3.7,232,5.8,2005,2
32,0.0,20050202,0.0,0.0,-11.1,2,-4.8,-0.8,64.8,2005-02-02,5.4,232,2.5,2005,2
33,0.0,20050203,0.0,0.0,-7.5,3,-2.8,1.8,61.0,2005-02-03,9.0,232,1.6,2005,2
34,0.0,20050204,0.0,0.0,-6.5,4,-1.3,4.1,58.6,2005-02-04,8.4,232,1.3,2005,2
35,0.0,20050205,0.0,0.0,-6.3,5,-1.1,3.7,61.0,2005-02-05,7.9,232,1.8,2005,2
36,0.0,20050206,0.0,0.0,-9.8,6,-1.8,8.6,59.5,2005-02-06,7.5,232,0.7,2005,2
37,0.0,20050207,0.0,0.0,-5.0,7,2.4,6.0,73.8,2005-02-07,0.0,232,1.5,2005,2
38,0.0,20050208,0.7,1.5,-5.0,8,1.0,6.4,78.0,2005-02-08,8.0,232,1.7,2005,2
39,0.0,20050209,0.0,0.0,-6.0,9,-1.3,2.2,74.0,2005-02-09,0.0,232,1.9,2005,2
40,0.0,20050210,0.0,0.0,-6.0,10,-3.6,-0.8,44.4,2005-02-10,9.6,232,3.9,2005,2
41,0.0,20050211,0.0,0.0,-12.8,11,-6.2,-0.4,55.5,2005-02-11,9.0,232,2.1,2005,2
42,0.0,20050212,0.0,0.0,-11.1,12,-5.0,1.7,52.0,2005-02-12,2.7,232,1.2,2005,2
43,0.0,20050213,0.0,0.0,-12.1,13,-3.9,5.0,60.9,2005-02-13,9.3,232,1.2,2005,2
44,0.0,20050214,0.0,0.0,-6.9,14,1.5,6.9,47.6,2005-02-14,1.8,232,1.3,2005,2
45,0.0,20050215,8.5,0.0,-2.0,15,5.3,11.6,56.4,2005-02-15,0.1,232,3.1,2005,2
46,0.0,20050216,19.5,0.0,3.2,16,4.7,6.5,85.8,2005-02-16,0.0,232,2.6,2005,2
47,0.0,20050217,0.0,0.0,0.1,17,6.1,12.1,69.8,2005-02-17,8.4,232,1.5,2005,2
48,0.0,20050218,0.0,0.0,0.1,18,4.0,5.8,69.4,2005-02-18,1.2,232,3.2,2005,2
49,0.0,20050219,0.9,0.0,-5.6,19,-1.0,2.0,63.3,2005-02-19,5.6,232,4.6,2005,2
50,0.0,20050220,0.0,0.0,-9.1,20,-4.8,-1.7,47.9,2005-02-20,7.2,232,3.5,2005,2
51,0.0,20050221,0.0,0.0,-10.1,21,-4.9,-0.2,50.9,2005-02-21,10.4,232,2.0,2005,2
52,0.0,20050222,0.1,0.0,-6.8,22,2.2,8.1,61.1,2005-02-22,0.3,232,4.5,2005,2
53,0.0,20050223,0.0,0.0,-3.7,23,0.0,3.0,57.0,2005-02-23,6.7,232,3.3,2005,2
54,0.0,20050224,0.0,0.0,-3.7,24,-0.3,6.4,50.4,2005-02-24,4.7,232,2.0,2005,2
55,0.0,20050225,0.0,0.0,-4.5,25,-2.0,1.3,39.3,2005-02-25,10.3,232,3.9,2005,2
56,0.0,20050226,0.0,0.0,-8.3,26,-4.0,0.8,47.8,2005-02-26,10.6,232,2.9,2005,2
57,0.0,20050227,0.0,0.0,-10.3,27,-2.9,3.5,58.1,2005-02-27,9.7,232,1.4,2005,2
58,0.0,20050228,0.0,0.0,-5.8,28,0.5,7.0,60.9,2005-02-28,8.0,232,2.2,2005,2
59,0.0,20050301,0.0,0.0,-7.8,1,0.2,6.1,53.0,2005-03-01,9.9,232,1.6,2005,3
60,0.0,20050302,0.5,0.3,-2.5,2,0.7,4.6,67.5,2005-03-02,1.3,232,1.6,2005,3
61,0.0,20050303,0.0,0.0,-7.1,3,-1.3,3.5,58.1,2005-03-03,9.5,232,2.2,2005,3
62,0.0,20050304,0.0,0.0,-8.6,4,-0.9,5.4,57.1,2005-03-04,10.0,232,1.8,2005,3
63,0.0,20050305,0.0,0.0,-7.6,5,-1.7,3.7,61.4,2005-03-05,9.8,232,2.3,2005,3
64,0.0,20050306,0.0,0.0,-8.1,6,-0.4,7.9,64.5,2005-03-06,10.4,232,1.4,2005,3
65,0.0,20050307,0.0,0.0,-5.4,7,6.3,14.0,61.9,2005-03-07,9.6,232,3.1,2005,3
66,0.0,20050308,0.0,0.0,-1.1,8,5.2,12.6,61.8,2005-03-08,6.7,232,1.8,2005,3
67,0.0,20050309,0.0,0.0,-4.9,9,7.8,18.3,61.0,2005-03-09,9.1,232,2.0,2005,3
68,0.0,20050310,5.5,0.0,6.3,10,12.4,17.0,73.3,2005-03-10,0.0,232,2.3,2005,3
69,0.0,20050311,2.5,0.0,-1.3,11,1.9,6.4,70.4,2005-03-11,2.5,232,5.2,2005,3
70,0.0,20050312,0.0,0.0,-4.3,12,-1.9,0.3,41.6,2005-03-12,8.7,232,5.8,2005,3
71,0.0,20050313,0.0,0.0,-4.1,13,-0.5,4.3,45.5,2005-03-13,10.1,232,3.6,2005,3
72,0.0,20050314,0.0,0.0,-6.3,14,1.9,9.8,59.6,2005-03-14,11.0,232,1.8,2005,3
73,0.0,20050315,0.0,0.0,-1.0,15,4.5,9.6,70.0,2005-03-15,1.9,232,1.5,2005,3
74,0.0,20050316,0.0,0.0,2.2,16,8.1,14.8,68.4,2005-03-16,4.9,232,1.2,2005,3
75,0.0,20050317,11.0,0.0,4.6,17,7.4,12.6,77.5,2005-03-17,3.7,232,3.1,2005,3
76,0.0,20050318,0.0,0.0,0.6,18,4.5,8.1,52.3,2005-03-18,11.2,232,4.8,2005,3
77,0.0,20050319,0.0,0.0,-3.7,19,4.1,12.6,60.5,2005-03-19,10.2,232,1.3,2005,3
78,0.0,20050320,0.0,0.0,0.4,20,5.7,12.3,65.1,2005-03-20,10.3,232,2.0,2005,3
79,0.0,20050321,1.0,0.0,-1.3,21,7.5,16.2,64.0,2005-03-21,6.3,232,2.1,2005,3
80,0.0,20050322,14.5,0.0,4.9,22,8.0,12.8,74.3,2005-03-22,5.5,232,1.9,2005,3
81,0.0,20050323,0.0,0.0,1.2,23,7.9,14.6,53.4,2005-03-23,8.5,232,2.3,2005,3
82,0.0,20050324,2.0,0.0,1.7,24,3.9,7.4,55.9,2005-03-24,5.9,232,6.1,2005,3
83,0.0,20050325,0.0,0.0,-0.4,25,4.6,9.8,53.4,2005-03-25,8.6,232,3.6,2005,3
84,0.0,20050326,0.0,0.0,0.0,26,7.6,16.0,69.3,2005-03-26,7.7,232,2.1,2005,3
85,0.0,20050327,0.0,0.0,-0.8,27,9.2,20.2,66.0,2005-03-27,8.6,232,1.2,2005,3
86,0.0,20050328,0.0,0.0,4.4,28,7.5,12.3,68.8,2005-03-28,4.5,232,3.1,2005,3
87,0.0,20050329,0.0,0.0,2.2,29,5.7,10.1,44.5,2005-03-29,10.6,232,4.7,2005,3
88,0.0,20050330,0.0,0.0,-2.5,30,6.6,14.6,50.4,2005-03-30,11.0,232,2.5,2005,3
89,0.0,20050331,0.0,0.0,-1.8,31,7.6,17.0,56.6,2005-03-31,10.3,232,1.4,2005,3
90,0.0,20050401,0.0,0.0,-1.7,1,8.0,17.3,51.3,2005-04-01,2.8,232,0.9,2005,4
91,0.0,20050402,0.0,0.0,-0.3,2,9.5,19.2,52.9,2005-04-02,7.9,232,1.8,2005,4
92,0.0,20050403,0.5,0.0,1.6,3,7.2,13.3,70.6,2005-04-03,4.3,232,2.0,2005,4
93,0.0,20050404,0.0,0.0,-2.0,4,8.0,16.0,48.4,2005-04-04,10.7,232,2.0,2005,4
94,0.0,20050405,0.0,0.0,6.5,5,13.9,23.8,39.0,2005-04-05,10.8,232,2.6,2005,4
95,0.0,20050406,1.0,0.0,9.1,6,15.7,21.0,57.5,2005-04-06,0.0,232,3.7,2005,4
96,0.0,20050407,0.0,0.0,8.1,7,14.6,20.0,73.8,2005-04-07,0.7,232,2.7,2005,4
97,0.0,20050408,0.0,0.0,3.0,8,13.3,24.7,54.5,2005-04-08,10.1,232,1.0,2005,4
98,0.0,20050409,19.0,0.0,9.8,9,13.5,16.7,73.4,2005-04-09,0.1,232,3.1,2005,4
99,0.0,20050410,24.5,0.0,7.8,10,10.8,16.7,77.3,2005-04-10,3.3,232,2.9,2005,4
100,0.0,20050411,0.0,0.0,5.8,11,11.6,18.0,60.5,2005-04-11,6.4,232,2.0,2005,4
101,0.0,20050412,0.0,0.0,6.6,12,10.6,15.8,66.9,2005-04-12,0.5,232,1.8,2005,4
102,0.0,20050413,0.0,0.0,2.2,13,8.5,14.8,58.4,2005-04-13,11.5,232,2.3,2005,4
103,0.0,20050414,0.0,0.0,1.7,14,10.5,18.3,52.3,2005-04-14,10.9,232,3.4,2005,4
104,0.0,20050415,0.0,0.0,0.5,15,7.6,14.8,47.5,2005-04-15,11.9,232,2.1,2005,4
105,0.0,20050416,0.0,0.0,-1.3,16,8.6,19.0,41.8,2005-04-16,11.8,232,1.8,2005,4
106,0.0,20050417,0.0,0.0,2.7,17,13.3,22.6,44.0,2005-04-17,6.2,232,1.6,2005,4
107,0.0,20050418,0.0,0.0,9.8,18,16.2,24.0,57.0,2005-04-18,3.2,232,2.0,2005,4
108,0.0,20050419,6.5,0.0,8.6,19,16.2,24.2,66.1,2005-04-19,1.1,232,2.4,2005,4
109,0.0,20050420,2.0,0.0,7.8,20,11.3,15.1,49.4,2005-04-20,10.3,232,4.0,2005,4
110,0.0,20050421,0.0,0.0,4.6,21,11.0,15.8,46.1,2005-04-21,11.1,232,3.4,2005,4
111,0.0,20050422,0.0,0.0,2.2,22,10.7,17.7,45.1,2005-04-22,11.7,232,3.2,2005,4
112,0.0,20050423,0.0,0.0,1.5,23,10.9,19.7,52.1,2005-04-23,12.3,232,1.4,2005,4
113,0.0,20050424,0.0,0.0,3.7,24,13.6,22.8,51.8,2005-04-24,10.4,232,2.5,2005,4
114,0.0,20050425,0.0,0.0,10.3,25,15.2,21.5,55.4,2005-04-25,11.5,232,1.8,2005,4
115,0.0,20050426,0.0,0.0,5.0,26,14.3,22.7,51.5,2005-04-26,12.2,232,1.8,2005,4
116,0.0,20050427,0.2,0.0,8.1,27,17.7,26.5,42.6,2005-04-27,3.4,232,2.9,2005,4
117,0.0,20050428,0.0,0.0,14.0,28,21.0,29.5,58.9,2005-04-28,10.4,232,3.6,2005,4
118,0.0,20050429,0.0,0.0,14.5,29,19.0,25.7,69.1,2005-04-29,4.4,232,1.4,2005,4
119,0.0,20050430,0.0,0.0,14.0,30,23.0,31.2,65.3,2005-04-30,8.9,232,1.8,2005,4
120,0.0,20050501,0.5,0.0,14.5,1,19.5,24.7,72.3,2005-05-01,3.0,232,2.8,2005,5
121,0.0,20050502,0.0,0.0,9.1,2,17.1,25.8,42.3,2005-05-02,12.0,232,2.0,2005,5
122,0.0,20050503,0.0,0.0,5.3,3,16.9,28.0,39.1,2005-05-03,12.6,232,1.6,2005,5
123,0.0,20050504,0.0,0.0,6.5,4,18.1,30.5,43.4,2005-05-04,11.6,232,1.4,2005,5
124,0.0,20050505,4.0,0.0,10.1,5,18.5,26.1,66.1,2005-05-05,3.3,232,2.7,2005,5
125,0.0,20050506,13.0,0.0,10.6,6,14.0,16.7,89.4,2005-05-06,0.0,232,2.3,2005,5
126,0.0,20050507,0.0,0.0,7.4,7,13.7,19.1,72.1,2005-05-07,9.0,232,1.7,2005,5
127,0.0,20050508,0.0,0.0,8.1,8,13.4,16.8,77.6,2005-05-08,0.0,232,1.8,2005,5
128,0.0,20050509,0.0,0.0,4.6,9,11.9,19.1,60.0,2005-05-09,11.3,232,2.4,2005,5
129,0.0,20050510,0.0,0.0,5.7,10,12.8,22.3,60.3,2005-05-10,12.4,232,1.4,2005,5
130,0.0,20050511,10.5,0.0,9.8,11,14.2,20.7,66.8,2005-05-11,1.8,232,1.6,2005,5
131,0.0,20050512,2.5,0.0,10.6,12,13.9,18.3,76.8,2005-05-12,6.1,232,2.1,2005,5
132,0.0,20050513,0.0,0.0,7.5,13,15.7,23.3,64.6,2005-05-13,9.9,232,1.5,2005,5
133,0.0,20050514,0.0,0.0,12.1,14,16.6,22.3,67.4,2005-05-14,7.6,232,1.6,2005,5
134,0.0,20050515,0.0,0.0,9.8,15,18.1,27.0,64.0,2005-05-15,11.1,232,1.2,2005,5
135,0.0,20050516,0.0,0.0,13.0,16,19.5,27.6,56.9,2005-05-16,10.4,232,1.9,2005,5
136,0.0,20050517,16.0,0.0,16.1,17,19.7,24.1,63.5,2005-05-17,0.6,232,2.6,2005,5
137,0.0,20050518,1.0,0.0,11.3,18,15.4,19.0,80.0,2005-05-18,1.5,232,3.2,2005,5
138,0.0,20050519,0.0,0.0,9.3,19,16.4,24.5,67.6,2005-05-19,11.0,232,2.2,2005,5
139,0.0,20050520,0.0,0.0,9.6,20,16.8,24.3,55.5,2005-05-20,12.7,232,2.0,2005,5
140,0.0,20050521,0.0,0.0,9.8,21,16.5,22.7,57.3,2005-05-21,2.2,232,1.0,2005,5
141,0.0,20050522,0.0,0.0,12.0,22,16.3,20.5,68.5,2005-05-22,0.2,232,1.0,2005,5
142,0.0,20050523,0.5,0.0,11.5,23,16.0,20.8,64.4,2005-05-23,10.3,232,3.4,2005,5
143,0.0,20050524,0.0,0.0,8.3,24,16.4,23.7,59.6,2005-05-24,12.4,232,1.5,2005,5
144,0.0,20050525,0.0,0.0,10.1,25,18.1,25.7,61.5,2005-05-25,8.6,232,1.8,2005,5
145,0.0,20050526,0.0,0.0,12.1,26,19.5,26.7,60.0,2005-05-26,12.5,232,1.9,2005,5
146,0.0,20050527,0.0,0.0,11.8,27,20.3,28.6,55.0,2005-05-27,12.5,232,1.1,2005,5
147,0.0,20050528,0.0,0.0,12.8,28,20.2,28.6,53.5,2005-05-28,7.2,232,1.3,2005,5
148,0.0,20050529,0.0,0.0,13.1,29,22.2,30.6,52.4,2005-05-29,12.0,232,1.6,2005,5
149,0.0,20050530,0.0,0.0,15.3,30,20.0,27.3,55.6,2005-05-30,10.1,232,1.8,2005,5
150,0.0,20050531,0.0,0.0,11.1,31,19.6,27.8,54.1,2005-05-31,12.7,232,1.5,2005,5
151,0.0,20050601,15.0,0.0,12.6,1,18.9,24.2,68.3,2005-06-01,3.1,232,2.2,2005,6
152,0.0,20050602,26.0,0.0,17.1,2,18.9,22.1,83.8,2005-06-02,1.9,232,1.9,2005,6
153,0.0,20050603,0.0,0.0,15.0,3,18.9,23.8,76.4,2005-06-03,9.5,232,2.0,2005,6
154,0.0,20050604,0.0,0.0,15.8,4,19.4,25.8,71.6,2005-06-04,5.6,232,1.6,2005,6
155,0.0,20050605,0.0,0.0,14.1,5,21.2,29.1,61.9,2005-06-05,12.0,232,1.5,2005,6
156,0.0,20050606,0.0,0.0,14.6,6,20.9,26.8,65.9,2005-06-06,5.8,232,1.2,2005,6
157,0.0,20050607,0.0,0.0,17.0,7,21.4,27.2,69.8,2005-06-07,0.0,232,1.4,2005,6
158,0.0,20050608,0.0,0.0,16.5,8,22.4,28.3,66.4,2005-06-08,8.5,232,1.4,2005,6
159,0.0,20050609,0.0,0.0,16.6,9,23.0,29.0,63.6,2005-06-09,6.1,232,1.2,2005,6
160,0.0,20050610,37.0,0.0,17.2,10,18.4,21.8,87.8,2005-06-10,0.0,232,1.6,2005,6
161,0.0,20050611,0.0,0.0,16.6,11,20.8,27.2,75.4,2005-06-11,8.4,232,1.9,2005,6
162,0.0,20050612,0.0,0.0,17.2,12,21.8,28.3,69.9,2005-06-12,8.9,232,1.3,2005,6
163,0.0,20050613,0.0,0.0,17.2,13,24.2,31.8,70.3,2005-06-13,7.5,232,1.4,2005,6
164,0.0,20050614,0.0,0.0,19.2,14,24.5,30.7,64.4,2005-06-14,7.1,232,1.7,2005,6
165,0.0,20050615,14.5,0.0,16.7,15,19.9,24.8,74.5,2005-06-15,1.1,232,1.8,2005,6
166,0.0,20050616,12.5,0.0,15.6,16,20.4,27.2,79.0,2005-06-16,5.2,232,1.4,2005,6
167,0.0,20050617,0.0,0.0,18.2,17,22.6,27.7,70.8,2005-06-17,6.4,232,2.0,2005,6
168,0.0,20050618,0.0,0.0,18.7,18,22.5,28.5,71.0,2005-06-18,2.1,232,1.5,2005,6
169,0.0,20050619,1.0,0.0,17.8,19,21.9,27.5,76.3,2005-06-19,1.8,232,1.1,2005,6
170,0.0,20050620,0.0,0.0,17.3,20,23.4,30.2,71.6,2005-06-20,9.5,232,1.5,2005,6
171,0.0,20050621,0.0,0.0,19.7,21,24.0,30.2,70.8,2005-06-21,5.0,232,1.6,2005,6
172,0.0,20050622,0.0,0.0,18.7,22,23.8,29.3,73.3,2005-06-22,6.3,232,1.2,2005,6
173,0.0,20050623,0.0,0.0,19.6,23,24.4,30.6,71.6,2005-06-23,9.5,232,1.5,2005,6
174,0.0,20050624,0.0,0.0,20.2,24,25.5,31.8,69.1,2005-06-24,8.8,232,1.4,2005,6
175,0.0,20050625,0.0,0.0,20.2,25,24.8,30.2,74.4,2005-06-25,1.6,232,1.6,2005,6
176,0.0,20050626,7.0,0.0,21.0,26,25.5,30.1,78.5,2005-06-26,0.9,232,1.5,2005,6
177,0.0,20050627,27.5,0.0,23.5,27,24.7,26.2,82.8,2005-06-27,0.0,232,2.4,2005,6
178,0.0,20050628,0.0,0.0,21.7,28,24.8,29.2,75.3,2005-06-28,1.4,232,1.1,2005,6
179,0.0,20050629,42.5,0.0,22.2,29,24.7,29.3,83.3,2005-06-29,0.5,232,1.8,2005,6
180,0.0,20050630,0.0,0.0,24.2,30,27.5,32.4,71.6,2005-06-30,5.7,232,1.7,2005,6
181,0.0,20050701,21.5,0.0,22.7,1,24.7,27.1,80.8,2005-07-01,0.3,232,2.2,2005,7
182,0.0,20050702,17.5,0.0,23.1,2,24.9,28.0,85.6,2005-07-02,0.0,232,1.4,2005,7
183,0.0,20050703,57.0,0.0,21.1,3,22.6,24.3,90.1,2005-07-03,0.0,232,1.4,2005,7
184,0.0,20050704,2.0,0.0,21.0,4,23.9,29.1,77.8,2005-07-04,6.4,232,1.9,2005,7
185,0.0,20050705,0.0,0.0,20.2,5,22.9,27.8,79.9,2005-07-05,0.7,232,1.4,2005,7
186,0.0,20050706,0.0,0.0,19.7,6,24.6,30.3,76.4,2005-07-06,5.6,232,2.1,2005,7
187,0.0,20050707,0.5,0.0,20.8,7,24.4,27.7,80.0,2005-07-07,0.0,232,1.5,2005,7
188,0.0,20050708,0.5,0.0,20.5,8,24.6,28.8,74.1,2005-07-08,4.9,232,2.1,2005,7
189,0.0,20050709,25.5,0.0,22.0,9,23.0,24.6,86.6,2005-07-09,0.0,232,1.7,2005,7
190,0.0,20050710,0.0,0.0,21.0,10,23.7,26.7,81.4,2005-07-10,0.0,232,0.7,2005,7
191,0.0,20050711,83.0,0.0,19.2,11,20.2,22.7,87.6,2005-07-11,0.0,232,2.3,2005,7
192,0.0,20050712,0.0,0.0,18.1,12,23.6,28.7,75.0,2005-07-12,9.1,232,1.0,2005,7
193,0.0,20050713,9.0,0.0,21.2,13,23.4,27.8,79.6,2005-07-13,1.1,232,1.2,2005,7
194,0.0,20050714,0.0,0.0,20.2,14,25.3,31.8,74.3,2005-07-14,7.1,232,1.5,2005,7
195,0.0,20050715,0.0,0.0,20.5,15,26.1,32.0,74.6,2005-07-15,6.7,232,1.1,2005,7
196,0.0,20050716,2.0,0.0,22.2,16,25.7,30.2,80.4,2005-07-16,0.4,232,0.8,2005,7
197,0.0,20050717,23.0,0.0,21.5,17,24.7,29.7,82.9,2005-07-17,2.2,232,1.6,2005,7
198,0.0,20050718,0.0,0.0,22.3,18,26.0,30.7,75.9,2005-07-18,8.7,232,1.7,2005,7
199,0.0,20050719,0.0,0.0,23.0,19,25.6,29.8,77.3,2005-07-19,2.0,232,1.7,2005,7
200,0.0,20050720,0.0,0.0,21.3,20,26.0,31.2,75.9,2005-07-20,6.6,232,1.5,2005,7
201,0.0,20050721,0.0,0.0,22.1,21,26.1,31.7,74.8,2005-07-21,5.4,232,1.3,2005,7
202,0.0,20050722,0.0,0.0,21.0,22,27.1,33.7,73.8,2005-07-22,7.5,232,1.1,2005,7
203,0.0,20050723,0.0,0.0,22.2,23,28.1,35.4,74.4,2005-07-23,5.2,232,1.1,2005,7
204,0.0,20050724,0.0,0.0,24.0,24,28.7,35.4,71.3,2005-07-24,6.3,232,1.3,2005,7
205,0.0,20050725,0.0,0.0,23.6,25,27.6,34.5,73.9,2005-07-25,1.8,232,1.4,2005,7
206,0.0,20050726,0.0,0.0,23.2,26,27.1,32.5,73.9,2005-07-26,4.7,232,1.6,2005,7
207,0.0,20050727,1.0,0.0,22.6,27,26.4,31.7,78.8,2005-07-27,0.6,232,1.1,2005,7
208,0.0,20050728,71.0,0.0,22.2,28,24.4,26.3,85.3,2005-07-28,0.0,232,2.0,2005,7
209,0.0,20050729,0.0,0.0,21.7,29,25.9,30.6,75.6,2005-07-29,7.4,232,1.2,2005,7
210,0.0,20050730,0.0,0.0,21.7,30,26.3,32.0,75.3,2005-07-30,3.9,232,1.1,2005,7
211,0.0,20050731,0.3,0.0,21.8,31,26.7,33.0,74.3,2005-07-31,6.3,232,1.1,2005,7
212,0.0,20050801,44.0,0.0,23.2,1,25.8,30.1,82.1,2005-08-01,1.5,232,2.1,2005,8
213,0.0,20050802,6.5,0.0,22.7,2,25.9,30.1,83.8,2005-08-02,1.6,232,1.4,2005,8
214,0.0,20050803,14.5,0.0,23.2,3,25.2,29.2,86.1,2005-08-03,1.5,232,1.4,2005,8
215,0.0,20050804,4.5,0.0,23.1,4,27.2,33.7,79.0,2005-08-04,6.1,232,1.6,2005,8
216,0.0,20050805,0.2,0.0,23.5,5,28.7,36.2,76.3,2005-08-05,8.7,232,1.1,2005,8
217,0.0,20050806,8.5,0.0,23.3,6,27.9,35.7,75.9,2005-08-06,10.5,232,1.8,2005,8
218,0.0,20050807,0.3,0.0,22.5,7,26.8,32.2,78.5,2005-08-07,3.9,232,1.3,2005,8
219,0.0,20050808,17.0,0.0,24.5,8,26.5,31.1,80.9,2005-08-08,0.5,232,1.9,2005,8
220,0.0,20050809,0.5,0.0,22.6,9,26.5,31.0,75.0,2005-08-09,6.0,232,2.3,2005,8
221,0.0,20050810,3.0,0.0,22.2,10,25.6,29.7,84.6,2005-08-10,0.6,232,1.4,2005,8
222,0.0,20050811,21.0,0.0,23.2,11,25.1,27.7,86.8,2005-08-11,0.2,232,1.3,2005,8
223,0.0,20050812,0.5,0.0,23.5,12,26.8,31.3,78.5,2005-08-12,3.7,232,1.3,2005,8
224,0.0,20050813,0.0,0.0,23.7,13,27.3,31.6,76.5,2005-08-13,6.4,232,1.6,2005,8
225,0.0,20050814,0.0,0.0,23.0,14,27.2,31.5,76.0,2005-08-14,8.7,232,1.5,2005,8
226,0.0,20050815,0.0,0.0,24.2,15,26.9,31.2,76.5,2005-08-15,6.1,232,1.5,2005,8
227,0.0,20050816,0.0,0.0,23.1,16,26.8,32.7,78.8,2005-08-16,4.0,232,1.1,2005,8
228,0.0,20050817,3.0,0.0,22.6,17,27.5,34.0,75.9,2005-08-17,6.6,232,1.2,2005,8
229,0.0,20050818,3.5,0.0,22.7,18,25.5,32.4,81.1,2005-08-18,2.6,232,1.6,2005,8
230,0.0,20050819,5.0,0.0,21.2,19,23.4,27.6,85.9,2005-08-19,0.0,232,1.2,2005,8
231,0.0,20050820,13.0,0.0,19.7,20,21.5,24.0,84.9,2005-08-20,0.0,232,1.2,2005,8
232,0.0,20050821,7.0,0.0,19.2,21,23.2,29.0,77.8,2005-08-21,2.0,232,1.1,2005,8
233,0.0,20050822,21.5,0.0,20.1,22,21.5,23.7,84.6,2005-08-22,0.0,232,1.5,2005,8
234,0.0,20050823,0.0,0.0,18.0,23,23.1,28.3,62.9,2005-08-23,12.6,232,2.6,2005,8
235,0.0,20050824,7.0,0.0,16.5,24,20.4,24.5,68.1,2005-08-24,1.0,232,2.6,2005,8
236,0.0,20050825,21.0,0.0,17.8,25,20.0,23.7,89.6,2005-08-25,0.0,232,1.5,2005,8
237,0.0,20050826,0.5,0.0,17.8,26,21.1,26.5,78.6,2005-08-26,5.2,232,1.7,2005,8
238,0.0,20050827,0.0,0.0,18.1,27,22.3,29.7,76.9,2005-08-27,5.7,232,0.7,2005,8
239,0.0,20050828,0.0,0.0,17.0,28,21.9,27.8,79.4,2005-08-28,8.7,232,1.5,2005,8
240,0.0,20050829,0.0,0.0,18.3,29,24.1,29.7,74.5,2005-08-29,7.1,232,1.1,2005,8
241,0.0,20050830,0.0,0.0,18.8,30,23.1,27.3,78.8,2005-08-30,0.0,232,1.0,2005,8
242,0.0,20050831,0.0,0.0,17.1,31,24.2,32.5,75.1,2005-08-31,9.0,232,1.2,2005,8
243,0.0,20050901,0.0,0.0,22.0,1,27.2,31.8,73.4,2005-09-01,8.1,232,1.6,2005,9
244,0.0,20050902,0.5,0.0,22.7,2,25.2,29.1,83.0,2005-09-02,0.5,232,1.4,2005,9
245,0.0,20050903,0.5,0.0,19.6,3,22.6,27.0,74.8,2005-09-03,0.1,232,1.0,2005,9
246,0.0,20050904,0.0,0.0,19.1,4,22.7,27.3,71.9,2005-09-04,1.9,232,2.2,2005,9
247,0.0,20050905,0.0,0.0,13.8,5,21.2,27.7,61.1,2005-09-05,12.1,232,3.3,2005,9
248,0.0,20050906,0.0,0.0,18.1,6,22.2,27.2,57.1,2005-09-06,4.7,232,3.3,2005,9
249,0.0,20050907,0.0,0.0,17.6,7,22.3,29.2,67.8,2005-09-07,8.9,232,1.7,2005,9
250,0.0,20050908,0.0,0.0,17.8,8,23.5,30.5,74.4,2005-09-08,6.6,232,1.1,2005,9
251,0.0,20050909,8.0,0.0,20.1,9,22.3,26.3,78.1,2005-09-09,0.3,232,1.9,2005,9
252,0.0,20050910,1.0,0.0,19.7,10,23.6,31.0,76.8,2005-09-10,5.7,232,1.4,2005,9
253,0.0,20050911,0.0,0.0,20.1,11,25.5,32.2,74.4,2005-09-11,6.4,232,1.0,2005,9
254,0.0,20050912,0.0,0.0,20.7,12,25.7,31.1,75.4,2005-09-12,4.8,232,0.9,2005,9
255,0.0,20050913,19.0,0.0,19.2,13,24.0,29.6,82.8,2005-09-13,1.2,232,2.3,2005,9
256,0.0,20050914,0.0,0.0,16.8,14,20.7,26.6,72.8,2005-09-14,9.1,232,1.6,2005,9
257,0.0,20050915,0.0,0.0,15.8,15,21.1,28.0,70.6,2005-09-15,10.4,232,1.7,2005,9
258,0.0,20050916,0.0,0.0,17.7,16,22.5,28.2,68.6,2005-09-16,8.6,232,1.8,2005,9
259,0.0,20050917,162.0,0.0,21.7,17,23.7,28.2,79.8,2005-09-17,0.2,232,2.2,2005,9
260,0.0,20050918,53.0,0.0,19.7,18,22.2,27.3,82.4,2005-09-18,4.4,232,1.2,2005,9
261,0.0,20050919,3.5,0.0,17.2,19,19.7,23.5,86.0,2005-09-19,0.0,232,0.8,2005,9
262,0.0,20050920,0.0,0.0,15.8,20,19.9,23.7,81.6,2005-09-20,0.0,232,0.9,2005,9
263,0.0,20050921,102.5,0.0,14.8,21,16.3,21.1,87.8,2005-09-21,0.0,232,2.7,2005,9
264,0.0,20050922,4.0,0.0,16.3,22,17.3,18.2,89.5,2005-09-22,0.0,232,0.8,2005,9
265,0.0,20050923,0.0,0.0,17.5,23,20.4,25.2,79.6,2005-09-23,1.9,232,1.1,2005,9
266,0.0,20050924,0.0,0.0,14.8,24,20.1,26.3,73.8,2005-09-24,8.3,232,1.7,2005,9
267,0.0,20050925,0.0,0.0,13.6,25,18.9,25.5,74.9,2005-09-25,4.5,232,1.2,2005,9
268,0.0,20050926,0.0,0.0,15.3,26,20.0,27.5,71.0,2005-09-26,8.4,232,1.2,2005,9
269,0.0,20050927,0.0,0.0,13.8,27,18.7,26.1,72.5,2005-09-27,5.1,232,1.6,2005,9
270,0.0,20050928,0.0,0.0,12.0,28,18.3,26.1,73.0,2005-09-28,7.3,232,1.3,2005,9
271,0.0,20050929,0.0,0.0,13.6,29,19.9,26.1,66.1,2005-09-29,5.8,232,2.2,2005,9
272,0.0,20050930,23.5,0.0,16.5,30,18.6,22.0,87.9,2005-09-30,0.0,232,2.2,2005,9
273,0.0,20051001,10.0,0.0,20.0,1,21.2,23.7,88.5,2005-10-01,0.0,232,0.6,2005,10
274,0.0,20051002,0.0,0.0,15.0,2,19.7,24.2,72.0,2005-10-02,2.4,232,2.2,2005,10
275,0.0,20051003,2.0,0.0,13.0,3,15.7,20.2,74.5,2005-10-03,0.4,232,1.0,2005,10
276,0.0,20051004,1.0,0.0,9.1,4,13.9,19.5,79.1,2005-10-04,1.8,232,0.7,2005,10
277,0.0,20051005,0.0,0.0,8.5,5,14.2,24.5,77.0,2005-10-05,8.5,232,0.7,2005,10
278,0.0,20051006,0.0,0.0,7.8,6,15.2,24.8,74.3,2005-10-06,8.6,232,0.8,2005,10
279,0.0,20051007,9.0,0.0,14.3,7,15.3,16.5,87.3,2005-10-07,0.0,232,1.0,2005,10
280,0.0,20051008,0.0,0.0,9.5,8,14.9,20.2,78.8,2005-10-08,7.1,232,1.6,2005,10
281,0.0,20051009,0.0,0.0,8.0,9,14.5,23.7,78.5,2005-10-09,9.5,232,1.2,2005,10
282,0.0,20051010,0.0,0.0,9.3,10,16.3,24.7,70.1,2005-10-10,9.9,232,1.1,2005,10
283,0.0,20051011,0.0,0.0,8.3,11,15.4,24.2,69.4,2005-10-11,10.6,232,1.1,2005,10
284,0.0,20051012,0.0,0.0,7.8,12,15.2,24.8,73.0,2005-10-12,10.6,232,1.4,2005,10
285,0.0,20051013,0.0,0.0,13.1,13,17.8,23.6,71.6,2005-10-13,3.9,232,1.6,2005,10
286,0.0,20051014,0.5,0.0,6.1,14,13.5,18.2,66.5,2005-10-14,6.5,232,2.1,2005,10
287,0.0,20051015,0.0,0.0,7.5,15,12.3,19.7,68.8,2005-10-15,7.5,232,1.3,2005,10
288,0.0,20051016,0.0,0.0,4.4,16,11.6,20.7,70.8,2005-10-16,10.3,232,0.8,2005,10
289,0.0,20051017,0.0,0.0,3.9,17,12.6,22.3,74.9,2005-10-17,9.7,232,0.7,2005,10
290,0.0,20051018,0.0,0.0,6.9,18,12.8,21.0,71.1,2005-10-18,9.4,232,1.1,2005,10
291,0.0,20051019,0.0,0.0,6.1,19,12.9,22.0,78.1,2005-10-19,7.1,232,0.8,2005,10
292,0.0,20051020,0.0,0.0,7.6,20,14.0,22.8,73.3,2005-10-20,9.0,232,0.8,2005,10
293,0.0,20051021,4.0,0.0,8.3,21,12.0,15.3,80.4,2005-10-21,0.0,232,1.8,2005,10
294,0.0,20051022,0.0,0.0,2.0,22,8.1,13.0,57.9,2005-10-22,10.3,232,2.1,2005,10
295,0.0,20051023,0.0,0.0,-1.2,23,7.4,17.1,69.9,2005-10-23,10.0,232,1.3,2005,10
296,0.0,20051024,0.0,0.0,2.7,24,10.2,19.7,76.0,2005-10-24,6.8,232,1.1,2005,10
297,0.0,20051025,0.0,0.0,6.3,25,12.1,20.6,79.5,2005-10-25,4.5,232,0.7,2005,10
298,0.0,20051026,0.0,0.0,7.9,26,13.3,22.3,74.5,2005-10-26,8.2,232,1.2,2005,10
299,0.0,20051027,0.0,0.0,6.1,27,12.4,22.2,79.0,2005-10-27,6.8,232,0.7,2005,10
300,0.0,20051028,0.2,0.0,9.3,28,12.5,17.2,67.5,2005-10-28,3.9,232,2.6,2005,10
301,0.0,20051029,0.0,0.0,5.0,29,10.1,13.5,64.6,2005-10-29,6.7,232,1.9,2005,10
302,0.0,20051030,0.0,0.0,2.5,30,7.1,12.6,74.9,2005-10-30,2.2,232,1.1,2005,10
303,0.0,20051031,0.0,0.0,-0.4,31,6.7,15.6,71.3,2005-10-31,9.5,232,0.9,2005,10
304,0.0,20051101,0.0,0.0,2.0,1,9.7,18.2,73.5,2005-11-01,4.2,232,1.2,2005,11
305,0.0,20051102,0.0,0.0,3.4,2,11.3,19.2,76.1,2005-11-02,4.5,232,0.8,2005,11
306,0.0,20051103,0.0,0.0,9.1,3,14.3,23.7,70.0,2005-11-03,6.9,232,1.0,2005,11
307,0.0,20051104,0.0,0.0,7.0,4,14.6,23.2,72.9,2005-11-04,3.8,232,1.1,2005,11
308,0.0,20051105,1.0,0.0,9.1,5,16.7,22.0,72.6,2005-11-05,2.9,232,1.2,2005,11
309,0.0,20051106,9.0,0.0,8.8,6,14.6,18.2,76.6,2005-11-06,0.1,232,2.6,2005,11
310,0.0,20051107,2.0,0.0,4.5,7,10.6,17.3,60.1,2005-11-07,8.8,232,1.4,2005,11
311,0.0,20051108,0.0,0.0,1.6,8,8.7,14.1,59.0,2005-11-08,7.8,232,2.0,2005,11
312,0.0,20051109,0.0,0.0,1.2,9,7.5,16.6,70.1,2005-11-09,8.9,232,1.0,2005,11
313,0.0,20051110,0.0,0.0,3.2,10,12.9,20.5,70.5,2005-11-10,5.3,232,2.5,2005,11
314,0.0,20051111,0.0,0.0,6.4,11,12.6,17.3,63.3,2005-11-11,0.0,232,1.6,2005,11
315,0.0,20051112,0.0,0.0,-0.5,12,6.4,15.6,57.5,2005-11-12,8.9,232,0.7,2005,11
316,0.0,20051113,0.0,0.0,0.1,13,8.7,16.8,52.5,2005-11-13,3.2,232,1.5,2005,11
317,0.0,20051114,0.0,0.0,3.5,14,6.7,10.6,38.4,2005-11-14,8.0,232,2.6,2005,11
318,0.0,20051115,0.0,0.0,-3.5,15,2.3,7.5,50.9,2005-11-15,9.2,232,2.2,2005,11
319,0.0,20051116,0.0,0.0,-5.6,16,0.3,8.1,61.0,2005-11-16,9.1,232,1.1,2005,11
320,0.0,20051117,0.0,0.0,-6.4,17,1.3,9.3,61.1,2005-11-17,9.1,232,1.3,2005,11
321,0.0,20051118,0.0,0.0,-5.0,18,1.8,8.6,56.1,2005-11-18,9.1,232,1.9,2005,11
322,0.0,20051119,0.0,0.0,-5.6,19,-0.2,7.1,63.0,2005-11-19,6.3,232,1.1,2005,11
323,0.0,20051120,0.0,0.0,-6.9,20,0.1,9.0,67.6,2005-11-20,9.1,232,0.9,2005,11
324,0.0,20051121,4.5,0.0,-2.7,21,5.1,10.8,66.9,2005-11-21,5.4,232,1.9,2005,11
325,0.0,20051122,0.0,0.0,-2.5,22,2.6,9.6,62.4,2005-11-22,9.1,232,1.2,2005,11
326,0.0,20051123,1.5,0.0,0.1,23,6.7,13.3,67.0,2005-11-23,4.4,232,2.1,2005,11
327,0.0,20051124,0.5,0.0,0.6,24,5.5,13.1,81.5,2005-11-24,3.1,232,0.5,2005,11
328,0.0,20051125,0.0,0.0,-0.6,25,4.7,14.1,79.6,2005-11-25,4.9,232,1.1,2005,11
329,0.0,20051126,0.0,0.0,-1.0,26,6.8,14.8,75.8,2005-11-26,3.8,232,1.6,2005,11
330,0.0,20051127,1.0,0.0,0.8,27,6.8,13.6,73.4,2005-11-27,4.5,232,1.7,2005,11
331,0.0,20051128,4.0,0.0,0.4,28,7.4,14.6,67.6,2005-11-28,0.9,232,3.6,2005,11
332,0.0,20051129,0.0,0.0,0.8,29,4.5,9.0,59.6,2005-11-29,7.1,232,2.8,2005,11
333,0.0,20051130,0.0,0.0,-2.7,30,2.9,10.8,58.9,2005-11-30,8.8,232,1.0,2005,11
334,0.0,20051201,1.0,0.0,-1.3,1,5.4,13.3,67.1,2005-12-01,2.6,232,2.3,2005,12
335,0.0,20051202,0.0,0.0,-3.0,2,1.9,5.0,50.5,2005-12-02,8.6,232,2.8,2005,12
336,0.0,20051203,1.5,4.6,-6.4,3,-0.8,5.5,61.8,2005-12-03,7.4,232,1.0,2005,12
337,0.0,20051204,2.0,5.4,-6.0,4,-3.2,-0.5,66.0,2005-12-04,5.1,232,3.1,2005,12
338,0.0,20051205,0.0,0.0,-9.8,5,-6.0,-1.7,60.9,2005-12-05,7.8,232,1.9,2005,12
339,0.0,20051206,0.4,1.2,-10.1,6,-2.0,3.9,73.4,2005-12-06,3.1,232,0.8,2005,12
340,0.0,20051207,0.0,0.0,-6.1,7,-1.6,2.2,77.6,2005-12-07,1.7,232,0.7,2005,12
341,0.0,20051208,0.5,1.5,-6.4,8,-2.4,1.3,73.5,2005-12-08,4.6,232,1.6,2005,12
342,0.0,20051209,0.0,0.0,-7.3,9,-2.0,3.5,72.1,2005-12-09,4.3,232,0.7,2005,12
343,0.0,20051210,0.0,0.0,-5.3,10,-1.1,2.2,54.4,2005-12-10,3.0,232,2.3,2005,12
344,0.0,20051211,0.0,0.0,-7.4,11,-4.9,-2.2,52.9,2005-12-11,7.5,232,2.7,2005,12
345,0.0,20051212,0.5,1.3,-9.6,12,-6.3,-4.0,57.5,2005-12-12,4.5,232,2.9,2005,12
346,0.0,20051213,1.8,4.7,-13.8,13,-7.4,-4.6,66.6,2005-12-13,6.5,232,2.1,2005,12
347,0.0,20051214,0.5,2.0,-17.8,14,-8.3,-0.1,73.3,2005-12-14,8.1,232,1.1,2005,12
348,0.0,20051215,0.0,0.0,-14.3,15,-6.2,-0.2,76.9,2005-12-15,8.1,232,0.9,2005,12
349,0.0,20051216,0.0,0.1,-11.1,16,-4.4,2.4,72.3,2005-12-16,1.8,232,1.0,2005,12
350,0.0,20051217,0.0,0.0,-12.6,17,-9.0,-4.1,46.9,2005-12-17,3.0,232,3.7,2005,12
351,0.0,20051218,1.5,5.3,-17.2,18,-10.8,-3.2,72.4,2005-12-18,2.4,232,1.5,2005,12
352,0.0,20051219,0.0,0.0,-17.2,19,-9.6,0.2,69.5,2005-12-19,8.1,232,0.5,2005,12
353,0.0,20051220,0.0,0.0,-15.3,20,-6.7,2.7,68.3,2005-12-20,7.1,232,0.7,2005,12
354,0.0,20051221,1.4,5.0,-9.3,21,-6.1,-3.0,66.1,2005-12-21,1.4,232,3.4,2005,12
355,0.0,20051222,0.0,0.0,-14.8,22,-6.0,-2.0,64.8,2005-12-22,7.4,232,1.7,2005,12
356,0.0,20051223,0.0,0.1,-6.0,23,-2.4,1.2,72.0,2005-12-23,1.2,232,2.0,2005,12
357,0.0,20051224,0.0,0.0,-13.1,24,-6.7,-0.1,55.5,2005-12-24,8.5,232,1.4,2005,12
358,0.0,20051225,0.0,0.0,-6.4,25,-1.6,3.9,56.9,2005-12-25,3.6,232,3.1,2005,12
359,0.0,20051226,0.0,0.0,-12.3,26,-7.5,-2.9,64.1,2005-12-26,8.0,232,2.2,2005,12
360,0.0,20051227,0.0,0.0,-14.8,27,-9.0,-2.2,67.8,2005-12-27,8.5,232,1.5,2005,12
361,0.0,20051228,0.0,0.0,-14.6,28,-8.1,-0.2,64.8,2005-12-28,8.2,232,0.7,2005,12
362,0.0,20051229,0.0,0.0,-13.1,29,-6.4,2.7,69.4,2005-12-29,6.2,232,0.6,2005,12
363,0.0,20051230,0.2,0.2,-9.6,30,-3.6,2.2,79.1,2005-12-30,0.0,232,0.6,2005,12
364,0.0,20051231,0.0,0.0,-9.1,31,-0.7,6.5,71.6,2005-12-31,3.0,232,1.1,2005,12
