,station_id,tmin,date,rainfall,wind,sunshine,tmax,year,month,cloud,day,humid,Date,tavg,snow
0,232,-2.1,20170101,0.0,0.6,5.2,8.7,2017,1,0.0,1,83.1,2017-01-01,2.3,0.0
1,232,-0.3,20170102,0.0,1.2,3.3,11.0,2017,1,0.0,2,79.5,2017-01-02,4.8,0.0
2,232,-3.1,20170103,0.0,1.0,7.2,8.8,2017,1,0.0,3,74.3,2017-01-03,2.1,0.0
3,232,-2.7,20170104,0.0,0.9,5.9,10.0,2017,1,0.0,4,68.9,2017-01-04,2.8,0.0
4,232,-2.5,20170105,0.0,1.9,0.2,9.0,2017,1,0.0,5,67.0,2017-01-05,3.9,0.0
5,232,-0.2,20170106,0.0,1.4,6.3,10.8,2017,1,0.0,6,68.3,2017-01-06,4.8,0.0
6,232,-3.6,20170107,0.0,0.4,5.4,9.3,2017,1,0.0,7,78.8,2017-01-07,2.4,0.0
7,232,1.2,20170108,0.0,1.4,5.0,12.4,2017,1,0.0,8,66.1,2017-01-08,6.9,0.0
8,232,-1.8,20170109,0.0,2.2,5.4,6.3,2017,1,0.0,9,68.5,2017-01-09,3.0,0.0
9,232,-4.6,20170110,0.0,1.7,6.3,2.5,2017,1,0.0,10,55.8,2017-01-10,-1.2,0.0
10,232,-11.0,20170111,0.0,1.3,7.4,2.2,2017,1,0.0,11,59.4,2017-01-11,-3.9,0.0
11,232,-4.3,20170112,1.0,1.1,3.1,2.5,2017,1,0.0,12,67.4,2017-01-12,-1.6,0.0
12,232,-10.9,20170113,0.1,1.7,5.6,-0.7,2017,1,0.0,13,64.5,2017-01-13,-5.2,0.0
13,232,-9.2,20170114,0.0,2.7,8.0,-4.3,2017,1,0.0,14,37.1,2017-01-14,-6.7,0.0
14,232,-14.8,20170115,0.0,1.2,8.3,-1.0,2017,1,0.0,15,51.1,2017-01-15,-7.7,0.0
15,232,-14.2,20170116,0.0,0.7,8.3,2.9,2017,1,0.0,16,58.5,2017-01-16,-6.2,0.0
16,232,-11.8,20170117,0.0,0.7,6.0,4.0,2017,1,0.0,17,64.5,2017-01-17,-4.6,0.0
17,232,-6.8,20170118,0.0,0.6,4.6,4.9,2017,1,0.0,18,74.9,2017-01-18,-1.2,0.0
18,232,-6.1,20170119,0.0,1.0,5.2,5.0,2017,1,0.0,19,73.8,2017-01-19,-1.5,0.0
19,232,-7.0,20170120,3.7,2.5,4.1,-1.3,2017,1,0.0,20,74.5,2017-01-20,-3.1,0.0
20,232,-10.6,20170121,0.5,0.8,2.9,0.9,2017,1,0.0,21,81.4,2017-01-21,-4.2,0.0
21,232,-8.5,20170122,0.9,2.4,6.9,-1.0,2017,1,0.0,22,61.3,2017-01-22,-5.9,0.0
22,232,-14.2,20170123,0.0,1.5,9.0,-3.0,2017,1,0.0,23,67.0,2017-01-23,-8.7,0.0
23,232,-15.9,20170124,0.0,0.9,8.4,0.0,2017,1,0.0,24,64.8,2017-01-24,-8.3,0.0
24,232,-15.1,20170125,0.0,0.8,8.5,1.0,2017,1,0.0,25,66.0,2017-01-25,-7.2,0.0
25,232,-13.7,20170126,0.0,0.9,7.3,4.5,2017,1,0.0,26,64.1,2017-01-26,-3.0,0.0
26,232,-7.5,20170127,3.1,2.4,8.0,3.9,2017,1,0.0,27,54.5,2017-01-27,-1.2,0.0
27,232,-11.2,20170128,0.0,0.8,6.6,6.9,2017,1,0.0,28,56.0,2017-01-28,-1.7,0.0
28,232,0.6,20170129,4.1,0.9,0.0,3.7,2017,1,0.0,29,79.6,2017-01-29,1.9,0.0
29,232,-9.9,20170130,0.5,2.3,6.8,0.7,2017,1,0.0,30,69.8,2017-01-30,-3.9,0.0
30,232,-12.4,20170131,0.0,1.0,7.0,0.0,2017,1,0.0,31,61.5,2017-01-31,-6.1,0.0
31,232,-8.5,20170201,0.0,1.7,7.9,1.8,2017,2,0.0,1,52.6,2017-02-01,-3.3,0.0
32,232,-11.1,20170202,0.0,1.4,8.6,3.8,2017,2,0.0,2,51.5,2017-02-02,-2.3,0.0
33,232,-4.1,20170203,0.0,1.0,7.5,7.0,2017,2,0.0,3,67.9,2017-02-03,0.6,0.0
34,232,-5.9,20170204,0.0,0.6,1.1,6.7,2017,2,0.0,4,65.5,2017-02-04,1.1,0.0
35,232,1.3,20170205,0.0,1.6,0.5,5.8,2017,2,0.0,5,71.1,2017-02-05,2.5,0.0
36,232,-4.7,20170206,0.0,2.2,8.7,1.9,2017,2,0.0,6,56.8,2017-02-06,-1.0,0.0
37,232,-7.6,20170207,0.0,0.9,5.7,4.5,2017,2,0.0,7,60.3,2017-02-07,-1.9,0.0
38,232,-6.9,20170208,0.0,1.4,3.4,3.0,2017,2,0.0,8,59.6,2017-02-08,-1.5,0.0
39,232,-5.3,20170209,0.0,3.1,8.5,-0.9,2017,2,0.0,9,51.8,2017-02-09,-3.5,0.0
40,232,-7.1,20170210,0.0,3.0,8.9,-2.2,2017,2,0.0,10,49.6,2017-02-10,-5.0,0.0
41,232,-9.8,20170211,0.0,1.9,8.5,0.9,2017,2,0.0,11,53.4,2017-02-11,-3.7,0.0
42,232,-9.8,20170212,0.0,1.4,9.2,4.6,2017,2,0.0,12,61.3,2017-02-12,-2.4,0.0
43,232,-9.0,20170213,1.9,0.7,3.4,5.0,2017,2,0.0,13,79.3,2017-02-13,-1.2,0.0
44,232,-4.5,20170214,0.0,1.4,8.8,6.4,2017,2,0.0,14,58.1,2017-02-14,0.4,0.0
45,232,-8.1,20170215,0.0,0.6,8.3,9.1,2017,2,0.0,15,59.0,2017-02-15,0.1,0.0
46,232,-6.2,20170216,0.0,1.3,7.2,13.3,2017,2,0.0,16,65.8,2017-02-16,5.1,0.0
47,232,-2.4,20170217,2.5,2.6,7.4,11.2,2017,2,0.0,17,62.6,2017-02-17,2.5,0.0
48,232,-7.9,20170218,0.0,1.8,9.6,3.5,2017,2,0.0,18,46.6,2017-02-18,-1.9,0.0
49,232,-7.3,20170219,6.2,1.7,4.7,8.8,2017,2,0.0,19,68.3,2017-02-19,1.8,0.0
50,232,-4.6,20170220,7.7,2.9,8.0,6.7,2017,2,0.0,20,60.5,2017-02-20,0.0,0.0
51,232,-8.9,20170221,0.0,1.0,8.7,7.8,2017,2,0.0,21,50.0,2017-02-21,-1.0,0.0
52,232,-1.7,20170222,13.9,1.6,0.2,3.9,2017,2,0.0,22,80.5,2017-02-22,2.2,0.0
53,232,-2.6,20170223,0.0,3.3,8.4,3.2,2017,2,0.0,23,55.9,2017-02-23,-0.1,0.0
54,232,-7.6,20170224,0.0,1.4,9.0,4.5,2017,2,0.0,24,54.5,2017-02-24,-0.6,0.0
55,232,-5.5,20170225,0.0,1.3,10.2,9.2,2017,2,0.0,25,57.1,2017-02-25,1.7,0.0
56,232,-1.9,20170226,0.0,1.4,9.3,9.0,2017,2,0.0,26,56.3,2017-02-26,2.9,0.0
57,232,-5.2,20170227,0.0,1.0,10.0,10.3,2017,2,0.0,27,54.8,2017-02-27,2.2,0.0
58,232,-5.5,20170228,0.0,0.9,10.0,12.8,2017,2,0.0,28,50.8,2017-02-28,3.5,0.0
59,232,-0.7,20170301,0.2,1.2,1.3,11.6,2017,3,0.0,1,58.6,2017-03-01,5.0,0.0
60,232,-2.1,20170302,2.6,2.4,7.6,6.2,2017,3,0.0,2,66.8,2017-03-02,2.1,0.0
61,232,-5.5,20170303,0.0,1.2,9.8,12.0,2017,3,0.0,3,55.5,2017-03-03,2.7,0.0
62,232,-4.1,20170304,0.0,0.9,10.3,13.0,2017,3,0.0,4,56.3,2017-03-04,4.4,0.0
63,232,-1.7,20170305,0.0,1.3,7.9,12.9,2017,3,0.0,5,67.1,2017-03-05,5.3,0.0
64,232,-2.0,20170306,0.0,2.8,10.0,5.7,2017,3,0.0,6,43.9,2017-03-06,1.5,0.0
65,232,-2.0,20170307,0.7,3.1,10.1,2.3,2017,3,0.0,7,52.4,2017-03-07,-0.5,0.0
66,232,-6.8,20170308,0.0,2.5,8.5,5.8,2017,3,0.0,8,52.8,2017-03-08,0.9,0.0
67,232,-4.2,20170309,0.0,2.8,10.0,10.7,2017,3,0.0,9,54.0,2017-03-09,4.1,0.0
68,232,-4.2,20170310,0.0,1.4,10.1,12.1,2017,3,0.0,10,45.9,2017-03-10,3.7,0.0
69,232,-4.7,20170311,0.0,1.2,10.1,16.9,2017,3,0.0,11,43.8,2017-03-11,5.4,0.0
70,232,-2.5,20170312,0.0,1.3,6.3,16.0,2017,3,0.0,12,52.1,2017-03-12,7.1,0.0
71,232,0.2,20170313,0.0,1.9,8.6,13.0,2017,3,0.0,13,54.9,2017-03-13,6.7,0.0
72,232,-2.5,20170314,0.1,2.0,10.2,10.4,2017,3,0.0,14,53.6,2017-03-14,4.4,0.0
73,232,-4.1,20170315,0.0,1.2,10.3,12.5,2017,3,0.0,15,47.5,2017-03-15,4.1,0.0
74,232,-3.6,20170316,0.0,1.4,9.8,13.2,2017,3,0.0,16,45.1,2017-03-16,4.7,0.0
75,232,-3.6,20170317,0.0,1.2,8.2,15.4,2017,3,0.0,17,42.0,2017-03-17,6.0,0.0
76,232,1.1,20170318,0.0,1.4,6.9,16.9,2017,3,0.0,18,35.4,2017-03-18,7.6,0.0
77,232,-1.9,20170319,0.0,1.0,10.3,18.6,2017,3,0.0,19,42.0,2017-03-19,8.2,0.0
78,232,-0.5,20170320,0.0,0.9,1.3,14.7,2017,3,0.0,20,50.5,2017-03-20,8.5,0.0
79,232,4.5,20170321,0.0,2.2,8.4,11.5,2017,3,0.0,21,46.0,2017-03-21,7.5,0.0
80,232,-2.0,20170322,0.0,1.6,8.6,13.6,2017,3,0.0,22,39.5,2017-03-22,6.7,0.0
81,232,0.8,20170323,0.0,1.4,7.2,15.3,2017,3,0.0,23,39.9,2017-03-23,7.3,0.0
82,232,-1.2,20170324,0.0,1.0,7.4,14.7,2017,3,0.0,24,49.4,2017-03-24,7.1,0.0
83,232,4.3,20170325,0.0,1.8,0.7,9.7,2017,3,0.0,25,61.8,2017-03-25,7.1,0.0
84,232,1.9,20170326,0.0,1.5,5.3,11.2,2017,3,0.0,26,54.0,2017-03-26,6.7,0.0
85,232,0.6,20170327,0.2,2.0,5.4,11.8,2017,3,0.0,27,63.4,2017-03-27,6.2,0.0
86,232,-2.4,20170328,0.0,1.3,4.7,13.5,2017,3,0.0,28,58.3,2017-03-28,6.1,0.0
87,232,2.1,20170329,0.0,1.6,9.0,15.9,2017,3,0.0,29,48.0,2017-03-29,9.0,0.0
88,232,-1.4,20170330,0.0,1.6,9.9,18.1,2017,3,0.0,30,49.9,2017-03-30,9.1,0.0
89,232,6.5,20170331,2.7,1.4,0.2,13.0,2017,3,0.0,31,76.1,2017-03-31,8.5,0.0
90,232,3.3,20170401,0.0,1.5,6.5,13.7,2017,4,0.0,1,67.3,2017-04-01,8.2,0.0
91,232,-0.8,20170402,0.0,1.6,10.8,15.7,2017,4,0.0,2,49.6,2017-04-02,8.0,0.0
92,232,-1.0,20170403,0.0,1.7,11.3,20.3,2017,4,0.0,3,45.3,2017-04-03,9.7,0.0
93,232,0.7,20170404,0.0,1.2,9.3,23.0,2017,4,0.0,4,38.6,2017-04-04,12.7,0.0
94,232,9.3,20170405,11.1,1.6,0.0,15.4,2017,4,0.0,5,67.3,2017-04-05,12.6,0.0
95,232,10.5,20170406,2.5,1.6,4.6,17.2,2017,4,0.0,6,79.4,2017-04-06,13.2,0.0
96,232,9.6,20170407,0.0,1.5,8.4,24.1,2017,4,0.0,7,61.9,2017-04-07,15.1,0.0
97,232,6.8,20170408,0.0,1.4,8.9,21.8,2017,4,0.0,8,65.5,2017-04-08,13.4,0.0
98,232,9.8,20170409,0.0,3.0,5.3,18.1,2017,4,0.0,9,56.9,2017-04-09,13.6,0.0
99,232,9.2,20170410,0.0,3.6,9.3,20.4,2017,4,0.0,10,23.6,2017-04-10,15.0,0.0
100,232,7.7,20170411,14.7,2.1,7.8,19.0,2017,4,0.0,11,58.1,2017-04-11,12.2,0.0
101,232,6.7,20170412,0.0,2.6,11.5,15.9,2017,4,0.0,12,16.3,2017-04-12,11.7,0.0
102,232,1.2,20170413,0.0,2.0,10.5,21.2,2017,4,0.0,13,50.1,2017-04-13,11.6,0.0
103,232,6.1,20170414,0.0,2.9,5.3,19.8,2017,4,0.0,14,51.6,2017-04-14,13.7,0.0
104,232,7.6,20170415,0.0,1.4,10.6,25.3,2017,4,0.0,15,57.3,2017-04-15,16.3,0.0
105,232,7.7,20170416,0.0,1.0,9.4,27.5,2017,4,0.0,16,49.9,2017-04-16,17.7,0.0
106,232,9.9,20170417,12.7,1.3,1.8,16.2,2017,4,0.0,17,77.0,2017-04-17,12.7,0.0
107,232,7.8,20170418,1.9,2.5,2.5,19.7,2017,4,0.0,18,75.0,2017-04-18,12.1,0.0
108,232,4.8,20170419,0.0,1.9,11.1,18.3,2017,4,0.0,19,47.5,2017-04-19,12.2,0.0
109,232,6.8,20170420,0.0,0.9,0.1,14.8,2017,4,0.0,20,60.6,2017-04-20,10.7,0.0
110,232,3.3,20170421,0.0,1.5,10.0,19.2,2017,4,0.0,21,57.5,2017-04-21,11.9,0.0
111,232,4.6,20170422,0.0,1.4,9.7,20.4,2017,4,0.0,22,51.5,2017-04-22,13.1,0.0
112,232,3.5,20170423,0.0,1.4,11.6,22.7,2017,4,0.0,23,45.4,2017-04-23,13.0,0.0
113,232,2.8,20170424,0.0,1.7,11.1,22.6,2017,4,0.0,24,45.0,2017-04-24,13.3,0.0
114,232,7.0,20170425,0.0,1.7,5.7,22.9,2017,4,0.0,25,54.9,2017-04-25,15.6,0.0
115,232,10.5,20170426,0.0,2.1,9.6,19.7,2017,4,0.0,26,40.9,2017-04-26,14.5,0.0
116,232,3.3,20170427,0.0,2.2,11.4,19.0,2017,4,0.0,27,43.6,2017-04-27,11.8,0.0
117,232,3.4,20170428,0.0,2.5,8.8,22.9,2017,4,0.0,28,52.3,2017-04-28,13.4,0.0
118,232,4.8,20170429,0.0,1.7,9.7,25.3,2017,4,0.0,29,49.1,2017-04-29,14.9,0.0
119,232,7.9,20170430,0.0,2.0,10.3,27.6,2017,4,0.0,30,57.1,2017-04-30,18.0,0.0
120,232,8.9,20170501,0.0,1.3,9.4,27.1,2017,5,0.0,1,57.5,2017-05-01,17.6,0.0
121,232,8.4,20170502,0.0,1.2,10.6,26.8,2017,5,0.0,2,48.6,2017-05-02,17.9,0.0
122,232,8.1,20170503,0.0,1.2,10.9,28.5,2017,5,0.0,3,47.6,2017-05-03,19.0,0.0
123,232,10.4,20170504,0.0,1.4,7.2,26.8,2017,5,0.0,4,53.1,2017-05-04,19.1,0.0
124,232,15.7,20170505,0.0,1.7,8.5,27.3,2017,5,0.0,5,55.8,2017-05-05,20.1,0.0
125,232,7.4,20170506,0.0,2.7,11.0,21.6,2017,5,0.0,6,36.6,2017-05-06,14.7,0.0
126,232,5.6,20170507,0.0,2.0,11.0,23.1,2017,5,0.0,7,47.0,2017-05-07,14.9,0.0
127,232,5.5,20170508,0.0,1.3,3.5,22.9,2017,5,0.0,8,55.3,2017-05-08,15.7,0.0
128,232,13.6,20170509,4.6,2.3,1.9,20.6,2017,5,0.0,9,70.1,2017-05-09,15.2,0.0
129,232,11.8,20170510,2.4,1.6,4.1,19.6,2017,5,0.0,10,79.4,2017-05-10,15.2,0.0
130,232,11.8,20170511,0.0,1.0,4.0,25.5,2017,5,0.0,11,73.8,2017-05-11,17.6,0.0
131,232,14.1,20170512,0.0,1.4,0.2,23.6,2017,5,0.0,12,75.3,2017-05-12,18.9,0.0
132,232,10.0,20170513,1.7,2.1,7.3,23.7,2017,5,0.0,13,73.9,2017-05-13,16.0,0.0
133,232,6.8,20170514,0.0,2.3,11.4,20.7,2017,5,0.0,14,52.3,2017-05-14,14.2,0.0
134,232,6.2,20170515,0.0,2.1,11.2,20.6,2017,5,0.0,15,61.4,2017-05-15,14.2,0.0
135,232,10.9,20170516,0.0,1.2,6.7,22.0,2017,5,0.0,16,63.3,2017-05-16,15.5,0.0
136,232,8.1,20170517,0.0,1.3,11.4,24.6,2017,5,0.0,17,54.5,2017-05-17,17.0,0.0
137,232,8.2,20170518,0.0,1.3,12.0,26.6,2017,5,0.0,18,54.4,2017-05-18,18.1,0.0
138,232,9.4,20170519,0.0,1.6,11.6,28.4,2017,5,0.0,19,48.8,2017-05-19,19.2,0.0
139,232,9.1,20170520,0.0,1.3,10.5,25.9,2017,5,0.0,20,46.1,2017-05-20,18.2,0.0
140,232,10.6,20170521,0.0,1.3,11.7,26.5,2017,5,0.0,21,51.5,2017-05-21,18.9,0.0
141,232,11.0,20170522,0.0,1.2,11.2,27.7,2017,5,0.0,22,54.1,2017-05-22,19.7,0.0
142,232,12.1,20170523,0.2,1.0,4.4,24.4,2017,5,0.0,23,63.1,2017-05-23,19.3,0.0
143,232,15.2,20170524,5.4,1.3,7.7,25.2,2017,5,0.0,24,71.3,2017-05-24,19.4,0.0
144,232,10.5,20170525,0.0,2.3,11.3,25.9,2017,5,0.0,25,57.3,2017-05-25,17.7,0.0
145,232,11.1,20170526,0.0,2.0,11.8,20.6,2017,5,0.0,26,45.0,2017-05-26,15.7,0.0
146,232,7.5,20170527,0.0,1.3,11.9,25.0,2017,5,0.0,27,53.1,2017-05-27,16.5,0.0
147,232,8.6,20170528,0.0,1.9,10.9,29.4,2017,5,0.0,28,55.0,2017-05-28,19.3,0.0
148,232,13.1,20170529,0.0,1.3,11.1,31.0,2017,5,0.0,29,61.1,2017-05-29,21.7,0.0
149,232,13.6,20170530,0.0,1.1,11.4,29.2,2017,5,0.0,30,57.1,2017-05-30,21.5,0.0
150,232,13.2,20170531,0.0,1.0,7.8,28.0,2017,5,0.0,31,59.8,2017-05-31,20.6,0.0
151,232,16.5,20170601,0.0,2.0,7.9,26.5,2017,6,0.0,1,61.5,2017-06-01,21.2,0.0
152,232,10.2,20170602,0.0,1.8,12.3,25.0,2017,6,0.0,2,43.6,2017-06-02,18.5,0.0
153,232,13.7,20170603,0.0,1.9,11.1,24.6,2017,6,0.0,3,43.1,2017-06-03,18.8,0.0
154,232,9.1,20170604,0.0,1.7,12.3,26.7,2017,6,0.0,4,43.6,2017-06-04,19.1,0.0
155,232,10.7,20170605,0.0,1.4,11.2,28.3,2017,6,0.0,5,38.9,2017-06-05,20.9,0.0
156,232,14.8,20170606,4.4,2.4,0.0,21.9,2017,6,0.0,6,65.3,2017-06-06,17.4,0.0
157,232,15.6,20170607,1.1,2.0,0.0,19.3,2017,6,0.0,7,86.0,2017-06-07,17.3,0.0
158,232,14.5,20170608,0.0,2.1,8.0,26.3,2017,6,0.0,8,65.4,2017-06-08,19.1,0.0
159,232,12.3,20170609,0.0,2.3,8.2,28.3,2017,6,0.0,9,65.6,2017-06-09,20.3,0.0
160,232,15.0,20170610,0.0,1.3,7.6,26.1,2017,6,0.0,10,57.3,2017-06-10,20.8,0.0
161,232,10.1,20170611,0.0,1.4,12.2,28.8,2017,6,0.0,11,42.1,2017-06-11,20.6,0.0
162,232,13.2,20170612,0.0,1.9,8.3,26.4,2017,6,0.0,12,45.6,2017-06-12,20.1,0.0
163,232,14.3,20170613,0.0,1.4,6.6,25.7,2017,6,0.0,13,62.9,2017-06-13,19.2,0.0
164,232,13.8,20170614,0.0,1.6,10.8,26.7,2017,6,0.0,14,61.4,2017-06-14,20.1,0.0
165,232,13.4,20170615,0.0,1.8,11.5,29.8,2017,6,0.0,15,57.3,2017-06-15,21.8,0.0
166,232,15.0,20170616,0.0,1.4,9.4,31.8,2017,6,0.0,16,56.0,2017-06-16,23.2,0.0
167,232,13.3,20170617,0.0,1.3,11.6,30.4,2017,6,0.0,17,47.8,2017-06-17,22.1,0.0
168,232,12.5,20170618,0.0,1.4,12.3,31.5,2017,6,0.0,18,45.6,2017-06-18,22.3,0.0
169,232,13.9,20170619,0.0,1.3,11.5,31.5,2017,6,0.0,19,52.5,2017-06-19,23.0,0.0
170,232,15.3,20170620,0.0,1.1,7.4,30.6,2017,6,0.0,20,49.1,2017-06-20,23.5,0.0
171,232,17.5,20170621,0.2,1.9,9.6,30.0,2017,6,0.0,21,55.8,2017-06-21,23.6,0.0
172,232,15.8,20170622,0.0,1.3,11.5,30.8,2017,6,0.0,22,61.6,2017-06-22,23.0,0.0
173,232,16.0,20170623,0.0,1.4,11.3,33.6,2017,6,0.0,23,52.3,2017-06-23,24.7,0.0
174,232,18.3,20170624,6.1,1.0,1.4,29.5,2017,6,0.0,24,67.6,2017-06-24,21.9,0.0
175,232,17.5,20170625,0.5,1.2,5.5,28.9,2017,6,0.0,25,78.3,2017-06-25,22.1,0.0
176,232,20.5,20170626,1.2,2.2,5.5,28.9,2017,6,0.0,26,70.1,2017-06-26,23.5,0.0
177,232,19.1,20170627,0.0,1.7,4.7,29.0,2017,6,0.0,27,71.9,2017-06-27,23.3,0.0
178,232,20.7,20170628,2.1,1.3,7.4,30.9,2017,6,0.0,28,70.0,2017-06-28,24.4,0.0
179,232,18.9,20170629,0.0,1.3,8.3,31.3,2017,6,0.0,29,66.5,2017-06-29,24.7,0.0
180,232,20.9,20170630,0.0,1.5,6.5,31.1,2017,6,0.0,30,63.0,2017-06-30,25.2,0.0
181,232,20.2,20170701,3.9,0.8,0.0,24.9,2017,7,0.0,1,82.8,2017-07-01,22.8,0.0
182,232,22.9,20170702,6.0,1.7,1.0,29.6,2017,7,0.0,2,81.1,2017-07-02,25.6,0.0
183,232,23.2,20170703,8.1,1.7,0.1,27.1,2017,7,0.0,3,85.3,2017-07-03,24.7,0.0
184,232,22.4,20170704,133.8,1.4,6.0,31.5,2017,7,0.0,4,79.3,2017-07-04,25.5,0.0
185,232,21.7,20170705,0.0,0.9,8.6,32.6,2017,7,0.0,5,68.9,2017-07-05,26.4,0.0
186,232,21.4,20170706,0.2,1.1,4.6,32.2,2017,7,0.0,6,78.1,2017-07-06,24.9,0.0
187,232,21.3,20170707,4.4,1.3,0.3,28.7,2017,7,0.0,7,81.9,2017-07-07,25.0,0.0
188,232,23.2,20170708,51.6,1.1,1.3,27.5,2017,7,0.0,8,82.8,2017-07-08,24.9,0.0
189,232,22.4,20170709,37.5,1.4,6.1,31.9,2017,7,0.0,9,75.5,2017-07-09,26.1,0.0
190,232,22.5,20170710,101.6,1.5,0.2,27.0,2017,7,0.0,10,85.4,2017-07-10,24.8,0.0
191,232,22.7,20170711,7.1,1.4,3.4,30.8,2017,7,0.0,11,78.0,2017-07-11,25.1,0.0
192,232,22.7,20170712,0.0,0.9,8.2,31.1,2017,7,0.0,12,73.9,2017-07-12,26.1,0.0
193,232,20.8,20170713,0.0,0.9,7.6,31.6,2017,7,0.0,13,73.9,2017-07-13,25.5,0.0
194,232,22.1,20170714,3.2,1.4,7.5,32.3,2017,7,0.0,14,75.8,2017-07-14,26.1,0.0
195,232,22.4,20170715,32.2,1.5,0.7,27.2,2017,7,0.0,15,85.5,2017-07-15,23.9,0.0
196,232,22.0,20170716,232.7,1.1,0.2,25.9,2017,7,0.0,16,88.8,2017-07-16,23.6,0.0
197,232,21.8,20170717,2.7,0.9,0.1,27.4,2017,7,0.0,17,86.1,2017-07-17,24.1,0.0
198,232,21.6,20170718,2.0,0.8,2.7,29.2,2017,7,0.0,18,81.0,2017-07-18,24.8,0.0
199,232,22.7,20170719,0.0,0.9,6.5,32.1,2017,7,0.0,19,73.8,2017-07-19,26.2,0.0
200,232,22.6,20170720,0.0,1.0,7.7,32.3,2017,7,0.0,20,75.3,2017-07-20,27.1,0.0
201,232,24.1,20170721,0.0,1.1,5.8,33.0,2017,7,0.0,21,74.0,2017-07-21,28.2,0.0
202,232,25.2,20170722,0.0,1.1,3.2,31.3,2017,7,0.0,22,74.1,2017-07-22,27.8,0.0
203,232,24.6,20170723,3.8,0.7,0.0,28.4,2017,7,0.0,23,85.1,2017-07-23,26.1,0.0
204,232,24.6,20170724,66.4,0.8,0.2,29.0,2017,7,0.0,24,85.5,2017-07-24,26.4,0.0
205,232,24.0,20170725,5.1,1.2,6.7,32.3,2017,7,0.0,25,74.1,2017-07-25,27.2,0.0
206,232,21.4,20170726,0.0,2.3,11.2,30.4,2017,7,0.0,26,61.6,2017-07-26,25.7,0.0
207,232,19.4,20170727,0.0,1.3,6.6,31.3,2017,7,0.0,27,66.0,2017-07-27,25.4,0.0
208,232,23.6,20170728,49.8,0.9,0.1,29.0,2017,7,0.0,28,80.9,2017-07-28,25.5,0.0
209,232,23.3,20170729,1.4,2.3,4.5,29.1,2017,7,0.0,29,73.1,2017-07-29,25.7,0.0
210,232,20.9,20170730,0.0,1.1,8.5,31.5,2017,7,0.0,30,71.1,2017-07-30,26.0,0.0
211,232,21.7,20170731,34.6,1.2,0.0,25.4,2017,7,0.0,31,88.3,2017-07-31,23.2,0.0
212,232,21.8,20170801,2.8,1.0,24.0,31.7,2017,8,0.0,1,77.8,2017-08-01,25.7,0.0
213,232,23.0,20170802,0.0,1.0,9.2,33.6,2017,8,0.0,2,72.5,2017-08-02,27.9,0.0
214,232,23.6,20170803,0.0,2.1,11.5,30.8,2017,8,0.0,3,63.6,2017-08-03,26.8,0.0
215,232,21.7,20170804,0.0,1.3,11.9,33.9,2017,8,0.0,4,66.1,2017-08-04,27.6,0.0
216,232,23.8,20170805,0.0,1.1,10.6,35.2,2017,8,0.0,5,66.9,2017-08-05,29.0,0.0
217,232,25.6,20170806,0.0,1.3,7.6,33.9,2017,8,0.0,6,65.9,2017-08-06,29.1,0.0
218,232,23.0,20170807,0.0,1.3,10.5,32.5,2017,8,0.0,7,64.3,2017-08-07,27.4,0.0
219,232,21.2,20170808,0.0,0.8,2.9,30.4,2017,8,0.0,8,71.5,2017-08-08,25.7,0.0
220,232,22.6,20170809,9.0,1.6,0.0,24.9,2017,8,0.0,9,83.1,2017-08-09,23.6,0.0
221,232,23.1,20170810,2.8,0.7,2.5,29.1,2017,8,0.0,10,82.1,2017-08-10,24.8,0.0
222,232,22.4,20170811,1.9,1.1,7.1,31.1,2017,8,0.0,11,76.9,2017-08-11,25.2,0.0
223,232,21.1,20170812,0.0,1.6,9.5,30.4,2017,8,0.0,12,68.3,2017-08-12,25.4,0.0
224,232,21.4,20170813,0.1,2.3,1.3,26.1,2017,8,0.0,13,66.9,2017-08-13,24.0,0.0
225,232,20.6,20170814,44.3,2.6,0.5,24.6,2017,8,0.0,14,85.0,2017-08-14,21.9,0.0
226,232,20.9,20170815,19.3,1.9,0.0,23.1,2017,8,0.0,15,86.4,2017-08-15,22.2,0.0
227,232,21.6,20170816,33.0,1.6,1.6,27.0,2017,8,0.0,16,81.6,2017-08-16,23.9,0.0
228,232,21.6,20170817,4.3,1.3,5.8,28.9,2017,8,0.0,17,76.6,2017-08-17,24.2,0.0
229,232,21.4,20170818,0.5,0.7,4.9,28.4,2017,8,0.0,18,76.4,2017-08-18,23.9,0.0
230,232,20.7,20170819,11.6,1.3,2.2,29.5,2017,8,0.0,19,76.5,2017-08-19,23.9,0.0
231,232,21.9,20170820,21.3,2.6,1.8,27.8,2017,8,0.0,20,76.0,2017-08-20,24.3,0.0
232,232,22.4,20170821,62.0,1.4,1.0,26.4,2017,8,0.0,21,83.3,2017-08-21,24.0,0.0
233,232,22.4,20170822,0.0,0.9,7.9,31.3,2017,8,0.0,22,74.4,2017-08-22,26.1,0.0
234,232,23.5,20170823,6.3,1.5,6.5,31.2,2017,8,0.0,23,76.0,2017-08-23,26.8,0.0
235,232,22.3,20170824,42.1,2.2,3.2,29.5,2017,8,0.0,24,77.4,2017-08-24,26.2,0.0
236,232,18.8,20170825,0.0,1.0,9.1,30.6,2017,8,0.0,25,60.9,2017-08-25,24.6,0.0
237,232,16.5,20170826,0.0,1.2,9.2,28.2,2017,8,0.0,26,53.9,2017-08-26,22.0,0.0
238,232,15.8,20170827,0.0,0.9,5.5,27.9,2017,8,0.0,27,66.9,2017-08-27,21.2,0.0
239,232,17.0,20170828,30.2,1.0,3.9,27.3,2017,8,0.0,28,74.9,2017-08-28,22.2,0.0
240,232,16.0,20170829,0.0,1.8,10.3,23.2,2017,8,0.0,29,56.1,2017-08-29,19.4,0.0
241,232,14.6,20170830,0.0,0.7,1.2,21.4,2017,8,0.0,30,61.3,2017-08-30,17.2,0.0
242,232,14.6,20170831,0.0,1.2,9.9,26.2,2017,8,0.0,31,65.9,2017-08-31,20.1,0.0
243,232,13.1,20170901,0.0,1.2,11.0,26.8,2017,9,0.0,1,59.9,2017-09-01,19.9,0.0
244,232,14.0,20170902,0.0,1.0,11.4,26.6,2017,9,0.0,2,64.6,2017-09-02,19.6,0.0
245,232,13.4,20170903,0.0,0.8,10.1,28.2,2017,9,0.0,3,63.0,2017-09-03,20.2,0.0
246,232,13.4,20170904,0.0,1.1,9.6,27.4,2017,9,0.0,4,58.9,2017-09-04,20.5,0.0
247,232,16.2,20170905,0.5,0.9,0.3,23.1,2017,9,0.0,5,73.3,2017-09-05,20.2,0.0
248,232,17.8,20170906,2.4,0.6,0.2,22.3,2017,9,0.0,6,79.5,2017-09-06,19.8,0.0
249,232,16.9,20170907,0.0,1.0,8.1,26.7,2017,9,0.0,7,71.0,2017-09-07,20.8,0.0
250,232,17.2,20170908,0.0,0.8,7.5,27.6,2017,9,0.0,8,67.9,2017-09-08,21.4,0.0
251,232,15.1,20170909,0.0,0.7,5.6,28.1,2017,9,0.0,9,69.4,2017-09-09,20.6,0.0
252,232,17.2,20170910,0.0,0.8,0.4,25.4,2017,9,0.0,10,74.3,2017-09-10,21.1,0.0
253,232,17.4,20170911,21.5,1.7,1.3,23.6,2017,9,0.0,11,72.1,2017-09-11,19.8,0.0
254,232,14.3,20170912,0.0,1.2,8.2,27.1,2017,9,0.0,12,63.0,2017-09-12,20.1,0.0
255,232,11.5,20170913,0.0,1.1,10.8,26.7,2017,9,0.0,13,54.8,2017-09-13,18.4,0.0
256,232,11.2,20170914,0.0,1.0,11.0,27.0,2017,9,0.0,14,58.3,2017-09-14,18.9,0.0
257,232,14.9,20170915,0.0,3.2,9.8,25.1,2017,9,0.0,15,49.9,2017-09-15,20.0,0.0
258,232,15.4,20170916,0.0,3.0,6.8,24.2,2017,9,0.0,16,49.0,2017-09-16,19.8,0.0
259,232,13.7,20170917,0.0,1.6,8.0,27.1,2017,9,0.0,17,60.3,2017-09-17,19.8,0.0
260,232,13.0,20170918,0.0,1.0,9.6,26.2,2017,9,0.0,18,62.0,2017-09-18,19.0,0.0
261,232,13.8,20170919,0.0,1.9,3.7,26.6,2017,9,0.0,19,67.3,2017-09-19,20.9,0.0
262,232,11.7,20170920,0.0,1.6,10.6,23.3,2017,9,0.0,20,44.0,2017-09-20,18.4,0.0
263,232,9.3,20170921,0.0,0.7,11.1,25.2,2017,9,0.0,21,57.4,2017-09-21,16.3,0.0
264,232,11.0,20170922,0.0,0.9,9.2,26.2,2017,9,0.0,22,61.4,2017-09-22,18.3,0.0
265,232,12.8,20170923,0.0,0.7,4.5,24.9,2017,9,0.0,23,71.8,2017-09-23,18.2,0.0
266,232,15.9,20170924,0.3,1.1,3.9,26.7,2017,9,0.0,24,70.8,2017-09-24,21.0,0.0
267,232,16.8,20170925,0.0,1.0,7.5,28.2,2017,9,0.0,25,65.4,2017-09-25,21.2,0.0
268,232,14.8,20170926,0.9,1.2,7.5,28.3,2017,9,0.0,26,62.5,2017-09-26,21.2,0.0
269,232,16.2,20170927,17.7,1.2,2.3,24.3,2017,9,0.0,27,74.3,2017-09-27,19.2,0.0
270,232,14.6,20170928,0.0,1.9,10.1,23.6,2017,9,0.0,28,50.8,2017-09-28,18.9,0.0
271,232,6.8,20170929,0.0,1.0,9.2,20.9,2017,9,0.0,29,50.4,2017-09-29,13.4,0.0
272,232,7.0,20170930,0.0,0.9,9.8,24.9,2017,9,0.0,30,68.3,2017-09-30,15.5,0.0
273,232,11.8,20171001,5.9,1.7,0.6,18.6,2017,10,0.0,1,89.6,2017-10-01,15.3,0.0
274,232,14.9,20171002,3.0,1.6,5.2,25.3,2017,10,0.0,2,87.1,2017-10-02,19.0,0.0
275,232,11.4,20171003,0.0,1.2,5.0,20.9,2017,10,0.0,3,73.4,2017-10-03,16.2,0.0
276,232,9.3,20171004,0.0,1.0,7.9,22.8,2017,10,0.0,4,74.3,2017-10-04,15.8,0.0
277,232,10.8,20171005,0.0,1.9,4.1,20.7,2017,10,0.0,5,73.9,2017-10-05,16.5,0.0
278,232,10.6,20171006,0.7,1.3,0.3,18.5,2017,10,0.0,6,89.1,2017-10-06,15.5,0.0
279,232,15.6,20171007,0.0,0.8,5.8,24.4,2017,10,0.0,7,86.3,2017-10-07,18.8,0.0
280,232,15.6,20171008,0.0,0.9,8.0,26.3,2017,10,0.0,8,82.8,2017-10-08,19.7,0.0
281,232,15.2,20171009,0.0,0.9,9.6,26.6,2017,10,0.0,9,82.0,2017-10-09,20.3,0.0
282,232,15.3,20171010,0.0,0.7,2.4,25.3,2017,10,0.0,10,88.4,2017-10-10,19.7,0.0
283,232,12.3,20171011,3.8,1.3,0.1,20.5,2017,10,0.0,11,89.4,2017-10-11,15.7,0.0
284,232,6.8,20171012,0.7,0.8,0.0,12.9,2017,10,0.0,12,91.1,2017-10-12,11.0,0.0
285,232,3.2,20171013,0.0,0.9,6.3,16.8,2017,10,0.0,13,79.4,2017-10-13,9.6,0.0
286,232,4.5,20171014,0.0,1.2,8.3,18.6,2017,10,0.0,14,66.8,2017-10-14,11.5,0.0
287,232,6.0,20171015,0.0,1.3,6.5,19.9,2017,10,0.0,15,76.0,2017-10-15,12.7,0.0
288,232,8.9,20171016,0.0,1.0,4.5,20.2,2017,10,0.0,16,74.6,2017-10-16,14.0,0.0
289,232,5.6,20171017,0.0,0.7,9.7,21.9,2017,10,0.0,17,76.6,2017-10-17,12.8,0.0
290,232,9.1,20171018,0.0,2.1,0.0,18.0,2017,10,0.0,18,70.0,2017-10-18,14.6,0.0
291,232,7.2,20171019,0.0,1.1,8.2,20.1,2017,10,0.0,19,78.0,2017-10-19,13.0,0.0
292,232,6.8,20171020,0.0,0.9,9.4,22.0,2017,10,0.0,20,75.5,2017-10-20,13.4,0.0
293,232,5.9,20171021,0.0,1.1,9.1,22.3,2017,10,0.0,21,74.5,2017-10-21,13.1,0.0
294,232,4.5,20171022,0.0,2.4,8.7,22.2,2017,10,0.0,22,65.3,2017-10-22,13.6,0.0
295,232,4.7,20171023,0.0,1.1,9.3,17.9,2017,10,0.0,23,67.0,2017-10-23,10.8,0.0
296,232,4.0,20171024,0.0,0.7,7.7,17.8,2017,10,0.0,24,76.4,2017-10-24,10.1,0.0
297,232,3.4,20171025,0.0,0.8,7.9,18.9,2017,10,0.0,25,80.3,2017-10-25,10.2,0.0
298,232,4.9,20171026,0.0,0.7,6.1,18.8,2017,10,0.0,26,75.8,2017-10-26,11.6,0.0
299,232,7.8,20171027,0.0,0.8,6.8,21.6,2017,10,0.0,27,71.3,2017-10-27,13.2,0.0
300,232,5.6,20171028,0.0,1.0,8.9,22.8,2017,10,0.0,28,75.0,2017-10-28,13.2,0.0
301,232,5.5,20171029,0.0,2.1,8.7,17.1,2017,10,0.0,29,65.6,2017-10-29,9.8,0.0
302,232,-1.2,20171030,0.0,1.3,9.3,11.9,2017,10,0.0,30,49.9,2017-10-30,5.3,0.0
303,232,-3.2,20171031,0.0,0.8,9.2,16.2,2017,10,0.0,31,73.4,2017-10-31,6.1,0.0
304,232,4.7,20171101,0.0,1.0,4.5,17.8,2017,11,0.0,1,77.5,2017-11-01,11.6,0.0
305,232,9.3,20171102,0.0,0.7,2.2,18.2,2017,11,0.0,2,84.5,2017-11-02,13.0,0.0
306,232,6.9,20171103,0.0,1.6,4.0,15.7,2017,11,0.0,3,76.4,2017-11-03,10.2,0.0
307,232,1.1,20171104,0.0,1.4,7.6,12.7,2017,11,0.0,4,63.8,2017-11-04,6.4,0.0
308,232,-2.2,20171105,0.0,0.8,8.6,14.0,2017,11,0.0,5,75.6,2017-11-05,5.2,0.0
309,232,-0.6,20171106,0.0,0.7,7.2,16.2,2017,11,0.0,6,78.3,2017-11-06,6.5,0.0
310,232,3.5,20171107,0.0,0.8,7.4,19.3,2017,11,0.0,7,75.5,2017-11-07,11.7,0.0
311,232,4.7,20171108,0.0,2.0,7.4,17.8,2017,11,0.0,8,62.3,2017-11-08,12.7,0.0
312,232,-1.2,20171109,0.0,0.8,8.5,16.2,2017,11,0.0,9,63.1,2017-11-09,6.3,0.0
313,232,0.6,20171110,5.3,2.1,3.4,17.5,2017,11,0.0,10,70.0,2017-11-10,8.4,0.0
314,232,-1.7,20171111,0.0,1.8,8.9,9.7,2017,11,0.0,11,54.6,2017-11-11,4.8,0.0
315,232,-3.9,20171112,0.0,0.8,8.4,11.6,2017,11,0.0,12,71.8,2017-11-12,2.7,0.0
316,232,-2.2,20171113,0.0,0.7,2.4,12.2,2017,11,0.0,13,70.6,2017-11-13,5.8,0.0
317,232,2.0,20171114,1.1,1.8,8.5,12.1,2017,11,0.0,14,56.6,2017-11-14,7.3,0.0
318,232,-0.2,20171115,0.0,2.0,7.4,8.5,2017,11,0.0,15,55.1,2017-11-15,4.2,0.0
319,232,-5.0,20171116,0.0,1.1,8.7,6.7,2017,11,0.0,16,55.8,2017-11-16,0.8,0.0
320,232,-5.3,20171117,0.1,1.3,2.7,8.1,2017,11,0.0,17,57.4,2017-11-17,2.9,0.0
321,232,-2.9,20171118,0.0,3.0,8.5,4.7,2017,11,0.0,18,44.8,2017-11-18,-0.6,0.0
322,232,-6.8,20171119,0.0,1.4,7.8,3.5,2017,11,0.0,19,45.8,2017-11-19,-1.1,0.0
323,232,-3.9,20171120,0.0,1.2,6.5,8.1,2017,11,0.0,20,60.4,2017-11-20,2.3,0.0
324,232,-6.0,20171121,0.0,0.8,7.4,7.9,2017,11,0.0,21,71.3,2017-11-21,-0.1,0.0
325,232,-3.6,20171122,0.0,1.9,3.1,10.4,2017,11,0.0,22,61.8,2017-11-22,3.7,0.0
326,232,-5.3,20171123,0.2,1.3,5.7,4.8,2017,11,0.0,23,71.3,2017-11-23,-0.1,0.0
327,232,-5.0,20171124,6.2,1.0,2.8,2.7,2017,11,0.0,24,87.5,2017-11-24,-0.9,0.0
328,232,-7.1,20171125,1.2,2.0,6.8,10.1,2017,11,0.0,25,75.5,2017-11-25,3.6,0.0
329,232,-2.5,20171126,9.3,1.5,6.7,10.3,2017,11,0.0,26,78.3,2017-11-26,5.0,0.0
330,232,-5.6,20171127,0.0,0.6,8.4,9.7,2017,11,0.0,27,76.8,2017-11-27,0.8,0.0
331,232,-2.0,20171128,0.0,0.9,6.0,11.8,2017,11,0.0,28,80.8,2017-11-28,3.9,0.0
332,232,0.6,20171129,0.0,1.9,6.8,8.9,2017,11,0.0,29,52.1,2017-11-29,5.0,0.0
333,232,-3.1,20171130,0.0,2.2,7.9,2.7,2017,11,0.0,30,32.9,2017-11-30,-0.8,0.0
334,232,-9.2,20171201,0.0,1.4,8.2,14.6,2017,12,0.0,1,45.5,2017-12-01,-1.6,0.0
335,232,-6.8,20171202,0.0,0.8,7.8,7.3,2017,12,0.0,2,68.3,2017-12-02,-0.3,0.0
336,232,-3.9,20171203,0.8,0.8,2.5,7.1,2017,12,0.0,3,90.1,2017-12-03,2.0,0.0
337,232,-3.6,20171204,0.0,2.4,7.8,4.1,2017,12,0.0,4,62.6,2017-12-04,0.5,0.0
338,232,-7.2,20171205,0.0,1.6,8.0,0.0,2017,12,0.0,5,49.6,2017-12-05,-4.3,0.0
339,232,-6.4,20171206,2.6,1.2,4.1,3.9,2017,12,0.0,6,88.1,2017-12-06,-0.9,0.0
340,232,-1.9,20171207,0.8,1.6,3.6,6.1,2017,12,0.0,7,68.9,2017-12-07,1.9,0.0
341,232,-4.8,20171208,0.0,1.9,8.5,0.5,2017,12,0.0,8,53.3,2017-12-08,-2.8,0.0
342,232,-3.3,20171209,0.0,1.1,4.5,5.2,2017,12,0.0,9,60.0,2017-12-09,0.3,0.0
343,232,-1.7,20171210,1.0,1.9,2.0,8.3,2017,12,0.0,10,74.8,2017-12-10,2.5,0.0
344,232,-9.1,20171211,0.0,2.8,1.3,0.1,2017,12,0.0,11,58.3,2017-12-11,-5.1,0.0
345,232,-13.8,20171212,0.0,1.9,8.5,-3.4,2017,12,0.0,12,49.5,2017-12-12,-8.0,0.0
346,232,-12.3,20171213,0.0,1.5,8.2,-1.7,2017,12,0.0,13,54.3,2017-12-13,-8.0,0.0
347,232,-15.1,20171214,0.0,0.7,5.5,-0.3,2017,12,0.0,14,61.9,2017-12-14,-7.3,0.0
348,232,-11.0,20171215,0.0,0.6,3.7,2.4,2017,12,0.0,15,59.1,2017-12-15,-3.2,0.0
349,232,-6.8,20171216,0.0,2.4,7.7,1.9,2017,12,0.0,16,47.3,2017-12-16,-3.5,0.0
350,232,-11.5,20171217,0.0,1.5,8.7,-1.3,2017,12,0.0,17,55.1,2017-12-17,-6.5,0.0
351,232,-9.3,20171218,0.2,1.9,6.5,6.9,2017,12,0.0,18,66.9,2017-12-18,-0.1,0.0
352,232,-9.4,20171219,0.0,1.7,7.6,2.2,2017,12,0.0,19,57.0,2017-12-19,-3.7,0.0
353,232,-12.1,20171220,0.3,1.1,5.3,3.5,2017,12,0.0,20,78.3,2017-12-20,-3.2,0.0
354,232,-6.3,20171221,0.0,1.0,8.6,4.2,2017,12,0.0,21,73.6,2017-12-21,-1.7,0.0
355,232,-6.8,20171222,0.0,0.9,5.6,8.1,2017,12,0.0,22,77.4,2017-12-22,-0.1,0.0
356,232,-1.3,20171223,0.0,0.8,6.1,10.4,2017,12,0.0,23,83.3,2017-12-23,3.1,0.0
357,232,0.1,20171224,10.7,1.7,0.0,6.0,2017,12,0.0,24,86.1,2017-12-24,2.8,0.0
358,232,-4.1,20171225,0.0,2.3,8.2,1.5,2017,12,0.0,25,55.1,2017-12-25,-1.6,0.0
359,232,-6.5,20171226,0.0,2.0,7.8,1.4,2017,12,0.0,26,59.8,2017-12-26,-2.7,0.0
360,232,-13.0,20171227,0.0,1.3,8.7,-1.4,2017,12,0.0,27,49.6,2017-12-27,-6.9,0.0
361,232,-9.3,20171228,0.0,0.8,6.0,2.9,2017,12,0.0,28,60.3,2017-12-28,-2.5,0.0
362,232,-1.2,20171229,0.0,0.8,0.9,6.9,2017,12,0.0,29,70.5,2017-12-29,2.4,0.0
363,232,-1.9,20171230,1.7,0.9,3.2,6.5,2017,12,0.0,30,80.6,2017-12-30,2.4,0.0
364,232,-4.3,20171231,0.7,1.9,8.0,4.3,2017,12,0.0,31,65.9,2017-12-31,0.6,0.0
