,rainfall,tmin,wind,snow,sunshine,humid,year,Date,tmax,date,tavg,cloud,month,day,station_id
0,0.0,-13.9,0.3,0.0,0.4,93.0,2021,2021-01-01,-2.1,20210101,-6.6,6.4,1,1,232
1,0.0,-12.3,1.0,0.0,8.6,71.3,2021,2021-01-02,-0.6,20210102,-6.2,0.1,1,2,232
2,0.0,-12.3,0.9,0.0,5.9,65.1,2021,2021-01-03,-0.2,20210103,-5.8,4.8,1,3,232
3,0.0,-12.2,0.7,0.0,4.3,69.9,2021,2021-01-04,1.2,20210104,-4.5,5.6,1,4,232
4,0.2,-10.4,1.7,0.0,7.9,60.9,2021,2021-01-05,-1.2,20210105,-4.2,1.9,1,5,232
5,1.4,-14.0,1.2,0.0,8.8,67.1,2021,2021-01-06,-2.1,20210106,-7.0,3.5,1,6,232
6,0.3,-18.0,2.7,0.0,8.8,58.9,2021,2021-01-07,-3.7,20210107,-13.1,3.4,1,7,232
7,0.0,-19.3,1.3,0.0,9.2,60.0,2021,2021-01-08,-10.1,20210108,-14.1,0.1,1,8,232
8,0.0,-20.5,1.1,0.0,7.8,72.0,2021,2021-01-09,-7.8,20210109,-13.4,3.5,1,9,232
9,0.0,-18.0,0.6,0.0,7.5,68.8,2021,2021-01-10,-3.1,20210110,-10.1,2.9,1,10,232
10,0.0,-13.7,0.5,0.0,0.0,77.1,2021,2021-01-11,-2.9,20210111,-8.1,9.5,1,11,232
11,0.1,-11.0,1.0,0.0,5.3,85.5,2021,2021-01-12,2.4,20210112,-3.9,5.3,1,12,232
12,0.0,-6.1,1.2,0.0,7.6,82.3,2021,2021-01-13,9.1,20210113,2.1,1.1,1,13,232
13,0.0,-5.3,0.9,0.0,8.8,62.9,2021,2021-01-14,9.4,20210114,1.1,0.1,1,14,232
14,0.0,-2.8,1.6,0.0,0.3,76.8,2021,2021-01-15,12.2,20210115,3.6,9.1,1,15,232
15,0.0,-5.5,2.2,0.0,5.9,67.1,2021,2021-01-16,1.9,20210116,-2.7,5.9,1,16,232
16,0.0,-11.0,1.4,0.0,7.8,60.1,2021,2021-01-17,0.1,20210117,-4.7,4.3,1,17,232
17,1.2,-7.7,1.7,0.0,2.1,76.1,2021,2021-01-18,4.4,20210118,-3.1,6.4,1,18,232
18,0.0,-13.9,0.9,0.0,9.4,55.9,2021,2021-01-19,-0.5,20210119,-7.2,0.5,1,19,232
19,0.0,-11.7,0.6,0.0,9.2,60.4,2021,2021-01-20,6.9,20210120,-3.1,3.5,1,20,232
20,7.9,-3.0,0.7,0.0,2.4,78.8,2021,2021-01-21,9.1,20210121,3.8,7.8,1,21,232
21,1.4,3.8,0.5,0.0,0.0,99.6,2021,2021-01-22,8.8,20210122,6.0,7.4,1,22,232
22,0.0,2.6,2.7,0.0,2.0,75.3,2021,2021-01-23,12.2,20210123,8.3,8.1,1,23,232
23,0.0,-0.4,1.4,0.0,9.0,72.5,2021,2021-01-24,12.5,20210124,5.9,2.6,1,24,232
24,0.0,-0.6,1.0,0.0,6.3,75.8,2021,2021-01-25,13.0,20210125,4.9,6.6,1,25,232
25,2.9,1.4,1.0,0.0,0.1,95.5,2021,2021-01-26,7.3,20210126,4.2,9.5,1,26,232
26,0.0,-2.0,1.3,0.0,8.8,59.3,2021,2021-01-27,7.1,20210127,1.9,6.9,1,27,232
27,2.4,-7.3,2.8,0.0,2.4,70.3,2021,2021-01-28,2.7,20210128,-3.0,6.6,1,28,232
28,0.0,-11.0,2.0,0.0,9.3,53.5,2021,2021-01-29,-3.6,20210129,-7.7,0.8,1,29,232
29,0.0,-11.7,1.5,0.0,5.3,67.5,2021,2021-01-30,7.6,20210130,-1.3,5.1,1,30,232
30,0.0,-6.9,1.0,0.0,7.9,74.3,2021,2021-01-31,10.9,20210131,1.3,3.1,1,31,232
31,5.6,0.9,1.5,0.0,3.0,84.4,2021,2021-02-01,11.5,20210201,5.5,7.5,2,1,232
32,0.0,-6.0,2.3,0.0,9.6,53.6,2021,2021-02-02,1.0,20210202,-4.0,0.5,2,2,232
33,0.6,-11.7,1.2,0.0,9.6,67.5,2021,2021-02-03,3.0,20210203,-3.4,3.1,2,3,232
34,0.8,-7.0,1.5,0.0,9.8,52.8,2021,2021-02-04,1.5,20210204,-2.3,0.1,2,4,232
35,0.0,-8.4,0.7,0.0,6.3,73.5,2021,2021-02-05,7.6,20210205,-1.2,5.4,2,5,232
36,0.0,-4.4,0.8,0.0,5.4,81.8,2021,2021-02-06,11.7,20210206,4.0,4.9,2,6,232
37,0.0,-1.5,1.5,0.0,6.6,72.6,2021,2021-02-07,8.7,20210207,4.0,4.4,2,7,232
38,0.0,-3.9,2.3,0.0,9.8,45.6,2021,2021-02-08,0.8,20210208,-2.1,0.0,2,8,232
39,0.0,-6.7,0.8,0.0,0.0,0.0,2021,2021-02-10,8.3,20210210,0.2,4.4,2,10,232
40,0.0,-1.3,0.8,0.0,7.4,72.4,2021,2021-02-11,11.2,20210211,3.9,7.6,2,11,232
41,0.0,-2.3,0.7,0.0,8.8,62.6,2021,2021-02-12,15.3,20210212,4.9,3.9,2,12,232
42,0.0,-3.5,0.6,0.0,9.6,60.3,2021,2021-02-13,16.0,20210213,5.4,1.1,2,13,232
43,0.0,1.4,0.7,0.0,0.6,66.5,2021,2021-02-14,14.1,20210214,7.8,9.3,2,14,232
44,1.3,-3.5,3.5,0.0,4.7,73.8,2021,2021-02-15,7.1,20210215,1.8,8.1,2,15,232
45,0.9,-9.0,1.6,0.0,4.7,67.4,2021,2021-02-16,-0.2,20210216,-4.3,3.1,2,16,232
46,0.0,-8.7,3.7,0.0,5.3,58.0,2021,2021-02-17,-4.9,20210217,-7.1,4.8,2,17,232
47,0.0,-9.3,2.3,0.0,9.8,55.1,2021,2021-02-18,-0.8,20210218,-5.2,2.1,2,18,232
48,0.0,-9.8,1.7,0.0,10.0,71.8,2021,2021-02-19,9.4,20210219,1.1,0.0,2,19,232
49,0.0,-0.7,1.1,0.0,9.4,69.1,2021,2021-02-20,16.2,20210220,7.5,1.5,2,20,232
50,0.0,1.2,2.0,0.0,10.0,62.4,2021,2021-02-21,22.2,20210221,11.4,0.0,2,21,232
51,0.0,0.8,1.9,0.0,10.0,65.4,2021,2021-02-22,15.1,20210222,6.3,2.5,2,22,232
52,0.0,-3.6,1.9,0.0,10.4,42.0,2021,2021-02-23,4.7,20210223,0.4,2.0,2,23,232
53,0.0,-3.7,0.6,0.0,8.3,46.4,2021,2021-02-24,10.6,20210224,2.5,7.3,2,24,232
54,0.0,-2.9,0.6,0.0,0.0,59.9,2021,2021-02-25,8.5,20210225,3.1,9.5,2,25,232
55,0.0,-2.4,2.0,0.0,8.7,54.0,2021,2021-02-26,14.9,20210226,6.8,5.8,2,26,232
56,0.0,0.0,3.8,0.0,9.4,53.4,2021,2021-02-27,11.7,20210227,7.0,4.0,2,27,232
57,0.0,-2.1,1.3,0.0,2.0,64.5,2021,2021-02-28,12.8,20210228,6.6,6.3,2,28,232
58,55.8,1.4,1.7,0.0,0.0,98.1,2021,2021-03-01,11.0,20210301,7.0,9.9,3,1,232
59,0.2,-1.6,1.2,0.0,2.5,80.8,2021,2021-03-02,6.7,20210302,2.3,5.5,3,2,232
60,0.0,-3.5,0.7,0.0,8.4,73.3,2021,2021-03-03,9.3,20210303,2.7,4.6,3,3,232
61,0.0,-0.7,0.9,0.0,0.0,80.3,2021,2021-03-04,10.3,20210304,4.4,7.4,3,4,232
62,0.0,-2.2,1.0,0.0,8.5,75.9,2021,2021-03-05,16.3,20210305,6.6,3.6,3,5,232
63,0.0,3.2,2.4,0.0,2.6,75.9,2021,2021-03-06,12.4,20210306,6.5,6.6,3,6,232
64,0.0,2.9,1.8,0.0,2.0,70.0,2021,2021-03-07,10.8,20210307,6.1,7.0,3,7,232
65,0.0,-1.8,0.8,0.0,10.2,72.8,2021,2021-03-08,13.6,20210308,5.4,2.0,3,8,232
66,0.0,-1.3,1.2,0.0,7.5,63.6,2021,2021-03-09,12.3,20210309,5.0,6.1,3,9,232
67,0.0,-2.2,0.8,0.0,10.4,64.4,2021,2021-03-10,16.6,20210310,6.6,0.0,3,10,232
68,0.0,-0.8,1.0,0.0,7.1,60.1,2021,2021-03-11,17.2,20210311,8.3,7.8,3,11,232
69,3.8,5.5,1.0,0.0,0.0,89.9,2021,2021-03-12,9.5,20210312,7.8,8.3,3,12,232
70,0.0,0.4,1.2,0.0,9.3,76.0,2021,2021-03-13,14.8,20210313,7.2,2.9,3,13,232
71,0.0,1.0,1.1,0.0,8.3,76.0,2021,2021-03-14,14.2,20210314,7.7,4.0,3,14,232
72,0.0,0.9,1.1,0.0,6.7,64.6,2021,2021-03-15,18.2,20210315,10.2,7.4,3,15,232
73,0.2,1.5,2.3,0.0,10.5,58.8,2021,2021-03-16,13.2,20210316,8.4,3.0,3,16,232
74,0.0,-2.1,1.0,0.0,10.7,59.3,2021,2021-03-17,18.0,20210317,7.4,0.8,3,17,232
75,0.0,0.6,1.1,0.0,9.0,58.6,2021,2021-03-18,19.1,20210318,9.9,3.4,3,18,232
76,0.0,9.7,2.6,0.0,8.1,51.4,2021,2021-03-19,18.1,20210319,13.4,5.9,3,19,232
77,3.7,6.2,1.5,0.0,0.1,88.5,2021,2021-03-20,12.0,20210320,8.3,9.1,3,20,232
78,0.0,3.6,3.1,0.0,2.4,71.6,2021,2021-03-21,9.4,20210321,5.7,7.1,3,21,232
79,0.0,-0.8,0.0,0.0,10.2,55.1,2021,2021-03-22,12.4,20210322,5.9,1.4,3,22,232
80,0.0,-1.8,2.1,0.0,9.7,61.8,2021,2021-03-23,17.6,20210323,7.6,1.3,3,23,232
81,0.0,-0.6,1.2,0.0,8.2,62.6,2021,2021-03-24,17.7,20210324,8.8,4.8,3,24,232
82,0.0,3.4,1.3,0.0,10.9,68.5,2021,2021-03-25,19.9,20210325,11.2,2.6,3,25,232
83,0.0,2.3,0.8,0.0,8.2,57.8,2021,2021-03-26,22.2,20210326,11.3,6.9,3,26,232
84,11.1,4.7,1.6,0.0,0.1,80.1,2021,2021-03-27,15.5,20210327,11.2,9.8,3,27,232
85,0.5,9.0,2.2,0.0,0.0,93.5,2021,2021-03-28,14.5,20210328,10.4,9.4,3,28,232
86,0.0,7.4,2.1,0.0,8.5,57.9,2021,2021-03-29,16.8,20210329,11.1,4.9,3,29,232
87,0.0,1.6,1.4,0.0,11.4,48.8,2021,2021-03-30,18.7,20210330,10.1,1.0,3,30,232
88,0.0,0.2,0.9,0.0,11.0,46.9,2021,2021-03-31,23.2,20210331,12.2,3.6,3,31,232
89,0.0,6.0,3.9,0.0,7.9,41.1,2021,2021-04-01,20.8,20210401,14.4,6.1,4,1,232
90,0.0,12.4,3.1,0.0,3.6,44.9,2021,2021-04-02,21.4,20210402,17.0,9.0,4,2,232
91,35.0,13.3,1.5,0.0,0.0,83.8,2021,2021-04-03,17.6,20210403,15.6,0.0,4,3,232
92,2.8,7.0,2.6,0.0,0.1,79.5,2021,2021-04-04,13.4,20210404,11.0,0.0,4,4,232
93,0.0,1.9,1.3,0.0,12.0,53.9,2021,2021-04-05,17.5,20210405,10.1,1.6,4,5,232
94,0.0,4.1,1.5,0.0,9.8,54.3,2021,2021-04-06,19.3,20210406,11.6,2.7,4,6,232
95,0.0,3.4,1.3,0.0,11.8,50.9,2021,2021-04-07,21.2,20210407,12.3,0.9,4,7,232
96,0.0,2.9,1.6,0.0,11.8,48.6,2021,2021-04-08,18.0,20210408,11.4,0.0,4,8,232
97,0.0,1.6,1.9,0.0,9.7,54.3,2021,2021-04-09,19.0,20210409,11.1,3.7,4,9,232
98,0.0,3.1,1.4,0.0,10.9,60.9,2021,2021-04-10,18.2,20210410,10.7,1.0,4,10,232
99,0.0,2.9,0.9,0.0,11.2,58.4,2021,2021-04-11,21.7,20210411,13.0,3.0,4,11,232
100,9.9,9.9,1.9,0.0,0.0,76.5,2021,2021-04-12,16.2,20210412,12.6,9.4,4,12,232
101,0.4,5.0,3.0,0.0,6.5,77.5,2021,2021-04-13,15.3,20210413,10.3,7.4,4,13,232
102,0.0,1.2,1.9,0.0,12.1,55.6,2021,2021-04-14,14.7,20210414,8.0,0.8,4,14,232
103,0.0,0.0,1.1,0.0,11.5,57.4,2021,2021-04-15,18.1,20210415,9.3,5.0,4,15,232
104,0.0,5.0,1.2,0.0,1.0,73.9,2021,2021-04-16,14.9,20210416,10.0,7.9,4,16,232
105,0.0,1.1,2.1,0.0,7.8,59.8,2021,2021-04-17,15.3,20210417,8.5,2.4,4,17,232
106,0.0,4.9,2.2,0.0,10.2,62.0,2021,2021-04-18,15.0,20210418,9.8,3.4,4,18,232
107,0.0,0.2,1.5,0.0,12.1,64.8,2021,2021-04-19,20.6,20210419,11.2,1.1,4,19,232
108,0.0,2.9,1.2,0.0,11.0,56.9,2021,2021-04-20,23.4,20210420,13.4,3.5,4,20,232
109,0.0,5.7,1.0,0.0,10.8,46.4,2021,2021-04-21,28.7,20210421,18.1,5.9,4,21,232
110,0.0,14.5,1.9,0.0,3.9,39.3,2021,2021-04-22,28.7,20210422,20.5,9.4,4,22,232
111,0.0,14.9,3.2,0.0,0.1,33.6,2021,2021-04-23,21.9,20210423,18.3,9.4,4,23,232
112,0.0,10.6,1.9,0.0,3.4,43.5,2021,2021-04-24,23.0,20210424,16.8,6.4,4,24,232
113,0.0,7.6,1.7,0.0,11.5,57.9,2021,2021-04-25,23.7,20210425,16.2,0.8,4,25,232
114,0.0,5.9,1.4,0.0,11.8,47.5,2021,2021-04-26,22.0,20210426,15.1,5.4,4,26,232
115,0.0,8.9,1.0,0.0,0.2,62.3,2021,2021-04-27,19.9,20210427,14.8,9.4,4,27,232
116,1.1,10.3,1.2,0.0,2.3,75.8,2021,2021-04-28,20.4,20210428,14.5,6.6,4,28,232
117,2.0,9.0,1.5,0.0,5.0,68.0,2021,2021-04-29,19.9,20210429,14.0,9.3,4,29,232
118,3.5,8.9,2.4,0.0,1.9,82.4,2021,2021-04-30,16.1,20210430,11.4,9.1,4,30,232
119,2.9,8.5,2.2,0.0,0.6,84.5,2021,2021-05-01,12.9,20210501,10.1,7.8,5,1,232
120,1.9,6.6,1.5,0.0,8.9,74.8,2021,2021-05-02,18.0,20210502,11.5,4.1,5,2,232
121,0.0,3.3,1.0,0.0,11.4,69.5,2021,2021-05-03,21.9,20210503,12.6,3.1,5,3,232
122,9.1,9.3,1.4,0.0,0.4,81.5,2021,2021-05-04,20.8,20210504,15.3,9.9,5,4,232
123,0.5,5.8,2.7,0.0,11.9,65.3,2021,2021-05-05,19.0,20210505,13.5,2.6,5,5,232
124,0.0,3.0,1.1,0.0,8.6,58.3,2021,2021-05-06,22.8,20210506,13.3,5.8,5,6,232
125,3.7,7.4,2.1,0.0,7.1,70.3,2021,2021-05-07,18.7,20210507,12.8,4.8,5,7,232
126,0.0,4.9,2.5,0.0,9.7,67.9,2021,2021-05-08,22.6,20210508,14.2,0.9,5,8,232
127,0.0,6.4,1.9,0.0,12.9,56.3,2021,2021-05-09,21.7,20210509,14.6,0.4,5,9,232
128,20.0,7.4,1.1,0.0,0.0,94.1,2021,2021-05-10,13.0,20210510,11.0,7.4,5,10,232
129,2.3,11.9,2.9,0.0,6.8,63.3,2021,2021-05-11,22.1,20210511,16.6,6.8,5,11,232
130,0.0,9.9,1.8,0.0,12.0,54.5,2021,2021-05-12,25.7,20210512,18.2,3.1,5,12,232
131,0.0,11.1,0.8,0.0,12.7,67.0,2021,2021-05-13,28.4,20210513,20.0,1.5,5,13,232
132,0.0,13.1,1.0,0.0,9.6,70.4,2021,2021-05-14,29.7,20210514,21.9,7.0,5,14,232
133,4.9,18.2,1.0,0.0,0.5,92.9,2021,2021-05-15,25.0,20210515,21.2,9.4,5,15,232
134,27.7,16.4,1.1,0.0,0.0,99.0,2021,2021-05-16,22.3,20210516,20.6,9.4,5,16,232
135,5.8,14.5,0.9,0.0,0.0,98.8,2021,2021-05-17,16.6,20210517,15.8,9.6,5,17,232
136,0.0,13.2,0.9,0.0,6.5,83.0,2021,2021-05-18,23.6,20210518,17.3,6.0,5,18,232
137,0.0,10.3,1.0,0.0,10.5,70.3,2021,2021-05-19,26.6,20210519,18.4,4.8,5,19,232
138,9.1,14.5,1.5,0.0,0.0,88.6,2021,2021-05-20,20.5,20210520,16.2,8.6,5,20,232
139,7.4,12.6,1.9,0.0,0.0,98.8,2021,2021-05-21,15.7,20210521,14.3,6.4,5,21,232
140,0.0,11.6,1.1,0.0,9.7,78.5,2021,2021-05-22,23.6,20210522,16.6,2.1,5,22,232
141,0.0,10.4,0.8,0.0,6.5,73.9,2021,2021-05-23,25.0,20210523,18.2,6.9,5,23,232
142,0.0,11.9,1.2,0.0,8.1,70.8,2021,2021-05-24,23.8,20210524,17.6,4.9,5,24,232
143,3.6,9.5,2.0,0.0,6.8,74.4,2021,2021-05-25,20.3,20210525,14.3,3.8,5,25,232
144,0.0,8.2,1.1,0.0,2.5,74.1,2021,2021-05-26,23.0,20210526,15.2,9.1,5,26,232
145,3.1,10.3,1.2,0.0,2.9,89.1,2021,2021-05-27,19.2,20210527,15.0,5.9,5,27,232
146,26.0,9.4,1.7,0.0,1.2,94.5,2021,2021-05-28,17.7,20210528,13.6,8.3,5,28,232
147,0.0,9.9,1.5,0.0,8.6,73.4,2021,2021-05-29,23.5,20210529,16.2,4.4,5,29,232
148,4.4,9.1,1.1,0.0,11.9,75.1,2021,2021-05-30,26.6,20210530,18.3,3.9,5,30,232
149,3.5,15.6,1.0,0.0,2.4,81.4,2021,2021-05-31,23.9,20210531,18.9,5.8,5,31,232
150,0.0,14.9,1.2,0.0,6.5,75.6,2021,2021-06-01,26.4,20210601,20.3,7.8,6,1,232
151,0.0,14.1,0.9,0.0,9.9,66.9,2021,2021-06-02,29.2,20210602,22.4,4.8,6,2,232
152,18.7,14.2,0.9,0.0,0.4,94.9,2021,2021-06-03,20.5,20210603,17.6,9.1,6,3,232
153,0.1,11.9,1.6,0.0,10.7,71.1,2021,2021-06-04,24.7,20210604,18.0,2.5,6,4,232
154,0.0,13.0,1.5,0.0,8.0,77.4,2021,2021-06-05,26.1,20210605,19.4,3.4,6,5,232
155,0.0,14.7,1.1,0.0,7.0,76.9,2021,2021-06-06,26.6,20210606,20.5,2.6,6,6,232
156,0.0,13.6,0.6,0.0,5.3,74.3,2021,2021-06-07,26.6,20210607,20.2,6.5,6,7,232
157,0.0,16.1,0.7,0.0,7.8,73.1,2021,2021-06-08,29.1,20210608,22.8,7.6,6,8,232
158,0.0,17.1,0.7,0.0,11.6,71.8,2021,2021-06-09,32.0,20210609,24.2,4.1,6,9,232
159,2.0,18.8,1.6,0.0,4.1,73.3,2021,2021-06-10,28.9,20210610,23.6,8.8,6,10,232
160,8.2,18.5,1.2,0.0,3.8,86.6,2021,2021-06-11,27.6,20210611,22.0,5.9,6,11,232
161,0.0,17.1,0.9,0.0,8.8,80.3,2021,2021-06-12,30.4,20210612,23.0,4.5,6,12,232
162,0.0,19.4,1.0,0.0,8.3,81.6,2021,2021-06-13,29.8,20210613,23.4,2.8,6,13,232
163,0.0,17.5,0.9,0.0,4.1,83.6,2021,2021-06-14,29.0,20210614,23.1,8.0,6,14,232
164,0.0,20.3,2.2,0.0,0.9,80.3,2021,2021-06-15,24.8,20210615,22.4,7.9,6,15,232
165,0.0,20.0,2.5,0.0,8.0,66.6,2021,2021-06-16,27.1,20210616,23.3,5.6,6,16,232
166,0.0,19.0,1.4,0.0,0.8,80.1,2021,2021-06-17,23.4,20210617,21.1,9.9,6,17,232
167,1.9,18.8,0.9,0.0,0.3,95.0,2021,2021-06-18,22.9,20210618,20.4,8.1,6,18,232
168,0.0,17.0,0.8,0.0,10.3,77.6,2021,2021-06-19,28.1,20210619,21.8,3.3,6,19,232
169,0.0,15.7,1.6,0.0,11.0,73.1,2021,2021-06-20,29.6,20210620,22.6,3.6,6,20,232
170,0.0,17.4,1.2,0.0,10.9,69.3,2021,2021-06-21,29.0,20210621,22.7,2.4,6,21,232
171,1.6,15.7,1.1,0.0,3.6,79.8,2021,2021-06-22,27.4,20210622,20.8,6.8,6,22,232
172,2.0,16.8,1.6,0.0,0.3,91.9,2021,2021-06-23,22.5,20210623,19.4,6.1,6,23,232
173,0.0,16.5,0.9,0.0,8.4,81.3,2021,2021-06-24,27.1,20210624,21.7,4.8,6,24,232
174,0.0,17.1,1.0,0.0,10.0,75.3,2021,2021-06-25,29.3,20210625,23.1,4.8,6,25,232
175,8.1,18.5,1.2,0.0,4.2,88.0,2021,2021-06-26,26.0,20210626,21.1,6.8,6,26,232
176,0.0,17.1,1.0,0.0,7.1,76.6,2021,2021-06-27,28.6,20210627,23.4,6.3,6,27,232
177,2.2,19.1,1.5,0.0,4.4,81.9,2021,2021-06-28,28.0,20210628,22.7,7.5,6,28,232
178,0.0,17.4,1.0,0.0,6.4,82.1,2021,2021-06-29,28.2,20210629,22.9,5.3,6,29,232
179,0.0,19.4,0.8,0.0,4.6,82.8,2021,2021-06-30,28.8,20210630,23.4,6.4,6,30,232
180,0.0,18.9,0.9,0.0,10.4,76.9,2021,2021-07-01,31.2,20210701,25.1,3.4,7,1,232
181,0.0,19.9,1.7,0.0,6.9,71.9,2021,2021-07-02,30.2,20210702,25.2,4.5,7,2,232
182,27.5,20.5,3.4,0.0,0.1,85.8,2021,2021-07-03,25.7,20210703,22.5,9.2,7,3,232
183,5.5,20.7,2.0,0.0,0.0,92.4,2021,2021-07-04,24.0,20210704,22.5,7.8,7,4,232
184,0.8,19.7,0.8,0.0,0.9,88.1,2021,2021-07-05,26.2,20210705,22.5,9.6,7,5,232
185,5.9,20.0,0.9,0.0,1.7,90.8,2021,2021-07-06,27.0,20210706,23.4,9.1,7,6,232
186,43.4,21.9,0.7,0.0,0.7,94.6,2021,2021-07-07,27.2,20210707,24.7,9.4,7,7,232
187,31.3,22.1,1.0,0.0,5.6,87.0,2021,2021-07-08,30.0,20210708,25.1,7.0,7,8,232
188,0.3,21.1,0.5,0.0,2.0,88.1,2021,2021-07-09,29.5,20210709,24.5,6.9,7,9,232
189,0.2,21.4,1.0,0.0,3.9,88.1,2021,2021-07-10,29.5,20210710,25.1,6.4,7,10,232
190,2.1,22.5,1.2,0.0,1.7,91.9,2021,2021-07-11,29.3,20210711,25.1,7.3,7,11,232
191,0.0,21.2,0.7,0.0,5.4,86.4,2021,2021-07-12,32.3,20210712,26.2,4.9,7,12,232
192,0.0,22.7,0.8,0.0,5.9,83.0,2021,2021-07-13,32.0,20210713,27.4,5.5,7,13,232
193,0.0,22.9,1.2,0.0,8.5,83.5,2021,2021-07-14,31.7,20210714,27.5,6.6,7,14,232
194,0.0,22.6,1.1,0.0,7.9,77.3,2021,2021-07-15,33.3,20210715,27.2,4.4,7,15,232
195,0.5,21.1,1.3,0.0,8.7,83.1,2021,2021-07-16,32.7,20210716,25.9,5.6,7,16,232
196,0.1,20.5,1.7,0.0,7.7,81.9,2021,2021-07-17,30.1,20210717,25.5,6.4,7,17,232
197,0.0,21.5,1.6,0.0,8.8,76.3,2021,2021-07-18,31.8,20210718,26.7,6.0,7,18,232
198,0.0,22.4,1.1,0.0,5.3,81.5,2021,2021-07-19,31.7,20210719,26.2,7.8,7,19,232
199,0.0,22.7,0.7,0.0,2.0,86.9,2021,2021-07-20,30.5,20210720,26.5,8.5,7,20,232
200,0.0,21.6,1.6,0.0,12.6,72.0,2021,2021-07-21,33.8,20210721,27.7,4.9,7,21,232
201,0.0,21.0,1.4,0.0,12.1,77.1,2021,2021-07-22,33.6,20210722,27.1,4.6,7,22,232
202,0.0,21.7,1.6,0.0,13.1,73.5,2021,2021-07-23,34.1,20210723,27.7,3.4,7,23,232
203,0.0,22.9,1.3,0.0,10.1,73.9,2021,2021-07-24,33.7,20210724,28.0,5.3,7,24,232
204,0.0,22.8,2.1,0.0,9.9,72.8,2021,2021-07-25,33.2,20210725,27.8,6.4,7,25,232
205,0.0,24.0,2.3,0.0,12.6,68.8,2021,2021-07-26,33.4,20210726,28.1,1.3,7,26,232
206,0.0,21.6,1.3,0.0,12.9,70.6,2021,2021-07-27,34.2,20210727,28.1,1.9,7,27,232
207,0.0,23.6,1.2,0.0,12.4,70.5,2021,2021-07-28,34.2,20210728,28.6,4.0,7,28,232
208,0.0,22.7,0.9,0.0,7.3,75.8,2021,2021-07-29,33.4,20210729,27.7,6.5,7,29,232
209,0.0,23.8,1.2,0.0,11.1,69.8,2021,2021-07-30,34.6,20210730,28.9,6.0,7,30,232
210,0.0,24.8,1.2,0.0,7.7,78.0,2021,2021-07-31,33.9,20210731,28.4,6.0,7,31,232
211,18.2,23.0,0.8,0.0,0.7,89.5,2021,2021-08-01,30.7,20210801,25.8,8.5,8,1,232
212,6.7,23.3,0.7,0.0,1.3,94.5,2021,2021-08-02,27.8,20210802,25.2,8.3,8,2,232
213,1.6,23.7,1.0,0.0,2.0,89.3,2021,2021-08-03,30.5,20210803,26.5,7.7,8,3,232
214,0.0,23.2,0.9,0.0,10.5,79.3,2021,2021-08-04,32.4,20210804,27.5,4.7,8,4,232
215,0.0,23.2,0.8,0.0,11.0,76.3,2021,2021-08-05,33.6,20210805,28.0,4.8,8,5,232
216,0.0,23.2,1.2,0.0,9.2,76.5,2021,2021-08-06,33.8,20210806,27.4,6.9,8,6,232
217,0.0,21.4,1.0,0.0,8.7,77.4,2021,2021-08-07,32.2,20210807,26.3,5.4,8,7,232
218,0.0,21.8,1.3,0.0,1.0,87.8,2021,2021-08-08,29.6,20210808,25.2,9.1,8,8,232
219,0.0,20.9,1.3,0.0,8.6,70.5,2021,2021-08-09,32.3,20210809,26.7,5.4,8,9,232
220,16.2,21.4,1.5,0.0,7.0,85.1,2021,2021-08-10,29.3,20210810,24.7,5.0,8,10,232
221,0.0,20.8,0.8,0.0,7.8,80.5,2021,2021-08-11,31.5,20210811,25.7,4.0,8,11,232
222,2.9,20.7,1.0,0.0,3.6,82.4,2021,2021-08-12,30.5,20210812,25.2,8.9,8,12,232
223,0.0,20.6,0.9,0.0,0.7,88.4,2021,2021-08-13,28.0,20210813,24.3,9.4,8,13,232
224,0.0,22.3,1.5,0.0,3.1,80.0,2021,2021-08-14,28.3,20210814,24.6,8.6,8,14,232
225,0.0,19.4,1.5,0.0,11.0,72.4,2021,2021-08-15,30.6,20210815,25.1,4.5,8,15,232
226,0.0,19.7,2.0,0.0,8.6,72.1,2021,2021-08-16,28.9,20210816,24.6,3.8,8,16,232
227,0.9,19.7,2.3,0.0,5.8,74.3,2021,2021-08-17,28.6,20210817,23.6,7.2,8,17,232
228,4.9,19.3,1.4,0.0,5.0,82.4,2021,2021-08-18,29.2,20210818,22.8,7.9,8,18,232
229,0.0,18.5,1.0,0.0,7.1,81.0,2021,2021-08-19,29.0,20210819,23.1,7.8,8,19,232
230,5.3,19.3,1.3,0.0,9.1,81.1,2021,2021-08-20,30.2,20210820,24.3,5.3,8,20,232
231,24.9,21.2,1.9,0.0,0.6,94.6,2021,2021-08-21,27.8,20210821,23.1,7.5,8,21,232
232,0.0,20.3,1.1,0.0,0.5,87.6,2021,2021-08-22,27.2,20210822,23.6,8.8,8,22,232
233,68.4,20.3,1.4,0.0,0.0,99.0,2021,2021-08-23,23.8,20210823,21.4,10.0,8,23,232
234,8.2,21.0,1.9,0.0,0.6,92.9,2021,2021-08-24,28.1,20210824,24.0,8.6,8,24,232
235,25.1,21.8,0.6,0.0,0.0,99.0,2021,2021-08-25,23.9,20210825,22.6,7.0,8,25,232
236,0.0,21.3,0.6,0.0,0.3,93.4,2021,2021-08-26,28.0,20210826,24.1,9.0,8,26,232
237,17.8,18.2,0.5,0.0,0.0,99.0,2021,2021-08-27,24.5,20210827,21.0,9.0,8,27,232
238,0.0,18.0,0.4,0.0,1.6,92.8,2021,2021-08-28,25.5,20210828,21.6,7.9,8,28,232
239,21.8,17.8,0.9,0.0,5.5,88.1,2021,2021-08-29,26.9,20210829,21.4,7.9,8,29,232
240,0.0,18.8,0.2,0.0,0.0,95.6,2021,2021-08-30,25.0,20210830,21.5,8.4,8,30,232
241,7.1,19.5,1.2,0.0,0.0,92.1,2021,2021-08-31,24.0,20210831,21.4,8.6,8,31,232
242,117.1,21.0,1.6,0.0,0.1,96.6,2021,2021-09-01,23.7,20210901,22.0,9.0,9,1,232
243,0.0,19.9,1.9,0.0,1.8,82.8,2021,2021-09-02,25.2,20210902,22.5,6.4,9,2,232
244,0.0,18.3,1.4,0.0,8.7,79.4,2021,2021-09-03,28.0,20210903,22.5,4.9,9,3,232
245,0.0,16.6,1.6,0.0,9.3,78.4,2021,2021-09-04,26.8,20210904,21.4,6.9,9,4,232
246,1.4,16.3,1.7,0.0,1.2,83.6,2021,2021-09-05,24.8,20210905,20.6,8.9,9,5,232
247,37.5,17.0,2.7,0.0,0.4,86.6,2021,2021-09-06,24.7,20210906,20.2,9.9,9,6,232
248,5.1,18.2,1.4,0.0,0.0,99.0,2021,2021-09-07,22.8,20210907,20.3,9.8,9,7,232
249,2.5,16.8,1.2,0.0,6.5,86.8,2021,2021-09-08,26.4,20210908,21.0,4.0,9,8,232
250,0.0,15.3,0.7,0.0,7.0,84.9,2021,2021-09-09,27.6,20210909,20.2,5.1,9,9,232
251,0.0,17.3,0.7,0.0,3.1,88.5,2021,2021-09-10,27.6,20210910,21.7,7.3,9,10,232
252,0.0,18.2,0.6,0.0,8.3,84.4,2021,2021-09-11,28.8,20210911,22.4,1.9,9,11,232
253,0.0,17.6,0.7,0.0,7.2,86.0,2021,2021-09-12,28.9,20210912,22.1,4.4,9,12,232
254,0.0,18.3,2.2,0.0,8.5,77.1,2021,2021-09-13,28.9,20210913,22.7,8.0,9,13,232
255,0.0,17.6,2.6,0.0,4.3,71.0,2021,2021-09-14,25.9,20210914,21.5,5.9,9,14,232
256,0.0,15.4,2.7,0.0,10.0,70.4,2021,2021-09-15,28.1,20210915,21.4,1.4,9,15,232
257,0.0,14.9,2.7,0.0,9.3,71.4,2021,2021-09-16,26.1,20210916,21.2,5.5,9,16,232
258,10.4,15.5,2.2,0.0,0.0,93.3,2021,2021-09-17,21.5,20210917,19.1,6.9,9,17,232
259,0.0,13.2,0.7,0.0,10.5,82.1,2021,2021-09-18,27.2,20210918,19.9,2.0,9,18,232
260,0.0,16.1,1.0,0.0,10.3,79.5,2021,2021-09-19,27.8,20210919,21.1,4.4,9,19,232
261,0.0,15.5,2.7,0.0,10.9,74.4,2021,2021-09-20,26.2,20210920,21.8,2.9,9,20,232
262,44.6,19.5,1.6,0.0,2.2,89.8,2021,2021-09-21,25.8,20210921,21.9,6.4,9,21,232
263,10.3,17.2,1.8,0.0,6.8,85.5,2021,2021-09-22,26.0,20210922,20.3,4.9,9,22,232
264,0.0,13.7,1.1,0.0,7.6,80.0,2021,2021-09-23,25.0,20210923,19.0,3.9,9,23,232
265,0.0,12.9,1.2,0.0,10.3,80.1,2021,2021-09-24,26.0,20210924,19.3,1.5,9,24,232
266,0.0,15.5,1.7,0.0,1.5,83.1,2021,2021-09-25,23.4,20210925,19.7,7.6,9,25,232
267,0.0,16.5,1.5,0.0,3.5,79.5,2021,2021-09-26,25.1,20210926,20.5,8.8,9,26,232
268,0.0,17.1,1.6,0.0,4.2,78.0,2021,2021-09-27,25.6,20210927,20.5,8.6,9,27,232
269,0.3,18.2,1.5,0.0,0.3,85.3,2021,2021-09-28,24.1,20210928,20.6,7.0,9,28,232
270,21.6,18.5,0.7,0.0,0.0,98.6,2021,2021-09-29,22.5,20210929,20.2,9.5,9,29,232
271,0.0,16.1,0.8,0.0,9.0,85.6,2021,2021-09-30,27.1,20210930,20.2,2.1,9,30,232
272,11.9,15.1,1.2,0.0,8.5,83.5,2021,2021-10-01,27.1,20211001,19.9,3.9,10,1,232
273,1.6,14.1,0.7,0.0,9.4,86.1,2021,2021-10-02,26.1,20211002,19.0,2.4,10,2,232
274,0.0,14.8,0.9,0.0,8.2,82.1,2021,2021-10-03,28.7,20211003,19.9,5.7,10,3,232
275,0.0,14.8,1.2,0.0,3.3,85.6,2021,2021-10-04,27.7,20211004,21.0,6.4,10,4,232
276,0.0,16.8,0.9,0.0,8.3,82.9,2021,2021-10-05,28.1,20211005,22.0,4.9,10,5,232
277,0.9,17.3,1.3,0.0,4.1,93.3,2021,2021-10-06,24.4,20211006,20.5,6.8,10,6,232
278,13.4,17.1,0.6,0.0,0.0,98.3,2021,2021-10-07,21.2,20211007,19.1,7.1,10,7,232
279,1.5,17.7,0.5,0.0,0.0,96.8,2021,2021-10-08,21.5,20211008,19.4,9.8,10,8,232
280,0.1,18.6,1.3,0.0,3.4,90.1,2021,2021-10-09,26.7,20211009,21.3,7.9,10,9,232
281,4.6,15.8,1.2,0.0,2.6,90.5,2021,2021-10-10,27.0,20211010,20.8,6.0,10,10,232
282,2.8,13.2,1.1,0.0,0.6,85.1,2021,2021-10-11,18.4,20211011,16.0,9.1,10,11,232
283,1.0,15.6,2.4,0.0,0.0,89.3,2021,2021-10-12,17.0,20211012,16.3,7.5,10,12,232
284,0.0,14.1,1.6,0.0,5.2,81.8,2021,2021-10-13,23.5,20211013,18.0,3.9,10,13,232
285,0.0,13.1,0.9,0.0,9.6,83.4,2021,2021-10-14,24.3,20211014,18.0,2.9,10,14,232
286,3.1,15.1,0.4,0.0,0.1,96.4,2021,2021-10-15,20.6,20211015,17.5,9.6,10,15,232
287,3.4,5.2,1.7,0.0,0.9,60.4,2021,2021-10-16,17.0,20211016,11.4,9.5,10,16,232
288,0.0,0.3,1.3,0.0,10.6,57.5,2021,2021-10-17,10.6,20211017,4.7,0.0,10,17,232
289,0.0,-1.2,0.8,0.0,10.1,75.9,2021,2021-10-18,16.5,20211018,7.7,3.3,10,18,232
290,5.0,4.4,1.1,0.0,5.2,83.5,2021,2021-10-19,16.0,20211019,9.8,4.0,10,19,232
291,0.0,1.2,0.7,0.0,10.2,79.6,2021,2021-10-20,15.4,20211020,7.5,0.8,10,20,232
292,0.0,1.0,0.5,0.0,0.0,81.9,2021,2021-10-21,15.6,20211021,7.7,3.3,10,21,232
293,0.0,1.2,1.2,0.0,9.3,78.3,2021,2021-10-22,16.5,20211022,8.1,1.0,10,22,232
294,0.0,1.6,0.4,0.0,9.8,78.0,2021,2021-10-23,18.2,20211023,8.7,1.3,10,23,232
295,0.0,1.8,0.5,0.0,9.8,80.0,2021,2021-10-24,17.8,20211024,8.9,2.8,10,24,232
296,0.0,2.5,0.8,0.0,9.4,82.0,2021,2021-10-25,17.6,20211025,9.0,1.9,10,25,232
297,0.0,2.7,0.4,0.0,9.3,84.8,2021,2021-10-26,18.5,20211026,9.8,4.9,10,26,232
298,0.0,4.5,1.2,0.0,7.8,79.1,2021,2021-10-27,18.3,20211027,10.5,2.6,10,27,232
299,0.0,1.8,0.3,0.0,9.8,76.1,2021,2021-10-28,19.0,20211028,9.2,0.0,10,28,232
300,0.0,4.2,0.8,0.0,9.6,76.9,2021,2021-10-29,19.3,20211029,10.9,2.6,10,29,232
301,0.0,6.3,0.3,0.0,1.6,85.0,2021,2021-10-30,17.4,20211030,10.5,6.6,10,30,232
302,0.2,4.2,0.2,0.0,5.5,89.4,2021,2021-10-31,19.7,20211031,10.7,3.8,10,31,232
303,0.0,6.9,1.0,0.0,4.6,85.5,2021,2021-11-01,17.9,20211101,10.8,5.0,11,1,232
304,0.0,6.2,0.7,0.0,6.8,81.5,2021,2021-11-02,16.9,20211102,10.5,6.1,11,2,232
305,0.0,2.8,0.6,0.0,8.4,83.1,2021,2021-11-03,17.1,20211103,9.5,3.4,11,3,232
306,0.1,6.2,0.6,0.0,5.8,85.9,2021,2021-11-04,18.3,20211104,11.3,3.6,11,4,232
307,0.0,4.9,0.5,0.0,5.8,83.3,2021,2021-11-05,19.5,20211105,10.1,5.0,11,5,232
308,0.0,4.3,0.7,0.0,9.2,74.5,2021,2021-11-06,20.2,20211106,11.4,2.6,11,6,232
309,0.0,4.6,2.1,0.0,7.6,68.6,2021,2021-11-07,21.1,20211107,13.5,5.1,11,7,232
310,16.9,5.9,2.3,0.0,0.1,83.3,2021,2021-11-08,16.0,20211108,9.8,7.0,11,8,232
311,3.9,4.6,1.6,0.0,1.6,91.1,2021,2021-11-09,10.7,20211109,6.6,7.1,11,9,232
312,6.0,0.2,0.5,0.0,0.0,97.1,2021,2021-11-10,6.2,20211110,4.1,5.9,11,10,232
313,2.5,0.8,1.0,0.0,3.2,80.3,2021,2021-11-11,10.1,20211111,5.4,4.6,11,11,232
314,1.0,0.7,0.9,0.0,5.7,79.8,2021,2021-11-12,8.5,20211112,4.4,0.0,11,12,232
315,0.0,-1.8,0.4,0.0,7.1,86.0,2021,2021-11-13,13.4,20211113,5.3,1.4,11,13,232
316,0.0,2.9,0.8,0.0,6.1,81.6,2021,2021-11-14,17.2,20211114,8.5,3.3,11,14,232
317,0.0,1.5,0.4,0.0,5.8,81.8,2021,2021-11-15,15.5,20211115,7.1,4.6,11,15,232
318,0.0,0.9,0.7,0.0,8.9,73.3,2021,2021-11-16,14.7,20211116,6.2,0.8,11,16,232
319,0.0,-1.1,0.6,0.0,9.0,73.9,2021,2021-11-17,13.5,20211117,5.5,2.8,11,17,232
320,0.0,1.4,0.8,0.0,4.6,84.3,2021,2021-11-18,17.4,20211118,8.5,5.5,11,18,232
321,0.0,3.3,0.4,0.0,3.1,90.8,2021,2021-11-19,17.5,20211119,10.2,7.3,11,19,232
322,0.0,4.4,0.4,0.0,4.1,91.4,2021,2021-11-20,16.1,20211120,9.1,6.5,11,20,232
323,0.3,4.0,0.3,0.0,0.7,88.1,2021,2021-11-21,15.0,20211121,8.9,8.6,11,21,232
324,8.7,0.2,1.9,0.0,1.9,86.4,2021,2021-11-22,10.6,20211122,3.8,7.1,11,22,232
325,1.7,-3.6,0.7,0.0,2.5,87.6,2021,2021-11-23,1.8,20211123,0.2,5.8,11,23,232
326,0.0,-0.6,1.0,0.0,4.2,79.8,2021,2021-11-24,11.2,20211124,3.5,4.0,11,24,232
327,0.3,-0.1,1.0,0.0,8.4,78.3,2021,2021-11-25,12.7,20211125,5.1,0.6,11,25,232
328,0.0,-3.2,0.9,0.0,8.6,70.3,2021,2021-11-26,9.8,20211126,3.0,1.6,11,26,232
329,0.0,-3.9,0.4,0.0,9.2,73.1,2021,2021-11-27,9.8,20211127,1.7,0.0,11,27,232
330,0.0,-5.1,0.3,0.0,7.2,73.1,2021,2021-11-28,12.3,20211128,2.6,3.8,11,28,232
331,0.0,-2.7,0.5,0.0,6.4,82.3,2021,2021-11-29,12.3,20211129,4.1,6.6,11,29,232
332,26.5,2.0,2.4,0.0,0.0,89.9,2021,2021-11-30,9.4,20211130,5.3,9.1,11,30,232
333,0.0,-2.9,3.0,0.0,8.8,51.3,2021,2021-12-01,2.8,20211201,0.3,0.6,12,1,232
334,0.0,-7.1,0.7,0.0,6.3,72.5,2021,2021-12-02,6.6,20211202,0.7,3.4,12,2,232
335,2.0,0.1,1.6,0.0,7.9,66.0,2021,2021-12-03,6.1,20211203,2.8,2.1,12,3,232
336,0.0,-5.4,0.5,0.0,4.4,77.3,2021,2021-12-04,5.4,20211204,-0.5,1.6,12,4,232
337,0.0,-5.6,0.3,0.0,9.1,78.0,2021,2021-12-05,9.1,20211205,0.4,0.3,12,5,232
338,0.0,-4.2,0.3,0.0,7.9,76.9,2021,2021-12-06,12.5,20211206,2.6,3.8,12,6,232
339,0.0,-2.0,0.5,0.0,8.5,81.4,2021,2021-12-07,12.4,20211207,3.9,0.3,12,7,232
340,0.0,-2.4,0.3,0.0,8.5,84.0,2021,2021-12-08,12.9,20211208,3.8,1.4,12,8,232
341,0.0,-2.1,0.4,0.0,1.7,87.0,2021,2021-12-09,10.2,20211209,3.8,6.0,12,9,232
342,0.9,0.0,0.3,0.0,0.0,98.9,2021,2021-12-10,0.0,20211210,0.0,7.5,12,10,232
343,0.0,2.2,0.6,0.0,0.4,89.0,2021,2021-12-11,10.0,20211211,6.1,8.6,12,11,232
344,0.0,-3.1,1.8,0.0,5.6,64.0,2021,2021-12-12,7.0,20211212,2.7,2.6,12,12,232
345,0.0,-6.8,1.2,0.0,9.0,49.8,2021,2021-12-13,2.1,20211213,-2.4,0.8,12,13,232
346,0.3,-5.4,0.9,0.0,1.4,75.8,2021,2021-12-14,6.8,20211214,2.2,6.8,12,14,232
347,0.9,1.7,0.2,0.0,0.6,98.5,2021,2021-12-15,9.8,20211215,5.0,6.8,12,15,232
348,0.0,1.4,0.5,0.0,2.8,85.6,2021,2021-12-16,10.7,20211216,4.8,9.3,12,16,232
349,0.0,-8.7,3.2,0.0,4.2,56.1,2021,2021-12-17,5.9,20211217,-3.3,3.8,12,17,232
350,0.0,-12.1,0.9,0.0,6.5,64.9,2021,2021-12-18,0.4,20211218,-4.8,3.0,12,18,232
351,1.3,-5.0,0.9,0.0,8.6,77.4,2021,2021-12-19,4.6,20211219,-0.6,1.6,12,19,232
352,0.0,-4.2,0.7,0.0,3.0,84.3,2021,2021-12-20,11.2,20211220,3.6,2.8,12,20,232
353,0.0,-1.0,0.8,0.0,5.4,83.6,2021,2021-12-21,12.0,20211221,3.7,5.1,12,21,232
354,0.0,-5.4,0.5,0.0,8.9,66.6,2021,2021-12-22,9.1,20211222,0.4,0.0,12,22,232
355,0.0,-6.0,0.4,0.0,8.4,72.8,2021,2021-12-23,9.2,20211223,0.4,1.9,12,23,232
356,0.0,-4.6,1.2,0.0,1.0,77.5,2021,2021-12-24,6.0,20211224,0.0,7.6,12,24,232
357,0.0,-12.3,2.5,0.0,8.7,49.9,2021,2021-12-25,-4.6,20211225,-8.8,0.0,12,25,232
358,0.0,-13.7,1.8,0.0,8.9,46.8,2021,2021-12-26,-5.2,20211226,-9.8,0.0,12,26,232
359,0.0,-14.9,0.6,0.0,4.8,71.5,2021,2021-12-27,-1.2,20211227,-7.2,2.5,12,27,232
360,0.0,-8.0,0.6,0.0,0.0,88.0,2021,2021-12-28,1.7,20211228,-3.0,7.3,12,28,232
361,0.0,-5.2,1.5,0.0,1.6,76.0,2021,2021-12-29,7.3,20211229,1.1,6.1,12,29,232
362,0.0,-4.0,1.9,0.0,6.0,61.4,2021,2021-12-30,1.2,20211230,-2.1,1.8,12,30,232
363,0.0,-9.2,2.0,0.0,9.1,44.0,2021,2021-12-31,-1.8,20211231,-5.1,0.0,12,31,232
