,rainfall,date,wind,year,sunshine,month,tmin,snow,tavg,day,humid,Date,cloud,tmax,station_id
0,0.0,20110101,1.7,2011,7.3,1,-14.8,0.0,-8.8,1,75.1,2011-01-01,2.8,-2.2,232
1,0.0,20110102,1.3,2011,8.3,1,-14.0,0.0,-7.2,2,77.1,2011-01-02,1.5,0.1,232
2,0.0,20110103,1.3,2011,4.3,1,-13.2,0.0,-6.0,3,75.1,2011-01-03,4.3,-0.5,232
3,0.0,20110104,1.0,2011,0.8,1,-10.9,0.0,-4.1,4,81.6,2011-01-04,6.8,1.0,232
4,0.2,20110105,3.4,2011,0.5,1,-4.2,0.5,-1.5,5,70.6,2011-01-05,7.9,0.8,232
5,0.0,20110106,3.0,2011,8.6,1,-8.8,0.2,-5.9,6,60.3,2011-01-06,2.9,-3.3,232
6,0.0,20110107,1.4,2011,8.7,1,-15.0,0.0,-8.2,7,69.8,2011-01-07,0.0,-1.4,232
7,0.0,20110108,1.2,2011,2.8,1,-12.4,0.0,-4.6,8,81.6,2011-01-08,5.0,3.5,232
8,0.0,20110109,4.0,2011,6.6,1,-10.2,0.0,-4.8,9,57.8,2011-01-09,3.0,-0.2,232
9,0.0,20110110,1.8,2011,7.4,1,-15.9,0.0,-9.1,10,57.3,2011-01-10,2.1,-3.5,232
10,1.3,20110111,2.0,2011,2.8,1,-10.5,2.4,-4.3,11,62.9,2011-01-11,6.6,0.9,232
11,0.0,20110112,3.3,2011,8.9,1,-12.4,0.0,-7.2,12,51.9,2011-01-12,0.8,-3.4,232
12,0.0,20110113,0.8,2011,8.9,1,-15.9,0.0,-8.1,13,63.4,2011-01-13,0.3,1.0,232
13,0.0,20110114,3.0,2011,2.0,1,-9.7,0.0,-2.8,14,56.6,2011-01-14,7.0,3.0,232
14,0.4,20110115,5.3,2011,4.3,1,-14.2,0.7,-9.9,15,47.1,2011-01-15,4.9,-3.4,232
15,0.0,20110116,2.8,2011,6.7,1,-16.2,0.0,-12.4,16,64.3,2011-01-16,3.4,-7.7,232
16,0.0,20110117,1.4,2011,9.0,1,-18.3,0.0,-10.5,17,69.4,2011-01-17,0.0,-2.8,232
17,0.0,20110118,1.5,2011,6.2,1,-13.8,0.0,-7.3,18,65.6,2011-01-18,4.5,1.0,232
18,0.0,20110119,1.6,2011,8.9,1,-10.7,0.0,-6.3,19,63.9,2011-01-19,3.3,-1.5,232
19,0.0,20110120,2.3,2011,8.9,1,-12.3,0.0,-7.4,20,60.1,2011-01-20,3.0,-3.3,232
20,0.0,20110121,1.7,2011,7.8,1,-12.1,0.0,-7.7,21,65.4,2011-01-21,3.6,-1.8,232
21,0.0,20110122,2.0,2011,6.2,1,-11.7,0.0,-4.8,22,58.6,2011-01-22,3.3,1.3,232
22,3.9,20110123,2.7,2011,2.0,1,-9.8,5.3,-3.4,23,69.3,2011-01-23,8.0,1.7,232
23,1.7,20110124,2.4,2011,3.2,1,-9.9,2.6,-7.1,24,76.6,2011-01-24,7.5,-3.5,232
24,0.0,20110125,1.2,2011,8.3,1,-15.4,0.0,-9.0,25,76.5,2011-01-25,2.5,-2.8,232
25,0.0,20110126,2.0,2011,8.6,1,-14.6,0.0,-8.8,26,70.9,2011-01-26,1.9,-3.3,232
26,0.0,20110127,2.5,2011,8.1,1,-14.8,0.0,-8.0,27,54.6,2011-01-27,4.0,-3.8,232
27,0.0,20110128,2.4,2011,8.6,1,-11.4,0.0,-6.6,28,50.8,2011-01-28,4.1,-3.0,232
28,0.4,20110129,2.9,2011,8.3,1,-13.2,0.9,-7.9,29,60.6,2011-01-29,3.8,-4.0,232
29,0.0,20110130,3.5,2011,9.3,1,-13.0,0.0,-7.9,30,49.6,2011-01-30,1.6,-4.1,232
30,0.0,20110131,1.8,2011,7.7,1,-16.1,0.0,-7.1,31,64.9,2011-01-31,1.0,1.0,232
31,0.0,20110201,1.2,2011,8.6,2,-10.5,0.0,-2.5,1,72.9,2011-02-01,2.0,7.8,232
32,0.0,20110202,0.9,2011,8.6,2,-6.1,0.0,-0.2,2,70.4,2011-02-02,1.6,8.1,232
33,0.0,20110203,1.2,2011,5.2,2,-5.9,0.0,0.3,3,76.9,2011-02-03,1.6,7.8,232
34,0.0,20110204,1.3,2011,3.9,2,-3.7,0.0,0.7,4,79.8,2011-02-04,5.0,6.7,232
35,0.0,20110205,1.3,2011,5.8,2,-2.7,0.0,1.1,5,71.5,2011-02-05,5.8,6.6,232
36,0.0,20110206,1.2,2011,0.5,2,-2.9,0.0,1.3,6,72.3,2011-02-06,7.5,5.0,232
37,0.0,20110207,1.8,2011,1.6,2,-0.7,0.0,1.5,7,70.4,2011-02-07,5.4,5.8,232
38,0.0,20110208,1.7,2011,2.0,2,-1.2,0.0,3.0,8,59.9,2011-02-08,5.9,9.0,232
39,0.0,20110209,3.8,2011,7.2,2,-3.6,0.0,-0.7,9,61.1,2011-02-09,2.6,1.7,232
40,0.0,20110210,1.6,2011,2.6,2,-5.9,0.0,-2.6,10,58.4,2011-02-10,4.6,2.0,232
41,0.0,20110211,2.9,2011,9.4,2,-6.8,0.0,-2.5,11,58.5,2011-02-11,0.6,3.2,232
42,0.0,20110212,3.7,2011,8.8,2,-9.0,0.0,-4.8,12,55.1,2011-02-12,0.8,-1.4,232
43,0.0,20110213,1.6,2011,8.4,2,-11.6,0.0,-4.8,13,56.9,2011-02-13,4.1,1.3,232
44,0.0,20110214,1.8,2011,0.7,2,-7.4,0.0,-3.3,14,61.5,2011-02-14,7.1,-0.4,232
45,0.0,20110215,1.5,2011,9.2,2,-8.3,0.0,-2.3,15,61.4,2011-02-15,0.0,4.9,232
46,0.0,20110216,1.5,2011,2.6,2,-8.9,0.0,-1.2,16,67.1,2011-02-16,6.4,5.2,232
47,2.0,20110217,2.2,2011,0.0,2,-1.7,2.2,0.0,17,79.5,2011-02-17,6.6,3.0,232
48,0.0,20110218,1.2,2011,9.3,2,-6.2,0.0,0.2,18,67.9,2011-02-18,0.0,8.1,232
49,0.0,20110219,1.5,2011,9.2,2,-6.0,0.0,0.2,19,58.3,2011-02-19,4.3,7.6,232
50,0.0,20110220,1.2,2011,8.8,2,-5.8,0.0,3.6,20,54.8,2011-02-20,2.5,13.2,232
51,0.0,20110221,2.3,2011,10.2,2,-1.2,0.0,5.2,21,47.8,2011-02-21,1.1,12.7,232
52,0.0,20110222,1.4,2011,9.2,2,-4.1,0.0,3.9,22,58.9,2011-02-22,1.5,13.9,232
53,0.0,20110223,1.7,2011,8.8,2,-3.5,0.0,4.1,23,63.9,2011-02-23,1.4,12.9,232
54,0.0,20110224,1.7,2011,9.1,2,-2.7,0.0,5.4,24,71.9,2011-02-24,2.3,13.4,232
55,0.0,20110225,3.6,2011,7.7,2,-3.9,0.0,2.0,25,57.4,2011-02-25,3.6,6.5,232
56,0.0,20110226,2.2,2011,8.4,2,-4.8,0.0,5.4,26,47.4,2011-02-26,5.0,13.5,232
57,28.5,20110227,3.0,2011,0.0,2,4.8,0.0,6.4,27,84.9,2011-02-27,10.0,8.1,232
58,0.5,20110228,2.4,2011,0.0,2,3.6,0.0,5.5,28,80.8,2011-02-28,10.0,8.4,232
59,3.0,20110301,4.0,2011,0.0,3,-1.2,0.3,1.0,1,83.5,2011-03-01,7.1,4.5,232
60,0.0,20110302,4.2,2011,10.2,3,-3.2,0.0,-0.8,2,50.1,2011-03-02,0.3,2.1,232
61,0.0,20110303,3.6,2011,10.6,3,-6.7,0.0,-1.2,3,49.5,2011-03-03,0.0,1.9,232
62,0.0,20110304,2.9,2011,10.8,3,-6.1,0.0,0.0,4,55.0,2011-03-04,0.0,5.1,232
63,0.0,20110305,1.5,2011,4.3,3,-5.2,0.0,1.0,5,64.9,2011-03-05,4.0,7.8,232
64,0.0,20110306,1.8,2011,6.2,3,-2.2,0.0,3.5,6,70.8,2011-03-06,7.3,9.9,232
65,0.0,20110307,4.7,2011,10.5,3,-0.6,0.0,1.9,7,57.8,2011-03-07,0.4,5.5,232
66,0.0,20110308,3.3,2011,9.1,3,-4.4,0.0,2.1,8,50.0,2011-03-08,0.9,8.0,232
67,0.0,20110309,4.4,2011,9.6,3,-2.4,0.0,1.3,9,47.6,2011-03-09,1.4,5.5,232
68,0.0,20110310,2.5,2011,8.6,3,-6.0,0.0,1.8,10,59.9,2011-03-10,0.9,7.7,232
69,0.0,20110311,2.2,2011,10.2,3,-4.4,0.0,3.4,11,50.9,2011-03-11,1.1,11.3,232
70,0.0,20110312,2.9,2011,9.9,3,-1.2,0.0,7.4,12,46.6,2011-03-12,2.5,15.7,232
71,0.0,20110313,1.4,2011,7.1,3,1.3,0.0,9.6,13,57.6,2011-03-13,4.3,18.8,232
72,0.0,20110314,2.2,2011,0.0,3,4.3,0.0,7.1,14,78.4,2011-03-14,8.3,10.3,232
73,0.0,20110315,5.6,2011,8.9,3,-0.9,0.0,2.5,15,48.1,2011-03-15,3.6,6.8,232
74,0.0,20110316,4.7,2011,10.2,3,-1.1,0.0,1.0,16,37.8,2011-03-16,2.1,5.1,232
75,0.0,20110317,2.7,2011,11.1,3,-6.3,0.0,0.7,17,45.4,2011-03-17,0.0,7.1,232
76,0.0,20110318,2.2,2011,5.8,3,-5.0,0.0,5.9,18,37.5,2011-03-18,3.4,14.7,232
77,0.0,20110319,3.0,2011,6.1,3,6.6,0.0,10.4,19,40.6,2011-03-19,6.9,15.2,232
78,14.5,20110320,1.8,2011,0.7,3,1.9,0.0,5.4,20,77.4,2011-03-20,8.6,8.7,232
79,0.0,20110321,2.9,2011,4.3,3,2.5,0.0,7.2,21,60.8,2011-03-21,8.3,13.2,232
80,0.0,20110322,5.1,2011,10.4,3,-0.2,0.0,2.4,22,39.0,2011-03-22,2.8,5.6,232
81,0.0,20110323,2.5,2011,10.9,3,-5.2,0.0,1.7,23,44.8,2011-03-23,0.5,7.3,232
82,9.0,20110324,2.4,2011,6.3,3,-2.0,1.5,3.3,24,64.9,2011-03-24,5.8,10.3,232
83,0.0,20110325,5.0,2011,11.0,3,0.1,0.0,2.4,25,54.8,2011-03-25,1.1,5.8,232
84,0.0,20110326,2.6,2011,10.5,3,-3.8,0.0,2.5,26,54.3,2011-03-26,1.0,8.4,232
85,0.0,20110327,2.2,2011,7.8,3,-4.0,0.0,5.1,27,45.1,2011-03-27,5.4,11.4,232
86,0.0,20110328,2.9,2011,8.4,3,0.0,0.0,5.6,28,58.5,2011-03-28,4.0,10.7,232
87,0.0,20110329,2.4,2011,10.4,3,-3.5,0.0,3.8,29,61.4,2011-03-29,0.9,10.1,232
88,0.0,20110330,2.2,2011,11.1,3,-2.3,0.0,6.4,30,61.3,2011-03-30,0.0,15.1,232
89,0.0,20110331,2.3,2011,9.0,3,-0.7,0.0,7.8,31,59.0,2011-03-31,0.3,19.0,232
90,0.0,20110401,2.0,2011,11.0,4,-1.3,0.0,8.0,1,48.3,2011-04-01,1.0,18.4,232
91,0.0,20110402,1.2,2011,0.0,4,0.6,0.0,7.9,2,52.1,2011-04-02,8.8,13.6,232
92,0.0,20110403,2.3,2011,4.5,4,3.8,0.0,9.0,3,61.3,2011-04-03,5.4,14.7,232
93,0.0,20110404,2.0,2011,10.9,4,1.0,0.0,8.5,4,47.1,2011-04-04,0.0,16.8,232
94,0.0,20110405,1.8,2011,11.8,4,-0.9,0.0,8.7,5,36.6,2011-04-05,0.0,18.5,232
95,0.0,20110406,1.9,2011,6.9,4,-1.2,0.0,9.8,6,40.8,2011-04-06,6.0,19.1,232
96,14.0,20110407,2.2,2011,0.0,4,7.9,0.0,10.6,7,90.0,2011-04-07,10.0,14.7,232
97,0.0,20110408,2.6,2011,7.0,4,4.7,0.0,10.6,8,65.0,2011-04-08,5.4,17.6,232
98,0.0,20110409,1.9,2011,10.5,4,1.0,0.0,9.7,9,52.4,2011-04-09,0.6,18.3,232
99,0.5,20110410,3.1,2011,0.3,4,7.0,0.0,12.1,10,47.3,2011-04-10,6.9,18.9,232
100,0.0,20110411,4.4,2011,11.8,4,4.4,0.0,9.5,11,42.8,2011-04-11,1.3,14.5,232
101,0.0,20110412,2.3,2011,12.0,4,-0.9,0.0,8.8,12,37.4,2011-04-12,0.0,18.0,232
102,0.0,20110413,2.4,2011,11.4,4,0.2,0.0,9.8,13,43.9,2011-04-13,0.0,19.6,232
103,0.0,20110414,1.6,2011,9.9,4,1.2,0.0,11.2,14,44.1,2011-04-14,3.8,20.2,232
104,0.0,20110415,3.1,2011,8.6,4,7.5,0.0,14.7,15,66.4,2011-04-15,5.8,25.0,232
105,0.0,20110416,2.5,2011,12.1,4,4.4,0.0,10.7,16,42.1,2011-04-16,0.0,19.1,232
106,0.0,20110417,2.9,2011,10.7,4,4.8,0.0,12.5,17,49.5,2011-04-17,3.5,21.3,232
107,0.4,20110418,3.3,2011,0.3,4,4.8,0.0,7.7,18,70.1,2011-04-18,9.3,11.3,232
108,0.0,20110419,2.8,2011,10.8,4,3.9,0.0,10.6,19,47.0,2011-04-19,2.9,16.2,232
109,0.0,20110420,2.7,2011,10.8,4,3.1,0.0,10.9,20,52.0,2011-04-20,0.8,18.8,232
110,0.0,20110421,2.0,2011,2.5,4,4.4,0.0,12.5,21,38.4,2011-04-21,8.1,19.1,232
111,20.5,20110422,2.6,2011,0.0,4,8.5,0.0,10.0,22,86.0,2011-04-22,10.0,12.3,232
112,0.0,20110423,4.2,2011,12.0,4,3.5,0.0,9.6,23,56.9,2011-04-23,1.4,14.8,232
113,0.1,20110424,3.3,2011,9.5,4,2.3,0.0,9.6,24,57.3,2011-04-24,3.3,15.2,232
114,0.5,20110425,3.0,2011,7.8,4,3.3,0.0,11.7,25,54.5,2011-04-25,5.4,18.6,232
115,0.5,20110426,2.7,2011,0.0,4,9.6,0.0,11.6,26,79.5,2011-04-26,10.0,13.7,232
116,0.2,20110427,3.4,2011,2.3,4,6.1,0.0,11.8,27,70.5,2011-04-27,6.5,16.0,232
117,1.0,20110428,3.5,2011,8.5,4,4.8,0.0,10.1,28,57.8,2011-04-28,3.5,15.4,232
118,3.0,20110429,2.9,2011,2.6,4,4.5,0.0,14.3,29,45.9,2011-04-29,7.0,20.8,232
119,92.5,20110430,3.6,2011,0.0,4,14.0,0.0,16.7,30,83.6,2011-04-30,10.0,20.9,232
120,3.5,20110501,4.0,2011,8.2,5,10.3,0.0,13.8,1,69.8,2011-05-01,3.6,16.2,232
121,0.0,20110502,1.7,2011,9.9,5,7.9,0.0,14.5,2,60.8,2011-05-02,3.6,21.4,232
122,0.0,20110503,2.6,2011,9.8,5,10.0,0.0,15.3,3,54.9,2011-05-03,2.9,21.1,232
123,0.0,20110504,1.5,2011,9.5,5,6.4,0.0,15.0,4,53.0,2011-05-04,4.4,22.9,232
124,0.0,20110505,2.6,2011,11.7,5,10.8,0.0,17.2,5,45.9,2011-05-05,0.5,24.9,232
125,0.1,20110506,2.6,2011,0.2,5,10.4,0.0,16.6,6,61.5,2011-05-06,7.9,21.4,232
126,0.1,20110507,2.5,2011,6.3,5,13.5,0.0,17.5,7,75.5,2011-05-07,5.4,25.5,232
127,0.0,20110508,1.3,2011,5.4,5,12.5,0.0,19.1,8,53.9,2011-05-08,6.5,25.4,232
128,0.1,20110509,3.8,2011,0.2,5,15.3,0.0,22.2,9,69.0,2011-05-09,9.8,28.2,232
129,54.5,20110510,1.5,2011,0.0,5,17.1,0.0,18.8,10,91.0,2011-05-10,10.0,20.6,232
130,27.5,20110511,3.7,2011,1.0,5,15.0,0.0,17.1,11,80.6,2011-05-11,7.1,20.0,232
131,1.0,20110512,2.9,2011,1.0,5,12.7,0.0,16.0,12,69.0,2011-05-12,6.4,21.4,232
132,0.0,20110513,3.6,2011,12.4,5,9.0,0.0,15.7,13,51.1,2011-05-13,0.0,21.1,232
133,0.0,20110514,3.0,2011,12.2,5,9.7,0.0,16.9,14,41.8,2011-05-14,0.0,23.5,232
134,0.0,20110515,3.7,2011,11.0,5,11.3,0.0,19.0,15,43.3,2011-05-15,2.9,26.0,232
135,0.0,20110516,2.3,2011,12.3,5,10.9,0.0,16.7,16,53.1,2011-05-16,1.6,22.8,232
136,0.0,20110517,1.8,2011,11.4,5,7.3,0.0,16.2,17,50.1,2011-05-17,1.0,24.2,232
137,0.0,20110518,3.4,2011,8.1,5,11.1,0.0,20.7,18,45.5,2011-05-18,4.6,26.8,232
138,0.0,20110519,3.2,2011,7.7,5,17.2,0.0,21.4,19,57.1,2011-05-19,4.4,27.6,232
139,3.0,20110520,2.3,2011,0.3,5,17.0,0.0,20.1,20,79.3,2011-05-20,9.1,23.9,232
140,7.0,20110521,1.6,2011,0.0,5,14.0,0.0,15.5,21,87.8,2011-05-21,10.0,17.3,232
141,0.0,20110522,1.7,2011,6.5,5,12.5,0.0,17.7,22,62.5,2011-05-22,8.4,23.5,232
142,0.0,20110523,1.3,2011,5.5,5,12.8,0.0,17.9,23,63.4,2011-05-23,5.5,24.9,232
143,0.0,20110524,1.4,2011,8.6,5,9.5,0.0,18.9,24,56.6,2011-05-24,5.0,27.9,232
144,0.0,20110525,1.6,2011,1.8,5,14.4,0.0,20.9,25,54.8,2011-05-25,8.8,27.8,232
145,5.0,20110526,2.8,2011,0.2,5,15.4,0.0,18.0,26,61.4,2011-05-26,9.0,22.2,232
146,0.0,20110527,1.4,2011,0.8,5,14.9,0.0,18.3,27,69.3,2011-05-27,7.4,22.7,232
147,0.0,20110528,1.7,2011,9.3,5,13.1,0.0,19.9,28,65.4,2011-05-28,5.3,27.7,232
148,0.0,20110529,1.8,2011,11.3,5,13.7,0.0,21.7,29,57.3,2011-05-29,1.4,29.9,232
149,0.0,20110530,1.7,2011,7.7,5,15.4,0.0,21.9,30,50.8,2011-05-30,6.4,29.5,232
150,1.5,20110531,2.3,2011,0.0,5,16.2,0.0,20.1,31,64.6,2011-05-31,10.0,23.4,232
151,36.5,20110601,2.0,2011,2.6,6,15.3,0.0,18.3,1,83.0,2011-06-01,8.1,23.9,232
152,0.0,20110602,2.0,2011,7.7,6,15.6,0.0,19.7,2,74.4,2011-06-02,4.3,25.7,232
153,0.0,20110603,2.3,2011,10.6,6,14.3,0.0,20.1,3,66.0,2011-06-03,2.8,27.0,232
154,0.0,20110604,2.6,2011,5.1,6,17.4,0.0,20.4,4,75.1,2011-06-04,6.9,24.7,232
155,0.0,20110605,1.8,2011,11.6,6,16.2,0.0,21.4,5,62.3,2011-06-05,4.1,28.0,232
156,0.0,20110606,1.5,2011,7.7,6,13.1,0.0,20.7,6,57.3,2011-06-06,6.0,28.2,232
157,0.0,20110607,1.6,2011,9.2,6,13.2,0.0,21.1,7,60.0,2011-06-07,3.3,29.0,232
158,0.0,20110608,2.0,2011,9.4,6,15.7,0.0,22.3,8,61.5,2011-06-08,3.1,28.9,232
159,0.0,20110609,1.8,2011,4.7,6,16.8,0.0,21.1,9,76.5,2011-06-09,7.8,26.0,232
160,0.0,20110610,1.6,2011,0.2,6,19.2,0.0,22.1,10,74.9,2011-06-10,9.6,26.1,232
161,0.0,20110611,1.8,2011,12.2,6,17.5,0.0,23.6,11,60.1,2011-06-11,3.5,30.9,232
162,0.0,20110612,1.7,2011,10.0,6,16.4,0.0,23.2,12,54.5,2011-06-12,4.8,31.2,232
163,0.1,20110613,2.1,2011,8.9,6,18.4,0.0,21.8,13,66.0,2011-06-13,4.3,27.0,232
164,0.0,20110614,1.6,2011,9.4,6,16.3,0.0,22.3,14,65.4,2011-06-14,4.8,29.8,232
165,0.0,20110615,1.8,2011,11.0,6,16.5,0.0,23.9,15,57.9,2011-06-15,5.3,30.8,232
166,0.0,20110616,2.3,2011,12.8,6,16.6,0.0,24.6,16,50.6,2011-06-16,0.8,31.2,232
167,0.0,20110617,2.4,2011,5.2,6,18.5,0.0,23.2,17,53.8,2011-06-17,7.5,30.5,232
168,0.0,20110618,1.8,2011,5.1,6,17.9,0.0,23.0,18,61.8,2011-06-18,7.3,28.6,232
169,0.0,20110619,1.7,2011,12.0,6,17.0,0.0,24.9,19,59.5,2011-06-19,0.9,32.5,232
170,0.0,20110620,2.1,2011,12.4,6,19.4,0.0,24.9,20,60.9,2011-06-20,0.4,31.8,232
171,0.0,20110621,1.7,2011,11.7,6,17.5,0.0,24.1,21,64.9,2011-06-21,2.4,31.0,232
172,5.0,20110622,1.8,2011,1.8,6,20.3,0.0,23.8,22,84.3,2011-06-22,9.9,27.8,232
173,28.0,20110623,2.5,2011,0.0,6,23.0,0.0,24.6,23,85.6,2011-06-23,10.0,27.3,232
174,157.5,20110624,1.4,2011,0.0,6,19.7,0.0,21.1,24,92.3,2011-06-24,10.0,23.5,232
175,34.5,20110625,3.2,2011,0.0,6,19.3,0.0,20.1,25,87.5,2011-06-25,10.0,21.3,232
176,12.5,20110626,4.1,2011,0.6,6,18.9,0.0,22.4,26,79.0,2011-06-26,9.6,27.2,232
177,3.5,20110627,3.1,2011,0.0,6,19.9,0.0,21.1,27,81.6,2011-06-27,9.4,23.2,232
178,1.0,20110628,1.8,2011,9.6,6,17.1,0.0,24.5,28,72.6,2011-06-28,5.8,31.9,232
179,69.0,20110629,2.2,2011,0.0,6,22.0,0.0,23.6,29,86.5,2011-06-29,9.6,28.3,232
180,27.0,20110630,1.9,2011,0.2,6,22.2,0.0,25.3,30,83.9,2011-06-30,9.6,27.9,232
181,0.0,20110701,1.2,2011,2.7,7,22.7,0.0,25.4,1,82.0,2011-07-01,7.6,30.6,232
182,13.0,20110702,1.0,2011,1.1,7,22.8,0.0,26.1,2,84.1,2011-07-02,8.5,31.2,232
183,85.0,20110703,2.3,2011,0.0,7,22.0,0.0,24.3,3,89.8,2011-07-03,10.0,26.7,232
184,4.0,20110704,2.3,2011,10.8,7,19.8,0.0,24.1,4,77.3,2011-07-04,4.0,29.3,232
185,0.0,20110705,1.7,2011,10.2,7,18.1,0.0,23.9,5,74.9,2011-07-05,2.9,31.3,232
186,0.0,20110706,1.2,2011,3.8,7,18.4,0.0,24.2,6,75.4,2011-07-06,7.6,30.3,232
187,59.5,20110707,2.0,2011,0.0,7,22.6,0.0,24.1,7,88.3,2011-07-07,10.0,25.8,232
188,37.5,20110708,1.2,2011,0.0,7,22.2,0.0,23.3,8,91.3,2011-07-08,10.0,25.3,232
189,23.5,20110709,1.6,2011,0.4,7,22.4,0.0,24.7,9,86.8,2011-07-09,9.3,27.7,232
190,30.0,20110710,1.9,2011,0.0,7,21.1,0.0,22.6,10,89.9,2011-07-10,10.0,24.6,232
191,68.5,20110711,2.1,2011,0.0,7,20.4,0.0,21.3,11,91.8,2011-07-11,10.0,22.8,232
192,68.0,20110712,1.7,2011,0.0,7,21.0,0.0,23.3,12,91.3,2011-07-12,10.0,25.5,232
193,1.5,20110713,2.0,2011,0.0,7,23.1,0.0,25.0,13,87.9,2011-07-13,10.0,26.6,232
194,25.0,20110714,2.0,2011,0.1,7,24.0,0.0,25.7,14,86.9,2011-07-14,10.0,30.2,232
195,18.0,20110715,2.2,2011,0.8,7,23.2,0.0,25.5,15,86.8,2011-07-15,9.9,29.9,232
196,8.5,20110716,1.5,2011,2.6,7,23.8,0.0,26.3,16,86.3,2011-07-16,8.3,30.5,232
197,0.0,20110717,1.8,2011,2.8,7,24.5,0.0,27.1,17,81.6,2011-07-17,7.8,32.3,232
198,0.0,20110718,2.1,2011,10.7,7,22.6,0.0,28.2,18,71.4,2011-07-18,3.1,33.7,232
199,0.0,20110719,3.5,2011,11.9,7,22.7,0.0,28.4,19,63.3,2011-07-19,2.3,33.1,232
200,0.0,20110720,2.3,2011,13.0,7,21.8,0.0,27.9,20,59.0,2011-07-20,1.1,33.1,232
201,0.0,20110721,2.0,2011,9.0,7,21.7,0.0,27.0,21,69.1,2011-07-21,5.5,33.1,232
202,1.0,20110722,1.7,2011,0.0,7,22.2,0.0,24.2,22,87.0,2011-07-22,9.6,27.0,232
203,0.1,20110723,1.0,2011,1.8,7,22.8,0.0,26.0,23,82.0,2011-07-23,7.6,30.2,232
204,49.0,20110724,1.4,2011,0.2,7,23.2,0.0,24.6,24,90.4,2011-07-24,9.9,27.2,232
205,0.0,20110725,1.7,2011,1.7,7,23.0,0.0,26.3,25,81.1,2011-07-25,8.4,30.3,232
206,15.5,20110726,2.6,2011,1.1,7,23.9,0.0,26.6,26,80.9,2011-07-26,9.0,30.9,232
207,56.0,20110727,2.2,2011,0.7,7,24.8,0.0,27.9,27,79.3,2011-07-27,8.6,30.5,232
208,0.0,20110728,2.8,2011,2.7,7,25.3,0.0,27.9,28,74.1,2011-07-28,7.9,31.4,232
209,57.5,20110729,1.2,2011,1.3,7,24.4,0.0,26.4,29,86.6,2011-07-29,9.1,30.2,232
210,13.5,20110730,1.4,2011,4.7,7,24.6,0.0,27.5,30,82.4,2011-07-30,8.3,32.2,232
211,10.5,20110731,1.7,2011,0.3,7,24.3,0.0,26.4,31,86.3,2011-07-31,9.4,29.1,232
212,1.0,20110801,1.8,2011,0.2,8,24.2,0.0,26.4,1,84.9,2011-08-01,9.3,29.4,232
213,0.0,20110802,1.6,2011,4.6,8,24.0,0.0,27.4,2,79.8,2011-08-02,6.4,31.9,232
214,19.0,20110803,2.2,2011,3.1,8,23.6,0.0,26.5,3,81.4,2011-08-03,7.9,31.6,232
215,0.0,20110804,1.9,2011,1.1,8,23.9,0.0,27.0,4,83.4,2011-08-04,8.0,32.1,232
216,0.0,20110805,1.5,2011,10.8,8,23.8,0.0,29.0,5,72.5,2011-08-05,2.5,34.3,232
217,0.0,20110806,2.6,2011,3.2,8,24.6,0.0,28.5,6,72.9,2011-08-06,6.9,31.5,232
218,20.5,20110807,4.8,2011,2.9,8,24.1,0.0,28.0,7,72.8,2011-08-07,8.4,32.3,232
219,27.0,20110808,5.0,2011,0.0,8,24.0,0.0,26.2,8,78.5,2011-08-08,8.9,28.1,232
220,16.0,20110809,2.0,2011,0.5,8,22.6,0.0,24.2,9,89.4,2011-08-09,8.8,26.6,232
221,0.0,20110810,1.7,2011,0.5,8,24.2,0.0,26.1,10,87.0,2011-08-10,9.1,28.5,232
222,0.5,20110811,1.8,2011,5.8,8,24.1,0.0,27.1,11,84.1,2011-08-11,8.3,31.7,232
223,53.5,20110812,1.4,2011,0.1,8,24.0,0.0,25.4,12,89.9,2011-08-12,9.6,29.9,232
224,13.0,20110813,1.6,2011,0.3,8,24.2,0.0,26.0,13,85.9,2011-08-13,8.5,28.5,232
225,9.5,20110814,1.8,2011,2.5,8,23.9,0.0,26.4,14,86.0,2011-08-14,8.3,31.1,232
226,0.0,20110815,1.1,2011,1.0,8,22.8,0.0,25.9,15,86.0,2011-08-15,7.6,30.5,232
227,27.0,20110816,1.7,2011,1.4,8,23.9,0.0,26.7,16,86.9,2011-08-16,8.9,30.4,232
228,73.5,20110817,1.2,2011,0.0,8,23.7,0.0,25.4,17,91.9,2011-08-17,10.0,27.0,232
229,1.5,20110818,2.0,2011,3.3,8,23.1,0.0,25.1,18,85.0,2011-08-18,7.8,29.7,232
230,1.0,20110819,1.4,2011,0.0,8,21.4,0.0,24.0,19,85.4,2011-08-19,9.4,27.8,232
231,3.0,20110820,0.9,2011,0.9,8,19.0,0.0,21.4,20,88.3,2011-08-20,8.0,24.7,232
232,0.0,20110821,1.0,2011,6.4,8,18.3,0.0,22.9,21,80.9,2011-08-21,5.8,29.6,232
233,0.0,20110822,1.8,2011,5.3,8,18.5,0.0,22.7,22,78.1,2011-08-22,5.5,27.7,232
234,0.0,20110823,1.6,2011,8.7,8,16.7,0.0,22.2,23,74.1,2011-08-23,4.9,28.2,232
235,0.2,20110824,1.7,2011,2.3,8,18.0,0.0,22.5,24,75.1,2011-08-24,8.6,27.2,232
236,2.0,20110825,1.5,2011,2.8,8,20.3,0.0,24.0,25,79.4,2011-08-25,8.0,29.1,232
237,0.0,20110826,2.5,2011,1.7,8,21.1,0.0,24.7,26,75.1,2011-08-26,8.4,28.0,232
238,0.0,20110827,2.4,2011,6.9,8,22.0,0.0,25.9,27,74.5,2011-08-27,6.1,30.1,232
239,0.0,20110828,1.8,2011,9.3,8,22.8,0.0,26.1,28,75.8,2011-08-28,4.8,32.3,232
240,0.0,20110829,1.6,2011,5.4,8,21.9,0.0,26.1,29,79.4,2011-08-29,5.9,33.0,232
241,0.0,20110830,1.3,2011,0.6,8,22.8,0.0,25.6,30,82.5,2011-08-30,9.0,30.7,232
242,0.0,20110831,1.4,2011,9.8,8,21.5,0.0,26.4,31,74.1,2011-08-31,3.5,32.8,232
243,0.0,20110901,1.9,2011,10.9,9,19.2,0.0,25.1,1,76.9,2011-09-01,0.4,31.5,232
244,0.0,20110902,1.8,2011,9.1,9,20.6,0.0,26.2,2,68.6,2011-09-02,0.8,32.0,232
245,0.0,20110903,3.1,2011,10.6,9,19.1,0.0,25.0,3,57.8,2011-09-03,1.5,30.3,232
246,0.0,20110904,2.1,2011,6.0,9,17.5,0.0,23.1,4,59.3,2011-09-04,3.5,29.3,232
247,0.0,20110905,2.1,2011,10.9,9,16.7,0.0,21.6,5,67.0,2011-09-05,1.4,28.7,232
248,0.0,20110906,1.9,2011,12.1,9,15.3,0.0,21.3,6,67.6,2011-09-06,0.1,29.0,232
249,0.0,20110907,1.2,2011,4.7,9,13.8,0.0,20.9,7,70.4,2011-09-07,4.6,27.4,232
250,0.2,20110908,1.0,2011,0.6,9,19.1,0.0,20.5,8,80.8,2011-09-08,9.1,24.1,232
251,0.5,20110909,0.9,2011,0.0,9,17.1,0.0,19.1,9,86.9,2011-09-09,10.0,20.6,232
252,4.0,20110910,1.7,2011,0.0,9,17.5,0.0,19.4,10,87.9,2011-09-10,10.0,21.2,232
253,81.0,20110911,1.7,2011,0.1,9,18.8,0.0,20.8,11,91.3,2011-09-11,10.0,23.6,232
254,0.5,20110912,1.3,2011,4.2,9,20.9,0.0,23.7,12,81.6,2011-09-12,7.9,29.3,232
255,0.0,20110913,1.2,2011,3.9,9,20.5,0.0,24.4,13,81.8,2011-09-13,7.9,29.7,232
256,0.0,20110914,1.2,2011,4.8,9,21.0,0.0,24.6,14,81.1,2011-09-14,3.5,30.0,232
257,0.0,20110915,1.4,2011,7.5,9,20.4,0.0,24.7,15,78.8,2011-09-15,3.1,31.5,232
258,0.0,20110916,1.2,2011,9.4,9,20.1,0.0,24.8,16,76.9,2011-09-16,2.6,31.1,232
259,47.5,20110917,1.7,2011,5.5,9,20.2,0.0,24.7,17,81.1,2011-09-17,5.1,32.5,232
260,0.5,20110918,2.9,2011,0.2,9,19.0,0.0,21.8,18,75.9,2011-09-18,8.9,25.0,232
261,0.5,20110919,3.7,2011,0.0,9,15.2,0.0,17.3,19,63.4,2011-09-19,8.9,19.2,232
262,0.0,20110920,1.9,2011,4.1,9,11.4,0.0,17.1,20,60.8,2011-09-20,5.8,21.9,232
263,0.0,20110921,2.0,2011,10.0,9,10.2,0.0,16.8,21,63.1,2011-09-21,2.9,23.7,232
264,0.0,20110922,1.7,2011,11.5,9,8.8,0.0,16.0,22,66.8,2011-09-22,0.0,23.7,232
265,0.0,20110923,1.1,2011,10.0,9,10.2,0.0,17.3,23,67.4,2011-09-23,0.8,25.9,232
266,0.0,20110924,2.1,2011,10.4,9,12.6,0.0,17.8,24,66.0,2011-09-24,0.6,26.2,232
267,0.0,20110925,1.0,2011,10.8,9,10.4,0.0,17.3,25,67.6,2011-09-25,1.8,26.3,232
268,0.0,20110926,1.0,2011,11.0,9,9.9,0.0,17.6,26,67.4,2011-09-26,0.4,27.0,232
269,0.0,20110927,2.3,2011,11.3,9,11.4,0.0,18.6,27,60.8,2011-09-27,0.0,26.5,232
270,0.0,20110928,2.1,2011,0.4,9,14.8,0.0,18.6,28,72.3,2011-09-28,8.0,22.8,232
271,18.5,20110929,2.1,2011,0.0,9,16.1,0.0,17.0,29,87.0,2011-09-29,9.6,18.5,232
272,0.0,20110930,4.0,2011,10.4,9,10.9,0.0,15.7,30,55.9,2011-09-30,1.9,19.1,232
273,0.0,20111001,1.9,2011,8.1,10,6.0,0.0,11.3,1,67.9,2011-10-01,3.6,18.0,232
274,0.0,20111002,1.9,2011,4.2,10,5.7,0.0,10.9,2,66.1,2011-10-02,4.5,18.1,232
275,0.0,20111003,1.0,2011,11.0,10,3.1,0.0,11.2,3,62.6,2011-10-03,0.8,20.5,232
276,0.0,20111004,1.4,2011,10.3,10,4.7,0.0,12.9,4,64.3,2011-10-04,2.5,21.6,232
277,0.0,20111005,1.1,2011,3.7,10,9.6,0.0,14.1,5,65.9,2011-10-05,5.3,21.5,232
278,0.0,20111006,2.2,2011,6.4,10,8.8,0.0,14.1,6,69.4,2011-10-06,1.9,22.0,232
279,0.0,20111007,1.4,2011,9.7,10,6.2,0.0,13.8,7,71.5,2011-10-07,0.6,21.5,232
280,0.0,20111008,1.0,2011,9.9,10,6.7,0.0,13.4,8,72.9,2011-10-08,1.3,22.3,232
281,0.0,20111009,1.2,2011,3.1,10,8.0,0.0,14.3,9,77.1,2011-10-09,5.4,22.3,232
282,0.0,20111010,1.0,2011,7.9,10,8.1,0.0,15.2,10,75.1,2011-10-10,5.3,23.5,232
283,0.0,20111011,1.4,2011,6.5,10,7.5,0.0,15.1,11,71.4,2011-10-11,2.8,22.6,232
284,0.0,20111012,1.0,2011,1.6,10,6.3,0.0,12.9,12,72.9,2011-10-12,6.3,20.6,232
285,0.0,20111013,0.8,2011,9.9,10,6.4,0.0,14.3,13,65.6,2011-10-13,2.0,24.9,232
286,5.0,20111014,1.6,2011,0.0,10,11.3,0.0,14.1,14,82.0,2011-10-14,8.9,15.9,232
287,9.0,20111015,2.2,2011,2.4,10,9.6,0.0,14.5,15,80.9,2011-10-15,6.8,20.7,232
288,1.0,20111016,2.5,2011,5.2,10,8.9,0.0,14.4,16,70.3,2011-10-16,3.3,20.6,232
289,0.0,20111017,2.4,2011,10.4,10,5.9,0.0,11.1,17,54.9,2011-10-17,0.6,17.2,232
290,0.0,20111018,1.2,2011,10.3,10,0.1,0.0,7.6,18,55.6,2011-10-18,0.0,16.3,232
291,0.0,20111019,1.4,2011,10.2,10,1.2,0.0,10.7,19,67.6,2011-10-19,1.0,21.6,232
292,0.0,20111020,2.1,2011,5.9,10,9.8,0.0,14.9,20,66.6,2011-10-20,6.1,20.8,232
293,1.0,20111021,1.6,2011,1.4,10,10.6,0.0,15.9,21,70.4,2011-10-21,8.1,21.0,232
294,6.5,20111022,1.3,2011,4.1,10,10.1,0.0,15.1,22,80.0,2011-10-22,5.9,20.3,232
295,0.0,20111023,1.2,2011,4.2,10,8.6,0.0,15.1,23,76.8,2011-10-23,7.9,21.9,232
296,0.0,20111024,3.0,2011,0.0,10,9.9,0.0,13.8,24,68.0,2011-10-24,8.9,17.9,232
297,0.0,20111025,3.2,2011,10.2,10,1.6,0.0,7.4,25,48.4,2011-10-25,0.0,12.3,232
298,0.0,20111026,0.9,2011,10.2,10,-0.9,0.0,6.8,26,61.3,2011-10-26,1.8,16.5,232
299,0.0,20111027,1.4,2011,8.7,10,2.5,0.0,10.4,27,58.9,2011-10-27,4.4,20.1,232
300,0.0,20111028,0.8,2011,3.4,10,7.4,0.0,12.3,28,67.8,2011-10-28,6.3,19.6,232
301,4.0,20111029,1.0,2011,0.0,10,10.2,0.0,12.0,29,85.9,2011-10-29,9.3,13.9,232
302,0.0,20111030,1.8,2011,8.0,10,8.3,0.0,13.5,30,74.0,2011-10-30,2.4,20.2,232
303,0.0,20111031,0.8,2011,8.4,10,4.8,0.0,11.8,31,66.1,2011-10-31,3.1,21.7,232
304,0.0,20111101,1.2,2011,9.7,11,6.9,0.0,14.4,1,59.4,2011-11-01,2.8,23.4,232
305,0.0,20111102,1.1,2011,2.8,11,10.0,0.0,15.2,2,60.9,2011-11-02,5.9,23.4,232
306,0.0,20111103,1.0,2011,8.6,11,8.0,0.0,15.8,3,71.5,2011-11-03,1.1,25.3,232
307,2.0,20111104,2.0,2011,5.8,11,14.2,0.0,19.9,4,69.8,2011-11-04,7.4,25.2,232
308,5.5,20111105,1.0,2011,0.8,11,15.8,0.0,18.8,5,81.6,2011-11-05,8.6,22.8,232
309,2.5,20111106,1.4,2011,0.0,11,14.3,0.0,16.1,6,87.1,2011-11-06,10.0,18.7,232
310,0.0,20111107,1.2,2011,0.6,11,11.3,0.0,14.5,7,83.1,2011-11-07,7.9,18.9,232
311,0.4,20111108,1.3,2011,2.9,11,10.1,0.0,14.6,8,79.6,2011-11-08,7.9,19.4,232
312,0.0,20111109,2.3,2011,1.5,11,10.7,0.0,14.6,9,66.5,2011-11-09,7.3,17.6,232
313,0.0,20111110,2.4,2011,4.6,11,8.1,0.0,13.9,10,61.1,2011-11-10,6.8,17.5,232
314,1.5,20111111,1.3,2011,1.4,11,9.4,0.0,12.4,11,77.6,2011-11-11,7.6,18.9,232
315,0.0,20111112,1.3,2011,4.0,11,7.4,0.0,11.2,12,75.4,2011-11-12,5.8,16.6,232
316,0.0,20111113,2.2,2011,4.7,11,7.2,0.0,11.3,13,60.5,2011-11-13,4.1,15.9,232
317,0.0,20111114,2.2,2011,9.4,11,1.3,0.0,6.2,14,57.6,2011-11-14,0.5,12.0,232
318,0.0,20111115,1.0,2011,8.6,11,-0.7,0.0,5.0,15,65.3,2011-11-15,1.5,12.8,232
319,0.0,20111116,1.5,2011,6.7,11,-0.1,0.0,8.0,16,59.3,2011-11-16,4.0,17.3,232
320,0.0,20111117,2.0,2011,0.5,11,6.8,0.0,13.2,17,52.4,2011-11-17,8.3,17.5,232
321,14.0,20111118,2.5,2011,3.6,11,11.6,0.0,16.1,18,82.1,2011-11-18,8.9,20.9,232
322,1.5,20111119,4.1,2011,0.5,11,6.4,0.0,11.9,19,79.3,2011-11-19,7.1,16.6,232
323,0.0,20111120,4.7,2011,7.4,11,-0.3,0.0,2.7,20,47.4,2011-11-20,2.8,6.7,232
324,0.0,20111121,1.5,2011,9.3,11,-4.1,0.0,0.7,21,56.1,2011-11-21,0.6,7.0,232
325,0.0,20111122,2.5,2011,0.9,11,-1.0,0.0,5.5,22,50.6,2011-11-22,9.1,8.4,232
326,3.5,20111123,4.1,2011,0.7,11,1.4,0.0,5.0,23,71.3,2011-11-23,8.5,9.4,232
327,0.0,20111124,3.1,2011,9.1,11,-2.2,0.0,0.7,24,54.9,2011-11-24,3.5,4.0,232
328,0.0,20111125,0.9,2011,6.4,11,-1.3,0.0,2.6,25,65.0,2011-11-25,2.3,9.4,232
329,0.0,20111126,2.8,2011,0.1,11,-1.1,0.0,6.4,26,64.3,2011-11-26,7.9,11.6,232
330,0.0,20111127,3.0,2011,0.7,11,8.9,0.0,12.5,27,69.4,2011-11-27,6.5,18.8,232
331,0.0,20111128,2.1,2011,6.1,11,9.1,0.0,13.3,28,77.6,2011-11-28,2.4,21.5,232
332,0.4,20111129,1.3,2011,0.0,11,7.8,0.0,11.7,29,91.8,2011-11-29,8.1,15.3,232
333,34.5,20111130,2.8,2011,0.0,11,4.3,0.0,6.7,30,85.1,2011-11-30,9.5,12.1,232
334,0.0,20111201,2.6,2011,0.3,12,4.8,0.0,6.6,1,65.6,2011-12-01,8.3,8.8,232
335,0.4,20111202,2.5,2011,0.0,12,2.4,0.0,6.5,2,65.0,2011-12-02,9.4,9.5,232
336,5.0,20111203,2.0,2011,2.8,12,2.9,0.0,5.9,3,82.9,2011-12-03,6.1,10.1,232
337,0.0,20111204,2.2,2011,3.2,12,-0.4,0.0,4.7,4,62.0,2011-12-04,5.1,7.6,232
338,0.0,20111205,1.6,2011,7.0,12,-3.3,0.0,1.4,5,49.3,2011-12-05,4.6,6.7,232
339,0.0,20111206,1.5,2011,2.9,12,0.2,0.0,3.5,6,54.0,2011-12-06,7.1,8.2,232
340,0.0,20111207,1.7,2011,0.0,12,1.5,0.0,4.8,7,65.4,2011-12-07,10.0,7.8,232
341,0.0,20111208,4.0,2011,0.5,12,-1.9,0.0,2.2,8,61.8,2011-12-08,8.8,5.3,232
342,0.1,20111209,1.9,2011,1.7,12,-4.3,0.2,-1.9,9,72.1,2011-12-09,5.4,0.8,232
343,0.1,20111210,1.6,2011,2.7,12,-5.7,0.2,-1.6,10,75.4,2011-12-10,6.8,2.8,232
344,0.0,20111211,1.5,2011,1.4,12,-0.2,0.0,3.2,11,78.6,2011-12-11,8.0,6.4,232
345,0.0,20111212,1.7,2011,5.4,12,-1.4,0.0,4.6,12,59.6,2011-12-12,4.8,9.1,232
346,0.0,20111213,1.0,2011,8.3,12,-5.2,0.0,0.2,13,68.4,2011-12-13,1.1,8.5,232
347,0.0,20111214,1.8,2011,2.3,12,-4.6,0.0,2.2,14,67.8,2011-12-14,5.3,8.3,232
348,0.0,20111215,3.8,2011,8.0,12,-3.4,0.0,-1.6,15,46.1,2011-12-15,4.8,2.5,232
349,0.5,20111216,3.6,2011,4.8,12,-6.5,1.0,-4.8,16,54.0,2011-12-16,4.5,-2.0,232
350,0.0,20111217,1.8,2011,7.4,12,-9.2,0.0,-4.8,17,59.8,2011-12-17,3.4,0.1,232
351,0.0,20111218,1.9,2011,6.2,12,-6.4,0.0,-1.6,18,64.8,2011-12-18,4.0,2.5,232
352,0.0,20111219,0.8,2011,3.2,12,-8.5,0.0,-3.9,19,70.5,2011-12-19,1.8,2.1,232
353,0.0,20111220,0.9,2011,6.7,12,-8.6,0.0,-1.7,20,65.4,2011-12-20,3.1,5.0,232
354,0.0,20111221,2.2,2011,0.6,12,0.0,0.0,2.8,21,64.9,2011-12-21,9.0,7.3,232
355,0.5,20111222,4.6,2011,8.3,12,-6.8,0.0,-3.3,22,42.8,2011-12-22,2.4,1.9,232
356,0.3,20111223,2.1,2011,8.3,12,-11.6,0.7,-5.5,23,44.5,2011-12-23,1.3,0.0,232
357,3.5,20111224,3.0,2011,5.3,12,-7.9,5.8,-3.9,24,62.6,2011-12-24,3.9,-1.2,232
358,0.0,20111225,2.7,2011,8.4,12,-9.9,0.0,-5.5,25,45.8,2011-12-25,0.3,-2.1,232
359,0.0,20111226,2.4,2011,8.4,12,-13.4,0.0,-7.6,26,55.0,2011-12-26,0.0,-1.9,232
360,0.0,20111227,0.8,2011,8.1,12,-12.3,0.0,-5.6,27,58.5,2011-12-27,1.3,1.8,232
361,0.0,20111228,1.1,2011,5.4,12,-8.5,0.0,-1.3,28,64.1,2011-12-28,5.9,5.2,232
362,0.1,20111229,2.1,2011,6.3,12,-6.5,0.0,-0.7,29,71.9,2011-12-29,3.9,2.8,232
363,0.0,20111230,1.1,2011,7.8,12,-9.4,0.0,-4.7,30,76.6,2011-12-30,0.0,2.2,232
364,0.0,20111231,0.7,2011,3.6,12,-9.6,0.0,-2.5,31,70.1,2011-12-31,5.3,2.5,232
