,tmin,tmax,Date,wind,date,day,cloud,station_id,humid,rainfall,snow,sunshine,month,year,tavg
0,-3.1,8.9,2014-01-01,2.4,20140101,1,0.3,232,64.1,0.0,0.0,8.5,1,2014,3.5
1,-3.4,7.3,2014-01-02,1.4,20140102,2,1.6,232,57.0,0.0,0.0,8.6,1,2014,1.2
2,-3.5,10.3,2014-01-03,1.2,20140103,3,5.1,232,60.6,0.0,0.0,4.4,1,2014,2.3
3,-3.8,4.8,2014-01-04,1.7,20140104,4,0.4,232,67.1,0.0,0.0,8.7,1,2014,-0.2
4,-6.1,4.0,2014-01-05,1.4,20140105,5,0.4,232,69.9,0.0,0.0,8.2,1,2014,-1.4
5,-6.0,8.1,2014-01-06,0.9,20140106,6,0.3,232,69.4,0.0,0.0,8.6,1,2014,-0.6
6,-4.3,6.5,2014-01-07,0.9,20140107,7,6.4,232,70.0,0.0,0.0,0.3,1,2014,0.7
7,-3.3,4.3,2014-01-08,3.0,20140108,8,7.4,232,67.3,0.0,0.0,2.7,1,2014,0.7
8,-9.7,-2.9,2014-01-09,3.8,20140109,9,0.0,232,38.6,0.0,0.0,8.9,1,2014,-6.0
9,-10.5,-0.3,2014-01-10,1.4,20140110,10,5.1,232,66.4,0.0,0.0,3.9,1,2014,-4.9
10,-6.4,3.2,2014-01-11,0.8,20140111,11,6.6,232,61.9,0.0,0.0,4.3,1,2014,-1.5
11,-5.8,4.5,2014-01-12,2.5,20140112,12,3.6,232,58.0,0.0,0.0,3.8,1,2014,-1.5
12,-10.9,-0.2,2014-01-13,2.0,20140113,13,0.1,232,43.5,0.0,0.0,9.0,1,2014,-5.8
13,-11.4,2.1,2014-01-14,1.2,20140114,14,0.0,232,57.8,0.0,0.0,9.0,1,2014,-5.2
14,-10.3,2.9,2014-01-15,1.1,20140115,15,0.1,232,68.5,0.0,0.0,8.7,1,2014,-3.9
15,-7.5,4.3,2014-01-16,1.1,20140116,16,6.3,232,74.4,0.0,0.0,1.4,1,2014,-1.6
16,-6.5,5.4,2014-01-17,0.7,20140117,17,2.3,232,74.3,0.0,0.0,5.5,1,2014,-1.3
17,-4.7,2.8,2014-01-18,3.4,20140118,18,3.4,232,50.0,0.0,0.0,7.0,1,2014,-0.7
18,-10.2,3.4,2014-01-19,1.3,20140119,19,4.0,232,52.8,0.0,0.0,7.0,1,2014,-2.5
19,-2.6,5.6,2014-01-20,3.3,20140120,20,8.1,232,80.6,1.4,1.3,1.3,1,2014,0.0
20,-5.2,-2.2,2014-01-21,2.6,20140121,21,7.8,232,71.9,1.0,2.9,2.7,1,2014,-3.8
21,-9.8,2.2,2014-01-22,1.3,20140122,22,1.1,232,72.5,0.0,0.0,8.9,1,2014,-3.7
22,-8.1,6.6,2014-01-23,1.1,20140123,23,0.1,232,74.9,0.0,0.0,9.0,1,2014,-1.9
23,-4.7,10.1,2014-01-24,2.2,20140124,24,7.6,232,65.0,0.0,0.0,2.4,1,2014,4.6
24,0.8,8.9,2014-01-25,2.8,20140125,25,7.8,232,84.0,1.5,0.0,0.0,1,2014,5.4
25,-5.9,2.3,2014-01-26,3.0,20140126,26,0.0,232,53.0,0.0,0.0,9.6,1,2014,-1.8
26,-8.1,9.1,2014-01-27,1.2,20140127,27,0.0,232,56.1,0.0,0.0,9.5,1,2014,-1.2
27,-5.3,4.6,2014-01-28,2.3,20140128,28,4.6,232,63.6,0.5,0.0,6.5,1,2014,0.7
28,-8.0,9.6,2014-01-29,1.5,20140129,29,4.8,232,52.8,0.0,0.0,6.7,1,2014,1.2
29,-1.3,6.5,2014-01-30,1.7,20140130,30,6.9,232,82.4,0.5,0.0,0.1,1,2014,3.7
30,-5.3,9.7,2014-01-31,1.6,20140131,31,1.6,232,54.9,0.0,0.0,9.3,1,2014,1.8
31,3.9,11.4,2014-02-01,2.4,20140201,1,9.3,232,58.4,12.5,0.0,0.0,2,2014,7.0
32,4.6,10.0,2014-02-02,1.8,20140202,2,9.3,232,95.4,0.2,0.0,0.0,2,2014,6.8
33,-6.6,4.6,2014-02-03,4.7,20140203,3,3.8,232,48.3,0.0,0.0,5.2,2,2014,-1.6
34,-8.3,-3.6,2014-02-04,3.9,20140204,4,0.6,232,32.6,0.0,0.0,9.7,2,2014,-5.8
35,-7.6,-0.4,2014-02-05,1.7,20140205,5,5.5,232,36.9,0.0,0.0,6.1,2,2014,-4.2
36,-5.5,3.9,2014-02-06,1.2,20140206,6,6.1,232,50.5,0.0,0.0,5.8,2,2014,-1.8
37,-5.1,7.8,2014-02-07,2.3,20140207,7,7.9,232,55.8,0.0,0.0,5.3,2,2014,2.2
38,0.0,5.0,2014-02-08,2.7,20140208,8,10.0,232,71.8,1.5,0.9,0.1,2,2014,2.6
39,-1.7,0.9,2014-02-09,3.1,20140209,9,8.9,232,80.1,0.1,0.0,0.0,2,2014,-0.8
40,-2.1,3.5,2014-02-10,1.4,20140210,10,6.9,232,75.3,0.8,2.1,2.8,2,2014,0.3
41,-3.5,5.8,2014-02-11,2.6,20140211,11,1.5,232,53.3,0.0,0.0,10.1,2,2014,0.7
42,-1.3,6.8,2014-02-12,1.9,20140212,12,5.5,232,56.5,0.0,0.0,5.5,2,2014,2.0
43,-2.4,7.3,2014-02-13,1.0,20140213,13,7.4,232,67.5,0.0,0.0,5.2,2,2014,1.7
44,-2.2,6.6,2014-02-14,2.0,20140214,14,4.3,232,58.4,0.0,0.0,7.1,2,2014,2.1
45,-4.1,8.7,2014-02-15,1.2,20140215,15,0.0,232,64.9,0.0,0.0,9.9,2,2014,1.5
46,-3.9,7.8,2014-02-16,1.1,20140216,16,6.0,232,68.8,0.0,0.0,3.5,2,2014,1.5
47,-1.0,9.3,2014-02-17,0.9,20140217,17,8.3,232,65.3,0.0,0.0,1.6,2,2014,3.3
48,-1.5,7.1,2014-02-18,1.9,20140218,18,5.5,232,55.0,0.0,0.0,4.5,2,2014,2.6
49,-3.5,8.7,2014-02-19,1.9,20140219,19,3.4,232,51.6,0.0,0.0,8.7,2,2014,1.9
50,-4.1,5.6,2014-02-20,1.9,20140220,20,1.0,232,71.1,0.0,0.0,8.0,2,2014,0.1
51,-6.1,7.0,2014-02-21,1.5,20140221,21,0.0,232,63.1,0.0,0.0,10.2,2,2014,0.0
52,-5.1,7.9,2014-02-22,1.3,20140222,22,0.3,232,66.8,0.0,0.0,8.5,2,2014,0.8
53,-4.5,9.0,2014-02-23,1.1,20140223,23,0.0,232,64.5,0.0,0.0,7.6,2,2014,1.6
54,-3.7,10.8,2014-02-24,1.2,20140224,24,0.0,232,65.9,0.0,0.0,7.3,2,2014,2.8
55,-3.2,12.7,2014-02-25,1.1,20140225,25,2.1,232,64.9,0.0,0.0,7.6,2,2014,4.1
56,-2.1,14.0,2014-02-26,1.8,20140226,26,5.0,232,65.9,0.0,0.0,4.4,2,2014,5.3
57,-0.3,15.1,2014-02-27,2.2,20140227,27,5.5,232,69.1,0.0,0.0,6.1,2,2014,6.9
58,1.3,14.3,2014-02-28,1.9,20140228,28,6.9,232,70.8,0.0,0.0,7.1,2,2014,6.2
59,1.5,9.4,2014-03-01,2.0,20140301,1,8.6,232,62.3,0.0,0.0,0.6,3,2014,5.6
60,-1.2,10.3,2014-03-02,2.5,20140302,2,1.0,232,55.9,0.0,0.0,9.6,3,2014,3.5
61,-4.3,12.6,2014-03-03,1.4,20140303,3,0.0,232,45.4,0.0,0.0,10.3,3,2014,4.0
62,-2.6,11.4,2014-03-04,1.8,20140304,4,4.5,232,52.1,0.0,0.0,4.5,3,2014,4.6
63,-0.3,6.1,2014-03-05,5.4,20140305,5,1.1,232,41.5,0.0,0.0,10.8,3,2014,2.3
64,-5.6,6.6,2014-03-06,2.9,20140306,6,1.5,232,40.8,0.0,0.0,8.3,3,2014,1.3
65,-6.9,5.6,2014-03-07,3.0,20140307,7,1.9,232,37.8,0.0,0.0,10.5,3,2014,-0.3
66,-4.2,7.8,2014-03-08,1.7,20140308,8,4.9,232,49.9,0.0,0.0,9.0,3,2014,1.6
67,-1.3,5.0,2014-03-09,3.7,20140309,9,4.3,232,61.1,5.8,0.6,7.6,3,2014,1.9
68,-5.6,7.9,2014-03-10,2.3,20140310,10,0.0,232,49.6,0.0,0.0,11.1,3,2014,1.5
69,-4.4,13.8,2014-03-11,2.0,20140311,11,0.0,232,50.4,0.0,0.0,10.2,3,2014,3.7
70,-1.9,7.0,2014-03-12,1.2,20140312,12,8.8,232,79.8,23.5,0.0,0.3,3,2014,4.2
71,0.2,6.5,2014-03-13,2.0,20140313,13,9.5,232,81.8,1.0,0.0,0.0,3,2014,4.3
72,-1.8,9.1,2014-03-14,2.1,20140314,14,3.4,232,71.8,0.0,0.0,9.4,3,2014,2.5
73,-1.8,14.7,2014-03-15,2.8,20140315,15,0.0,232,59.6,0.0,0.0,9.8,3,2014,6.9
74,3.2,18.6,2014-03-16,1.4,20140316,16,0.5,232,66.6,0.0,0.0,9.3,3,2014,10.3
75,5.2,21.3,2014-03-17,3.1,20140317,17,4.5,232,68.4,0.0,0.0,8.0,3,2014,14.2
76,5.9,16.0,2014-03-18,3.1,20140318,18,6.6,232,66.8,0.0,0.0,6.2,3,2014,11.1
77,6.2,12.1,2014-03-19,1.9,20140319,19,9.1,232,65.8,0.0,0.0,0.1,3,2014,9.2
78,1.6,10.7,2014-03-20,4.2,20140320,20,7.1,232,68.4,0.3,0.0,7.6,3,2014,6.4
79,-0.3,10.3,2014-03-21,3.0,20140321,21,0.3,232,55.1,0.0,0.0,11.4,3,2014,4.8
80,-1.2,16.9,2014-03-22,1.8,20140322,22,0.0,232,54.1,0.0,0.0,11.1,3,2014,7.6
81,1.5,18.3,2014-03-23,2.1,20140323,23,0.0,232,59.5,0.0,0.0,9.7,3,2014,8.9
82,-0.3,17.9,2014-03-24,1.9,20140324,24,4.0,232,53.5,0.0,0.0,8.5,3,2014,10.4
83,12.2,19.5,2014-03-25,1.8,20140325,25,10.0,232,63.8,1.0,0.0,0.0,3,2014,15.1
84,8.6,20.2,2014-03-26,1.9,20140326,26,5.0,232,72.8,3.0,0.0,5.5,3,2014,14.1
85,3.6,21.5,2014-03-27,1.6,20140327,27,1.0,232,75.0,0.0,0.0,6.7,3,2014,11.3
86,8.1,25.8,2014-03-28,1.8,20140328,28,5.3,232,53.4,0.0,0.0,8.9,3,2014,16.8
87,11.5,16.3,2014-03-29,1.8,20140329,29,9.6,232,71.3,0.3,0.0,0.1,3,2014,14.4
88,9.5,19.2,2014-03-30,2.8,20140330,30,3.4,232,67.3,6.0,0.0,10.2,3,2014,14.1
89,4.6,20.1,2014-03-31,1.5,20140331,31,3.1,232,57.1,0.0,0.0,9.1,3,2014,12.0
90,3.3,23.7,2014-04-01,1.5,20140401,1,0.4,232,42.0,0.0,0.0,10.6,4,2014,13.1
91,6.5,24.0,2014-04-02,1.6,20140402,2,2.8,232,34.6,0.0,0.0,10.2,4,2014,14.1
92,4.9,18.3,2014-04-03,2.3,20140403,3,6.6,232,59.6,2.5,0.0,6.6,4,2014,9.2
93,1.7,11.7,2014-04-04,3.2,20140404,4,2.0,232,47.9,0.0,0.0,12.0,4,2014,6.8
94,-1.8,11.7,2014-04-05,2.6,20140405,5,2.6,232,60.4,0.5,0.0,8.0,4,2014,4.7
95,2.6,13.6,2014-04-06,3.8,20140406,6,0.4,232,42.5,0.0,0.0,12.1,4,2014,7.4
96,3.3,19.1,2014-04-07,2.8,20140407,7,3.5,232,51.4,0.0,0.0,10.1,4,2014,10.4
97,0.1,20.8,2014-04-08,1.7,20140408,8,0.0,232,50.3,0.0,0.0,11.7,4,2014,10.9
98,5.9,18.5,2014-04-09,2.3,20140409,9,2.5,232,79.3,0.0,0.0,7.9,4,2014,11.0
99,8.5,19.9,2014-04-10,2.0,20140410,10,6.6,232,66.4,0.0,0.0,7.4,4,2014,12.8
100,9.3,18.9,2014-04-11,2.0,20140411,11,7.4,232,53.1,0.0,0.0,1.7,4,2014,13.8
101,9.9,18.7,2014-04-12,1.4,20140412,12,9.3,232,69.9,0.0,0.0,1.3,4,2014,13.8
102,9.5,22.2,2014-04-13,1.4,20140413,13,6.0,232,62.9,0.1,0.0,5.1,4,2014,15.2
103,6.0,22.8,2014-04-14,2.0,20140414,14,0.0,232,50.0,0.0,0.0,11.0,4,2014,14.8
104,5.6,22.9,2014-04-15,2.1,20140415,15,5.0,232,65.5,0.0,0.0,7.9,4,2014,14.8
105,9.6,24.2,2014-04-16,2.0,20140416,16,4.6,232,61.8,0.0,0.0,7.8,4,2014,16.2
106,4.7,21.9,2014-04-17,1.1,20140417,17,6.8,232,61.1,5.5,0.0,5.0,4,2014,13.5
107,10.4,22.7,2014-04-18,1.5,20140418,18,5.1,232,62.6,0.0,0.0,8.4,4,2014,15.6
108,9.5,19.0,2014-04-19,3.4,20140419,19,7.3,232,51.4,0.0,0.0,4.3,4,2014,14.1
109,9.1,21.8,2014-04-20,2.5,20140420,20,4.8,232,44.8,0.0,0.0,10.6,4,2014,14.5
110,8.3,21.7,2014-04-21,1.8,20140421,21,3.9,232,52.1,0.0,0.0,9.4,4,2014,14.7
111,5.7,22.5,2014-04-22,1.9,20140422,22,2.1,232,47.1,0.0,0.0,9.4,4,2014,13.9
112,5.4,24.8,2014-04-23,1.7,20140423,23,1.0,232,45.6,0.0,0.0,11.3,4,2014,15.8
113,8.4,26.8,2014-04-24,1.4,20140424,24,1.1,232,52.0,0.0,0.0,9.1,4,2014,16.8
114,7.2,27.0,2014-04-25,1.5,20140425,25,0.0,232,40.8,0.0,0.0,11.0,4,2014,16.8
115,9.0,25.4,2014-04-26,1.8,20140426,26,8.0,232,42.4,0.0,0.0,3.6,4,2014,17.7
116,13.7,17.3,2014-04-27,1.6,20140427,27,10.0,232,84.0,10.0,0.0,0.0,4,2014,15.3
117,12.3,15.2,2014-04-28,3.4,20140428,28,10.0,232,82.8,26.5,0.0,0.0,4,2014,13.7
118,12.0,20.2,2014-04-29,2.4,20140429,29,8.6,232,65.9,17.0,0.0,2.9,4,2014,15.7
119,9.1,20.9,2014-04-30,1.4,20140430,30,4.5,232,68.8,0.0,0.0,5.8,4,2014,15.1
120,9.1,22.8,2014-05-01,2.1,20140501,1,0.0,232,64.5,0.0,0.0,12.0,5,2014,15.6
121,8.5,26.5,2014-05-02,3.3,20140502,2,5.1,232,67.6,0.1,0.0,9.4,5,2014,15.5
122,8.3,19.9,2014-05-03,3.5,20140503,3,1.0,232,52.3,0.0,0.0,12.9,5,2014,13.5
123,7.9,20.7,2014-05-04,2.8,20140504,4,7.4,232,59.6,1.0,0.0,5.6,5,2014,12.5
124,6.1,17.0,2014-05-05,3.1,20140505,5,1.1,232,50.0,0.0,0.0,12.6,5,2014,11.4
125,4.5,20.6,2014-05-06,2.0,20140506,6,0.0,232,47.6,0.0,0.0,12.8,5,2014,12.7
126,6.9,23.7,2014-05-07,3.2,20140507,7,5.5,232,38.1,0.5,0.0,11.5,5,2014,16.5
127,9.8,17.7,2014-05-08,3.3,20140508,8,5.5,232,75.0,1.5,0.0,7.8,5,2014,14.4
128,7.5,23.2,2014-05-09,1.4,20140509,9,0.0,232,61.3,0.0,0.0,11.5,5,2014,15.3
129,11.9,27.4,2014-05-10,2.6,20140510,10,0.4,232,34.0,0.0,0.0,12.6,5,2014,19.8
130,14.6,23.5,2014-05-11,4.0,20140511,11,8.1,232,48.6,17.0,0.0,0.4,5,2014,18.3
131,14.4,22.5,2014-05-12,3.0,20140512,12,4.3,232,65.4,8.0,0.0,10.2,5,2014,17.7
132,12.9,28.2,2014-05-13,2.8,20140513,13,1.3,232,58.5,0.0,0.0,11.8,5,2014,20.4
133,13.9,27.3,2014-05-14,1.9,20140514,14,5.0,232,55.6,0.0,0.0,9.7,5,2014,19.5
134,14.9,24.1,2014-05-15,3.6,20140515,15,2.4,232,53.5,0.0,0.0,10.6,5,2014,18.6
135,10.0,26.8,2014-05-16,1.7,20140516,16,0.9,232,50.6,0.0,0.0,11.7,5,2014,18.5
136,12.0,26.6,2014-05-17,1.5,20140517,17,3.0,232,57.6,0.0,0.0,11.7,5,2014,19.3
137,11.7,27.1,2014-05-18,1.6,20140518,18,3.4,232,56.9,0.0,0.0,10.0,5,2014,19.5
138,11.6,26.9,2014-05-19,1.6,20140519,19,3.9,232,58.0,0.0,0.0,7.9,5,2014,19.2
139,14.6,26.3,2014-05-20,1.2,20140520,20,6.3,232,56.0,0.0,0.0,4.0,5,2014,19.5
140,13.1,24.7,2014-05-21,2.6,20140521,21,2.1,232,67.1,0.0,0.0,7.9,5,2014,18.4
141,11.7,29.5,2014-05-22,1.7,20140522,22,0.0,232,62.9,0.0,0.0,12.1,5,2014,20.5
142,17.6,27.9,2014-05-23,2.1,20140523,23,3.5,232,69.4,0.0,0.0,7.8,5,2014,21.7
143,16.7,29.5,2014-05-24,1.9,20140524,24,7.6,232,65.0,0.0,0.0,5.7,5,2014,21.8
144,19.0,25.7,2014-05-25,2.2,20140525,25,9.5,232,76.6,4.0,0.0,1.1,5,2014,20.6
145,15.6,25.9,2014-05-26,3.2,20140526,26,3.4,232,53.5,2.5,0.0,11.2,5,2014,21.0
146,15.8,30.6,2014-05-27,3.1,20140527,27,0.5,232,36.3,0.0,0.0,12.2,5,2014,24.1
147,18.3,30.2,2014-05-28,2.7,20140528,28,3.0,232,52.0,0.0,0.0,10.5,5,2014,24.1
148,15.6,31.4,2014-05-29,1.9,20140529,29,0.0,232,59.0,0.0,0.0,10.9,5,2014,22.8
149,14.7,32.9,2014-05-30,1.6,20140530,30,0.0,232,48.0,0.0,0.0,12.7,5,2014,23.9
150,17.6,33.9,2014-05-31,2.1,20140531,31,1.0,232,46.6,0.0,0.0,11.8,5,2014,25.2
151,17.1,29.3,2014-06-01,1.0,20140601,1,8.0,232,59.1,0.0,0.0,0.6,6,2014,23.7
152,19.4,24.3,2014-06-02,2.6,20140602,2,10.0,232,69.8,4.0,0.0,0.1,6,2014,21.3
153,17.3,22.0,2014-06-03,3.1,20140603,3,9.9,232,81.4,37.0,0.0,0.3,6,2014,19.9
154,20.1,28.1,2014-06-04,3.5,20140604,4,8.0,232,59.0,0.0,0.0,8.0,6,2014,23.5
155,18.5,25.6,2014-06-05,1.8,20140605,5,7.5,232,66.4,0.0,0.0,3.8,6,2014,21.6
156,15.4,30.6,2014-06-06,1.3,20140606,6,0.4,232,60.6,0.0,0.0,12.6,6,2014,22.8
157,17.0,28.6,2014-06-07,1.8,20140607,7,5.4,232,63.8,0.0,0.0,7.9,6,2014,22.7
158,19.2,26.5,2014-06-08,2.0,20140608,8,8.0,232,74.9,0.0,0.0,3.9,6,2014,21.8
159,18.3,28.7,2014-06-09,1.6,20140609,9,6.4,232,73.8,0.0,0.0,7.7,6,2014,22.1
160,17.8,28.9,2014-06-10,2.2,20140610,10,6.5,232,74.9,8.5,0.0,7.9,6,2014,22.1
161,18.5,27.0,2014-06-11,1.9,20140611,11,6.9,232,73.3,0.5,0.0,7.6,6,2014,21.7
162,16.7,26.8,2014-06-12,2.0,20140612,12,6.3,232,69.3,0.0,0.0,8.5,6,2014,21.2
163,15.8,26.3,2014-06-13,2.1,20140613,13,6.8,232,74.4,0.0,0.0,8.1,6,2014,21.3
164,15.9,29.0,2014-06-14,1.8,20140614,14,3.4,232,71.6,0.0,0.0,12.6,6,2014,22.1
165,16.0,28.5,2014-06-15,1.9,20140615,15,4.5,232,66.1,0.0,0.0,11.2,6,2014,22.2
166,16.2,30.6,2014-06-16,1.6,20140616,16,7.3,232,60.3,0.0,0.0,9.9,6,2014,23.1
167,19.4,28.6,2014-06-17,1.2,20140617,17,8.8,232,69.9,0.0,0.0,0.4,6,2014,23.9
168,18.7,30.8,2014-06-18,1.8,20140618,18,4.6,232,68.6,0.0,0.0,9.7,6,2014,23.8
169,18.5,27.1,2014-06-19,1.6,20140619,19,7.0,232,76.4,0.0,0.0,1.7,6,2014,22.7
170,19.0,29.1,2014-06-20,1.4,20140620,20,8.1,232,71.9,15.5,0.0,3.3,6,2014,23.9
171,20.2,26.5,2014-06-21,2.2,20140621,21,8.8,232,74.9,0.2,0.0,1.8,6,2014,22.8
172,17.9,30.4,2014-06-22,1.9,20140622,22,5.4,232,68.4,0.0,0.0,8.7,6,2014,23.8
173,18.7,28.0,2014-06-23,1.9,20140623,23,6.9,232,82.3,8.0,0.0,4.5,6,2014,21.8
174,17.2,28.5,2014-06-24,1.7,20140624,24,3.0,232,73.1,0.0,0.0,10.8,6,2014,22.3
175,17.8,30.2,2014-06-25,1.5,20140625,25,7.1,232,70.0,0.0,0.0,7.1,6,2014,23.6
176,19.1,30.8,2014-06-26,1.7,20140626,26,6.3,232,69.4,0.0,0.0,10.8,6,2014,24.3
177,19.3,30.6,2014-06-27,2.0,20140627,27,3.4,232,67.6,0.0,0.0,10.6,6,2014,24.3
178,21.6,29.8,2014-06-28,2.8,20140628,28,5.4,232,62.8,0.0,0.0,10.2,6,2014,24.7
179,18.2,29.7,2014-06-29,1.3,20140629,29,5.1,232,68.3,0.2,0.0,6.9,6,2014,23.8
180,18.7,31.0,2014-06-30,1.7,20140630,30,5.4,232,68.0,0.0,0.0,11.8,6,2014,24.6
181,20.4,33.1,2014-07-01,1.7,20140701,1,4.3,232,66.3,0.0,0.0,10.8,7,2014,26.2
182,20.3,29.5,2014-07-02,2.0,20140702,2,9.5,232,78.9,2.0,0.0,0.0,7,2014,24.3
183,20.2,25.9,2014-07-03,1.7,20140703,3,9.8,232,86.6,11.0,0.0,0.5,7,2014,22.4
184,20.4,31.6,2014-07-04,1.2,20140704,4,6.5,232,70.5,0.0,0.0,7.9,7,2014,25.3
185,20.2,29.8,2014-07-05,1.3,20140705,5,7.9,232,74.5,0.0,0.0,0.1,7,2014,24.7
186,19.9,25.1,2014-07-06,2.3,20140706,6,8.6,232,82.3,1.5,0.0,0.4,7,2014,22.3
187,17.7,32.3,2014-07-07,1.7,20140707,7,5.9,232,70.0,0.0,0.0,10.7,7,2014,25.2
188,22.8,31.8,2014-07-08,1.5,20140708,8,8.5,232,77.8,22.5,0.0,5.5,7,2014,26.5
189,23.9,31.1,2014-07-09,1.9,20140709,9,7.1,232,87.3,18.0,0.0,2.7,7,2014,26.4
190,23.3,30.7,2014-07-10,3.0,20140710,10,5.6,232,67.6,0.0,0.0,12.8,7,2014,26.9
191,20.1,33.0,2014-07-11,1.9,20140711,11,4.3,232,63.4,0.0,0.0,10.2,7,2014,25.5
192,19.8,29.5,2014-07-12,1.2,20140712,12,8.5,232,79.1,0.0,0.0,1.3,7,2014,24.7
193,21.8,28.8,2014-07-13,1.9,20140713,13,8.4,232,81.0,3.5,0.0,6.7,7,2014,24.3
194,20.7,31.6,2014-07-14,1.9,20140714,14,3.8,232,71.5,0.0,0.0,11.7,7,2014,25.7
195,20.1,30.4,2014-07-15,1.8,20140715,15,9.5,232,78.1,0.0,0.0,3.4,7,2014,25.0
196,20.8,32.3,2014-07-16,1.5,20140716,16,6.5,232,69.8,0.0,0.0,8.7,7,2014,26.3
197,21.7,28.1,2014-07-17,1.8,20140717,17,9.5,232,81.3,10.5,0.0,1.6,7,2014,25.0
198,20.0,30.3,2014-07-18,2.5,20140718,18,7.0,232,84.8,126.0,0.0,7.5,7,2014,24.6
199,24.0,31.9,2014-07-19,1.8,20140719,19,8.4,232,83.6,0.0,0.0,7.0,7,2014,26.9
200,23.5,32.3,2014-07-20,1.6,20140720,20,6.3,232,81.4,0.0,0.0,7.4,7,2014,26.9
201,22.8,32.2,2014-07-21,1.6,20140721,21,5.4,232,81.5,0.0,0.0,7.6,7,2014,26.6
202,22.8,29.9,2014-07-22,1.5,20140722,22,9.0,232,78.0,0.0,0.0,1.7,7,2014,26.4
203,21.1,26.8,2014-07-23,1.1,20140723,23,10.0,232,91.4,16.5,0.0,0.0,7,2014,24.3
204,21.8,29.6,2014-07-24,1.1,20140724,24,9.3,232,90.4,9.0,0.0,2.3,7,2014,25.1
205,24.8,34.3,2014-07-25,3.3,20140725,25,7.5,232,74.3,2.0,0.0,10.0,7,2014,29.2
206,19.7,27.9,2014-07-26,3.8,20140726,26,7.1,232,76.5,1.0,0.0,3.4,7,2014,24.1
207,18.1,30.6,2014-07-27,1.5,20140727,27,2.8,232,75.3,0.0,0.0,11.3,7,2014,23.8
208,18.9,30.6,2014-07-28,1.4,20140728,28,6.4,232,76.3,0.0,0.0,6.5,7,2014,24.9
209,20.8,29.4,2014-07-29,1.8,20140729,29,7.5,232,85.4,12.5,0.0,5.4,7,2014,24.0
210,21.9,34.6,2014-07-30,1.7,20140730,30,5.4,232,76.8,0.0,0.0,10.8,7,2014,27.5
211,24.4,33.8,2014-07-31,1.6,20140731,31,6.6,232,81.5,3.0,0.0,7.0,7,2014,27.3
212,22.5,32.9,2014-08-01,2.6,20140801,1,7.9,232,72.0,0.0,0.0,7.1,8,2014,28.4
213,24.0,32.4,2014-08-02,4.6,20140802,2,9.0,232,66.0,12.0,0.0,5.0,8,2014,28.7
214,24.1,29.8,2014-08-03,3.8,20140803,3,9.8,232,85.3,11.0,0.0,2.7,8,2014,26.5
215,24.4,27.9,2014-08-04,1.5,20140804,4,9.4,232,91.5,1.5,0.0,0.0,8,2014,25.9
216,24.3,32.9,2014-08-05,1.7,20140805,5,7.1,232,82.9,0.0,0.0,9.6,8,2014,27.5
217,21.7,27.2,2014-08-06,1.4,20140806,6,9.5,232,92.5,13.0,0.0,0.0,8,2014,24.2
218,20.2,23.6,2014-08-07,1.4,20140807,7,9.5,232,93.4,14.5,0.0,0.5,8,2014,21.5
219,20.3,28.9,2014-08-08,3.1,20140808,8,5.8,232,75.4,0.0,0.0,6.4,8,2014,24.2
220,19.1,30.6,2014-08-09,2.9,20140809,9,4.3,232,58.8,0.0,0.0,9.7,8,2014,25.0
221,19.6,28.6,2014-08-10,2.0,20140810,10,7.5,232,81.4,41.5,0.0,1.1,8,2014,22.9
222,18.3,28.5,2014-08-11,1.7,20140811,11,4.3,232,75.9,0.0,0.0,10.6,8,2014,22.8
223,18.3,30.9,2014-08-12,1.3,20140812,12,4.9,232,77.4,0.0,0.0,10.4,8,2014,24.4
224,20.0,26.4,2014-08-13,1.0,20140813,13,9.5,232,91.1,13.5,0.0,0.0,8,2014,22.2
225,20.1,22.8,2014-08-14,1.5,20140814,14,10.0,232,94.1,4.0,0.0,0.0,8,2014,21.2
226,20.3,29.7,2014-08-15,1.1,20140815,15,7.0,232,83.6,0.2,0.0,4.3,8,2014,23.6
227,19.3,31.2,2014-08-16,1.3,20140816,16,6.4,232,74.5,0.0,0.0,8.5,8,2014,24.9
228,20.9,23.6,2014-08-17,1.1,20140817,17,10.0,232,92.8,10.0,0.0,0.0,8,2014,22.1
229,20.1,24.1,2014-08-18,1.8,20140818,18,10.0,232,91.9,18.5,0.0,0.0,8,2014,22.0
230,21.8,25.5,2014-08-19,1.0,20140819,19,9.6,232,92.0,10.5,0.0,0.2,8,2014,23.3
231,21.7,29.0,2014-08-20,1.0,20140820,20,9.5,232,85.9,1.0,0.0,2.0,8,2014,24.5
232,21.7,24.5,2014-08-21,2.2,20140821,21,10.0,232,94.0,61.0,0.0,0.0,8,2014,22.9
233,20.5,30.1,2014-08-22,1.5,20140822,22,5.5,232,79.0,0.0,0.0,10.0,8,2014,24.3
234,20.1,30.3,2014-08-23,1.1,20140823,23,6.8,232,77.8,0.0,0.0,9.2,8,2014,24.4
235,21.1,30.1,2014-08-24,1.2,20140824,24,8.6,232,82.4,1.0,0.0,5.4,8,2014,24.7
236,22.3,26.1,2014-08-25,1.8,20140825,25,9.6,232,89.6,5.5,0.0,0.0,8,2014,23.5
237,21.9,30.5,2014-08-26,1.3,20140826,26,6.8,232,75.8,0.0,0.0,5.1,8,2014,25.3
238,20.4,27.5,2014-08-27,1.9,20140827,27,7.4,232,79.3,0.0,0.0,4.5,8,2014,23.4
239,19.7,28.9,2014-08-28,1.9,20140828,28,4.8,232,73.8,0.0,0.0,12.1,8,2014,23.5
240,18.6,29.0,2014-08-29,1.8,20140829,29,6.3,232,77.5,0.0,0.0,9.8,8,2014,22.7
241,18.6,29.1,2014-08-30,1.8,20140830,30,2.3,232,69.5,0.0,0.0,11.5,8,2014,23.0
242,18.1,27.3,2014-08-31,1.8,20140831,31,6.0,232,66.5,0.0,0.0,7.4,8,2014,22.0
243,16.7,29.8,2014-09-01,1.4,20140901,1,3.4,232,69.8,0.0,0.0,11.4,9,2014,22.8
244,19.0,25.0,2014-09-02,2.3,20140902,2,9.1,232,77.0,12.0,0.0,0.3,9,2014,21.5
245,18.6,25.5,2014-09-03,2.5,20140903,3,9.9,232,86.5,40.5,0.0,0.3,9,2014,21.4
246,18.2,28.6,2014-09-04,1.4,20140904,4,5.4,232,75.5,0.5,0.0,9.0,9,2014,22.5
247,16.5,30.4,2014-09-05,1.2,20140905,5,4.9,232,76.0,0.0,0.0,9.7,9,2014,22.6
248,18.1,30.8,2014-09-06,1.2,20140906,6,7.0,232,71.1,0.0,0.0,0.0,9,2014,22.8
249,15.7,31.9,2014-09-07,1.3,20140907,7,2.3,232,71.3,0.0,0.0,8.8,9,2014,23.0
250,17.7,30.3,2014-09-08,1.4,20140908,8,1.0,232,72.8,0.0,0.0,9.3,9,2014,22.7
251,15.1,28.7,2014-09-09,1.5,20140909,9,5.5,232,69.3,0.0,0.0,6.0,9,2014,21.6
252,12.3,28.1,2014-09-10,1.2,20140910,10,0.0,232,64.3,0.0,0.0,11.9,9,2014,19.6
253,13.4,29.1,2014-09-11,1.2,20140911,11,3.5,232,69.1,0.0,0.0,10.0,9,2014,20.7
254,17.2,25.6,2014-09-12,1.4,20140912,12,8.8,232,78.3,0.0,0.0,0.0,9,2014,21.0
255,16.2,28.6,2014-09-13,1.6,20140913,13,2.8,232,65.5,0.0,0.0,11.7,9,2014,22.2
256,16.2,29.0,2014-09-14,1.7,20140914,14,6.0,232,60.1,0.0,0.0,11.0,9,2014,22.1
257,18.3,28.6,2014-09-15,1.6,20140915,15,8.1,232,70.0,0.0,0.0,5.0,9,2014,21.9
258,13.4,27.9,2014-09-16,1.3,20140916,16,6.0,232,56.0,0.0,0.0,9.9,9,2014,20.3
259,14.5,25.6,2014-09-17,1.3,20140917,17,8.1,232,61.5,0.0,0.0,4.4,9,2014,18.8
260,12.9,24.8,2014-09-18,1.1,20140918,18,6.5,232,71.8,0.0,0.0,3.2,9,2014,18.3
261,11.5,27.5,2014-09-19,1.2,20140919,19,0.3,232,64.3,0.0,0.0,11.8,9,2014,18.6
262,10.9,27.5,2014-09-20,1.5,20140920,20,0.5,232,61.0,0.0,0.0,11.7,9,2014,18.2
263,13.2,27.0,2014-09-21,1.6,20140921,21,3.4,232,66.3,0.0,0.0,9.1,9,2014,19.3
264,11.8,28.6,2014-09-22,1.5,20140922,22,1.5,232,66.9,0.0,0.0,11.4,9,2014,19.4
265,14.3,27.7,2014-09-23,2.3,20140923,23,5.5,232,63.3,2.0,0.0,8.6,9,2014,21.5
266,15.9,21.8,2014-09-24,2.1,20140924,24,8.4,232,84.5,71.5,0.0,1.2,9,2014,18.5
267,15.0,27.2,2014-09-25,1.1,20140925,25,3.3,232,73.6,0.0,0.0,10.1,9,2014,20.0
268,16.7,24.9,2014-09-26,1.8,20140926,26,8.0,232,79.4,7.5,0.0,4.4,9,2014,20.1
269,16.2,26.3,2014-09-27,1.8,20140927,27,2.4,232,77.5,0.0,0.0,9.1,9,2014,20.3
270,15.7,26.8,2014-09-28,1.0,20140928,28,7.8,232,76.1,0.0,0.0,3.5,9,2014,21.1
271,18.8,22.4,2014-09-29,1.0,20140929,29,9.6,232,86.1,10.0,0.0,0.0,9,2014,20.0
272,16.5,25.0,2014-09-30,1.9,20140930,30,6.5,232,70.1,0.0,0.0,8.6,9,2014,20.0
273,15.2,24.8,2014-10-01,2.2,20141001,1,5.6,232,74.0,0.0,0.0,8.0,10,2014,18.9
274,14.6,23.4,2014-10-02,2.0,20141002,2,8.1,232,78.3,0.0,0.0,2.1,10,2014,18.5
275,10.1,19.4,2014-10-03,2.5,20141003,3,5.4,232,72.6,0.0,0.0,4.7,10,2014,15.3
276,8.7,23.1,2014-10-04,2.4,20141004,4,0.9,232,62.3,0.0,0.0,10.8,10,2014,15.9
277,8.7,21.9,2014-10-05,1.9,20141005,5,0.6,232,58.3,0.0,0.0,11.0,10,2014,15.3
278,7.4,21.5,2014-10-06,1.4,20141006,6,0.6,232,66.6,0.0,0.0,10.7,10,2014,13.9
279,8.4,23.0,2014-10-07,1.6,20141007,7,1.8,232,68.3,0.0,0.0,9.7,10,2014,14.8
280,7.1,23.2,2014-10-08,0.9,20141008,8,1.5,232,69.8,0.0,0.0,10.7,10,2014,14.6
281,9.4,24.8,2014-10-09,1.3,20141009,9,3.1,232,68.0,0.0,0.0,10.6,10,2014,16.2
282,9.2,27.5,2014-10-10,2.2,20141010,10,0.8,232,60.1,0.0,0.0,10.4,10,2014,18.5
283,10.7,25.6,2014-10-11,2.7,20141011,11,0.0,232,58.9,0.0,0.0,10.9,10,2014,17.6
284,8.1,23.5,2014-10-12,1.8,20141012,12,5.5,232,67.4,0.0,0.0,5.9,10,2014,16.7
285,9.4,22.3,2014-10-13,2.6,20141013,13,4.4,232,58.4,0.0,0.0,7.1,10,2014,16.5
286,5.5,19.7,2014-10-14,1.3,20141014,14,0.4,232,61.5,0.0,0.0,10.7,10,2014,11.7
287,4.5,20.4,2014-10-15,1.4,20141015,15,0.3,232,64.8,0.0,0.0,10.7,10,2014,11.8
288,6.3,18.1,2014-10-16,3.6,20141016,16,3.0,232,57.9,0.0,0.0,9.2,10,2014,12.2
289,2.5,21.1,2014-10-17,1.1,20141017,17,1.1,232,59.9,0.0,0.0,10.5,10,2014,10.7
290,4.6,22.4,2014-10-18,1.0,20141018,18,0.0,232,60.8,0.0,0.0,10.1,10,2014,12.0
291,5.7,23.3,2014-10-19,1.3,20141019,19,5.6,232,63.3,0.0,0.0,7.8,10,2014,14.6
292,13.5,17.7,2014-10-20,1.3,20141020,20,10.0,232,88.4,30.5,0.0,0.0,10,2014,16.0
293,11.6,17.3,2014-10-21,1.8,20141021,21,10.0,232,87.5,60.5,0.0,0.0,10,2014,14.3
294,9.5,18.6,2014-10-22,1.4,20141022,22,5.4,232,76.1,4.5,0.0,6.4,10,2014,13.4
295,6.9,20.5,2014-10-23,1.7,20141023,23,1.1,232,74.0,0.0,0.0,10.1,10,2014,12.3
296,7.8,21.4,2014-10-24,0.9,20141024,24,2.0,232,80.9,0.0,0.0,8.9,10,2014,13.3
297,8.4,23.3,2014-10-25,1.4,20141025,25,3.8,232,81.1,0.0,0.0,6.7,10,2014,13.2
298,6.8,22.0,2014-10-26,1.7,20141026,26,5.5,232,76.8,0.0,0.0,6.5,10,2014,14.6
299,3.7,17.2,2014-10-27,2.5,20141027,27,0.0,232,47.0,0.0,0.0,10.2,10,2014,10.2
300,0.1,19.0,2014-10-28,0.9,20141028,28,0.0,232,65.3,0.0,0.0,10.2,10,2014,7.9
301,2.2,21.6,2014-10-29,1.1,20141029,29,3.3,232,67.5,0.0,0.0,9.1,10,2014,9.8
302,4.0,20.1,2014-10-30,1.0,20141030,30,6.9,232,62.8,0.0,0.0,4.5,10,2014,11.6
303,9.9,13.0,2014-10-31,1.8,20141031,31,10.0,232,87.1,24.0,0.0,0.0,10,2014,11.7
304,10.0,18.3,2014-11-01,0.9,20141101,1,9.0,232,87.3,0.5,0.0,1.6,11,2014,13.6
305,8.3,14.7,2014-11-02,4.0,20141102,2,7.9,232,59.4,4.5,0.0,4.3,11,2014,11.5
306,3.3,13.6,2014-11-03,2.6,20141103,3,1.3,232,44.9,0.0,0.0,10.1,11,2014,8.7
307,1.4,18.8,2014-11-04,1.0,20141104,4,0.0,232,68.5,0.0,0.0,10.0,11,2014,8.5
308,2.3,18.7,2014-11-05,1.0,20141105,5,2.8,232,71.6,0.0,0.0,9.3,11,2014,9.7
309,5.8,18.2,2014-11-06,1.4,20141106,6,4.4,232,74.1,0.0,0.0,4.9,11,2014,11.2
310,2.2,16.2,2014-11-07,1.1,20141107,7,3.3,232,69.0,0.0,0.0,9.5,11,2014,8.8
311,5.1,14.7,2014-11-08,0.9,20141108,8,9.0,232,75.3,0.0,0.0,0.4,11,2014,9.6
312,2.3,14.7,2014-11-09,2.1,20141109,9,0.5,232,67.3,0.0,0.0,9.2,11,2014,8.2
313,-0.1,16.4,2014-11-10,0.9,20141110,10,0.0,232,64.5,0.0,0.0,9.6,11,2014,6.3
314,0.5,15.0,2014-11-11,1.1,20141111,11,5.6,232,70.6,0.2,0.0,6.4,11,2014,8.2
315,1.5,10.8,2014-11-12,4.7,20141112,12,7.1,232,61.6,5.5,0.0,3.9,11,2014,6.5
316,-0.4,5.1,2014-11-13,3.3,20141113,13,7.9,232,45.0,0.0,0.0,6.7,11,2014,2.0
317,-0.7,10.6,2014-11-14,1.7,20141114,14,3.0,232,60.4,0.0,0.0,8.1,11,2014,4.5
318,-2.0,10.4,2014-11-15,1.5,20141115,15,3.9,232,64.6,0.0,0.0,8.0,11,2014,3.8
319,0.8,13.1,2014-11-16,1.0,20141116,16,7.6,232,46.5,0.0,0.0,7.8,11,2014,7.1
320,1.7,10.7,2014-11-17,2.1,20141117,17,5.6,232,73.6,1.0,0.0,7.0,11,2014,6.3
321,-2.0,10.6,2014-11-18,1.6,20141118,18,0.0,232,64.5,0.0,0.0,9.4,11,2014,3.6
322,-4.1,12.6,2014-11-19,1.0,20141119,19,2.0,232,67.3,0.0,0.0,9.2,11,2014,3.2
323,-1.7,14.9,2014-11-20,0.9,20141120,20,0.6,232,68.9,0.0,0.0,8.9,11,2014,5.1
324,0.0,18.0,2014-11-21,1.3,20141121,21,2.4,232,61.8,0.0,0.0,8.2,11,2014,7.5
325,2.9,11.2,2014-11-22,1.1,20141122,22,6.6,232,85.3,2.0,0.0,0.8,11,2014,7.0
326,2.6,10.1,2014-11-23,1.0,20141123,23,9.6,232,90.0,0.0,0.0,0.6,11,2014,6.6
327,7.2,9.6,2014-11-24,0.9,20141124,24,10.0,232,90.4,3.0,0.0,0.0,11,2014,8.2
328,3.7,13.9,2014-11-25,1.8,20141125,25,6.8,232,69.8,0.0,0.0,2.2,11,2014,9.7
329,4.7,12.9,2014-11-26,1.9,20141126,26,4.6,232,70.6,0.2,0.0,4.5,11,2014,8.6
330,2.7,15.7,2014-11-27,1.4,20141127,27,1.6,232,82.3,0.0,0.0,5.5,11,2014,7.8
331,4.1,14.4,2014-11-28,2.8,20141128,28,9.3,232,85.1,5.5,0.0,0.2,11,2014,9.5
332,4.3,14.0,2014-11-29,1.7,20141129,29,3.0,232,75.1,0.0,0.0,8.8,11,2014,9.2
333,5.7,10.9,2014-11-30,1.6,20141130,30,9.4,232,88.1,6.5,0.0,0.0,11,2014,9.1
334,-4.2,9.4,2014-12-01,5.5,20141201,1,8.4,232,70.4,6.6,5.2,0.8,12,2014,0.5
335,-5.8,-1.2,2014-12-02,3.7,20141202,2,7.0,232,53.6,0.0,0.1,8.4,12,2014,-3.6
336,-4.5,3.4,2014-12-03,1.7,20141203,3,8.6,232,80.0,3.3,4.0,3.4,12,2014,-1.5
337,-8.1,1.0,2014-12-04,1.5,20141204,4,4.9,232,67.8,1.1,2.0,6.3,12,2014,-3.2
338,-7.4,-2.0,2014-12-05,2.5,20141205,5,5.3,232,58.0,1.2,3.0,8.0,12,2014,-4.7
339,-9.6,-0.6,2014-12-06,2.4,20141206,6,3.4,232,58.3,0.0,0.3,8.5,12,2014,-3.9
340,-6.1,1.4,2014-12-07,1.1,20141207,7,7.3,232,60.8,0.0,0.0,5.1,12,2014,-2.5
341,-5.9,2.9,2014-12-08,2.0,20141208,8,2.4,232,72.0,0.8,1.3,4.9,12,2014,-1.4
342,-8.5,3.6,2014-12-09,1.2,20141209,9,2.5,232,53.3,0.0,0.0,8.6,12,2014,-2.9
343,-3.6,4.6,2014-12-10,1.8,20141210,10,9.3,232,56.6,0.1,0.0,0.9,12,2014,1.4
344,-4.2,4.4,2014-12-11,2.8,20141211,11,7.5,232,63.4,0.1,0.0,4.2,12,2014,0.4
345,-5.9,2.5,2014-12-12,1.6,20141212,12,6.4,232,66.3,5.0,8.8,6.1,12,2014,-1.5
346,-10.7,-1.6,2014-12-13,1.7,20141213,13,5.5,232,70.5,1.1,1.8,6.7,12,2014,-4.7
347,-12.4,3.0,2014-12-14,1.4,20141214,14,3.0,232,67.1,0.0,0.0,6.6,12,2014,-3.5
348,-3.2,4.5,2014-12-15,2.4,20141215,15,9.3,232,77.3,5.5,0.1,0.2,12,2014,1.6
349,-6.4,3.2,2014-12-16,5.1,20141216,16,6.6,232,59.3,5.6,0.6,2.2,12,2014,-2.3
350,-8.4,-4.8,2014-12-17,4.7,20141217,17,3.4,232,43.8,0.0,0.2,5.4,12,2014,-6.8
351,-9.0,-0.5,2014-12-18,2.8,20141218,18,0.0,232,44.9,0.0,0.0,8.5,12,2014,-5.7
352,-9.3,1.2,2014-12-19,2.5,20141219,19,7.1,232,52.3,0.0,0.0,0.9,12,2014,-2.9
353,-3.6,3.6,2014-12-20,3.9,20141220,20,5.0,232,61.9,1.0,0.0,6.2,12,2014,0.0
354,-9.6,1.0,2014-12-21,1.4,20141221,21,5.4,232,59.3,1.4,5.2,6.3,12,2014,-4.6
355,-14.5,3.1,2014-12-22,1.1,20141222,22,4.1,232,81.3,2.3,3.5,4.3,12,2014,-6.2
356,-10.3,3.0,2014-12-23,1.6,20141223,23,6.0,232,76.4,0.0,0.0,1.7,12,2014,-2.1
357,-1.0,6.5,2014-12-24,2.5,20141224,24,5.9,232,69.6,1.5,0.0,4.7,12,2014,2.0
358,-4.1,3.0,2014-12-25,3.1,20141225,25,0.0,232,52.3,0.0,0.0,8.5,12,2014,-1.1
359,-8.0,2.7,2014-12-26,1.3,20141226,26,0.9,232,54.8,0.0,0.0,1.7,12,2014,-2.9
360,-7.9,4.2,2014-12-27,1.0,20141227,27,2.6,232,69.0,0.0,0.0,0.0,12,2014,-2.9
361,-7.3,3.8,2014-12-28,1.3,20141228,28,6.4,232,71.5,0.0,0.0,0.0,12,2014,-1.1
362,-1.8,7.8,2014-12-29,0.9,20141229,29,4.6,232,77.0,0.0,0.0,0.0,12,2014,2.0
363,-3.5,8.0,2014-12-30,1.4,20141230,30,0.5,232,74.0,0.0,0.0,0.0,12,2014,0.6
364,-4.9,2.2,2014-12-31,3.6,20141231,31,6.5,232,68.3,2.3,2.5,0.0,12,2014,-1.0
