,sunshine,snow,wind,rainfall,date,cloud,humid,day,tmax,tmin,Date,station_id,tavg,month,year
0,7.9,0.0,1.0,0.0,20230101,3.3,65.0,1,4.5,-8.8,2023-01-01,232,-2.3,1,2023
1,9.1,0.0,1.1,0.0,20230102,0.0,54.8,2,0.0,-9.9,2023-01-02,232,-4.8,1,2023
2,9.1,0.0,0.9,0.0,20230103,7.0,66.5,3,1.5,-13.6,2023-01-03,232,-6.3,1,2023
3,6.6,0.0,0.7,0.0,20230104,1.4,69.1,4,4.0,-11.1,2023-01-04,232,-3.9,1,2023
4,4.3,0.0,0.4,0.0,20230105,4.4,82.6,5,3.4,-10.0,2023-01-05,232,-3.7,1,2023
5,7.4,0.0,0.7,5.4,20230106,4.1,85.8,6,5.5,-8.1,2023-01-06,232,-1.2,1,2023
6,4.4,0.0,1.7,0.7,20230107,4.6,83.4,7,4.8,-3.3,2023-01-07,232,1.6,1,2023
7,7.6,0.0,0.5,0.0,20230108,0.5,84.4,8,5.9,-6.7,2023-01-08,232,-0.9,1,2023
8,5.0,0.0,0.9,0.0,20230109,2.5,74.9,9,7.9,-3.5,2023-01-09,232,1.7,1,2023
9,8.6,0.0,0.5,0.0,20230110,2.0,79.4,10,8.3,-7.3,2023-01-10,232,-0.7,1,2023
10,8.9,0.0,0.4,0.0,20230111,1.0,76.5,11,8.9,-6.2,2023-01-11,232,-0.2,1,2023
11,9.1,0.0,0.6,0.1,20230112,2.6,70.5,12,13.8,-5.3,2023-01-12,232,2.8,1,2023
12,0.0,0.0,0.9,14.9,20230113,8.8,100.0,13,11.2,4.2,2023-01-13,232,8.6,1,2023
13,0.0,0.0,1.0,5.0,20230114,7.9,100.0,14,9.2,4.5,2023-01-14,232,6.6,1,2023
14,0.0,0.0,1.4,1.8,20230115,7.5,93.6,15,4.6,-3.1,2023-01-15,232,0.2,1,2023
15,8.9,0.0,1.5,0.2,20230116,4.5,70.9,16,-0.5,-7.8,2023-01-16,232,-3.7,1,2023
16,5.8,0.0,0.8,0.0,20230117,7.9,72.1,17,2.2,-8.5,2023-01-17,232,-3.1,1,2023
17,8.0,0.0,0.8,0.0,20230118,2.0,71.4,18,3.6,-6.2,2023-01-18,232,-1.9,1,2023
18,6.1,0.0,0.8,0.0,20230119,4.6,68.6,19,5.2,-7.6,2023-01-19,232,-0.4,1,2023
19,7.9,0.0,2.2,1.2,20230120,1.4,62.0,20,3.5,-8.2,2023-01-20,232,-2.1,1,2023
20,9.3,0.0,0.8,0.0,20230121,1.8,70.8,21,1.4,-11.1,2023-01-21,232,-5.0,1,2023
21,0.0,0.0,1.0,0.0,20230122,8.6,67.0,22,3.0,-4.7,2023-01-22,232,-1.0,1,2023
22,6.5,0.0,1.5,0.0,20230123,6.3,73.6,23,6.5,-4.6,2023-01-23,232,-0.4,1,2023
23,8.0,0.0,3.5,0.0,20230124,4.6,55.3,24,-4.2,-15.4,2023-01-24,232,-11.9,1,2023
24,9.5,0.0,1.1,0.0,20230125,3.8,56.6,25,-5.9,-18.0,2023-01-25,232,-12.1,1,2023
25,0.0,0.0,1.0,1.7,20230126,9.6,87.6,26,-3.9,-11.8,2023-01-26,232,-6.4,1,2023
26,7.9,0.0,2.0,0.0,20230127,2.1,63.0,27,-3.4,-14.1,2023-01-27,232,-8.0,1,2023
27,7.8,0.0,1.5,0.0,20230128,1.4,63.1,28,-0.1,-13.5,2023-01-28,232,-5.7,1,2023
28,4.3,0.0,1.5,0.0,20230129,3.3,70.4,29,4.7,-10.6,2023-01-29,232,-1.9,1,2023
29,9.7,0.0,1.3,0.0,20230130,0.0,58.3,30,3.9,-7.5,2023-01-30,232,-1.6,1,2023
30,9.4,0.0,1.0,0.0,20230131,0.8,73.5,31,9.2,-8.8,2023-01-31,232,0.1,1,2023
31,8.5,0.0,1.6,0.0,20230201,3.3,66.1,1,5.9,-2.8,2023-02-01,232,1.3,2,2023
32,7.1,0.0,1.3,0.0,20230202,5.9,61.4,2,2.7,-7.0,2023-02-02,232,-2.6,2,2023
33,5.5,0.0,1.0,0.0,20230203,5.0,57.9,3,2.9,-5.8,2023-02-03,232,-1.9,2,2023
34,8.8,0.0,0.8,0.0,20230204,2.1,70.4,4,5.7,-8.9,2023-02-04,232,-2.4,2,2023
35,8.8,0.0,0.7,0.0,20230205,1.1,77.0,5,7.6,-8.4,2023-02-05,232,-1.2,2,2023
36,4.9,0.0,0.6,0.0,20230206,0.0,67.9,6,8.7,-6.8,2023-02-06,232,0.5,2,2023
37,5.2,0.0,1.0,0.0,20230207,4.3,73.4,7,9.6,-5.3,2023-02-07,232,1.5,2,2023
38,9.0,0.0,1.1,0.0,20230208,0.0,68.6,8,7.7,-5.5,2023-02-08,232,0.3,2,2023
39,6.4,0.0,1.7,1.1,20230209,7.4,66.6,9,10.3,-7.0,2023-02-09,232,2.4,2,2023
40,1.0,0.0,1.0,1.4,20230210,4.8,93.1,10,7.3,-0.8,2023-02-10,232,3.1,2,2023
41,1.7,0.0,0.6,0.0,20230211,5.5,93.3,11,5.9,-2.7,2023-02-11,232,0.2,2,2023
42,0.1,0.0,0.7,0.0,20230212,8.3,89.3,12,6.8,-4.5,2023-02-12,232,0.9,2,2023
43,0.4,0.0,1.4,0.0,20230213,7.5,71.6,13,9.6,2.8,2023-02-13,232,5.7,2,2023
44,9.7,0.0,1.7,0.0,20230214,0.6,64.6,14,5.9,-3.2,2023-02-14,232,1.1,2,2023
45,6.4,0.0,1.4,0.0,20230215,5.3,64.6,15,8.1,-3.9,2023-02-15,232,2.3,2,2023
46,2.8,0.0,1.1,0.0,20230216,4.1,73.3,16,6.9,-2.6,2023-02-16,232,2.2,2,2023
47,7.0,0.0,0.8,0.0,20230217,4.9,66.9,17,10.7,-3.3,2023-02-17,232,3.4,2,2023
48,0.0,0.0,0.4,0.5,20230218,8.6,65.8,18,9.3,2.8,2023-02-18,232,5.5,2,2023
49,5.8,0.0,2.2,0.1,20230219,4.9,64.5,19,6.4,-1.9,2023-02-19,232,3.1,2,2023
50,9.9,0.0,2.0,0.0,20230220,0.4,57.6,20,4.6,-5.7,2023-02-20,232,-1.3,2,2023
51,9.6,0.0,1.0,0.0,20230221,0.8,51.9,21,4.2,-8.1,2023-02-21,232,-2.0,2,2023
52,6.8,0.0,0.9,0.0,20230222,4.5,62.8,22,9.2,-8.5,2023-02-22,232,0.2,2,2023
53,9.7,0.0,1.1,0.0,20230223,3.3,63.6,23,8.9,-4.8,2023-02-23,232,2.0,2,2023
54,7.6,0.0,1.5,0.0,20230224,2.0,62.3,24,9.5,-2.2,2023-02-24,232,2.6,2,2023
55,10.6,0.0,1.7,0.0,20230225,0.8,53.6,25,5.4,-5.3,2023-02-25,232,-0.1,2,2023
56,10.5,0.0,1.1,0.0,20230226,0.0,52.8,26,8.8,-7.6,2023-02-26,232,0.2,2,2023
57,10.6,0.0,0.8,0.0,20230227,0.3,54.1,27,13.1,-6.8,2023-02-27,232,2.2,2,2023
58,10.7,0.0,1.1,0.0,20230228,1.0,61.6,28,13.3,-6.1,2023-02-28,232,4.2,2,2023
59,3.1,0.0,1.7,0.0,20230301,4.6,61.1,1,9.9,2.9,2023-03-01,232,5.7,3,2023
60,10.6,0.0,1.9,0.0,20230302,0.9,36.8,2,5.9,-3.4,2023-03-02,232,1.5,3,2023
61,10.6,0.0,1.1,0.0,20230303,0.8,63.3,3,12.0,-6.7,2023-03-03,232,2.6,3,2023
62,5.5,0.0,0.8,0.0,20230304,4.4,70.3,4,13.3,-2.0,2023-03-04,232,4.7,3,2023
63,10.1,0.0,0.8,0.0,20230305,0.4,55.5,5,16.2,-2.8,2023-03-05,232,5.8,3,2023
64,10.3,0.0,0.8,0.0,20230306,0.5,47.0,6,17.4,-3.4,2023-03-06,232,6.4,3,2023
65,9.3,0.0,1.4,0.0,20230307,1.4,58.4,7,20.5,0.6,2023-03-07,232,10.1,3,2023
66,8.1,0.0,1.2,0.0,20230308,5.5,60.3,8,21.1,3.3,2023-03-08,232,12.0,3,2023
67,8.0,0.0,1.6,0.2,20230309,3.1,68.6,9,20.4,4.8,2023-03-09,232,12.6,3,2023
68,9.7,0.0,1.0,0.0,20230310,0.3,60.1,10,23.3,1.2,2023-03-10,232,12.3,3,2023
69,7.9,0.0,1.1,0.0,20230311,6.5,46.0,11,24.7,5.0,2023-03-11,232,14.9,3,2023
70,0.6,0.0,2.2,10.2,20230312,8.1,70.3,12,11.8,1.4,2023-03-12,232,6.0,3,2023
71,10.6,0.0,2.0,0.0,20230313,3.1,35.6,13,9.1,-1.8,2023-03-13,232,3.2,3,2023
72,10.8,0.0,1.8,0.0,20230314,3.0,46.5,14,17.2,-1.5,2023-03-14,232,7.8,3,2023
73,6.3,0.0,2.4,0.0,20230315,5.0,65.4,15,18.5,0.9,2023-03-15,232,9.4,3,2023
74,7.0,0.0,1.6,0.0,20230316,5.5,38.1,16,10.7,-1.9,2023-03-16,232,5.1,3,2023
75,2.3,0.0,0.8,0.0,20230317,8.1,44.8,17,13.0,-1.1,2023-03-17,232,6.5,3,2023
76,9.5,0.0,1.8,0.0,20230318,3.1,46.0,18,13.7,3.2,2023-03-18,232,7.8,3,2023
77,10.9,0.0,1.0,0.0,20230319,0.0,60.1,19,15.9,-2.2,2023-03-19,232,6.3,3,2023
78,9.9,0.0,0.9,0.0,20230320,4.9,46.6,20,18.3,-1.2,2023-03-20,232,8.1,3,2023
79,10.7,0.0,0.7,0.0,20230321,1.1,43.1,21,22.2,-0.2,2023-03-21,232,11.3,3,2023
80,9.4,0.0,1.1,0.0,20230322,4.9,49.6,22,24.9,3.3,2023-03-22,232,15.4,3,2023
81,0.8,0.0,1.3,6.0,20230323,8.0,70.5,23,20.9,9.3,2023-03-23,232,14.2,3,2023
82,4.6,0.0,1.4,0.0,20230324,7.5,49.1,24,16.3,4.5,2023-03-24,232,10.8,3,2023
83,4.1,0.0,1.9,0.0,20230325,6.0,65.5,25,14.5,9.2,2023-03-25,232,11.4,3,2023
84,9.8,0.0,2.1,0.0,20230326,1.8,44.6,26,14.7,4.2,2023-03-26,232,9.2,3,2023
85,10.5,0.0,1.4,0.0,20230327,0.8,49.9,27,13.8,-2.3,2023-03-27,232,5.7,3,2023
86,7.5,0.0,0.8,0.0,20230328,1.9,55.0,28,16.1,-2.2,2023-03-28,232,7.1,3,2023
87,10.7,0.0,1.0,0.0,20230329,0.9,55.1,29,20.4,-0.4,2023-03-29,232,10.0,3,2023
88,10.9,0.0,1.1,0.0,20230330,3.5,38.6,30,21.9,0.8,2023-03-30,232,11.6,3,2023
89,11.3,0.0,1.2,0.0,20230331,0.1,46.4,31,23.0,1.0,2023-03-31,232,12.5,3,2023
90,10.6,0.0,1.0,0.0,20230401,2.5,44.1,1,25.0,3.3,2023-04-01,232,14.6,4,2023
91,11.5,0.0,2.6,0.0,20230402,0.3,36.4,2,22.7,5.4,2023-04-02,232,15.1,4,2023
92,11.2,0.0,2.6,0.0,20230403,2.6,36.3,3,23.1,4.1,2023-04-03,232,15.6,4,2023
93,2.9,0.0,2.3,8.9,20230404,9.8,49.0,4,22.1,10.6,2023-04-04,232,15.6,4,2023
94,0.0,0.0,2.7,10.2,20230405,9.9,97.8,5,16.4,8.8,2023-04-05,232,13.0,4,2023
95,0.0,0.0,1.7,2.9,20230406,9.9,95.3,6,11.4,7.4,2023-04-06,232,9.3,4,2023
96,7.7,0.0,2.1,0.0,20230407,0.8,69.0,7,0.0,0.0,2023-04-07,232,0.0,4,2023
97,12.0,0.0,1.9,0.0,20230408,0.0,53.8,8,15.2,-1.5,2023-04-08,232,7.2,4,2023
98,10.0,0.0,1.3,0.0,20230409,0.0,59.6,9,19.8,-1.2,2023-04-09,232,8.8,4,2023
99,11.1,0.0,1.5,0.0,20230410,1.8,57.0,10,21.4,0.2,2023-04-10,232,11.0,4,2023
100,1.2,0.0,2.4,0.5,20230411,6.5,70.4,11,20.4,7.4,2023-04-11,232,14.7,4,2023
101,11.2,0.0,1.6,0.0,20230412,0.0,46.1,12,17.2,1.6,2023-04-12,232,9.3,4,2023
102,8.3,0.0,0.8,0.0,20230413,4.5,45.3,13,22.5,0.0,2023-04-13,232,11.7,4,2023
103,8.4,0.0,1.1,0.0,20230414,0.0,51.9,14,23.3,6.3,2023-04-14,232,15.1,4,2023
104,0.9,0.0,1.0,3.4,20230415,7.5,88.0,15,17.1,8.2,2023-04-15,232,12.5,4,2023
105,6.4,0.0,1.3,0.0,20230416,5.4,70.6,16,17.6,6.7,2023-04-16,232,10.9,4,2023
106,9.6,0.0,1.0,0.0,20230417,4.8,60.5,17,19.8,2.1,2023-04-17,232,12.4,4,2023
107,0.0,0.0,1.3,1.6,20230418,8.3,84.3,18,15.8,11.3,2023-04-18,232,13.7,4,2023
108,10.1,0.0,2.1,0.0,20230419,2.9,64.6,19,27.2,13.0,2023-04-19,232,19.5,4,2023
109,3.0,0.0,1.2,0.3,20230420,7.4,87.9,20,25.0,14.3,2023-04-20,232,18.1,4,2023
110,4.8,0.0,1.6,0.0,20230421,7.1,66.8,21,23.2,12.6,2023-04-21,232,16.9,4,2023
111,7.6,0.0,1.9,0.0,20230422,0.0,40.3,22,21.3,9.0,2023-04-22,232,15.5,4,2023
112,3.2,0.0,1.0,0.0,20230423,8.6,45.4,23,20.7,6.9,2023-04-23,232,14.9,4,2023
113,4.6,0.0,1.9,0.0,20230424,7.0,52.0,24,19.2,7.9,2023-04-24,232,13.7,4,2023
114,0.0,0.0,1.0,0.2,20230425,9.3,82.3,25,11.5,6.2,2023-04-25,232,8.8,4,2023
115,3.1,0.0,1.4,0.0,20230426,6.3,82.1,26,13.3,2.8,2023-04-26,232,7.4,4,2023
116,12.0,0.0,1.0,0.0,20230427,1.6,67.1,27,21.7,0.0,2023-04-27,232,11.1,4,2023
117,9.0,0.0,1.4,0.0,20230428,4.3,65.8,28,23.2,4.4,2023-04-28,232,15.3,4,2023
118,0.0,0.0,1.9,1.6,20230429,9.5,91.0,29,18.2,9.4,2023-04-29,232,13.4,4,2023
119,11.8,0.0,2.3,0.0,20230430,4.4,61.8,30,20.8,5.8,2023-04-30,232,13.7,4,2023
120,11.3,0.0,1.3,0.0,20230501,2.6,58.8,1,20.6,6.7,2023-05-01,232,13.3,5,2023
121,10.3,0.0,0.9,0.0,20230502,6.4,51.0,2,25.9,3.7,2023-05-02,232,15.4,5,2023
122,9.1,0.0,1.1,0.0,20230503,7.1,54.4,3,25.9,9.8,2023-05-03,232,18.5,5,2023
123,4.0,0.0,2.3,1.1,20230504,6.6,72.5,4,26.2,12.9,2023-05-04,232,19.8,5,2023
124,0.0,0.0,1.5,18.7,20230505,8.5,99.0,5,21.1,16.8,2023-05-05,232,19.3,5,2023
125,0.0,0.0,4.4,32.6,20230506,7.6,92.1,6,20.2,12.0,2023-05-06,232,14.2,5,2023
126,0.3,0.0,2.0,0.3,20230507,7.4,77.1,7,15.5,6.6,2023-05-07,232,11.8,5,2023
127,12.4,0.0,1.1,0.0,20230508,2.6,65.9,8,21.9,3.6,2023-05-08,232,12.4,5,2023
128,12.6,0.0,1.0,0.0,20230509,0.9,66.9,9,24.3,4.6,2023-05-09,232,14.7,5,2023
129,11.7,0.0,1.0,0.0,20230510,3.9,60.9,10,25.3,7.0,2023-05-10,232,16.4,5,2023
130,12.5,0.0,0.9,0.0,20230511,3.3,59.9,11,26.6,7.6,2023-05-11,232,17.0,5,2023
131,3.2,0.0,0.8,0.0,20230512,8.9,55.3,12,23.6,9.1,2023-05-12,232,17.3,5,2023
132,11.9,0.0,1.2,0.0,20230513,4.0,66.0,13,23.9,9.3,2023-05-13,232,16.7,5,2023
133,12.9,0.0,1.1,0.0,20230514,0.8,65.5,14,24.9,7.8,2023-05-14,232,16.4,5,2023
134,12.8,0.0,1.1,0.0,20230515,2.1,63.5,15,27.3,8.5,2023-05-15,232,19.0,5,2023
135,11.8,0.0,1.1,0.0,20230516,1.9,60.8,16,31.2,12.6,2023-05-16,232,21.4,5,2023
136,12.7,0.0,1.8,0.0,20230517,3.0,62.8,17,30.2,12.2,2023-05-17,232,21.8,5,2023
137,2.1,0.0,2.0,0.0,20230518,8.3,73.0,18,23.8,16.6,2023-05-18,232,19.7,5,2023
138,5.4,0.0,1.4,0.0,20230519,3.1,71.1,19,25.8,13.5,2023-05-19,232,19.6,5,2023
139,10.0,0.0,1.4,0.0,20230520,3.9,73.8,20,27.5,12.8,2023-05-20,232,20.0,5,2023
140,5.8,0.0,1.4,0.0,20230521,7.6,71.8,21,23.3,14.9,2023-05-21,232,18.3,5,2023
141,4.5,0.0,1.0,1.7,20230522,6.3,71.3,22,23.0,12.9,2023-05-22,232,17.7,5,2023
142,12.0,0.0,1.1,0.0,20230523,0.4,65.8,23,25.1,9.3,2023-05-23,232,17.6,5,2023
143,6.7,0.0,0.9,0.0,20230524,6.5,62.9,24,25.8,9.6,2023-05-24,232,18.6,5,2023
144,10.4,0.0,1.2,0.0,20230525,5.6,57.0,25,26.9,12.2,2023-05-25,232,19.6,5,2023
145,7.7,0.0,1.1,0.4,20230526,7.4,64.8,26,25.9,13.3,2023-05-26,232,20.2,5,2023
146,0.0,0.0,1.0,7.5,20230527,9.5,96.8,27,20.6,17.2,2023-05-27,232,18.9,5,2023
147,0.0,0.0,0.7,35.5,20230528,10.0,99.0,28,21.2,17.9,2023-05-28,232,19.7,5,2023
148,0.0,0.0,0.7,19.1,20230529,7.8,99.0,29,22.5,19.4,2023-05-29,232,20.6,5,2023
149,4.5,0.0,1.8,0.0,20230530,7.1,80.9,30,25.8,16.8,2023-05-30,232,21.6,5,2023
150,11.7,0.0,1.5,0.0,20230531,4.4,62.6,31,27.5,13.6,2023-05-31,232,20.9,5,2023
151,2.7,0.0,0.9,0.0,20230601,8.3,78.6,1,26.4,16.2,2023-06-01,232,21.5,6,2023
152,8.9,0.0,1.4,0.0,20230602,4.9,82.0,2,23.9,16.6,2023-06-02,232,20.2,6,2023
153,12.7,0.0,1.5,0.0,20230603,1.4,60.9,3,27.2,14.3,2023-06-03,232,20.8,6,2023
154,11.7,0.0,1.3,0.0,20230604,5.6,59.3,4,27.5,12.3,2023-06-04,232,20.7,6,2023
155,10.8,0.0,1.7,0.0,20230605,5.3,70.6,5,26.5,13.1,2023-06-05,232,20.2,6,2023
156,10.2,0.0,1.1,0.0,20230606,3.8,74.5,6,27.1,13.9,2023-06-06,232,19.8,6,2023
157,3.1,0.0,1.0,0.0,20230607,7.4,80.1,7,25.6,16.3,2023-06-07,232,21.0,6,2023
158,3.8,0.0,1.2,0.0,20230608,8.1,83.3,8,25.0,17.6,2023-06-08,232,21.4,6,2023
159,9.9,0.0,1.3,0.1,20230609,2.8,63.4,9,28.6,17.6,2023-06-09,232,22.4,6,2023
160,6.4,0.0,1.3,0.0,20230610,7.9,69.1,10,29.6,16.6,2023-06-10,232,22.7,6,2023
161,7.6,0.0,1.2,0.0,20230611,5.8,77.4,11,27.7,17.2,2023-06-11,232,22.2,6,2023
162,7.0,0.0,0.9,0.0,20230612,5.5,71.4,12,29.2,16.0,2023-06-12,232,21.9,6,2023
163,10.7,0.0,1.3,0.0,20230613,4.5,72.4,13,28.0,17.0,2023-06-13,232,21.6,6,2023
164,8.1,0.0,1.0,0.0,20230614,6.1,72.5,14,27.2,14.8,2023-06-14,232,20.8,6,2023
165,8.4,0.0,1.0,0.0,20230615,3.1,71.3,15,26.9,14.7,2023-06-15,232,21.3,6,2023
166,12.6,0.0,1.1,0.0,20230616,1.3,70.5,16,29.8,14.6,2023-06-16,232,22.4,6,2023
167,10.9,0.0,1.1,0.0,20230617,4.8,59.4,17,30.9,14.5,2023-06-17,232,23.0,6,2023
168,11.4,0.0,1.0,0.0,20230618,3.3,63.8,18,32.2,16.9,2023-06-18,232,24.2,6,2023
169,11.7,0.0,1.6,0.0,20230619,4.4,68.6,19,33.0,17.9,2023-06-19,232,26.1,6,2023
170,1.2,0.0,1.8,8.9,20230620,8.5,66.4,20,26.5,19.3,2023-06-20,232,23.1,6,2023
171,0.1,0.0,1.3,17.9,20230621,6.5,99.0,21,22.8,19.1,2023-06-21,232,20.5,6,2023
172,7.3,0.0,1.7,2.0,20230622,5.9,82.5,22,26.9,19.4,2023-06-22,232,22.4,6,2023
173,9.6,0.0,0.9,0.0,20230623,3.3,78.6,23,29.6,18.9,2023-06-23,232,23.8,6,2023
174,9.0,0.0,1.0,0.0,20230624,3.8,74.4,24,31.5,19.1,2023-06-24,232,25.3,6,2023
175,9.5,0.0,2.0,0.0,20230625,5.9,68.1,25,31.5,19.3,2023-06-25,232,26.0,6,2023
176,0.0,0.0,1.5,53.5,20230626,9.5,94.9,26,26.3,21.1,2023-06-26,232,23.8,6,2023
177,8.2,0.0,1.5,1.1,20230627,4.3,79.4,27,29.6,21.6,2023-06-27,232,25.5,6,2023
178,3.9,0.0,1.3,0.0,20230628,8.3,85.6,28,27.9,20.4,2023-06-28,232,24.3,6,2023
179,0.0,0.0,1.1,92.9,20230629,9.1,98.6,29,25.5,23.2,2023-06-29,232,24.2,6,2023
180,0.6,0.0,0.6,2.5,20230630,7.6,95.0,30,28.0,23.3,2023-06-30,232,24.9,6,2023
181,6.8,0.0,0.8,0.0,20230701,3.4,84.9,1,32.2,22.5,2023-07-01,232,26.4,7,2023
182,4.6,0.0,0.8,0.0,20230702,6.0,88.0,2,30.4,22.1,2023-07-02,232,25.9,7,2023
183,10.6,0.0,0.9,0.0,20230703,5.3,78.8,3,33.0,22.2,2023-07-03,232,27.4,7,2023
184,0.1,0.0,1.7,69.2,20230704,8.8,97.4,4,27.7,22.7,2023-07-04,232,24.1,7,2023
185,5.1,0.0,2.2,13.0,20230705,4.5,89.8,5,27.7,20.9,2023-07-05,232,23.8,7,2023
186,9.0,0.0,1.0,0.0,20230706,7.3,76.9,6,31.6,20.1,2023-07-06,232,25.2,7,2023
187,0.3,0.0,1.6,13.8,20230707,8.6,95.5,7,26.5,19.3,2023-07-07,232,21.5,7,2023
188,4.1,0.0,1.1,0.4,20230708,6.6,92.1,8,29.5,19.9,2023-07-08,232,24.1,7,2023
189,2.0,0.0,1.2,4.7,20230709,6.9,95.3,9,28.8,22.3,2023-07-09,232,25.0,7,2023
190,7.7,0.0,1.6,15.5,20230710,6.0,86.6,10,30.7,21.2,2023-07-10,232,25.8,7,2023
191,0.0,0.0,1.0,11.6,20230711,8.5,98.3,11,26.0,22.1,2023-07-11,232,23.7,7,2023
192,3.3,0.0,0.7,0.1,20230712,8.0,91.5,12,29.9,22.7,2023-07-12,232,26.2,7,2023
193,0.0,0.0,1.3,35.1,20230713,10.0,99.0,13,26.1,24.3,2023-07-13,232,25.0,7,2023
194,0.0,0.0,1.8,165.3,20230714,9.6,99.0,14,25.7,23.9,2023-07-14,232,24.7,7,2023
195,0.0,0.0,0.8,158.2,20230715,9.9,99.0,15,24.2,22.0,2023-07-15,232,23.1,7,2023
196,0.8,0.0,0.8,0.7,20230716,9.4,97.4,16,27.0,22.0,2023-07-16,232,24.0,7,2023
197,2.4,0.0,0.9,4.6,20230717,9.0,94.4,17,29.4,23.0,2023-07-17,232,25.3,7,2023
198,0.1,0.0,1.0,25.9,20230718,8.4,99.0,18,25.0,22.7,2023-07-18,232,23.7,7,2023
199,7.9,0.0,0.8,0.0,20230719,2.4,0.0,19,32.0,20.9,2023-07-19,232,25.1,7,2023
200,10.4,0.0,0.7,0.0,20230720,3.1,81.4,20,31.3,20.2,2023-07-20,232,25.4,7,2023
201,11.9,0.0,0.8,0.0,20230721,1.6,76.1,21,33.6,21.0,2023-07-21,232,27.2,7,2023
202,4.7,0.0,2.0,0.1,20230722,7.1,79.9,22,29.6,22.7,2023-07-22,232,25.5,7,2023
203,0.0,0.0,1.1,46.8,20230723,9.9,91.4,23,25.6,24.1,2023-07-23,232,24.9,7,2023
204,4.3,0.0,0.9,0.8,20230724,8.1,88.0,24,29.8,23.9,2023-07-24,232,25.8,7,2023
205,1.2,0.0,1.0,0.5,20230725,8.3,88.3,25,28.7,23.5,2023-07-25,232,25.7,7,2023
206,6.3,0.0,1.2,6.8,20230726,8.3,87.3,26,31.4,22.7,2023-07-26,232,25.9,7,2023
207,10.1,0.0,0.9,1.8,20230727,5.0,81.4,27,32.2,22.2,2023-07-27,232,26.9,7,2023
208,10.8,0.0,0.9,0.0,20230728,3.3,80.0,28,33.4,23.3,2023-07-28,232,27.8,7,2023
209,10.3,0.0,0.8,0.0,20230729,3.4,79.6,29,33.4,23.6,2023-07-29,232,28.1,7,2023
210,8.6,0.0,0.9,0.0,20230730,5.6,79.8,30,33.7,23.3,2023-07-30,232,27.4,7,2023
211,6.5,0.0,0.8,0.0,20230731,5.9,80.8,31,31.7,24.2,2023-07-31,232,27.5,7,2023
212,10.7,0.0,0.7,0.0,20230801,4.4,79.0,1,33.8,23.2,2023-08-01,232,28.3,8,2023
213,9.7,0.0,0.8,0.0,20230802,5.4,77.1,2,33.5,23.6,2023-08-02,232,27.8,8,2023
214,11.6,0.0,0.9,0.0,20230803,3.9,74.8,3,33.6,21.7,2023-08-03,232,27.9,8,2023
215,10.2,0.0,0.7,0.0,20230804,5.0,74.4,4,34.2,23.9,2023-08-04,232,28.8,8,2023
216,10.6,0.0,0.9,0.0,20230805,4.1,72.5,5,34.1,24.2,2023-08-05,232,28.8,8,2023
217,10.2,0.0,0.9,0.0,20230806,4.9,74.4,6,35.0,23.3,2023-08-06,232,29.1,8,2023
218,8.2,0.0,1.5,0.0,20230807,6.6,80.9,7,34.9,25.5,2023-08-07,232,28.2,8,2023
219,10.5,0.0,2.0,0.0,20230808,5.5,71.0,8,34.2,24.4,2023-08-08,232,29.4,8,2023
220,4.4,0.0,2.7,10.5,20230809,7.5,76.5,9,30.9,23.4,2023-08-09,232,26.8,8,2023
221,0.0,0.0,2.6,122.3,20230810,9.4,92.3,10,23.6,21.0,2023-08-10,232,22.0,8,2023
222,0.1,0.0,1.3,7.4,20230811,8.5,86.3,11,29.0,21.4,2023-08-11,232,24.8,8,2023
223,3.6,0.0,1.2,1.1,20230812,7.3,85.6,12,28.1,21.6,2023-08-12,232,24.1,8,2023
224,3.8,0.0,0.8,0.0,20230813,7.5,83.3,13,30.8,22.8,2023-08-13,232,26.1,8,2023
225,10.3,0.0,0.9,0.0,20230814,3.5,78.3,14,33.0,22.5,2023-08-14,232,27.3,8,2023
226,10.1,0.0,1.1,0.0,20230815,4.5,77.1,15,32.7,22.8,2023-08-15,232,27.5,8,2023
227,6.3,0.0,0.9,4.0,20230816,5.9,83.3,16,31.4,23.1,2023-08-16,232,25.9,8,2023
228,6.1,0.0,0.9,0.5,20230817,5.9,83.0,17,31.4,21.0,2023-08-17,232,26.1,8,2023
229,8.0,0.0,0.9,0.0,20230818,5.1,80.4,18,33.0,23.2,2023-08-18,232,27.1,8,2023
230,8.4,0.0,0.9,0.0,20230819,4.8,76.4,19,32.8,22.9,2023-08-19,232,27.2,8,2023
231,9.2,0.0,0.8,0.0,20230820,5.5,76.6,20,32.6,23.5,2023-08-20,232,27.3,8,2023
232,6.5,0.0,1.1,0.0,20230821,6.1,79.8,21,33.1,23.4,2023-08-21,232,27.5,8,2023
233,4.1,0.0,1.2,12.0,20230822,6.8,84.0,22,31.1,23.2,2023-08-22,232,26.4,8,2023
234,1.6,0.0,1.3,5.5,20230823,9.4,88.9,23,30.8,23.9,2023-08-23,232,25.9,8,2023
235,1.1,0.0,1.2,20.1,20230824,8.9,92.4,24,30.2,23.5,2023-08-24,232,25.4,8,2023
236,9.1,0.0,1.4,0.0,20230825,2.3,81.0,25,30.3,21.6,2023-08-25,232,25.4,8,2023
237,7.9,0.0,0.8,0.0,20230826,5.1,84.4,26,29.8,20.7,2023-08-26,232,24.0,8,2023
238,3.6,0.0,0.9,0.0,20230827,0.0,80.5,27,29.8,19.6,2023-08-27,232,25.1,8,2023
239,0.0,0.0,2.4,0.0,20230828,9.9,76.9,28,27.8,23.0,2023-08-28,232,25.5,8,2023
240,0.0,0.0,1.6,2.3,20230829,9.5,87.8,29,27.1,20.9,2023-08-29,232,24.4,8,2023
241,0.0,0.0,0.5,10.8,20230830,8.6,96.3,30,23.2,20.7,2023-08-30,232,21.4,8,2023
242,4.3,0.0,0.5,0.0,20230831,6.5,85.1,31,27.2,18.7,2023-08-31,232,22.1,8,2023
243,8.3,0.0,0.9,0.0,20230901,2.4,81.9,1,29.4,17.3,2023-09-01,232,22.1,9,2023
244,11.2,0.0,0.8,0.0,20230902,2.1,74.9,2,30.4,16.9,2023-09-02,232,23.8,9,2023
245,7.4,0.0,1.2,0.3,20230903,6.3,81.9,3,31.2,22.0,2023-09-03,232,26.1,9,2023
246,2.9,0.0,0.9,0.0,20230904,9.1,83.4,4,30.8,23.3,2023-09-04,232,26.7,9,2023
247,4.8,0.0,1.0,0.0,20230905,6.8,78.9,5,30.6,21.7,2023-09-05,232,25.6,9,2023
248,10.9,0.0,1.3,0.0,20230906,2.3,75.4,6,30.8,20.3,2023-09-06,232,25.2,9,2023
249,11.9,0.0,1.2,0.0,20230907,0.0,69.3,7,29.8,16.6,2023-09-07,232,23.2,9,2023
250,11.9,0.0,0.9,0.0,20230908,0.1,72.4,8,28.9,15.4,2023-09-08,232,21.8,9,2023
251,9.6,0.0,0.7,0.0,20230909,2.5,76.8,9,30.2,16.3,2023-09-09,232,23.2,9,2023
252,8.4,0.0,0.8,0.0,20230910,4.9,74.9,10,30.4,17.6,2023-09-10,232,23.6,9,2023
253,9.4,0.0,0.8,0.0,20230911,5.3,75.3,11,29.9,19.2,2023-09-11,232,24.0,9,2023
254,9.6,0.0,0.7,0.0,20230912,7.4,76.3,12,29.4,19.2,2023-09-12,232,23.7,9,2023
255,0.0,0.0,0.6,32.3,20230913,10.0,94.8,13,21.9,19.4,2023-09-13,232,20.6,9,2023
256,0.3,0.0,1.5,4.4,20230914,9.5,88.1,14,24.7,19.4,2023-09-14,232,22.2,9,2023
257,0.0,0.0,1.5,10.7,20230915,9.9,94.4,15,24.4,20.4,2023-09-15,232,22.0,9,2023
258,1.2,0.0,1.1,26.0,20230916,9.5,95.1,16,26.4,21.8,2023-09-16,232,23.1,9,2023
259,2.8,0.0,0.7,0.0,20230917,7.0,88.1,17,28.3,21.6,2023-09-17,232,24.1,9,2023
260,5.3,0.0,0.8,0.0,20230918,4.9,86.1,18,27.9,20.1,2023-09-18,232,23.8,9,2023
261,2.2,0.0,0.6,0.0,20230919,7.4,88.1,19,27.1,18.9,2023-09-19,232,22.2,9,2023
262,0.0,0.0,2.5,61.7,20230920,8.3,93.0,20,22.2,19.6,2023-09-20,232,20.8,9,2023
263,0.5,0.0,1.3,0.1,20230921,7.3,82.0,21,22.5,14.6,2023-09-21,232,18.9,9,2023
264,8.2,0.0,0.7,0.0,20230922,3.0,83.0,22,24.6,12.9,2023-09-22,232,17.6,9,2023
265,7.6,0.0,1.1,0.0,20230923,6.6,76.6,23,25.4,13.3,2023-09-23,232,19.4,9,2023
266,9.2,0.0,2.6,0.0,20230924,5.0,64.4,24,25.0,15.0,2023-09-24,232,20.2,9,2023
267,4.2,0.0,1.3,4.8,20230925,8.8,76.9,25,25.9,17.5,2023-09-25,232,21.0,9,2023
268,0.0,0.0,1.3,34.8,20230926,0.0,96.3,26,21.7,19.1,2023-09-26,232,20.5,9,2023
269,0.0,0.0,1.2,2.8,20230927,9.4,95.1,27,23.9,20.1,2023-09-27,232,21.2,9,2023
270,5.3,0.0,0.9,0.0,20230928,4.9,85.5,28,26.5,17.8,2023-09-28,232,21.4,9,2023
271,0.9,0.0,0.6,0.0,20230929,8.5,82.4,29,24.3,16.2,2023-09-29,232,19.2,9,2023
272,5.1,0.0,1.0,2.2,20230930,6.9,84.0,30,23.1,15.6,2023-09-30,232,18.5,9,2023
273,10.9,0.0,1.2,0.0,20231001,0.1,71.3,1,23.0,11.5,2023-10-01,232,16.6,10,2023
274,10.2,0.0,0.9,0.0,20231002,3.6,71.9,2,23.6,9.0,2023-10-02,232,15.4,10,2023
275,2.5,0.0,0.7,0.0,20231003,6.0,83.9,3,20.9,9.4,2023-10-03,232,14.6,10,2023
276,6.5,0.0,1.1,0.4,20231004,5.5,77.9,4,23.6,9.8,2023-10-04,232,16.8,10,2023
277,10.9,0.0,1.9,0.0,20231005,2.1,48.0,5,18.5,9.6,2023-10-05,232,14.1,10,2023
278,8.9,0.0,0.7,0.0,20231006,7.3,72.0,6,20.4,6.3,2023-10-06,232,12.9,10,2023
279,2.7,0.0,1.3,0.0,20231007,9.4,75.6,7,20.5,8.5,2023-10-07,232,14.9,10,2023
280,0.0,0.0,2.0,0.1,20231008,8.1,74.4,8,20.1,14.2,2023-10-08,232,16.7,10,2023
281,4.5,0.0,0.9,0.0,20231009,6.4,77.5,9,22.1,11.9,2023-10-09,232,16.6,10,2023
282,9.9,0.0,0.9,0.0,20231010,2.5,79.6,10,22.5,10.0,2023-10-10,232,15.5,10,2023
283,9.4,0.0,0.8,0.0,20231011,2.3,75.8,11,22.7,9.4,2023-10-11,232,14.7,10,2023
284,10.4,0.0,0.7,0.0,20231012,4.4,74.1,12,22.8,7.7,2023-10-12,232,14.5,10,2023
285,1.5,0.0,0.5,0.0,20231013,7.5,80.9,13,21.4,10.6,2023-10-13,232,14.8,10,2023
286,3.0,0.0,0.8,18.2,20231014,7.0,91.3,14,21.1,9.4,2023-10-14,232,13.0,10,2023
287,5.6,0.0,0.9,0.0,20231015,4.0,84.8,15,20.7,10.2,2023-10-15,232,14.0,10,2023
288,9.1,0.0,1.0,0.0,20231016,1.5,76.5,16,19.4,6.2,2023-10-16,232,12.6,10,2023
289,10.6,0.0,0.6,0.0,20231017,0.0,75.0,17,20.3,3.1,2023-10-17,232,11.0,10,2023
290,9.6,0.0,0.8,0.0,20231018,3.9,76.6,18,22.6,5.2,2023-10-18,232,13.1,10,2023
291,0.0,0.0,0.6,8.9,20231019,7.9,95.1,19,17.3,9.3,2023-10-19,232,14.1,10,2023
292,8.6,0.0,2.3,0.0,20231020,3.5,53.0,20,15.3,9.6,2023-10-20,232,12.3,10,2023
293,6.5,0.0,1.1,1.1,20231021,1.4,74.1,21,17.2,1.7,2023-10-21,232,8.7,10,2023
294,7.7,0.0,0.7,0.0,20231022,3.8,77.4,22,18.8,1.6,2023-10-22,232,10.2,10,2023
295,5.4,0.0,0.5,0.0,20231023,4.0,82.6,23,20.3,6.6,2023-10-23,232,12.8,10,2023
296,1.1,0.0,0.6,0.0,20231024,5.6,90.9,24,18.5,7.3,2023-10-24,232,12.3,10,2023
297,7.2,0.0,0.5,0.0,20231025,3.6,87.0,25,21.4,8.8,2023-10-25,232,13.7,10,2023
298,4.8,0.0,0.9,0.0,20231026,6.4,84.3,26,22.4,9.6,2023-10-26,232,16.1,10,2023
299,3.2,0.0,1.1,0.0,20231027,4.3,78.5,27,18.6,9.2,2023-10-27,232,13.8,10,2023
300,5.9,0.0,0.6,0.0,20231028,1.5,77.6,28,19.7,6.8,2023-10-28,232,11.5,10,2023
301,9.7,0.0,0.5,0.0,20231029,0.3,77.5,29,20.5,3.9,2023-10-29,232,11.3,10,2023
302,9.6,0.0,0.7,0.0,20231030,3.4,78.8,30,21.3,5.8,2023-10-30,232,12.2,10,2023
303,6.5,0.0,0.6,0.0,20231031,4.9,80.5,31,20.8,8.1,2023-10-31,232,13.5,10,2023
304,2.0,0.0,1.2,0.0,20231101,6.3,81.8,1,23.4,10.1,2023-11-01,232,17.1,11,2023
305,9.4,0.0,1.0,0.0,20231102,1.4,68.4,2,25.8,12.2,2023-11-02,232,18.4,11,2023
306,4.0,0.0,1.2,0.0,20231103,6.4,79.9,3,24.1,11.6,2023-11-03,232,18.2,11,2023
307,0.0,0.0,0.8,0.0,20231104,7.9,87.8,4,21.3,15.5,2023-11-04,232,17.8,11,2023
308,1.0,0.0,2.6,16.9,20231105,9.4,81.5,5,23.7,15.6,2023-11-05,232,19.0,11,2023
309,2.2,0.0,4.2,21.0,20231106,7.9,75.4,6,20.5,7.7,2023-11-06,232,14.9,11,2023
310,8.4,0.0,2.3,0.4,20231107,0.5,67.6,7,10.7,1.3,2023-11-07,232,6.9,11,2023
311,0.0,0.0,0.6,0.0,20231108,2.0,73.6,8,16.6,-1.1,2023-11-08,232,6.6,11,2023
312,0.0,0.0,1.0,0.5,20231109,7.4,79.5,9,19.2,2.3,2023-11-09,232,11.2,11,2023
313,9.3,0.0,2.0,0.0,20231110,2.1,49.0,10,12.5,-0.1,2023-11-10,232,5.3,11,2023
314,6.1,0.0,1.0,0.0,20231111,3.9,63.6,11,6.4,-2.5,2023-11-11,232,1.3,11,2023
315,4.9,0.0,1.0,0.0,20231112,3.3,69.0,12,6.0,-3.4,2023-11-12,232,0.8,11,2023
316,9.7,0.0,1.1,0.0,20231113,0.3,68.9,13,8.0,-4.3,2023-11-13,232,1.6,11,2023
317,0.0,0.0,0.8,0.0,20231114,2.3,73.5,14,11.2,-1.7,2023-11-14,232,4.6,11,2023
318,0.0,0.0,0.8,0.0,20231115,2.9,77.6,15,13.1,0.1,2023-11-15,232,5.2,11,2023
319,0.0,0.0,0.7,8.8,20231116,8.3,93.5,16,7.5,1.3,2023-11-16,232,5.1,11,2023
320,4.1,0.0,1.6,3.2,20231117,6.3,76.3,17,6.7,-1.0,2023-11-17,232,2.4,11,2023
321,0.0,0.0,1.8,0.0,20231118,3.1,68.5,18,6.8,-2.7,2023-11-18,232,1.7,11,2023
322,0.0,0.0,1.6,0.0,20231119,3.4,73.8,19,13.6,-0.9,2023-11-19,232,7.2,11,2023
323,0.0,0.0,0.9,0.0,20231120,0.0,66.6,20,12.6,-1.2,2023-11-20,232,4.4,11,2023
324,9.4,0.0,0.5,0.0,20231121,0.0,70.6,21,14.9,-3.2,2023-11-21,232,4.3,11,2023
325,9.1,0.0,0.7,0.0,20231122,2.9,77.8,22,15.2,-2.1,2023-11-22,232,6.7,11,2023
326,8.0,0.0,2.1,0.0,20231123,2.9,67.9,23,16.3,4.3,2023-11-23,232,10.3,11,2023
327,0.0,0.0,2.6,0.0,20231124,1.4,51.5,24,4.3,-2.5,2023-11-24,232,0.6,11,2023
328,9.4,0.0,1.0,0.0,20231125,0.9,53.1,25,4.3,-7.4,2023-11-25,232,-1.9,11,2023
329,3.0,0.0,0.8,0.0,20231126,5.5,57.0,26,7.7,-4.0,2023-11-26,232,3.4,11,2023
330,0.8,0.0,1.4,5.0,20231127,6.1,88.8,27,10.4,4.1,2023-11-27,232,6.7,11,2023
331,0.0,0.0,1.6,0.0,20231128,3.0,68.6,28,7.1,-1.1,2023-11-28,232,2.6,11,2023
332,0.0,0.0,1.3,1.1,20231129,7.1,73.6,29,5.5,-2.3,2023-11-29,232,1.3,11,2023
333,0.0,0.0,1.9,0.0,20231130,0.0,57.1,30,0.9,-6.1,2023-11-30,232,-2.5,11,2023
334,0.0,0.0,1.4,0.0,20231201,0.5,65.4,1,2.1,-7.4,2023-12-01,232,-2.6,12,2023
335,0.0,0.0,1.1,0.0,20231202,3.4,73.3,2,9.0,-6.8,2023-12-02,232,1.3,12,2023
336,0.0,0.0,1.1,0.0,20231203,0.0,60.8,3,6.8,-4.0,2023-12-03,232,0.8,12,2023
337,0.0,0.0,0.6,0.0,20231204,2.0,74.3,4,9.0,-6.2,2023-12-04,232,0.2,12,2023
338,5.9,0.0,0.6,0.0,20231205,3.6,75.1,5,11.3,-3.4,2023-12-05,232,2.5,12,2023
339,0.0,0.0,1.2,5.1,20231206,5.1,82.3,6,10.9,-1.8,2023-12-06,232,5.2,12,2023
340,8.2,0.0,1.6,0.0,20231207,1.0,64.9,7,12.3,-0.8,2023-12-07,232,5.4,12,2023
341,0.0,0.0,2.0,0.0,20231208,0.8,70.8,8,18.5,-0.3,2023-12-08,232,10.4,12,2023
342,5.8,0.0,1.3,0.0,20231209,4.4,79.6,9,19.1,8.2,2023-12-09,232,13.4,12,2023
343,3.7,0.0,0.9,0.0,20231210,8.0,82.3,10,17.6,7.3,2023-12-10,232,12.3,12,2023
344,0.0,0.0,3.3,21.3,20231211,8.1,83.0,11,14.0,8.4,2023-12-11,232,11.7,12,2023
345,0.2,0.0,1.9,0.0,20231212,4.6,73.3,12,9.8,2.6,2023-12-12,232,7.0,12,2023
346,2.1,0.0,1.1,0.0,20231213,7.1,76.1,13,12.5,1.0,2023-12-13,232,7.9,12,2023
347,0.0,0.0,2.6,19.1,20231214,8.8,82.1,14,10.7,8.9,2023-12-14,232,9.8,12,2023
348,0.0,0.0,1.9,35.0,20231215,7.1,96.0,15,10.1,5.6,2023-12-15,232,7.5,12,2023
349,0.0,0.0,3.5,1.9,20231216,8.6,85.5,16,5.7,-7.9,2023-12-16,232,-2.2,12,2023
350,0.0,0.0,1.3,0.0,20231217,0.8,65.8,17,-6.0,-12.6,2023-12-17,232,-9.4,12,2023
351,3.2,0.0,0.7,0.0,20231218,8.6,69.9,18,-3.5,-13.5,2023-12-18,232,-7.8,12,2023
352,2.0,0.0,0.5,0.0,20231219,8.4,69.8,19,0.6,-9.0,2023-12-19,232,-3.4,12,2023
353,0.0,0.0,2.0,0.6,20231220,4.1,67.1,20,-1.2,-9.6,2023-12-20,232,-5.6,12,2023
354,0.0,0.0,1.8,0.0,20231221,1.9,60.4,21,-6.6,-12.2,2023-12-21,232,-9.7,12,2023
355,0.0,0.0,1.6,0.0,20231222,0.1,59.0,22,-6.2,-14.3,2023-12-22,232,-10.2,12,2023
356,0.0,0.0,0.7,0.0,20231223,5.8,67.1,23,-2.2,-14.7,2023-12-23,232,-7.5,12,2023
357,6.1,0.0,0.9,0.0,20231224,5.0,73.4,24,2.6,-5.0,2023-12-24,232,-1.9,12,2023
358,3.2,0.0,0.4,0.3,20231225,5.3,89.5,25,1.9,-5.6,2023-12-25,232,-1.9,12,2023
359,4.5,0.0,0.6,0.0,20231226,5.9,85.6,26,7.2,-2.6,2023-12-26,232,0.8,12,2023
360,7.9,0.0,0.4,0.0,20231227,1.8,85.5,27,7.7,-3.9,2023-12-27,232,0.6,12,2023
361,1.7,0.0,0.6,0.0,20231228,4.1,90.8,28,5.8,-3.7,2023-12-28,232,-0.4,12,2023
362,3.5,0.0,0.6,0.0,20231229,4.0,84.0,29,6.2,-3.0,2023-12-29,232,0.6,12,2023
363,0.0,0.0,0.9,2.9,20231230,6.5,93.0,30,2.7,-4.3,2023-12-30,232,0.1,12,2023
364,0.0,0.0,1.4,3.3,20231231,4.5,90.4,31,5.1,2.1,2023-12-31,232,3.4,12,2023
