,rainfall,cloud,wind,date,day,snow,tmax,Date,tavg,year,month,humid,station_id,sunshine,tmin
0,0.5,7.1,2.4,20120101,1,1.1,1.0,2012-01-01,-1.9,2012,1,75.0,232,0.4,-6.6
1,0.0,4.9,1.3,20120102,2,0.0,0.6,2012-01-02,-4.0,2012,1,72.8,232,3.5,-10.1
2,1.0,8.3,2.4,20120103,3,1.9,1.7,2012-01-03,-3.3,2012,1,75.6,232,2.5,-7.4
3,2.4,7.9,3.3,20120104,4,3.5,-3.0,2012-01-04,-5.2,2012,1,70.5,232,4.5,-6.9
4,0.0,2.9,1.5,20120105,5,0.0,-0.6,2012-01-05,-6.0,2012,1,71.0,232,7.3,-10.9
5,0.0,3.3,1.9,20120106,6,0.0,2.3,2012-01-06,-3.5,2012,1,60.4,232,7.8,-9.5
6,0.0,0.0,1.1,20120107,7,0.0,1.8,2012-01-07,-5.6,2012,1,64.4,232,8.6,-11.9
7,0.0,3.8,1.3,20120108,8,0.0,1.9,2012-01-08,-4.2,2012,1,72.9,232,4.7,-10.6
8,0.0,7.0,0.8,20120109,9,0.0,3.5,2012-01-09,-1.2,2012,1,78.1,232,0.1,-6.4
9,0.0,3.8,2.1,20120110,10,0.0,3.1,2012-01-10,-0.4,2012,1,55.6,232,8.0,-5.4
10,0.0,0.3,3.3,20120111,11,0.0,-0.4,2012-01-11,-5.1,2012,1,55.9,232,8.6,-10.2
11,0.0,3.9,1.6,20120112,12,0.0,2.2,2012-01-12,-4.5,2012,1,69.1,232,7.2,-11.2
12,0.0,3.9,1.9,20120113,13,0.0,3.8,2012-01-13,-1.2,2012,1,68.1,232,2.7,-5.1
13,0.0,1.4,1.2,20120114,14,0.0,3.8,2012-01-14,-3.5,2012,1,61.6,232,8.8,-10.2
14,0.0,7.4,1.5,20120115,15,0.0,2.0,2012-01-15,-2.6,2012,1,56.0,232,2.8,-6.1
15,0.0,2.5,0.8,20120116,16,0.0,8.7,2012-01-16,-0.9,2012,1,65.0,232,7.8,-8.8
16,0.0,4.5,1.4,20120117,17,0.0,9.6,2012-01-17,0.5,2012,1,76.4,232,3.4,-4.0
17,0.0,3.3,1.2,20120118,18,0.0,5.9,2012-01-18,-0.5,2012,1,67.0,232,5.0,-5.6
18,3.5,9.8,0.7,20120119,19,0.0,5.7,2012-01-19,3.1,2012,1,84.8,232,0.0,-1.0
19,0.2,9.5,1.7,20120120,20,0.0,8.1,2012-01-20,5.1,2012,1,76.9,232,0.0,1.7
20,0.5,9.9,2.0,20120121,21,0.0,4.2,2012-01-21,2.2,2012,1,82.9,232,0.0,-0.7
21,0.0,3.5,4.8,20120122,22,0.0,-0.7,2012-01-22,-5.0,2012,1,51.6,232,7.9,-8.4
22,0.0,0.9,3.2,20120123,23,0.0,-3.8,2012-01-23,-7.3,2012,1,46.1,232,8.6,-11.9
23,0.2,2.3,1.7,20120124,24,0.4,-1.8,2012-01-24,-7.1,2012,1,52.9,232,9.2,-12.8
24,2.2,3.3,2.8,20120125,25,4.1,-3.7,2012-01-25,-7.4,2012,1,63.1,232,9.3,-12.6
25,0.0,2.9,2.2,20120126,26,0.0,2.4,2012-01-26,-3.9,2012,1,74.3,232,3.5,-12.2
26,0.1,5.1,1.5,20120127,27,0.3,5.3,2012-01-27,-0.5,2012,1,84.0,232,2.1,-6.0
27,0.0,4.6,1.9,20120128,28,0.0,4.2,2012-01-28,-0.7,2012,1,37.5,232,8.0,-5.4
28,0.0,0.9,2.6,20120129,29,0.0,2.8,2012-01-29,-2.1,2012,1,41.6,232,7.6,-7.0
29,0.0,0.0,2.6,20120130,30,0.0,0.5,2012-01-30,-4.2,2012,1,36.4,232,9.4,-8.9
30,3.9,7.0,2.1,20120131,31,5.5,1.4,2012-01-31,-3.9,2012,1,66.4,232,1.8,-11.4
31,0.0,2.5,0.0,20120201,1,0.0,-3.2,2012-02-01,-9.4,2012,2,58.9,232,6.3,-12.9
32,0.0,1.1,3.1,20120202,2,0.0,-9.0,2012-02-02,-12.5,2012,2,58.6,232,9.5,-15.8
33,0.0,2.4,1.2,20120203,3,0.0,-2.8,2012-02-03,-9.6,2012,2,67.3,232,9.3,-17.8
34,0.0,4.3,1.9,20120204,4,0.1,3.4,2012-02-04,-2.9,2012,2,58.8,232,7.4,-9.3
35,0.0,3.8,0.7,20120205,5,0.0,6.0,2012-02-05,-1.4,2012,2,53.1,232,7.2,-5.5
36,0.0,8.5,1.3,20120206,6,0.0,6.2,2012-02-06,0.6,2012,2,55.1,232,0.4,-5.7
37,0.0,5.1,5.5,20120207,7,0.0,1.0,2012-02-07,-6.0,2012,2,53.1,232,6.9,-9.3
38,0.0,4.9,2.7,20120208,8,0.1,-2.7,2012-02-08,-7.3,2012,2,54.1,232,7.5,-12.7
39,1.0,3.8,1.8,20120209,9,2.7,1.7,2012-02-09,-4.6,2012,2,70.1,232,8.4,-14.5
40,0.0,4.1,2.4,20120210,10,0.0,4.1,2012-02-10,-1.8,2012,2,63.5,232,6.8,-7.8
41,0.0,0.0,1.9,20120211,11,0.0,2.6,2012-02-11,-4.2,2012,2,47.4,232,10.0,-10.9
42,0.0,4.4,1.2,20120212,12,0.0,5.6,2012-02-12,-1.0,2012,2,53.3,232,8.1,-8.6
43,0.0,5.5,0.8,20120213,13,0.0,9.2,2012-02-13,2.4,2012,2,48.3,232,3.7,-2.3
44,0.0,5.0,2.1,20120214,14,0.0,8.4,2012-02-14,2.0,2012,2,64.4,232,5.7,-3.1
45,0.0,6.1,3.2,20120215,15,0.0,3.9,2012-02-15,0.0,2012,2,46.0,232,6.3,-2.6
46,0.0,3.3,3.8,20120216,16,0.0,3.9,2012-02-16,-1.0,2012,2,38.1,232,9.5,-7.0
47,0.6,3.5,4.6,20120217,17,1.5,-1.4,2012-02-17,-4.6,2012,2,50.1,232,8.0,-7.1
48,0.0,2.8,3.3,20120218,18,0.0,-2.3,2012-02-18,-5.3,2012,2,50.9,232,9.9,-9.3
49,0.1,0.3,2.1,20120219,19,0.2,1.5,2012-02-19,-4.7,2012,2,47.3,232,10.2,-11.7
50,0.0,1.1,1.5,20120220,20,0.0,7.3,2012-02-20,-2.1,2012,2,50.3,232,9.9,-10.5
51,0.0,4.9,0.4,20120221,21,0.0,7.8,2012-02-21,0.7,2012,2,54.9,232,2.4,-5.8
52,0.0,5.1,1.6,20120222,22,0.0,11.5,2012-02-22,4.3,2012,2,62.6,232,6.1,-3.7
53,0.1,7.8,2.9,20120223,23,0.0,7.6,2012-02-23,3.6,2012,2,72.8,232,3.1,-1.8
54,0.5,7.0,1.6,20120224,24,0.0,10.7,2012-02-24,3.6,2012,2,70.4,232,3.9,-3.6
55,0.0,6.6,3.4,20120225,25,0.0,3.3,2012-02-25,0.8,2012,2,69.4,232,1.1,-1.8
56,0.0,5.4,2.9,20120226,26,0.0,2.8,2012-02-26,-1.2,2012,2,46.8,232,3.8,-3.2
57,0.0,0.5,1.6,20120227,27,0.0,5.2,2012-02-27,-1.6,2012,2,46.6,232,10.3,-8.6
58,0.0,5.3,1.1,20120228,28,0.0,8.1,2012-02-28,1.0,2012,2,54.5,232,1.9,-6.8
59,0.0,2.9,1.6,20120229,29,0.0,13.1,2012-02-29,4.5,2012,2,56.3,232,8.4,-4.8
60,0.0,6.0,1.4,20120301,1,0.0,15.4,2012-03-01,6.2,2012,3,42.1,232,7.8,-1.6
61,2.0,9.1,1.2,20120302,2,0.0,7.1,2012-03-02,4.7,2012,3,73.3,232,0.5,2.7
62,0.0,4.8,2.2,20120303,3,0.0,13.0,2012-03-03,7.0,2012,3,63.4,232,5.8,0.4
63,0.3,9.3,4.1,20120304,4,0.0,9.0,2012-03-04,6.2,2012,3,58.8,232,0.6,3.5
64,9.5,10.0,3.7,20120305,5,0.0,6.4,2012-03-05,4.9,2012,3,82.6,232,0.0,3.7
65,1.5,9.4,3.8,20120306,6,0.0,6.6,2012-03-06,4.6,2012,3,75.0,232,0.4,2.8
66,0.0,7.5,2.4,20120307,7,0.0,7.5,2012-03-07,3.1,2012,3,65.8,232,1.4,-1.0
67,0.0,6.3,2.5,20120308,8,0.0,6.8,2012-03-08,1.5,2012,3,64.3,232,4.4,-2.2
68,0.0,6.5,2.1,20120309,9,0.0,8.7,2012-03-09,2.0,2012,3,63.9,232,6.0,-3.2
69,0.0,5.8,2.7,20120310,10,0.0,9.1,2012-03-10,3.4,2012,3,63.3,232,7.5,-0.3
70,0.0,4.0,6.2,20120311,11,0.0,2.2,2012-03-11,-0.6,2012,3,49.8,232,8.4,-2.8
71,0.0,0.0,3.9,20120312,12,0.0,3.0,2012-03-12,-1.1,2012,3,43.1,232,11.1,-4.7
72,0.0,0.8,1.9,20120313,13,0.0,8.4,2012-03-13,1.0,2012,3,58.8,232,10.4,-5.6
73,0.0,4.1,2.9,20120314,14,0.0,10.7,2012-03-14,3.9,2012,3,67.5,232,6.0,-3.0
74,0.0,2.3,1.4,20120315,15,0.0,13.2,2012-03-15,4.8,2012,3,48.0,232,10.4,-3.8
75,3.0,10.0,2.6,20120316,16,0.0,12.4,2012-03-16,7.7,2012,3,59.5,232,0.3,2.6
76,3.5,9.4,1.2,20120317,17,0.0,11.6,2012-03-17,8.7,2012,3,87.8,232,0.0,6.2
77,0.0,5.5,3.3,20120318,18,0.0,9.8,2012-03-18,6.2,2012,3,80.6,232,3.5,1.9
78,0.0,1.8,2.5,20120319,19,0.0,6.5,2012-03-19,1.9,2012,3,54.5,232,7.4,-2.3
79,0.0,0.6,3.5,20120320,20,0.0,8.1,2012-03-20,2.4,2012,3,51.4,232,10.6,-4.0
80,0.0,0.6,2.0,20120321,21,0.0,11.1,2012-03-21,3.7,2012,3,46.8,232,10.8,-4.2
81,0.1,9.8,1.5,20120322,22,0.0,11.8,2012-03-22,7.1,2012,3,60.6,232,1.7,1.8
82,17.0,10.0,2.7,20120323,23,0.0,8.5,2012-03-23,5.9,2012,3,86.4,232,0.0,2.9
83,0.5,4.4,6.3,20120324,24,0.0,8.1,2012-03-24,4.1,2012,3,59.1,232,8.0,2.0
84,0.0,1.9,5.3,20120325,25,0.0,7.8,2012-03-25,3.8,2012,3,47.6,232,10.6,0.7
85,0.0,0.0,2.9,20120326,26,0.0,9.8,2012-03-26,3.6,2012,3,47.6,232,11.5,-1.4
86,0.0,3.6,2.7,20120327,27,0.0,15.4,2012-03-27,7.1,2012,3,50.0,232,6.5,-2.7
87,0.0,3.4,1.3,20120328,28,0.0,16.8,2012-03-28,9.1,2012,3,61.5,232,7.5,3.6
88,0.5,5.6,2.9,20120329,29,0.0,20.7,2012-03-29,13.1,2012,3,53.4,232,6.3,1.6
89,7.0,9.5,3.4,20120330,30,0.0,15.7,2012-03-30,10.5,2012,3,77.6,232,0.0,4.9
90,0.0,3.1,4.2,20120331,31,0.0,11.2,2012-03-31,5.9,2012,3,47.3,232,8.6,1.8
91,0.0,0.0,2.8,20120401,1,0.0,9.8,2012-04-01,4.5,2012,4,39.3,232,11.0,-0.7
92,1.0,8.3,2.9,20120402,2,0.0,17.4,2012-04-02,10.4,2012,4,54.5,232,1.0,0.6
93,34.5,6.1,6.0,20120403,3,0.0,13.6,2012-04-03,5.7,2012,4,69.5,232,2.2,2.7
94,0.0,0.9,3.7,20120404,4,0.0,14.8,2012-04-04,7.6,2012,4,62.0,232,8.8,-0.7
95,0.0,0.0,3.9,20120405,5,0.0,12.8,2012-04-05,6.1,2012,4,52.6,232,11.8,-0.2
96,0.0,1.4,4.2,20120406,6,0.0,11.0,2012-04-06,5.1,2012,4,50.1,232,9.6,-0.9
97,0.0,0.0,2.4,20120407,7,0.0,13.2,2012-04-07,6.4,2012,4,46.8,232,11.8,-0.4
98,0.0,1.0,3.7,20120408,8,0.0,20.6,2012-04-08,14.0,2012,4,41.4,232,11.0,2.5
99,0.0,4.1,1.5,20120409,9,0.0,24.0,2012-04-09,16.5,2012,4,63.5,232,7.1,10.5
100,2.5,9.5,1.8,20120410,10,0.0,17.7,2012-04-10,13.8,2012,4,82.0,232,0.0,10.1
101,0.5,5.8,3.4,20120411,11,0.0,17.0,2012-04-11,12.2,2012,4,79.4,232,3.0,6.6
102,0.0,5.1,2.3,20120412,12,0.0,15.2,2012-04-12,8.8,2012,4,54.1,232,6.0,2.1
103,0.1,9.6,2.0,20120413,13,0.0,15.2,2012-04-13,9.7,2012,4,50.9,232,0.0,6.2
104,0.0,2.8,2.2,20120414,14,0.0,18.4,2012-04-14,10.0,2012,4,69.4,232,7.5,3.3
105,0.0,3.5,1.6,20120415,15,0.0,23.4,2012-04-15,12.8,2012,4,57.6,232,10.8,4.3
106,0.0,1.1,2.5,20120416,16,0.0,17.6,2012-04-16,10.4,2012,4,64.9,232,9.8,4.2
107,0.0,0.4,1.8,20120417,17,0.0,20.5,2012-04-17,11.4,2012,4,47.4,232,12.1,1.6
108,0.0,5.0,1.8,20120418,18,0.0,23.2,2012-04-18,14.0,2012,4,44.8,232,8.9,4.1
109,0.0,7.5,2.1,20120419,19,0.0,24.0,2012-04-19,15.8,2012,4,39.8,232,6.3,8.1
110,0.0,7.0,3.9,20120420,20,0.0,22.2,2012-04-20,17.3,2012,4,48.1,232,8.7,13.3
111,26.0,10.0,4.7,20120421,21,0.0,15.3,2012-04-21,13.0,2012,4,78.3,232,0.0,11.4
112,2.5,9.4,2.7,20120422,22,0.0,14.6,2012-04-22,11.0,2012,4,83.4,232,0.0,9.2
113,0.0,4.5,2.0,20120423,23,0.0,23.3,2012-04-23,15.5,2012,4,74.5,232,2.3,8.4
114,0.0,4.1,1.9,20120424,24,0.0,29.7,2012-04-24,19.5,2012,4,60.8,232,9.5,10.6
115,14.0,10.0,4.0,20120425,25,0.0,20.9,2012-04-25,16.1,2012,4,65.4,232,0.0,10.9
116,0.5,1.8,4.6,20120426,26,0.0,16.8,2012-04-26,12.2,2012,4,49.4,232,12.8,7.1
117,0.0,0.0,3.4,20120427,27,0.0,24.9,2012-04-27,15.0,2012,4,38.0,232,12.1,6.6
118,0.0,0.9,2.5,20120428,28,0.0,25.6,2012-04-28,17.6,2012,4,43.4,232,10.1,8.3
119,0.0,7.4,1.5,20120429,29,0.0,23.9,2012-04-29,17.1,2012,4,59.5,232,0.7,9.8
120,0.0,0.8,3.3,20120430,30,0.0,27.5,2012-04-30,20.0,2012,4,51.0,232,12.5,9.9
121,0.0,8.0,2.0,20120501,1,0.0,26.5,2012-05-01,20.7,2012,5,60.8,232,2.8,13.5
122,0.0,5.6,2.4,20120502,2,0.0,29.5,2012-05-02,22.5,2012,5,54.5,232,8.4,17.3
123,0.0,1.9,2.2,20120503,3,0.0,26.1,2012-05-03,19.8,2012,5,59.9,232,7.8,13.6
124,0.0,0.0,2.2,20120504,4,0.0,27.4,2012-05-04,19.4,2012,5,55.6,232,12.4,10.9
125,0.0,1.1,2.7,20120505,5,0.0,27.1,2012-05-05,18.8,2012,5,46.0,232,12.0,12.2
126,0.0,1.3,2.4,20120506,6,0.0,25.1,2012-05-06,17.3,2012,5,41.3,232,11.4,8.6
127,0.0,2.4,1.6,20120507,7,0.0,26.8,2012-05-07,17.6,2012,5,46.8,232,10.2,7.8
128,0.3,5.8,1.6,20120508,8,0.0,28.7,2012-05-08,19.5,2012,5,54.6,232,7.5,10.9
129,0.0,1.4,1.4,20120509,9,0.0,27.1,2012-05-09,19.0,2012,5,64.0,232,8.4,13.5
130,0.0,2.4,2.0,20120510,10,0.0,27.6,2012-05-10,19.4,2012,5,58.3,232,11.0,11.4
131,0.0,7.9,2.1,20120511,11,0.0,21.6,2012-05-11,16.5,2012,5,60.0,232,1.2,13.4
132,0.0,5.8,2.3,20120512,12,0.0,23.6,2012-05-12,16.4,2012,5,63.0,232,8.8,10.9
133,0.0,7.1,1.3,20120513,13,0.0,25.6,2012-05-13,19.0,2012,5,63.5,232,4.8,13.9
134,16.0,10.0,1.2,20120514,14,0.0,17.3,2012-05-14,16.0,2012,5,83.3,232,0.0,15.3
135,0.0,7.8,2.4,20120515,15,0.0,23.6,2012-05-15,17.0,2012,5,75.0,232,6.6,13.1
136,0.0,6.6,1.6,20120516,16,0.0,24.6,2012-05-16,17.6,2012,5,66.5,232,5.7,12.0
137,0.0,4.3,2.9,20120517,17,0.0,20.9,2012-05-17,16.4,2012,5,64.6,232,7.7,12.0
138,0.0,2.1,1.7,20120518,18,0.0,25.9,2012-05-18,17.0,2012,5,63.5,232,9.6,9.6
139,0.0,4.6,1.6,20120519,19,0.0,26.6,2012-05-19,18.6,2012,5,53.4,232,9.8,10.5
140,0.0,0.0,1.8,20120520,20,0.0,27.3,2012-05-20,19.0,2012,5,51.1,232,12.3,10.5
141,0.0,0.0,2.4,20120521,21,0.0,28.3,2012-05-21,21.5,2012,5,45.5,232,12.7,14.4
142,0.0,3.1,1.8,20120522,22,0.0,29.3,2012-05-22,21.7,2012,5,45.0,232,11.7,14.2
143,0.0,3.1,1.5,20120523,23,0.0,28.8,2012-05-23,21.1,2012,5,47.6,232,10.0,15.4
144,0.0,0.0,1.7,20120524,24,0.0,24.2,2012-05-24,19.0,2012,5,57.8,232,2.0,13.6
145,0.0,3.3,2.0,20120525,25,0.0,27.6,2012-05-25,20.2,2012,5,55.5,232,11.2,14.3
146,0.0,4.5,1.5,20120526,26,0.0,27.8,2012-05-26,19.2,2012,5,52.0,232,7.0,10.6
147,0.0,1.6,1.8,20120527,27,0.0,28.1,2012-05-27,21.5,2012,5,49.5,232,12.4,13.6
148,0.0,6.0,1.9,20120528,28,0.0,27.8,2012-05-28,21.9,2012,5,60.1,232,1.4,17.0
149,0.0,4.8,1.7,20120529,29,0.0,28.8,2012-05-29,22.4,2012,5,35.1,232,9.2,16.5
150,0.5,9.5,2.6,20120530,30,0.0,22.2,2012-05-30,19.2,2012,5,66.9,232,0.2,17.0
151,0.0,4.5,2.1,20120531,31,0.0,27.8,2012-05-31,20.5,2012,5,66.3,232,5.6,16.1
152,0.0,6.3,1.4,20120601,1,0.0,27.4,2012-06-01,20.9,2012,6,57.0,232,9.6,13.5
153,0.0,4.0,1.7,20120602,2,0.0,29.5,2012-06-02,22.1,2012,6,51.9,232,8.0,17.1
154,0.0,1.3,1.6,20120603,3,0.0,30.6,2012-06-03,21.8,2012,6,49.5,232,12.5,14.0
155,0.0,5.9,1.7,20120604,4,0.0,30.5,2012-06-04,22.9,2012,6,49.5,232,8.7,14.9
156,0.0,5.6,2.1,20120605,5,0.0,29.7,2012-06-05,23.2,2012,6,66.8,232,6.8,18.8
157,0.0,7.6,1.9,20120606,6,0.0,29.3,2012-06-06,23.4,2012,6,66.5,232,3.4,18.7
158,0.0,6.9,1.4,20120607,7,0.0,30.2,2012-06-07,23.2,2012,6,68.3,232,4.3,17.6
159,1.0,7.8,1.0,20120608,8,0.0,24.0,2012-06-08,20.7,2012,6,82.1,232,1.0,18.6
160,0.0,4.6,1.5,20120609,9,0.0,29.7,2012-06-09,22.7,2012,6,67.9,232,8.2,16.8
161,0.0,6.6,1.5,20120610,10,0.0,30.9,2012-06-10,23.5,2012,6,68.3,232,5.8,18.4
162,0.1,7.9,1.4,20120611,11,0.0,27.3,2012-06-11,22.5,2012,6,74.1,232,0.7,19.0
163,7.5,5.4,1.6,20120612,12,0.0,30.1,2012-06-12,23.3,2012,6,64.9,232,7.5,18.5
164,14.0,4.4,2.1,20120613,13,0.0,28.5,2012-06-13,22.2,2012,6,73.6,232,6.2,18.5
165,0.0,4.0,3.2,20120614,14,0.0,28.6,2012-06-14,23.4,2012,6,59.3,232,9.5,18.6
166,0.0,6.1,3.2,20120615,15,0.0,24.6,2012-06-15,21.6,2012,6,65.6,232,1.6,18.4
167,0.0,2.5,1.8,20120616,16,0.0,29.8,2012-06-16,23.0,2012,6,67.8,232,11.2,16.5
168,0.0,3.6,1.7,20120617,17,0.0,30.2,2012-06-17,23.3,2012,6,61.8,232,10.6,17.2
169,0.0,8.1,1.4,20120618,18,0.0,29.7,2012-06-18,23.6,2012,6,66.1,232,4.5,18.0
170,0.0,4.5,2.2,20120619,19,0.0,32.7,2012-06-19,25.1,2012,6,62.5,232,10.7,19.2
171,0.0,2.6,2.2,20120620,20,0.0,31.2,2012-06-20,24.6,2012,6,59.1,232,10.7,19.0
172,0.0,1.9,1.5,20120621,21,0.0,32.6,2012-06-21,24.4,2012,6,59.5,232,11.8,16.8
173,0.0,1.9,1.9,20120622,22,0.0,31.5,2012-06-22,23.9,2012,6,68.5,232,7.1,18.3
174,0.0,2.6,1.6,20120623,23,0.0,32.7,2012-06-23,24.9,2012,6,62.4,232,9.3,18.9
175,0.0,6.3,2.4,20120624,24,0.0,28.7,2012-06-24,25.0,2012,6,59.9,232,1.5,20.5
176,0.0,0.4,3.6,20120625,25,0.0,29.4,2012-06-25,23.6,2012,6,51.1,232,12.2,16.8
177,0.0,6.0,3.6,20120626,26,0.0,28.1,2012-06-26,23.6,2012,6,50.9,232,8.0,18.3
178,0.0,3.4,3.8,20120627,27,0.0,28.9,2012-06-27,23.6,2012,6,54.9,232,11.4,19.8
179,0.0,5.8,1.9,20120628,28,0.0,29.6,2012-06-28,23.6,2012,6,64.9,232,6.8,17.7
180,1.5,8.9,2.1,20120629,29,0.0,30.9,2012-06-29,25.2,2012,6,69.8,232,1.2,21.6
181,51.0,10.0,2.2,20120630,30,0.0,25.2,2012-06-30,23.1,2012,6,87.5,232,0.0,21.6
182,0.0,6.9,1.8,20120701,1,0.0,29.3,2012-07-01,23.8,2012,7,77.8,232,3.3,21.1
183,0.0,7.6,1.5,20120702,2,0.0,29.0,2012-07-02,24.2,2012,7,71.3,232,4.3,20.5
184,0.0,7.3,1.4,20120703,3,0.0,29.9,2012-07-03,24.8,2012,7,76.4,232,0.8,19.4
185,0.0,7.9,1.4,20120704,4,0.0,30.2,2012-07-04,25.6,2012,7,78.8,232,1.3,22.2
186,13.5,10.0,1.6,20120705,5,0.0,24.8,2012-07-05,23.6,2012,7,89.1,232,0.0,23.0
187,71.0,10.0,2.4,20120706,6,0.0,26.6,2012-07-06,23.6,2012,7,87.4,232,0.0,20.7
188,0.0,3.6,1.4,20120707,7,0.0,30.4,2012-07-07,24.4,2012,7,68.6,232,9.9,19.7
189,0.0,2.6,1.4,20120708,8,0.0,31.1,2012-07-08,24.9,2012,7,73.3,232,11.4,19.0
190,0.0,5.3,1.2,20120709,9,0.0,32.4,2012-07-09,25.7,2012,7,70.0,232,9.6,19.5
191,2.5,8.9,2.0,20120710,10,0.0,28.7,2012-07-10,24.4,2012,7,79.8,232,0.1,20.8
192,5.0,8.9,2.5,20120711,11,0.0,29.8,2012-07-11,24.6,2012,7,83.9,232,1.2,21.9
193,0.0,7.4,1.7,20120712,12,0.0,29.2,2012-07-12,24.9,2012,7,78.8,232,3.1,19.7
194,21.5,8.9,2.0,20120713,13,0.0,28.2,2012-07-13,25.3,2012,7,84.3,232,2.7,22.4
195,30.5,9.8,1.2,20120714,14,0.0,28.6,2012-07-14,25.1,2012,7,87.5,232,0.0,22.5
196,45.5,9.8,2.5,20120715,15,0.0,27.1,2012-07-15,22.9,2012,7,86.4,232,0.1,20.9
197,0.0,8.9,1.2,20120716,16,0.0,28.3,2012-07-16,23.8,2012,7,78.6,232,2.3,20.4
198,2.0,9.9,1.7,20120717,17,0.0,26.7,2012-07-17,24.4,2012,7,85.4,232,0.0,22.2
199,2.0,8.9,2.9,20120718,18,0.0,30.9,2012-07-18,27.0,2012,7,78.6,232,1.3,23.3
200,44.0,8.4,3.8,20120719,19,0.0,27.4,2012-07-19,25.1,2012,7,85.0,232,1.2,23.4
201,0.0,6.5,0.7,20120720,20,0.0,31.4,2012-07-20,26.0,2012,7,80.3,232,2.7,23.1
202,0.0,5.6,0.7,20120721,21,0.0,33.1,2012-07-21,27.3,2012,7,76.4,232,6.8,22.6
203,15.0,7.1,1.9,20120722,22,0.0,31.6,2012-07-22,26.5,2012,7,87.3,232,3.5,24.2
204,0.0,6.5,1.9,20120723,23,0.0,32.5,2012-07-23,27.5,2012,7,79.3,232,2.2,24.3
205,0.0,4.9,1.3,20120724,24,0.0,33.8,2012-07-24,28.1,2012,7,75.3,232,9.7,23.0
206,0.0,5.3,1.5,20120725,25,0.0,33.5,2012-07-25,27.6,2012,7,77.3,232,9.8,23.2
207,0.0,1.5,1.3,20120726,26,0.0,33.2,2012-07-26,27.3,2012,7,73.5,232,11.2,22.2
208,0.0,2.3,1.6,20120727,27,0.0,33.4,2012-07-27,27.3,2012,7,76.3,232,9.5,22.8
209,0.0,3.9,1.4,20120728,28,0.0,34.1,2012-07-28,28.1,2012,7,74.4,232,10.9,22.8
210,0.0,4.0,2.1,20120729,29,0.0,33.7,2012-07-29,28.3,2012,7,75.9,232,9.9,24.1
211,0.0,5.1,2.0,20120730,30,0.0,34.2,2012-07-30,28.6,2012,7,74.8,232,8.7,23.9
212,0.0,4.3,1.7,20120731,31,0.0,34.7,2012-07-31,28.8,2012,7,75.4,232,8.9,24.2
213,0.0,3.1,2.0,20120801,1,0.0,36.0,2012-08-01,30.3,2012,8,63.9,232,11.5,24.1
214,0.0,4.9,3.3,20120802,2,0.0,34.8,2012-08-02,30.4,2012,8,57.1,232,10.1,25.8
215,0.0,1.8,3.0,20120803,3,0.0,34.7,2012-08-03,30.2,2012,8,60.4,232,11.5,26.4
216,0.0,1.4,1.8,20120804,4,0.0,35.3,2012-08-04,29.4,2012,8,67.0,232,12.5,23.7
217,0.0,0.0,1.9,20120805,5,0.0,36.4,2012-08-05,29.9,2012,8,64.6,232,12.9,23.4
218,0.0,2.4,1.6,20120806,6,0.0,36.4,2012-08-06,30.2,2012,8,66.8,232,9.4,24.5
219,0.0,3.3,2.3,20120807,7,0.0,34.8,2012-08-07,30.0,2012,8,58.9,232,10.2,25.6
220,0.0,5.8,2.0,20120808,8,0.0,33.3,2012-08-08,28.5,2012,8,60.9,232,10.7,24.3
221,0.5,7.1,1.1,20120809,9,0.0,33.2,2012-08-09,27.1,2012,8,80.4,232,3.9,23.7
222,4.5,9.0,1.2,20120810,10,0.0,25.9,2012-08-10,24.5,2012,8,88.5,232,0.0,23.3
223,0.0,5.9,1.5,20120811,11,0.0,32.0,2012-08-11,27.2,2012,8,76.9,232,5.8,23.3
224,80.0,9.5,1.0,20120812,12,0.0,26.0,2012-08-12,24.8,2012,8,91.5,232,0.0,23.4
225,9.0,8.1,1.0,20120813,13,0.0,31.7,2012-08-13,25.8,2012,8,84.6,232,3.6,22.2
226,3.5,7.4,2.9,20120814,14,0.0,30.0,2012-08-14,26.5,2012,8,76.4,232,5.0,22.7
227,65.5,10.0,2.3,20120815,15,0.0,28.9,2012-08-15,25.0,2012,8,87.4,232,0.0,22.8
228,7.0,9.1,0.7,20120816,16,0.0,27.8,2012-08-16,24.1,2012,8,90.8,232,0.2,22.6
229,4.0,6.9,1.6,20120817,17,0.0,33.5,2012-08-17,27.3,2012,8,84.1,232,3.6,23.8
230,0.2,8.6,2.1,20120818,18,0.0,32.2,2012-08-18,27.4,2012,8,85.0,232,0.8,24.5
231,0.0,7.9,2.1,20120819,19,0.0,31.6,2012-08-19,28.5,2012,8,80.1,232,3.8,25.9
232,19.0,10.0,2.1,20120820,20,0.0,28.2,2012-08-20,26.7,2012,8,88.6,232,0.1,25.6
233,27.0,9.9,2.2,20120821,21,0.0,31.2,2012-08-21,25.9,2012,8,87.4,232,1.4,23.8
234,54.5,9.5,1.7,20120822,22,0.0,24.5,2012-08-22,22.1,2012,8,92.4,232,0.0,20.7
235,2.5,9.4,1.7,20120823,23,0.0,26.4,2012-08-23,22.9,2012,8,86.9,232,0.7,21.1
236,10.0,10.0,2.8,20120824,24,0.0,25.8,2012-08-24,23.3,2012,8,86.4,232,0.0,21.6
237,45.5,9.0,1.7,20120825,25,0.0,31.2,2012-08-25,25.5,2012,8,86.4,232,4.1,23.1
238,0.0,5.4,1.3,20120826,26,0.0,33.7,2012-08-26,28.2,2012,8,75.0,232,10.6,24.1
239,0.0,6.4,3.3,20120827,27,0.0,32.0,2012-08-27,27.7,2012,8,68.9,232,4.9,22.1
240,14.5,10.0,7.8,20120828,28,0.0,30.5,2012-08-28,26.8,2012,8,72.0,232,0.0,22.2
241,0.5,7.4,2.9,20120829,29,0.0,30.6,2012-08-29,26.5,2012,8,72.6,232,7.2,23.9
242,136.0,9.8,3.1,20120830,30,0.0,24.0,2012-08-30,21.0,2012,8,90.9,232,0.0,19.1
243,0.0,4.1,2.4,20120831,31,0.0,28.0,2012-08-31,23.0,2012,8,76.1,232,9.2,16.9
244,0.1,7.8,1.5,20120901,1,0.0,29.2,2012-09-01,24.5,2012,9,80.4,232,4.7,20.9
245,0.5,7.1,1.4,20120902,2,0.0,29.2,2012-09-02,23.3,2012,9,85.8,232,4.2,20.0
246,0.0,5.8,1.0,20120903,3,0.0,30.3,2012-09-03,24.8,2012,9,78.6,232,5.7,20.2
247,43.5,9.4,1.8,20120904,4,0.0,24.0,2012-09-04,22.1,2012,9,91.6,232,0.0,20.5
248,3.5,4.8,2.1,20120905,5,0.0,26.8,2012-09-05,21.8,2012,9,79.6,232,7.9,15.0
249,0.0,0.1,1.4,20120906,6,0.0,26.9,2012-09-06,19.7,2012,9,71.9,232,11.7,13.2
250,12.0,6.5,1.6,20120907,7,0.0,27.2,2012-09-07,21.6,2012,9,75.5,232,6.4,14.6
251,17.0,8.4,3.5,20120908,8,0.0,25.9,2012-09-08,21.6,2012,9,78.1,232,3.9,18.7
252,0.0,9.1,1.0,20120909,9,0.0,24.3,2012-09-09,20.4,2012,9,81.4,232,0.3,17.9
253,0.0,4.5,0.8,20120910,10,0.0,27.7,2012-09-10,21.6,2012,9,80.1,232,5.2,17.3
254,0.0,3.4,1.6,20120911,11,0.0,27.8,2012-09-11,21.8,2012,9,72.6,232,10.9,17.0
255,0.0,9.1,1.5,20120912,12,0.0,25.8,2012-09-12,21.3,2012,9,80.4,232,0.4,18.1
256,2.5,10.0,0.7,20120913,13,0.0,21.3,2012-09-13,20.2,2012,9,92.0,232,0.0,19.2
257,3.5,9.9,1.7,20120914,14,0.0,23.9,2012-09-14,19.2,2012,9,80.4,232,0.3,16.6
258,0.0,9.5,1.0,20120915,15,0.0,24.8,2012-09-15,19.8,2012,9,80.3,232,1.9,15.3
259,9.5,10.0,1.4,20120916,16,0.0,21.2,2012-09-16,18.7,2012,9,84.8,232,0.0,16.7
260,97.5,10.0,3.4,20120917,17,0.0,18.8,2012-09-17,17.8,2012,9,90.0,232,0.0,17.1
261,0.0,6.6,2.0,20120918,18,0.0,26.0,2012-09-18,20.7,2012,9,75.9,232,8.6,16.9
262,0.0,4.5,2.0,20120919,19,0.0,25.7,2012-09-19,19.5,2012,9,76.3,232,7.6,14.6
263,0.0,2.0,1.5,20120920,20,0.0,26.3,2012-09-20,18.5,2012,9,80.6,232,5.6,13.6
264,0.0,4.3,1.1,20120921,21,0.0,25.9,2012-09-21,18.7,2012,9,77.3,232,7.9,13.4
265,0.0,4.4,1.1,20120922,22,0.0,27.1,2012-09-22,18.7,2012,9,76.0,232,7.8,13.7
266,0.0,0.9,1.0,20120923,23,0.0,26.9,2012-09-23,19.0,2012,9,74.9,232,10.1,12.9
267,0.0,0.0,1.0,20120924,24,0.0,27.4,2012-09-24,19.1,2012,9,69.9,232,11.3,12.8
268,0.0,0.3,1.7,20120925,25,0.0,26.6,2012-09-25,19.1,2012,9,69.6,232,11.3,12.5
269,0.0,6.0,2.0,20120926,26,0.0,25.3,2012-09-26,19.0,2012,9,67.4,232,8.1,14.2
270,0.0,7.1,1.5,20120927,27,0.0,22.8,2012-09-27,17.9,2012,9,81.3,232,1.2,14.2
271,0.5,3.1,1.8,20120928,28,0.0,25.1,2012-09-28,17.5,2012,9,82.9,232,5.3,13.5
272,0.0,5.8,2.2,20120929,29,0.0,21.2,2012-09-29,15.7,2012,9,71.6,232,9.4,11.3
273,0.0,2.0,1.6,20120930,30,0.0,21.9,2012-09-30,15.3,2012,9,75.5,232,11.2,9.9
274,0.0,1.1,1.0,20121001,1,0.0,24.0,2012-10-01,15.8,2012,10,75.3,232,10.0,9.4
275,0.0,0.8,1.0,20121002,2,0.0,25.8,2012-10-02,17.2,2012,10,75.3,232,10.7,10.5
276,0.0,3.8,1.2,20121003,3,0.0,25.9,2012-10-03,17.7,2012,10,71.5,232,10.0,11.3
277,0.0,1.5,1.5,20121004,4,0.0,25.1,2012-10-04,17.5,2012,10,73.6,232,8.5,10.9
278,0.0,6.9,0.8,20121005,5,0.0,23.0,2012-10-05,17.2,2012,10,82.5,232,4.0,11.2
279,0.0,4.3,1.1,20121006,6,0.0,24.9,2012-10-06,17.6,2012,10,75.8,232,5.8,13.1
280,0.0,1.0,1.5,20121007,7,0.0,25.1,2012-10-07,16.3,2012,10,73.9,232,10.2,10.6
281,0.0,1.8,1.9,20121008,8,0.0,23.5,2012-10-08,16.0,2012,10,66.1,232,9.9,10.5
282,0.0,4.1,1.4,20121009,9,0.0,21.9,2012-10-09,15.0,2012,10,71.5,232,7.4,9.2
283,0.4,4.4,2.2,20121010,10,0.0,22.4,2012-10-10,14.6,2012,10,82.0,232,5.0,9.5
284,0.0,0.0,1.6,20121011,11,0.0,18.7,2012-10-11,11.9,2012,10,66.4,232,11.1,5.8
285,0.0,1.1,0.9,20121012,12,0.0,22.7,2012-10-12,11.8,2012,10,66.9,232,10.6,3.7
286,0.0,4.4,1.3,20121013,13,0.0,24.4,2012-10-13,13.6,2012,10,71.5,232,8.4,7.0
287,0.0,2.4,1.7,20121014,14,0.0,23.1,2012-10-14,13.8,2012,10,68.6,232,8.9,6.9
288,0.0,1.1,1.3,20121015,15,0.0,20.9,2012-10-15,11.7,2012,10,61.5,232,10.1,4.1
289,0.0,4.1,2.0,20121016,16,0.0,24.1,2012-10-16,15.4,2012,10,63.9,232,8.7,4.8
290,6.0,4.6,3.1,20121017,17,0.0,15.7,2012-10-17,12.5,2012,10,65.5,232,6.1,5.6
291,0.0,0.0,1.7,20121018,18,0.0,17.3,2012-10-18,8.8,2012,10,65.8,232,10.4,1.4
292,0.0,2.3,1.0,20121019,19,0.0,21.1,2012-10-19,11.9,2012,10,66.9,232,9.2,5.0
293,0.0,3.0,1.6,20121020,20,0.0,22.1,2012-10-20,14.1,2012,10,71.9,232,6.7,6.5
294,0.0,1.6,1.1,20121021,21,0.0,24.2,2012-10-21,15.5,2012,10,76.1,232,9.7,9.3
295,33.0,9.0,3.3,20121022,22,0.0,18.5,2012-10-22,13.9,2012,10,83.6,232,0.0,10.7
296,0.0,1.3,3.3,20121023,23,0.0,14.7,2012-10-23,9.6,2012,10,61.4,232,10.3,5.1
297,0.0,4.5,1.9,20121024,24,0.0,18.8,2012-10-24,10.8,2012,10,74.5,232,6.6,5.5
298,0.0,2.4,1.7,20121025,25,0.0,21.7,2012-10-25,12.8,2012,10,79.8,232,6.0,7.1
299,0.0,3.8,1.3,20121026,26,0.0,22.6,2012-10-26,14.2,2012,10,71.3,232,9.6,6.9
300,26.0,10.0,2.8,20121027,27,0.0,17.7,2012-10-27,15.5,2012,10,86.4,232,0.0,13.1
301,0.0,2.6,3.1,20121028,28,0.0,19.7,2012-10-28,14.5,2012,10,74.9,232,9.6,7.8
302,0.0,6.0,1.1,20121029,29,0.0,17.8,2012-10-29,11.0,2012,10,74.5,232,8.6,4.5
303,0.2,2.8,2.6,20121030,30,0.0,12.4,2012-10-30,8.2,2012,10,69.5,232,9.6,2.2
304,1.0,5.9,1.7,20121031,31,0.0,13.2,2012-10-31,7.0,2012,10,70.4,232,7.3,0.1
305,0.2,1.3,3.0,20121101,1,0.0,10.8,2012-11-01,6.0,2012,11,56.9,232,10.1,0.9
306,0.0,0.3,1.2,20121102,2,0.0,13.2,2012-11-02,4.8,2012,11,65.3,232,10.0,-1.8
307,0.0,1.0,1.1,20121103,3,0.0,17.9,2012-11-03,7.5,2012,11,63.5,232,9.7,-0.7
308,4.0,8.9,3.8,20121104,4,0.0,15.0,2012-11-04,11.7,2012,11,65.0,232,0.8,5.6
309,1.5,8.8,1.9,20121105,5,0.0,14.1,2012-11-05,9.9,2012,11,86.1,232,1.9,7.0
310,3.0,9.3,2.2,20121106,6,0.0,10.8,2012-11-06,8.4,2012,11,83.5,232,1.0,6.4
311,0.0,6.3,1.8,20121107,7,0.0,13.9,2012-11-07,8.3,2012,11,81.4,232,4.5,4.2
312,0.0,9.1,1.0,20121108,8,0.0,14.8,2012-11-08,8.6,2012,11,86.4,232,0.7,3.5
313,0.0,3.8,1.3,20121109,9,0.0,13.8,2012-11-09,7.3,2012,11,91.0,232,2.8,4.4
314,0.4,5.8,3.9,20121110,10,0.0,16.2,2012-11-10,11.4,2012,11,60.8,232,8.0,3.4
315,20.0,8.6,4.4,20121111,11,0.0,13.9,2012-11-11,10.1,2012,11,67.6,232,1.7,6.9
316,1.0,8.0,4.1,20121112,12,0.0,12.0,2012-11-12,9.3,2012,11,57.8,232,3.4,5.3
317,10.5,9.0,2.8,20121113,13,0.0,8.5,2012-11-13,5.3,2012,11,82.0,232,2.2,2.9
318,2.0,6.8,2.9,20121114,14,0.0,7.1,2012-11-14,4.0,2012,11,68.1,232,7.0,0.8
319,0.0,0.0,1.1,20121115,15,0.0,11.0,2012-11-15,3.0,2012,11,68.3,232,9.6,-2.2
320,4.5,7.1,1.6,20121116,16,0.0,8.0,2012-11-16,4.1,2012,11,81.1,232,0.7,-1.8
321,1.0,6.0,2.9,20121117,17,0.0,8.9,2012-11-17,6.6,2012,11,69.3,232,6.0,4.2
322,0.0,0.0,1.3,20121118,18,0.0,9.7,2012-11-18,2.8,2012,11,60.9,232,9.5,-2.4
323,2.0,7.0,3.6,20121119,19,0.0,10.2,2012-11-19,4.9,2012,11,65.3,232,6.5,-1.0
324,0.0,3.5,1.7,20121120,20,0.0,7.1,2012-11-20,2.1,2012,11,62.1,232,7.7,-3.3
325,0.0,4.3,1.3,20121121,21,0.0,9.6,2012-11-21,2.3,2012,11,73.0,232,6.1,-3.2
326,0.0,5.4,1.0,20121122,22,0.0,11.8,2012-11-22,4.7,2012,11,75.4,232,6.0,-2.0
327,0.0,5.3,3.0,20121123,23,0.0,7.4,2012-11-23,4.6,2012,11,62.3,232,6.3,2.6
328,0.0,0.0,1.9,20121124,24,0.0,6.9,2012-11-24,1.4,2012,11,61.6,232,9.1,-3.6
329,0.4,6.6,1.2,20121125,25,0.0,8.6,2012-11-25,2.4,2012,11,66.4,232,5.9,-4.8
330,0.5,6.0,3.6,20121126,26,0.0,6.8,2012-11-26,3.4,2012,11,60.5,232,6.5,0.8
331,0.0,1.4,1.2,20121127,27,0.0,7.0,2012-11-27,0.7,2012,11,56.0,232,9.1,-5.1
332,1.5,6.8,3.6,20121128,28,0.0,13.4,2012-11-28,5.9,2012,11,61.5,232,2.3,0.3
333,0.0,3.6,2.0,20121129,29,0.0,5.3,2012-11-29,0.5,2012,11,50.0,232,6.4,-3.5
334,0.1,4.3,1.6,20121130,30,0.0,8.2,2012-11-30,2.2,2012,11,54.4,232,7.6,-3.8
335,0.0,2.9,1.9,20121201,1,0.0,4.7,2012-12-01,-0.9,2012,12,52.8,232,8.9,-5.4
336,0.0,3.5,1.7,20121202,2,0.0,8.4,2012-12-02,2.4,2012,12,67.0,232,7.1,-2.5
337,4.7,7.6,3.3,20121203,3,0.3,7.6,2012-12-03,2.0,2012,12,77.8,232,0.5,-3.5
338,0.7,2.8,3.0,20121204,4,1.2,2.9,2012-12-04,-1.3,2012,12,63.0,232,8.6,-4.1
339,18.1,7.5,2.7,20121205,5,8.5,4.5,2012-12-05,-1.6,2012,12,80.1,232,3.3,-5.0
340,1.2,4.4,2.2,20121206,6,2.4,-3.4,2012-12-06,-5.6,2012,12,68.8,232,7.7,-13.4
341,5.8,8.5,2.9,20121207,7,7.6,0.4,2012-12-07,-2.6,2012,12,83.1,232,3.2,-4.8
342,0.2,4.5,1.7,20121208,8,0.5,-2.3,2012-12-08,-7.7,2012,12,67.9,232,6.8,-12.9
343,0.0,1.5,1.9,20121209,9,0.0,-4.9,2012-12-09,-10.1,2012,12,62.4,232,8.6,-14.0
344,0.0,0.9,1.1,20121210,10,0.0,-2.0,2012-12-10,-9.3,2012,12,74.8,232,8.6,-15.8
345,0.0,2.8,1.2,20121211,11,0.0,-1.3,2012-12-11,-6.8,2012,12,70.5,232,8.4,-14.9
346,0.0,0.0,0.7,20121212,12,0.0,0.8,2012-12-12,-7.6,2012,12,74.3,232,8.6,-13.7
347,0.0,2.1,1.1,20121213,13,0.0,4.0,2012-12-13,-4.1,2012,12,72.8,232,8.6,-11.8
348,17.5,10.0,2.6,20121214,14,0.0,5.2,2012-12-14,2.5,2012,12,82.1,232,0.2,-2.8
349,0.2,9.3,1.2,20121215,15,0.0,4.8,2012-12-15,2.4,2012,12,95.1,232,0.0,-1.2
350,0.0,8.3,0.8,20121216,16,0.0,2.7,2012-12-16,-0.3,2012,12,94.8,232,0.4,-2.4
351,0.0,7.6,3.3,20121217,17,0.0,4.3,2012-12-17,1.0,2012,12,77.8,232,5.5,-1.5
352,0.0,2.3,3.8,20121218,18,0.0,-1.5,2012-12-18,-4.4,2012,12,57.0,232,8.6,-5.9
353,0.0,1.4,1.8,20121219,19,0.0,-1.1,2012-12-19,-6.1,2012,12,60.4,232,8.4,-10.2
354,0.0,3.6,1.3,20121220,20,0.0,1.3,2012-12-20,-3.9,2012,12,68.3,232,7.5,-9.5
355,1.3,8.9,1.8,20121221,21,2.0,1.4,2012-12-21,0.0,2012,12,72.8,232,0.1,-2.1
356,0.0,5.1,2.7,20121222,22,0.0,0.6,2012-12-22,-1.3,2012,12,76.6,232,4.3,-4.8
357,2.2,5.0,3.9,20121223,23,5.3,-2.4,2012-12-23,-6.1,2012,12,61.6,232,3.6,-9.5
358,0.1,2.0,1.0,20121224,24,0.5,-3.4,2012-12-24,-8.8,2012,12,63.8,232,8.5,-15.9
359,0.4,2.6,3.4,20121225,25,1.0,-2.6,2012-12-25,-7.2,2012,12,55.8,232,7.3,-11.5
360,0.0,0.6,1.8,20121226,26,0.0,-5.7,2012-12-26,-10.6,2012,12,45.3,232,8.5,-15.6
361,0.0,4.9,1.1,20121227,27,0.0,-0.3,2012-12-27,-6.8,2012,12,57.8,232,7.1,-14.5
362,1.0,8.1,1.3,20121228,28,1.5,0.2,2012-12-28,-2.6,2012,12,80.8,232,0.0,-5.5
363,1.6,8.1,1.0,20121229,29,2.4,3.0,2012-12-29,-1.0,2012,12,88.1,232,0.8,-7.0
364,1.0,4.6,3.5,20121230,30,1.4,0.5,2012-12-30,-5.8,2012,12,66.1,232,6.7,-11.0
365,0.0,1.0,1.1,20121231,31,0.0,-2.7,2012-12-31,-8.4,2012,12,62.3,232,8.2,-13.4
