,tmin,tmax,Date,wind,date,day,cloud,station_id,humid,rainfall,snow,sunshine,month,year,tavg
0,-3.9,3.4,2006-01-01,0.6,20060101,1,0.0,232,84.1,0.2,0.0,0.0,1,2006,0.5
1,-1.2,3.5,2006-01-02,1.6,20060102,2,0.0,232,78.6,0.0,0.0,2.8,1,2006,0.7
2,-5.5,1.5,2006-01-03,2.8,20060103,3,0.0,232,48.8,0.0,0.0,8.0,1,2006,-1.7
3,-7.4,-2.2,2006-01-04,3.1,20060104,4,0.0,232,47.5,0.0,0.0,0.0,1,2006,-4.6
4,-11.8,-2.9,2006-01-05,1.8,20060105,5,0.0,232,56.4,0.0,0.0,8.6,1,2006,-7.6
5,-10.5,-2.9,2006-01-06,2.4,20060106,6,0.0,232,55.5,0.0,0.0,5.5,1,2006,-6.3
6,-13.6,-2.0,2006-01-07,1.9,20060107,7,0.0,232,58.3,0.0,0.0,8.6,1,2006,-8.0
7,-13.5,1.5,2006-01-08,0.8,20060108,8,0.0,232,65.5,0.0,0.0,7.9,1,2006,-5.9
8,-8.0,5.5,2006-01-09,1.2,20060109,9,0.0,232,65.9,0.0,0.0,6.4,1,2006,-0.9
9,-5.8,5.0,2006-01-10,1.2,20060110,10,0.0,232,76.3,0.0,0.0,6.1,1,2006,-1.3
10,-8.8,4.8,2006-01-11,0.6,20060111,11,0.0,232,72.3,0.0,0.0,5.4,1,2006,-3.5
11,-8.1,6.3,2006-01-12,1.8,20060112,12,0.0,232,60.0,7.5,0.0,2.1,1,2006,0.4
12,2.7,6.5,2006-01-13,2.0,20060113,13,0.0,232,89.6,14.0,0.0,0.0,1,2006,4.6
13,0.3,5.1,2006-01-14,1.5,20060114,14,0.0,232,90.3,0.0,0.0,0.0,1,2006,2.4
14,-1.3,8.0,2006-01-15,1.0,20060115,15,0.0,232,83.9,0.5,0.0,2.7,1,2006,2.5
15,-2.7,2.7,2006-01-16,0.8,20060116,16,0.0,232,85.1,0.0,0.0,0.0,1,2006,-0.3
16,-3.4,5.8,2006-01-17,1.1,20060117,17,0.0,232,73.3,0.0,0.0,4.3,1,2006,0.5
17,-3.2,4.0,2006-01-18,1.4,20060118,18,0.0,232,72.4,0.0,0.0,3.5,1,2006,-0.2
18,-4.4,7.5,2006-01-19,1.3,20060119,19,0.0,232,68.9,0.0,0.0,5.7,1,2006,1.7
19,-0.8,8.3,2006-01-20,1.5,20060120,20,0.0,232,65.1,0.0,0.0,3.1,1,2006,2.5
20,-3.9,4.6,2006-01-21,1.5,20060121,21,0.0,232,69.6,0.0,0.0,7.9,1,2006,-0.3
21,-5.4,0.1,2006-01-22,3.8,20060122,22,0.0,232,53.6,0.0,0.0,9.1,1,2006,-2.5
22,-10.1,0.6,2006-01-23,1.5,20060123,23,0.0,232,62.6,0.0,0.0,9.2,1,2006,-4.8
23,-10.0,2.0,2006-01-24,1.2,20060124,24,0.0,232,63.4,0.0,0.0,9.3,1,2006,-4.1
24,-8.8,4.0,2006-01-25,1.0,20060125,25,0.0,232,68.6,0.0,0.0,7.7,1,2006,-2.2
25,-4.0,5.0,2006-01-26,1.2,20060126,26,0.0,232,73.9,0.0,0.0,6.9,1,2006,0.1
26,-4.0,5.0,2006-01-27,1.2,20060127,27,0.0,232,73.9,0.0,0.0,6.8,1,2006,0.1
27,-7.0,8.5,2006-01-28,1.0,20060128,28,0.0,232,66.1,0.0,0.0,7.8,1,2006,-0.7
28,-4.8,12.3,2006-01-29,2.0,20060129,29,0.0,232,61.0,0.0,0.0,5.9,1,2006,4.5
29,2.9,6.8,2006-01-30,1.5,20060130,30,0.0,232,80.3,0.0,0.0,0.0,1,2006,4.7
30,0.5,5.6,2006-01-31,0.9,20060131,31,0.0,232,88.8,3.0,0.0,0.0,1,2006,2.8
31,-2.4,3.7,2006-02-01,3.4,20060201,1,0.0,232,73.8,1.5,0.0,3.2,2,2006,1.1
32,-6.0,3.0,2006-02-02,3.0,20060202,2,0.0,232,59.1,0.0,0.0,7.4,2,2006,-1.2
33,-12.1,-3.7,2006-02-03,4.2,20060203,3,0.0,232,50.5,0.0,0.0,9.2,2,2006,-10.0
34,-13.8,-3.9,2006-02-04,2.2,20060204,4,0.0,232,62.8,0.0,0.0,9.6,2,2006,-9.2
35,-11.8,-0.3,2006-02-05,0.8,20060205,5,0.0,232,52.5,0.0,0.0,5.1,2,2006,-5.0
36,-4.3,5.0,2006-02-06,0.9,20060206,6,0.0,232,73.8,0.5,0.6,5.1,2,2006,-0.8
37,-2.9,1.5,2006-02-07,3.4,20060207,7,0.0,232,84.6,5.0,11.0,0.0,2,2006,-0.3
38,-8.8,-2.9,2006-02-08,4.8,20060208,8,0.0,232,63.8,0.8,1.5,4.5,2,2006,-5.7
39,-15.6,1.1,2006-02-09,1.5,20060209,9,0.0,232,64.6,0.0,0.0,7.6,2,2006,-5.0
40,-4.9,4.6,2006-02-10,1.6,20060210,10,0.0,232,73.1,0.0,0.0,2.6,2,2006,-0.2
41,-1.5,5.5,2006-02-11,1.9,20060211,11,0.0,232,64.3,0.0,0.0,6.0,2,2006,1.6
42,-7.0,3.2,2006-02-12,2.3,20060212,12,0.0,232,50.5,0.0,0.0,9.9,2,2006,-1.8
43,-6.6,12.3,2006-02-13,1.7,20060213,13,0.0,232,54.1,0.0,0.0,9.7,2,2006,3.0
44,3.7,8.5,2006-02-14,1.6,20060214,14,0.0,232,88.3,9.5,0.0,0.0,2,2006,5.8
45,2.5,5.1,2006-02-15,1.0,20060215,15,0.0,232,87.3,0.7,0.0,0.0,2,2006,3.6
46,-3.2,7.0,2006-02-16,2.9,20060216,16,0.0,232,70.6,0.0,0.0,3.5,2,2006,1.8
47,-7.0,-1.2,2006-02-17,3.6,20060217,17,0.0,232,46.4,0.0,0.0,10.0,2,2006,-4.6
48,-7.6,5.6,2006-02-18,1.7,20060218,18,0.0,232,61.6,0.0,0.0,6.9,2,2006,-1.2
49,-3.7,9.6,2006-02-19,1.0,20060219,19,0.0,232,66.1,0.0,0.0,5.8,2,2006,1.9
50,-2.9,10.1,2006-02-20,1.0,20060220,20,0.0,232,72.9,0.0,0.0,8.5,2,2006,2.9
51,-4.0,11.6,2006-02-21,1.2,20060221,21,0.0,232,69.1,0.0,0.0,6.4,2,2006,3.2
52,-1.2,7.0,2006-02-22,2.5,20060222,22,0.0,232,69.9,0.5,0.0,4.2,2,2006,2.4
53,-6.0,8.1,2006-02-23,1.5,20060223,23,0.0,232,51.6,0.0,0.0,9.5,2,2006,0.3
54,-4.9,12.1,2006-02-24,0.7,20060224,24,0.0,232,57.3,0.0,0.0,10.3,2,2006,2.3
55,-2.7,11.1,2006-02-25,1.6,20060225,25,0.0,232,55.4,0.0,0.0,2.2,2,2006,4.9
56,-3.0,4.5,2006-02-26,4.3,20060226,26,0.0,232,59.9,0.0,0.0,6.7,2,2006,1.0
57,-6.9,3.4,2006-02-27,1.8,20060227,27,0.0,232,48.8,0.0,0.0,7.5,2,2006,-1.5
58,-1.5,6.1,2006-02-28,1.4,20060228,28,0.0,232,64.0,0.0,0.0,0.0,2,2006,2.7
59,-1.2,3.7,2006-03-01,3.6,20060301,1,0.0,232,66.9,0.4,0.4,6.1,3,2006,0.8
60,-2.7,2.7,2006-03-02,3.6,20060302,2,0.0,232,61.6,0.2,0.5,5.8,3,2006,-0.5
61,-8.1,5.5,2006-03-03,1.8,20060303,3,0.0,232,64.5,0.0,0.0,10.3,3,2006,-1.2
62,-6.9,11.3,2006-03-04,2.4,20060304,4,0.0,232,52.3,0.0,0.0,7.4,3,2006,3.7
63,0.0,16.2,2006-03-05,2.0,20060305,5,0.0,232,60.3,0.0,0.0,8.9,3,2006,8.8
64,-2.5,13.8,2006-03-06,1.7,20060306,6,0.0,232,69.6,0.0,0.0,6.3,3,2006,5.4
65,-4.8,13.8,2006-03-07,1.8,20060307,7,0.0,232,64.6,0.0,0.0,8.2,3,2006,4.8
66,-1.2,10.8,2006-03-08,1.4,20060308,8,0.0,232,65.0,0.0,0.0,4.7,3,2006,4.2
67,-1.2,15.6,2006-03-09,1.7,20060309,9,0.0,232,62.0,0.0,0.0,0.6,3,2006,7.1
68,0.5,17.2,2006-03-10,2.3,20060310,10,0.0,232,65.4,0.0,0.0,7.0,3,2006,9.2
69,1.7,10.0,2006-03-11,2.6,20060311,11,0.0,232,72.6,0.2,0.0,0.0,3,2006,6.7
70,-6.0,1.7,2006-03-12,6.0,20060312,12,0.0,232,42.4,0.0,0.0,7.8,3,2006,-3.0
71,-9.5,2.2,2006-03-13,2.7,20060313,13,0.0,232,65.5,1.7,2.3,3.2,3,2006,-2.9
72,-5.1,6.0,2006-03-14,2.8,20060314,14,0.0,232,55.9,0.0,0.0,10.5,3,2006,-0.2
73,-4.4,12.6,2006-03-15,2.0,20060315,15,0.0,232,54.4,0.0,0.0,8.1,3,2006,4.6
74,-0.6,6.0,2006-03-16,1.8,20060316,16,0.0,232,80.4,2.0,0.0,0.0,3,2006,3.3
75,-2.5,16.8,2006-03-17,1.0,20060317,17,0.0,232,73.3,0.0,0.0,7.5,3,2006,6.2
76,2.2,13.6,2006-03-18,2.6,20060318,18,0.0,232,65.9,0.1,0.0,3.0,3,2006,7.1
77,-3.2,7.9,2006-03-19,3.8,20060319,19,0.0,232,36.8,0.0,0.0,11.2,3,2006,2.8
78,-6.1,11.1,2006-03-20,1.2,20060320,20,0.0,232,52.3,0.0,0.0,0.6,3,2006,3.7
79,-0.4,17.2,2006-03-21,1.1,20060321,21,0.0,232,44.8,0.0,0.0,10.3,3,2006,8.6
80,1.3,19.2,2006-03-22,2.4,20060322,22,0.0,232,47.0,0.0,0.0,6.5,3,2006,10.4
81,0.2,10.0,2006-03-23,4.5,20060323,23,0.0,232,49.3,0.0,0.0,10.5,3,2006,5.6
82,-5.5,13.1,2006-03-24,1.3,20060324,24,0.0,232,49.8,0.0,0.0,10.9,3,2006,4.1
83,2.7,17.6,2006-03-25,4.4,20060325,25,0.0,232,32.9,0.0,0.0,9.7,3,2006,10.5
84,-0.4,13.3,2006-03-26,2.6,20060326,26,0.0,232,31.1,0.0,0.0,10.4,3,2006,6.1
85,-3.5,15.3,2006-03-27,2.0,20060327,27,0.0,232,42.1,0.0,0.0,9.3,3,2006,6.0
86,0.3,5.5,2006-03-28,5.0,20060328,28,0.0,232,61.8,1.5,0.0,3.1,3,2006,2.6
87,-3.9,9.6,2006-03-29,3.4,20060329,29,0.0,232,48.8,0.0,0.0,9.2,3,2006,4.7
88,-3.4,8.3,2006-03-30,3.9,20060330,30,0.0,232,44.8,0.0,0.0,11.4,3,2006,3.6
89,-5.8,16.2,2006-03-31,1.3,20060331,31,0.0,232,45.0,0.0,0.0,9.3,3,2006,5.7
90,0.6,13.3,2006-04-01,2.3,20060401,1,0.0,232,66.3,14.0,0.0,0.0,4,2006,10.3
91,0.6,12.3,2006-04-02,3.2,20060402,2,0.0,232,77.6,1.0,0.0,3.0,4,2006,7.1
92,0.8,20.2,2006-04-03,2.0,20060403,3,0.0,232,64.4,0.0,0.0,8.5,4,2006,11.2
93,6.8,12.1,2006-04-04,1.5,20060404,4,0.0,232,79.4,3.5,0.0,0.0,4,2006,9.5
94,4.5,15.6,2006-04-05,3.0,20060405,5,0.0,232,61.8,0.5,0.0,9.3,4,2006,9.8
95,-0.8,14.8,2006-04-06,1.4,20060406,6,0.0,232,59.9,0.0,0.0,1.0,4,2006,8.2
96,7.4,17.2,2006-04-07,3.0,20060407,7,0.0,232,59.8,0.0,0.0,5.2,4,2006,11.8
97,4.9,15.5,2006-04-08,2.4,20060408,8,0.0,232,46.3,0.5,0.0,0.5,4,2006,9.8
98,7.5,20.7,2006-04-09,2.9,20060409,9,0.0,232,49.6,2.0,0.0,5.0,4,2006,13.9
99,11.3,15.8,2006-04-10,3.9,20060410,10,0.0,232,77.1,31.5,0.0,0.1,4,2006,13.4
100,10.8,18.1,2006-04-11,1.7,20060411,11,0.0,232,74.6,1.5,0.0,0.0,4,2006,13.3
101,5.5,20.3,2006-04-12,2.0,20060412,12,0.0,232,68.9,0.0,0.0,9.6,4,2006,12.3
102,4.5,9.8,2006-04-13,1.7,20060413,13,0.0,232,78.0,0.0,0.0,0.0,4,2006,7.6
103,3.2,17.3,2006-04-14,1.7,20060414,14,0.0,232,48.0,0.0,0.0,9.7,4,2006,10.4
104,2.7,15.3,2006-04-15,1.4,20060415,15,0.0,232,44.3,0.0,0.0,2.7,4,2006,7.9
105,1.5,11.1,2006-04-16,4.5,20060416,16,0.0,232,46.4,0.0,0.0,12.3,4,2006,6.4
106,-0.6,17.7,2006-04-17,2.6,20060417,17,0.0,232,43.4,0.0,0.0,2.9,4,2006,10.1
107,9.0,23.3,2006-04-18,3.7,20060418,18,0.0,232,38.0,0.0,0.0,5.6,4,2006,17.2
108,5.8,17.1,2006-04-19,4.8,20060419,19,0.0,232,73.1,21.0,0.0,0.6,4,2006,10.4
109,3.5,9.6,2006-04-20,6.8,20060420,20,0.0,232,65.1,2.0,0.0,1.5,4,2006,6.9
110,4.9,17.2,2006-04-21,3.4,20060421,21,0.0,232,55.0,0.0,0.0,12.0,4,2006,9.8
111,3.5,17.3,2006-04-22,1.6,20060422,22,0.0,232,54.3,0.0,0.0,5.1,4,2006,10.0
112,3.0,18.0,2006-04-23,2.7,20060423,23,0.0,232,72.3,0.5,0.0,5.1,4,2006,8.4
113,1.3,16.3,2006-04-24,3.0,20060424,24,0.0,232,53.4,0.0,0.0,10.1,4,2006,9.5
114,3.2,17.3,2006-04-25,2.4,20060425,25,0.0,232,41.0,0.0,0.0,10.6,4,2006,10.2
115,6.0,16.2,2006-04-26,1.6,20060426,26,0.0,232,52.9,0.0,0.0,0.5,4,2006,11.0
116,6.4,17.5,2006-04-27,2.1,20060427,27,0.0,232,67.3,0.5,0.0,6.1,4,2006,11.4
117,2.7,20.2,2006-04-28,1.5,20060428,28,0.0,232,56.5,0.0,0.0,9.8,4,2006,11.4
118,7.1,19.6,2006-04-29,2.2,20060429,29,0.0,232,56.8,0.1,0.0,8.4,4,2006,14.0
119,13.0,23.1,2006-04-30,3.3,20060430,30,0.0,232,60.3,0.0,0.0,2.0,4,2006,18.0
120,10.0,24.7,2006-05-01,1.5,20060501,1,0.0,232,59.0,0.0,0.0,6.9,5,2006,16.8
121,7.1,23.7,2006-05-02,3.2,20060502,2,0.0,232,38.4,0.0,0.0,12.1,5,2006,16.8
122,8.8,22.6,2006-05-03,2.4,20060503,3,0.0,232,48.1,0.0,0.0,11.4,5,2006,14.6
123,7.0,26.7,2006-05-04,2.0,20060504,4,0.0,232,56.0,0.0,0.0,8.9,5,2006,16.9
124,14.1,26.7,2006-05-05,2.5,20060505,5,0.0,232,60.3,1.5,0.0,0.4,5,2006,20.7
125,15.3,18.2,2006-05-06,2.2,20060506,6,0.0,232,87.1,33.0,0.0,0.0,5,2006,16.8
126,14.1,25.0,2006-05-07,1.2,20060507,7,0.0,232,68.9,0.0,0.0,7.0,5,2006,19.3
127,14.6,22.5,2006-05-08,2.7,20060508,8,0.0,232,62.5,0.0,0.0,12.0,5,2006,18.4
128,12.3,26.5,2006-05-09,2.5,20060509,9,0.0,232,61.4,0.0,0.0,10.4,5,2006,19.5
129,15.0,20.2,2006-05-10,1.8,20060510,10,0.0,232,82.3,4.5,0.0,0.3,5,2006,16.8
130,11.1,22.8,2006-05-11,1.4,20060511,11,0.0,232,70.3,0.0,0.0,3.1,5,2006,16.0
131,12.6,19.3,2006-05-12,1.7,20060512,12,0.0,232,52.0,0.0,0.0,0.0,5,2006,15.5
132,7.8,19.1,2006-05-13,2.5,20060513,13,0.0,232,58.9,0.0,0.0,8.9,5,2006,14.2
133,8.1,21.7,2006-05-14,2.0,20060514,14,0.0,232,59.9,0.0,0.0,12.2,5,2006,14.7
134,8.3,25.7,2006-05-15,1.5,20060515,15,0.0,232,56.6,0.0,0.0,11.9,5,2006,17.1
135,10.1,25.2,2006-05-16,1.7,20060516,16,0.0,232,54.0,0.0,0.0,11.4,5,2006,17.6
136,10.0,25.5,2006-05-17,1.2,20060517,17,0.0,232,52.0,0.0,0.0,5.4,5,2006,17.7
137,12.3,24.1,2006-05-18,0.9,20060518,18,0.0,232,61.5,0.0,0.0,3.0,5,2006,18.6
138,12.8,19.7,2006-05-19,1.5,20060519,19,0.0,232,75.8,6.5,0.0,0.2,5,2006,16.1
139,10.5,25.2,2006-05-20,1.5,20060520,20,0.0,232,70.0,0.0,0.0,8.9,5,2006,17.9
140,14.6,29.3,2006-05-21,2.2,20060521,21,0.0,232,59.0,0.0,0.0,9.2,5,2006,22.2
141,15.3,23.3,2006-05-22,3.2,20060522,22,0.0,232,77.5,7.5,0.0,0.1,5,2006,19.9
142,12.8,22.8,2006-05-23,1.9,20060523,23,0.0,232,77.5,1.0,0.0,4.9,5,2006,16.6
143,14.3,24.5,2006-05-24,1.1,20060524,24,0.0,232,69.3,0.0,0.0,4.6,5,2006,18.0
144,15.3,21.7,2006-05-25,2.1,20060525,25,0.0,232,58.6,0.0,0.0,0.7,5,2006,18.2
145,15.3,26.1,2006-05-26,2.2,20060526,26,0.0,232,51.9,0.0,0.0,10.7,5,2006,20.8
146,15.1,21.2,2006-05-27,2.7,20060527,27,0.0,232,76.1,25.0,0.0,0.6,5,2006,17.7
147,15.1,22.3,2006-05-28,1.8,20060528,28,0.0,232,68.9,0.0,0.0,3.4,5,2006,18.1
148,13.0,24.1,2006-05-29,1.5,20060529,29,0.0,232,69.0,0.0,0.0,8.0,5,2006,18.7
149,13.3,27.6,2006-05-30,1.6,20060530,30,0.0,232,62.0,0.0,0.0,12.7,5,2006,19.9
150,13.0,27.2,2006-05-31,1.2,20060531,31,0.0,232,58.6,0.0,0.0,11.4,5,2006,20.2
151,13.6,26.7,2006-06-01,1.3,20060601,1,0.0,232,59.9,0.0,0.0,8.1,6,2006,20.0
152,14.6,30.3,2006-06-02,1.0,20060602,2,0.0,232,58.5,0.0,0.0,9.1,6,2006,22.9
153,15.3,27.7,2006-06-03,2.3,20060603,3,0.0,232,53.8,0.0,0.0,11.4,6,2006,20.6
154,15.5,25.6,2006-06-04,1.7,20060604,4,0.0,232,65.3,0.0,0.0,6.7,6,2006,19.1
155,12.8,26.1,2006-06-05,1.4,20060605,5,0.0,232,64.6,0.0,0.0,10.4,6,2006,19.0
156,14.1,27.7,2006-06-06,1.5,20060606,6,0.0,232,66.3,0.0,0.0,9.2,6,2006,19.8
157,14.8,27.3,2006-06-07,0.8,20060607,7,0.0,232,62.4,0.0,0.0,4.3,6,2006,20.8
158,16.5,24.2,2006-06-08,1.6,20060608,8,0.0,232,65.8,0.0,0.0,1.3,6,2006,19.6
159,14.5,26.2,2006-06-09,1.7,20060609,9,0.0,232,58.0,0.0,0.0,9.2,6,2006,20.6
160,14.3,20.7,2006-06-10,3.0,20060610,10,0.0,232,70.0,18.5,0.0,0.2,6,2006,16.9
161,14.3,22.1,2006-06-11,2.6,20060611,11,0.0,232,68.0,0.0,0.0,5.4,6,2006,17.6
162,12.1,27.2,2006-06-12,1.3,20060612,12,0.0,232,64.8,0.0,0.0,12.7,6,2006,19.9
163,15.5,28.8,2006-06-13,1.5,20060613,13,0.0,232,61.6,0.0,0.0,10.8,6,2006,21.9
164,16.1,19.3,2006-06-14,2.1,20060614,14,0.0,232,78.5,43.5,0.0,0.0,6,2006,17.8
165,15.6,22.7,2006-06-15,3.1,20060615,15,0.0,232,72.1,0.5,0.0,8.1,6,2006,18.6
166,15.1,28.3,2006-06-16,2.3,20060616,16,0.0,232,58.6,0.0,0.0,10.0,6,2006,20.9
167,13.8,26.8,2006-06-17,2.0,20060617,17,0.0,232,62.4,0.0,0.0,10.2,6,2006,20.6
168,15.1,27.0,2006-06-18,1.4,20060618,18,0.0,232,69.4,0.0,0.0,8.4,6,2006,20.4
169,16.0,27.6,2006-06-19,1.3,20060619,19,0.0,232,66.8,0.0,0.0,8.9,6,2006,21.5
170,16.0,28.2,2006-06-20,1.5,20060620,20,0.0,232,66.3,0.0,0.0,3.9,6,2006,21.4
171,18.5,21.1,2006-06-21,1.3,20060621,21,0.0,232,82.3,15.0,0.0,0.0,6,2006,19.5
172,18.5,26.7,2006-06-22,1.0,20060622,22,0.0,232,73.3,1.5,0.0,5.2,6,2006,21.7
173,17.0,29.5,2006-06-23,1.2,20060623,23,0.0,232,72.0,0.0,0.0,4.2,6,2006,22.5
174,17.7,29.3,2006-06-24,1.4,20060624,24,0.0,232,71.1,0.0,0.0,9.0,6,2006,22.7
175,18.5,24.2,2006-06-25,2.0,20060625,25,0.0,232,73.6,7.5,0.0,1.0,6,2006,20.9
176,18.3,23.8,2006-06-26,1.8,20060626,26,0.0,232,81.3,1.0,0.0,0.2,6,2006,20.5
177,18.7,26.8,2006-06-27,1.3,20060627,27,0.0,232,73.8,0.0,0.0,2.4,6,2006,22.2
178,20.2,28.7,2006-06-28,1.1,20060628,28,0.0,232,73.5,0.0,0.0,5.5,6,2006,23.4
179,19.3,30.2,2006-06-29,1.8,20060629,29,0.0,232,70.3,15.5,0.0,5.7,6,2006,24.5
180,21.7,27.2,2006-06-30,2.1,20060630,30,0.0,232,77.1,17.0,0.0,0.4,6,2006,23.5
181,20.3,23.8,2006-07-01,1.2,20060701,1,0.0,232,82.5,12.5,0.0,0.0,7,2006,21.8
182,19.2,27.1,2006-07-02,1.4,20060702,2,0.0,232,73.5,0.0,0.0,5.3,7,2006,22.5
183,18.2,29.2,2006-07-03,0.9,20060703,3,0.0,232,71.8,0.0,0.0,7.6,7,2006,23.0
184,20.3,22.7,2006-07-04,2.1,20060704,4,0.0,232,82.4,12.0,0.0,0.0,7,2006,21.5
185,19.2,25.2,2006-07-05,1.7,20060705,5,0.0,232,73.3,1.0,0.0,0.0,7,2006,21.4
186,17.7,20.5,2006-07-06,1.9,20060706,6,0.0,232,83.1,16.0,0.0,0.0,7,2006,19.0
187,18.2,26.3,2006-07-07,1.8,20060707,7,0.0,232,78.9,3.5,0.0,4.0,7,2006,21.3
188,18.7,27.2,2006-07-08,1.4,20060708,8,0.0,232,74.0,0.0,0.0,0.3,7,2006,23.3
189,21.0,25.5,2006-07-09,1.9,20060709,9,0.0,232,78.0,8.5,0.0,2.1,7,2006,22.9
190,21.2,25.2,2006-07-10,4.4,20060710,10,0.0,232,76.4,11.5,0.0,0.0,7,2006,22.8
191,19.7,26.5,2006-07-11,1.5,20060711,11,0.0,232,78.5,2.5,0.0,0.2,7,2006,23.0
192,22.2,28.8,2006-07-12,1.9,20060712,12,0.0,232,80.4,47.0,0.0,0.2,7,2006,24.9
193,23.7,30.0,2006-07-13,1.2,20060713,13,0.0,232,81.4,5.5,0.0,1.1,7,2006,25.7
194,23.3,30.7,2006-07-14,1.5,20060714,14,0.0,232,75.4,0.5,0.0,5.2,7,2006,26.9
195,23.7,29.0,2006-07-15,2.1,20060715,15,0.0,232,78.5,2.5,0.0,1.1,7,2006,26.0
196,18.2,26.2,2006-07-16,1.5,20060716,16,0.0,232,85.4,137.5,0.0,0.0,7,2006,20.5
197,17.6,20.7,2006-07-17,1.6,20060717,17,0.0,232,87.1,43.5,0.0,0.0,7,2006,18.5
198,17.8,20.2,2006-07-18,1.3,20060718,18,0.0,232,88.4,33.5,0.0,0.0,7,2006,18.9
199,18.2,22.0,2006-07-19,1.9,20060719,19,0.0,232,80.5,2.5,0.0,0.0,7,2006,19.9
200,17.7,21.3,2006-07-20,1.6,20060720,20,0.0,232,83.5,5.0,0.0,0.2,7,2006,18.9
201,18.0,27.1,2006-07-21,1.3,20060721,21,0.0,232,79.1,1.5,0.0,1.6,7,2006,21.6
202,17.2,28.2,2006-07-22,2.1,20060722,22,0.0,232,72.1,0.0,0.0,8.5,7,2006,22.5
203,16.6,26.6,2006-07-23,0.9,20060723,23,0.0,232,76.0,0.1,0.0,2.8,7,2006,21.2
204,18.3,23.8,2006-07-24,0.7,20060724,24,0.0,232,81.5,0.0,0.0,0.0,7,2006,20.8
205,18.0,28.3,2006-07-25,0.9,20060725,25,0.0,232,73.0,1.5,0.0,2.6,7,2006,22.7
206,19.8,21.7,2006-07-26,1.7,20060726,26,0.0,232,85.8,34.5,0.0,0.0,7,2006,20.6
207,20.1,27.3,2006-07-27,2.0,20060727,27,0.0,232,82.5,14.5,0.0,0.1,7,2006,23.0
208,20.7,25.5,2006-07-28,1.7,20060728,28,0.0,232,87.8,136.5,0.0,0.1,7,2006,22.1
209,21.8,29.1,2006-07-29,0.9,20060729,29,0.0,232,83.4,1.5,0.0,0.9,7,2006,24.4
210,23.1,30.3,2006-07-30,1.2,20060730,30,0.0,232,78.3,0.0,0.0,1.9,7,2006,25.7
211,21.0,30.8,2006-07-31,1.2,20060731,31,0.0,232,73.5,0.0,0.0,8.2,7,2006,25.5
212,19.5,30.8,2006-08-01,1.7,20060801,1,0.0,232,71.6,0.0,0.0,12.5,8,2006,25.3
213,20.7,32.2,2006-08-02,1.4,20060802,2,0.0,232,71.4,0.0,0.0,10.8,8,2006,26.2
214,21.2,33.4,2006-08-03,0.9,20060803,3,0.0,232,70.3,0.0,0.0,12.0,8,2006,27.0
215,21.3,33.0,2006-08-04,1.3,20060804,4,0.0,232,70.5,0.0,0.0,10.2,8,2006,26.7
216,20.7,33.0,2006-08-05,1.3,20060805,5,0.0,232,72.6,6.0,0.0,10.6,8,2006,25.3
217,20.7,31.2,2006-08-06,1.2,20060806,6,0.0,232,74.6,0.0,0.0,10.1,8,2006,25.4
218,21.2,32.7,2006-08-07,1.1,20060807,7,0.0,232,70.3,0.0,0.0,11.5,8,2006,26.1
219,20.5,33.0,2006-08-08,1.4,20060808,8,0.0,232,69.5,0.0,0.0,12.2,8,2006,26.5
220,21.6,33.5,2006-08-09,1.2,20060809,9,0.0,232,73.8,0.0,0.0,7.8,8,2006,26.7
221,20.7,32.4,2006-08-10,0.8,20060810,10,0.0,232,70.1,0.0,0.0,5.7,8,2006,25.9
222,19.2,29.5,2006-08-11,1.0,20060811,11,0.0,232,73.9,0.0,0.0,4.1,8,2006,24.3
223,20.7,31.2,2006-08-12,1.1,20060812,12,0.0,232,75.1,0.0,0.0,7.6,8,2006,25.7
224,22.0,32.0,2006-08-13,1.2,20060813,13,0.0,232,73.0,0.0,0.0,9.9,8,2006,26.4
225,21.3,32.4,2006-08-14,1.3,20060814,14,0.0,232,68.0,0.0,0.0,11.2,8,2006,26.8
226,21.7,32.5,2006-08-15,1.3,20060815,15,0.0,232,72.4,0.0,0.0,8.4,8,2006,26.4
227,22.1,33.0,2006-08-16,1.4,20060816,16,0.0,232,71.0,0.5,0.0,8.9,8,2006,26.8
228,22.3,31.0,2006-08-17,1.9,20060817,17,0.0,232,72.4,12.5,0.0,4.6,8,2006,25.6
229,19.3,28.5,2006-08-18,3.1,20060818,18,0.0,232,61.4,2.5,0.0,6.4,8,2006,23.9
230,19.2,27.6,2006-08-19,3.3,20060819,19,0.0,232,54.5,0.0,0.0,3.8,8,2006,22.7
231,19.2,26.2,2006-08-20,1.6,20060820,20,0.0,232,72.5,0.0,0.0,0.9,8,2006,22.1
232,21.0,31.3,2006-08-21,1.1,20060821,21,0.0,232,70.4,0.0,0.0,5.9,8,2006,25.5
233,23.0,31.0,2006-08-22,1.1,20060822,22,0.0,232,77.8,17.5,0.0,5.2,8,2006,25.6
234,22.6,30.6,2006-08-23,1.2,20060823,23,0.0,232,76.0,0.0,0.0,2.8,8,2006,25.1
235,21.1,29.7,2006-08-24,1.0,20060824,24,0.0,232,72.8,1.0,0.0,4.7,8,2006,24.7
236,21.5,28.2,2006-08-25,1.6,20060825,25,0.0,232,77.3,10.0,0.0,1.1,8,2006,23.9
237,21.1,31.0,2006-08-26,1.7,20060826,26,0.0,232,75.5,2.5,0.0,4.5,8,2006,24.9
238,21.5,27.2,2006-08-27,1.7,20060827,27,0.0,232,80.1,9.5,0.0,0.8,8,2006,23.7
239,19.2,28.5,2006-08-28,1.4,20060828,28,0.0,232,74.1,0.0,0.0,7.2,8,2006,23.7
240,17.3,26.6,2006-08-29,1.0,20060829,29,0.0,232,78.6,1.0,0.0,2.6,8,2006,21.6
241,19.2,27.0,2006-08-30,2.0,20060830,30,0.0,232,69.9,0.5,0.0,3.7,8,2006,22.8
242,19.3,28.2,2006-08-31,1.9,20060831,31,0.0,232,64.5,0.0,0.0,8.6,8,2006,23.0
243,16.2,28.0,2006-09-01,1.4,20060901,1,0.0,232,64.4,0.0,0.0,9.1,9,2006,22.0
244,18.1,29.6,2006-09-02,1.2,20060902,2,0.0,232,62.0,0.0,0.0,10.8,9,2006,22.8
245,16.6,28.8,2006-09-03,1.4,20060903,3,0.0,232,69.9,0.0,0.0,9.0,9,2006,22.3
246,17.1,25.7,2006-09-04,1.6,20060904,4,0.0,232,70.8,0.1,0.0,2.7,9,2006,20.7
247,14.3,23.8,2006-09-05,2.2,20060905,5,0.0,232,71.4,2.0,0.0,1.6,9,2006,17.9
248,13.8,24.0,2006-09-06,1.4,20060906,6,0.0,232,74.4,6.5,0.0,7.4,9,2006,17.6
249,11.6,26.7,2006-09-07,1.1,20060907,7,0.0,232,71.3,0.0,0.0,9.8,9,2006,18.4
250,14.6,25.5,2006-09-08,2.0,20060908,8,0.0,232,67.0,0.4,0.0,3.5,9,2006,20.4
251,12.5,20.0,2006-09-09,2.0,20060909,9,0.0,232,79.4,1.5,0.0,0.0,9,2006,17.1
252,8.0,19.3,2006-09-10,1.8,20060910,10,0.0,232,63.0,0.0,0.0,10.5,9,2006,13.3
253,6.8,19.7,2006-09-11,0.7,20060911,11,0.0,232,72.8,0.0,0.0,0.8,9,2006,12.9
254,9.6,24.2,2006-09-12,1.2,20060912,12,0.0,232,73.0,0.0,0.0,7.8,9,2006,16.2
255,11.1,26.0,2006-09-13,1.2,20060913,13,0.0,232,68.0,0.0,0.0,10.1,9,2006,17.7
256,11.0,25.7,2006-09-14,1.4,20060914,14,0.0,232,63.8,0.0,0.0,7.5,9,2006,18.2
257,14.3,23.2,2006-09-15,1.5,20060915,15,0.0,232,66.5,0.0,0.0,0.6,9,2006,18.8
258,13.3,22.5,2006-09-16,0.8,20060916,16,0.0,232,79.0,6.0,0.0,0.0,9,2006,17.8
259,14.6,19.2,2006-09-17,1.8,20060917,17,0.0,232,78.9,5.5,0.0,0.0,9,2006,16.4
260,13.8,19.5,2006-09-18,1.6,20060918,18,0.0,232,74.5,0.0,0.0,0.0,9,2006,16.3
261,9.3,25.1,2006-09-19,0.9,20060919,19,0.0,232,76.4,0.2,0.0,9.9,9,2006,17.3
262,13.6,25.2,2006-09-20,1.2,20060920,20,0.0,232,75.0,0.0,0.0,4.1,9,2006,18.2
263,12.1,27.6,2006-09-21,1.3,20060921,21,0.0,232,65.6,0.0,0.0,10.3,9,2006,18.6
264,13.1,26.6,2006-09-22,1.9,20060922,22,0.0,232,67.0,0.0,0.0,9.0,9,2006,19.1
265,10.3,25.2,2006-09-23,1.5,20060923,23,0.0,232,59.3,0.0,0.0,11.6,9,2006,16.8
266,8.6,25.2,2006-09-24,1.3,20060924,24,0.0,232,61.3,0.0,0.0,11.1,9,2006,16.4
267,9.1,25.7,2006-09-25,1.4,20060925,25,0.0,232,65.0,0.0,0.0,8.4,9,2006,16.6
268,10.1,24.8,2006-09-26,1.2,20060926,26,0.0,232,66.4,0.0,0.0,6.0,9,2006,16.5
269,9.8,26.1,2006-09-27,1.1,20060927,27,0.0,232,68.8,0.0,0.0,10.0,9,2006,17.1
270,10.8,23.1,2006-09-28,0.9,20060928,28,0.0,232,76.5,0.0,0.0,0.3,9,2006,16.3
271,9.8,24.5,2006-09-29,1.1,20060929,29,0.0,232,70.6,0.0,0.0,7.4,9,2006,16.0
272,8.8,24.7,2006-09-30,1.2,20060930,30,0.0,232,63.5,0.0,0.0,6.7,9,2006,16.8
273,12.0,23.7,2006-10-01,1.2,20061001,1,0.0,232,61.4,0.0,0.0,4.5,10,2006,17.5
274,9.8,25.1,2006-10-02,0.9,20061002,2,0.0,232,70.5,0.0,0.0,8.7,10,2006,16.4
275,8.8,25.5,2006-10-03,1.0,20061003,3,0.0,232,73.3,0.0,0.0,8.1,10,2006,15.9
276,9.3,25.5,2006-10-04,0.6,20061004,4,0.0,232,76.0,0.0,0.0,7.3,10,2006,16.0
277,8.3,25.6,2006-10-05,2.1,20061005,5,0.0,232,61.0,0.0,0.0,10.1,10,2006,16.9
278,8.1,25.1,2006-10-06,1.3,20061006,6,0.0,232,63.9,0.0,0.0,10.7,10,2006,15.8
279,7.0,25.1,2006-10-07,1.1,20061007,7,0.0,232,68.1,0.0,0.0,10.2,10,2006,15.1
280,9.1,24.2,2006-10-08,0.9,20061008,8,0.0,232,77.1,0.0,0.0,5.2,10,2006,16.2
281,11.6,25.1,2006-10-09,1.2,20061009,9,0.0,232,76.8,0.0,0.0,3.7,10,2006,17.1
282,10.5,26.2,2006-10-10,1.7,20061010,10,0.0,232,69.5,0.0,0.0,8.4,10,2006,16.7
283,10.0,22.7,2006-10-11,2.0,20061011,11,0.0,232,75.9,0.0,0.0,0.2,10,2006,16.0
284,5.1,22.0,2006-10-12,1.1,20061012,12,0.0,232,62.4,0.0,0.0,10.5,10,2006,12.1
285,5.0,23.8,2006-10-13,1.0,20061013,13,0.0,232,60.6,0.0,0.0,9.1,10,2006,13.1
286,8.3,24.2,2006-10-14,1.7,20061014,14,0.0,232,67.0,0.0,0.0,9.7,10,2006,16.0
287,9.3,24.3,2006-10-15,0.8,20061015,15,0.0,232,75.3,0.0,0.0,6.0,10,2006,15.7
288,10.6,25.7,2006-10-16,1.5,20061016,16,0.0,232,76.0,0.0,0.0,6.8,10,2006,16.4
289,9.6,22.7,2006-10-17,1.1,20061017,17,0.0,232,76.9,0.0,0.0,1.1,10,2006,16.2
290,12.6,23.7,2006-10-18,1.4,20061018,18,0.0,232,73.0,0.0,0.0,6.8,10,2006,17.6
291,11.6,21.7,2006-10-19,1.1,20061019,19,0.0,232,78.4,0.0,0.0,1.2,10,2006,16.6
292,10.1,23.0,2006-10-20,1.0,20061020,20,0.0,232,76.8,0.0,0.0,6.5,10,2006,15.5
293,10.1,24.2,2006-10-21,1.5,20061021,21,0.0,232,70.1,0.0,0.0,8.1,10,2006,16.5
294,12.0,16.7,2006-10-22,1.5,20061022,22,0.0,232,81.9,20.5,0.0,0.0,10,2006,14.8
295,8.1,15.1,2006-10-23,2.6,20061023,23,0.0,232,66.8,0.5,0.0,1.1,10,2006,11.4
296,4.1,18.2,2006-10-24,1.4,20061024,24,0.0,232,63.3,0.0,0.0,10.1,10,2006,10.9
297,5.0,18.5,2006-10-25,1.6,20061025,25,0.0,232,64.8,0.0,0.0,3.0,10,2006,11.7
298,8.6,17.8,2006-10-26,0.9,20061026,26,0.0,232,68.0,0.0,0.0,0.4,10,2006,12.5
299,4.5,17.2,2006-10-27,1.0,20061027,27,0.0,232,71.5,0.0,0.0,8.5,10,2006,10.0
300,2.7,19.7,2006-10-28,0.8,20061028,28,0.0,232,72.6,0.0,0.0,8.7,10,2006,10.8
301,3.7,18.7,2006-10-29,1.1,20061029,29,0.0,232,72.4,0.5,0.0,6.7,10,2006,10.6
302,0.4,19.5,2006-10-30,0.8,20061030,30,0.0,232,64.0,0.0,0.0,10.2,10,2006,8.9
303,2.2,19.2,2006-10-31,0.8,20061031,31,0.0,232,75.3,0.0,0.0,8.5,10,2006,10.0
304,6.1,20.5,2006-11-01,1.2,20061101,1,0.0,232,74.3,0.0,0.0,5.7,11,2006,13.3
305,4.5,18.8,2006-11-02,1.5,20061102,2,0.0,232,69.4,0.0,0.0,8.1,11,2006,10.2
306,3.7,20.7,2006-11-03,1.2,20061103,3,0.0,232,71.8,0.0,0.0,7.3,11,2006,11.6
307,10.1,19.7,2006-11-04,2.3,20061104,4,0.0,232,65.8,0.0,0.0,4.9,11,2006,14.6
308,2.2,16.7,2006-11-05,3.0,20061105,5,0.0,232,65.6,4.0,0.0,5.7,11,2006,11.5
309,-0.8,9.5,2006-11-06,2.3,20061106,6,0.0,232,79.5,15.0,1.2,0.6,11,2006,4.5
310,-2.5,7.3,2006-11-07,1.1,20061107,7,0.0,232,72.3,1.8,4.1,6.9,11,2006,2.1
311,2.7,17.8,2006-11-08,3.4,20061108,8,0.0,232,63.1,0.0,0.0,8.4,11,2006,12.0
312,2.9,17.8,2006-11-09,2.2,20061109,9,0.0,232,62.5,0.0,0.0,4.9,11,2006,12.6
313,1.2,12.1,2006-11-10,0.9,20061110,10,0.0,232,51.1,0.0,0.0,1.5,11,2006,6.4
314,-1.3,9.1,2006-11-11,2.8,20061111,11,0.0,232,47.8,0.0,0.0,9.4,11,2006,4.7
315,-4.5,10.8,2006-11-12,1.0,20061112,12,0.0,232,61.9,0.0,0.0,9.5,11,2006,2.3
316,-1.1,14.3,2006-11-13,2.3,20061113,13,0.0,232,70.9,0.5,0.0,4.5,11,2006,8.9
317,3.5,10.3,2006-11-14,3.6,20061114,14,0.0,232,47.0,0.0,0.0,8.4,11,2006,6.1
318,1.6,10.1,2006-11-15,2.5,20061115,15,0.0,232,67.8,2.0,0.0,4.5,11,2006,5.5
319,-3.5,6.8,2006-11-16,1.4,20061116,16,0.0,232,63.1,0.0,0.0,7.5,11,2006,0.5
320,-4.9,9.8,2006-11-17,0.7,20061117,17,0.0,232,67.3,0.0,0.0,8.7,11,2006,1.5
321,-1.6,13.6,2006-11-18,0.9,20061118,18,0.0,232,66.8,0.0,0.0,6.3,11,2006,3.7
322,-2.5,11.1,2006-11-19,0.8,20061119,19,0.0,232,68.6,0.0,0.0,1.2,11,2006,4.8
323,-2.2,12.3,2006-11-20,1.1,20061120,20,0.0,232,69.9,0.0,0.0,8.5,11,2006,4.5
324,-2.5,11.5,2006-11-21,1.0,20061121,21,0.0,232,75.4,0.5,0.0,1.2,11,2006,4.2
325,-1.7,9.6,2006-11-22,0.8,20061122,22,0.0,232,72.9,0.0,0.0,0.0,11,2006,3.1
326,-2.5,10.8,2006-11-23,2.4,20061123,23,0.0,232,65.9,0.0,0.0,1.8,11,2006,4.6
327,1.3,10.6,2006-11-24,3.0,20061124,24,0.0,232,52.1,0.0,0.0,5.3,11,2006,5.8
328,-3.2,14.5,2006-11-25,0.9,20061125,25,0.0,232,68.9,0.0,0.0,8.7,11,2006,4.7
329,3.5,14.1,2006-11-26,0.6,20061126,26,0.0,232,68.0,0.0,0.0,0.0,11,2006,8.9
330,5.0,9.0,2006-11-27,1.8,20061127,27,0.0,232,85.8,31.5,0.0,0.0,11,2006,7.2
331,1.7,9.1,2006-11-28,2.1,20061128,28,0.0,232,73.9,0.5,0.0,0.8,11,2006,5.3
332,-2.4,4.9,2006-11-29,1.8,20061129,29,0.0,232,56.8,0.0,0.0,7.0,11,2006,1.4
333,-3.7,4.5,2006-11-30,1.1,20061130,30,0.0,232,77.9,0.5,0.0,2.1,11,2006,0.5
334,-1.0,6.0,2006-12-01,1.5,20061201,1,0.0,232,79.5,2.0,0.0,3.3,12,2006,1.7
335,-4.9,3.4,2006-12-02,3.3,20061202,2,0.0,232,61.3,4.5,0.8,2.6,12,2006,-2.0
336,-7.1,-0.8,2006-12-03,2.3,20061203,3,0.0,232,52.9,0.0,0.0,8.6,12,2006,-4.3
337,-5.5,2.5,2006-12-04,1.4,20061204,4,0.0,232,58.4,0.0,0.0,8.6,12,2006,-2.6
338,-5.0,6.4,2006-12-05,1.7,20061205,5,0.0,232,67.5,0.0,0.0,3.1,12,2006,-0.5
339,-4.5,7.6,2006-12-06,1.5,20061206,6,0.0,232,74.8,0.0,0.0,5.8,12,2006,0.8
340,1.8,6.5,2006-12-07,1.6,20061207,7,0.0,232,70.5,0.0,0.0,0.0,12,2006,4.2
341,2.5,6.8,2006-12-08,2.0,20061208,8,0.0,232,75.8,3.5,0.0,1.2,12,2006,4.8
342,-1.3,6.1,2006-12-09,2.6,20061209,9,0.0,232,74.0,3.0,0.0,2.4,12,2006,2.8
343,-5.3,2.7,2006-12-10,1.2,20061210,10,0.0,232,66.9,0.0,0.0,6.1,12,2006,-2.0
344,-6.1,5.6,2006-12-11,0.8,20061211,11,0.0,232,65.6,0.0,0.0,6.5,12,2006,-0.8
345,-3.4,8.6,2006-12-12,1.2,20061212,12,0.0,232,71.3,0.0,0.0,2.4,12,2006,2.1
346,-1.7,9.5,2006-12-13,1.2,20061213,13,0.0,232,78.5,0.0,0.0,1.7,12,2006,3.6
347,-3.0,6.5,2006-12-14,0.6,20061214,14,0.0,232,74.4,0.0,0.0,0.8,12,2006,0.4
348,-3.7,9.1,2006-12-15,1.5,20061215,15,0.0,232,74.9,0.0,0.0,1.9,12,2006,2.2
349,-4.3,4.5,2006-12-16,1.3,20061216,16,0.0,232,76.5,0.5,0.0,2.1,12,2006,-0.5
350,-6.5,0.5,2006-12-17,2.4,20061217,17,0.0,232,77.3,3.1,7.6,1.4,12,2006,-1.7
351,-11.1,1.1,2006-12-18,0.7,20061218,18,0.0,232,72.8,0.0,0.0,7.7,12,2006,-4.7
352,-9.1,5.0,2006-12-19,1.6,20061219,19,0.0,232,65.4,0.0,0.0,6.7,12,2006,-1.9
353,-2.5,8.3,2006-12-20,1.6,20061220,20,0.0,232,65.4,0.0,0.0,5.1,12,2006,1.1
354,-4.1,7.6,2006-12-21,0.7,20061221,21,0.0,232,79.4,0.0,0.0,7.5,12,2006,-0.4
355,-4.0,7.4,2006-12-22,0.9,20061222,22,0.0,232,78.8,0.0,0.0,5.3,12,2006,0.5
356,-5.5,8.1,2006-12-23,1.0,20061223,23,0.0,232,78.4,0.0,0.0,7.7,12,2006,-0.2
357,-6.4,6.1,2006-12-24,0.9,20061224,24,0.0,232,78.6,0.0,0.0,4.0,12,2006,-0.6
358,-2.9,12.3,2006-12-25,1.2,20061225,25,0.0,232,74.8,0.0,0.0,7.7,12,2006,2.8
359,-3.2,12.3,2006-12-26,0.9,20061226,26,0.0,232,75.4,0.0,0.0,8.3,12,2006,3.3
360,-1.8,4.4,2006-12-27,3.1,20061227,27,0.0,232,68.1,0.0,0.0,1.6,12,2006,0.8
361,-10.8,-1.7,2006-12-28,5.3,20061228,28,0.0,232,54.8,0.6,1.5,0.7,12,2006,-7.4
362,-14.3,-3.0,2006-12-29,1.6,20061229,29,0.0,232,56.3,0.0,0.0,8.4,12,2006,-9.3
363,-13.6,1.1,2006-12-30,0.6,20061230,30,0.0,232,54.5,0.0,0.0,7.2,12,2006,-5.7
364,-9.8,6.0,2006-12-31,0.6,20061231,31,0.0,232,59.8,0.0,0.0,8.4,12,2006,-3.4
