,tmin,cloud,tmax,tavg,humid,sunshine,Date,year,month,snow,date,rainfall,station_id,day,wind
0,-1.3,3.6,7.3,2.5,89.8,2.3,2024-01-01,2024,1,0.0,20240101,0.0,232,1,0.6
1,-0.2,7.0,5.6,2.9,87.3,0.0,2024-01-02,2024,1,0.0,20240102,0.0,232,2,0.5
2,-1.0,6.8,4.8,1.4,90.1,0.0,2024-01-03,2024,1,0.0,20240103,2.2,232,3,0.6
3,-5.2,1.6,5.2,0.1,83.3,5.9,2024-01-04,2024,1,0.0,20240104,0.0,232,4,0.8
4,-1.9,3.5,10.1,3.5,85.9,1.7,2024-01-05,2024,1,0.0,20240105,0.0,232,5,0.8
5,-1.6,1.6,5.4,1.3,68.6,9.0,2024-01-06,2024,1,0.0,20240106,0.4,232,6,1.3
6,-5.8,0.9,0.7,-2.6,58.4,7.7,2024-01-07,2024,1,0.0,20240107,0.0,232,7,2.1
7,-11.0,2.3,0.8,-5.0,60.1,9.2,2024-01-08,2024,1,0.0,20240108,0.0,232,8,1.0
8,-2.3,6.0,0.8,-0.7,87.5,0.0,2024-01-10,2024,1,0.0,20240110,0.0,232,10,0.8
9,-2.8,5.0,3.6,0.2,84.4,0.1,2024-01-11,2024,1,0.0,20240111,0.0,232,11,0.8
10,-3.8,0.0,6.7,1.4,67.5,8.7,2024-01-12,2024,1,0.0,20240112,0.0,232,12,1.1
11,-6.7,0.0,5.8,-1.2,67.0,9.1,2024-01-13,2024,1,0.0,20240113,0.0,232,13,0.8
12,-6.4,4.3,6.2,-0.1,83.0,3.1,2024-01-14,2024,1,0.0,20240114,4.8,232,14,0.9
13,-5.5,0.0,1.4,-2.6,54.3,9.4,2024-01-15,2024,1,0.0,20240115,0.0,232,15,1.4
14,-9.0,2.8,3.6,-3.2,64.5,8.2,2024-01-16,2024,1,0.0,20240116,0.0,232,16,0.6
15,-4.9,8.1,2.4,0.5,89.6,0.0,2024-01-17,2024,1,0.0,20240117,8.1,232,17,0.5
16,2.4,7.3,7.1,4.6,90.8,0.1,2024-01-18,2024,1,0.0,20240118,6.3,232,18,1.3
17,4.6,6.5,8.7,6.1,68.5,1.3,2024-01-19,2024,1,0.0,20240119,0.0,232,19,3.6
18,2.5,9.4,5.7,4.0,78.9,0.0,2024-01-20,2024,1,0.0,20240120,7.2,232,20,3.6
19,-0.2,7.0,6.5,2.8,80.1,0.0,2024-01-21,2024,1,0.0,20240121,0.0,232,21,1.5
20,-10.7,9.4,-0.2,-6.6,78.3,0.8,2024-01-22,2024,1,0.0,20240122,2.9,232,22,2.7
21,-13.9,1.3,-0.5,-6.8,65.0,9.4,2024-01-25,2024,1,0.0,20240125,0.0,232,25,1.0
22,-10.7,3.4,2.4,-4.1,79.1,2.6,2024-01-26,2024,1,0.0,20240126,0.0,232,26,0.6
23,-8.2,2.8,4.0,-2.1,74.5,8.4,2024-01-27,2024,1,0.0,20240127,0.0,232,27,0.7
24,-7.2,0.9,8.0,-0.6,68.6,9.5,2024-01-30,2024,1,0.0,20240130,0.0,232,30,0.5
25,-2.3,4.6,11.6,4.3,57.8,7.3,2024-01-31,2024,1,0.0,20240131,0.0,232,31,0.9
26,-0.7,9.1,5.9,2.6,75.0,0.0,2024-02-01,2024,2,0.0,20240201,0.0,232,1,0.8
27,-2.1,5.9,7.3,1.7,77.5,4.6,2024-02-02,2024,2,0.0,20240202,0.0,232,2,0.7
28,-3.0,8.3,9.3,3.3,84.4,0.2,2024-02-03,2024,2,0.0,20240203,1.1,232,3,0.8
29,-0.8,7.9,10.1,5.3,79.0,3.4,2024-02-04,2024,2,0.0,20240204,0.5,232,4,1.7
30,0.9,10.0,5.7,3.5,86.3,0.0,2024-02-05,2024,2,0.0,20240205,10.5,232,5,3.8
31,0.6,9.6,4.3,2.0,84.0,0.0,2024-02-06,2024,2,0.0,20240206,0.0,232,6,1.3
32,-5.2,3.3,5.5,-0.4,77.4,9.1,2024-02-08,2024,2,0.0,20240208,0.0,232,8,0.8
33,-5.8,2.5,6.1,0.1,71.6,7.6,2024-02-09,2024,2,0.0,20240209,0.0,232,9,1.1
34,-5.1,1.3,7.3,-0.1,76.4,4.8,2024-02-10,2024,2,0.0,20240210,0.0,232,10,0.9
35,-6.2,2.0,6.3,-0.1,77.5,5.3,2024-02-11,2024,2,0.0,20240211,0.1,232,11,1.2
36,-4.7,0.0,10.6,2.0,71.8,9.2,2024-02-12,2024,2,0.0,20240212,0.0,232,12,0.8
37,-3.1,2.3,15.8,6.7,72.9,8.1,2024-02-13,2024,2,0.0,20240213,0.0,232,13,1.3
38,6.7,5.6,18.7,11.9,77.5,3.9,2024-02-14,2024,2,0.0,20240214,0.0,232,14,1.2
39,-0.9,7.3,11.4,4.4,89.1,0.0,2024-02-15,2024,2,0.0,20240215,2.5,232,15,1.7
40,-3.8,1.6,8.4,1.7,75.3,9.4,2024-02-16,2024,2,0.0,20240216,0.0,232,16,0.7
41,-3.7,1.1,13.1,3.7,76.3,8.3,2024-02-17,2024,2,0.0,20240217,0.0,232,17,0.8
42,-2.7,7.3,11.4,5.3,87.8,0.4,2024-02-18,2024,2,0.0,20240218,24.4,232,18,1.0
43,4.8,8.4,13.6,10.0,97.6,0.0,2024-02-19,2024,2,0.0,20240219,9.6,232,19,1.3
44,3.5,10.0,8.0,5.2,90.4,0.0,2024-02-20,2024,2,0.0,20240220,6.5,232,20,2.0
45,1.6,10.0,5.5,4.0,91.5,0.0,2024-02-21,2024,2,0.0,20240221,24.2,232,21,3.8
46,0.4,9.9,2.1,1.1,89.0,0.0,2024-02-22,2024,2,0.0,20240222,6.8,232,22,3.5
47,0.3,9.1,5.6,2.6,72.0,3.4,2024-02-23,2024,2,0.0,20240223,0.0,232,23,3.8
48,0.1,9.1,6.2,2.5,70.6,3.0,2024-02-24,2024,2,0.0,20240224,1.8,232,24,3.1
49,0.7,8.5,5.4,2.5,91.6,0.0,2024-02-25,2024,2,0.0,20240225,1.7,232,25,0.8
50,-2.2,3.9,8.0,2.6,78.0,7.0,2024-02-26,2024,2,0.0,20240226,0.0,232,26,1.0
51,-0.5,5.1,9.4,4.4,60.6,7.3,2024-02-27,2024,2,0.0,20240227,0.0,232,27,2.1
52,-0.4,7.5,10.8,4.9,67.6,1.7,2024-02-28,2024,2,0.0,20240228,0.0,232,28,0.9
53,1.8,9.0,8.7,5.0,71.4,0.0,2024-02-29,2024,2,0.0,20240229,0.0,232,29,1.2
54,-5.6,0.3,2.1,-2.6,38.5,10.1,2024-03-01,2024,3,0.0,20240301,0.0,232,1,3.3
55,-9.5,2.6,5.4,-0.8,56.9,8.8,2024-03-02,2024,3,0.0,20240302,0.0,232,2,1.9
56,0.6,2.6,11.1,5.3,70.6,3.9,2024-03-03,2024,3,0.0,20240303,0.1,232,3,1.8
57,-0.8,6.8,11.6,5.5,69.8,3.5,2024-03-04,2024,3,0.0,20240304,0.0,232,4,0.7
58,5.6,9.6,8.5,7.3,73.6,0.0,2024-03-05,2024,3,0.0,20240305,1.4,232,5,1.8
59,0.0,3.1,11.3,6.1,68.5,5.8,2024-03-06,2024,3,0.0,20240306,0.0,232,6,1.2
60,1.0,4.5,9.0,4.5,57.6,5.3,2024-03-07,2024,3,0.0,20240307,0.0,232,7,2.1
61,0.0,0.0,7.2,2.9,51.4,10.3,2024-03-08,2024,3,0.0,20240308,0.0,232,8,2.4
62,-5.2,0.0,7.2,1.1,50.4,11.0,2024-03-09,2024,3,0.0,20240309,0.0,232,9,1.6
63,-5.6,1.1,11.4,2.9,53.4,11.0,2024-03-10,2024,3,0.0,20240310,0.0,232,10,1.0
64,-2.1,6.9,12.4,5.1,66.0,2.5,2024-03-11,2024,3,0.0,20240311,0.6,232,11,1.0
65,0.9,5.9,9.5,4.6,89.9,0.1,2024-03-12,2024,3,0.0,20240312,1.0,232,12,0.8
66,-1.8,0.5,13.2,5.4,63.9,10.2,2024-03-13,2024,3,0.0,20240313,0.0,232,13,1.6
67,-2.1,0.4,16.0,6.5,64.1,10.8,2024-03-14,2024,3,0.0,20240314,0.0,232,14,1.2
68,-1.6,0.0,17.4,7.7,62.0,10.5,2024-03-15,2024,3,0.0,20240315,0.0,232,15,1.3
69,-0.2,3.3,19.2,10.2,56.1,8.5,2024-03-16,2024,3,0.0,20240316,0.0,232,16,1.0
70,4.5,7.0,12.8,8.4,53.4,5.8,2024-03-17,2024,3,0.0,20240317,0.2,232,17,2.1
71,-2.0,3.4,14.6,6.5,38.8,10.0,2024-03-18,2024,3,0.0,20240318,0.0,232,18,1.3
72,2.2,7.6,12.3,6.0,59.3,3.2,2024-03-19,2024,3,0.0,20240319,0.3,232,19,2.8
73,0.8,0.8,8.4,4.4,50.9,10.3,2024-03-20,2024,3,0.0,20240320,0.0,232,20,2.8
74,-3.5,2.1,11.7,4.1,57.9,11.2,2024-03-21,2024,3,0.0,20240321,0.0,232,21,1.4
75,0.9,6.8,17.0,10.0,60.0,6.2,2024-03-22,2024,3,0.0,20240322,0.3,232,22,2.3
76,7.9,4.0,20.0,13.5,65.5,9.7,2024-03-23,2024,3,0.0,20240323,0.0,232,23,1.5
77,7.4,4.6,20.5,14.2,46.3,7.5,2024-03-24,2024,3,0.0,20240324,0.0,232,24,2.2
78,6.9,9.9,13.7,9.9,72.0,0.4,2024-03-25,2024,3,0.0,20240325,7.5,232,25,3.0
79,2.5,7.6,10.2,6.4,83.5,0.9,2024-03-26,2024,3,0.0,20240326,20.4,232,26,1.9
80,1.3,5.5,17.1,9.4,76.1,7.9,2024-03-27,2024,3,0.0,20240327,0.0,232,27,0.9
81,8.1,8.5,10.3,9.4,91.8,0.0,2024-03-28,2024,3,0.0,20240328,9.1,232,28,1.1
82,2.8,3.8,12.7,7.8,84.8,2.5,2024-03-29,2024,3,0.0,20240329,0.4,232,29,2.0
83,-0.1,3.0,17.4,8.3,70.5,5.4,2024-03-30,2024,3,0.0,20240330,0.0,232,30,1.2
84,-0.5,3.0,18.5,9.7,52.1,11.3,2024-03-31,2024,3,0.0,20240331,0.0,232,31,1.2
85,1.3,0.4,20.4,10.8,49.0,11.6,2024-04-01,2024,4,0.0,20240401,0.0,232,1,1.1
86,2.7,6.5,25.1,14.6,50.0,8.4,2024-04-02,2024,4,0.0,20240402,0.0,232,2,0.9
87,13.3,9.5,16.8,14.6,89.9,0.1,2024-04-03,2024,4,0.0,20240403,5.3,232,3,1.8
88,12.6,8.9,16.4,14.3,71.0,0.3,2024-04-04,2024,4,0.0,20240404,0.0,232,4,2.1
89,8.2,5.8,18.6,13.2,60.1,5.3,2024-04-05,2024,4,0.0,20240405,0.0,232,5,1.7
90,4.9,4.5,19.1,11.4,63.1,4.9,2024-04-06,2024,4,0.0,20240406,0.0,232,6,0.8
91,4.0,3.5,24.1,14.1,49.0,11.6,2024-04-07,2024,4,0.0,20240407,0.0,232,7,1.1
92,6.3,7.0,22.5,14.6,48.8,3.7,2024-04-08,2024,4,0.0,20240408,0.0,232,8,1.1
93,7.0,0.0,20.5,13.9,50.9,11.6,2024-04-09,2024,4,0.0,20240409,0.0,232,9,2.3
94,9.8,6.5,19.4,13.9,58.6,8.1,2024-04-10,2024,4,0.0,20240410,0.0,232,10,1.5
95,10.0,5.3,21.8,15.2,64.8,5.3,2024-04-11,2024,4,0.0,20240411,0.0,232,11,0.9
96,8.1,1.9,24.7,16.1,65.5,10.6,2024-04-12,2024,4,0.0,20240412,0.0,232,12,1.2
97,7.8,0.0,27.8,17.3,59.0,11.8,2024-04-13,2024,4,0.0,20240413,0.0,232,13,1.0
98,8.1,4.1,27.8,18.5,55.1,11.0,2024-04-14,2024,4,0.0,20240414,0.0,232,14,1.1
99,12.6,6.4,19.9,16.2,80.9,0.0,2024-04-15,2024,4,0.0,20240415,20.1,232,15,2.0
100,11.0,2.6,20.7,14.7,72.6,8.3,2024-04-16,2024,4,0.0,20240416,0.2,232,16,1.5
101,6.8,3.0,22.0,13.8,67.9,8.1,2024-04-17,2024,4,0.0,20240417,0.0,232,17,1.1
102,6.7,0.0,24.7,15.6,56.0,11.5,2024-04-18,2024,4,0.0,20240418,0.0,232,18,1.2
103,6.2,4.0,25.9,16.4,55.1,10.8,2024-04-19,2024,4,0.0,20240419,0.0,232,19,1.0
104,12.4,9.9,15.0,13.6,87.3,0.0,2024-04-20,2024,4,0.0,20240420,12.8,232,20,2.5
105,13.4,9.5,18.9,16.3,75.8,0.0,2024-04-21,2024,4,0.0,20240421,0.0,232,21,2.3
106,11.6,6.0,23.2,17.2,61.0,5.3,2024-04-22,2024,4,0.0,20240422,0.0,232,22,1.8
107,9.2,6.8,21.8,15.9,61.8,8.1,2024-04-23,2024,4,0.0,20240423,0.0,232,23,2.4
108,10.8,5.5,18.6,13.9,76.1,4.8,2024-04-24,2024,4,0.0,20240424,9.0,232,24,1.8
109,10.5,4.6,22.7,14.4,73.4,7.4,2024-04-25,2024,4,0.0,20240425,0.0,232,25,1.0
110,8.2,4.6,26.7,16.9,65.0,10.2,2024-04-26,2024,4,0.0,20240426,0.0,232,26,0.9
111,8.4,0.0,25.4,17.0,59.4,12.3,2024-04-27,2024,4,0.0,20240427,0.0,232,27,1.2
112,6.8,5.5,27.8,17.8,60.5,11.1,2024-04-28,2024,4,0.0,20240428,0.0,232,28,0.7
113,14.7,9.6,19.9,17.5,73.4,0.0,2024-04-29,2024,4,0.0,20240429,0.8,232,29,1.7
114,12.8,7.6,21.4,16.4,78.8,1.2,2024-04-30,2024,4,0.0,20240430,0.0,232,30,0.9
115,12.5,5.4,21.6,16.9,51.9,10.0,2024-05-01,2024,5,0.0,20240501,0.0,232,1,2.1
116,7.3,0.0,23.6,15.5,61.4,12.4,2024-05-02,2024,5,0.0,20240502,0.0,232,2,1.2
117,6.2,0.0,26.2,16.8,54.8,12.6,2024-05-03,2024,5,0.0,20240503,0.0,232,3,0.9
118,8.0,1.8,27.9,18.7,56.6,12.2,2024-05-04,2024,5,0.0,20240504,0.0,232,4,1.0
119,16.4,10.0,18.7,17.7,89.8,0.0,2024-05-05,2024,5,0.0,20240505,36.4,232,5,1.9
120,13.4,8.9,17.4,14.6,92.6,0.0,2024-05-06,2024,5,0.0,20240506,5.2,232,6,1.3
121,11.0,10.0,15.7,13.1,91.0,0.0,2024-05-07,2024,5,0.0,20240507,9.1,232,7,1.4
122,7.6,2.9,20.5,13.9,63.6,11.1,2024-05-08,2024,5,0.0,20240508,0.0,232,8,1.6
123,6.2,0.5,22.7,14.7,59.4,12.8,2024-05-09,2024,5,0.0,20240509,0.0,232,9,1.3
124,7.5,2.5,25.1,16.2,60.5,12.5,2024-05-10,2024,5,0.0,20240510,0.0,232,10,1.1
125,9.0,6.8,23.0,16.5,80.4,3.3,2024-05-11,2024,5,0.0,20240511,9.6,232,11,1.6
126,9.6,4.1,21.1,15.0,70.6,8.8,2024-05-12,2024,5,0.0,20240512,0.2,232,12,1.2
127,7.7,0.0,24.4,16.1,61.6,0.0,2024-05-13,2024,5,0.0,20240513,0.0,232,13,1.0
128,7.6,0.0,26.0,16.8,63.6,12.6,2024-05-14,2024,5,0.0,20240514,0.0,232,14,0.9
129,7.6,5.1,22.2,12.4,78.8,7.0,2024-05-15,2024,5,0.0,20240515,16.0,232,15,1.7
130,7.6,1.6,20.0,13.7,67.6,12.4,2024-05-16,2024,5,0.0,20240516,3.2,232,16,2.0
131,8.4,2.6,25.5,17.0,65.9,11.4,2024-05-17,2024,5,0.0,20240517,0.0,232,17,1.0
132,10.7,0.0,27.0,19.3,69.0,12.6,2024-05-18,2024,5,0.0,20240518,0.0,232,18,0.9
133,13.0,1.4,27.8,20.4,68.1,12.6,2024-05-19,2024,5,0.0,20240519,0.0,232,19,1.1
134,12.3,4.9,24.7,18.4,79.9,4.6,2024-05-20,2024,5,0.0,20240520,0.0,232,20,0.9
135,15.4,4.9,26.2,19.9,75.9,6.3,2024-05-21,2024,5,0.0,20240521,0.0,232,21,1.0
136,13.1,5.8,25.9,19.3,79.0,7.9,2024-05-22,2024,5,0.0,20240522,0.0,232,22,0.8
137,12.9,0.0,27.7,19.8,69.5,12.5,2024-05-23,2024,5,0.0,20240523,0.0,232,23,1.0
138,12.5,4.6,26.0,19.3,78.3,8.7,2024-05-24,2024,5,0.0,20240524,0.0,232,24,1.1
139,16.2,5.9,23.3,19.3,62.6,1.2,2024-05-25,2024,5,0.0,20240525,0.0,232,25,1.5
140,13.8,7.5,25.4,19.0,81.1,4.0,2024-05-26,2024,5,0.0,20240526,28.0,232,26,1.5
141,13.7,5.3,22.4,17.6,66.1,11.6,2024-05-27,2024,5,0.0,20240527,0.0,232,27,2.1
142,10.5,3.5,24.8,17.4,69.5,9.9,2024-05-28,2024,5,0.0,20240528,0.0,232,28,1.5
143,10.5,1.5,27.2,19.6,61.5,13.0,2024-05-29,2024,5,0.0,20240529,0.0,232,29,1.0
144,13.8,9.5,25.6,19.4,66.3,1.4,2024-05-30,2024,5,0.0,20240530,0.0,232,30,0.7
145,14.0,3.3,25.6,19.9,58.4,12.7,2024-05-31,2024,5,0.0,20240531,0.0,232,31,1.3
146,16.4,4.1,24.0,19.4,64.6,7.9,2024-06-01,2024,6,0.0,20240601,0.0,232,1,1.6
147,12.1,0.8,25.5,19.3,60.6,13.1,2024-06-02,2024,6,0.0,20240602,0.0,232,2,1.4
148,10.8,0.8,26.4,19.6,60.3,12.8,2024-06-03,2024,6,0.0,20240603,0.0,232,3,1.1
149,13.0,0.0,27.6,20.3,56.5,13.3,2024-06-04,2024,6,0.0,20240604,0.0,232,4,1.2
150,12.2,5.1,28.7,20.7,65.9,10.3,2024-06-05,2024,6,0.0,20240605,0.0,232,5,0.9
151,15.1,3.1,28.8,21.8,64.1,10.5,2024-06-06,2024,6,0.0,20240606,0.0,232,6,1.0
152,13.9,7.6,27.7,21.5,64.9,5.5,2024-06-07,2024,6,0.0,20240607,0.0,232,7,0.8
153,17.5,7.1,25.1,20.5,84.8,2.6,2024-06-08,2024,6,0.0,20240608,1.8,232,8,1.0
154,18.0,3.8,29.1,22.5,74.8,11.2,2024-06-09,2024,6,0.0,20240609,0.0,232,9,1.0
155,16.0,1.0,30.0,23.2,70.8,11.5,2024-06-10,2024,6,0.0,20240610,0.0,232,10,1.2
156,16.6,1.3,31.1,23.6,68.9,10.5,2024-06-11,2024,6,0.0,20240611,0.0,232,11,1.0
157,15.6,2.3,32.3,23.3,60.0,13.0,2024-06-12,2024,6,0.0,20240612,0.0,232,12,1.1
158,14.4,0.0,32.5,23.6,62.3,12.7,2024-06-13,2024,6,0.0,20240613,0.0,232,13,1.0
159,16.7,4.5,31.4,24.1,61.0,12.1,2024-06-14,2024,6,0.0,20240614,0.0,232,14,1.2
160,18.9,7.4,27.5,23.2,72.4,2.5,2024-06-15,2024,6,0.0,20240615,0.3,232,15,1.0
161,18.1,1.9,28.9,23.5,60.8,12.6,2024-06-16,2024,6,0.0,20240616,0.0,232,16,1.4
162,14.2,6.4,29.9,22.2,62.3,10.9,2024-06-17,2024,6,0.0,20240617,0.0,232,17,0.9
163,13.5,0.0,32.5,23.8,60.3,13.3,2024-06-18,2024,6,0.0,20240618,0.0,232,18,1.1
164,17.0,4.3,34.7,25.9,62.0,12.3,2024-06-19,2024,6,0.0,20240619,0.0,232,19,0.9
165,17.3,4.8,31.7,24.2,57.9,7.9,2024-06-20,2024,6,0.0,20240620,0.0,232,20,1.3
166,16.0,6.1,31.9,24.9,62.6,11.9,2024-06-21,2024,6,0.0,20240621,0.0,232,21,0.9
167,21.5,9.8,24.1,22.2,92.8,0.0,2024-06-22,2024,6,0.0,20240622,40.7,232,22,1.5
168,22.2,7.4,29.1,24.4,85.8,2.1,2024-06-23,2024,6,0.0,20240623,7.5,232,23,1.4
169,18.5,6.8,29.0,23.9,79.0,4.6,2024-06-24,2024,6,0.0,20240624,0.0,232,24,1.3
170,15.2,6.0,27.7,21.8,65.8,11.0,2024-06-25,2024,6,0.0,20240625,0.0,232,25,1.6
171,15.3,2.8,29.3,22.5,69.8,12.7,2024-06-26,2024,6,0.0,20240626,0.0,232,26,0.9
172,15.7,5.5,27.8,21.7,71.8,5.0,2024-06-27,2024,6,0.0,20240627,0.0,232,27,0.7
173,14.4,2.1,30.9,23.3,65.1,12.9,2024-06-28,2024,6,0.0,20240628,0.0,232,28,0.8
174,19.5,7.8,30.0,24.4,79.3,5.1,2024-06-29,2024,6,0.0,20240629,52.1,232,29,1.6
175,21.9,8.6,27.7,24.8,85.1,1.9,2024-06-30,2024,6,0.0,20240630,4.0,232,30,2.0
176,20.9,3.4,30.4,25.2,75.3,11.3,2024-07-01,2024,7,0.0,20240701,0.0,232,1,0.9
177,20.8,10.0,25.0,22.9,92.6,0.0,2024-07-02,2024,7,0.0,20240702,57.2,232,2,1.8
178,23.2,9.4,27.6,25.1,81.3,0.7,2024-07-03,2024,7,0.0,20240703,1.6,232,3,1.7
179,21.5,3.3,30.9,26.6,76.9,7.5,2024-07-04,2024,7,0.0,20240704,0.0,232,4,1.2
180,21.7,7.3,28.4,24.7,77.6,5.9,2024-07-05,2024,7,0.0,20240705,0.7,232,5,2.0
181,21.5,8.5,30.5,26.5,82.0,2.0,2024-07-06,2024,7,0.0,20240706,0.7,232,6,2.0
182,21.2,10.0,26.3,23.2,97.0,0.0,2024-07-07,2024,7,0.0,20240707,108.7,232,7,0.9
183,22.7,9.9,25.6,23.7,96.9,0.0,2024-07-08,2024,7,0.0,20240708,76.9,232,8,0.9
184,22.6,9.5,24.5,23.3,95.9,0.0,2024-07-09,2024,7,0.0,20240709,13.6,232,9,1.0
185,21.2,6.9,29.4,24.6,82.3,7.1,2024-07-10,2024,7,0.0,20240710,61.0,232,10,1.8
186,21.9,6.8,29.1,24.6,86.0,2.2,2024-07-11,2024,7,0.0,20240711,0.5,232,11,0.8
187,21.2,3.4,29.8,24.9,82.9,5.5,2024-07-12,2024,7,0.0,20240712,0.0,232,12,0.7
188,21.3,4.1,31.7,25.7,80.4,7.5,2024-07-13,2024,7,0.0,20240713,0.5,232,13,1.0
189,21.7,6.4,29.8,25.4,80.3,5.4,2024-07-14,2024,7,0.0,20240714,0.0,232,14,2.3
190,22.6,4.5,30.2,26.5,75.4,6.9,2024-07-15,2024,7,0.0,20240715,0.0,232,15,1.9
191,22.6,6.1,28.6,24.7,89.6,2.5,2024-07-16,2024,7,0.0,20240716,37.5,232,16,1.5
192,22.2,9.0,30.1,26.7,84.3,0.8,2024-07-17,2024,7,0.0,20240717,60.5,232,17,1.4
193,23.7,9.6,27.1,25.4,89.5,0.0,2024-07-18,2024,7,0.0,20240718,52.3,232,18,1.5
194,23.1,6.8,30.2,25.6,87.6,3.5,2024-07-19,2024,7,0.0,20240719,0.0,232,19,0.8
195,23.0,7.0,29.9,26.1,87.8,3.0,2024-07-20,2024,7,0.0,20240720,7.2,232,20,1.7
196,23.2,5.3,30.8,26.9,82.1,3.9,2024-07-21,2024,7,0.0,20240721,0.2,232,21,1.6
197,25.3,8.5,30.7,28.3,77.9,1.6,2024-07-22,2024,7,0.0,20240722,0.0,232,22,1.4
198,24.7,8.9,28.1,26.4,89.5,0.0,2024-07-23,2024,7,0.0,20240723,7.5,232,23,1.3
199,24.4,3.9,31.5,26.9,89.1,3.1,2024-07-24,2024,7,0.0,20240724,2.1,232,24,0.8
200,23.5,5.5,33.1,27.9,82.6,9.3,2024-07-25,2024,7,0.0,20240725,0.7,232,25,1.0
201,24.3,8.3,33.0,27.9,84.5,6.5,2024-07-26,2024,7,0.0,20240726,15.9,232,26,1.8
202,25.3,9.4,32.0,27.3,90.4,1.6,2024-07-27,2024,7,0.0,20240727,4.6,232,27,1.1
203,25.5,7.1,32.3,28.5,79.0,7.4,2024-07-28,2024,7,0.0,20240728,0.0,232,28,1.4
204,24.3,4.3,30.5,27.2,82.4,2.9,2024-07-29,2024,7,0.0,20240729,0.0,232,29,1.6
205,24.6,3.3,32.1,27.4,82.8,2.4,2024-07-30,2024,7,0.0,20240730,0.0,232,30,0.8
206,24.1,4.5,32.6,28.1,82.4,5.7,2024-07-31,2024,7,0.0,20240731,0.0,232,31,0.9
207,24.7,2.9,32.4,28.5,83.9,4.2,2024-08-01,2024,8,0.0,20240801,0.0,232,1,0.8
208,26.1,5.1,32.7,28.9,84.9,4.6,2024-08-02,2024,8,0.0,20240802,0.0,232,2,0.9
209,25.8,3.4,34.2,29.3,81.0,9.5,2024-08-03,2024,8,0.0,20240803,0.0,232,3,0.8
210,24.0,2.9,35.1,29.7,78.1,9.6,2024-08-04,2024,8,0.0,20240804,0.0,232,4,0.8
211,23.2,6.6,33.9,27.9,84.1,6.1,2024-08-05,2024,8,0.0,20240805,21.7,232,5,1.2
212,23.1,6.0,32.4,27.4,84.0,7.2,2024-08-06,2024,8,0.0,20240806,0.0,232,6,0.8
213,24.0,4.6,33.7,28.3,79.5,8.0,2024-08-07,2024,8,0.0,20240807,0.0,232,7,0.8
214,23.5,7.4,29.8,26.5,86.5,1.0,2024-08-08,2024,8,0.0,20240808,0.0,232,8,0.6
215,22.8,1.0,32.8,27.3,81.8,9.1,2024-08-09,2024,8,0.0,20240809,0.0,232,9,0.7
216,23.0,4.4,33.2,27.6,83.6,7.3,2024-08-10,2024,8,0.0,20240810,0.0,232,10,0.9
217,24.8,2.6,33.5,28.4,78.8,10.8,2024-08-11,2024,8,0.0,20240811,0.0,232,11,1.0
218,24.0,4.0,34.3,29.1,78.3,10.2,2024-08-12,2024,8,0.0,20240812,0.0,232,12,0.9
219,24.8,4.3,34.1,29.0,77.6,10.6,2024-08-13,2024,8,0.0,20240813,0.6,232,13,1.2
220,24.8,4.5,33.9,28.6,78.8,12.0,2024-08-14,2024,8,0.0,20240814,8.3,232,14,1.0
221,24.1,3.8,33.6,28.1,78.1,10.5,2024-08-15,2024,8,0.0,20240815,0.0,232,15,1.1
222,23.2,3.1,33.6,28.3,74.9,11.5,2024-08-16,2024,8,0.0,20240816,0.0,232,16,1.1
223,24.5,6.1,33.7,28.6,74.8,9.8,2024-08-17,2024,8,0.0,20240817,0.0,232,17,1.0
224,24.3,4.0,33.7,28.0,79.9,9.4,2024-08-18,2024,8,0.0,20240818,0.0,232,18,1.0
225,24.3,3.3,34.1,28.4,76.4,11.4,2024-08-19,2024,8,0.0,20240819,0.0,232,19,0.9
226,25.2,6.8,34.0,28.5,81.5,6.2,2024-08-20,2024,8,0.0,20240820,5.8,232,20,1.7
227,26.1,8.3,31.1,27.5,92.1,0.7,2024-08-21,2024,8,0.0,20240821,22.1,232,21,1.3
228,25.2,7.1,31.2,27.2,88.6,3.5,2024-08-22,2024,8,0.0,20240822,2.8,232,22,1.4
229,22.8,3.8,30.6,25.2,89.8,5.0,2024-08-23,2024,8,0.0,20240823,5.0,232,23,0.8
230,23.3,4.1,31.0,26.5,86.9,5.6,2024-08-24,2024,8,0.0,20240824,0.0,232,24,0.6
231,22.7,3.8,32.1,26.5,86.3,7.3,2024-08-25,2024,8,0.0,20240825,0.0,232,25,0.7
232,22.8,7.5,30.8,26.6,87.0,2.6,2024-08-26,2024,8,0.0,20240826,0.0,232,26,0.5
233,23.7,8.1,26.9,25.3,88.4,0.7,2024-08-27,2024,8,0.0,20240827,0.1,232,27,1.3
234,21.0,0.8,31.7,26.4,71.1,10.9,2024-08-28,2024,8,0.0,20240828,0.0,232,28,2.3
235,21.6,1.0,32.4,26.7,71.8,10.6,2024-08-29,2024,8,0.0,20240829,0.0,232,29,2.0
236,21.2,1.0,32.3,26.5,75.5,11.1,2024-08-30,2024,8,0.0,20240830,0.0,232,30,1.0
237,21.6,1.5,30.8,25.7,77.1,10.6,2024-08-31,2024,8,0.0,20240831,0.0,232,31,0.8
238,20.6,3.6,31.2,25.3,80.0,5.8,2024-09-01,2024,9,0.0,20240901,0.0,232,1,0.8
239,20.1,7.4,27.7,23.6,79.0,0.3,2024-09-02,2024,9,0.0,20240902,0.1,232,2,0.7
240,22.2,5.8,30.7,25.7,68.0,8.0,2024-09-03,2024,9,0.0,20240903,0.0,232,3,2.1
241,18.2,2.8,31.6,24.6,70.5,11.3,2024-09-04,2024,9,0.0,20240904,0.0,232,4,1.0
242,21.3,7.8,31.3,25.6,82.4,5.5,2024-09-05,2024,9,0.0,20240905,0.1,232,5,1.1
243,22.9,9.6,27.5,25.0,88.8,0.0,2024-09-06,2024,9,0.0,20240906,0.9,232,6,1.0
244,22.0,3.9,30.9,25.5,80.6,6.3,2024-09-07,2024,9,0.0,20240907,0.0,232,7,0.8
245,20.2,1.3,31.6,25.5,78.4,10.0,2024-09-08,2024,9,0.0,20240908,0.0,232,8,0.6
246,22.8,3.3,32.9,27.3,77.0,8.0,2024-09-09,2024,9,0.0,20240909,0.0,232,9,1.0
247,22.9,0.4,34.1,27.7,75.9,10.8,2024-09-10,2024,9,0.0,20240910,0.0,232,10,0.9
248,23.1,7.8,32.8,26.6,86.1,1.3,2024-09-11,2024,9,0.0,20240911,24.8,232,11,0.7
249,23.8,9.4,27.9,25.3,95.6,0.0,2024-09-12,2024,9,0.0,20240912,51.6,232,12,0.9
250,23.2,9.3,31.1,26.3,88.8,1.4,2024-09-13,2024,9,0.0,20240913,0.0,232,13,0.9
251,24.1,6.6,31.5,26.9,88.3,4.0,2024-09-14,2024,9,0.0,20240914,0.2,232,14,0.6
252,23.8,4.6,32.9,27.9,77.5,8.4,2024-09-15,2024,9,0.0,20240915,0.0,232,15,2.0
253,23.4,7.6,31.0,26.9,77.0,5.1,2024-09-16,2024,9,0.0,20240916,0.0,232,16,2.1
254,24.2,6.9,33.6,28.3,82.4,8.0,2024-09-17,2024,9,0.0,20240917,0.0,232,17,0.7
255,23.9,6.8,32.9,27.7,85.0,4.2,2024-09-18,2024,9,0.0,20240918,8.3,232,18,1.0
256,23.2,8.6,31.7,27.2,87.3,3.3,2024-09-19,2024,9,0.0,20240919,0.0,232,19,0.8
257,22.4,10.0,27.2,25.2,95.5,0.0,2024-09-20,2024,9,0.0,20240920,79.4,232,20,1.0
258,16.7,6.4,24.2,20.2,82.3,0.8,2024-09-22,2024,9,0.0,20240922,0.1,232,22,1.3
259,16.1,1.6,24.8,19.7,68.9,10.1,2024-09-23,2024,9,0.0,20240923,0.0,232,23,2.1
260,13.6,2.9,25.9,18.9,74.0,10.3,2024-09-24,2024,9,0.0,20240924,0.0,232,24,1.3
261,16.5,7.6,27.5,21.8,80.8,6.1,2024-09-25,2024,9,0.0,20240925,0.0,232,25,0.8
262,19.0,5.6,28.3,22.7,82.4,5.2,2024-09-26,2024,9,0.0,20240926,0.0,232,26,0.7
263,17.4,1.3,27.5,21.2,83.0,8.0,2024-09-27,2024,9,0.0,20240927,0.0,232,27,0.6
264,16.8,3.8,27.6,22.5,73.1,8.4,2024-09-28,2024,9,0.0,20240928,0.0,232,28,2.2
265,16.9,2.9,27.2,21.6,73.9,8.7,2024-09-29,2024,9,0.0,20240929,0.0,232,29,1.8
266,13.1,3.1,27.0,19.4,76.0,10.4,2024-09-30,2024,9,0.0,20240930,0.0,232,30,0.8
267,13.6,8.0,20.1,16.6,81.0,0.0,2024-10-01,2024,10,0.0,20241001,3.1,232,1,0.9
268,7.8,3.8,19.5,12.8,68.4,8.6,2024-10-02,2024,10,0.0,20241002,0.0,232,2,1.0
269,6.7,6.0,17.5,11.6,91.0,1.1,2024-10-03,2024,10,0.0,20241003,4.2,232,3,0.7
