,sunshine,snow,wind,rainfall,date,cloud,humid,day,tmax,tmin,Date,station_id,tavg,month,year
0,0.0,1.0,4.3,0.3,20150101,4.1,61.0,1,-3.6,-7.3,2015-01-01,232,-5.7,1,2015
1,0.0,0.0,2.3,0.0,20150102,3.1,61.4,2,-0.7,-9.9,2015-01-02,232,-5.0,1,2015
2,0.0,0.0,1.5,0.0,20150103,4.9,71.8,3,2.5,-11.2,2015-01-03,232,-3.7,1,2015
3,0.0,0.0,1.8,0.0,20150104,2.6,74.8,4,9.8,-2.3,2015-01-04,232,1.9,1,2015
4,0.0,0.0,1.7,0.5,20150105,7.1,76.1,5,8.5,-3.4,2015-01-05,232,3.6,1,2015
5,0.0,0.0,4.5,3.5,20150106,3.6,60.8,6,4.0,-5.5,2015-01-06,232,-1.0,1,2015
6,0.0,0.0,2.9,0.0,20150107,1.1,52.3,7,-0.4,-7.4,2015-01-07,232,-4.3,1,2015
7,7.8,0.0,1.4,0.0,20150108,0.0,73.6,8,1.6,-10.8,2015-01-08,232,-5.0,1,2015
8,2.4,0.0,0.8,0.0,20150109,3.1,81.6,9,3.3,-8.3,2015-01-09,232,-2.5,1,2015
9,8.2,0.0,1.2,0.0,20150110,0.9,77.9,10,6.2,-7.5,2015-01-10,232,-1.4,1,2015
10,8.0,0.4,3.2,0.2,20150111,1.9,67.8,11,2.9,-3.5,2015-01-11,232,0.1,1,2015
11,9.3,0.0,1.2,0.0,20150112,0.0,56.6,12,3.2,-8.8,2015-01-12,232,-3.4,1,2015
12,6.3,0.0,1.1,0.0,20150113,5.0,66.8,13,5.9,-8.7,2015-01-13,232,-1.4,1,2015
13,0.1,0.0,0.9,0.0,20150114,9.3,67.8,14,5.7,-2.2,2015-01-14,232,1.9,1,2015
14,4.2,0.0,1.7,0.0,20150115,3.8,66.8,15,8.3,-2.8,2015-01-15,232,2.0,1,2015
15,0.0,0.5,2.3,0.7,20150116,8.3,81.0,16,3.3,-4.6,2015-01-16,232,0.2,1,2015
16,9.0,0.0,3.6,0.0,20150117,0.8,61.1,17,0.5,-7.5,2015-01-17,232,-3.1,1,2015
17,2.9,3.0,1.9,3.1,20150118,5.9,75.4,18,4.1,-9.1,2015-01-18,232,-1.5,1,2015
18,1.8,0.0,2.6,0.0,20150119,6.5,73.6,19,4.7,-0.9,2015-01-19,232,1.6,1,2015
19,9.2,0.0,1.1,0.0,20150120,4.4,68.8,20,5.7,-5.9,2015-01-20,232,0.0,1,2015
20,0.3,0.0,1.3,2.5,20150121,8.9,74.5,21,5.8,-2.4,2015-01-21,232,2.3,1,2015
21,2.0,0.0,1.8,1.0,20150122,9.7,83.1,22,6.4,-2.0,2015-01-22,232,2.2,1,2015
22,2.5,0.0,0.8,0.0,20150123,7.3,83.4,23,5.1,-3.0,2015-01-23,232,0.1,1,2015
23,3.0,0.0,1.2,0.0,20150124,0.0,76.6,24,8.1,-2.8,2015-01-24,232,2.3,1,2015
24,0.0,0.0,2.1,0.5,20150125,0.0,79.9,25,6.1,-1.8,2015-01-25,232,3.1,1,2015
25,0.0,0.0,2.6,0.4,20150126,9.5,89.3,26,5.9,1.8,2015-01-26,232,4.2,1,2015
26,8.2,0.0,3.9,0.0,20150127,1.3,68.1,27,1.9,-4.8,2015-01-27,232,-1.9,1,2015
27,7.7,0.0,1.7,0.0,20150128,4.8,59.9,28,1.8,-7.2,2015-01-28,232,-3.8,1,2015
28,0.2,0.0,1.6,0.0,20150129,10.0,71.9,29,4.4,-5.8,2015-01-29,232,-0.2,1,2015
29,6.7,0.0,3.7,0.0,20150130,3.5,60.0,30,1.5,-4.5,2015-01-30,232,-1.3,1,2015
30,9.1,0.0,2.2,0.0,20150131,0.0,62.3,31,0.3,-9.0,2015-01-31,232,-4.5,1,2015
31,9.2,0.0,1.2,0.0,20150201,0.0,65.8,1,3.1,-10.2,2015-02-01,232,-3.7,2,2015
32,7.2,0.0,0.8,0.0,20150202,3.0,67.8,2,5.7,-8.1,2015-02-02,232,-2.3,2,2015
33,6.1,0.0,1.1,0.0,20150203,5.0,69.1,3,5.9,-7.0,2015-02-03,232,-1.0,2,2015
34,5.1,0.0,1.2,0.0,20150204,4.3,79.9,4,4.8,-6.2,2015-02-04,232,-1.0,2,2015
35,8.1,0.0,2.0,0.0,20150205,1.5,73.0,5,4.7,-4.9,2015-02-05,232,-0.2,2,2015
36,8.4,0.0,1.4,0.0,20150206,1.0,74.1,6,6.3,-5.9,2015-02-06,232,-0.1,2,2015
37,2.3,0.0,1.6,0.0,20150207,0.0,72.4,7,6.5,-4.8,2015-02-07,232,1.1,2,2015
38,6.9,0.0,5.5,0.0,20150208,0.0,51.9,8,0.0,-9.3,2015-02-08,232,-6.9,2,2015
39,6.0,0.0,3.1,0.0,20150209,4.0,56.6,9,1.0,-12.8,2015-02-09,232,-4.0,2,2015
40,8.6,0.0,2.6,0.0,20150210,2.0,63.4,10,8.4,-3.9,2015-02-10,232,3.3,2,2015
41,3.0,0.0,1.6,0.0,20150211,6.8,69.1,11,8.4,-2.0,2015-02-11,232,2.9,2,2015
42,9.7,0.0,3.8,0.0,20150212,0.5,48.0,12,2.9,-4.3,2015-02-12,232,-0.9,2,2015
43,9.9,0.0,2.6,0.0,20150213,0.0,54.4,13,4.0,-7.1,2015-02-13,232,-1.8,2,2015
44,4.1,0.0,1.4,0.0,20150214,0.0,73.6,14,9.3,-7.1,2015-02-14,232,1.0,2,2015
45,0.4,0.0,2.3,1.5,20150215,0.0,67.3,15,11.8,-2.0,2015-02-15,232,7.0,2,2015
46,0.0,0.0,2.5,15.5,20150216,10.0,91.0,16,6.3,4.3,2015-02-16,232,4.8,2,2015
47,0.1,0.0,3.4,0.5,20150217,8.8,79.3,17,4.5,1.1,2015-02-17,232,2.4,2,2015
48,0.0,0.0,2.2,0.0,20150218,0.0,77.1,18,2.8,0.9,2015-02-18,232,1.6,2,2015
49,9.3,0.0,1.0,0.0,20150219,0.0,72.6,19,7.6,-3.7,2015-02-19,232,1.5,2,2015
50,7.4,0.0,1.6,0.0,20150220,0.0,69.0,20,11.3,-3.6,2015-02-20,232,4.2,2,2015
51,0.0,0.0,2.0,3.0,20150221,0.0,81.9,21,7.2,3.4,2015-02-21,232,6.2,2,2015
52,1.7,0.0,3.8,0.5,20150222,5.3,78.0,22,7.6,0.9,2015-02-22,232,4.5,2,2015
53,4.4,0.0,2.2,0.0,20150223,6.3,68.0,23,5.6,-1.4,2015-02-23,232,1.7,2,2015
54,8.0,0.0,1.6,0.0,20150224,2.5,70.1,24,8.3,-1.8,2015-02-24,232,2.1,2,2015
55,6.9,0.0,1.8,0.0,20150225,6.8,57.4,25,12.3,-1.8,2015-02-25,232,5.1,2,2015
56,7.5,0.0,4.7,0.5,20150226,3.5,62.6,26,6.1,-1.8,2015-02-26,232,2.2,2,2015
57,9.3,0.0,3.1,0.0,20150227,2.8,50.3,27,2.9,-3.7,2015-02-27,232,-1.1,2,2015
58,0.1,0.0,1.5,0.0,20150228,0.0,57.8,28,6.3,-4.7,2015-02-28,232,1.8,2,2015
59,3.4,0.0,3.3,0.3,20150301,0.0,67.4,1,7.4,-1.0,2015-03-01,232,2.7,3,2015
60,10.4,0.0,1.5,0.0,20150302,0.0,57.8,2,10.5,-5.3,2015-03-02,232,2.5,3,2015
61,0.8,0.0,2.8,1.0,20150303,10.0,59.0,3,10.3,0.5,2015-03-03,232,4.3,3,2015
62,8.5,0.0,5.3,0.0,20150304,2.0,47.5,4,3.4,-2.8,2015-03-04,232,-0.7,3,2015
63,9.0,0.0,1.4,0.0,20150305,6.8,60.4,5,5.7,-7.1,2015-03-05,232,-0.6,3,2015
64,10.5,0.0,1.6,0.0,20150306,1.3,56.5,6,10.5,-5.9,2015-03-06,232,1.9,3,2015
65,10.6,0.0,1.6,0.0,20150307,0.0,56.5,7,10.7,-6.0,2015-03-07,232,2.3,3,2015
66,8.6,0.0,1.8,0.0,20150308,0.0,52.4,8,16.0,-4.3,2015-03-08,232,6.0,3,2015
67,7.9,0.0,5.1,0.0,20150309,1.3,48.3,9,8.1,-3.8,2015-03-09,232,2.8,3,2015
68,11.0,0.0,6.0,0.0,20150310,1.0,42.3,10,1.7,-5.0,2015-03-10,232,-2.0,3,2015
69,8.2,0.0,3.9,0.0,20150311,3.0,52.9,11,8.6,-5.3,2015-03-11,232,1.6,3,2015
70,10.8,0.0,2.0,0.0,20150312,0.8,48.3,12,8.8,-6.8,2015-03-12,232,2.0,3,2015
71,8.7,0.0,2.8,2.0,20150313,3.3,51.0,13,11.7,-1.5,2015-03-13,232,6.4,3,2015
72,8.7,0.0,1.4,0.0,20150314,0.0,56.1,14,11.1,-5.0,2015-03-14,232,2.9,3,2015
73,9.6,0.0,1.4,0.0,20150315,0.0,57.1,15,13.5,-4.0,2015-03-15,232,4.2,3,2015
74,8.1,0.0,1.1,0.0,20150316,1.8,51.8,16,19.4,-2.1,2015-03-16,232,8.0,3,2015
75,1.8,0.0,1.2,0.0,20150317,9.3,51.9,17,19.8,1.0,2015-03-17,232,10.5,3,2015
76,0.0,0.0,1.9,17.5,20150318,10.0,84.3,18,10.3,7.0,2015-03-18,232,9.2,3,2015
77,10.6,0.0,1.9,0.0,20150319,0.5,69.0,19,19.4,5.1,2015-03-19,232,11.5,3,2015
78,7.2,0.0,1.4,0.0,20150320,5.3,50.4,20,21.5,6.4,2015-03-20,232,12.0,3,2015
79,9.4,0.0,1.6,0.0,20150321,0.0,51.9,21,19.3,1.7,2015-03-21,232,10.4,3,2015
80,10.1,0.0,3.5,0.0,20150322,0.0,58.1,22,15.6,2.6,2015-03-22,232,7.6,3,2015
81,11.5,0.0,3.8,0.0,20150323,0.0,47.1,23,10.3,-1.3,2015-03-23,232,4.6,3,2015
82,11.6,0.0,1.8,0.0,20150324,0.0,49.8,24,12.0,-3.4,2015-03-24,232,3.9,3,2015
83,11.7,0.0,1.4,0.0,20150325,0.0,50.5,25,14.5,-4.2,2015-03-25,232,4.8,3,2015
84,11.6,0.0,1.5,0.0,20150326,0.0,50.5,26,15.6,-3.5,2015-03-26,232,5.9,3,2015
85,11.0,0.0,1.7,0.0,20150327,2.8,49.1,27,17.6,-2.1,2015-03-27,232,7.3,3,2015
86,10.0,0.0,2.0,0.0,20150328,0.0,39.9,28,19.5,-2.4,2015-03-28,232,9.7,3,2015
87,6.5,0.0,1.6,0.0,20150329,0.0,63.1,29,16.4,6.0,2015-03-29,232,10.3,3,2015
88,10.3,0.0,1.7,0.0,20150330,0.0,64.6,30,22.7,3.2,2015-03-30,232,12.6,3,2015
89,0.0,0.0,1.2,2.5,20150331,10.0,87.0,31,14.0,5.5,2015-03-31,232,11.2,3,2015
90,0.0,0.0,2.7,1.0,20150401,10.0,83.3,1,13.4,10.7,2015-04-01,232,12.2,4,2015
91,5.6,0.0,4.1,17.5,20150402,5.8,70.8,2,19.5,9.6,2015-04-02,232,15.5,4,2015
92,0.2,0.0,2.4,9.5,20150403,7.8,86.6,3,18.8,6.9,2015-04-03,232,10.3,4,2015
93,5.1,0.0,3.4,4.5,20150404,0.0,69.0,4,17.8,8.1,2015-04-04,232,12.2,4,2015
94,0.0,0.0,1.7,2.5,20150405,0.0,93.4,5,11.6,8.8,2015-04-05,232,10.2,4,2015
95,0.0,0.0,2.9,0.1,20150406,10.0,78.3,6,13.0,6.0,2015-04-06,232,9.8,4,2015
96,2.6,0.0,1.7,0.0,20150407,9.3,69.6,7,14.2,2.7,2015-04-07,232,7.9,4,2015
97,2.5,0.0,1.8,0.0,20150408,9.0,65.9,8,14.1,5.1,2015-04-08,232,8.9,4,2015
98,7.9,0.0,1.6,0.0,20150409,4.3,65.6,9,16.2,2.9,2015-04-09,232,9.0,4,2015
99,11.3,0.0,1.8,0.0,20150410,0.0,58.4,10,17.6,1.3,2015-04-10,232,9.7,4,2015
100,11.3,0.0,1.6,0.0,20150411,0.0,56.4,11,21.3,1.8,2015-04-11,232,11.2,4,2015
101,1.1,0.0,2.6,0.0,20150412,0.0,44.9,12,18.9,3.8,2015-04-12,232,12.9,4,2015
102,1.3,0.0,3.2,2.5,20150413,9.5,62.6,13,16.7,8.4,2015-04-13,232,11.8,4,2015
103,0.2,0.0,1.5,6.5,20150414,9.8,84.0,14,10.3,6.8,2015-04-14,232,8.4,4,2015
104,9.2,0.0,2.8,2.5,20150415,4.5,68.1,15,19.3,6.5,2015-04-15,232,12.5,4,2015
105,4.0,0.0,4.3,2.0,20150416,6.5,66.0,16,18.8,7.1,2015-04-16,232,11.4,4,2015
106,12.1,0.0,2.2,0.0,20150417,1.8,53.6,17,18.9,1.6,2015-04-17,232,10.0,4,2015
107,5.9,0.0,1.6,0.0,20150418,0.0,43.1,18,21.5,1.5,2015-04-18,232,13.8,4,2015
108,0.0,0.0,1.8,17.5,20150419,0.0,93.6,19,17.5,11.8,2015-04-19,232,13.7,4,2015
109,0.0,0.0,2.0,13.5,20150420,9.8,87.5,20,14.1,7.2,2015-04-20,232,11.3,4,2015
110,11.5,0.0,2.0,0.0,20150421,3.8,67.5,21,21.9,4.7,2015-04-21,232,12.6,4,2015
111,10.5,0.0,2.5,0.0,20150422,2.5,57.9,22,20.1,6.4,2015-04-22,232,13.5,4,2015
112,11.2,0.0,1.9,0.0,20150423,5.5,53.3,23,22.1,4.2,2015-04-23,232,13.2,4,2015
113,11.7,0.0,2.0,0.0,20150424,2.5,50.0,24,22.5,8.3,2015-04-24,232,15.1,4,2015
114,12.5,0.0,1.9,0.0,20150425,0.0,47.5,25,24.1,4.5,2015-04-25,232,14.7,4,2015
115,11.8,0.0,1.9,0.0,20150426,0.0,45.5,26,26.6,6.5,2015-04-26,232,17.3,4,2015
116,11.9,0.0,1.9,0.0,20150427,2.0,46.8,27,26.2,9.5,2015-04-27,232,17.8,4,2015
117,4.7,0.0,1.7,0.0,20150428,8.8,56.8,28,25.2,8.7,2015-04-28,232,18.2,4,2015
118,0.0,0.0,2.4,8.0,20150429,10.0,85.5,29,18.3,14.7,2015-04-29,232,16.6,4,2015
119,10.3,0.0,1.7,0.0,20150430,5.0,70.0,30,26.4,13.9,2015-04-30,232,19.8,4,2015
120,10.9,0.0,1.6,0.0,20150501,0.8,72.4,1,26.6,13.1,2015-05-01,232,19.6,5,2015
121,5.2,0.0,1.4,1.5,20150502,0.0,76.5,2,26.6,13.5,2015-05-02,232,19.7,5,2015
122,0.0,0.0,1.5,5.0,20150503,0.0,91.0,3,21.6,16.4,2015-05-03,232,18.4,5,2015
123,11.9,0.0,3.8,0.0,20150504,1.8,57.8,4,20.3,8.2,2015-05-04,232,15.1,5,2015
124,12.7,0.0,2.0,0.0,20150505,0.0,53.0,5,21.0,4.6,2015-05-05,232,12.9,5,2015
125,5.3,0.0,1.7,0.0,20150506,8.5,50.4,6,22.6,6.5,2015-05-06,232,14.0,5,2015
126,9.8,0.0,1.6,0.0,20150507,4.5,50.0,7,24.2,6.6,2015-05-07,232,15.5,5,2015
127,4.8,0.0,1.5,0.0,20150508,9.0,62.6,8,23.0,7.8,2015-05-08,232,16.1,5,2015
128,9.7,0.0,1.9,0.0,20150509,0.0,67.3,9,23.8,13.2,2015-05-09,232,17.8,5,2015
129,12.1,0.0,1.7,0.0,20150510,0.0,59.1,10,25.0,10.3,2015-05-10,232,18.1,5,2015
130,1.2,0.0,3.6,12.0,20150511,9.8,72.6,11,23.2,13.3,2015-05-11,232,17.6,5,2015
131,8.6,0.0,3.8,6.0,20150512,5.5,70.8,12,19.4,10.9,2015-05-12,232,14.9,5,2015
132,12.5,0.0,3.9,0.0,20150513,0.5,50.1,13,25.7,12.1,2015-05-13,232,20.1,5,2015
133,10.5,0.0,2.4,0.0,20150514,2.0,63.3,14,29.6,13.0,2015-05-14,232,21.6,5,2015
134,0.2,0.0,1.8,0.0,20150515,9.8,87.1,15,20.8,14.6,2015-05-15,232,18.1,5,2015
135,13.0,0.0,2.4,0.0,20150516,0.0,56.0,16,25.1,10.4,2015-05-16,232,17.7,5,2015
136,10.6,0.0,1.5,0.0,20150517,0.0,56.3,17,26.6,9.2,2015-05-17,232,17.8,5,2015
137,3.0,0.0,2.1,0.0,20150518,8.8,62.1,18,24.4,13.2,2015-05-18,232,18.4,5,2015
138,2.4,0.0,2.2,2.0,20150519,9.3,81.9,19,23.2,13.1,2015-05-19,232,17.3,5,2015
139,11.1,0.0,2.5,0.0,20150520,0.5,69.8,20,20.6,9.7,2015-05-20,232,15.4,5,2015
140,13.2,0.0,2.1,0.0,20150521,0.8,57.4,21,27.0,9.8,2015-05-21,232,18.6,5,2015
141,11.1,0.0,1.9,0.0,20150522,2.5,56.8,22,27.4,12.5,2015-05-22,232,19.9,5,2015
142,11.7,0.0,1.6,0.0,20150523,0.0,50.3,23,27.5,12.7,2015-05-23,232,20.2,5,2015
143,13.3,0.0,1.8,0.0,20150524,0.0,49.6,24,27.2,10.6,2015-05-24,232,19.0,5,2015
144,13.2,0.0,1.9,0.0,20150525,0.0,54.5,25,27.2,9.9,2015-05-25,232,19.1,5,2015
145,13.1,0.0,1.6,0.0,20150526,0.0,58.8,26,30.4,11.0,2015-05-26,232,20.2,5,2015
146,12.3,0.0,1.5,0.0,20150527,1.8,48.4,27,31.1,11.0,2015-05-27,232,21.9,5,2015
147,10.8,0.0,1.7,0.0,20150528,3.3,48.1,28,31.5,15.2,2015-05-28,232,22.5,5,2015
148,9.3,0.0,1.8,0.0,20150529,5.8,51.9,29,29.4,14.6,2015-05-29,232,22.4,5,2015
149,3.2,0.0,1.6,1.0,20150530,0.0,80.0,30,22.0,16.0,2015-05-30,232,18.3,5,2015
150,10.0,0.0,1.4,0.0,20150531,0.0,68.4,31,28.4,15.1,2015-05-31,232,20.9,5,2015
151,11.2,0.0,1.6,0.0,20150601,6.3,65.3,1,29.5,14.3,2015-06-01,232,21.8,6,2015
152,6.7,0.0,1.7,0.0,20150602,6.5,65.0,2,29.4,16.6,2015-06-02,232,21.8,6,2015
153,10.7,0.0,3.5,0.0,20150603,3.0,54.9,3,26.9,16.7,2015-06-03,232,21.4,6,2015
154,9.6,0.0,1.4,0.0,20150604,5.8,51.5,4,30.1,12.4,2015-06-04,232,22.1,6,2015
155,1.8,0.0,1.6,0.5,20150605,9.3,69.6,5,20.4,13.9,2015-06-05,232,17.8,6,2015
156,12.4,0.0,2.1,0.0,20150606,0.0,59.3,6,28.0,14.4,2015-06-06,232,21.4,6,2015
157,11.3,0.0,2.1,0.0,20150607,0.0,56.5,7,30.4,17.2,2015-06-07,232,23.2,6,2015
158,1.9,0.0,1.4,0.0,20150608,9.5,65.6,8,25.7,15.9,2015-06-08,232,21.4,6,2015
159,6.9,0.0,2.2,0.0,20150609,7.0,75.6,9,27.9,17.5,2015-06-09,232,21.4,6,2015
160,10.8,0.0,1.8,0.0,20150610,4.3,64.3,10,34.2,15.8,2015-06-10,232,24.5,6,2015
161,1.1,0.0,1.9,1.0,20150611,9.8,71.1,11,26.3,17.6,2015-06-11,232,22.8,6,2015
162,11.7,0.0,2.1,0.5,20150612,3.3,62.8,12,31.1,19.6,2015-06-12,232,24.3,6,2015
163,7.4,0.0,2.8,0.0,20150613,0.0,60.6,13,31.6,19.4,2015-06-13,232,25.3,6,2015
164,3.9,0.0,1.7,4.5,20150614,0.0,76.3,14,27.3,19.0,2015-06-14,232,22.5,6,2015
165,5.0,0.0,1.5,0.0,20150615,8.8,74.5,15,30.2,19.7,2015-06-15,232,23.7,6,2015
166,10.2,0.0,1.9,0.0,20150616,2.8,75.5,16,29.9,19.3,2015-06-16,232,23.6,6,2015
167,2.3,0.0,1.6,18.0,20150617,8.0,81.0,17,28.5,18.4,2015-06-17,232,22.7,6,2015
168,4.7,0.0,1.3,0.5,20150618,6.5,73.4,18,28.5,20.2,2015-06-18,232,23.9,6,2015
169,7.9,0.0,2.2,0.0,20150619,5.3,65.4,19,29.0,20.6,2015-06-19,232,24.3,6,2015
170,0.0,0.0,1.0,13.0,20150620,0.0,91.5,20,21.7,18.0,2015-06-20,232,19.7,6,2015
171,10.7,0.0,1.4,0.0,20150621,0.0,74.8,21,28.8,17.1,2015-06-21,232,22.3,6,2015
172,7.4,0.0,1.5,0.5,20150622,7.0,75.6,22,29.2,17.4,2015-06-22,232,22.7,6,2015
173,12.1,0.0,1.4,0.0,20150623,5.0,69.8,23,30.4,16.7,2015-06-23,232,23.3,6,2015
174,3.6,0.0,1.4,3.5,20150624,8.3,80.5,24,30.3,19.2,2015-06-24,232,22.9,6,2015
175,0.0,0.0,1.8,10.5,20150625,10.0,86.0,25,25.5,18.1,2015-06-25,232,21.0,6,2015
176,0.1,0.0,2.1,33.5,20150626,9.8,83.3,26,24.3,18.4,2015-06-26,232,20.8,6,2015
177,8.6,0.0,1.3,0.0,20150627,0.0,70.5,27,29.6,17.0,2015-06-27,232,23.3,6,2015
178,11.8,0.0,1.7,0.0,20150628,0.0,74.5,28,30.0,17.7,2015-06-28,232,23.6,6,2015
179,9.5,0.0,1.6,0.0,20150629,4.3,71.5,29,31.1,18.3,2015-06-29,232,24.2,6,2015
180,1.3,0.0,1.4,0.0,20150630,9.0,73.6,30,29.0,20.5,2015-06-30,232,23.4,6,2015
181,8.4,0.0,2.6,0.0,20150701,3.8,72.8,1,27.8,18.9,2015-07-01,232,22.9,7,2015
182,8.2,0.0,1.8,0.0,20150702,6.3,71.3,2,28.4,17.0,2015-07-02,232,22.7,7,2015
183,11.1,0.0,2.3,0.0,20150703,3.0,67.6,3,28.8,16.9,2015-07-03,232,22.8,7,2015
184,13.3,0.0,1.5,0.0,20150704,0.0,65.9,4,29.1,13.9,2015-07-04,232,21.9,7,2015
185,8.8,0.0,1.5,0.0,20150705,0.0,68.6,5,29.1,16.6,2015-07-05,232,22.8,7,2015
186,8.6,0.0,1.2,0.0,20150706,6.0,66.0,6,29.9,17.1,2015-07-06,232,23.6,7,2015
187,0.5,0.0,1.8,0.3,20150707,10.0,76.5,7,23.9,18.4,2015-07-07,232,20.6,7,2015
188,0.0,0.0,1.9,8.5,20150708,10.0,89.9,8,24.3,18.1,2015-07-08,232,21.3,7,2015
189,0.0,0.0,2.5,2.0,20150709,10.0,85.5,9,25.7,20.2,2015-07-09,232,22.8,7,2015
190,7.5,0.0,1.7,0.0,20150710,6.3,75.6,10,32.3,21.8,2015-07-10,232,26.5,7,2015
191,7.3,0.0,1.8,3.5,20150711,0.0,76.4,11,33.0,23.4,2015-07-11,232,27.5,7,2015
192,0.0,0.0,3.3,21.5,20150712,10.0,88.6,12,27.2,23.7,2015-07-12,232,24.9,7,2015
193,0.0,0.0,3.2,3.5,20150713,10.0,87.0,13,24.6,22.6,2015-07-13,232,23.4,7,2015
194,8.3,0.0,1.9,0.0,20150714,0.0,77.3,14,31.1,19.9,2015-07-14,232,25.6,7,2015
195,7.0,0.0,1.5,0.0,20150715,0.0,79.1,15,32.5,20.4,2015-07-15,232,25.5,7,2015
196,9.7,0.0,2.8,0.0,20150716,0.0,62.0,16,29.1,19.3,2015-07-16,232,24.3,7,2015
197,3.7,0.0,1.9,0.0,20150717,0.0,62.8,17,27.6,16.3,2015-07-17,232,22.6,7,2015
198,0.1,0.0,1.4,0.5,20150718,0.0,78.0,18,26.8,21.8,2015-07-18,232,23.7,7,2015
199,0.3,0.0,1.2,1.0,20150719,0.0,86.6,19,27.8,21.8,2015-07-19,232,24.3,7,2015
200,0.9,0.0,1.7,0.0,20150720,0.0,77.1,20,30.3,23.3,2015-07-20,232,27.0,7,2015
201,0.7,0.0,1.6,2.0,20150721,0.0,86.8,21,29.6,23.9,2015-07-21,232,26.2,7,2015
202,1.1,0.0,1.4,0.0,20150722,0.0,84.0,22,31.3,24.0,2015-07-22,232,26.6,7,2015
203,0.4,0.0,1.4,22.5,20150723,0.0,89.5,23,29.5,24.2,2015-07-23,232,26.2,7,2015
204,0.0,0.0,1.2,49.0,20150724,0.0,94.5,24,26.4,24.3,2015-07-24,232,25.0,7,2015
205,0.0,0.0,2.5,0.0,20150725,0.0,79.6,25,29.2,24.7,2015-07-25,232,27.1,7,2015
206,7.7,0.0,1.7,0.0,20150726,0.0,75.1,26,32.6,24.2,2015-07-26,232,27.5,7,2015
207,0.6,0.0,1.2,0.5,20150727,0.0,86.9,27,28.8,23.5,2015-07-27,232,25.7,7,2015
208,5.6,0.0,1.3,0.0,20150728,0.0,80.1,28,31.5,24.5,2015-07-28,232,27.6,7,2015
209,2.2,0.0,1.7,22.0,20150729,0.0,88.3,29,31.4,24.9,2015-07-29,232,26.9,7,2015
210,6.4,0.0,1.7,0.0,20150730,0.0,80.0,30,33.2,24.6,2015-07-30,232,28.7,7,2015
211,9.3,0.0,1.7,0.0,20150731,0.0,79.6,31,33.0,24.3,2015-07-31,232,28.1,7,2015
212,6.6,0.0,1.5,0.0,20150801,0.0,79.9,1,33.6,23.6,2015-08-01,232,28.0,8,2015
213,1.2,0.0,1.4,4.0,20150802,0.0,85.4,2,30.7,23.7,2015-08-02,232,27.4,8,2015
214,11.5,0.0,2.2,0.0,20150803,0.0,73.5,3,32.9,25.0,2015-08-03,232,28.0,8,2015
215,11.4,0.0,2.3,0.0,20150804,0.0,73.1,4,33.4,22.5,2015-08-04,232,27.7,8,2015
216,7.4,0.0,1.9,0.0,20150805,0.0,76.0,5,33.5,24.0,2015-08-05,232,28.0,8,2015
217,10.3,0.0,1.2,0.0,20150806,0.0,77.4,6,34.4,22.7,2015-08-06,232,28.4,8,2015
218,8.6,0.0,1.4,0.0,20150807,0.0,75.9,7,36.3,23.9,2015-08-07,232,28.7,8,2015
219,5.0,0.0,1.7,10.5,20150808,0.0,85.3,8,34.2,23.3,2015-08-08,232,26.0,8,2015
220,7.8,0.0,1.6,0.0,20150809,0.0,80.8,9,31.0,22.3,2015-08-09,232,26.0,8,2015
221,0.7,0.0,1.4,0.0,20150810,0.0,83.3,10,29.4,21.8,2015-08-10,232,25.1,8,2015
222,0.0,0.0,0.9,0.0,20150811,0.0,86.3,11,27.8,22.3,2015-08-11,232,24.7,8,2015
223,9.5,0.0,1.6,0.0,20150812,0.0,75.1,12,31.8,20.3,2015-08-12,232,25.4,8,2015
224,5.6,0.0,1.3,0.2,20150813,0.0,82.6,13,32.1,21.6,2015-08-13,232,25.0,8,2015
225,10.7,0.0,1.7,0.0,20150814,0.0,77.1,14,31.9,20.7,2015-08-14,232,25.9,8,2015
226,9.8,0.0,1.5,0.0,20150815,0.0,78.0,15,32.8,21.2,2015-08-15,232,26.2,8,2015
227,0.0,0.0,1.4,0.5,20150816,0.0,85.6,16,29.6,21.6,2015-08-16,232,24.7,8,2015
228,10.8,0.0,1.5,0.0,20150817,0.0,76.4,17,31.9,19.0,2015-08-17,232,25.6,8,2015
229,8.2,0.0,1.4,0.0,20150818,0.0,71.4,18,32.4,22.3,2015-08-18,232,26.8,8,2015
230,0.9,0.0,1.5,0.0,20150819,0.0,76.5,19,29.5,22.5,2015-08-19,232,25.7,8,2015
231,0.5,0.0,1.1,1.0,20150820,0.0,87.1,20,28.5,22.7,2015-08-20,232,24.3,8,2015
232,2.8,0.0,1.4,2.0,20150821,0.0,85.3,21,28.9,21.0,2015-08-21,232,24.0,8,2015
233,1.7,0.0,1.2,3.0,20150822,0.0,88.3,22,28.1,20.0,2015-08-22,232,23.6,8,2015
234,8.2,0.0,1.0,0.0,20150823,0.0,78.5,23,31.0,20.2,2015-08-23,232,25.1,8,2015
235,1.5,0.0,2.4,0.0,20150824,0.0,70.6,24,30.6,22.0,2015-08-24,232,26.1,8,2015
236,0.0,0.0,2.4,11.5,20150825,0.0,89.5,25,24.9,19.7,2015-08-25,232,21.2,8,2015
237,8.1,0.0,2.0,0.0,20150826,0.0,74.9,26,27.3,19.0,2015-08-26,232,22.5,8,2015
238,9.4,0.0,1.9,2.0,20150827,0.0,76.9,27,29.0,18.8,2015-08-27,232,23.3,8,2015
239,4.9,0.0,1.3,29.5,20150828,0.0,89.1,28,26.1,17.8,2015-08-28,232,21.7,8,2015
240,8.7,0.0,1.1,0.0,20150829,0.0,80.1,29,29.2,17.7,2015-08-29,232,22.4,8,2015
241,10.3,0.0,1.0,0.0,20150830,0.0,76.0,30,30.6,17.2,2015-08-30,232,23.3,8,2015
242,8.5,0.0,1.7,0.0,20150831,0.0,74.5,31,30.1,19.1,2015-08-31,232,24.8,8,2015
243,5.2,0.0,1.6,0.0,20150901,0.0,73.3,1,29.3,20.5,2015-09-01,232,24.7,9,2015
244,1.8,0.0,1.4,4.5,20150902,0.0,83.4,2,27.5,20.8,2015-09-02,232,23.2,9,2015
245,7.8,0.0,1.8,3.0,20150903,0.0,82.3,3,27.9,17.8,2015-09-03,232,22.4,9,2015
246,8.1,0.0,1.2,0.0,20150904,0.0,78.8,4,30.2,18.6,2015-09-04,232,23.9,9,2015
247,0.5,0.0,1.4,4.5,20150905,0.0,89.3,5,26.5,19.7,2015-09-05,232,21.9,9,2015
248,3.0,0.0,2.0,0.0,20150906,0.0,76.0,6,25.0,17.7,2015-09-06,232,21.6,9,2015
249,10.5,0.0,1.3,0.0,20150907,0.0,72.1,7,28.1,14.0,2015-09-07,232,20.5,9,2015
250,12.2,0.0,1.7,0.0,20150908,0.0,68.5,8,27.5,14.0,2015-09-08,232,19.8,9,2015
251,12.2,0.0,1.8,0.0,20150909,0.0,59.3,9,27.9,11.0,2015-09-09,232,20.6,9,2015
252,11.9,0.0,1.7,0.0,20150910,0.0,71.3,10,27.2,13.6,2015-09-10,232,20.5,9,2015
253,4.7,0.0,1.2,7.5,20150911,0.0,88.4,11,26.8,15.5,2015-09-11,232,19.8,9,2015
254,1.3,0.0,1.0,8.0,20150912,0.0,84.8,12,22.4,15.0,2015-09-12,232,18.0,9,2015
255,11.0,0.0,1.7,1.5,20150913,0.0,75.4,13,24.5,11.8,2015-09-13,232,17.7,9,2015
256,8.7,0.0,1.1,0.0,20150914,0.0,74.8,14,27.1,12.6,2015-09-14,232,19.0,9,2015
257,10.7,0.0,1.9,0.0,20150915,0.0,60.8,15,26.8,13.0,2015-09-15,232,20.3,9,2015
258,4.3,0.0,1.5,0.0,20150916,0.0,70.3,16,23.5,11.1,2015-09-16,232,18.8,9,2015
259,7.6,0.0,1.4,0.0,20150917,0.0,72.5,17,28.1,12.6,2015-09-17,232,19.7,9,2015
260,9.7,0.0,1.2,0.0,20150918,0.0,70.9,18,27.5,14.0,2015-09-18,232,20.1,9,2015
261,9.9,0.0,1.3,0.0,20150919,0.0,74.4,19,28.1,14.4,2015-09-19,232,20.4,9,2015
262,9.0,0.0,1.1,0.0,20150920,0.0,78.8,20,27.3,14.9,2015-09-20,232,20.5,9,2015
263,9.0,0.0,1.1,0.0,20150921,0.0,77.4,21,28.4,15.2,2015-09-21,232,20.3,9,2015
264,10.9,0.0,1.6,0.0,20150922,0.0,66.5,22,30.4,14.7,2015-09-22,232,21.4,9,2015
265,0.0,0.0,1.4,0.0,20150923,0.0,78.4,23,23.5,15.3,2015-09-23,232,19.7,9,2015
266,3.9,0.0,0.8,0.0,20150924,0.0,82.4,24,27.2,14.6,2015-09-24,232,19.9,9,2015
267,5.9,0.0,1.1,0.0,20150925,0.0,78.1,25,27.7,15.2,2015-09-25,232,21.2,9,2015
268,4.4,0.0,1.3,0.0,20150926,0.0,80.8,26,26.5,14.3,2015-09-26,232,19.6,9,2015
269,11.2,0.0,1.0,0.0,20150927,0.0,71.8,27,28.7,10.6,2015-09-27,232,18.8,9,2015
270,7.4,0.0,1.3,0.0,20150928,0.0,60.4,28,30.2,10.7,2015-09-28,232,20.2,9,2015
271,10.3,0.0,1.5,0.0,20150929,0.0,56.3,29,29.0,12.6,2015-09-29,232,21.2,9,2015
272,0.8,0.0,2.3,0.0,20150930,0.0,59.9,30,24.4,17.6,2015-09-30,232,20.6,9,2015
273,0.0,0.0,3.9,29.0,20151001,0.0,84.4,1,22.5,12.9,2015-10-01,232,17.4,10,2015
274,10.4,0.0,2.2,0.0,20151002,0.0,64.3,2,22.2,6.5,2015-10-02,232,15.8,10,2015
275,7.8,0.0,2.2,0.0,20151003,0.0,72.9,3,25.5,11.9,2015-10-03,232,17.7,10,2015
276,6.2,0.0,1.1,0.0,20151004,0.0,62.0,4,23.1,7.7,2015-10-04,232,14.9,10,2015
277,10.6,0.0,1.1,0.0,20151005,0.0,67.8,5,24.9,8.6,2015-10-05,232,15.8,10,2015
278,10.4,0.0,1.1,0.0,20151006,0.0,70.1,6,25.6,7.7,2015-10-06,232,15.8,10,2015
279,6.7,0.0,0.9,0.0,20151007,0.0,76.5,7,25.5,9.6,2015-10-07,232,17.3,10,2015
280,7.7,0.0,1.3,0.0,20151008,0.0,75.5,8,25.5,12.3,2015-10-08,232,18.2,10,2015
281,10.4,0.0,2.4,0.0,20151009,0.0,59.3,9,20.8,7.8,2015-10-09,232,15.3,10,2015
282,2.0,0.0,1.8,11.5,20151010,0.0,83.6,10,18.9,7.2,2015-10-10,232,12.3,10,2015
283,1.5,0.0,1.3,7.5,20151011,0.0,90.5,11,15.8,6.6,2015-10-11,232,10.5,10,2015
284,7.1,0.0,2.2,1.0,20151012,0.0,74.3,12,18.6,8.8,2015-10-12,232,13.0,10,2015
285,10.6,0.0,1.5,0.0,20151013,0.0,75.4,13,21.9,5.4,2015-10-13,232,13.4,10,2015
286,8.5,0.0,0.9,0.0,20151014,0.0,77.3,14,23.7,9.8,2015-10-14,232,15.2,10,2015
287,8.1,0.0,1.1,0.0,20151015,0.0,76.5,15,24.3,9.2,2015-10-15,232,15.7,10,2015
288,6.9,0.0,1.1,0.0,20151016,0.0,83.4,16,23.1,12.2,2015-10-16,232,16.5,10,2015
289,8.6,0.0,0.9,0.0,20151017,0.0,80.3,17,25.1,8.8,2015-10-17,232,15.6,10,2015
290,7.0,0.0,0.9,0.0,20151018,0.0,79.9,18,24.7,8.0,2015-10-18,232,15.1,10,2015
291,7.5,0.0,1.3,0.0,20151019,0.0,81.0,19,24.7,10.8,2015-10-19,232,16.8,10,2015
292,5.4,0.0,0.7,0.0,20151020,0.0,87.1,20,23.0,12.1,2015-10-20,232,16.0,10,2015
293,6.8,0.0,1.3,0.0,20151021,0.0,84.1,21,23.4,11.0,2015-10-21,232,16.3,10,2015
294,6.0,0.0,1.4,0.0,20151022,0.0,83.5,22,23.9,10.7,2015-10-22,232,16.8,10,2015
295,6.0,0.0,1.2,0.0,20151023,0.0,80.9,23,22.6,11.9,2015-10-23,232,16.5,10,2015
296,4.0,0.0,1.7,1.5,20151024,0.0,85.8,24,21.2,9.6,2015-10-24,232,14.9,10,2015
297,9.6,0.0,1.2,0.0,20151025,0.0,69.3,25,22.2,7.9,2015-10-25,232,14.4,10,2015
298,5.7,0.0,2.3,0.0,20151026,0.0,63.9,26,20.9,10.0,2015-10-26,232,16.1,10,2015
299,2.4,0.0,3.1,17.5,20151027,0.0,77.0,27,17.0,10.2,2015-10-27,232,13.1,10,2015
300,9.0,0.0,1.8,0.0,20151028,0.0,65.0,28,17.8,4.2,2015-10-28,232,11.4,10,2015
301,7.4,0.0,2.0,1.0,20151029,0.0,53.3,29,16.0,3.5,2015-10-29,232,10.3,10,2015
302,9.1,0.0,2.5,0.0,20151030,0.0,53.6,30,11.4,4.8,2015-10-30,232,7.4,10,2015
303,9.7,0.0,1.6,0.0,20151031,0.0,66.9,31,12.2,-1.5,2015-10-31,232,4.6,10,2015
304,0.9,0.0,1.3,0.0,20151101,0.0,69.1,1,10.9,-0.5,2015-11-01,232,5.5,11,2015
305,6.3,0.0,1.2,0.0,20151102,0.0,72.8,2,16.4,3.2,2015-11-02,232,10.0,11,2015
306,8.9,0.0,0.8,0.0,20151103,0.0,79.0,3,18.5,4.9,2015-11-03,232,10.1,11,2015
307,9.0,0.0,1.1,0.0,20151104,0.0,74.6,4,20.2,2.7,2015-11-04,232,10.4,11,2015
308,7.9,0.0,1.0,0.0,20151105,0.0,77.6,5,19.4,6.6,2015-11-05,232,11.6,11,2015
309,5.2,0.0,2.5,2.1,20151106,0.0,72.8,6,21.5,5.2,2015-11-06,232,13.6,11,2015
310,0.0,0.0,3.5,27.0,20151107,0.0,92.9,7,13.7,11.4,2015-11-07,232,12.7,11,2015
311,0.0,0.0,1.5,9.5,20151108,0.0,96.6,8,13.5,12.3,2015-11-08,232,12.8,11,2015
312,2.5,0.0,2.9,1.5,20151109,0.0,85.5,9,16.1,11.6,2015-11-09,232,12.8,11,2015
313,3.6,0.0,1.9,0.0,20151110,0.0,81.5,10,14.8,6.3,2015-11-10,232,10.6,11,2015
314,3.3,0.0,0.8,0.0,20151111,0.0,86.0,11,16.7,5.7,2015-11-11,232,10.4,11,2015
315,6.2,0.0,2.1,0.0,20151112,0.0,75.9,12,18.7,6.7,2015-11-12,232,13.2,11,2015
316,0.0,0.0,2.1,28.5,20151113,0.0,86.3,13,13.7,10.7,2015-11-13,232,11.9,11,2015
317,0.0,0.0,1.1,3.0,20151114,0.0,94.1,14,15.1,11.3,2015-11-14,232,13.1,11,2015
318,2.7,0.0,1.1,0.0,20151115,0.0,87.0,15,19.3,9.0,2015-11-15,232,13.3,11,2015
319,0.2,0.0,1.5,16.4,20151116,0.0,90.5,16,16.1,7.8,2015-11-16,232,12.5,11,2015
320,2.5,0.0,1.2,1.0,20151117,0.0,92.1,17,17.9,10.9,2015-11-17,232,13.4,11,2015
321,0.0,0.0,2.9,3.0,20151118,0.0,78.1,18,14.3,9.5,2015-11-18,232,12.3,11,2015
322,0.0,0.0,2.0,0.0,20151119,0.0,87.8,19,11.4,8.1,2015-11-19,232,9.6,11,2015
323,1.5,0.0,1.2,0.0,20151120,0.0,85.3,20,14.8,8.2,2015-11-20,232,10.7,11,2015
324,1.8,0.0,1.0,0.0,20151121,0.0,81.5,21,13.0,4.4,2015-11-21,232,8.4,11,2015
325,1.7,0.0,0.7,1.5,20151122,0.0,82.6,22,15.5,3.3,2015-11-22,232,9.7,11,2015
326,0.0,0.0,1.4,10.5,20151123,0.0,91.5,23,11.7,9.1,2015-11-23,232,10.0,11,2015
327,0.0,0.0,2.0,1.5,20151124,0.0,80.0,24,9.2,4.3,2015-11-24,232,6.7,11,2015
328,0.0,0.0,2.3,8.0,20151125,0.0,89.4,25,6.6,3.1,2015-11-25,232,5.0,11,2015
329,0.0,0.0,2.2,15.0,20151126,0.0,91.5,26,3.5,-2.6,2015-11-26,232,-1.0,11,2015
330,0.0,0.0,0.9,0.0,20151127,0.0,85.4,27,0.1,-3.8,2015-11-27,232,-1.6,11,2015
331,1.9,0.0,1.3,0.0,20151128,0.0,87.4,28,4.4,-0.2,2015-11-28,232,1.8,11,2015
332,0.0,0.0,1.9,0.0,20151129,0.0,86.9,29,6.6,2.4,2015-11-29,232,4.7,11,2015
333,3.4,0.0,1.4,0.1,20151130,0.0,83.9,30,10.2,-0.6,2015-11-30,232,5.1,11,2015
334,8.8,0.0,1.2,0.0,20151201,0.0,73.5,1,11.3,-2.4,2015-12-01,232,3.5,12,2015
335,0.0,0.0,3.0,9.5,20151202,0.0,80.0,2,10.7,2.5,2015-12-02,232,7.3,12,2015
336,0.5,0.0,3.0,11.0,20151203,0.0,89.3,3,4.4,-1.7,2015-12-03,232,0.9,12,2015
337,1.8,0.0,0.6,1.0,20151204,0.0,87.5,4,2.3,-1.8,2015-12-04,232,0.6,12,2015
338,1.8,0.0,1.6,0.0,20151205,0.0,70.0,5,8.8,1.8,2015-12-05,232,5.0,12,2015
339,4.2,0.0,1.2,0.0,20151206,0.0,68.9,6,5.8,-1.4,2015-12-06,232,0.9,12,2015
340,7.1,0.0,1.0,0.0,20151207,0.0,74.9,7,7.1,-4.8,2015-12-07,232,1.0,12,2015
341,8.6,0.0,0.9,0.0,20151208,0.0,75.4,8,9.2,-2.5,2015-12-08,232,1.8,12,2015
342,6.8,0.0,1.4,0.0,20151209,0.0,72.0,9,12.9,-2.4,2015-12-09,232,5.1,12,2015
343,0.0,0.0,1.8,7.5,20151210,0.0,84.3,10,9.8,7.7,2015-12-10,232,8.7,12,2015
344,1.4,0.0,1.8,0.0,20151211,0.0,77.4,11,11.6,1.1,2015-12-11,232,6.1,12,2015
345,7.1,0.0,1.5,0.0,20151212,0.0,64.1,12,11.1,0.3,2015-12-12,232,5.9,12,2015
346,6.0,0.0,1.1,0.0,20151213,0.0,70.4,13,12.3,2.1,2015-12-13,232,6.7,12,2015
347,0.0,0.0,0.6,8.0,20151214,0.0,91.1,14,7.2,3.4,2015-12-14,232,5.9,12,2015
348,1.3,0.0,2.5,0.3,20151215,0.0,75.8,15,8.5,4.6,2015-12-15,232,6.5,12,2015
349,2.2,0.0,2.8,2.5,20151216,0.0,78.5,16,4.7,-2.0,2015-12-16,232,0.5,12,2015
350,8.5,0.0,3.1,0.0,20151217,0.0,61.0,17,0.4,-5.5,2015-12-17,232,-2.8,12,2015
351,0.0,0.0,1.3,0.0,20151218,0.0,76.1,18,2.0,-6.8,2015-12-18,232,-1.4,12,2015
352,8.3,0.0,0.9,0.0,20151219,0.0,82.3,19,7.1,-3.7,2015-12-19,232,0.4,12,2015
353,0.0,0.0,0.8,0.0,20151220,0.0,74.5,20,5.6,-3.4,2015-12-20,232,1.3,12,2015
354,0.2,0.0,1.9,0.5,20151221,0.0,86.1,21,8.1,-1.2,2015-12-21,232,2.8,12,2015
355,4.0,0.0,1.2,0.0,20151222,0.0,85.8,22,7.3,-2.4,2015-12-22,232,2.6,12,2015
356,0.0,0.0,1.0,0.5,20151223,0.0,88.9,23,8.3,0.2,2015-12-23,232,4.9,12,2015
357,1.8,0.0,1.7,0.0,20151224,0.0,80.3,24,6.6,-2.3,2015-12-24,232,2.1,12,2015
358,8.5,0.0,2.3,0.0,20151225,0.0,49.1,25,4.9,-3.2,2015-12-25,232,0.6,12,2015
359,4.1,0.0,2.1,0.5,20151226,0.0,73.4,26,9.9,-3.1,2015-12-26,232,3.0,12,2015
360,8.5,0.0,2.6,0.0,20151227,0.0,56.8,27,0.8,-5.9,2015-12-27,232,-3.2,12,2015
361,6.1,0.0,2.1,0.0,20151228,0.0,56.1,28,1.1,-7.7,2015-12-28,232,-3.6,12,2015
362,5.5,0.0,0.8,0.0,20151229,0.0,68.9,29,3.1,-9.2,2015-12-29,232,-3.4,12,2015
363,5.5,0.0,2.1,0.5,20151230,0.0,70.5,30,6.9,-4.6,2015-12-30,232,1.4,12,2015
364,2.9,0.0,1.8,0.0,20151231,0.0,85.0,31,5.7,-3.3,2015-12-31,232,1.0,12,2015
