,day,Date,rainfall,cloud,month,tmin,humid,tavg,date,tmax,station_id,sunshine,wind,snow,year
0,1,2009-01-01,0.0,0.4,1,-9.2,59.3,-6.0,20090101,-2.3,232,8.5,2.5,0.0,2009
1,2,2009-01-02,0.0,0.0,1,-11.2,71.9,-5.2,20090102,2.2,232,8.5,1.1,0.0,2009
2,3,2009-01-03,0.0,0.1,1,-10.2,66.3,-3.7,20090103,4.6,232,8.5,0.8,0.0,2009
3,4,2009-01-04,0.0,2.5,1,-7.1,64.4,-2.0,20090104,5.2,232,7.6,1.1,0.0,2009
4,5,2009-01-05,0.0,3.5,1,-7.6,80.0,-3.1,20090105,3.1,232,1.5,1.1,0.0,2009
5,6,2009-01-06,0.0,4.0,1,-9.7,72.6,-4.2,20090106,2.6,232,3.9,0.8,0.0,2009
6,7,2009-01-07,0.0,0.8,1,-9.8,67.9,-3.9,20090107,4.2,232,8.4,0.9,0.0,2009
7,8,2009-01-08,0.0,1.5,1,-9.6,62.6,-3.3,20090108,4.0,232,7.9,1.5,0.0,2009
8,9,2009-01-09,0.0,3.8,1,-9.8,68.3,-4.5,20090109,0.6,232,3.1,1.8,0.0,2009
9,10,2009-01-10,0.1,3.6,1,-8.7,59.1,-5.1,20090110,-2.6,232,7.2,3.4,0.4,2009
10,11,2009-01-11,0.1,4.5,1,-12.1,64.0,-6.7,20090111,-1.9,232,6.1,3.0,0.2,2009
11,12,2009-01-12,0.8,7.6,1,-9.0,66.4,-6.3,20090112,-2.8,232,1.6,4.0,1.4,2009
12,13,2009-01-13,0.0,2.5,1,-12.3,67.1,-5.8,20090113,-0.1,232,8.5,1.5,0.0,2009
13,14,2009-01-14,0.5,2.8,1,-9.9,59.9,-5.4,20090114,-3.3,232,7.5,2.9,1.6,2009
14,15,2009-01-15,0.0,0.8,1,-15.6,55.5,-8.3,20090115,-1.1,232,8.8,1.3,0.0,2009
15,16,2009-01-16,0.0,7.1,1,-10.0,75.6,-2.3,20090116,1.2,232,0.8,2.1,0.0,2009
16,17,2009-01-17,0.0,3.5,1,-3.0,81.9,0.4,20090117,6.7,232,5.3,1.7,0.0,2009
17,18,2009-01-18,2.0,8.1,1,-3.9,80.6,3.4,20090118,9.6,232,3.2,2.6,0.0,2009
18,19,2009-01-19,0.0,2.4,1,-4.8,65.8,0.2,20090119,5.9,232,7.2,2.0,0.0,2009
19,20,2009-01-20,0.0,5.3,1,-3.0,59.4,0.9,20090120,7.9,232,5.7,0.7,0.0,2009
20,21,2009-01-21,0.0,7.9,1,-3.0,61.6,1.4,20090121,8.1,232,2.4,1.2,0.0,2009
21,22,2009-01-22,0.0,5.0,1,-3.5,65.1,2.7,20090122,9.9,232,6.3,2.6,0.0,2009
22,23,2009-01-23,0.3,6.8,1,-9.5,54.6,-6.9,20090123,0.9,232,4.1,4.8,0.2,2009
23,24,2009-01-24,5.4,8.1,1,-12.3,80.8,-7.0,20090124,-2.7,232,0.9,2.2,10.5,2009
24,25,2009-01-25,4.1,6.3,1,-18.2,78.3,-6.3,20090125,1.4,232,2.5,1.7,6.8,2009
25,26,2009-01-26,0.0,4.9,1,-13.8,79.0,-5.0,20090126,1.6,232,5.1,1.0,0.1,2009
26,27,2009-01-27,0.0,0.4,1,-13.2,72.8,-4.9,20090127,4.6,232,9.1,1.4,0.0,2009
27,28,2009-01-28,0.0,0.3,1,-9.7,64.3,-2.0,20090128,6.6,232,9.1,1.8,0.0,2009
28,29,2009-01-29,0.0,9.1,1,-6.1,69.1,0.0,20090129,7.1,232,0.0,0.8,0.0,2009
29,30,2009-01-30,0.0,6.1,1,-2.7,68.3,4.1,20090130,12.0,232,3.3,1.2,0.0,2009
30,31,2009-01-31,0.0,1.3,1,-2.4,75.0,2.8,20090131,11.0,232,7.8,1.1,0.0,2009
31,1,2009-02-01,0.0,2.3,2,-2.1,70.4,3.2,20090201,11.0,232,7.9,1.4,0.0,2009
32,2,2009-02-02,0.0,7.6,2,-2.1,80.5,4.7,20090202,11.0,232,0.3,1.2,0.0,2009
33,3,2009-02-03,0.0,5.6,2,0.7,91.3,4.1,20090203,8.1,232,2.2,1.4,0.0,2009
34,4,2009-02-04,0.0,4.8,2,-1.5,77.3,2.3,20090204,8.3,232,5.9,1.4,0.0,2009
35,5,2009-02-05,0.0,8.5,2,-2.2,80.3,3.0,20090205,7.3,232,0.0,0.9,0.0,2009
36,6,2009-02-06,0.0,4.4,2,-1.7,84.8,1.8,20090206,7.9,232,3.3,1.2,0.0,2009
37,7,2009-02-07,0.0,7.8,2,-2.8,84.1,2.4,20090207,6.6,232,0.1,1.2,0.0,2009
38,8,2009-02-08,0.0,5.0,2,-2.2,75.6,2.2,20090208,8.6,232,6.1,1.4,0.0,2009
39,9,2009-02-09,0.0,6.8,2,-0.2,65.1,3.6,20090209,8.5,232,4.8,2.2,0.0,2009
40,10,2009-02-10,0.0,8.3,2,-1.9,77.0,3.2,20090210,7.0,232,0.2,1.3,0.0,2009
41,11,2009-02-11,0.0,4.1,2,-1.0,73.6,4.9,20090211,10.6,232,3.8,2.1,0.0,2009
42,12,2009-02-12,0.0,6.8,2,-1.2,61.0,7.4,20090212,15.9,232,1.8,2.7,0.0,2009
43,13,2009-02-13,11.0,10.0,2,5.2,80.1,12.6,20090213,18.6,232,0.0,4.4,0.0,2009
44,14,2009-02-14,0.0,7.0,2,0.2,76.1,4.2,20090214,9.2,232,2.2,2.2,0.0,2009
45,15,2009-02-15,0.0,5.9,2,-3.9,65.1,-0.4,20090215,2.4,232,0.2,3.2,0.0,2009
46,16,2009-02-16,0.0,1.6,2,-6.2,38.6,-4.2,20090216,-2.1,232,9.9,3.9,0.0,2009
47,17,2009-02-17,0.0,0.5,2,-10.2,47.8,-4.4,20090217,0.4,232,10.2,2.2,0.0,2009
48,18,2009-02-18,0.0,3.6,2,-7.6,64.1,-2.4,20090218,2.0,232,7.9,1.7,0.0,2009
49,19,2009-02-19,4.6,9.5,2,-3.5,74.0,-0.3,20090219,3.3,232,0.0,1.4,3.6,2009
50,20,2009-02-20,0.4,6.0,2,-5.3,70.6,-1.3,20090220,1.3,232,3.8,3.9,0.4,2009
51,21,2009-02-21,0.0,0.9,2,-9.2,68.9,-2.5,20090221,4.4,232,9.5,1.6,0.0,2009
52,22,2009-02-22,0.0,8.8,2,-3.6,72.5,2.1,20090222,6.5,232,0.0,1.5,0.0,2009
53,23,2009-02-23,0.0,5.3,2,-2.4,65.0,5.3,20090223,12.3,232,6.3,1.7,0.0,2009
54,24,2009-02-24,0.0,9.5,2,4.9,68.1,8.4,20090224,12.1,232,0.4,1.8,0.0,2009
55,25,2009-02-25,0.0,6.3,2,-3.5,64.4,2.6,20090225,7.0,232,3.3,3.3,0.0,2009
56,26,2009-02-26,0.0,6.5,2,-3.5,49.9,2.3,20090226,7.2,232,5.2,1.8,0.0,2009
57,27,2009-02-27,0.0,5.9,2,-2.4,52.8,2.6,20090227,8.4,232,8.6,1.7,0.0,2009
58,28,2009-02-28,0.0,4.1,2,-4.5,54.0,2.3,20090228,10.3,232,8.0,1.6,0.0,2009
59,1,2009-03-01,0.0,0.4,3,-3.8,55.3,2.8,20090301,9.8,232,10.2,2.8,0.0,2009
60,2,2009-03-02,0.0,6.5,3,-6.3,50.9,3.1,20090302,9.7,232,7.1,1.8,0.0,2009
61,3,2009-03-03,4.5,9.5,3,0.2,89.8,1.6,20090303,5.9,232,0.0,1.6,1.0,2009
62,4,2009-03-04,0.0,4.3,3,-1.9,75.3,2.4,20090304,9.2,232,8.2,1.2,0.0,2009
63,5,2009-03-05,3.5,9.3,3,-1.0,78.6,4.9,20090305,9.3,232,0.0,1.7,0.0,2009
64,6,2009-03-06,0.0,3.5,3,-1.5,64.0,2.4,20090306,5.8,232,7.3,4.0,0.0,2009
65,7,2009-03-07,0.0,2.8,3,-5.7,59.6,1.4,20090307,8.3,232,10.4,1.8,0.0,2009
66,8,2009-03-08,0.0,6.4,3,-2.6,56.8,4.3,20090308,12.6,232,6.3,1.7,0.0,2009
67,9,2009-03-09,0.0,4.1,3,-1.6,65.5,5.5,20090309,13.9,232,8.1,1.9,0.0,2009
68,10,2009-03-10,0.0,4.0,3,-2.7,47.4,3.5,20090310,8.8,232,9.0,3.1,0.0,2009
69,11,2009-03-11,0.0,5.5,3,-2.1,45.6,3.4,20090311,11.0,232,6.7,1.7,0.0,2009
70,12,2009-03-12,1.0,8.3,3,-3.0,44.9,7.3,20090312,15.4,232,4.4,1.9,0.0,2009
71,13,2009-03-13,21.0,8.0,3,-1.1,73.6,3.8,20090313,7.0,232,0.6,4.6,0.0,2009
72,14,2009-03-14,0.0,0.8,3,-2.7,48.6,0.4,20090314,4.7,232,10.0,4.3,0.0,2009
73,15,2009-03-15,0.0,4.3,3,-3.5,58.8,5.5,20090315,12.0,232,7.1,2.9,0.0,2009
74,16,2009-03-16,0.0,4.0,3,3.6,63.6,10.3,20090316,18.3,232,6.6,2.7,0.0,2009
75,17,2009-03-17,0.0,0.8,3,3.1,50.6,14.1,20090317,23.1,232,8.9,3.6,0.0,2009
76,18,2009-03-18,0.0,7.8,3,16.2,61.9,19.2,20090318,23.1,232,2.7,3.6,0.0,2009
77,19,2009-03-19,0.0,8.5,3,9.2,75.6,15.8,20090319,23.0,232,2.0,2.9,0.0,2009
78,20,2009-03-20,0.1,1.8,3,4.4,58.1,12.3,20090320,21.2,232,9.9,1.9,0.0,2009
79,21,2009-03-21,13.5,5.5,3,5.8,61.4,14.5,20090321,22.0,232,6.9,2.5,0.0,2009
80,22,2009-03-22,5.0,5.4,3,4.2,75.8,9.6,20090322,13.6,232,3.8,4.5,0.0,2009
81,23,2009-03-23,0.0,3.1,3,0.6,58.3,4.5,20090323,8.5,232,7.4,3.1,0.0,2009
82,24,2009-03-24,0.1,6.1,3,-1.2,53.9,2.7,20090324,7.9,232,5.8,2.5,0.0,2009
83,25,2009-03-25,0.4,1.8,3,-3.1,54.3,3.1,20090325,7.7,232,11.4,3.4,0.6,2009
84,26,2009-03-26,0.0,4.0,3,0.4,57.9,4.9,20090326,10.3,232,3.0,3.9,0.0,2009
85,27,2009-03-27,0.0,0.6,3,-2.3,46.3,3.9,20090327,8.3,232,11.3,3.3,0.0,2009
86,28,2009-03-28,0.0,2.8,3,-2.7,52.6,4.0,20090328,12.1,232,10.3,2.0,0.0,2009
87,29,2009-03-29,0.0,4.3,3,-3.5,53.0,5.1,20090329,13.2,232,9.8,1.3,0.0,2009
88,30,2009-03-30,2.0,7.6,3,2.1,61.0,7.1,20090330,12.8,232,4.1,2.7,0.0,2009
89,31,2009-03-31,0.5,5.5,3,2.6,63.9,5.5,20090331,10.7,232,6.0,2.6,0.0,2009
90,1,2009-04-01,0.0,3.3,4,-1.4,62.0,4.8,20090401,9.4,232,6.1,3.0,0.0,2009
91,2,2009-04-02,0.0,1.8,4,-2.0,55.8,6.3,20090402,13.5,232,10.8,2.2,0.0,2009
92,3,2009-04-03,0.0,8.0,4,2.0,53.6,7.5,20090403,13.6,232,1.2,1.7,0.0,2009
93,4,2009-04-04,0.0,5.8,4,3.8,63.6,7.9,20090404,13.1,232,4.7,2.2,0.0,2009
94,5,2009-04-05,0.0,1.0,4,0.1,63.4,8.2,20090405,16.1,232,9.9,1.9,0.0,2009
95,6,2009-04-06,0.0,0.0,4,-0.5,52.4,9.5,20090406,19.0,232,11.4,1.8,0.0,2009
96,7,2009-04-07,0.0,0.8,4,4.7,51.3,13.7,20090407,22.9,232,10.7,2.3,0.0,2009
97,8,2009-04-08,0.0,1.3,4,5.0,49.1,14.1,20090408,24.4,232,10.7,1.4,0.0,2009
98,9,2009-04-09,0.0,0.0,4,3.9,48.0,14.9,20090409,26.0,232,10.8,1.6,0.0,2009
99,10,2009-04-10,0.0,0.0,4,4.6,46.8,14.7,20090410,25.6,232,11.3,1.7,0.0,2009
100,11,2009-04-11,0.0,2.4,4,3.5,43.3,15.2,20090411,26.7,232,9.8,1.5,0.0,2009
101,12,2009-04-12,0.0,4.6,4,8.0,43.4,15.4,20090412,23.5,232,7.3,1.8,0.0,2009
102,13,2009-04-13,0.0,7.4,4,7.9,51.1,15.4,20090413,22.7,232,1.3,1.9,0.0,2009
103,14,2009-04-14,0.0,5.0,4,8.3,65.9,14.1,20090414,19.0,232,3.6,2.3,0.0,2009
104,15,2009-04-15,5.5,7.5,4,6.3,82.8,9.5,20090415,14.7,232,0.1,1.9,0.0,2009
105,16,2009-04-16,0.0,5.9,4,4.0,75.5,9.7,20090416,16.1,232,3.5,1.9,0.0,2009
106,17,2009-04-17,0.0,0.5,4,1.1,52.3,10.4,20090417,19.4,232,12.1,1.6,0.0,2009
107,18,2009-04-18,0.0,0.9,4,2.1,42.3,12.8,20090418,23.1,232,11.9,1.7,0.0,2009
108,19,2009-04-19,0.0,5.8,4,5.2,35.1,17.5,20090419,27.7,232,9.8,2.3,0.0,2009
109,20,2009-04-20,22.5,10.0,4,12.1,73.6,14.5,20090420,16.4,232,0.0,3.8,0.0,2009
110,21,2009-04-21,0.0,7.9,4,9.3,67.9,11.0,20090421,13.8,232,1.1,4.7,0.0,2009
111,22,2009-04-22,0.0,1.0,4,6.9,63.1,10.3,20090422,14.2,232,11.0,4.0,0.0,2009
112,23,2009-04-23,0.0,4.8,4,2.6,64.9,11.6,20090423,19.2,232,8.7,1.3,0.0,2009
113,24,2009-04-24,2.0,10.0,4,11.1,69.3,13.0,20090424,15.2,232,0.0,2.3,0.0,2009
114,25,2009-04-25,0.5,10.0,4,7.7,79.5,9.1,20090425,11.7,232,0.0,4.0,0.0,2009
115,26,2009-04-26,0.1,6.1,4,4.1,68.6,9.6,20090426,14.3,232,5.9,2.4,0.0,2009
116,27,2009-04-27,0.0,2.8,4,5.5,62.8,11.2,20090427,18.2,232,10.1,2.6,0.0,2009
117,28,2009-04-28,0.0,0.5,4,3.5,56.4,12.3,20090428,22.1,232,11.0,1.8,0.0,2009
118,29,2009-04-29,0.0,0.0,4,4.4,49.5,13.7,20090429,23.8,232,11.8,1.7,0.0,2009
119,30,2009-04-30,0.0,4.4,4,4.8,45.0,14.5,20090430,23.4,232,7.8,2.2,0.0,2009
120,1,2009-05-01,0.0,1.8,5,6.6,53.1,16.2,20090501,24.9,232,11.0,1.7,0.0,2009
121,2,2009-05-02,0.5,8.6,5,10.7,74.0,16.1,20090502,20.9,232,1.7,1.9,0.0,2009
122,3,2009-05-03,0.0,3.9,5,13.4,74.1,17.5,20090503,24.7,232,9.3,1.8,0.0,2009
123,4,2009-05-04,0.0,1.8,5,11.1,64.8,16.6,20090504,24.9,232,10.4,2.2,0.0,2009
124,5,2009-05-05,0.0,2.8,5,10.1,64.1,16.8,20090505,26.2,232,8.7,2.3,0.0,2009
125,6,2009-05-06,0.0,0.3,5,10.3,48.5,19.7,20090506,28.5,232,12.1,2.3,0.0,2009
126,7,2009-05-07,0.0,0.0,5,9.4,40.1,19.4,20090507,27.5,232,12.5,2.6,0.0,2009
127,8,2009-05-08,0.0,0.5,5,10.7,50.9,19.8,20090508,29.0,232,10.9,1.6,0.0,2009
128,9,2009-05-09,0.0,3.8,5,12.4,43.1,21.1,20090509,29.2,232,11.2,2.4,0.0,2009
129,10,2009-05-10,0.0,5.9,5,11.3,51.3,20.1,20090510,28.6,232,10.7,1.8,0.0,2009
130,11,2009-05-11,0.5,9.4,5,15.8,61.4,19.9,20090511,24.7,232,0.2,1.7,0.0,2009
131,12,2009-05-12,22.5,7.8,5,16.0,84.8,17.5,20090512,20.8,232,0.8,2.3,0.0,2009
132,13,2009-05-13,0.0,0.9,5,10.3,43.5,16.6,20090513,22.6,232,12.7,2.9,0.0,2009
133,14,2009-05-14,0.0,5.5,5,8.2,54.6,17.7,20090514,26.4,232,8.9,1.7,0.0,2009
134,15,2009-05-15,1.0,10.0,5,14.2,67.0,17.0,20090515,21.4,232,0.0,1.2,0.0,2009
135,16,2009-05-16,63.5,10.0,5,12.4,89.6,13.2,20090516,14.3,232,0.0,2.4,0.0,2009
136,17,2009-05-17,3.5,6.8,5,9.7,78.9,13.9,20090517,17.0,232,2.2,3.6,0.0,2009
137,18,2009-05-18,0.0,2.9,5,8.3,57.0,16.1,20090518,24.1,232,10.2,2.7,0.0,2009
138,19,2009-05-19,0.0,1.4,5,12.9,56.1,19.4,20090519,26.4,232,11.9,2.7,0.0,2009
139,20,2009-05-20,0.0,8.0,5,13.2,63.9,20.9,20090520,27.4,232,2.3,1.5,0.0,2009
140,21,2009-05-21,20.5,10.0,5,14.9,86.0,16.2,20090521,20.3,232,0.0,2.8,0.0,2009
141,22,2009-05-22,0.5,8.3,5,15.3,73.5,18.6,20090522,24.4,232,6.1,2.4,0.0,2009
142,23,2009-05-23,0.1,7.8,5,13.1,74.8,16.5,20090523,20.6,232,1.2,2.3,0.0,2009
143,24,2009-05-24,0.0,4.1,5,11.7,72.0,17.8,20090524,24.4,232,8.5,1.5,0.0,2009
144,25,2009-05-25,0.0,1.8,5,12.7,65.0,21.0,20090525,28.6,232,12.1,1.6,0.0,2009
145,26,2009-05-26,0.0,2.9,5,15.0,58.6,21.3,20090526,29.2,232,11.2,1.9,0.0,2009
146,27,2009-05-27,0.0,0.0,5,13.4,50.0,21.9,20090527,29.1,232,12.6,2.4,0.0,2009
147,28,2009-05-28,0.0,0.0,5,13.0,53.6,21.3,20090528,29.7,232,12.0,1.7,0.0,2009
148,29,2009-05-29,0.0,2.5,5,13.3,51.5,20.8,20090529,27.6,232,10.7,1.4,0.0,2009
149,30,2009-05-30,0.0,4.5,5,14.5,57.0,19.8,20090530,26.3,232,7.3,2.6,0.0,2009
150,31,2009-05-31,0.0,0.0,5,10.0,52.3,18.4,20090531,26.0,232,13.2,2.4,0.0,2009
151,1,2009-06-01,0.0,0.0,6,12.1,59.3,20.9,20090601,28.9,232,12.6,2.4,0.0,2009
152,2,2009-06-02,0.0,5.4,6,17.7,60.6,22.9,20090602,27.1,232,6.9,3.7,0.0,2009
153,3,2009-06-03,5.0,7.8,6,16.8,80.4,18.7,20090603,20.4,232,0.0,2.2,0.0,2009
154,4,2009-06-04,0.0,3.1,6,15.9,67.0,20.4,20090604,27.6,232,9.6,1.6,0.0,2009
155,5,2009-06-05,0.0,0.4,6,13.0,57.4,20.9,20090605,28.4,232,12.2,1.8,0.0,2009
156,6,2009-06-06,0.0,1.8,6,15.0,59.3,21.0,20090606,27.9,232,9.2,2.0,0.0,2009
157,7,2009-06-07,0.0,6.3,6,14.8,72.9,18.1,20090607,21.6,232,1.2,1.0,0.0,2009
158,8,2009-06-08,0.0,6.4,6,12.6,69.3,20.1,20090608,25.7,232,4.7,1.3,0.0,2009
159,9,2009-06-09,12.0,9.8,6,18.1,73.8,20.7,20090609,25.1,232,0.1,2.3,0.0,2009
160,10,2009-06-10,2.5,9.0,6,17.6,82.4,19.4,20090610,22.5,232,0.8,2.6,0.0,2009
161,11,2009-06-11,0.0,2.3,6,14.3,50.0,21.9,20090611,27.9,232,12.9,2.9,0.0,2009
162,12,2009-06-12,0.5,3.6,6,14.0,48.0,20.3,20090612,26.0,232,11.3,2.1,0.0,2009
163,13,2009-06-13,0.0,1.9,6,12.1,64.0,19.8,20090613,25.3,232,11.6,2.0,0.0,2009
164,14,2009-06-14,0.0,3.3,6,14.8,70.5,20.6,20090614,26.0,232,10.1,1.7,0.0,2009
165,15,2009-06-15,0.0,1.8,6,16.7,70.0,21.7,20090615,28.1,232,7.5,1.8,0.0,2009
166,16,2009-06-16,0.0,1.6,6,15.7,65.0,22.1,20090616,28.1,232,12.3,1.7,0.0,2009
167,17,2009-06-17,0.0,8.5,6,16.5,65.4,22.7,20090617,28.8,232,2.4,1.7,0.0,2009
168,18,2009-06-18,0.0,2.6,6,18.0,59.0,25.2,20090618,31.6,232,11.8,1.5,0.0,2009
169,19,2009-06-19,0.0,7.1,6,19.8,64.5,25.6,20090619,31.3,232,6.5,2.0,0.0,2009
170,20,2009-06-20,11.0,9.9,6,21.9,83.4,23.0,20090620,24.4,232,0.0,1.8,0.0,2009
171,21,2009-06-21,0.1,6.4,6,21.7,76.9,25.7,20090621,30.7,232,8.3,1.7,0.0,2009
172,22,2009-06-22,0.0,5.3,6,19.7,73.5,22.9,20090622,28.6,232,5.9,2.2,0.0,2009
173,23,2009-06-23,0.0,1.1,6,16.6,65.5,23.2,20090623,29.8,232,13.2,2.0,0.0,2009
174,24,2009-06-24,0.0,0.6,6,15.8,57.1,23.3,20090624,32.3,232,12.8,2.0,0.0,2009
175,25,2009-06-25,0.0,1.3,6,15.8,56.0,23.5,20090625,32.3,232,13.4,1.9,0.0,2009
176,26,2009-06-26,0.0,0.6,6,15.5,63.6,24.5,20090626,32.2,232,12.0,1.6,0.0,2009
177,27,2009-06-27,0.0,5.3,6,19.0,68.9,25.3,20090627,32.5,232,8.1,1.8,0.0,2009
178,28,2009-06-28,0.5,8.0,6,21.2,74.1,25.7,20090628,31.2,232,3.6,1.6,0.0,2009
179,29,2009-06-29,24.0,7.0,6,22.1,77.6,25.9,20090629,31.5,232,5.3,1.9,0.0,2009
180,30,2009-06-30,0.0,9.0,6,21.7,79.6,24.4,20090630,26.6,232,0.0,1.9,0.0,2009
181,1,2009-07-01,0.0,5.5,7,19.4,71.0,23.7,20090701,28.1,232,7.3,2.1,0.0,2009
182,2,2009-07-02,18.0,6.6,7,18.5,81.4,21.4,20090702,26.8,232,2.3,1.7,0.0,2009
183,3,2009-07-03,0.0,5.1,7,17.5,76.5,21.8,20090703,27.9,232,6.0,1.4,0.0,2009
184,4,2009-07-04,0.0,3.4,7,17.6,75.5,23.1,20090704,29.5,232,8.5,1.6,0.0,2009
185,5,2009-07-05,0.0,1.9,7,18.3,73.9,23.8,20090705,31.0,232,9.3,1.7,0.0,2009
186,6,2009-07-06,0.0,6.9,7,19.2,71.5,24.5,20090706,31.0,232,5.2,1.6,0.0,2009
187,7,2009-07-07,13.0,8.5,7,19.8,82.8,22.0,20090707,24.2,232,0.4,2.0,0.0,2009
188,8,2009-07-08,0.0,7.8,7,19.5,73.5,26.0,20090708,31.9,232,8.6,1.5,0.0,2009
189,9,2009-07-09,56.0,8.8,7,20.0,86.1,23.3,20090709,26.9,232,0.0,3.3,0.0,2009
190,10,2009-07-10,0.0,5.1,7,17.7,74.6,23.6,20090710,30.7,232,7.1,1.4,0.0,2009
191,11,2009-07-11,6.0,8.6,7,18.9,80.4,23.4,20090711,28.6,232,3.1,1.6,0.0,2009
192,12,2009-07-12,102.0,10.0,7,20.1,86.8,23.4,20090712,27.5,232,0.0,3.5,0.0,2009
193,13,2009-07-13,8.5,9.6,7,20.0,82.1,23.9,20090713,28.3,232,1.6,2.0,0.0,2009
194,14,2009-07-14,95.5,10.0,7,20.8,84.1,24.7,20090714,27.9,232,0.0,3.7,0.0,2009
195,15,2009-07-15,0.0,6.1,7,20.2,79.0,23.3,20090715,27.8,232,4.1,1.9,0.0,2009
196,16,2009-07-16,0.2,7.6,7,19.8,84.0,23.6,20090716,27.4,232,0.9,2.1,0.0,2009
197,17,2009-07-17,0.5,10.0,7,23.1,83.3,25.7,20090717,27.4,232,0.0,1.6,0.0,2009
198,18,2009-07-18,19.0,10.0,7,24.8,74.4,27.6,20090718,30.2,232,0.3,4.5,0.0,2009
199,19,2009-07-19,2.0,5.0,7,21.5,78.3,25.9,20090719,31.2,232,8.6,1.8,0.0,2009
200,20,2009-07-20,0.1,9.4,7,22.5,82.1,26.2,20090720,30.3,232,1.3,1.2,0.0,2009
201,21,2009-07-21,14.5,7.5,7,21.5,80.5,24.7,20090721,28.7,232,1.8,2.2,0.0,2009
202,22,2009-07-22,0.0,0.8,7,18.5,75.8,23.2,20090722,29.3,232,9.3,1.4,0.0,2009
203,23,2009-07-23,0.0,6.3,7,18.5,76.1,24.1,20090723,29.9,232,5.4,2.0,0.0,2009
204,24,2009-07-24,0.0,7.6,7,20.6,76.1,22.5,20090724,26.3,232,3.9,2.8,0.0,2009
205,25,2009-07-25,0.5,9.8,7,19.7,79.4,21.9,20090725,24.6,232,0.0,1.7,0.0,2009
206,26,2009-07-26,0.0,6.5,7,20.5,75.5,24.0,20090726,29.3,232,3.5,1.6,0.0,2009
207,27,2009-07-27,0.0,4.0,7,20.3,77.1,24.7,20090727,29.6,232,7.0,1.6,0.0,2009
208,28,2009-07-28,0.0,9.3,7,21.1,80.3,22.9,20090728,25.0,232,0.0,1.7,0.0,2009
209,29,2009-07-29,0.0,3.8,7,18.7,71.3,24.3,20090729,30.1,232,10.9,1.4,0.0,2009
210,30,2009-07-30,0.0,4.4,7,19.2,73.5,25.0,20090730,31.4,232,8.3,1.4,0.0,2009
211,31,2009-07-31,0.0,3.6,7,21.0,76.9,24.9,20090731,30.5,232,6.2,1.6,0.0,2009
212,1,2009-08-01,0.0,4.0,8,19.4,72.5,25.3,20090801,31.3,232,11.1,1.4,0.0,2009
213,2,2009-08-02,0.3,3.6,8,20.7,78.6,25.4,20090802,31.5,232,5.1,1.1,0.0,2009
214,3,2009-08-03,0.0,6.8,8,18.9,79.0,22.5,20090803,25.5,232,0.1,1.7,0.0,2009
215,4,2009-08-04,0.0,4.5,8,17.8,71.3,24.1,20090804,30.9,232,8.7,1.8,0.0,2009
216,5,2009-08-05,0.0,4.3,8,21.2,65.1,25.5,20090805,30.0,232,10.9,2.5,0.0,2009
217,6,2009-08-06,14.0,7.6,8,21.6,74.5,24.2,20090806,30.2,232,5.5,2.7,0.0,2009
218,7,2009-08-07,1.0,9.5,8,22.3,83.5,25.0,20090807,28.9,232,0.0,1.7,0.0,2009
219,8,2009-08-08,24.5,7.0,8,23.1,82.3,26.0,20090808,31.4,232,3.9,1.5,0.0,2009
220,9,2009-08-09,0.0,1.9,8,23.0,73.8,26.6,20090809,31.6,232,11.8,2.5,0.0,2009
221,10,2009-08-10,0.0,6.3,8,21.3,71.9,26.9,20090810,30.9,232,7.3,2.3,0.0,2009
222,11,2009-08-11,45.0,10.0,8,23.7,84.8,24.7,20090811,26.7,232,0.0,2.5,0.0,2009
223,12,2009-08-12,52.0,9.6,8,23.5,90.0,25.2,20090812,27.6,232,0.0,1.4,0.0,2009
224,13,2009-08-13,0.0,5.5,8,21.7,79.9,25.9,20090813,31.6,232,7.4,1.5,0.0,2009
225,14,2009-08-14,0.0,3.3,8,21.2,75.3,26.0,20090814,32.7,232,8.8,1.3,0.0,2009
226,15,2009-08-15,0.0,0.1,8,18.9,71.9,25.9,20090815,33.3,232,11.3,1.3,0.0,2009
227,16,2009-08-16,0.0,2.0,8,20.8,68.4,26.6,20090816,31.8,232,11.6,1.9,0.0,2009
228,17,2009-08-17,0.0,7.5,8,23.7,72.4,26.3,20090817,30.1,232,4.9,2.2,0.0,2009
229,18,2009-08-18,0.0,5.1,8,23.1,76.6,26.7,20090818,31.3,232,5.4,1.6,0.0,2009
230,19,2009-08-19,0.0,6.1,8,23.1,75.8,27.7,20090819,32.5,232,5.6,2.0,0.0,2009
231,20,2009-08-20,43.5,7.6,8,21.2,84.6,25.3,20090820,28.3,232,0.1,2.1,0.0,2009
232,21,2009-08-21,0.0,5.0,8,19.2,72.6,24.0,20090821,30.6,232,7.9,1.3,0.0,2009
233,22,2009-08-22,0.0,7.6,8,18.8,69.6,23.7,20090822,29.4,232,2.9,1.6,0.0,2009
234,23,2009-08-23,0.0,3.3,8,19.2,70.3,24.3,20090823,30.5,232,12.3,1.9,0.0,2009
235,24,2009-08-24,0.0,3.5,8,19.5,70.9,24.6,20090824,30.2,232,9.4,1.4,0.0,2009
236,25,2009-08-25,0.0,5.9,8,20.6,74.1,24.1,20090825,29.7,232,4.6,1.8,0.0,2009
237,26,2009-08-26,0.0,6.9,8,19.7,72.6,24.5,20090826,28.7,232,4.5,2.4,0.0,2009
238,27,2009-08-27,22.5,7.9,8,20.8,83.8,24.1,20090827,28.9,232,1.6,2.7,0.0,2009
239,28,2009-08-28,0.0,3.9,8,19.6,76.6,24.1,20090828,29.5,232,10.8,2.4,0.0,2009
240,29,2009-08-29,0.0,6.8,8,15.1,70.8,22.5,20090829,27.9,232,6.1,1.6,0.0,2009
241,30,2009-08-30,9.5,9.5,8,18.5,78.4,20.4,20090830,23.3,232,0.0,2.0,0.0,2009
242,31,2009-08-31,0.0,2.8,8,14.9,77.1,20.7,20090831,26.6,232,6.1,1.6,0.0,2009
243,1,2009-09-01,0.0,2.1,9,15.7,68.5,21.7,20090901,27.5,232,11.3,2.2,0.0,2009
244,2,2009-09-02,0.0,0.4,9,16.8,68.8,21.5,20090902,28.7,232,11.1,2.0,0.0,2009
245,3,2009-09-03,0.0,3.5,9,15.6,74.6,21.4,20090903,28.5,232,9.2,1.6,0.0,2009
246,4,2009-09-04,0.0,4.4,9,16.2,73.3,22.4,20090904,29.6,232,9.4,1.3,0.0,2009
247,5,2009-09-05,0.0,4.0,9,19.2,72.0,24.3,20090905,29.7,232,8.2,1.6,0.0,2009
248,6,2009-09-06,0.0,1.1,9,18.2,71.0,23.7,20090906,30.8,232,8.9,1.3,0.0,2009
249,7,2009-09-07,0.0,7.9,9,19.4,82.9,23.1,20090907,27.0,232,0.2,1.5,0.0,2009
250,8,2009-09-08,0.0,4.5,9,19.5,73.3,23.6,20090908,29.1,232,9.1,1.7,0.0,2009
251,9,2009-09-09,0.0,3.4,9,16.0,69.6,21.8,20090909,27.9,232,10.8,1.7,0.0,2009
252,10,2009-09-10,0.0,5.0,9,13.5,66.5,20.5,20090910,27.9,232,9.3,1.3,0.0,2009
253,11,2009-09-11,0.4,8.9,9,13.9,82.0,19.1,20090911,24.1,232,0.2,1.1,0.0,2009
254,12,2009-09-12,11.5,5.5,9,15.2,81.1,19.0,20090912,23.4,232,5.1,2.4,0.0,2009
255,13,2009-09-13,0.0,1.6,9,12.9,76.4,18.8,20090913,26.5,232,10.8,1.3,0.0,2009
256,14,2009-09-14,0.4,8.4,9,14.0,83.3,18.6,20090914,23.8,232,0.0,1.3,0.0,2009
257,15,2009-09-15,0.0,2.0,9,14.1,77.3,19.1,20090915,26.1,232,8.4,1.5,0.0,2009
258,16,2009-09-16,0.0,3.9,9,14.4,75.5,19.4,20090916,26.8,232,8.0,1.1,0.0,2009
259,17,2009-09-17,0.0,2.9,9,13.4,74.5,19.2,20090917,27.2,232,8.3,1.4,0.0,2009
260,18,2009-09-18,0.0,0.0,9,12.4,74.3,19.8,20090918,28.7,232,10.2,1.5,0.0,2009
261,19,2009-09-19,0.0,1.8,9,12.2,67.4,19.6,20090919,26.7,232,10.7,1.6,0.0,2009
262,20,2009-09-20,0.0,5.1,9,13.5,71.3,20.1,20090920,26.5,232,7.3,1.9,0.0,2009
263,21,2009-09-21,1.5,9.5,9,16.8,89.6,19.0,20090921,21.4,232,0.0,1.3,0.0,2009
264,22,2009-09-22,0.0,6.6,9,14.0,77.1,18.7,20090922,25.0,232,5.9,1.0,0.0,2009
265,23,2009-09-23,0.0,2.5,9,14.0,69.4,20.4,20090923,27.8,232,8.9,1.5,0.0,2009
266,24,2009-09-24,0.0,4.3,9,11.4,75.0,19.1,20090924,27.6,232,6.8,1.0,0.0,2009
267,25,2009-09-25,0.0,7.8,9,14.7,84.0,18.5,20090925,23.5,232,0.0,0.8,0.0,2009
268,26,2009-09-26,0.0,7.0,9,12.9,80.0,20.3,20090926,27.9,232,4.9,1.7,0.0,2009
269,27,2009-09-27,8.5,10.0,9,18.2,83.3,19.8,20090927,21.4,232,0.0,1.5,0.0,2009
270,28,2009-09-28,8.5,6.9,9,15.9,83.3,19.8,20090928,24.8,232,1.6,1.2,0.0,2009
271,29,2009-09-29,0.0,5.4,9,13.4,85.6,18.9,20090929,23.7,232,1.3,1.3,0.0,2009
272,30,2009-09-30,0.0,3.0,9,17.0,75.8,20.8,20090930,26.7,232,9.1,2.0,0.0,2009
273,1,2009-10-01,0.0,3.1,10,15.5,76.4,20.3,20091001,27.6,232,8.0,1.8,0.0,2009
274,2,2009-10-02,0.0,2.5,10,13.6,69.1,18.2,20091002,24.6,232,8.1,2.4,0.0,2009
275,3,2009-10-03,0.0,1.9,10,7.7,59.9,17.4,20091003,23.9,232,10.6,1.9,0.0,2009
276,4,2009-10-04,0.1,4.1,10,8.1,65.0,15.6,20091004,21.9,232,7.1,1.4,0.0,2009
277,5,2009-10-05,0.0,0.9,10,6.3,72.1,14.9,20091005,24.6,232,9.8,1.5,0.0,2009
278,6,2009-10-06,0.0,0.5,10,9.1,72.9,15.9,20091006,25.4,232,10.0,1.0,0.0,2009
279,7,2009-10-07,0.0,2.8,10,7.4,64.6,15.9,20091007,22.7,232,4.8,2.6,0.0,2009
280,8,2009-10-08,0.0,1.8,10,7.8,59.8,15.0,20091008,22.6,232,9.0,1.9,0.0,2009
281,9,2009-10-09,0.0,2.4,10,6.1,66.3,13.8,20091009,22.3,232,7.6,1.3,0.0,2009
282,10,2009-10-10,0.0,0.3,10,7.3,70.8,13.7,20091010,22.0,232,10.4,1.3,0.0,2009
283,11,2009-10-11,0.0,4.4,10,7.0,72.1,14.1,20091011,22.7,232,8.2,1.2,0.0,2009
284,12,2009-10-12,0.0,3.4,10,7.5,73.1,13.7,20091012,22.1,232,8.2,1.5,0.0,2009
285,13,2009-10-13,28.0,5.3,10,5.6,84.4,12.7,20091013,21.9,232,5.2,1.4,0.0,2009
286,14,2009-10-14,0.5,3.9,10,8.2,81.8,12.7,20091014,19.6,232,5.4,1.4,0.0,2009
287,15,2009-10-15,0.0,1.0,10,6.7,80.1,12.8,20091015,22.4,232,8.0,1.3,0.0,2009
288,16,2009-10-16,0.0,2.9,10,6.8,75.0,14.8,20091016,22.4,232,7.0,1.8,0.0,2009
289,17,2009-10-17,11.0,4.5,10,9.4,74.5,13.7,20091017,18.8,232,4.0,2.9,0.0,2009
290,18,2009-10-18,0.0,4.5,10,7.3,69.0,12.9,20091018,19.7,232,8.2,1.7,0.0,2009
291,19,2009-10-19,3.5,6.5,10,8.7,63.0,13.2,20091019,17.8,232,4.4,4.1,0.0,2009
292,20,2009-10-20,0.0,1.1,10,5.1,59.6,10.8,20091020,16.4,232,9.6,1.5,0.0,2009
293,21,2009-10-21,0.0,1.6,10,6.2,67.1,12.5,20091021,19.8,232,9.7,1.8,0.0,2009
294,22,2009-10-22,0.0,3.1,10,4.2,67.4,11.5,20091022,20.5,232,7.9,1.5,0.0,2009
295,23,2009-10-23,0.0,0.9,10,8.5,69.8,15.1,20091023,23.2,232,7.1,1.3,0.0,2009
296,24,2009-10-24,0.0,0.0,10,10.5,71.5,16.1,20091024,23.2,232,8.5,1.9,0.0,2009
297,25,2009-10-25,0.0,2.5,10,8.6,69.1,14.9,20091025,22.0,232,7.1,1.6,0.0,2009
298,26,2009-10-26,0.0,1.3,10,6.3,79.6,13.3,20091026,21.2,232,7.8,1.3,0.0,2009
299,27,2009-10-27,0.0,2.5,10,8.4,81.8,14.3,20091027,20.9,232,4.6,1.3,0.0,2009
300,28,2009-10-28,0.0,3.8,10,5.6,74.5,12.4,20091028,22.1,232,5.1,1.6,0.0,2009
301,29,2009-10-29,0.0,5.1,10,7.3,62.9,15.7,20091029,24.4,232,5.6,2.0,0.0,2009
302,30,2009-10-30,0.0,3.0,10,12.0,66.8,16.9,20091030,24.6,232,7.6,1.3,0.0,2009
303,31,2009-10-31,18.0,6.6,10,11.1,71.9,17.9,20091031,23.2,232,2.6,3.0,0.0,2009
304,1,2009-11-01,6.0,6.4,11,7.4,74.6,11.4,20091101,15.1,232,2.4,3.0,0.0,2009
305,2,2009-11-02,0.0,2.9,11,-0.9,49.3,2.6,20091102,7.5,232,6.5,4.4,0.0,2009
306,3,2009-11-03,0.0,4.5,11,-4.1,65.4,2.2,20091103,6.9,232,1.6,1.8,0.0,2009
307,4,2009-11-04,0.0,6.6,11,1.4,69.5,11.3,20091104,15.5,232,1.8,2.5,0.0,2009
308,5,2009-11-05,0.0,2.5,11,6.5,68.9,13.6,20091105,20.3,232,6.8,1.9,0.0,2009
309,6,2009-11-06,0.0,3.0,11,6.3,70.9,13.5,20091106,21.8,232,5.8,2.1,0.0,2009
310,7,2009-11-07,0.0,6.0,11,6.6,85.1,15.5,20091107,22.4,232,1.8,1.4,0.0,2009
311,8,2009-11-08,19.0,9.4,11,15.2,89.1,17.0,20091108,19.5,232,0.0,1.4,0.0,2009
312,9,2009-11-09,0.0,7.1,11,15.1,84.6,17.0,20091109,21.5,232,2.4,1.0,0.0,2009
313,10,2009-11-10,0.0,8.9,11,10.9,62.1,15.3,20091110,17.6,232,0.0,3.5,0.0,2009
314,11,2009-11-11,0.0,3.3,11,7.4,52.8,10.9,20091111,16.1,232,9.1,3.7,0.0,2009
315,12,2009-11-12,0.0,4.5,11,4.9,54.0,10.0,20091112,13.6,232,7.3,3.7,0.0,2009
316,13,2009-11-13,1.5,9.3,11,9.1,80.1,10.3,20091113,11.5,232,0.0,1.5,0.0,2009
317,14,2009-11-14,2.0,8.1,11,1.1,65.5,7.3,20091114,10.6,232,1.7,4.3,0.0,2009
318,15,2009-11-15,1.7,8.0,11,0.3,68.0,1.8,20091115,3.6,232,1.4,2.9,0.0,2009
319,16,2009-11-16,0.0,8.5,11,-1.7,50.9,0.5,20091116,3.2,232,3.0,2.6,0.0,2009
320,17,2009-11-17,0.0,4.5,11,-1.8,44.5,0.6,20091117,4.0,232,7.1,3.0,0.0,2009
321,18,2009-11-18,0.0,3.3,11,-6.3,54.8,-1.0,20091118,4.6,232,7.7,1.8,0.0,2009
322,19,2009-11-19,0.0,7.0,11,-2.7,60.8,1.7,20091119,6.7,232,1.5,1.7,0.0,2009
323,20,2009-11-20,1.0,6.1,11,-3.3,67.9,1.3,20091120,5.9,232,3.6,1.2,0.0,2009
324,21,2009-11-21,0.5,1.9,11,-4.5,55.9,0.2,20091121,4.5,232,9.0,2.0,0.0,2009
325,22,2009-11-22,0.0,4.0,11,-5.5,58.9,2.4,20091122,10.0,232,8.1,1.8,0.0,2009
326,23,2009-11-23,0.0,4.0,11,0.9,70.3,5.9,20091123,13.5,232,1.1,1.5,0.0,2009
327,24,2009-11-24,0.0,0.0,11,-1.5,77.1,4.8,20091124,14.9,232,8.5,1.0,0.0,2009
328,25,2009-11-25,2.0,4.6,11,-1.8,83.8,4.4,20091125,8.3,232,0.2,1.7,0.0,2009
329,26,2009-11-26,0.0,2.6,11,-0.9,86.1,5.2,20091126,13.7,232,7.8,1.5,0.0,2009
330,27,2009-11-27,0.0,8.8,11,5.8,77.4,7.6,20091127,10.3,232,0.0,1.6,0.0,2009
331,28,2009-11-28,0.0,5.8,11,0.9,74.6,5.0,20091128,9.7,232,6.4,1.1,0.0,2009
332,29,2009-11-29,6.0,9.9,11,2.1,90.3,4.5,20091129,6.3,232,0.0,0.7,0.0,2009
333,30,2009-11-30,0.0,4.8,11,0.5,83.5,4.0,20091130,9.7,232,5.3,1.3,0.0,2009
334,1,2009-12-01,0.0,4.3,12,0.2,80.9,4.8,20091201,11.2,232,2.8,0.7,0.0,2009
335,2,2009-12-02,0.0,6.4,12,-1.4,84.1,3.9,20091202,9.6,232,2.1,0.9,0.0,2009
336,3,2009-12-03,0.4,7.9,12,-1.1,86.0,3.5,20091203,6.6,232,0.0,1.4,0.0,2009
337,4,2009-12-04,0.0,2.9,12,-3.3,81.9,1.8,20091204,7.1,232,7.9,1.3,0.0,2009
338,5,2009-12-05,9.0,8.0,12,-1.5,67.9,1.7,20091205,6.0,232,1.7,5.0,0.0,2009
339,6,2009-12-06,0.0,0.3,12,-5.3,50.6,-2.1,20091206,2.0,232,8.6,2.9,0.0,2009
340,7,2009-12-07,0.0,0.0,12,-7.5,71.4,-1.9,20091207,5.4,232,8.5,0.8,0.0,2009
341,8,2009-12-08,0.0,6.1,12,-4.7,70.8,0.2,20091208,4.6,232,1.4,1.1,0.0,2009
342,9,2009-12-09,2.5,9.4,12,-1.0,73.1,4.6,20091209,9.4,232,1.1,1.2,0.0,2009
343,10,2009-12-10,15.5,10.0,12,5.5,89.1,8.2,20091210,9.3,232,0.0,1.7,0.0,2009
344,11,2009-12-11,0.5,9.9,12,7.5,92.1,8.1,20091211,8.8,232,0.0,1.4,0.0,2009
345,12,2009-12-12,0.1,5.8,12,1.0,79.9,5.4,20091212,8.5,232,6.2,2.2,0.0,2009
346,13,2009-12-13,0.0,3.9,12,-1.0,66.9,2.6,20091213,7.0,232,5.0,2.0,0.0,2009
347,14,2009-12-14,0.0,3.1,12,-3.0,47.0,0.7,20091214,4.8,232,8.2,2.3,0.0,2009
348,15,2009-12-15,0.0,5.6,12,-4.9,34.8,-1.9,20091215,0.5,232,2.9,3.3,0.0,2009
349,16,2009-12-16,1.3,2.9,12,-7.3,53.1,-4.4,20091216,-0.9,232,7.8,2.7,3.5,2009
350,17,2009-12-17,0.8,4.1,12,-12.9,64.8,-6.2,20091217,-2.0,232,6.6,2.1,2.0,2009
351,18,2009-12-18,2.6,5.8,12,-13.4,70.1,-7.5,20091218,-4.1,232,5.1,2.7,5.3,2009
352,19,2009-12-19,2.9,8.3,12,-7.8,82.1,-5.7,20091219,-3.7,232,0.4,1.7,7.3,2009
353,20,2009-12-20,0.1,4.3,12,-13.0,73.4,-5.0,20091220,0.3,232,1.8,1.8,0.2,2009
354,21,2009-12-21,0.0,0.6,12,-13.7,64.6,-5.2,20091221,1.9,232,8.3,1.3,0.0,2009
355,22,2009-12-22,0.0,6.8,12,-3.7,68.6,3.0,20091222,8.8,232,3.1,2.6,0.0,2009
356,23,2009-12-23,0.4,6.4,12,-1.4,81.1,3.6,20091223,8.9,232,1.6,1.3,0.0,2009
357,24,2009-12-24,0.0,3.4,12,-3.7,85.3,0.8,20091224,8.4,232,4.1,0.8,0.0,2009
358,25,2009-12-25,1.0,7.4,12,-2.7,84.3,0.4,20091225,4.3,232,0.0,2.1,0.0,2009
359,26,2009-12-26,0.3,2.5,12,-7.5,62.8,-5.4,20091226,-0.8,232,8.4,3.1,0.5,2009
360,27,2009-12-27,1.3,5.9,12,-11.0,70.8,-6.8,20091227,-2.7,232,1.7,1.5,1.5,2009
361,28,2009-12-28,0.0,1.5,12,-12.4,72.4,-8.5,20091228,-3.3,232,5.0,1.2,0.0,2009
362,29,2009-12-29,0.0,5.6,12,-12.8,62.6,-2.6,20091229,4.4,232,4.5,2.6,0.0,2009
363,30,2009-12-30,1.6,6.4,12,-5.2,70.1,-1.3,20091230,4.7,232,1.2,4.1,2.0,2009
364,31,2009-12-31,0.2,3.1,12,-12.1,58.4,-7.9,20091231,-5.2,232,8.2,3.5,0.5,2009
