,tmin,tmax,Date,wind,date,day,cloud,station_id,humid,rainfall,snow,sunshine,month,year,tavg
0,-13.2,1.0,2022-01-01,0.6,20220101,1,1.6,232,59.3,0.0,0.0,9.0,1,2022,-6.5
1,-8.6,4.9,2022-01-02,1.2,20220102,2,3.6,232,70.3,0.3,0.0,6.4,1,2022,-2.3
2,-11.9,3.0,2022-01-03,0.6,20220103,3,2.6,232,75.1,0.0,0.0,8.2,1,2022,-4.2
3,-8.0,2.5,2022-01-04,1.2,20220104,4,1.7,232,59.3,0.0,0.0,9.1,1,2022,-2.2
4,-10.7,3.1,2022-01-05,0.3,20220105,5,8.1,232,65.8,0.0,0.0,0.8,1,2022,-3.7
5,-9.0,4.4,2022-01-06,1.1,20220106,6,0.0,232,64.9,0.0,0.0,9.0,1,2022,-2.7
6,-11.1,5.0,2022-01-07,0.7,20220107,7,0.0,232,63.6,0.0,0.0,9.0,1,2022,-4.1
7,-10.4,6.5,2022-01-08,0.7,20220108,8,3.0,232,69.8,0.0,0.0,5.9,1,2022,-1.2
8,-4.8,5.5,2022-01-09,0.7,20220109,9,3.3,232,74.4,0.0,0.0,7.3,1,2022,0.7
9,-7.7,5.1,2022-01-10,1.0,20220110,10,7.6,232,73.5,0.0,0.0,0.9,1,2022,-1.0
10,-8.6,0.3,2022-01-11,2.7,20220111,11,2.4,232,60.5,0.5,0.0,8.3,1,2022,-5.1
11,-13.8,-1.4,2022-01-12,1.1,20220112,12,2.9,232,62.6,0.0,0.0,9.2,1,2022,-7.3
12,-9.4,-1.5,2022-01-13,2.1,20220113,13,3.3,232,59.4,0.0,0.0,7.9,1,2022,-5.3
13,-11.7,1.4,2022-01-14,0.8,20220114,14,3.5,232,48.4,0.0,0.0,9.2,1,2022,-5.2
14,-8.8,4.2,2022-01-15,0.5,20220115,15,7.0,232,55.4,0.0,0.0,2.3,1,2022,-2.3
15,-4.8,3.2,2022-01-16,1.7,20220116,16,2.3,232,58.0,0.2,0.0,8.7,1,2022,-0.6
16,-11.3,1.7,2022-01-17,1.5,20220117,17,4.9,232,63.8,1.0,0.0,5.2,1,2022,-4.7
17,-14.2,0.1,2022-01-18,0.9,20220118,18,0.1,232,60.1,0.0,0.0,9.3,1,2022,-7.2
18,-12.5,0.4,2022-01-19,0.9,20220119,19,5.5,232,79.0,0.0,0.0,1.8,1,2022,-5.8
19,-12.7,2.5,2022-01-20,0.6,20220120,20,0.1,232,70.4,0.0,0.0,9.4,1,2022,-5.5
20,-12.7,5.3,2022-01-21,0.5,20220121,21,1.5,232,63.8,0.0,0.0,9.5,1,2022,-4.7
21,-7.4,8.5,2022-01-22,0.4,20220122,22,8.3,232,58.0,0.0,0.0,1.6,1,2022,0.7
22,-3.2,9.3,2022-01-23,0.7,20220123,23,5.1,232,63.3,0.0,0.0,5.1,1,2022,2.3
23,-5.5,9.2,2022-01-24,1.9,20220124,24,3.1,232,63.9,0.0,0.0,6.8,1,2022,2.8
24,0.5,4.4,2022-01-25,0.7,20220125,25,8.1,232,94.5,0.5,0.0,0.0,1,2022,2.3
25,-2.1,6.1,2022-01-26,1.0,20220126,26,3.6,232,74.5,0.0,0.0,7.8,1,2022,1.3
26,-6.4,4.5,2022-01-27,1.0,20220127,27,4.1,232,65.0,0.0,0.0,9.6,1,2022,-1.2
27,-5.8,2.9,2022-01-28,1.2,20220128,28,4.1,232,54.1,0.0,0.0,9.4,1,2022,-1.6
28,-8.2,1.6,2022-01-29,1.2,20220129,29,2.1,232,56.0,0.0,0.0,9.4,1,2022,-3.5
29,-11.3,2.5,2022-01-30,0.9,20220130,30,1.6,232,62.4,0.0,0.0,9.4,1,2022,-4.1
30,-10.9,5.5,2022-01-31,0.7,20220131,31,3.5,232,66.4,0.8,0.0,9.6,1,2022,-2.3
31,-1.8,1.0,2022-02-01,2.0,20220201,1,7.1,232,83.6,0.7,0.0,0.6,2,2022,-0.5
32,-7.0,0.7,2022-02-02,1.4,20220202,2,5.5,232,66.4,0.0,0.0,6.5,2,2022,-2.4
33,-9.1,1.8,2022-02-03,1.1,20220203,3,2.9,232,63.5,0.0,0.0,9.7,2,2022,-3.6
34,-7.4,0.9,2022-02-04,1.8,20220204,4,5.5,232,65.1,0.0,0.0,7.4,2,2022,-4.0
35,-8.5,-0.7,2022-02-05,2.1,20220205,5,3.6,232,57.3,0.0,0.0,7.9,2,2022,-5.1
36,-11.8,2.9,2022-02-06,1.4,20220206,6,2.1,232,64.1,0.0,0.0,7.7,2,2022,-4.0
37,-10.7,2.3,2022-02-07,1.0,20220207,7,5.9,232,52.8,0.0,0.0,3.7,2,2022,-3.0
38,-8.3,5.8,2022-02-08,0.9,20220208,8,3.3,232,62.0,0.0,0.0,7.3,2,2022,-1.5
39,-9.4,7.6,2022-02-09,0.5,20220209,9,4.9,232,57.0,0.0,0.0,8.9,2,2022,-0.4
40,-4.0,7.3,2022-02-10,1.1,20220210,10,2.4,232,59.6,0.0,0.0,9.5,2,2022,1.1
41,-7.0,9.8,2022-02-11,0.7,20220211,11,3.3,232,66.8,0.0,0.0,9.0,2,2022,0.7
42,-3.3,11.3,2022-02-12,0.7,20220212,12,4.4,232,60.5,0.0,0.0,8.5,2,2022,2.3
43,-3.3,10.8,2022-02-13,0.6,20220213,13,5.6,232,65.3,0.0,0.0,4.1,2,2022,2.6
44,-5.0,10.7,2022-02-14,1.5,20220214,14,4.9,232,72.5,1.0,0.0,4.9,2,2022,1.9
45,-5.5,0.0,2022-02-15,2.8,20220215,15,7.8,232,69.0,0.0,0.0,2.4,2,2022,-3.1
46,-7.9,-3.5,2022-02-16,2.4,20220216,16,5.5,232,63.3,0.0,0.0,5.8,2,2022,-5.9
47,-10.2,-1.2,2022-02-17,1.5,20220217,17,0.1,232,48.6,0.0,0.0,9.8,2,2022,-6.1
48,-12.7,5.9,2022-02-18,0.6,20220218,18,7.0,232,52.9,0.0,0.0,9.4,2,2022,-2.9
49,-4.8,3.4,2022-02-19,1.8,20220219,19,7.5,232,59.3,0.0,0.0,2.5,2,2022,-0.6
50,-6.6,-0.8,2022-02-20,2.4,20220220,20,2.9,232,45.9,0.5,0.0,10.4,2,2022,-3.7
51,-10.2,5.3,2022-02-21,2.1,20220221,21,2.0,232,65.8,0.0,0.0,7.0,2,2022,-2.1
52,-6.7,2.2,2022-02-22,1.8,20220222,22,3.5,232,48.8,0.5,0.0,8.4,2,2022,-3.0
53,-11.7,-0.2,2022-02-23,1.6,20220223,23,2.8,232,48.8,0.0,0.0,10.1,2,2022,-5.3
54,-11.8,3.6,2022-02-24,1.2,20220224,24,0.1,232,53.8,0.0,0.0,10.6,2,2022,-3.6
55,-9.1,10.4,2022-02-25,1.0,20220225,25,0.9,232,72.8,0.0,0.0,7.6,2,2022,0.7
56,-2.5,12.3,2022-02-26,2.5,20220226,26,6.5,232,73.4,0.6,0.0,5.5,2,2022,5.1
57,-3.8,10.5,2022-02-27,1.7,20220227,27,0.0,232,57.3,0.0,0.0,10.6,2,2022,3.0
58,-4.7,12.5,2022-02-28,0.6,20220228,28,6.8,232,58.9,0.0,0.0,7.1,2,2022,3.9
59,0.2,9.9,2022-03-01,1.3,20220301,1,7.1,232,80.4,0.9,0.0,2.5,3,2022,4.5
60,-6.0,9.8,2022-03-02,1.5,20220302,2,0.0,232,65.5,0.0,0.0,10.8,3,2022,1.9
61,-4.4,13.3,2022-03-03,0.9,20220303,3,0.0,232,66.0,0.0,0.0,10.4,3,2022,3.6
62,-3.2,16.9,2022-03-04,2.6,20220304,4,5.3,232,60.5,0.0,0.0,6.3,3,2022,7.3
63,-0.9,8.3,2022-03-05,3.3,20220305,5,0.1,232,42.5,0.0,0.0,10.4,3,2022,3.0
64,-3.3,6.2,2022-03-06,1.7,20220306,6,1.6,232,40.0,0.0,0.0,10.9,3,2022,1.3
65,-5.4,9.5,2022-03-07,0.9,20220307,7,3.4,232,53.5,0.0,0.0,9.2,3,2022,1.7
66,-5.0,13.2,2022-03-08,1.0,20220308,8,2.1,232,60.5,0.0,0.0,10.0,3,2022,3.8
67,-1.6,15.2,2022-03-09,0.7,20220309,9,2.3,232,68.0,0.0,0.0,7.8,3,2022,5.8
68,-1.5,17.1,2022-03-10,0.7,20220310,10,7.1,232,53.0,0.0,0.0,7.0,3,2022,7.5
69,0.2,18.2,2022-03-11,0.6,20220311,11,7.1,232,64.4,0.0,0.0,3.1,3,2022,9.4
70,5.2,20.3,2022-03-12,1.6,20220312,12,8.0,232,73.4,0.0,0.0,3.2,3,2022,13.7
71,11.3,16.7,2022-03-13,1.1,20220313,13,9.5,232,96.0,16.9,0.0,0.0,3,2022,13.2
72,5.3,13.5,2022-03-14,2.2,20220314,14,9.3,232,96.6,3.2,0.0,0.0,3,2022,9.6
73,3.6,15.1,2022-03-15,1.2,20220315,15,5.5,232,74.9,0.0,0.0,7.8,3,2022,8.2
74,0.2,17.9,2022-03-16,0.9,20220316,16,5.0,232,71.0,0.0,0.0,8.2,3,2022,9.1
75,6.8,10.7,2022-03-17,1.7,20220317,17,10.0,232,91.3,4.5,0.0,0.0,3,2022,8.5
76,5.3,8.9,2022-03-18,3.4,20220318,18,9.6,232,78.6,2.3,0.0,0.0,3,2022,6.9
77,1.2,6.7,2022-03-19,1.5,20220319,19,8.8,232,89.4,6.7,0.0,0.1,3,2022,3.7
78,0.5,9.9,2022-03-20,1.3,20220320,20,8.6,232,76.9,0.0,0.0,2.7,3,2022,4.3
79,-2.9,10.9,2022-03-21,0.9,20220321,21,7.5,232,59.9,0.0,0.0,7.0,3,2022,4.2
80,-1.9,12.5,2022-03-22,1.4,20220322,22,2.6,232,57.6,0.0,0.0,11.1,3,2022,5.7
81,0.7,9.3,2022-03-23,0.9,20220323,23,7.1,232,72.4,0.0,0.0,0.6,3,2022,4.4
82,-1.5,15.0,2022-03-24,1.0,20220324,24,7.5,232,75.1,0.0,0.0,2.2,3,2022,6.7
83,2.8,18.0,2022-03-25,2.0,20220325,25,7.1,232,74.0,8.0,0.0,2.7,3,2022,11.4
84,5.7,14.6,2022-03-26,2.4,20220326,26,7.1,232,89.3,15.1,0.0,0.8,3,2022,11.1
85,0.1,14.3,2022-03-27,1.7,20220327,27,0.8,232,56.5,0.0,0.0,10.4,3,2022,7.1
86,-2.5,14.4,2022-03-28,1.0,20220328,28,0.0,232,46.4,0.0,0.0,11.4,3,2022,6.1
87,-1.3,17.9,2022-03-29,0.9,20220329,29,0.9,232,63.1,0.0,0.0,11.4,3,2022,8.4
88,1.8,17.5,2022-03-30,0.9,20220330,30,7.0,232,83.9,0.0,0.0,2.3,3,2022,10.4
89,6.7,14.1,2022-03-31,1.5,20220331,31,9.5,232,81.5,0.0,0.0,0.0,3,2022,10.2
90,1.5,15.0,2022-04-01,1.3,20220401,1,3.5,232,60.1,0.0,0.0,10.2,4,2022,8.0
91,-2.0,15.2,2022-04-02,1.3,20220402,2,0.5,232,57.1,0.0,0.0,11.6,4,2022,6.2
92,-1.5,16.2,2022-04-03,1.1,20220403,3,0.5,232,57.9,0.0,0.0,11.7,4,2022,7.9
93,-0.2,17.5,2022-04-04,1.1,20220404,4,0.0,232,53.0,0.0,0.0,11.7,4,2022,8.5
94,-0.9,17.9,2022-04-05,0.9,20220405,5,5.8,232,52.0,0.0,0.0,8.5,4,2022,8.6
95,2.0,18.9,2022-04-06,1.1,20220406,6,4.9,232,45.9,0.0,0.0,8.6,4,2022,10.2
96,5.3,17.5,2022-04-07,1.6,20220407,7,3.8,232,44.3,0.0,0.0,9.2,4,2022,10.9
97,0.2,22.2,2022-04-08,1.0,20220408,8,0.8,232,45.8,0.0,0.0,12.0,4,2022,11.9
98,7.6,25.7,2022-04-09,1.5,20220409,9,2.5,232,47.5,0.0,0.0,9.6,4,2022,16.5
99,6.3,26.3,2022-04-10,1.0,20220410,10,3.4,232,50.3,0.0,0.0,11.5,4,2022,16.6
100,9.0,27.0,2022-04-11,1.0,20220411,11,2.1,232,64.9,0.0,0.0,10.2,4,2022,18.4
101,11.7,27.6,2022-04-12,1.3,20220412,12,6.4,232,75.0,0.0,0.0,8.5,4,2022,18.9
102,8.4,16.2,2022-04-13,2.6,20220413,13,10.0,232,97.6,16.4,0.0,0.0,4,2022,11.9
103,7.6,11.9,2022-04-14,3.6,20220414,14,9.8,232,82.8,9.5,0.0,0.0,4,2022,9.8
104,3.5,18.1,2022-04-15,1.5,20220415,15,2.3,232,64.3,0.0,0.0,11.9,4,2022,11.1
105,3.0,18.2,2022-04-16,1.2,20220416,16,1.0,232,53.6,0.0,0.0,12.2,4,2022,10.7
106,1.1,21.3,2022-04-17,1.2,20220417,17,2.3,232,55.5,0.0,0.0,11.4,4,2022,11.7
107,6.9,22.0,2022-04-18,1.2,20220418,18,6.6,232,52.9,0.0,0.0,9.0,4,2022,13.2
108,3.7,22.8,2022-04-19,1.1,20220419,19,1.6,232,56.3,0.0,0.0,12.0,4,2022,13.3
109,3.0,23.2,2022-04-20,0.9,20220420,20,1.1,232,57.8,0.0,0.0,12.2,4,2022,13.0
110,4.5,21.9,2022-04-21,1.3,20220421,21,4.3,232,59.1,0.0,0.0,8.0,4,2022,13.4
111,7.8,22.6,2022-04-22,1.9,20220422,22,5.5,232,75.3,0.0,0.0,5.1,4,2022,15.5
112,9.3,24.4,2022-04-23,0.8,20220423,23,7.5,232,63.3,0.0,0.0,8.1,4,2022,16.3
113,9.9,26.7,2022-04-24,1.0,20220424,24,3.6,232,72.0,0.0,0.0,7.9,4,2022,17.6
114,13.4,25.2,2022-04-25,0.8,20220425,25,9.4,232,77.0,3.9,0.0,2.0,4,2022,19.0
115,15.2,24.2,2022-04-26,1.6,20220426,26,8.1,232,80.1,9.0,0.0,2.1,4,2022,18.6
116,9.2,22.6,2022-04-27,1.2,20220427,27,1.4,232,39.5,0.0,0.0,11.8,4,2022,15.5
117,6.7,25.0,2022-04-28,1.2,20220428,28,5.5,232,54.3,0.0,0.0,8.1,4,2022,15.6
118,9.1,16.2,2022-04-29,2.2,20220429,29,7.3,232,78.6,12.8,0.0,2.3,4,2022,12.2
119,7.7,18.2,2022-04-30,1.3,20220430,30,7.8,232,73.5,0.0,0.0,3.1,4,2022,12.3
120,4.4,19.1,2022-05-01,1.8,20220501,1,1.3,232,57.3,0.0,0.0,11.0,5,2022,11.7
121,4.6,19.1,2022-05-02,1.5,20220502,2,2.6,232,59.6,0.0,0.0,11.8,5,2022,11.8
122,3.1,22.0,2022-05-03,0.9,20220503,3,0.3,232,59.4,0.0,0.0,12.6,5,2022,12.2
123,4.7,25.8,2022-05-04,1.0,20220504,4,1.5,232,58.1,0.0,0.0,12.4,5,2022,15.4
124,6.2,25.9,2022-05-05,0.8,20220505,5,0.0,232,63.8,0.0,0.0,12.7,5,2022,16.7
125,9.5,25.9,2022-05-06,1.1,20220506,6,5.1,232,72.1,0.0,0.0,9.7,5,2022,18.2
126,10.8,21.7,2022-05-07,1.5,20220507,7,7.1,232,66.5,0.0,0.0,6.6,5,2022,16.6
127,10.3,21.2,2022-05-08,1.8,20220508,8,9.6,232,54.4,1.0,0.0,2.3,5,2022,15.3
128,10.5,23.0,2022-05-09,2.0,20220509,9,5.6,232,61.0,2.2,0.0,10.7,5,2022,15.5
129,7.4,24.5,2022-05-10,1.4,20220510,10,5.3,232,46.4,0.0,0.0,10.6,5,2022,16.8
130,11.2,24.1,2022-05-11,1.1,20220511,11,8.1,232,53.5,0.0,0.0,8.1,5,2022,17.8
131,12.1,26.4,2022-05-12,1.0,20220512,12,7.3,232,61.6,0.0,0.0,6.3,5,2022,18.7
132,13.3,21.7,2022-05-13,0.9,20220513,13,7.3,232,63.1,0.0,0.0,1.7,5,2022,17.2
133,8.0,20.3,2022-05-14,2.1,20220514,14,3.8,232,53.3,0.0,0.0,11.9,5,2022,14.2
134,6.8,20.4,2022-05-15,1.4,20220515,15,1.6,232,51.4,0.0,0.0,11.9,5,2022,13.9
135,3.9,23.9,2022-05-16,1.4,20220516,16,0.6,232,51.8,0.0,0.0,12.9,5,2022,14.7
136,7.6,26.6,2022-05-17,1.4,20220517,17,0.9,232,56.4,0.0,0.0,11.6,5,2022,18.3
137,10.9,27.2,2022-05-18,1.7,20220518,18,3.1,232,51.5,0.0,0.0,11.0,5,2022,19.8
138,10.2,24.6,2022-05-19,1.4,20220519,19,7.6,232,49.0,0.0,0.0,6.1,5,2022,17.8
139,10.8,26.4,2022-05-20,1.0,20220520,20,4.6,232,61.3,0.0,0.0,9.7,5,2022,18.7
140,14.1,26.2,2022-05-21,1.3,20220521,21,2.8,232,74.0,0.0,0.0,9.6,5,2022,19.6
141,12.3,27.4,2022-05-22,1.3,20220522,22,1.3,232,74.3,0.0,0.0,11.9,5,2022,19.8
142,13.3,29.9,2022-05-23,1.3,20220523,23,2.8,232,64.5,0.0,0.0,11.7,5,2022,22.0
143,11.9,29.3,2022-05-24,1.0,20220524,24,0.8,232,58.9,0.0,0.0,13.0,5,2022,20.8
144,12.2,26.9,2022-05-25,1.3,20220525,25,5.4,232,70.5,0.9,0.0,10.2,5,2022,19.7
145,12.4,24.2,2022-05-26,1.7,20220526,26,2.8,232,60.3,5.6,0.0,11.2,5,2022,18.0
146,11.7,24.6,2022-05-27,1.9,20220527,27,0.9,232,64.4,0.0,0.0,12.5,5,2022,18.5
147,11.1,28.9,2022-05-28,1.3,20220528,28,2.5,232,62.9,0.0,0.0,12.4,5,2022,19.6
148,10.6,29.0,2022-05-29,1.0,20220529,29,3.1,232,62.5,0.0,0.0,12.4,5,2022,20.5
149,16.2,24.5,2022-05-30,1.1,20220530,30,6.6,232,78.5,0.1,0.0,0.6,5,2022,19.8
150,10.6,27.5,2022-05-31,1.3,20220531,31,2.0,232,55.4,0.0,0.0,13.2,5,2022,18.8
151,10.6,30.4,2022-06-01,1.3,20220601,1,1.3,232,48.3,0.0,0.0,13.1,6,2022,20.0
152,9.7,28.6,2022-06-02,1.2,20220602,2,1.6,232,72.5,0.0,0.0,13.1,6,2022,19.6
153,15.9,30.8,2022-06-03,0.9,20220603,3,2.5,232,70.4,0.0,0.0,10.7,6,2022,22.9
154,15.6,28.4,2022-06-04,1.5,20220604,4,7.0,232,65.3,0.0,0.0,7.8,6,2022,22.6
155,15.9,22.1,2022-06-05,2.3,20220605,5,9.5,232,82.9,2.4,0.0,0.0,6,2022,18.1
156,15.6,21.6,2022-06-06,1.4,20220606,6,6.0,232,82.5,2.5,0.0,2.8,6,2022,17.9
157,13.0,20.9,2022-06-07,1.6,20220607,7,7.4,232,78.1,0.0,0.0,2.6,6,2022,16.7
158,12.7,25.6,2022-06-08,1.2,20220608,8,6.5,232,75.8,0.0,0.0,5.8,6,2022,18.9
159,16.4,25.4,2022-06-09,0.9,20220609,9,6.4,232,77.8,0.0,0.0,3.2,6,2022,20.5
160,14.7,27.8,2022-06-10,1.1,20220610,10,5.6,232,73.1,0.0,0.0,8.0,6,2022,21.5
161,14.6,30.1,2022-06-11,1.5,20220611,11,5.0,232,65.0,0.0,0.0,10.0,6,2022,23.1
162,16.2,27.8,2022-06-12,1.6,20220612,12,6.4,232,69.9,0.0,0.0,8.3,6,2022,22.5
163,18.8,26.6,2022-06-13,3.0,20220613,13,6.9,232,60.6,0.0,0.0,11.1,6,2022,22.5
164,15.7,20.9,2022-06-14,3.1,20220614,14,7.8,232,71.6,1.2,0.0,0.5,6,2022,18.0
165,14.3,24.9,2022-06-15,1.7,20220615,15,8.3,232,87.8,17.1,0.0,2.3,6,2022,18.8
166,16.2,25.4,2022-06-16,1.4,20220616,16,5.1,232,74.5,0.0,0.0,6.6,6,2022,20.4
167,14.6,26.0,2022-06-17,0.7,20220617,17,6.0,232,82.3,0.0,0.0,4.3,6,2022,21.3
168,20.1,26.6,2022-06-18,0.8,20220618,18,5.5,232,83.0,0.0,0.0,2.1,6,2022,23.3
169,20.0,27.2,2022-06-19,0.6,20220619,19,6.6,232,84.5,0.0,0.0,0.7,6,2022,23.6
170,21.2,30.5,2022-06-20,0.8,20220620,20,3.1,232,78.3,0.0,0.0,6.2,6,2022,25.2
171,19.5,33.1,2022-06-21,1.1,20220621,21,1.5,232,74.6,0.0,0.0,12.5,6,2022,25.5
172,19.6,32.3,2022-06-22,1.0,20220622,22,5.0,232,77.5,0.0,0.0,10.2,6,2022,25.0
173,19.4,29.5,2022-06-23,1.5,20220623,23,8.9,232,92.4,45.3,0.0,0.4,6,2022,24.1
174,20.9,28.1,2022-06-24,2.0,20220624,24,7.5,232,86.4,12.0,0.0,4.2,6,2022,24.1
175,19.3,32.1,2022-06-25,1.3,20220625,25,2.1,232,79.3,0.0,0.0,6.2,6,2022,26.1
176,24.7,29.6,2022-06-26,1.4,20220626,26,8.0,232,81.0,0.0,0.0,1.7,6,2022,26.9
177,24.0,29.3,2022-06-27,1.7,20220627,27,10.0,232,82.4,1.0,0.0,0.1,6,2022,27.2
178,26.8,31.2,2022-06-28,3.4,20220628,28,9.6,232,70.3,0.1,0.0,4.1,6,2022,28.5
179,24.0,29.0,2022-06-29,1.9,20220629,29,9.8,232,95.6,55.5,0.0,0.7,6,2022,25.5
180,21.0,30.2,2022-06-30,1.7,20220630,30,7.9,232,90.5,30.9,0.0,2.7,6,2022,25.1
181,21.9,31.7,2022-07-01,1.0,20220701,1,4.1,232,80.5,0.0,0.0,9.5,7,2022,26.8
182,21.5,33.5,2022-07-02,0.7,20220702,2,4.3,232,79.4,0.0,0.0,12.2,7,2022,27.3
183,22.8,33.2,2022-07-03,0.8,20220703,3,5.8,232,83.0,1.9,0.0,10.2,7,2022,26.8
184,22.5,32.9,2022-07-04,0.9,20220704,4,6.3,232,80.8,2.5,0.0,9.2,7,2022,26.9
185,23.2,32.5,2022-07-05,0.7,20220705,5,7.5,232,88.1,0.0,0.0,4.1,7,2022,26.9
186,23.5,33.9,2022-07-06,1.3,20220706,6,6.6,232,79.8,0.0,0.0,5.5,7,2022,28.6
187,24.6,33.4,2022-07-07,1.6,20220707,7,7.9,232,84.3,4.0,0.0,3.7,7,2022,28.2
188,24.1,30.9,2022-07-08,1.5,20220708,8,7.0,232,82.4,1.0,0.0,5.4,7,2022,26.8
189,23.2,29.6,2022-07-09,0.9,20220709,9,6.4,232,90.0,0.0,0.0,1.2,7,2022,25.4
190,21.4,33.2,2022-07-10,0.8,20220710,10,6.1,232,81.5,2.0,0.0,8.3,7,2022,27.2
191,21.8,27.6,2022-07-11,0.8,20220711,11,7.4,232,95.6,13.3,0.0,2.0,7,2022,23.8
192,21.7,29.0,2022-07-12,0.9,20220712,12,8.1,232,90.5,0.0,0.0,1.6,7,2022,25.8
193,23.3,26.0,2022-07-13,1.6,20220713,13,9.3,232,95.5,36.1,0.0,0.0,7,2022,24.3
194,23.0,28.7,2022-07-14,1.3,20220714,14,5.9,232,91.5,2.8,0.0,2.1,7,2022,25.1
195,20.9,30.0,2022-07-15,1.1,20220715,15,2.5,232,81.1,0.0,0.0,9.2,7,2022,25.0
196,19.5,28.9,2022-07-16,0.9,20220716,16,6.0,232,85.6,0.5,0.0,3.4,7,2022,23.9
197,19.7,29.5,2022-07-17,1.0,20220717,17,6.8,232,85.3,0.0,0.0,5.1,7,2022,24.4
198,20.4,24.8,2022-07-18,1.5,20220718,18,7.9,232,96.5,8.4,0.0,0.1,7,2022,22.6
199,19.3,29.8,2022-07-19,0.9,20220719,19,7.3,232,89.3,0.0,0.0,2.4,7,2022,24.1
200,21.4,31.4,2022-07-20,0.7,20220720,20,8.8,232,82.3,0.0,0.0,7.1,7,2022,25.8
201,22.0,24.1,2022-07-21,1.4,20220721,21,8.1,232,96.6,22.1,0.0,0.0,7,2022,23.0
202,21.1,28.7,2022-07-22,1.5,20220722,22,5.8,232,87.5,0.7,0.0,5.2,7,2022,24.2
203,19.4,27.4,2022-07-23,1.1,20220723,23,8.0,232,90.5,10.3,0.0,0.3,7,2022,23.5
204,22.2,27.0,2022-07-24,1.2,20220724,24,5.3,232,95.0,2.5,0.0,0.5,7,2022,24.3
205,22.5,31.0,2022-07-25,1.0,20220725,25,3.0,232,84.6,0.0,0.0,7.3,7,2022,26.0
206,20.9,33.4,2022-07-26,0.8,20220726,26,3.6,232,80.4,0.0,0.0,11.8,7,2022,26.9
207,22.8,30.3,2022-07-27,1.6,20220727,27,6.4,232,77.6,0.0,0.0,6.9,7,2022,26.0
208,21.0,32.0,2022-07-28,2.0,20220728,28,3.9,232,79.9,0.0,0.0,11.5,7,2022,27.1
209,23.3,34.1,2022-07-29,1.5,20220729,29,3.9,232,76.1,0.0,0.0,10.9,7,2022,28.8
210,24.0,32.5,2022-07-30,2.7,20220730,30,5.8,232,73.4,0.0,0.0,7.1,7,2022,28.7
211,25.0,28.6,2022-07-31,2.3,20220731,31,9.8,232,92.6,8.9,0.0,0.0,7,2022,26.5
212,24.7,32.0,2022-08-01,2.5,20220801,1,8.3,232,86.1,16.5,0.0,2.5,8,2022,27.7
213,25.4,29.6,2022-08-02,1.4,20220802,2,8.3,232,92.3,0.3,0.0,0.3,8,2022,27.1
214,25.0,32.0,2022-08-03,1.1,20220803,3,6.1,232,90.8,3.0,0.0,5.6,8,2022,27.6
215,24.4,31.9,2022-08-04,0.9,20220804,4,4.4,232,87.3,0.0,0.0,6.4,8,2022,27.7
216,24.2,32.4,2022-08-05,1.0,20220805,5,5.4,232,88.9,0.0,0.0,6.1,8,2022,27.6
217,24.4,33.2,2022-08-06,0.7,20220806,6,5.0,232,87.8,0.0,0.0,6.6,8,2022,28.3
218,25.4,32.2,2022-08-07,1.1,20220807,7,8.0,232,86.6,0.0,0.0,2.1,8,2022,28.5
219,26.0,28.9,2022-08-08,1.7,20220808,8,10.0,232,91.9,9.1,0.0,0.0,8,2022,27.2
220,25.2,29.2,2022-08-09,1.5,20220809,9,10.0,232,92.4,18.4,0.0,0.2,8,2022,26.9
221,22.2,27.1,2022-08-10,0.9,20220810,10,10.0,232,99.0,101.5,0.0,0.0,8,2022,23.7
222,23.8,25.7,2022-08-11,0.9,20220811,11,9.5,232,99.0,75.6,0.0,0.0,8,2022,24.7
223,21.4,31.1,2022-08-12,0.8,20220812,12,3.8,232,84.1,0.1,0.0,10.4,8,2022,25.6
224,21.7,26.6,2022-08-13,0.7,20220813,13,9.3,232,96.9,27.7,0.0,0.0,8,2022,24.5
225,24.3,27.3,2022-08-14,0.7,20220814,14,7.6,232,98.1,14.8,0.0,0.0,8,2022,25.5
226,25.1,30.8,2022-08-15,2.4,20220815,15,9.4,232,86.5,10.6,0.0,2.1,8,2022,27.6
227,21.8,30.3,2022-08-16,1.0,20220816,16,6.0,232,86.8,0.5,0.0,5.9,8,2022,25.6
228,20.2,29.8,2022-08-17,0.9,20220817,17,6.3,232,89.6,0.1,0.0,3.4,8,2022,24.0
229,18.7,29.9,2022-08-18,0.7,20220818,18,4.8,232,85.6,0.0,0.0,6.5,8,2022,23.3
230,19.4,28.5,2022-08-19,1.2,20220819,19,8.5,232,91.5,0.0,0.0,0.3,8,2022,25.1
231,22.3,31.1,2022-08-20,1.3,20220820,20,4.6,232,86.6,3.1,0.0,7.4,8,2022,26.9
232,20.9,31.7,2022-08-21,0.8,20220821,21,2.6,232,82.0,0.0,0.0,10.7,8,2022,26.0
233,22.0,30.8,2022-08-22,0.9,20220822,22,8.1,232,84.6,0.0,0.0,4.1,8,2022,25.9
234,20.9,25.9,2022-08-23,0.7,20220823,23,7.5,232,98.3,8.0,0.0,0.2,8,2022,23.5
235,19.2,25.8,2022-08-24,1.8,20220824,24,6.5,232,84.6,0.0,0.0,1.9,8,2022,22.8
236,17.9,26.3,2022-08-25,0.6,20220825,25,8.8,232,91.4,0.5,0.0,0.0,8,2022,20.9
237,15.5,27.7,2022-08-26,0.8,20220826,26,3.8,232,83.4,0.0,0.0,8.0,8,2022,21.4
238,15.1,25.1,2022-08-27,1.3,20220827,27,4.6,232,72.1,0.0,0.0,10.2,8,2022,20.6
239,12.6,27.4,2022-08-28,1.0,20220828,28,2.8,232,75.0,0.0,0.0,12.2,8,2022,20.1
240,17.2,21.1,2022-08-29,1.4,20220829,29,7.6,232,89.5,0.9,0.0,0.0,8,2022,19.1
241,17.2,20.0,2022-08-30,1.3,20220830,30,10.0,232,99.0,70.0,0.0,0.0,8,2022,18.9
242,18.8,22.8,2022-08-31,0.6,20220831,31,7.8,232,98.0,5.9,0.0,0.1,8,2022,20.5
243,17.5,27.9,2022-09-01,0.6,20220901,1,6.4,232,85.8,0.0,0.0,7.4,9,2022,21.5
244,16.0,28.2,2022-09-02,2.2,20220902,2,5.0,232,73.3,0.0,0.0,7.9,9,2022,22.5
245,19.6,27.3,2022-09-03,3.1,20220903,3,6.9,232,72.1,0.0,0.0,3.3,9,2022,23.0
246,20.7,25.9,2022-09-04,1.7,20220904,4,9.9,232,90.4,4.4,0.0,0.0,9,2022,23.3
247,18.5,24.9,2022-09-05,0.9,20220905,5,10.0,232,99.0,76.5,0.0,0.0,9,2022,21.8
248,14.7,24.9,2022-09-06,2.1,20220906,6,5.6,232,86.3,50.2,0.0,5.2,9,2022,19.6
249,14.0,27.6,2022-09-07,0.9,20220907,7,2.5,232,81.1,0.0,0.0,8.5,9,2022,19.5
250,12.6,28.3,2022-09-08,0.6,20220908,8,1.6,232,78.1,0.0,0.0,11.9,9,2022,20.1
251,15.5,28.3,2022-09-09,1.0,20220909,9,5.1,232,75.3,0.0,0.0,9.2,9,2022,21.2
252,16.6,27.0,2022-09-10,1.7,20220910,10,8.3,232,70.9,0.0,0.0,6.9,9,2022,20.9
253,17.6,27.4,2022-09-11,1.1,20220911,11,9.0,232,80.6,0.0,0.0,3.7,9,2022,22.3
254,19.8,26.7,2022-09-12,0.8,20220912,12,10.0,232,90.8,0.0,0.0,1.3,9,2022,22.7
255,20.5,27.2,2022-09-13,1.3,20220913,13,9.9,232,82.1,0.0,0.0,0.3,9,2022,23.9
256,20.7,28.3,2022-09-14,2.8,20220914,14,8.5,232,59.3,0.0,0.0,2.8,9,2022,23.9
257,21.1,28.6,2022-09-15,3.1,20220915,15,7.6,232,66.6,0.0,0.0,7.8,9,2022,24.7
258,21.5,30.3,2022-09-16,2.0,20220916,16,6.6,232,78.5,0.2,0.0,6.6,9,2022,25.2
259,22.3,31.3,2022-09-17,0.9,20220917,17,7.4,232,86.0,0.0,0.0,9.2,9,2022,25.8
260,22.4,31.9,2022-09-18,1.7,20220918,18,8.9,232,79.6,0.0,0.0,4.8,9,2022,26.7
261,19.0,28.8,2022-09-19,2.8,20220919,19,4.5,232,63.5,0.0,0.0,8.6,9,2022,24.6
262,12.8,22.6,2022-09-20,1.1,20220920,20,3.1,232,76.0,0.0,0.0,5.3,9,2022,17.3
263,10.1,23.9,2022-09-21,1.1,20220921,21,0.4,232,74.1,0.0,0.0,11.3,9,2022,16.6
264,10.2,23.5,2022-09-22,0.9,20220922,22,6.8,232,77.5,0.0,0.0,9.4,9,2022,16.7
265,10.9,24.0,2022-09-23,1.3,20220923,23,4.0,232,78.3,2.0,0.0,7.1,9,2022,15.9
266,8.7,23.2,2022-09-24,0.9,20220924,24,4.9,232,77.3,0.0,0.0,10.4,9,2022,16.1
267,12.9,24.1,2022-09-25,0.6,20220925,25,8.3,232,81.4,0.0,0.0,3.1,9,2022,16.9
268,12.6,25.5,2022-09-26,0.6,20220926,26,7.8,232,78.4,0.0,0.0,5.8,9,2022,17.2
269,9.5,26.6,2022-09-27,0.6,20220927,27,1.0,232,78.5,0.0,0.0,10.9,9,2022,17.5
270,11.6,25.2,2022-09-28,0.5,20220928,28,5.1,232,84.9,0.0,0.0,6.3,9,2022,17.4
271,13.0,24.8,2022-09-29,0.5,20220929,29,4.1,232,90.3,0.0,0.0,5.9,9,2022,17.2
272,11.5,26.9,2022-09-30,0.5,20220930,30,2.9,232,85.5,0.0,0.0,7.2,9,2022,17.2
273,11.5,26.9,2022-10-01,0.6,20221001,1,6.8,232,82.3,0.0,0.0,5.9,10,2022,18.2
274,14.0,23.7,2022-10-02,1.2,20221002,2,9.5,232,84.8,2.1,0.0,1.1,10,2022,18.7
275,18.0,25.2,2022-10-03,1.3,20221003,3,9.5,232,97.1,19.5,0.0,0.0,10,2022,22.0
276,14.2,23.4,2022-10-04,2.1,20221004,4,9.4,232,86.6,52.0,0.0,1.7,10,2022,18.6
277,13.3,21.1,2022-10-05,0.9,20221005,5,7.6,232,76.8,0.0,0.0,7.1,10,2022,15.9
278,13.4,20.6,2022-10-06,0.8,20221006,6,9.3,232,84.9,0.0,0.0,3.1,10,2022,16.2
279,11.1,19.2,2022-10-07,1.2,20221007,7,5.8,232,78.8,0.0,0.0,6.9,10,2022,14.9
280,8.8,20.4,2022-10-08,1.7,20221008,8,2.3,232,70.8,0.0,0.0,10.1,10,2022,14.7
281,10.8,14.1,2022-10-09,1.1,20221009,9,9.1,232,93.5,17.3,0.0,0.0,10,2022,12.7
282,8.3,13.0,2022-10-10,2.8,20221010,10,6.9,232,84.1,7.2,0.0,4.5,10,2022,10.3
283,6.2,16.2,2022-10-11,1.2,20221011,11,2.6,232,81.6,0.1,0.0,10.6,10,2022,10.4
284,4.3,19.7,2022-10-12,0.8,20221012,12,4.1,232,86.8,0.0,0.0,7.3,10,2022,10.7
285,6.8,21.6,2022-10-13,0.8,20221013,13,1.5,232,83.3,0.0,0.0,10.4,10,2022,13.5
286,8.3,21.3,2022-10-14,0.5,20221014,14,8.3,232,88.1,0.0,0.0,2.7,10,2022,14.2
287,10.7,24.2,2022-10-15,0.5,20221015,15,6.0,232,84.5,0.0,0.0,6.3,10,2022,16.5
288,13.6,21.4,2022-10-16,0.7,20221016,16,8.6,232,89.1,0.0,0.0,0.4,10,2022,16.6
289,6.0,15.8,2022-10-17,2.0,20221017,17,3.3,232,53.8,0.0,0.0,0.0,10,2022,11.3
290,1.0,13.9,2022-10-18,1.0,20221018,18,0.0,232,73.6,0.0,0.0,10.5,10,2022,6.8
291,-0.4,16.2,2022-10-19,0.7,20221019,19,0.0,232,76.6,0.0,0.0,10.4,10,2022,7.3
292,1.0,19.4,2022-10-20,0.6,20221020,20,2.0,232,78.1,0.0,0.0,10.4,10,2022,9.6
293,4.8,19.3,2022-10-21,0.5,20221021,21,8.1,232,82.3,0.0,0.0,4.1,10,2022,11.2
294,6.6,20.0,2022-10-22,0.9,20221022,22,4.0,232,81.8,0.0,0.0,8.8,10,2022,13.1
295,9.6,18.1,2022-10-23,1.3,20221023,23,3.5,232,68.9,0.0,0.0,5.8,10,2022,13.6
296,3.0,15.0,2022-10-24,1.2,20221024,24,1.0,232,67.6,0.0,0.0,9.4,10,2022,8.6
297,0.7,16.3,2022-10-25,1.1,20221025,25,0.0,232,74.9,0.0,0.0,9.9,10,2022,8.1
298,2.0,17.5,2022-10-26,0.6,20221026,26,4.1,232,76.9,0.0,0.0,9.4,10,2022,9.6
299,3.8,19.6,2022-10-27,0.9,20221027,27,2.6,232,80.8,0.0,0.0,9.5,10,2022,11.5
300,6.8,19.1,2022-10-28,0.5,20221028,28,3.4,232,87.4,0.0,0.0,5.5,10,2022,11.1
301,4.7,20.0,2022-10-29,0.6,20221029,29,3.8,232,82.0,0.0,0.0,8.7,10,2022,11.4
302,5.5,20.1,2022-10-30,0.6,20221030,30,3.1,232,81.1,0.0,0.0,8.3,10,2022,11.5
303,6.6,19.8,2022-10-31,0.8,20221031,31,4.0,232,80.9,0.0,0.0,7.9,10,2022,12.2
304,6.4,18.5,2022-11-01,0.7,20221101,1,3.1,232,85.8,0.0,0.0,4.4,11,2022,11.4
305,3.1,18.1,2022-11-02,0.8,20221102,2,3.3,232,71.4,0.0,0.0,6.7,11,2022,8.6
306,1.4,15.7,2022-11-03,1.1,20221103,3,0.0,232,71.0,0.0,0.0,2.0,11,2022,8.3
307,-1.4,9.3,2022-11-04,1.6,20221104,4,0.4,232,54.5,0.0,0.0,9.7,11,2022,4.4
308,-4.1,12.8,2022-11-05,0.8,20221105,5,0.0,232,66.5,0.0,0.0,9.8,11,2022,3.8
309,-1.7,15.5,2022-11-06,0.7,20221106,6,2.9,232,78.9,0.0,0.0,8.7,11,2022,6.1
310,0.0,16.0,2022-11-07,0.6,20221107,7,4.1,232,74.1,0.0,0.0,7.7,11,2022,8.1
311,5.1,18.2,2022-11-08,0.7,20221108,8,3.0,232,75.4,0.0,0.0,7.6,11,2022,10.3
312,2.1,16.1,2022-11-09,0.4,20221109,9,5.6,232,89.1,0.0,0.0,2.9,11,2022,7.7
313,3.3,18.4,2022-11-10,0.5,20221110,10,4.1,232,85.0,0.0,0.0,6.5,11,2022,9.6
314,4.8,21.4,2022-11-11,0.5,20221111,11,1.9,232,77.0,0.0,0.0,8.9,11,2022,11.8
315,6.1,23.0,2022-11-12,1.1,20221112,12,6.9,232,82.1,14.5,0.0,2.5,11,2022,15.4
316,9.6,18.2,2022-11-13,1.9,20221113,13,9.8,232,86.3,0.4,0.0,0.0,11,2022,10.8
317,4.2,14.8,2022-11-14,1.0,20221114,14,5.1,232,83.3,0.0,0.0,3.3,11,2022,9.1
318,0.0,12.2,2022-11-15,0.5,20221115,15,3.1,232,90.9,4.3,0.0,4.0,11,2022,5.9
319,2.3,14.0,2022-11-16,0.7,20221116,16,3.3,232,79.9,0.1,0.0,5.9,11,2022,6.7
320,1.8,15.5,2022-11-17,0.6,20221117,17,2.9,232,78.3,0.0,0.0,8.8,11,2022,7.6
321,0.0,17.4,2022-11-18,0.9,20221118,18,0.0,232,76.4,0.0,0.0,9.3,11,2022,7.3
322,0.4,18.4,2022-11-19,0.8,20221119,19,3.3,232,75.3,0.0,0.0,9.2,11,2022,9.1
323,5.9,18.8,2022-11-20,0.5,20221120,20,3.8,232,80.9,0.0,0.0,3.7,11,2022,10.6
324,3.1,18.3,2022-11-21,0.7,20221121,21,3.4,232,77.8,0.0,0.0,7.7,11,2022,10.0
325,5.9,15.1,2022-11-22,0.5,20221122,22,9.4,232,89.0,0.5,0.0,0.9,11,2022,9.9
326,2.9,15.5,2022-11-23,1.0,20221123,23,4.3,232,76.5,0.0,0.0,7.3,11,2022,9.3
327,1.4,14.9,2022-11-24,0.5,20221124,24,3.5,232,82.8,0.0,0.0,6.8,11,2022,6.5
328,0.2,16.9,2022-11-25,1.0,20221125,25,3.1,232,70.8,0.0,0.0,8.7,11,2022,8.2
329,-1.1,12.6,2022-11-26,1.3,20221126,26,0.4,232,65.4,0.0,0.0,8.7,11,2022,6.7
330,-3.9,13.9,2022-11-27,0.7,20221127,27,4.4,232,63.6,0.0,0.0,8.2,11,2022,3.7
331,-0.4,12.5,2022-11-28,1.1,20221128,28,7.1,232,89.0,20.5,0.0,1.8,11,2022,8.1
332,1.0,14.5,2022-11-29,2.3,20221129,29,9.8,232,66.8,2.9,0.0,1.8,11,2022,8.4
333,-5.3,1.0,2022-11-30,2.6,20221130,30,4.1,232,48.4,0.0,0.0,7.8,11,2022,-3.3
334,-8.9,0.4,2022-12-01,1.0,20221201,1,3.9,232,53.9,0.0,0.0,7.7,12,2022,-4.6
335,-8.4,3.1,2022-12-02,0.8,20221202,2,3.1,232,71.0,0.0,0.0,7.3,12,2022,-3.7
336,-3.1,5.2,2022-12-03,0.8,20221203,3,7.4,232,82.4,0.3,0.0,0.5,12,2022,1.5
337,-5.7,2.2,2022-12-04,1.6,20221204,4,8.9,232,44.6,0.0,0.0,2.3,12,2022,-1.8
338,-7.1,1.9,2022-12-05,1.2,20221205,5,3.3,232,45.1,0.0,0.0,7.6,12,2022,-2.8
339,-8.0,2.6,2022-12-06,0.7,20221206,6,7.6,232,92.3,1.5,0.0,1.2,12,2022,-1.6
340,-1.5,8.1,2022-12-07,0.8,20221207,7,4.8,232,85.9,0.5,0.0,1.9,12,2022,2.2
341,-3.3,9.7,2022-12-08,0.6,20221208,8,1.5,232,71.8,0.0,0.0,8.2,12,2022,1.4
342,-4.1,11.0,2022-12-09,0.6,20221209,9,2.8,232,79.6,0.0,0.0,4.7,12,2022,2.1
343,-4.6,6.4,2022-12-10,0.6,20221210,10,6.3,232,72.8,0.0,0.0,3.1,12,2022,0.8
344,-5.3,7.6,2022-12-11,0.8,20221211,11,0.5,232,69.3,0.0,0.0,9.0,12,2022,-0.1
345,-6.3,7.0,2022-12-12,0.8,20221212,12,6.0,232,80.8,0.7,0.0,4.3,12,2022,0.7
346,-4.2,4.1,2022-12-13,2.4,20221213,13,6.8,232,94.5,11.2,0.0,0.8,12,2022,0.9
347,-12.0,-4.3,2022-12-14,1.4,20221214,14,1.8,232,69.6,0.1,0.0,7.0,12,2022,-8.2
348,-12.3,2.5,2022-12-15,1.0,20221215,15,4.1,232,88.1,2.9,0.0,3.7,12,2022,-3.9
349,-10.5,-2.5,2022-12-16,0.0,20221216,16,8.0,232,67.1,0.0,0.0,6.8,12,2022,-5.8
350,-12.7,-2.7,2022-12-17,0.9,20221217,17,4.6,232,75.1,2.0,0.0,5.4,12,2022,-7.6
351,-16.9,-5.7,2022-12-18,0.9,20221218,18,2.0,232,75.3,0.0,0.0,8.9,12,2022,-11.1
352,-15.5,-1.8,2022-12-19,0.7,20221219,19,3.1,232,76.9,0.0,0.0,7.1,12,2022,-8.4
353,-13.1,2.0,2022-12-20,0.7,20221220,20,3.6,232,76.1,0.0,0.0,8.2,12,2022,-5.2
354,-4.1,1.9,2022-12-21,1.1,20221221,21,9.1,232,93.6,3.4,0.0,0.0,12,2022,-0.1
355,-9.0,-0.4,2022-12-22,3.0,20221222,22,5.3,232,69.1,0.3,0.0,4.3,12,2022,-5.5
356,-10.9,-7.0,2022-12-23,2.5,20221223,23,7.3,232,77.0,5.6,0.0,1.5,12,2022,-9.5
357,-18.1,-4.6,2022-12-24,0.6,20221224,24,4.6,232,76.3,0.0,0.0,9.0,12,2022,-11.7
358,-16.6,0.4,2022-12-25,0.7,20221225,25,3.4,232,81.3,0.0,0.0,9.0,12,2022,-8.5
359,-13.6,0.7,2022-12-26,0.4,20221226,26,3.4,232,83.5,0.0,0.0,7.8,12,2022,-7.3
360,-13.3,3.4,2022-12-27,0.5,20221227,27,2.6,232,82.5,0.0,0.0,8.8,12,2022,-5.6
361,-9.1,1.1,2022-12-28,1.0,20221228,28,0.0,232,76.1,0.1,0.0,6.3,12,2022,-4.2
362,-12.6,1.7,2022-12-29,0.5,20221229,29,3.5,232,72.3,0.0,0.0,6.7,12,2022,-5.5
363,-7.5,2.6,2022-12-30,0.7,20221230,30,3.9,232,79.0,0.2,0.0,5.0,12,2022,-2.9
364,-9.8,4.3,2022-12-31,0.4,20221231,31,3.9,232,85.4,0.0,0.0,2.3,12,2022,-3.9
