,rainfall,tmin,wind,snow,sunshine,humid,year,Date,tmax,date,tavg,cloud,month,day,station_id
0,5.0,-8.9,2.5,6.5,4.0,81.9,2013,2013-01-01,4.5,20130101,-3.0,7.0,1,1,232
1,0.1,-13.6,3.3,0.2,8.6,51.9,2013,2013-01-02,-1.0,20130102,-9.1,1.6,1,2,232
2,0.0,-18.3,2.3,0.0,8.6,53.6,2013,2013-01-03,-7.1,20130103,-12.4,0.0,1,3,232
3,0.0,-19.2,0.9,0.0,8.7,61.0,2013,2013-01-04,-4.4,20130104,-12.5,0.0,1,4,232
4,0.0,-17.3,1.3,0.0,7.1,74.0,2013,2013-01-05,0.9,20130105,-8.5,2.8,1,5,232
5,0.0,-12.5,1.3,0.0,7.5,69.1,2013,2013-01-06,-1.6,20130106,-7.4,2.0,1,6,232
6,0.0,-13.6,1.1,0.0,5.6,67.3,2013,2013-01-07,0.6,20130107,-7.0,3.1,1,7,232
7,0.0,-11.8,1.5,0.0,7.9,69.9,2013,2013-01-08,0.7,20130108,-6.0,1.3,1,8,232
8,0.0,-13.3,2.8,0.0,8.4,55.8,2013,2013-01-09,-4.6,20130109,-7.8,1.5,1,9,232
9,0.0,-16.0,1.3,0.0,8.9,54.5,2013,2013-01-10,-2.5,20130110,-9.8,0.0,1,10,232
10,0.0,-13.7,1.5,0.0,7.5,58.5,2013,2013-01-11,2.5,20130111,-5.3,2.8,1,11,232
11,0.1,-6.8,1.8,0.1,1.9,70.1,2013,2013-01-12,5.0,20130112,-0.7,5.5,1,12,232
12,0.0,-6.3,0.8,0.0,0.0,82.5,2013,2013-01-13,3.1,20130113,-2.5,6.8,1,13,232
13,0.0,-9.2,1.8,0.0,4.2,74.8,2013,2013-01-14,3.4,20130114,-3.3,1.8,1,14,232
14,0.0,-9.7,0.9,0.0,6.6,74.6,2013,2013-01-15,3.0,20130115,-3.6,3.9,1,15,232
15,0.8,-7.0,2.2,1.3,0.1,80.5,2013,2013-01-16,0.0,20130116,-2.2,8.8,1,16,232
16,0.0,-9.7,2.7,0.0,4.8,74.8,2013,2013-01-17,-2.0,20130117,-5.4,4.5,1,17,232
17,0.0,-13.2,1.3,0.0,9.2,71.4,2013,2013-01-18,1.4,20130118,-5.2,1.4,1,18,232
18,0.0,-7.0,1.4,0.0,6.7,73.6,2013,2013-01-19,5.2,20130119,-0.9,5.1,1,19,232
19,0.0,-5.3,1.5,0.0,2.8,65.9,2013,2013-01-20,6.0,20130120,1.4,7.6,1,20,232
20,21.0,2.2,2.0,0.0,0.2,85.6,2013,2013-01-21,5.1,20130121,3.7,10.0,1,21,232
21,0.5,1.5,1.5,0.0,0.0,93.8,2013,2013-01-22,3.9,20130122,2.5,10.0,1,22,232
22,0.4,0.3,1.4,0.0,0.0,92.1,2013,2013-01-23,3.3,20130123,1.9,9.5,1,23,232
23,0.5,-3.7,3.0,0.5,0.0,74.6,2013,2013-01-24,2.3,20130124,-0.2,6.5,1,24,232
24,0.0,-8.4,4.4,0.0,9.4,48.8,2013,2013-01-25,-3.6,20130125,-6.2,0.8,1,25,232
25,0.0,-11.2,3.1,0.0,9.7,50.4,2013,2013-01-26,-3.5,20130126,-7.1,0.1,1,26,232
26,0.1,-11.1,2.3,0.4,7.5,68.9,2013,2013-01-27,-1.9,20130127,-6.6,3.3,1,27,232
27,0.0,-10.7,1.5,0.0,4.7,69.4,2013,2013-01-28,2.8,20130128,-2.5,4.1,1,28,232
28,0.0,-2.1,2.1,0.0,0.4,72.3,2013,2013-01-29,6.8,20130129,2.8,7.9,1,29,232
29,0.0,-1.5,1.2,0.0,7.3,75.5,2013,2013-01-30,11.4,20130130,4.1,4.8,1,30,232
30,0.0,-1.3,2.0,0.0,7.5,62.5,2013,2013-01-31,13.7,20130131,6.5,5.3,1,31,232
31,23.5,4.9,2.7,0.0,0.1,89.1,2013,2013-02-01,10.4,20130201,8.1,9.8,2,1,232
32,0.0,-4.3,4.0,0.0,8.9,67.1,2013,2013-02-02,4.9,20130202,-0.2,1.4,2,2,232
33,1.1,-5.9,1.4,1.4,0.0,64.9,2013,2013-02-03,0.7,20130203,-1.9,7.8,2,3,232
34,4.6,-3.7,2.9,2.1,5.9,81.5,2013,2013-02-04,2.7,20130204,0.2,6.6,2,4,232
35,3.8,-5.4,1.3,1.3,0.1,86.0,2013,2013-02-05,2.8,20130205,-0.9,8.1,2,5,232
36,1.9,-2.3,3.0,3.9,0.3,86.8,2013,2013-02-06,0.3,20130206,-0.7,8.5,2,6,232
37,0.1,-12.6,5.3,0.3,8.5,54.5,2013,2013-02-07,-1.3,20130207,-8.6,4.1,2,7,232
38,0.0,-14.3,2.3,0.0,9.7,44.3,2013,2013-02-08,-5.6,20130208,-10.5,2.3,2,8,232
39,0.0,-14.1,1.3,0.0,9.8,68.4,2013,2013-02-09,-1.1,20130209,-8.0,4.1,2,9,232
40,0.1,-8.4,2.2,0.2,2.5,65.0,2013,2013-02-10,0.9,20130210,-3.3,5.6,2,10,232
41,0.0,-11.8,1.7,0.0,9.7,46.9,2013,2013-02-11,-0.5,20130211,-5.2,2.9,2,11,232
42,0.0,-5.8,1.9,0.0,1.0,67.9,2013,2013-02-12,-0.4,20130212,-3.7,7.6,2,12,232
43,0.0,-8.3,1.3,0.0,9.4,68.1,2013,2013-02-13,3.3,20130213,-1.7,3.0,2,13,232
44,0.0,-5.0,1.3,0.0,8.2,67.5,2013,2013-02-14,6.1,20130214,0.4,6.3,2,14,232
45,0.0,-3.6,4.0,0.0,9.3,52.3,2013,2013-02-15,3.5,20130215,-0.1,2.4,2,15,232
46,0.0,-8.9,1.3,0.0,10.3,46.6,2013,2013-02-16,3.4,20130216,-2.7,2.0,2,16,232
47,0.0,-3.2,1.9,0.0,2.3,42.1,2013,2013-02-17,5.3,20130217,2.0,8.6,2,17,232
48,0.0,-1.2,3.7,0.0,3.6,53.5,2013,2013-02-18,4.0,20130218,1.4,7.8,2,18,232
49,0.0,-4.0,4.4,0.0,8.5,36.9,2013,2013-02-19,2.3,20130219,-1.6,2.3,2,19,232
50,0.0,-9.3,2.4,0.0,9.8,37.8,2013,2013-02-20,1.2,20130220,-3.4,1.6,2,20,232
51,0.0,-7.1,1.8,0.0,10.1,56.5,2013,2013-02-21,3.8,20130221,-1.7,1.6,2,21,232
52,0.1,-5.3,3.0,0.3,4.3,58.9,2013,2013-02-22,6.5,20130222,1.0,5.3,2,22,232
53,0.0,-7.0,2.7,0.0,10.4,49.9,2013,2013-02-23,4.0,20130223,-0.7,0.0,2,23,232
54,0.0,-5.8,1.5,0.0,8.2,56.3,2013,2013-02-24,6.4,20130224,0.3,3.0,2,24,232
55,0.0,-5.3,0.8,0.0,2.0,49.5,2013,2013-02-25,8.6,20130225,1.2,5.5,2,25,232
56,0.0,-0.7,1.9,0.0,0.4,53.8,2013,2013-02-26,9.5,20130226,5.1,9.4,2,26,232
57,0.0,-1.3,2.4,0.0,7.3,74.5,2013,2013-02-27,9.5,20130227,4.0,4.6,2,27,232
58,0.0,-3.2,2.2,0.0,8.0,51.9,2013,2013-02-28,17.5,20130228,6.9,4.1,2,28,232
59,6.0,-1.4,5.1,0.0,8.0,65.5,2013,2013-03-01,8.5,20130301,1.4,6.0,3,1,232
60,0.0,-3.0,3.5,0.0,10.4,51.5,2013,2013-03-02,2.7,20130302,-0.8,2.4,3,2,232
61,0.0,-5.9,1.9,0.0,10.4,66.0,2013,2013-03-03,5.5,20130303,-0.4,0.4,3,3,232
62,0.0,-3.1,3.1,0.0,7.7,60.6,2013,2013-03-04,9.7,20130304,2.6,2.0,3,4,232
63,0.0,-4.4,1.6,0.0,10.8,57.5,2013,2013-03-05,12.1,20130305,3.2,0.0,3,5,232
64,0.0,-2.2,2.5,0.0,8.4,41.8,2013,2013-03-06,17.3,20130306,8.5,1.8,3,6,232
65,0.5,4.2,3.0,0.0,4.2,66.3,2013,2013-03-07,14.2,20130307,10.3,6.3,3,7,232
66,0.0,2.9,2.8,0.0,6.8,65.8,2013,2013-03-08,16.5,20130308,9.0,3.0,3,8,232
67,0.0,1.9,4.0,0.0,9.9,49.0,2013,2013-03-09,26.7,20130309,15.5,1.1,3,9,232
68,0.0,-0.7,5.1,0.0,11.0,42.1,2013,2013-03-10,9.1,20130310,2.0,1.0,3,10,232
69,0.0,-5.8,1.7,0.0,11.1,47.9,2013,2013-03-11,14.1,20130311,3.2,0.0,3,11,232
70,1.5,-1.9,1.7,0.0,5.6,59.8,2013,2013-03-12,16.0,20130312,7.9,5.4,3,12,232
71,13.0,0.6,4.3,0.0,2.1,74.4,2013,2013-03-13,9.5,20130313,4.7,7.4,3,13,232
72,0.0,-2.1,1.6,0.0,10.1,59.4,2013,2013-03-14,10.8,20130314,3.6,2.3,3,14,232
73,0.0,-3.9,1.7,0.0,10.8,55.5,2013,2013-03-15,11.7,20130315,3.6,0.8,3,15,232
74,0.0,-2.4,1.7,0.0,10.5,56.3,2013,2013-03-16,12.8,20130316,5.1,1.9,3,16,232
75,7.5,-1.5,2.4,0.0,7.8,62.5,2013,2013-03-17,18.2,20130317,7.9,6.4,3,17,232
76,9.5,6.3,2.3,0.0,2.4,83.5,2013,2013-03-18,13.4,20130318,8.7,9.3,3,18,232
77,0.0,2.8,1.3,0.0,1.3,77.9,2013,2013-03-19,12.5,20130319,9.1,7.6,3,19,232
78,0.5,-1.4,4.5,0.0,4.5,68.6,2013,2013-03-20,10.2,20130320,3.6,5.9,3,20,232
79,0.0,-5.1,1.6,0.0,11.2,49.1,2013,2013-03-21,9.5,20130321,1.4,0.0,3,21,232
80,0.0,-2.1,2.1,0.0,4.1,71.0,2013,2013-03-22,8.4,20130322,3.5,6.4,3,22,232
81,0.0,-1.8,1.7,0.0,10.2,53.0,2013,2013-03-23,15.6,20130323,5.3,3.0,3,23,232
82,0.0,-1.4,3.1,0.0,10.0,63.0,2013,2013-03-24,9.6,20130324,3.9,3.1,3,24,232
83,0.0,-2.8,3.4,0.0,11.7,56.5,2013,2013-03-25,6.4,20130325,2.3,1.1,3,25,232
84,0.0,-3.8,1.5,0.0,10.5,51.1,2013,2013-03-26,12.0,20130326,3.8,4.0,3,26,232
85,0.0,-2.4,1.9,0.0,11.2,50.1,2013,2013-03-27,17.6,20130327,6.6,0.6,3,27,232
86,0.0,-0.7,2.2,0.0,4.5,58.0,2013,2013-03-28,13.6,20130328,6.2,6.5,3,28,232
87,0.0,-0.5,3.2,0.0,11.4,40.9,2013,2013-03-29,10.8,20130329,5.2,2.4,3,29,232
88,1.5,0.6,1.9,0.0,4.3,66.1,2013,2013-03-30,11.7,20130330,3.9,8.6,3,30,232
89,0.0,1.3,2.0,0.0,10.3,60.3,2013,2013-03-31,13.0,20130331,6.0,2.8,3,31,232
90,0.0,-1.4,2.0,0.0,6.9,55.0,2013,2013-04-01,17.3,20130401,8.5,5.9,4,1,232
91,0.5,5.5,2.9,0.0,0.1,81.5,2013,2013-04-02,9.0,20130402,6.8,9.4,4,2,232
92,0.0,-0.2,2.0,0.0,10.2,60.0,2013,2013-04-03,16.9,20130403,8.3,3.9,4,3,232
93,0.0,1.7,1.4,0.0,10.6,50.9,2013,2013-04-04,21.5,20130404,11.0,2.1,4,4,232
94,0.0,4.9,2.3,0.0,7.4,48.6,2013,2013-04-05,23.5,20130405,14.0,6.4,4,5,232
95,15.0,3.7,4.2,0.0,0.0,88.6,2013,2013-04-06,11.8,20130406,7.2,10.0,4,6,232
96,2.5,0.1,4.7,0.0,8.6,67.8,2013,2013-04-07,8.4,20130407,4.5,4.6,4,7,232
97,0.0,-1.3,3.0,0.0,8.5,55.8,2013,2013-04-08,16.3,20130408,7.6,4.1,4,8,232
98,0.0,2.8,5.4,0.0,11.2,43.8,2013,2013-04-09,12.3,20130409,7.2,3.3,4,9,232
99,0.0,0.7,3.5,0.0,9.3,54.1,2013,2013-04-10,10.2,20130410,5.3,4.5,4,10,232
100,0.5,0.2,4.1,0.0,11.5,51.4,2013,2013-04-11,11.5,20130411,5.9,1.9,4,11,232
101,0.0,-2.0,2.7,0.0,12.1,50.0,2013,2013-04-12,12.5,20130412,5.8,0.1,4,12,232
102,0.0,0.7,3.7,0.0,11.5,34.3,2013,2013-04-13,21.4,20130413,12.8,0.8,4,13,232
103,2.0,2.8,4.5,0.0,8.5,48.5,2013,2013-04-14,16.9,20130414,9.1,3.8,4,14,232
104,0.0,-0.9,1.8,0.0,2.9,45.9,2013,2013-04-15,9.1,20130415,5.7,4.5,4,15,232
105,0.0,4.5,4.0,0.0,8.8,50.6,2013,2013-04-16,27.1,20130416,16.9,5.4,4,16,232
106,0.3,9.7,2.5,0.0,3.8,76.5,2013,2013-04-17,19.3,20130417,13.2,7.5,4,17,232
107,0.0,6.4,3.7,0.0,6.2,49.5,2013,2013-04-18,16.0,20130418,11.8,4.1,4,18,232
108,0.0,2.7,2.2,0.0,11.2,38.8,2013,2013-04-19,16.1,20130419,9.4,3.9,4,19,232
109,13.0,3.1,1.9,0.0,0.1,81.3,2013,2013-04-20,8.6,20130420,5.5,9.8,4,20,232
110,0.0,1.6,2.8,0.0,9.6,63.5,2013,2013-04-21,14.5,20130421,8.2,3.1,4,21,232
111,0.0,1.6,1.8,0.0,10.5,49.6,2013,2013-04-22,18.9,20130422,10.6,3.1,4,22,232
112,9.0,8.0,1.8,0.0,0.3,74.3,2013,2013-04-23,12.6,20130423,10.4,10.0,4,23,232
113,1.5,7.2,3.5,0.0,11.0,71.4,2013,2013-04-24,18.1,20130424,12.7,2.6,4,24,232
114,3.5,5.9,2.9,0.0,3.0,84.8,2013,2013-04-25,14.3,20130425,8.9,7.6,4,25,232
115,0.0,4.5,3.7,0.0,12.1,56.5,2013,2013-04-26,17.7,20130426,11.1,1.5,4,26,232
116,0.0,2.7,2.3,0.0,9.2,59.1,2013,2013-04-27,18.2,20130427,11.0,4.3,4,27,232
117,0.0,9.5,2.8,0.0,9.5,51.9,2013,2013-04-28,24.9,20130428,17.0,5.0,4,28,232
118,8.5,6.9,3.2,0.0,6.3,64.8,2013,2013-04-29,18.8,20130429,14.8,5.6,4,29,232
119,0.0,4.5,2.8,0.0,12.4,49.5,2013,2013-04-30,20.4,20130430,12.7,0.8,4,30,232
120,0.0,4.9,2.1,0.0,12.2,57.3,2013,2013-05-01,19.2,20130501,12.1,1.3,5,1,232
121,0.0,5.0,2.4,0.0,11.8,62.1,2013,2013-05-02,19.0,20130502,12.6,1.4,5,2,232
122,0.0,5.5,2.4,0.0,5.1,64.8,2013,2013-05-03,19.6,20130503,12.2,4.9,5,3,232
123,0.0,5.6,2.4,0.0,12.2,59.3,2013,2013-05-04,20.9,20130504,13.4,0.1,5,4,232
124,0.0,5.7,2.2,0.0,12.5,53.1,2013,2013-05-05,22.1,20130505,13.8,0.0,5,5,232
125,0.0,5.4,1.8,0.0,12.0,53.3,2013,2013-05-06,24.0,20130506,14.7,0.0,5,6,232
126,0.0,7.9,1.8,0.0,11.0,52.0,2013,2013-05-07,27.7,20130507,17.5,0.3,5,7,232
127,0.0,9.0,1.5,0.0,11.8,48.5,2013,2013-05-08,28.2,20130508,17.9,2.8,5,8,232
128,7.5,9.6,1.3,0.0,3.0,69.5,2013,2013-05-09,23.3,20130509,16.7,8.8,5,9,232
129,16.5,10.7,2.2,0.0,0.5,88.8,2013,2013-05-10,18.3,20130510,15.2,8.9,5,10,232
130,0.0,10.5,2.1,0.0,11.0,61.5,2013,2013-05-11,26.8,20130511,18.1,2.5,5,11,232
131,0.0,14.6,3.5,0.0,11.7,56.1,2013,2013-05-12,27.0,20130512,21.2,0.0,5,12,232
132,0.0,15.8,2.1,0.0,12.0,47.6,2013,2013-05-13,30.2,20130513,22.2,0.1,5,13,232
133,0.0,11.3,1.6,0.0,8.7,52.9,2013,2013-05-14,27.8,20130514,19.6,5.8,5,14,232
134,0.0,14.3,2.1,0.0,10.1,67.9,2013,2013-05-15,24.8,20130515,18.7,5.4,5,15,232
135,0.0,14.1,3.1,0.0,12.8,46.9,2013,2013-05-16,27.9,20130516,20.9,0.3,5,16,232
136,0.0,11.6,3.0,0.0,13.1,49.4,2013,2013-05-17,25.9,20130517,18.1,3.3,5,17,232
137,8.5,11.9,1.4,0.0,2.1,65.9,2013,2013-05-18,24.7,20130518,17.8,8.4,5,18,232
138,20.5,14.9,1.5,0.0,0.0,87.8,2013,2013-05-19,19.5,20130519,16.9,9.3,5,19,232
139,0.0,11.3,2.2,0.0,5.2,83.0,2013,2013-05-20,20.9,20130520,15.4,4.9,5,20,232
140,0.0,8.4,1.7,0.0,10.8,63.5,2013,2013-05-21,26.1,20130521,17.4,2.5,5,21,232
141,0.0,11.6,1.8,0.0,7.3,63.0,2013,2013-05-22,28.5,20130522,19.6,2.1,5,22,232
142,0.0,13.6,1.3,0.0,11.4,65.9,2013,2013-05-23,30.4,20130523,21.5,0.0,5,23,232
143,0.0,15.7,1.6,0.0,9.1,65.5,2013,2013-05-24,28.7,20130524,21.0,3.0,5,24,232
144,0.0,14.8,1.3,0.0,11.1,55.3,2013,2013-05-25,32.1,20130525,23.3,4.5,5,25,232
145,0.0,18.8,1.6,0.0,5.8,54.6,2013,2013-05-26,29.9,20130526,23.4,8.6,5,26,232
146,56.5,18.4,2.8,0.0,0.0,85.8,2013,2013-05-27,21.2,20130527,19.6,10.0,5,27,232
147,14.0,18.1,2.1,0.0,0.0,89.5,2013,2013-05-28,22.8,20130528,19.9,10.0,5,28,232
148,0.0,14.1,1.6,0.0,0.0,89.1,2013,2013-05-29,18.8,20130529,17.3,9.3,5,29,232
149,0.0,12.1,1.7,0.0,10.4,71.8,2013,2013-05-30,26.7,20130530,19.0,2.5,5,30,232
150,0.0,11.2,1.2,0.0,8.4,57.4,2013,2013-05-31,28.0,20130531,19.6,6.6,5,31,232
151,0.0,14.1,1.7,0.0,6.0,62.0,2013,2013-06-01,25.4,20130601,19.2,5.8,6,1,232
152,0.0,10.8,1.2,0.0,12.6,60.9,2013,2013-06-02,30.7,20130602,20.9,0.0,6,2,232
153,0.0,16.0,2.0,0.0,9.1,72.9,2013,2013-06-03,28.2,20130603,20.8,0.9,6,3,232
154,0.0,15.3,1.8,0.0,10.9,64.4,2013,2013-06-04,29.8,20130604,22.7,1.8,6,4,232
155,0.0,17.0,1.4,0.0,9.4,62.1,2013,2013-06-05,32.1,20130605,23.5,1.1,6,5,232
156,0.0,17.8,1.5,0.0,9.4,63.6,2013,2013-06-06,30.7,20130606,23.6,1.5,6,6,232
157,0.0,18.7,1.9,0.0,11.9,60.4,2013,2013-06-07,31.9,20130607,24.5,1.1,6,7,232
158,0.0,17.5,1.8,0.0,4.9,63.3,2013,2013-06-08,29.6,20130608,23.5,6.9,6,8,232
159,0.0,17.1,3.0,0.0,13.7,51.4,2013,2013-06-09,30.8,20130609,24.6,2.3,6,9,232
160,0.0,17.7,2.6,0.0,13.6,50.0,2013,2013-06-10,31.1,20130610,25.2,0.9,6,10,232
161,0.5,20.7,2.7,0.0,0.4,64.3,2013,2013-06-11,27.2,20130611,22.7,9.0,6,11,232
162,0.0,19.3,1.5,0.0,2.5,76.1,2013,2013-06-13,27.7,20130613,22.5,9.5,6,13,232
163,3.0,19.3,1.0,0.0,5.3,78.0,2013,2013-06-14,29.9,20130614,23.7,8.5,6,14,232
164,0.1,20.2,1.8,0.0,6.3,76.4,2013,2013-06-15,29.1,20130615,23.6,5.1,6,15,232
165,0.0,17.8,1.8,0.0,8.1,78.1,2013,2013-06-16,28.9,20130616,22.6,5.0,6,16,232
166,2.5,19.0,1.3,0.0,4.8,78.3,2013,2013-06-17,28.3,20130617,23.8,9.0,6,17,232
167,82.0,21.6,1.0,0.0,0.0,93.1,2013,2013-06-18,23.4,20130618,22.6,10.0,6,18,232
168,2.5,20.7,1.3,0.0,9.4,83.0,2013,2013-06-19,29.4,20130619,24.3,6.9,6,19,232
169,0.0,19.2,1.5,0.0,11.9,66.3,2013,2013-06-20,32.1,20130620,25.3,5.3,6,20,232
170,0.0,20.6,1.8,0.0,5.8,65.8,2013,2013-06-21,30.5,20130621,25.0,7.1,6,21,232
171,0.0,20.9,1.7,0.0,5.1,75.8,2013,2013-06-22,31.1,20130622,24.7,7.8,6,22,232
172,0.0,20.2,1.6,0.0,0.5,75.8,2013,2013-06-23,26.6,20130623,22.5,9.3,6,23,232
173,0.0,18.6,1.8,0.0,9.6,72.9,2013,2013-06-24,28.5,20130624,23.2,6.8,6,24,232
174,4.0,19.1,1.6,0.0,4.3,76.0,2013,2013-06-25,30.1,20130625,23.6,8.5,6,25,232
175,3.5,19.3,1.4,0.0,9.6,78.9,2013,2013-06-26,30.1,20130626,23.4,5.8,6,26,232
176,1.0,19.9,1.7,0.0,10.4,77.9,2013,2013-06-27,31.3,20130627,24.5,4.3,6,27,232
177,0.0,21.0,1.7,0.0,8.9,71.6,2013,2013-06-28,31.7,20130628,24.5,4.5,6,28,232
178,0.0,18.4,1.2,0.0,10.8,69.6,2013,2013-06-29,32.1,20130629,25.4,1.4,6,29,232
179,0.0,20.7,1.7,0.0,11.4,67.0,2013,2013-06-30,32.4,20130630,26.5,1.5,6,30,232
180,0.0,21.5,1.6,0.0,8.0,69.6,2013,2013-07-01,32.6,20130701,26.3,6.3,7,1,232
181,4.5,23.6,3.3,0.0,0.1,81.3,2013,2013-07-02,30.8,20130702,26.4,9.8,7,2,232
182,0.1,20.7,2.1,0.0,12.1,74.1,2013,2013-07-03,31.6,20130703,26.5,5.6,7,3,232
183,2.0,23.0,1.6,0.0,0.0,89.3,2013,2013-07-04,27.1,20130704,25.4,9.9,7,4,232
184,23.0,22.1,1.1,0.0,2.7,90.1,2013,2013-07-05,27.1,20130705,24.3,8.1,7,5,232
185,0.0,21.9,1.4,0.0,9.7,78.9,2013,2013-07-06,32.3,20130706,26.2,5.6,7,6,232
186,0.5,23.1,1.7,0.0,0.3,88.5,2013,2013-07-07,27.0,20130707,25.1,9.3,7,7,232
187,33.0,24.2,2.5,0.0,0.0,89.4,2013,2013-07-08,27.1,20130708,25.9,9.5,7,8,232
188,0.5,24.4,1.4,0.0,2.0,86.6,2013,2013-07-09,30.6,20130709,26.8,8.8,7,9,232
189,0.0,24.8,2.1,0.0,3.7,81.5,2013,2013-07-10,31.7,20130710,27.7,7.5,7,10,232
190,0.0,24.7,1.8,0.0,0.4,79.0,2013,2013-07-11,30.9,20130711,27.4,9.0,7,11,232
191,0.1,24.3,1.5,0.0,0.8,81.1,2013,2013-07-12,27.5,20130712,26.0,9.6,7,12,232
192,1.0,24.3,1.2,0.0,1.5,85.4,2013,2013-07-13,30.9,20130713,26.9,9.5,7,13,232
193,39.0,21.7,1.9,0.0,0.1,89.6,2013,2013-07-14,28.3,20130714,25.1,9.8,7,14,232
194,0.5,23.3,1.6,0.0,2.0,82.6,2013,2013-07-15,32.5,20130715,27.7,8.6,7,15,232
195,0.0,24.3,3.1,0.0,9.6,68.1,2013,2013-07-16,32.3,20130716,28.2,6.1,7,16,232
196,65.5,23.6,1.7,0.0,0.0,92.3,2013,2013-07-17,27.4,20130717,25.0,10.0,7,17,232
197,0.0,23.7,1.3,0.0,6.6,83.4,2013,2013-07-18,31.5,20130718,26.8,7.5,7,18,232
198,0.0,22.5,1.8,0.0,10.6,81.0,2013,2013-07-19,32.5,20130719,27.2,5.8,7,19,232
199,0.0,24.1,2.3,0.0,9.5,72.0,2013,2013-07-20,32.6,20130720,28.0,5.0,7,20,232
200,0.0,25.8,2.4,0.0,5.4,78.9,2013,2013-07-21,32.0,20130721,28.0,8.0,7,21,232
201,2.5,25.3,1.5,0.0,5.5,80.6,2013,2013-07-22,32.0,20130722,28.2,8.4,7,22,232
202,59.0,24.6,2.2,0.0,0.0,88.1,2013,2013-07-23,28.6,20130723,26.7,9.9,7,23,232
203,8.5,22.1,2.9,0.0,2.6,85.3,2013,2013-07-24,29.4,20130724,26.2,6.9,7,24,232
204,0.0,21.0,1.8,0.0,10.4,79.0,2013,2013-07-25,31.9,20130725,26.6,4.6,7,25,232
205,0.0,22.5,1.8,0.0,9.6,77.0,2013,2013-07-26,31.4,20130726,26.6,3.6,7,26,232
206,0.0,20.9,1.0,0.0,4.7,84.9,2013,2013-07-27,31.2,20130727,25.7,7.5,7,27,232
207,10.0,23.5,2.0,0.0,0.0,89.9,2013,2013-07-28,28.8,20130728,26.0,10.0,7,28,232
208,0.5,24.2,1.9,0.0,6.7,86.6,2013,2013-07-29,31.9,20130729,27.6,6.6,7,29,232
209,3.5,22.3,2.0,0.0,4.7,89.0,2013,2013-07-30,31.1,20130730,25.6,7.5,7,30,232
210,54.5,23.6,2.1,0.0,7.6,83.5,2013,2013-07-31,31.8,20130731,27.2,7.3,7,31,232
211,0.0,22.3,1.2,0.0,9.1,80.4,2013,2013-08-01,33.7,20130801,28.1,3.8,8,1,232
212,0.3,26.1,1.7,0.0,6.4,80.8,2013,2013-08-02,34.3,20130802,28.9,6.3,8,2,232
213,36.0,24.1,2.0,0.0,6.0,87.6,2013,2013-08-03,32.9,20130803,27.2,7.6,8,3,232
214,8.5,24.8,1.1,0.0,5.0,88.5,2013,2013-08-04,32.1,20130804,27.1,8.0,8,4,232
215,2.0,23.9,1.8,0.0,7.2,87.9,2013,2013-08-05,32.4,20130805,27.3,7.1,8,5,232
216,10.0,23.7,2.3,0.0,3.1,87.5,2013,2013-08-06,32.1,20130806,27.2,5.5,8,6,232
217,0.0,24.2,1.7,0.0,8.6,84.8,2013,2013-08-07,35.5,20130807,29.1,5.5,8,7,232
218,0.0,25.1,1.7,0.0,11.5,80.3,2013,2013-08-08,35.4,20130808,29.7,2.9,8,8,232
219,0.0,25.7,2.0,0.0,8.3,82.1,2013,2013-08-09,34.4,20130809,29.9,4.0,8,9,232
220,14.5,23.9,1.7,0.0,2.1,91.0,2013,2013-08-10,32.9,20130810,26.4,7.5,8,10,232
221,0.0,24.0,1.3,0.0,8.5,81.9,2013,2013-08-11,35.3,20130811,28.2,5.0,8,11,232
222,0.0,23.6,1.5,0.0,10.8,79.8,2013,2013-08-12,34.3,20130812,28.4,3.4,8,12,232
223,0.0,24.0,1.3,0.0,12.0,78.0,2013,2013-08-13,34.0,20130813,28.3,2.0,8,13,232
224,0.0,23.1,1.3,0.0,11.8,77.5,2013,2013-08-14,34.4,20130814,28.0,2.5,8,14,232
225,0.0,23.3,1.8,0.0,10.9,80.8,2013,2013-08-15,34.7,20130815,28.2,3.8,8,15,232
226,0.0,23.8,1.8,0.0,11.7,77.8,2013,2013-08-16,33.6,20130816,27.8,5.1,8,16,232
227,0.0,23.7,2.0,0.0,10.3,79.9,2013,2013-08-17,32.9,20130817,27.7,5.0,8,17,232
228,0.2,24.0,2.1,0.0,9.8,79.9,2013,2013-08-18,33.6,20130818,28.2,5.4,8,18,232
229,0.0,23.1,1.8,0.0,8.7,80.3,2013,2013-08-19,32.7,20130819,27.8,4.1,8,19,232
230,0.0,19.8,1.4,0.0,11.7,72.6,2013,2013-08-20,33.2,20130820,26.1,1.4,8,20,232
231,0.5,21.5,1.3,0.0,7.6,83.1,2013,2013-08-21,32.5,20130821,27.3,4.8,8,21,232
232,0.0,25.6,1.7,0.0,8.2,81.6,2013,2013-08-22,35.6,20130822,29.0,6.3,8,22,232
233,11.0,23.3,1.1,0.0,0.0,94.3,2013,2013-08-23,26.7,20130823,25.0,10.0,8,23,232
234,0.0,20.8,1.4,0.0,10.4,79.0,2013,2013-08-24,31.7,20130824,25.7,4.9,8,24,232
235,0.0,18.7,1.2,0.0,10.9,74.6,2013,2013-08-25,32.0,20130825,24.8,3.6,8,25,232
236,0.0,20.9,2.0,0.0,10.7,70.6,2013,2013-08-26,32.5,20130826,25.6,2.4,8,26,232
237,0.1,18.8,1.5,0.0,8.6,78.8,2013,2013-08-27,30.9,20130827,25.2,4.3,8,27,232
238,0.0,20.8,1.7,0.0,9.6,75.8,2013,2013-08-28,31.6,20130828,25.6,5.0,8,28,232
239,90.5,21.4,1.9,0.0,0.0,91.5,2013,2013-08-29,27.3,20130829,24.6,9.8,8,29,232
240,0.0,20.1,1.9,0.0,8.8,81.3,2013,2013-08-30,29.8,20130830,24.5,0.0,8,30,232
241,0.0,18.4,1.1,0.0,8.9,78.1,2013,2013-08-31,29.5,20130831,23.1,5.1,8,31,232
242,0.0,17.9,1.3,0.0,10.2,75.8,2013,2013-09-01,28.7,20130901,22.8,4.4,9,1,232
243,0.0,15.3,1.4,0.0,10.4,72.0,2013,2013-09-02,26.8,20130902,20.9,4.0,9,2,232
244,0.0,15.0,1.5,0.0,7.9,71.8,2013,2013-09-03,26.8,20130903,20.0,2.8,9,3,232
245,0.0,12.5,1.5,0.0,11.6,71.0,2013,2013-09-04,27.5,20130904,19.9,1.8,9,4,232
246,0.0,16.2,2.0,0.0,1.5,75.4,2013,2013-09-05,23.8,20130905,20.6,8.1,9,5,232
247,1.0,17.1,1.6,0.0,0.0,84.8,2013,2013-09-06,21.3,20130906,19.4,10.0,9,6,232
248,0.0,16.1,1.2,0.0,9.4,78.1,2013,2013-09-07,27.3,20130907,21.0,4.8,9,7,232
249,0.0,15.8,1.1,0.0,10.2,77.6,2013,2013-09-08,28.1,20130908,21.2,4.4,9,8,232
250,0.0,16.3,1.4,0.0,5.4,77.3,2013,2013-09-09,28.1,20130909,21.8,7.8,9,9,232
251,14.0,19.0,1.2,0.0,0.1,88.3,2013,2013-09-10,25.7,20130910,21.5,10.0,9,10,232
252,6.0,20.0,2.1,0.0,1.7,89.6,2013,2013-09-11,26.3,20130911,22.5,9.0,9,11,232
253,15.0,20.5,1.0,0.0,0.1,90.5,2013,2013-09-12,25.5,20130912,22.8,10.0,9,12,232
254,4.5,20.8,1.8,0.0,1.3,88.9,2013,2013-09-13,28.1,20130913,24.1,9.6,9,13,232
255,46.0,18.7,2.0,0.0,3.2,92.1,2013,2013-09-14,25.1,20130914,21.6,7.0,9,14,232
256,0.0,17.2,1.7,0.0,8.0,85.6,2013,2013-09-15,28.5,20130915,22.0,4.8,9,15,232
257,0.0,13.6,1.8,0.0,11.9,69.6,2013,2013-09-16,27.1,20130916,19.3,0.0,9,16,232
258,0.0,12.9,1.3,0.0,10.0,72.6,2013,2013-09-17,29.2,20130917,20.0,0.0,9,17,232
259,0.0,15.3,1.1,0.0,10.5,74.1,2013,2013-09-18,30.8,20130918,22.6,0.0,9,18,232
260,0.0,17.4,2.2,0.0,11.0,69.4,2013,2013-09-19,29.3,20130919,23.0,0.0,9,19,232
261,0.0,16.3,0.9,0.0,6.7,80.6,2013,2013-09-20,28.4,20130920,21.9,4.0,9,20,232
262,0.0,17.0,1.2,0.0,8.5,78.4,2013,2013-09-21,30.0,20130921,22.9,3.6,9,21,232
263,0.0,19.7,2.9,0.0,6.7,68.6,2013,2013-09-22,27.9,20130922,23.0,7.0,9,22,232
264,0.0,18.5,2.0,0.0,9.4,70.8,2013,2013-09-23,28.8,20130923,22.4,3.4,9,23,232
265,4.5,19.0,1.8,0.0,0.0,92.3,2013,2013-09-24,23.3,20130924,21.0,9.0,9,24,232
266,0.0,14.9,2.6,0.0,9.1,67.6,2013,2013-09-25,24.0,20130925,19.1,5.0,9,25,232
267,0.0,8.4,2.0,0.0,11.6,60.6,2013,2013-09-26,23.6,20130926,15.4,0.0,9,26,232
268,0.0,9.1,1.2,0.0,10.8,68.0,2013,2013-09-27,25.1,20130927,16.6,3.4,9,27,232
269,0.5,13.9,1.3,0.0,0.0,80.4,2013,2013-09-28,20.2,20130928,17.3,9.8,9,28,232
270,25.5,17.0,1.4,0.0,0.0,95.4,2013,2013-09-29,20.0,20130929,18.4,10.0,9,29,232
271,0.5,16.9,0.8,0.0,4.0,87.9,2013,2013-09-30,27.0,20130930,20.6,5.5,9,30,232
272,0.0,14.5,1.2,0.0,8.7,85.4,2013,2013-10-01,27.7,20131001,20.7,4.6,10,1,232
273,0.1,13.1,2.7,0.0,5.7,74.3,2013,2013-10-02,23.0,20131002,18.9,5.4,10,2,232
274,0.0,8.6,1.7,0.0,11.1,65.6,2013,2013-10-03,22.3,20131003,14.7,0.0,10,3,232
275,0.0,8.3,1.0,0.0,11.1,71.5,2013,2013-10-04,25.3,20131004,15.5,0.0,10,4,232
276,0.1,13.3,1.8,0.0,1.2,78.1,2013,2013-10-06,26.0,20131006,20.1,7.8,10,6,232
277,0.0,18.7,1.8,0.0,4.2,82.9,2013,2013-10-07,28.0,20131007,22.8,8.6,10,7,232
278,10.5,18.1,1.5,0.0,0.0,93.1,2013,2013-10-08,22.3,20131008,20.0,10.0,10,8,232
279,0.0,15.9,1.3,0.0,9.9,79.9,2013,2013-10-09,27.9,20131009,20.2,4.0,10,9,232
280,0.0,14.4,1.4,0.0,8.5,87.6,2013,2013-10-10,26.0,20131010,19.8,4.4,10,10,232
281,0.0,11.5,3.8,0.0,8.8,68.4,2013,2013-10-11,22.8,20131011,17.4,3.3,10,11,232
282,0.0,7.1,1.9,0.0,10.9,65.8,2013,2013-10-12,22.4,20131012,14.7,0.0,10,12,232
283,0.0,8.6,1.2,0.0,9.9,74.6,2013,2013-10-13,24.2,20131013,15.2,0.0,10,13,232
284,0.0,11.0,1.6,0.0,9.9,71.6,2013,2013-10-14,26.0,20131014,18.1,0.4,10,14,232
285,0.0,9.7,2.5,0.0,0.2,80.5,2013,2013-10-15,16.5,20131015,13.9,6.9,10,15,232
286,0.0,4.9,1.7,0.0,10.6,64.6,2013,2013-10-16,17.1,20131016,10.6,0.1,10,16,232
287,0.0,4.5,1.2,0.0,10.2,73.1,2013,2013-10-17,19.7,20131017,10.7,3.5,10,17,232
288,0.0,4.9,1.3,0.0,10.3,73.4,2013,2013-10-18,20.8,20131018,11.9,0.6,10,18,232
289,0.0,7.8,1.2,0.0,6.2,77.0,2013,2013-10-19,20.6,20131019,13.9,4.5,10,19,232
290,0.0,9.0,1.2,0.0,10.1,75.9,2013,2013-10-20,23.2,20131020,15.6,0.8,10,20,232
291,0.0,9.7,1.2,0.0,8.2,78.9,2013,2013-10-21,22.0,20131021,14.3,2.6,10,21,232
292,0.0,6.5,1.5,0.0,10.2,67.5,2013,2013-10-22,21.9,20131022,14.6,0.8,10,22,232
293,0.0,7.9,1.4,0.0,9.9,75.4,2013,2013-10-23,22.3,20131023,14.2,0.6,10,23,232
294,0.1,7.8,2.3,0.0,9.4,67.1,2013,2013-10-24,19.9,20131024,13.0,2.1,10,24,232
295,0.0,4.1,3.2,0.0,10.0,49.5,2013,2013-10-25,14.9,20131025,9.9,0.8,10,25,232
296,0.0,2.0,1.4,0.0,9.8,73.0,2013,2013-10-26,15.8,20131026,8.0,0.0,10,26,232
297,0.0,1.2,1.2,0.0,8.8,74.1,2013,2013-10-27,18.9,20131027,9.8,1.1,10,27,232
298,0.0,3.3,0.9,0.0,6.9,75.9,2013,2013-10-28,18.6,20131028,9.4,2.5,10,28,232
299,1.5,4.6,1.2,0.0,5.8,79.0,2013,2013-10-29,19.7,20131029,11.9,6.6,10,29,232
300,1.5,5.2,1.5,0.0,8.5,78.9,2013,2013-10-30,15.9,20131030,10.4,3.1,10,30,232
301,0.0,3.7,0.8,0.0,8.5,75.9,2013,2013-10-31,20.1,20131031,10.3,5.1,10,31,232
302,0.0,7.2,1.1,0.0,8.7,70.1,2013,2013-11-01,21.9,20131101,14.1,4.0,11,1,232
303,3.5,8.5,1.4,0.0,0.0,90.0,2013,2013-11-02,15.3,20131102,12.1,9.0,11,2,232
304,0.0,8.4,1.0,0.0,4.3,90.8,2013,2013-11-03,17.8,20131103,11.3,6.6,11,3,232
305,0.2,6.5,1.1,0.0,7.1,83.8,2013,2013-11-04,17.5,20131104,11.0,3.5,11,4,232
306,0.2,4.1,1.0,0.0,8.5,81.6,2013,2013-11-05,19.5,20131105,10.0,2.8,11,5,232
307,0.5,6.4,1.0,0.0,0.0,90.3,2013,2013-11-06,15.1,20131106,10.7,8.6,11,6,232
308,0.1,5.0,2.5,0.0,8.4,71.3,2013,2013-11-07,16.6,20131107,11.4,2.9,11,7,232
309,0.0,1.6,0.9,0.0,4.2,60.9,2013,2013-11-08,14.2,20131108,8.6,5.1,11,8,232
310,10.5,9.2,2.3,0.0,1.6,66.0,2013,2013-11-09,17.0,20131109,12.4,9.5,11,9,232
311,1.5,4.2,4.5,0.0,8.8,56.3,2013,2013-11-10,14.1,20131110,7.4,4.3,11,10,232
312,0.0,0.7,3.2,0.0,9.6,42.1,2013,2013-11-11,8.3,20131111,4.4,1.6,11,11,232
313,0.0,-2.5,2.3,0.0,9.6,54.9,2013,2013-11-12,9.8,20131112,3.6,0.4,11,12,232
314,0.0,-3.4,1.0,0.0,9.3,65.5,2013,2013-11-13,11.3,20131113,2.9,1.8,11,13,232
315,0.0,-1.2,1.4,0.0,0.2,69.3,2013,2013-11-14,9.6,20131114,5.3,8.6,11,14,232
316,0.5,2.5,1.5,0.0,6.5,76.9,2013,2013-11-15,14.5,20131115,7.8,4.0,11,15,232
317,0.2,-0.8,1.7,0.0,8.1,65.1,2013,2013-11-16,14.1,20131116,7.2,4.5,11,16,232
318,5.0,2.1,4.3,0.0,6.4,68.1,2013,2013-11-17,9.6,20131117,6.5,6.5,11,17,232
319,2.2,0.5,3.7,2.0,3.6,67.8,2013,2013-11-18,5.8,20131118,2.4,7.4,11,18,232
320,0.3,0.9,3.5,0.0,2.1,66.6,2013,2013-11-19,6.0,20131119,2.9,7.1,11,19,232
321,0.0,-2.2,2.2,0.0,7.9,66.9,2013,2013-11-20,6.9,20131120,2.0,4.3,11,20,232
322,0.0,-2.5,1.4,0.0,4.6,73.8,2013,2013-11-21,8.1,20131121,2.3,3.5,11,21,232
323,0.0,-3.2,1.0,0.0,7.8,80.0,2013,2013-11-22,10.9,20131122,3.5,1.8,11,22,232
324,0.0,-0.1,0.9,0.0,7.9,75.8,2013,2013-11-23,13.8,20131123,5.7,4.3,11,23,232
325,13.0,1.4,2.5,0.0,3.9,76.4,2013,2013-11-24,13.1,20131124,7.7,7.6,11,24,232
326,5.5,3.4,5.8,0.0,2.1,63.1,2013,2013-11-25,12.0,20131125,6.7,7.3,11,25,232
327,0.4,-2.7,1.6,0.0,5.4,78.9,2013,2013-11-26,5.4,20131126,1.9,3.6,11,26,232
328,14.3,-3.3,3.1,12.0,0.3,87.9,2013,2013-11-27,4.5,20131127,0.7,9.6,11,27,232
329,0.5,-7.4,1.2,0.8,7.8,84.3,2013,2013-11-28,0.2,20131128,-3.0,5.8,11,28,232
330,0.1,-4.3,1.2,0.2,6.8,84.3,2013,2013-11-29,5.8,20131129,0.3,3.0,11,29,232
331,0.0,-2.4,1.5,0.0,8.5,78.8,2013,2013-11-30,11.3,20131130,4.0,3.6,11,30,232
332,0.0,-1.2,1.5,0.0,7.3,81.8,2013,2013-12-01,8.9,20131201,3.0,1.6,12,1,232
333,0.0,-2.6,1.3,0.0,5.2,72.8,2013,2013-12-02,9.9,20131202,4.4,6.3,12,2,232
334,0.0,0.6,1.1,0.0,6.2,75.6,2013,2013-12-03,10.8,20131203,5.2,3.4,12,3,232
335,0.0,-1.6,0.9,0.0,7.4,86.9,2013,2013-12-04,11.0,20131204,3.4,2.5,12,4,232
336,0.0,-1.6,1.6,0.0,0.0,89.4,2013,2013-12-05,9.9,20131205,4.7,7.9,12,5,232
337,0.0,-2.0,1.9,0.0,8.6,57.8,2013,2013-12-06,8.5,20131206,2.5,1.0,12,6,232
338,0.0,0.0,1.2,0.0,4.0,68.4,2013,2013-12-07,10.3,20131207,4.7,4.9,12,7,232
339,0.0,0.9,1.4,0.0,7.8,74.5,2013,2013-12-08,12.7,20131208,5.8,2.8,12,8,232
340,14.0,3.4,3.0,0.0,0.0,81.6,2013,2013-12-09,7.5,20131209,5.5,9.9,12,9,232
341,0.0,-1.5,3.0,0.0,5.8,70.5,2013,2013-12-10,5.2,20131210,1.7,5.3,12,10,232
342,13.8,-2.9,2.5,18.2,0.2,91.4,2013,2013-12-11,1.7,20131211,-1.0,9.4,12,11,232
343,3.5,-10.3,2.5,1.0,3.7,82.1,2013,2013-12-12,5.3,20131212,-1.7,6.8,12,12,232
344,0.2,-8.5,2.2,0.7,8.0,68.3,2013,2013-12-13,-1.5,20131213,-4.9,3.5,12,13,232
345,0.6,-8.6,1.7,1.5,3.0,79.6,2013,2013-12-14,3.7,20131214,-2.1,4.8,12,14,232
346,0.0,-8.5,1.4,0.0,8.5,65.1,2013,2013-12-15,1.6,20131215,-3.6,0.4,12,15,232
347,0.0,-8.6,0.9,0.0,0.8,68.9,2013,2013-12-16,0.8,20131216,-3.7,7.5,12,16,232
348,0.0,-5.2,0.7,0.0,1.8,70.8,2013,2013-12-17,3.9,20131217,-0.9,8.9,12,17,232
349,0.1,-1.9,1.4,0.1,5.3,78.9,2013,2013-12-18,9.6,20131218,2.3,6.6,12,18,232
350,4.7,-4.7,3.8,7.2,3.9,80.9,2013,2013-12-19,0.9,20131219,-1.7,8.6,12,19,232
351,2.1,-6.7,1.6,5.2,0.0,78.6,2013,2013-12-20,-0.6,20131220,-3.1,8.3,12,20,232
352,0.0,-9.1,1.4,0.0,8.0,80.6,2013,2013-12-21,1.6,20131221,-3.4,1.3,12,21,232
353,0.0,-9.3,0.7,0.0,5.2,77.3,2013,2013-12-22,4.4,20131222,-2.4,5.8,12,22,232
354,0.0,-4.7,1.8,0.0,7.6,70.5,2013,2013-12-23,3.4,20131223,-0.5,2.8,12,23,232
355,0.0,-7.7,0.9,0.0,8.5,73.0,2013,2013-12-24,5.2,20131224,-2.6,0.0,12,24,232
356,0.0,-6.8,1.1,0.0,7.0,72.3,2013,2013-12-25,5.8,20131225,-0.4,4.9,12,25,232
357,1.0,-2.7,1.9,1.0,1.5,82.5,2013,2013-12-26,5.5,20131226,0.6,9.4,12,26,232
358,0.0,-5.9,4.1,0.0,8.0,55.0,2013,2013-12-27,-1.5,20131227,-3.9,1.1,12,27,232
359,0.0,-10.0,1.9,0.0,7.3,67.8,2013,2013-12-28,-1.1,20131228,-5.7,2.9,12,28,232
360,0.3,-9.3,0.8,0.8,5.9,78.4,2013,2013-12-29,2.9,20131229,-3.1,4.4,12,29,232
361,0.0,-4.7,1.5,0.0,6.0,74.5,2013,2013-12-30,7.6,20131230,1.1,2.3,12,30,232
362,0.0,-4.4,1.9,0.0,7.3,68.4,2013,2013-12-31,8.6,20131231,3.0,0.5,12,31,232
