,year,tmax,humid,rainfall,snow,Date,wind,month,date,sunshine,tavg,tmin,cloud,station_id,day
0,2010,-0.8,55.9,0.0,0.0,2010-01-01,1.5,1,20100101,7.6,-6.2,-13.4,2.3,232,1
1,2010,3.2,74.3,0.0,0.0,2010-01-02,3.4,1,20100102,0.0,-0.8,-4.0,7.6,232,2
2,2010,-1.2,55.4,0.0,0.0,2010-01-03,1.9,1,20100103,7.3,-4.0,-6.9,4.9,232,3
3,2010,-0.2,81.4,9.9,12.8,2010-01-04,2.6,1,20100104,0.0,-3.2,-5.2,9.6,232,4
4,2010,-2.8,77.3,3.7,6.5,2010-01-05,2.5,1,20100105,1.7,-6.7,-9.4,7.0,232,5
5,2010,-4.4,75.0,0.4,1.8,2010-01-06,1.4,1,20100106,7.3,-8.7,-13.7,5.3,232,6
6,2010,-3.8,71.6,0.1,0.3,2010-01-07,1.3,1,20100107,6.7,-9.5,-16.1,3.6,232,7
7,2010,-1.2,80.1,0.0,0.0,2010-01-08,1.0,1,20100108,7.8,-10.3,-17.7,0.0,232,8
8,2010,-2.1,85.6,0.1,0.1,2010-01-09,1.2,1,20100109,0.4,-6.9,-13.9,8.5,232,9
9,2010,0.9,84.6,0.0,0.0,2010-01-10,1.0,1,20100110,1.0,-5.3,-12.0,8.9,232,10
10,2010,0.0,79.8,0.0,0.0,2010-01-11,1.4,1,20100111,0.4,-4.3,-11.5,8.1,232,11
11,2010,-4.3,57.8,0.0,0.0,2010-01-12,2.5,1,20100112,7.0,-7.2,-11.5,2.9,232,12
12,2010,-7.3,73.3,1.0,2.0,2010-01-13,2.2,1,20100113,5.2,-11.2,-15.8,5.3,232,13
13,2010,-3.1,70.0,0.0,0.0,2010-01-14,1.3,1,20100114,6.9,-10.0,-19.5,3.5,232,14
14,2010,1.2,76.8,2.0,3.4,2010-01-15,1.6,1,20100115,2.8,-4.7,-12.1,4.5,232,15
15,2010,-0.8,72.8,0.0,0.0,2010-01-16,0.9,1,20100116,8.6,-9.7,-17.8,1.1,232,16
16,2010,3.2,72.6,0.0,0.0,2010-01-17,0.7,1,20100117,8.8,-7.3,-15.8,0.0,232,17
17,2010,4.4,76.6,0.0,0.0,2010-01-18,1.2,1,20100118,3.7,-2.9,-11.9,3.5,232,18
18,2010,7.7,69.0,0.0,0.0,2010-01-19,2.5,1,20100119,4.9,2.9,-6.1,7.0,232,19
19,2010,9.1,93.3,18.5,0.0,2010-01-20,2.2,1,20100120,0.0,6.5,3.9,10.0,232,20
20,2010,4.0,69.5,2.0,0.0,2010-01-21,4.9,1,20100121,7.2,-2.1,-4.6,3.8,232,21
21,2010,-0.9,57.9,0.0,0.0,2010-01-22,2.8,1,20100122,8.2,-4.6,-6.7,2.0,232,22
22,2010,0.0,72.1,0.0,0.1,2010-01-23,1.6,1,20100123,9.0,-4.2,-9.0,2.6,232,23
23,2010,4.9,71.8,0.0,0.0,2010-01-24,1.8,1,20100124,4.4,0.4,-5.1,6.0,232,24
24,2010,3.8,61.4,0.0,0.0,2010-01-25,3.7,1,20100125,7.5,-0.8,-5.1,2.5,232,25
25,2010,2.8,59.0,0.0,0.0,2010-01-26,1.8,1,20100126,9.2,-3.7,-10.1,0.0,232,26
26,2010,6.6,74.3,3.0,0.0,2010-01-27,2.4,1,20100127,3.1,0.9,-5.9,7.5,232,27
27,2010,5.9,71.0,0.0,0.0,2010-01-28,3.4,1,20100128,7.2,1.7,-1.7,4.1,232,28
28,2010,4.2,69.3,0.0,0.0,2010-01-29,2.1,1,20100129,2.5,-1.7,-6.4,2.5,232,29
29,2010,7.4,74.3,0.0,0.0,2010-01-30,1.5,1,20100130,3.6,0.6,-4.6,4.8,232,30
30,2010,8.5,83.6,0.0,0.0,2010-01-31,1.2,1,20100131,5.1,1.7,-3.0,5.1,232,31
31,2010,2.8,83.1,0.0,0.0,2010-02-01,2.5,2,20100201,0.0,1.2,-1.0,5.8,232,1
32,2010,-0.9,42.8,0.0,0.0,2010-02-02,3.5,2,20100202,7.7,-4.1,-7.7,1.9,232,2
33,2010,-3.8,49.6,0.0,0.0,2010-02-03,2.8,2,20100203,9.4,-7.2,-10.1,0.3,232,3
34,2010,1.5,61.9,0.2,0.3,2010-02-04,1.7,2,20100204,8.4,-3.7,-10.1,3.6,232,4
35,2010,0.3,54.4,0.0,0.0,2010-02-05,2.5,2,20100205,9.5,-3.9,-8.4,1.0,232,5
36,2010,1.8,59.0,0.0,0.0,2010-02-06,1.7,2,20100206,9.7,-4.7,-11.3,0.0,232,6
37,2010,8.0,45.1,0.0,0.0,2010-02-07,1.5,2,20100207,5.2,0.2,-10.3,5.5,232,7
38,2010,5.3,64.8,0.5,0.0,2010-02-08,1.6,2,20100208,0.0,3.9,2.6,10.0,232,8
39,2010,5.1,96.0,11.0,0.0,2010-02-09,1.0,2,20100209,0.0,4.2,3.1,10.0,232,9
40,2010,5.3,96.1,3.0,0.0,2010-02-10,1.3,2,20100210,0.0,3.7,2.1,10.0,232,10
41,2010,5.8,88.4,13.7,1.9,2010-02-11,1.7,2,20100211,0.0,2.0,0.4,9.5,232,11
42,2010,2.8,86.3,1.0,1.4,2010-02-12,1.5,2,20100212,0.7,1.0,-0.6,9.5,232,12
43,2010,1.7,70.4,0.2,0.6,2010-02-13,2.7,2,20100213,5.3,-1.3,-4.3,6.0,232,13
44,2010,0.9,70.3,0.0,0.0,2010-02-14,1.3,2,20100214,0.0,-1.9,-5.2,6.5,232,14
45,2010,1.9,60.5,0.0,0.0,2010-02-15,2.4,2,20100215,5.9,-2.2,-5.3,4.1,232,15
46,2010,0.9,58.1,0.0,0.0,2010-02-16,2.6,2,20100216,9.9,-3.4,-6.8,3.4,232,16
47,2010,1.8,60.3,0.7,1.0,2010-02-17,1.1,2,20100217,3.2,-2.0,-7.0,8.1,232,17
48,2010,0.2,63.0,1.1,1.8,2010-02-18,3.8,2,20100218,7.7,-2.1,-5.8,3.4,232,18
49,2010,4.4,63.3,0.0,0.0,2010-02-19,2.3,2,20100219,7.6,-0.7,-5.6,3.1,232,19
50,2010,10.1,66.5,0.0,0.0,2010-02-20,1.4,2,20100220,9.2,2.5,-3.9,0.5,232,20
51,2010,11.6,67.6,0.0,0.0,2010-02-21,2.0,2,20100221,8.7,3.4,-2.9,1.3,232,21
52,2010,12.7,72.8,0.0,0.0,2010-02-22,1.5,2,20100222,5.1,4.8,-1.7,4.4,232,22
53,2010,17.5,59.6,0.0,0.0,2010-02-23,2.2,2,20100223,9.8,6.7,-2.4,0.0,232,23
54,2010,19.8,59.8,0.0,0.0,2010-02-24,2.2,2,20100224,6.7,11.9,0.8,4.9,232,24
55,2010,15.9,88.8,16.0,0.0,2010-02-25,2.0,2,20100225,0.0,13.6,10.9,9.9,232,25
56,2010,16.8,88.5,0.0,0.0,2010-02-26,1.8,2,20100226,2.5,10.8,7.8,6.3,232,26
57,2010,11.6,78.9,3.0,0.0,2010-02-27,2.7,2,20100227,4.7,6.8,3.8,6.5,232,27
58,2010,12.3,78.1,0.0,0.0,2010-02-28,1.4,2,20100228,4.3,6.6,1.7,6.9,232,28
59,2010,7.2,83.8,18.5,0.0,2010-03-01,2.8,3,20100301,0.0,5.1,3.5,9.3,232,1
60,2010,6.1,82.9,0.1,0.0,2010-03-02,2.6,3,20100302,0.0,3.8,1.0,8.5,232,2
61,2010,11.4,64.6,0.0,0.0,2010-03-03,2.0,3,20100303,7.9,5.2,-2.1,5.9,232,3
62,2010,7.9,75.8,0.5,0.0,2010-03-04,2.2,3,20100304,0.0,6.7,5.2,10.0,232,4
63,2010,9.0,84.0,3.0,0.0,2010-03-05,1.7,3,20100305,0.0,6.4,4.9,10.0,232,5
64,2010,9.3,75.5,0.0,0.0,2010-03-06,2.3,3,20100306,1.0,5.9,3.0,9.4,232,6
65,2010,8.0,61.1,0.0,0.0,2010-03-07,3.0,3,20100307,1.5,5.4,3.2,7.8,232,7
66,2010,8.1,56.5,0.0,0.0,2010-03-08,3.2,3,20100308,5.3,4.2,-1.0,5.5,232,8
67,2010,4.7,84.6,9.0,5.2,2010-03-09,2.1,3,20100309,0.0,1.6,-2.2,10.0,232,9
68,2010,1.3,83.5,2.0,3.8,2010-03-10,3.3,3,20100310,1.4,-0.6,-2.8,8.0,232,10
69,2010,8.3,69.0,0.0,0.0,2010-03-11,2.0,3,20100311,8.9,2.6,-4.1,3.1,232,11
70,2010,13.4,67.9,0.0,0.0,2010-03-12,3.7,3,20100312,2.3,7.0,1.9,7.9,232,12
71,2010,9.1,46.9,0.0,0.0,2010-03-13,2.2,3,20100313,7.3,3.4,0.3,3.0,232,13
72,2010,12.7,57.3,0.0,0.0,2010-03-14,2.3,3,20100314,2.2,7.8,-0.9,6.0,232,14
73,2010,12.2,77.5,8.5,0.0,2010-03-15,3.5,3,20100315,0.9,8.3,3.4,8.9,232,15
74,2010,5.7,45.6,0.0,0.0,2010-03-16,4.5,3,20100316,9.1,2.2,-0.9,1.8,232,16
75,2010,4.8,75.6,9.0,13.0,2010-03-17,1.2,3,20100317,2.3,0.3,-3.4,6.3,232,17
76,2010,4.1,67.8,1.2,2.5,2010-03-18,2.5,3,20100318,11.0,0.3,-3.2,2.5,232,18
77,2010,13.1,56.5,0.0,0.0,2010-03-19,2.1,3,20100319,7.7,5.3,-4.1,3.0,232,19
78,2010,18.2,77.1,1.0,0.0,2010-03-20,4.4,3,20100320,0.6,10.1,3.4,9.4,232,20
79,2010,7.9,48.1,0.0,0.0,2010-03-21,4.8,3,20100321,11.3,3.5,-0.6,1.3,232,21
80,2010,5.8,76.1,0.5,0.0,2010-03-22,1.7,3,20100322,0.0,2.7,-1.4,9.0,232,22
81,2010,11.7,77.9,0.0,0.0,2010-03-23,1.7,3,20100323,3.6,6.1,2.2,9.3,232,23
82,2010,14.9,59.9,0.0,0.0,2010-03-24,2.0,3,20100324,6.7,8.9,1.5,7.0,232,24
83,2010,10.7,47.5,0.0,0.0,2010-03-25,3.8,3,20100325,2.3,6.3,2.0,6.8,232,25
84,2010,7.6,41.1,0.0,0.0,2010-03-26,3.8,3,20100326,10.4,3.5,-0.6,1.4,232,26
85,2010,9.8,70.1,0.0,0.0,2010-03-27,2.8,3,20100327,0.6,6.3,1.5,6.6,232,27
86,2010,8.9,48.9,0.0,0.0,2010-03-28,3.4,3,20100328,11.5,5.3,1.6,1.1,232,28
87,2010,12.2,51.4,0.0,0.0,2010-03-29,2.1,3,20100329,11.4,5.3,-2.4,0.0,232,29
88,2010,15.1,52.9,0.0,0.0,2010-03-30,2.2,3,20100330,2.9,8.5,0.3,6.6,232,30
89,2010,9.9,86.1,20.5,0.0,2010-03-31,1.9,3,20100331,0.0,8.7,6.4,10.0,232,31
90,2010,10.6,87.0,9.5,0.0,2010-04-01,2.5,4,20100401,0.0,7.7,3.4,8.5,232,1
91,2010,12.4,55.0,0.0,0.0,2010-04-02,3.3,4,20100402,11.3,6.3,-0.9,0.8,232,2
92,2010,10.8,42.9,0.0,0.0,2010-04-03,2.5,4,20100403,11.6,5.1,-0.1,0.0,232,3
93,2010,18.2,49.0,0.0,0.0,2010-04-04,2.4,4,20100404,10.4,7.5,-1.6,2.8,232,4
94,2010,18.0,66.3,0.0,0.0,2010-04-05,1.7,4,20100405,8.2,10.6,1.4,5.5,232,5
95,2010,12.3,66.0,0.0,0.0,2010-04-06,3.1,4,20100406,5.2,8.4,4.4,5.6,232,6
96,2010,12.8,53.6,0.0,0.0,2010-04-07,1.9,4,20100407,11.8,6.3,-0.9,1.1,232,7
97,2010,18.5,51.0,0.0,0.0,2010-04-08,1.9,4,20100408,11.4,8.8,-1.2,0.4,232,8
98,2010,19.8,56.9,0.0,0.0,2010-04-09,1.6,4,20100409,9.2,10.9,2.5,1.9,232,9
99,2010,16.1,75.4,0.0,0.0,2010-04-10,1.6,4,20100410,0.4,10.1,6.4,9.8,232,10
100,2010,19.0,64.1,0.0,0.0,2010-04-11,2.7,4,20100411,1.9,12.8,7.2,7.4,232,11
101,2010,17.7,62.3,4.5,0.0,2010-04-12,3.0,4,20100412,2.0,13.4,10.3,9.6,232,12
102,2010,10.8,55.1,2.0,0.0,2010-04-13,6.3,4,20100413,6.8,5.5,3.2,5.6,232,13
103,2010,8.0,36.9,0.0,0.0,2010-04-14,4.0,4,20100414,5.1,4.9,2.8,7.0,232,14
104,2010,13.1,49.0,0.0,0.0,2010-04-15,2.1,4,20100415,9.8,5.9,-1.4,2.6,232,15
105,2010,14.2,56.5,0.0,0.0,2010-04-16,1.8,4,20100416,9.6,6.6,-0.5,0.8,232,16
106,2010,14.8,58.9,0.0,0.0,2010-04-17,1.9,4,20100417,10.1,7.6,-1.1,1.6,232,17
107,2010,18.6,55.9,0.0,0.0,2010-04-18,2.4,4,20100418,0.0,11.8,3.7,9.5,232,18
108,2010,21.4,49.6,0.0,0.0,2010-04-19,2.4,4,20100419,0.1,16.6,12.1,8.3,232,19
109,2010,22.9,70.5,0.0,0.0,2010-04-20,1.9,4,20100420,5.9,15.9,8.7,6.5,232,20
110,2010,20.1,67.8,5.5,0.0,2010-04-21,2.9,4,20100421,0.5,13.9,8.6,8.8,232,21
111,2010,12.9,74.0,4.0,0.0,2010-04-22,2.7,4,20100422,0.0,10.9,7.7,10.0,232,22
112,2010,15.7,71.5,2.5,0.0,2010-04-23,2.8,4,20100423,7.0,10.9,7.8,5.4,232,23
113,2010,18.3,58.9,0.0,0.0,2010-04-24,2.1,4,20100424,12.1,10.2,2.9,0.3,232,24
114,2010,22.2,44.4,0.0,0.0,2010-04-25,1.5,4,20100425,9.9,12.4,1.9,3.6,232,25
115,2010,18.2,67.4,24.0,0.0,2010-04-26,2.1,4,20100426,0.0,12.1,8.5,9.6,232,26
116,2010,12.3,68.8,2.5,0.0,2010-04-27,3.7,4,20100427,2.5,9.2,5.2,6.1,232,27
117,2010,9.0,78.0,6.0,0.0,2010-04-28,3.5,4,20100428,0.5,5.4,2.5,8.0,232,28
118,2010,14.5,53.8,0.5,0.0,2010-04-29,4.0,4,20100429,10.8,10.2,5.2,2.1,232,29
119,2010,15.5,60.5,0.0,0.0,2010-04-30,2.9,4,20100430,11.4,10.5,4.4,1.9,232,30
120,2010,19.9,58.3,0.0,0.0,2010-05-01,2.2,5,20100501,12.3,11.6,2.3,0.0,232,1
121,2010,26.4,51.8,0.0,0.0,2010-05-02,2.1,5,20100502,12.3,17.6,6.7,0.0,232,2
122,2010,25.4,68.9,0.0,0.0,2010-05-03,2.9,5,20100503,4.1,21.0,15.1,5.9,232,3
123,2010,28.7,64.8,0.0,0.0,2010-05-04,2.0,5,20100504,5.2,21.1,15.4,5.6,232,4
124,2010,26.5,54.3,0.0,0.0,2010-05-05,2.6,5,20100505,3.9,21.4,13.1,8.3,232,5
125,2010,22.3,78.9,4.0,0.0,2010-05-06,3.5,5,20100506,0.1,15.9,10.5,8.3,232,6
126,2010,22.4,53.6,0.0,0.0,2010-05-07,2.5,5,20100507,12.6,15.2,6.7,0.0,232,7
127,2010,24.3,50.0,0.0,0.0,2010-05-08,2.2,5,20100508,11.4,17.6,10.3,3.5,232,8
128,2010,27.3,53.0,0.0,0.0,2010-05-09,1.5,5,20100509,4.6,19.1,11.6,7.5,232,9
129,2010,21.4,52.4,0.0,0.0,2010-05-10,2.8,5,20100510,9.2,16.2,11.2,4.1,232,10
130,2010,21.9,58.6,0.0,0.0,2010-05-11,2.3,5,20100511,7.8,14.1,7.3,2.1,232,11
131,2010,20.7,66.8,0.0,0.0,2010-05-12,2.5,5,20100512,9.3,14.1,8.7,1.1,232,12
132,2010,22.8,60.3,0.0,0.0,2010-05-13,1.7,5,20100513,10.7,15.4,7.4,0.8,232,13
133,2010,25.3,53.9,0.0,0.0,2010-05-14,1.8,5,20100514,12.0,17.2,9.2,0.9,232,14
134,2010,22.3,59.6,0.0,0.0,2010-05-15,1.6,5,20100515,2.0,15.9,11.0,5.4,232,15
135,2010,25.1,52.8,0.0,0.0,2010-05-16,1.5,5,20100516,10.3,17.4,8.2,3.5,232,16
136,2010,28.4,59.1,7.5,0.0,2010-05-17,2.0,5,20100517,9.9,19.5,10.2,6.0,232,17
137,2010,20.1,91.9,39.0,0.0,2010-05-18,2.4,5,20100518,0.0,19.0,18.0,10.0,232,18
138,2010,24.5,78.0,0.5,0.0,2010-05-19,2.1,5,20100519,8.4,19.6,16.2,6.1,232,19
139,2010,28.5,63.4,0.0,0.0,2010-05-20,2.2,5,20100520,11.8,20.8,14.6,0.0,232,20
140,2010,30.5,57.9,0.0,0.0,2010-05-21,1.8,5,20100521,10.1,21.7,14.0,3.1,232,21
141,2010,24.9,66.8,12.0,0.0,2010-05-22,2.2,5,20100522,0.1,18.9,15.1,10.0,232,22
142,2010,18.3,87.1,14.5,0.0,2010-05-23,2.6,5,20100523,0.0,16.6,15.2,10.0,232,23
143,2010,16.6,87.5,6.0,0.0,2010-05-24,2.8,5,20100524,0.0,14.9,14.0,10.0,232,24
144,2010,20.1,83.1,0.4,0.0,2010-05-25,1.4,5,20100525,0.6,16.4,13.7,9.5,232,25
145,2010,22.3,65.5,0.1,0.0,2010-05-26,2.3,5,20100526,6.3,18.1,14.6,4.6,232,26
146,2010,23.8,59.5,0.0,0.0,2010-05-27,1.8,5,20100527,11.5,17.0,10.2,4.0,232,27
147,2010,20.9,75.9,0.0,0.0,2010-05-28,1.3,5,20100528,0.7,16.7,12.4,8.4,232,28
148,2010,25.8,64.5,0.0,0.0,2010-05-29,1.3,5,20100529,7.3,19.2,14.8,4.9,232,29
149,2010,25.5,61.5,0.0,0.0,2010-05-30,1.8,5,20100530,7.5,18.4,14.0,4.5,232,30
150,2010,23.3,48.5,0.0,0.0,2010-05-31,2.0,5,20100531,6.4,17.8,13.8,6.4,232,31
151,2010,25.0,52.5,0.0,0.0,2010-06-01,1.8,6,20100601,13.5,18.3,11.8,0.3,232,1
152,2010,27.4,56.9,0.0,0.0,2010-06-02,1.6,6,20100602,12.2,20.1,12.6,0.5,232,2
153,2010,26.9,61.9,0.0,0.0,2010-06-03,1.6,6,20100603,12.5,20.7,14.8,1.0,232,3
154,2010,28.1,59.3,0.0,0.0,2010-06-04,1.6,6,20100604,13.2,21.0,13.8,0.3,232,4
155,2010,29.2,49.9,0.0,0.0,2010-06-05,1.4,6,20100605,11.8,21.6,14.2,4.0,232,5
156,2010,30.4,50.9,0.0,0.0,2010-06-06,1.3,6,20100606,10.2,23.5,15.1,5.0,232,6
157,2010,31.2,45.6,0.0,0.0,2010-06-07,1.6,6,20100607,12.5,24.5,17.5,3.4,232,7
158,2010,29.7,45.4,0.0,0.0,2010-06-08,1.7,6,20100608,13.7,23.4,15.7,0.3,232,8
159,2010,31.6,48.9,0.0,0.0,2010-06-09,1.6,6,20100609,13.1,24.5,16.0,0.8,232,9
160,2010,31.2,57.6,0.0,0.0,2010-06-10,1.6,6,20100610,8.1,24.3,17.0,5.1,232,10
161,2010,29.7,56.3,0.1,0.0,2010-06-11,1.7,6,20100611,4.2,24.3,18.2,7.5,232,11
162,2010,23.4,81.4,23.0,0.0,2010-06-12,1.7,6,20100612,0.1,20.8,18.7,9.9,232,12
163,2010,29.0,78.4,0.2,0.0,2010-06-13,1.2,6,20100613,2.2,23.2,19.8,8.4,232,13
164,2010,26.3,85.3,1.5,0.0,2010-06-14,1.0,6,20100614,1.6,22.4,21.0,9.3,232,14
165,2010,30.1,74.8,0.0,0.0,2010-06-15,1.2,6,20100615,8.1,24.2,20.3,6.9,232,15
166,2010,29.0,78.0,0.1,0.0,2010-06-16,1.5,6,20100616,4.2,23.4,20.3,6.8,232,16
167,2010,28.5,79.1,0.0,0.0,2010-06-17,1.0,6,20100617,1.4,23.9,19.2,8.8,232,17
168,2010,30.5,69.5,0.0,0.0,2010-06-18,1.4,6,20100618,2.7,26.1,22.2,8.6,232,18
169,2010,27.3,80.3,1.5,0.0,2010-06-19,1.4,6,20100619,0.6,23.7,21.3,9.6,232,19
170,2010,27.5,80.6,4.5,0.0,2010-06-20,1.8,6,20100620,3.3,23.1,19.8,7.5,232,20
171,2010,28.9,75.8,0.0,0.0,2010-06-21,1.2,6,20100621,6.8,22.6,18.9,4.9,232,21
172,2010,28.4,61.3,0.0,0.0,2010-06-22,1.6,6,20100622,6.8,21.8,16.0,4.9,232,22
173,2010,29.8,59.6,0.0,0.0,2010-06-23,1.3,6,20100623,10.8,23.1,17.3,1.9,232,23
174,2010,31.5,64.3,0.0,0.0,2010-06-24,1.4,6,20100624,11.9,23.5,17.1,0.5,232,24
175,2010,32.7,59.8,0.1,0.0,2010-06-25,1.4,6,20100625,9.7,25.3,17.9,5.8,232,25
176,2010,27.0,79.6,1.0,0.0,2010-06-26,2.1,6,20100626,0.0,23.8,21.3,9.8,232,26
177,2010,26.0,86.9,3.0,0.0,2010-06-27,1.4,6,20100627,1.2,23.2,19.8,8.9,232,27
178,2010,31.0,76.9,0.0,0.0,2010-06-28,1.2,6,20100628,6.7,23.8,18.9,5.4,232,28
179,2010,29.2,80.5,0.0,0.0,2010-06-29,1.1,6,20100629,2.5,23.9,18.9,7.6,232,29
180,2010,26.4,87.3,2.0,0.0,2010-06-30,0.8,6,20100630,0.0,23.8,22.0,9.8,232,30
181,2010,27.4,86.1,0.0,0.0,2010-07-01,1.0,7,20100701,0.0,24.9,22.1,10.0,232,1
182,2010,27.7,88.3,9.5,0.0,2010-07-02,1.4,7,20100702,0.1,25.8,23.9,10.0,232,2
183,2010,29.0,88.1,2.5,0.0,2010-07-03,1.0,7,20100703,0.3,25.7,24.3,10.0,232,3
184,2010,29.3,86.8,0.5,0.0,2010-07-04,1.0,7,20100704,0.5,26.0,24.0,9.4,232,4
185,2010,31.0,80.3,0.0,0.0,2010-07-05,1.3,7,20100705,3.9,26.3,22.4,6.5,232,5
186,2010,33.0,65.4,0.0,0.0,2010-07-06,1.3,7,20100706,10.9,26.5,20.5,3.3,232,6
187,2010,30.3,67.6,0.0,0.0,2010-07-07,1.8,7,20100707,11.7,25.7,20.6,3.6,232,7
188,2010,29.2,71.3,0.5,0.0,2010-07-08,1.4,7,20100708,4.2,24.2,19.3,7.8,232,8
189,2010,31.6,67.3,0.0,0.0,2010-07-09,1.3,7,20100709,8.9,25.2,19.2,4.8,232,9
190,2010,29.9,68.8,0.0,0.0,2010-07-10,1.6,7,20100710,2.7,26.2,20.8,8.3,232,10
191,2010,26.5,76.0,8.5,0.0,2010-07-11,2.0,7,20100711,1.0,23.8,20.8,8.8,232,11
192,2010,29.8,73.4,0.0,0.0,2010-07-12,1.5,7,20100712,6.8,24.8,19.8,4.8,232,12
193,2010,30.1,73.0,0.0,0.0,2010-07-13,1.6,7,20100713,7.3,25.0,21.0,6.1,232,13
194,2010,30.4,71.9,0.5,0.0,2010-07-14,1.6,7,20100714,5.4,25.6,21.4,4.3,232,14
195,2010,32.0,75.1,0.5,0.0,2010-07-15,1.1,7,20100715,6.8,25.6,21.1,5.8,232,15
196,2010,27.8,86.6,29.0,0.0,2010-07-16,1.5,7,20100716,0.8,24.6,22.3,9.6,232,16
197,2010,25.9,88.9,37.0,0.0,2010-07-17,1.5,7,20100717,0.0,24.9,23.8,10.0,232,17
198,2010,31.5,71.4,0.0,0.0,2010-07-18,1.5,7,20100718,2.8,28.1,25.0,8.1,232,18
199,2010,33.2,75.1,0.0,0.0,2010-07-19,2.1,7,20100719,6.8,27.7,23.9,6.3,232,19
200,2010,33.3,74.4,0.0,0.0,2010-07-20,2.0,7,20100720,9.1,28.4,23.6,3.1,232,20
201,2010,32.4,72.3,0.0,0.0,2010-07-21,2.3,7,20100721,5.3,28.4,23.9,5.6,232,21
202,2010,32.8,72.5,0.0,0.0,2010-07-22,2.2,7,20100722,6.6,28.5,24.9,5.3,232,22
203,2010,28.8,85.4,54.0,0.0,2010-07-23,2.0,7,20100723,0.0,24.4,21.6,9.3,232,23
204,2010,31.2,84.8,8.5,0.0,2010-07-24,1.3,7,20100724,2.3,24.8,21.6,9.6,232,24
205,2010,30.2,84.0,17.5,0.0,2010-07-25,1.3,7,20100725,4.4,25.5,22.8,7.9,232,25
206,2010,30.7,78.9,0.0,0.0,2010-07-26,2.0,7,20100726,6.6,26.5,23.1,5.6,232,26
207,2010,32.1,76.0,1.0,0.0,2010-07-27,1.8,7,20100727,8.3,26.4,22.2,5.6,232,27
208,2010,28.6,83.6,1.5,0.0,2010-07-28,1.8,7,20100728,0.6,24.8,21.4,7.0,232,28
209,2010,31.5,76.9,0.0,0.0,2010-07-29,1.5,7,20100729,4.2,27.2,23.0,6.5,232,29
210,2010,31.5,80.3,0.0,0.0,2010-07-30,1.3,7,20100730,2.7,26.9,23.4,7.8,232,30
211,2010,31.4,82.0,0.0,0.0,2010-07-31,1.3,7,20100731,1.5,26.9,23.0,6.9,232,31
212,2010,32.4,78.6,0.0,0.0,2010-08-01,1.6,8,20100801,3.2,28.5,24.3,6.9,232,1
213,2010,30.3,78.8,0.0,0.0,2010-08-02,1.5,8,20100802,0.2,27.2,23.4,8.4,232,2
214,2010,32.1,73.8,0.0,0.0,2010-08-03,1.2,8,20100803,5.1,26.8,21.6,6.0,232,3
215,2010,34.5,78.5,12.5,0.0,2010-08-04,1.5,8,20100804,6.2,29.1,24.9,7.4,232,4
216,2010,34.6,81.6,21.0,0.0,2010-08-05,1.8,8,20100805,6.5,28.7,26.1,4.9,232,5
217,2010,32.1,83.0,0.5,0.0,2010-08-06,2.0,8,20100806,3.9,27.8,25.0,6.5,232,6
218,2010,31.3,79.8,1.0,0.0,2010-08-07,1.7,8,20100807,2.9,27.5,24.5,7.0,232,7
219,2010,33.6,73.3,0.0,0.0,2010-08-08,1.6,8,20100808,7.9,27.6,23.5,4.3,232,8
220,2010,34.9,70.6,0.0,0.0,2010-08-09,1.5,8,20100809,12.1,28.3,23.1,2.9,232,9
221,2010,30.5,84.8,42.0,0.0,2010-08-10,2.0,8,20100810,0.9,26.9,24.8,9.3,232,10
222,2010,33.1,76.9,0.5,0.0,2010-08-11,2.7,8,20100811,2.7,28.0,24.5,7.5,232,11
223,2010,30.3,79.6,3.0,0.0,2010-08-12,1.2,8,20100812,0.5,26.2,22.1,8.6,232,12
224,2010,28.3,89.9,68.0,0.0,2010-08-13,1.3,8,20100813,0.0,26.7,25.0,10.0,232,13
225,2010,29.7,86.5,52.0,0.0,2010-08-14,2.0,8,20100814,2.6,27.2,23.7,9.5,232,14
226,2010,31.8,82.4,52.0,0.0,2010-08-15,2.0,8,20100815,4.8,27.0,23.8,7.5,232,15
227,2010,25.9,88.6,6.5,0.0,2010-08-16,1.1,8,20100816,0.0,24.0,21.8,9.8,232,16
228,2010,31.5,77.5,0.1,0.0,2010-08-17,1.0,8,20100817,9.5,26.3,21.9,6.1,232,17
229,2010,33.1,83.0,58.0,0.0,2010-08-18,1.5,8,20100818,5.4,27.1,23.5,7.6,232,18
230,2010,34.3,73.1,0.0,0.0,2010-08-19,1.7,8,20100819,10.4,29.1,25.2,5.3,232,19
231,2010,34.4,78.3,0.0,0.0,2010-08-20,1.3,8,20100820,6.0,28.4,24.6,4.5,232,20
232,2010,33.8,78.6,0.0,0.0,2010-08-21,1.2,8,20100821,8.3,28.1,23.6,1.8,232,21
233,2010,33.5,78.4,0.0,0.0,2010-08-22,1.4,8,20100822,7.0,28.1,23.7,3.4,232,22
234,2010,29.6,86.8,4.0,0.0,2010-08-23,1.3,8,20100823,1.9,26.2,24.3,8.1,232,23
235,2010,28.0,89.1,4.0,0.0,2010-08-24,1.0,8,20100824,0.5,25.4,24.0,9.6,232,24
236,2010,27.0,88.9,25.5,0.0,2010-08-25,1.6,8,20100825,0.0,24.8,23.8,10.0,232,25
237,2010,28.6,85.4,1.5,0.0,2010-08-26,1.9,8,20100826,1.4,25.5,23.7,8.8,232,26
238,2010,31.0,79.1,0.0,0.0,2010-08-27,1.7,8,20100827,6.1,27.3,22.9,6.1,232,27
239,2010,29.3,81.9,9.5,0.0,2010-08-28,2.4,8,20100828,1.4,26.5,24.8,9.0,232,28
240,2010,26.5,89.8,67.0,0.0,2010-08-29,1.4,8,20100829,0.1,24.7,22.7,8.9,232,29
241,2010,29.6,84.9,2.0,0.0,2010-08-30,1.0,8,20100830,2.8,25.7,23.5,9.1,232,30
242,2010,29.0,89.1,55.5,0.0,2010-08-31,0.8,8,20100831,0.7,24.7,23.1,9.6,232,31
243,2010,32.0,79.6,8.5,0.0,2010-09-01,2.4,9,20100901,7.0,27.0,22.9,7.6,232,1
244,2010,29.3,83.3,32.5,0.0,2010-09-02,4.0,9,20100902,3.0,25.9,23.0,7.8,232,2
245,2010,33.0,84.1,10.0,0.0,2010-09-03,1.6,9,20100903,4.1,26.5,23.7,6.8,232,3
246,2010,32.7,80.0,0.0,0.0,2010-09-04,1.2,9,20100904,8.5,27.3,23.4,4.4,232,4
247,2010,32.8,82.6,35.0,0.0,2010-09-05,1.8,9,20100905,4.9,26.3,23.2,7.3,232,5
248,2010,27.6,86.1,9.5,0.0,2010-09-06,1.7,9,20100906,1.1,24.5,22.9,9.0,232,6
249,2010,28.6,75.5,0.0,0.0,2010-09-07,2.0,9,20100907,2.5,24.8,21.7,7.5,232,7
250,2010,24.2,75.5,0.0,0.0,2010-09-08,1.4,9,20100908,0.0,22.2,19.9,9.8,232,8
251,2010,24.5,87.3,3.0,0.0,2010-09-09,1.9,9,20100909,0.0,22.7,20.1,9.6,232,9
252,2010,30.1,81.4,3.5,0.0,2010-09-10,2.5,9,20100910,1.3,26.0,23.8,9.0,232,10
253,2010,25.9,91.8,104.0,0.0,2010-09-11,1.2,9,20100911,0.0,23.9,22.1,10.0,232,11
254,2010,27.2,85.1,52.0,0.0,2010-09-12,2.1,9,20100912,4.0,23.4,19.6,7.0,232,12
255,2010,28.4,79.4,0.0,0.0,2010-09-13,1.3,9,20100913,8.5,23.4,19.0,4.9,232,13
256,2010,28.5,83.5,0.0,0.0,2010-09-14,1.1,9,20100914,3.4,22.9,19.1,6.1,232,14
257,2010,29.9,75.4,0.0,0.0,2010-09-15,1.0,9,20100915,11.2,22.6,17.3,0.0,232,15
258,2010,30.1,74.3,0.0,0.0,2010-09-16,1.2,9,20100916,10.1,22.4,16.5,0.6,232,16
259,2010,30.1,73.1,0.0,0.0,2010-09-17,1.3,9,20100917,9.8,22.4,16.1,1.4,232,17
260,2010,30.6,72.8,0.0,0.0,2010-09-18,1.5,9,20100918,11.1,22.8,16.6,1.5,232,18
261,2010,24.0,89.4,4.0,0.0,2010-09-19,1.6,9,20100919,0.0,21.0,18.4,9.0,232,19
262,2010,22.6,91.5,32.5,0.0,2010-09-20,1.3,9,20100920,0.0,21.6,19.9,9.5,232,20
263,2010,29.7,84.1,18.5,0.0,2010-09-21,3.0,9,20100921,0.6,25.2,20.0,9.6,232,21
264,2010,21.6,88.9,3.5,0.0,2010-09-22,1.9,9,20100922,0.0,17.8,16.6,9.5,232,22
265,2010,22.9,73.0,0.0,0.0,2010-09-23,1.6,9,20100923,10.4,16.9,12.1,2.0,232,23
266,2010,24.5,71.1,0.0,0.0,2010-09-24,1.3,9,20100924,9.1,17.0,10.9,2.3,232,24
267,2010,24.1,71.1,0.0,0.0,2010-09-25,1.1,9,20100925,7.5,17.3,10.4,3.5,232,25
268,2010,23.3,71.8,0.0,0.0,2010-09-26,1.6,9,20100926,5.4,17.2,12.6,4.9,232,26
269,2010,25.1,77.0,0.0,0.0,2010-09-27,1.4,9,20100927,8.2,17.5,11.5,3.3,232,27
270,2010,19.8,62.3,0.4,0.0,2010-09-28,2.6,9,20100928,11.1,15.6,8.4,2.9,232,28
271,2010,19.3,74.5,0.0,0.0,2010-09-29,1.2,9,20100929,2.6,12.4,7.6,5.9,232,29
272,2010,21.0,74.1,0.0,0.0,2010-09-30,1.1,9,20100930,10.8,12.2,4.8,0.3,232,30
273,2010,22.3,78.6,0.0,0.0,2010-10-01,1.1,10,20101001,5.6,13.6,6.8,3.8,232,1
274,2010,21.0,84.3,11.5,0.0,2010-10-02,1.4,10,20101002,0.5,17.1,11.1,8.0,232,2
275,2010,23.0,75.9,4.0,0.0,2010-10-03,2.4,10,20101003,7.2,18.7,14.1,7.1,232,3
276,2010,18.0,82.8,3.0,0.0,2010-10-04,2.3,10,20101004,0.3,14.8,12.2,8.8,232,4
277,2010,19.9,80.0,0.0,0.0,2010-10-05,1.1,10,20101005,5.1,14.4,9.7,4.6,232,5
278,2010,22.2,80.3,0.0,0.0,2010-10-06,1.1,10,20101006,10.2,14.1,8.1,0.3,232,6
279,2010,24.7,79.3,0.0,0.0,2010-10-07,1.2,10,20101007,10.0,15.8,8.7,2.3,232,7
280,2010,22.6,78.4,0.3,0.0,2010-10-08,1.4,10,20101008,1.9,17.5,13.0,8.6,232,8
281,2010,24.8,79.1,0.1,0.0,2010-10-09,1.1,10,20101009,6.0,18.2,13.5,4.1,232,9
282,2010,23.4,80.3,0.0,0.0,2010-10-10,1.4,10,20101010,7.7,16.5,11.4,3.3,232,10
283,2010,21.5,87.5,0.0,0.0,2010-10-11,1.1,10,20101011,0.2,16.1,11.5,7.6,232,11
284,2010,19.7,88.0,0.0,0.0,2010-10-12,1.2,10,20101012,0.3,14.8,11.3,8.3,232,12
285,2010,19.9,84.0,0.0,0.0,2010-10-13,0.9,10,20101013,1.3,14.2,9.5,5.9,232,13
286,2010,19.8,80.0,0.0,0.0,2010-10-14,1.3,10,20101014,6.2,13.7,7.5,4.3,232,14
287,2010,18.1,58.6,0.0,0.0,2010-10-15,2.1,10,20101015,9.7,12.4,5.4,1.3,232,15
288,2010,22.4,74.9,0.5,0.0,2010-10-16,1.9,10,20101016,6.3,14.7,8.5,3.9,232,16
289,2010,21.8,75.4,0.0,0.0,2010-10-17,1.2,10,20101017,8.8,14.5,8.7,1.0,232,17
290,2010,20.5,72.8,0.0,0.0,2010-10-18,0.9,10,20101018,9.3,12.3,5.7,0.0,232,18
291,2010,23.5,77.0,0.0,0.0,2010-10-19,1.2,10,20101019,7.9,13.7,6.7,1.8,232,19
292,2010,21.6,82.1,0.0,0.0,2010-10-20,1.3,10,20101020,7.1,13.8,7.9,3.8,232,20
293,2010,20.7,85.5,0.0,0.0,2010-10-21,0.9,10,20101021,4.5,13.3,6.9,3.3,232,21
294,2010,22.9,67.8,0.0,0.0,2010-10-22,1.9,10,20101022,9.8,15.6,10.1,0.8,232,22
295,2010,21.1,74.4,0.0,0.0,2010-10-23,1.5,10,20101023,4.0,14.7,6.9,6.5,232,23
296,2010,23.2,80.5,0.0,0.0,2010-10-24,1.3,10,20101024,3.9,15.6,10.4,6.0,232,24
297,2010,14.1,56.8,0.0,0.0,2010-10-25,3.9,10,20101025,6.0,11.3,6.2,4.3,232,25
298,2010,8.8,34.8,0.0,0.0,2010-10-26,3.3,10,20101026,10.2,4.4,-1.5,0.3,232,26
299,2010,13.6,59.3,0.0,0.0,2010-10-27,1.3,10,20101027,7.2,4.5,-4.3,3.6,232,27
300,2010,12.8,68.3,0.0,0.0,2010-10-28,1.6,10,20101028,10.0,4.6,-2.9,0.3,232,28
301,2010,17.0,66.8,0.0,0.0,2010-10-29,1.0,10,20101029,9.9,7.1,-2.1,0.4,232,29
302,2010,19.6,69.1,0.0,0.0,2010-10-30,0.8,10,20101030,8.1,9.3,1.6,3.3,232,30
303,2010,18.2,75.0,0.0,0.0,2010-10-31,0.7,10,20101031,1.8,8.7,2.1,3.9,232,31
304,2010,16.9,69.4,0.0,0.0,2010-11-01,2.0,11,20101101,9.5,10.1,2.0,0.5,232,1
305,2010,10.8,42.4,0.0,0.0,2010-11-02,3.4,11,20101102,9.6,7.0,0.5,1.3,232,2
306,2010,14.0,64.1,0.0,0.0,2010-11-03,1.8,11,20101103,8.8,5.8,-1.4,2.5,232,3
307,2010,16.9,74.5,0.0,0.0,2010-11-04,1.7,11,20101104,7.1,8.5,0.7,1.4,232,4
308,2010,18.2,79.9,0.0,0.0,2010-11-05,1.3,11,20101105,5.9,9.0,2.9,2.8,232,5
309,2010,17.5,85.4,0.0,0.0,2010-11-06,1.3,11,20101106,2.8,10.0,4.4,8.6,232,6
310,2010,16.7,77.0,0.0,0.0,2010-11-07,1.2,11,20101107,4.2,10.9,5.2,7.9,232,7
311,2010,13.0,61.6,3.0,0.0,2010-11-08,4.9,11,20101108,2.0,8.7,3.3,7.3,232,8
312,2010,8.3,46.6,0.0,0.0,2010-11-09,5.0,11,20101109,1.8,5.9,3.2,6.3,232,9
313,2010,11.2,61.3,0.0,0.0,2010-11-10,1.0,11,20101110,9.2,3.8,-2.3,0.8,232,10
314,2010,16.4,56.1,5.5,0.0,2010-11-11,3.3,11,20101111,5.2,9.9,-0.2,4.6,232,11
315,2010,14.7,58.1,0.0,0.0,2010-11-12,2.6,11,20101112,6.2,9.2,2.5,2.9,232,12
316,2010,18.7,61.3,0.0,0.0,2010-11-13,2.1,11,20101113,8.5,10.0,2.2,2.5,232,13
317,2010,11.0,43.3,0.0,0.0,2010-11-14,3.2,11,20101114,6.0,8.0,5.6,6.0,232,14
318,2010,6.5,48.8,0.0,0.0,2010-11-15,2.8,11,20101115,9.1,2.1,-3.2,0.5,232,15
319,2010,10.3,67.8,0.0,0.0,2010-11-16,1.2,11,20101116,5.1,2.1,-5.2,4.6,232,16
320,2010,11.6,76.8,0.0,0.0,2010-11-17,1.0,11,20101117,4.8,4.1,-1.9,3.1,232,17
321,2010,12.4,75.5,0.0,0.0,2010-11-18,0.8,11,20101118,8.4,3.0,-3.5,0.0,232,18
322,2010,11.3,76.1,0.0,0.0,2010-11-19,1.0,11,20101119,1.3,2.6,-3.0,2.6,232,19
323,2010,15.9,68.1,0.0,0.0,2010-11-20,1.7,11,20101120,8.2,6.2,-1.1,0.0,232,20
324,2010,17.4,69.9,0.0,0.0,2010-11-21,2.0,11,20101121,6.4,10.3,2.2,3.6,232,21
325,2010,12.9,59.3,0.0,0.0,2010-11-22,3.5,11,20101122,8.1,7.1,-1.1,2.6,232,22
326,2010,13.1,60.6,0.0,0.0,2010-11-23,1.1,11,20101123,7.4,4.0,-4.6,3.5,232,23
327,2010,12.7,69.3,0.0,0.0,2010-11-24,1.3,11,20101124,0.8,5.7,0.2,6.4,232,24
328,2010,8.0,58.4,0.0,0.0,2010-11-25,3.1,11,20101125,7.4,4.4,1.1,4.3,232,25
329,2010,6.2,46.0,0.0,0.0,2010-11-26,1.8,11,20101126,8.3,0.9,-3.5,1.4,232,26
330,2010,11.0,50.1,4.5,0.0,2010-11-27,4.2,11,20101127,2.7,3.2,-3.8,6.3,232,27
331,2010,3.3,46.5,0.0,0.0,2010-11-28,2.3,11,20101128,8.3,-0.1,-4.7,1.6,232,28
332,2010,9.0,77.5,0.5,0.0,2010-11-29,1.8,11,20101129,6.6,3.0,-1.5,3.9,232,29
333,2010,15.0,79.1,0.0,0.0,2010-11-30,2.1,11,20101130,3.2,8.5,3.8,4.8,232,30
334,2010,14.7,85.0,0.0,0.0,2010-12-01,1.3,12,20101201,4.7,7.7,3.2,3.8,232,1
335,2010,14.4,65.5,2.5,0.0,2010-12-02,2.9,12,20101202,0.3,10.7,4.6,7.5,232,2
336,2010,9.1,58.4,0.0,0.0,2010-12-03,5.7,12,20101203,6.7,2.5,-2.2,2.8,232,3
337,2010,10.8,69.1,0.0,0.0,2010-12-04,2.2,12,20101204,8.6,3.1,-4.0,0.1,232,4
338,2010,16.5,70.1,0.0,0.0,2010-12-05,2.2,12,20101205,5.4,9.3,1.2,5.9,232,5
339,2010,9.5,64.8,0.0,0.0,2010-12-06,4.0,12,20101206,4.9,4.4,-0.8,4.5,232,6
340,2010,3.5,55.0,0.0,0.0,2010-12-07,1.8,12,20101207,8.1,-1.8,-5.3,1.0,232,7
341,2010,3.8,71.6,2.8,0.5,2010-12-08,2.5,12,20101208,0.6,0.0,-4.8,7.1,232,8
342,2010,3.6,57.0,0.0,0.0,2010-12-09,2.7,12,20101209,8.6,-0.7,-4.3,0.0,232,9
343,2010,11.7,59.4,1.5,0.0,2010-12-10,3.6,12,20101210,4.4,4.1,-5.3,5.0,232,10
344,2010,7.8,53.0,0.0,0.0,2010-12-11,4.5,12,20101211,7.0,-0.9,-6.9,2.3,232,11
345,2010,3.7,42.6,0.0,0.0,2010-12-12,2.5,12,20101212,5.8,-1.9,-8.2,5.4,232,12
346,2010,4.8,75.0,1.5,0.0,2010-12-13,1.6,12,20101213,0.0,3.1,1.2,9.0,232,13
347,2010,1.9,65.9,0.0,0.0,2010-12-14,4.5,12,20101214,6.1,-1.5,-6.6,4.0,232,14
348,2010,-5.8,46.4,0.0,0.0,2010-12-15,3.5,12,20101215,7.5,-8.1,-10.3,3.8,232,15
349,2010,-1.4,53.1,0.0,0.0,2010-12-16,2.0,12,20101216,8.4,-6.7,-12.4,3.3,232,16
350,2010,5.9,73.8,0.8,1.5,2010-12-17,2.6,12,20101217,3.7,0.2,-4.1,6.0,232,17
351,2010,7.3,73.5,0.0,0.0,2010-12-18,2.1,12,20101218,7.6,0.0,-5.8,0.3,232,18
352,2010,12.4,66.3,0.0,0.0,2010-12-19,3.2,12,20101219,2.6,6.9,1.3,6.5,232,19
353,2010,9.8,82.4,0.0,0.0,2010-12-20,1.0,12,20101220,5.7,3.0,-2.2,1.8,232,20
354,2010,9.7,81.1,0.0,0.0,2010-12-21,1.0,12,20101221,5.8,1.4,-3.1,5.4,232,21
355,2010,8.3,81.0,0.0,0.0,2010-12-22,1.1,12,20101222,7.5,1.0,-4.0,0.6,232,22
356,2010,4.8,62.4,0.0,0.0,2010-12-23,3.3,12,20101223,4.5,0.0,-5.9,5.9,232,23
357,2010,-5.8,48.9,0.0,0.0,2010-12-24,4.7,12,20101224,8.2,-9.1,-11.1,2.6,232,24
358,2010,-6.2,62.0,1.7,5.1,2010-12-25,2.9,12,20101225,5.3,-9.0,-12.2,4.1,232,25
359,2010,-4.3,80.4,2.7,5.2,2010-12-26,1.0,12,20101226,4.5,-10.1,-15.9,4.6,232,26
360,2010,3.6,79.4,0.3,0.6,2010-12-27,1.8,12,20101227,5.0,-3.7,-14.0,5.1,232,27
361,2010,3.1,85.5,6.5,4.3,2010-12-28,2.7,12,20101228,0.1,0.1,-3.7,8.1,232,28
362,2010,0.5,73.0,0.5,1.2,2010-12-29,1.7,12,20101229,7.8,-3.6,-9.5,6.3,232,29
363,2010,0.0,69.5,3.3,4.5,2010-12-30,3.6,12,20101230,2.5,-3.5,-6.9,6.4,232,30
364,2010,-4.2,64.0,0.4,0.6,2010-12-31,2.6,12,20101231,7.5,-7.4,-12.1,4.0,232,31
