,sunshine,snow,wind,rainfall,date,cloud,humid,day,tmax,tmin,Date,station_id,tavg,month,year
0,0.6,0.0,1.1,0.0,20070101,0.0,55.5,1,5.0,-5.1,2007-01-01,232,0.5,1,2007
1,0.2,0.0,1.3,0.0,20070102,0.0,71.6,2,4.4,-3.7,2007-01-02,232,1.4,1,2007
2,4.9,0.0,0.7,0.0,20070103,0.0,75.6,3,9.5,-5.4,2007-01-03,232,1.1,1,2007
3,7.5,0.0,0.5,0.0,20070104,0.0,70.5,4,10.1,-4.0,2007-01-04,232,1.0,1,2007
4,3.1,0.0,1.0,0.0,20070105,0.0,73.8,5,8.6,-5.0,2007-01-05,232,1.0,1,2007
5,1.3,5.2,4.6,3.5,20070106,0.0,73.4,6,2.7,-2.9,2007-01-06,232,-1.1,1,2007
6,0.5,0.0,3.1,0.0,20070107,0.0,65.3,7,-0.5,-8.6,2007-01-07,232,-2.9,1,2007
7,6.3,0.0,2.2,0.0,20070108,0.0,65.0,8,0.2,-6.5,2007-01-08,232,-3.0,1,2007
8,7.1,0.0,1.1,0.0,20070109,0.0,67.8,9,3.0,-9.1,2007-01-09,232,-2.6,1,2007
9,7.0,0.0,0.9,0.0,20070110,0.0,76.6,10,3.0,-7.1,2007-01-10,232,-2.9,1,2007
10,5.8,0.0,0.7,0.0,20070111,0.0,73.9,11,2.0,-8.1,2007-01-11,232,-3.8,1,2007
11,7.5,0.0,2.3,0.0,20070112,0.0,58.4,12,0.3,-6.0,2007-01-12,232,-3.1,1,2007
12,7.6,0.0,1.9,0.0,20070113,0.0,60.5,13,-1.2,-10.6,2007-01-13,232,-6.3,1,2007
13,8.8,0.0,0.9,0.0,20070114,0.0,61.8,14,2.2,-12.1,2007-01-14,232,-5.6,1,2007
14,6.6,0.0,0.7,0.0,20070115,0.0,66.5,15,4.0,-10.6,2007-01-15,232,-3.3,1,2007
15,0.4,0.0,0.7,0.0,20070116,0.0,69.6,16,5.0,-5.0,2007-01-16,232,-0.7,1,2007
16,2.4,0.0,0.9,0.0,20070117,0.0,74.5,17,4.5,-4.8,2007-01-17,232,-0.9,1,2007
17,8.7,0.0,2.0,0.0,20070118,0.0,62.1,18,3.0,-6.8,2007-01-18,232,-1.0,1,2007
18,8.4,0.0,0.8,0.0,20070119,0.0,61.9,19,4.3,-10.1,2007-01-19,232,-3.3,1,2007
19,8.8,0.0,0.9,0.0,20070120,0.0,62.3,20,5.4,-9.1,2007-01-20,232,-3.3,1,2007
20,7.5,0.0,0.7,0.0,20070121,0.0,63.9,21,7.0,-10.1,2007-01-21,232,-3.4,1,2007
21,6.6,0.0,1.4,0.0,20070122,0.0,67.6,22,4.6,-5.5,2007-01-22,232,-0.4,1,2007
22,3.0,0.0,0.9,0.0,20070123,0.0,72.3,23,5.5,-7.5,2007-01-23,232,-1.5,1,2007
23,8.5,0.0,1.3,0.0,20070124,0.0,69.0,24,5.8,-7.1,2007-01-24,232,-1.7,1,2007
24,7.4,0.0,0.9,0.0,20070125,0.0,72.1,25,5.6,-8.3,2007-01-25,232,-2.7,1,2007
25,0.0,2.1,1.0,2.5,20070126,0.0,84.3,26,2.0,-6.0,2007-01-26,232,-1.3,1,2007
26,2.6,0.0,1.2,0.5,20070127,0.0,79.9,27,2.0,-3.0,2007-01-27,232,-0.3,1,2007
27,3.3,0.0,1.0,0.0,20070128,0.0,73.5,28,2.7,-5.5,2007-01-28,232,-1.5,1,2007
28,6.3,0.0,0.7,0.0,20070129,0.0,74.4,29,4.5,-8.0,2007-01-29,232,-2.1,1,2007
29,4.0,2.5,3.6,2.9,20070130,0.0,68.9,30,2.5,-4.5,2007-01-30,232,-1.4,1,2007
30,7.0,0.0,2.0,0.0,20070131,0.0,70.1,31,0.8,-13.6,2007-01-31,232,-4.8,1,2007
31,6.2,0.0,3.7,0.0,20070201,0.0,59.1,1,-1.0,-7.0,2007-02-01,232,-4.5,2,2007
32,9.5,0.3,1.9,0.0,20070202,0.0,60.6,2,-1.2,-11.6,2007-02-02,232,-6.4,2,2007
33,4.9,0.0,2.4,0.0,20070203,0.0,69.1,3,6.6,-9.3,2007-02-03,232,-0.8,2,2007
34,9.2,0.0,0.8,0.0,20070204,0.0,64.1,4,9.3,-7.6,2007-02-04,232,-0.8,2,2007
35,6.7,0.0,0.8,0.0,20070205,0.0,69.9,5,9.5,-7.3,2007-02-05,232,0.6,2,2007
36,4.6,0.0,0.7,0.0,20070206,0.0,77.0,6,12.3,-1.1,2007-02-06,232,4.7,2,2007
37,4.1,0.0,0.7,0.0,20070207,0.0,84.4,7,12.1,-1.5,2007-02-07,232,2.2,2,2007
38,0.1,0.0,1.6,13.5,20070208,0.0,87.6,8,8.6,0.6,2007-02-08,232,4.6,2,2007
39,2.1,0.0,2.4,0.0,20070209,0.0,73.9,9,6.0,2.7,2007-02-09,232,3.9,2,2007
40,4.5,0.0,2.7,0.0,20070210,0.0,66.3,10,7.4,-1.6,2007-02-10,232,1.8,2,2007
41,9.8,0.0,2.2,0.0,20070211,0.0,61.0,11,4.9,-4.4,2007-02-11,232,-0.5,2,2007
42,8.8,0.0,1.0,0.0,20070212,0.0,64.6,12,8.8,-6.5,2007-02-12,232,0.2,2,2007
43,0.2,0.0,1.6,20.5,20070213,0.0,69.0,13,7.4,-4.0,2007-02-13,232,2.5,2,2007
44,5.1,0.0,5.3,0.1,20070214,0.0,62.6,14,4.1,-2.5,2007-02-14,232,0.2,2,2007
45,10.0,0.0,3.0,0.0,20070215,0.0,51.0,15,4.1,-6.4,2007-02-15,232,-1.1,2,2007
46,9.4,0.0,1.2,0.0,20070216,0.0,51.4,16,10.1,-6.8,2007-02-16,232,1.1,2,2007
47,0.6,0.0,1.2,0.0,20070217,0.0,60.4,17,9.5,-0.2,2007-02-17,232,4.2,2,2007
48,8.9,0.0,1.2,0.0,20070218,0.0,66.4,18,11.5,-3.5,2007-02-18,232,2.6,2,2007
49,9.6,0.0,1.1,0.0,20070219,0.0,65.8,19,10.1,-5.0,2007-02-19,232,1.3,2,2007
50,10.0,0.0,0.9,0.0,20070220,0.0,57.3,20,11.8,-6.1,2007-02-20,232,2.1,2,2007
51,7.0,0.0,0.9,0.0,20070221,0.0,66.1,21,12.8,-5.3,2007-02-21,232,2.8,2,2007
52,3.7,0.0,1.6,0.0,20070222,0.0,62.6,22,15.8,-1.2,2007-02-22,232,6.9,2,2007
53,10.4,0.0,3.6,0.0,20070223,0.0,49.6,23,7.8,0.1,2007-02-23,232,3.5,2,2007
54,6.9,0.0,1.1,0.0,20070224,0.0,52.6,24,10.6,-5.8,2007-02-24,232,2.8,2,2007
55,1.8,0.0,2.2,0.0,20070225,0.0,56.8,25,11.6,3.5,2007-02-25,232,7.3,2,2007
56,10.2,0.0,1.8,0.0,20070226,0.0,54.6,26,15.3,-0.8,2007-02-26,232,6.7,2,2007
57,8.8,0.0,1.2,0.0,20070227,0.0,70.8,27,13.6,-2.5,2007-02-27,232,4.8,2,2007
58,9.8,0.0,1.8,0.0,20070228,0.0,53.6,28,15.8,-1.3,2007-02-28,232,6.5,2,2007
59,5.3,0.0,1.8,0.0,20070301,0.0,37.5,1,17.5,0.6,2007-03-01,232,10.2,3,2007
60,0.0,0.0,2.1,23.0,20070302,0.0,76.6,2,11.1,6.9,2007-03-02,232,9.2,3,2007
61,1.0,0.0,1.0,0.5,20070303,0.0,84.0,3,16.2,7.9,2007-03-03,232,11.1,3,2007
62,0.2,0.0,3.8,27.0,20070304,0.0,77.1,4,15.8,7.4,2007-03-04,232,12.6,3,2007
63,0.2,0.3,6.6,1.7,20070305,0.0,71.1,5,7.4,-4.1,2007-03-05,232,-0.7,3,2007
64,9.2,0.0,4.9,0.0,20070306,0.0,47.9,6,-0.8,-5.8,2007-03-06,232,-3.2,3,2007
65,8.8,1.2,2.6,0.5,20070307,0.0,58.0,7,3.7,-5.5,2007-03-07,232,-1.1,3,2007
66,7.2,0.0,2.2,0.1,20070308,0.0,63.8,8,5.6,-4.3,2007-03-08,232,1.2,3,2007
67,8.6,0.0,1.3,0.0,20070309,0.0,65.4,9,10.6,-2.7,2007-03-09,232,3.4,3,2007
68,2.0,0.0,3.8,2.0,20070310,0.0,60.4,10,11.0,-2.0,2007-03-10,232,2.8,3,2007
69,5.1,0.0,3.4,0.0,20070311,0.0,60.3,11,5.4,-6.0,2007-03-11,232,-0.2,3,2007
70,9.6,0.0,2.1,0.0,20070312,0.0,53.5,12,9.1,-3.5,2007-03-12,232,2.8,3,2007
71,10.1,0.0,1.6,0.0,20070313,0.0,57.6,13,11.0,-3.9,2007-03-13,232,3.0,3,2007
72,7.3,0.0,1.0,0.0,20070314,0.0,56.6,14,14.3,-2.5,2007-03-14,232,5.2,3,2007
73,7.4,0.0,1.5,0.0,20070315,0.0,55.1,15,15.1,1.8,2007-03-15,232,7.3,3,2007
74,5.1,0.0,1.9,0.0,20070316,0.0,62.9,16,15.1,-0.5,2007-03-16,232,6.5,3,2007
75,5.5,0.0,1.6,0.0,20070317,0.0,62.0,17,12.0,-0.3,2007-03-17,232,5.3,3,2007
76,10.1,0.0,1.5,0.0,20070318,0.0,57.3,18,12.5,-2.0,2007-03-18,232,4.2,3,2007
77,10.3,0.0,1.2,0.0,20070319,0.0,59.0,19,13.5,-3.4,2007-03-19,232,4.6,3,2007
78,4.7,0.0,2.3,0.0,20070320,0.0,57.0,20,11.3,0.2,2007-03-20,232,5.5,3,2007
79,0.0,0.0,1.3,0.0,20070321,0.0,64.4,21,11.5,0.6,2007-03-21,232,6.3,3,2007
80,5.6,0.0,1.7,0.0,20070322,0.0,67.1,22,15.6,0.0,2007-03-22,232,7.4,3,2007
81,7.3,0.0,1.6,0.5,20070323,0.0,57.4,23,20.3,1.0,2007-03-23,232,10.7,3,2007
82,0.0,0.0,2.0,12.5,20070324,0.0,88.4,24,11.1,8.3,2007-03-24,232,9.7,3,2007
83,7.6,0.0,2.6,0.0,20070325,0.0,71.1,25,14.5,3.0,2007-03-25,232,8.7,3,2007
84,2.2,0.0,2.2,6.0,20070326,0.0,73.6,26,14.1,0.2,2007-03-26,232,7.5,3,2007
85,2.6,0.0,2.3,0.0,20070327,0.0,65.9,27,15.5,4.5,2007-03-27,232,10.4,3,2007
86,1.2,0.0,3.6,8.0,20070328,0.0,77.5,28,17.2,1.6,2007-03-28,232,8.4,3,2007
87,1.2,0.0,2.3,9.5,20070329,0.0,78.0,29,13.3,3.9,2007-03-29,232,7.7,3,2007
88,9.0,0.0,1.3,0.0,20070330,0.0,62.4,30,17.2,4.0,2007-03-30,232,10.7,3,2007
89,0.2,0.0,2.3,17.0,20070331,0.0,79.4,31,13.8,6.5,2007-03-31,232,9.9,3,2007
90,0.0,0.0,1.8,0.0,20070401,0.0,66.0,1,12.5,5.5,2007-04-01,232,8.6,4,2007
91,9.8,0.0,3.5,0.0,20070402,0.0,59.3,2,9.5,2.4,2007-04-02,232,5.3,4,2007
92,11.4,0.0,3.7,0.0,20070403,0.0,49.1,3,9.8,1.0,2007-04-03,232,5.6,4,2007
93,11.4,0.0,3.4,0.0,20070404,0.0,48.5,4,10.3,0.6,2007-04-04,232,6.1,4,2007
94,9.1,0.0,1.6,0.0,20070405,0.0,55.8,5,15.5,-1.8,2007-04-05,232,7.0,4,2007
95,9.1,0.0,1.7,0.0,20070406,0.0,55.6,6,16.8,3.0,2007-04-06,232,9.3,4,2007
96,6.8,0.0,1.5,0.0,20070407,0.0,69.3,7,15.5,1.0,2007-04-07,232,8.1,4,2007
97,9.2,0.0,1.9,0.0,20070408,0.0,64.9,8,14.8,3.0,2007-04-08,232,8.5,4,2007
98,11.5,0.0,1.8,0.0,20070409,0.0,52.1,9,17.3,-0.4,2007-04-09,232,8.7,4,2007
99,8.8,0.0,2.2,0.0,20070410,0.0,47.0,10,18.5,2.7,2007-04-10,232,11.2,4,2007
100,8.6,0.0,1.9,7.5,20070411,0.0,54.6,11,19.6,3.5,2007-04-11,232,11.4,4,2007
101,3.0,0.0,2.4,0.5,20070412,0.0,51.5,12,20.7,8.6,2007-04-12,232,14.6,4,2007
102,0.0,0.0,2.8,6.0,20070413,0.0,79.1,13,15.6,4.1,2007-04-13,232,10.0,4,2007
103,11.3,0.0,2.2,0.1,20070414,0.0,62.8,14,18.3,1.1,2007-04-14,232,9.7,4,2007
104,5.7,0.0,1.5,2.5,20070415,0.0,57.8,15,19.2,6.6,2007-04-15,232,12.8,4,2007
105,1.9,0.0,1.8,15.0,20070416,0.0,79.8,16,11.8,4.6,2007-04-16,232,8.1,4,2007
106,7.8,0.0,1.6,0.0,20070417,0.0,66.1,17,14.6,2.2,2007-04-17,232,8.5,4,2007
107,11.0,0.0,1.4,0.0,20070418,0.0,57.1,18,17.2,3.4,2007-04-18,232,9.9,4,2007
108,10.6,0.0,2.4,0.0,20070419,0.0,44.1,19,20.0,2.9,2007-04-19,232,12.1,4,2007
109,0.5,0.0,3.0,0.2,20070420,0.0,57.3,20,20.2,7.1,2007-04-20,232,15.0,4,2007
110,6.1,0.0,2.1,0.0,20070421,0.0,68.5,21,25.6,10.0,2007-04-21,232,18.5,4,2007
111,0.1,0.0,3.1,0.0,20070422,0.0,66.6,22,19.2,7.3,2007-04-22,232,12.6,4,2007
112,11.0,0.0,1.5,0.0,20070423,0.0,48.5,23,21.3,3.7,2007-04-23,232,12.9,4,2007
113,1.6,0.0,1.3,0.0,20070424,0.0,56.1,24,17.3,5.5,2007-04-24,232,11.3,4,2007
114,11.6,0.0,2.5,0.0,20070425,0.0,59.0,25,19.7,5.0,2007-04-25,232,13.0,4,2007
115,9.2,0.0,1.6,0.0,20070426,0.0,52.9,26,22.5,4.6,2007-04-26,232,13.5,4,2007
116,9.3,0.0,2.4,0.0,20070427,0.0,44.1,27,23.1,6.0,2007-04-27,232,13.5,4,2007
117,12.5,0.0,2.1,0.0,20070428,0.0,43.1,28,22.2,3.2,2007-04-28,232,13.1,4,2007
118,12.0,0.0,2.0,0.0,20070429,0.0,42.3,29,23.7,4.0,2007-04-29,232,14.1,4,2007
119,0.0,0.0,1.2,3.5,20070430,0.0,52.6,30,19.2,5.6,2007-04-30,232,12.8,4,2007
120,0.0,0.0,1.3,23.0,20070501,0.0,87.8,1,14.6,10.6,2007-05-01,232,12.4,5,2007
121,11.1,0.0,1.6,0.1,20070502,0.0,62.3,2,22.7,10.0,2007-05-02,232,15.3,5,2007
122,0.9,0.0,2.0,0.0,20070503,0.0,72.0,3,21.1,10.3,2007-05-03,232,15.6,5,2007
123,8.7,0.0,1.9,0.1,20070504,0.0,65.5,4,24.7,10.1,2007-05-04,232,17.1,5,2007
124,10.2,0.0,1.4,0.0,20070505,0.0,62.3,5,28.5,10.3,2007-05-05,232,19.1,5,2007
125,0.8,0.0,1.4,1.5,20070506,0.0,73.1,6,23.1,13.8,2007-05-06,232,17.5,5,2007
126,11.4,0.0,1.9,0.0,20070507,0.0,56.9,7,27.2,11.1,2007-05-07,232,18.5,5,2007
127,10.8,0.0,2.0,0.0,20070508,0.0,51.6,8,27.7,12.3,2007-05-08,232,19.4,5,2007
128,2.1,0.0,2.6,9.0,20070509,0.0,63.9,9,22.7,10.5,2007-05-09,232,15.9,5,2007
129,10.4,0.0,2.3,0.0,20070510,0.0,64.3,10,21.7,9.1,2007-05-10,232,15.2,5,2007
130,9.2,0.0,1.8,0.0,20070511,0.0,52.8,11,27.2,10.8,2007-05-11,232,18.2,5,2007
131,0.0,0.0,2.6,6.0,20070512,0.0,74.8,12,18.3,11.8,2007-05-12,232,14.7,5,2007
132,12.2,0.0,2.3,0.0,20070513,0.0,50.9,13,24.6,7.5,2007-05-13,232,16.5,5,2007
133,7.8,0.0,3.2,0.0,20070514,0.0,58.3,14,24.0,12.1,2007-05-14,232,17.6,5,2007
134,9.2,0.0,1.6,0.0,20070515,0.0,56.0,15,26.2,10.6,2007-05-15,232,18.6,5,2007
135,0.0,0.0,2.0,47.5,20070516,0.0,71.9,16,19.3,13.6,2007-05-16,232,16.3,5,2007
136,9.0,0.0,4.5,4.5,20070517,0.0,58.6,17,24.1,12.8,2007-05-17,232,17.9,5,2007
137,3.7,0.0,2.9,1.5,20070518,0.0,66.5,18,18.7,11.8,2007-05-18,232,15.1,5,2007
138,10.1,0.0,1.7,0.5,20070519,0.0,65.6,19,21.7,10.5,2007-05-19,232,15.9,5,2007
139,10.4,0.0,1.6,0.0,20070520,0.0,65.8,20,24.6,9.6,2007-05-20,232,16.5,5,2007
140,6.5,0.0,1.3,0.0,20070521,0.0,56.9,21,24.3,10.3,2007-05-21,232,16.6,5,2007
141,12.0,0.0,1.3,0.0,20070522,0.0,54.6,22,26.7,8.6,2007-05-22,232,18.1,5,2007
142,3.3,0.0,1.3,0.0,20070523,0.0,57.0,23,25.8,11.8,2007-05-23,232,19.3,5,2007
143,2.3,0.0,2.2,30.5,20070524,0.0,71.8,24,27.1,15.6,2007-05-24,232,19.6,5,2007
144,9.3,0.0,2.9,2.0,20070525,0.0,64.8,25,24.3,16.6,2007-05-25,232,19.6,5,2007
145,11.5,0.0,2.1,0.0,20070526,0.0,52.1,26,25.6,12.5,2007-05-26,232,19.3,5,2007
146,9.6,0.0,1.7,0.0,20070527,0.0,56.0,27,28.8,14.5,2007-05-27,232,21.1,5,2007
147,10.8,0.0,2.5,0.0,20070528,0.0,59.4,28,25.3,14.1,2007-05-28,232,19.6,5,2007
148,3.5,0.0,2.5,0.0,20070529,0.0,67.4,29,22.7,15.6,2007-05-29,232,18.7,5,2007
149,9.0,0.0,2.2,0.0,20070530,0.0,67.5,30,22.3,13.8,2007-05-30,232,17.7,5,2007
150,10.8,0.0,0.8,0.0,20070531,0.0,62.5,31,27.8,11.8,2007-05-31,232,20.1,5,2007
151,0.4,0.0,1.4,0.0,20070601,0.0,70.8,1,23.6,17.3,2007-06-01,232,19.6,6,2007
152,11.7,0.0,1.8,0.0,20070602,0.0,58.8,2,27.8,15.0,2007-06-02,232,21.3,6,2007
153,11.6,0.0,1.9,0.0,20070603,0.0,60.8,3,29.1,16.0,2007-06-03,232,22.4,6,2007
154,2.5,0.0,1.3,0.0,20070604,0.0,67.1,4,27.0,16.7,2007-06-04,232,21.6,6,2007
155,2.1,0.0,2.0,0.0,20070605,0.0,72.3,5,24.2,17.1,2007-06-05,232,20.9,6,2007
156,1.7,0.0,2.4,1.0,20070606,0.0,72.0,6,24.5,18.1,2007-06-06,232,20.5,6,2007
157,4.2,0.0,1.9,0.0,20070607,0.0,67.5,7,25.8,16.7,2007-06-07,232,21.0,6,2007
158,3.7,0.0,1.6,0.1,20070608,0.0,69.6,8,25.1,17.1,2007-06-08,232,20.5,6,2007
159,10.6,0.0,2.0,0.0,20070609,0.0,60.9,9,24.8,14.0,2007-06-09,232,19.6,6,2007
160,11.4,0.0,1.4,0.0,20070610,0.0,62.4,10,29.1,13.6,2007-06-10,232,21.4,6,2007
161,10.2,0.0,1.5,0.0,20070611,0.0,57.9,11,29.2,16.0,2007-06-11,232,22.0,6,2007
162,12.2,0.0,1.4,0.0,20070612,0.0,54.6,12,29.7,15.6,2007-06-12,232,22.7,6,2007
163,5.0,0.0,1.1,0.1,20070613,0.0,62.4,13,28.6,16.2,2007-06-13,232,22.2,6,2007
164,0.9,0.0,1.9,4.0,20070614,0.0,64.9,14,25.3,18.8,2007-06-14,232,21.8,6,2007
165,5.8,0.0,2.4,0.0,20070615,0.0,53.3,15,27.0,16.0,2007-06-15,232,21.3,6,2007
166,11.8,0.0,1.9,0.0,20070616,0.0,40.9,16,30.7,13.6,2007-06-16,232,22.6,6,2007
167,5.0,0.0,1.8,0.0,20070617,0.0,42.9,17,27.8,15.3,2007-06-17,232,22.5,6,2007
168,12.9,0.0,1.4,0.0,20070618,0.0,54.5,18,31.7,17.1,2007-06-18,232,23.5,6,2007
169,11.0,0.0,1.4,0.0,20070619,0.0,58.4,19,32.0,16.1,2007-06-19,232,23.8,6,2007
170,7.3,0.0,1.7,0.0,20070620,0.0,68.4,20,29.0,17.7,2007-06-20,232,23.4,6,2007
171,0.0,0.0,1.0,29.5,20070621,0.0,84.6,21,24.1,19.8,2007-06-21,232,21.2,6,2007
172,7.1,0.0,1.1,3.5,20070622,0.0,75.5,22,28.6,19.7,2007-06-22,232,23.6,6,2007
173,1.2,0.0,1.4,12.5,20070623,0.0,79.6,23,27.2,16.7,2007-06-23,232,21.7,6,2007
174,0.0,0.0,1.5,44.0,20070624,0.0,86.3,24,21.7,16.6,2007-06-24,232,19.4,6,2007
175,2.9,0.0,1.2,0.0,20070625,0.0,75.8,25,25.7,18.7,2007-06-25,232,22.1,6,2007
176,9.2,0.0,1.4,0.0,20070626,0.0,70.3,26,30.1,19.2,2007-06-26,232,24.1,6,2007
177,4.2,0.0,1.3,0.0,20070627,0.0,75.8,27,30.0,19.2,2007-06-27,232,24.8,6,2007
178,0.0,0.0,1.8,10.0,20070628,0.0,79.3,28,29.7,23.5,2007-06-28,232,25.7,6,2007
179,0.1,0.0,1.7,1.5,20070629,0.0,80.0,29,25.2,19.8,2007-06-29,232,22.7,6,2007
180,6.7,0.0,1.3,1.0,20070630,0.0,70.0,30,29.5,18.6,2007-06-30,232,24.4,6,2007
181,0.0,0.0,2.5,48.5,20070701,0.0,81.1,1,23.2,19.6,2007-07-01,232,21.0,7,2007
182,0.0,0.0,1.5,8.5,20070702,0.0,82.9,2,25.5,20.7,2007-07-02,232,22.6,7,2007
183,1.1,0.0,1.0,2.0,20070703,0.0,76.1,3,28.2,21.6,2007-07-03,232,24.3,7,2007
184,4.1,0.0,1.4,6.5,20070704,0.0,80.1,4,27.3,20.2,2007-07-04,232,22.1,7,2007
185,1.7,0.0,1.6,0.3,20070705,0.0,77.5,5,26.2,19.2,2007-07-05,232,22.7,7,2007
186,5.7,0.0,1.1,0.0,20070706,0.0,73.9,6,30.0,19.0,2007-07-06,232,24.4,7,2007
187,8.7,0.0,1.5,0.0,20070707,0.0,69.6,7,30.6,20.7,2007-07-07,232,25.2,7,2007
188,4.8,0.0,1.0,0.0,20070708,0.0,73.8,8,31.3,21.2,2007-07-08,232,25.2,7,2007
189,2.1,0.0,2.9,9.5,20070709,0.0,72.3,9,27.3,20.0,2007-07-09,232,23.1,7,2007
190,0.0,0.0,1.3,21.0,20070710,0.0,86.4,10,22.7,19.6,2007-07-10,232,21.0,7,2007
191,1.5,0.0,1.9,1.0,20070711,0.0,76.3,11,27.7,20.6,2007-07-11,232,23.5,7,2007
192,8.6,0.0,1.4,0.0,20070712,0.0,73.8,12,29.2,19.6,2007-07-12,232,23.9,7,2007
193,4.2,0.0,2.6,0.0,20070713,0.0,70.6,13,27.8,18.7,2007-07-13,232,23.8,7,2007
194,6.8,0.0,4.1,0.0,20070714,0.0,58.3,14,27.7,20.7,2007-07-14,232,23.6,7,2007
195,8.1,0.0,1.2,1.0,20070715,0.0,67.4,15,29.8,16.8,2007-07-15,232,23.7,7,2007
196,0.3,0.0,2.7,8.0,20070716,0.0,79.8,16,24.2,20.6,2007-07-16,232,21.6,7,2007
197,1.7,0.0,2.3,1.5,20070717,0.0,79.1,17,26.7,19.3,2007-07-17,232,21.6,7,2007
198,8.3,0.0,1.5,0.0,20070718,0.0,71.8,18,31.2,18.0,2007-07-18,232,24.6,7,2007
199,0.1,0.0,1.7,36.5,20070719,0.0,87.5,19,26.7,23.0,2007-07-19,232,24.1,7,2007
200,1.0,0.0,1.0,0.0,20070720,0.0,76.9,20,29.2,23.2,2007-07-20,232,25.6,7,2007
201,0.0,0.0,1.4,0.4,20070721,0.0,77.5,21,25.7,20.7,2007-07-21,232,23.3,7,2007
202,6.3,0.0,1.2,0.0,20070722,0.0,67.1,22,29.6,20.1,2007-07-22,232,23.8,7,2007
203,0.6,0.0,1.0,0.3,20070723,0.0,72.6,23,27.7,20.1,2007-07-23,232,23.8,7,2007
204,0.0,0.0,1.1,58.0,20070724,0.0,82.5,24,26.1,21.5,2007-07-24,232,23.8,7,2007
205,0.0,0.0,1.3,0.1,20070725,0.0,78.8,25,27.2,21.7,2007-07-25,232,24.3,7,2007
206,7.0,0.0,1.0,0.0,20070726,0.0,74.9,26,31.6,21.5,2007-07-26,232,26.7,7,2007
207,5.9,0.0,1.6,0.0,20070727,0.0,74.8,27,31.2,23.2,2007-07-27,232,26.9,7,2007
208,1.4,0.0,1.4,0.0,20070728,0.0,76.0,28,31.1,23.7,2007-07-28,232,26.5,7,2007
209,0.5,0.0,1.2,12.5,20070729,0.0,80.8,29,28.3,21.6,2007-07-29,232,24.6,7,2007
210,7.4,0.0,1.1,0.0,20070730,0.0,75.6,30,30.6,21.0,2007-07-30,232,24.7,7,2007
211,6.9,0.0,1.0,0.0,20070731,0.0,74.0,31,30.3,20.8,2007-07-31,232,25.3,7,2007
212,2.1,0.0,2.2,2.5,20070801,0.0,71.3,1,31.2,22.7,2007-08-01,232,27.0,8,2007
213,6.8,0.0,1.6,5.0,20070802,0.0,74.6,2,33.2,24.7,2007-08-02,232,27.9,8,2007
214,0.9,0.0,1.1,55.5,20070803,0.0,83.6,3,31.2,23.3,2007-08-03,232,26.3,8,2007
215,0.0,0.0,1.8,144.5,20070804,0.0,86.9,4,26.1,22.6,2007-08-04,232,24.4,8,2007
216,0.5,0.0,1.2,51.5,20070805,0.0,85.9,5,27.1,22.6,2007-08-05,232,23.8,8,2007
217,1.0,0.0,1.6,3.5,20070806,0.0,81.8,6,26.7,22.8,2007-08-06,232,24.2,8,2007
218,0.1,0.0,1.4,32.5,20070807,0.0,86.0,7,26.7,22.5,2007-08-07,232,23.9,8,2007
219,1.1,0.0,1.8,39.5,20070808,0.0,82.8,8,30.1,21.6,2007-08-08,232,25.4,8,2007
220,0.7,0.0,2.0,0.5,20070809,0.0,79.0,9,30.6,24.2,2007-08-09,232,27.1,8,2007
221,5.3,0.0,1.7,13.5,20070810,0.0,79.4,10,32.0,24.2,2007-08-10,232,26.8,8,2007
222,9.5,0.0,2.0,0.0,20070811,0.0,68.5,11,32.2,23.8,2007-08-11,232,27.6,8,2007
223,0.2,0.0,3.3,12.0,20070812,0.0,76.4,12,28.1,24.5,2007-08-12,232,25.9,8,2007
224,1.8,0.0,1.8,6.5,20070813,0.0,77.4,13,30.8,24.2,2007-08-13,232,26.8,8,2007
225,0.5,0.0,1.8,14.0,20070814,0.0,83.5,14,28.1,24.2,2007-08-14,232,25.7,8,2007
226,1.2,0.0,1.2,2.5,20070815,0.0,80.3,15,31.8,22.2,2007-08-15,232,26.2,8,2007
227,8.7,0.0,1.6,0.0,20070816,0.0,73.5,16,32.5,24.2,2007-08-16,232,27.6,8,2007
228,11.7,0.0,1.4,0.0,20070817,0.0,74.3,17,32.2,22.2,2007-08-17,232,26.7,8,2007
229,7.1,0.0,1.4,0.0,20070818,0.0,75.3,18,30.7,22.5,2007-08-18,232,26.0,8,2007
230,8.0,0.0,1.2,0.0,20070819,0.0,75.0,19,32.0,22.6,2007-08-19,232,26.4,8,2007
231,9.4,0.0,1.3,0.0,20070820,0.0,73.8,20,32.0,21.8,2007-08-20,232,26.6,8,2007
232,7.0,0.0,1.6,0.0,20070821,0.0,75.1,21,32.0,23.2,2007-08-21,232,27.0,8,2007
233,5.8,0.0,1.1,2.0,20070822,0.0,80.0,22,30.1,20.6,2007-08-22,232,25.5,8,2007
234,11.8,0.0,1.2,0.0,20070823,0.0,72.0,23,31.6,18.2,2007-08-23,232,24.4,8,2007
235,10.7,0.0,1.2,0.0,20070824,0.0,70.0,24,33.7,19.8,2007-08-24,232,26.6,8,2007
236,10.1,0.0,1.1,0.0,20070825,0.0,71.5,25,34.9,23.1,2007-08-25,232,28.1,8,2007
237,3.0,0.0,1.1,15.5,20070826,0.0,82.6,26,32.0,23.5,2007-08-26,232,25.8,8,2007
238,4.1,0.0,1.6,16.5,20070827,0.0,81.0,27,30.2,24.1,2007-08-27,232,26.3,8,2007
239,0.6,0.0,1.0,17.5,20070828,0.0,79.5,28,29.6,23.7,2007-08-28,232,26.1,8,2007
240,0.0,0.0,2.1,35.5,20070829,0.0,85.6,29,24.2,20.8,2007-08-29,232,22.6,8,2007
241,0.8,0.0,2.5,0.0,20070830,0.0,73.6,30,24.0,20.5,2007-08-30,232,21.7,8,2007
242,0.1,0.0,1.5,0.1,20070831,0.0,71.4,31,25.2,19.7,2007-08-31,232,22.5,8,2007
243,0.0,0.0,1.8,43.0,20070901,0.0,87.4,1,22.2,18.7,2007-09-01,232,19.4,9,2007
244,0.0,0.0,2.4,12.5,20070902,0.0,86.6,2,20.6,18.0,2007-09-02,232,19.2,9,2007
245,0.0,0.0,1.1,5.5,20070903,0.0,81.0,3,24.8,18.7,2007-09-03,232,20.9,9,2007
246,0.0,0.0,1.3,7.5,20070904,0.0,79.0,4,24.3,20.0,2007-09-04,232,21.7,9,2007
247,0.0,0.0,1.8,38.5,20070905,0.0,85.3,5,21.6,18.3,2007-09-05,232,19.3,9,2007
248,0.0,0.0,2.0,27.5,20070906,0.0,83.8,6,18.8,17.2,2007-09-06,232,18.0,9,2007
249,3.3,0.0,1.2,0.0,20070907,0.0,73.4,7,26.2,17.3,2007-09-07,232,21.0,9,2007
250,8.2,0.0,1.7,0.0,20070908,0.0,68.8,8,25.7,16.7,2007-09-08,232,20.7,9,2007
251,10.4,0.0,1.3,1.5,20070909,0.0,72.3,9,27.2,14.6,2007-09-09,232,20.9,9,2007
252,10.3,0.0,1.3,0.0,20070910,0.0,75.1,10,28.7,15.1,2007-09-10,232,21.3,9,2007
253,5.4,0.0,1.2,0.0,20070911,0.0,75.8,11,28.0,17.8,2007-09-11,232,22.1,9,2007
254,7.2,0.0,1.0,0.0,20070912,0.0,75.6,12,30.2,16.7,2007-09-12,232,22.1,9,2007
255,1.0,0.0,0.8,0.0,20070913,0.0,77.4,13,28.2,17.5,2007-09-13,232,22.7,9,2007
256,0.2,0.0,2.2,85.0,20070914,0.0,78.6,14,25.7,18.2,2007-09-14,232,20.5,9,2007
257,0.2,0.0,1.1,14.0,20070915,0.0,84.0,15,23.7,18.6,2007-09-15,232,21.0,9,2007
258,0.0,0.0,1.0,25.5,20070916,0.0,86.3,16,22.1,19.0,2007-09-16,232,20.3,9,2007
259,7.7,0.0,1.9,3.0,20070917,0.0,71.6,17,27.8,19.1,2007-09-17,232,23.4,9,2007
260,0.5,0.0,2.9,31.5,20070918,0.0,75.4,18,25.7,19.2,2007-09-18,232,22.4,9,2007
261,5.1,0.0,2.2,10.0,20070919,0.0,74.5,19,30.2,21.2,2007-09-19,232,25.3,9,2007
262,9.5,0.0,2.3,2.0,20070920,0.0,66.4,20,32.0,21.7,2007-09-20,232,27.4,9,2007
263,0.3,0.0,2.0,0.3,20070921,0.0,72.8,21,26.7,21.2,2007-09-21,232,23.6,9,2007
264,0.0,0.0,1.4,9.5,20070922,0.0,83.6,22,23.0,18.6,2007-09-22,232,20.4,9,2007
265,0.5,0.0,2.2,1.5,20070923,0.0,72.4,23,23.2,18.1,2007-09-23,232,20.3,9,2007
266,4.0,0.0,1.3,6.5,20070924,0.0,79.3,24,26.2,17.3,2007-09-24,232,20.8,9,2007
267,7.8,0.0,0.8,0.0,20070925,0.0,75.5,25,29.2,18.1,2007-09-25,232,22.2,9,2007
268,6.5,0.0,1.7,0.0,20070926,0.0,70.6,26,27.7,18.1,2007-09-26,232,22.1,9,2007
269,3.4,0.0,2.1,6.5,20070927,0.0,72.4,27,26.7,20.2,2007-09-27,232,23.1,9,2007
270,0.3,0.0,1.8,10.5,20070928,0.0,72.0,28,20.5,14.3,2007-09-28,232,17.7,9,2007
271,0.6,0.0,1.4,0.5,20070929,0.0,74.4,29,22.8,11.3,2007-09-29,232,18.1,9,2007
272,0.0,0.0,1.1,11.0,20070930,0.0,85.1,30,18.6,16.5,2007-09-30,232,17.3,9,2007
273,2.4,0.0,0.8,0.0,20071001,0.0,79.1,1,23.0,15.8,2007-10-01,232,18.0,10,2007
274,1.4,0.0,0.5,0.1,20071002,0.0,76.0,2,24.3,16.5,2007-10-02,232,19.6,10,2007
275,0.0,0.0,1.1,0.0,20071003,0.0,77.5,3,22.5,18.5,2007-10-03,232,20.3,10,2007
276,2.3,0.0,1.0,1.5,20071004,0.0,80.0,4,24.8,16.5,2007-10-04,232,20.5,10,2007
277,10.8,0.0,1.6,0.0,20071005,0.0,69.3,5,26.2,14.8,2007-10-05,232,19.8,10,2007
278,9.9,0.0,2.1,0.0,20071006,0.0,61.1,6,25.7,16.0,2007-10-06,232,20.3,10,2007
279,7.9,0.0,2.3,0.0,20071007,0.0,66.0,7,26.5,14.5,2007-10-07,232,20.6,10,2007
280,8.7,0.0,2.5,0.0,20071008,0.0,60.6,8,18.7,10.8,2007-10-08,232,14.7,10,2007
281,10.7,0.0,1.2,0.0,20071009,0.0,68.1,9,21.6,6.6,2007-10-09,232,13.6,10,2007
282,2.9,0.0,1.3,0.0,20071010,0.0,73.3,10,24.2,9.5,2007-10-10,232,16.2,10,2007
283,3.0,0.0,1.6,0.0,20071011,0.0,61.4,11,20.2,13.6,2007-10-11,232,16.1,10,2007
284,2.5,0.0,1.3,0.0,20071012,0.0,61.8,12,22.1,12.5,2007-10-12,232,15.9,10,2007
285,2.9,0.0,0.9,0.0,20071013,0.0,67.6,13,19.8,10.1,2007-10-13,232,13.5,10,2007
286,8.4,0.0,1.3,0.0,20071014,0.0,69.4,14,21.2,9.1,2007-10-14,232,13.7,10,2007
287,7.7,0.0,1.2,0.0,20071015,0.0,73.5,15,22.1,6.6,2007-10-15,232,13.5,10,2007
288,8.8,0.0,1.1,0.0,20071016,0.0,73.4,16,20.2,7.1,2007-10-16,232,12.9,10,2007
289,8.9,0.0,1.2,0.0,20071017,0.0,72.9,17,19.7,6.5,2007-10-17,232,12.6,10,2007
290,8.9,0.0,0.7,0.0,20071018,0.0,72.0,18,21.2,5.4,2007-10-18,232,12.8,10,2007
291,4.3,0.0,2.3,7.0,20071019,0.0,71.3,19,14.8,5.0,2007-10-19,232,10.7,10,2007
292,8.5,0.0,3.3,3.0,20071020,0.0,58.3,20,11.5,4.1,2007-10-20,232,7.6,10,2007
293,9.2,0.0,1.5,0.0,20071021,0.0,72.5,21,18.7,1.8,2007-10-21,232,9.8,10,2007
294,9.5,0.0,1.1,0.0,20071022,0.0,75.0,22,20.7,6.9,2007-10-22,232,12.8,10,2007
295,7.3,0.0,0.9,0.0,20071023,0.0,78.4,23,22.6,8.3,2007-10-23,232,13.5,10,2007
296,8.6,0.0,1.2,0.0,20071024,0.0,74.3,24,23.3,8.6,2007-10-24,232,14.4,10,2007
297,0.0,0.0,1.3,27.5,20071025,0.0,84.1,25,17.6,9.5,2007-10-25,232,14.5,10,2007
298,6.3,0.0,1.3,4.0,20071026,0.0,78.3,26,21.6,10.6,2007-10-26,232,15.2,10,2007
299,9.7,0.0,0.5,0.0,20071027,0.0,71.5,27,21.7,7.0,2007-10-27,232,12.6,10,2007
300,2.0,0.0,1.9,0.3,20071028,0.0,73.6,28,17.6,6.8,2007-10-28,232,13.3,10,2007
301,2.5,0.0,2.6,0.0,20071029,0.0,66.6,29,14.1,8.3,2007-10-29,232,10.6,10,2007
302,8.2,0.0,1.1,0.0,20071030,0.0,70.6,30,15.3,4.0,2007-10-30,232,9.5,10,2007
303,2.6,0.0,1.1,0.0,20071031,0.0,71.1,31,16.2,4.0,2007-10-31,232,9.9,10,2007
304,6.9,0.0,2.8,0.0,20071101,0.0,54.1,1,12.6,5.5,2007-11-01,232,9.7,11,2007
305,5.0,0.0,1.6,0.5,20071102,0.0,68.3,2,14.3,4.5,2007-11-02,232,8.9,11,2007
306,7.7,0.0,1.3,0.0,20071103,0.0,68.9,3,16.1,3.2,2007-11-03,232,8.4,11,2007
307,9.7,0.0,1.0,0.0,20071104,0.0,67.0,4,16.1,0.5,2007-11-04,232,7.0,11,2007
308,0.7,0.0,0.7,0.0,20071105,0.0,72.5,5,13.6,1.7,2007-11-05,232,6.9,11,2007
309,6.0,0.0,0.5,0.0,20071106,0.0,75.5,6,19.1,2.2,2007-11-06,232,7.8,11,2007
310,9.2,0.0,0.6,0.0,20071107,0.0,69.0,7,20.2,1.8,2007-11-07,232,9.1,11,2007
311,8.4,0.0,0.5,0.0,20071108,0.0,71.6,8,20.8,2.7,2007-11-08,232,9.4,11,2007
312,7.2,0.0,1.9,0.0,20071109,0.0,68.4,9,19.2,3.9,2007-11-09,232,11.1,11,2007
313,0.6,0.0,2.0,0.0,20071110,0.0,67.5,10,13.5,5.4,2007-11-10,232,9.7,11,2007
314,2.0,0.0,1.4,0.0,20071111,0.0,70.0,11,11.8,2.7,2007-11-11,232,7.5,11,2007
315,8.7,0.0,0.8,0.0,20071112,0.0,72.8,12,14.3,0.1,2007-11-12,232,6.1,11,2007
316,4.8,0.0,0.5,0.0,20071113,0.0,75.0,13,14.6,-0.2,2007-11-13,232,6.6,11,2007
317,5.2,0.0,0.8,0.0,20071114,0.0,74.5,14,17.0,3.4,2007-11-14,232,9.1,11,2007
318,5.4,0.0,1.9,0.0,20071115,0.0,71.9,15,12.1,2.7,2007-11-15,232,8.0,11,2007
319,9.2,0.0,1.3,0.0,20071116,0.0,66.1,16,10.0,-1.0,2007-11-16,232,4.5,11,2007
320,5.0,0.0,2.5,0.5,20071117,0.0,61.9,17,12.3,-1.7,2007-11-17,232,6.1,11,2007
321,9.0,0.0,4.3,0.0,20071118,0.0,38.3,18,6.5,-2.5,2007-11-18,232,0.7,11,2007
322,6.5,0.0,1.9,4.0,20071119,0.0,58.4,19,6.3,-6.6,2007-11-19,232,0.6,11,2007
323,8.8,0.0,2.6,0.0,20071120,0.0,55.0,20,6.5,-0.6,2007-11-20,232,2.5,11,2007
324,8.7,0.0,2.0,3.0,20071121,0.0,66.1,21,8.6,-1.7,2007-11-21,232,3.7,11,2007
325,7.4,0.0,0.8,0.0,20071122,0.0,59.5,22,9.5,-3.9,2007-11-22,232,3.5,11,2007
326,5.1,0.0,2.9,6.0,20071123,0.0,62.1,23,15.6,4.6,2007-11-23,232,9.6,11,2007
327,5.6,0.0,1.1,1.0,20071124,0.0,79.8,24,11.8,0.8,2007-11-24,232,7.2,11,2007
328,6.0,0.0,0.8,0.5,20071125,0.0,87.0,25,10.8,-1.6,2007-11-25,232,3.2,11,2007
329,0.0,0.0,1.5,0.1,20071126,0.0,79.5,26,9.8,0.6,2007-11-26,232,5.0,11,2007
330,8.9,0.0,1.8,0.0,20071127,0.0,65.4,27,6.6,-3.0,2007-11-27,232,0.9,11,2007
331,8.9,0.0,0.8,0.0,20071128,0.0,70.0,28,10.3,-5.3,2007-11-28,232,1.3,11,2007
332,8.5,0.0,1.8,0.0,20071129,0.0,67.9,29,11.6,-2.2,2007-11-29,232,4.5,11,2007
333,8.8,0.0,1.5,0.0,20071130,0.0,65.3,30,6.9,-3.0,2007-11-30,232,1.3,11,2007
334,5.2,0.0,1.2,0.0,20071201,0.0,73.1,1,10.3,-4.3,2007-12-01,232,2.0,12,2007
335,0.0,0.0,0.9,2.5,20071202,0.0,87.0,2,7.3,-0.2,2007-12-02,232,2.9,12,2007
336,3.3,0.0,2.3,0.2,20071203,0.0,64.6,3,6.6,-3.4,2007-12-03,232,1.9,12,2007
337,8.4,0.0,2.7,0.0,20071204,0.0,53.5,4,2.0,-3.9,2007-12-04,232,-0.7,12,2007
338,8.6,0.0,1.6,0.0,20071205,0.0,64.6,5,3.7,-6.5,2007-12-05,232,-2.0,12,2007
339,0.1,0.5,2.0,2.0,20071206,0.0,75.6,6,3.0,-5.1,2007-12-06,232,0.2,12,2007
340,2.2,0.0,2.0,1.0,20071207,0.0,77.3,7,6.5,-1.2,2007-12-07,232,2.9,12,2007
341,4.9,0.0,1.6,0.0,20071208,0.0,76.0,8,5.3,-3.5,2007-12-08,232,0.0,12,2007
342,8.4,0.0,0.8,0.0,20071209,0.0,76.6,9,7.9,-4.8,2007-12-09,232,0.4,12,2007
343,0.0,0.0,1.3,0.5,20071210,0.0,68.6,10,6.3,-3.5,2007-12-10,232,2.5,12,2007
344,0.0,0.0,1.1,8.5,20071211,0.0,90.0,11,7.0,1.3,2007-12-11,232,4.2,12,2007
345,2.4,0.0,0.8,0.0,20071212,0.0,83.3,12,7.9,0.8,2007-12-12,232,3.9,12,2007
346,3.2,0.0,2.7,0.5,20071213,0.0,67.8,13,5.1,0.4,2007-12-13,232,3.1,12,2007
347,8.1,0.0,1.4,0.0,20071214,0.0,62.6,14,5.3,-3.4,2007-12-14,232,0.8,12,2007
348,2.2,0.0,2.2,2.0,20071215,0.0,70.4,15,5.9,-2.9,2007-12-15,232,1.7,12,2007
349,6.8,0.0,1.1,0.0,20071216,0.0,71.3,16,5.5,-3.2,2007-12-16,232,0.6,12,2007
350,1.1,0.0,1.2,0.0,20071217,0.0,79.9,17,6.5,-2.9,2007-12-17,232,1.0,12,2007
351,1.4,0.0,0.7,0.0,20071218,0.0,85.0,18,2.7,-4.8,2007-12-18,232,-1.4,12,2007
352,6.8,0.0,0.9,0.0,20071219,0.0,78.1,19,5.8,-4.0,2007-12-19,232,0.2,12,2007
353,3.3,0.0,2.2,0.0,20071220,0.0,72.1,20,11.0,-1.8,2007-12-20,232,3.4,12,2007
354,2.3,0.0,0.7,0.0,20071221,0.0,84.4,21,8.3,-2.7,2007-12-21,232,1.2,12,2007
355,4.9,0.0,0.7,0.0,20071222,0.0,74.3,22,10.6,-2.9,2007-12-22,232,2.5,12,2007
356,1.6,0.0,1.8,0.0,20071223,0.0,77.5,23,8.6,-3.4,2007-12-23,232,2.1,12,2007
357,5.9,0.0,0.7,0.0,20071224,0.0,79.1,24,7.5,-4.4,2007-12-24,232,0.3,12,2007
358,3.4,0.0,0.8,0.0,20071225,0.0,75.3,25,10.6,-2.2,2007-12-25,232,2.9,12,2007
359,8.4,0.0,1.1,0.0,20071226,0.0,73.5,26,14.8,-1.1,2007-12-26,232,5.0,12,2007
360,0.2,0.0,1.0,2.5,20071227,0.0,80.6,27,10.3,-1.2,2007-12-27,232,4.8,12,2007
361,0.0,0.0,1.4,1.0,20071228,0.0,87.4,28,7.3,4.0,2007-12-28,232,5.3,12,2007
362,1.8,2.5,2.9,2.6,20071229,0.0,77.8,29,4.6,-1.7,2007-12-29,232,1.0,12,2007
363,0.7,7.9,3.0,12.4,20071230,0.0,70.3,30,-1.3,-8.1,2007-12-30,232,-4.9,12,2007
364,1.9,9.0,3.4,8.2,20071231,0.0,66.9,31,-1.6,-4.5,2007-12-31,232,-3.4,12,2007
