,rainfall,cloud,wind,date,day,snow,tmax,Date,tavg,year,month,humid,station_id,sunshine,tmin
0,0.0,0.0,0.9,20040101,1,0.0,8.1,2004-01-01,1.5,2004,1,77.5,232,1.7,-4.5
1,3.5,0.0,1.6,20040102,2,0.0,5.5,2004-01-02,1.1,2004,1,79.1,232,3.6,-4.0
2,0.0,0.0,1.1,20040103,3,0.0,8.1,2004-01-03,-0.2,2004,1,73.9,232,7.6,-5.0
3,0.0,0.0,0.7,20040104,4,0.0,7.3,2004-01-04,-1.6,2004,1,68.5,232,8.6,-6.9
4,0.0,0.0,0.4,20040105,5,0.0,9.5,2004-01-05,-1.3,2004,1,70.3,232,8.1,-7.5
5,0.0,0.0,0.9,20040106,6,0.0,8.5,2004-01-06,1.8,2004,1,73.4,232,2.3,-4.1
6,0.0,0.0,2.0,20040107,7,0.0,6.1,2004-01-07,0.7,2004,1,72.6,232,4.2,-2.7
7,0.0,0.0,0.7,20040108,8,0.0,7.4,2004-01-08,-2.4,2004,1,68.8,232,8.0,-8.3
8,0.0,0.0,1.1,20040109,9,0.0,6.0,2004-01-09,-0.8,2004,1,74.6,232,7.6,-5.5
9,0.0,0.0,2.4,20040110,10,0.0,2.7,2004-01-10,-0.8,2004,1,62.3,232,7.4,-4.6
10,0.0,0.0,0.9,20040111,11,0.0,6.1,2004-01-11,-2.6,2004,1,65.6,232,5.0,-8.8
11,0.5,0.0,2.5,20040112,12,0.5,3.5,2004-01-12,-2.1,2004,1,80.4,232,1.3,-8.1
12,3.1,0.0,4.1,20040113,13,5.7,-2.5,2004-01-13,-5.5,2004,1,74.9,232,5.0,-11.6
13,0.0,0.0,0.7,20040114,14,0.0,1.7,2004-01-14,-7.8,2004,1,69.6,232,8.6,-16.6
14,0.0,0.0,0.8,20040115,15,0.0,3.9,2004-01-15,-4.2,2004,1,74.0,232,2.8,-10.6
15,0.0,0.0,0.6,20040116,16,0.0,5.4,2004-01-16,-1.6,2004,1,79.1,232,1.3,-8.8
16,4.7,0.0,0.9,20040117,17,5.2,3.2,2004-01-17,0.3,2004,1,92.1,232,0.3,-3.2
17,1.5,0.0,1.8,20040118,18,0.7,3.0,2004-01-18,-0.2,2004,1,89.8,232,0.0,-2.4
18,0.6,0.0,2.0,20040119,19,1.5,2.2,2004-01-19,-1.1,2004,1,73.4,232,7.8,-4.3
19,0.2,0.0,1.9,20040120,20,0.5,2.0,2004-01-20,-3.8,2004,1,57.9,232,8.7,-9.1
20,0.0,0.0,3.0,20040121,21,0.3,-7.4,2004-01-21,-12.4,2004,1,59.0,232,4.3,-14.6
21,0.2,0.0,2.9,20040122,22,0.5,-7.1,2004-01-22,-11.4,2004,1,65.4,232,9.0,-14.6
22,0.0,0.0,1.4,20040123,23,0.0,-3.0,2004-01-23,-9.7,2004,1,70.0,232,8.8,-16.3
23,0.9,0.0,1.6,20040124,24,2.0,-2.0,2004-01-24,-8.4,2004,1,70.9,232,8.7,-16.5
24,1.2,0.0,1.5,20040125,25,1.6,-2.5,2004-01-25,-6.9,2004,1,76.1,232,3.6,-12.1
25,0.0,0.0,1.1,20040126,26,0.0,0.8,2004-01-26,-6.0,2004,1,69.6,232,7.4,-16.2
26,0.0,0.0,1.3,20040127,27,0.0,0.6,2004-01-27,-6.3,2004,1,74.4,232,7.3,-13.6
27,0.0,0.0,1.1,20040128,28,0.0,5.0,2004-01-28,-2.7,2004,1,76.9,232,4.5,-11.3
28,0.0,0.0,1.1,20040129,29,0.0,7.0,2004-01-29,0.8,2004,1,74.3,232,2.2,-6.4
29,0.0,0.0,1.0,20040130,30,0.0,6.4,2004-01-30,-0.8,2004,1,78.1,232,8.3,-6.1
30,0.0,0.0,1.0,20040131,31,0.0,9.0,2004-01-31,-0.7,2004,1,73.8,232,8.7,-7.5
31,0.0,0.0,1.1,20040201,1,0.0,9.5,2004-02-01,1.3,2004,2,67.1,232,6.4,-5.1
32,0.0,0.0,4.0,20040202,2,0.0,2.2,2004-02-02,-0.7,2004,2,53.3,232,8.0,-3.7
33,0.0,0.0,2.4,20040203,3,0.0,0.3,2004-02-03,-3.3,2004,2,56.9,232,7.0,-6.5
34,0.7,0.0,1.6,20040204,4,2.2,3.7,2004-02-04,-2.2,2004,2,70.3,232,6.6,-8.1
35,0.8,0.0,3.1,20040205,5,2.4,-0.8,2004-02-05,-3.8,2004,2,58.3,232,9.2,-6.1
36,0.9,0.0,2.3,20040206,6,2.7,1.2,2004-02-06,-4.2,2004,2,72.6,232,6.5,-11.6
37,0.8,0.0,2.7,20040207,7,2.2,-0.5,2004-02-07,-3.7,2004,2,68.9,232,7.8,-7.4
38,0.0,0.0,2.8,20040208,8,0.0,6.8,2004-02-08,0.4,2004,2,62.9,232,7.9,-7.5
39,0.0,0.0,1.4,20040209,9,0.0,3.2,2004-02-09,-3.0,2004,2,64.1,232,9.8,-9.1
40,0.0,0.0,0.9,20040210,10,0.0,4.9,2004-02-10,-2.6,2004,2,63.8,232,9.5,-10.3
41,0.0,0.0,2.1,20040211,11,0.0,9.0,2004-02-11,1.2,2004,2,71.6,232,4.6,-5.6
42,0.0,0.0,1.4,20040212,12,0.0,6.6,2004-02-12,-0.3,2004,2,70.1,232,9.7,-5.1
43,0.0,0.0,1.7,20040213,13,0.0,8.5,2004-02-13,2.4,2004,2,57.9,232,3.7,-5.1
44,0.5,0.0,5.3,20040214,14,0.0,8.5,2004-02-14,3.6,2004,2,58.0,232,3.4,-0.4
45,0.0,0.0,2.2,20040215,15,0.0,9.3,2004-02-15,1.8,2004,2,61.0,232,9.7,-6.0
46,0.0,0.0,1.8,20040216,16,0.0,12.3,2004-02-16,3.5,2004,2,64.0,232,8.1,-4.5
47,0.0,0.0,2.7,20040217,17,0.0,8.6,2004-02-17,3.7,2004,2,56.0,232,7.8,-3.4
48,0.0,0.0,1.6,20040218,18,0.0,13.8,2004-02-18,3.1,2004,2,51.5,232,9.8,-5.3
49,0.0,0.0,1.1,20040219,19,0.0,18.2,2004-02-19,5.0,2004,2,48.1,232,9.9,-5.3
50,0.0,0.0,1.6,20040220,20,0.0,20.6,2004-02-20,7.3,2004,2,54.0,232,9.2,-3.7
51,8.6,0.0,2.5,20040221,21,0.0,17.8,2004-02-21,12.7,2004,2,77.0,232,1.4,5.5
52,8.0,0.0,4.4,20040222,22,0.0,15.8,2004-02-22,5.2,2004,2,83.0,232,0.0,2.0
53,0.0,0.0,3.4,20040223,23,0.0,6.5,2004-02-23,1.5,2004,2,60.8,232,9.0,-3.0
54,0.0,0.0,2.3,20040224,24,0.0,9.3,2004-02-24,2.9,2004,2,70.1,232,4.5,-4.0
55,0.0,0.0,3.3,20040225,25,0.0,12.8,2004-02-25,6.5,2004,2,64.3,232,4.9,1.2
56,0.0,0.0,2.6,20040226,26,0.0,5.5,2004-02-26,1.2,2004,2,59.6,232,6.5,-3.2
57,0.0,0.0,1.8,20040227,27,0.0,7.5,2004-02-27,0.9,2004,2,58.3,232,10.1,-3.7
58,0.5,0.0,2.8,20040228,28,0.0,14.1,2004-02-28,6.3,2004,2,62.0,232,1.1,-3.0
59,0.5,0.0,3.8,20040229,29,0.0,7.9,2004-02-29,3.5,2004,2,54.3,232,7.3,1.2
60,0.0,0.0,3.0,20040301,1,0.0,7.0,2004-03-01,2.1,2004,3,42.1,232,9.9,-3.7
61,0.0,0.0,3.8,20040302,2,0.0,2.4,2004-03-02,-1.4,2004,3,38.3,232,10.6,-4.8
62,0.0,0.0,1.7,20040303,3,0.0,2.4,2004-03-03,-1.8,2004,3,43.4,232,4.1,-6.1
63,2.5,0.0,2.4,20040304,4,0.1,4.8,2004-03-04,0.0,2004,3,56.5,232,7.5,-8.8
64,14.8,0.0,1.4,20040305,5,13.2,1.7,2004-03-05,0.4,2004,3,88.9,232,0.0,-3.0
65,0.2,0.0,4.1,20040306,6,0.5,-0.8,2004-03-06,-2.8,2004,3,60.3,232,4.5,-4.8
66,0.0,0.0,2.5,20040307,7,0.0,2.4,2004-03-07,-3.1,2004,3,59.8,232,10.6,-8.6
67,0.0,0.0,1.4,20040308,8,0.0,7.0,2004-03-08,-0.5,2004,3,78.1,232,4.1,-9.5
68,0.0,0.0,2.5,20040309,9,0.0,12.8,2004-03-09,6.4,2004,3,66.9,232,9.4,-1.7
69,0.0,0.0,3.5,20040310,10,0.0,17.0,2004-03-10,11.2,2004,3,66.0,232,1.8,6.0
70,0.0,0.0,2.7,20040311,11,0.0,8.8,2004-03-11,4.7,2004,3,45.4,232,5.1,0.5
71,0.0,0.0,1.5,20040312,12,0.0,13.6,2004-03-12,5.2,2004,3,47.9,232,9.5,-1.0
72,0.0,0.0,1.2,20040313,13,0.0,14.6,2004-03-13,6.8,2004,3,62.0,232,6.7,-0.6
73,0.0,0.0,1.4,20040314,14,0.0,10.3,2004-03-14,5.7,2004,3,83.6,232,0.6,2.4
74,0.0,0.0,1.6,20040315,15,0.0,17.1,2004-03-15,7.9,2004,3,65.0,232,8.6,-1.1
75,0.0,0.0,3.0,20040316,16,0.0,21.7,2004-03-16,14.9,2004,3,43.6,232,5.8,4.0
76,3.0,0.0,5.2,20040317,17,0.0,19.0,2004-03-17,6.1,2004,3,67.8,232,0.1,-0.2
77,0.0,0.0,3.0,20040318,18,0.0,6.5,2004-03-18,1.7,2004,3,43.3,232,11.3,-2.0
78,0.0,0.0,1.4,20040319,19,0.0,10.1,2004-03-19,2.9,2004,3,57.4,232,7.7,-5.1
79,0.0,0.0,1.5,20040320,20,0.0,12.8,2004-03-20,4.9,2004,3,53.1,232,9.7,-1.7
80,0.0,0.0,1.6,20040321,21,0.0,17.5,2004-03-21,8.6,2004,3,51.5,232,6.5,0.4
81,0.5,0.0,1.7,20040322,22,0.0,15.6,2004-03-22,8.9,2004,3,56.4,232,8.6,1.8
82,0.0,0.0,1.4,20040323,23,0.0,16.2,2004-03-23,6.6,2004,3,46.9,232,9.6,-2.9
83,0.5,0.0,1.8,20040324,24,0.0,13.5,2004-03-24,6.5,2004,3,61.5,232,6.0,-0.8
84,0.0,0.0,1.5,20040325,25,0.0,13.5,2004-03-25,5.7,2004,3,60.5,232,6.6,0.4
85,0.0,0.0,1.2,20040326,26,0.0,17.0,2004-03-26,7.1,2004,3,53.6,232,11.2,-2.7
86,0.0,0.0,1.3,20040327,27,0.0,18.6,2004-03-27,7.7,2004,3,49.3,232,8.8,-2.2
87,0.0,0.0,1.7,20040328,28,0.0,20.2,2004-03-28,8.8,2004,3,45.6,232,11.2,-3.0
88,0.0,0.0,1.5,20040329,29,0.0,21.6,2004-03-29,13.6,2004,3,54.4,232,3.0,5.0
89,0.0,0.0,3.8,20040330,30,0.0,13.6,2004-03-30,9.5,2004,3,49.1,232,8.2,1.2
90,0.0,0.0,1.9,20040331,31,0.0,14.3,2004-03-31,6.1,2004,3,51.6,232,10.2,-3.0
91,6.0,0.0,2.2,20040401,1,0.0,18.5,2004-04-01,9.0,2004,4,56.4,232,4.9,-1.0
92,0.5,0.0,4.1,20040402,2,0.0,9.6,2004-04-02,6.7,2004,4,64.8,232,1.9,4.5
93,0.0,0.0,2.5,20040403,3,0.0,10.6,2004-04-03,5.2,2004,4,62.4,232,10.2,-0.3
94,0.0,0.0,2.1,20040404,4,0.0,12.6,2004-04-04,5.3,2004,4,52.4,232,11.5,-2.0
95,0.0,0.0,2.3,20040405,5,0.0,16.3,2004-04-05,7.3,2004,4,44.4,232,12.0,-2.7
96,2.0,0.0,1.3,20040406,6,0.0,14.1,2004-04-06,6.9,2004,4,56.5,232,0.4,0.8
97,0.0,0.0,3.1,20040407,7,0.0,14.3,2004-04-07,8.7,2004,4,53.9,232,8.1,3.5
98,0.0,0.0,2.0,20040408,8,0.0,17.7,2004-04-08,8.2,2004,4,45.9,232,11.9,-1.8
99,0.0,0.0,2.2,20040409,9,0.0,22.5,2004-04-09,12.5,2004,4,42.6,232,10.9,2.7
100,0.0,0.0,1.8,20040410,10,0.0,23.7,2004-04-10,14.0,2004,4,45.6,232,10.1,3.7
101,0.0,0.0,1.5,20040411,11,0.0,23.1,2004-04-11,14.2,2004,4,55.9,232,8.9,6.6
102,0.0,0.0,1.3,20040412,12,0.0,23.5,2004-04-12,14.0,2004,4,66.3,232,6.9,5.3
103,0.0,0.0,2.5,20040413,13,0.0,23.1,2004-04-13,15.2,2004,4,50.3,232,8.8,9.1
104,0.0,0.0,1.8,20040414,14,0.0,23.3,2004-04-14,13.7,2004,4,50.0,232,10.2,6.5
105,0.0,0.0,1.1,20040415,15,0.0,23.3,2004-04-15,12.4,2004,4,50.9,232,6.5,2.4
106,0.0,0.0,2.3,20040416,16,0.0,24.3,2004-04-16,15.4,2004,4,47.9,232,10.6,5.4
107,0.0,0.0,2.7,20040417,17,0.0,25.6,2004-04-17,16.5,2004,4,40.4,232,11.3,8.0
108,2.0,0.0,1.7,20040418,18,0.0,27.3,2004-04-18,17.2,2004,4,52.1,232,5.3,4.8
109,6.5,0.0,2.2,20040419,19,0.0,16.8,2004-04-19,14.4,2004,4,85.3,232,0.0,11.5
110,0.0,0.0,1.8,20040420,20,0.0,23.7,2004-04-20,15.3,2004,4,66.6,232,10.0,9.1
111,0.0,0.0,2.2,20040421,21,0.0,29.1,2004-04-21,19.3,2004,4,55.3,232,9.3,8.6
112,0.5,0.0,2.1,20040422,22,0.0,24.1,2004-04-22,15.3,2004,4,73.5,232,2.0,10.8
113,0.0,0.0,4.0,20040423,23,0.0,15.8,2004-04-23,11.6,2004,4,37.9,232,11.7,7.9
114,0.0,0.0,2.4,20040424,24,0.0,16.0,2004-04-24,9.7,2004,4,48.0,232,11.1,1.7
115,0.0,0.0,1.8,20040425,25,0.0,20.2,2004-04-25,11.0,2004,4,38.9,232,11.9,-0.2
116,33.5,0.0,1.9,20040426,26,0.0,13.8,2004-04-26,10.1,2004,4,61.8,232,0.0,6.9
117,16.5,0.0,2.4,20040427,27,0.0,10.6,2004-04-27,7.4,2004,4,82.8,232,0.5,3.2
118,0.0,0.0,1.7,20040428,28,0.0,18.7,2004-04-28,10.1,2004,4,64.9,232,12.2,1.0
119,0.0,0.0,1.9,20040429,29,0.0,22.7,2004-04-29,13.8,2004,4,52.0,232,12.1,4.1
120,0.0,0.0,1.3,20040430,30,0.0,23.1,2004-04-30,16.1,2004,4,66.3,232,1.3,9.6
121,0.0,0.0,2.7,20040501,1,0.0,25.0,2004-05-01,18.8,2004,5,55.4,232,9.7,12.6
122,0.1,0.0,2.8,20040502,2,0.0,21.1,2004-05-02,16.3,2004,5,65.8,232,0.0,13.0
123,21.5,0.0,2.3,20040503,3,0.0,18.2,2004-05-03,14.5,2004,5,91.9,232,0.0,10.0
124,2.0,0.0,2.9,20040504,4,0.0,20.1,2004-05-04,13.5,2004,5,60.4,232,11.1,8.5
125,0.0,0.0,2.8,20040505,5,0.0,23.5,2004-05-05,14.8,2004,5,58.0,232,11.7,5.4
126,0.0,0.0,2.1,20040506,6,0.0,23.7,2004-05-06,16.4,2004,5,51.5,232,11.5,9.5
127,0.0,0.0,1.1,20040507,7,0.0,26.5,2004-05-07,16.3,2004,5,51.1,232,10.8,6.0
128,2.0,0.0,1.5,20040508,8,0.0,22.0,2004-05-08,17.0,2004,5,61.4,232,0.0,9.8
129,43.5,0.0,2.3,20040509,9,0.0,16.6,2004-05-09,15.2,2004,5,88.5,232,0.0,13.3
130,9.5,0.0,1.8,20040510,10,0.0,17.5,2004-05-10,16.1,2004,5,86.1,232,0.0,14.3
131,0.0,0.0,1.1,20040511,11,0.0,23.0,2004-05-11,16.9,2004,5,74.8,232,5.9,11.5
132,20.0,0.0,1.2,20040512,12,0.0,18.1,2004-05-12,16.0,2004,5,88.5,232,0.0,13.1
133,0.5,0.0,2.6,20040513,13,0.0,18.3,2004-05-13,15.1,2004,5,80.9,232,3.6,12.3
134,0.0,0.0,1.4,20040514,14,0.0,27.0,2004-05-14,17.5,2004,5,67.4,232,8.1,10.1
135,2.0,0.0,1.2,20040515,15,0.0,16.7,2004-05-15,15.0,2004,5,82.6,232,0.0,12.8
136,0.0,0.0,1.3,20040516,16,0.0,21.2,2004-05-16,15.6,2004,5,73.1,232,3.5,11.8
137,0.0,0.0,2.5,20040517,17,0.0,18.3,2004-05-17,14.7,2004,5,71.6,232,5.5,10.6
138,0.0,0.0,2.7,20040518,18,0.0,25.0,2004-05-18,18.0,2004,5,60.6,232,6.3,10.1
139,0.0,0.0,3.3,20040519,19,0.0,26.6,2004-05-19,20.9,2004,5,45.4,232,10.9,16.8
140,0.0,0.0,3.0,20040520,20,0.0,25.8,2004-05-20,19.5,2004,5,62.3,232,8.1,14.8
141,1.5,0.0,3.1,20040521,21,0.0,22.1,2004-05-21,16.4,2004,5,63.0,232,9.6,10.3
142,0.0,0.0,1.9,20040522,22,0.0,24.5,2004-05-22,17.3,2004,5,50.5,232,13.0,9.1
143,0.0,0.0,2.2,20040523,23,0.0,22.0,2004-05-23,16.5,2004,5,61.0,232,12.0,10.6
144,0.0,0.0,2.0,20040524,24,0.0,25.1,2004-05-24,17.2,2004,5,57.4,232,13.2,9.6
145,0.0,0.0,1.6,20040525,25,0.0,26.7,2004-05-25,18.3,2004,5,51.6,232,12.2,10.1
146,0.0,0.0,0.9,20040526,26,0.0,20.7,2004-05-26,16.7,2004,5,66.8,232,0.0,12.1
147,0.5,0.0,1.6,20040527,27,0.0,28.1,2004-05-27,20.6,2004,5,66.5,232,3.5,14.1
148,24.5,0.0,1.9,20040528,28,0.0,22.7,2004-05-28,20.1,2004,5,84.5,232,0.0,18.0
149,0.0,0.0,1.4,20040529,29,0.0,25.7,2004-05-29,20.3,2004,5,75.0,232,7.3,15.8
150,0.0,0.0,1.8,20040530,30,0.0,26.7,2004-05-30,20.3,2004,5,73.6,232,3.6,16.0
151,0.0,0.0,2.7,20040531,31,0.0,24.3,2004-05-31,18.9,2004,5,53.1,232,12.5,12.8
152,0.0,0.0,1.3,20040601,1,0.0,28.7,2004-06-01,19.5,2004,6,52.8,232,12.7,9.5
153,0.0,0.0,1.4,20040602,2,0.0,30.0,2004-06-02,21.3,2004,6,53.5,232,11.8,13.0
154,0.0,0.0,1.4,20040603,3,0.0,32.0,2004-06-03,23.5,2004,6,54.5,232,12.1,13.8
155,0.0,0.0,1.4,20040604,4,0.0,31.7,2004-06-04,23.5,2004,6,53.3,232,8.3,16.8
156,0.0,0.0,1.4,20040605,5,0.0,31.0,2004-06-05,23.3,2004,6,51.0,232,4.6,15.3
157,0.0,0.0,1.4,20040606,6,0.0,29.1,2004-06-06,23.3,2004,6,50.1,232,2.0,18.7
158,0.5,0.0,1.4,20040607,7,0.0,21.2,2004-06-07,19.4,2004,6,68.8,232,0.0,17.5
159,2.0,0.0,1.4,20040608,8,0.0,21.2,2004-06-08,18.2,2004,6,76.8,232,0.5,15.5
160,0.0,0.0,1.6,20040609,9,0.0,26.0,2004-06-09,20.3,2004,6,68.4,232,10.9,15.3
161,0.0,0.0,1.3,20040610,10,0.0,29.3,2004-06-10,21.8,2004,6,68.0,232,10.4,14.3
162,0.0,0.0,1.8,20040611,11,0.0,30.7,2004-06-11,23.5,2004,6,56.1,232,11.5,17.2
163,0.0,0.0,2.0,20040612,12,0.0,28.7,2004-06-12,22.8,2004,6,62.3,232,10.0,16.7
164,0.0,0.0,2.0,20040613,13,0.0,27.0,2004-06-13,21.1,2004,6,55.9,232,13.1,12.8
165,0.0,0.0,1.3,20040614,14,0.0,28.7,2004-06-14,20.8,2004,6,52.5,232,12.1,12.6
166,0.0,0.0,0.9,20040615,15,0.0,32.5,2004-06-15,22.2,2004,6,51.0,232,10.7,12.8
167,0.0,0.0,1.4,20040616,16,0.0,31.2,2004-06-16,23.0,2004,6,53.1,232,7.1,14.6
168,39.5,0.0,2.0,20040617,17,0.0,20.0,2004-06-17,17.7,2004,6,84.5,232,0.0,16.8
169,0.5,0.0,1.9,20040618,18,0.0,26.7,2004-06-18,21.5,2004,6,79.4,232,1.9,16.5
170,97.5,0.0,2.0,20040619,19,0.0,21.7,2004-06-19,20.0,2004,6,89.1,232,0.0,19.5
171,66.0,0.0,2.0,20040620,20,0.0,23.7,2004-06-20,21.4,2004,6,88.9,232,0.0,19.2
172,8.5,0.0,1.5,20040621,21,0.0,25.8,2004-06-21,22.0,2004,6,79.5,232,1.4,18.7
173,19.0,0.0,1.6,20040622,22,0.0,26.6,2004-06-22,21.2,2004,6,77.8,232,2.6,18.0
174,1.5,0.0,1.7,20040623,23,0.0,27.3,2004-06-23,22.5,2004,6,78.5,232,4.3,18.8
175,0.0,0.0,1.5,20040624,24,0.0,28.1,2004-06-24,23.3,2004,6,75.9,232,1.3,18.7
176,0.0,0.0,2.1,20040625,25,0.0,25.8,2004-06-25,22.5,2004,6,72.6,232,2.5,18.5
177,0.0,0.0,1.5,20040626,26,0.0,29.7,2004-06-26,23.7,2004,6,71.6,232,5.2,20.2
178,0.0,0.0,1.4,20040627,27,0.0,28.1,2004-06-27,22.6,2004,6,76.1,232,1.6,18.7
179,0.0,0.0,0.8,20040628,28,0.0,25.5,2004-06-28,21.3,2004,6,79.4,232,0.0,18.5
180,0.0,0.0,1.3,20040629,29,0.0,25.6,2004-06-29,21.9,2004,6,74.9,232,2.2,17.3
181,0.0,0.0,0.8,20040630,30,0.0,27.2,2004-06-30,23.1,2004,6,78.5,232,0.0,20.1
182,9.0,0.0,1.8,20040701,1,0.0,29.0,2004-07-01,23.3,2004,7,79.1,232,2.4,20.0
183,4.5,0.0,1.6,20040702,2,0.0,24.5,2004-07-02,22.8,2004,7,86.3,232,0.0,21.2
184,13.5,0.0,1.1,20040703,3,0.0,25.5,2004-07-03,22.9,2004,7,87.8,232,0.0,19.7
185,26.0,0.0,3.1,20040704,4,0.0,25.8,2004-07-04,22.4,2004,7,83.5,232,0.0,19.3
186,5.5,0.0,2.8,20040705,5,0.0,27.7,2004-07-05,23.1,2004,7,74.0,232,3.1,18.7
187,0.2,0.0,2.2,20040706,6,0.0,28.2,2004-07-06,24.5,2004,7,76.6,232,1.5,22.1
188,56.5,0.0,0.9,20040707,7,0.0,22.7,2004-07-07,20.9,2004,7,90.1,232,0.0,18.5
189,1.5,0.0,1.3,20040708,8,0.0,24.3,2004-07-08,21.9,2004,7,83.3,232,0.0,19.6
190,0.0,0.0,1.2,20040709,9,0.0,28.8,2004-07-09,22.7,2004,7,75.0,232,6.8,18.5
191,0.0,0.0,1.2,20040710,10,0.0,29.1,2004-07-10,22.8,2004,7,75.3,232,6.8,18.7
192,15.5,0.0,1.5,20040711,11,0.0,25.1,2004-07-11,21.3,2004,7,84.4,232,0.0,17.8
193,47.5,0.0,2.2,20040712,12,0.0,27.3,2004-07-12,24.2,2004,7,80.5,232,0.0,20.7
194,3.0,0.0,1.3,20040713,13,0.0,26.2,2004-07-13,23.3,2004,7,84.3,232,0.0,21.1
195,1.0,0.0,1.1,20040714,14,0.0,25.7,2004-07-14,23.3,2004,7,82.3,232,0.5,20.3
196,63.0,0.0,1.8,20040715,15,0.0,24.7,2004-07-15,22.8,2004,7,86.6,232,0.0,21.7
197,63.0,0.0,1.6,20040716,16,0.0,26.1,2004-07-16,23.7,2004,7,87.8,232,0.0,21.6
198,54.0,0.0,2.1,20040717,17,0.0,25.7,2004-07-17,23.7,2004,7,84.0,232,0.1,21.8
199,0.0,0.0,2.4,20040718,18,0.0,30.2,2004-07-18,26.4,2004,7,75.3,232,3.2,22.7
200,0.0,0.0,1.9,20040719,19,0.0,29.7,2004-07-19,26.4,2004,7,74.0,232,0.9,23.2
201,0.0,0.0,1.7,20040720,20,0.0,30.5,2004-07-20,26.4,2004,7,77.1,232,2.5,23.0
202,0.0,0.0,0.8,20040721,21,0.0,32.4,2004-07-21,27.1,2004,7,76.1,232,5.6,22.7
203,0.0,0.0,1.5,20040722,22,0.0,32.7,2004-07-22,27.1,2004,7,74.9,232,10.5,23.0
204,0.0,0.0,1.4,20040723,23,0.0,34.0,2004-07-23,27.6,2004,7,72.3,232,11.6,23.2
205,0.0,0.0,1.2,20040724,24,0.0,32.5,2004-07-24,26.3,2004,7,72.4,232,5.2,21.7
206,1.5,0.0,1.6,20040725,25,0.0,29.8,2004-07-25,25.4,2004,7,77.9,232,3.8,20.7
207,0.0,0.0,1.7,20040726,26,0.0,31.7,2004-07-26,26.5,2004,7,76.0,232,4.6,23.2
208,0.0,0.0,1.6,20040727,27,0.0,31.5,2004-07-27,27.1,2004,7,74.0,232,4.5,23.7
209,0.0,0.0,1.2,20040728,28,0.0,33.7,2004-07-28,27.3,2004,7,74.4,232,6.4,22.0
210,0.0,0.0,1.2,20040729,29,0.0,33.7,2004-07-29,28.0,2004,7,71.1,232,11.1,23.6
211,0.0,0.0,1.4,20040730,30,0.0,34.2,2004-07-30,27.8,2004,7,69.9,232,11.6,23.2
212,0.0,0.0,1.7,20040731,31,0.0,34.7,2004-07-31,27.2,2004,7,74.3,232,10.5,21.7
213,0.0,0.0,2.1,20040801,1,0.0,33.9,2004-08-01,28.2,2004,8,63.3,232,10.8,21.7
214,0.0,0.0,1.3,20040802,2,0.0,33.5,2004-08-02,27.1,2004,8,66.6,232,11.7,20.7
215,0.0,0.0,1.5,20040803,3,0.0,33.7,2004-08-03,27.9,2004,8,69.6,232,7.8,23.1
216,0.2,0.0,1.4,20040804,4,0.0,34.0,2004-08-04,26.8,2004,8,76.9,232,5.7,23.2
217,0.0,0.0,1.7,20040805,5,0.0,33.7,2004-08-05,27.2,2004,8,74.1,232,5.3,24.0
218,0.0,0.0,1.4,20040806,6,0.0,33.2,2004-08-06,27.4,2004,8,75.4,232,5.9,22.8
219,0.0,0.0,1.2,20040807,7,0.0,33.9,2004-08-07,27.7,2004,8,70.6,232,11.0,22.5
220,0.0,0.0,1.3,20040808,8,0.0,33.0,2004-08-08,27.3,2004,8,74.1,232,7.0,21.8
221,0.0,0.0,1.3,20040809,9,0.0,32.5,2004-08-09,27.8,2004,8,73.5,232,6.4,24.2
222,0.0,0.0,1.2,20040810,10,0.0,36.7,2004-08-10,28.0,2004,8,72.9,232,7.7,22.2
223,0.0,0.0,1.5,20040811,11,0.0,35.5,2004-08-11,28.0,2004,8,66.9,232,11.4,22.6
224,0.0,0.0,1.6,20040812,12,0.0,35.0,2004-08-12,27.4,2004,8,67.3,232,10.9,21.2
225,0.0,0.0,1.4,20040813,13,0.0,33.2,2004-08-13,27.0,2004,8,71.6,232,10.0,21.2
226,0.0,0.0,1.2,20040814,14,0.0,31.7,2004-08-14,25.7,2004,8,76.3,232,2.2,22.7
227,0.1,0.0,1.1,20040815,15,0.0,32.5,2004-08-15,25.8,2004,8,73.4,232,2.6,21.3
228,83.0,0.0,1.9,20040816,16,0.0,29.7,2004-08-16,24.4,2004,8,77.5,232,4.5,21.7
229,35.5,0.0,1.3,20040817,17,0.0,30.2,2004-08-17,26.2,2004,8,84.0,232,1.9,22.0
230,61.5,0.0,2.0,20040818,18,0.0,25.1,2004-08-18,23.4,2004,8,89.9,232,0.0,21.3
231,38.0,0.0,2.1,20040819,19,0.0,25.3,2004-08-19,21.9,2004,8,82.1,232,1.3,19.7
232,0.0,0.0,1.7,20040820,20,0.0,25.7,2004-08-20,22.1,2004,8,79.0,232,2.0,19.7
233,0.0,0.0,1.9,20040821,21,0.0,27.3,2004-08-21,22.4,2004,8,79.3,232,0.9,19.5
234,0.5,0.0,2.2,20040822,22,0.0,23.2,2004-08-22,21.4,2004,8,80.8,232,0.0,20.3
235,1.0,0.0,1.3,20040823,23,0.0,24.1,2004-08-23,21.3,2004,8,81.3,232,0.0,18.7
236,0.0,0.0,0.8,20040824,24,0.0,30.2,2004-08-24,23.7,2004,8,73.6,232,6.4,19.0
237,0.0,0.0,1.3,20040825,25,0.0,28.8,2004-08-25,23.5,2004,8,78.1,232,2.5,18.5
238,9.5,0.0,1.7,20040826,26,0.0,24.5,2004-08-26,22.2,2004,8,86.0,232,0.1,20.5
239,0.0,0.0,2.0,20040827,27,0.0,29.1,2004-08-27,23.6,2004,8,75.8,232,5.9,19.7
240,0.0,0.0,2.2,20040828,28,0.0,29.2,2004-08-28,23.7,2004,8,63.0,232,6.9,19.2
241,0.0,0.0,1.8,20040829,29,0.0,31.1,2004-08-29,24.7,2004,8,67.3,232,9.6,20.0
242,0.0,0.0,2.0,20040830,30,0.0,30.2,2004-08-30,24.6,2004,8,73.6,232,3.1,21.1
243,0.0,0.0,1.3,20040831,31,0.0,29.2,2004-08-31,22.7,2004,8,72.1,232,8.7,15.3
244,0.0,0.0,1.5,20040901,1,0.0,28.6,2004-09-01,21.7,2004,9,69.8,232,8.3,14.8
245,0.0,0.0,1.5,20040902,2,0.0,28.7,2004-09-02,20.5,2004,9,67.5,232,10.6,13.5
246,0.0,0.0,1.2,20040903,3,0.0,28.1,2004-09-03,20.7,2004,9,73.6,232,5.8,13.5
247,0.0,0.0,1.0,20040904,4,0.0,31.3,2004-09-04,22.1,2004,9,71.5,232,7.1,16.7
248,0.5,0.0,1.5,20040905,5,0.0,29.7,2004-09-05,22.5,2004,9,69.6,232,6.7,16.1
249,15.0,0.0,2.8,20040906,6,0.0,27.0,2004-09-06,21.7,2004,9,75.9,232,6.9,17.7
250,14.0,0.0,2.4,20040907,7,0.0,21.6,2004-09-07,19.7,2004,9,84.0,232,0.0,18.2
251,0.0,0.0,1.4,20040908,8,0.0,26.2,2004-09-08,20.7,2004,9,74.1,232,9.1,16.3
252,0.0,0.0,0.8,20040909,9,0.0,28.5,2004-09-09,19.5,2004,9,76.6,232,7.3,14.1
253,0.0,0.0,1.0,20040910,10,0.0,25.8,2004-09-10,19.6,2004,9,72.6,232,4.2,12.3
254,43.0,0.0,1.9,20040911,11,0.0,20.1,2004-09-11,17.3,2004,9,86.6,232,0.0,16.2
255,29.0,0.0,2.7,20040912,12,0.0,23.1,2004-09-12,21.3,2004,9,82.1,232,0.0,17.6
256,16.5,0.0,1.0,20040913,13,0.0,22.8,2004-09-13,20.1,2004,9,85.6,232,0.3,15.8
257,0.0,0.0,2.0,20040914,14,0.0,27.7,2004-09-14,21.1,2004,9,76.4,232,6.2,14.5
258,0.0,0.0,3.0,20040915,15,0.0,27.2,2004-09-15,23.2,2004,9,68.4,232,6.2,19.8
259,25.0,0.0,1.3,20040916,16,0.0,28.8,2004-09-16,22.3,2004,9,77.9,232,6.0,17.8
260,2.5,0.0,1.2,20040917,17,0.0,29.1,2004-09-17,23.0,2004,9,79.8,232,4.8,17.7
261,11.5,0.0,1.5,20040918,18,0.0,24.7,2004-09-18,20.9,2004,9,84.3,232,0.4,16.2
262,0.0,0.0,0.9,20040919,19,0.0,25.6,2004-09-19,18.4,2004,9,71.8,232,10.4,11.1
263,31.0,0.0,1.3,20040920,20,0.0,17.8,2004-09-20,15.0,2004,9,87.4,232,0.0,12.8
264,1.0,0.0,1.3,20040921,21,0.0,20.7,2004-09-21,15.4,2004,9,81.6,232,5.4,11.8
265,0.0,0.0,1.1,20040922,22,0.0,25.6,2004-09-22,16.2,2004,9,80.0,232,7.3,10.6
266,0.0,0.0,1.1,20040923,23,0.0,25.3,2004-09-23,18.1,2004,9,79.3,232,4.6,13.5
267,0.0,0.0,0.8,20040924,24,0.0,27.2,2004-09-24,18.3,2004,9,76.0,232,10.2,12.0
268,0.0,0.0,1.9,20040925,25,0.0,24.2,2004-09-25,18.8,2004,9,68.8,232,6.1,12.8
269,0.0,0.0,1.7,20040926,26,0.0,21.8,2004-09-26,18.1,2004,9,76.1,232,0.1,15.3
270,0.0,0.0,1.1,20040927,27,0.0,27.0,2004-09-27,18.8,2004,9,73.4,232,10.2,12.3
271,0.0,0.0,1.2,20040928,28,0.0,25.5,2004-09-28,18.1,2004,9,79.3,232,1.1,12.5
272,0.0,0.0,1.3,20040929,29,0.0,26.6,2004-09-29,19.4,2004,9,69.9,232,10.2,12.6
273,0.0,0.0,1.1,20040930,30,0.0,27.8,2004-09-30,18.8,2004,9,70.6,232,8.4,10.8
274,1.0,0.0,2.2,20041001,1,0.0,23.1,2004-10-01,16.1,2004,10,72.8,232,1.6,12.0
275,0.0,0.0,2.4,20041002,2,0.0,17.1,2004-10-02,11.3,2004,10,53.4,232,11.0,5.3
276,0.0,0.0,0.9,20041003,3,0.0,18.8,2004-10-03,9.6,2004,10,68.3,232,11.1,2.2
277,0.0,0.0,0.7,20041004,4,0.0,21.8,2004-10-04,11.9,2004,10,73.0,232,7.8,4.0
278,0.0,0.0,0.8,20041005,5,0.0,22.7,2004-10-05,12.9,2004,10,70.8,232,10.7,4.5
279,0.0,0.0,0.9,20041006,6,0.0,24.3,2004-10-06,14.3,2004,10,78.3,232,7.0,7.6
280,0.0,0.0,0.6,20041007,7,0.0,23.3,2004-10-07,15.2,2004,10,76.9,232,3.2,8.1
281,0.0,0.0,0.6,20041008,8,0.0,24.6,2004-10-08,15.7,2004,10,82.0,232,5.7,9.6
282,0.0,0.0,1.4,20041009,9,0.0,24.6,2004-10-09,15.9,2004,10,71.5,232,8.0,9.6
283,0.0,0.0,1.3,20041010,10,0.0,24.8,2004-10-10,15.7,2004,10,69.3,232,9.6,8.6
284,0.0,0.0,1.0,20041011,11,0.0,23.7,2004-10-11,14.8,2004,10,74.3,232,6.1,8.1
285,0.0,0.0,2.8,20041012,12,0.0,18.2,2004-10-12,13.7,2004,10,58.3,232,9.2,5.4
286,3.5,0.0,1.5,20041013,13,0.0,20.2,2004-10-13,11.1,2004,10,66.4,232,9.0,2.4
287,0.0,0.0,2.2,20041014,14,0.0,16.2,2004-10-14,10.1,2004,10,60.5,232,10.6,5.1
288,0.0,0.0,1.3,20041015,15,0.0,20.8,2004-10-15,11.6,2004,10,74.0,232,10.1,3.5
289,0.0,0.0,1.6,20041016,16,0.0,24.6,2004-10-16,14.4,2004,10,71.5,232,7.7,5.1
290,0.0,0.0,2.1,20041017,17,0.0,21.7,2004-10-17,14.8,2004,10,63.6,232,8.1,6.8
291,0.0,0.0,1.3,20041018,18,0.0,22.7,2004-10-18,15.6,2004,10,70.0,232,1.7,10.3
292,0.0,0.0,0.9,20041019,19,0.0,24.6,2004-10-19,14.8,2004,10,75.6,232,7.8,7.8
293,0.0,0.0,1.7,20041020,20,0.0,24.2,2004-10-20,15.0,2004,10,72.8,232,6.2,8.5
294,0.0,0.0,1.7,20041021,21,0.0,23.7,2004-10-21,15.2,2004,10,65.8,232,8.9,5.1
295,0.0,0.0,2.4,20041022,22,0.0,18.2,2004-10-22,12.5,2004,10,53.3,232,10.2,5.5
296,0.0,0.0,0.7,20041023,23,0.0,20.5,2004-10-23,9.2,2004,10,64.1,232,8.0,1.8
297,0.0,0.0,1.9,20041024,24,0.0,21.8,2004-10-24,14.2,2004,10,60.9,232,5.3,7.5
298,0.0,0.0,0.7,20041025,25,0.0,20.2,2004-10-25,13.3,2004,10,74.8,232,1.6,7.8
299,0.0,0.0,2.8,20041026,26,0.0,16.7,2004-10-26,11.5,2004,10,55.4,232,9.3,3.5
300,0.0,0.0,0.9,20041027,27,0.0,19.5,2004-10-27,8.1,2004,10,67.6,232,9.6,-0.5
301,0.0,0.0,0.8,20041028,28,0.0,18.7,2004-10-28,10.3,2004,10,74.9,232,6.6,2.2
302,0.0,0.0,1.0,20041029,29,0.0,21.1,2004-10-29,12.2,2004,10,76.3,232,7.8,5.3
303,0.0,0.0,0.8,20041030,30,0.0,24.3,2004-10-30,14.1,2004,10,72.4,232,8.7,7.3
304,0.0,0.0,1.0,20041031,31,0.0,25.7,2004-10-31,13.4,2004,10,69.0,232,9.4,5.5
305,14.5,0.0,1.6,20041101,1,0.0,21.2,2004-11-01,14.3,2004,11,76.1,232,4.8,7.0
306,2.0,0.0,1.7,20041102,2,0.0,14.1,2004-11-02,12.1,2004,11,84.8,232,0.1,10.3
307,2.5,0.0,1.6,20041103,3,0.0,15.8,2004-11-03,10.8,2004,11,80.6,232,4.3,7.0
308,0.0,0.0,0.8,20041104,4,0.0,18.2,2004-11-04,10.9,2004,11,80.3,232,8.4,5.9
309,8.0,0.0,1.8,20041105,5,0.0,17.3,2004-11-05,11.5,2004,11,77.6,232,4.0,4.4
310,0.0,0.0,1.7,20041106,6,0.0,14.1,2004-11-06,8.3,2004,11,63.1,232,9.7,2.0
311,0.0,0.0,1.0,20041107,7,0.0,19.6,2004-11-07,8.0,2004,11,75.4,232,9.4,0.0
312,0.0,0.0,1.3,20041108,8,0.0,21.6,2004-11-08,12.2,2004,11,75.3,232,8.4,4.5
313,0.0,0.0,1.4,20041109,9,0.0,24.1,2004-11-09,14.6,2004,11,66.1,232,6.0,7.3
314,8.5,0.0,2.0,20041110,10,0.0,18.5,2004-11-10,15.8,2004,11,78.3,232,0.0,10.6
315,1.0,0.0,2.1,20041111,11,0.0,16.2,2004-11-11,14.1,2004,11,86.6,232,0.0,10.3
316,0.0,0.0,3.4,20041112,12,0.0,11.1,2004-11-12,6.5,2004,11,60.9,232,6.6,-0.5
317,0.0,0.0,0.8,20041113,13,0.0,8.0,2004-11-13,3.0,2004,11,70.1,232,0.4,-2.7
318,0.0,0.0,0.9,20041114,14,0.0,13.3,2004-11-14,6.2,2004,11,74.8,232,6.8,0.6
319,0.0,0.0,3.1,20041115,15,0.0,8.6,2004-11-15,5.1,2004,11,58.3,232,9.1,-0.3
320,0.0,0.0,1.1,20041116,16,0.0,13.3,2004-11-16,6.3,2004,11,66.1,232,6.9,-0.4
321,0.0,0.0,0.8,20041117,17,0.0,15.6,2004-11-17,7.7,2004,11,77.4,232,6.8,1.1
322,0.0,0.0,0.9,20041118,18,0.0,15.8,2004-11-18,9.0,2004,11,77.8,232,3.0,4.1
323,0.0,0.0,0.7,20041119,19,0.0,15.8,2004-11-19,6.4,2004,11,81.8,232,6.3,1.0
324,0.0,0.0,2.1,20041120,20,0.0,12.6,2004-11-20,6.3,2004,11,75.8,232,2.9,0.5
325,0.0,0.0,0.9,20041121,21,0.0,12.6,2004-11-21,4.6,2004,11,77.9,232,8.9,-1.3
326,0.0,0.0,0.8,20041122,22,0.0,14.1,2004-11-22,4.8,2004,11,80.5,232,8.4,-1.2
327,0.0,0.0,0.7,20041123,23,0.0,15.8,2004-11-23,5.6,2004,11,79.9,232,8.2,-1.2
328,0.0,0.0,0.7,20041124,24,0.0,16.0,2004-11-24,6.7,2004,11,80.6,232,2.7,0.6
329,0.0,0.0,0.7,20041125,25,0.0,17.2,2004-11-25,7.7,2004,11,77.6,232,4.9,1.0
330,16.5,0.0,4.4,20041126,26,0.0,11.1,2004-11-26,7.3,2004,11,78.9,232,1.9,3.7
331,0.0,0.0,1.4,20041127,27,0.0,10.8,2004-11-27,7.3,2004,11,76.5,232,0.2,2.4
332,0.0,0.0,1.0,20041128,28,0.0,12.1,2004-11-28,6.9,2004,11,73.5,232,6.0,2.0
333,0.0,0.0,1.0,20041129,29,0.0,11.5,2004-11-29,3.4,2004,11,71.1,232,8.6,-1.6
334,0.0,0.0,0.7,20041130,30,0.0,10.3,2004-11-30,2.9,2004,11,80.0,232,2.6,-2.0
335,0.0,0.0,0.9,20041201,1,0.0,10.3,2004-12-01,3.1,2004,12,78.5,232,5.4,-2.5
336,0.0,0.0,1.7,20041202,2,0.0,16.1,2004-12-02,6.8,2004,12,69.8,232,8.7,-2.2
337,0.0,0.0,1.4,20041203,3,0.0,18.2,2004-12-03,9.6,2004,12,73.1,232,8.6,3.0
338,24.5,0.0,2.6,20041204,4,0.0,12.8,2004-12-04,10.9,2004,12,89.1,232,0.0,8.6
339,0.0,0.0,4.7,20041205,5,0.0,8.6,2004-12-05,4.1,2004,12,66.4,232,1.5,-0.6
340,5.0,0.0,1.8,20041206,6,0.0,10.0,2004-12-06,4.3,2004,12,73.8,232,6.9,-3.0
341,0.5,0.0,1.5,20041207,7,0.0,9.0,2004-12-07,3.8,2004,12,73.4,232,8.0,-0.4
342,0.0,0.0,2.0,20041208,8,0.0,11.5,2004-12-08,5.7,2004,12,68.1,232,2.7,0.3
343,0.0,0.0,2.2,20041209,9,0.0,13.5,2004-12-09,6.7,2004,12,69.6,232,8.4,1.7
344,0.0,0.0,2.7,20041210,10,0.0,11.8,2004-12-10,7.3,2004,12,61.5,232,5.0,1.7
345,0.0,0.0,0.7,20041211,11,0.0,10.6,2004-12-11,2.2,2004,12,66.9,232,7.2,-3.2
346,0.0,0.0,2.2,20041212,12,0.0,12.3,2004-12-12,6.8,2004,12,65.1,232,5.4,1.2
347,0.0,0.0,1.0,20041213,13,0.0,8.1,2004-12-13,1.3,2004,12,71.9,232,8.5,-3.0
348,0.0,0.0,1.5,20041214,14,0.0,10.3,2004-12-14,3.1,2004,12,61.0,232,6.2,-3.5
349,1.5,0.0,1.4,20041215,15,0.0,13.6,2004-12-15,8.0,2004,12,69.0,232,0.3,2.2
350,0.0,0.0,2.1,20041216,16,0.0,9.1,2004-12-16,4.7,2004,12,74.6,232,8.1,-1.7
351,0.0,0.0,1.2,20041217,17,0.0,10.1,2004-12-17,3.0,2004,12,76.6,232,4.6,-3.0
352,0.0,0.0,1.1,20041218,18,0.0,9.0,2004-12-18,3.9,2004,12,77.0,232,3.4,-1.7
353,1.0,0.0,1.6,20041219,19,0.0,12.1,2004-12-19,4.8,2004,12,76.5,232,4.3,-3.2
354,0.5,0.0,3.6,20041220,20,0.0,7.5,2004-12-20,-0.4,2004,12,62.1,232,8.3,-4.0
355,0.0,0.0,1.2,20041221,21,0.0,3.0,2004-12-21,-2.5,2004,12,64.8,232,7.2,-6.3
356,0.0,0.0,1.9,20041222,22,0.0,2.7,2004-12-22,-1.7,2004,12,55.4,232,4.5,-4.5
357,0.0,0.0,1.0,20041223,23,0.0,1.3,2004-12-23,-4.6,2004,12,64.8,232,7.9,-8.8
358,0.0,0.0,0.7,20041224,24,0.0,4.6,2004-12-24,-1.1,2004,12,69.4,232,5.7,-8.1
359,0.0,0.0,2.1,20041225,25,0.0,3.7,2004-12-25,1.4,2004,12,65.8,232,2.8,-0.6
360,0.0,0.0,1.9,20041226,26,0.0,2.9,2004-12-26,-1.2,2004,12,59.8,232,8.4,-5.1
361,0.0,0.0,1.6,20041227,27,0.0,2.2,2004-12-27,-3.2,2004,12,66.5,232,8.1,-7.6
362,0.0,0.0,1.6,20041228,28,0.0,-0.6,2004-12-28,-4.0,2004,12,55.5,232,3.0,-9.5
363,0.0,0.0,2.2,20041229,29,0.0,-0.1,2004-12-29,-4.6,2004,12,58.6,232,8.4,-8.6
364,0.0,0.0,1.1,20041230,30,0.0,1.7,2004-12-30,-3.3,2004,12,66.6,232,6.2,-9.3
365,0.0,0.0,2.5,20041231,31,0.0,0.2,2004-12-31,-2.7,2004,12,55.9,232,6.0,-7.5
