,tmin,cloud,tmax,tavg,humid,sunshine,Date,year,month,snow,date,rainfall,station_id,day,wind
0,-4.6,0.0,6.8,1.8,76.8,3.8,2016-01-01,2016,1,0.0,20160101,0.0,232,1,1.4
1,1.9,0.0,12.9,6.1,74.8,3.9,2016-01-02,2016,1,0.0,20160102,0.0,232,2,2.0
2,0.7,0.0,12.1,5.6,87.8,4.1,2016-01-03,2016,1,0.0,20160103,0.0,232,3,0.7
3,-1.8,0.0,7.3,3.9,68.6,7.4,2016-01-04,2016,1,0.0,20160104,0.0,232,4,2.8
4,-4.5,0.0,2.5,-0.9,47.4,5.2,2016-01-05,2016,1,0.0,20160105,0.0,232,5,2.3
5,-5.9,0.0,3.9,-0.1,63.5,0.3,2016-01-06,2016,1,0.0,20160106,0.0,232,6,1.3
6,-2.4,0.0,2.9,-0.5,59.5,6.7,2016-01-07,2016,1,0.0,20160107,0.0,232,7,2.4
7,-5.6,0.0,2.8,-1.3,60.4,8.8,2016-01-08,2016,1,0.0,20160108,0.0,232,8,1.9
8,-2.1,0.0,4.8,0.2,69.3,5.4,2016-01-09,2016,1,0.0,20160109,0.0,232,9,1.4
9,-3.4,0.0,5.7,0.3,67.4,3.0,2016-01-10,2016,1,0.0,20160110,0.0,232,10,1.5
10,-5.7,0.0,2.1,-2.5,62.4,8.3,2016-01-11,2016,1,0.0,20160111,0.0,232,11,1.9
11,-9.9,0.0,1.9,-3.7,68.3,8.4,2016-01-12,2016,1,0.0,20160112,0.0,232,12,1.8
12,-4.7,0.0,1.9,-2.1,76.1,4.2,2016-01-13,2016,1,0.0,20160113,0.5,232,13,1.8
13,-8.9,0.0,2.3,-2.6,61.8,7.3,2016-01-14,2016,1,0.0,20160114,0.0,232,14,1.2
14,-4.4,0.0,5.4,-0.1,70.8,4.8,2016-01-15,2016,1,0.0,20160115,0.0,232,15,1.1
15,-3.8,0.0,6.2,0.6,72.5,2.3,2016-01-16,2016,1,0.0,20160116,0.0,232,16,1.2
16,-1.2,0.0,7.4,2.8,72.0,0.0,2016-01-17,2016,1,0.0,20160117,0.0,232,17,1.4
17,-8.9,0.0,1.1,-4.2,78.9,1.2,2016-01-18,2016,1,0.0,20160118,2.0,232,18,4.3
18,-11.4,0.0,-5.8,-9.1,70.4,3.5,2016-01-19,2016,1,0.0,20160119,1.5,232,19,5.1
19,-16.8,0.0,-5.7,-10.9,73.5,6.3,2016-01-20,2016,1,0.0,20160120,0.0,232,20,1.3
20,-13.3,0.0,-1.8,-7.5,72.9,5.0,2016-01-21,2016,1,0.0,20160121,0.0,232,21,1.2
21,-14.9,0.0,-1.9,-7.5,65.6,6.7,2016-01-22,2016,1,0.0,20160122,0.0,232,22,1.7
22,-12.4,0.0,-4.8,-8.9,65.5,4.9,2016-01-23,2016,1,0.0,20160123,2.5,232,23,3.5
23,-15.4,0.0,-9.9,-12.7,76.5,2.5,2016-01-24,2016,1,0.0,20160124,1.5,232,24,2.0
24,-18.6,0.0,-4.0,-10.9,77.8,9.0,2016-01-25,2016,1,0.0,20160125,0.0,232,25,0.9
25,-8.4,0.0,3.0,-3.5,78.3,5.1,2016-01-26,2016,1,0.0,20160126,0.0,232,26,1.4
26,-9.6,0.0,4.3,-3.3,78.8,8.4,2016-01-27,2016,1,0.0,20160127,0.0,232,27,0.8
27,-8.8,0.0,3.1,-1.0,74.3,0.1,2016-01-28,2016,1,0.0,20160128,0.0,232,28,0.6
28,-0.6,0.0,5.8,2.0,68.8,0.0,2016-01-29,2016,1,0.0,20160129,0.0,232,29,0.8
29,-5.6,0.0,5.5,-0.3,80.5,6.8,2016-01-30,2016,1,0.0,20160130,0.0,232,30,1.4
30,-5.3,0.0,0.6,-2.4,65.4,7.6,2016-01-31,2016,1,0.0,20160131,0.0,232,31,2.6
31,-9.0,0.0,-0.8,-5.4,62.9,8.9,2016-02-01,2016,2,0.0,20160201,0.0,232,1,2.4
32,-11.7,0.0,0.3,-5.9,65.5,9.6,2016-02-02,2016,2,0.0,20160202,0.0,232,2,1.7
33,-10.6,0.0,4.2,-3.5,70.6,8.0,2016-02-03,2016,2,0.0,20160203,0.0,232,3,1.3
34,-6.6,0.0,4.6,-1.0,66.4,7.1,2016-02-04,2016,2,0.0,20160204,0.0,232,4,1.8
35,-7.7,0.0,3.8,-2.1,61.9,9.3,2016-02-05,2016,2,0.0,20160205,0.0,232,5,1.8
36,-7.4,0.0,1.2,-3.1,63.5,9.3,2016-02-06,2016,2,0.0,20160206,0.0,232,6,2.3
37,-10.2,0.0,3.3,-3.7,66.5,9.8,2016-02-07,2016,2,0.0,20160207,0.0,232,7,1.2
38,-6.3,0.0,7.4,2.0,63.9,5.8,2016-02-08,2016,2,0.0,20160208,0.0,232,8,3.0
39,-3.1,0.0,7.0,1.5,60.9,9.4,2016-02-09,2016,2,0.0,20160209,0.0,232,9,2.9
40,-5.4,0.0,11.0,1.7,60.1,9.8,2016-02-10,2016,2,0.0,20160210,0.0,232,10,1.2
41,-0.8,0.0,13.4,7.9,43.6,2.3,2016-02-11,2016,2,0.0,20160211,0.0,232,11,2.5
42,6.4,0.0,11.7,9.9,89.3,0.0,2016-02-12,2016,2,0.0,20160212,9.5,232,12,1.8
43,6.8,0.0,18.4,12.7,89.9,0.4,2016-02-13,2016,2,0.0,20160213,12.0,232,13,2.7
44,-4.7,0.0,6.7,-0.9,78.1,0.2,2016-02-14,2016,2,0.0,20160214,0.1,232,14,6.2
45,-6.8,0.0,-1.1,-4.0,63.4,9.7,2016-02-15,2016,2,0.0,20160215,0.0,232,15,3.7
46,-5.8,0.0,4.0,-0.6,75.6,2.3,2016-02-16,2016,2,0.0,20160216,0.5,232,16,2.4
47,-5.5,0.0,6.6,0.4,68.6,10.0,2016-02-17,2016,2,0.0,20160217,0.0,232,17,1.7
48,-2.5,0.0,9.6,4.2,64.3,4.9,2016-02-18,2016,2,0.0,20160218,0.0,232,18,2.8
49,-1.8,0.0,7.0,2.2,71.6,0.0,2016-02-19,2016,2,0.0,20160219,0.0,232,19,1.1
50,-2.8,0.0,7.5,1.7,61.0,8.6,2016-02-20,2016,2,0.0,20160220,0.0,232,20,2.9
51,-4.3,0.0,5.1,0.5,50.5,9.3,2016-02-21,2016,2,0.0,20160221,0.0,232,21,2.4
52,-2.3,0.0,6.6,2.3,46.4,1.2,2016-02-22,2016,2,0.0,20160222,0.0,232,22,1.1
53,-2.2,0.0,6.1,2.2,64.5,5.4,2016-02-23,2016,2,0.0,20160223,0.5,232,23,3.2
54,-6.3,0.0,2.6,-2.0,57.5,10.4,2016-02-24,2016,2,0.0,20160224,0.0,232,24,2.8
55,-7.3,0.0,5.7,0.4,62.5,7.5,2016-02-25,2016,2,0.0,20160225,0.0,232,25,2.0
56,-0.7,0.0,6.4,2.7,81.3,4.1,2016-02-26,2016,2,0.0,20160226,1.0,232,26,1.5
57,0.7,0.0,7.9,3.4,78.1,7.1,2016-02-27,2016,2,0.0,20160227,6.5,232,27,1.4
58,-3.6,0.0,5.5,0.7,85.9,0.0,2016-02-28,2016,2,0.0,20160228,13.5,232,28,1.3
59,-6.1,0.0,0.1,-2.5,65.6,4.0,2016-02-29,2016,2,0.0,20160229,0.0,232,29,3.1
60,-10.4,0.0,2.8,-3.0,69.9,10.4,2016-03-01,2016,3,0.0,20160301,0.0,232,1,1.7
61,-3.9,0.0,10.0,2.4,70.4,10.2,2016-03-02,2016,3,0.0,20160302,0.0,232,2,2.3
62,-1.2,0.0,14.3,6.4,76.1,7.2,2016-03-03,2016,3,0.0,20160303,0.0,232,3,1.6
63,3.8,0.0,14.8,10.8,74.9,1.5,2016-03-04,2016,3,0.0,20160304,4.0,232,4,2.4
64,9.9,0.0,17.9,12.8,88.0,0.7,2016-03-05,2016,3,0.0,20160305,11.5,232,5,2.8
65,3.4,0.0,13.6,8.1,72.4,7.7,2016-03-06,2016,3,0.0,20160306,0.0,232,6,2.1
66,1.7,0.0,15.5,8.2,63.3,1.5,2016-03-07,2016,3,0.0,20160307,0.0,232,7,1.9
67,0.9,0.0,7.3,4.0,56.9,0.1,2016-03-08,2016,3,0.0,20160308,0.0,232,8,2.9
68,-0.8,0.0,6.0,1.3,51.6,8.9,2016-03-09,2016,3,0.0,20160309,0.0,232,9,3.7
69,-1.8,0.0,3.7,0.3,48.8,10.1,2016-03-10,2016,3,0.0,20160310,0.0,232,10,3.8
70,-4.9,0.0,5.1,0.2,53.9,10.9,2016-03-11,2016,3,0.0,20160311,0.0,232,11,2.7
71,-5.0,0.0,9.2,1.8,56.0,8.4,2016-03-12,2016,3,0.0,20160312,0.0,232,12,1.8
72,-0.3,0.0,8.5,3.6,63.5,1.5,2016-03-13,2016,3,0.0,20160313,0.0,232,13,1.3
73,-0.6,0.0,9.4,4.1,70.3,5.1,2016-03-14,2016,3,0.0,20160314,0.0,232,14,2.3
74,-4.4,0.0,12.9,4.4,59.5,9.0,2016-03-15,2016,3,0.0,20160315,0.0,232,15,1.4
75,1.0,0.0,15.8,7.2,52.5,9.1,2016-03-16,2016,3,0.0,20160316,0.0,232,16,1.8
76,-2.0,0.0,17.1,8.5,53.0,6.8,2016-03-17,2016,3,0.0,20160317,0.0,232,17,1.2
77,7.3,0.0,16.6,11.0,73.3,1.6,2016-03-18,2016,3,0.0,20160318,1.0,232,18,1.3
78,3.8,0.0,16.7,9.6,68.6,10.0,2016-03-19,2016,3,0.0,20160319,0.0,232,19,2.1
79,0.7,0.0,17.6,8.4,66.6,10.2,2016-03-20,2016,3,0.0,20160320,0.0,232,20,1.7
80,0.8,0.0,17.3,8.6,63.1,10.7,2016-03-21,2016,3,0.0,20160321,0.0,232,21,1.7
81,-0.8,0.0,16.1,7.9,56.1,9.6,2016-03-22,2016,3,0.0,20160322,0.0,232,22,1.8
82,3.9,0.0,13.4,7.1,61.9,5.4,2016-03-23,2016,3,0.0,20160323,0.0,232,23,2.8
83,-0.5,0.0,12.4,6.1,54.0,11.0,2016-03-24,2016,3,0.0,20160324,0.0,232,24,2.1
84,-1.7,0.0,13.6,5.4,56.0,8.3,2016-03-25,2016,3,0.0,20160325,0.0,232,25,1.7
85,-3.1,0.0,12.8,4.8,57.0,10.5,2016-03-26,2016,3,0.0,20160326,0.0,232,26,1.5
86,-2.7,0.0,15.1,5.7,52.4,11.1,2016-03-27,2016,3,0.0,20160327,0.0,232,27,2.0
87,-2.1,0.0,18.5,8.3,48.6,11.5,2016-03-28,2016,3,0.0,20160328,0.0,232,28,1.6
88,5.1,0.0,20.8,13.1,54.9,4.6,2016-03-29,2016,3,0.0,20160329,0.0,232,29,3.3
89,3.5,0.0,20.7,10.6,61.6,9.0,2016-03-30,2016,3,0.0,20160330,0.0,232,30,1.8
90,2.1,0.0,22.2,12.1,43.0,4.6,2016-03-31,2016,3,0.0,20160331,0.0,232,31,1.5
91,1.6,0.0,24.5,13.2,33.4,10.1,2016-04-01,2016,4,0.0,20160401,0.0,232,1,1.1
92,3.4,0.0,24.0,14.2,38.9,10.0,2016-04-02,2016,4,0.0,20160402,0.0,232,2,1.5
93,7.4,0.0,15.6,11.6,68.5,0.2,2016-04-03,2016,4,0.0,20160403,0.3,232,3,1.1
94,9.1,0.0,19.1,13.0,51.8,7.5,2016-04-04,2016,4,0.0,20160404,0.0,232,4,1.7
95,1.0,0.0,19.3,10.5,36.4,11.0,2016-04-05,2016,4,0.0,20160405,0.0,232,5,1.7
96,2.0,0.0,22.8,12.8,45.4,5.4,2016-04-06,2016,4,0.0,20160406,3.6,232,6,1.8
97,9.3,0.0,19.2,13.1,73.8,5.2,2016-04-07,2016,4,0.0,20160407,15.9,232,7,2.2
98,5.8,0.0,22.3,12.3,71.3,7.7,2016-04-08,2016,4,0.0,20160408,0.0,232,8,1.3
99,5.9,0.0,21.4,14.1,74.1,6.7,2016-04-09,2016,4,0.0,20160409,0.0,232,9,1.3
100,9.3,0.0,23.7,14.7,66.9,5.5,2016-04-10,2016,4,0.0,20160410,0.0,232,10,1.7
101,8.0,0.0,18.7,12.9,48.3,9.6,2016-04-11,2016,4,0.0,20160411,0.0,232,11,2.0
102,8.0,0.0,20.5,13.2,47.3,7.3,2016-04-12,2016,4,0.0,20160412,0.0,232,12,1.9
103,10.6,0.0,20.8,13.8,85.4,4.4,2016-04-13,2016,4,0.0,20160413,24.8,232,13,1.1
104,8.7,0.0,17.9,13.3,75.9,4.7,2016-04-14,2016,4,0.0,20160414,0.0,232,14,1.6
105,3.7,0.0,23.8,13.6,56.6,10.3,2016-04-15,2016,4,0.0,20160415,0.0,232,15,1.3
106,5.5,0.0,19.6,13.8,69.0,2.2,2016-04-16,2016,4,0.0,20160416,27.5,232,16,2.3
107,9.7,0.0,15.8,12.1,52.8,7.0,2016-04-17,2016,4,0.0,20160417,12.0,232,17,5.1
108,5.3,0.0,18.8,11.9,57.9,9.4,2016-04-18,2016,4,0.0,20160418,2.7,232,18,2.5
109,7.1,0.0,18.6,11.6,61.4,8.4,2016-04-19,2016,4,0.0,20160419,0.0,232,19,1.5
110,5.8,0.0,17.7,11.6,70.6,1.7,2016-04-20,2016,4,0.0,20160420,3.4,232,20,1.0
111,10.3,0.0,18.8,13.9,84.1,1.5,2016-04-21,2016,4,0.0,20160421,20.9,232,21,2.2
112,12.5,0.0,25.6,16.5,73.0,8.6,2016-04-22,2016,4,0.0,20160422,0.0,232,22,2.1
113,7.7,0.0,20.5,13.2,53.6,2.2,2016-04-23,2016,4,0.0,20160423,0.0,232,23,1.0
114,3.7,0.0,23.1,13.7,45.0,9.4,2016-04-24,2016,4,0.0,20160424,0.0,232,24,1.2
115,5.8,0.0,25.3,15.6,45.0,10.7,2016-04-25,2016,4,0.0,20160425,0.0,232,25,1.1
116,6.6,0.0,28.7,18.8,38.9,9.6,2016-04-26,2016,4,0.0,20160426,0.0,232,26,1.4
117,11.6,0.0,19.6,14.5,56.5,0.0,2016-04-27,2016,4,0.0,20160427,7.2,232,27,2.8
118,9.2,0.0,20.8,13.9,63.5,6.1,2016-04-28,2016,4,0.0,20160428,0.0,232,28,1.2
119,7.1,0.0,22.5,14.2,58.0,10.3,2016-04-29,2016,4,0.0,20160429,0.0,232,29,1.5
120,6.6,0.0,24.0,15.9,49.4,9.2,2016-04-30,2016,4,0.0,20160430,0.0,232,30,2.2
121,8.2,0.0,27.3,17.6,43.1,9.1,2016-05-01,2016,5,0.0,20160501,0.0,232,1,1.6
122,10.0,0.0,27.6,18.6,64.4,7.8,2016-05-02,2016,5,0.0,20160502,11.5,232,2,1.7
123,10.4,0.0,18.3,14.1,79.5,0.1,2016-05-03,2016,5,0.0,20160503,22.6,232,3,4.7
124,11.8,0.0,21.8,16.7,31.1,11.7,2016-05-04,2016,5,0.0,20160504,0.0,232,4,5.6
125,5.6,0.0,26.6,17.9,48.1,9.1,2016-05-05,2016,5,0.0,20160505,0.0,232,5,1.5
126,13.6,0.0,23.0,18.6,71.3,0.3,2016-05-06,2016,5,0.0,20160506,0.0,232,6,2.0
127,9.5,0.0,22.1,15.3,55.5,10.4,2016-05-07,2016,5,0.0,20160507,0.0,232,7,1.7
128,7.1,0.0,26.5,17.3,50.1,10.8,2016-05-08,2016,5,0.0,20160508,0.0,232,8,1.3
129,11.1,0.0,26.2,18.4,48.6,5.6,2016-05-09,2016,5,0.0,20160509,0.0,232,9,1.3
130,12.1,0.0,17.3,13.6,85.3,0.0,2016-05-10,2016,5,0.0,20160510,19.3,232,10,1.9
131,10.5,0.0,23.0,16.0,67.1,9.5,2016-05-11,2016,5,0.0,20160511,0.8,232,11,1.3
132,9.1,0.0,25.2,17.3,61.8,11.7,2016-05-12,2016,5,0.0,20160512,0.0,232,12,1.9
133,12.5,0.0,22.4,16.7,64.4,8.3,2016-05-13,2016,5,0.0,20160513,0.0,232,13,1.7
134,9.9,0.0,25.6,18.3,50.9,10.4,2016-05-14,2016,5,0.0,20160514,0.0,232,14,1.7
135,11.6,0.0,25.6,17.5,72.0,6.4,2016-05-15,2016,5,0.0,20160515,26.7,232,15,2.2
136,8.5,0.0,21.9,14.5,58.3,10.4,2016-05-16,2016,5,0.0,20160516,8.0,232,16,2.2
137,6.0,0.0,26.6,16.5,58.0,12.0,2016-05-17,2016,5,0.0,20160517,0.0,232,17,1.0
138,8.7,0.0,29.0,19.5,54.8,12.3,2016-05-18,2016,5,0.0,20160518,0.0,232,18,0.9
139,11.2,0.0,30.4,20.9,53.4,11.7,2016-05-19,2016,5,0.0,20160519,0.0,232,19,0.8
140,11.6,0.0,29.5,20.6,52.8,11.5,2016-05-20,2016,5,0.0,20160520,0.0,232,20,0.9
141,10.5,0.0,28.5,20.1,42.3,11.4,2016-05-21,2016,5,0.0,20160521,0.0,232,21,1.4
142,10.6,0.0,29.2,20.1,48.3,11.9,2016-05-22,2016,5,0.0,20160522,0.0,232,22,1.2
143,11.3,0.0,28.8,21.0,47.6,10.0,2016-05-23,2016,5,0.0,20160523,0.0,232,23,0.9
144,14.3,0.0,20.3,17.5,80.4,2.8,2016-05-24,2016,5,0.0,20160524,18.3,232,24,1.4
145,13.2,0.0,24.9,18.1,76.5,5.4,2016-05-25,2016,5,0.0,20160525,0.0,232,25,1.0
146,14.0,0.0,24.5,19.3,72.0,4.2,2016-05-26,2016,5,0.0,20160526,0.0,232,26,1.0
147,14.7,0.0,27.7,20.7,58.8,6.5,2016-05-27,2016,5,0.0,20160527,0.0,232,27,0.9
148,14.3,0.0,26.7,19.9,58.6,9.3,2016-05-28,2016,5,0.0,20160528,0.0,232,28,1.2
149,13.9,0.0,26.4,19.6,55.9,6.7,2016-05-29,2016,5,0.0,20160529,0.0,232,29,1.1
150,11.9,0.0,27.9,20.2,61.0,10.9,2016-05-30,2016,5,0.0,20160530,0.0,232,30,1.4
151,13.4,0.0,27.9,20.7,64.8,10.2,2016-05-31,2016,5,0.0,20160531,0.0,232,31,1.4
152,15.5,0.0,27.5,20.9,54.8,11.1,2016-06-01,2016,6,0.0,20160601,0.0,232,1,1.7
153,11.7,0.0,28.4,20.5,51.4,12.5,2016-06-02,2016,6,0.0,20160602,0.0,232,2,1.2
154,12.6,0.0,28.0,20.6,57.6,9.4,2016-06-03,2016,6,0.0,20160603,0.0,232,3,1.0
155,15.0,0.0,22.7,18.6,66.0,0.1,2016-06-04,2016,6,0.0,20160604,0.0,232,4,0.9
156,12.5,0.0,29.6,21.6,53.8,10.7,2016-06-05,2016,6,0.0,20160605,0.0,232,5,1.3
157,14.8,0.0,21.6,18.7,71.5,0.3,2016-06-06,2016,6,0.0,20160606,0.0,232,6,2.0
158,17.6,0.0,26.4,21.1,69.9,6.1,2016-06-07,2016,6,0.0,20160607,0.0,232,7,1.1
159,16.9,0.0,25.9,20.8,68.3,8.1,2016-06-08,2016,6,0.0,20160608,0.0,232,8,1.3
160,14.0,0.0,29.9,21.9,66.5,10.2,2016-06-09,2016,6,0.0,20160609,0.0,232,9,1.0
161,16.2,0.0,30.8,23.2,0.0,9.8,2016-06-10,2016,6,0.0,20160610,0.0,232,10,1.1
162,19.3,0.0,28.7,23.9,73.4,5.1,2016-06-11,2016,6,0.0,20160611,0.0,232,11,1.4
163,20.9,0.0,27.0,23.7,80.5,1.0,2016-06-12,2016,6,0.0,20160612,0.1,232,12,1.0
164,18.9,0.0,28.0,22.5,75.0,6.0,2016-06-13,2016,6,0.0,20160613,0.0,232,13,1.5
165,15.9,0.0,29.1,22.3,74.5,6.2,2016-06-14,2016,6,0.0,20160614,0.0,232,14,1.2
166,19.0,0.0,25.7,21.2,80.5,1.8,2016-06-15,2016,6,0.0,20160615,0.3,232,15,1.6
167,17.3,0.0,25.1,20.9,75.3,4.9,2016-06-16,2016,6,0.0,20160616,0.3,232,16,1.7
168,14.5,0.0,28.9,21.6,72.4,9.3,2016-06-17,2016,6,0.0,20160617,0.0,232,17,1.1
169,16.1,0.0,30.5,23.1,68.4,11.5,2016-06-18,2016,6,0.0,20160618,0.0,232,18,1.3
170,18.8,0.0,29.3,23.5,70.8,9.5,2016-06-19,2016,6,0.0,20160619,0.0,232,19,1.2
171,17.0,0.0,30.3,23.5,69.4,7.3,2016-06-20,2016,6,0.0,20160620,0.0,232,20,1.1
172,18.1,0.0,31.1,24.5,70.1,6.8,2016-06-21,2016,6,0.0,20160621,0.0,232,21,0.9
173,21.0,0.0,29.8,24.6,75.0,4.3,2016-06-22,2016,6,0.0,20160622,0.0,232,22,1.6
174,19.4,0.0,30.5,24.7,74.9,8.9,2016-06-23,2016,6,0.0,20160623,0.5,232,23,1.5
175,19.6,0.0,25.3,21.5,87.1,2.3,2016-06-24,2016,6,0.0,20160624,35.0,232,24,2.0
176,16.2,0.0,26.9,21.9,66.8,10.5,2016-06-25,2016,6,0.0,20160625,0.0,232,25,2.7
177,15.1,0.0,29.0,22.4,66.6,12.2,2016-06-26,2016,6,0.0,20160626,0.0,232,26,1.5
178,15.6,0.0,29.2,22.8,67.4,5.4,2016-06-27,2016,6,0.0,20160627,0.0,232,27,0.9
179,16.1,0.0,30.3,23.4,66.8,9.7,2016-06-28,2016,6,0.0,20160628,0.0,232,28,1.0
180,18.5,0.0,27.4,23.1,73.8,5.7,2016-06-29,2016,6,0.0,20160629,0.0,232,29,1.5
181,21.2,0.0,28.0,24.9,76.9,4.1,2016-06-30,2016,6,0.0,20160630,0.0,232,30,1.5
182,22.9,0.0,28.1,24.4,88.0,0.3,2016-07-01,2016,7,0.0,20160701,64.9,232,1,1.9
183,21.1,0.0,28.0,23.7,81.6,2.3,2016-07-02,2016,7,0.0,20160702,1.4,232,2,1.4
184,20.5,0.0,25.1,22.1,86.9,0.9,2016-07-03,2016,7,0.0,20160703,1.0,232,3,0.8
185,19.7,0.0,24.4,21.8,99.0,0.0,2016-07-04,2016,7,0.0,20160704,89.2,232,4,2.0
186,22.0,0.0,28.3,24.6,91.4,0.6,2016-07-05,2016,7,0.0,20160705,78.3,232,5,2.0
187,20.8,0.0,28.3,23.4,90.3,3.0,2016-07-06,2016,7,0.0,20160706,17.0,232,6,1.1
188,21.2,0.0,27.7,24.2,84.9,2.6,2016-07-07,2016,7,0.0,20160707,0.0,232,7,1.0
189,21.5,0.0,31.7,25.9,76.4,10.3,2016-07-08,2016,7,0.0,20160708,0.0,232,8,1.1
190,20.2,0.0,32.0,25.4,72.3,10.3,2016-07-09,2016,7,0.0,20160709,0.0,232,9,1.0
191,19.2,0.0,30.9,24.8,74.9,6.8,2016-07-10,2016,7,0.0,20160710,0.0,232,10,0.8
192,20.3,0.0,31.8,25.9,75.1,4.5,2016-07-11,2016,7,0.0,20160711,1.1,232,11,0.8
193,21.9,0.0,28.6,24.6,83.3,3.5,2016-07-12,2016,7,0.0,20160712,2.2,232,12,1.0
194,20.3,0.0,28.7,24.1,77.6,5.3,2016-07-13,2016,7,0.0,20160713,0.0,232,13,1.2
195,20.3,0.0,29.2,24.3,77.6,6.6,2016-07-14,2016,7,0.0,20160714,0.6,232,14,1.2
196,19.9,0.0,28.2,24.2,71.1,4.7,2016-07-15,2016,7,0.0,20160715,1.5,232,15,2.1
197,19.4,0.0,22.9,21.1,93.3,0.1,2016-07-16,2016,7,0.0,20160716,25.2,232,16,2.6
198,20.4,0.0,24.2,21.9,84.8,0.1,2016-07-17,2016,7,0.0,20160717,0.6,232,17,1.4
199,19.7,0.0,28.4,22.8,80.3,5.2,2016-07-18,2016,7,0.0,20160718,0.0,232,18,0.7
200,18.2,0.0,32.6,25.2,75.8,10.8,2016-07-19,2016,7,0.0,20160719,0.0,232,19,0.8
201,22.1,0.0,31.4,26.2,74.0,8.8,2016-07-20,2016,7,0.0,20160720,0.0,232,20,2.0
202,21.5,0.0,31.1,25.8,73.0,7.9,2016-07-21,2016,7,0.0,20160721,0.0,232,21,1.9
203,21.9,0.0,32.8,27.3,72.4,10.9,2016-07-22,2016,7,0.0,20160722,0.0,232,22,1.7
204,24.3,0.0,33.3,28.0,73.6,10.4,2016-07-23,2016,7,0.0,20160723,0.0,232,23,1.3
205,25.0,0.0,32.2,27.4,84.1,4.3,2016-07-24,2016,7,0.0,20160724,20.4,232,24,1.1
206,24.4,0.0,32.3,27.8,81.6,4.7,2016-07-25,2016,7,0.0,20160725,0.0,232,25,0.6
207,22.3,0.0,32.8,27.1,78.0,9.3,2016-07-26,2016,7,0.0,20160726,0.0,232,26,1.0
208,22.3,0.0,29.9,26.8,82.3,3.1,2016-07-27,2016,7,0.0,20160727,0.0,232,27,1.1
209,22.4,0.0,32.0,27.5,74.3,10.0,2016-07-28,2016,7,0.0,20160728,0.0,232,28,1.6
210,21.7,0.0,26.8,24.5,92.8,0.8,2016-07-29,2016,7,0.0,20160729,38.1,232,29,0.9
211,23.9,0.0,31.9,26.4,89.8,4.7,2016-07-30,2016,7,0.0,20160730,22.8,232,30,1.0
212,24.1,0.0,32.8,27.2,84.6,9.6,2016-07-31,2016,7,0.0,20160731,0.0,232,31,1.0
213,22.7,0.0,32.0,27.1,77.8,6.9,2016-08-01,2016,8,0.0,20160801,0.0,232,1,0.9
214,22.0,0.0,30.7,26.5,84.5,0.6,2016-08-02,2016,8,0.0,20160802,5.5,232,2,0.9
215,21.9,0.0,32.9,26.6,80.5,9.8,2016-08-03,2016,8,0.0,20160803,0.4,232,3,0.8
216,22.2,0.0,33.7,27.3,78.8,9.7,2016-08-04,2016,8,0.0,20160804,0.0,232,4,1.0
217,22.9,0.0,34.2,28.3,75.8,10.4,2016-08-05,2016,8,0.0,20160805,0.0,232,5,0.7
218,22.9,0.0,35.1,28.7,74.8,9.9,2016-08-06,2016,8,0.0,20160806,0.0,232,6,0.9
219,23.5,0.0,33.3,27.6,75.5,9.9,2016-08-07,2016,8,0.0,20160807,0.0,232,7,1.3
220,21.6,0.0,33.9,27.6,74.9,10.4,2016-08-08,2016,8,0.0,20160808,0.0,232,8,0.9
221,23.5,0.0,33.7,27.5,79.4,8.5,2016-08-09,2016,8,0.0,20160809,0.0,232,9,1.2
222,23.7,0.0,32.9,27.5,77.3,8.7,2016-08-10,2016,8,0.0,20160810,0.0,232,10,0.8
223,21.0,0.0,34.4,27.7,72.1,11.1,2016-08-11,2016,8,0.0,20160811,0.0,232,11,0.9
224,21.9,0.0,33.8,28.0,70.0,11.2,2016-08-12,2016,8,0.0,20160812,0.0,232,12,1.0
225,22.7,0.0,33.1,27.8,74.4,9.9,2016-08-13,2016,8,0.0,20160813,0.0,232,13,1.1
226,22.9,0.0,32.9,27.6,78.4,8.6,2016-08-14,2016,8,0.0,20160814,0.0,232,14,1.0
227,23.4,0.0,32.5,27.4,72.8,8.1,2016-08-15,2016,8,0.0,20160815,0.0,232,15,1.0
228,22.8,0.0,33.9,27.8,64.6,9.7,2016-08-16,2016,8,0.0,20160816,0.0,232,16,1.0
229,22.4,0.0,33.8,27.4,72.6,10.3,2016-08-17,2016,8,0.0,20160817,0.0,232,17,0.9
230,22.7,0.0,34.4,27.8,73.1,7.2,2016-08-18,2016,8,0.0,20160818,0.0,232,18,0.9
231,23.1,0.0,33.7,28.1,71.8,5.8,2016-08-19,2016,8,0.0,20160819,0.0,232,19,0.9
232,23.9,0.0,34.9,28.3,66.6,10.2,2016-08-20,2016,8,0.0,20160820,0.0,232,20,1.2
233,21.4,0.0,33.4,27.0,63.5,6.8,2016-08-21,2016,8,0.0,20160821,0.0,232,21,1.2
234,21.0,0.0,34.8,27.6,67.0,8.9,2016-08-22,2016,8,0.0,20160822,0.0,232,22,1.0
235,23.0,0.0,32.8,27.0,77.1,5.5,2016-08-23,2016,8,0.0,20160823,0.1,232,23,1.4
236,22.8,0.0,32.5,26.9,71.9,9.3,2016-08-24,2016,8,0.0,20160824,0.0,232,24,1.3
237,20.7,0.0,32.9,26.8,71.0,7.8,2016-08-25,2016,8,0.0,20160825,0.0,232,25,1.0
238,17.6,0.0,25.5,20.5,84.3,0.0,2016-08-26,2016,8,0.0,20160826,13.8,232,26,2.7
239,15.4,0.0,25.9,21.5,65.0,7.1,2016-08-27,2016,8,0.0,20160827,0.3,232,27,2.6
240,16.8,0.0,23.1,19.5,78.8,0.9,2016-08-28,2016,8,0.0,20160828,3.7,232,28,2.0
241,14.9,0.0,26.0,18.9,79.1,7.0,2016-08-29,2016,8,0.0,20160829,22.6,232,29,1.7
242,15.2,0.0,22.9,18.6,87.4,2.7,2016-08-30,2016,8,0.0,20160830,4.9,232,30,2.0
243,16.3,0.0,22.3,18.6,89.0,0.2,2016-08-31,2016,8,0.0,20160831,30.7,232,31,3.8
244,17.1,0.0,29.9,22.9,77.5,8.8,2016-09-01,2016,9,0.0,20160901,0.9,232,1,1.6
245,19.0,0.0,25.8,22.3,78.3,5.5,2016-09-02,2016,9,0.0,20160902,5.5,232,2,2.7
246,20.2,0.0,29.5,23.4,78.3,7.1,2016-09-03,2016,9,0.0,20160903,0.0,232,3,1.3
247,19.7,0.0,29.4,24.6,79.4,4.0,2016-09-04,2016,9,0.0,20160904,0.0,232,4,0.9
248,18.7,0.0,30.4,24.3,80.3,7.3,2016-09-05,2016,9,0.0,20160905,0.0,232,5,0.9
249,17.2,0.0,27.2,21.5,86.3,1.6,2016-09-06,2016,9,0.0,20160906,0.0,232,6,0.6
250,17.6,0.0,27.8,22.2,78.5,4.1,2016-09-07,2016,9,0.0,20160907,0.0,232,7,0.7
251,17.8,0.0,27.5,21.5,83.1,6.3,2016-09-08,2016,9,0.0,20160908,3.8,232,8,0.7
252,17.9,0.0,28.3,21.9,79.0,7.1,2016-09-09,2016,9,0.0,20160909,0.0,232,9,0.8
253,17.5,0.0,29.1,22.6,77.4,6.7,2016-09-10,2016,9,0.0,20160910,0.0,232,10,0.7
254,17.7,0.0,28.1,22.3,75.6,6.6,2016-09-11,2016,9,0.0,20160911,0.0,232,11,0.9
255,19.3,0.0,28.6,23.0,74.3,6.1,2016-09-12,2016,9,0.0,20160912,0.0,232,12,1.0
256,16.7,0.0,28.7,22.3,76.4,9.6,2016-09-13,2016,9,0.0,20160913,0.0,232,13,0.9
257,18.3,0.0,28.3,22.4,76.6,5.9,2016-09-14,2016,9,0.0,20160914,0.0,232,14,0.9
258,14.9,0.0,28.3,20.9,77.9,6.7,2016-09-15,2016,9,0.0,20160915,0.0,232,15,0.7
259,17.5,0.0,26.5,21.6,84.8,0.9,2016-09-16,2016,9,0.0,20160916,9.3,232,16,0.6
260,19.6,0.0,20.9,20.1,94.0,0.0,2016-09-17,2016,9,0.0,20160917,29.8,232,17,2.1
261,17.5,0.0,21.8,19.5,84.4,0.4,2016-09-18,2016,9,0.0,20160918,0.6,232,18,1.9
262,14.2,0.0,24.6,19.8,67.4,7.6,2016-09-19,2016,9,0.0,20160919,0.0,232,19,2.7
263,10.8,0.0,23.9,17.5,63.3,11.0,2016-09-20,2016,9,0.0,20160920,0.0,232,20,2.1
264,9.9,0.0,22.9,16.9,72.4,8.2,2016-09-21,2016,9,0.0,20160921,0.0,232,21,1.2
265,14.5,0.0,25.6,18.7,73.1,7.6,2016-09-22,2016,9,0.0,20160922,0.0,232,22,0.9
266,12.6,0.0,26.7,18.9,75.6,9.9,2016-09-23,2016,9,0.0,20160923,0.0,232,23,0.7
267,13.9,0.0,27.0,19.9,75.8,8.6,2016-09-24,2016,9,0.0,20160924,0.0,232,24,0.6
268,15.3,0.0,26.0,19.7,83.3,2.7,2016-09-25,2016,9,0.0,20160925,0.0,232,25,0.6
269,15.7,0.0,26.3,20.5,81.9,2.8,2016-09-26,2016,9,0.0,20160926,0.0,232,26,0.9
270,18.6,0.0,23.8,20.8,90.1,0.1,2016-09-27,2016,9,0.0,20160927,5.1,232,27,0.7
271,17.2,0.0,25.8,21.0,83.0,2.8,2016-09-28,2016,9,0.0,20160928,0.0,232,28,1.0
272,15.5,0.0,22.0,19.4,76.8,0.1,2016-09-29,2016,9,0.0,20160929,0.0,232,29,2.2
273,14.9,0.0,20.3,17.2,85.6,0.2,2016-09-30,2016,9,0.0,20160930,0.0,232,30,1.0
274,14.3,0.0,22.4,18.3,86.0,1.1,2016-10-01,2016,10,0.0,20161001,0.0,232,1,0.8
275,17.0,0.0,22.3,19.7,83.8,0.1,2016-10-02,2016,10,0.0,20161002,0.6,232,2,1.4
276,17.0,0.0,27.5,22.6,84.3,5.1,2016-10-03,2016,10,0.0,20161003,15.9,232,3,1.3
277,13.8,0.0,27.4,20.5,74.8,7.4,2016-10-04,2016,10,0.0,20161004,0.0,232,4,2.3
278,15.8,0.0,23.9,18.8,84.3,3.4,2016-10-05,2016,10,0.0,20161005,11.5,232,5,1.9
279,12.0,0.0,22.8,16.8,73.1,10.3,2016-10-06,2016,10,0.0,20161006,0.0,232,6,1.2
280,11.6,0.0,23.4,17.4,83.1,6.6,2016-10-07,2016,10,0.0,20161007,18.6,232,7,1.8
281,13.5,0.0,21.6,16.8,72.6,6.1,2016-10-08,2016,10,0.0,20161008,16.0,232,8,1.7
282,7.2,0.0,16.0,10.7,60.9,10.5,2016-10-09,2016,10,0.0,20161009,0.0,232,9,1.6
283,5.4,0.0,17.0,10.8,77.9,6.2,2016-10-10,2016,10,0.0,20161010,0.0,232,10,0.5
284,7.7,0.0,20.1,12.3,80.5,5.2,2016-10-11,2016,10,0.0,20161011,0.0,232,11,0.5
285,8.6,0.0,20.0,13.3,71.3,8.0,2016-10-12,2016,10,0.0,20161012,0.0,232,12,0.9
286,6.8,0.0,20.0,12.0,74.1,5.5,2016-10-13,2016,10,0.0,20161013,0.0,232,13,0.5
287,5.8,0.0,22.6,13.1,76.9,8.7,2016-10-14,2016,10,0.0,20161014,0.0,232,14,0.6
288,7.7,0.0,24.9,15.3,78.5,6.1,2016-10-15,2016,10,0.0,20161015,0.0,232,15,0.6
289,13.3,0.0,19.3,16.1,87.4,0.0,2016-10-16,2016,10,0.0,20161016,2.8,232,16,0.9
290,12.5,0.0,21.7,16.8,83.4,5.7,2016-10-17,2016,10,0.0,20161017,1.0,232,17,0.9
291,12.3,0.0,21.4,15.2,87.1,4.7,2016-10-18,2016,10,0.0,20161018,0.0,232,18,0.8
292,10.8,0.0,23.2,15.1,79.9,6.4,2016-10-19,2016,10,0.0,20161019,0.0,232,19,0.6
293,9.4,0.0,20.5,15.4,78.9,2.6,2016-10-20,2016,10,0.0,20161020,0.0,232,20,1.1
294,14.9,0.0,18.4,16.5,67.9,0.2,2016-10-21,2016,10,0.0,20161021,0.0,232,21,2.6
295,13.2,0.0,21.6,16.9,68.6,5.3,2016-10-22,2016,10,0.0,20161022,0.0,232,22,1.3
296,10.8,0.0,17.1,13.7,78.5,0.3,2016-10-23,2016,10,0.0,20161023,2.5,232,23,3.2
297,7.8,0.0,19.1,14.0,66.8,8.4,2016-10-24,2016,10,0.0,20161024,0.0,232,24,2.1
298,10.4,0.0,18.2,13.3,92.1,1.0,2016-10-25,2016,10,0.0,20161025,23.0,232,25,1.6
299,8.3,0.0,16.0,11.5,88.8,0.3,2016-10-26,2016,10,0.0,20161026,0.0,232,26,0.7
300,7.3,0.0,18.2,13.5,78.3,0.5,2016-10-27,2016,10,0.0,20161027,0.0,232,27,1.5
301,12.1,0.0,15.7,13.7,76.9,0.4,2016-10-28,2016,10,0.0,20161028,4.0,232,28,1.2
302,4.4,0.0,12.3,8.2,55.5,1.0,2016-10-29,2016,10,0.0,20161029,0.0,232,29,1.4
303,-2.3,0.0,14.2,4.9,58.3,9.1,2016-10-30,2016,10,0.0,20161030,0.0,232,30,0.7
304,2.0,0.0,10.1,6.4,65.1,0.1,2016-10-31,2016,10,0.0,20161031,0.0,232,31,1.0
305,-2.9,0.0,7.2,2.0,50.5,9.0,2016-11-01,2016,11,0.0,20161101,0.0,232,1,1.7
306,-5.7,0.0,10.8,3.0,62.9,9.1,2016-11-02,2016,11,0.0,20161102,0.0,232,2,0.8
307,1.3,0.0,14.9,6.3,68.8,5.8,2016-11-03,2016,11,0.0,20161103,0.0,232,3,0.9
308,-0.2,0.0,17.7,8.9,74.5,7.4,2016-11-04,2016,11,0.0,20161104,0.0,232,4,1.1
309,6.2,0.0,19.4,11.8,81.0,2.8,2016-11-05,2016,11,0.0,20161105,0.0,232,5,1.0
310,8.2,0.0,17.5,12.9,69.8,7.4,2016-11-06,2016,11,0.0,20161106,0.0,232,6,2.6
311,9.8,0.0,18.2,13.6,67.3,3.6,2016-11-07,2016,11,0.0,20161107,5.0,232,7,1.5
312,0.5,0.0,10.0,5.7,63.3,6.2,2016-11-08,2016,11,0.0,20161108,1.0,232,8,1.9
313,-4.2,0.0,8.7,1.6,57.8,8.1,2016-11-09,2016,11,0.0,20161109,0.0,232,9,1.0
314,-0.3,0.0,12.4,5.4,82.6,1.8,2016-11-10,2016,11,0.0,20161110,9.0,232,10,1.0
315,2.7,0.0,14.2,8.1,74.6,6.7,2016-11-11,2016,11,0.0,20161111,0.5,232,11,1.1
316,0.4,0.0,17.5,8.1,72.0,6.4,2016-11-12,2016,11,0.0,20161112,0.0,232,12,0.8
317,4.3,0.0,19.0,11.2,77.9,3.0,2016-11-13,2016,11,0.0,20161113,0.0,232,13,0.7
318,7.0,0.0,21.2,14.0,75.1,5.4,2016-11-14,2016,11,0.0,20161114,0.0,232,14,1.1
319,-1.0,0.0,14.2,6.2,53.4,8.4,2016-11-15,2016,11,0.0,20161115,0.0,232,15,1.7
320,-3.6,0.0,11.9,3.3,62.9,7.9,2016-11-16,2016,11,0.0,20161116,0.0,232,16,0.6
321,-1.2,0.0,14.8,5.5,67.9,8.0,2016-11-17,2016,11,0.0,20161117,0.0,232,17,0.6
322,0.0,0.0,14.5,7.5,86.8,2.6,2016-11-18,2016,11,0.0,20161118,16.0,232,18,0.7
323,9.9,0.0,13.8,12.0,92.8,0.2,2016-11-19,2016,11,0.0,20161119,1.0,232,19,0.6
324,2.6,0.0,15.6,9.9,71.9,7.6,2016-11-20,2016,11,0.0,20161120,0.0,232,20,1.5
325,1.8,0.0,11.9,7.2,83.8,0.4,2016-11-21,2016,11,0.0,20161121,0.0,232,21,0.5
326,0.3,0.0,9.1,4.2,50.1,4.5,2016-11-22,2016,11,0.0,20161122,0.0,232,22,2.4
327,-4.0,0.0,4.7,0.2,40.0,7.2,2016-11-23,2016,11,0.0,20161123,0.0,232,23,1.5
328,-5.9,0.0,3.5,-1.3,50.5,8.9,2016-11-24,2016,11,0.0,20161124,0.0,232,24,1.8
329,-6.7,0.0,6.7,-0.8,64.5,5.7,2016-11-25,2016,11,0.0,20161125,0.0,232,25,0.7
330,-5.2,0.0,3.2,-0.3,83.9,0.2,2016-11-26,2016,11,0.0,20161126,0.0,232,26,0.9
331,-0.2,0.0,9.4,3.3,85.6,3.6,2016-11-27,2016,11,0.0,20161127,0.0,232,27,0.8
332,-1.7,0.0,6.8,2.3,63.6,8.4,2016-11-28,2016,11,0.0,20161128,0.0,232,28,1.5
333,-5.7,0.0,8.0,0.5,55.8,8.4,2016-11-29,2016,11,0.0,20161129,0.0,232,29,0.9
334,-3.4,0.0,11.9,4.5,75.1,1.9,2016-11-30,2016,11,0.0,20161130,1.0,232,30,0.6
335,-1.0,0.0,9.6,4.6,62.9,6.7,2016-12-01,2016,12,0.0,20161201,0.0,232,1,1.8
336,-6.7,0.0,7.1,-0.3,63.8,8.0,2016-12-02,2016,12,0.0,20161202,0.0,232,2,0.9
337,-5.7,0.0,10.0,1.4,72.0,7.8,2016-12-03,2016,12,0.0,20161203,0.0,232,3,0.5
338,-2.1,0.0,8.2,3.0,73.8,1.7,2016-12-04,2016,12,0.0,20161204,0.0,232,4,0.5
339,1.6,0.0,13.2,6.6,70.6,2.6,2016-12-05,2016,12,0.0,20161205,0.5,232,5,1.8
340,-6.3,0.0,4.8,-0.5,43.9,8.3,2016-12-06,2016,12,0.0,20161206,0.0,232,6,1.8
341,-7.4,0.0,7.7,0.6,73.9,3.2,2016-12-07,2016,12,0.0,20161207,1.0,232,7,1.1
342,-4.5,0.0,7.5,2.1,84.4,2.4,2016-12-08,2016,12,0.0,20161208,0.5,232,8,0.7
343,-1.0,0.0,6.7,3.4,64.9,5.4,2016-12-09,2016,12,0.0,20161209,1.9,232,9,1.7
344,-7.3,0.0,5.0,-1.7,60.4,8.4,2016-12-10,2016,12,0.0,20161210,0.0,232,10,0.9
345,-9.3,0.0,5.8,-3.1,64.4,8.7,2016-12-11,2016,12,0.0,20161211,0.0,232,11,0.6
346,-6.3,0.0,11.1,2.5,65.3,5.2,2016-12-12,2016,12,0.0,20161212,0.5,232,12,0.6
347,-2.1,0.0,8.4,2.5,77.4,3.8,2016-12-13,2016,12,0.0,20161213,0.0,232,13,1.0
348,-2.8,0.0,2.6,0.2,70.3,2.2,2016-12-14,2016,12,0.0,20161214,0.0,232,14,1.4
349,-5.1,0.0,1.1,-2.2,46.6,7.9,2016-12-15,2016,12,0.0,20161215,0.0,232,15,2.1
350,-12.0,0.0,1.4,-4.4,58.4,8.1,2016-12-16,2016,12,0.0,20161216,0.0,232,16,1.3
351,-2.7,0.0,10.3,2.6,68.5,6.4,2016-12-17,2016,12,0.0,20161217,0.0,232,17,0.9
352,-3.5,0.0,8.9,2.0,82.3,0.8,2016-12-18,2016,12,0.0,20161218,0.0,232,18,0.7
353,2.0,0.0,10.8,6.4,87.5,0.7,2016-12-19,2016,12,0.0,20161219,1.7,232,19,0.9
354,1.2,0.0,12.5,5.4,86.3,4.7,2016-12-20,2016,12,0.0,20161220,0.0,232,20,0.6
355,-1.1,0.0,13.7,7.5,86.0,2.6,2016-12-21,2016,12,0.0,20161221,21.3,232,21,1.6
356,3.1,0.0,14.0,7.5,85.5,0.1,2016-12-22,2016,12,0.0,20161222,11.0,232,22,3.3
357,-1.9,0.0,3.2,-0.3,82.3,0.1,2016-12-23,2016,12,0.0,20161223,2.3,232,23,2.6
358,-4.3,0.0,0.5,-2.1,76.1,1.9,2016-12-24,2016,12,0.0,20161224,0.0,232,24,0.7
359,-7.1,0.0,6.4,-0.4,83.9,6.1,2016-12-25,2016,12,0.0,20161225,0.0,232,25,0.5
360,0.7,0.0,4.2,2.4,90.6,0.1,2016-12-26,2016,12,0.0,20161226,3.3,232,26,0.7
361,-5.6,0.0,2.4,-0.2,59.9,5.4,2016-12-27,2016,12,0.0,20161227,0.0,232,27,2.4
362,-10.3,0.0,2.9,-3.6,60.9,8.5,2016-12-28,2016,12,0.0,20161228,0.0,232,28,0.9
363,-6.8,0.0,-0.4,-3.7,62.3,7.9,2016-12-29,2016,12,0.0,20161229,0.3,232,29,1.7
364,-11.1,0.0,3.5,-3.8,68.3,8.0,2016-12-30,2016,12,0.0,20161230,0.0,232,30,0.7
365,-4.4,0.0,4.6,0.4,80.6,1.6,2016-12-31,2016,12,0.0,20161231,0.0,232,31,0.7
