,rainfall,tmin,wind,snow,sunshine,humid,year,Date,tmax,date,tavg,cloud,month,day,station_id
0,0.0,-10.1,1.8,0.0,8.5,58.9,2005,2005-01-01,1.7,20050101,-4.5,0.0,1,1,232
1,0.0,-5.4,1.9,0.0,2.6,61.5,2005,2005-01-02,6.6,20050102,1.8,0.0,1,2,232
2,0.5,1.6,3.1,0.0,0.9,65.6,2005,2005-01-03,9.6,20050103,4.5,0.0,1,3,232
3,0.0,-7.0,3.6,0.0,8.4,44.1,2005,2005-01-04,1.7,20050104,-2.7,0.0,1,4,232
4,0.0,-12.5,0.9,0.0,7.5,57.4,2005,2005-01-05,2.9,20050105,-4.6,0.0,1,5,232
5,0.0,-5.8,1.0,0.0,4.6,65.8,2005,2005-01-06,5.0,20050106,0.4,0.0,1,6,232
6,0.0,-7.0,3.7,0.0,8.6,56.4,2005,2005-01-07,3.5,20050107,-0.9,0.0,1,7,232
7,0.0,-11.1,2.3,0.0,7.0,61.9,2005,2005-01-08,3.0,20050108,-4.1,0.0,1,8,232
8,0.0,-11.6,2.5,0.0,8.7,52.8,2005,2005-01-09,-1.8,20050109,-6.2,0.0,1,9,232
9,0.0,-13.1,1.2,0.0,4.7,69.3,2005,2005-01-10,0.3,20050110,-4.9,0.0,1,10,232
10,0.0,-7.8,3.0,0.0,5.3,62.4,2005,2005-01-11,0.0,20050111,-2.8,0.0,1,11,232
11,0.0,-9.3,2.1,0.0,8.7,55.6,2005,2005-01-12,0.4,20050112,-3.7,0.0,1,12,232
12,0.0,-9.0,1.9,0.0,6.7,65.9,2005,2005-01-13,1.3,20050113,-4.3,0.0,1,13,232
13,0.0,-10.8,1.5,0.0,5.1,69.0,2005,2005-01-14,2.2,20050114,-3.8,0.0,1,14,232
14,0.0,-9.5,1.5,0.0,8.2,68.6,2005,2005-01-15,3.2,20050115,-2.2,0.0,1,15,232
15,0.1,-6.6,2.5,0.3,3.4,70.3,2005,2005-01-16,5.1,20050116,-1.1,0.0,1,16,232
16,0.0,-8.6,0.9,0.0,6.9,74.5,2005,2005-01-17,6.8,20050117,-1.6,0.0,1,17,232
17,1.5,-5.4,1.8,0.0,0.5,79.0,2005,2005-01-18,6.5,20050118,0.9,0.0,1,18,232
18,0.0,-3.5,2.9,0.0,8.2,58.4,2005,2005-01-19,2.2,20050119,-1.1,0.0,1,19,232
19,0.1,-5.3,4.0,0.3,5.0,57.5,2005,2005-01-20,-0.6,20050120,-3.1,0.0,1,20,232
20,0.0,-12.1,1.5,0.0,9.1,62.4,2005,2005-01-21,1.2,20050121,-6.0,0.0,1,21,232
21,0.0,-10.5,0.7,0.0,5.7,56.0,2005,2005-01-22,4.6,20050122,-2.6,0.0,1,22,232
22,0.0,-2.0,1.3,0.0,8.4,47.6,2005,2005-01-23,10.6,20050123,2.3,0.0,1,23,232
23,0.0,-5.0,1.1,0.0,1.9,73.8,2005,2005-01-24,7.3,20050124,0.0,0.0,1,24,232
24,0.0,-5.9,0.8,0.0,0.0,83.4,2005,2005-01-25,3.7,20050125,-0.4,0.0,1,25,232
25,0.0,-4.1,1.3,0.0,7.1,72.3,2005,2005-01-26,7.9,20050126,1.0,0.0,1,26,232
26,0.0,-5.9,1.0,0.0,6.3,66.6,2005,2005-01-27,6.9,20050127,-0.5,0.0,1,27,232
27,0.0,-8.1,0.8,0.0,8.3,61.3,2005,2005-01-28,11.0,20050128,-0.6,0.0,1,28,232
28,0.5,-5.8,2.8,0.3,1.9,68.1,2005,2005-01-29,2.7,20050129,-1.0,0.0,1,29,232
29,0.0,-6.6,3.8,0.0,6.8,45.6,2005,2005-01-30,-2.0,20050130,-4.3,0.0,1,30,232
30,0.3,-11.1,3.0,0.7,6.2,55.6,2005,2005-01-31,0.6,20050131,-5.0,0.0,1,31,232
31,0.1,-10.1,5.8,0.2,3.7,59.8,2005,2005-02-01,-5.3,20050201,-7.7,0.0,2,1,232
32,0.0,-11.1,2.5,0.0,5.4,64.8,2005,2005-02-02,-0.8,20050202,-4.8,0.0,2,2,232
33,0.0,-7.5,1.6,0.0,9.0,61.0,2005,2005-02-03,1.8,20050203,-2.8,0.0,2,3,232
34,0.0,-6.5,1.3,0.0,8.4,58.6,2005,2005-02-04,4.1,20050204,-1.3,0.0,2,4,232
35,0.0,-6.3,1.8,0.0,7.9,61.0,2005,2005-02-05,3.7,20050205,-1.1,0.0,2,5,232
36,0.0,-9.8,0.7,0.0,7.5,59.5,2005,2005-02-06,8.6,20050206,-1.8,0.0,2,6,232
37,0.0,-5.0,1.5,0.0,0.0,73.8,2005,2005-02-07,6.0,20050207,2.4,0.0,2,7,232
38,0.7,-5.0,1.7,1.5,8.0,78.0,2005,2005-02-08,6.4,20050208,1.0,0.0,2,8,232
39,0.0,-6.0,1.9,0.0,0.0,74.0,2005,2005-02-09,2.2,20050209,-1.3,0.0,2,9,232
40,0.0,-6.0,3.9,0.0,9.6,44.4,2005,2005-02-10,-0.8,20050210,-3.6,0.0,2,10,232
41,0.0,-12.8,2.1,0.0,9.0,55.5,2005,2005-02-11,-0.4,20050211,-6.2,0.0,2,11,232
42,0.0,-11.1,1.2,0.0,2.7,52.0,2005,2005-02-12,1.7,20050212,-5.0,0.0,2,12,232
43,0.0,-12.1,1.2,0.0,9.3,60.9,2005,2005-02-13,5.0,20050213,-3.9,0.0,2,13,232
44,0.0,-6.9,1.3,0.0,1.8,47.6,2005,2005-02-14,6.9,20050214,1.5,0.0,2,14,232
45,8.5,-2.0,3.1,0.0,0.1,56.4,2005,2005-02-15,11.6,20050215,5.3,0.0,2,15,232
46,19.5,3.2,2.6,0.0,0.0,85.8,2005,2005-02-16,6.5,20050216,4.7,0.0,2,16,232
47,0.0,0.1,1.5,0.0,8.4,69.8,2005,2005-02-17,12.1,20050217,6.1,0.0,2,17,232
48,0.0,0.1,3.2,0.0,1.2,69.4,2005,2005-02-18,5.8,20050218,4.0,0.0,2,18,232
49,0.9,-5.6,4.6,0.0,5.6,63.3,2005,2005-02-19,2.0,20050219,-1.0,0.0,2,19,232
50,0.0,-9.1,3.5,0.0,7.2,47.9,2005,2005-02-20,-1.7,20050220,-4.8,0.0,2,20,232
51,0.0,-10.1,2.0,0.0,10.4,50.9,2005,2005-02-21,-0.2,20050221,-4.9,0.0,2,21,232
52,0.1,-6.8,4.5,0.0,0.3,61.1,2005,2005-02-22,8.1,20050222,2.2,0.0,2,22,232
53,0.0,-3.7,3.3,0.0,6.7,57.0,2005,2005-02-23,3.0,20050223,0.0,0.0,2,23,232
54,0.0,-3.7,2.0,0.0,4.7,50.4,2005,2005-02-24,6.4,20050224,-0.3,0.0,2,24,232
55,0.0,-4.5,3.9,0.0,10.3,39.3,2005,2005-02-25,1.3,20050225,-2.0,0.0,2,25,232
56,0.0,-8.3,2.9,0.0,10.6,47.8,2005,2005-02-26,0.8,20050226,-4.0,0.0,2,26,232
57,0.0,-10.3,1.4,0.0,9.7,58.1,2005,2005-02-27,3.5,20050227,-2.9,0.0,2,27,232
58,0.0,-5.8,2.2,0.0,8.0,60.9,2005,2005-02-28,7.0,20050228,0.5,0.0,2,28,232
59,0.0,-7.8,1.6,0.0,9.9,53.0,2005,2005-03-01,6.1,20050301,0.2,0.0,3,1,232
60,0.5,-2.5,1.6,0.3,1.3,67.5,2005,2005-03-02,4.6,20050302,0.7,0.0,3,2,232
61,0.0,-7.1,2.2,0.0,9.5,58.1,2005,2005-03-03,3.5,20050303,-1.3,0.0,3,3,232
62,0.0,-8.6,1.8,0.0,10.0,57.1,2005,2005-03-04,5.4,20050304,-0.9,0.0,3,4,232
63,0.0,-7.6,2.3,0.0,9.8,61.4,2005,2005-03-05,3.7,20050305,-1.7,0.0,3,5,232
64,0.0,-8.1,1.4,0.0,10.4,64.5,2005,2005-03-06,7.9,20050306,-0.4,0.0,3,6,232
65,0.0,-5.4,3.1,0.0,9.6,61.9,2005,2005-03-07,14.0,20050307,6.3,0.0,3,7,232
66,0.0,-1.1,1.8,0.0,6.7,61.8,2005,2005-03-08,12.6,20050308,5.2,0.0,3,8,232
67,0.0,-4.9,2.0,0.0,9.1,61.0,2005,2005-03-09,18.3,20050309,7.8,0.0,3,9,232
68,5.5,6.3,2.3,0.0,0.0,73.3,2005,2005-03-10,17.0,20050310,12.4,0.0,3,10,232
69,2.5,-1.3,5.2,0.0,2.5,70.4,2005,2005-03-11,6.4,20050311,1.9,0.0,3,11,232
70,0.0,-4.3,5.8,0.0,8.7,41.6,2005,2005-03-12,0.3,20050312,-1.9,0.0,3,12,232
71,0.0,-4.1,3.6,0.0,10.1,45.5,2005,2005-03-13,4.3,20050313,-0.5,0.0,3,13,232
72,0.0,-6.3,1.8,0.0,11.0,59.6,2005,2005-03-14,9.8,20050314,1.9,0.0,3,14,232
73,0.0,-1.0,1.5,0.0,1.9,70.0,2005,2005-03-15,9.6,20050315,4.5,0.0,3,15,232
74,0.0,2.2,1.2,0.0,4.9,68.4,2005,2005-03-16,14.8,20050316,8.1,0.0,3,16,232
75,11.0,4.6,3.1,0.0,3.7,77.5,2005,2005-03-17,12.6,20050317,7.4,0.0,3,17,232
76,0.0,0.6,4.8,0.0,11.2,52.3,2005,2005-03-18,8.1,20050318,4.5,0.0,3,18,232
77,0.0,-3.7,1.3,0.0,10.2,60.5,2005,2005-03-19,12.6,20050319,4.1,0.0,3,19,232
78,0.0,0.4,2.0,0.0,10.3,65.1,2005,2005-03-20,12.3,20050320,5.7,0.0,3,20,232
79,1.0,-1.3,2.1,0.0,6.3,64.0,2005,2005-03-21,16.2,20050321,7.5,0.0,3,21,232
80,14.5,4.9,1.9,0.0,5.5,74.3,2005,2005-03-22,12.8,20050322,8.0,0.0,3,22,232
81,0.0,1.2,2.3,0.0,8.5,53.4,2005,2005-03-23,14.6,20050323,7.9,0.0,3,23,232
82,2.0,1.7,6.1,0.0,5.9,55.9,2005,2005-03-24,7.4,20050324,3.9,0.0,3,24,232
83,0.0,-0.4,3.6,0.0,8.6,53.4,2005,2005-03-25,9.8,20050325,4.6,0.0,3,25,232
84,0.0,0.0,2.1,0.0,7.7,69.3,2005,2005-03-26,16.0,20050326,7.6,0.0,3,26,232
85,0.0,-0.8,1.2,0.0,8.6,66.0,2005,2005-03-27,20.2,20050327,9.2,0.0,3,27,232
86,0.0,4.4,3.1,0.0,4.5,68.8,2005,2005-03-28,12.3,20050328,7.5,0.0,3,28,232
87,0.0,2.2,4.7,0.0,10.6,44.5,2005,2005-03-29,10.1,20050329,5.7,0.0,3,29,232
88,0.0,-2.5,2.5,0.0,11.0,50.4,2005,2005-03-30,14.6,20050330,6.6,0.0,3,30,232
89,0.0,-1.8,1.4,0.0,10.3,56.6,2005,2005-03-31,17.0,20050331,7.6,0.0,3,31,232
90,0.0,-1.7,0.9,0.0,2.8,51.3,2005,2005-04-01,17.3,20050401,8.0,0.0,4,1,232
91,0.0,-0.3,1.8,0.0,7.9,52.9,2005,2005-04-02,19.2,20050402,9.5,0.0,4,2,232
92,0.5,1.6,2.0,0.0,4.3,70.6,2005,2005-04-03,13.3,20050403,7.2,0.0,4,3,232
93,0.0,-2.0,2.0,0.0,10.7,48.4,2005,2005-04-04,16.0,20050404,8.0,0.0,4,4,232
94,0.0,6.5,2.6,0.0,10.8,39.0,2005,2005-04-05,23.8,20050405,13.9,0.0,4,5,232
95,1.0,9.1,3.7,0.0,0.0,57.5,2005,2005-04-06,21.0,20050406,15.7,0.0,4,6,232
96,0.0,8.1,2.7,0.0,0.7,73.8,2005,2005-04-07,20.0,20050407,14.6,0.0,4,7,232
97,0.0,3.0,1.0,0.0,10.1,54.5,2005,2005-04-08,24.7,20050408,13.3,0.0,4,8,232
98,19.0,9.8,3.1,0.0,0.1,73.4,2005,2005-04-09,16.7,20050409,13.5,0.0,4,9,232
99,24.5,7.8,2.9,0.0,3.3,77.3,2005,2005-04-10,16.7,20050410,10.8,0.0,4,10,232
100,0.0,5.8,2.0,0.0,6.4,60.5,2005,2005-04-11,18.0,20050411,11.6,0.0,4,11,232
101,0.0,6.6,1.8,0.0,0.5,66.9,2005,2005-04-12,15.8,20050412,10.6,0.0,4,12,232
102,0.0,2.2,2.3,0.0,11.5,58.4,2005,2005-04-13,14.8,20050413,8.5,0.0,4,13,232
103,0.0,1.7,3.4,0.0,10.9,52.3,2005,2005-04-14,18.3,20050414,10.5,0.0,4,14,232
104,0.0,0.5,2.1,0.0,11.9,47.5,2005,2005-04-15,14.8,20050415,7.6,0.0,4,15,232
105,0.0,-1.3,1.8,0.0,11.8,41.8,2005,2005-04-16,19.0,20050416,8.6,0.0,4,16,232
106,0.0,2.7,1.6,0.0,6.2,44.0,2005,2005-04-17,22.6,20050417,13.3,0.0,4,17,232
107,0.0,9.8,2.0,0.0,3.2,57.0,2005,2005-04-18,24.0,20050418,16.2,0.0,4,18,232
108,6.5,8.6,2.4,0.0,1.1,66.1,2005,2005-04-19,24.2,20050419,16.2,0.0,4,19,232
109,2.0,7.8,4.0,0.0,10.3,49.4,2005,2005-04-20,15.1,20050420,11.3,0.0,4,20,232
110,0.0,4.6,3.4,0.0,11.1,46.1,2005,2005-04-21,15.8,20050421,11.0,0.0,4,21,232
111,0.0,2.2,3.2,0.0,11.7,45.1,2005,2005-04-22,17.7,20050422,10.7,0.0,4,22,232
112,0.0,1.5,1.4,0.0,12.3,52.1,2005,2005-04-23,19.7,20050423,10.9,0.0,4,23,232
113,0.0,3.7,2.5,0.0,10.4,51.8,2005,2005-04-24,22.8,20050424,13.6,0.0,4,24,232
114,0.0,10.3,1.8,0.0,11.5,55.4,2005,2005-04-25,21.5,20050425,15.2,0.0,4,25,232
115,0.0,5.0,1.8,0.0,12.2,51.5,2005,2005-04-26,22.7,20050426,14.3,0.0,4,26,232
116,0.2,8.1,2.9,0.0,3.4,42.6,2005,2005-04-27,26.5,20050427,17.7,0.0,4,27,232
117,0.0,14.0,3.6,0.0,10.4,58.9,2005,2005-04-28,29.5,20050428,21.0,0.0,4,28,232
118,0.0,14.5,1.4,0.0,4.4,69.1,2005,2005-04-29,25.7,20050429,19.0,0.0,4,29,232
119,0.0,14.0,1.8,0.0,8.9,65.3,2005,2005-04-30,31.2,20050430,23.0,0.0,4,30,232
120,0.5,14.5,2.8,0.0,3.0,72.3,2005,2005-05-01,24.7,20050501,19.5,0.0,5,1,232
121,0.0,9.1,2.0,0.0,12.0,42.3,2005,2005-05-02,25.8,20050502,17.1,0.0,5,2,232
122,0.0,5.3,1.6,0.0,12.6,39.1,2005,2005-05-03,28.0,20050503,16.9,0.0,5,3,232
123,0.0,6.5,1.4,0.0,11.6,43.4,2005,2005-05-04,30.5,20050504,18.1,0.0,5,4,232
124,4.0,10.1,2.7,0.0,3.3,66.1,2005,2005-05-05,26.1,20050505,18.5,0.0,5,5,232
125,13.0,10.6,2.3,0.0,0.0,89.4,2005,2005-05-06,16.7,20050506,14.0,0.0,5,6,232
126,0.0,7.4,1.7,0.0,9.0,72.1,2005,2005-05-07,19.1,20050507,13.7,0.0,5,7,232
127,0.0,8.1,1.8,0.0,0.0,77.6,2005,2005-05-08,16.8,20050508,13.4,0.0,5,8,232
128,0.0,4.6,2.4,0.0,11.3,60.0,2005,2005-05-09,19.1,20050509,11.9,0.0,5,9,232
129,0.0,5.7,1.4,0.0,12.4,60.3,2005,2005-05-10,22.3,20050510,12.8,0.0,5,10,232
130,10.5,9.8,1.6,0.0,1.8,66.8,2005,2005-05-11,20.7,20050511,14.2,0.0,5,11,232
131,2.5,10.6,2.1,0.0,6.1,76.8,2005,2005-05-12,18.3,20050512,13.9,0.0,5,12,232
132,0.0,7.5,1.5,0.0,9.9,64.6,2005,2005-05-13,23.3,20050513,15.7,0.0,5,13,232
133,0.0,12.1,1.6,0.0,7.6,67.4,2005,2005-05-14,22.3,20050514,16.6,0.0,5,14,232
134,0.0,9.8,1.2,0.0,11.1,64.0,2005,2005-05-15,27.0,20050515,18.1,0.0,5,15,232
135,0.0,13.0,1.9,0.0,10.4,56.9,2005,2005-05-16,27.6,20050516,19.5,0.0,5,16,232
136,16.0,16.1,2.6,0.0,0.6,63.5,2005,2005-05-17,24.1,20050517,19.7,0.0,5,17,232
137,1.0,11.3,3.2,0.0,1.5,80.0,2005,2005-05-18,19.0,20050518,15.4,0.0,5,18,232
138,0.0,9.3,2.2,0.0,11.0,67.6,2005,2005-05-19,24.5,20050519,16.4,0.0,5,19,232
139,0.0,9.6,2.0,0.0,12.7,55.5,2005,2005-05-20,24.3,20050520,16.8,0.0,5,20,232
140,0.0,9.8,1.0,0.0,2.2,57.3,2005,2005-05-21,22.7,20050521,16.5,0.0,5,21,232
141,0.0,12.0,1.0,0.0,0.2,68.5,2005,2005-05-22,20.5,20050522,16.3,0.0,5,22,232
142,0.5,11.5,3.4,0.0,10.3,64.4,2005,2005-05-23,20.8,20050523,16.0,0.0,5,23,232
143,0.0,8.3,1.5,0.0,12.4,59.6,2005,2005-05-24,23.7,20050524,16.4,0.0,5,24,232
144,0.0,10.1,1.8,0.0,8.6,61.5,2005,2005-05-25,25.7,20050525,18.1,0.0,5,25,232
145,0.0,12.1,1.9,0.0,12.5,60.0,2005,2005-05-26,26.7,20050526,19.5,0.0,5,26,232
146,0.0,11.8,1.1,0.0,12.5,55.0,2005,2005-05-27,28.6,20050527,20.3,0.0,5,27,232
147,0.0,12.8,1.3,0.0,7.2,53.5,2005,2005-05-28,28.6,20050528,20.2,0.0,5,28,232
148,0.0,13.1,1.6,0.0,12.0,52.4,2005,2005-05-29,30.6,20050529,22.2,0.0,5,29,232
149,0.0,15.3,1.8,0.0,10.1,55.6,2005,2005-05-30,27.3,20050530,20.0,0.0,5,30,232
150,0.0,11.1,1.5,0.0,12.7,54.1,2005,2005-05-31,27.8,20050531,19.6,0.0,5,31,232
151,15.0,12.6,2.2,0.0,3.1,68.3,2005,2005-06-01,24.2,20050601,18.9,0.0,6,1,232
152,26.0,17.1,1.9,0.0,1.9,83.8,2005,2005-06-02,22.1,20050602,18.9,0.0,6,2,232
153,0.0,15.0,2.0,0.0,9.5,76.4,2005,2005-06-03,23.8,20050603,18.9,0.0,6,3,232
154,0.0,15.8,1.6,0.0,5.6,71.6,2005,2005-06-04,25.8,20050604,19.4,0.0,6,4,232
155,0.0,14.1,1.5,0.0,12.0,61.9,2005,2005-06-05,29.1,20050605,21.2,0.0,6,5,232
156,0.0,14.6,1.2,0.0,5.8,65.9,2005,2005-06-06,26.8,20050606,20.9,0.0,6,6,232
157,0.0,17.0,1.4,0.0,0.0,69.8,2005,2005-06-07,27.2,20050607,21.4,0.0,6,7,232
158,0.0,16.5,1.4,0.0,8.5,66.4,2005,2005-06-08,28.3,20050608,22.4,0.0,6,8,232
159,0.0,16.6,1.2,0.0,6.1,63.6,2005,2005-06-09,29.0,20050609,23.0,0.0,6,9,232
160,37.0,17.2,1.6,0.0,0.0,87.8,2005,2005-06-10,21.8,20050610,18.4,0.0,6,10,232
161,0.0,16.6,1.9,0.0,8.4,75.4,2005,2005-06-11,27.2,20050611,20.8,0.0,6,11,232
162,0.0,17.2,1.3,0.0,8.9,69.9,2005,2005-06-12,28.3,20050612,21.8,0.0,6,12,232
163,0.0,17.2,1.4,0.0,7.5,70.3,2005,2005-06-13,31.8,20050613,24.2,0.0,6,13,232
164,0.0,19.2,1.7,0.0,7.1,64.4,2005,2005-06-14,30.7,20050614,24.5,0.0,6,14,232
165,14.5,16.7,1.8,0.0,1.1,74.5,2005,2005-06-15,24.8,20050615,19.9,0.0,6,15,232
166,12.5,15.6,1.4,0.0,5.2,79.0,2005,2005-06-16,27.2,20050616,20.4,0.0,6,16,232
167,0.0,18.2,2.0,0.0,6.4,70.8,2005,2005-06-17,27.7,20050617,22.6,0.0,6,17,232
168,0.0,18.7,1.5,0.0,2.1,71.0,2005,2005-06-18,28.5,20050618,22.5,0.0,6,18,232
169,1.0,17.8,1.1,0.0,1.8,76.3,2005,2005-06-19,27.5,20050619,21.9,0.0,6,19,232
170,0.0,17.3,1.5,0.0,9.5,71.6,2005,2005-06-20,30.2,20050620,23.4,0.0,6,20,232
171,0.0,19.7,1.6,0.0,5.0,70.8,2005,2005-06-21,30.2,20050621,24.0,0.0,6,21,232
172,0.0,18.7,1.2,0.0,6.3,73.3,2005,2005-06-22,29.3,20050622,23.8,0.0,6,22,232
173,0.0,19.6,1.5,0.0,9.5,71.6,2005,2005-06-23,30.6,20050623,24.4,0.0,6,23,232
174,0.0,20.2,1.4,0.0,8.8,69.1,2005,2005-06-24,31.8,20050624,25.5,0.0,6,24,232
175,0.0,20.2,1.6,0.0,1.6,74.4,2005,2005-06-25,30.2,20050625,24.8,0.0,6,25,232
176,7.0,21.0,1.5,0.0,0.9,78.5,2005,2005-06-26,30.1,20050626,25.5,0.0,6,26,232
177,27.5,23.5,2.4,0.0,0.0,82.8,2005,2005-06-27,26.2,20050627,24.7,0.0,6,27,232
178,0.0,21.7,1.1,0.0,1.4,75.3,2005,2005-06-28,29.2,20050628,24.8,0.0,6,28,232
179,42.5,22.2,1.8,0.0,0.5,83.3,2005,2005-06-29,29.3,20050629,24.7,0.0,6,29,232
180,0.0,24.2,1.7,0.0,5.7,71.6,2005,2005-06-30,32.4,20050630,27.5,0.0,6,30,232
181,21.5,22.7,2.2,0.0,0.3,80.8,2005,2005-07-01,27.1,20050701,24.7,0.0,7,1,232
182,17.5,23.1,1.4,0.0,0.0,85.6,2005,2005-07-02,28.0,20050702,24.9,0.0,7,2,232
183,57.0,21.1,1.4,0.0,0.0,90.1,2005,2005-07-03,24.3,20050703,22.6,0.0,7,3,232
184,2.0,21.0,1.9,0.0,6.4,77.8,2005,2005-07-04,29.1,20050704,23.9,0.0,7,4,232
185,0.0,20.2,1.4,0.0,0.7,79.9,2005,2005-07-05,27.8,20050705,22.9,0.0,7,5,232
186,0.0,19.7,2.1,0.0,5.6,76.4,2005,2005-07-06,30.3,20050706,24.6,0.0,7,6,232
187,0.5,20.8,1.5,0.0,0.0,80.0,2005,2005-07-07,27.7,20050707,24.4,0.0,7,7,232
188,0.5,20.5,2.1,0.0,4.9,74.1,2005,2005-07-08,28.8,20050708,24.6,0.0,7,8,232
189,25.5,22.0,1.7,0.0,0.0,86.6,2005,2005-07-09,24.6,20050709,23.0,0.0,7,9,232
190,0.0,21.0,0.7,0.0,0.0,81.4,2005,2005-07-10,26.7,20050710,23.7,0.0,7,10,232
191,83.0,19.2,2.3,0.0,0.0,87.6,2005,2005-07-11,22.7,20050711,20.2,0.0,7,11,232
192,0.0,18.1,1.0,0.0,9.1,75.0,2005,2005-07-12,28.7,20050712,23.6,0.0,7,12,232
193,9.0,21.2,1.2,0.0,1.1,79.6,2005,2005-07-13,27.8,20050713,23.4,0.0,7,13,232
194,0.0,20.2,1.5,0.0,7.1,74.3,2005,2005-07-14,31.8,20050714,25.3,0.0,7,14,232
195,0.0,20.5,1.1,0.0,6.7,74.6,2005,2005-07-15,32.0,20050715,26.1,0.0,7,15,232
196,2.0,22.2,0.8,0.0,0.4,80.4,2005,2005-07-16,30.2,20050716,25.7,0.0,7,16,232
197,23.0,21.5,1.6,0.0,2.2,82.9,2005,2005-07-17,29.7,20050717,24.7,0.0,7,17,232
198,0.0,22.3,1.7,0.0,8.7,75.9,2005,2005-07-18,30.7,20050718,26.0,0.0,7,18,232
199,0.0,23.0,1.7,0.0,2.0,77.3,2005,2005-07-19,29.8,20050719,25.6,0.0,7,19,232
200,0.0,21.3,1.5,0.0,6.6,75.9,2005,2005-07-20,31.2,20050720,26.0,0.0,7,20,232
201,0.0,22.1,1.3,0.0,5.4,74.8,2005,2005-07-21,31.7,20050721,26.1,0.0,7,21,232
202,0.0,21.0,1.1,0.0,7.5,73.8,2005,2005-07-22,33.7,20050722,27.1,0.0,7,22,232
203,0.0,22.2,1.1,0.0,5.2,74.4,2005,2005-07-23,35.4,20050723,28.1,0.0,7,23,232
204,0.0,24.0,1.3,0.0,6.3,71.3,2005,2005-07-24,35.4,20050724,28.7,0.0,7,24,232
205,0.0,23.6,1.4,0.0,1.8,73.9,2005,2005-07-25,34.5,20050725,27.6,0.0,7,25,232
206,0.0,23.2,1.6,0.0,4.7,73.9,2005,2005-07-26,32.5,20050726,27.1,0.0,7,26,232
207,1.0,22.6,1.1,0.0,0.6,78.8,2005,2005-07-27,31.7,20050727,26.4,0.0,7,27,232
208,71.0,22.2,2.0,0.0,0.0,85.3,2005,2005-07-28,26.3,20050728,24.4,0.0,7,28,232
209,0.0,21.7,1.2,0.0,7.4,75.6,2005,2005-07-29,30.6,20050729,25.9,0.0,7,29,232
210,0.0,21.7,1.1,0.0,3.9,75.3,2005,2005-07-30,32.0,20050730,26.3,0.0,7,30,232
211,0.3,21.8,1.1,0.0,6.3,74.3,2005,2005-07-31,33.0,20050731,26.7,0.0,7,31,232
212,44.0,23.2,2.1,0.0,1.5,82.1,2005,2005-08-01,30.1,20050801,25.8,0.0,8,1,232
213,6.5,22.7,1.4,0.0,1.6,83.8,2005,2005-08-02,30.1,20050802,25.9,0.0,8,2,232
214,14.5,23.2,1.4,0.0,1.5,86.1,2005,2005-08-03,29.2,20050803,25.2,0.0,8,3,232
215,4.5,23.1,1.6,0.0,6.1,79.0,2005,2005-08-04,33.7,20050804,27.2,0.0,8,4,232
216,0.2,23.5,1.1,0.0,8.7,76.3,2005,2005-08-05,36.2,20050805,28.7,0.0,8,5,232
217,8.5,23.3,1.8,0.0,10.5,75.9,2005,2005-08-06,35.7,20050806,27.9,0.0,8,6,232
218,0.3,22.5,1.3,0.0,3.9,78.5,2005,2005-08-07,32.2,20050807,26.8,0.0,8,7,232
219,17.0,24.5,1.9,0.0,0.5,80.9,2005,2005-08-08,31.1,20050808,26.5,0.0,8,8,232
220,0.5,22.6,2.3,0.0,6.0,75.0,2005,2005-08-09,31.0,20050809,26.5,0.0,8,9,232
221,3.0,22.2,1.4,0.0,0.6,84.6,2005,2005-08-10,29.7,20050810,25.6,0.0,8,10,232
222,21.0,23.2,1.3,0.0,0.2,86.8,2005,2005-08-11,27.7,20050811,25.1,0.0,8,11,232
223,0.5,23.5,1.3,0.0,3.7,78.5,2005,2005-08-12,31.3,20050812,26.8,0.0,8,12,232
224,0.0,23.7,1.6,0.0,6.4,76.5,2005,2005-08-13,31.6,20050813,27.3,0.0,8,13,232
225,0.0,23.0,1.5,0.0,8.7,76.0,2005,2005-08-14,31.5,20050814,27.2,0.0,8,14,232
226,0.0,24.2,1.5,0.0,6.1,76.5,2005,2005-08-15,31.2,20050815,26.9,0.0,8,15,232
227,0.0,23.1,1.1,0.0,4.0,78.8,2005,2005-08-16,32.7,20050816,26.8,0.0,8,16,232
228,3.0,22.6,1.2,0.0,6.6,75.9,2005,2005-08-17,34.0,20050817,27.5,0.0,8,17,232
229,3.5,22.7,1.6,0.0,2.6,81.1,2005,2005-08-18,32.4,20050818,25.5,0.0,8,18,232
230,5.0,21.2,1.2,0.0,0.0,85.9,2005,2005-08-19,27.6,20050819,23.4,0.0,8,19,232
231,13.0,19.7,1.2,0.0,0.0,84.9,2005,2005-08-20,24.0,20050820,21.5,0.0,8,20,232
232,7.0,19.2,1.1,0.0,2.0,77.8,2005,2005-08-21,29.0,20050821,23.2,0.0,8,21,232
233,21.5,20.1,1.5,0.0,0.0,84.6,2005,2005-08-22,23.7,20050822,21.5,0.0,8,22,232
234,0.0,18.0,2.6,0.0,12.6,62.9,2005,2005-08-23,28.3,20050823,23.1,0.0,8,23,232
235,7.0,16.5,2.6,0.0,1.0,68.1,2005,2005-08-24,24.5,20050824,20.4,0.0,8,24,232
236,21.0,17.8,1.5,0.0,0.0,89.6,2005,2005-08-25,23.7,20050825,20.0,0.0,8,25,232
237,0.5,17.8,1.7,0.0,5.2,78.6,2005,2005-08-26,26.5,20050826,21.1,0.0,8,26,232
238,0.0,18.1,0.7,0.0,5.7,76.9,2005,2005-08-27,29.7,20050827,22.3,0.0,8,27,232
239,0.0,17.0,1.5,0.0,8.7,79.4,2005,2005-08-28,27.8,20050828,21.9,0.0,8,28,232
240,0.0,18.3,1.1,0.0,7.1,74.5,2005,2005-08-29,29.7,20050829,24.1,0.0,8,29,232
241,0.0,18.8,1.0,0.0,0.0,78.8,2005,2005-08-30,27.3,20050830,23.1,0.0,8,30,232
242,0.0,17.1,1.2,0.0,9.0,75.1,2005,2005-08-31,32.5,20050831,24.2,0.0,8,31,232
243,0.0,22.0,1.6,0.0,8.1,73.4,2005,2005-09-01,31.8,20050901,27.2,0.0,9,1,232
244,0.5,22.7,1.4,0.0,0.5,83.0,2005,2005-09-02,29.1,20050902,25.2,0.0,9,2,232
245,0.5,19.6,1.0,0.0,0.1,74.8,2005,2005-09-03,27.0,20050903,22.6,0.0,9,3,232
246,0.0,19.1,2.2,0.0,1.9,71.9,2005,2005-09-04,27.3,20050904,22.7,0.0,9,4,232
247,0.0,13.8,3.3,0.0,12.1,61.1,2005,2005-09-05,27.7,20050905,21.2,0.0,9,5,232
248,0.0,18.1,3.3,0.0,4.7,57.1,2005,2005-09-06,27.2,20050906,22.2,0.0,9,6,232
249,0.0,17.6,1.7,0.0,8.9,67.8,2005,2005-09-07,29.2,20050907,22.3,0.0,9,7,232
250,0.0,17.8,1.1,0.0,6.6,74.4,2005,2005-09-08,30.5,20050908,23.5,0.0,9,8,232
251,8.0,20.1,1.9,0.0,0.3,78.1,2005,2005-09-09,26.3,20050909,22.3,0.0,9,9,232
252,1.0,19.7,1.4,0.0,5.7,76.8,2005,2005-09-10,31.0,20050910,23.6,0.0,9,10,232
253,0.0,20.1,1.0,0.0,6.4,74.4,2005,2005-09-11,32.2,20050911,25.5,0.0,9,11,232
254,0.0,20.7,0.9,0.0,4.8,75.4,2005,2005-09-12,31.1,20050912,25.7,0.0,9,12,232
255,19.0,19.2,2.3,0.0,1.2,82.8,2005,2005-09-13,29.6,20050913,24.0,0.0,9,13,232
256,0.0,16.8,1.6,0.0,9.1,72.8,2005,2005-09-14,26.6,20050914,20.7,0.0,9,14,232
257,0.0,15.8,1.7,0.0,10.4,70.6,2005,2005-09-15,28.0,20050915,21.1,0.0,9,15,232
258,0.0,17.7,1.8,0.0,8.6,68.6,2005,2005-09-16,28.2,20050916,22.5,0.0,9,16,232
259,162.0,21.7,2.2,0.0,0.2,79.8,2005,2005-09-17,28.2,20050917,23.7,0.0,9,17,232
260,53.0,19.7,1.2,0.0,4.4,82.4,2005,2005-09-18,27.3,20050918,22.2,0.0,9,18,232
261,3.5,17.2,0.8,0.0,0.0,86.0,2005,2005-09-19,23.5,20050919,19.7,0.0,9,19,232
262,0.0,15.8,0.9,0.0,0.0,81.6,2005,2005-09-20,23.7,20050920,19.9,0.0,9,20,232
263,102.5,14.8,2.7,0.0,0.0,87.8,2005,2005-09-21,21.1,20050921,16.3,0.0,9,21,232
264,4.0,16.3,0.8,0.0,0.0,89.5,2005,2005-09-22,18.2,20050922,17.3,0.0,9,22,232
265,0.0,17.5,1.1,0.0,1.9,79.6,2005,2005-09-23,25.2,20050923,20.4,0.0,9,23,232
266,0.0,14.8,1.7,0.0,8.3,73.8,2005,2005-09-24,26.3,20050924,20.1,0.0,9,24,232
267,0.0,13.6,1.2,0.0,4.5,74.9,2005,2005-09-25,25.5,20050925,18.9,0.0,9,25,232
268,0.0,15.3,1.2,0.0,8.4,71.0,2005,2005-09-26,27.5,20050926,20.0,0.0,9,26,232
269,0.0,13.8,1.6,0.0,5.1,72.5,2005,2005-09-27,26.1,20050927,18.7,0.0,9,27,232
270,0.0,12.0,1.3,0.0,7.3,73.0,2005,2005-09-28,26.1,20050928,18.3,0.0,9,28,232
271,0.0,13.6,2.2,0.0,5.8,66.1,2005,2005-09-29,26.1,20050929,19.9,0.0,9,29,232
272,23.5,16.5,2.2,0.0,0.0,87.9,2005,2005-09-30,22.0,20050930,18.6,0.0,9,30,232
273,10.0,20.0,0.6,0.0,0.0,88.5,2005,2005-10-01,23.7,20051001,21.2,0.0,10,1,232
274,0.0,15.0,2.2,0.0,2.4,72.0,2005,2005-10-02,24.2,20051002,19.7,0.0,10,2,232
275,2.0,13.0,1.0,0.0,0.4,74.5,2005,2005-10-03,20.2,20051003,15.7,0.0,10,3,232
276,1.0,9.1,0.7,0.0,1.8,79.1,2005,2005-10-04,19.5,20051004,13.9,0.0,10,4,232
277,0.0,8.5,0.7,0.0,8.5,77.0,2005,2005-10-05,24.5,20051005,14.2,0.0,10,5,232
278,0.0,7.8,0.8,0.0,8.6,74.3,2005,2005-10-06,24.8,20051006,15.2,0.0,10,6,232
279,9.0,14.3,1.0,0.0,0.0,87.3,2005,2005-10-07,16.5,20051007,15.3,0.0,10,7,232
280,0.0,9.5,1.6,0.0,7.1,78.8,2005,2005-10-08,20.2,20051008,14.9,0.0,10,8,232
281,0.0,8.0,1.2,0.0,9.5,78.5,2005,2005-10-09,23.7,20051009,14.5,0.0,10,9,232
282,0.0,9.3,1.1,0.0,9.9,70.1,2005,2005-10-10,24.7,20051010,16.3,0.0,10,10,232
283,0.0,8.3,1.1,0.0,10.6,69.4,2005,2005-10-11,24.2,20051011,15.4,0.0,10,11,232
284,0.0,7.8,1.4,0.0,10.6,73.0,2005,2005-10-12,24.8,20051012,15.2,0.0,10,12,232
285,0.0,13.1,1.6,0.0,3.9,71.6,2005,2005-10-13,23.6,20051013,17.8,0.0,10,13,232
286,0.5,6.1,2.1,0.0,6.5,66.5,2005,2005-10-14,18.2,20051014,13.5,0.0,10,14,232
287,0.0,7.5,1.3,0.0,7.5,68.8,2005,2005-10-15,19.7,20051015,12.3,0.0,10,15,232
288,0.0,4.4,0.8,0.0,10.3,70.8,2005,2005-10-16,20.7,20051016,11.6,0.0,10,16,232
289,0.0,3.9,0.7,0.0,9.7,74.9,2005,2005-10-17,22.3,20051017,12.6,0.0,10,17,232
290,0.0,6.9,1.1,0.0,9.4,71.1,2005,2005-10-18,21.0,20051018,12.8,0.0,10,18,232
291,0.0,6.1,0.8,0.0,7.1,78.1,2005,2005-10-19,22.0,20051019,12.9,0.0,10,19,232
292,0.0,7.6,0.8,0.0,9.0,73.3,2005,2005-10-20,22.8,20051020,14.0,0.0,10,20,232
293,4.0,8.3,1.8,0.0,0.0,80.4,2005,2005-10-21,15.3,20051021,12.0,0.0,10,21,232
294,0.0,2.0,2.1,0.0,10.3,57.9,2005,2005-10-22,13.0,20051022,8.1,0.0,10,22,232
295,0.0,-1.2,1.3,0.0,10.0,69.9,2005,2005-10-23,17.1,20051023,7.4,0.0,10,23,232
296,0.0,2.7,1.1,0.0,6.8,76.0,2005,2005-10-24,19.7,20051024,10.2,0.0,10,24,232
297,0.0,6.3,0.7,0.0,4.5,79.5,2005,2005-10-25,20.6,20051025,12.1,0.0,10,25,232
298,0.0,7.9,1.2,0.0,8.2,74.5,2005,2005-10-26,22.3,20051026,13.3,0.0,10,26,232
299,0.0,6.1,0.7,0.0,6.8,79.0,2005,2005-10-27,22.2,20051027,12.4,0.0,10,27,232
300,0.2,9.3,2.6,0.0,3.9,67.5,2005,2005-10-28,17.2,20051028,12.5,0.0,10,28,232
301,0.0,5.0,1.9,0.0,6.7,64.6,2005,2005-10-29,13.5,20051029,10.1,0.0,10,29,232
302,0.0,2.5,1.1,0.0,2.2,74.9,2005,2005-10-30,12.6,20051030,7.1,0.0,10,30,232
303,0.0,-0.4,0.9,0.0,9.5,71.3,2005,2005-10-31,15.6,20051031,6.7,0.0,10,31,232
304,0.0,2.0,1.2,0.0,4.2,73.5,2005,2005-11-01,18.2,20051101,9.7,0.0,11,1,232
305,0.0,3.4,0.8,0.0,4.5,76.1,2005,2005-11-02,19.2,20051102,11.3,0.0,11,2,232
306,0.0,9.1,1.0,0.0,6.9,70.0,2005,2005-11-03,23.7,20051103,14.3,0.0,11,3,232
307,0.0,7.0,1.1,0.0,3.8,72.9,2005,2005-11-04,23.2,20051104,14.6,0.0,11,4,232
308,1.0,9.1,1.2,0.0,2.9,72.6,2005,2005-11-05,22.0,20051105,16.7,0.0,11,5,232
309,9.0,8.8,2.6,0.0,0.1,76.6,2005,2005-11-06,18.2,20051106,14.6,0.0,11,6,232
310,2.0,4.5,1.4,0.0,8.8,60.1,2005,2005-11-07,17.3,20051107,10.6,0.0,11,7,232
311,0.0,1.6,2.0,0.0,7.8,59.0,2005,2005-11-08,14.1,20051108,8.7,0.0,11,8,232
312,0.0,1.2,1.0,0.0,8.9,70.1,2005,2005-11-09,16.6,20051109,7.5,0.0,11,9,232
313,0.0,3.2,2.5,0.0,5.3,70.5,2005,2005-11-10,20.5,20051110,12.9,0.0,11,10,232
314,0.0,6.4,1.6,0.0,0.0,63.3,2005,2005-11-11,17.3,20051111,12.6,0.0,11,11,232
315,0.0,-0.5,0.7,0.0,8.9,57.5,2005,2005-11-12,15.6,20051112,6.4,0.0,11,12,232
316,0.0,0.1,1.5,0.0,3.2,52.5,2005,2005-11-13,16.8,20051113,8.7,0.0,11,13,232
317,0.0,3.5,2.6,0.0,8.0,38.4,2005,2005-11-14,10.6,20051114,6.7,0.0,11,14,232
318,0.0,-3.5,2.2,0.0,9.2,50.9,2005,2005-11-15,7.5,20051115,2.3,0.0,11,15,232
319,0.0,-5.6,1.1,0.0,9.1,61.0,2005,2005-11-16,8.1,20051116,0.3,0.0,11,16,232
320,0.0,-6.4,1.3,0.0,9.1,61.1,2005,2005-11-17,9.3,20051117,1.3,0.0,11,17,232
321,0.0,-5.0,1.9,0.0,9.1,56.1,2005,2005-11-18,8.6,20051118,1.8,0.0,11,18,232
322,0.0,-5.6,1.1,0.0,6.3,63.0,2005,2005-11-19,7.1,20051119,-0.2,0.0,11,19,232
323,0.0,-6.9,0.9,0.0,9.1,67.6,2005,2005-11-20,9.0,20051120,0.1,0.0,11,20,232
324,4.5,-2.7,1.9,0.0,5.4,66.9,2005,2005-11-21,10.8,20051121,5.1,0.0,11,21,232
325,0.0,-2.5,1.2,0.0,9.1,62.4,2005,2005-11-22,9.6,20051122,2.6,0.0,11,22,232
326,1.5,0.1,2.1,0.0,4.4,67.0,2005,2005-11-23,13.3,20051123,6.7,0.0,11,23,232
327,0.5,0.6,0.5,0.0,3.1,81.5,2005,2005-11-24,13.1,20051124,5.5,0.0,11,24,232
328,0.0,-0.6,1.1,0.0,4.9,79.6,2005,2005-11-25,14.1,20051125,4.7,0.0,11,25,232
329,0.0,-1.0,1.6,0.0,3.8,75.8,2005,2005-11-26,14.8,20051126,6.8,0.0,11,26,232
330,1.0,0.8,1.7,0.0,4.5,73.4,2005,2005-11-27,13.6,20051127,6.8,0.0,11,27,232
331,4.0,0.4,3.6,0.0,0.9,67.6,2005,2005-11-28,14.6,20051128,7.4,0.0,11,28,232
332,0.0,0.8,2.8,0.0,7.1,59.6,2005,2005-11-29,9.0,20051129,4.5,0.0,11,29,232
333,0.0,-2.7,1.0,0.0,8.8,58.9,2005,2005-11-30,10.8,20051130,2.9,0.0,11,30,232
334,1.0,-1.3,2.3,0.0,2.6,67.1,2005,2005-12-01,13.3,20051201,5.4,0.0,12,1,232
335,0.0,-3.0,2.8,0.0,8.6,50.5,2005,2005-12-02,5.0,20051202,1.9,0.0,12,2,232
336,1.5,-6.4,1.0,4.6,7.4,61.8,2005,2005-12-03,5.5,20051203,-0.8,0.0,12,3,232
337,2.0,-6.0,3.1,5.4,5.1,66.0,2005,2005-12-04,-0.5,20051204,-3.2,0.0,12,4,232
338,0.0,-9.8,1.9,0.0,7.8,60.9,2005,2005-12-05,-1.7,20051205,-6.0,0.0,12,5,232
339,0.4,-10.1,0.8,1.2,3.1,73.4,2005,2005-12-06,3.9,20051206,-2.0,0.0,12,6,232
340,0.0,-6.1,0.7,0.0,1.7,77.6,2005,2005-12-07,2.2,20051207,-1.6,0.0,12,7,232
341,0.5,-6.4,1.6,1.5,4.6,73.5,2005,2005-12-08,1.3,20051208,-2.4,0.0,12,8,232
342,0.0,-7.3,0.7,0.0,4.3,72.1,2005,2005-12-09,3.5,20051209,-2.0,0.0,12,9,232
343,0.0,-5.3,2.3,0.0,3.0,54.4,2005,2005-12-10,2.2,20051210,-1.1,0.0,12,10,232
344,0.0,-7.4,2.7,0.0,7.5,52.9,2005,2005-12-11,-2.2,20051211,-4.9,0.0,12,11,232
345,0.5,-9.6,2.9,1.3,4.5,57.5,2005,2005-12-12,-4.0,20051212,-6.3,0.0,12,12,232
346,1.8,-13.8,2.1,4.7,6.5,66.6,2005,2005-12-13,-4.6,20051213,-7.4,0.0,12,13,232
347,0.5,-17.8,1.1,2.0,8.1,73.3,2005,2005-12-14,-0.1,20051214,-8.3,0.0,12,14,232
348,0.0,-14.3,0.9,0.0,8.1,76.9,2005,2005-12-15,-0.2,20051215,-6.2,0.0,12,15,232
349,0.0,-11.1,1.0,0.1,1.8,72.3,2005,2005-12-16,2.4,20051216,-4.4,0.0,12,16,232
350,0.0,-12.6,3.7,0.0,3.0,46.9,2005,2005-12-17,-4.1,20051217,-9.0,0.0,12,17,232
351,1.5,-17.2,1.5,5.3,2.4,72.4,2005,2005-12-18,-3.2,20051218,-10.8,0.0,12,18,232
352,0.0,-17.2,0.5,0.0,8.1,69.5,2005,2005-12-19,0.2,20051219,-9.6,0.0,12,19,232
353,0.0,-15.3,0.7,0.0,7.1,68.3,2005,2005-12-20,2.7,20051220,-6.7,0.0,12,20,232
354,1.4,-9.3,3.4,5.0,1.4,66.1,2005,2005-12-21,-3.0,20051221,-6.1,0.0,12,21,232
355,0.0,-14.8,1.7,0.0,7.4,64.8,2005,2005-12-22,-2.0,20051222,-6.0,0.0,12,22,232
356,0.0,-6.0,2.0,0.1,1.2,72.0,2005,2005-12-23,1.2,20051223,-2.4,0.0,12,23,232
357,0.0,-13.1,1.4,0.0,8.5,55.5,2005,2005-12-24,-0.1,20051224,-6.7,0.0,12,24,232
358,0.0,-6.4,3.1,0.0,3.6,56.9,2005,2005-12-25,3.9,20051225,-1.6,0.0,12,25,232
359,0.0,-12.3,2.2,0.0,8.0,64.1,2005,2005-12-26,-2.9,20051226,-7.5,0.0,12,26,232
360,0.0,-14.8,1.5,0.0,8.5,67.8,2005,2005-12-27,-2.2,20051227,-9.0,0.0,12,27,232
361,0.0,-14.6,0.7,0.0,8.2,64.8,2005,2005-12-28,-0.2,20051228,-8.1,0.0,12,28,232
362,0.0,-13.1,0.6,0.0,6.2,69.4,2005,2005-12-29,2.7,20051229,-6.4,0.0,12,29,232
363,0.2,-9.6,0.6,0.2,0.0,79.1,2005,2005-12-30,2.2,20051230,-3.6,0.0,12,30,232
364,0.0,-9.1,1.1,0.0,3.0,71.6,2005,2005-12-31,6.5,20051231,-0.7,0.0,12,31,232
