,year,tmax,humid,rainfall,snow,Date,wind,month,date,sunshine,tavg,tmin,cloud,station_id,day
0,2018,3.8,66.1,0.0,0.0,2018-01-01,0.9,1,20180101,8.0,-2.8,-8.5,0.0,232,1
1,2018,2.9,64.4,0.0,0.0,2018-01-02,0.9,1,20180102,1.7,-2.6,-8.1,0.0,232,2
2,2018,0.7,50.3,0.0,0.0,2018-01-03,1.7,1,20180103,8.6,-3.2,-7.2,0.0,232,3
3,2018,-0.3,54.1,0.0,0.0,2018-01-04,1.1,1,20180104,6.7,-3.8,-8.1,0.0,232,4
4,2018,2.6,70.4,0.0,0.0,2018-01-05,1.3,1,20180105,7.8,-2.6,-7.0,0.0,232,5
5,2018,3.5,65.0,0.0,0.0,2018-01-06,1.2,1,20180106,8.3,-2.8,-9.0,0.0,232,6
6,2018,2.7,66.9,0.0,0.0,2018-01-07,0.8,1,20180107,2.0,-2.8,-10.4,0.0,232,7
7,2018,3.2,80.3,1.9,0.0,2018-01-08,1.4,1,20180108,0.0,0.9,-1.1,0.0,232,8
8,2018,-0.7,86.6,3.0,0.0,2018-01-09,1.9,1,20180109,1.0,-3.4,-5.8,0.0,232,9
9,2018,-2.2,65.5,1.7,0.0,2018-01-10,1.9,1,20180110,3.3,-6.8,-11.4,0.0,232,10
10,2018,-6.7,71.9,0.0,0.0,2018-01-11,1.4,1,20180111,5.0,-11.2,-16.2,0.0,232,11
11,2018,-5.8,66.3,0.0,0.0,2018-01-12,1.0,1,20180112,8.3,-11.8,-20.6,0.0,232,12
12,2018,1.5,83.0,0.0,0.0,2018-01-13,1.2,1,20180113,1.3,-4.7,-8.8,0.0,232,13
13,2018,5.4,77.3,0.0,0.0,2018-01-14,0.5,1,20180114,7.7,-3.4,-13.0,0.0,232,14
14,2018,8.2,75.8,0.0,0.0,2018-01-15,0.8,1,20180115,6.9,2.2,-1.5,0.0,232,15
15,2018,6.5,86.5,1.2,0.0,2018-01-16,0.6,1,20180116,0.0,1.9,-2.8,0.0,232,16
16,2018,5.9,94.3,5.0,0.0,2018-01-17,0.8,1,20180117,0.0,3.3,1.6,0.0,232,17
17,2018,6.0,78.9,0.0,0.0,2018-01-18,1.1,1,20180118,1.8,2.2,-0.7,0.0,232,18
18,2018,5.3,66.8,0.0,0.0,2018-01-19,1.0,1,20180119,8.2,-0.8,-4.8,0.0,232,19
19,2018,7.7,77.5,0.0,0.0,2018-01-20,0.9,1,20180120,4.9,-0.2,-6.3,0.0,232,20
20,2018,6.1,70.9,0.0,0.0,2018-01-21,0.7,1,20180121,3.8,-1.0,-5.9,0.0,232,21
21,2018,7.4,67.3,1.2,0.0,2018-01-22,1.9,1,20180122,1.7,2.0,-2.0,0.0,232,22
22,2018,-1.9,46.4,0.0,0.0,2018-01-23,3.0,1,20180123,8.9,-8.8,-11.8,0.0,232,23
23,2018,-8.8,33.6,0.0,0.0,2018-01-24,2.6,1,20180124,8.5,-12.4,-15.3,0.0,232,24
24,2018,-8.4,42.3,0.0,0.0,2018-01-25,2.2,1,20180125,6.9,-12.8,-17.0,0.0,232,25
25,2018,-9.5,51.6,0.0,0.0,2018-01-26,2.1,1,20180126,8.6,-13.7,-16.8,0.0,232,26
26,2018,-2.9,53.0,0.0,0.0,2018-01-27,1.1,1,20180127,8.4,-10.4,-19.1,0.0,232,27
27,2018,-0.1,46.4,0.0,0.0,2018-01-28,2.0,1,20180128,7.0,-4.7,-8.7,0.0,232,28
28,2018,-4.1,50.6,0.0,0.0,2018-01-29,1.9,1,20180129,8.8,-7.9,-11.0,0.0,232,29
29,2018,1.3,64.6,0.0,0.0,2018-01-30,1.3,1,20180130,8.2,-6.1,-15.5,0.0,232,30
30,2018,2.4,49.8,0.0,0.0,2018-01-31,1.0,1,20180131,3.9,-1.9,-6.9,0.0,232,31
31,2018,2.3,50.3,0.0,0.0,2018-02-01,1.3,2,20180201,8.6,-4.3,-11.5,0.0,232,1
32,2018,3.7,57.4,0.0,0.0,2018-02-02,1.1,2,20180202,8.4,-4.5,-12.0,0.0,232,2
33,2018,-3.3,60.1,0.0,0.0,2018-02-03,3.0,2,20180203,6.1,-5.9,-8.9,0.0,232,3
34,2018,-4.8,47.1,0.0,0.0,2018-02-04,2.3,2,20180204,9.2,-8.5,-12.9,0.0,232,4
35,2018,-4.2,47.9,0.0,0.0,2018-02-05,2.2,2,20180205,9.3,-9.0,-15.8,0.0,232,5
36,2018,-5.1,51.0,0.0,0.0,2018-02-06,2.3,2,20180206,9.2,-9.2,-13.1,0.0,232,6
37,2018,-1.9,59.3,0.0,0.0,2018-02-07,1.2,2,20180207,9.5,-9.9,-19.0,0.0,232,7
38,2018,3.2,55.3,0.0,0.0,2018-02-08,0.8,2,20180208,8.8,-5.8,-14.6,0.0,232,8
39,2018,7.9,57.1,0.0,0.0,2018-02-09,0.9,2,20180209,3.0,-0.4,-9.3,0.0,232,9
40,2018,5.6,52.0,0.0,0.0,2018-02-10,2.2,2,20180210,5.2,-1.0,-6.4,0.0,232,10
41,2018,-0.2,73.1,0.0,0.0,2018-02-11,1.8,2,20180211,5.2,-5.4,-11.1,0.0,232,11
42,2018,-2.4,78.1,0.3,0.0,2018-02-12,1.1,2,20180212,4.3,-7.4,-15.7,0.0,232,12
43,2018,4.0,72.3,0.6,0.0,2018-02-13,1.1,2,20180213,6.4,-2.9,-12.8,0.0,232,13
44,2018,9.6,64.5,0.0,0.0,2018-02-14,2.2,2,20180214,4.1,3.0,-6.1,0.0,232,14
45,2018,4.7,44.8,0.0,0.0,2018-02-15,1.7,2,20180215,9.2,-0.6,-5.0,0.0,232,15
46,2018,5.6,53.9,0.0,0.0,2018-02-16,1.3,2,20180216,8.8,-1.3,-8.0,0.0,232,16
47,2018,1.8,32.1,0.0,0.0,2018-02-17,2.1,2,20180217,8.5,-2.1,-5.8,0.0,232,17
48,2018,4.2,46.1,0.0,0.0,2018-02-18,0.7,2,20180218,1.6,-1.4,-5.8,0.0,232,18
49,2018,7.8,59.3,0.0,0.0,2018-02-19,0.9,2,20180219,7.2,0.4,-6.2,0.0,232,19
50,2018,6.5,53.3,0.0,0.0,2018-02-20,1.4,2,20180220,5.8,0.8,-5.7,0.0,232,20
51,2018,4.1,33.8,0.0,0.0,2018-02-21,1.6,2,20180221,8.9,-0.8,-4.7,0.0,232,21
52,2018,7.2,59.0,0.0,0.0,2018-02-22,1.4,2,20180222,7.1,-0.6,-8.4,0.0,232,22
53,2018,10.1,72.1,0.7,0.0,2018-02-23,2.1,2,20180223,4.9,4.9,-1.3,0.0,232,23
54,2018,10.1,47.5,0.0,0.0,2018-02-24,2.0,2,20180224,8.0,4.4,-2.2,0.0,232,24
55,2018,9.1,39.8,0.0,0.0,2018-02-25,1.4,2,20180225,5.4,2.0,-2.4,0.0,232,25
56,2018,11.3,51.4,0.0,0.0,2018-02-26,0.8,2,20180226,9.8,1.4,-7.2,0.0,232,26
57,2018,13.0,56.8,0.0,0.0,2018-02-27,0.8,2,20180227,4.7,4.1,-5.1,0.0,232,27
58,2018,9.0,78.5,30.0,0.0,2018-02-28,3.0,2,20180228,0.0,5.0,1.4,0.0,232,28
59,2018,5.1,67.5,1.6,0.0,2018-03-01,3.7,3,20180301,7.2,0.9,-2.8,0.0,232,1
60,2018,7.3,48.3,0.0,0.0,2018-03-02,1.1,3,20180302,10.0,-0.4,-7.8,0.0,232,2
61,2018,17.4,48.6,0.0,0.0,2018-03-03,1.3,3,20180303,9.8,7.3,-3.2,0.0,232,3
62,2018,20.9,70.3,13.8,0.0,2018-03-04,1.7,3,20180304,5.6,12.9,7.2,0.0,232,4
63,2018,12.2,77.0,7.1,0.0,2018-03-05,4.0,3,20180305,1.6,5.3,0.3,0.0,232,5
64,2018,12.1,65.3,0.0,0.0,2018-03-06,1.1,3,20180306,10.3,3.9,-3.0,0.0,232,6
65,2018,9.9,70.5,4.4,0.0,2018-03-07,2.8,3,20180307,3.8,5.0,-0.2,0.0,232,7
66,2018,7.5,87.0,6.7,0.0,2018-03-08,1.8,3,20180308,1.3,3.4,0.9,0.0,232,8
67,2018,8.1,73.8,0.0,0.0,2018-03-09,1.3,3,20180309,2.3,3.8,-0.1,0.0,232,9
68,2018,10.9,74.8,0.0,0.0,2018-03-10,1.2,3,20180310,6.6,3.0,-3.4,0.0,232,10
69,2018,13.3,62.0,0.0,0.0,2018-03-11,1.2,3,20180311,8.7,6.2,1.1,0.0,232,11
70,2018,17.5,66.1,0.0,0.0,2018-03-12,1.0,3,20180312,9.0,6.8,-2.4,0.0,232,12
71,2018,20.1,66.1,0.0,0.0,2018-03-13,1.8,3,20180313,9.9,11.0,0.0,0.0,232,13
72,2018,24.1,64.4,0.0,0.0,2018-03-14,1.2,3,20180314,9.6,14.0,4.2,0.0,232,14
73,2018,14.9,95.9,7.6,0.0,2018-03-15,1.3,3,20180315,0.0,11.8,8.3,0.0,232,15
74,2018,9.4,67.6,0.1,0.0,2018-03-16,3.5,3,20180316,4.7,5.5,-0.3,0.0,232,16
75,2018,14.4,58.8,0.0,0.0,2018-03-17,1.5,3,20180317,9.7,5.6,-2.9,0.0,232,17
76,2018,11.3,76.5,3.4,0.0,2018-03-18,0.7,3,20180318,0.0,6.8,1.5,0.0,232,18
77,2018,9.8,88.8,13.7,0.0,2018-03-19,3.3,3,20180319,0.0,7.6,5.3,0.0,232,19
78,2018,9.7,48.6,0.1,0.0,2018-03-20,5.1,3,20180320,5.5,5.5,2.7,0.0,232,20
79,2018,4.8,82.8,3.6,0.0,2018-03-21,2.5,3,20180321,0.0,1.5,-0.4,0.0,232,21
80,2018,11.3,67.3,0.1,0.0,2018-03-22,1.9,3,20180322,9.9,4.7,0.5,0.0,232,22
81,2018,13.1,63.8,0.0,0.0,2018-03-23,1.4,3,20180323,7.5,4.7,-2.8,0.0,232,23
82,2018,15.5,70.5,0.0,0.0,2018-03-24,1.3,3,20180324,7.0,7.1,-0.5,0.0,232,24
83,2018,19.1,70.3,0.0,0.0,2018-03-25,1.3,3,20180325,7.0,9.1,3.1,0.0,232,25
84,2018,19.4,72.5,0.0,0.0,2018-03-26,1.4,3,20180326,8.4,9.6,-0.4,0.0,232,26
85,2018,22.2,67.6,0.0,0.0,2018-03-27,1.3,3,20180327,7.4,12.6,2.8,0.0,232,27
86,2018,22.7,63.1,0.0,0.0,2018-03-28,1.5,3,20180328,9.6,13.7,4.5,0.0,232,28
87,2018,21.0,71.9,0.0,0.0,2018-03-29,1.1,3,20180329,3.4,13.9,7.4,0.0,232,29
88,2018,20.5,58.4,0.0,0.0,2018-03-30,1.7,3,20180330,7.6,13.2,6.0,0.0,232,30
89,2018,22.2,58.0,0.0,0.0,2018-03-31,1.4,3,20180331,9.1,14.0,6.6,0.0,232,31
90,2018,21.1,70.8,0.0,0.0,2018-04-01,1.0,4,20180401,1.4,14.3,7.4,0.0,232,1
91,2018,24.8,69.6,0.0,0.0,2018-04-02,1.4,4,20180402,7.8,16.5,9.1,0.0,232,2
92,2018,24.3,68.5,0.0,0.0,2018-04-03,1.3,4,20180403,6.2,17.5,10.5,0.0,232,3
93,2018,16.2,82.4,13.0,0.0,2018-04-04,2.9,4,20180404,0.0,12.1,9.0,0.0,232,4
94,2018,9.0,92.3,18.9,0.0,2018-04-05,3.1,4,20180405,0.0,7.7,7.1,0.0,232,5
95,2018,10.3,70.1,13.7,0.0,2018-04-06,3.1,4,20180406,6.5,6.8,3.0,0.0,232,6
96,2018,8.7,41.5,0.0,0.0,2018-04-07,4.3,4,20180407,8.5,4.8,2.8,0.0,232,7
97,2018,12.5,54.5,0.0,0.0,2018-04-08,3.0,4,20180408,6.2,7.0,-2.2,0.0,232,8
98,2018,17.2,51.3,0.0,0.0,2018-04-09,1.4,4,20180409,10.0,10.1,4.4,0.0,232,9
99,2018,23.0,54.9,2.4,0.0,2018-04-10,3.4,4,20180410,7.1,14.8,2.3,0.0,232,10
100,2018,18.5,51.5,0.1,0.0,2018-04-11,2.8,4,20180411,10.0,13.4,7.0,0.0,232,11
101,2018,20.5,42.8,0.0,0.0,2018-04-12,2.0,4,20180412,11.1,11.5,2.2,0.0,232,12
102,2018,18.4,37.8,0.0,0.0,2018-04-13,3.1,4,20180413,2.7,12.5,2.4,0.0,232,13
103,2018,12.8,83.6,22.4,0.0,2018-04-14,2.3,4,20180414,0.0,8.5,6.8,0.0,232,14
104,2018,14.5,69.3,0.0,0.0,2018-04-15,2.5,4,20180415,8.0,8.9,4.9,0.0,232,15
105,2018,18.1,57.9,0.0,0.0,2018-04-16,1.3,4,20180416,10.8,10.3,0.9,0.0,232,16
106,2018,20.0,51.3,0.0,0.0,2018-04-17,1.4,4,20180417,9.1,11.8,4.6,0.0,232,17
107,2018,20.6,49.1,0.0,0.0,2018-04-18,1.4,4,20180418,10.8,11.3,2.1,0.0,232,18
108,2018,23.4,46.3,0.0,0.0,2018-04-19,1.3,4,20180419,10.6,13.5,2.1,0.0,232,19
109,2018,29.1,54.0,0.0,0.0,2018-04-20,0.9,4,20180420,10.5,17.2,6.8,0.0,232,20
110,2018,28.6,49.4,0.0,0.0,2018-04-21,1.3,4,20180421,10.8,17.5,7.8,0.0,232,21
111,2018,19.3,67.1,1.1,0.0,2018-04-22,2.1,4,20180422,1.0,15.7,9.6,0.0,232,22
112,2018,15.9,90.3,40.3,0.0,2018-04-23,4.6,4,20180423,0.0,10.8,10.0,0.0,232,23
113,2018,15.5,71.6,5.1,0.0,2018-04-24,3.2,4,20180424,0.0,11.7,7.1,0.0,232,24
114,2018,22.4,49.0,0.0,0.0,2018-04-25,1.3,4,20180425,11.5,12.4,2.4,0.0,232,25
115,2018,23.0,57.3,0.0,0.0,2018-04-26,1.3,4,20180426,9.6,13.8,4.3,0.0,232,26
116,2018,22.3,61.3,0.0,0.0,2018-04-27,1.3,4,20180427,10.3,14.0,5.4,0.0,232,27
117,2018,23.6,62.5,0.0,0.0,2018-04-28,1.3,4,20180428,9.3,13.9,6.4,0.0,232,28
118,2018,24.9,54.9,0.0,0.0,2018-04-29,1.1,4,20180429,11.3,14.4,3.9,0.0,232,29
119,2018,25.7,65.1,0.0,0.0,2018-04-30,1.2,4,20180430,8.1,17.9,8.8,0.0,232,30
120,2018,25.0,73.0,0.0,0.0,2018-05-01,1.3,5,20180501,4.7,19.6,15.7,0.0,232,1
121,2018,21.7,81.5,13.4,0.0,2018-05-02,2.4,5,20180502,1.2,16.0,10.1,0.0,232,2
122,2018,16.4,58.1,0.0,0.0,2018-05-03,3.4,5,20180503,9.5,11.4,6.8,0.0,232,3
123,2018,20.9,44.6,0.0,0.0,2018-05-04,3.0,5,20180504,11.6,13.2,5.2,0.0,232,4
124,2018,25.8,49.0,0.0,0.0,2018-05-05,1.7,5,20180505,10.2,16.7,5.4,0.0,232,5
125,2018,18.0,91.3,15.6,0.0,2018-05-06,1.9,5,20180506,0.0,15.3,14.1,0.0,232,6
126,2018,22.6,77.5,0.0,0.0,2018-05-07,1.0,5,20180507,3.6,17.2,12.9,0.0,232,7
127,2018,20.8,60.4,0.0,0.0,2018-05-08,3.5,5,20180508,8.6,16.2,12.3,0.0,232,8
128,2018,21.8,61.1,0.0,0.0,2018-05-09,1.8,5,20180509,11.3,14.3,7.1,0.0,232,9
129,2018,23.0,70.3,0.0,0.0,2018-05-10,1.5,5,20180510,10.5,14.7,7.1,0.0,232,10
130,2018,23.1,57.9,0.0,0.0,2018-05-11,1.4,5,20180511,6.3,16.2,11.5,0.0,232,11
131,2018,16.8,89.8,18.1,0.0,2018-05-12,1.2,5,20180512,0.0,14.3,11.7,0.0,232,12
132,2018,19.5,84.1,0.4,0.0,2018-05-13,1.4,5,20180513,4.0,15.2,12.0,0.0,232,13
133,2018,26.0,75.4,0.0,0.0,2018-05-14,1.0,5,20180514,6.2,18.3,12.0,0.0,232,14
134,2018,28.3,69.5,0.0,0.0,2018-05-15,0.8,5,20180515,7.5,21.5,12.7,0.0,232,15
135,2018,26.7,78.0,0.0,0.0,2018-05-16,2.1,5,20180516,0.2,24.1,20.6,0.0,232,16
136,2018,27.9,77.8,0.7,0.0,2018-05-17,1.2,5,20180517,0.9,24.5,22.9,0.0,232,17
137,2018,22.9,86.1,16.5,0.0,2018-05-18,1.6,5,20180518,0.0,18.6,13.7,0.0,232,18
138,2018,21.2,56.1,0.0,0.0,2018-05-19,4.0,5,20180519,8.4,16.4,12.6,0.0,232,19
139,2018,21.6,37.5,0.0,0.0,2018-05-20,3.3,5,20180520,7.4,16.9,10.6,0.0,232,20
140,2018,21.3,62.4,0.0,0.0,2018-05-21,2.9,5,20180521,9.8,16.0,9.9,0.0,232,21
141,2018,23.4,76.8,8.7,0.0,2018-05-22,1.0,5,20180522,5.5,17.2,11.0,0.0,232,22
142,2018,22.2,64.0,9.3,0.0,2018-05-23,1.8,5,20180523,10.9,17.0,10.8,0.0,232,23
143,2018,25.6,61.4,0.0,0.0,2018-05-24,1.6,5,20180524,11.1,16.7,7.3,0.0,232,24
144,2018,26.1,54.8,0.0,0.0,2018-05-25,1.2,5,20180525,9.3,17.7,8.6,0.0,232,25
145,2018,29.6,55.5,0.0,0.0,2018-05-26,1.1,5,20180526,11.3,19.1,8.1,0.0,232,26
146,2018,24.4,62.9,0.0,0.0,2018-05-27,1.0,5,20180527,0.9,18.3,12.7,0.0,232,27
147,2018,29.4,62.6,0.0,0.0,2018-05-28,1.3,5,20180528,11.8,20.1,10.7,0.0,232,28
148,2018,27.2,69.6,0.0,0.0,2018-05-29,1.1,5,20180529,5.6,21.5,16.4,0.0,232,29
149,2018,27.0,70.5,0.0,0.0,2018-05-30,1.6,5,20180530,7.3,20.0,14.3,0.0,232,30
150,2018,26.4,67.0,0.0,0.0,2018-05-31,1.3,5,20180531,11.7,18.8,10.8,0.0,232,31
151,2018,29.3,54.8,0.0,0.0,2018-06-01,1.3,6,20180601,12.1,21.5,13.3,0.0,232,1
152,2018,29.8,48.5,0.0,0.0,2018-06-02,1.2,6,20180602,11.7,21.2,12.5,0.0,232,2
153,2018,30.0,55.6,0.0,0.0,2018-06-03,1.0,6,20180603,11.6,20.8,11.5,0.0,232,3
154,2018,28.3,62.9,0.0,0.0,2018-06-04,1.2,6,20180604,7.9,20.7,13.6,0.0,232,4
155,2018,28.2,64.3,0.2,0.0,2018-06-05,1.2,6,20180605,7.5,22.2,17.5,0.0,232,5
156,2018,29.1,69.5,0.0,0.0,2018-06-06,1.4,6,20180606,11.1,21.9,15.1,0.0,232,6
157,2018,28.7,69.6,0.0,0.0,2018-06-07,1.7,6,20180607,8.3,22.1,17.5,0.0,232,7
158,2018,25.1,72.5,0.0,0.0,2018-06-08,1.8,6,20180608,7.0,20.5,16.9,0.0,232,8
159,2018,28.3,63.5,0.0,0.0,2018-06-09,2.8,6,20180609,7.6,21.7,15.1,0.0,232,9
160,2018,24.5,58.3,0.0,0.0,2018-06-10,3.7,6,20180610,6.7,20.7,18.2,0.0,232,10
161,2018,22.2,67.0,0.5,0.0,2018-06-11,2.1,6,20180611,1.7,19.6,17.4,0.0,232,11
162,2018,26.3,68.9,0.0,0.0,2018-06-12,1.3,6,20180612,7.6,20.1,16.3,0.0,232,12
163,2018,26.7,67.4,0.0,0.0,2018-06-13,1.4,6,20180613,5.9,21.2,13.3,0.0,232,13
164,2018,26.0,61.9,0.0,0.0,2018-06-14,2.9,6,20180614,5.2,21.6,18.6,0.0,232,14
165,2018,25.1,54.0,2.1,0.0,2018-06-15,3.2,6,20180615,10.1,20.4,16.5,0.0,232,15
166,2018,28.0,58.0,0.0,0.0,2018-06-16,1.7,6,20180616,12.3,20.3,12.9,0.0,232,16
167,2018,28.1,67.3,0.0,0.0,2018-06-17,1.2,6,20180617,4.7,20.9,13.9,0.0,232,17
168,2018,30.3,60.0,0.0,0.0,2018-06-18,1.3,6,20180618,9.5,23.5,17.5,0.0,232,18
169,2018,24.4,76.6,0.0,0.0,2018-06-19,0.9,6,20180619,0.4,19.7,15.8,0.0,232,19
170,2018,28.1,66.5,0.0,0.0,2018-06-20,1.4,6,20180620,9.1,22.1,16.5,0.0,232,20
171,2018,28.7,55.1,0.0,0.0,2018-06-21,1.8,6,20180621,10.3,22.5,16.9,0.0,232,21
172,2018,31.4,52.4,0.0,0.0,2018-06-22,1.3,6,20180622,9.6,23.1,14.2,0.0,232,22
173,2018,30.4,52.3,0.0,0.0,2018-06-23,1.7,6,20180623,8.2,23.1,17.6,0.0,232,23
174,2018,32.4,56.8,0.0,0.0,2018-06-24,1.3,6,20180624,10.2,24.5,17.8,0.0,232,24
175,2018,32.6,58.8,0.0,0.0,2018-06-25,0.8,6,20180625,7.5,24.3,16.2,0.0,232,25
176,2018,25.2,87.0,77.6,0.0,2018-06-26,1.9,6,20180626,0.0,21.8,19.5,0.0,232,26
177,2018,29.8,74.6,0.0,0.0,2018-06-27,1.8,6,20180627,7.0,24.0,20.7,0.0,232,27
178,2018,26.0,80.4,0.0,0.0,2018-06-28,1.5,6,20180628,0.0,23.5,21.4,0.0,232,28
179,2018,30.1,75.1,0.0,0.0,2018-06-29,1.2,6,20180629,6.8,24.3,21.1,0.0,232,29
180,2018,29.3,80.8,8.5,0.0,2018-06-30,1.2,6,20180630,1.7,23.9,19.3,0.0,232,30
181,2018,22.6,90.5,120.1,0.0,2018-07-01,2.0,7,20180701,0.0,20.8,19.7,0.0,232,1
182,2018,26.0,87.8,27.5,0.0,2018-07-02,1.9,7,20180702,2.0,22.4,20.0,0.0,232,2
183,2018,30.0,72.6,0.5,0.0,2018-07-03,2.7,7,20180703,9.4,25.5,21.4,0.0,232,3
184,2018,31.0,73.3,0.1,0.0,2018-07-04,1.3,7,20180704,8.6,25.9,22.2,0.0,232,4
185,2018,30.4,77.5,18.8,0.0,2018-07-05,1.5,7,20180705,4.8,24.7,21.3,0.0,232,5
186,2018,26.6,63.1,0.0,0.0,2018-07-06,3.2,7,20180706,2.5,23.2,21.0,0.0,232,6
187,2018,28.0,57.5,0.0,0.0,2018-07-07,2.8,7,20180707,8.6,22.8,19.5,0.0,232,7
188,2018,26.2,60.0,0.0,0.0,2018-07-08,2.6,7,20180708,10.1,21.7,16.5,0.0,232,8
189,2018,21.8,82.3,17.9,0.0,2018-07-09,2.3,7,20180709,0.0,19.8,18.4,0.0,232,9
190,2018,28.9,78.8,0.1,0.0,2018-07-10,1.6,7,20180710,0.8,24.0,19.7,0.0,232,10
191,2018,31.5,77.1,0.8,0.0,2018-07-11,1.2,7,20180711,4.8,26.7,23.4,0.0,232,11
192,2018,30.9,77.4,0.0,0.0,2018-07-12,0.9,7,20180712,6.2,26.7,23.7,0.0,232,12
193,2018,31.2,73.9,0.0,0.0,2018-07-13,0.8,7,20180713,8.0,26.9,23.8,0.0,232,13
194,2018,32.2,72.6,0.0,0.0,2018-07-14,0.9,7,20180714,8.6,26.8,22.8,0.0,232,14
195,2018,33.3,66.5,0.0,0.0,2018-07-15,1.1,7,20180715,11.9,27.4,21.7,0.0,232,15
196,2018,33.4,65.4,0.0,0.0,2018-07-16,1.1,7,20180716,10.5,27.0,21.2,0.0,232,16
197,2018,32.3,70.3,0.0,0.0,2018-07-17,1.1,7,20180717,11.4,26.3,20.9,0.0,232,17
198,2018,32.6,67.4,0.0,0.0,2018-07-18,1.2,7,20180718,10.1,27.0,21.4,0.0,232,18
199,2018,32.7,66.1,0.0,0.0,2018-07-19,1.1,7,20180719,12.1,26.8,21.4,0.0,232,19
200,2018,34.3,68.3,0.0,0.0,2018-07-20,0.8,7,20180720,10.5,27.4,20.5,0.0,232,20
201,2018,35.1,63.0,0.0,0.0,2018-07-21,0.9,7,20180721,11.7,28.2,22.0,0.0,232,21
202,2018,35.6,63.5,0.0,0.0,2018-07-22,0.8,7,20180722,8.7,28.8,21.3,0.0,232,22
203,2018,34.6,63.0,0.0,0.0,2018-07-23,0.9,7,20180723,10.3,29.0,24.5,0.0,232,23
204,2018,35.7,66.4,0.0,0.0,2018-07-24,1.1,7,20180724,11.8,29.3,23.0,0.0,232,24
205,2018,33.4,69.0,0.0,0.0,2018-07-25,1.2,7,20180725,8.2,28.9,25.5,0.0,232,25
206,2018,34.6,71.4,0.0,0.0,2018-07-26,1.0,7,20180726,9.4,28.2,23.2,0.0,232,26
207,2018,35.4,68.1,0.0,0.0,2018-07-27,1.3,7,20180727,10.5,29.1,24.4,0.0,232,27
208,2018,35.1,72.5,0.0,0.0,2018-07-28,1.2,7,20180728,6.3,28.1,24.1,0.0,232,28
209,2018,34.5,58.8,0.0,0.0,2018-07-29,1.8,7,20180729,11.7,28.9,23.5,0.0,232,29
210,2018,34.9,60.3,0.0,0.0,2018-07-30,1.6,7,20180730,11.1,28.6,22.6,0.0,232,30
211,2018,35.9,58.3,0.0,0.0,2018-07-31,1.5,7,20180731,12.1,29.0,22.0,0.0,232,31
212,2018,37.8,60.0,0.0,0.0,2018-08-01,1.2,8,20180801,11.4,30.2,23.1,0.9,232,1
213,2018,36.9,59.4,0.0,0.0,2018-08-02,1.3,8,20180802,11.9,30.1,23.9,2.6,232,2
214,2018,37.1,57.8,0.0,0.0,2018-08-03,1.4,8,20180803,10.9,30.4,24.3,3.4,232,3
215,2018,34.1,66.1,0.0,0.0,2018-08-04,1.2,8,20180804,6.8,28.5,24.8,5.6,232,4
216,2018,33.6,66.1,0.0,0.0,2018-08-05,1.6,8,20180805,9.1,28.9,24.8,5.5,232,5
217,2018,34.9,68.0,0.0,0.0,2018-08-06,1.2,8,20180806,6.1,29.2,26.3,7.3,232,6
218,2018,34.2,65.1,0.0,0.0,2018-08-07,1.5,8,20180807,7.8,29.0,24.6,4.0,232,7
219,2018,34.9,62.3,0.0,0.0,2018-08-08,1.4,8,20180808,11.0,29.1,24.4,3.6,232,8
220,2018,33.1,70.1,0.0,0.0,2018-08-09,1.3,8,20180809,9.7,28.3,23.8,5.3,232,9
221,2018,35.4,66.5,0.0,0.0,2018-08-10,1.4,8,20180810,7.8,29.0,24.3,5.1,232,10
222,2018,32.6,62.8,0.0,0.0,2018-08-11,2.5,8,20180811,7.6,28.1,24.6,4.8,232,11
223,2018,33.7,63.5,0.2,0.0,2018-08-12,2.0,8,20180812,8.3,28.4,23.2,6.5,232,12
224,2018,36.6,60.9,0.0,0.0,2018-08-13,1.3,8,20180813,9.8,30.2,23.9,5.5,232,13
225,2018,36.6,57.4,0.0,0.0,2018-08-14,1.2,8,20180814,10.1,30.4,25.4,5.8,232,14
226,2018,37.8,52.9,0.0,0.0,2018-08-15,1.6,8,20180815,10.8,30.8,24.3,3.9,232,15
227,2018,33.9,54.9,0.0,0.0,2018-08-16,3.1,8,20180816,8.6,28.1,23.8,6.1,232,16
228,2018,30.6,42.9,0.0,0.0,2018-08-17,4.2,8,20180817,10.9,25.5,21.0,1.8,232,17
229,2018,31.2,51.0,0.0,0.0,2018-08-18,1.9,8,20180818,10.9,23.8,17.0,3.6,232,18
230,2018,32.3,56.1,0.0,0.0,2018-08-19,1.0,8,20180819,8.7,24.9,18.0,6.9,232,19
231,2018,33.5,58.0,0.0,0.0,2018-08-20,2.0,8,20180820,7.2,27.0,20.1,4.9,232,20
232,2018,28.8,65.0,0.0,0.0,2018-08-21,1.6,8,20180821,0.8,26.3,23.9,7.6,232,21
233,2018,36.5,55.3,0.0,0.0,2018-08-22,2.7,8,20180822,9.5,29.4,21.1,4.9,232,22
234,2018,31.6,60.9,6.0,0.0,2018-08-23,3.9,8,20180823,1.3,28.3,24.6,9.9,232,23
235,2018,26.2,80.1,17.3,0.0,2018-08-24,3.3,8,20180824,1.3,24.4,23.0,8.0,232,24
236,2018,26.1,78.6,0.0,0.0,2018-08-25,0.9,8,20180825,1.8,22.8,20.0,9.0,232,25
237,2018,25.4,79.5,22.0,0.0,2018-08-26,1.6,8,20180826,1.1,21.0,18.7,9.2,232,26
238,2018,25.9,89.5,81.6,0.0,2018-08-27,1.2,8,20180827,0.3,22.4,19.4,9.3,232,27
239,2018,27.7,87.1,34.4,0.0,2018-08-28,0.7,8,20180828,0.4,24.6,23.2,9.3,232,28
240,2018,31.0,71.9,0.0,0.0,2018-08-29,1.6,8,20180829,4.8,26.1,23.2,8.6,232,29
241,2018,30.1,83.3,15.8,0.0,2018-08-30,1.1,8,20180830,4.5,25.1,23.0,6.8,232,30
242,2018,27.1,81.5,105.4,0.0,2018-08-31,1.1,8,20180831,4.6,21.9,19.2,7.8,232,31
243,2018,28.8,65.0,0.0,0.0,2018-09-01,2.7,9,20180901,10.1,22.9,16.8,3.9,232,1
244,2018,27.8,64.0,0.0,0.0,2018-09-02,2.4,9,20180902,8.1,22.8,17.1,4.8,232,2
245,2018,28.8,76.8,72.2,0.0,2018-09-03,1.6,9,20180903,1.8,23.8,21.2,9.8,232,3
246,2018,27.2,72.3,4.6,0.0,2018-09-04,1.7,9,20180904,9.5,22.8,18.5,4.1,232,4
247,2018,27.9,66.8,0.0,0.0,2018-09-05,1.8,9,20180905,10.3,21.2,16.0,1.9,232,5
248,2018,27.4,75.8,3.4,0.0,2018-09-06,1.3,9,20180906,2.3,21.4,15.9,7.4,232,6
249,2018,24.8,71.8,3.6,0.0,2018-09-07,1.4,9,20180907,6.6,19.3,14.3,7.8,232,7
250,2018,26.4,63.1,0.0,0.0,2018-09-08,1.0,9,20180908,11.6,18.6,10.9,0.3,232,8
251,2018,26.9,65.5,0.0,0.0,2018-09-09,0.9,9,20180909,10.9,19.3,12.3,1.3,232,9
252,2018,26.3,62.0,0.0,0.0,2018-09-10,1.7,9,20180910,9.3,19.7,13.5,1.3,232,10
253,2018,24.1,58.3,0.0,0.0,2018-09-11,2.6,9,20180911,7.6,18.7,10.4,6.5,232,11
254,2018,26.7,65.6,0.0,0.0,2018-09-12,1.8,9,20180912,10.0,20.0,13.3,5.1,232,12
255,2018,24.3,75.4,0.0,0.0,2018-09-13,1.9,9,20180913,2.7,20.2,17.5,9.1,232,13
256,2018,24.3,80.6,3.9,0.0,2018-09-14,2.3,9,20180914,0.0,20.9,17.3,8.9,232,14
257,2018,22.8,84.6,1.5,0.0,2018-09-15,1.2,9,20180915,0.0,21.0,19.7,8.0,232,15
258,2018,23.7,80.5,0.0,0.0,2018-09-16,0.8,9,20180916,0.0,21.2,19.4,9.6,232,16
259,2018,25.9,67.6,0.0,0.0,2018-09-17,0.9,9,20180917,9.5,20.5,15.4,5.0,232,17
260,2018,26.4,63.6,0.0,0.0,2018-09-18,1.0,9,20180918,7.9,19.4,13.6,6.5,232,18
261,2018,23.9,71.0,0.0,0.0,2018-09-19,0.6,9,20180919,0.0,19.5,14.5,9.0,232,19
262,2018,20.1,76.0,0.5,0.0,2018-09-20,2.9,9,20180920,0.0,19.1,17.1,8.9,232,20
263,2018,19.9,85.0,30.4,0.0,2018-09-21,1.7,9,20180921,0.0,18.5,17.3,9.5,232,21
264,2018,25.4,67.8,0.0,0.0,2018-09-22,1.3,9,20180922,9.0,19.2,12.6,3.1,232,22
265,2018,26.0,73.4,4.5,0.0,2018-09-23,1.1,9,20180923,8.0,16.9,11.9,5.9,232,23
266,2018,21.4,66.0,0.0,0.0,2018-09-24,1.1,9,20180924,9.5,15.0,10.1,4.4,232,24
267,2018,22.6,66.6,0.0,0.0,2018-09-25,1.2,9,20180925,10.2,15.2,7.4,2.3,232,25
268,2018,22.6,64.5,0.0,0.0,2018-09-26,2.4,9,20180926,7.2,16.8,12.5,5.6,232,26
269,2018,23.3,64.6,0.0,0.0,2018-09-27,1.3,9,20180927,9.8,16.2,8.9,1.6,232,27
270,2018,20.7,71.9,0.0,0.0,2018-09-28,1.7,9,20180928,3.8,15.5,9.9,6.4,232,28
271,2018,25.2,67.9,0.0,0.0,2018-09-29,1.3,9,20180929,9.5,17.3,10.4,1.8,232,29
272,2018,22.7,62.5,0.0,0.0,2018-09-30,1.6,9,20180930,9.5,15.7,11.2,1.1,232,30
273,2018,18.3,71.4,3.8,0.0,2018-10-01,1.9,10,20181001,5.6,13.7,10.3,6.3,232,1
274,2018,20.3,70.3,0.0,0.0,2018-10-02,1.0,10,20181002,9.6,13.2,6.9,0.1,232,2
275,2018,22.6,71.3,0.0,0.0,2018-10-03,0.8,10,20181003,8.1,13.4,6.5,3.1,232,3
276,2018,24.3,58.4,0.0,0.0,2018-10-04,2.6,10,20181004,9.8,18.0,9.1,6.4,232,4
277,2018,18.5,81.6,30.4,0.0,2018-10-05,2.8,10,20181005,0.0,16.9,15.1,9.3,232,5
278,2018,21.6,79.4,50.9,0.0,2018-10-06,3.0,10,20181006,0.9,17.6,14.2,8.3,232,6
279,2018,21.2,71.3,0.0,0.0,2018-10-07,1.0,10,20181007,8.2,14.8,8.4,2.5,232,7
280,2018,20.1,63.3,0.0,0.0,2018-10-08,1.0,10,20181008,9.6,11.6,5.1,2.5,232,8
281,2018,19.4,66.9,0.0,0.0,2018-10-09,1.1,10,20181009,2.1,13.2,6.4,9.1,232,9
282,2018,15.9,51.5,0.0,0.0,2018-10-10,2.3,10,20181010,7.3,13.3,8.9,7.9,232,10
283,2018,14.4,61.5,0.0,0.0,2018-10-11,1.5,10,20181011,7.8,8.8,2.4,2.6,232,11
284,2018,16.4,64.5,0.0,0.0,2018-10-12,0.9,10,20181012,9.4,8.6,1.6,0.0,232,12
285,2018,18.8,65.8,0.0,0.0,2018-10-13,0.7,10,20181013,9.4,9.3,1.5,0.0,232,13
286,2018,18.7,65.0,0.0,0.0,2018-10-14,0.9,10,20181014,8.7,11.2,3.5,4.5,232,14
287,2018,20.8,72.1,0.0,0.0,2018-10-15,0.8,10,20181015,7.6,12.4,5.7,4.3,232,15
288,2018,18.9,78.5,0.0,0.0,2018-10-16,0.7,10,20181016,3.6,11.8,7.9,6.9,232,16
289,2018,18.1,69.6,0.0,0.0,2018-10-17,1.0,10,20181017,6.9,10.2,5.0,1.5,232,17
290,2018,16.4,75.8,0.3,0.0,2018-10-18,1.5,10,20181018,6.6,9.4,1.6,4.9,232,18
291,2018,18.4,69.3,0.0,0.0,2018-10-19,0.9,10,20181019,9.4,10.3,3.6,0.5,232,19
292,2018,20.4,71.0,0.0,0.0,2018-10-20,0.7,10,20181020,7.9,9.9,2.8,3.1,232,20
293,2018,20.5,67.0,0.0,0.0,2018-10-21,0.7,10,20181021,9.3,9.8,1.7,1.1,232,21
294,2018,19.7,71.0,0.0,0.0,2018-10-22,0.5,10,20181022,3.8,10.9,4.8,6.9,232,22
295,2018,17.9,88.1,3.2,0.0,2018-10-23,0.8,10,20181023,2.9,9.3,4.4,4.8,232,23
296,2018,17.9,77.4,0.0,0.0,2018-10-24,0.9,10,20181024,6.3,10.0,5.5,4.1,232,24
297,2018,20.9,70.3,0.0,0.0,2018-10-25,0.7,10,20181025,8.2,9.9,2.5,3.9,232,25
298,2018,13.0,81.8,5.1,0.0,2018-10-26,1.3,10,20181026,0.2,10.4,6.6,7.1,232,26
299,2018,12.7,63.3,1.5,0.0,2018-10-27,2.1,10,20181027,6.7,8.7,5.2,5.4,232,27
300,2018,15.6,71.0,4.4,0.0,2018-10-28,1.7,10,20181028,4.5,9.4,3.9,5.5,232,28
301,2018,13.5,69.5,0.2,0.0,2018-10-29,1.4,10,20181029,4.8,8.0,4.1,5.3,232,29
302,2018,11.4,62.3,0.0,0.0,2018-10-30,1.3,10,20181030,9.4,5.1,-1.4,1.1,232,30
303,2018,12.2,64.3,0.0,0.0,2018-10-31,1.3,10,20181031,8.9,6.1,0.4,1.3,232,31
304,2018,14.5,66.3,0.0,0.0,2018-11-01,1.0,11,20181101,8.7,5.5,-1.8,0.0,232,1
305,2018,18.3,63.8,0.0,0.0,2018-11-02,0.8,11,20181102,9.1,7.1,-1.0,0.0,232,2
306,2018,18.7,66.5,0.0,0.0,2018-11-03,0.7,11,20181103,7.5,7.9,0.2,0.1,232,3
307,2018,19.3,62.6,0.0,0.0,2018-11-04,0.9,11,20181104,8.6,8.7,0.4,2.3,232,4
308,2018,18.1,69.9,0.0,0.0,2018-11-05,0.8,11,20181105,8.1,8.6,1.3,4.9,232,5
309,2018,18.6,73.5,0.0,0.0,2018-11-06,0.6,11,20181106,5.1,10.2,3.2,6.3,232,6
310,2018,13.6,88.0,0.7,0.0,2018-11-07,0.7,11,20181107,0.0,11.7,9.4,9.0,232,7
311,2018,16.5,88.5,39.0,0.0,2018-11-08,2.5,11,20181108,0.0,13.3,11.5,9.6,232,8
312,2018,15.6,70.4,0.2,0.0,2018-11-09,2.6,11,20181109,5.0,11.1,5.4,5.4,232,9
313,2018,17.4,76.9,0.0,0.0,2018-11-10,0.9,11,20181110,6.3,9.3,3.8,3.1,232,10
314,2018,11.8,81.3,0.0,0.0,2018-11-11,0.7,11,20181111,0.3,7.3,2.8,5.0,232,11
315,2018,13.5,66.1,0.0,0.0,2018-11-12,1.1,11,20181112,9.1,6.7,0.8,0.3,232,12
316,2018,14.7,71.3,0.0,0.0,2018-11-13,0.7,11,20181113,7.5,6.2,0.1,1.5,232,13
317,2018,15.4,70.1,0.0,0.0,2018-11-14,0.4,11,20181114,7.4,6.6,0.2,1.0,232,14
318,2018,15.8,70.1,0.0,0.0,2018-11-15,0.4,11,20181115,7.8,6.7,-0.1,4.1,232,15
319,2018,14.9,66.5,0.0,0.0,2018-11-16,1.0,11,20181116,3.7,8.4,2.8,7.1,232,16
320,2018,11.2,61.0,0.0,0.0,2018-11-17,0.8,11,20181117,7.3,4.6,-1.4,5.5,232,17
321,2018,10.9,62.3,0.0,0.0,2018-11-18,0.6,11,20181118,3.3,4.1,-2.3,8.4,232,18
322,2018,12.5,61.5,0.0,0.0,2018-11-19,0.8,11,20181119,6.1,6.2,-0.1,1.4,232,19
323,2018,12.4,49.5,0.0,0.0,2018-11-20,0.5,11,20181120,8.8,3.8,-3.1,0.1,232,20
324,2018,6.5,80.8,3.4,0.0,2018-11-21,0.8,11,20181121,0.0,2.6,-1.2,9.5,232,21
325,2018,6.9,62.6,0.0,0.0,2018-11-22,1.0,11,20181122,8.2,1.6,-3.5,0.4,232,22
326,2018,7.8,46.3,0.0,0.0,2018-11-23,0.9,11,20181123,8.2,0.2,-5.5,2.8,232,23
327,2018,5.5,75.0,5.0,0.0,2018-11-24,1.6,11,20181124,0.0,3.3,-2.5,8.1,232,24
328,2018,11.1,78.1,0.0,0.0,2018-11-25,0.8,11,20181125,3.4,5.4,0.5,3.5,232,25
329,2018,14.1,72.4,0.0,0.0,2018-11-26,0.6,11,20181126,6.4,3.9,-1.8,3.3,232,26
330,2018,13.6,72.1,0.0,0.0,2018-11-27,0.6,11,20181127,3.4,5.9,-2.4,6.5,232,27
331,2018,11.0,38.8,0.0,0.0,2018-11-28,0.9,11,20181128,4.2,4.1,-1.4,5.0,232,28
332,2018,9.5,51.5,0.0,0.0,2018-11-29,0.5,11,20181129,2.4,3.0,-3.4,2.8,232,29
333,2018,8.8,61.3,0.0,0.0,2018-11-30,0.7,11,20181130,8.2,1.6,-4.1,1.3,232,30
334,2018,11.2,66.0,0.0,0.0,2018-12-01,0.4,12,20181201,5.7,2.7,-2.4,7.4,232,1
335,2018,14.5,68.4,0.0,0.0,2018-12-02,0.8,12,20181202,5.3,6.2,-2.6,6.3,232,2
336,2018,13.5,88.4,13.6,0.0,2018-12-03,1.0,12,20181203,0.0,11.1,6.5,8.9,232,3
337,2018,12.6,74.0,9.0,0.0,2018-12-04,2.1,12,20181204,0.7,8.2,2.0,7.3,232,4
338,2018,4.2,48.6,0.0,0.0,2018-12-05,1.3,12,20181205,3.9,0.9,-3.2,6.1,232,5
339,2018,6.4,66.9,1.3,0.0,2018-12-06,1.6,12,20181206,5.3,2.6,-0.4,8.6,232,6
340,2018,1.6,43.5,0.0,0.0,2018-12-07,3.2,12,20181207,7.5,-5.2,-8.4,5.3,232,7
341,2018,-3.3,48.8,0.0,0.0,2018-12-08,1.5,12,20181208,8.0,-7.1,-11.5,1.9,232,8
342,2018,-1.7,40.4,0.0,0.0,2018-12-09,1.4,12,20181209,7.9,-7.0,-13.1,1.4,232,9
343,2018,4.5,45.3,0.0,0.0,2018-12-10,0.9,12,20181210,8.8,-4.3,-12.0,4.1,232,10
344,2018,0.5,76.9,0.5,0.0,2018-12-11,0.5,12,20181211,0.0,-2.1,-6.3,9.3,232,11
345,2018,2.6,52.6,0.0,0.0,2018-12-12,1.4,12,20181212,8.7,-2.2,-7.4,0.3,232,12
346,2018,3.0,66.6,1.4,0.0,2018-12-13,1.6,12,20181213,3.8,-2.6,-8.9,3.9,232,13
347,2018,0.8,61.1,0.0,0.0,2018-12-14,1.0,12,20181214,8.4,-5.8,-11.3,0.4,232,14
348,2018,3.9,61.0,0.0,0.0,2018-12-15,0.7,12,20181215,7.7,-4.8,-12.3,4.3,232,15
349,2018,3.2,70.3,0.0,0.0,2018-12-16,0.8,12,20181216,2.1,-1.3,-6.5,7.8,232,16
350,2018,6.8,62.0,0.0,0.0,2018-12-17,1.3,12,20181217,7.0,1.9,-2.7,4.1,232,17
351,2018,8.0,72.4,0.0,0.0,2018-12-18,0.6,12,20181218,6.4,0.2,-5.0,1.9,232,18
352,2018,10.7,64.1,0.0,0.0,2018-12-19,0.7,12,20181219,7.1,2.6,-2.9,3.8,232,19
353,2018,10.0,63.4,0.0,0.0,2018-12-20,0.3,12,20181220,4.6,1.2,-3.4,4.8,232,20
354,2018,10.6,61.0,0.0,0.0,2018-12-21,0.3,12,20181221,3.8,2.5,-6.0,5.5,232,21
355,2018,11.9,59.9,0.0,0.0,2018-12-22,0.8,12,20181222,7.0,5.1,-1.0,5.6,232,22
356,2018,8.4,44.0,0.0,0.0,2018-12-23,2.1,12,20181223,8.0,4.2,-1.6,3.4,232,23
357,2018,2.9,50.6,0.0,0.0,2018-12-24,1.0,12,20181224,8.1,-3.3,-8.4,1.1,232,24
358,2018,3.6,62.8,0.0,0.0,2018-12-25,0.5,12,20181225,0.6,-2.5,-9.6,8.3,232,25
359,2018,4.1,42.1,0.0,0.0,2018-12-26,1.9,12,20181226,6.8,0.0,-3.2,6.5,232,26
360,2018,-3.1,32.1,0.0,0.0,2018-12-27,2.9,12,20181227,8.1,-7.9,-9.7,1.0,232,27
361,2018,-6.0,46.0,0.0,0.0,2018-12-28,1.7,12,20181228,8.0,-10.4,-14.1,0.8,232,28
362,2018,-2.6,38.6,0.0,0.0,2018-12-29,2.1,12,20181229,7.7,-6.6,-14.5,1.4,232,29
363,2018,-1.0,42.4,0.0,0.0,2018-12-30,1.1,12,20181230,8.3,-7.3,-13.6,3.1,232,30
364,2018,0.7,55.1,0.0,0.0,2018-12-31,0.7,12,20181231,8.6,-7.0,-15.2,0.1,232,31
