,rainfall,cloud,wind,date,day,snow,tmax,Date,tavg,year,month,humid,station_id,sunshine,tmin
0,0.0,6.5,1.1,20200101,1,0.0,1.2,2020-01-01,-2.4,2020,1,80.6,232,0.0,-9.2
1,0.0,0.0,0.5,20200102,2,0.0,2.6,2020-01-02,0.4,2020,1,87.5,232,0.0,-1.3
2,0.0,4.8,0.7,20200103,3,0.0,5.4,2020-01-03,0.0,2020,1,81.4,232,5.2,-3.9
3,0.0,1.9,0.7,20200104,4,0.0,7.5,2020-01-04,-0.7,2020,1,80.4,232,5.7,-6.4
4,0.0,3.5,0.6,20200105,5,0.0,7.0,2020-01-05,-0.7,2020,1,72.6,232,7.3,-7.2
5,5.7,9.8,1.5,20200106,6,0.0,5.2,2020-01-06,2.6,2020,1,87.8,232,0.0,-2.4
6,44.0,10.0,1.7,20200107,7,0.0,13.7,2020-01-07,8.3,2020,1,99.1,232,0.0,5.2
7,7.8,8.0,3.6,20200108,8,0.0,11.5,2020-01-08,3.7,2020,1,93.4,232,0.0,1.4
8,0.0,3.0,1.5,20200109,9,0.0,3.5,2020-01-09,-0.1,2020,1,77.0,232,5.6,-4.0
9,0.0,3.8,0.8,20200110,10,0.0,5.3,2020-01-10,-1.3,2020,1,80.0,232,8.6,-5.8
10,0.0,3.9,0.9,20200111,11,0.0,5.5,2020-01-11,-0.4,2020,1,78.0,232,8.4,-5.6
11,0.0,5.5,1.5,20200112,12,0.0,3.7,2020-01-12,0.4,2020,1,73.6,232,3.9,-2.9
12,0.0,4.4,1.7,20200113,13,0.0,2.0,2020-01-13,-1.2,2020,1,67.9,232,7.8,-5.2
13,0.0,4.5,1.0,20200114,14,0.0,3.7,2020-01-14,-1.9,2020,1,69.6,232,6.2,-6.3
14,0.0,1.3,1.0,20200115,15,0.0,2.5,2020-01-15,-2.9,2020,1,73.5,232,9.1,-7.5
15,0.0,7.5,0.9,20200116,16,0.0,3.9,2020-01-16,-2.3,2020,1,66.1,232,7.7,-7.5
16,0.0,4.8,0.7,20200117,17,0.0,4.5,2020-01-17,-1.9,2020,1,69.5,232,6.8,-7.0
17,0.0,2.4,1.0,20200118,18,0.0,6.2,2020-01-18,-1.2,2020,1,64.9,232,9.1,-7.4
18,0.0,5.1,1.2,20200119,19,0.0,7.7,2020-01-19,1.2,2020,1,74.6,232,2.4,-4.9
19,0.3,4.3,1.7,20200120,20,0.0,6.5,2020-01-20,1.5,2020,1,67.6,232,3.9,-1.9
20,0.0,2.9,0.9,20200121,21,0.0,5.5,2020-01-21,-1.2,2020,1,53.3,232,9.3,-7.6
21,0.0,9.5,0.7,20200122,22,0.0,4.4,2020-01-22,1.2,2020,1,64.4,232,0.0,-2.5
22,0.0,5.9,1.3,20200123,23,0.0,11.5,2020-01-23,4.3,2020,1,66.3,232,8.4,-2.1
23,0.0,5.4,0.8,20200124,24,0.0,9.3,2020-01-24,2.2,2020,1,79.6,232,8.4,-3.2
24,0.0,7.5,0.3,20200125,25,0.0,9.8,2020-01-25,2.7,2020,1,85.6,232,1.9,-2.7
25,0.0,8.8,1.9,20200126,26,0.0,11.4,2020-01-26,5.2,2020,1,70.9,232,4.8,-1.8
26,1.9,9.9,3.5,20200127,27,0.0,8.0,2020-01-27,5.7,2020,1,69.4,232,0.0,2.6
27,0.0,8.5,1.1,20200128,28,0.0,10.6,2020-01-28,6.1,2020,1,74.4,232,2.0,2.1
28,0.0,6.8,1.4,20200129,29,0.0,10.1,2020-01-29,5.8,2020,1,66.0,232,4.7,1.7
29,0.0,4.9,0.8,20200130,30,0.0,10.4,2020-01-30,4.0,2020,1,67.6,232,4.7,-1.3
30,0.0,3.3,1.1,20200131,31,0.0,8.2,2020-01-31,2.5,2020,1,75.8,232,4.5,-2.0
31,0.0,4.8,0.6,20200201,1,0.0,7.0,2020-02-01,0.5,2020,2,85.6,232,0.8,-4.3
32,0.0,2.3,0.8,20200202,2,0.0,6.7,2020-02-02,0.4,2020,2,73.3,232,6.8,-4.9
33,0.0,2.6,1.7,20200203,3,0.0,4.3,2020-02-03,0.1,2020,2,61.8,232,9.4,-4.0
34,0.6,2.6,1.4,20200204,4,0.0,5.5,2020-02-04,-1.0,2020,2,69.5,232,9.4,-8.5
35,0.0,0.0,2.3,20200205,5,0.0,-0.9,2020-02-05,-6.1,2020,2,48.1,232,9.8,-8.7
36,0.0,2.9,0.9,20200206,6,0.0,0.1,2020-02-06,-6.6,2020,2,53.9,232,9.1,-12.8
37,0.0,6.4,1.0,20200207,7,0.0,2.5,2020-02-07,-2.7,2020,2,66.9,232,4.3,-10.1
38,0.0,2.3,1.8,20200208,8,0.0,4.2,2020-02-08,0.2,2020,2,61.9,232,9.2,-4.5
39,0.0,2.0,1.0,20200209,9,0.0,4.7,2020-02-09,-2.0,2020,2,67.0,232,9.7,-9.2
40,0.0,1.5,1.1,20200210,10,0.0,10.6,2020-02-10,2.8,2020,2,63.5,232,8.7,-2.3
41,0.0,3.6,0.8,20200211,11,0.0,14.7,2020-02-11,4.6,2020,2,56.5,232,8.8,-5.3
42,7.9,7.8,1.2,20200212,12,0.0,9.0,2020-02-12,6.6,2020,2,94.9,232,0.0,3.5
43,0.1,7.6,1.2,20200213,13,0.0,12.0,2020-02-13,6.8,2020,2,91.5,232,1.7,1.4
44,0.0,5.8,0.6,20200214,14,0.0,13.7,2020-02-14,5.4,2020,2,89.3,232,4.7,1.1
45,0.5,6.6,1.4,20200215,15,0.0,16.0,2020-02-15,8.0,2020,2,78.9,232,4.1,-0.9
46,7.5,9.0,3.7,20200216,16,0.0,6.5,2020-02-16,-0.2,2020,2,88.8,232,1.0,-3.3
47,1.2,8.6,1.9,20200217,17,0.0,-2.4,2020-02-17,-5.0,2020,2,83.5,232,0.7,-7.8
48,0.0,1.4,1.1,20200218,18,0.0,2.1,2020-02-18,-4.9,2020,2,71.0,232,9.9,-13.2
49,0.0,7.8,0.7,20200219,19,0.0,7.3,2020-02-19,-0.3,2020,2,78.5,232,6.0,-7.6
50,0.0,3.0,0.7,20200220,20,0.0,11.8,2020-02-20,3.3,2020,2,76.9,232,9.4,-3.0
51,0.8,8.8,1.2,20200221,21,0.0,13.1,2020-02-21,5.9,2020,2,78.5,232,3.1,-1.9
52,3.6,5.9,3.7,20200222,22,0.0,9.5,2020-02-22,5.3,2020,2,64.5,232,5.6,1.4
53,0.0,0.0,1.2,20200223,23,0.0,8.5,2020-02-23,2.2,2020,2,61.0,232,10.4,-4.4
54,0.0,4.5,0.7,20200224,24,0.0,14.4,2020-02-24,5.4,2020,2,62.9,232,9.2,-4.0
55,35.5,8.8,2.9,20200225,25,0.0,8.2,2020-02-25,6.6,2020,2,89.9,232,0.0,5.2
56,0.0,2.6,1.5,20200226,26,0.0,12.0,2020-02-26,6.1,2020,2,78.8,232,5.8,1.5
57,0.0,3.3,0.7,20200227,27,0.0,10.7,2020-02-27,4.4,2020,2,76.8,232,6.2,0.1
58,5.4,8.5,1.0,20200228,28,0.0,5.4,2020-02-28,3.8,2020,2,93.1,232,0.0,-0.3
59,0.0,4.0,0.7,20200229,29,0.0,13.0,2020-02-29,6.9,2020,2,84.8,232,4.2,2.6
60,0.0,8.0,1.6,20200301,1,0.0,11.5,2020-03-01,5.5,2020,3,82.9,232,1.3,0.2
61,0.0,3.1,2.2,20200302,2,0.0,7.5,2020-03-02,3.9,2020,3,62.8,232,10.3,0.9
62,0.0,8.0,1.4,20200303,3,0.0,12.9,2020-03-03,4.8,2020,3,72.6,232,3.5,-2.0
63,0.0,7.1,2.7,20200304,4,0.0,7.1,2020-03-04,2.6,2020,3,66.8,232,4.5,0.2
64,0.0,0.0,1.8,20200305,5,0.0,7.2,2020-03-05,1.1,2020,3,55.1,232,10.8,-3.7
65,0.0,3.3,0.8,20200306,6,0.0,11.1,2020-03-06,2.3,2020,3,57.4,232,10.8,-6.4
66,0.0,6.3,0.8,20200307,7,0.0,10.2,2020-03-07,4.1,2020,3,69.5,232,0.4,-2.2
67,0.0,0.8,0.9,20200308,8,0.0,17.3,2020-03-08,6.8,2020,3,63.9,232,10.7,-2.7
68,1.1,8.5,0.9,20200309,9,0.0,16.6,2020-03-09,8.7,2020,3,66.0,232,4.5,-0.7
69,7.6,7.4,2.1,20200310,10,0.0,8.0,2020-03-10,6.4,2020,3,87.1,232,0.0,2.5
70,0.0,0.0,2.2,20200311,11,0.0,8.0,2020-03-11,3.4,2020,3,55.6,232,11.2,-1.3
71,0.0,0.4,1.3,20200312,12,0.0,15.4,2020-03-12,5.0,2020,3,55.9,232,10.9,-4.4
72,0.0,6.3,1.9,20200313,13,0.0,10.5,2020-03-13,5.0,2020,3,51.9,232,6.0,0.6
73,0.0,3.1,2.3,20200314,14,0.0,10.7,2020-03-14,4.3,2020,3,51.6,232,10.6,-4.0
74,0.0,4.4,2.6,20200315,15,0.0,10.4,2020-03-15,3.5,2020,3,59.0,232,6.0,-1.9
75,0.0,0.0,1.4,20200316,16,0.0,10.7,2020-03-16,3.2,2020,3,51.3,232,11.3,-3.3
76,0.0,5.0,1.2,20200317,17,0.0,12.7,2020-03-17,4.2,2020,3,78.9,232,2.4,-3.1
77,0.0,1.8,1.0,20200318,18,0.0,18.4,2020-03-18,8.2,2020,3,60.3,232,8.5,-1.8
78,0.0,3.4,4.3,20200319,19,0.0,14.0,2020-03-19,10.0,2020,3,51.8,232,5.6,6.1
79,0.0,0.4,1.8,20200320,20,0.0,15.9,2020-03-20,7.9,2020,3,48.1,232,11.1,-0.4
80,0.0,5.1,1.6,20200321,21,0.0,22.2,2020-03-21,11.9,2020,3,62.6,232,6.9,0.7
81,0.0,2.0,2.2,20200322,22,0.0,17.6,2020-03-22,11.3,2020,3,56.5,232,10.4,6.8
82,0.0,0.0,1.6,20200323,23,0.0,17.6,2020-03-23,9.2,2020,3,53.6,232,9.3,-0.4
83,0.0,0.0,1.1,20200324,24,0.0,18.2,2020-03-24,9.3,2020,3,54.1,232,11.2,0.4
84,0.0,2.5,0.9,20200325,25,0.0,20.8,2020-03-25,11.0,2020,3,52.9,232,10.4,0.2
85,0.1,9.3,1.4,20200326,26,0.0,19.8,2020-03-26,13.3,2020,3,69.9,232,1.3,4.8
86,12.9,6.8,1.7,20200327,27,0.0,14.2,2020-03-27,10.5,2020,3,78.3,232,4.8,4.7
87,0.0,7.6,1.5,20200328,28,0.0,11.9,2020-03-28,6.8,2020,3,41.4,232,4.9,2.3
88,0.0,3.8,1.1,20200329,29,0.0,15.7,2020-03-29,6.9,2020,3,57.6,232,10.3,-2.6
89,0.0,2.3,1.1,20200330,30,0.0,17.3,2020-03-30,9.6,2020,3,49.9,232,11.5,2.0
90,0.0,4.1,1.2,20200331,31,0.0,19.1,2020-03-31,10.0,2020,3,46.3,232,10.4,0.0
91,0.0,4.6,2.0,20200401,1,0.0,17.2,2020-04-01,10.1,2020,4,49.1,232,7.4,4.2
92,0.0,2.0,1.4,20200402,2,0.0,16.5,2020-04-02,8.2,2020,4,51.4,232,11.1,-0.6
93,0.0,0.4,1.6,20200403,3,0.0,16.5,2020-04-03,8.4,2020,4,48.5,232,11.7,-0.7
94,0.0,1.3,2.1,20200404,4,0.0,14.0,2020-04-04,7.1,2020,4,49.4,232,10.5,-0.5
95,0.0,0.0,1.8,20200405,5,0.0,13.2,2020-04-05,6.0,2020,4,41.0,232,12.1,-1.0
96,0.0,3.3,1.4,20200406,6,0.0,16.6,2020-04-06,7.8,2020,4,49.9,232,10.6,-2.5
97,0.0,1.9,1.6,20200407,7,0.0,18.8,2020-04-07,10.5,2020,4,53.5,232,10.0,1.2
98,0.0,0.0,2.1,20200408,8,0.0,14.2,2020-04-08,8.6,2020,4,42.0,232,12.1,0.9
99,0.0,2.4,1.8,20200409,9,0.0,14.5,2020-04-09,8.2,2020,4,55.0,232,11.7,0.5
100,0.0,5.5,1.4,20200410,10,0.0,17.1,2020-04-10,9.5,2020,4,59.0,232,9.1,1.5
101,0.0,6.0,1.0,20200411,11,0.0,14.3,2020-04-11,7.4,2020,4,67.1,232,3.9,0.8
102,0.4,2.4,2.4,20200412,12,0.0,15.7,2020-04-12,8.3,2020,4,64.6,232,8.3,-0.6
103,0.0,2.1,2.3,20200413,13,0.0,17.5,2020-04-13,10.6,2020,4,41.8,232,10.5,5.0
104,0.0,1.5,1.3,20200414,14,0.0,20.7,2020-04-14,11.0,2020,4,44.9,232,12.2,0.7
105,0.0,6.3,1.0,20200415,15,0.0,19.9,2020-04-15,11.3,2020,4,42.6,232,11.1,1.1
106,0.0,3.9,1.8,20200416,16,0.0,22.6,2020-04-16,14.6,2020,4,44.5,232,10.9,2.8
107,2.4,7.0,2.5,20200417,17,0.0,18.5,2020-04-17,13.2,2020,4,73.1,232,2.3,9.3
108,0.0,4.0,1.9,20200418,18,0.0,19.4,2020-04-18,13.2,2020,4,69.3,232,7.4,8.9
109,12.0,9.4,2.3,20200419,19,0.0,14.4,2020-04-19,10.8,2020,4,83.5,232,0.5,7.6
110,0.0,6.3,2.1,20200420,20,0.0,15.6,2020-04-20,10.4,2020,4,80.4,232,1.4,6.7
111,0.0,6.6,3.4,20200421,21,0.0,12.2,2020-04-21,7.2,2020,4,54.3,232,10.4,2.1
112,0.1,4.5,3.3,20200422,22,0.0,10.1,2020-04-22,6.4,2020,4,48.4,232,6.5,3.8
113,0.0,1.5,2.5,20200423,23,0.0,14.0,2020-04-23,7.3,2020,4,51.1,232,10.3,-0.9
114,0.0,0.0,2.7,20200424,24,0.0,15.9,2020-04-24,9.3,2020,4,52.0,232,12.4,-0.8
115,0.0,1.6,3.4,20200425,25,0.0,21.4,2020-04-25,14.4,2020,4,46.4,232,11.0,8.2
116,0.0,1.6,1.8,20200426,26,0.0,18.5,2020-04-26,11.4,2020,4,49.8,232,12.2,2.7
117,0.2,2.3,1.8,20200427,27,0.0,18.2,2020-04-27,11.1,2020,4,51.4,232,11.2,2.8
118,0.0,0.0,1.5,20200428,28,0.0,21.6,2020-04-28,12.5,2020,4,52.4,232,12.5,2.3
119,0.0,0.0,1.1,20200429,29,0.0,23.3,2020-04-29,13.6,2020,4,58.5,232,12.3,4.9
120,0.0,1.5,1.4,20200430,30,0.0,25.7,2020-04-30,16.2,2020,4,62.0,232,12.1,3.6
121,0.0,3.8,1.9,20200501,1,0.0,29.1,2020-05-01,21.7,2020,5,68.0,232,8.7,14.8
122,0.0,8.5,1.1,20200502,2,0.0,26.8,2020-05-02,21.3,2020,5,74.5,232,3.0,18.0
123,0.5,7.8,1.8,20200503,3,0.0,22.5,2020-05-03,18.2,2020,5,85.4,232,1.5,14.9
124,0.0,5.6,1.5,20200504,4,0.0,26.1,2020-05-04,19.3,2020,5,73.6,232,8.6,12.3
125,5.0,7.1,0.7,20200505,5,0.0,20.5,2020-05-05,13.8,2020,5,91.9,232,1.3,9.8
126,0.0,2.8,1.1,20200506,6,0.0,26.8,2020-05-06,16.9,2020,5,71.8,232,9.0,9.5
127,0.0,3.5,2.4,20200507,7,0.0,24.9,2020-05-07,18.5,2020,5,39.9,232,11.2,9.5
128,4.8,7.5,1.6,20200508,8,0.0,24.0,2020-05-08,17.3,2020,5,48.6,232,8.4,10.9
129,12.8,8.9,2.5,20200509,9,0.0,17.6,2020-05-09,15.5,2020,5,96.3,232,0.0,13.1
130,0.8,6.0,1.4,20200510,10,0.0,18.9,2020-05-10,14.3,2020,5,92.3,232,0.8,10.6
131,0.1,6.4,1.4,20200511,11,0.0,24.1,2020-05-11,16.7,2020,5,66.3,232,8.9,9.4
132,0.0,2.0,2.5,20200512,12,0.0,20.4,2020-05-12,15.1,2020,5,67.1,232,10.8,9.8
133,0.0,0.6,1.9,20200513,13,0.0,22.7,2020-05-13,14.8,2020,5,56.0,232,12.9,6.7
134,0.0,8.6,0.8,20200514,14,0.0,26.6,2020-05-14,18.0,2020,5,52.3,232,7.6,8.5
135,11.8,9.0,1.9,20200515,15,0.0,18.0,2020-05-15,15.6,2020,5,91.3,232,0.0,14.4
136,0.1,8.1,0.9,20200516,16,0.0,19.9,2020-05-16,16.9,2020,5,95.0,232,0.1,15.1
137,0.0,6.1,1.1,20200517,17,0.0,26.4,2020-05-17,20.3,2020,5,78.3,232,8.2,15.3
138,37.5,8.3,2.5,20200518,18,0.0,26.0,2020-05-18,18.9,2020,5,84.0,232,4.7,13.6
139,4.1,7.8,1.5,20200519,19,0.0,18.0,2020-05-19,13.2,2020,5,82.8,232,2.1,10.8
140,0.0,4.0,1.2,20200520,20,0.0,19.7,2020-05-20,13.5,2020,5,71.3,232,8.7,7.3
141,0.0,4.0,0.7,20200521,21,0.0,22.0,2020-05-21,15.9,2020,5,72.9,232,9.4,7.7
142,0.0,7.6,1.5,20200522,22,0.0,23.1,2020-05-22,18.3,2020,5,74.8,232,4.3,12.9
143,0.0,4.9,1.2,20200523,23,0.0,25.6,2020-05-23,19.5,2020,5,73.5,232,11.8,13.9
144,8.9,6.4,1.6,20200524,24,0.0,22.7,2020-05-24,18.4,2020,5,83.6,232,6.4,14.8
145,0.0,7.9,0.8,20200525,25,0.0,20.4,2020-05-25,16.3,2020,5,84.8,232,1.3,13.6
146,0.0,7.4,1.2,20200526,26,0.0,24.4,2020-05-26,17.1,2020,5,75.9,232,7.0,12.0
147,0.0,5.3,1.3,20200527,27,0.0,23.9,2020-05-27,17.3,2020,5,68.9,232,11.7,11.9
148,0.0,3.8,1.0,20200528,28,0.0,24.5,2020-05-28,17.3,2020,5,73.8,232,9.7,10.0
149,0.0,3.5,0.8,20200529,29,0.0,26.6,2020-05-29,19.1,2020,5,72.0,232,10.8,11.4
150,0.0,3.0,0.8,20200530,30,0.0,28.3,2020-05-30,21.1,2020,5,63.6,232,12.2,12.6
151,0.0,6.5,1.0,20200531,31,0.0,26.6,2020-05-31,20.1,2020,5,70.3,232,6.3,12.9
152,0.7,5.0,2.2,20200601,1,0.0,25.4,2020-06-01,19.6,2020,6,64.0,232,11.3,13.5
153,0.0,9.3,0.8,20200602,2,0.0,23.0,2020-06-02,17.9,2020,6,66.9,232,1.1,11.5
154,0.0,6.0,0.9,20200603,3,0.0,27.9,2020-06-03,21.7,2020,6,78.6,232,7.7,17.4
155,0.0,4.6,1.3,20200604,4,0.0,29.9,2020-06-04,23.9,2020,6,76.3,232,8.9,18.5
156,0.0,6.5,1.2,20200605,5,0.0,28.8,2020-06-05,23.5,2020,6,67.3,232,9.3,19.2
157,0.0,4.0,1.1,20200606,6,0.0,30.2,2020-06-06,23.4,2020,6,66.0,232,10.4,15.4
158,0.0,4.4,1.0,20200607,7,0.0,28.1,2020-06-07,22.6,2020,6,76.0,232,6.0,18.9
159,0.0,0.1,1.2,20200608,8,0.0,31.1,2020-06-08,23.8,2020,6,71.0,232,12.3,16.6
160,0.0,3.0,1.0,20200609,9,0.0,32.7,2020-06-09,24.8,2020,6,61.3,232,12.3,16.6
161,45.7,7.4,0.9,20200610,10,0.0,32.4,2020-06-10,24.4,2020,6,70.5,232,8.7,17.0
162,1.9,4.8,1.1,20200611,11,0.0,30.2,2020-06-11,24.5,2020,6,79.3,232,6.8,20.7
163,2.5,9.5,0.4,20200612,12,0.0,26.6,2020-06-12,22.8,2020,6,91.4,232,0.2,19.2
164,1.8,7.5,1.2,20200613,13,0.0,30.7,2020-06-13,24.7,2020,6,80.8,232,7.4,20.1
165,1.1,5.6,1.8,20200614,14,0.0,27.8,2020-06-14,23.3,2020,6,82.1,232,4.7,20.2
166,0.0,4.9,1.3,20200615,15,0.0,28.0,2020-06-15,21.5,2020,6,71.6,232,11.6,15.2
167,0.0,6.5,0.8,20200616,16,0.0,29.0,2020-06-16,22.5,2020,6,72.5,232,8.3,15.5
168,0.0,9.3,1.0,20200617,17,0.0,26.5,2020-06-17,22.1,2020,6,76.3,232,4.2,18.3
169,0.0,9.3,0.9,20200618,18,0.0,23.5,2020-06-18,20.1,2020,6,79.9,232,0.0,17.1
170,0.0,5.9,0.9,20200619,19,0.0,28.1,2020-06-19,22.5,2020,6,74.0,232,6.9,17.1
171,0.0,2.9,1.0,20200620,20,0.0,29.5,2020-06-20,22.7,2020,6,79.3,232,10.7,16.7
172,0.0,2.5,1.0,20200621,21,0.0,31.2,2020-06-21,24.3,2020,6,71.4,232,11.3,18.5
173,0.0,0.8,0.9,20200622,22,0.0,32.9,2020-06-22,25.6,2020,6,66.5,232,12.9,17.5
174,0.0,9.0,0.7,20200623,23,0.0,30.0,2020-06-23,24.4,2020,6,75.0,232,4.7,17.7
175,3.8,9.5,2.0,20200624,24,0.0,24.4,2020-06-24,21.7,2020,6,88.4,232,0.0,20.2
176,2.5,9.1,1.2,20200625,25,0.0,24.2,2020-06-25,21.5,2020,6,91.4,232,0.1,20.3
177,0.0,7.8,1.8,20200626,26,0.0,26.3,2020-06-26,22.1,2020,6,81.0,232,5.0,19.1
178,0.0,7.9,0.8,20200627,27,0.0,28.3,2020-06-27,22.9,2020,6,78.8,232,3.6,18.2
179,0.0,3.1,1.2,20200628,28,0.0,28.7,2020-06-28,22.6,2020,6,77.8,232,9.5,17.1
180,37.5,8.3,2.5,20200629,29,0.0,26.1,2020-06-29,21.2,2020,6,87.9,232,0.4,16.5
181,24.4,0.0,1.8,20200630,30,0.0,20.8,2020-06-30,19.8,2020,6,95.4,232,0.0,18.0
182,3.0,8.0,0.8,20200701,1,0.0,24.2,2020-07-01,19.9,2020,7,91.9,232,1.2,16.7
183,0.0,7.0,0.7,20200702,2,0.0,28.1,2020-07-02,22.4,2020,7,82.4,232,6.6,16.9
184,0.0,9.3,1.8,20200703,3,0.0,25.3,2020-07-03,21.5,2020,7,79.9,232,1.0,18.5
185,0.0,6.6,0.9,20200704,4,0.0,26.8,2020-07-04,21.5,2020,7,79.8,232,5.4,17.6
186,0.0,6.4,0.6,20200705,5,0.0,26.5,2020-07-05,21.9,2020,7,83.9,232,5.2,17.6
187,0.0,6.7,0.9,20200706,6,0.0,28.8,2020-07-06,23.8,2020,7,80.1,232,5.9,18.2
188,0.0,5.1,1.1,20200707,7,0.0,27.1,2020-07-07,23.7,2020,7,79.4,232,3.6,20.4
189,0.0,6.1,1.0,20200708,8,0.0,29.6,2020-07-08,23.4,2020,7,80.4,232,8.2,18.1
190,0.0,4.3,1.7,20200709,9,0.0,30.6,2020-07-09,25.4,2020,7,73.0,232,10.6,19.0
191,1.7,8.6,2.0,20200710,10,0.0,28.6,2020-07-10,24.7,2020,7,83.1,232,6.4,22.1
192,0.0,0.0,1.2,20200711,11,0.0,28.8,2020-07-11,25.0,2020,7,76.5,232,5.1,20.8
193,10.2,0.0,2.2,20200712,12,0.0,24.1,2020-07-12,21.7,2020,7,88.5,232,0.0,18.8
194,71.1,10.0,3.5,20200713,13,0.0,20.2,2020-07-13,18.7,2020,7,97.1,232,0.0,17.7
195,8.8,0.0,2.3,20200714,14,0.0,21.7,2020-07-14,19.5,2020,7,93.4,232,0.0,17.6
196,1.4,5.8,1.0,20200715,15,0.0,26.1,2020-07-15,21.0,2020,7,87.4,232,6.0,18.1
197,0.0,5.0,0.7,20200716,16,0.0,28.1,2020-07-16,22.3,2020,7,83.5,232,5.3,17.6
198,0.0,4.1,0.8,20200717,17,0.0,29.6,2020-07-17,23.8,2020,7,79.6,232,9.4,18.7
199,0.0,6.1,1.0,20200718,18,0.0,28.4,2020-07-18,23.6,2020,7,76.1,232,5.9,19.6
200,11.6,9.4,2.5,20200719,19,0.0,27.9,2020-07-19,24.6,2020,7,82.9,232,0.2,20.1
201,6.5,9.4,1.8,20200720,20,0.0,27.2,2020-07-20,23.8,2020,7,92.5,232,0.1,21.5
202,0.0,6.5,0.6,20200721,21,0.0,29.1,2020-07-21,24.3,2020,7,80.3,232,9.0,20.8
203,40.1,10.0,0.4,20200722,22,0.0,24.0,2020-07-22,22.3,2020,7,98.9,232,0.0,21.3
204,56.7,9.5,3.0,20200723,23,0.0,22.5,2020-07-23,21.3,2020,7,97.1,232,0.0,20.2
205,15.2,8.6,2.4,20200724,24,0.0,24.3,2020-07-24,21.4,2020,7,90.8,232,0.2,19.1
206,0.8,8.1,0.7,20200725,25,0.0,26.9,2020-07-25,22.5,2020,7,92.3,232,0.4,20.0
207,0.2,8.0,0.6,20200726,26,0.0,26.7,2020-07-26,23.1,2020,7,90.9,232,2.1,20.1
208,1.3,10.0,1.1,20200727,27,0.0,26.7,2020-07-27,23.6,2020,7,92.1,232,0.2,21.4
209,4.5,9.8,1.1,20200728,28,0.0,25.9,2020-07-28,23.5,2020,7,94.1,232,0.0,21.6
210,71.3,9.6,1.2,20200729,29,0.0,25.1,2020-07-29,23.9,2020,7,99.3,232,0.0,22.9
211,52.0,7.9,0.7,20200730,30,0.0,27.3,2020-07-30,24.5,2020,7,97.5,232,0.2,23.0
212,0.0,8.4,0.6,20200731,31,0.0,29.3,2020-07-31,25.5,2020,7,92.3,232,2.9,22.8
213,17.4,8.9,1.0,20200801,1,0.0,29.6,2020-08-01,25.3,2020,8,92.5,232,2.2,22.9
214,6.7,9.0,1.2,20200802,2,0.0,29.0,2020-08-02,25.7,2020,8,92.6,232,0.5,22.8
215,182.9,9.0,1.3,20200803,3,0.0,26.5,2020-08-03,24.4,2020,8,96.3,232,0.0,22.5
216,1.3,8.5,1.0,20200804,4,0.0,30.8,2020-08-04,26.2,2020,8,90.6,232,2.6,22.2
217,15.8,8.7,1.4,20200805,5,0.0,27.6,2020-08-05,25.8,2020,8,95.1,232,1.2,24.0
218,19.1,9.6,2.1,20200806,6,0.0,27.6,2020-08-06,24.4,2020,8,96.1,232,0.5,21.6
219,5.9,7.9,0.6,20200807,7,0.0,23.7,2020-08-07,22.1,2020,8,98.3,232,0.0,20.5
220,27.2,9.3,1.2,20200808,8,0.0,25.8,2020-08-08,23.5,2020,8,99.0,232,0.0,21.8
221,39.0,9.0,1.4,20200809,9,0.0,27.7,2020-08-09,25.1,2020,8,94.5,232,0.0,23.7
222,13.5,8.6,1.1,20200810,10,0.0,29.2,2020-08-10,25.6,2020,8,95.1,232,1.2,23.0
223,30.7,8.8,0.8,20200811,11,0.0,25.8,2020-08-11,24.1,2020,8,98.6,232,0.0,22.8
224,24.5,8.4,0.6,20200812,12,0.0,29.1,2020-08-12,25.5,2020,8,97.3,232,0.6,22.6
225,0.0,6.3,1.3,20200813,13,0.0,31.8,2020-08-13,27.6,2020,8,88.5,232,4.5,23.7
226,0.0,0.0,1.9,20200814,14,0.0,31.8,2020-08-14,28.0,2020,8,84.5,232,3.8,25.7
227,0.0,7.3,1.1,20200815,15,0.0,31.0,2020-08-15,27.8,2020,8,87.1,232,2.1,25.1
228,0.0,5.8,1.1,20200816,16,0.0,31.8,2020-08-16,26.8,2020,8,86.1,232,6.6,23.2
229,0.0,5.4,0.5,20200817,17,0.0,32.0,2020-08-17,26.5,2020,8,86.1,232,6.6,22.0
230,0.0,2.4,0.8,20200818,18,0.0,31.7,2020-08-18,26.3,2020,8,87.3,232,8.7,22.4
231,0.0,2.1,0.9,20200819,19,0.0,32.5,2020-08-19,26.3,2020,8,83.4,232,10.4,21.3
232,0.0,2.4,0.7,20200820,20,0.0,32.0,2020-08-20,26.6,2020,8,82.4,232,9.2,21.9
233,0.0,5.3,0.7,20200821,21,0.0,32.3,2020-08-21,26.6,2020,8,85.0,232,8.6,21.2
234,6.6,8.8,1.0,20200822,22,0.0,28.5,2020-08-22,24.8,2020,8,93.1,232,0.4,22.6
235,0.0,4.9,0.7,20200823,23,0.0,30.3,2020-08-23,24.9,2020,8,85.0,232,7.6,20.8
236,0.0,4.4,0.8,20200824,24,0.0,31.8,2020-08-24,26.2,2020,8,82.9,232,10.9,20.8
237,0.0,4.8,1.0,20200825,25,0.0,34.1,2020-08-25,27.8,2020,8,81.8,232,10.2,22.4
238,2.1,7.4,3.4,20200826,26,0.0,32.6,2020-08-26,27.7,2020,8,82.4,232,5.5,24.1
239,19.1,8.3,3.0,20200827,27,0.0,31.5,2020-08-27,27.5,2020,8,84.9,232,3.9,24.6
240,44.8,8.5,0.9,20200828,28,0.0,32.5,2020-08-28,27.0,2020,8,88.6,232,4.4,24.1
241,25.1,7.3,0.9,20200829,29,0.0,30.9,2020-08-29,26.0,2020,8,94.6,232,1.4,23.6
242,0.0,6.3,0.5,20200830,30,0.0,31.3,2020-08-30,27.1,2020,8,87.3,232,4.2,24.4
243,0.0,6.4,2.1,20200831,31,0.0,29.8,2020-08-31,26.3,2020,8,81.0,232,2.0,23.8
244,0.3,6.8,1.4,20200901,1,0.0,30.3,2020-09-01,25.6,2020,9,80.1,232,4.8,21.3
245,31.7,10.0,1.5,20200902,2,0.0,24.8,2020-09-02,23.9,2020,9,97.1,232,0.0,23.0
246,56.6,6.5,3.6,20200903,3,0.0,26.0,2020-09-03,22.8,2020,9,84.8,232,4.9,20.4
247,0.0,3.4,1.2,20200904,4,0.0,27.8,2020-09-04,22.7,2020,9,76.6,232,9.2,18.4
248,0.0,9.0,0.9,20200905,5,0.0,24.9,2020-09-05,20.6,2020,9,86.0,232,0.1,17.2
249,10.9,10.0,1.8,20200906,6,0.0,24.9,2020-09-06,20.3,2020,9,89.4,232,0.3,18.0
250,42.1,7.5,3.3,20200907,7,0.0,21.9,2020-09-07,18.8,2020,9,94.6,232,0.0,16.7
251,0.0,4.1,2.0,20200908,8,0.0,26.6,2020-09-08,22.4,2020,9,79.8,232,8.8,18.4
252,3.2,7.7,1.0,20200909,9,0.0,25.7,2020-09-09,20.7,2020,9,87.5,232,3.6,17.3
253,0.0,5.4,0.5,20200910,10,0.0,26.9,2020-09-10,20.9,2020,9,85.8,232,6.8,16.1
254,4.9,9.1,1.4,20200911,11,0.0,25.2,2020-09-11,20.7,2020,9,85.6,232,0.5,17.7
255,12.5,7.4,0.8,20200912,12,0.0,20.2,2020-09-12,18.7,2020,9,96.3,232,0.0,17.2
256,0.0,3.4,0.8,20200913,13,0.0,25.4,2020-09-13,20.0,2020,9,82.3,232,9.2,16.0
257,0.0,4.4,0.8,20200914,14,0.0,25.7,2020-09-14,20.0,2020,9,85.8,232,8.9,14.6
258,0.0,6.1,0.7,20200915,15,0.0,27.3,2020-09-15,21.2,2020,9,85.1,232,6.4,16.7
259,4.8,7.6,0.6,20200916,16,0.0,23.5,2020-09-16,20.3,2020,9,96.6,232,0.3,19.2
260,0.0,9.9,0.4,20200917,17,0.0,23.4,2020-09-17,20.2,2020,9,91.5,232,0.0,16.8
261,0.0,5.3,1.6,20200918,18,0.0,24.4,2020-09-18,18.7,2020,9,79.5,232,7.2,13.8
262,0.2,3.0,0.8,20200919,19,0.0,24.4,2020-09-19,17.0,2020,9,86.9,232,6.7,12.4
263,0.0,0.3,0.9,20200920,20,0.0,24.2,2020-09-20,16.4,2020,9,79.1,232,9.6,10.9
264,0.0,4.8,0.5,20200921,21,0.0,23.3,2020-09-21,16.1,2020,9,79.8,232,9.6,9.8
265,0.0,5.4,1.5,20200922,22,0.0,23.6,2020-09-22,17.5,2020,9,77.9,232,7.4,12.2
266,0.0,8.9,1.9,20200923,23,0.0,23.3,2020-09-23,18.0,2020,9,69.8,232,3.8,12.8
267,0.0,5.9,2.5,20200924,24,0.0,25.3,2020-09-24,19.5,2020,9,67.0,232,8.0,14.5
268,0.0,5.5,1.6,20200925,25,0.0,25.3,2020-09-25,19.0,2020,9,75.0,232,5.6,12.6
269,0.0,3.4,1.4,20200926,26,0.0,23.6,2020-09-26,17.5,2020,9,77.5,232,8.5,12.4
270,0.0,0.5,0.9,20200927,27,0.0,24.2,2020-09-27,17.4,2020,9,79.1,232,10.7,11.4
271,0.0,1.0,0.6,20200928,28,0.0,25.0,2020-09-28,17.0,2020,9,81.3,232,10.7,10.9
272,0.0,5.9,0.6,20200929,29,0.0,24.1,2020-09-29,16.7,2020,9,81.6,232,5.8,10.6
273,0.0,5.0,0.5,20200930,30,0.0,24.3,2020-09-30,18.0,2020,9,83.3,232,7.8,11.8
274,0.0,5.3,1.0,20201001,1,0.0,24.2,2020-10-01,18.2,2020,10,83.1,232,6.4,13.0
275,0.8,7.1,1.0,20201002,2,0.0,24.2,2020-10-02,18.8,2020,10,82.5,232,4.2,14.2
276,18.1,9.5,0.2,20201003,3,0.0,21.3,2020-10-03,18.1,2020,10,96.3,232,1.2,16.2
277,0.0,9.0,1.6,20201004,4,0.0,21.7,2020-10-04,16.8,2020,10,78.3,232,1.1,12.1
278,0.0,2.6,1.3,20201005,5,0.0,18.4,2020-10-05,11.9,2020,10,71.0,232,10.0,5.0
279,0.0,2.0,0.8,20201006,6,0.0,19.0,2020-10-06,11.9,2020,10,77.8,232,10.9,5.3
280,0.0,6.1,1.2,20201007,7,0.0,20.8,2020-10-07,14.7,2020,10,71.9,232,7.9,7.9
281,0.0,0.6,1.9,20201008,8,0.0,21.7,2020-10-08,15.4,2020,10,66.9,232,9.8,8.5
282,0.0,1.8,1.7,20201009,9,0.0,22.5,2020-10-09,14.9,2020,10,71.6,232,10.5,7.3
283,0.0,5.0,1.0,20201010,10,0.0,21.7,2020-10-10,15.0,2020,10,75.0,232,9.4,8.1
284,0.0,4.5,0.8,20201011,11,0.0,19.4,2020-10-11,14.7,2020,10,87.4,232,4.7,9.0
285,0.0,4.3,0.8,20201012,12,0.0,21.8,2020-10-12,15.4,2020,10,81.9,232,4.1,9.9
286,0.0,5.4,0.6,20201013,13,0.0,17.3,2020-10-13,10.7,2020,10,75.4,232,5.3,5.2
287,0.0,6.9,0.8,20201014,14,0.0,19.0,2020-10-14,10.7,2020,10,72.4,232,4.0,5.4
288,0.0,6.8,0.6,20201015,15,0.0,17.2,2020-10-15,9.0,2020,10,72.3,232,5.2,3.0
289,0.0,7.1,0.3,20201016,16,0.0,16.2,2020-10-16,9.8,2020,10,82.8,232,0.3,3.8
290,0.0,1.9,0.6,20201017,17,0.0,19.2,2020-10-17,10.6,2020,10,78.5,232,9.6,5.3
291,0.0,0.6,0.7,20201018,18,0.0,19.2,2020-10-18,10.4,2020,10,79.5,232,9.9,1.8
292,0.0,1.8,0.6,20201019,19,0.0,20.8,2020-10-19,11.8,2020,10,80.6,232,9.6,4.6
293,0.0,3.0,0.5,20201020,20,0.0,21.2,2020-10-20,11.8,2020,10,81.4,232,7.2,7.3
294,0.0,8.6,0.5,20201021,21,0.0,15.9,2020-10-21,11.3,2020,10,90.0,232,0.0,6.8
295,0.0,3.8,1.4,20201022,22,0.0,17.5,2020-10-22,11.7,2020,10,76.0,232,3.6,7.2
296,0.0,0.3,1.7,20201023,23,0.0,13.3,2020-10-23,8.9,2020,10,60.1,232,10.0,4.3
297,0.0,0.9,1.4,20201024,24,0.0,13.1,2020-10-24,6.5,2020,10,66.3,232,9.9,-0.9
298,0.0,4.5,0.7,20201025,25,0.0,18.6,2020-10-25,8.8,2020,10,76.4,232,8.5,0.5
299,0.0,1.9,0.6,20201026,26,0.0,18.8,2020-10-26,9.6,2020,10,81.6,232,8.3,2.5
300,0.0,2.3,0.6,20201027,27,0.0,19.8,2020-10-27,10.6,2020,10,82.1,232,8.7,3.7
301,0.0,2.9,1.1,20201028,28,0.0,19.0,2020-10-28,12.5,2020,10,64.9,232,7.6,6.4
302,0.0,4.0,0.8,20201029,29,0.0,16.7,2020-10-29,7.8,2020,10,64.0,232,9.1,0.0
303,0.0,0.9,0.6,20201030,30,0.0,18.4,2020-10-30,8.4,2020,10,68.0,232,9.7,0.6
304,0.0,4.4,0.5,20201031,31,0.0,18.5,2020-10-31,10.3,2020,10,76.6,232,7.5,1.8
305,5.6,9.8,0.5,20201101,1,0.0,12.7,2020-11-01,11.6,2020,11,96.6,232,0.0,10.4
306,0.0,0.0,0.6,20201102,2,0.0,16.3,2020-11-02,9.8,2020,11,71.1,232,7.4,3.6
307,1.2,2.9,2.1,20201103,3,0.0,9.1,2020-11-03,5.6,2020,11,58.0,232,7.6,0.6
308,0.0,0.0,1.0,20201104,4,0.0,10.7,2020-11-04,3.1,2020,11,65.4,232,9.8,-3.5
309,0.0,5.5,0.6,20201105,5,0.0,14.5,2020-11-05,6.6,2020,11,72.0,232,7.0,-2.5
310,0.0,9.1,0.7,20201106,6,0.0,15.6,2020-11-06,11.0,2020,11,73.0,232,0.1,7.1
311,0.0,3.9,0.8,20201107,7,0.0,18.1,2020-11-07,11.2,2020,11,77.4,232,7.1,5.2
312,0.0,0.3,1.7,20201108,8,0.0,13.2,2020-11-08,7.6,2020,11,55.9,232,9.4,2.6
313,0.0,3.1,1.3,20201109,9,0.0,10.8,2020-11-09,5.9,2020,11,46.9,232,8.3,-2.3
314,0.0,0.0,1.0,20201110,10,0.0,13.2,2020-11-10,5.6,2020,11,65.6,232,9.7,-1.1
315,0.0,0.0,0.5,20201111,11,0.0,15.5,2020-11-11,6.0,2020,11,72.0,232,9.7,-1.4
316,0.0,0.4,0.5,20201112,12,0.0,17.9,2020-11-12,7.2,2020,11,69.5,232,9.6,-1.0
317,0.0,2.6,0.5,20201113,13,0.0,18.1,2020-11-13,7.7,2020,11,81.8,232,5.6,0.8
318,0.0,0.0,0.6,20201114,14,0.0,18.3,2020-11-14,9.3,2020,11,79.0,232,6.0,3.7
319,0.0,2.5,0.5,20201115,15,0.0,18.1,2020-11-15,9.3,2020,11,83.0,232,7.4,2.1
320,0.0,3.1,0.7,20201116,16,0.0,18.3,2020-11-16,9.1,2020,11,81.8,232,7.6,3.2
321,2.7,6.4,1.2,20201117,17,0.0,19.5,2020-11-17,13.6,2020,11,83.4,232,1.9,5.8
322,3.8,8.9,1.1,20201118,18,0.0,19.0,2020-11-18,15.7,2020,11,93.4,232,0.0,11.1
323,28.8,9.5,2.6,20201119,19,0.0,20.6,2020-11-19,15.1,2020,11,90.1,232,0.0,9.5
324,0.0,9.4,2.3,20201120,20,0.0,9.5,2020-11-20,5.3,2020,11,78.3,232,0.0,3.3
325,0.0,4.3,1.6,20201121,21,0.0,13.1,2020-11-21,6.9,2020,11,72.8,232,8.3,-1.4
326,3.8,8.8,1.6,20201122,22,0.0,8.9,2020-11-22,7.0,2020,11,82.6,232,0.0,3.8
327,0.0,1.5,1.5,20201123,23,0.0,6.7,2020-11-23,2.0,2020,11,70.0,232,9.3,-2.0
328,0.0,8.1,0.8,20201124,24,0.0,9.6,2020-11-24,2.9,2020,11,62.9,232,3.1,-2.6
329,0.0,2.6,0.8,20201125,25,0.0,11.2,2020-11-25,3.0,2020,11,74.5,232,9.2,-3.3
330,0.0,7.0,0.7,20201126,26,0.0,11.5,2020-11-26,4.5,2020,11,75.6,232,6.7,-0.7
331,0.0,6.0,1.7,20201127,27,0.0,8.4,2020-11-27,4.3,2020,11,70.0,232,1.5,1.8
332,0.0,4.9,1.9,20201128,28,0.0,4.4,2020-11-28,1.8,2020,11,55.4,232,8.6,-0.3
333,0.0,6.0,0.9,20201129,29,0.0,4.0,2020-11-29,0.6,2020,11,74.8,232,1.1,-2.4
334,0.0,2.4,1.1,20201130,30,0.0,4.6,2020-11-30,-0.7,2020,11,74.5,232,8.4,-5.5
335,0.0,5.1,0.8,20201201,1,0.0,7.3,2020-12-01,-0.3,2020,12,64.4,232,9.0,-6.8
336,0.0,5.8,0.9,20201202,2,0.0,8.1,2020-12-02,2.9,2020,12,52.1,232,5.8,-1.2
337,0.0,3.9,1.3,20201203,3,0.0,6.3,2020-12-03,0.5,2020,12,61.0,232,9.0,-3.2
338,0.0,0.8,1.0,20201204,4,0.0,5.0,2020-12-04,-1.2,2020,12,69.8,232,8.6,-7.2
339,0.0,6.3,0.4,20201205,5,0.0,4.4,2020-12-05,-1.2,2020,12,90.8,232,1.0,-6.0
340,0.0,3.4,0.6,20201206,6,0.0,9.2,2020-12-06,1.6,2020,12,83.0,232,5.7,-3.2
341,0.0,5.6,1.1,20201207,7,0.0,7.4,2020-12-07,2.7,2020,12,69.9,232,0.1,-1.9
342,0.0,1.6,1.2,20201208,8,0.0,4.4,2020-12-08,-0.8,2020,12,59.6,232,8.9,-5.8
343,0.0,4.8,0.7,20201209,9,0.0,6.6,2020-12-09,-0.3,2020,12,66.5,232,5.9,-8.3
344,0.0,7.6,0.5,20201210,10,0.0,9.5,2020-12-10,4.3,2020,12,72.8,232,1.1,0.9
345,0.0,7.5,0.6,20201211,11,0.0,10.7,2020-12-11,4.7,2020,12,79.8,232,4.3,0.9
346,0.0,2.1,1.2,20201212,12,0.0,7.6,2020-12-12,2.6,2020,12,57.3,232,8.7,-3.3
347,3.4,6.6,1.6,20201213,13,0.0,3.4,2020-12-13,-1.2,2020,12,80.5,232,0.5,-4.5
348,0.0,3.8,2.1,20201214,14,0.0,-2.9,2020-12-14,-5.6,2020,12,47.3,232,9.0,-7.7
349,0.0,2.3,1.7,20201215,15,0.0,-2.3,2020-12-15,-6.6,2020,12,51.5,232,9.0,-12.2
350,0.0,0.0,1.4,20201216,16,0.0,-2.1,2020-12-16,-7.0,2020,12,52.3,232,9.1,-12.2
351,0.0,1.3,0.8,20201217,17,0.0,0.8,2020-12-17,-6.2,2020,12,65.0,232,9.0,-12.9
352,1.3,5.1,1.7,20201218,18,0.0,2.7,2020-12-18,-1.4,2020,12,67.9,232,3.7,-5.2
353,0.0,2.4,1.2,20201219,19,0.0,-0.2,2020-12-19,-5.1,2020,12,54.4,232,9.0,-11.1
354,0.0,0.4,0.9,20201220,20,0.0,2.1,2020-12-20,-4.7,2020,12,66.9,232,8.9,-10.9
355,0.0,3.4,0.6,20201221,21,0.0,4.4,2020-12-21,-1.8,2020,12,75.3,232,4.0,-8.2
356,0.0,1.8,0.7,20201222,22,0.0,7.7,2020-12-22,-0.7,2020,12,79.0,232,7.3,-6.5
357,0.0,5.8,0.7,20201223,23,0.0,8.3,2020-12-23,1.5,2020,12,85.0,232,1.5,-5.2
358,0.0,2.8,1.7,20201224,24,0.0,8.2,2020-12-24,2.2,2020,12,71.0,232,6.5,-1.2
359,0.0,1.6,1.2,20201225,25,0.0,4.1,2020-12-25,-0.4,2020,12,67.4,232,7.7,-4.9
360,0.0,6.3,0.8,20201226,26,0.0,7.4,2020-12-26,0.1,2020,12,84.8,232,2.7,-5.9
361,0.0,7.1,0.5,20201227,27,0.0,8.4,2020-12-27,1.7,2020,12,85.8,232,4.9,-3.9
362,0.0,4.5,0.5,20201228,28,0.0,11.4,2020-12-28,3.3,2020,12,82.6,232,5.7,-2.0
363,0.8,9.5,1.4,20201229,29,0.0,4.4,2020-12-29,0.0,2020,12,86.9,232,0.2,-3.9
364,0.0,4.4,3.3,20201230,30,0.0,-3.9,2020-12-30,-8.8,2020,12,66.0,232,5.3,-11.6
365,0.0,4.5,1.0,20201231,31,0.0,-4.2,2020-12-31,-9.6,2020,12,76.1,232,4.9,-16.0
