,tmin,tmax,Date,wind,date,day,cloud,station_id,humid,rainfall,snow,sunshine,month,year,tavg
0,-13.2,1.2,2019-01-01,1.3,20190101,1,2.9,203,58.4,0.0,0.0,6.6,1,2019,-6.1
1,-13.7,2.2,2019-01-02,1.2,20190102,2,0.0,203,49.3,0.0,0.0,8.8,1,2019,-5.9
2,-14.3,3.6,2019-01-03,0.7,20190103,3,0.3,203,52.1,0.0,0.0,8.8,1,2019,-5.7
3,-12.2,3.8,2019-01-04,0.8,20190104,4,2.9,203,63.3,0.0,0.0,5.8,1,2019,-3.9
4,-8.8,3.2,2019-01-05,1.6,20190105,5,1.0,203,48.8,0.0,0.0,8.5,1,2019,-3.2
5,-11.1,4.0,2019-01-06,1.0,20190106,6,3.3,203,49.6,0.0,0.0,7.3,1,2019,-5.1
6,-12.3,3.9,2019-01-07,1.0,20190107,7,3.4,203,59.9,0.0,0.0,7.3,1,2019,-4.4
7,-10.4,2.3,2019-01-08,2.0,20190108,8,1.3,203,44.6,0.0,0.0,8.7,1,2019,-4.6
8,-14.6,0.2,2019-01-09,0.8,20190109,9,6.9,203,38.9,0.0,0.0,8.7,1,2019,-6.5
9,-7.7,3.9,2019-01-10,1.2,20190110,10,6.6,203,58.4,0.0,0.0,4.1,1,2019,-2.8
10,-4.7,6.5,2019-01-11,0.7,20190111,11,4.6,203,65.1,0.0,0.0,6.8,1,2019,-0.1
11,-2.0,8.3,2019-01-12,0.8,20190112,12,5.3,203,54.8,0.0,0.0,1.6,1,2019,1.8
12,-7.7,8.3,2019-01-13,0.9,20190113,13,0.1,203,64.3,0.0,0.0,8.3,1,2019,-0.4
13,-8.2,2.5,2019-01-14,0.5,20190114,14,5.9,203,85.3,0.0,0.0,0.0,1,2019,-3.0
14,-7.2,2.8,2019-01-15,2.0,20190115,15,4.8,203,59.9,0.0,0.0,2.8,1,2019,-1.8
15,-11.6,-0.1,2019-01-16,1.6,20190116,16,3.9,203,49.4,0.2,0.0,8.3,1,2019,-5.7
16,-7.1,5.6,2019-01-17,1.2,20190117,17,1.8,203,55.6,0.3,0.0,7.7,1,2019,-1.6
17,-10.2,6.9,2019-01-18,1.0,20190118,18,2.9,203,54.3,0.0,0.0,8.8,1,2019,-1.5
18,-5.1,8.5,2019-01-19,0.6,20190119,19,6.6,203,63.5,0.0,0.0,7.8,1,2019,0.3
19,-5.4,3.5,2019-01-20,2.3,20190120,20,1.5,203,39.1,0.0,0.0,8.8,1,2019,-0.9
20,-11.6,3.7,2019-01-21,1.3,20190121,21,2.4,203,53.1,0.0,0.0,2.3,1,2019,-2.4
21,-8.0,7.2,2019-01-22,1.4,20190122,22,1.8,203,65.5,0.0,0.0,8.2,1,2019,-0.4
22,-7.2,9.3,2019-01-23,1.3,20190123,23,0.8,203,51.6,0.0,0.0,7.9,1,2019,0.5
23,-9.5,7.5,2019-01-24,1.4,20190124,24,3.8,203,35.3,0.0,0.0,8.8,1,2019,-1.0
24,-9.1,3.9,2019-01-25,1.8,20190125,25,3.4,203,38.5,0.0,0.0,8.9,1,2019,-2.4
25,-6.8,3.5,2019-01-26,2.1,20190126,26,0.0,203,29.0,0.0,0.0,9.1,1,2019,-2.5
26,-12.5,5.2,2019-01-27,1.2,20190127,27,4.1,203,57.4,0.0,0.0,7.8,1,2019,-2.4
27,-3.5,5.3,2019-01-28,2.5,20190128,28,2.6,203,48.3,0.8,0.0,7.5,1,2019,1.0
28,-10.9,7.0,2019-01-29,1.0,20190129,29,3.9,203,41.0,0.0,0.0,8.9,1,2019,-1.6
29,-7.7,8.2,2019-01-30,1.1,20190130,30,6.5,203,52.1,0.0,0.0,8.7,1,2019,0.9
30,-6.4,2.6,2019-01-31,1.8,20190131,31,7.6,203,40.0,0.0,0.0,2.6,1,2019,-0.8
31,-12.2,3.6,2019-02-01,1.7,20190201,1,2.4,203,53.5,0.0,0.0,8.0,2,2019,-3.4
32,-10.0,6.3,2019-02-02,0.7,20190202,2,6.8,203,73.5,0.0,0.0,1.7,2,2019,-1.9
33,-0.6,4.5,2019-02-03,0.8,20190203,3,8.9,203,95.6,23.1,0.0,0.0,2,2019,1.9
34,-3.8,5.0,2019-02-04,1.9,20190204,4,2.0,203,40.4,0.0,0.0,9.1,2,2019,0.2
35,-7.5,8.7,2019-02-05,0.7,20190205,5,3.4,203,54.3,0.0,0.0,7.7,2,2019,0.0
36,-4.2,8.8,2019-02-06,0.7,20190206,6,8.0,203,63.8,0.0,0.0,2.6,2,2019,2.6
37,-6.9,5.9,2019-02-07,2.9,20190207,7,5.3,203,45.6,0.0,0.0,8.2,2,2019,-0.1
38,-10.0,1.5,2019-02-08,1.4,20190208,8,8.3,203,33.4,0.0,0.0,8.1,2,2019,-4.7
39,-7.7,0.0,2019-02-09,2.2,20190209,9,3.4,203,30.5,0.0,0.0,9.4,2,2019,-4.2
40,-11.2,0.5,2019-02-10,1.2,20190210,10,7.9,203,41.1,0.0,0.0,3.2,2,2019,-4.9
41,-8.4,2.7,2019-02-11,2.0,20190211,11,0.1,203,37.0,0.0,0.0,9.5,2,2019,-2.9
42,-7.3,4.8,2019-02-12,1.2,20190212,12,4.9,203,45.1,0.0,0.0,7.9,2,2019,-1.5
43,-5.7,3.3,2019-02-13,1.9,20190213,13,1.9,203,30.6,0.0,0.0,9.2,2,2019,-1.6
44,-8.1,6.6,2019-02-14,0.9,20190214,14,6.4,203,46.9,0.0,0.0,8.8,2,2019,-1.5
45,-2.4,1.8,2019-02-15,1.8,20190215,15,9.6,203,62.9,1.0,0.0,0.0,2,2019,-0.5
46,-6.2,2.4,2019-02-16,2.0,20190216,16,3.8,203,58.6,0.1,0.0,8.9,2,2019,-2.2
47,-9.2,6.5,2019-02-17,1.4,20190217,17,0.0,203,46.9,0.0,0.0,10.2,2,2019,-1.8
48,-8.9,5.5,2019-02-18,0.7,20190218,18,7.9,203,55.3,0.0,0.0,5.7,2,2019,-0.6
49,-1.2,2.7,2019-02-19,0.9,20190219,19,8.1,203,90.9,9.9,0.0,0.0,2,2019,0.6
50,-1.6,5.0,2019-02-20,1.6,20190220,20,6.4,203,73.0,0.0,0.0,2.7,2,2019,1.2
51,-6.1,6.9,2019-02-21,0.7,20190221,21,3.2,203,79.9,0.0,0.0,5.0,2,2019,-0.5
52,-5.6,10.8,2019-02-22,0.9,20190222,22,6.3,203,71.8,0.0,0.0,6.9,2,2019,1.2
53,-3.6,14.4,2019-02-23,0.7,20190223,23,3.0,203,61.9,0.0,0.0,8.1,2,2019,3.8
54,-4.4,13.7,2019-02-24,1.4,20190224,24,2.1,203,55.3,0.0,0.0,10.2,2,2019,4.5
55,-1.3,12.1,2019-02-25,1.8,20190225,25,3.8,203,59.8,0.0,0.0,8.5,2,2019,4.2
56,-5.1,12.9,2019-02-26,1.2,20190226,26,3.8,203,51.4,0.0,0.0,9.2,2,2019,3.9
57,0.9,13.0,2019-02-27,1.3,20190227,27,8.6,203,45.3,0.0,0.0,4.7,2,2019,6.5
58,-2.3,13.8,2019-02-28,1.4,20190228,28,3.0,203,51.3,0.0,0.0,7.6,2,2019,5.4
59,-4.0,14.7,2019-03-01,1.4,20190301,1,0.9,203,50.5,0.0,0.0,9.6,3,2019,5.3
60,-3.3,14.0,2019-03-02,0.8,20190302,2,6.3,203,50.6,0.0,0.0,7.0,3,2019,5.3
61,-2.3,16.3,2019-03-03,0.9,20190303,3,6.1,203,44.9,0.0,0.0,7.3,3,2019,7.2
62,1.2,16.2,2019-03-04,1.4,20190304,4,2.9,203,50.1,0.0,0.0,8.3,3,2019,8.1
63,2.2,13.5,2019-03-05,1.3,20190305,5,8.6,203,62.9,0.0,0.0,2.1,3,2019,7.5
64,2.9,13.6,2019-03-06,1.2,20190306,6,5.4,203,60.3,0.0,0.0,3.9,3,2019,7.4
65,0.4,13.9,2019-03-07,2.0,20190307,7,2.9,203,58.5,0.1,0.0,9.0,3,2019,6.5
66,-3.7,14.5,2019-03-08,1.6,20190308,8,0.0,203,49.0,0.0,0.0,10.4,3,2019,5.3
67,-4.5,15.7,2019-03-09,0.8,20190309,9,4.8,203,42.6,0.0,0.0,8.3,3,2019,5.2
68,3.7,15.0,2019-03-10,1.2,20190310,10,8.1,203,37.1,0.0,0.0,0.2,3,2019,8.6
69,-2.0,10.3,2019-03-11,1.6,20190311,11,4.6,203,70.4,0.1,0.0,2.6,3,2019,5.0
70,-0.5,8.3,2019-03-12,2.8,20190312,12,4.1,203,58.3,0.3,0.0,0.3,3,2019,3.8
71,-2.2,8.7,2019-03-13,3.1,20190313,13,1.4,203,35.8,0.1,0.0,9.5,3,2019,2.8
72,-5.8,11.0,2019-03-14,1.6,20190314,14,3.6,203,49.6,0.0,0.0,7.7,3,2019,3.9
73,-0.2,12.0,2019-03-15,1.6,20190315,15,6.4,203,79.3,5.5,0.0,6.2,3,2019,3.5
74,-1.0,9.4,2019-03-16,1.2,20190316,16,7.6,203,72.0,0.0,0.0,2.9,3,2019,3.7
75,-1.6,13.0,2019-03-17,1.8,20190317,17,1.8,203,56.4,0.0,0.0,10.5,3,2019,5.5
76,-4.0,14.4,2019-03-18,1.2,20190318,18,8.1,203,46.9,0.0,0.0,8.7,3,2019,5.8
77,0.4,19.8,2019-03-19,1.3,20190319,19,1.8,203,51.8,0.0,0.0,8.4,3,2019,9.2
78,2.8,15.3,2019-03-20,0.8,20190320,20,9.1,203,85.0,20.6,0.0,0.3,3,2019,8.7
79,-1.1,9.8,2019-03-22,2.1,20190322,22,2.3,203,44.9,0.0,0.0,10.7,3,2019,3.7
80,-1.6,7.9,2019-03-23,2.1,20190323,23,2.4,203,47.6,3.3,0.0,7.4,3,2019,3.1
81,-3.8,10.5,2019-03-24,2.2,20190324,24,0.0,203,47.5,0.0,0.0,11.1,3,2019,3.8
82,-2.8,13.7,2019-03-25,1.6,20190325,25,5.6,203,60.6,0.0,0.0,5.1,3,2019,5.5
83,-0.3,18.8,2019-03-26,1.3,20190326,26,2.4,203,49.3,0.0,0.0,8.9,3,2019,9.3
84,2.9,18.8,2019-03-27,2.7,20190327,27,6.8,203,58.8,0.0,0.0,6.7,3,2019,11.2
85,6.1,16.8,2019-03-28,2.4,20190328,28,6.1,203,47.5,0.0,0.0,9.0,3,2019,10.4
86,4.8,16.5,2019-03-29,2.0,20190329,29,5.8,203,36.3,0.0,0.0,9.9,3,2019,10.1
87,1.7,9.4,2019-03-30,2.6,20190330,30,9.0,203,78.6,6.2,0.0,2.2,3,2019,4.1
88,0.6,6.6,2019-03-31,2.9,20190331,31,5.1,203,53.9,0.0,0.0,1.1,3,2019,3.7
89,-3.3,11.6,2019-04-01,2.2,20190401,1,2.1,203,38.5,0.0,0.0,11.2,4,2019,4.5
90,-4.1,13.4,2019-04-02,2.1,20190402,2,1.1,203,42.9,0.0,0.0,10.9,4,2019,5.6
91,-3.2,14.7,2019-04-03,2.1,20190403,3,0.1,203,41.6,0.0,0.0,11.5,4,2019,6.4
92,-2.6,18.0,2019-04-04,2.2,20190404,4,0.6,203,38.5,0.0,0.0,11.4,4,2019,8.6
93,3.1,18.0,2019-04-05,2.5,20190405,5,3.4,203,39.3,0.0,0.0,8.0,4,2019,9.7
94,-0.1,13.3,2019-04-06,1.1,20190406,6,7.1,203,49.9,0.2,0.0,2.3,4,2019,8.0
95,5.0,20.7,2019-04-07,1.3,20190407,7,5.0,203,39.8,0.0,0.0,8.8,4,2019,13.1
96,6.1,19.3,2019-04-08,2.4,20190408,8,3.9,203,23.6,0.0,0.0,10.8,4,2019,11.8
97,2.7,14.2,2019-04-09,2.5,20190409,9,8.0,203,54.8,22.3,0.0,0.3,4,2019,7.5
98,2.8,9.9,2019-04-10,1.6,20190410,10,6.3,203,75.8,3.1,0.0,0.0,4,2019,6.7
99,0.7,15.5,2019-04-11,1.4,20190411,11,6.5,203,72.1,0.0,0.0,4.7,4,2019,7.5
100,2.7,18.7,2019-04-12,1.8,20190412,12,3.4,203,46.6,0.0,0.0,10.7,4,2019,10.9
101,1.4,18.8,2019-04-13,1.6,20190413,13,4.8,203,39.3,0.0,0.0,11.0,4,2019,10.9
102,4.5,13.5,2019-04-14,1.8,20190414,14,6.0,203,52.6,0.8,0.0,3.2,4,2019,8.1
103,-0.6,19.6,2019-04-15,1.8,20190415,15,0.0,203,35.6,0.0,0.0,12.0,4,2019,10.5
104,1.0,23.6,2019-04-16,1.2,20190416,16,4.6,203,34.0,0.0,0.0,9.6,4,2019,13.1
105,4.7,24.3,2019-04-17,1.6,20190417,17,1.1,203,39.5,0.0,0.0,12.1,4,2019,14.9
106,6.6,18.9,2019-04-18,1.9,20190418,18,7.1,203,67.8,0.0,0.0,5.3,4,2019,13.1
107,8.0,17.2,2019-04-19,1.6,20190419,19,5.4,203,66.1,0.0,0.0,4.4,4,2019,12.0
108,3.8,22.3,2019-04-20,1.6,20190420,20,4.5,203,62.6,0.0,0.0,9.4,4,2019,13.7
109,13.1,21.0,2019-04-21,1.7,20190421,21,7.6,203,70.4,0.3,0.0,3.3,4,2019,15.9
110,8.0,29.3,2019-04-22,1.2,20190422,22,1.6,203,52.0,0.0,0.0,10.2,4,2019,18.8
111,12.8,25.3,2019-04-23,1.5,20190423,23,8.4,203,51.3,0.0,0.0,3.7,4,2019,19.8
112,14.4,26.0,2019-04-24,1.3,20190424,24,7.3,203,75.4,5.9,0.0,6.1,4,2019,18.6
113,9.2,17.5,2019-04-25,1.6,20190425,25,7.6,203,78.5,11.6,0.0,0.0,4,2019,12.8
114,5.4,11.1,2019-04-26,1.3,20190426,26,8.8,203,86.0,3.8,0.0,0.0,4,2019,8.2
115,1.4,18.7,2019-04-27,1.3,20190427,27,4.8,203,55.3,0.0,0.0,10.8,4,2019,11.1
116,8.3,16.6,2019-04-28,1.0,20190428,28,8.5,203,60.1,0.2,0.0,1.0,4,2019,11.7
117,6.1,15.9,2019-04-29,0.6,20190429,29,7.8,203,75.1,0.6,0.0,1.5,4,2019,11.1
118,6.1,24.7,2019-04-30,1.4,20190430,30,4.0,203,65.1,0.0,0.0,10.1,4,2019,14.9
119,9.2,24.7,2019-05-01,2.2,20190501,1,1.4,203,51.9,0.0,0.0,11.0,5,2019,16.0
120,6.8,26.1,2019-05-02,1.8,20190502,2,0.0,203,42.1,0.0,0.0,12.6,5,2019,16.2
121,5.1,28.8,2019-05-03,1.5,20190503,3,1.1,203,40.0,0.0,0.0,12.3,5,2019,17.3
122,8.1,28.6,2019-05-04,1.3,20190504,4,4.8,203,44.9,0.0,0.0,9.3,5,2019,18.4
123,10.0,29.3,2019-05-05,1.4,20190505,5,5.0,203,40.0,0.0,0.0,10.3,5,2019,18.7
124,10.2,21.1,2019-05-06,2.5,20190506,6,1.9,203,33.4,0.0,0.0,9.7,5,2019,14.8
125,3.8,23.6,2019-05-07,1.8,20190507,7,0.1,203,43.6,0.0,0.0,12.7,5,2019,13.8
126,5.1,23.5,2019-05-08,1.9,20190508,8,6.0,203,46.0,0.0,0.0,11.2,5,2019,15.1
127,10.0,24.6,2019-05-09,2.1,20190509,9,3.9,203,39.4,0.0,0.0,12.5,5,2019,16.7
128,5.3,28.8,2019-05-10,1.6,20190510,10,2.4,203,43.6,0.0,0.0,12.2,5,2019,17.4
129,10.3,30.1,2019-05-11,1.4,20190511,11,2.0,203,45.8,0.0,0.0,12.3,5,2019,19.6
130,11.3,28.6,2019-05-12,1.0,20190512,12,2.6,203,46.1,0.0,0.0,10.8,5,2019,20.3
131,12.3,24.4,2019-05-13,1.2,20190513,13,9.0,203,52.3,0.0,0.0,1.9,5,2019,18.4
132,11.7,28.2,2019-05-14,1.1,20190514,14,3.1,203,51.3,0.0,0.0,12.0,5,2019,19.8
133,13.2,28.7,2019-05-15,1.3,20190515,15,4.4,203,56.5,0.0,0.0,8.3,5,2019,20.5
134,14.3,30.7,2019-05-16,1.1,20190516,16,3.6,203,50.3,0.0,0.0,11.1,5,2019,22.7
135,14.8,28.3,2019-05-17,1.0,20190517,17,8.4,203,54.4,0.0,0.0,5.0,5,2019,22.3
136,17.8,24.1,2019-05-18,2.6,20190518,18,7.5,203,55.8,0.0,0.0,1.1,5,2019,20.8
137,17.6,22.2,2019-05-19,1.1,20190519,19,8.6,203,84.8,8.0,0.0,0.1,5,2019,19.6
138,11.5,20.0,2019-05-20,2.9,20190520,20,10.0,203,59.6,3.1,0.0,8.5,5,2019,16.2
139,7.2,25.0,2019-05-21,2.6,20190521,21,0.0,203,50.5,0.0,0.0,12.8,5,2019,16.6
140,9.0,28.0,2019-05-22,2.1,20190522,22,0.6,203,46.5,0.0,0.0,12.7,5,2019,18.9
141,9.7,29.9,2019-05-23,1.2,20190523,23,0.0,203,47.4,0.0,0.0,12.8,5,2019,20.6
142,11.4,33.7,2019-05-24,1.2,20190524,24,0.4,203,55.1,0.0,0.0,12.7,5,2019,23.5
143,16.6,30.3,2019-05-25,1.2,20190525,25,7.3,203,49.8,0.0,0.0,7.7,5,2019,23.1
144,14.5,31.7,2019-05-26,1.3,20190526,26,5.3,203,45.9,0.0,0.0,9.1,5,2019,23.5
145,14.7,20.6,2019-05-27,2.4,20190527,27,9.8,203,84.9,6.9,0.0,0.0,5,2019,17.3
146,10.4,25.1,2019-05-28,1.9,20190528,28,1.4,203,46.5,0.0,0.0,10.6,5,2019,17.7
147,9.4,27.7,2019-05-29,1.8,20190529,29,0.4,203,48.4,0.0,0.0,12.7,5,2019,19.0
148,9.8,27.0,2019-05-30,2.0,20190530,30,6.9,203,53.1,0.0,0.0,7.6,5,2019,19.1
149,13.8,25.5,2019-05-31,2.3,20190531,31,3.0,203,49.0,0.0,0.0,11.8,5,2019,19.2
150,10.8,24.9,2019-06-01,1.4,20190601,1,5.3,203,63.4,0.0,0.0,9.7,6,2019,18.2
151,13.2,29.7,2019-06-02,1.4,20190602,2,1.4,203,49.5,0.0,0.0,12.5,6,2019,21.3
152,12.4,30.6,2019-06-03,1.3,20190603,3,0.0,203,46.8,0.0,0.0,12.0,6,2019,22.4
153,15.6,31.3,2019-06-04,1.8,20190604,4,1.4,203,52.8,0.0,0.0,12.2,6,2019,23.4
154,16.0,32.5,2019-06-05,1.5,20190605,5,4.6,203,62.4,0.0,0.0,8.4,6,2019,23.5
155,17.7,26.1,2019-06-06,1.2,20190606,6,9.4,203,81.8,9.6,0.0,0.3,6,2019,21.0
156,16.7,23.8,2019-06-07,2.1,20190607,7,8.6,203,83.3,43.8,0.0,1.3,6,2019,19.0
157,13.6,29.2,2019-06-08,1.1,20190608,8,6.4,203,65.3,0.0,0.0,11.3,6,2019,21.5
158,15.8,28.5,2019-06-09,1.4,20190609,9,7.3,203,67.8,0.4,0.0,8.0,6,2019,21.4
159,15.3,23.1,2019-06-10,1.3,20190610,10,7.9,203,71.6,1.1,0.0,1.8,6,2019,18.5
160,15.1,26.4,2019-06-11,1.2,20190611,11,3.9,203,55.8,0.0,0.0,9.6,6,2019,19.6
161,12.7,28.3,2019-06-12,1.3,20190612,12,0.5,203,64.6,0.0,0.0,12.3,6,2019,20.6
162,14.3,30.0,2019-06-13,1.1,20190613,13,3.6,203,56.6,0.0,0.0,12.0,6,2019,22.8
163,17.0,28.3,2019-06-14,1.0,20190614,14,7.6,203,61.5,0.0,0.0,4.8,6,2019,22.3
164,15.4,29.0,2019-06-15,1.6,20190615,15,2.9,203,71.1,10.1,0.0,11.7,6,2019,20.7
165,13.6,27.9,2019-06-16,1.2,20190616,16,4.0,203,67.6,0.0,0.0,9.7,6,2019,20.7
166,16.7,27.2,2019-06-17,1.6,20190617,17,5.3,203,67.0,0.4,0.0,9.3,6,2019,21.2
167,16.7,24.7,2019-06-18,1.0,20190618,18,9.0,203,82.1,6.9,0.0,1.5,6,2019,20.1
168,18.3,28.3,2019-06-20,1.5,20190620,20,7.6,203,69.4,0.0,0.0,6.3,6,2019,22.6
169,18.0,28.5,2019-06-21,1.5,20190621,21,5.5,203,68.9,0.0,0.0,4.4,6,2019,22.3
170,16.3,30.4,2019-06-22,1.4,20190622,22,3.1,203,52.9,0.0,0.0,11.8,6,2019,22.6
171,15.2,30.3,2019-06-23,1.0,20190623,23,2.8,203,54.1,0.0,0.0,11.8,6,2019,22.9
172,18.0,31.1,2019-06-24,1.5,20190624,24,3.4,203,56.6,0.0,0.0,11.0,6,2019,23.8
173,15.4,32.8,2019-06-25,1.1,20190625,25,0.9,203,53.4,0.0,0.0,12.9,6,2019,25.1
174,18.1,26.3,2019-06-26,1.1,20190626,26,9.1,203,70.6,4.0,0.0,1.1,6,2019,22.6
175,19.7,30.0,2019-06-27,1.1,20190627,27,7.5,203,78.4,0.3,0.0,4.0,6,2019,24.5
176,20.9,30.4,2019-06-28,1.5,20190628,28,8.5,203,69.3,0.0,0.0,3.8,6,2019,24.9
177,17.8,25.7,2019-06-29,0.8,20190629,29,8.1,203,80.9,1.7,0.0,1.4,6,2019,21.9
178,19.7,28.2,2019-06-30,1.7,20190630,30,6.6,203,75.8,0.0,0.0,5.5,6,2019,23.4
179,19.1,28.4,2019-07-01,1.6,20190701,1,4.9,203,66.4,0.0,0.0,6.8,7,2019,23.3
180,17.8,30.0,2019-07-02,1.6,20190702,2,3.1,203,66.0,0.0,0.0,9.9,7,2019,23.5
181,17.1,30.2,2019-07-03,1.2,20190703,3,5.3,203,70.0,0.0,0.0,6.9,7,2019,23.5
182,16.5,33.1,2019-07-04,1.6,20190704,4,2.5,203,58.9,0.0,0.0,11.8,7,2019,24.7
183,16.5,36.0,2019-07-05,1.2,20190705,5,6.0,203,62.8,2.2,0.0,11.2,7,2019,25.3
184,18.8,34.4,2019-07-06,1.5,20190706,6,2.6,203,62.5,0.0,0.0,11.6,7,2019,26.3
185,18.6,31.8,2019-07-07,1.8,20190707,7,7.3,203,55.8,0.0,0.0,8.4,7,2019,24.2
186,17.8,30.2,2019-07-08,1.7,20190708,8,6.6,203,62.0,0.5,0.0,8.1,7,2019,22.8
187,15.6,30.3,2019-07-09,1.6,20190709,9,4.8,203,60.4,0.0,0.0,7.6,7,2019,22.7
188,17.2,26.3,2019-07-10,1.7,20190710,10,9.3,203,76.1,15.1,0.0,1.8,7,2019,20.9
189,18.4,27.3,2019-07-11,1.2,20190711,11,7.1,203,83.6,2.9,0.0,0.2,7,2019,22.2
190,19.4,28.1,2019-07-12,1.7,20190712,12,7.9,203,73.1,0.0,0.0,6.2,7,2019,23.2
191,20.3,28.7,2019-07-13,1.1,20190713,13,6.6,203,74.8,0.0,0.0,3.2,7,2019,23.9
192,19.2,31.5,2019-07-14,1.2,20190714,14,4.3,203,78.4,0.6,0.0,6.8,7,2019,24.4
193,20.2,27.2,2019-07-15,0.9,20190715,15,7.9,203,90.4,14.5,0.0,1.5,7,2019,23.0
194,20.3,31.2,2019-07-16,1.0,20190716,16,7.0,203,80.0,0.0,0.0,5.0,7,2019,24.8
195,22.2,30.9,2019-07-17,0.9,20190717,17,8.8,203,78.0,0.1,0.0,3.0,7,2019,26.0
196,22.2,31.9,2019-07-18,1.3,20190718,18,6.9,203,71.4,0.1,0.0,10.3,7,2019,26.8
197,21.4,34.2,2019-07-19,1.5,20190719,19,7.1,203,81.6,2.7,0.0,7.9,7,2019,26.3
198,23.6,30.1,2019-07-20,2.1,20190720,20,9.8,203,85.0,2.7,0.0,0.4,7,2019,26.0
199,23.5,27.4,2019-07-21,1.8,20190721,21,7.8,203,94.1,17.6,0.0,0.7,7,2019,24.9
200,24.3,32.0,2019-07-22,1.5,20190722,22,7.0,203,80.5,0.1,0.0,5.8,7,2019,27.0
201,24.0,33.6,2019-07-23,1.0,20190723,23,7.6,203,76.5,0.0,0.0,5.3,7,2019,28.2
202,24.9,28.5,2019-07-24,0.8,20190724,24,9.0,203,87.8,0.6,0.0,0.0,7,2019,26.3
203,24.6,28.8,2019-07-25,1.0,20190725,25,9.3,203,96.5,35.6,0.0,0.4,7,2019,25.9
204,24.2,27.7,2019-07-26,1.1,20190726,26,9.6,203,99.1,63.8,0.0,0.1,7,2019,25.6
205,24.4,33.9,2019-07-27,1.2,20190727,27,7.3,203,86.5,40.1,0.0,5.0,7,2019,27.9
206,24.4,27.1,2019-07-28,1.3,20190728,28,9.9,203,99.6,14.9,0.0,0.0,7,2019,25.6
207,24.0,31.8,2019-07-29,1.2,20190729,29,6.5,203,84.8,0.0,0.0,4.9,7,2019,27.2
208,23.8,31.3,2019-07-30,1.5,20190730,30,6.6,203,84.9,0.0,0.0,3.1,7,2019,27.6
209,24.7,29.4,2019-07-31,1.7,20190731,31,8.1,203,93.9,42.5,0.0,0.8,7,2019,26.7
210,23.9,33.2,2019-08-01,1.2,20190801,1,6.6,203,87.0,24.8,0.0,6.6,8,2019,27.6
211,23.3,34.7,2019-08-02,0.8,20190802,2,2.8,203,78.9,0.0,0.0,11.2,8,2019,28.9
212,24.2,36.1,2019-08-03,0.8,20190803,3,5.4,203,83.3,0.0,0.0,9.4,8,2019,28.7
213,23.5,35.1,2019-08-04,0.9,20190804,4,4.8,203,79.5,0.0,0.0,9.8,8,2019,28.8
214,23.9,37.3,2019-08-05,0.6,20190805,5,3.0,203,77.9,0.0,0.0,11.2,8,2019,29.7
215,23.7,35.5,2019-08-06,1.0,20190806,6,7.0,203,75.1,0.8,0.0,7.0,8,2019,28.7
216,22.7,33.4,2019-08-07,1.2,20190807,7,7.0,203,94.3,20.4,0.0,4.9,8,2019,26.0
217,23.5,33.1,2019-08-08,1.1,20190808,8,6.3,203,87.8,0.0,0.0,5.7,8,2019,26.7
218,23.0,34.6,2019-08-09,0.9,20190809,9,5.3,203,82.5,0.0,0.0,8.8,8,2019,27.8
219,24.2,36.0,2019-08-10,1.6,20190810,10,4.4,203,72.4,0.0,0.0,11.4,8,2019,29.3
220,22.7,34.1,2019-08-11,2.7,20190811,11,6.6,203,64.0,0.0,0.0,9.9,8,2019,28.9
221,24.3,32.3,2019-08-12,1.1,20190812,12,8.6,203,95.5,20.1,0.0,1.1,8,2019,26.3
222,23.4,35.5,2019-08-13,0.7,20190813,13,6.0,203,81.5,0.0,0.0,10.7,8,2019,29.2
223,24.3,36.4,2019-08-14,1.3,20190814,14,4.6,203,73.8,0.0,0.0,10.4,8,2019,29.3
224,23.2,26.8,2019-08-15,1.3,20190815,15,8.8,203,93.3,13.1,0.0,0.0,8,2019,24.6
225,22.1,30.6,2019-08-16,1.7,20190816,16,4.5,203,85.1,0.0,0.0,7.0,8,2019,25.4
226,20.9,29.3,2019-08-17,1.8,20190817,17,3.8,203,88.0,3.9,0.0,6.6,8,2019,24.3
227,18.3,30.4,2019-08-18,1.0,20190818,18,3.4,203,76.6,0.0,0.0,8.9,8,2019,23.7
228,18.0,31.8,2019-08-19,0.7,20190819,19,3.5,203,79.1,0.0,0.0,9.9,8,2019,24.4
229,19.6,32.5,2019-08-20,1.0,20190820,20,2.0,203,75.1,0.0,0.0,11.2,8,2019,25.7
230,20.2,31.9,2019-08-21,0.7,20190821,21,8.3,203,80.3,0.0,0.0,4.0,8,2019,25.6
231,23.1,32.3,2019-08-22,1.3,20190822,22,6.1,203,73.4,0.0,0.0,6.1,8,2019,26.4
232,21.8,30.7,2019-08-23,1.9,20190823,23,5.8,203,67.0,0.0,0.0,9.3,8,2019,25.5
233,18.4,25.5,2019-08-24,0.8,20190824,24,7.0,203,87.0,0.0,0.0,1.1,8,2019,21.6
234,16.5,30.4,2019-08-25,0.9,20190825,25,4.4,203,78.4,0.0,0.0,8.5,8,2019,23.0
235,17.5,32.1,2019-08-26,0.8,20190826,26,4.3,203,76.6,0.0,0.0,8.9,8,2019,24.2
236,21.0,29.1,2019-08-27,1.0,20190827,27,8.0,203,84.8,4.3,0.0,4.7,8,2019,23.7
237,21.0,30.2,2019-08-28,1.1,20190828,28,5.9,203,79.8,0.1,0.0,6.8,8,2019,24.2
238,18.1,26.6,2019-08-29,1.5,20190829,29,6.6,203,87.6,7.0,0.0,2.8,8,2019,22.0
239,16.6,28.1,2019-08-30,1.6,20190830,30,5.3,203,76.3,0.0,0.0,10.1,8,2019,21.8
240,15.8,28.5,2019-08-31,1.4,20190831,31,4.4,203,74.4,0.0,0.0,9.6,8,2019,22.2
241,15.5,27.3,2019-09-01,0.6,20190901,1,7.6,203,81.0,0.0,0.0,4.6,9,2019,21.6
242,17.2,29.6,2019-09-02,0.6,20190902,2,6.8,203,74.8,0.0,0.0,5.9,9,2019,23.1
243,19.8,25.2,2019-09-03,1.1,20190903,3,10.0,203,85.8,0.0,0.0,0.0,9,2019,21.9
244,19.8,26.3,2019-09-04,0.9,20190904,4,9.8,203,95.3,52.1,0.0,0.0,9,2019,22.0
245,20.7,27.2,2019-09-05,0.6,20190905,5,9.5,203,97.1,33.7,0.0,0.5,9,2019,22.4
246,20.6,29.5,2019-09-06,0.6,20190906,6,10.0,203,92.4,1.0,0.0,1.3,9,2019,24.5
247,21.4,31.2,2019-09-07,4.6,20190907,7,7.8,203,76.5,2.0,0.0,0.9,9,2019,26.1
248,21.4,28.2,2019-09-08,1.0,20190908,8,9.3,203,87.0,0.3,0.0,0.5,9,2019,24.1
249,22.0,26.3,2019-09-09,0.6,20190909,9,9.9,203,93.8,2.8,0.0,0.0,9,2019,23.6
250,22.0,30.4,2019-09-10,1.0,20190910,10,7.1,203,92.6,57.6,0.0,2.9,9,2019,24.5
251,20.1,27.9,2019-09-11,1.3,20190911,11,7.8,203,88.8,27.6,0.0,0.2,9,2019,22.9
252,17.8,22.5,2019-09-12,1.0,20190912,12,8.5,203,83.4,0.0,0.0,0.0,9,2019,20.0
253,15.1,29.2,2019-09-13,0.9,20190913,13,2.5,203,75.4,0.0,0.0,10.6,9,2019,21.4
254,17.4,24.8,2019-09-14,0.6,20190914,14,8.8,203,88.5,0.2,0.0,0.6,9,2019,21.0
255,17.7,31.3,2019-09-15,0.9,20190915,15,5.5,203,78.9,0.0,0.0,9.9,9,2019,23.2
256,16.6,29.9,2019-09-16,1.0,20190916,16,4.4,203,66.6,0.0,0.0,9.5,9,2019,22.5
257,12.0,29.2,2019-09-17,0.7,20190917,17,5.4,203,66.3,0.0,0.0,9.7,9,2019,20.6
258,13.7,28.1,2019-09-18,1.2,20190918,18,0.9,203,61.5,0.0,0.0,10.3,9,2019,20.8
259,10.3,26.4,2019-09-19,0.8,20190919,19,4.0,203,68.8,0.0,0.0,9.8,9,2019,18.2
260,13.3,22.7,2019-09-20,0.7,20190920,20,9.1,203,79.8,0.0,0.0,0.1,9,2019,18.0
261,14.9,20.2,2019-09-21,0.9,20190921,21,9.9,203,87.4,25.2,0.0,0.0,9,2019,16.9
262,14.3,18.0,2019-09-22,1.7,20190922,22,10.0,203,92.6,38.6,0.0,0.0,9,2019,15.8
263,12.4,23.2,2019-09-23,1.4,20190923,23,5.9,203,71.4,0.0,0.0,2.9,9,2019,17.5
264,10.9,25.2,2019-09-24,0.8,20190924,24,4.9,203,82.5,0.0,0.0,5.5,9,2019,15.8
265,11.5,25.5,2019-09-25,0.5,20190925,25,7.4,203,85.5,0.0,0.0,4.8,9,2019,17.2
266,14.5,26.9,2019-09-26,0.5,20190926,26,8.3,203,85.8,0.0,0.0,5.5,9,2019,19.2
267,13.8,26.9,2019-09-27,0.5,20190927,27,9.0,203,77.4,0.0,0.0,4.2,9,2019,19.8
268,16.7,29.4,2019-09-28,0.5,20190928,28,3.6,203,82.9,0.0,0.0,6.4,9,2019,21.3
269,15.1,29.6,2019-09-29,0.7,20190929,29,1.9,203,81.4,0.0,0.0,6.3,9,2019,20.2
270,12.3,29.1,2019-09-30,0.6,20190930,30,3.6,203,81.6,0.0,0.0,7.6,9,2019,18.8
271,14.6,26.9,2019-10-01,0.5,20191001,1,7.4,203,87.3,0.0,0.0,2.0,10,2019,20.4
272,19.5,21.8,2019-10-02,1.2,20191002,2,10.0,203,99.4,37.5,0.0,0.0,10,2019,20.3
273,17.1,28.6,2019-10-03,1.7,20191003,3,6.1,203,84.1,28.4,0.0,4.5,10,2019,21.3
274,14.8,27.5,2019-10-04,0.9,20191004,4,4.9,203,87.9,0.0,0.0,5.9,10,2019,20.2
275,13.4,23.2,2019-10-05,1.9,20191005,5,7.9,203,80.4,0.0,0.0,2.1,10,2019,18.2
276,11.1,22.7,2019-10-06,1.6,20191006,6,5.4,203,70.0,0.0,0.0,8.3,10,2019,16.3
277,12.9,15.0,2019-10-07,0.8,20191007,7,7.6,203,96.8,11.9,0.0,0.0,10,2019,14.1
278,9.7,21.7,2019-10-08,1.5,20191008,8,3.7,203,69.3,0.0,0.0,9.3,10,2019,14.4
279,3.6,21.0,2019-10-09,0.9,20191009,9,1.1,203,70.5,0.0,0.0,3.2,10,2019,11.4
280,7.5,18.5,2019-10-10,0.5,20191010,10,8.6,203,84.1,0.0,0.0,0.5,10,2019,12.2
281,9.4,25.9,2019-10-11,1.0,20191011,11,3.0,203,74.6,0.0,0.0,8.5,10,2019,16.7
282,11.3,23.9,2019-10-12,2.2,20191012,12,1.8,203,61.5,0.0,0.0,9.0,10,2019,17.0
283,8.9,23.1,2019-10-13,0.8,20191013,13,3.6,203,73.5,0.0,0.0,9.6,10,2019,15.2
284,7.4,21.0,2019-10-14,1.0,20191014,14,3.5,203,76.1,0.0,0.0,6.7,10,2019,13.2
285,7.5,20.9,2019-10-15,0.8,20191015,15,4.0,203,74.0,0.0,0.0,8.1,10,2019,13.1
286,5.8,19.9,2019-10-16,0.6,20191016,16,8.3,203,84.1,0.0,0.0,4.0,10,2019,11.8
287,7.0,21.6,2019-10-17,0.6,20191017,17,6.9,203,84.5,0.0,0.0,3.8,10,2019,12.3
288,7.4,22.4,2019-10-18,0.9,20191018,18,5.6,203,81.1,0.0,0.0,4.0,10,2019,13.9
289,8.5,23.6,2019-10-19,0.8,20191019,19,0.8,203,78.4,0.0,0.0,9.2,10,2019,14.6
290,8.2,22.1,2019-10-20,0.5,20191020,20,5.0,203,86.5,0.0,0.0,4.5,10,2019,12.9
291,7.0,24.3,2019-10-21,0.5,20191021,21,4.6,203,81.1,0.0,0.0,3.1,10,2019,13.5
292,7.3,23.5,2019-10-22,0.5,20191022,22,3.0,203,78.0,0.0,0.0,8.9,10,2019,14.6
293,9.1,19.8,2019-10-23,0.4,20191023,23,8.8,203,84.5,0.0,0.0,0.3,10,2019,13.8
294,12.5,24.2,2019-10-24,1.4,20191024,24,5.9,203,62.0,0.0,0.0,6.6,10,2019,17.2
295,9.6,23.7,2019-10-25,1.4,20191025,25,6.0,203,67.5,0.0,0.0,6.9,10,2019,16.1
296,4.2,15.8,2019-10-26,1.7,20191026,26,3.8,203,68.0,0.0,0.0,7.8,10,2019,10.0
297,1.8,17.4,2019-10-27,0.8,20191027,27,2.5,203,81.1,0.0,0.0,2.7,10,2019,7.7
298,1.1,17.5,2019-10-28,1.3,20191028,28,6.8,203,74.8,0.0,0.0,2.7,10,2019,10.2
299,6.4,18.7,2019-10-29,1.4,20191029,29,3.0,203,77.6,1.8,0.0,5.4,10,2019,11.7
300,-0.1,17.5,2019-10-30,1.0,20191030,30,1.1,203,78.3,0.0,0.0,3.1,10,2019,8.3
301,2.2,19.5,2019-10-31,1.1,20191031,31,6.1,203,82.9,0.0,0.0,7.5,10,2019,11.3
302,7.3,21.0,2019-11-01,0.8,20191101,1,4.5,203,81.4,0.0,0.0,6.1,11,2019,12.4
303,3.5,17.8,2019-11-02,0.5,20191102,2,8.5,203,87.4,0.0,0.0,3.0,11,2019,10.9
304,8.2,21.7,2019-11-03,0.9,20191103,3,5.8,203,80.6,0.0,0.0,4.5,11,2019,12.2
305,5.0,19.0,2019-11-04,0.8,20191104,4,1.1,203,75.8,0.0,0.0,8.7,11,2019,10.4
306,1.9,17.7,2019-11-05,0.9,20191105,5,5.6,203,80.0,0.0,0.0,5.3,11,2019,8.5
307,1.3,15.7,2019-11-06,0.8,20191106,6,6.8,203,78.1,0.0,0.0,5.2,11,2019,8.2
308,0.7,16.5,2019-11-07,1.3,20191107,7,2.3,203,64.1,0.0,0.0,8.6,11,2019,7.7
309,-3.0,14.5,2019-11-08,0.8,20191108,8,0.0,203,57.5,0.0,0.0,8.7,11,2019,4.7
310,-2.7,16.1,2019-11-09,0.7,20191109,9,0.0,203,64.1,0.0,0.0,8.7,11,2019,5.6
311,-0.6,14.2,2019-11-10,0.8,20191110,10,6.6,203,80.8,10.7,0.0,2.3,11,2019,5.7
312,5.5,15.7,2019-11-11,1.2,20191111,11,3.4,203,84.5,0.9,0.0,3.8,11,2019,9.3
313,0.0,12.5,2019-11-12,0.7,20191112,12,5.9,203,92.6,0.0,0.0,2.1,11,2019,5.2
314,1.1,11.0,2019-11-13,1.1,20191113,13,8.4,203,90.0,3.4,0.0,0.0,11,2019,5.1
315,-3.2,6.4,2019-11-14,1.8,20191114,14,0.6,203,42.3,0.0,0.0,8.9,11,2019,1.1
316,-4.1,5.7,2019-11-15,0.9,20191115,15,8.3,203,90.6,7.1,0.0,0.4,11,2019,2.8
317,1.7,14.2,2019-11-16,0.6,20191116,16,3.3,203,92.4,0.0,0.0,4.0,11,2019,6.8
318,1.3,9.5,2019-11-17,0.8,20191117,17,10.0,203,99.3,49.7,0.0,0.0,11,2019,6.2
319,0.5,12.8,2019-11-18,2.9,20191118,18,6.6,203,62.5,9.6,0.0,5.3,11,2019,6.0
320,-2.7,5.8,2019-11-19,1.7,20191119,19,1.4,203,54.4,0.0,0.0,8.8,11,2019,0.9
321,-6.3,8.3,2019-11-20,0.9,20191120,20,0.3,203,54.5,0.0,0.0,8.8,11,2019,0.2
322,-5.6,8.2,2019-11-21,0.7,20191121,21,5.9,203,59.9,0.0,0.0,5.7,11,2019,2.0
323,-0.4,17.0,2019-11-22,0.7,20191122,22,3.6,203,60.8,0.0,0.0,8.6,11,2019,6.8
324,0.0,15.2,2019-11-23,0.6,20191123,23,7.1,203,75.9,0.0,0.0,6.8,11,2019,7.5
325,2.7,17.2,2019-11-24,1.3,20191124,24,7.1,203,81.3,1.1,0.0,4.5,11,2019,9.4
326,-1.0,6.6,2019-11-25,1.5,20191125,25,6.9,203,71.1,0.0,0.0,1.7,11,2019,2.6
327,-3.8,13.9,2019-11-26,0.8,20191126,26,1.5,203,74.5,0.0,0.0,7.4,11,2019,5.3
328,-0.9,9.0,2019-11-27,1.7,20191127,27,6.9,203,53.4,0.0,0.0,8.1,11,2019,4.0
329,-3.1,11.6,2019-11-28,0.8,20191128,28,2.1,203,65.4,0.0,0.0,7.6,11,2019,3.3
330,-5.6,9.0,2019-11-29,0.9,20191129,29,2.9,203,62.0,0.0,0.0,7.7,11,2019,1.6
331,-4.4,12.3,2019-11-30,0.8,20191130,30,7.5,203,59.4,0.0,0.0,6.9,11,2019,3.4
332,2.7,5.5,2019-12-01,0.4,20191201,1,8.1,203,86.3,4.8,0.0,0.0,12,2019,4.3
333,-2.8,5.8,2019-12-02,2.1,20191202,2,1.1,203,53.6,0.0,0.0,8.5,12,2019,1.5
334,-6.9,1.9,2019-12-03,0.5,20191203,3,5.6,203,88.9,0.8,0.0,3.1,12,2019,-1.5
335,-3.1,7.3,2019-12-04,0.9,20191204,4,4.0,203,79.1,1.0,0.0,3.9,12,2019,1.9
336,-7.3,2.5,2019-12-05,1.8,20191205,5,0.1,203,39.0,0.0,0.0,8.7,12,2019,-2.2
337,-12.2,0.6,2019-12-06,0.9,20191206,6,0.0,203,47.4,0.0,0.0,8.7,12,2019,-5.5
338,-9.4,-1.5,2019-12-07,0.6,20191207,7,3.5,203,78.5,0.0,0.0,0.0,12,2019,-5.0
339,-8.8,4.0,2019-12-08,0.4,20191208,8,2.6,203,85.6,0.0,0.0,6.5,12,2019,-3.7
340,-6.7,4.5,2019-12-09,0.4,20191209,9,5.1,203,81.9,0.0,0.0,2.0,12,2019,-1.1
341,-1.8,10.3,2019-12-10,0.3,20191210,10,7.8,203,90.3,0.1,0.0,0.7,12,2019,3.8
342,0.5,9.5,2019-12-11,1.9,20191211,11,5.0,203,76.6,0.4,0.0,2.0,12,2019,3.7
343,-4.3,4.8,2019-12-12,1.3,20191212,12,0.1,203,50.4,0.0,0.0,8.6,12,2019,-0.2
344,-7.5,5.9,2019-12-13,0.7,20191213,13,3.9,203,64.1,0.0,0.0,7.5,12,2019,-0.2
345,-1.0,7.3,2019-12-14,1.0,20191214,14,4.8,203,75.8,2.3,0.0,8.0,12,2019,1.9
346,-4.0,10.8,2019-12-15,0.4,20191215,15,4.0,203,80.8,0.0,0.0,7.3,12,2019,2.3
347,-2.4,12.7,2019-12-16,0.3,20191216,16,3.3,203,81.8,0.0,0.0,7.2,12,2019,4.7
348,4.4,9.1,2019-12-17,0.7,20191217,17,8.6,203,94.9,3.6,0.0,0.0,12,2019,6.3
349,-0.1,5.2,2019-12-18,1.4,20191218,18,6.9,203,80.4,0.0,0.0,2.5,12,2019,1.9
350,-2.9,5.2,2019-12-19,1.4,20191219,19,2.6,203,55.1,0.0,0.0,8.2,12,2019,0.2
351,-4.1,4.6,2019-12-20,1.2,20191220,20,1.8,203,58.8,0.0,0.0,8.0,12,2019,-0.6
352,-7.9,1.3,2019-12-21,0.6,20191221,21,6.7,203,81.9,0.0,0.0,1.9,12,2019,-2.8
353,-2.1,7.5,2019-12-22,0.5,20191222,22,6.6,203,82.4,0.0,0.0,3.7,12,2019,1.6
354,-1.1,6.5,2019-12-23,0.7,20191223,23,6.4,203,90.1,1.7,0.0,0.4,12,2019,2.1
355,-4.6,-0.3,2019-12-24,0.6,20191224,24,7.9,203,100.0,0.0,0.0,0.0,12,2019,-2.3
356,-4.0,4.5,2019-12-25,0.5,20191225,25,8.9,203,92.5,0.0,0.0,1.7,12,2019,-0.8
357,-0.9,3.1,2019-12-26,0.9,20191226,26,6.1,203,87.0,2.2,0.0,0.0,12,2019,0.9
358,-5.9,4.1,2019-12-27,1.4,20191227,27,0.0,203,60.8,0.0,0.0,8.3,12,2019,-1.5
359,-7.6,5.1,2019-12-28,0.6,20191228,28,0.3,203,76.1,0.0,0.0,6.8,12,2019,-2.1
360,-4.5,3.9,2019-12-29,0.2,20191229,29,8.6,203,88.8,1.3,0.0,0.0,12,2019,0.1
361,-3.7,6.5,2019-12-30,1.5,20191230,30,6.0,203,85.8,0.8,0.0,0.0,12,2019,2.5
362,-9.5,-2.7,2019-12-31,1.9,20191231,31,1.1,203,49.5,0.0,0.0,8.6,12,2019,-6.6
