,rainfall,tmin,wind,snow,sunshine,humid,year,Date,tmax,date,tavg,cloud,month,day,station_id
0,0.0,-17.0,0.9,0.0,6.7,56.4,2010,2010-01-01,-3.9,20100101,-9.1,4.4,1,1,203
1,0.8,-6.7,1.0,1.0,0.0,74.1,2010,2010-01-02,0.4,20100102,-3.4,5.9,1,2,203
2,0.0,-11.9,1.2,0.0,8.2,52.3,2010,2010-01-03,-1.2,20100103,-5.9,2.6,1,3,203
3,17.8,-7.9,1.9,23.0,0.0,80.9,2010,2010-01-04,-2.4,20100104,-5.3,8.4,1,4,203
4,0.0,-14.4,1.8,0.0,5.8,63.8,2010,2010-01-05,-4.7,20100105,-9.1,2.5,1,5,203
5,0.0,-22.8,0.9,0.0,7.6,68.8,2010,2010-01-06,-6.7,20100106,-14.0,0.3,1,6,203
6,0.0,-21.2,0.8,0.0,8.6,70.6,2010,2010-01-07,-7.2,20100107,-14.8,0.0,1,7,203
7,0.0,-20.9,0.5,0.0,7.7,74.8,2010,2010-01-08,-3.9,20100108,-13.3,0.3,1,8,203
8,0.2,-17.3,0.4,0.2,0.0,78.5,2010,2010-01-09,-5.0,20100109,-10.2,6.3,1,9,203
9,0.0,-10.4,0.5,0.0,3.4,78.3,2010,2010-01-10,0.2,20100110,-5.7,6.0,1,10,203
10,0.0,-11.8,0.7,0.0,0.1,80.5,2010,2010-01-11,-2.4,20100111,-7.0,7.6,1,11,203
11,0.0,-12.3,1.7,0.0,7.4,54.3,2010,2010-01-12,-4.8,20100112,-9.2,1.4,1,12,203
12,0.0,-16.9,1.6,0.0,8.8,47.6,2010,2010-01-13,-6.5,20100113,-12.3,0.0,1,13,203
13,0.0,-21.6,0.8,0.0,7.6,59.6,2010,2010-01-14,-4.9,20100114,-12.6,3.9,1,14,203
14,0.3,-12.8,1.0,0.5,6.2,60.9,2010,2010-01-15,1.0,20100115,-6.4,3.6,1,15,203
15,0.0,-16.5,0.8,0.0,7.2,69.8,2010,2010-01-16,-0.8,20100116,-9.0,0.5,1,16,203
16,0.0,-16.4,0.6,0.0,8.2,65.6,2010,2010-01-17,1.1,20100117,-8.7,0.4,1,17,203
17,0.0,-12.7,0.6,0.0,0.0,70.9,2010,2010-01-18,0.2,20100118,-5.5,6.8,1,18,203
18,0.1,-10.2,0.6,0.0,4.7,75.3,2010,2010-01-19,6.0,20100119,-1.3,7.4,1,19,203
19,10.0,1.2,0.4,0.0,0.0,90.4,2010,2010-01-20,5.2,20100120,3.1,10.0,1,20,203
20,2.5,-7.1,2.9,0.0,7.3,66.1,2010,2010-01-21,5.1,20100121,-1.9,3.6,1,21,203
21,0.0,-9.1,2.2,0.0,7.9,49.9,2010,2010-01-22,-1.5,20100122,-5.9,0.6,1,22,203
22,0.0,-11.4,1.5,0.0,8.8,53.5,2010,2010-01-23,0.4,20100123,-5.3,0.4,1,23,203
23,0.0,-7.3,1.2,0.0,4.3,68.8,2010,2010-01-24,4.6,20100124,-1.3,6.8,1,24,203
24,0.0,-7.1,2.7,0.0,7.0,50.0,2010,2010-01-25,2.5,20100125,-1.0,1.9,1,25,203
25,0.0,-11.7,1.1,0.0,8.6,54.5,2010,2010-01-26,2.3,20100126,-5.0,0.5,1,26,203
26,4.6,-8.5,0.7,0.8,4.3,76.9,2010,2010-01-27,1.9,20100127,-2.6,7.8,1,27,203
27,0.0,-3.3,2.5,0.0,5.9,58.8,2010,2010-01-28,4.7,20100128,1.1,3.9,1,28,203
28,0.0,-8.0,2.2,0.0,4.4,60.3,2010,2010-01-29,1.9,20100129,-2.4,4.1,1,29,203
29,0.0,-6.8,0.9,0.0,1.7,72.9,2010,2010-01-30,5.1,20100130,-0.9,5.3,1,30,203
30,0.0,-4.8,0.6,0.0,0.7,85.1,2010,2010-01-31,5.2,20100131,-1.4,6.1,1,31,203
31,0.0,-2.9,1.2,0.0,2.2,71.9,2010,2010-02-01,6.5,20100201,0.5,5.4,2,1,203
32,0.0,-7.2,2.4,0.0,9.3,30.4,2010,2010-02-02,-0.9,20100202,-4.4,0.9,2,2,203
33,0.0,-12.2,2.0,0.0,9.4,37.9,2010,2010-02-03,-3.7,20100203,-7.6,0.8,2,3,203
34,0.0,-11.7,1.8,0.0,8.1,59.3,2010,2010-02-04,0.4,20100204,-4.8,3.1,2,4,203
35,0.0,-8.2,2.1,0.0,9.4,33.5,2010,2010-02-05,0.4,20100205,-4.4,0.0,2,5,203
36,0.0,-12.6,1.2,0.0,9.5,43.3,2010,2010-02-06,2.4,20100206,-4.9,0.0,2,6,203
37,0.0,-11.5,0.7,0.0,6.3,49.1,2010,2010-02-07,5.9,20100207,-2.0,5.4,2,7,203
38,0.5,0.3,0.5,0.0,0.0,62.3,2010,2010-02-08,4.8,20100208,2.2,10.0,2,8,203
39,16.5,1.5,0.6,0.0,0.0,90.8,2010,2010-02-09,3.7,20100209,2.6,10.0,2,9,203
40,10.5,1.3,1.3,0.0,0.0,88.9,2010,2010-02-10,4.0,20100210,2.8,9.8,2,10,203
41,11.4,-0.4,2.8,7.3,0.0,80.8,2010,2010-02-11,2.7,20100211,0.7,9.8,2,11,203
42,0.5,-2.2,1.5,0.5,1.5,74.9,2010,2010-02-12,3.3,20100212,0.0,9.5,2,12,203
43,2.2,-5.7,2.2,3.1,6.5,66.8,2010,2010-02-13,1.1,20100213,-2.3,6.6,2,13,203
44,0.0,-6.8,0.7,0.0,0.0,69.4,2010,2010-02-14,0.6,20100214,-3.3,7.9,2,14,203
45,0.0,-8.3,1.4,0.0,4.1,57.0,2010,2010-02-15,2.0,20100215,-3.1,4.0,2,15,203
46,0.0,-7.6,1.8,0.0,9.4,51.1,2010,2010-02-16,1.6,20100216,-3.8,1.9,2,16,203
47,0.0,-9.6,1.0,0.0,2.1,60.1,2010,2010-02-17,-0.2,20100217,-4.2,8.0,2,17,203
48,0.6,-5.7,2.5,1.4,7.8,51.1,2010,2010-02-18,0.5,20100218,-2.4,3.9,2,18,203
49,0.0,-7.3,1.5,0.0,7.6,56.4,2010,2010-02-19,3.8,20100219,-2.3,2.5,2,19,203
50,0.0,-6.4,0.9,0.0,7.4,63.5,2010,2010-02-20,8.8,20100220,0.9,1.0,2,20,203
51,0.0,-5.2,0.7,0.0,8.8,65.6,2010,2010-02-21,10.4,20100221,2.2,2.0,2,21,203
52,0.0,-2.4,0.8,0.0,4.2,73.5,2010,2010-02-22,10.9,20100222,2.6,4.8,2,22,203
53,0.0,-4.3,0.6,0.0,6.6,65.0,2010,2010-02-23,15.4,20100223,3.4,2.5,2,23,203
54,0.0,-2.2,0.8,0.0,7.1,55.6,2010,2010-02-24,17.9,20100224,8.0,4.5,2,24,203
55,15.0,6.8,0.7,0.0,0.0,84.8,2010,2010-02-25,13.4,20100225,10.1,9.9,2,25,203
56,0.0,6.7,1.7,0.0,4.2,77.0,2010,2010-02-26,17.1,20100226,11.1,5.5,2,26,203
57,0.0,1.4,1.9,0.0,5.6,71.9,2010,2010-02-27,11.8,20100227,6.3,8.0,2,27,203
58,0.0,0.8,1.1,0.0,1.6,72.3,2010,2010-02-28,11.6,20100228,5.8,7.8,2,28,203
59,20.0,0.6,3.0,0.0,0.0,81.1,2010,2010-03-01,5.2,20100301,2.3,9.5,3,1,203
60,0.1,0.2,1.5,0.0,0.0,77.8,2010,2010-03-02,5.3,20100302,2.3,8.1,3,2,203
61,0.0,-3.6,1.7,0.0,6.4,65.1,2010,2010-03-03,10.3,20100303,3.5,6.1,3,3,203
62,1.0,2.9,1.8,0.0,0.0,74.0,2010,2010-03-04,6.0,20100304,4.5,9.9,3,4,203
63,0.5,3.9,0.9,0.0,0.0,81.3,2010,2010-03-05,8.7,20100305,5.9,10.0,3,5,203
64,0.0,3.4,1.8,0.0,1.9,67.1,2010,2010-03-06,10.7,20100306,5.9,9.3,3,6,203
65,0.0,1.2,1.9,0.0,1.1,52.8,2010,2010-03-07,8.0,20100307,4.3,7.6,3,7,203
66,0.0,-3.0,2.1,0.0,4.7,56.1,2010,2010-03-08,6.8,20100308,2.5,5.8,3,8,203
67,12.0,-2.4,1.4,9.8,1.8,68.5,2010,2010-03-09,5.4,20100309,1.7,10.0,3,9,203
68,3.1,-3.7,1.9,4.4,0.2,77.3,2010,2010-03-10,0.7,20100310,-1.3,9.1,3,10,203
69,0.0,-5.8,1.4,0.0,7.3,66.3,2010,2010-03-11,6.0,20100311,1.1,4.0,3,11,203
70,0.0,-0.7,2.5,0.0,2.7,70.3,2010,2010-03-12,11.0,20100312,4.8,7.4,3,12,203
71,0.0,-1.8,1.8,0.0,9.4,34.8,2010,2010-03-13,9.7,20100313,2.8,2.0,3,13,203
72,0.1,-3.0,1.2,0.0,3.1,58.3,2010,2010-03-14,13.1,20100314,5.8,5.9,3,14,203
73,15.5,2.8,2.0,0.0,0.5,79.1,2010,2010-03-15,12.4,20100315,7.6,8.8,3,15,203
74,0.0,-1.3,3.5,0.0,8.1,41.1,2010,2010-03-16,5.1,20100316,1.4,1.8,3,16,203
75,4.7,-5.1,1.3,5.8,4.9,62.5,2010,2010-03-17,5.3,20100317,-0.3,6.1,3,17,203
76,0.9,-2.9,2.1,1.9,9.7,59.9,2010,2010-03-18,6.2,20100318,0.5,2.3,3,18,203
77,0.0,-4.8,1.3,0.0,8.4,55.9,2010,2010-03-19,10.3,20100319,2.7,4.1,3,19,203
78,1.5,2.8,2.8,0.0,0.3,67.4,2010,2010-03-20,13.3,20100320,6.7,9.9,3,20,203
79,0.0,-0.6,3.5,0.0,9.4,41.9,2010,2010-03-21,8.4,20100321,3.0,1.1,3,21,203
80,14.5,-1.2,0.7,8.2,0.0,79.5,2010,2010-03-22,3.9,20100322,0.4,8.8,3,22,203
81,0.0,-0.4,0.6,0.0,4.4,79.1,2010,2010-03-23,10.3,20100323,4.1,8.6,3,23,203
82,0.0,-0.3,1.0,0.0,8.1,57.8,2010,2010-03-24,14.5,20100324,7.3,7.4,3,24,203
83,7.0,0.3,2.3,0.0,0.2,62.5,2010,2010-03-25,8.4,20100325,4.2,8.0,3,25,203
84,0.0,-3.0,3.3,0.0,8.4,42.1,2010,2010-03-26,7.4,20100326,2.5,4.1,3,26,203
85,0.0,1.8,2.4,0.0,0.0,69.4,2010,2010-03-27,8.0,20100327,5.3,9.8,3,27,203
86,0.0,0.8,2.4,0.0,10.4,46.1,2010,2010-03-28,11.2,20100328,5.1,1.6,3,28,203
87,0.0,-3.6,1.9,0.0,11.0,44.1,2010,2010-03-29,13.8,20100329,5.5,0.5,3,29,203
88,0.0,-1.9,1.1,0.0,4.1,53.9,2010,2010-03-30,14.2,20100330,7.0,6.5,3,30,203
89,19.0,5.1,0.8,0.0,0.0,86.3,2010,2010-03-31,8.9,20100331,7.1,10.0,3,31,203
90,5.5,3.6,1.3,0.0,0.0,79.9,2010,2010-04-01,9.9,20100401,7.6,8.1,4,1,203
91,0.0,-0.2,3.2,0.0,10.9,42.6,2010,2010-04-02,12.0,20100402,6.1,0.6,4,2,203
92,0.0,-0.7,2.3,0.0,11.4,35.6,2010,2010-04-03,12.1,20100403,5.1,0.0,4,3,203
93,0.0,-3.1,1.4,0.0,9.4,46.6,2010,2010-04-04,17.2,20100404,6.7,2.5,4,4,203
94,0.0,-0.3,1.2,0.0,9.0,55.1,2010,2010-04-05,18.4,20100405,10.1,4.4,4,5,203
95,0.0,4.9,2.8,0.0,3.0,54.3,2010,2010-04-06,13.8,20100406,9.0,6.5,4,6,203
96,0.0,-1.0,2.0,0.0,11.7,42.9,2010,2010-04-07,14.8,20100407,6.7,0.6,4,7,203
97,0.0,-2.0,1.4,0.0,11.4,46.6,2010,2010-04-08,18.5,20100408,8.0,0.0,4,8,203
98,0.0,1.1,1.3,0.0,10.5,45.1,2010,2010-04-09,19.9,20100409,11.0,1.9,4,9,203
99,0.0,5.3,1.3,0.0,0.0,64.5,2010,2010-04-10,14.2,20100410,9.9,9.6,4,10,203
100,0.0,4.8,2.1,0.0,4.3,51.4,2010,2010-04-11,19.0,20100411,12.7,7.9,4,11,203
101,4.0,9.5,2.2,0.0,2.1,52.9,2010,2010-04-12,18.2,20100412,13.0,9.1,4,12,203
102,1.5,2.5,4.6,0.0,5.4,51.3,2010,2010-04-13,10.1,20100413,5.1,5.8,4,13,203
103,0.0,-0.7,2.6,0.0,5.6,28.9,2010,2010-04-14,8.5,20100414,4.2,5.8,4,14,203
104,0.0,-3.0,1.6,0.0,10.5,33.3,2010,2010-04-15,13.9,20100415,6.1,3.4,4,15,203
105,0.0,-1.5,1.9,0.0,9.3,41.1,2010,2010-04-16,14.4,20100416,7.0,1.3,4,16,203
106,0.0,-1.3,1.6,0.0,7.2,53.6,2010,2010-04-17,14.8,20100417,7.6,4.0,4,17,203
107,0.0,2.5,1.5,0.0,0.1,54.0,2010,2010-04-18,18.6,20100418,10.9,8.9,4,18,203
108,0.0,9.8,1.3,0.0,0.0,52.1,2010,2010-04-19,21.0,20100419,14.9,7.9,4,19,203
109,0.0,8.1,1.4,0.0,3.9,62.3,2010,2010-04-20,24.9,20100420,16.4,7.1,4,20,203
110,8.5,8.7,2.5,0.0,1.2,63.0,2010,2010-04-21,20.4,20100421,14.0,9.1,4,21,203
111,4.0,7.8,1.7,0.0,0.0,69.3,2010,2010-04-22,12.7,20100422,10.2,10.0,4,22,203
112,4.5,5.7,1.8,0.0,2.8,75.8,2010,2010-04-23,15.9,20100423,8.3,8.3,4,23,203
113,0.0,4.8,1.5,0.0,6.9,60.6,2010,2010-04-24,18.1,20100424,9.6,4.4,4,24,203
114,0.0,1.4,1.3,0.0,10.5,41.8,2010,2010-04-25,21.8,20100425,12.5,3.3,4,25,203
115,28.0,8.2,1.5,0.0,0.6,69.3,2010,2010-04-26,18.8,20100426,11.6,9.8,4,26,203
116,4.0,4.6,4.3,0.0,2.6,72.4,2010,2010-04-27,12.6,20100427,8.6,7.6,4,27,203
117,9.5,1.2,2.9,0.0,0.0,78.5,2010,2010-04-28,7.5,20100428,4.5,8.4,4,28,203
118,0.5,4.0,4.0,0.0,10.3,57.5,2010,2010-04-29,14.0,20100429,9.1,4.0,4,29,203
119,0.0,5.1,3.1,0.0,8.8,57.8,2010,2010-04-30,16.2,20100430,10.3,3.9,4,30,203
120,0.0,2.0,1.8,0.0,11.9,53.1,2010,2010-05-01,20.0,20100501,11.6,0.5,5,1,203
121,0.0,4.7,1.4,0.0,12.2,48.1,2010,2010-05-02,26.3,20100502,16.2,0.0,5,2,203
122,0.0,11.2,2.2,0.0,2.7,67.8,2010,2010-05-03,25.2,20100503,19.5,8.0,5,3,203
123,0.0,15.4,1.5,0.0,3.0,62.8,2010,2010-05-04,27.3,20100504,20.9,7.0,5,4,203
124,0.0,12.3,1.7,0.0,4.2,54.3,2010,2010-05-05,28.2,20100505,20.9,8.1,5,5,203
125,8.0,9.6,3.4,0.0,0.3,75.6,2010,2010-05-06,22.3,20100506,15.1,8.3,5,6,203
126,0.0,8.0,2.7,0.0,12.5,48.0,2010,2010-05-07,22.8,20100507,15.4,0.1,5,7,203
127,0.0,7.3,1.6,0.0,11.9,51.3,2010,2010-05-08,25.0,20100508,16.6,3.5,5,8,203
128,0.0,10.6,1.2,0.0,5.8,46.9,2010,2010-05-09,27.5,20100509,18.9,6.8,5,9,203
129,0.0,12.7,2.1,0.0,8.4,43.5,2010,2010-05-10,23.1,20100510,17.6,4.6,5,10,203
130,0.0,7.4,1.8,0.0,4.8,56.5,2010,2010-05-11,19.2,20100511,13.5,4.0,5,11,203
131,0.0,6.5,1.9,0.0,9.5,60.5,2010,2010-05-12,21.7,20100512,14.0,2.3,5,12,203
132,0.0,7.1,1.1,0.0,8.3,57.5,2010,2010-05-13,22.9,20100513,14.9,1.6,5,13,203
133,0.0,7.9,1.2,0.0,12.5,46.9,2010,2010-05-14,25.0,20100514,17.2,0.5,5,14,203
134,0.0,10.4,1.6,0.0,3.8,52.6,2010,2010-05-15,22.9,20100515,16.1,5.3,5,15,203
135,0.0,7.8,1.4,0.0,11.4,50.5,2010,2010-05-16,26.7,20100516,17.5,3.4,5,16,203
136,3.0,10.4,1.6,0.0,9.4,53.0,2010,2010-05-17,29.3,20100517,20.1,6.5,5,17,203
137,52.5,15.2,1.2,0.0,0.0,90.0,2010,2010-05-18,19.1,20100518,17.6,10.0,5,18,203
138,2.5,16.3,2.0,0.0,7.9,73.4,2010,2010-05-19,24.2,20100519,19.1,5.8,5,19,203
139,0.0,13.8,1.9,0.0,9.9,61.1,2010,2010-05-20,28.4,20100520,20.8,2.0,5,20,203
140,0.0,13.8,1.1,0.0,9.4,57.3,2010,2010-05-21,31.9,20100521,22.0,3.4,5,21,203
141,6.5,15.1,1.3,0.0,0.0,67.4,2010,2010-05-22,25.9,20100522,19.3,9.9,5,22,203
142,20.0,14.5,2.0,0.0,0.0,81.5,2010,2010-05-23,17.9,20100523,15.9,10.0,5,23,203
143,7.5,12.4,2.1,0.0,0.0,86.4,2010,2010-05-24,15.3,20100524,13.7,10.0,5,24,203
144,0.5,13.2,1.3,0.0,0.2,84.0,2010,2010-05-25,17.8,20100525,14.8,9.6,5,25,203
145,0.5,11.9,2.4,0.0,7.8,62.5,2010,2010-05-26,21.1,20100526,16.6,4.8,5,26,203
146,0.0,8.4,1.4,0.0,12.5,56.1,2010,2010-05-27,25.2,20100527,17.2,4.0,5,27,203
147,0.0,11.5,1.1,0.0,0.4,67.6,2010,2010-05-28,21.7,20100528,16.8,9.1,5,28,203
148,0.0,14.1,1.2,0.0,7.6,58.9,2010,2010-05-29,25.5,20100529,19.4,6.4,5,29,203
149,0.0,12.4,1.4,0.0,9.8,49.8,2010,2010-05-30,26.3,20100530,19.4,3.4,5,30,203
150,0.0,13.9,1.3,0.0,3.4,41.9,2010,2010-05-31,23.1,20100531,17.8,8.3,5,31,203
151,0.0,8.1,1.2,0.0,13.0,47.3,2010,2010-06-01,25.8,20100601,17.9,1.1,6,1,203
152,0.0,11.3,1.0,0.0,12.9,54.4,2010,2010-06-02,27.2,20100602,20.3,0.4,6,2,203
153,0.0,13.6,1.4,0.0,11.5,57.6,2010,2010-06-03,29.1,20100603,21.4,0.4,6,3,203
154,0.0,14.0,1.4,0.0,12.6,53.4,2010,2010-06-04,30.1,20100604,22.1,0.3,6,4,203
155,0.0,14.3,1.2,0.0,10.1,55.0,2010,2010-06-05,31.3,20100605,22.8,4.1,6,5,203
156,0.0,15.9,1.1,0.0,9.2,62.4,2010,2010-06-06,32.1,20100606,22.3,5.4,6,6,203
157,0.0,16.1,1.1,0.0,10.3,58.8,2010,2010-06-07,31.3,20100607,22.9,5.0,6,7,203
158,0.0,13.7,1.1,0.0,13.0,49.0,2010,2010-06-08,31.3,20100608,23.2,0.3,6,8,203
159,0.0,15.7,0.9,0.0,12.8,51.4,2010,2010-06-09,32.6,20100609,24.3,0.0,6,9,203
160,0.0,17.8,0.8,0.0,8.5,56.5,2010,2010-06-10,32.1,20100610,24.5,5.5,6,10,203
161,0.0,17.0,1.4,0.0,7.1,52.4,2010,2010-06-11,30.5,20100611,24.1,7.1,6,11,203
162,29.0,17.6,1.6,0.0,0.0,83.4,2010,2010-06-12,22.5,20100612,18.8,10.0,6,12,203
163,43.0,17.7,0.8,0.0,4.8,75.5,2010,2010-06-13,29.0,20100613,22.5,8.0,6,13,203
164,1.0,21.3,1.0,0.0,0.1,79.5,2010,2010-06-14,25.3,20100614,22.8,9.0,6,14,203
165,2.0,20.7,1.2,0.0,6.1,75.1,2010,2010-06-15,30.0,20100615,24.0,5.6,6,15,203
166,0.0,19.2,1.4,0.0,3.4,72.6,2010,2010-06-16,27.3,20100616,22.8,6.4,6,16,203
167,0.0,19.9,0.7,0.0,0.1,74.0,2010,2010-06-17,27.6,20100617,23.7,9.8,6,17,203
168,0.0,21.6,1.4,0.0,3.5,63.8,2010,2010-06-18,31.9,20100618,26.3,9.8,6,18,203
169,1.5,20.7,1.2,0.0,0.2,72.5,2010,2010-06-19,26.8,20100619,23.6,9.4,6,19,203
170,0.0,18.5,1.6,0.0,6.1,77.3,2010,2010-06-21,27.2,20100621,22.0,4.0,6,21,203
171,0.0,15.4,1.2,0.0,6.3,61.0,2010,2010-06-22,27.4,20100622,21.4,4.9,6,22,203
172,0.0,13.6,0.8,0.0,12.6,63.0,2010,2010-06-23,28.7,20100623,21.7,0.4,6,23,203
173,0.0,15.1,0.7,0.0,12.3,65.8,2010,2010-06-24,30.7,20100624,23.0,0.0,6,24,203
174,0.0,16.6,1.3,0.0,8.7,63.3,2010,2010-06-25,32.3,20100625,24.5,5.4,6,25,203
175,2.0,20.6,1.0,0.0,0.0,77.8,2010,2010-06-26,26.4,20100626,23.1,10.0,6,26,203
176,5.0,19.6,1.5,0.0,0.0,90.0,2010,2010-06-27,24.1,20100627,22.0,9.3,6,27,203
177,0.0,18.1,1.1,0.0,7.5,76.8,2010,2010-06-28,29.6,20100628,23.8,5.1,6,28,203
178,0.0,19.4,0.7,0.0,1.0,81.4,2010,2010-06-29,28.2,20100629,23.7,6.6,6,29,203
179,7.5,21.6,0.5,0.0,0.1,86.3,2010,2010-06-30,26.6,20100630,23.2,9.9,6,30,203
180,0.0,21.8,1.1,0.0,3.3,79.5,2010,2010-07-01,31.0,20100701,25.9,8.9,7,1,203
181,37.0,24.0,1.3,0.0,0.0,92.3,2010,2010-07-02,26.6,20100702,24.8,10.0,7,2,203
182,9.0,23.7,0.8,0.0,0.0,91.4,2010,2010-07-03,27.4,20100703,24.7,9.6,7,3,203
183,2.5,22.1,0.5,0.0,0.0,88.9,2010,2010-07-04,27.1,20100704,24.2,8.8,7,4,203
184,0.0,22.7,1.9,0.0,6.9,79.5,2010,2010-07-05,31.3,20100705,26.0,5.3,7,5,203
185,0.0,21.4,1.6,0.0,7.8,67.8,2010,2010-07-06,31.9,20100706,26.1,3.6,7,6,203
186,7.0,21.0,1.6,0.0,8.9,74.0,2010,2010-07-07,30.5,20100707,25.1,5.4,7,7,203
187,0.5,20.0,0.7,0.0,2.2,82.9,2010,2010-07-08,29.0,20100708,23.8,8.4,7,8,203
188,0.5,19.1,0.9,0.0,7.6,71.8,2010,2010-07-09,30.1,20100709,24.6,5.0,7,9,203
189,0.0,19.0,0.8,0.0,4.1,76.6,2010,2010-07-10,30.8,20100710,24.7,7.9,7,10,203
190,2.5,20.9,1.6,0.0,0.0,82.9,2010,2010-07-11,23.9,20100711,22.2,9.3,7,11,203
191,0.0,18.9,1.3,0.0,6.7,74.4,2010,2010-07-12,29.5,20100712,24.0,4.8,7,12,203
192,0.4,19.2,1.1,0.0,11.5,73.9,2010,2010-07-13,31.1,20100713,25.4,4.8,7,13,203
193,0.0,21.5,0.7,0.0,2.6,77.4,2010,2010-07-14,30.6,20100714,25.4,6.8,7,14,203
194,0.0,22.3,0.8,0.0,4.8,74.8,2010,2010-07-15,31.1,20100715,26.3,5.5,7,15,203
195,66.0,22.6,1.2,0.0,0.6,90.4,2010,2010-07-16,28.0,20100716,23.9,9.5,7,16,203
196,35.5,22.9,1.9,0.0,0.0,92.4,2010,2010-07-17,25.2,20100717,24.1,9.9,7,17,203
197,3.0,23.4,2.2,0.0,1.5,77.0,2010,2010-07-18,30.7,20100718,27.1,8.9,7,18,203
198,0.0,23.2,1.8,0.0,5.5,72.9,2010,2010-07-19,32.4,20100719,27.5,5.8,7,19,203
199,0.0,23.1,1.5,0.0,5.1,72.4,2010,2010-07-20,33.2,20100720,28.3,5.1,7,20,203
200,0.3,23.9,1.9,0.0,3.5,72.8,2010,2010-07-21,31.9,20100721,27.9,8.0,7,21,203
201,0.0,22.8,1.6,0.0,3.9,75.1,2010,2010-07-22,31.6,20100722,27.5,6.1,7,22,203
202,16.0,20.8,1.5,0.0,0.0,91.4,2010,2010-07-23,26.5,20100723,23.0,9.6,7,23,203
203,3.0,21.9,1.0,0.0,2.0,85.6,2010,2010-07-24,30.4,20100724,24.8,9.1,7,24,203
204,1.5,22.9,1.2,0.0,5.9,79.5,2010,2010-07-25,31.5,20100725,25.9,6.8,7,25,203
205,0.4,22.4,1.4,0.0,4.1,78.9,2010,2010-07-26,30.7,20100726,26.2,6.6,7,26,203
206,0.0,22.4,1.5,0.0,9.0,75.9,2010,2010-07-27,31.7,20100727,26.3,6.6,7,27,203
207,0.0,19.7,1.2,0.0,1.5,82.5,2010,2010-07-28,28.8,20100728,24.4,6.5,7,28,203
208,0.0,23.5,0.9,0.0,0.8,78.9,2010,2010-07-29,30.5,20100729,26.5,8.6,7,29,203
209,0.0,23.9,1.1,0.0,0.6,77.5,2010,2010-07-30,30.6,20100730,26.6,8.1,7,30,203
210,0.0,22.7,1.2,0.0,0.8,80.1,2010,2010-07-31,30.3,20100731,26.6,8.3,7,31,203
211,0.1,25.3,1.5,0.0,2.4,78.0,2010,2010-08-01,32.8,20100801,28.2,7.9,8,1,203
212,15.0,24.3,1.0,0.0,0.4,87.5,2010,2010-08-02,29.5,20100802,26.3,8.5,8,2,203
213,0.0,23.9,0.6,0.0,1.3,84.1,2010,2010-08-03,31.1,20100803,26.7,7.1,8,3,203
214,4.5,24.6,0.7,0.0,3.4,83.0,2010,2010-08-04,33.8,20100804,28.2,8.1,8,4,203
215,6.5,24.7,1.2,0.0,5.0,81.3,2010,2010-08-05,34.0,20100805,28.1,6.1,8,5,203
216,14.0,24.9,1.3,0.0,2.7,86.4,2010,2010-08-06,30.6,20100806,27.2,7.6,8,6,203
217,6.5,23.2,1.0,0.0,0.8,86.9,2010,2010-08-07,30.6,20100807,26.2,8.3,8,7,203
218,0.0,23.0,0.8,0.0,6.9,79.3,2010,2010-08-08,32.8,20100808,26.8,6.1,8,8,203
219,0.0,22.1,0.6,0.0,9.4,78.0,2010,2010-08-09,34.1,20100809,27.1,5.6,8,9,203
220,20.0,23.4,1.1,0.0,0.0,89.1,2010,2010-08-10,29.5,20100810,25.6,9.3,8,10,203
221,1.5,23.7,1.9,0.0,2.7,81.4,2010,2010-08-11,33.5,20100811,27.4,7.5,8,11,203
222,2.5,21.3,1.6,0.0,0.0,84.4,2010,2010-08-12,25.9,20100812,23.3,8.9,8,12,203
223,12.0,21.2,1.5,0.0,0.0,89.5,2010,2010-08-13,29.2,20100813,25.8,10.0,8,13,203
224,12.5,24.0,1.9,0.0,0.7,86.1,2010,2010-08-14,28.9,20100814,26.6,9.8,8,14,203
225,22.0,24.1,2.4,0.0,3.4,81.0,2010,2010-08-15,30.7,20100815,26.9,7.4,8,15,203
226,1.0,21.5,0.7,0.0,0.0,87.5,2010,2010-08-16,27.3,20100816,24.0,9.5,8,16,203
227,0.1,20.8,0.5,0.0,8.9,75.6,2010,2010-08-17,31.9,20100817,24.9,5.0,8,17,203
228,20.0,21.7,1.0,0.0,2.7,86.1,2010,2010-08-18,31.9,20100818,25.6,7.9,8,18,203
229,0.0,24.0,0.7,0.0,7.4,78.1,2010,2010-08-19,33.5,20100819,28.4,4.9,8,19,203
230,7.5,24.0,0.8,0.0,8.0,77.6,2010,2010-08-20,34.0,20100820,28.4,3.5,8,20,203
231,0.0,23.3,0.8,0.0,7.6,77.0,2010,2010-08-21,33.2,20100821,27.8,2.4,8,21,203
232,0.0,23.0,1.1,0.0,6.9,75.6,2010,2010-08-22,33.3,20100822,28.1,4.0,8,22,203
233,6.5,23.7,1.6,0.0,1.1,85.9,2010,2010-08-23,29.4,20100823,26.1,9.0,8,23,203
234,20.5,21.3,0.8,0.0,0.1,90.4,2010,2010-08-24,25.7,20100824,23.3,9.5,8,24,203
235,5.0,21.2,1.0,0.0,0.0,91.0,2010,2010-08-25,23.5,20100825,22.0,10.0,8,25,203
236,4.5,21.2,1.0,0.0,0.6,89.6,2010,2010-08-26,28.2,20100826,24.0,9.5,8,26,203
237,0.0,21.3,1.2,0.0,6.4,78.9,2010,2010-08-27,31.7,20100827,26.5,7.1,8,27,203
238,4.5,23.5,1.4,0.0,0.2,87.4,2010,2010-08-28,28.6,20100828,25.2,9.3,8,28,203
239,56.0,21.8,0.8,0.0,0.1,93.6,2010,2010-08-29,26.0,20100829,23.7,9.6,8,29,203
240,0.5,22.5,1.1,0.0,5.0,82.6,2010,2010-08-30,31.0,20100830,25.3,7.6,8,30,203
241,20.0,22.2,0.5,0.0,0.3,90.4,2010,2010-08-31,28.5,20100831,23.9,9.4,8,31,203
242,28.0,20.8,1.3,0.0,5.8,82.1,2010,2010-09-01,32.6,20100901,26.0,8.6,9,1,203
243,26.0,22.3,3.3,0.0,1.6,85.1,2010,2010-09-02,29.4,20100902,24.7,8.5,9,2,203
244,3.5,21.5,0.5,0.0,1.3,88.4,2010,2010-09-03,30.6,20100903,25.1,6.5,9,3,203
245,0.0,22.7,0.7,0.0,5.3,80.4,2010,2010-09-04,32.8,20100904,26.7,5.1,9,4,203
246,19.0,21.6,1.1,0.0,4.9,84.8,2010,2010-09-05,31.5,20100905,25.3,7.5,9,5,203
247,21.0,21.6,0.9,0.0,0.4,91.8,2010,2010-09-06,26.4,20100906,23.2,8.0,9,6,203
248,0.0,18.8,2.4,0.0,5.0,72.9,2010,2010-09-07,28.8,20100907,23.6,6.0,9,7,203
249,0.2,17.7,1.1,0.0,0.4,73.6,2010,2010-09-08,23.7,20100908,20.4,8.9,9,8,203
250,4.0,17.5,0.7,0.0,0.0,89.6,2010,2010-09-09,21.8,20100909,20.0,10.0,9,9,203
251,9.0,21.3,2.4,0.0,1.4,83.4,2010,2010-09-10,29.7,20100910,24.8,9.6,9,10,203
252,39.5,21.9,1.3,0.0,0.1,92.0,2010,2010-09-11,25.0,20100911,23.1,10.0,9,11,203
253,75.0,20.5,1.3,0.0,1.9,87.6,2010,2010-09-12,25.8,20100912,22.2,8.0,9,12,203
254,0.0,19.1,1.1,0.0,3.8,80.3,2010,2010-09-13,28.4,20100913,22.7,3.6,9,13,203
255,0.0,18.3,0.7,0.0,4.1,80.6,2010,2010-09-14,28.1,20100914,21.9,6.0,9,14,203
256,0.0,15.6,0.5,0.0,11.0,74.5,2010,2010-09-15,29.7,20100915,21.5,0.0,9,15,203
257,0.0,14.8,0.7,0.0,10.6,75.3,2010,2010-09-16,30.7,20100916,21.4,0.6,9,16,203
258,0.0,15.4,0.8,0.0,8.3,72.4,2010,2010-09-17,29.8,20100917,22.2,5.1,9,17,203
259,0.0,17.2,0.9,0.0,10.1,68.6,2010,2010-09-18,30.3,20100918,23.2,3.3,9,18,203
260,6.5,17.8,0.8,0.0,0.0,91.6,2010,2010-09-19,21.7,20100919,19.0,9.8,9,19,203
261,28.0,17.2,0.9,0.0,0.0,91.4,2010,2010-09-20,23.6,20100920,19.9,10.0,9,20,203
262,187.0,17.9,1.4,0.0,0.1,93.3,2010,2010-09-21,28.5,20100921,21.7,10.0,9,21,203
263,0.3,14.8,1.8,0.0,0.0,84.6,2010,2010-09-22,18.4,20100922,16.6,9.5,9,22,203
264,0.0,10.2,0.8,0.0,9.9,74.6,2010,2010-09-23,23.5,20100923,15.9,1.0,9,23,203
265,0.0,9.3,0.6,0.0,8.7,74.8,2010,2010-09-24,23.9,20100924,15.6,1.8,9,24,203
266,0.0,9.9,0.7,0.0,10.0,73.8,2010,2010-09-25,24.2,20100925,16.3,2.5,9,25,203
267,0.0,11.2,0.7,0.0,6.0,77.8,2010,2010-09-26,23.8,20100926,16.0,4.4,9,26,203
268,0.0,10.9,0.9,0.0,7.1,78.4,2010,2010-09-27,24.3,20100927,17.0,6.0,9,27,203
269,0.3,7.8,1.8,0.0,10.4,56.6,2010,2010-09-28,20.3,20100928,15.3,2.0,9,28,203
270,0.0,5.9,0.7,0.0,1.4,79.8,2010,2010-09-29,17.2,20100929,11.2,5.4,9,29,203
271,0.0,7.0,0.7,0.0,5.3,85.9,2010,2010-09-30,20.2,20100930,11.4,4.1,9,30,203
272,0.0,7.5,0.7,0.0,3.4,82.0,2010,2010-10-01,20.4,20101001,12.4,5.3,10,1,203
273,15.0,8.3,0.8,0.0,0.3,90.8,2010,2010-10-02,19.0,20101002,14.1,8.1,10,2,203
274,10.0,14.1,2.0,0.0,5.8,78.9,2010,2010-10-03,22.2,20101003,17.9,7.5,10,3,203
275,7.5,12.4,1.5,0.0,0.3,83.9,2010,2010-10-04,17.7,20101004,14.0,8.9,10,4,203
276,0.0,10.2,0.9,0.0,7.3,75.9,2010,2010-10-05,20.4,20101005,14.6,3.1,10,5,203
277,0.0,8.8,0.5,0.0,4.7,86.9,2010,2010-10-06,21.1,20101006,12.6,5.0,10,6,203
278,0.0,8.7,0.5,0.0,5.6,84.8,2010,2010-10-07,23.1,20101007,13.9,5.6,10,7,203
279,0.0,11.2,0.5,0.0,3.5,81.1,2010,2010-10-08,23.0,20101008,16.3,7.6,10,8,203
280,0.0,12.7,0.8,0.0,8.5,75.3,2010,2010-10-09,25.1,20101009,17.8,2.9,10,9,203
281,0.0,11.5,0.7,0.0,5.8,83.6,2010,2010-10-10,24.1,20101010,16.1,2.5,10,10,203
282,0.0,12.0,0.7,0.0,0.0,92.6,2010,2010-10-11,17.8,20101011,14.9,10.0,10,11,203
283,0.0,11.6,0.9,0.0,0.0,87.1,2010,2010-10-12,19.7,20101012,14.9,8.3,10,12,203
284,0.0,10.4,0.7,0.0,0.0,85.8,2010,2010-10-13,18.7,20101013,13.9,7.9,10,13,203
285,0.0,9.5,1.0,0.0,5.3,77.8,2010,2010-10-14,20.6,20101014,14.2,5.4,10,14,203
286,0.0,6.9,1.7,0.0,9.3,57.6,2010,2010-10-15,17.9,20101015,12.1,1.0,10,15,203
287,0.0,5.8,1.3,0.0,9.3,70.1,2010,2010-10-16,22.0,20101016,13.7,3.0,10,16,203
288,0.0,9.4,0.9,0.0,5.6,75.9,2010,2010-10-17,20.7,20101017,14.5,3.8,10,17,203
289,0.0,5.7,0.6,0.0,5.7,82.0,2010,2010-10-18,20.0,20101018,10.9,3.8,10,18,203
290,0.0,5.6,0.5,0.0,7.7,76.9,2010,2010-10-19,21.5,20101019,13.2,1.0,10,19,203
291,0.0,8.5,0.8,0.0,4.0,84.1,2010,2010-10-20,20.7,20101020,13.1,6.0,10,20,203
292,0.0,8.5,0.8,0.0,4.9,82.9,2010,2010-10-21,21.4,20101021,13.4,6.1,10,21,203
293,0.0,8.2,0.8,0.0,9.2,74.9,2010,2010-10-22,22.8,20101022,14.0,0.4,10,22,203
294,0.0,5.9,0.6,0.0,3.7,82.0,2010,2010-10-23,19.5,20101023,12.3,6.4,10,23,203
295,0.0,10.7,0.6,0.0,5.3,78.1,2010,2010-10-24,23.2,20101024,15.4,5.0,10,24,203
296,0.0,5.0,2.2,0.0,6.1,55.4,2010,2010-10-25,15.3,20101025,10.7,3.4,10,25,203
297,0.0,-1.9,2.1,0.0,9.5,34.8,2010,2010-10-26,9.2,20101026,3.7,0.0,10,26,203
298,0.0,-4.3,0.8,0.0,5.3,61.6,2010,2010-10-27,11.4,20101027,3.4,4.4,10,27,203
299,0.0,-3.1,1.0,0.0,9.6,62.3,2010,2010-10-28,13.9,20101028,4.6,0.0,10,28,203
300,0.0,-3.2,0.6,0.0,9.5,64.3,2010,2010-10-29,17.5,20101029,6.7,0.5,10,29,203
301,0.0,1.1,0.6,0.0,8.8,64.8,2010,2010-10-30,18.6,20101030,9.2,2.3,10,30,203
302,0.0,2.3,0.6,0.0,3.8,68.9,2010,2010-10-31,16.4,20101031,9.1,4.0,10,31,203
303,0.0,2.0,1.5,0.0,9.0,65.0,2010,2010-11-01,17.6,20101101,10.4,1.0,11,1,203
304,0.0,1.4,2.1,0.0,9.5,37.4,2010,2010-11-02,11.6,20101102,5.8,0.1,11,2,203
305,0.0,-4.5,1.0,0.0,8.5,61.6,2010,2010-11-03,13.4,20101103,4.6,0.9,11,3,203
306,0.0,-0.4,0.9,0.0,8.0,74.4,2010,2010-11-04,16.7,20101104,7.4,1.1,11,4,203
307,0.0,3.3,0.7,0.0,3.6,79.1,2010,2010-11-05,16.5,20101105,9.1,3.3,11,5,203
308,0.0,4.2,0.5,0.0,0.0,89.3,2010,2010-11-06,14.8,20101106,9.0,8.9,11,6,203
309,0.0,6.0,0.7,0.0,0.0,92.3,2010,2010-11-07,13.0,20101107,8.5,7.1,11,7,203
310,6.0,1.9,3.3,0.0,2.6,70.5,2010,2010-11-08,11.5,20101108,7.3,7.1,11,8,203
311,0.0,0.2,3.5,0.0,8.1,45.0,2010,2010-11-09,7.6,20101109,3.3,2.5,11,9,203
312,0.0,-3.8,1.1,0.0,9.1,56.4,2010,2010-11-10,11.0,20101110,2.9,0.0,11,10,203
313,6.0,-3.3,1.2,0.0,5.4,66.6,2010,2010-11-11,12.8,20101111,6.3,4.5,11,11,203
314,2.5,1.7,2.3,0.0,7.9,66.5,2010,2010-11-12,14.2,20101112,8.1,2.8,11,12,203
315,0.0,-1.3,0.7,0.0,8.8,68.4,2010,2010-11-13,17.8,20101113,7.6,2.6,11,13,203
316,0.0,5.0,2.4,0.0,7.3,38.1,2010,2010-11-14,11.8,20101114,7.9,6.1,11,14,203
317,0.0,-2.0,2.0,0.0,9.1,40.3,2010,2010-11-15,7.8,20101115,2.0,0.3,11,15,203
318,0.0,-6.8,0.8,0.0,7.0,68.8,2010,2010-11-16,9.3,20101116,1.1,2.6,11,16,203
319,0.0,-4.0,0.5,0.0,4.3,79.9,2010,2010-11-17,11.0,20101117,2.6,2.3,11,17,203
320,0.0,-3.8,0.5,0.0,5.1,84.4,2010,2010-11-18,11.4,20101118,1.7,1.3,11,18,203
321,0.0,-4.5,0.6,0.0,0.4,88.3,2010,2010-11-19,7.8,20101119,0.4,6.3,11,19,203
322,0.0,-4.8,0.5,0.0,7.9,72.1,2010,2010-11-20,13.2,20101120,3.3,1.3,11,20,203
323,0.0,-0.7,0.4,0.0,6.2,76.9,2010,2010-11-21,15.0,20101121,6.7,5.5,11,21,203
324,0.1,-0.6,2.2,0.0,8.2,54.8,2010,2010-11-22,11.3,20101122,7.0,2.3,11,22,203
325,0.0,-4.9,0.7,0.0,8.8,63.1,2010,2010-11-23,13.1,20101123,3.4,1.9,11,23,203
326,0.0,-1.7,1.0,0.0,0.8,73.0,2010,2010-11-24,11.5,20101124,4.5,4.5,11,24,203
327,0.2,-0.9,1.8,0.0,7.9,58.8,2010,2010-11-25,8.5,20101125,3.2,1.4,11,25,203
328,0.0,-5.5,1.3,0.0,8.3,45.5,2010,2010-11-26,5.8,20101126,-0.6,0.8,11,26,203
329,4.0,-5.4,1.7,0.0,1.5,68.5,2010,2010-11-27,7.0,20101127,-0.8,4.5,11,27,203
330,0.0,-7.1,1.5,0.0,8.6,40.6,2010,2010-11-28,2.6,20101128,-1.5,2.3,11,28,203
331,0.0,-2.8,0.7,0.0,5.5,70.5,2010,2010-11-29,8.2,20101129,1.3,3.8,11,29,203
332,0.0,-1.1,0.5,0.0,2.6,79.0,2010,2010-11-30,11.4,20101130,3.4,5.4,11,30,203
333,0.0,-0.1,0.6,0.0,0.0,91.9,2010,2010-12-01,8.2,20101201,4.0,6.3,12,1,203
334,1.0,0.2,0.6,0.0,0.1,90.1,2010,2010-12-02,10.6,20101202,5.3,9.6,12,2,203
335,1.5,-3.1,3.4,0.0,7.1,49.1,2010,2010-12-03,9.1,20101203,1.4,1.3,12,3,203
336,0.0,-6.7,0.7,0.0,3.9,65.4,2010,2010-12-04,5.0,20101204,-0.3,2.9,12,4,203
337,0.0,-2.4,0.5,0.0,0.0,77.5,2010,2010-12-05,8.2,20101205,3.9,8.4,12,5,203
338,0.0,-2.2,2.3,0.0,4.2,62.4,2010,2010-12-06,9.2,20101206,3.7,4.8,12,6,203
339,0.0,-6.8,1.1,0.0,7.1,56.1,2010,2010-12-07,4.4,20101207,-2.1,2.1,12,7,203
340,5.0,-5.3,0.9,6.1,0.2,79.4,2010,2010-12-08,1.8,20101208,-1.7,8.6,12,8,203
341,0.0,-6.6,1.2,0.0,8.6,66.6,2010,2010-12-09,2.5,20101209,-2.7,0.0,12,9,203
342,0.3,-8.9,1.1,0.0,3.1,77.0,2010,2010-12-10,9.0,20101210,-0.6,5.5,12,10,203
343,0.0,-6.2,3.0,0.0,7.9,41.6,2010,2010-12-11,7.1,20101211,-1.7,1.3,12,11,203
344,0.0,-10.4,0.9,0.0,7.6,54.6,2010,2010-12-12,3.1,20101212,-3.8,4.6,12,12,203
345,1.0,-3.4,0.3,0.0,0.0,77.4,2010,2010-12-13,3.0,20101213,0.2,8.9,12,13,203
346,0.0,-9.0,2.5,0.0,6.5,53.6,2010,2010-12-14,2.8,20101214,-2.5,2.0,12,14,203
347,0.0,-12.4,2.4,0.0,8.6,38.5,2010,2010-12-15,-5.5,20101215,-9.2,0.0,12,15,203
348,0.0,-14.1,1.1,0.0,8.3,54.8,2010,2010-12-16,-2.4,20101216,-8.4,2.5,12,16,203
349,3.5,-7.2,0.7,3.8,1.6,82.9,2010,2010-12-17,1.6,20101217,-3.9,6.1,12,17,203
350,0.0,-12.1,0.5,0.0,8.3,74.6,2010,2010-12-18,3.5,20101218,-4.6,0.0,12,18,203
351,0.0,-6.5,0.5,0.0,0.9,79.8,2010,2010-12-19,6.5,20101219,1.3,8.1,12,19,203
352,0.0,-3.8,1.0,0.0,3.6,88.4,2010,2010-12-20,6.8,20101220,0.9,5.3,12,20,203
353,0.0,-4.8,0.6,0.0,5.1,75.1,2010,2010-12-21,9.6,20101221,1.5,6.4,12,21,203
354,0.0,-4.2,1.0,0.0,7.8,74.4,2010,2010-12-22,9.3,20101222,2.0,0.0,12,22,203
355,0.0,-7.7,1.9,0.0,3.2,56.1,2010,2010-12-23,4.4,20101223,-1.6,2.9,12,23,203
356,0.0,-13.0,2.7,0.0,8.6,36.4,2010,2010-12-24,-7.4,20101224,-10.6,0.1,12,24,203
357,0.0,-14.0,2.8,0.0,8.5,39.5,2010,2010-12-25,-4.9,20101225,-10.0,0.0,12,25,203
358,0.0,-14.8,1.3,0.0,5.2,66.6,2010,2010-12-26,-4.7,20101226,-9.7,2.0,12,26,203
359,0.7,-13.4,0.7,0.7,3.1,87.8,2010,2010-12-27,-3.5,20101227,-7.1,6.1,12,27,203
360,5.2,-6.6,1.0,5.9,0.6,80.8,2010,2010-12-28,2.1,20101228,-2.7,7.1,12,28,203
361,0.0,-12.4,1.1,0.0,8.4,67.1,2010,2010-12-29,-1.4,20101229,-5.9,2.5,12,29,203
362,3.6,-9.9,1.8,5.3,4.2,72.9,2010,2010-12-30,-1.3,20101230,-5.9,3.8,12,30,203
363,0.0,-13.9,1.5,0.0,8.3,62.4,2010,2010-12-31,-4.1,20101231,-9.6,0.9,12,31,203
