,year,tmax,humid,rainfall,snow,Date,wind,month,date,sunshine,tavg,tmin,cloud,station_id,day
0,2023,5.5,58.4,0.0,0.0,2023-01-01,1.1,1,20230101,7.8,-1.7,-7.7,0.0,203,1
1,2023,1.3,46.8,0.0,0.0,2023-01-02,1.5,1,20230102,8.4,-4.1,-9.0,0.0,203,2
2,2023,1.7,59.1,0.0,0.0,2023-01-03,0.8,1,20230103,8.3,-6.2,-14.3,10.0,203,3
3,2023,3.9,63.4,0.0,0.0,2023-01-04,0.8,1,20230104,7.8,-3.8,-10.8,0.1,203,4
4,2023,2.3,80.5,0.0,0.0,2023-01-05,0.4,1,20230105,3.1,-5.3,-10.6,0.0,203,5
5,2023,4.5,81.0,3.1,0.0,2023-01-06,0.5,1,20230106,6.6,-2.7,-10.1,2.5,203,6
6,2023,4.0,84.5,0.4,0.0,2023-01-07,0.9,1,20230107,0.2,0.9,-3.6,4.8,203,7
7,2023,2.9,86.8,0.0,0.0,2023-01-08,0.1,1,20230108,2.7,-1.9,-7.2,2.5,203,8
8,2023,9.1,65.6,0.0,0.0,2023-01-09,1.5,1,20230109,6.0,2.7,-3.1,1.1,203,9
9,2023,8.0,73.3,0.0,0.0,2023-01-10,0.5,1,20230110,8.3,-0.2,-7.2,1.6,203,10
10,2023,7.9,75.3,0.0,0.0,2023-01-11,0.4,1,20230111,7.7,-0.3,-6.8,0.8,203,11
11,2023,11.0,68.8,0.1,0.0,2023-01-12,0.2,1,20230112,8.1,2.0,-5.4,2.4,203,12
12,2023,7.0,99.9,25.2,0.0,2023-01-13,0.2,1,20230113,0.0,4.8,1.2,8.5,203,13
13,2023,7.2,99.9,5.5,0.0,2023-01-14,0.6,1,20230114,0.0,5.0,2.2,8.3,203,14
14,2023,2.5,95.0,7.7,0.0,2023-01-15,0.6,1,20230115,0.0,0.0,-2.3,6.0,203,15
15,2023,0.0,72.3,0.0,0.0,2023-01-16,0.7,1,20230116,5.1,-3.6,-7.4,4.4,203,16
16,2023,-0.9,79.1,0.0,0.0,2023-01-17,0.5,1,20230117,2.5,-4.4,-8.4,7.9,203,17
17,2023,3.5,68.1,0.0,0.0,2023-01-18,0.7,1,20230118,8.0,-2.3,-6.6,2.3,203,18
18,2023,4.7,72.4,0.0,0.0,2023-01-19,1.0,1,20230119,7.0,-1.5,-9.1,4.1,203,19
19,2023,2.9,50.9,0.6,0.0,2023-01-20,2.4,1,20230120,8.2,-1.9,-7.0,0.6,203,20
20,2023,0.8,67.5,0.0,0.0,2023-01-21,0.5,1,20230121,8.5,-5.9,-12.2,2.5,203,21
21,2023,2.0,62.8,0.0,0.0,2023-01-22,0.3,1,20230122,0.3,-2.1,-5.5,8.0,203,22
22,2023,6.8,69.1,0.0,0.0,2023-01-23,1.2,1,20230123,5.9,-0.6,-5.6,5.6,203,23
23,2023,-4.2,44.5,0.0,0.0,2023-01-24,2.9,1,20230124,8.7,-12.8,-16.4,1.8,203,24
24,2023,-6.0,52.6,0.0,0.0,2023-01-25,1.0,1,20230125,8.8,-12.4,-18.7,3.6,203,25
25,2023,-5.3,81.8,1.3,0.0,2023-01-26,0.5,1,20230126,0.0,-7.9,-12.3,9.6,203,26
26,2023,-2.4,60.6,0.0,0.0,2023-01-27,1.9,1,20230127,8.5,-8.0,-15.5,0.0,203,27
27,2023,-0.1,53.8,0.0,0.0,2023-01-28,1.5,1,20230128,8.7,-5.8,-12.7,1.4,203,28
28,2023,3.8,64.9,0.0,0.0,2023-01-29,1.4,1,20230129,3.5,-2.9,-11.7,2.6,203,29
29,2023,4.8,50.1,0.0,0.0,2023-01-30,1.2,1,20230130,8.7,-0.9,-5.4,0.0,203,30
30,2023,8.2,67.6,0.0,0.0,2023-01-31,1.0,1,20230131,7.4,0.7,-8.6,0.8,203,31
31,2023,6.8,60.9,0.0,0.0,2023-02-01,2.0,2,20230201,8.3,2.6,-2.6,3.3,203,1
32,2023,2.4,52.6,0.0,0.0,2023-02-02,1.1,2,20230202,6.2,-2.0,-7.3,6.4,203,2
33,2023,4.5,51.8,0.0,0.0,2023-02-03,1.2,2,20230203,6.6,-1.6,-5.2,4.5,203,3
34,2023,6.4,65.4,0.0,0.0,2023-02-04,1.1,2,20230204,7.5,-1.6,-9.5,1.5,203,4
35,2023,7.3,75.0,0.0,0.0,2023-02-05,0.7,2,20230205,6.5,-0.9,-7.9,1.4,203,5
36,2023,8.6,71.1,0.0,0.0,2023-02-06,0.5,2,20230206,6.2,0.5,-7.2,2.8,203,6
37,2023,8.7,73.0,0.0,0.0,2023-02-07,0.7,2,20230207,2.4,1.1,-5.1,4.5,203,7
38,2023,8.6,74.5,0.0,0.0,2023-02-08,1.1,2,20230208,5.3,0.3,-4.9,2.6,203,8
39,2023,10.4,60.9,0.0,0.0,2023-02-09,1.1,2,20230209,6.1,2.8,-6.8,6.9,203,9
40,2023,7.8,85.8,0.6,0.0,2023-02-10,0.9,2,20230210,0.5,3.4,0.6,5.6,203,10
41,2023,6.9,89.4,0.0,0.0,2023-02-11,0.6,2,20230211,1.2,0.2,-3.2,4.5,203,11
42,2023,7.6,78.8,0.0,0.0,2023-02-12,0.7,2,20230212,1.5,1.4,-5.5,7.3,203,12
43,2023,10.3,65.4,0.0,0.0,2023-02-13,1.0,2,20230213,0.3,5.9,3.0,7.3,203,13
44,2023,7.5,64.6,0.0,0.0,2023-02-14,1.1,2,20230214,5.5,2.2,-2.0,3.6,203,14
45,2023,7.9,56.0,0.0,0.0,2023-02-15,1.1,2,20230215,5.3,2.2,-2.0,4.6,203,15
46,2023,5.8,70.3,0.0,0.0,2023-02-16,1.2,2,20230216,1.2,1.6,-2.2,3.5,203,16
47,2023,8.9,68.6,0.0,0.0,2023-02-17,0.6,2,20230217,7.2,1.7,-4.4,6.5,203,17
48,2023,7.6,59.9,0.0,0.0,2023-02-18,0.4,2,20230218,0.0,4.5,0.4,8.9,203,18
49,2023,8.6,55.0,0.0,0.0,2023-02-19,2.1,2,20230219,5.3,3.9,-1.3,4.5,203,19
50,2023,4.7,42.8,0.0,0.0,2023-02-20,2.1,2,20230220,9.4,0.2,-3.0,0.5,203,20
51,2023,4.9,46.4,0.0,0.0,2023-02-21,1.1,2,20230221,9.3,-1.3,-7.4,0.4,203,21
52,2023,9.1,57.5,0.0,0.0,2023-02-22,1.1,2,20230222,9.3,0.7,-8.3,4.5,203,22
53,2023,9.9,58.9,0.0,0.0,2023-02-23,1.3,2,20230223,9.1,2.8,-4.3,2.4,203,23
54,2023,10.5,56.5,0.0,0.0,2023-02-24,1.8,2,20230224,9.0,3.1,-2.7,2.3,203,24
55,2023,7.6,45.4,0.0,0.0,2023-02-25,1.5,2,20230225,9.8,0.9,-6.0,0.8,203,25
56,2023,10.5,47.5,0.0,0.0,2023-02-26,1.2,2,20230226,10.0,1.5,-7.6,0.4,203,26
57,2023,14.1,53.9,0.0,0.0,2023-02-27,1.1,2,20230227,10.0,3.4,-6.2,0.0,203,27
58,2023,12.8,62.3,0.0,0.0,2023-02-28,1.3,2,20230228,9.8,4.0,-5.0,2.9,203,28
59,2023,10.0,55.3,0.0,0.0,2023-03-01,1.5,3,20230301,2.2,5.7,2.6,5.0,203,1
60,2023,7.9,34.9,0.0,0.0,2023-03-02,2.0,3,20230302,9.6,2.5,-1.2,0.9,203,2
61,2023,12.6,65.1,0.0,0.0,2023-03-03,1.2,3,20230303,9.4,3.4,-5.9,0.8,203,3
62,2023,14.0,69.8,0.0,0.0,2023-03-04,0.9,3,20230304,5.3,5.6,-1.7,3.9,203,4
63,2023,16.9,57.4,0.0,0.0,2023-03-05,0.9,3,20230305,9.2,6.7,-2.0,0.8,203,5
64,2023,17.8,46.5,0.0,0.0,2023-03-06,1.0,3,20230306,9.5,7.4,-3.0,2.4,203,6
65,2023,20.2,60.1,0.0,0.0,2023-03-07,1.2,3,20230307,9.2,9.9,1.2,0.8,203,7
66,2023,19.8,67.6,0.0,0.0,2023-03-08,0.7,3,20230308,3.6,10.6,1.8,6.6,203,8
67,2023,19.4,64.8,0.0,0.0,2023-03-09,1.3,3,20230309,5.2,12.4,6.6,5.3,203,9
68,2023,23.7,58.9,0.0,0.0,2023-03-10,0.8,3,20230310,9.1,12.5,2.1,1.3,203,10
69,2023,25.4,45.9,0.0,0.0,2023-03-11,1.2,3,20230311,7.4,15.1,4.5,6.1,203,11
70,2023,13.0,64.9,3.8,0.0,2023-03-12,2.3,3,20230312,0.1,6.5,1.1,6.5,203,12
71,2023,9.1,32.4,0.0,0.0,2023-03-13,2.0,3,20230313,9.8,3.3,-1.9,4.0,203,13
72,2023,17.5,48.3,0.0,0.0,2023-03-14,1.5,3,20230314,9.1,7.7,-1.4,3.6,203,14
73,2023,18.7,63.9,0.0,0.0,2023-03-15,2.0,3,20230315,4.8,8.6,-0.9,5.4,203,15
74,2023,10.8,31.9,0.0,0.0,2023-03-16,1.6,3,20230316,6.4,5.2,-0.7,5.1,203,16
75,2023,13.8,42.3,0.0,0.0,2023-03-17,0.9,3,20230317,6.5,6.3,-2.7,7.9,203,17
76,2023,16.4,46.5,0.0,0.0,2023-03-18,1.5,3,20230318,9.5,8.3,0.2,2.1,203,18
77,2023,17.1,57.9,0.0,0.0,2023-03-19,1.4,3,20230319,9.6,7.7,-1.9,0.3,203,19
78,2023,18.7,46.1,0.0,0.0,2023-03-20,0.9,3,20230320,8.6,8.7,-1.6,5.9,203,20
79,2023,22.0,40.4,0.0,0.0,2023-03-21,0.7,3,20230321,9.7,11.5,1.4,1.0,203,21
80,2023,25.1,43.4,0.0,0.0,2023-03-22,0.6,3,20230322,9.6,16.1,3.6,4.8,203,22
81,2023,21.3,64.1,0.8,0.0,2023-03-23,1.0,3,20230323,0.8,16.3,11.1,7.6,203,23
82,2023,16.8,54.1,0.0,0.0,2023-03-24,1.2,3,20230324,0.3,11.9,6.9,8.4,203,24
83,2023,16.6,61.3,0.0,0.0,2023-03-25,1.7,3,20230325,3.1,12.3,9.8,5.6,203,25
84,2023,17.0,37.8,0.0,0.0,2023-03-26,2.2,3,20230326,9.9,10.4,3.6,1.4,203,26
85,2023,15.3,41.4,0.0,0.0,2023-03-27,1.5,3,20230327,9.8,6.8,-2.2,0.9,203,27
86,2023,16.6,50.9,0.0,0.0,2023-03-28,1.1,3,20230328,7.7,8.3,-1.4,1.8,203,28
87,2023,21.1,46.0,0.0,0.0,2023-03-29,1.2,3,20230329,10.0,11.0,0.0,0.8,203,29
88,2023,23.3,38.1,0.0,0.0,2023-03-30,1.1,3,20230330,10.1,12.6,1.5,2.4,203,30
89,2023,24.7,41.6,0.0,0.0,2023-03-31,1.2,3,20230331,9.9,14.0,1.9,0.0,203,31
90,2023,25.9,39.4,0.0,0.0,2023-04-01,1.0,4,20230401,10.2,16.3,4.6,1.8,203,1
91,2023,24.6,33.4,0.0,0.0,2023-04-02,1.3,4,20230402,10.4,16.6,6.1,0.4,203,2
92,2023,25.6,33.4,0.0,0.0,2023-04-03,1.5,4,20230403,10.4,16.6,4.8,3.1,203,3
93,2023,22.7,44.9,6.0,0.0,2023-04-04,1.4,4,20230404,2.9,16.2,9.6,9.4,203,4
94,2023,15.7,97.5,28.4,0.0,2023-04-05,1.6,4,20230405,0.0,12.1,8.9,9.3,203,5
95,2023,11.3,95.3,3.5,0.0,2023-04-06,1.8,4,20230406,0.0,9.0,7.2,9.8,203,6
96,2023,0.0,65.3,0.0,0.0,2023-04-07,2.3,4,20230407,9.9,0.0,0.0,3.9,203,7
97,2023,16.2,47.5,0.0,0.0,2023-04-08,2.1,4,20230408,10.8,8.6,1.4,1.0,203,8
98,2023,19.5,57.8,0.0,0.0,2023-04-09,1.4,4,20230409,10.6,9.8,-0.5,0.0,203,9
99,2023,21.7,55.0,0.0,0.0,2023-04-10,1.4,4,20230410,10.2,11.7,1.4,3.1,203,10
100,2023,19.2,79.1,2.0,0.0,2023-04-11,2.3,4,20230411,0.0,12.6,6.4,6.5,203,11
101,2023,16.7,39.3,0.0,0.0,2023-04-12,2.0,4,20230412,10.5,10.5,3.3,0.0,203,12
102,2023,20.0,46.6,0.0,0.0,2023-04-13,0.8,4,20230413,6.2,10.9,0.7,3.3,203,13
103,2023,24.1,53.1,0.0,0.0,2023-04-14,0.9,4,20230414,7.3,15.4,8.0,0.0,203,14
104,2023,18.0,84.0,5.4,0.0,2023-04-15,1.0,4,20230415,1.3,12.4,8.5,6.4,203,15
105,2023,17.1,69.0,1.7,0.0,2023-04-16,1.2,4,20230416,2.9,10.6,6.4,5.9,203,16
106,2023,19.2,61.9,0.0,0.0,2023-04-17,0.9,4,20230417,6.9,12.3,2.9,4.0,203,17
107,2023,14.5,86.4,2.2,0.0,2023-04-18,0.7,4,20230418,0.0,12.7,10.0,8.3,203,18
108,2023,28.8,66.0,0.0,0.0,2023-04-19,1.3,4,20230419,10.4,19.1,10.2,3.1,203,19
109,2023,22.7,84.8,0.2,0.0,2023-04-20,1.4,4,20230420,0.6,18.0,15.4,8.4,203,20
110,2023,23.7,60.0,0.0,0.0,2023-04-21,1.1,4,20230421,5.8,17.9,13.6,6.1,203,21
111,2023,22.5,36.5,0.0,0.0,2023-04-22,0.9,4,20230422,4.5,15.4,9.5,8.0,203,22
112,2023,21.5,46.4,0.0,0.0,2023-04-23,0.8,4,20230423,2.7,14.6,7.1,8.3,203,23
113,2023,20.4,50.8,0.0,0.0,2023-04-24,1.6,4,20230424,7.3,15.0,9.5,6.1,203,24
114,2023,11.9,83.0,2.1,0.0,2023-04-25,0.8,4,20230425,0.0,9.2,7.5,8.1,203,25
115,2023,13.9,74.0,0.3,0.0,2023-04-26,2.0,4,20230426,5.0,9.7,6.3,5.3,203,26
116,2023,21.6,64.0,0.0,0.0,2023-04-27,1.0,4,20230427,11.0,12.1,1.7,2.0,203,27
117,2023,22.8,66.1,0.0,0.0,2023-04-28,1.3,4,20230428,8.1,15.3,5.6,2.8,203,28
118,2023,17.4,91.4,4.8,0.0,2023-04-29,1.8,4,20230429,0.2,13.1,9.2,8.4,203,29
119,2023,20.3,66.6,0.1,0.0,2023-04-30,2.3,4,20230430,9.5,13.6,7.3,6.5,203,30
120,2023,21.5,57.5,0.0,0.0,2023-05-01,1.6,5,20230501,10.7,14.5,8.8,1.8,203,1
121,2023,24.4,56.0,0.0,0.0,2023-05-02,0.7,5,20230502,8.8,15.5,4.9,6.9,203,2
122,2023,27.0,54.5,0.0,0.0,2023-05-03,1.0,5,20230503,9.6,18.9,10.2,5.6,203,3
123,2023,27.3,66.3,0.0,0.0,2023-05-04,1.6,5,20230504,4.5,20.9,13.5,6.6,203,4
124,2023,20.7,99.4,32.0,0.0,2023-05-05,1.3,5,20230505,0.0,18.4,15.5,9.1,203,5
125,2023,15.4,95.4,46.2,0.0,2023-05-06,2.1,5,20230506,0.0,11.8,9.8,9.0,203,6
126,2023,16.6,73.4,2.3,0.0,2023-05-07,0.8,5,20230507,0.2,11.4,7.1,7.5,203,7
127,2023,23.2,63.1,0.0,0.0,2023-05-08,1.1,5,20230508,11.1,13.3,3.6,2.1,203,8
128,2023,24.9,60.3,0.0,0.0,2023-05-09,1.2,5,20230509,11.0,15.8,6.1,0.1,203,9
129,2023,26.1,58.6,0.0,0.0,2023-05-10,0.8,5,20230510,10.6,17.2,7.5,3.1,203,10
130,2023,27.1,57.4,0.0,0.0,2023-05-11,1.0,5,20230511,10.8,18.5,9.4,3.0,203,11
131,2023,25.2,57.0,0.0,0.0,2023-05-12,1.0,5,20230512,6.9,18.1,10.3,6.8,203,12
132,2023,25.5,60.6,0.0,0.0,2023-05-13,1.1,5,20230513,8.4,18.2,10.1,3.9,203,13
133,2023,25.5,58.8,0.0,0.0,2023-05-14,1.0,5,20230514,9.1,18.0,10.6,0.8,203,14
134,2023,28.5,60.1,0.0,0.0,2023-05-15,1.1,5,20230515,10.6,19.6,9.2,2.4,203,15
135,2023,32.1,56.4,0.0,0.0,2023-05-16,1.3,5,20230516,10.8,22.8,13.8,2.1,203,16
136,2023,30.4,60.9,0.0,0.0,2023-05-17,1.7,5,20230517,10.8,22.3,12.7,4.0,203,17
137,2023,26.1,74.0,0.0,0.0,2023-05-18,1.1,5,20230518,1.3,20.2,17.0,8.3,203,18
138,2023,25.8,70.9,0.0,0.0,2023-05-19,0.9,5,20230519,4.5,20.3,14.7,2.6,203,19
139,2023,28.2,72.1,0.0,0.0,2023-05-20,1.5,5,20230520,9.0,20.4,13.2,5.0,203,20
140,2023,23.2,68.8,0.0,0.0,2023-05-21,1.8,5,20230521,5.2,18.6,15.4,7.8,203,21
141,2023,25.0,69.4,8.1,0.0,2023-05-22,1.0,5,20230522,5.6,18.3,13.3,6.5,203,22
142,2023,25.8,65.4,0.0,0.0,2023-05-23,0.9,5,20230523,9.6,18.3,10.9,0.3,203,23
143,2023,25.3,63.8,0.0,0.0,2023-05-24,0.7,5,20230524,4.2,19.0,11.0,6.6,203,24
144,2023,27.7,50.5,0.0,0.0,2023-05-25,1.1,5,20230525,9.6,21.1,13.8,4.9,203,25
145,2023,27.4,61.3,0.3,0.0,2023-05-26,1.1,5,20230526,10.0,20.9,13.4,7.3,203,26
146,2023,20.1,93.6,18.9,0.0,2023-05-27,0.5,5,20230527,0.0,18.3,16.8,9.1,203,27
147,2023,20.8,99.6,35.8,0.0,2023-05-28,1.2,5,20230528,0.0,19.4,17.9,9.9,203,28
148,2023,26.4,90.0,9.9,0.0,2023-05-29,0.6,5,20230529,2.2,21.9,19.1,7.3,203,29
149,2023,28.4,86.8,15.6,0.0,2023-05-30,1.0,5,20230530,3.5,21.6,18.1,7.5,203,30
150,2023,28.1,66.6,0.0,0.0,2023-05-31,1.2,5,20230531,9.7,22.0,15.4,6.1,203,31
151,2023,26.1,77.9,0.0,0.0,2023-06-01,0.7,6,20230601,0.9,22.1,17.9,9.3,203,1
152,2023,25.6,76.9,0.0,0.0,2023-06-02,1.5,6,20230602,6.4,21.2,17.7,4.6,203,2
153,2023,28.7,59.0,0.0,0.0,2023-06-03,1.6,6,20230603,10.9,22.1,15.4,1.9,203,3
154,2023,28.5,58.9,0.0,0.0,2023-06-04,1.5,6,20230604,9.9,21.8,14.0,3.9,203,4
155,2023,26.6,67.1,0.0,0.0,2023-06-05,1.7,6,20230605,9.5,20.9,14.4,4.3,203,5
156,2023,27.3,70.9,0.2,0.0,2023-06-06,1.1,6,20230606,6.8,20.4,14.4,5.6,203,6
157,2023,24.9,78.0,0.0,0.0,2023-06-07,0.8,6,20230607,0.2,21.0,18.5,7.6,203,7
158,2023,24.9,78.1,0.0,0.0,2023-06-08,0.9,6,20230608,1.8,21.4,17.1,8.1,203,8
159,2023,28.2,69.8,6.7,0.0,2023-06-09,1.2,6,20230609,10.0,22.5,18.4,3.0,203,9
160,2023,29.0,73.0,0.0,0.0,2023-06-10,1.1,6,20230610,7.5,22.5,17.0,6.9,203,10
161,2023,26.2,85.4,6.9,0.0,2023-06-11,0.8,6,20230611,7.0,20.9,17.8,4.1,203,11
162,2023,28.2,76.8,0.0,0.0,2023-06-12,0.8,6,20230612,5.9,22.3,17.0,6.3,203,12
163,2023,28.0,69.6,0.0,0.0,2023-06-13,1.3,6,20230613,9.9,22.4,18.0,4.9,203,13
164,2023,28.3,72.9,0.0,0.0,2023-06-14,0.9,6,20230614,8.0,21.4,15.0,3.0,203,14
165,2023,27.7,75.1,1.3,0.0,2023-06-15,1.1,6,20230615,8.0,21.6,15.8,3.6,203,15
166,2023,30.6,68.8,0.0,0.0,2023-06-16,1.3,6,20230616,11.2,23.7,16.9,1.3,203,16
167,2023,32.1,62.0,0.0,0.0,2023-06-17,1.1,6,20230617,9.6,24.2,15.7,3.9,203,17
168,2023,32.6,59.3,0.0,0.0,2023-06-18,0.9,6,20230618,11.3,25.7,18.3,3.5,203,18
169,2023,33.7,65.5,0.0,0.0,2023-06-19,1.1,6,20230619,8.9,27.2,19.8,4.1,203,19
170,2023,26.9,67.5,6.4,0.0,2023-06-20,0.8,6,20230620,0.6,23.3,19.6,8.8,203,20
171,2023,22.7,99.1,46.4,0.0,2023-06-21,0.8,6,20230621,0.1,20.2,18.0,7.4,203,21
172,2023,27.3,82.3,0.5,0.0,2023-06-22,1.1,6,20230622,3.8,22.3,19.3,7.5,203,22
173,2023,29.7,80.4,0.0,0.0,2023-06-23,0.5,6,20230623,7.5,23.7,18.6,2.8,203,23
174,2023,31.4,77.8,0.0,0.0,2023-06-24,0.6,6,20230624,11.1,25.3,18.9,1.6,203,24
175,2023,32.2,70.9,0.0,0.0,2023-06-25,1.1,6,20230625,7.4,26.5,20.4,5.1,203,25
176,2023,25.8,94.0,41.0,0.0,2023-06-26,1.4,6,20230626,0.0,23.9,20.8,9.3,203,26
177,2023,29.7,78.0,4.0,0.0,2023-06-27,1.7,6,20230627,7.7,25.7,21.6,6.3,203,27
178,2023,30.1,79.3,0.2,0.0,2023-06-28,1.4,6,20230628,5.3,25.7,21.2,6.9,203,28
179,2023,25.3,99.0,41.8,0.0,2023-06-29,1.2,6,20230629,0.0,24.3,23.4,8.4,203,29
180,2023,29.9,88.5,0.6,0.0,2023-06-30,1.0,6,20230630,1.7,26.1,23.5,7.4,203,30
181,2023,33.4,79.5,0.0,0.0,2023-07-01,1.0,7,20230701,10.5,27.7,22.9,1.5,203,1
182,2023,31.2,82.5,0.0,0.0,2023-07-02,0.7,7,20230702,4.5,26.3,22.1,6.0,203,2
183,2023,34.0,77.3,0.0,0.0,2023-07-03,0.8,7,20230703,10.0,27.9,22.3,4.5,203,3
184,2023,30.5,92.1,39.5,0.0,2023-07-04,1.6,7,20230704,1.9,24.8,21.9,8.5,203,4
185,2023,28.0,85.4,30.9,0.0,2023-07-05,2.3,7,20230705,5.3,24.3,21.6,5.1,203,5
186,2023,32.5,73.9,0.0,0.0,2023-07-06,1.4,7,20230706,8.2,26.5,20.5,6.1,203,6
187,2023,29.2,80.9,0.0,0.0,2023-07-07,1.4,7,20230707,2.8,24.0,21.0,7.5,203,7
188,2023,29.2,87.8,1.1,0.0,2023-07-08,0.9,7,20230708,1.2,24.4,20.2,5.3,203,8
189,2023,29.2,94.6,18.8,0.0,2023-07-09,0.8,7,20230709,0.9,23.9,20.6,8.0,203,9
190,2023,31.4,83.8,1.9,0.0,2023-07-10,1.2,7,20230710,4.1,26.3,21.9,6.1,203,10
191,2023,25.6,98.5,66.9,0.0,2023-07-11,0.7,7,20230711,0.0,22.2,20.4,8.4,203,11
192,2023,29.7,92.4,0.1,0.0,2023-07-12,0.4,7,20230712,1.0,25.3,20.9,8.5,203,12
193,2023,26.2,99.9,39.4,0.0,2023-07-13,0.8,7,20230713,0.0,24.9,24.2,10.0,203,13
194,2023,26.3,99.6,120.9,0.0,2023-07-14,1.9,7,20230714,0.0,24.9,23.6,8.3,203,14
195,2023,24.8,97.5,30.4,0.0,2023-07-15,1.5,7,20230715,0.0,23.8,22.8,9.8,203,15
196,2023,27.3,93.8,0.1,0.0,2023-07-16,1.0,7,20230716,0.1,24.2,22.2,9.1,203,16
197,2023,29.1,94.0,28.0,0.0,2023-07-17,0.7,7,20230717,0.4,25.0,22.9,9.4,203,17
198,2023,24.7,100.0,33.6,0.0,2023-07-18,0.7,7,20230718,0.2,23.4,21.7,9.0,203,18
199,2023,32.0,84.0,0.0,0.0,2023-07-19,0.8,7,20230719,8.5,25.9,20.8,0.9,203,19
200,2023,32.8,83.0,0.0,0.0,2023-07-20,0.7,7,20230720,8.0,26.9,21.7,4.1,203,20
201,2023,33.8,80.0,0.0,0.0,2023-07-21,0.6,7,20230721,8.1,27.7,22.9,3.3,203,21
202,2023,32.1,83.3,1.0,0.0,2023-07-22,1.5,7,20230722,5.1,26.3,22.6,5.0,203,22
203,2023,25.7,99.8,23.1,0.0,2023-07-23,1.0,7,20230723,0.0,24.8,23.7,9.8,203,23
204,2023,31.2,89.4,13.7,0.0,2023-07-24,0.9,7,20230724,3.8,26.6,24.2,7.5,203,24
205,2023,32.2,84.3,0.0,0.0,2023-07-25,1.1,7,20230725,5.8,27.4,23.9,6.3,203,25
206,2023,31.4,93.0,2.5,0.0,2023-07-26,0.8,7,20230726,3.0,25.5,23.2,8.0,203,26
207,2023,33.3,83.9,0.0,0.0,2023-07-27,0.8,7,20230727,6.4,27.6,23.0,5.1,203,27
208,2023,34.0,81.0,0.0,0.0,2023-07-28,0.7,7,20230728,7.6,28.7,24.2,2.8,203,28
209,2023,34.8,79.0,0.0,0.0,2023-07-29,0.7,7,20230729,8.1,28.7,24.3,3.8,203,29
210,2023,34.7,77.6,0.0,0.0,2023-07-30,0.9,7,20230730,9.9,28.4,22.9,4.6,203,30
211,2023,33.5,87.6,95.3,0.0,2023-07-31,0.8,7,20230731,5.7,27.8,24.2,6.8,203,31
212,2023,34.2,84.4,0.0,0.0,2023-08-01,0.5,8,20230801,9.2,28.4,23.2,4.5,203,1
213,2023,33.9,78.9,0.0,0.0,2023-08-02,0.7,8,20230802,7.2,28.6,24.8,5.9,203,2
214,2023,33.7,76.9,0.0,0.0,2023-08-03,0.8,8,20230803,10.6,28.0,22.1,4.3,203,3
215,2023,34.5,79.3,0.0,0.0,2023-08-04,0.7,8,20230804,9.0,28.9,24.2,5.4,203,4
216,2023,35.1,76.6,0.0,0.0,2023-08-05,0.7,8,20230805,8.9,29.6,24.6,5.0,203,5
217,2023,35.6,79.1,0.1,0.0,2023-08-06,0.6,8,20230806,8.5,29.1,24.4,6.1,203,6
218,2023,34.8,81.6,23.6,0.0,2023-08-07,0.9,8,20230807,8.1,28.8,25.1,6.8,203,7
219,2023,34.8,73.4,0.0,0.0,2023-08-08,1.1,8,20230808,10.3,29.0,23.7,5.5,203,8
220,2023,31.4,80.9,2.6,0.0,2023-08-09,1.3,8,20230809,3.4,26.5,22.5,8.4,203,9
221,2023,22.6,99.0,91.8,0.0,2023-08-10,1.5,8,20230810,0.0,21.6,20.8,8.9,203,10
222,2023,27.0,90.0,15.0,0.0,2023-08-11,2.1,8,20230811,0.0,24.8,21.6,8.6,203,11
223,2023,27.1,93.0,0.9,0.0,2023-08-12,0.8,8,20230812,0.8,23.0,21.1,7.3,203,12
224,2023,31.7,88.6,0.0,0.0,2023-08-13,0.4,8,20230813,3.7,25.9,21.2,8.5,203,13
225,2023,33.5,83.4,0.0,0.0,2023-08-14,0.5,8,20230814,9.6,27.8,23.3,3.3,203,14
226,2023,32.7,77.4,0.0,0.0,2023-08-15,0.9,8,20230815,8.9,27.4,22.3,5.6,203,15
227,2023,32.4,75.1,0.0,0.0,2023-08-16,0.9,8,20230816,8.2,26.9,21.4,4.8,203,16
228,2023,32.4,83.3,0.0,0.0,2023-08-17,0.6,8,20230817,6.5,26.8,22.1,4.9,203,17
229,2023,33.6,79.6,0.0,0.0,2023-08-18,0.8,8,20230818,6.6,28.3,23.3,4.9,203,18
230,2023,34.1,76.1,0.0,0.0,2023-08-19,0.8,8,20230819,8.7,28.8,25.0,5.4,203,19
231,2023,33.8,77.5,0.0,0.0,2023-08-20,0.7,8,20230820,5.5,28.1,23.9,5.9,203,20
232,2023,33.9,80.9,0.0,0.0,2023-08-21,0.9,8,20230821,4.4,28.3,24.0,7.5,203,21
233,2023,31.4,87.0,5.9,0.0,2023-08-22,1.4,8,20230822,2.4,27.3,24.8,6.9,203,22
234,2023,30.6,94.8,46.8,0.0,2023-08-23,1.0,8,20230823,1.2,25.5,22.9,9.8,203,23
235,2023,28.0,97.6,30.8,0.0,2023-08-24,0.7,8,20230824,0.7,24.2,21.8,9.4,203,24
236,2023,30.7,83.8,2.2,0.0,2023-08-25,1.5,8,20230825,8.0,26.0,22.4,4.3,203,25
237,2023,30.3,84.8,0.0,0.0,2023-08-26,0.5,8,20230826,6.5,24.6,21.1,5.9,203,26
238,2023,29.3,87.5,0.1,0.0,2023-08-27,0.5,8,20230827,2.9,24.7,20.2,7.3,203,27
239,2023,25.0,89.8,0.7,0.0,2023-08-28,0.9,8,20230828,0.0,23.1,21.4,10.0,203,28
240,2023,28.1,95.6,22.4,0.0,2023-08-29,1.4,8,20230829,0.0,23.9,21.6,9.6,203,29
241,2023,24.6,97.8,11.0,0.0,2023-08-30,0.3,8,20230830,0.0,21.7,20.2,8.1,203,30
242,2023,27.6,87.4,0.0,0.0,2023-08-31,0.4,8,20230831,4.4,22.5,19.2,7.1,203,31
243,2023,29.3,87.4,0.0,0.0,2023-09-01,0.5,9,20230901,6.4,21.9,18.5,4.1,203,1
244,2023,30.2,82.3,0.0,0.0,2023-09-02,0.5,9,20230902,8.6,22.8,17.2,4.3,203,2
245,2023,30.5,89.6,7.8,0.0,2023-09-03,0.6,9,20230903,3.3,25.1,21.6,6.4,203,3
246,2023,30.2,90.9,1.1,0.0,2023-09-04,0.5,9,20230904,1.7,26.0,22.9,9.6,203,4
247,2023,31.8,83.1,0.0,0.0,2023-09-05,0.5,9,20230905,6.7,26.4,22.8,6.0,203,5
248,2023,31.8,77.9,0.0,0.0,2023-09-06,0.7,9,20230906,9.0,25.6,21.3,1.8,203,6
249,2023,30.5,72.4,0.0,0.0,2023-09-07,0.6,9,20230907,9.9,23.3,17.0,0.0,203,7
250,2023,29.5,74.5,0.0,0.0,2023-09-08,0.5,9,20230908,9.9,22.3,15.5,0.0,203,8
251,2023,31.1,80.0,0.0,0.0,2023-09-09,0.6,9,20230909,9.1,23.7,17.1,2.4,203,9
252,2023,31.4,80.5,0.0,0.0,2023-09-10,0.5,9,20230910,7.1,24.3,18.5,3.6,203,10
253,2023,29.9,79.0,0.0,0.0,2023-09-11,0.6,9,20230911,4.3,24.6,20.5,6.5,203,11
254,2023,30.5,80.1,0.0,0.0,2023-09-12,0.5,9,20230912,7.7,24.1,19.3,7.1,203,12
255,2023,22.7,99.3,33.6,0.0,2023-09-13,0.6,9,20230913,0.0,20.6,18.7,10.0,203,13
256,2023,25.2,89.4,1.7,0.0,2023-09-14,0.6,9,20230914,0.0,21.6,18.7,9.4,203,14
257,2023,23.6,98.5,15.4,0.0,2023-09-15,0.6,9,20230915,0.0,21.0,18.9,10.0,203,15
258,2023,26.5,96.8,6.9,0.0,2023-09-16,0.5,9,20230916,0.0,23.1,21.2,9.8,203,16
259,2023,28.7,89.0,0.0,0.0,2023-09-17,0.5,9,20230917,1.5,24.6,21.6,6.8,203,17
260,2023,29.8,87.1,0.1,0.0,2023-09-18,0.8,9,20230918,3.0,24.1,20.9,5.1,203,18
261,2023,27.8,89.1,0.0,0.0,2023-09-19,0.7,9,20230919,2.9,22.6,18.0,7.8,203,19
262,2023,21.5,98.0,62.2,0.0,2023-09-20,1.1,9,20230920,0.0,19.8,17.9,8.5,203,20
263,2023,22.3,78.3,0.0,0.0,2023-09-21,1.1,9,20230921,0.3,18.9,14.8,7.0,203,21
264,2023,25.4,86.5,0.0,0.0,2023-09-22,0.5,9,20230922,6.7,17.8,12.5,2.4,203,22
265,2023,25.8,81.3,0.0,0.0,2023-09-23,0.6,9,20230923,6.5,18.8,12.6,5.9,203,23
266,2023,25.9,71.0,0.0,0.0,2023-09-24,1.1,9,20230924,7.2,19.8,13.5,4.9,203,24
267,2023,26.4,80.8,1.7,0.0,2023-09-25,0.6,9,20230925,3.1,20.7,16.2,9.0,203,25
268,2023,20.7,100.0,25.3,0.0,2023-09-26,0.9,9,20230926,0.0,19.9,18.8,7.8,203,26
269,2023,23.2,97.4,11.0,0.0,2023-09-27,0.8,9,20230927,0.0,21.1,20.1,8.0,203,27
270,2023,27.4,84.1,0.0,0.0,2023-09-28,1.0,9,20230928,6.6,22.0,18.7,2.6,203,28
271,2023,25.4,81.3,0.0,0.0,2023-09-29,0.6,9,20230929,4.3,20.1,16.4,7.0,203,29
272,2023,22.7,84.6,1.1,0.0,2023-09-30,1.0,9,20230930,3.9,18.8,15.4,5.9,203,30
273,2023,24.0,71.0,0.0,0.0,2023-10-01,0.9,10,20231001,8.8,17.3,11.6,0.0,203,1
274,2023,24.3,78.9,0.0,0.0,2023-10-02,0.6,10,20231002,7.0,15.1,9.2,3.4,203,2
275,2023,21.3,89.4,0.0,0.0,2023-10-03,0.4,10,20231003,2.6,14.1,9.8,5.0,203,3
276,2023,22.9,89.4,18.7,0.0,2023-10-04,0.6,10,20231004,2.8,14.9,9.8,7.3,203,4
277,2023,19.2,54.1,0.0,0.0,2023-10-05,1.1,10,20231005,8.8,13.7,9.0,2.6,203,5
278,2023,20.8,78.1,0.0,0.0,2023-10-06,0.6,10,20231006,8.0,12.6,5.7,5.6,203,6
279,2023,20.6,83.3,0.0,0.0,2023-10-07,0.4,10,20231007,2.7,14.3,8.3,8.6,203,7
280,2023,20.5,82.1,0.0,0.0,2023-10-08,0.6,10,20231008,0.1,15.7,12.5,8.4,203,8
281,2023,22.2,81.5,0.0,0.0,2023-10-09,0.5,10,20231009,2.3,15.9,11.6,7.3,203,9
282,2023,22.6,83.3,0.0,0.0,2023-10-10,0.6,10,20231010,7.3,14.8,9.6,1.8,203,10
283,2023,23.4,77.1,0.0,0.0,2023-10-11,0.5,10,20231011,8.6,14.6,8.8,0.8,203,11
284,2023,23.5,79.4,0.0,0.0,2023-10-12,0.5,10,20231012,8.7,14.7,8.1,3.0,203,12
285,2023,21.6,84.8,0.0,0.0,2023-10-13,0.4,10,20231013,3.3,15.0,10.5,7.3,203,13
286,2023,17.8,96.0,1.4,0.0,2023-10-14,0.4,10,20231014,0.2,12.7,9.6,7.9,203,14
287,2023,21.1,85.5,0.0,0.0,2023-10-15,0.7,10,20231015,3.4,15.0,11.3,5.1,203,15
288,2023,20.6,71.3,0.0,0.0,2023-10-16,1.0,10,20231016,8.7,14.2,7.0,1.6,203,16
289,2023,20.5,80.5,0.0,0.0,2023-10-17,0.5,10,20231017,7.7,10.5,3.6,1.8,203,17
290,2023,21.6,83.1,0.0,0.0,2023-10-18,0.7,10,20231018,6.3,12.4,4.4,4.6,203,18
291,2023,15.0,99.8,15.7,0.0,2023-10-19,0.5,10,20231019,0.0,13.3,9.2,9.4,203,19
292,2023,16.2,54.3,0.0,0.0,2023-10-20,1.5,10,20231020,8.7,11.7,5.4,2.4,203,20
293,2023,17.4,72.0,1.4,0.0,2023-10-21,1.0,10,20231021,7.3,8.5,1.5,2.5,203,21
294,2023,18.2,80.6,0.0,0.0,2023-10-22,0.7,10,20231022,6.7,9.4,0.8,3.0,203,22
295,2023,20.9,82.4,0.0,0.0,2023-10-23,0.5,10,20231023,4.9,13.1,7.2,4.1,203,23
296,2023,18.2,92.6,0.0,0.0,2023-10-24,0.4,10,20231024,1.1,11.5,7.5,6.6,203,24
297,2023,19.9,93.9,0.0,0.0,2023-10-25,0.5,10,20231025,4.4,12.7,8.8,5.6,203,25
298,2023,21.6,89.6,1.0,0.0,2023-10-26,0.6,10,20231026,1.3,15.1,9.7,7.3,203,26
299,2023,19.3,84.5,0.5,0.0,2023-10-27,0.7,10,20231027,5.1,13.5,9.3,4.1,203,27
300,2023,17.7,90.3,0.0,0.0,2023-10-28,0.4,10,20231028,3.7,10.2,6.6,2.8,203,28
301,2023,20.4,80.6,0.0,0.0,2023-10-29,0.5,10,20231029,7.3,10.8,3.7,2.6,203,29
302,2023,20.7,82.9,0.0,0.0,2023-10-30,0.4,10,20231030,8.0,11.7,4.2,1.3,203,30
303,2023,18.9,88.6,0.0,0.0,2023-10-31,0.5,10,20231031,4.3,11.9,6.1,4.9,203,31
304,2023,20.4,87.1,0.0,0.0,2023-11-01,0.8,11,20231101,0.0,16.1,9.8,8.6,203,1
305,2023,26.9,66.6,0.0,0.0,2023-11-02,1.5,11,20231102,7.7,18.9,11.4,3.1,203,2
306,2023,24.6,83.3,1.0,0.0,2023-11-03,1.1,11,20231103,2.3,17.6,9.7,7.8,203,3
307,2023,20.2,85.5,1.7,0.0,2023-11-04,0.8,11,20231104,0.0,17.1,14.2,6.9,203,4
308,2023,21.7,91.1,30.2,0.0,2023-11-05,1.1,11,20231105,1.0,17.1,13.1,8.5,203,5
309,2023,19.9,82.6,45.5,0.0,2023-11-06,3.7,11,20231106,2.1,14.1,8.2,7.4,203,6
310,2023,11.4,62.3,1.2,0.0,2023-11-07,2.0,11,20231107,7.8,6.7,1.5,1.1,203,7
311,2023,15.6,76.8,0.0,0.0,2023-11-08,0.5,11,20231108,7.5,6.3,-0.7,1.3,203,8
312,2023,19.1,81.0,0.6,0.0,2023-11-09,0.8,11,20231109,3.9,10.6,1.5,5.9,203,9
313,2023,12.3,47.0,0.0,0.0,2023-11-10,1.9,11,20231110,7.7,5.6,0.6,1.6,203,10
314,2023,7.9,53.9,0.0,0.0,2023-11-11,0.7,11,20231111,4.8,2.2,-3.1,2.9,203,11
315,2023,6.8,56.0,0.0,0.0,2023-11-12,1.0,11,20231112,7.9,1.3,-3.3,0.1,203,12
316,2023,9.1,59.3,0.0,0.0,2023-11-13,1.2,11,20231113,7.9,1.9,-4.0,0.8,203,13
317,2023,11.8,72.9,0.0,0.0,2023-11-14,0.7,11,20231114,7.7,3.5,-3.9,2.3,203,14
318,2023,12.9,78.3,0.0,0.0,2023-11-15,0.6,11,20231115,6.1,4.5,-1.9,2.5,203,15
319,2023,5.9,97.3,5.6,0.0,2023-11-16,0.5,11,20231116,0.0,4.2,1.2,8.9,203,16
320,2023,7.0,69.3,0.8,0.0,2023-11-17,1.6,11,20231117,4.0,2.3,-1.7,4.8,203,17
321,2023,6.9,57.6,0.0,0.0,2023-11-18,1.8,11,20231118,7.9,0.9,-3.7,0.1,203,18
322,2023,14.8,72.0,0.0,0.0,2023-11-19,1.1,11,20231119,3.4,5.8,-2.3,3.8,203,19
323,2023,12.7,61.5,0.0,0.0,2023-11-20,1.0,11,20231120,7.9,5.5,-0.5,0.0,203,20
324,2023,13.9,71.1,0.0,0.0,2023-11-21,0.5,11,20231121,7.8,4.4,-3.4,0.0,203,21
325,2023,14.6,75.6,0.0,0.0,2023-11-22,0.5,11,20231122,7.3,6.1,-2.7,3.3,203,22
326,2023,16.3,67.5,0.2,0.0,2023-11-23,1.9,11,20231123,6.9,10.0,3.1,3.5,203,23
327,2023,4.1,46.5,0.0,0.0,2023-11-24,2.0,11,20231124,7.5,0.0,-3.6,0.3,203,24
328,2023,4.4,50.6,0.0,0.0,2023-11-25,0.7,11,20231125,7.8,-1.9,-7.2,0.6,203,25
329,2023,6.7,57.8,0.0,0.0,2023-11-26,0.4,11,20231126,2.7,2.4,-3.3,3.8,203,26
330,2023,7.8,93.5,7.8,0.0,2023-11-27,0.8,11,20231127,0.4,4.7,2.0,7.4,203,27
331,2023,6.4,60.5,0.0,0.0,2023-11-28,1.7,11,20231128,6.4,2.6,-1.6,3.4,203,28
332,2023,4.3,65.3,0.5,0.0,2023-11-29,1.1,11,20231129,3.1,-0.3,-5.0,2.6,203,29
333,2023,1.9,48.3,0.0,0.0,2023-11-30,1.4,11,20231130,7.8,-3.4,-6.8,0.0,203,30
334,2023,2.6,57.1,0.0,0.0,2023-12-01,1.0,12,20231201,7.9,-3.3,-8.7,0.0,203,1
335,2023,6.2,72.3,0.1,0.0,2023-12-02,0.9,12,20231202,2.5,0.1,-7.8,4.1,203,2
336,2023,6.9,57.8,0.0,0.0,2023-12-03,1.0,12,20231203,7.7,0.8,-4.2,0.0,203,3
337,2023,7.8,70.0,0.0,0.0,2023-12-04,0.5,12,20231204,7.8,-0.5,-6.9,0.9,203,4
338,2023,10.1,73.6,0.0,0.0,2023-12-05,0.4,12,20231205,6.8,1.7,-5.1,1.5,203,5
339,2023,8.1,86.6,4.9,0.0,2023-12-06,0.7,12,20231206,0.0,2.9,-2.7,4.5,203,6
340,2023,11.9,62.3,0.0,0.0,2023-12-07,1.6,12,20231207,6.0,6.0,-0.3,1.3,203,7
341,2023,17.9,78.4,0.0,0.0,2023-12-08,1.0,12,20231208,7.0,8.1,-1.3,0.8,203,8
342,2023,17.5,90.6,0.0,0.0,2023-12-09,0.4,12,20231209,2.4,10.1,4.1,6.8,203,9
343,2023,16.7,82.3,0.0,0.0,2023-12-10,0.6,12,20231210,3.3,10.8,5.4,8.9,203,10
344,2023,11.6,88.3,14.6,0.0,2023-12-11,1.7,12,20231211,0.0,8.8,4.9,8.5,203,11
345,2023,9.6,79.1,0.4,0.0,2023-12-12,1.3,12,20231212,2.6,5.1,1.3,4.0,203,12
346,2023,10.8,83.8,0.0,0.0,2023-12-13,0.5,12,20231213,1.0,5.1,-0.8,7.1,203,13
347,2023,8.2,89.6,20.8,0.0,2023-12-14,1.0,12,20231214,0.0,7.4,6.0,10.0,203,14
348,2023,6.1,99.0,33.8,0.0,2023-12-15,1.2,12,20231215,0.0,4.5,3.3,8.6,203,15
349,2023,4.4,72.5,2.9,0.0,2023-12-16,3.1,12,20231216,1.2,-2.7,-8.8,6.5,203,16
350,2023,-5.1,46.9,0.0,0.0,2023-12-17,1.7,12,20231217,7.5,-8.8,-11.5,1.0,203,17
351,2023,-3.9,64.1,0.0,0.0,2023-12-18,0.6,12,20231218,1.2,-7.5,-12.1,8.9,203,18
352,2023,0.5,70.0,0.1,0.0,2023-12-19,0.5,12,20231219,3.0,-3.7,-8.8,7.9,203,19
353,2023,-2.8,63.9,0.8,0.0,2023-12-20,1.5,12,20231220,4.9,-6.4,-10.8,2.3,203,20
354,2023,-6.6,53.1,0.0,0.0,2023-12-21,1.3,12,20231221,7.5,-10.5,-13.2,0.1,203,21
355,2023,-6.1,50.6,0.0,0.0,2023-12-22,1.3,12,20231222,7.4,-10.8,-13.9,0.0,203,22
356,2023,-2.0,69.3,0.0,0.0,2023-12-23,0.6,12,20231223,7.4,-8.7,-15.1,1.9,203,23
357,2023,1.3,83.3,0.5,0.0,2023-12-24,0.4,12,20231224,4.0,-4.2,-7.7,2.5,203,24
358,2023,1.6,91.5,1.3,0.0,2023-12-25,0.6,12,20231225,0.7,-3.3,-7.5,4.5,203,25
359,2023,6.9,82.6,0.0,0.0,2023-12-26,0.8,12,20231226,4.9,-0.2,-7.0,5.0,203,26
360,2023,6.0,85.6,0.0,0.0,2023-12-27,0.3,12,20231227,6.1,-1.1,-6.6,0.1,203,27
361,2023,6.2,81.1,0.0,0.0,2023-12-28,0.6,12,20231228,5.0,-0.3,-4.6,3.0,203,28
362,2023,5.8,82.5,0.0,0.0,2023-12-29,0.5,12,20231229,5.6,-0.8,-6.1,3.0,203,29
363,2023,0.6,98.5,16.1,0.0,2023-12-30,0.3,12,20231230,0.0,-1.6,-5.3,5.6,203,30
364,2023,3.6,96.9,3.4,0.0,2023-12-31,0.7,12,20231231,0.1,1.2,-2.5,5.0,203,31
