,tmin,cloud,tmax,tavg,humid,sunshine,Date,year,month,snow,date,rainfall,station_id,day,wind
0,-11.0,0.0,0.4,-5.8,51.9,8.4,2005-01-01,2005,1,0.0,20050101,0.0,203,1,1.1
1,-9.8,0.0,5.5,-1.3,63.0,4.1,2005-01-02,2005,1,0.0,20050102,0.0,203,2,0.9
2,-0.8,0.0,7.0,2.7,71.1,0.0,2005-01-03,2005,1,0.0,20050103,0.5,203,3,2.0
3,-8.0,0.0,0.1,-4.2,45.9,7.8,2005-01-04,2005,1,0.0,20050104,0.0,203,4,2.1
4,-14.3,0.0,1.0,-6.2,66.8,7.5,2005-01-05,2005,1,0.0,20050105,0.0,203,5,0.4
5,-6.5,0.0,5.0,-0.7,69.0,4.1,2005-01-06,2005,1,0.0,20050106,0.0,203,6,0.8
6,-6.3,0.0,2.2,-1.6,52.4,7.8,2005-01-07,2005,1,0.0,20050107,0.0,203,7,2.3
7,-12.5,0.0,3.0,-5.6,62.4,6.8,2005-01-08,2005,1,0.0,20050108,0.0,203,8,1.5
8,-11.1,0.0,-1.0,-6.8,51.0,8.2,2005-01-09,2005,1,0.0,20050109,0.0,203,9,1.7
9,-15.1,0.0,-0.3,-6.4,71.9,6.9,2005-01-10,2005,1,0.0,20050110,0.0,203,10,0.8
10,-10.1,0.0,-0.5,-5.4,59.5,8.2,2005-01-11,2005,1,0.0,20050111,0.0,203,11,1.6
11,-10.3,0.0,-0.2,-6.0,53.4,8.2,2005-01-12,2005,1,0.0,20050112,0.0,203,12,1.3
12,-13.8,0.0,1.0,-6.4,70.1,7.7,2005-01-13,2005,1,0.0,20050113,0.0,203,13,0.9
13,-11.8,0.0,1.2,-4.5,67.3,5.4,2005-01-14,2005,1,0.0,20050114,0.0,203,14,0.4
14,-11.1,0.0,3.4,-2.8,64.0,7.7,2005-01-15,2005,1,0.0,20050115,0.0,203,15,1.2
15,-4.3,0.0,6.1,-0.4,66.1,3.5,2005-01-16,2005,1,0.0,20050116,0.0,203,16,1.6
16,-9.5,0.0,6.8,-1.3,68.9,7.2,2005-01-17,2005,1,0.0,20050117,0.0,203,17,0.9
17,-4.9,0.0,2.9,-0.7,80.9,0.4,2005-01-18,2005,1,0.3,20050118,0.8,203,18,0.8
18,-6.5,0.0,1.8,-3.0,56.8,8.6,2005-01-19,2005,1,0.0,20050119,0.0,203,19,2.0
19,-8.3,0.0,-0.3,-5.3,56.5,8.3,2005-01-20,2005,1,0.0,20050120,0.0,203,20,2.0
20,-13.8,0.0,1.3,-6.2,61.8,8.3,2005-01-21,2005,1,0.0,20050121,0.0,203,21,0.9
21,-12.1,0.0,3.7,-4.3,58.4,6.9,2005-01-22,2005,1,0.0,20050122,0.0,203,22,0.2
22,-4.5,0.0,10.0,2.0,46.3,7.9,2005-01-23,2005,1,0.0,20050123,0.0,203,23,0.6
23,-4.9,0.0,6.4,0.0,69.3,1.8,2005-01-24,2005,1,0.0,20050124,0.0,203,24,0.8
24,-6.5,0.0,3.5,-1.5,78.8,0.0,2005-01-25,2005,1,0.0,20050125,0.0,203,25,0.3
25,-1.7,0.0,8.0,1.5,70.4,5.5,2005-01-26,2005,1,0.0,20050126,0.0,203,26,0.9
26,-6.0,0.0,7.0,-0.3,62.4,6.3,2005-01-27,2005,1,0.0,20050127,0.0,203,27,0.6
27,-8.8,0.0,8.1,-1.1,63.6,6.9,2005-01-28,2005,1,0.0,20050128,0.0,203,28,0.3
28,-5.6,0.0,3.0,-2.4,67.5,2.7,2005-01-29,2005,1,1.5,20050129,0.9,203,29,1.6
29,-9.3,0.0,-1.1,-5.6,46.5,6.4,2005-01-30,2005,1,0.0,20050130,0.0,203,30,2.3
30,-11.5,0.0,0.4,-6.5,51.8,7.1,2005-01-31,2005,1,0.0,20050131,0.0,203,31,2.3
31,-12.8,0.0,-5.0,-9.5,51.8,8.3,2005-02-01,2005,2,0.0,20050201,0.0,203,1,3.1
32,-15.1,0.0,-0.4,-7.3,66.0,8.4,2005-02-02,2005,2,0.0,20050202,0.0,203,2,1.6
33,-12.6,0.0,2.5,-4.8,60.5,8.4,2005-02-03,2005,2,0.0,20050203,0.0,203,3,1.0
34,-8.1,0.0,4.5,-1.9,56.4,7.3,2005-02-04,2005,2,0.0,20050204,0.0,203,4,1.0
35,-6.4,0.0,5.0,-0.6,46.0,7.9,2005-02-05,2005,2,0.0,20050205,0.0,203,5,1.5
36,-10.6,0.0,6.4,-2.3,50.0,6.6,2005-02-06,2005,2,0.0,20050206,0.0,203,6,0.5
37,-3.5,0.0,2.7,0.5,66.4,0.0,2005-02-07,2005,2,0.0,20050207,0.0,203,7,0.2
38,-2.7,0.0,6.9,1.6,66.4,7.2,2005-02-08,2005,2,0.0,20050208,0.5,203,8,1.9
39,-7.0,0.0,2.5,-2.2,63.8,0.2,2005-02-09,2005,2,0.0,20050209,0.0,203,9,1.0
40,-8.1,0.0,0.4,-4.7,40.8,8.8,2005-02-10,2005,2,0.0,20050210,0.0,203,10,1.8
41,-11.8,0.0,0.5,-5.9,38.0,8.9,2005-02-11,2005,2,0.0,20050211,0.0,203,11,1.5
42,-12.1,0.0,1.7,-5.6,45.8,5.6,2005-02-12,2005,2,0.0,20050212,0.0,203,12,1.0
43,-13.3,0.0,5.0,-4.0,55.0,8.2,2005-02-13,2005,2,0.0,20050213,0.0,203,13,0.9
44,-7.5,0.0,5.6,-0.3,54.6,3.9,2005-02-14,2005,2,0.0,20050214,0.0,203,14,0.4
45,-4.8,0.0,11.8,3.3,56.8,0.8,2005-02-15,2005,2,0.0,20050215,3.0,203,15,1.8
46,0.6,0.0,4.0,2.3,78.0,0.2,2005-02-16,2005,2,2.1,20050216,14.0,203,16,2.3
47,-2.0,0.0,10.8,3.8,65.5,8.0,2005-02-17,2005,2,0.0,20050217,0.0,203,17,1.4
48,1.1,0.0,4.5,2.8,62.4,0.0,2005-02-18,2005,2,0.0,20050218,0.0,203,18,1.4
49,-8.0,0.0,2.9,-1.6,55.6,6.1,2005-02-19,2005,2,0.4,20050219,0.5,203,19,2.4
50,-10.8,0.0,-0.6,-6.1,45.0,8.6,2005-02-20,2005,2,0.0,20050220,0.0,203,20,2.3
51,-11.8,0.0,-0.1,-6.0,49.5,9.7,2005-02-21,2005,2,0.0,20050221,0.0,203,21,1.5
52,-8.6,0.0,6.3,-0.7,77.5,0.0,2005-02-22,2005,2,0.0,20050222,2.0,203,22,2.9
53,-4.5,0.0,3.5,-0.7,61.4,6.8,2005-02-23,2005,2,0.0,20050223,0.0,203,23,2.6
54,-5.4,0.0,5.9,-1.3,54.1,6.7,2005-02-24,2005,2,0.0,20050224,0.0,203,24,0.9
55,-7.0,0.0,1.2,-3.4,49.9,9.9,2005-02-25,2005,2,0.0,20050225,0.0,203,25,2.3
56,-10.3,0.0,1.3,-4.8,54.9,10.0,2005-02-26,2005,2,0.0,20050226,0.0,203,26,1.7
57,-12.0,0.0,5.0,-2.9,61.0,9.4,2005-02-27,2005,2,0.0,20050227,0.0,203,27,1.2
58,-6.5,0.0,7.1,-0.1,70.0,8.9,2005-02-28,2005,2,0.0,20050228,0.0,203,28,1.6
59,-7.0,0.0,6.5,0.2,57.9,8.9,2005-03-01,2005,3,0.0,20050301,0.0,203,1,1.5
60,-2.2,0.0,5.5,0.5,75.4,7.1,2005-03-02,2005,3,4.5,20050302,4.0,203,2,1.2
61,-6.0,0.0,5.0,-0.9,58.4,9.9,2005-03-03,2005,3,0.0,20050303,0.0,203,3,1.6
62,-6.5,0.0,5.9,-0.5,57.6,9.8,2005-03-04,2005,3,0.0,20050304,0.0,203,4,1.2
63,-7.6,0.0,5.0,-1.5,80.1,5.7,2005-03-05,2005,3,0.0,20050305,0.0,203,5,1.0
64,-7.5,0.0,8.1,-0.1,70.1,7.2,2005-03-06,2005,3,0.0,20050306,0.0,203,6,1.2
65,-3.2,0.0,13.5,5.0,75.9,7.7,2005-03-07,2005,3,0.0,20050307,0.0,203,7,2.3
66,1.6,0.0,12.6,6.3,62.3,7.1,2005-03-08,2005,3,0.0,20050308,0.0,203,8,2.0
67,-5.0,0.0,16.2,5.9,72.3,8.1,2005-03-09,2005,3,0.0,20050309,0.0,203,9,0.6
68,6.4,0.0,15.0,10.3,84.1,0.2,2005-03-10,2005,3,0.0,20050310,8.0,203,10,1.7
69,-3.0,0.0,6.4,1.9,82.1,4.5,2005-03-11,2005,3,0.0,20050311,4.0,203,11,3.4
70,-6.5,0.0,1.3,-2.9,49.6,9.7,2005-03-12,2005,3,0.0,20050312,0.0,203,12,3.1
71,-7.1,0.0,4.5,-1.1,51.4,9.6,2005-03-13,2005,3,0.0,20050313,0.0,203,13,2.5
72,-6.5,0.0,10.0,2.4,60.4,10.2,2005-03-14,2005,3,0.0,20050314,0.0,203,14,1.5
73,-2.2,0.0,10.3,3.3,80.1,6.3,2005-03-15,2005,3,0.0,20050315,0.0,203,15,1.1
74,1.1,0.0,13.6,7.4,71.6,6.2,2005-03-16,2005,3,0.0,20050316,0.0,203,16,0.7
75,3.5,0.0,12.0,6.7,86.9,5.1,2005-03-17,2005,3,0.0,20050317,6.5,203,17,2.1
76,1.3,0.0,10.3,4.5,58.0,10.3,2005-03-18,2005,3,0.0,20050318,0.0,203,18,3.0
77,-4.1,0.0,12.8,4.4,65.8,10.0,2005-03-19,2005,3,0.0,20050319,0.0,203,19,1.6
78,1.6,0.0,12.0,6.0,70.5,9.4,2005-03-20,2005,3,0.0,20050320,0.0,203,20,2.3
79,-2.7,0.0,16.2,6.8,68.6,8.0,2005-03-21,2005,3,0.0,20050321,0.0,203,21,1.2
80,2.9,0.0,16.5,7.8,78.3,6.8,2005-03-22,2005,3,0.0,20050322,5.0,203,22,1.5
81,3.7,0.0,15.1,8.2,61.1,7.4,2005-03-23,2005,3,0.0,20050323,0.0,203,23,2.1
82,0.0,0.0,8.3,2.9,68.9,7.2,2005-03-24,2005,3,0.0,20050324,1.0,203,24,3.3
83,-2.2,0.0,9.8,3.7,58.8,10.2,2005-03-25,2005,3,0.0,20050325,0.0,203,25,2.8
84,-1.6,0.0,15.6,6.0,82.3,4.4,2005-03-26,2005,3,0.0,20050326,0.0,203,26,1.0
85,-1.8,0.0,18.2,8.6,70.5,8.6,2005-03-27,2005,3,0.0,20050327,0.0,203,27,0.7
86,0.6,0.0,11.3,7.3,74.5,9.7,2005-03-28,2005,3,0.0,20050328,0.0,203,28,2.6
87,2.0,0.0,12.3,6.3,43.3,10.3,2005-03-29,2005,3,0.0,20050329,0.0,203,29,2.7
88,-0.3,0.0,15.3,7.5,58.4,10.0,2005-03-30,2005,3,0.0,20050330,0.0,203,30,2.9
89,-1.0,0.0,18.1,9.0,57.3,9.2,2005-03-31,2005,3,0.0,20050331,0.0,203,31,1.5
90,1.1,0.0,17.1,9.1,51.3,6.2,2005-04-01,2005,4,0.0,20050401,0.0,203,1,0.9
91,-0.2,0.0,19.7,9.9,57.6,8.0,2005-04-02,2005,4,0.0,20050402,0.0,203,2,1.5
92,5.0,0.0,14.3,8.5,73.3,6.8,2005-04-03,2005,4,0.0,20050403,2.0,203,3,2.2
93,-1.1,0.0,17.1,8.7,57.4,9.7,2005-04-04,2005,4,0.0,20050404,0.0,203,4,1.9
94,1.3,0.0,24.0,12.6,53.3,9.6,2005-04-05,2005,4,0.0,20050405,0.0,203,5,1.4
95,2.4,0.0,21.5,12.1,81.4,0.2,2005-04-06,2005,4,0.0,20050406,2.0,203,6,1.7
96,9.8,0.0,16.1,14.0,83.3,0.4,2005-04-07,2005,4,0.0,20050407,0.0,203,7,1.9
97,3.5,0.0,23.7,13.3,67.0,7.8,2005-04-08,2005,4,0.0,20050408,0.0,203,8,0.7
98,6.4,0.0,15.6,12.0,84.4,0.3,2005-04-09,2005,4,0.0,20050409,21.0,203,9,1.2
99,9.0,0.0,18.3,12.4,83.3,4.2,2005-04-10,2005,4,0.0,20050410,22.5,203,10,2.0
100,7.1,0.0,17.8,12.5,66.3,9.6,2005-04-11,2005,4,0.0,20050411,0.0,203,11,1.1
101,6.8,0.0,16.6,11.0,73.8,5.1,2005-04-12,2005,4,0.0,20050412,0.0,203,12,1.4
102,5.5,0.0,17.7,10.8,60.6,10.4,2005-04-13,2005,4,0.0,20050413,0.0,203,13,2.3
103,1.7,0.0,19.0,10.5,60.6,9.2,2005-04-14,2005,4,0.0,20050414,0.0,203,14,2.8
104,2.0,0.0,17.8,9.9,48.5,11.2,2005-04-15,2005,4,0.0,20050415,0.0,203,15,1.8
105,-0.1,0.0,20.1,10.0,47.1,11.1,2005-04-16,2005,4,0.0,20050416,0.0,203,16,1.6
106,1.6,0.0,22.2,13.2,52.8,8.7,2005-04-17,2005,4,0.0,20050417,0.0,203,17,0.9
107,9.3,0.0,21.5,14.8,75.5,4.3,2005-04-18,2005,4,0.0,20050418,2.5,203,18,1.1
108,9.6,0.0,24.7,16.1,75.4,5.1,2005-04-19,2005,4,0.0,20050419,14.0,203,19,1.4
109,8.6,0.0,15.6,11.8,58.1,10.1,2005-04-20,2005,4,0.0,20050420,6.5,203,20,3.6
110,5.9,0.0,17.0,11.0,60.9,10.3,2005-04-21,2005,4,0.0,20050421,0.0,203,21,2.9
111,3.7,0.0,19.2,11.6,53.8,11.1,2005-04-22,2005,4,0.0,20050422,0.0,203,22,2.6
112,2.7,0.0,21.5,12.4,59.9,11.3,2005-04-23,2005,4,0.0,20050423,0.0,203,23,1.4
113,5.0,0.0,23.1,14.0,59.6,9.2,2005-04-24,2005,4,0.0,20050424,0.0,203,24,1.7
114,8.3,0.0,22.2,14.8,60.9,10.7,2005-04-25,2005,4,0.0,20050425,0.0,203,25,1.9
115,6.8,0.0,23.2,15.7,55.5,11.2,2005-04-26,2005,4,0.0,20050426,0.0,203,26,1.9
116,7.0,0.0,25.2,16.8,59.3,5.7,2005-04-27,2005,4,0.0,20050427,0.0,203,27,2.3
117,16.2,0.0,29.6,21.1,67.3,9.1,2005-04-28,2005,4,0.0,20050428,0.0,203,28,3.0
118,15.3,0.0,27.8,20.4,67.1,8.9,2005-04-29,2005,4,0.0,20050429,0.0,203,29,1.5
119,17.0,0.0,32.5,24.2,63.8,7.6,2005-04-30,2005,4,0.0,20050430,0.0,203,30,1.1
120,17.7,0.0,27.2,21.8,76.5,4.3,2005-05-01,2005,5,0.0,20050501,1.5,203,1,1.4
121,11.0,0.0,27.3,19.2,44.5,11.3,2005-05-02,2005,5,0.0,20050502,0.0,203,2,1.5
122,6.9,0.0,29.7,18.4,41.9,11.9,2005-05-03,2005,5,0.0,20050503,0.0,203,3,1.4
123,7.8,0.0,29.2,19.2,39.6,10.8,2005-05-04,2005,5,0.0,20050504,0.0,203,4,0.9
124,9.8,0.0,27.2,18.8,70.1,5.9,2005-05-05,2005,5,0.0,20050505,7.5,203,5,1.6
125,9.3,0.0,16.0,12.4,96.3,0.0,2005-05-06,2005,5,0.0,20050506,21.5,203,6,3.5
126,5.1,0.0,18.7,13.2,78.0,10.6,2005-05-07,2005,5,0.0,20050507,0.0,203,7,1.6
127,9.6,0.0,16.5,13.5,85.9,0.4,2005-05-08,2005,5,0.0,20050508,0.0,203,8,1.4
128,6.8,0.0,20.2,13.0,67.6,12.1,2005-05-09,2005,5,0.0,20050509,0.0,203,9,2.3
129,5.4,0.0,21.2,13.6,64.8,11.1,2005-05-10,2005,5,0.0,20050510,0.0,203,10,1.3
130,9.4,0.0,22.0,14.1,80.8,3.0,2005-05-11,2005,5,0.0,20050511,6.0,203,11,1.0
131,11.3,0.0,22.6,14.4,85.3,5.5,2005-05-12,2005,5,0.0,20050512,5.5,203,12,1.2
132,8.3,0.0,23.2,16.1,68.3,10.6,2005-05-13,2005,5,0.0,20050513,0.0,203,13,1.0
133,10.6,0.0,24.2,16.9,75.4,9.4,2005-05-14,2005,5,0.0,20050514,0.0,203,14,1.3
134,10.6,0.0,26.3,19.0,65.5,11.1,2005-05-15,2005,5,0.0,20050515,0.0,203,15,1.2
135,11.8,0.0,27.2,20.1,60.4,9.5,2005-05-16,2005,5,0.0,20050516,0.0,203,16,1.0
136,15.6,0.0,25.3,19.3,74.5,3.0,2005-05-17,2005,5,0.0,20050517,12.0,203,17,1.3
137,13.1,0.0,19.2,15.5,92.3,0.5,2005-05-18,2005,5,0.0,20050518,6.0,203,18,2.7
138,9.8,0.0,25.5,16.9,72.8,10.4,2005-05-19,2005,5,0.0,20050519,0.0,203,19,1.8
139,9.1,0.0,26.7,18.0,57.1,11.6,2005-05-20,2005,5,0.0,20050520,0.0,203,20,1.6
140,9.6,0.0,24.2,17.2,58.5,9.3,2005-05-21,2005,5,0.0,20050521,0.0,203,21,0.9
141,12.0,0.0,20.7,15.3,81.8,1.9,2005-05-22,2005,5,0.0,20050522,0.5,203,22,0.8
142,12.5,0.0,22.3,16.4,72.8,9.2,2005-05-23,2005,5,0.0,20050523,0.0,203,23,2.0
143,9.8,0.0,23.8,17.1,68.6,9.6,2005-05-24,2005,5,0.0,20050524,0.0,203,24,1.6
144,9.6,0.0,26.7,18.6,65.1,10.0,2005-05-25,2005,5,0.0,20050525,0.0,203,25,1.5
145,13.1,0.0,27.2,20.3,65.8,11.3,2005-05-26,2005,5,0.0,20050526,0.0,203,26,1.8
146,12.3,0.0,29.0,20.6,61.1,10.3,2005-05-27,2005,5,0.0,20050527,0.0,203,27,1.2
147,12.1,0.0,29.8,20.9,61.6,9.5,2005-05-28,2005,5,0.0,20050528,0.0,203,28,0.9
148,13.6,0.0,30.8,22.8,60.4,11.2,2005-05-29,2005,5,0.0,20050529,0.0,203,29,0.9
149,15.5,0.0,28.7,21.8,60.0,10.6,2005-05-30,2005,5,0.0,20050530,0.0,203,30,1.2
150,11.6,0.0,29.2,20.0,59.9,11.0,2005-05-31,2005,5,0.0,20050531,0.0,203,31,1.1
151,11.0,0.0,25.7,19.2,72.8,6.6,2005-06-01,2005,6,0.0,20050601,1.5,203,1,1.8
152,16.2,0.0,23.1,18.8,92.9,2.6,2005-06-02,2005,6,0.0,20050602,13.5,203,2,1.0
153,15.6,0.0,24.7,19.5,80.9,8.9,2005-06-03,2005,6,0.0,20050603,0.0,203,3,1.6
154,15.5,0.0,26.3,20.0,78.4,6.6,2005-06-04,2005,6,0.0,20050604,0.0,203,4,1.1
155,13.3,0.0,30.1,22.6,62.6,12.3,2005-06-05,2005,6,0.0,20050605,0.0,203,5,1.0
156,15.8,0.0,28.6,22.3,71.3,8.2,2005-06-06,2005,6,0.0,20050606,0.0,203,6,0.8
157,17.8,0.0,27.3,21.9,79.1,2.5,2005-06-07,2005,6,0.0,20050607,0.0,203,7,0.8
158,16.7,0.0,29.7,23.4,68.4,9.3,2005-06-08,2005,6,0.0,20050608,0.0,203,8,1.0
159,16.7,0.0,28.8,23.4,74.1,7.0,2005-06-09,2005,6,0.0,20050609,0.0,203,9,0.7
160,17.5,0.0,22.7,19.0,94.6,0.0,2005-06-10,2005,6,0.0,20050610,14.5,203,10,1.1
161,15.6,0.0,29.5,22.1,76.1,11.3,2005-06-11,2005,6,0.0,20050611,0.0,203,11,1.5
162,17.6,0.0,29.1,22.7,75.8,8.8,2005-06-12,2005,6,0.0,20050612,0.0,203,12,1.6
163,17.1,0.0,31.8,24.1,73.6,8.2,2005-06-13,2005,6,0.0,20050613,0.0,203,13,0.7
164,19.2,0.0,32.0,24.7,75.0,8.7,2005-06-14,2005,6,0.0,20050614,0.0,203,14,1.3
165,16.2,0.0,26.1,20.7,80.5,5.4,2005-06-15,2005,6,0.0,20050615,21.0,203,15,1.5
166,15.3,0.0,27.0,21.0,84.0,8.4,2005-06-16,2005,6,0.0,20050616,0.5,203,16,0.9
167,19.6,0.0,28.5,23.4,77.0,8.0,2005-06-17,2005,6,0.0,20050617,0.0,203,17,1.4
168,20.0,0.0,28.6,23.7,76.9,7.3,2005-06-18,2005,6,0.0,20050618,0.0,203,18,1.2
169,18.3,0.0,28.7,23.0,78.1,7.0,2005-06-19,2005,6,0.0,20050619,0.0,203,19,1.0
170,18.1,0.0,30.3,23.9,77.6,7.5,2005-06-20,2005,6,0.0,20050620,0.0,203,20,1.2
171,19.8,0.0,30.5,24.7,74.5,8.8,2005-06-21,2005,6,0.0,20050621,0.0,203,21,1.2
172,21.2,0.0,30.1,24.9,77.8,8.1,2005-06-22,2005,6,0.0,20050622,0.0,203,22,1.4
173,21.5,0.0,31.2,25.6,75.0,7.5,2005-06-23,2005,6,0.0,20050623,0.0,203,23,1.5
174,20.3,0.0,33.2,26.2,75.6,8.1,2005-06-24,2005,6,0.0,20050624,0.0,203,24,1.2
175,20.7,0.0,31.7,26.2,75.0,6.4,2005-06-25,2005,6,0.0,20050625,0.0,203,25,0.9
176,21.1,0.0,30.2,24.8,89.9,3.5,2005-06-26,2005,6,0.0,20050626,37.0,203,26,1.1
177,22.7,0.0,25.7,24.4,94.5,0.0,2005-06-27,2005,6,0.0,20050627,42.0,203,27,2.4
178,21.1,0.0,29.2,24.5,82.3,4.9,2005-06-28,2005,6,0.0,20050628,0.0,203,28,1.0
179,21.5,0.0,27.1,24.0,93.9,0.5,2005-06-29,2005,6,0.0,20050629,23.5,203,29,1.1
180,24.5,0.0,32.2,27.9,80.0,7.2,2005-06-30,2005,6,0.0,20050630,0.0,203,30,1.7
181,21.6,0.0,26.2,22.9,92.3,0.5,2005-07-01,2005,7,0.0,20050701,72.5,203,1,1.5
182,22.1,0.0,26.7,24.5,93.1,0.2,2005-07-02,2005,7,0.0,20050702,0.0,203,2,0.8
183,21.0,0.0,24.8,22.0,97.6,0.0,2005-07-03,2005,7,0.0,20050703,26.0,203,3,1.0
184,20.8,0.0,30.1,24.9,81.6,9.1,2005-07-04,2005,7,0.0,20050704,0.5,203,4,1.4
185,20.3,0.0,27.0,23.7,85.6,2.1,2005-07-05,2005,7,0.0,20050705,0.0,203,5,1.2
186,21.7,0.0,30.2,25.1,82.9,5.8,2005-07-06,2005,7,0.0,20050706,0.0,203,6,1.1
187,21.5,0.0,29.2,24.0,87.6,5.7,2005-07-07,2005,7,0.0,20050707,27.5,203,7,1.6
188,21.3,0.0,29.7,25.0,83.5,8.2,2005-07-08,2005,7,0.0,20050708,0.5,203,8,1.4
189,22.0,0.0,23.7,22.8,97.0,0.0,2005-07-09,2005,7,0.0,20050709,16.5,203,9,1.1
190,21.2,0.0,26.8,23.8,91.3,1.7,2005-07-10,2005,7,0.0,20050710,0.0,203,10,0.6
191,19.3,0.0,22.7,20.3,98.8,0.0,2005-07-11,2005,7,0.0,20050711,53.0,203,11,1.5
192,19.0,0.0,28.7,23.4,85.0,6.2,2005-07-12,2005,7,0.0,20050712,0.0,203,12,0.5
193,21.2,0.0,28.0,24.0,87.9,4.1,2005-07-13,2005,7,0.0,20050713,2.0,203,13,1.2
194,20.7,0.0,30.3,25.6,81.3,7.7,2005-07-14,2005,7,0.0,20050714,0.0,203,14,1.1
195,21.1,0.0,31.8,26.5,81.1,9.3,2005-07-15,2005,7,0.0,20050715,0.0,203,15,1.0
196,23.3,0.0,31.1,26.7,85.1,4.1,2005-07-16,2005,7,0.0,20050716,0.0,203,16,0.9
197,22.2,0.0,28.8,24.6,92.5,3.1,2005-07-17,2005,7,0.0,20050717,1.0,203,17,0.8
198,22.7,0.0,32.7,27.1,81.9,8.7,2005-07-18,2005,7,0.0,20050718,0.0,203,18,1.1
199,24.0,0.0,32.5,27.6,82.0,8.9,2005-07-19,2005,7,0.0,20050719,0.0,203,19,1.2
200,23.2,0.0,33.0,27.4,84.5,7.8,2005-07-20,2005,7,0.0,20050720,0.0,203,20,1.3
201,22.2,0.0,33.4,27.1,85.9,6.2,2005-07-21,2005,7,0.0,20050721,0.0,203,21,1.3
202,20.8,0.0,34.7,28.3,77.0,7.8,2005-07-22,2005,7,0.0,20050722,0.0,203,22,0.8
203,24.2,0.0,35.7,29.9,74.0,8.4,2005-07-23,2005,7,0.0,20050723,0.0,203,23,0.7
204,24.5,0.0,34.2,28.7,73.1,8.3,2005-07-24,2005,7,0.0,20050724,2.5,203,24,1.0
205,23.2,0.0,32.5,27.6,76.4,7.9,2005-07-25,2005,7,0.0,20050725,0.5,203,25,0.6
206,22.7,0.0,32.7,26.5,76.0,6.3,2005-07-26,2005,7,0.0,20050726,1.5,203,26,1.0
207,23.3,0.0,31.7,27.0,75.1,3.8,2005-07-27,2005,7,0.0,20050727,0.0,203,27,1.1
208,22.7,0.0,26.7,24.2,87.1,0.0,2005-07-28,2005,7,0.0,20050728,87.0,203,28,1.3
209,22.0,0.0,30.7,26.1,75.5,9.3,2005-07-29,2005,7,0.0,20050729,0.0,203,29,1.4
210,23.3,0.0,31.5,27.0,74.0,7.2,2005-07-30,2005,7,0.0,20050730,0.0,203,30,1.3
211,21.7,0.0,31.1,26.0,79.0,5.1,2005-07-31,2005,7,0.0,20050731,0.5,203,31,0.6
212,23.6,0.0,29.6,25.8,84.5,3.0,2005-08-01,2005,8,0.0,20050801,43.5,203,1,1.8
213,23.2,0.0,30.1,26.0,84.9,0.9,2005-08-02,2005,8,0.0,20050802,2.5,203,2,1.0
214,23.7,0.0,28.1,25.1,87.1,0.3,2005-08-03,2005,8,0.0,20050803,27.5,203,3,1.2
215,22.6,0.0,34.2,27.5,80.8,6.6,2005-08-04,2005,8,0.0,20050804,2.0,203,4,0.8
216,24.6,0.0,35.2,28.8,74.5,9.3,2005-08-05,2005,8,0.0,20050805,0.0,203,5,0.7
217,22.6,0.0,35.0,28.5,72.9,10.8,2005-08-06,2005,8,0.0,20050806,24.5,203,6,1.2
218,22.3,0.0,31.8,26.6,80.1,5.8,2005-08-07,2005,8,0.0,20050807,0.0,203,7,0.7
219,23.2,0.0,30.6,26.4,81.9,4.6,2005-08-08,2005,8,0.0,20050808,3.0,203,8,1.2
220,24.3,0.0,31.3,27.1,75.6,4.2,2005-08-09,2005,8,0.0,20050809,0.0,203,9,2.1
221,22.2,0.0,29.2,24.2,87.9,1.8,2005-08-10,2005,8,0.0,20050810,25.5,203,10,1.3
222,23.2,0.0,26.0,24.0,89.5,0.8,2005-08-11,2005,8,0.0,20050811,72.5,203,11,1.2
223,23.7,0.0,29.8,26.6,80.9,2.3,2005-08-12,2005,8,0.0,20050812,8.0,203,12,1.5
224,23.8,0.0,33.0,28.0,76.0,7.3,2005-08-13,2005,8,0.0,20050813,0.0,203,13,1.3
225,25.2,0.0,32.9,28.3,74.0,8.8,2005-08-14,2005,8,0.0,20050814,0.0,203,14,1.4
226,25.2,0.0,30.7,27.2,80.6,4.3,2005-08-15,2005,8,0.0,20050815,0.0,203,15,1.0
227,23.8,0.0,33.4,27.9,77.5,6.1,2005-08-16,2005,8,0.0,20050816,0.0,203,16,1.0
228,23.2,0.0,34.2,27.3,80.1,5.0,2005-08-17,2005,8,0.0,20050817,3.5,203,17,0.9
229,22.5,0.0,30.7,24.1,85.1,4.0,2005-08-18,2005,8,0.0,20050818,0.5,203,18,0.9
230,19.7,0.0,24.5,22.2,86.5,0.0,2005-08-19,2005,8,0.0,20050819,15.5,203,19,2.1
231,18.8,0.0,27.5,22.5,71.9,4.2,2005-08-20,2005,8,0.0,20050820,0.5,203,20,2.4
232,20.2,0.0,29.2,23.9,68.5,7.1,2005-08-21,2005,8,0.0,20050821,0.0,203,21,1.8
233,19.6,0.0,25.2,21.4,83.9,1.3,2005-08-22,2005,8,0.0,20050822,36.5,203,22,1.1
234,16.2,0.0,29.6,22.5,64.6,11.7,2005-08-23,2005,8,0.0,20050823,0.0,203,23,1.4
235,15.0,0.0,24.8,19.8,73.5,2.8,2005-08-24,2005,8,0.0,20050824,7.0,203,24,1.7
236,17.3,0.0,19.6,18.7,88.5,0.0,2005-08-25,2005,8,0.0,20050825,34.0,203,25,2.1
237,16.5,0.0,27.0,21.9,74.8,8.9,2005-08-26,2005,8,0.0,20050826,0.0,203,26,1.3
238,18.7,0.0,29.6,23.1,73.3,7.9,2005-08-27,2005,8,0.0,20050827,0.0,203,27,0.8
239,17.2,0.0,28.1,22.2,78.5,5.2,2005-08-28,2005,8,0.0,20050828,0.0,203,28,0.9
240,18.7,0.0,29.7,24.1,75.9,7.3,2005-08-29,2005,8,0.0,20050829,0.0,203,29,0.7
241,20.8,0.0,27.8,23.7,80.4,1.9,2005-08-30,2005,8,0.0,20050830,0.0,203,30,0.8
242,18.7,0.0,31.3,24.3,78.3,6.7,2005-08-31,2005,8,0.0,20050831,0.0,203,31,0.4
243,22.1,0.0,32.9,27.2,76.0,7.0,2005-09-01,2005,9,0.0,20050901,0.0,203,1,1.3
244,23.3,0.0,28.3,25.8,81.1,1.9,2005-09-02,2005,9,0.0,20050902,1.0,203,2,1.4
245,20.2,0.0,27.3,23.4,76.8,4.0,2005-09-03,2005,9,0.0,20050903,0.5,203,3,1.0
246,18.2,0.0,27.0,22.0,69.5,5.0,2005-09-04,2005,9,0.0,20050904,0.0,203,4,2.0
247,15.6,0.0,27.6,21.6,55.8,11.5,2005-09-05,2005,9,0.0,20050905,0.0,203,5,3.1
248,18.8,0.0,25.0,22.0,57.5,5.0,2005-09-06,2005,9,0.0,20050906,0.0,203,6,4.6
249,19.2,0.0,29.0,23.7,62.4,8.2,2005-09-07,2005,9,0.0,20050907,0.0,203,7,1.7
250,17.7,0.0,29.7,23.5,73.4,8.7,2005-09-08,2005,9,0.0,20050908,0.0,203,8,0.4
251,19.8,0.0,25.1,22.0,80.9,0.2,2005-09-09,2005,9,0.0,20050909,3.0,203,9,1.0
252,19.2,0.0,28.7,23.1,80.6,6.9,2005-09-10,2005,9,0.0,20050910,9.0,203,10,0.8
253,20.2,0.0,31.7,25.1,75.8,7.8,2005-09-11,2005,9,0.0,20050911,0.0,203,11,0.5
254,21.7,0.0,30.7,25.6,76.8,5.0,2005-09-12,2005,9,0.0,20050912,0.0,203,12,0.3
255,17.3,0.0,27.8,21.8,82.3,1.0,2005-09-13,2005,9,0.0,20050913,77.0,203,13,2.3
256,16.2,0.0,25.7,20.4,73.3,8.2,2005-09-14,2005,9,0.0,20050914,0.5,203,14,1.1
257,14.1,0.0,26.7,19.7,70.8,10.7,2005-09-15,2005,9,0.0,20050915,0.0,203,15,1.0
258,15.3,0.0,27.3,21.3,71.8,9.0,2005-09-16,2005,9,0.0,20050916,0.0,203,16,1.0
259,20.0,0.0,24.2,22.5,83.6,0.0,2005-09-17,2005,9,0.0,20050917,25.5,203,17,1.3
260,20.2,0.0,28.5,23.0,77.3,7.4,2005-09-18,2005,9,0.0,20050918,15.0,203,18,1.0
261,18.0,0.0,23.2,20.5,84.3,0.0,2005-09-19,2005,9,0.0,20050919,0.5,203,19,0.7
262,15.8,0.0,23.2,19.5,81.4,1.7,2005-09-20,2005,9,0.0,20050920,0.0,203,20,0.7
263,13.8,0.0,19.7,15.6,88.5,0.0,2005-09-21,2005,9,0.0,20050921,75.0,203,21,2.3
264,15.1,0.0,19.3,17.3,87.5,0.0,2005-09-22,2005,9,0.0,20050922,14.0,203,22,1.1
265,16.2,0.0,25.1,19.7,78.4,5.3,2005-09-23,2005,9,0.0,20050923,6.0,203,23,0.8
266,14.6,0.0,26.2,20.1,73.4,9.1,2005-09-24,2005,9,0.0,20050924,0.0,203,24,1.0
267,14.8,0.0,25.5,19.5,70.6,8.1,2005-09-25,2005,9,0.0,20050925,0.0,203,25,0.8
268,16.2,0.0,26.3,20.1,71.5,8.8,2005-09-26,2005,9,0.0,20050926,0.0,203,26,0.6
269,14.8,0.0,25.7,18.8,75.3,7.9,2005-09-27,2005,9,0.0,20050927,0.0,203,27,0.6
270,12.3,0.0,26.1,17.6,73.4,7.6,2005-09-28,2005,9,0.0,20050928,0.0,203,28,0.6
271,11.5,0.0,25.8,18.5,73.5,5.6,2005-09-29,2005,9,0.0,20050929,0.0,203,29,0.8
272,15.8,0.0,20.3,17.5,90.0,0.0,2005-09-30,2005,9,0.0,20050930,47.5,203,30,0.9
273,19.5,0.0,23.3,21.0,86.3,0.1,2005-10-01,2005,10,0.0,20051001,18.0,203,1,0.7
274,14.6,0.0,25.7,20.0,65.9,4.9,2005-10-02,2005,10,0.0,20051002,0.0,203,2,1.2
275,12.6,0.0,21.6,16.2,71.9,3.1,2005-10-03,2005,10,0.0,20051003,0.5,203,3,0.8
276,10.3,0.0,20.2,14.4,79.1,6.3,2005-10-04,2005,10,0.0,20051004,0.0,203,4,0.8
277,9.1,0.0,21.7,12.8,82.9,5.4,2005-10-05,2005,10,0.0,20051005,0.5,203,5,0.5
278,7.3,0.0,23.2,14.2,77.9,7.4,2005-10-06,2005,10,0.0,20051006,0.0,203,6,0.5
279,13.1,0.0,14.6,14.0,91.6,0.0,2005-10-07,2005,10,0.0,20051007,12.0,203,7,0.4
280,11.3,0.0,21.7,15.7,79.3,5.0,2005-10-08,2005,10,0.0,20051008,0.0,203,8,0.7
281,10.8,0.0,21.2,14.2,84.6,5.8,2005-10-09,2005,10,0.0,20051009,0.0,203,9,0.6
282,9.8,0.0,23.2,15.3,77.5,7.0,2005-10-10,2005,10,0.0,20051010,0.0,203,10,0.5
283,9.6,0.0,22.7,14.6,76.4,7.8,2005-10-11,2005,10,0.0,20051011,0.0,203,11,0.6
284,9.0,0.0,23.2,14.6,77.3,7.8,2005-10-12,2005,10,0.0,20051012,0.0,203,12,0.7
285,8.8,0.0,22.2,15.8,78.4,5.3,2005-10-13,2005,10,0.0,20051013,0.0,203,13,0.6
286,7.0,0.0,20.1,14.5,62.4,7.4,2005-10-14,2005,10,0.0,20051014,0.5,203,14,1.4
287,6.8,0.0,20.3,12.6,67.1,7.8,2005-10-15,2005,10,0.0,20051015,0.0,203,15,1.1
288,5.1,0.0,20.7,11.4,74.3,7.0,2005-10-16,2005,10,0.0,20051016,0.0,203,16,0.7
289,4.6,0.0,21.6,12.8,77.6,7.6,2005-10-17,2005,10,0.0,20051017,0.0,203,17,0.6
290,10.1,0.0,20.3,14.3,78.6,5.1,2005-10-18,2005,10,0.0,20051018,0.0,203,18,0.5
291,8.3,0.0,22.2,13.9,78.8,7.0,2005-10-19,2005,10,0.0,20051019,0.0,203,19,0.5
292,8.8,0.0,21.7,13.3,77.9,6.4,2005-10-20,2005,10,0.0,20051020,0.0,203,20,0.4
293,8.5,0.0,13.8,10.9,89.5,0.0,2005-10-21,2005,10,0.0,20051021,15.5,203,21,1.0
294,3.0,0.0,13.3,7.9,59.4,9.6,2005-10-22,2005,10,0.0,20051022,0.0,203,22,1.5
295,-0.6,0.0,16.2,6.7,71.9,7.4,2005-10-23,2005,10,0.0,20051023,0.0,203,23,0.7
296,1.1,0.0,19.3,9.6,76.9,7.6,2005-10-24,2005,10,0.0,20051024,0.0,203,24,0.6
297,5.6,0.0,18.7,11.0,77.6,6.6,2005-10-25,2005,10,0.0,20051025,0.0,203,25,0.3
298,4.9,0.0,21.2,12.4,77.6,7.7,2005-10-26,2005,10,0.0,20051026,0.0,203,26,0.4
299,6.6,0.0,19.7,11.5,84.1,4.4,2005-10-27,2005,10,0.0,20051027,0.0,203,27,0.4
300,8.5,0.0,18.2,11.7,72.6,4.5,2005-10-28,2005,10,0.0,20051028,0.0,203,28,1.3
301,3.4,0.0,14.8,9.3,63.9,8.6,2005-10-29,2005,10,0.0,20051029,0.0,203,29,1.2
302,2.2,0.0,12.6,6.8,72.5,4.3,2005-10-30,2005,10,0.0,20051030,0.0,203,30,0.8
303,-1.2,0.0,16.5,6.7,72.1,7.2,2005-10-31,2005,10,0.0,20051031,0.0,203,31,0.7
304,2.5,0.0,17.2,9.3,76.5,4.1,2005-11-01,2005,11,0.0,20051101,0.0,203,1,0.5
305,7.5,0.0,19.2,12.5,70.8,5.6,2005-11-02,2005,11,0.0,20051102,0.0,203,2,0.7
306,8.3,0.0,21.6,14.2,73.1,5.8,2005-11-03,2005,11,0.0,20051103,0.0,203,3,0.5
307,7.3,0.0,20.6,13.1,80.5,5.2,2005-11-04,2005,11,0.0,20051104,0.0,203,4,0.3
308,7.5,0.0,19.7,13.9,80.5,3.1,2005-11-05,2005,11,0.0,20051105,7.0,203,5,0.3
309,8.6,0.0,19.8,14.5,79.8,1.6,2005-11-06,2005,11,0.0,20051106,22.5,203,6,1.5
310,2.4,0.0,16.5,10.1,56.1,8.6,2005-11-07,2005,11,0.0,20051107,0.0,203,7,1.1
311,3.7,0.0,14.8,9.4,48.4,7.5,2005-11-08,2005,11,0.0,20051108,0.0,203,8,2.1
312,0.2,0.0,16.2,8.1,65.3,8.4,2005-11-09,2005,11,0.0,20051109,0.0,203,9,0.8
313,3.0,0.0,19.1,11.2,76.8,3.3,2005-11-10,2005,11,0.0,20051110,0.0,203,10,0.9
314,4.6,0.0,17.0,12.1,57.4,0.7,2005-11-11,2005,11,0.0,20051111,0.0,203,11,1.1
315,2.0,0.0,15.6,8.1,46.1,8.4,2005-11-12,2005,11,0.0,20051112,0.0,203,12,1.0
316,-0.1,0.0,12.6,7.3,62.3,2.9,2005-11-13,2005,11,0.0,20051113,0.0,203,13,0.6
317,2.2,0.0,12.3,6.7,43.6,8.0,2005-11-14,2005,11,0.0,20051114,0.0,203,14,1.3
318,-3.9,0.0,9.5,2.9,49.1,8.8,2005-11-15,2005,11,0.0,20051115,0.0,203,15,1.3
319,-5.3,0.0,9.6,1.0,60.8,8.3,2005-11-16,2005,11,0.0,20051116,0.0,203,16,0.7
320,-6.3,0.0,10.0,1.8,59.5,8.2,2005-11-17,2005,11,0.0,20051117,0.0,203,17,1.0
321,-1.7,0.0,9.8,3.4,47.6,8.7,2005-11-18,2005,11,0.0,20051118,0.0,203,18,1.4
322,-5.4,0.0,8.0,0.5,62.8,8.0,2005-11-19,2005,11,0.0,20051119,0.0,203,19,0.7
323,-6.5,0.0,9.8,0.9,68.5,8.0,2005-11-20,2005,11,0.0,20051120,0.0,203,20,0.6
324,-2.4,0.0,11.3,3.6,74.0,4.9,2005-11-21,2005,11,0.0,20051121,1.0,203,21,1.2
325,-3.2,0.0,10.3,3.5,59.0,8.4,2005-11-22,2005,11,0.0,20051122,0.0,203,22,1.1
326,0.1,0.0,13.8,6.7,68.9,4.6,2005-11-23,2005,11,0.0,20051123,0.0,203,23,1.1
327,0.0,0.0,11.3,4.4,85.5,2.5,2005-11-24,2005,11,0.0,20051124,0.0,203,24,0.5
328,-3.0,0.0,13.1,3.9,79.6,4.4,2005-11-25,2005,11,0.0,20051125,0.0,203,25,0.6
329,-3.2,0.0,12.0,4.0,88.5,4.9,2005-11-26,2005,11,0.0,20051126,0.5,203,26,0.4
330,1.7,0.0,13.3,6.2,84.8,2.0,2005-11-27,2005,11,0.0,20051127,4.0,203,27,0.8
331,-0.3,0.0,12.3,5.1,80.1,1.8,2005-11-28,2005,11,0.0,20051128,6.0,203,28,1.7
332,-1.5,0.0,7.9,3.4,63.8,6.0,2005-11-29,2005,11,0.0,20051129,0.0,203,29,1.7
333,-2.2,0.0,8.8,2.2,61.3,8.5,2005-11-30,2005,11,0.0,20051130,0.0,203,30,0.8
334,-3.4,0.0,8.1,2.2,83.9,3.5,2005-12-01,2005,12,0.0,20051201,0.0,203,1,0.5
335,-2.4,0.0,6.3,1.7,56.3,7.9,2005-12-02,2005,12,0.0,20051202,0.0,203,2,1.9
336,-6.3,0.0,5.0,-0.3,56.1,6.0,2005-12-03,2005,12,0.5,20051203,0.2,203,3,1.1
337,-8.6,0.0,-0.8,-3.7,65.4,8.0,2005-12-04,2005,12,4.7,20051204,4.0,203,4,2.2
338,-11.3,0.0,-0.8,-6.2,69.3,7.9,2005-12-05,2005,12,0.0,20051205,0.0,203,5,1.0
339,-12.1,0.0,2.2,-5.0,79.0,5.2,2005-12-06,2005,12,0.0,20051206,0.0,203,6,0.5
340,-10.3,0.0,2.4,-3.6,81.5,4.5,2005-12-07,2005,12,0.0,20051207,0.0,203,7,0.9
341,-9.8,0.0,2.0,-3.6,71.1,7.5,2005-12-08,2005,12,0.0,20051208,0.0,203,8,1.1
342,-10.6,0.0,3.2,-3.7,74.5,5.8,2005-12-09,2005,12,0.0,20051209,0.0,203,9,0.6
343,-6.3,0.0,4.1,-1.7,57.0,5.4,2005-12-10,2005,12,0.0,20051210,0.0,203,10,1.4
344,-8.6,0.0,-0.8,-5.5,51.0,7.6,2005-12-11,2005,12,0.0,20051211,0.0,203,11,1.6
345,-10.6,0.0,-3.2,-7.2,57.1,8.2,2005-12-12,2005,12,0.0,20051212,0.0,203,12,1.9
346,-12.6,0.0,-2.9,-7.8,58.8,8.2,2005-12-13,2005,12,0.0,20051213,0.0,203,13,1.5
347,-13.0,0.0,0.2,-6.4,68.0,8.0,2005-12-14,2005,12,0.0,20051214,0.0,203,14,1.3
348,-13.1,0.0,1.2,-5.2,73.0,7.7,2005-12-15,2005,12,0.0,20051215,0.0,203,15,1.2
349,-11.8,0.0,1.7,-4.6,69.5,5.3,2005-12-16,2005,12,0.0,20051216,0.0,203,16,0.9
350,-13.3,0.0,-4.5,-8.8,43.9,6.8,2005-12-17,2005,12,0.0,20051217,0.0,203,17,2.8
351,-17.5,0.0,-7.4,-12.9,84.6,0.5,2005-12-18,2005,12,1.0,20051218,0.6,203,18,0.7
352,-16.2,0.0,-0.8,-9.0,86.3,6.1,2005-12-19,2005,12,0.3,20051219,0.1,203,19,0.3
353,-14.1,0.0,1.3,-5.8,72.6,5.9,2005-12-20,2005,12,0.0,20051220,0.0,203,20,0.4
354,-10.0,0.0,-1.3,-6.0,70.1,5.7,2005-12-21,2005,12,2.5,20051221,1.6,203,21,1.9
355,-12.1,0.0,-1.2,-6.3,69.6,7.0,2005-12-22,2005,12,1.2,20051222,0.7,203,22,1.4
356,-5.8,0.0,2.4,-2.7,73.9,2.8,2005-12-23,2005,12,0.3,20051223,0.1,203,23,1.3
357,-9.8,0.0,0.6,-4.5,55.1,8.1,2005-12-24,2005,12,0.0,20051224,0.0,203,24,1.4
358,-6.3,0.0,4.8,-2.7,61.0,3.9,2005-12-25,2005,12,0.3,20051225,0.1,203,25,1.5
359,-9.6,0.0,-2.0,-6.4,51.4,8.3,2005-12-26,2005,12,0.0,20051226,0.0,203,26,1.8
360,-14.8,0.0,0.1,-7.6,62.5,8.2,2005-12-27,2005,12,0.0,20051227,0.0,203,27,1.1
361,-15.3,0.0,0.6,-7.4,72.4,7.5,2005-12-28,2005,12,0.0,20051228,0.0,203,28,0.6
362,-13.1,0.0,1.1,-6.9,76.9,5.4,2005-12-29,2005,12,0.0,20051229,0.0,203,29,0.2
363,-9.5,0.0,1.2,-4.2,89.4,0.9,2005-12-30,2005,12,0.4,20051230,0.2,203,30,0.3
364,-9.8,0.0,6.4,-1.7,78.6,3.9,2005-12-31,2005,12,0.0,20051231,0.0,203,31,0.5
