,day,Date,rainfall,cloud,month,tmin,humid,tavg,date,tmax,station_id,sunshine,wind,snow,year
0,1,2022-01-01,0.0,0.9,1,-14.2,54.4,-7.0,20220101,0.2,203,8.5,0.7,0.0,2022
1,2,2022-01-02,0.0,4.1,1,-8.5,65.4,-2.5,20220102,5.6,203,5.2,1.0,0.0,2022
2,3,2022-01-03,0.0,3.6,1,-11.4,66.8,-3.1,20220103,3.5,203,7.8,0.9,0.0,2022
3,4,2022-01-04,0.1,0.0,1,-6.7,52.9,-1.3,20220104,3.9,203,8.6,1.3,0.0,2022
4,5,2022-01-05,0.0,7.0,1,-11.2,61.8,-3.9,20220105,2.2,203,1.2,0.5,0.0,2022
5,6,2022-01-06,0.0,0.0,1,-9.9,56.4,-2.3,20220106,5.5,203,8.7,1.0,0.0,2022
6,7,2022-01-07,0.0,0.6,1,-10.7,61.1,-3.4,20220107,4.6,203,8.5,0.7,0.0,2022
7,8,2022-01-08,0.0,0.0,1,-10.5,68.0,-2.4,20220108,3.0,203,2.8,0.5,0.0,2022
8,9,2022-01-09,0.0,2.4,1,-4.2,78.3,0.8,20220109,5.5,203,2.7,0.8,0.0,2022
9,10,2022-01-10,0.0,6.9,1,-8.3,80.8,-1.4,20220110,4.0,203,2.1,0.6,0.0,2022
10,11,2022-01-11,0.8,1.0,1,-9.2,53.8,-5.4,20220111,0.2,203,8.6,2.1,0.0,2022
11,12,2022-01-12,0.0,4.1,1,-13.2,51.6,-7.1,20220112,-1.1,203,8.8,1.5,0.0,2022
12,13,2022-01-13,0.0,1.0,1,-10.7,47.9,-6.3,20220113,-1.5,203,8.7,2.0,0.0,2022
13,14,2022-01-14,0.0,2.9,1,-11.9,45.0,-5.7,20220114,1.7,203,8.9,1.0,0.0,2022
14,15,2022-01-15,0.0,7.3,1,-8.7,58.4,-2.6,20220115,2.0,203,2.2,0.5,0.0,2022
15,16,2022-01-16,0.0,1.4,1,-5.7,55.3,-1.3,20220116,2.2,203,7.8,2.2,0.0,2022
16,17,2022-01-17,0.9,2.0,1,-10.5,61.0,-5.1,20220117,1.4,203,5.1,1.7,0.0,2022
17,18,2022-01-18,0.0,3.6,1,-13.6,51.0,-5.4,20220118,1.1,203,8.8,1.1,0.0,2022
18,19,2022-01-19,1.5,6.3,1,-11.0,81.5,-6.9,20220119,-3.3,203,0.8,0.8,0.0,2022
19,20,2022-01-20,0.0,0.0,1,-13.1,68.8,-5.8,20220120,2.3,203,8.8,0.7,0.0,2022
20,21,2022-01-21,0.0,1.1,1,-13.0,65.6,-5.0,20220121,4.2,203,8.9,0.5,0.0,2022
21,22,2022-01-22,0.0,7.6,1,-8.3,64.5,-1.0,20220122,5.8,203,0.8,0.5,0.0,2022
22,23,2022-01-23,0.0,4.9,1,-3.2,62.6,2.3,20220123,10.0,203,5.9,0.7,0.0,2022
23,24,2022-01-24,0.0,2.8,1,-1.5,58.8,3.7,20220124,9.0,203,5.1,1.1,0.0,2022
24,25,2022-01-25,1.7,8.0,1,-1.1,92.3,1.3,20220125,2.9,203,0.0,0.6,0.0,2022
25,26,2022-01-26,0.0,2.9,1,-2.4,68.0,1.6,20220126,7.3,203,7.7,1.4,0.0,2022
26,27,2022-01-27,0.0,2.6,1,-6.8,59.1,-0.3,20220127,5.8,203,8.7,1.2,0.0,2022
27,28,2022-01-28,0.0,3.3,1,-6.2,52.0,-1.8,20220128,4.6,203,8.8,1.8,0.0,2022
28,29,2022-01-29,0.0,0.1,1,-7.6,46.4,-2.8,20220129,2.9,203,8.8,1.5,0.0,2022
29,30,2022-01-30,0.0,0.0,1,-11.4,54.3,-3.7,20220130,3.9,203,8.8,1.1,0.0,2022
30,31,2022-01-31,0.7,3.0,1,-11.4,66.1,-2.5,20220131,5.9,203,8.7,1.1,0.0,2022
31,1,2022-02-01,1.2,5.8,2,-2.7,77.1,-1.1,20220201,1.2,203,1.8,1.5,0.0,2022
32,2,2022-02-02,0.0,2.1,2,-4.5,55.4,-2.0,20220202,2.6,203,6.8,1.6,0.0,2022
33,3,2022-02-03,0.0,0.6,2,-8.9,54.1,-3.3,20220203,2.9,203,8.8,1.3,0.0,2022
34,4,2022-02-04,0.0,2.8,2,-11.3,51.3,-4.6,20220204,1.5,203,8.4,2.0,0.0,2022
35,5,2022-02-05,0.0,0.9,2,-10.7,47.3,-6.1,20220205,-0.1,203,8.7,1.9,0.0,2022
36,6,2022-02-06,0.0,0.6,2,-13.1,52.1,-4.2,20220206,3.3,203,8.3,1.4,0.0,2022
37,7,2022-02-07,0.0,5.9,2,-11.2,47.4,-2.7,20220207,2.5,203,5.2,1.1,0.0,2022
38,8,2022-02-08,0.0,2.0,2,-8.6,50.4,-0.9,20220208,6.5,203,7.0,1.1,0.0,2022
39,9,2022-02-09,0.0,5.4,2,-9.6,50.0,-0.7,20220209,7.1,203,8.7,0.6,0.0,2022
40,10,2022-02-10,0.0,2.6,2,-5.8,51.8,1.3,20220210,8.9,203,8.9,1.1,0.0,2022
41,11,2022-02-11,0.0,2.6,2,-7.5,61.0,1.2,20220211,9.8,203,8.4,0.8,0.0,2022
42,12,2022-02-12,0.0,5.1,2,-4.3,53.1,2.6,20220212,11.0,203,8.8,0.7,0.0,2022
43,13,2022-02-13,0.0,5.0,2,-2.6,53.4,3.4,20220213,11.0,203,5.3,0.6,0.0,2022
44,14,2022-02-14,0.6,4.6,2,-4.4,70.9,1.7,20220214,9.9,203,2.3,1.7,0.0,2022
45,15,2022-02-15,0.0,5.9,2,-6.8,56.8,-3.3,20220215,0.0,203,5.1,3.0,0.0,2022
46,16,2022-02-16,0.0,2.3,2,-10.1,48.0,-6.3,20220216,-1.6,203,7.6,2.1,0.0,2022
47,17,2022-02-17,0.0,1.0,2,-11.8,43.6,-6.3,20220217,-0.4,203,9.2,1.2,0.0,2022
48,18,2022-02-18,0.0,4.6,2,-13.2,44.6,-2.8,20220218,5.9,203,9.1,0.8,0.0,2022
49,19,2022-02-19,0.0,7.4,2,-5.8,49.4,-0.7,20220219,3.7,203,0.5,1.6,0.0,2022
50,20,2022-02-20,0.0,0.8,2,-7.8,41.5,-4.2,20220220,0.2,203,9.5,2.4,0.0,2022
51,21,2022-02-21,0.0,1.8,2,-11.6,51.9,-2.5,20220221,6.0,203,7.6,2.3,0.0,2022
52,22,2022-02-22,0.0,2.3,2,-7.0,41.5,-3.4,20220222,2.2,203,7.9,2.1,0.0,2022
53,23,2022-02-23,0.0,1.9,2,-10.7,36.0,-4.6,20220223,1.6,203,10.0,1.7,0.0,2022
54,24,2022-02-24,0.0,0.9,2,-13.0,48.8,-2.9,20220224,5.4,203,10.1,1.4,0.0,2022
55,25,2022-02-25,0.0,3.3,2,-8.8,71.3,1.5,20220225,10.6,203,7.9,1.3,0.0,2022
56,26,2022-02-26,3.5,7.1,2,1.0,73.5,5.6,20220226,11.6,203,4.2,3.1,0.0,2022
57,27,2022-02-27,0.0,0.0,2,-1.3,52.5,4.5,20220227,10.9,203,10.2,2.3,0.0,2022
58,28,2022-02-28,0.0,4.9,2,-2.4,63.3,4.6,20220228,11.5,203,5.5,0.8,0.0,2022
59,1,2022-03-01,4.0,5.9,3,0.0,86.6,3.8,20220301,10.0,203,1.2,1.1,0.0,2022
60,2,2022-03-02,0.0,1.0,3,-3.8,60.5,3.1,20220302,10.4,203,10.1,2.0,0.0,2022
61,3,2022-03-03,0.0,1.8,3,0.3,55.3,5.9,20220303,13.3,203,9.5,1.5,0.0,2022
62,4,2022-03-04,0.0,3.9,3,-3.8,59.6,6.6,20220304,16.3,203,6.2,2.7,0.0,2022
63,5,2022-03-05,0.0,0.9,3,-1.4,37.5,3.2,20220305,7.6,203,9.3,3.1,0.0,2022
64,6,2022-03-06,0.0,1.9,3,-2.4,36.1,2.1,20220306,8.5,203,9.8,1.8,0.0,2022
65,7,2022-03-07,0.0,4.6,3,-5.8,50.1,2.4,20220307,10.4,203,8.2,1.1,0.0,2022
66,8,2022-03-08,0.0,3.8,3,-3.3,61.5,4.6,20220308,13.5,203,7.6,1.1,0.0,2022
67,9,2022-03-09,0.0,1.4,3,-2.5,66.0,6.2,20220309,15.6,203,8.9,0.9,0.0,2022
68,10,2022-03-10,0.0,6.5,3,-0.3,51.4,7.9,20220310,17.9,203,7.9,1.1,0.0,2022
69,11,2022-03-11,0.0,5.4,3,0.4,60.0,9.1,20220311,18.7,203,4.7,0.8,0.0,2022
70,12,2022-03-12,0.0,6.6,3,2.3,75.3,12.5,20220312,20.7,203,3.2,1.4,0.0,2022
71,13,2022-03-13,32.4,9.1,3,10.8,96.9,12.7,20220313,15.1,203,0.0,1.0,0.0,2022
72,14,2022-03-14,8.3,9.6,3,5.6,89.1,8.9,20220314,13.6,203,0.1,2.0,0.0,2022
73,15,2022-03-15,0.0,3.3,3,1.6,76.9,7.0,20220315,13.6,203,5.5,1.3,0.0,2022
74,16,2022-03-16,0.0,5.0,3,-0.4,66.1,9.8,20220316,18.5,203,6.8,1.0,0.0,2022
75,17,2022-03-17,0.7,9.9,3,6.4,67.3,10.5,20220317,15.2,203,0.1,1.7,0.0,2022
76,18,2022-03-18,1.8,9.9,3,5.0,72.3,6.9,20220318,10.5,203,0.0,1.5,0.0,2022
77,19,2022-03-19,18.6,8.8,3,0.3,96.4,1.8,20220319,5.3,203,0.1,0.6,0.0,2022
78,20,2022-03-20,0.1,7.5,3,-0.1,77.1,4.2,20220320,9.8,203,4.2,1.5,0.0,2022
79,21,2022-03-21,0.0,7.3,3,-2.8,61.5,4.4,20220321,10.3,203,5.7,1.0,0.0,2022
80,22,2022-03-22,0.0,0.8,3,-1.2,51.8,6.8,20220322,13.4,203,10.0,1.2,0.0,2022
81,23,2022-03-23,0.0,8.3,3,1.7,64.1,5.1,20220323,9.5,203,0.0,1.2,0.0,2022
82,24,2022-03-24,0.0,7.6,3,0.4,73.1,6.5,20220324,13.2,203,1.2,0.7,0.0,2022
83,25,2022-03-25,9.2,8.0,3,2.2,76.0,10.8,20220325,18.5,203,3.4,1.1,0.0,2022
84,26,2022-03-26,26.1,8.0,3,7.3,88.3,11.2,20220326,13.7,203,0.1,1.9,0.0,2022
85,27,2022-03-27,0.0,1.0,3,1.9,53.8,8.1,20220327,14.4,203,8.9,2.1,0.0,2022
86,28,2022-03-28,0.0,0.0,3,-2.3,40.6,7.2,20220328,14.9,203,10.8,1.0,0.0,2022
87,29,2022-03-29,0.0,0.8,3,-1.2,59.0,8.9,20220329,17.9,203,10.5,1.1,0.0,2022
88,30,2022-03-30,0.4,7.0,3,2.1,83.0,9.7,20220330,15.2,203,2.4,0.6,0.0,2022
89,31,2022-03-31,2.8,8.0,3,4.4,85.6,10.4,20220331,15.6,203,1.2,1.2,0.0,2022
90,1,2022-04-01,0.0,2.4,4,0.9,62.3,8.0,20220401,15.5,203,9.0,1.1,0.0,2022
91,2,2022-04-02,0.0,0.0,4,-1.0,49.9,7.6,20220402,15.4,203,11.0,1.7,0.0,2022
92,3,2022-04-03,0.0,0.0,4,-0.7,56.6,8.9,20220403,17.4,203,10.7,1.4,0.0,2022
93,4,2022-04-04,0.0,0.0,4,0.6,49.6,9.7,20220404,18.6,203,10.9,1.6,0.0,2022
94,5,2022-04-05,0.0,5.5,4,0.2,46.6,9.9,20220405,18.3,203,9.4,1.3,0.0,2022
95,6,2022-04-06,0.0,3.8,4,5.4,46.6,12.3,20220406,19.9,203,10.6,1.7,0.0,2022
96,7,2022-04-07,0.0,3.5,4,6.9,42.0,11.5,20220407,18.1,203,9.0,2.5,0.0,2022
97,8,2022-04-08,0.0,0.0,4,0.5,48.0,12.3,20220408,22.3,203,11.1,1.3,0.0,2022
98,9,2022-04-09,0.1,2.5,4,7.0,52.5,16.2,20220409,26.2,203,8.3,1.5,0.0,2022
99,10,2022-04-10,0.0,2.6,4,7.9,53.5,17.2,20220410,27.2,203,10.8,1.1,0.0,2022
100,11,2022-04-11,0.0,1.9,4,9.1,60.1,19.2,20220411,27.9,203,10.4,1.2,0.0,2022
101,12,2022-04-12,0.0,7.6,4,14.0,69.5,20.0,20220412,27.3,203,7.8,1.7,0.0,2022
102,13,2022-04-13,10.7,9.9,4,8.0,86.8,10.3,20220413,16.8,203,0.0,1.9,0.0,2022
103,14,2022-04-14,4.7,9.8,4,6.6,79.1,9.2,20220414,12.6,203,0.0,1.4,0.0,2022
104,15,2022-04-15,0.0,3.6,4,4.7,58.8,11.9,20220415,20.0,203,10.7,1.4,0.0,2022
105,16,2022-04-16,0.0,0.1,4,3.9,52.3,12.1,20220416,20.3,203,11.4,1.5,0.0,2022
106,17,2022-04-17,0.0,3.4,4,2.3,50.9,13.1,20220417,22.6,203,10.7,1.5,0.0,2022
107,18,2022-04-18,0.0,6.0,4,8.5,44.1,14.7,20220418,23.1,203,6.9,1.5,0.0,2022
108,19,2022-04-19,0.0,0.9,4,4.6,48.6,14.4,20220419,23.7,203,11.5,1.4,0.0,2022
109,20,2022-04-20,0.0,0.9,4,4.4,52.3,14.6,20220420,23.9,203,11.5,1.3,0.0,2022
110,21,2022-04-21,0.0,3.9,4,5.8,57.1,14.8,20220421,23.3,203,7.1,1.3,0.0,2022
111,22,2022-04-22,0.0,8.3,4,9.9,73.1,15.4,20220422,21.3,203,1.0,1.8,0.0,2022
112,23,2022-04-23,0.0,6.1,4,9.0,59.3,16.3,20220423,24.3,203,7.7,0.9,0.0,2022
113,24,2022-04-24,0.0,4.8,4,10.5,67.0,18.2,20220424,27.3,203,8.0,1.4,0.0,2022
114,25,2022-04-25,1.4,9.1,4,16.0,77.5,19.5,20220425,24.4,203,2.1,0.7,0.0,2022
115,26,2022-04-26,9.0,6.3,4,15.0,73.8,19.7,20220426,26.5,203,6.1,1.7,0.0,2022
116,27,2022-04-27,0.0,0.8,4,11.5,34.8,17.2,20220427,24.2,203,10.9,1.5,0.0,2022
117,28,2022-04-28,0.0,5.1,4,8.4,56.3,16.4,20220428,25.3,203,8.2,1.3,0.0,2022
118,29,2022-04-29,19.4,8.9,4,8.8,74.8,12.0,20220429,16.0,203,1.5,1.6,0.0,2022
119,30,2022-04-30,0.0,6.1,4,9.2,69.9,12.5,20220430,18.8,203,2.6,1.6,0.0,2022
120,1,2022-05-01,0.0,3.4,5,5.8,57.1,13.0,20220501,19.7,203,10.3,2.1,0.0,2022
121,2,2022-05-02,0.0,4.0,5,6.5,59.5,12.9,20220502,19.6,203,7.5,1.5,0.0,2022
122,3,2022-05-03,0.0,0.8,5,4.2,56.5,13.6,20220503,22.1,203,11.1,1.4,0.0,2022
123,4,2022-05-04,0.0,1.5,5,5.8,54.6,16.2,20220504,26.6,203,11.1,1.3,0.0,2022
124,5,2022-05-05,0.0,0.5,5,8.3,57.3,17.8,20220505,26.2,203,11.2,1.2,0.0,2022
125,6,2022-05-06,0.0,3.1,5,10.4,67.1,18.7,20220506,26.4,203,8.7,1.1,0.0,2022
126,7,2022-05-07,0.0,7.5,5,12.5,60.3,18.0,20220507,24.3,203,6.1,1.7,0.0,2022
127,8,2022-05-08,2.9,10.0,5,10.0,64.6,13.6,20220508,17.1,203,0.0,1.1,0.0,2022
128,9,2022-05-09,0.0,3.3,5,9.8,62.5,16.8,20220509,24.6,203,11.1,1.0,0.0,2022
129,10,2022-05-10,0.0,6.9,5,9.2,47.6,17.8,20220510,25.4,203,8.6,1.3,0.0,2022
130,11,2022-05-11,0.0,6.4,5,13.0,49.1,19.4,20220511,25.6,203,8.0,1.4,0.0,2022
131,12,2022-05-12,0.0,6.5,5,12.4,57.0,20.2,20220512,27.3,203,9.4,1.1,0.0,2022
132,13,2022-05-13,0.0,6.9,5,11.6,65.5,17.7,20220513,22.5,203,1.5,1.0,0.0,2022
133,14,2022-05-14,0.0,4.6,5,8.1,56.9,14.6,20220514,21.0,203,10.0,1.9,0.0,2022
134,15,2022-05-15,0.0,1.3,5,5.9,46.4,14.9,20220515,22.9,203,10.7,1.5,0.0,2022
135,16,2022-05-16,0.0,0.0,5,5.6,48.0,16.4,20220516,25.1,203,10.8,1.7,0.0,2022
136,17,2022-05-17,0.0,0.0,5,8.4,52.6,19.1,20220517,28.0,203,10.4,1.5,0.0,2022
137,18,2022-05-18,0.3,5.1,5,11.7,56.5,19.6,20220518,28.2,203,6.9,1.8,0.0,2022
138,19,2022-05-19,0.0,6.9,5,12.5,46.6,19.5,20220519,25.1,203,5.8,1.7,0.0,2022
139,20,2022-05-20,0.0,4.3,5,11.8,57.8,19.4,20220520,27.0,203,8.1,1.2,0.0,2022
140,21,2022-05-21,0.0,2.9,5,14.6,66.9,20.4,20220521,27.1,203,9.6,1.6,0.0,2022
141,22,2022-05-22,0.0,2.4,5,15.3,69.9,20.8,20220522,27.9,203,8.5,1.5,0.0,2022
142,23,2022-05-23,0.0,2.9,5,15.5,68.5,21.9,20220523,29.9,203,7.9,1.3,0.0,2022
143,24,2022-05-24,0.0,3.9,5,14.3,56.6,22.5,20220524,31.4,203,10.3,1.2,0.0,2022
144,25,2022-05-25,3.0,5.9,5,13.4,64.3,20.9,20220525,28.2,203,8.4,1.5,0.0,2022
145,26,2022-05-26,1.1,2.4,5,13.5,59.4,18.6,20220526,24.8,203,10.6,2.3,0.0,2022
146,27,2022-05-27,0.0,3.4,5,15.7,59.1,19.9,20220527,26.5,203,7.9,2.1,0.0,2022
147,28,2022-05-28,0.0,1.3,5,11.1,58.0,21.0,20220528,30.3,203,10.6,1.5,0.0,2022
148,29,2022-05-29,0.0,3.8,5,12.7,58.6,22.0,20220529,30.0,203,10.6,1.0,0.0,2022
149,30,2022-05-30,0.3,0.0,5,17.3,75.5,20.2,20220530,24.9,203,0.1,1.3,0.0,2022
150,31,2022-05-31,0.0,1.8,5,12.3,50.9,19.9,20220531,28.1,203,9.8,1.3,0.0,2022
151,1,2022-06-01,0.0,0.6,6,11.0,45.1,21.0,20220601,31.0,203,11.2,1.4,0.0,2022
152,2,2022-06-02,0.0,2.5,6,11.5,64.6,20.6,20220602,28.9,203,11.2,1.5,0.0,2022
153,3,2022-06-03,0.0,3.8,6,15.0,65.3,23.3,20220603,32.1,203,8.7,1.1,0.0,2022
154,4,2022-06-04,0.0,5.9,6,17.3,60.3,23.5,20220604,28.5,203,5.8,1.0,0.0,2022
155,5,2022-06-05,0.8,9.9,6,17.4,80.1,18.9,20220605,23.3,203,0.0,1.0,0.0,2022
156,6,2022-06-06,18.5,7.0,6,14.3,79.4,17.8,20220606,22.4,203,4.3,1.4,0.0,2022
157,7,2022-06-07,0.0,6.4,6,11.7,67.0,18.6,20220607,24.3,203,6.1,1.2,0.0,2022
158,8,2022-06-08,0.0,6.6,6,15.7,63.6,20.5,20220608,26.3,203,6.5,1.1,0.0,2022
159,9,2022-06-09,0.2,7.3,6,17.0,78.1,20.4,20220609,25.0,203,1.4,0.7,0.0,2022
160,10,2022-06-10,0.0,5.6,6,16.6,74.3,21.6,20220610,29.0,203,6.0,0.8,0.0,2022
161,11,2022-06-11,0.0,5.3,6,15.2,70.6,22.4,20220611,31.4,203,9.9,1.1,0.0,2022
162,12,2022-06-12,0.0,6.4,6,15.0,65.3,22.9,20220612,28.7,203,7.4,1.0,0.0,2022
163,13,2022-06-13,0.0,7.3,6,19.3,58.0,23.8,20220613,29.8,203,10.6,1.9,0.0,2022
164,14,2022-06-14,0.9,6.9,6,15.1,66.5,19.4,20220614,26.1,203,3.7,1.9,0.0,2022
165,15,2022-06-15,21.9,8.6,6,13.8,98.4,16.5,20220615,20.0,203,0.1,0.7,0.0,2022
166,16,2022-06-16,3.0,5.8,6,17.0,79.4,20.2,20220616,25.0,203,3.6,1.5,0.0,2022
167,17,2022-06-17,0.0,4.9,6,15.5,82.1,21.7,20220617,27.7,203,6.0,1.0,0.0,2022
168,18,2022-06-18,0.0,7.0,6,20.8,79.0,24.0,20220618,27.3,203,0.7,0.9,0.0,2022
169,19,2022-06-19,0.0,6.9,6,21.2,82.1,23.5,20220619,26.1,203,0.0,0.6,0.0,2022
170,20,2022-06-20,0.0,4.4,6,20.3,77.9,24.8,20220620,30.1,203,5.1,0.6,0.0,2022
171,21,2022-06-21,0.0,2.4,6,19.9,72.1,26.6,20220621,34.0,203,11.5,1.1,0.0,2022
172,22,2022-06-22,0.0,5.6,6,20.8,70.0,25.9,20220622,32.0,203,9.1,1.4,0.0,2022
173,23,2022-06-23,44.1,9.3,6,20.2,90.6,24.2,20220623,28.9,203,0.2,1.8,0.0,2022
174,24,2022-06-24,17.1,6.8,6,20.5,84.3,24.1,20220624,28.3,203,4.8,2.2,0.0,2022
175,25,2022-06-25,0.0,5.8,6,19.6,79.6,26.1,20220625,32.3,203,6.4,1.3,0.0,2022
176,26,2022-06-26,0.0,8.6,6,23.0,81.1,26.7,20220626,29.1,203,0.0,1.5,0.0,2022
177,27,2022-06-27,0.8,9.9,6,24.5,77.5,27.7,20220627,29.9,203,0.0,2.3,0.0,2022
178,28,2022-06-28,0.0,9.6,6,27.7,68.8,28.7,20220628,29.8,203,0.0,3.8,0.0,2022
179,29,2022-06-29,36.5,9.5,6,24.1,89.4,26.0,20220629,29.1,203,0.6,2.6,0.0,2022
180,30,2022-06-30,95.0,8.1,6,20.4,99.6,22.0,20220630,24.8,203,0.0,1.1,0.0,2022
181,1,2022-07-01,0.0,5.3,7,20.2,84.5,25.9,20220701,32.2,203,7.1,0.7,0.0,2022
182,2,2022-07-02,0.0,3.9,7,22.1,78.0,27.8,20220702,33.6,203,9.7,0.6,0.0,2022
183,3,2022-07-03,0.0,4.8,7,22.5,75.9,28.2,20220703,33.6,203,9.2,0.9,0.0,2022
184,4,2022-07-04,0.0,6.5,7,23.4,76.1,28.2,20220704,34.1,203,7.1,0.9,0.0,2022
185,5,2022-07-05,8.8,8.0,7,23.7,84.3,27.5,20220705,32.9,203,4.2,0.7,0.0,2022
186,6,2022-07-06,0.0,6.9,7,23.5,85.1,28.0,20220706,33.2,203,1.7,0.8,0.0,2022
187,7,2022-07-07,0.6,7.6,7,25.2,80.9,28.8,20220707,32.5,203,2.9,1.7,0.0,2022
188,8,2022-07-08,1.6,9.0,7,24.9,82.1,26.7,20220708,29.7,203,1.8,1.3,0.0,2022
189,9,2022-07-09,0.4,6.4,7,23.6,81.1,26.9,20220709,31.2,203,3.2,1.2,0.0,2022
190,10,2022-07-10,0.0,5.5,7,22.8,78.3,28.4,20220710,33.8,203,7.0,0.8,0.0,2022
191,11,2022-07-11,19.9,7.4,7,21.1,87.9,24.8,20220711,29.6,203,2.2,1.0,0.0,2022
192,12,2022-07-12,0.0,7.5,7,21.1,82.9,25.8,20220712,29.5,203,2.4,0.8,0.0,2022
193,13,2022-07-13,141.0,9.3,7,22.8,95.1,23.8,20220713,25.9,203,0.0,1.0,0.0,2022
194,14,2022-07-14,1.1,6.1,7,22.5,89.8,25.1,20220714,29.1,203,2.7,1.4,0.0,2022
195,15,2022-07-15,0.0,4.0,7,21.8,76.9,25.8,20220715,30.6,203,8.8,1.3,0.0,2022
196,16,2022-07-16,19.0,6.9,7,20.6,92.8,23.4,20220716,26.9,203,1.1,0.8,0.0,2022
197,17,2022-07-17,0.0,6.9,7,20.4,82.8,24.7,20220717,29.6,203,2.3,0.7,0.0,2022
198,18,2022-07-18,0.2,8.1,7,20.7,87.6,24.1,20220718,28.0,203,0.3,0.7,0.0,2022
199,19,2022-07-19,0.0,7.9,7,21.2,80.0,25.8,20220719,31.0,203,5.3,1.3,0.0,2022
200,20,2022-07-20,0.7,9.0,7,23.4,78.5,26.6,20220720,31.6,203,5.1,0.9,0.0,2022
201,21,2022-07-21,15.0,7.0,7,20.4,94.9,22.6,20220721,24.2,203,0.0,1.2,0.0,2022
202,22,2022-07-22,23.0,7.8,7,21.3,93.9,23.6,20220722,27.7,203,1.9,0.6,0.0,2022
203,23,2022-07-23,28.5,9.1,7,21.1,93.1,23.8,20220723,28.0,203,0.2,0.7,0.0,2022
204,24,2022-07-24,2.2,6.1,7,21.8,94.9,24.2,20220724,27.3,203,0.4,0.5,0.0,2022
205,25,2022-07-25,0.0,2.8,7,22.7,82.0,26.8,20220725,31.9,203,6.6,0.9,0.0,2022
206,26,2022-07-26,0.0,4.3,7,21.9,83.8,27.2,20220726,33.5,203,7.4,0.5,0.0,2022
207,27,2022-07-27,0.0,7.0,7,22.7,80.9,26.2,20220727,31.1,203,5.3,0.9,0.0,2022
208,28,2022-07-28,0.0,3.1,7,20.6,79.8,27.0,20220728,32.6,203,8.7,1.3,0.0,2022
209,29,2022-07-29,0.0,4.1,7,23.5,77.3,29.0,20220729,34.7,203,7.4,0.8,0.0,2022
210,30,2022-07-30,0.0,5.6,7,23.9,77.5,29.0,20220730,34.6,203,6.9,1.4,0.0,2022
211,31,2022-07-31,16.6,9.8,7,24.9,94.5,26.1,20220731,29.8,203,0.0,0.9,0.0,2022
212,1,2022-08-01,21.8,9.4,8,24.5,86.3,27.7,20220801,32.0,203,1.6,1.3,0.0,2022
213,2,2022-08-02,6.3,8.4,8,25.4,90.0,27.2,20220802,31.2,203,1.8,1.7,0.0,2022
214,3,2022-08-03,40.5,6.9,8,25.0,89.0,27.4,20220803,31.8,203,4.0,1.2,0.0,2022
215,4,2022-08-04,0.7,5.1,8,25.7,78.8,28.9,20220804,33.3,203,8.3,1.1,0.0,2022
216,5,2022-08-05,0.1,5.4,8,25.2,83.9,28.7,20220805,32.8,203,5.9,1.1,0.0,2022
217,6,2022-08-06,0.0,5.8,8,26.4,84.4,28.8,20220806,32.5,203,2.8,0.9,0.0,2022
218,7,2022-08-07,0.0,7.6,8,25.2,83.4,28.7,20220807,32.6,203,1.7,1.2,0.0,2022
219,8,2022-08-08,56.6,9.8,8,24.1,91.8,26.7,20220808,29.0,203,0.0,1.7,0.0,2022
220,9,2022-08-09,51.8,10.0,8,24.8,93.5,26.5,20220809,27.9,203,0.0,2.4,0.0,2022
221,10,2022-08-10,56.6,8.5,8,22.5,96.5,23.6,20220810,25.8,203,0.0,0.9,0.0,2022
222,11,2022-08-11,87.0,9.6,8,22.8,98.6,24.2,20220811,26.1,203,0.0,0.7,0.0,2022
223,12,2022-08-12,0.0,4.0,8,22.8,81.9,26.6,20220812,31.7,203,9.5,0.8,0.0,2022
224,13,2022-08-13,6.5,8.8,8,22.5,97.1,24.6,20220813,26.1,203,0.0,0.6,0.0,2022
225,14,2022-08-14,41.7,8.5,8,24.2,96.6,25.7,20220814,30.8,203,0.4,0.6,0.0,2022
226,15,2022-08-15,2.9,9.3,8,24.2,85.6,27.7,20220815,31.3,203,0.4,2.1,0.0,2022
227,16,2022-08-16,0.0,3.9,8,22.8,76.5,26.8,20220816,30.9,203,8.9,1.5,0.0,2022
228,17,2022-08-17,0.1,5.6,8,21.3,88.5,24.6,20220817,31.0,203,2.3,0.7,0.0,2022
229,18,2022-08-18,0.0,7.9,8,20.6,79.8,25.0,20220818,29.4,203,4.5,0.7,0.0,2022
230,19,2022-08-19,15.7,9.6,8,20.3,91.0,25.0,20220819,28.1,203,0.7,1.3,0.0,2022
231,20,2022-08-20,0.9,5.0,8,25.0,83.5,27.8,20220820,32.6,203,8.9,1.4,0.0,2022
232,21,2022-08-21,0.0,5.4,8,23.7,81.9,27.2,20220821,32.5,203,7.0,0.7,0.0,2022
233,22,2022-08-22,0.0,7.8,8,22.1,79.8,26.3,20220822,31.5,203,2.9,0.9,0.0,2022
234,23,2022-08-23,1.2,6.1,8,21.0,94.0,23.6,20220823,27.4,203,1.2,0.6,0.0,2022
235,24,2022-08-24,0.0,7.8,8,19.7,79.0,23.3,20220824,27.6,203,0.4,1.0,0.0,2022
236,25,2022-08-25,0.9,8.9,8,18.7,89.1,20.9,20220825,24.3,203,0.0,0.5,0.0,2022
237,26,2022-08-26,0.0,5.6,8,17.2,79.3,22.6,20220826,28.3,203,5.7,1.0,0.0,2022
238,27,2022-08-27,0.0,2.6,8,15.6,63.0,21.6,20220827,26.4,203,10.6,1.3,0.0,2022
239,28,2022-08-28,0.0,1.8,8,12.9,73.4,20.5,20220828,28.2,203,10.6,0.7,0.0,2022
240,29,2022-08-29,2.8,8.8,8,18.0,94.9,18.9,20220829,20.4,203,0.0,0.6,0.0,2022
241,30,2022-08-30,58.2,9.8,8,17.0,100.0,18.5,20220830,19.8,203,0.0,0.7,0.0,2022
242,31,2022-08-31,2.2,8.5,8,18.9,95.1,20.5,20220831,24.1,203,0.1,0.5,0.0,2022
243,1,2022-09-01,0.0,5.0,9,16.9,81.6,22.6,20220901,29.2,203,10.0,0.6,0.0,2022
244,2,2022-09-02,0.0,3.8,9,17.5,75.3,22.8,20220902,29.5,203,9.4,1.1,0.0,2022
245,3,2022-09-03,0.0,6.8,9,17.5,75.5,22.3,20220903,28.7,203,5.0,1.2,0.0,2022
246,4,2022-09-04,9.0,9.9,9,18.9,94.4,21.8,20220904,24.1,203,0.0,0.8,0.0,2022
247,5,2022-09-05,118.0,10.0,9,17.5,100.0,20.7,20220905,23.4,203,0.0,0.9,0.0,2022
248,6,2022-09-06,64.5,4.6,9,17.0,83.5,20.8,20220906,27.1,203,6.7,1.8,0.0,2022
249,7,2022-09-07,0.0,2.9,9,15.7,76.6,20.7,20220907,28.1,203,7.4,0.7,0.0,2022
250,8,2022-09-08,0.0,1.9,9,12.9,78.1,20.4,20220908,28.5,203,10.0,0.5,0.0,2022
251,9,2022-09-09,0.0,4.9,9,14.7,77.8,21.4,20220909,29.3,203,9.1,0.5,0.0,2022
252,10,2022-09-10,0.0,8.9,9,14.2,76.0,20.1,20220910,27.3,203,5.3,0.6,0.0,2022
253,11,2022-09-11,0.0,9.0,9,18.3,79.5,22.3,20220911,26.7,203,1.2,0.5,0.0,2022
254,12,2022-09-12,0.0,8.9,9,18.8,87.9,22.6,20220912,27.8,203,3.3,0.5,0.0,2022
255,13,2022-09-13,0.1,9.8,9,20.1,84.8,23.1,20220913,27.8,203,0.3,0.7,0.0,2022
256,14,2022-09-14,0.0,8.8,9,18.5,66.1,22.8,20220914,27.8,203,1.8,1.4,0.0,2022
257,15,2022-09-15,0.0,7.8,9,16.6,76.8,23.4,20220915,29.2,203,5.1,1.0,0.0,2022
258,16,2022-09-16,0.0,8.4,9,20.5,75.1,25.7,20220916,31.7,203,5.9,1.4,0.0,2022
259,17,2022-09-17,0.0,7.8,9,23.0,85.1,26.0,20220917,31.8,203,3.7,0.6,0.0,2022
260,18,2022-09-18,0.0,8.9,9,22.9,81.4,26.1,20220918,30.5,203,1.9,1.0,0.0,2022
261,19,2022-09-19,0.0,5.3,9,16.3,67.3,23.4,20220919,28.6,203,5.9,1.9,0.0,2022
262,20,2022-09-20,0.0,2.5,9,13.1,69.3,17.9,20220920,23.9,203,6.0,0.8,0.0,2022
263,21,2022-09-21,0.0,0.3,9,10.2,74.6,16.7,20220921,24.5,203,8.5,0.8,0.0,2022
264,22,2022-09-22,0.0,5.5,9,9.8,75.9,16.9,20220922,24.6,203,7.4,0.5,0.0,2022
265,23,2022-09-23,0.6,3.8,9,11.4,75.0,16.3,20220923,23.8,203,5.9,1.4,0.0,2022
266,24,2022-09-24,0.0,4.4,9,8.5,71.8,16.4,20220924,24.8,203,8.8,0.8,0.0,2022
267,25,2022-09-25,0.0,8.5,9,11.0,77.1,16.6,20220925,23.9,203,4.3,0.5,0.0,2022
268,26,2022-09-26,0.0,7.5,9,11.9,76.5,17.2,20220926,26.3,203,6.3,0.4,0.0,2022
269,27,2022-09-27,0.0,0.9,9,9.9,76.9,17.7,20220927,27.3,203,9.0,0.4,0.0,2022
270,28,2022-09-28,0.0,5.0,9,11.7,84.9,17.5,20220928,25.3,203,5.1,0.4,0.0,2022
271,29,2022-09-29,0.0,3.6,9,12.8,86.6,17.6,20220929,25.5,203,5.5,0.5,0.0,2022
272,30,2022-09-30,0.0,5.3,9,12.4,88.8,17.0,20220930,26.1,203,5.1,0.4,0.0,2022
273,1,2022-10-01,0.0,8.3,10,9.8,82.3,17.4,20221001,26.4,203,5.2,0.4,0.0,2022
274,2,2022-10-02,6.5,9.4,10,13.4,94.4,17.0,20221002,20.4,203,0.0,0.5,0.0,2022
275,3,2022-10-03,23.4,9.1,10,16.8,97.6,21.0,20221003,24.5,203,0.0,1.0,0.0,2022
276,4,2022-10-04,29.7,9.1,10,15.3,90.3,19.3,20221004,23.4,203,0.2,1.4,0.0,2022
277,5,2022-10-05,0.2,9.0,10,13.5,77.8,16.4,20221005,21.5,203,3.1,0.7,0.0,2022
278,6,2022-10-06,0.1,9.5,10,12.7,81.8,15.4,20221006,19.8,203,1.0,0.6,0.0,2022
279,7,2022-10-07,0.0,4.8,10,10.7,80.5,14.4,20221007,20.3,203,3.5,0.8,0.0,2022
280,8,2022-10-08,0.0,2.1,10,7.7,77.0,13.6,20221008,21.0,203,7.5,0.9,0.0,2022
281,9,2022-10-09,19.3,9.6,10,10.7,92.8,12.4,20221009,15.3,203,0.0,0.6,0.0,2022
282,10,2022-10-10,4.3,5.6,10,7.7,82.1,9.6,20221010,13.1,203,1.7,2.1,0.0,2022
283,11,2022-10-11,0.0,1.6,10,6.3,71.4,10.8,20221011,17.8,203,8.1,1.1,0.0,2022
284,12,2022-10-12,0.0,3.5,10,4.6,89.0,10.3,20221012,19.9,203,5.9,0.5,0.0,2022
285,13,2022-10-13,0.0,2.1,10,6.8,83.0,13.2,20221013,21.7,203,7.7,0.5,0.0,2022
286,14,2022-10-14,0.0,7.6,10,8.3,85.1,14.6,20221014,22.3,203,5.9,0.4,0.0,2022
287,15,2022-10-15,0.0,3.8,10,10.5,79.5,16.3,20221015,24.3,203,5.7,0.4,0.0,2022
288,16,2022-10-16,0.0,8.9,10,13.8,87.3,16.4,20221016,20.6,203,0.0,0.6,0.0,2022
289,17,2022-10-17,0.0,1.9,10,5.5,51.3,12.1,20221017,16.2,203,9.1,1.6,0.0,2022
290,18,2022-10-18,0.0,0.0,10,0.8,65.4,7.7,20221018,14.8,203,9.0,0.8,0.0,2022
291,19,2022-10-19,0.0,1.9,10,-0.4,72.9,7.3,20221019,17.0,203,8.0,0.6,0.0,2022
292,20,2022-10-20,0.0,2.1,10,-0.2,74.6,9.4,20221020,19.7,203,8.8,0.6,0.0,2022
293,21,2022-10-21,0.0,5.5,10,4.1,77.3,11.1,20221021,20.2,203,6.1,0.6,0.0,2022
294,22,2022-10-22,0.0,4.0,10,6.3,79.5,13.3,20221022,20.9,203,7.7,0.8,0.0,2022
295,23,2022-10-23,0.0,4.1,10,8.1,68.9,12.9,20221023,19.8,203,4.9,0.8,0.0,2022
296,24,2022-10-24,0.0,2.4,10,3.2,62.8,9.6,20221024,16.5,203,6.7,0.9,0.0,2022
297,25,2022-10-25,0.0,1.0,10,2.4,69.5,9.3,20221025,17.2,203,8.0,0.8,0.0,2022
298,26,2022-10-26,0.0,3.9,10,2.4,73.6,9.7,20221026,17.6,203,6.4,0.4,0.0,2022
299,27,2022-10-27,0.0,2.0,10,4.5,80.0,11.6,20221027,20.5,203,8.5,0.7,0.0,2022
300,28,2022-10-28,0.0,3.9,10,6.6,81.8,12.0,20221028,20.0,203,6.1,0.4,0.0,2022
301,29,2022-10-29,0.0,2.0,10,5.7,76.3,11.9,20221029,20.3,203,8.2,0.4,0.0,2022
302,30,2022-10-30,0.0,1.9,10,5.6,76.3,12.1,20221030,20.5,203,8.0,0.4,0.0,2022
303,31,2022-10-31,0.0,3.8,10,6.2,76.8,12.6,20221031,20.2,203,8.3,0.5,0.0,2022
304,1,2022-11-01,0.0,3.0,11,6.5,84.6,11.0,20221101,18.8,203,3.6,0.5,0.0,2022
305,2,2022-11-02,0.0,2.6,11,2.0,78.4,8.7,20221102,18.0,203,5.0,0.8,0.0,2022
306,3,2022-11-03,0.0,6.9,11,2.3,71.1,8.0,20221103,13.8,203,1.0,0.6,0.0,2022
307,4,2022-11-04,0.0,0.3,11,0.3,44.6,4.6,20221104,10.5,203,8.3,1.2,0.0,2022
308,5,2022-11-05,0.0,0.0,11,-4.1,58.3,4.2,20221105,13.6,203,8.2,0.8,0.0,2022
309,6,2022-11-06,0.0,2.3,11,-1.6,67.0,6.5,20221106,15.7,203,8.3,0.5,0.0,2022
310,7,2022-11-07,0.0,5.0,11,-0.3,67.9,8.4,20221107,15.7,203,5.6,0.5,0.0,2022
311,8,2022-11-08,0.0,2.6,11,5.3,72.6,10.3,20221108,18.4,203,6.6,0.6,0.0,2022
312,9,2022-11-09,0.0,6.4,11,0.7,80.0,8.7,20221109,17.1,203,6.3,0.4,0.0,2022
313,10,2022-11-10,0.0,2.8,11,2.9,83.8,10.3,20221110,17.9,203,7.2,0.4,0.0,2022
314,11,2022-11-11,0.0,1.5,11,4.8,79.4,12.2,20221111,21.4,203,8.3,0.3,0.0,2022
315,12,2022-11-12,25.1,6.0,11,6.3,84.9,14.4,20221112,22.4,203,3.0,0.8,0.0,2022
316,13,2022-11-13,0.2,9.4,11,8.6,91.3,10.9,20221113,17.8,203,0.0,1.5,0.0,2022
317,14,2022-11-14,0.0,4.1,11,4.6,81.0,9.2,20221114,14.8,203,3.0,1.2,0.0,2022
318,15,2022-11-15,2.6,0.0,11,-0.8,93.0,5.0,20221115,11.6,203,3.2,0.7,0.0,2022
319,16,2022-11-16,0.0,6.9,11,2.5,86.9,6.0,20221116,13.2,203,3.6,0.5,0.0,2022
320,17,2022-11-17,0.0,4.1,11,0.9,84.3,6.7,20221117,15.0,203,6.9,0.5,0.0,2022
321,18,2022-11-18,0.0,2.8,11,-0.2,79.1,7.0,20221118,17.2,203,6.7,0.4,0.0,2022
322,19,2022-11-19,0.0,2.6,11,1.0,77.8,9.0,20221119,18.7,203,7.9,0.4,0.0,2022
323,20,2022-11-20,0.0,3.1,11,5.4,74.0,11.0,20221120,19.1,203,7.1,0.4,0.0,2022
324,21,2022-11-21,0.0,4.6,11,3.5,79.9,10.3,20221121,18.1,203,5.2,0.4,0.0,2022
325,22,2022-11-22,0.2,9.0,11,3.3,84.1,8.9,20221122,14.2,203,0.9,0.3,0.0,2022
326,23,2022-11-23,0.0,3.5,11,6.6,63.8,11.2,20221123,17.2,203,6.7,0.9,0.0,2022
327,24,2022-11-24,0.0,3.9,11,1.4,75.3,6.8,20221124,14.5,203,6.6,0.5,0.0,2022
328,25,2022-11-25,0.0,2.3,11,-0.7,70.0,9.2,20221125,17.1,203,7.6,1.1,0.0,2022
329,26,2022-11-26,0.2,0.0,11,-0.3,56.1,7.6,20221126,13.1,203,8.0,1.5,0.0,2022
330,27,2022-11-27,0.0,4.1,11,-3.8,57.8,3.1,20221127,12.0,203,7.4,0.5,0.0,2022
331,28,2022-11-28,17.1,8.4,11,-0.9,88.8,6.6,20221128,10.4,203,0.4,0.4,0.0,2022
332,29,2022-11-29,2.2,9.6,11,0.4,61.3,8.3,20221129,13.5,203,0.6,1.6,0.0,2022
333,30,2022-11-30,0.0,1.3,11,-6.7,39.9,-3.9,20221130,0.5,203,8.5,2.2,0.0,2022
334,1,2022-12-01,0.0,2.6,12,-9.9,47.6,-4.8,20221201,-0.2,203,7.4,1.0,0.0,2022
335,2,2022-12-02,0.0,1.5,12,-9.9,59.3,-4.0,20221202,2.5,203,8.6,0.7,0.0,2022
336,3,2022-12-03,0.0,7.9,12,-4.9,78.4,-0.1,20221203,4.6,203,2.4,0.4,0.0,2022
337,4,2022-12-04,0.0,8.0,12,-4.6,37.5,-2.1,20221204,0.9,203,0.9,1.5,0.0,2022
338,5,2022-12-05,0.0,3.6,12,-6.4,38.8,-2.8,20221205,3.1,203,7.9,1.2,0.0,2022
339,6,2022-12-06,2.1,5.8,12,-8.0,80.8,-2.6,20221206,3.4,203,3.1,0.6,0.0,2022
340,7,2022-12-07,0.1,3.8,12,-3.3,77.4,2.7,20221207,9.4,203,4.9,1.1,0.0,2022
341,8,2022-12-08,0.0,1.0,12,-4.3,70.8,1.3,20221208,9.2,203,7.6,0.5,0.0,2022
342,9,2022-12-09,0.0,4.1,12,-4.4,78.8,0.7,20221209,7.8,203,3.6,0.4,0.0,2022
343,10,2022-12-10,0.0,6.1,12,-5.3,77.1,-0.4,20221210,6.1,203,2.5,0.3,0.0,2022
344,11,2022-12-11,0.0,0.0,12,-6.1,69.0,-0.2,20221211,8.5,203,7.9,0.5,0.0,2022
345,12,2022-12-12,1.3,7.6,12,-5.9,80.5,0.7,20221212,6.6,203,3.7,0.8,0.0,2022
346,13,2022-12-13,2.8,8.3,12,-5.1,83.4,0.5,20221213,4.2,203,1.1,2.2,0.0,2022
347,14,2022-12-14,0.0,0.1,12,-11.0,53.8,-7.6,20221214,-4.2,203,8.0,1.7,0.0,2022
348,15,2022-12-15,2.8,4.9,12,-11.1,87.5,-6.2,20221215,-2.7,203,0.0,0.5,0.0,2022
349,16,2022-12-16,0.0,5.5,12,-11.9,65.3,-6.1,20221216,-1.9,203,6.9,1.0,0.0,2022
350,17,2022-12-17,0.2,3.4,12,-10.7,59.1,-7.1,20221217,-2.3,203,4.6,1.2,0.0,2022
351,18,2022-12-18,0.0,1.4,12,-14.0,54.5,-9.6,20221218,-4.9,203,8.3,1.3,0.0,2022
352,19,2022-12-19,0.0,2.8,12,-16.1,73.0,-8.7,20221219,-2.0,203,5.9,0.7,0.0,2022
353,20,2022-12-20,0.0,4.0,12,-14.3,74.4,-6.3,20221220,0.2,203,7.5,0.3,0.0,2022
354,21,2022-12-21,5.2,8.3,12,-4.3,89.8,-2.1,20221221,0.4,203,0.0,0.4,0.0,2022
355,22,2022-12-22,0.0,1.4,12,-11.2,58.4,-6.8,20221222,-1.8,203,6.9,2.4,0.0,2022
356,23,2022-12-23,0.0,4.5,12,-14.0,58.3,-11.2,20221223,-7.1,203,6.1,2.3,0.0,2022
357,24,2022-12-24,0.0,3.8,12,-17.8,69.0,-11.5,20221224,-5.0,203,8.2,0.5,0.0,2022
358,25,2022-12-25,0.0,4.5,12,-16.4,77.5,-9.4,20221225,-1.3,203,6.8,0.4,0.0,2022
359,26,2022-12-26,0.0,0.0,12,-14.3,81.5,-8.1,20221226,-0.8,203,5.5,0.3,0.0,2022
360,27,2022-12-27,0.0,4.0,12,-13.9,80.1,-6.8,20221227,1.2,203,7.4,0.4,0.0,2022
361,28,2022-12-28,0.2,1.8,12,-10.3,67.5,-4.4,20221228,1.6,203,7.2,1.0,0.0,2022
362,29,2022-12-29,0.0,3.6,12,-13.7,64.5,-4.9,20221229,1.2,203,8.0,0.8,0.0,2022
363,30,2022-12-30,0.1,0.0,12,-8.5,72.9,-3.1,20221230,3.2,203,6.7,0.9,0.0,2022
364,31,2022-12-31,0.0,5.6,12,-10.3,81.9,-5.2,20221231,0.6,203,0.0,0.3,0.0,2022
