,sunshine,snow,wind,rainfall,date,cloud,humid,day,tmax,tmin,Date,station_id,tavg,month,year
0,0.0,0.0,0.5,0.0,20200101,7.4,76.8,1,-2.0,-7.9,2020-01-01,203,-4.2,1,2020
1,0.0,0.0,0.5,0.0,20200102,0.0,83.6,2,2.4,-2.5,2020-01-02,203,0.0,1,2020
2,8.1,0.0,1.0,0.0,20200103,2.0,70.0,3,5.9,-5.0,2020-01-03,203,0.1,1,2020
3,6.5,0.0,0.9,0.0,20200104,1.9,70.3,4,7.7,-6.9,2020-01-04,203,-0.5,1,2020
4,6.8,0.0,0.5,0.0,20200105,4.8,73.8,5,5.4,-7.9,2020-01-05,203,-1.2,1,2020
5,0.0,0.0,0.7,4.4,20200106,9.9,88.4,6,3.4,-3.0,2020-01-06,203,0.9,1,2020
6,0.0,0.0,0.8,64.0,20200107,9.8,100.0,7,7.4,2.9,2020-01-07,203,5.6,1,2020
7,0.0,0.0,2.8,1.4,20200108,8.6,90.8,8,11.0,0.6,2020-01-08,203,3.6,1,2020
8,5.6,0.0,1.5,0.0,20200109,1.3,69.1,9,4.1,-2.9,2020-01-09,203,0.3,1,2020
9,5.2,0.0,0.6,0.0,20200110,5.4,82.3,10,4.3,-5.1,2020-01-10,203,-1.0,1,2020
10,4.9,0.0,0.8,0.0,20200111,3.6,81.8,11,5.0,-5.9,2020-01-11,203,-0.8,1,2020
11,7.9,0.0,1.5,0.0,20200112,2.4,71.5,12,3.7,-3.5,2020-01-12,203,-0.3,1,2020
12,7.3,0.0,1.4,0.0,20200113,1.1,62.5,13,2.7,-5.0,2020-01-13,203,-1.8,1,2020
13,8.3,0.0,0.7,0.0,20200114,1.3,65.0,14,3.2,-7.8,2020-01-14,203,-2.6,1,2020
14,8.8,0.0,0.8,0.0,20200115,0.5,65.3,15,3.2,-8.6,2020-01-15,203,-2.9,1,2020
15,7.0,0.0,0.8,0.0,20200116,6.4,67.5,16,4.1,-7.9,2020-01-16,203,-3.1,1,2020
16,7.1,0.0,0.7,0.0,20200117,4.9,69.3,17,5.3,-7.5,2020-01-17,203,-1.9,1,2020
17,8.5,0.0,0.9,0.0,20200118,1.4,65.0,18,7.1,-6.6,2020-01-18,203,-0.6,1,2020
18,1.7,0.0,1.0,0.5,20200119,5.1,79.4,19,4.8,-4.0,2020-01-19,203,0.3,1,2020
19,6.7,0.0,2.0,0.0,20200120,2.9,58.6,20,7.0,-2.1,2020-01-20,203,1.5,1,2020
20,9.0,0.0,0.8,0.0,20200121,2.6,54.0,21,4.2,-6.9,2020-01-21,203,-1.8,1,2020
21,0.0,0.0,0.5,0.0,20200122,9.4,72.0,22,3.9,-3.0,2020-01-22,203,0.1,1,2020
22,8.3,0.0,0.8,0.0,20200123,5.0,65.0,23,12.1,-3.1,2020-01-23,203,3.9,1,2020
23,8.4,0.0,0.6,0.0,20200124,4.1,73.1,24,10.1,-4.2,2020-01-24,203,2.3,1,2020
24,2.4,0.0,0.3,0.0,20200125,7.9,83.1,25,8.9,-2.2,2020-01-25,203,2.5,1,2020
25,6.7,0.0,1.0,0.0,20200126,7.0,73.4,26,12.0,-3.3,2020-01-26,203,4.2,1,2020
26,0.0,0.0,2.1,2.1,20200127,9.9,68.1,27,8.0,3.4,2020-01-27,203,5.4,1,2020
27,0.1,0.0,1.6,0.2,20200128,7.6,64.6,28,11.0,2.9,2020-01-28,203,6.8,1,2020
28,6.5,0.0,0.9,0.0,20200129,4.8,64.1,29,11.0,-0.9,2020-01-29,203,5.1,1,2020
29,5.3,0.0,0.9,0.0,20200130,6.5,61.3,30,10.2,0.5,2020-01-30,203,5.1,1,2020
30,1.0,0.0,1.2,0.0,20200131,4.9,74.8,31,8.2,0.3,2020-01-31,203,3.3,1,2020
31,1.3,0.0,1.0,0.0,20200201,5.0,83.4,1,7.1,-4.2,2020-02-01,203,1.4,2,2020
32,2.1,0.0,0.9,0.0,20200202,4.4,73.3,2,6.5,-3.1,2020-02-02,203,1.1,2,2020
33,8.6,0.0,1.9,0.0,20200203,1.6,56.5,3,5.1,-3.7,2020-02-03,203,0.3,2,2020
34,8.4,0.0,1.5,1.7,20200204,2.5,70.8,4,5.9,-8.7,2020-02-04,203,-1.2,2,2020
35,9.4,0.0,1.8,0.0,20200205,0.1,42.9,5,-2.0,-9.5,2020-02-05,203,-6.5,2,2020
36,9.2,0.0,0.9,0.0,20200206,0.0,55.0,6,0.2,-13.1,2020-02-06,203,-6.4,2,2020
37,5.8,0.0,1.0,0.0,20200207,5.4,61.8,7,3.3,-9.1,2020-02-07,203,-2.1,2,2020
38,8.7,0.0,1.7,0.0,20200208,1.1,53.9,8,5.2,-2.1,2020-02-08,203,0.7,2,2020
39,9.2,0.0,1.3,0.0,20200209,0.8,63.8,9,5.6,-8.3,2020-02-09,203,-1.0,2,2020
40,8.8,0.0,1.0,0.0,20200210,0.1,58.8,10,10.7,-3.3,2020-02-10,203,3.2,2,2020
41,9.0,0.0,0.6,0.0,20200211,3.0,56.8,11,13.9,-4.9,2020-02-11,203,4.4,2,2020
42,0.0,0.0,0.3,14.5,20200212,8.8,90.5,12,6.9,3.6,2020-02-12,203,5.4,2,2020
43,4.8,0.0,1.6,0.0,20200213,6.3,93.6,13,11.0,0.9,2020-02-13,203,6.7,2,2020
44,2.7,0.0,0.5,0.0,20200214,6.4,96.6,14,9.5,0.7,2020-02-14,203,4.0,2,2020
45,2.8,0.0,0.7,0.8,20200215,8.0,80.1,15,15.4,-1.2,2020-02-15,203,7.7,2,2020
46,0.6,0.0,2.8,7.1,20200216,9.1,87.6,16,7.6,-3.9,2020-02-16,203,0.0,2,2020
47,5.1,0.0,2.4,0.8,20200217,8.5,68.0,17,-1.4,-6.6,2020-02-17,203,-4.4,2,2020
48,9.6,0.0,1.3,0.0,20200218,0.0,58.5,18,3.0,-9.4,2020-02-18,203,-3.2,2,2020
49,8.3,0.0,0.6,0.0,20200219,3.8,70.1,19,7.1,-6.9,2020-02-19,203,-0.1,2,2020
50,9.1,0.0,0.6,0.0,20200220,1.5,73.4,20,11.6,-2.9,2020-02-20,203,3.8,2,2020
51,1.3,0.0,0.7,2.6,20200221,8.1,81.6,21,11.5,-1.6,2020-02-21,203,4.9,2,2020
52,6.5,0.0,3.4,4.0,20200222,4.5,66.3,22,9.8,0.9,2020-02-22,203,5.0,2,2020
53,10.1,0.0,1.5,0.0,20200223,0.1,55.3,23,9.0,-2.6,2020-02-23,203,2.5,2,2020
54,8.2,0.0,0.6,0.0,20200224,4.6,63.5,24,13.1,-3.1,2020-02-24,203,5.3,2,2020
55,0.0,0.0,1.7,24.0,20200225,8.1,90.9,25,7.0,4.2,2020-02-25,203,5.6,2,2020
56,3.4,0.0,1.0,0.0,20200226,3.6,72.3,26,11.4,1.8,2020-02-26,203,6.5,2,2020
57,7.6,0.0,0.9,0.0,20200227,3.1,61.5,27,11.2,1.7,2020-02-27,203,5.7,2,2020
58,0.0,0.0,0.5,4.0,20200228,8.9,95.8,28,4.8,0.0,2020-02-28,203,3.0,2,2020
59,4.7,0.0,0.7,0.0,20200229,2.9,85.4,29,12.2,3.2,2020-02-29,203,6.7,2,2020
60,0.9,0.0,1.2,0.0,20200301,8.3,88.6,1,12.1,-0.4,2020-03-01,203,5.2,3,2020
61,9.1,0.0,1.8,0.0,20200302,2.4,57.6,2,9.4,1.2,2020-03-02,203,4.5,3,2020
62,4.6,0.0,1.3,0.0,20200303,7.8,74.0,3,12.7,-2.4,2020-03-03,203,4.6,3,2020
63,7.3,0.0,3.0,0.0,20200304,6.5,60.9,4,7.5,0.1,2020-03-04,203,3.3,3,2020
64,9.9,0.0,1.8,0.0,20200305,0.4,55.4,5,8.6,-3.0,2020-03-05,203,1.8,3,2020
65,9.9,0.0,0.7,0.0,20200306,3.3,61.9,6,10.8,-5.7,2020-03-06,203,2.6,3,2020
66,0.0,0.0,0.8,0.0,20200307,6.8,66.1,7,11.9,-2.1,2020-03-07,203,5.2,3,2020
67,9.8,0.0,0.7,0.0,20200308,0.0,62.6,8,17.3,-2.0,2020-03-08,203,7.5,3,2020
68,5.2,0.0,0.7,0.0,20200309,6.5,58.4,9,17.1,-0.4,2020-03-09,203,9.5,3,2020
69,0.0,0.0,1.7,8.7,20200310,7.4,81.5,10,10.5,3.9,2020-03-10,203,7.6,3,2020
70,10.2,0.0,2.1,0.0,20200311,0.0,50.4,11,9.7,0.1,2020-03-11,203,4.0,3,2020
71,10.0,0.0,1.3,0.0,20200312,2.0,56.6,12,15.0,-3.4,2020-03-12,203,5.7,3,2020
72,7.1,0.0,1.8,0.0,20200313,5.6,48.1,13,12.5,1.0,2020-03-13,203,6.5,3,2020
73,10.0,0.0,2.3,0.0,20200314,1.9,51.1,14,11.1,-2.7,2020-03-14,203,4.3,3,2020
74,6.0,0.0,2.7,0.0,20200315,4.9,56.5,15,11.2,1.0,2020-03-15,203,4.9,3,2020
75,10.2,0.0,1.7,0.0,20200316,0.8,53.3,16,10.9,-2.7,2020-03-16,203,3.9,3,2020
76,1.9,0.0,1.2,0.0,20200317,5.1,73.8,17,10.5,0.1,2020-03-17,203,4.9,3,2020
77,7.8,0.0,1.0,0.0,20200318,1.1,60.5,18,18.1,-3.2,2020-03-18,203,7.6,3,2020
78,4.5,0.0,3.8,0.2,20200319,3.3,58.4,19,12.9,1.5,2020-03-19,203,7.3,3,2020
79,10.3,0.0,2.2,0.0,20200320,0.9,49.3,20,16.5,1.3,2020-03-20,203,8.3,3,2020
80,5.1,0.0,1.3,0.0,20200321,5.8,60.3,21,21.7,0.3,2020-03-21,203,11.7,3,2020
81,10.7,0.0,2.0,0.0,20200322,0.9,46.9,22,19.4,7.2,2020-03-22,203,12.5,3,2020
82,10.3,0.0,1.8,0.0,20200323,0.0,44.3,23,18.7,1.8,2020-03-23,203,10.9,3,2020
83,10.5,0.0,1.3,0.0,20200324,0.0,51.0,24,18.8,1.0,2020-03-24,203,10.4,3,2020
84,9.4,0.0,0.9,0.0,20200325,2.6,48.0,25,21.0,1.7,2020-03-25,203,11.8,3,2020
85,3.6,0.0,0.9,3.4,20200326,0.0,67.5,26,21.7,4.9,2020-03-26,203,13.7,3,2020
86,4.0,0.0,1.9,8.1,20200327,6.8,77.3,27,16.4,6.8,2020-03-27,203,12.2,3,2020
87,7.6,0.0,1.6,0.0,20200328,6.4,29.1,28,13.5,4.0,2020-03-28,203,8.1,3,2020
88,10.6,0.0,1.2,0.0,20200329,2.5,50.8,29,16.4,-2.0,2020-03-29,203,7.7,3,2020
89,10.8,0.0,1.2,0.0,20200330,1.6,45.0,30,18.3,2.1,2020-03-30,203,10.3,3,2020
90,8.7,0.0,1.2,0.0,20200331,5.5,43.6,31,20.4,0.6,2020-03-31,203,11.3,3,2020
91,7.0,0.0,2.1,0.0,20200401,5.6,45.9,1,20.4,4.9,2020-04-01,203,11.8,4,2020
92,10.4,0.0,1.6,0.0,20200402,0.3,53.1,2,18.0,0.3,2020-04-02,203,9.1,4,2020
93,10.9,0.0,1.9,0.0,20200403,0.1,54.6,3,18.6,0.0,2020-04-03,203,9.5,4,2020
94,8.4,0.0,1.8,0.0,20200404,2.0,39.8,4,16.5,2.3,2020-04-04,203,9.1,4,2020
95,11.2,0.0,1.9,0.0,20200405,0.0,33.8,5,15.1,-1.0,2020-04-05,203,7.7,4,2020
96,10.9,0.0,1.6,0.0,20200406,2.8,50.5,6,18.2,-1.4,2020-04-06,203,8.6,4,2020
97,9.5,0.0,2.0,0.0,20200407,2.3,56.3,7,19.3,2.9,2020-04-07,203,10.8,4,2020
98,11.0,0.0,2.4,0.0,20200408,0.0,38.6,8,15.6,3.7,2020-04-08,203,9.7,4,2020
99,11.0,0.0,1.7,0.0,20200409,1.9,53.5,9,16.6,0.4,2020-04-09,203,8.9,4,2020
100,6.3,0.0,1.2,0.0,20200410,6.5,57.3,10,17.4,2.3,2020-04-10,203,10.0,4,2020
101,6.2,0.0,1.7,0.0,20200411,4.5,62.8,11,16.6,3.9,2020-04-11,203,9.5,4,2020
102,7.0,0.0,2.1,0.0,20200412,4.4,65.0,12,16.3,0.9,2020-04-12,203,8.5,4,2020
103,9.8,0.0,2.0,0.0,20200413,3.6,41.4,13,19.5,3.0,2020-04-13,203,11.2,4,2020
104,11.5,0.0,1.6,0.0,20200414,0.8,44.1,14,21.7,2.0,2020-04-14,203,12.3,4,2020
105,10.8,0.0,1.2,0.0,20200415,5.8,42.3,15,22.4,2.7,2020-04-15,203,12.8,4,2020
106,10.6,0.0,1.3,0.0,20200416,2.4,44.4,16,23.9,5.1,2020-04-16,203,15.3,4,2020
107,0.5,0.0,1.0,9.6,20200417,7.0,86.0,17,15.1,8.2,2020-04-17,203,11.4,4,2020
108,10.9,0.0,1.3,2.5,20200418,3.8,69.5,18,20.1,8.4,2020-04-18,203,14.1,4,2020
109,0.1,0.0,1.1,13.5,20200419,9.3,85.0,19,15.5,8.6,2020-04-19,203,11.2,4,2020
110,0.6,0.0,1.9,0.5,20200420,6.5,83.8,20,14.1,7.0,2020-04-20,203,10.0,4,2020
111,9.7,0.0,3.4,0.0,20200421,4.5,55.8,21,12.0,3.7,2020-04-21,203,7.5,4,2020
112,7.4,0.0,3.1,0.0,20200422,5.5,46.8,22,10.6,3.4,2020-04-22,203,6.7,4,2020
113,11.2,0.0,2.6,0.0,20200423,2.8,48.1,23,14.8,1.9,2020-04-23,203,8.1,4,2020
114,11.8,0.0,2.7,0.0,20200424,0.8,53.9,24,16.8,2.1,2020-04-24,203,10.0,4,2020
115,9.7,0.0,2.4,0.0,20200425,2.4,61.6,25,20.9,2.7,2020-04-25,203,12.2,4,2020
116,11.4,0.0,2.0,0.0,20200426,3.5,47.1,26,19.8,6.5,2020-04-26,203,12.9,4,2020
117,7.6,0.0,1.9,2.2,20200427,5.3,60.0,27,17.4,4.8,2020-04-27,203,11.2,4,2020
118,11.9,0.0,1.8,0.0,20200428,0.0,53.9,28,21.9,2.9,2020-04-28,203,13.4,4,2020
119,11.7,0.0,1.3,0.0,20200429,0.0,55.9,29,23.4,6.7,2020-04-29,203,14.6,4,2020
120,11.0,0.0,1.6,0.0,20200430,1.5,63.0,30,25.5,4.9,2020-04-30,203,16.5,4,2020
121,7.1,0.0,1.4,0.0,20200501,4.0,75.0,1,29.2,14.8,2020-05-01,203,20.9,5,2020
122,0.9,0.0,0.8,0.0,20200502,9.0,81.1,2,25.7,17.1,2020-05-02,203,20.8,5,2020
123,2.0,0.0,1.0,0.0,20200503,7.0,80.6,3,25.0,15.4,2020-05-03,203,19.8,5,2020
124,9.2,0.0,1.8,0.0,20200504,6.4,67.3,4,28.2,14.8,2020-05-04,203,20.7,5,2020
125,1.5,0.0,0.9,3.1,20200505,7.0,84.5,5,21.4,10.9,2020-05-05,203,15.0,5,2020
126,8.4,0.0,0.8,0.0,20200506,3.1,68.4,6,26.6,10.2,2020-05-06,203,17.8,5,2020
127,8.8,0.0,1.5,0.0,20200507,5.5,38.5,7,26.3,9.3,2020-05-07,203,19.3,5,2020
128,7.8,0.0,1.1,1.4,20200508,7.9,39.5,8,25.5,12.7,2020-05-08,203,18.7,5,2020
129,0.0,0.0,1.3,29.6,20200509,9.3,100.0,9,17.2,12.2,2020-05-09,203,14.4,5,2020
130,0.1,0.0,1.3,1.1,20200510,6.1,94.3,10,17.6,11.9,2020-05-10,203,14.6,5,2020
131,7.2,0.0,2.0,0.1,20200511,6.1,62.5,11,23.6,13.4,2020-05-11,203,17.7,5,2020
132,6.6,0.0,2.1,0.6,20200512,4.0,74.0,12,20.5,9.4,2020-05-12,203,14.9,5,2020
133,11.5,0.0,2.0,0.0,20200513,0.6,52.4,13,23.4,8.9,2020-05-13,203,16.1,5,2020
134,7.8,0.0,0.7,0.0,20200514,8.1,52.5,14,27.3,9.1,2020-05-14,203,18.0,5,2020
135,0.0,0.0,1.1,16.6,20200515,8.9,93.3,15,18.7,13.7,2020-05-15,203,15.1,5,2020
136,0.7,0.0,0.9,0.5,20200516,6.8,93.6,16,22.2,14.5,2020-05-16,203,17.3,5,2020
137,7.2,0.0,0.8,0.0,20200517,3.9,81.0,17,25.9,16.2,2020-05-17,203,20.6,5,2020
138,5.9,0.0,1.8,44.7,20200518,7.9,84.8,18,26.7,13.6,2020-05-18,203,19.5,5,2020
139,2.1,0.0,1.3,8.0,20200519,7.3,85.5,19,17.4,7.9,2020-05-19,203,12.4,5,2020
140,7.9,0.0,1.0,0.0,20200520,4.5,75.8,20,18.6,7.1,2020-05-20,203,12.9,5,2020
141,8.7,0.0,0.7,0.0,20200521,5.1,69.1,21,22.1,7.6,2020-05-21,203,16.0,5,2020
142,2.1,0.0,0.9,0.0,20200522,8.3,79.0,22,23.1,12.7,2020-05-22,203,18.0,5,2020
143,6.1,0.0,1.1,0.0,20200523,6.8,72.0,23,25.9,15.8,2020-05-23,203,20.3,5,2020
144,5.9,0.0,2.0,9.6,20200524,6.8,83.5,24,22.0,14.5,2020-05-24,203,18.4,5,2020
145,0.3,0.0,1.1,0.0,20200525,8.3,89.1,25,20.3,13.2,2020-05-25,203,16.1,5,2020
146,4.7,0.0,1.2,0.0,20200526,7.1,80.0,26,24.4,12.8,2020-05-26,203,17.0,5,2020
147,11.6,0.0,1.5,0.0,20200527,2.1,65.5,27,25.6,12.3,2020-05-27,203,18.3,5,2020
148,6.5,0.0,1.0,0.0,20200528,4.3,69.4,28,24.3,12.3,2020-05-28,203,18.3,5,2020
149,11.3,0.0,0.9,0.0,20200529,1.8,68.4,29,27.8,12.0,2020-05-29,203,20.3,5,2020
150,11.7,0.0,0.9,0.0,20200530,1.4,62.6,30,29.4,13.8,2020-05-30,203,22.1,5,2020
151,7.5,0.0,1.4,0.0,20200531,6.9,66.6,31,28.1,14.2,2020-05-31,203,21.0,5,2020
152,11.3,0.0,2.2,0.6,20200601,5.0,62.6,1,26.2,15.9,2020-06-01,203,20.1,6,2020
153,1.1,0.0,1.3,0.1,20200602,8.6,71.9,2,23.8,11.7,2020-06-02,203,18.0,6,2020
154,7.4,0.0,1.2,0.3,20200603,5.3,78.5,3,27.5,17.5,2020-06-03,203,22.0,6,2020
155,9.5,0.0,1.8,0.0,20200604,5.1,78.0,4,29.7,18.9,2020-06-04,203,23.8,6,2020
156,8.4,0.0,1.1,0.0,20200605,4.8,72.4,5,28.7,18.8,2020-06-05,203,23.7,6,2020
157,10.6,0.0,1.2,0.0,20200606,3.6,66.4,6,30.8,16.9,2020-06-06,203,24.4,6,2020
158,6.5,0.0,1.3,0.0,20200607,3.9,69.6,7,28.7,19.7,2020-06-07,203,23.5,6,2020
159,11.0,0.0,1.2,0.0,20200608,1.5,69.0,8,32.0,18.6,2020-06-08,203,25.0,6,2020
160,11.8,0.0,1.0,0.0,20200609,3.3,61.3,9,34.0,17.8,2020-06-09,203,26.3,6,2020
161,8.1,0.0,1.0,8.8,20200610,8.0,68.6,10,32.9,18.8,2020-06-10,203,25.5,6,2020
162,9.6,0.0,1.2,0.9,20200611,4.9,72.6,11,32.4,21.5,2020-06-11,203,26.4,6,2020
163,0.1,0.0,0.6,0.1,20200612,9.4,87.4,12,27.5,19.9,2020-06-12,203,23.7,6,2020
164,10.0,0.0,1.2,7.9,20200613,6.8,77.0,13,32.2,21.2,2020-06-13,203,25.8,6,2020
165,6.4,0.0,1.7,2.3,20200614,4.3,79.6,14,28.7,19.2,2020-06-14,203,23.9,6,2020
166,9.4,0.0,1.4,0.0,20200615,5.5,67.1,15,28.4,16.7,2020-06-15,203,22.2,6,2020
167,6.8,0.0,1.0,0.0,20200616,6.1,68.5,16,29.4,18.3,2020-06-16,203,23.5,6,2020
168,4.1,0.0,1.1,0.0,20200617,7.0,72.1,17,28.8,17.7,2020-06-17,203,23.4,6,2020
169,0.2,0.0,0.8,0.0,20200618,9.4,78.3,18,25.2,18.7,2020-06-18,203,21.9,6,2020
170,7.5,0.0,1.0,0.0,20200619,6.5,67.5,19,29.8,19.4,2020-06-19,203,24.3,6,2020
171,10.6,0.0,1.2,0.0,20200620,1.0,72.8,20,30.7,17.9,2020-06-20,203,24.3,6,2020
172,12.0,0.0,1.0,0.0,20200621,1.4,65.4,21,32.7,18.5,2020-06-21,203,25.8,6,2020
173,11.9,0.0,1.0,0.0,20200622,1.4,62.3,22,34.7,19.1,2020-06-22,203,27.1,6,2020
174,5.0,0.0,1.0,0.0,20200623,7.8,65.4,23,31.7,20.7,2020-06-23,203,26.2,6,2020
175,0.0,0.0,1.0,16.0,20200624,9.8,91.6,24,24.8,19.7,2020-06-24,203,21.4,6,2020
176,0.0,0.0,1.0,5.9,20200625,9.3,95.5,25,24.0,19.7,2020-06-25,203,21.5,6,2020
177,4.1,0.0,1.6,1.4,20200626,7.5,86.8,26,26.5,19.1,2020-06-26,203,21.8,6,2020
178,5.0,0.0,0.9,0.0,20200627,6.9,78.4,27,28.5,19.1,2020-06-27,203,23.5,6,2020
179,9.5,0.0,1.3,0.0,20200628,2.0,74.5,28,30.6,19.4,2020-06-28,203,24.6,6,2020
180,1.4,0.0,1.4,21.6,20200629,7.8,86.5,29,27.0,17.9,2020-06-29,203,22.3,6,2020
181,0.0,0.0,2.0,32.2,20200630,0.0,88.0,30,23.1,17.4,2020-06-30,203,20.3,6,2020
182,1.0,0.0,0.8,1.8,20200701,8.0,91.5,1,23.0,17.0,2020-07-01,203,19.8,7,2020
183,9.1,0.0,0.9,0.0,20200702,6.1,78.1,2,29.4,17.1,2020-07-02,203,23.3,7,2020
184,6.5,0.0,1.5,0.5,20200703,8.5,75.8,3,28.2,18.9,2020-07-03,203,22.8,7,2020
185,9.2,0.0,1.0,0.7,20200704,7.6,76.8,4,28.4,17.4,2020-07-04,203,22.3,7,2020
186,4.9,0.0,0.9,0.0,20200705,6.1,77.9,5,28.0,17.2,2020-07-05,203,23.2,7,2020
187,6.0,0.0,0.9,0.0,20200706,7.1,76.8,6,30.5,19.0,2020-07-06,203,24.7,7,2020
188,3.4,0.0,1.3,0.0,20200707,5.9,80.1,7,27.8,21.2,2020-07-07,203,24.1,7,2020
189,7.4,0.0,1.3,0.0,20200708,4.1,79.1,8,30.7,19.4,2020-07-08,203,24.5,7,2020
190,8.4,0.0,1.0,0.0,20200709,4.1,72.6,9,32.3,19.7,2020-07-09,203,25.9,7,2020
191,3.1,0.0,1.1,0.3,20200710,8.6,82.5,10,28.8,20.9,2020-07-10,203,24.0,7,2020
192,5.1,0.0,1.3,0.0,20200711,0.0,73.6,11,30.5,20.6,2020-07-11,203,24.6,7,2020
193,0.0,0.0,1.1,5.1,20200712,0.0,83.3,12,25.7,19.7,2020-07-12,203,21.7,7,2020
194,0.0,0.0,1.5,61.0,20200713,5.3,100.0,13,19.8,17.3,2020-07-13,203,18.2,7,2020
195,0.1,0.0,1.5,18.4,20200714,0.0,86.0,14,23.2,16.6,2020-07-14,203,20.0,7,2020
196,5.4,0.0,0.6,0.3,20200715,4.6,83.3,15,26.6,17.7,2020-07-15,203,21.2,7,2020
197,9.4,0.0,0.9,0.0,20200716,3.0,78.6,16,29.9,16.9,2020-07-16,203,23.3,7,2020
198,9.8,0.0,0.9,3.9,20200717,3.1,86.1,17,31.2,19.1,2020-07-17,203,24.4,7,2020
199,7.3,0.0,1.2,0.0,20200718,4.6,76.9,18,29.7,20.7,2020-07-18,203,24.8,7,2020
200,0.3,0.0,1.1,8.8,20200719,8.5,91.9,19,27.7,19.6,2020-07-19,203,23.3,7,2020
201,0.0,0.0,1.9,2.1,20200720,9.0,92.5,20,26.5,22.2,2020-07-20,203,24.1,7,2020
202,6.0,0.0,0.6,0.0,20200721,6.0,80.9,21,30.1,21.5,2020-07-21,203,25.0,7,2020
203,0.0,0.0,0.7,76.1,20200722,10.0,98.8,22,25.1,21.5,2020-07-22,203,22.6,7,2020
204,0.0,0.0,1.5,86.3,20200723,10.0,99.9,23,22.4,18.3,2020-07-23,203,20.7,7,2020
205,0.0,0.0,1.7,5.4,20200724,0.0,89.3,24,26.1,18.2,2020-07-24,203,21.4,7,2020
206,2.0,0.0,1.2,0.1,20200725,8.8,82.1,25,28.3,20.3,2020-07-25,203,23.6,7,2020
207,4.4,0.0,1.0,0.0,20200726,8.4,82.8,26,29.2,20.8,2020-07-26,203,24.3,7,2020
208,0.0,0.0,0.7,0.2,20200727,10.0,92.9,27,26.7,22.0,2020-07-27,203,24.3,7,2020
209,0.0,0.0,0.6,3.3,20200728,9.6,96.1,28,26.3,21.7,2020-07-28,203,23.6,7,2020
210,0.0,0.0,1.1,76.4,20200729,9.8,98.1,29,26.2,22.1,2020-07-29,203,23.9,7,2020
211,2.1,0.0,1.0,63.3,20200730,8.3,93.4,30,29.3,22.4,2020-07-30,203,24.8,7,2020
212,1.5,0.0,0.8,0.0,20200731,7.1,91.5,31,29.3,21.5,2020-07-31,203,25.4,7,2020
213,0.4,0.0,1.3,28.3,20200801,9.3,95.3,1,30.0,23.2,2020-08-01,203,25.4,8,2020
214,0.0,0.0,0.9,143.2,20200802,9.5,99.8,2,27.6,22.6,2020-08-02,203,23.5,8,2020
215,0.0,0.0,1.5,67.2,20200803,9.1,98.9,3,26.2,22.8,2020-08-03,203,23.9,8,2020
216,1.0,0.0,1.3,4.0,20200804,9.5,93.4,4,30.7,22.8,2020-08-04,203,26.5,8,2020
217,0.5,0.0,1.3,8.9,20200805,9.7,98.1,5,28.1,24.3,2020-08-05,203,25.6,8,2020
218,1.5,0.0,2.5,81.7,20200806,9.3,94.4,6,27.6,22.7,2020-08-06,203,24.9,8,2020
219,0.0,0.0,0.6,2.2,20200807,9.8,97.6,7,25.0,21.7,2020-08-07,203,23.2,8,2020
220,0.0,0.0,0.6,28.5,20200808,9.4,99.6,8,24.2,21.4,2020-08-08,203,23.1,8,2020
221,0.0,0.0,1.6,39.4,20200809,9.3,99.5,9,26.6,23.4,2020-08-09,203,24.6,8,2020
222,0.4,0.0,1.1,22.1,20200810,8.6,96.5,10,29.2,23.4,2020-08-10,203,26.0,8,2020
223,0.5,0.0,1.3,24.3,20200811,8.3,97.9,11,28.3,23.0,2020-08-11,203,24.6,8,2020
224,1.0,0.0,0.6,0.0,20200812,8.1,94.4,12,30.5,23.1,2020-08-12,203,26.2,8,2020
225,1.4,0.0,1.3,0.0,20200813,8.3,88.1,13,32.3,24.7,2020-08-13,203,28.1,8,2020
226,1.5,0.0,1.9,3.4,20200814,0.0,88.9,14,31.7,25.9,2020-08-14,203,28.0,8,2020
227,0.2,0.0,1.0,68.5,20200815,8.8,99.0,15,29.5,24.7,2020-08-15,203,26.1,8,2020
228,3.5,0.0,1.3,0.0,20200816,7.4,87.4,16,32.8,23.9,2020-08-16,203,27.4,8,2020
229,4.9,0.0,0.7,0.0,20200817,5.8,85.0,17,32.8,23.9,2020-08-17,203,27.7,8,2020
230,7.4,0.0,0.7,0.0,20200818,2.4,84.8,18,32.7,23.7,2020-08-18,203,27.3,8,2020
231,7.5,0.0,0.9,0.0,20200819,2.0,83.6,19,33.0,21.5,2020-08-19,203,26.7,8,2020
232,7.5,0.0,0.8,0.0,20200820,4.0,84.3,20,32.4,21.6,2020-08-20,203,26.7,8,2020
233,3.6,0.0,0.9,0.0,20200821,6.1,87.0,21,32.6,22.4,2020-08-21,203,26.5,8,2020
234,0.0,0.0,0.7,10.5,20200822,8.6,94.1,22,28.7,21.0,2020-08-22,203,24.3,8,2020
235,6.7,0.0,0.7,0.0,20200823,4.6,86.8,23,31.0,20.5,2020-08-23,203,24.3,8,2020
236,7.4,0.0,0.9,0.0,20200824,6.6,83.1,24,32.9,21.1,2020-08-24,203,26.6,8,2020
237,10.0,0.0,0.9,0.0,20200825,5.4,79.0,25,34.8,22.9,2020-08-25,203,28.8,8,2020
238,6.3,0.0,2.0,0.8,20200826,7.4,79.1,26,34.6,24.1,2020-08-26,203,28.4,8,2020
239,1.1,0.0,2.1,16.6,20200827,8.6,86.0,27,31.8,24.6,2020-08-27,203,27.9,8,2020
240,4.1,0.0,1.1,25.3,20200828,7.9,90.0,28,33.6,24.6,2020-08-28,203,27.6,8,2020
241,0.5,0.0,0.7,19.1,20200829,7.0,96.9,29,30.3,23.9,2020-08-29,203,25.9,8,2020
242,3.0,0.0,0.8,22.7,20200830,7.1,93.0,30,32.4,23.5,2020-08-30,203,26.5,8,2020
243,1.4,0.0,1.3,0.0,20200831,6.3,84.4,31,29.9,22.8,2020-08-31,203,26.0,8,2020
244,2.3,0.0,0.7,0.1,20200901,6.5,85.9,1,30.0,22.0,2020-09-01,203,25.4,9,2020
245,0.0,0.0,1.1,29.6,20200902,10.0,99.8,2,24.6,22.8,2020-09-02,203,23.5,9,2020
246,3.3,0.0,3.3,49.0,20200903,7.5,84.3,3,26.4,20.5,2020-09-03,203,22.9,9,2020
247,8.5,0.0,1.2,2.4,20200904,2.0,79.0,4,28.1,18.2,2020-09-04,203,22.3,9,2020
248,0.8,0.0,0.6,0.0,20200905,9.1,88.8,5,25.4,16.3,2020-09-05,203,20.5,9,2020
249,0.6,0.0,1.2,18.0,20200906,9.9,92.9,6,26.0,17.7,2020-09-06,203,20.0,9,2020
250,0.0,0.0,3.1,40.0,20200907,8.6,94.4,7,21.4,16.3,2020-09-07,203,19.2,9,2020
251,8.7,0.0,2.9,0.2,20200908,4.1,77.4,8,27.3,19.5,2020-09-08,203,22.9,9,2020
252,2.8,0.0,1.2,23.1,20200909,7.4,90.9,9,26.2,16.5,2020-09-09,203,20.5,9,2020
253,3.9,0.0,0.6,0.0,20200910,6.1,91.0,10,26.8,17.5,2020-09-10,203,21.0,9,2020
254,3.0,0.0,0.8,1.5,20200911,8.4,84.4,11,25.8,17.5,2020-09-11,203,20.8,9,2020
255,0.0,0.0,0.8,16.6,20200912,8.4,94.4,12,21.9,17.3,2020-09-12,203,19.0,9,2020
256,9.0,0.0,0.9,0.0,20200913,2.9,77.5,13,26.4,15.0,2020-09-13,203,20.5,9,2020
257,4.1,0.0,0.7,0.0,20200914,5.1,87.6,14,26.2,15.4,2020-09-14,203,20.1,9,2020
258,5.4,0.0,0.7,0.0,20200915,6.9,84.4,15,27.8,17.8,2020-09-15,203,21.8,9,2020
259,0.0,0.0,0.9,1.8,20200916,7.1,95.1,16,24.8,19.7,2020-09-16,203,20.9,9,2020
260,0.0,0.0,0.8,0.0,20200917,9.1,87.3,17,23.9,17.0,2020-09-17,203,20.2,9,2020
261,8.6,0.0,1.5,0.0,20200918,5.8,72.5,18,26.5,16.2,2020-09-18,203,20.9,9,2020
262,5.4,0.0,1.2,9.6,20200919,2.3,79.0,19,25.5,14.8,2020-09-19,203,18.7,9,2020
263,9.6,0.0,0.9,0.0,20200920,0.8,72.8,20,25.3,10.8,2020-09-20,203,17.5,9,2020
264,9.3,0.0,0.6,0.0,20200921,3.8,77.1,21,24.2,9.4,2020-09-21,203,16.1,9,2020
265,7.4,0.0,0.7,0.0,20200922,5.8,73.0,22,25.0,11.6,2020-09-22,203,17.5,9,2020
266,3.7,0.0,1.2,0.0,20200923,8.6,72.0,23,23.3,12.1,2020-09-23,203,17.6,9,2020
267,3.9,0.0,1.6,0.0,20200924,6.9,68.9,24,25.7,14.7,2020-09-24,203,19.2,9,2020
268,5.0,0.0,1.3,0.0,20200925,5.4,73.6,25,26.0,13.5,2020-09-25,203,18.7,9,2020
269,7.9,0.0,1.2,0.0,20200926,4.5,72.1,26,24.6,12.5,2020-09-26,203,18.1,9,2020
270,9.0,0.0,0.6,0.0,20200927,0.6,78.1,27,25.4,12.5,2020-09-27,203,18.0,9,2020
271,9.2,0.0,0.6,0.0,20200928,1.1,78.0,28,26.4,11.3,2020-09-28,203,17.8,9,2020
272,5.5,0.0,0.6,0.0,20200929,6.9,80.3,29,24.6,10.4,2020-09-29,203,16.9,9,2020
273,6.5,0.0,0.5,0.0,20200930,5.1,81.8,30,25.2,12.1,2020-09-30,203,17.8,9,2020
274,5.9,0.0,0.9,0.0,20201001,4.4,78.3,1,25.1,12.8,2020-10-01,203,18.6,10,2020
275,4.7,0.0,1.1,0.0,20201002,7.6,77.8,2,24.8,13.2,2020-10-02,203,19.1,10,2020
276,1.4,0.0,0.8,7.1,20201003,9.4,87.9,3,23.2,16.8,2020-10-03,203,19.0,10,2020
277,3.1,0.0,1.4,0.0,20201004,8.5,72.4,4,22.7,10.5,2020-10-04,203,16.9,10,2020
278,8.6,0.0,1.2,0.0,20201005,3.0,61.4,5,19.4,6.5,2020-10-05,203,12.8,10,2020
279,9.1,0.0,0.8,0.0,20201006,1.6,68.8,6,20.7,5.4,2020-10-06,203,12.4,10,2020
280,6.3,0.0,0.8,0.0,20201007,6.1,72.0,7,21.8,7.0,2020-10-07,203,14.1,10,2020
281,9.2,0.0,1.2,0.0,20201008,0.0,66.1,8,23.2,8.6,2020-10-08,203,15.1,10,2020
282,9.3,0.0,1.2,0.0,20201009,1.8,67.5,9,23.6,7.5,2020-10-09,203,15.0,10,2020
283,7.3,0.0,0.7,0.0,20201010,5.0,75.0,10,21.6,8.3,2020-10-10,203,15.0,10,2020
284,4.3,0.0,0.6,0.0,20201011,7.3,82.4,11,20.3,8.8,2020-10-11,203,15.0,10,2020
285,5.1,0.0,1.1,0.0,20201012,3.9,80.0,12,22.5,10.6,2020-10-12,203,15.5,10,2020
286,5.9,0.0,0.9,0.0,20201013,4.8,70.6,13,19.2,5.1,2020-10-13,203,11.4,10,2020
287,4.7,0.0,0.9,0.0,20201014,7.0,63.9,14,19.8,5.6,2020-10-14,203,11.2,10,2020
288,6.4,0.0,0.6,0.0,20201015,6.6,63.8,15,18.4,4.4,2020-10-15,203,10.0,10,2020
289,0.2,0.0,0.4,0.0,20201016,7.4,81.6,16,15.7,4.3,2020-10-16,203,9.7,10,2020
290,7.1,0.0,0.7,0.0,20201017,2.5,76.6,17,19.4,5.1,2020-10-17,203,10.6,10,2020
291,8.7,0.0,0.7,0.0,20201018,1.6,78.3,18,20.0,0.9,2020-10-18,203,10.4,10,2020
292,8.1,0.0,0.6,0.0,20201019,2.5,81.6,19,21.2,4.3,2020-10-19,203,11.7,10,2020
293,7.5,0.0,0.5,0.0,20201020,4.3,77.0,20,21.6,4.8,2020-10-20,203,11.6,10,2020
294,0.0,0.0,0.4,0.0,20201021,8.8,88.6,21,15.4,6.6,2020-10-21,203,11.0,10,2020
295,4.0,0.0,1.1,0.0,20201022,4.9,72.8,22,20.5,6.9,2020-10-22,203,12.3,10,2020
296,9.3,0.0,1.4,0.0,20201023,0.0,55.1,23,14.7,4.0,2020-10-23,203,8.6,10,2020
297,9.2,0.0,1.5,0.0,20201024,0.0,53.5,24,14.4,1.6,2020-10-24,203,7.8,10,2020
298,7.0,0.0,0.7,0.0,20201025,2.9,73.1,25,18.7,-0.1,2020-10-25,203,9.0,10,2020
299,8.3,0.0,0.7,0.0,20201026,4.4,79.1,26,19.3,2.2,2020-10-26,203,10.0,10,2020
300,5.8,0.0,0.6,0.0,20201027,5.1,81.5,27,19.9,4.4,2020-10-27,203,11.1,10,2020
301,7.7,0.0,1.1,0.0,20201028,4.3,56.0,28,20.7,8.7,2020-10-28,203,13.2,10,2020
302,7.1,0.0,0.7,0.0,20201029,2.9,57.3,29,17.0,-0.2,2020-10-29,203,8.4,10,2020
303,8.8,0.0,0.5,0.0,20201030,0.8,62.4,30,18.7,0.9,2020-10-30,203,8.7,10,2020
304,6.5,0.0,0.7,0.0,20201031,4.9,70.4,31,19.1,2.1,2020-10-31,203,10.9,10,2020
305,0.0,0.0,0.9,1.2,20201101,9.6,96.0,1,13.0,9.9,2020-11-01,203,11.6,11,2020
306,7.1,0.0,1.0,0.0,20201102,4.3,62.5,2,16.9,5.0,2020-11-02,203,10.5,11,2020
307,8.7,0.0,1.9,1.1,20201103,1.9,54.0,3,9.4,1.0,2020-11-03,203,5.2,11,2020
308,8.8,0.0,1.1,0.0,20201104,0.0,45.6,4,11.4,-2.3,2020-11-04,203,4.2,11,2020
309,7.7,0.0,0.5,0.0,20201105,4.9,63.6,5,15.1,-3.1,2020-11-05,203,6.3,11,2020
310,0.0,0.0,0.5,0.0,20201106,9.3,67.4,6,15.3,6.5,2020-11-06,203,10.5,11,2020
311,5.8,0.0,1.4,0.0,20201107,3.1,68.0,7,19.8,7.9,2020-11-07,203,12.5,11,2020
312,8.5,0.0,1.6,0.0,20201108,0.0,45.0,8,14.3,3.3,2020-11-08,203,9.0,11,2020
313,6.5,0.0,1.2,0.0,20201109,2.3,47.0,9,11.5,-1.8,2020-11-09,203,5.4,11,2020
314,8.7,0.0,1.0,0.0,20201110,0.0,61.3,10,13.9,-1.8,2020-11-10,203,6.2,11,2020
315,8.7,0.0,0.5,0.0,20201111,0.0,66.1,11,15.3,-1.4,2020-11-11,203,6.0,11,2020
316,8.7,0.0,0.5,0.0,20201112,0.8,65.9,12,17.5,-1.3,2020-11-12,203,7.2,11,2020
317,4.5,0.0,0.5,0.0,20201113,3.9,77.9,13,17.6,0.9,2020-11-13,203,8.0,11,2020
318,6.8,0.0,0.5,0.0,20201114,4.3,78.1,14,18.1,0.3,2020-11-14,203,8.7,11,2020
319,6.2,0.0,0.7,0.0,20201115,3.9,82.4,15,18.0,2.8,2020-11-15,203,9.3,11,2020
320,5.2,0.0,0.4,0.0,20201116,3.3,84.6,16,17.3,3.3,2020-11-16,203,8.9,11,2020
321,1.0,0.0,0.6,0.0,20201117,6.5,81.1,17,19.5,4.5,2020-11-17,203,12.8,11,2020
322,0.0,0.0,0.4,4.4,20201118,7.8,98.8,18,17.4,11.9,2020-11-18,203,14.7,11,2020
323,0.0,0.0,2.9,30.2,20201119,9.5,88.9,19,20.0,8.7,2020-11-19,203,14.8,11,2020
324,0.0,0.0,2.1,0.0,20201120,6.4,74.4,20,8.7,0.4,2020-11-20,203,4.4,11,2020
325,7.8,0.0,1.1,0.0,20201121,4.8,75.5,21,12.9,-2.4,2020-11-21,203,5.9,11,2020
326,0.0,0.0,1.7,2.7,20201122,7.1,81.8,22,9.2,2.2,2020-11-22,203,6.6,11,2020
327,9.0,0.0,1.4,0.0,20201123,0.1,63.4,23,7.1,-1.6,2020-11-23,203,2.1,11,2020
328,4.1,0.0,0.7,0.0,20201124,6.6,65.1,24,8.9,-2.9,2020-11-24,203,2.5,11,2020
329,7.2,0.0,0.6,0.0,20201125,3.8,73.3,25,10.5,-3.5,2020-11-25,203,2.7,11,2020
330,6.8,0.0,0.6,0.0,20201126,6.5,73.8,26,10.6,-1.4,2020-11-26,203,3.5,11,2020
331,3.7,0.0,1.5,0.0,20201127,5.3,68.8,27,9.5,0.3,2020-11-27,203,3.6,11,2020
332,8.8,0.0,1.6,0.0,20201128,2.9,53.8,28,5.1,-1.9,2020-11-28,203,0.7,11,2020
333,2.5,0.0,1.1,0.0,20201129,4.3,70.0,29,5.0,-4.7,2020-11-29,203,-0.2,11,2020
334,8.8,0.0,0.9,0.0,20201130,0.0,61.3,30,6.5,-6.3,2020-11-30,203,-0.6,11,2020
335,8.3,0.0,0.7,0.0,20201201,4.4,54.1,1,6.9,-7.0,2020-12-01,203,0.2,12,2020
336,1.2,0.0,0.7,0.0,20201202,6.9,50.0,2,6.7,-0.2,2020-12-02,203,2.4,12,2020
337,8.7,0.0,1.3,0.0,20201203,1.9,44.3,3,6.4,-2.4,2020-12-03,203,1.3,12,2020
338,8.8,0.0,0.9,0.0,20201204,0.4,58.8,4,6.0,-7.8,2020-12-04,203,-1.5,12,2020
339,6.2,0.0,0.6,0.0,20201205,3.1,76.8,5,6.5,-6.7,2020-12-05,203,-0.4,12,2020
340,6.5,0.0,0.9,0.0,20201206,2.6,76.9,6,9.5,-3.1,2020-12-06,203,2.1,12,2020
341,3.5,0.0,1.1,0.0,20201207,3.6,64.3,7,8.2,-1.8,2020-12-07,203,2.2,12,2020
342,8.5,0.0,0.9,0.0,20201208,2.8,54.3,8,5.1,-5.6,2020-12-08,203,-1.1,12,2020
343,6.4,0.0,0.6,0.0,20201209,4.6,63.5,9,4.8,-8.2,2020-12-09,203,-1.0,12,2020
344,1.0,0.0,0.4,0.0,20201210,7.0,69.3,10,8.5,-0.1,2020-12-10,203,3.3,12,2020
345,2.0,0.0,0.7,0.0,20201211,7.9,76.4,11,9.7,-0.8,2020-12-11,203,4.1,12,2020
346,8.1,0.0,1.2,0.0,20201212,1.8,49.4,12,7.7,-2.2,2020-12-12,203,2.9,12,2020
347,0.7,0.0,1.2,3.7,20201213,6.1,81.0,13,0.8,-6.1,2020-12-13,203,-2.2,12,2020
348,8.6,0.0,1.6,0.0,20201214,1.9,47.4,14,-3.7,-10.2,2020-12-14,203,-7.1,12,2020
349,8.7,0.0,1.5,0.0,20201215,0.5,39.8,15,-3.1,-12.0,2020-12-15,203,-7.9,12,2020
350,8.6,0.0,1.5,0.0,20201216,0.8,41.6,16,-2.9,-12.2,2020-12-16,203,-7.7,12,2020
351,8.6,0.0,0.8,0.0,20201217,3.4,61.0,17,-0.7,-15.4,2020-12-17,203,-7.5,12,2020
352,4.4,0.0,1.2,0.6,20201218,4.8,61.0,18,3.3,-5.6,2020-12-18,203,-2.5,12,2020
353,8.6,0.0,1.5,0.0,20201219,1.1,38.8,19,0.3,-9.0,2020-12-19,203,-4.5,12,2020
354,8.5,0.0,0.9,0.0,20201220,0.0,60.1,20,2.3,-13.0,2020-12-20,203,-5.1,12,2020
355,6.4,0.0,0.6,0.0,20201221,1.6,72.9,21,4.4,-10.5,2020-12-21,203,-3.8,12,2020
356,4.2,0.0,0.5,0.2,20201222,4.6,82.0,22,5.5,-7.2,2020-12-22,203,-1.5,12,2020
357,1.3,0.0,0.4,0.0,20201223,7.6,85.8,23,5.9,-4.9,2020-12-23,203,0.6,12,2020
358,7.2,0.0,1.9,0.2,20201224,1.3,66.3,24,7.5,-3.4,2020-12-24,203,2.8,12,2020
359,8.6,0.0,1.4,0.0,20201225,0.9,53.6,25,4.6,-5.2,2020-12-25,203,-0.8,12,2020
360,5.4,0.0,0.5,0.0,20201226,4.9,77.5,26,7.6,-7.0,2020-12-26,203,-0.9,12,2020
361,4.1,0.0,0.4,0.0,20201227,5.4,81.6,27,7.7,-3.4,2020-12-27,203,1.9,12,2020
362,5.6,0.0,0.5,0.0,20201228,4.4,74.5,28,11.1,-0.1,2020-12-28,203,4.0,12,2020
363,0.7,0.0,1.3,0.6,20201229,8.1,80.0,29,5.9,-3.7,2020-12-29,203,-0.1,12,2020
364,8.5,0.0,2.5,0.0,20201230,0.8,48.3,30,-3.8,-12.8,2020-12-30,203,-9.3,12,2020
365,6.3,0.0,1.2,0.0,20201231,1.3,62.3,31,-3.0,-15.5,2020-12-31,203,-9.1,12,2020
