,year,tmax,humid,rainfall,snow,Date,wind,month,date,sunshine,tavg,tmin,cloud,station_id,day
0,2007,5.5,52.6,0.0,0.0,2007-01-01,0.4,1,20070101,1.6,0.7,-5.1,0.0,203,1
1,2007,7.3,74.4,0.0,0.0,2007-01-02,0.5,1,20070102,1.0,2.0,-3.0,0.0,203,2
2,2007,9.0,73.5,0.0,0.0,2007-01-03,0.9,1,20070103,0.6,3.1,-3.0,0.0,203,3
3,2007,10.5,64.9,0.0,0.0,2007-01-04,0.5,1,20070104,8.3,3.2,-2.7,0.0,203,4
4,2007,8.3,75.4,0.0,0.0,2007-01-05,0.6,1,20070105,3.3,1.2,-5.0,0.0,203,5
5,2007,3.0,76.8,7.5,6.3,2007-01-06,3.2,1,20070106,0.8,-1.0,-3.7,0.0,203,6
6,2007,1.0,64.8,0.0,0.0,2007-01-07,1.9,1,20070107,6.6,-3.7,-8.3,0.0,203,7
7,2007,1.5,62.6,0.0,0.0,2007-01-08,1.4,1,20070108,8.8,-3.8,-8.5,0.0,203,8
8,2007,1.6,71.6,0.0,0.0,2007-01-09,0.7,1,20070109,7.8,-4.2,-10.8,0.0,203,9
9,2007,3.7,77.4,0.0,0.0,2007-01-10,0.7,1,20070110,5.2,-3.1,-9.3,0.0,203,10
10,2007,2.2,71.4,0.0,0.0,2007-01-11,0.6,1,20070111,4.8,-4.4,-9.6,0.0,203,11
11,2007,1.3,53.9,0.0,0.0,2007-01-12,1.4,1,20070112,8.6,-3.5,-9.1,0.0,203,12
12,2007,0.5,49.8,0.0,0.0,2007-01-13,1.3,1,20070113,8.8,-5.7,-12.1,0.0,203,13
13,2007,2.2,61.1,0.0,0.0,2007-01-14,0.7,1,20070114,8.5,-5.7,-14.1,0.0,203,14
14,2007,3.5,67.1,0.0,0.0,2007-01-15,0.4,1,20070115,6.8,-3.8,-10.5,0.0,203,15
15,2007,6.4,69.6,0.0,0.0,2007-01-16,0.7,1,20070116,2.3,-0.3,-5.5,0.0,203,16
16,2007,6.0,71.3,0.0,0.0,2007-01-17,0.8,1,20070117,6.2,-0.5,-6.4,0.0,203,17
17,2007,5.5,60.1,0.0,0.0,2007-01-18,1.3,1,20070118,8.5,0.1,-4.9,0.0,203,18
18,2007,4.8,67.6,0.0,0.0,2007-01-19,0.6,1,20070119,8.1,-3.4,-9.8,0.0,203,19
19,2007,6.8,61.6,0.0,0.0,2007-01-20,0.5,1,20070120,7.5,-2.1,-8.5,0.0,203,20
20,2007,7.0,63.8,0.0,0.0,2007-01-21,0.4,1,20070121,7.7,-1.7,-9.5,0.0,203,21
21,2007,6.5,69.5,0.0,0.0,2007-01-22,0.9,1,20070122,7.2,0.8,-4.5,0.0,203,22
22,2007,5.4,79.8,0.0,0.0,2007-01-23,0.5,1,20070123,3.9,-1.6,-7.4,0.0,203,23
23,2007,7.5,68.5,0.0,0.0,2007-01-24,1.2,1,20070124,7.7,-0.5,-6.6,0.0,203,24
24,2007,5.6,74.4,0.0,0.0,2007-01-25,0.6,1,20070125,5.8,-2.6,-8.8,0.0,203,25
25,2007,3.2,82.1,0.6,1.3,2007-01-26,0.7,1,20070126,0.5,-1.0,-5.3,0.0,203,26
26,2007,2.2,84.8,0.0,0.0,2007-01-27,0.9,1,20070127,1.7,-0.4,-4.0,0.0,203,27
27,2007,4.3,76.6,0.0,0.0,2007-01-28,0.8,1,20070128,3.4,-1.7,-6.0,0.0,203,28
28,2007,6.0,68.3,0.0,0.0,2007-01-29,1.0,1,20070129,8.7,-0.6,-6.8,0.0,203,29
29,2007,4.6,64.3,0.1,0.3,2007-01-30,2.4,1,20070130,6.0,-1.2,-4.5,0.0,203,30
30,2007,1.7,55.8,0.0,0.0,2007-01-31,1.8,1,20070131,6.4,-3.7,-7.6,0.0,203,31
31,2007,-0.3,53.8,0.0,0.0,2007-02-01,1.8,2,20070201,8.7,-5.2,-9.6,0.0,203,1
32,2007,1.1,58.4,0.0,0.0,2007-02-02,1.3,2,20070202,9.3,-5.7,-12.8,0.0,203,2
33,2007,6.3,68.6,0.0,0.0,2007-02-03,1.5,2,20070203,2.5,-1.1,-10.0,0.0,203,3
34,2007,9.5,53.4,0.0,0.0,2007-02-04,0.8,2,20070204,9.1,0.6,-8.0,0.0,203,4
35,2007,8.8,68.6,0.0,0.0,2007-02-05,0.5,2,20070205,5.2,0.9,-7.9,0.0,203,5
36,2007,12.3,75.5,0.0,0.0,2007-02-06,0.4,2,20070206,4.9,4.2,-0.8,0.0,203,6
37,2007,12.0,80.8,0.0,0.0,2007-02-07,0.4,2,20070207,4.3,1.8,-3.2,0.0,203,7
38,2007,5.8,92.8,3.0,0.0,2007-02-08,0.5,2,20070208,0.0,2.9,-1.3,0.0,203,8
39,2007,8.0,79.6,0.0,0.0,2007-02-09,1.9,2,20070209,2.0,4.4,3.4,0.0,203,9
40,2007,8.5,62.6,0.0,0.0,2007-02-10,2.4,2,20070210,3.5,3.3,-1.5,0.0,203,10
41,2007,7.4,57.1,0.0,0.0,2007-02-11,1.7,2,20070211,9.3,0.6,-3.9,0.0,203,11
42,2007,8.8,69.0,0.0,0.0,2007-02-12,0.6,2,20070212,7.7,0.5,-6.4,0.0,203,12
43,2007,4.0,82.9,14.5,0.0,2007-02-13,0.8,2,20070213,0.0,0.8,-4.0,0.0,203,13
44,2007,4.5,62.1,0.0,0.0,2007-02-14,3.3,2,20070214,6.5,0.8,-3.5,0.0,203,14
45,2007,6.0,34.1,0.0,0.0,2007-02-15,2.5,2,20070215,9.7,-0.1,-4.5,0.0,203,15
46,2007,9.3,54.1,0.0,0.0,2007-02-16,0.6,2,20070216,9.7,0.5,-7.5,0.0,203,16
47,2007,9.8,66.8,0.0,0.0,2007-02-17,0.6,2,20070217,0.6,2.5,-2.7,0.0,203,17
48,2007,13.1,61.8,0.0,0.0,2007-02-18,1.1,2,20070218,9.2,3.6,-4.3,0.0,203,18
49,2007,10.6,70.8,0.0,0.0,2007-02-19,0.9,2,20070219,5.8,2.6,-3.0,0.0,203,19
50,2007,13.3,57.4,0.0,0.0,2007-02-20,0.8,2,20070220,9.4,3.5,-4.6,0.0,203,20
51,2007,12.1,67.0,0.0,0.0,2007-02-21,0.8,2,20070221,7.3,3.2,-4.1,0.0,203,21
52,2007,13.3,72.6,0.0,0.0,2007-02-22,1.0,2,20070222,1.9,4.7,-3.4,0.0,203,22
53,2007,9.6,41.1,0.0,0.0,2007-02-23,2.4,2,20070223,10.0,4.5,0.0,0.0,203,23
54,2007,9.3,50.0,0.0,0.0,2007-02-24,0.9,2,20070224,5.3,1.6,-6.6,0.0,203,24
55,2007,10.8,62.0,0.0,0.0,2007-02-25,0.9,2,20070225,2.3,5.0,1.0,0.0,203,25
56,2007,14.3,59.8,0.0,0.0,2007-02-26,0.8,2,20070226,10.1,5.5,-3.0,0.0,203,26
57,2007,14.3,66.9,0.0,0.0,2007-02-27,1.2,2,20070227,6.6,5.3,-3.4,0.0,203,27
58,2007,14.1,50.3,0.0,0.0,2007-02-28,1.3,2,20070228,10.1,5.6,-1.5,0.0,203,28
59,2007,15.8,50.1,0.0,0.0,2007-03-01,0.6,3,20070301,4.5,6.3,-3.7,0.0,203,1
60,2007,7.8,90.4,20.5,0.0,2007-03-02,0.6,3,20070302,0.0,6.4,4.0,0.0,203,2
61,2007,14.1,91.4,0.5,0.0,2007-03-03,0.4,3,20070303,0.0,9.5,6.5,0.0,203,3
62,2007,14.8,82.9,24.0,0.0,2007-03-04,2.6,3,20070304,0.6,11.2,7.0,0.0,203,4
63,2007,7.1,75.3,2.5,0.0,2007-03-05,4.7,3,20070305,0.0,-1.6,-5.4,0.0,203,5
64,2007,0.6,45.3,0.0,0.0,2007-03-06,2.9,3,20070306,9.7,-4.1,-7.6,0.0,203,6
65,2007,2.7,64.0,0.6,1.5,2007-03-07,1.9,3,20070307,7.3,-2.9,-9.1,0.0,203,7
66,2007,4.4,70.3,0.0,0.0,2007-03-08,1.7,3,20070308,6.2,-0.4,-7.3,0.0,203,8
67,2007,11.1,63.1,0.0,0.0,2007-03-09,1.1,3,20070309,8.1,3.3,-3.2,0.0,203,9
68,2007,9.8,62.0,1.0,0.0,2007-03-10,2.4,3,20070310,2.2,1.3,-3.5,0.0,203,10
69,2007,5.5,40.4,0.0,0.0,2007-03-11,2.8,3,20070311,7.6,0.2,-5.9,0.0,203,11
70,2007,10.3,41.8,0.0,0.0,2007-03-12,2.1,3,20070312,10.3,3.3,-3.5,0.0,203,12
71,2007,11.6,55.9,0.0,0.0,2007-03-13,1.4,3,20070313,8.8,3.4,-4.5,0.0,203,13
72,2007,12.6,59.3,0.0,0.0,2007-03-14,1.0,3,20070314,6.9,5.3,-3.2,0.0,203,14
73,2007,15.0,50.9,0.0,0.0,2007-03-15,1.1,3,20070315,8.2,7.5,0.8,0.0,203,15
74,2007,13.1,50.5,0.0,0.0,2007-03-16,1.7,3,20070316,5.6,7.5,2.2,0.0,203,16
75,2007,11.3,63.8,0.0,0.0,2007-03-17,2.1,3,20070317,3.1,5.9,3.0,0.0,203,17
76,2007,12.8,56.0,0.0,0.0,2007-03-18,1.4,3,20070318,8.9,4.9,-2.9,0.0,203,18
77,2007,12.8,55.1,0.0,0.0,2007-03-19,1.5,3,20070319,8.0,4.4,-3.7,0.0,203,19
78,2007,11.1,59.1,0.0,0.0,2007-03-20,1.7,3,20070320,4.0,4.2,-2.2,0.0,203,20
79,2007,7.8,78.3,0.0,0.0,2007-03-21,0.9,3,20070321,0.0,4.9,0.8,0.0,203,21
80,2007,15.1,73.1,0.0,0.0,2007-03-22,1.3,3,20070322,2.5,7.6,1.7,0.0,203,22
81,2007,18.0,63.3,0.5,0.0,2007-03-23,1.0,3,20070323,6.4,10.2,3.0,0.0,203,23
82,2007,11.8,92.4,16.0,0.0,2007-03-24,1.2,3,20070324,0.0,8.8,7.4,0.0,203,24
83,2007,15.3,66.3,0.0,0.0,2007-03-25,2.4,3,20070325,8.1,8.6,5.0,0.0,203,25
84,2007,13.6,75.5,0.0,0.0,2007-03-26,1.4,3,20070326,4.6,6.8,-1.7,0.0,203,26
85,2007,16.5,76.5,0.0,0.0,2007-03-27,1.6,3,20070327,2.9,9.1,4.0,0.0,203,27
86,2007,11.8,85.3,24.0,0.0,2007-03-28,1.5,3,20070328,0.0,5.9,-0.6,0.0,203,28
87,2007,11.3,83.8,10.5,0.0,2007-03-29,1.8,3,20070329,0.8,5.4,-0.8,0.0,203,29
88,2007,16.6,68.8,0.0,0.0,2007-03-30,1.0,3,20070330,9.7,9.5,1.3,0.0,203,30
89,2007,11.6,86.9,30.5,0.0,2007-03-31,1.9,3,20070331,0.0,8.5,5.9,0.0,203,31
90,2007,14.3,67.5,0.0,0.0,2007-04-01,1.5,4,20070401,0.9,8.4,5.0,0.0,203,1
91,2007,11.1,49.6,0.0,0.0,2007-04-02,2.2,4,20070402,8.8,6.0,1.2,0.0,203,2
92,2007,10.3,46.1,0.0,0.0,2007-04-03,2.8,4,20070403,9.9,5.5,-0.5,0.0,203,3
93,2007,12.8,47.4,0.0,0.0,2007-04-04,2.3,4,20070404,11.5,6.6,2.0,0.0,203,4
94,2007,15.3,50.5,0.0,0.0,2007-04-05,1.2,4,20070405,9.4,7.1,-2.2,0.0,203,5
95,2007,17.7,49.3,0.0,0.0,2007-04-06,1.5,4,20070406,8.5,9.6,3.4,0.0,203,6
96,2007,15.6,62.1,0.0,0.0,2007-04-07,1.5,4,20070407,4.2,8.3,1.5,0.0,203,7
97,2007,15.1,65.4,0.5,0.0,2007-04-08,1.6,4,20070408,6.0,9.3,3.5,0.0,203,8
98,2007,18.0,52.9,0.0,0.0,2007-04-09,1.8,4,20070409,10.4,9.3,-0.4,0.0,203,9
99,2007,18.2,58.4,0.0,0.0,2007-04-10,1.3,4,20070410,3.0,9.1,1.5,0.0,203,10
100,2007,20.0,60.6,1.0,0.0,2007-04-11,1.5,4,20070411,8.6,11.4,4.6,0.0,203,11
101,2007,17.5,69.4,3.5,0.0,2007-04-12,1.1,4,20070412,0.9,11.5,7.4,0.0,203,12
102,2007,12.6,84.6,4.0,0.0,2007-04-13,2.6,4,20070413,0.0,9.0,5.8,0.0,203,13
103,2007,18.2,62.6,0.0,0.0,2007-04-14,1.7,4,20070414,8.9,9.8,0.8,0.0,203,14
104,2007,18.3,50.5,0.0,0.0,2007-04-15,1.5,4,20070415,7.2,12.0,7.5,0.0,203,15
105,2007,12.5,78.4,2.5,0.0,2007-04-16,1.6,4,20070416,2.1,8.3,5.8,0.0,203,16
106,2007,15.3,63.8,0.0,0.0,2007-04-17,1.5,4,20070417,3.7,9.1,3.7,0.0,203,17
107,2007,16.7,51.8,0.0,0.0,2007-04-18,1.2,4,20070418,7.5,10.5,2.7,0.0,203,18
108,2007,19.6,41.5,0.0,0.0,2007-04-19,1.8,4,20070419,8.8,11.4,2.7,0.0,203,19
109,2007,18.7,72.0,5.5,0.0,2007-04-20,1.7,4,20070420,1.4,12.1,4.4,0.0,203,20
110,2007,25.0,72.5,0.0,0.0,2007-04-21,1.7,4,20070421,6.6,17.8,12.1,0.0,203,21
111,2007,18.3,57.3,0.0,0.0,2007-04-22,2.1,4,20070422,0.0,14.2,9.8,0.0,203,22
112,2007,21.0,39.3,0.0,0.0,2007-04-23,1.1,4,20070423,10.3,13.5,4.9,0.0,203,23
113,2007,17.2,50.3,0.0,0.0,2007-04-24,1.5,4,20070424,1.4,11.7,6.9,0.0,203,24
114,2007,20.2,59.8,0.0,0.0,2007-04-25,2.6,4,20070425,10.3,13.4,7.8,0.0,203,25
115,2007,23.0,51.6,0.0,0.0,2007-04-26,1.7,4,20070426,10.2,14.5,6.0,0.0,203,26
116,2007,23.2,43.6,0.0,0.0,2007-04-27,1.9,4,20070427,10.0,14.1,6.5,0.0,203,27
117,2007,23.6,44.4,0.0,0.0,2007-04-28,2.2,4,20070428,11.6,13.8,4.4,0.0,203,28
118,2007,24.0,38.4,0.0,0.0,2007-04-29,1.6,4,20070429,11.7,15.0,4.5,0.0,203,29
119,2007,17.6,58.8,1.0,0.0,2007-04-30,0.8,4,20070430,0.2,12.0,5.5,0.0,203,30
120,2007,14.5,89.9,13.5,0.0,2007-05-01,1.2,5,20070501,0.0,12.3,10.1,0.0,203,1
121,2007,23.2,62.1,0.0,0.0,2007-05-02,1.9,5,20070502,8.4,15.2,10.1,0.0,203,2
122,2007,21.7,75.5,0.0,0.0,2007-05-03,1.5,5,20070503,1.8,15.1,10.8,0.0,203,3
123,2007,24.6,69.0,0.0,0.0,2007-05-04,2.0,5,20070504,6.5,17.4,13.3,0.0,203,4
124,2007,26.8,67.9,1.0,0.0,2007-05-05,0.7,5,20070505,7.8,18.5,10.3,0.0,203,5
125,2007,24.6,63.3,0.0,0.0,2007-05-06,1.5,5,20070506,1.3,18.3,14.0,0.0,203,6
126,2007,27.3,51.9,0.0,0.0,2007-05-07,1.7,5,20070507,11.8,19.1,10.1,0.0,203,7
127,2007,27.2,52.1,0.0,0.0,2007-05-08,1.6,5,20070508,7.8,19.6,12.3,0.0,203,8
128,2007,23.0,68.5,15.5,0.0,2007-05-09,1.9,5,20070509,3.2,15.1,9.8,0.0,203,9
129,2007,22.0,65.3,0.0,0.0,2007-05-10,1.5,5,20070510,10.5,14.6,7.0,0.0,203,10
130,2007,25.5,55.1,0.0,0.0,2007-05-11,0.8,5,20070511,7.5,17.4,8.5,0.0,203,11
131,2007,17.7,81.5,14.0,0.0,2007-05-12,1.9,5,20070512,0.0,13.6,10.6,0.0,203,12
132,2007,23.7,54.4,0.0,0.0,2007-05-13,2.1,5,20070513,11.9,16.2,7.8,0.0,203,13
133,2007,24.0,60.4,1.0,0.0,2007-05-14,2.8,5,20070514,6.8,17.4,11.5,0.0,203,14
134,2007,24.6,63.3,0.0,0.0,2007-05-15,0.8,5,20070515,8.5,17.8,10.8,0.0,203,15
135,2007,21.2,82.9,38.5,0.0,2007-05-16,1.3,5,20070516,0.1,15.4,12.3,0.0,203,16
136,2007,25.0,61.5,2.0,0.0,2007-05-17,2.5,5,20070517,8.5,18.1,12.8,0.0,203,17
137,2007,17.6,79.6,3.0,0.0,2007-05-18,1.6,5,20070518,0.3,14.6,12.8,0.0,203,18
138,2007,20.7,75.0,0.0,0.0,2007-05-19,0.8,5,20070519,2.0,14.8,11.3,0.0,203,19
139,2007,24.3,66.8,0.0,0.0,2007-05-20,1.1,5,20070520,11.4,16.5,9.0,0.0,203,20
140,2007,24.6,59.0,0.0,0.0,2007-05-21,1.1,5,20070521,6.8,16.5,10.6,0.0,203,21
141,2007,26.1,58.6,0.0,0.0,2007-05-22,0.9,5,20070522,11.8,17.9,7.3,0.0,203,22
142,2007,25.1,59.1,0.0,0.0,2007-05-23,0.7,5,20070523,2.9,19.1,12.3,0.0,203,23
143,2007,26.1,79.5,46.5,0.0,2007-05-24,1.2,5,20070524,0.9,19.1,14.8,0.0,203,24
144,2007,25.2,65.6,0.5,0.0,2007-05-25,1.9,5,20070525,10.4,20.4,17.1,0.0,203,25
145,2007,26.7,51.4,0.0,0.0,2007-05-26,2.0,5,20070526,11.4,20.1,14.0,0.0,203,26
146,2007,29.6,57.8,0.0,0.0,2007-05-27,1.3,5,20070527,11.1,20.7,12.1,0.0,203,27
147,2007,26.0,60.8,0.0,0.0,2007-05-28,1.8,5,20070528,11.2,20.0,13.5,0.0,203,28
148,2007,23.0,76.8,0.0,0.0,2007-05-29,1.3,5,20070529,1.5,18.3,15.3,0.0,203,29
149,2007,24.7,67.8,0.0,0.0,2007-05-30,1.5,5,20070530,6.7,19.0,14.1,0.0,203,30
150,2007,27.0,63.1,0.0,0.0,2007-05-31,1.1,5,20070531,8.6,19.9,14.1,0.0,203,31
151,2007,23.6,69.6,0.0,0.0,2007-06-01,0.7,6,20070601,0.8,19.3,14.8,0.0,203,1
152,2007,27.7,60.1,0.0,0.0,2007-06-02,1.1,6,20070602,10.0,22.0,16.7,0.0,203,2
153,2007,28.6,59.9,0.0,0.0,2007-06-03,0.9,6,20070603,10.6,22.4,15.3,0.0,203,3
154,2007,27.5,66.4,0.0,0.0,2007-06-04,1.1,6,20070604,6.2,21.9,16.5,0.0,203,4
155,2007,23.2,72.8,0.0,0.0,2007-06-05,1.7,6,20070605,0.3,20.4,17.7,0.0,203,5
156,2007,24.8,75.1,0.0,0.0,2007-06-06,1.5,6,20070606,4.3,20.1,16.7,0.0,203,6
157,2007,23.8,77.5,0.0,0.0,2007-06-07,1.0,6,20070607,0.9,19.5,15.3,0.0,203,7
158,2007,25.7,71.1,0.0,0.0,2007-06-08,1.7,6,20070608,3.4,19.6,15.3,0.0,203,8
159,2007,25.2,62.1,0.0,0.0,2007-06-09,1.6,6,20070609,10.3,18.5,11.8,0.0,203,9
160,2007,29.6,58.5,0.0,0.0,2007-06-10,1.1,6,20070610,12.5,21.3,12.5,0.0,203,10
161,2007,30.5,58.1,0.0,0.0,2007-06-11,1.2,6,20070611,10.8,22.6,15.3,0.0,203,11
162,2007,29.7,56.4,0.0,0.0,2007-06-12,1.2,6,20070612,10.9,22.7,15.3,0.0,203,12
163,2007,28.8,62.6,0.0,0.0,2007-06-13,1.0,6,20070613,5.6,22.3,15.3,0.0,203,13
164,2007,26.2,63.9,2.0,0.0,2007-06-14,1.9,6,20070614,3.2,21.3,18.1,0.0,203,14
165,2007,27.2,44.8,0.0,0.0,2007-06-15,1.8,6,20070615,5.8,20.4,14.6,0.0,203,15
166,2007,31.3,37.6,0.0,0.0,2007-06-16,1.6,6,20070616,12.6,22.1,11.8,0.0,203,16
167,2007,29.7,45.8,0.0,0.0,2007-06-17,1.4,6,20070617,8.9,21.3,11.1,0.0,203,17
168,2007,32.5,50.3,0.0,0.0,2007-06-18,0.8,6,20070618,13.0,23.8,14.8,0.0,203,18
169,2007,32.4,52.8,0.0,0.0,2007-06-19,0.9,6,20070619,12.1,24.3,15.3,0.0,203,19
170,2007,30.7,63.5,0.0,0.0,2007-06-20,1.2,6,20070620,5.4,24.3,18.3,0.0,203,20
171,2007,23.6,87.9,25.0,0.0,2007-06-21,1.0,6,20070621,0.0,20.6,18.7,0.0,203,21
172,2007,30.5,72.1,2.0,0.0,2007-06-22,0.9,6,20070622,9.5,24.0,18.6,0.0,203,22
173,2007,28.8,72.5,1.0,0.0,2007-06-23,1.1,6,20070623,3.8,23.1,18.1,0.0,203,23
174,2007,22.7,87.5,14.5,0.0,2007-06-24,1.0,6,20070624,0.4,19.5,16.2,0.0,203,24
175,2007,24.7,81.4,0.5,0.0,2007-06-25,1.0,6,20070625,0.5,21.5,18.7,0.0,203,25
176,2007,31.2,69.6,0.0,0.0,2007-06-26,1.0,6,20070626,8.9,24.8,20.2,0.0,203,26
177,2007,30.5,71.6,0.0,0.0,2007-06-27,0.8,6,20070627,5.0,24.9,18.6,0.0,203,27
178,2007,27.1,90.1,17.0,0.0,2007-06-28,0.8,6,20070628,0.0,24.0,22.0,0.0,203,28
179,2007,25.3,82.9,2.0,0.0,2007-06-29,1.6,6,20070629,0.5,22.2,20.2,0.0,203,29
180,2007,28.7,74.6,0.0,0.0,2007-06-30,1.0,6,20070630,3.5,23.7,18.7,0.0,203,30
181,2007,22.3,89.6,40.5,0.0,2007-07-01,1.5,7,20070701,0.0,20.0,18.8,0.0,203,1
182,2007,21.7,90.8,20.5,0.0,2007-07-02,1.2,7,20070702,0.0,20.2,18.6,0.0,203,2
183,2007,27.7,80.1,0.0,0.0,2007-07-03,0.3,7,20070703,0.0,23.9,20.6,0.0,203,3
184,2007,25.6,86.6,27.0,0.0,2007-07-04,0.9,7,20070704,2.9,21.6,19.6,0.0,203,4
185,2007,28.1,79.5,0.0,0.0,2007-07-05,1.3,7,20070705,4.5,22.8,19.7,0.0,203,5
186,2007,31.2,72.9,0.0,0.0,2007-07-06,0.6,7,20070706,7.1,24.6,19.3,0.0,203,6
187,2007,31.2,70.4,0.0,0.0,2007-07-07,0.9,7,20070707,6.5,25.4,20.2,0.0,203,7
188,2007,32.0,70.6,0.0,0.0,2007-07-08,1.0,7,20070708,5.7,25.7,21.3,0.0,203,8
189,2007,28.2,70.5,2.0,0.0,2007-07-09,2.1,7,20070709,6.9,23.6,19.7,0.0,203,9
190,2007,24.5,79.5,14.0,0.0,2007-07-10,2.0,7,20070710,0.1,20.6,18.1,0.0,203,10
191,2007,22.2,87.0,7.0,0.0,2007-07-11,1.4,7,20070711,0.2,19.2,17.5,0.0,203,11
192,2007,30.0,71.9,0.5,0.0,2007-07-12,0.8,7,20070712,8.9,23.9,18.8,0.0,203,12
193,2007,28.6,71.5,0.0,0.0,2007-07-13,1.8,7,20070713,5.4,23.7,19.2,0.0,203,13
194,2007,26.6,62.4,0.0,0.0,2007-07-14,3.1,7,20070714,3.7,22.3,19.5,0.0,203,14
195,2007,28.6,63.5,0.0,0.0,2007-07-15,1.2,7,20070715,7.3,23.4,17.3,0.0,203,15
196,2007,23.7,86.5,30.5,0.0,2007-07-16,2.1,7,20070716,0.0,20.3,18.1,0.0,203,16
197,2007,26.1,83.8,14.5,0.0,2007-07-17,1.1,7,20070717,1.0,21.6,18.8,0.0,203,17
198,2007,30.6,76.6,0.0,0.0,2007-07-18,0.9,7,20070718,6.3,24.0,17.8,0.0,203,18
199,2007,24.5,91.4,54.5,0.0,2007-07-19,1.2,7,20070719,0.0,23.3,22.5,0.0,203,19
200,2007,29.6,78.8,0.5,0.0,2007-07-20,0.9,7,20070720,2.5,25.2,23.1,0.0,203,20
201,2007,25.8,80.5,0.0,0.0,2007-07-21,0.5,7,20070721,0.0,22.5,20.5,0.0,203,21
202,2007,29.6,72.6,0.0,0.0,2007-07-22,0.8,7,20070722,3.6,24.1,20.2,0.0,203,22
203,2007,29.6,68.1,0.0,0.0,2007-07-23,0.9,7,20070723,2.2,24.2,19.6,0.0,203,23
204,2007,25.7,88.3,40.0,0.0,2007-07-24,0.6,7,20070724,0.0,22.7,20.6,0.0,203,24
205,2007,25.7,87.3,0.5,0.0,2007-07-25,0.8,7,20070725,0.0,23.5,21.7,0.0,203,25
206,2007,32.0,76.9,0.0,0.0,2007-07-26,0.7,7,20070726,6.8,26.0,21.2,0.0,203,26
207,2007,31.6,77.4,0.0,0.0,2007-07-27,1.1,7,20070727,2.4,26.7,23.6,0.0,203,27
208,2007,28.7,81.0,0.0,0.0,2007-07-28,1.3,7,20070728,0.0,25.9,23.8,0.0,203,28
209,2007,26.3,84.4,22.0,0.0,2007-07-29,1.1,7,20070729,1.4,23.8,20.7,0.0,203,29
210,2007,31.5,74.6,0.0,0.0,2007-07-30,0.6,7,20070730,8.2,24.9,20.1,0.0,203,30
211,2007,30.8,75.4,0.0,0.0,2007-07-31,0.8,7,20070731,4.7,25.2,20.5,0.0,203,31
212,2007,30.2,79.8,0.0,0.0,2007-08-01,1.6,8,20070801,1.8,26.1,22.1,0.0,203,1
213,2007,32.5,76.5,0.0,0.0,2007-08-02,1.3,8,20070802,2.5,27.9,25.2,0.0,203,2
214,2007,33.0,78.5,10.0,0.0,2007-08-03,0.8,8,20070803,6.2,26.1,23.6,0.0,203,3
215,2007,25.3,90.6,87.5,0.0,2007-08-04,0.8,8,20070804,0.0,23.5,22.3,0.0,203,4
216,2007,27.2,85.9,12.0,0.0,2007-08-05,1.1,8,20070805,0.3,23.9,22.5,0.0,203,5
217,2007,26.0,86.9,4.0,0.0,2007-08-06,0.7,8,20070806,0.1,23.3,21.2,0.0,203,6
218,2007,24.6,91.0,25.5,0.0,2007-08-07,0.5,8,20070807,0.0,22.5,20.7,0.0,203,7
219,2007,25.7,89.8,56.0,0.0,2007-08-08,1.5,8,20070808,0.0,23.2,21.1,0.0,203,8
220,2007,29.2,86.6,19.0,0.0,2007-08-09,1.7,8,20070809,0.6,24.8,22.1,0.0,203,9
221,2007,31.7,84.8,47.0,0.0,2007-08-10,1.3,8,20070810,5.0,25.1,21.7,0.0,203,10
222,2007,32.2,75.4,0.0,0.0,2007-08-11,1.2,8,20070811,8.0,26.8,22.2,0.0,203,11
223,2007,27.1,82.4,3.5,0.0,2007-08-12,1.9,8,20070812,0.2,24.9,22.7,0.0,203,12
224,2007,31.5,79.6,4.5,0.0,2007-08-13,1.5,8,20070813,2.7,26.5,23.8,0.0,203,13
225,2007,30.6,85.4,8.0,0.0,2007-08-14,2.0,8,20070814,1.2,25.8,23.7,0.0,203,14
226,2007,31.0,79.4,0.5,0.0,2007-08-15,0.9,8,20070815,2.3,26.7,23.1,0.0,203,15
227,2007,32.9,77.8,1.5,0.0,2007-08-16,0.7,8,20070816,4.3,27.5,24.2,0.0,203,16
228,2007,34.2,77.1,0.0,0.0,2007-08-17,0.6,8,20070817,6.8,26.7,22.6,0.0,203,17
229,2007,32.2,75.8,0.0,0.0,2007-08-18,0.7,8,20070818,4.3,26.8,22.5,0.0,203,18
230,2007,32.9,73.9,0.0,0.0,2007-08-19,0.8,8,20070819,6.8,26.6,22.5,0.0,203,19
231,2007,32.2,72.8,0.0,0.0,2007-08-20,1.0,8,20070820,8.0,26.6,21.0,0.0,203,20
232,2007,32.0,75.4,0.0,0.0,2007-08-21,1.6,8,20070821,3.8,27.5,24.7,0.0,203,21
233,2007,30.7,80.4,19.0,0.0,2007-08-22,1.3,8,20070822,4.9,25.3,20.7,0.0,203,22
234,2007,32.5,75.4,0.0,0.0,2007-08-23,0.6,8,20070823,8.3,23.9,18.3,0.0,203,23
235,2007,33.0,74.4,0.0,0.0,2007-08-24,0.5,8,20070824,7.4,25.5,18.5,0.0,203,24
236,2007,33.9,72.4,0.0,0.0,2007-08-25,0.8,8,20070825,10.0,27.4,21.8,0.0,203,25
237,2007,30.7,81.6,0.0,0.0,2007-08-26,0.7,8,20070826,1.1,25.5,22.0,0.0,203,26
238,2007,30.6,83.3,26.5,0.0,2007-08-27,1.4,8,20070827,4.1,26.0,23.6,0.0,203,27
239,2007,31.1,76.5,0.0,0.0,2007-08-28,0.9,8,20070828,5.3,25.8,23.0,0.0,203,28
240,2007,23.6,90.3,36.5,0.0,2007-08-29,1.4,8,20070829,0.0,20.3,18.7,0.0,203,29
241,2007,22.2,84.5,2.5,0.0,2007-08-30,1.0,8,20070830,0.0,19.1,17.3,0.0,203,30
242,2007,26.0,82.4,0.0,0.0,2007-08-31,0.3,8,20070831,1.8,20.9,15.8,0.0,203,31
243,2007,20.5,91.4,18.0,0.0,2007-09-01,1.1,9,20070901,0.0,18.8,17.0,0.0,203,1
244,2007,21.5,88.3,19.0,0.0,2007-09-02,1.6,9,20070902,0.0,18.8,17.2,0.0,203,2
245,2007,23.1,88.9,15.5,0.0,2007-09-03,1.0,9,20070903,0.5,19.4,17.3,0.0,203,3
246,2007,23.8,86.6,5.0,0.0,2007-09-04,0.3,9,20070904,0.2,20.8,18.3,0.0,203,4
247,2007,21.2,89.3,18.0,0.0,2007-09-05,1.4,9,20070905,0.0,18.3,17.0,0.0,203,5
248,2007,17.5,90.5,37.5,0.0,2007-09-06,1.7,9,20070906,0.0,16.6,15.3,0.0,203,6
249,2007,27.1,79.5,0.0,0.0,2007-09-07,0.7,9,20070907,5.5,20.4,15.3,0.0,203,7
250,2007,26.0,70.8,0.0,0.0,2007-09-08,1.4,9,20070908,7.2,20.9,16.7,0.0,203,8
251,2007,28.2,74.1,0.0,0.0,2007-09-09,0.8,9,20070909,7.8,20.1,13.6,0.0,203,9
252,2007,29.3,75.4,0.0,0.0,2007-09-10,0.9,9,20070910,6.1,21.6,15.6,0.0,203,10
253,2007,27.6,82.8,0.0,0.0,2007-09-11,0.3,9,20070911,1.0,21.3,16.7,0.0,203,11
254,2007,28.5,82.6,0.0,0.0,2007-09-12,0.2,9,20070912,4.9,21.4,17.0,0.0,203,12
255,2007,27.6,84.8,0.0,0.0,2007-09-13,0.3,9,20070913,0.8,21.6,17.7,0.0,203,13
256,2007,24.5,86.5,85.0,0.0,2007-09-14,1.3,9,20070914,0.3,19.7,17.5,0.0,203,14
257,2007,23.0,90.8,31.0,0.0,2007-09-15,0.4,9,20070915,0.0,19.7,17.3,0.0,203,15
258,2007,20.8,89.5,10.5,0.0,2007-09-16,1.6,9,20070916,0.1,19.0,18.0,0.0,203,16
259,2007,27.2,75.5,6.5,0.0,2007-09-17,1.6,9,20070917,6.3,21.4,17.5,0.0,203,17
260,2007,22.3,87.8,38.0,0.0,2007-09-18,1.3,9,20070918,0.2,19.3,17.2,0.0,203,18
261,2007,29.8,84.1,19.0,0.0,2007-09-19,1.1,9,20070919,3.3,23.7,18.7,0.0,203,19
262,2007,31.5,71.0,3.0,0.0,2007-09-20,1.8,9,20070920,6.7,26.5,21.0,0.0,203,20
263,2007,27.0,79.3,0.5,0.0,2007-09-21,1.5,9,20070921,1.7,22.7,19.3,0.0,203,21
264,2007,19.8,89.6,8.0,0.0,2007-09-22,1.6,9,20070922,0.0,17.7,15.6,0.0,203,22
265,2007,24.1,78.4,0.5,0.0,2007-09-23,1.1,9,20070923,2.1,19.5,15.6,0.0,203,23
266,2007,26.8,77.9,0.5,0.0,2007-09-24,0.5,9,20070924,6.8,20.7,17.0,0.0,203,24
267,2007,26.2,84.8,0.0,0.0,2007-09-25,0.2,9,20070925,3.8,19.9,17.5,0.0,203,25
268,2007,27.0,79.6,0.0,0.0,2007-09-26,0.5,9,20070926,3.8,20.4,14.6,0.0,203,26
269,2007,25.6,82.4,5.5,0.0,2007-09-27,1.7,9,20070927,0.2,21.4,18.7,0.0,203,27
270,2007,20.0,78.6,6.0,0.0,2007-09-28,0.8,9,20070928,0.1,16.9,12.5,0.0,203,28
271,2007,21.2,82.9,0.5,0.0,2007-09-29,0.5,9,20070929,0.5,16.7,11.3,0.0,203,29
272,2007,17.8,91.3,3.5,0.0,2007-09-30,0.4,9,20070930,0.0,16.4,15.5,0.0,203,30
273,2007,21.2,86.6,0.0,0.0,2007-10-01,0.2,10,20071001,0.1,17.3,15.1,0.0,203,1
274,2007,24.3,79.6,0.0,0.0,2007-10-02,0.3,10,20071002,2.3,18.5,15.3,0.0,203,2
275,2007,19.6,86.3,0.5,0.0,2007-10-03,0.2,10,20071003,0.0,17.8,16.6,0.0,203,3
276,2007,23.7,85.4,3.5,0.0,2007-10-04,0.4,10,20071004,2.8,18.6,15.3,0.0,203,4
277,2007,25.5,73.0,0.0,0.0,2007-10-05,0.8,10,20071005,10.0,18.1,12.3,0.0,203,5
278,2007,25.5,72.4,0.0,0.0,2007-10-06,1.1,10,20071006,6.7,18.5,14.6,0.0,203,6
279,2007,26.2,74.6,0.5,0.0,2007-10-07,0.9,10,20071007,7.6,19.0,12.3,0.0,203,7
280,2007,20.5,64.6,0.0,0.0,2007-10-08,1.3,10,20071008,5.3,14.8,10.0,0.0,203,8
281,2007,22.5,72.3,0.0,0.0,2007-10-09,0.7,10,20071009,8.9,12.7,5.4,0.0,203,9
282,2007,23.2,77.9,0.0,0.0,2007-10-10,0.5,10,20071010,3.3,15.1,8.3,0.0,203,10
283,2007,22.3,62.9,0.0,0.0,2007-10-11,1.1,10,20071011,3.7,16.1,12.8,0.0,203,11
284,2007,23.8,62.6,0.0,0.0,2007-10-12,0.8,10,20071012,4.4,15.6,10.6,0.0,203,12
285,2007,20.0,70.5,0.0,0.0,2007-10-13,0.5,10,20071013,4.4,13.3,8.6,0.0,203,13
286,2007,22.7,69.8,0.0,0.0,2007-10-14,0.6,10,20071014,7.6,13.7,8.5,0.0,203,14
287,2007,21.1,70.3,0.0,0.0,2007-10-15,0.6,10,20071015,8.2,13.4,5.9,0.0,203,15
288,2007,20.6,73.0,0.0,0.0,2007-10-16,0.5,10,20071016,6.8,12.9,8.6,0.0,203,16
289,2007,20.0,71.4,0.0,0.0,2007-10-17,0.9,10,20071017,7.6,11.9,5.9,0.0,203,17
290,2007,20.8,72.0,0.0,0.0,2007-10-18,0.4,10,20071018,9.4,12.0,4.6,0.0,203,18
291,2007,15.6,71.9,2.5,0.0,2007-10-19,1.2,10,20071019,3.8,9.2,3.7,0.0,203,19
292,2007,11.5,49.4,0.0,0.0,2007-10-20,2.1,10,20071020,9.7,6.0,2.2,0.0,203,20
293,2007,17.1,73.6,0.0,0.0,2007-10-21,0.7,10,20071021,8.8,7.7,-1.5,0.0,203,21
294,2007,20.5,77.8,0.0,0.0,2007-10-22,0.6,10,20071022,7.4,12.0,5.4,0.0,203,22
295,2007,21.2,78.8,0.0,0.0,2007-10-23,0.4,10,20071023,7.5,12.9,7.5,0.0,203,23
296,2007,22.0,78.6,0.0,0.0,2007-10-24,0.3,10,20071024,6.3,12.4,5.8,0.0,203,24
297,2007,17.7,87.1,6.0,0.0,2007-10-25,0.2,10,20071025,0.8,11.7,6.6,0.0,203,25
298,2007,21.6,71.5,1.5,0.0,2007-10-26,1.2,10,20071026,8.9,15.0,10.8,0.0,203,26
299,2007,21.2,66.1,0.0,0.0,2007-10-27,0.6,10,20071027,9.5,12.6,6.6,0.0,203,27
300,2007,17.7,79.5,0.5,0.0,2007-10-28,1.4,10,20071028,2.2,11.8,5.0,0.0,203,28
301,2007,15.3,63.9,0.0,0.0,2007-10-29,1.6,10,20071029,5.4,10.0,6.6,0.0,203,29
302,2007,16.3,68.5,0.0,0.0,2007-10-30,0.7,10,20071030,7.2,8.8,3.2,0.0,203,30
303,2007,16.0,73.3,0.0,0.0,2007-10-31,0.6,10,20071031,4.0,8.8,2.7,0.0,203,31
304,2007,13.1,44.1,0.0,0.0,2007-11-01,1.8,11,20071101,7.4,9.0,6.1,0.0,203,1
305,2007,14.5,61.4,0.0,0.0,2007-11-02,1.0,11,20071102,6.3,7.4,2.9,0.0,203,2
306,2007,17.6,59.1,0.0,0.0,2007-11-03,0.7,11,20071103,8.5,8.5,1.6,0.0,203,3
307,2007,16.7,61.5,0.0,0.0,2007-11-04,0.6,11,20071104,9.5,6.9,-1.5,0.0,203,4
308,2007,13.0,73.9,0.0,0.0,2007-11-05,0.3,11,20071105,0.4,5.8,0.6,0.0,203,5
309,2007,17.8,69.4,0.0,0.0,2007-11-06,0.3,11,20071106,6.5,6.7,-1.2,0.0,203,6
310,2007,19.3,65.9,0.0,0.0,2007-11-07,0.3,11,20071107,9.0,8.1,0.0,0.0,203,7
311,2007,18.8,70.6,0.0,0.0,2007-11-08,0.3,11,20071108,8.2,8.4,0.0,0.0,203,8
312,2007,19.2,73.1,0.0,0.0,2007-11-09,0.9,11,20071109,7.8,9.4,1.2,0.0,203,9
313,2007,12.8,65.6,0.0,0.0,2007-11-10,1.4,11,20071110,1.6,8.8,4.8,0.0,203,10
314,2007,10.3,70.6,0.0,0.0,2007-11-11,0.8,11,20071111,0.4,6.0,1.7,0.0,203,11
315,2007,14.3,73.6,0.0,0.0,2007-11-12,0.6,11,20071112,5.9,4.8,-2.0,0.0,203,12
316,2007,10.3,82.5,0.0,0.0,2007-11-13,0.4,11,20071113,1.6,3.6,-2.5,0.0,203,13
317,2007,13.8,81.9,0.0,0.0,2007-11-14,0.4,11,20071114,2.6,6.5,0.4,0.0,203,14
318,2007,15.1,68.5,0.0,0.0,2007-11-15,1.1,11,20071115,5.7,7.8,3.4,0.0,203,15
319,2007,11.1,62.9,0.0,0.0,2007-11-16,1.1,11,20071116,9.0,3.9,-2.0,0.0,203,16
320,2007,9.1,73.6,0.0,0.0,2007-11-17,1.2,11,20071117,1.2,2.5,-4.3,0.0,203,17
321,2007,4.0,29.4,0.0,0.0,2007-11-18,2.5,11,20071118,8.8,-1.0,-5.6,0.0,203,18
322,2007,3.5,56.9,5.2,3.8,2007-11-19,0.9,11,20071119,7.5,-2.2,-9.6,0.0,203,19
323,2007,4.3,52.9,0.0,0.0,2007-11-20,1.8,11,20071120,9.0,0.0,-5.5,0.0,203,20
324,2007,7.5,67.4,5.1,5.3,2007-11-21,1.1,11,20071121,6.5,0.5,-5.4,0.0,203,21
325,2007,6.6,64.3,0.0,0.0,2007-11-22,0.5,11,20071122,7.9,0.2,-7.9,0.0,203,22
326,2007,7.0,87.5,36.5,0.0,2007-11-23,0.8,11,20071123,0.5,3.9,0.9,0.0,203,23
327,2007,11.8,76.4,0.0,0.0,2007-11-24,0.8,11,20071124,6.9,6.3,0.6,0.0,203,24
328,2007,4.8,94.3,0.0,0.0,2007-11-25,0.4,11,20071125,1.6,0.3,-1.6,0.0,203,25
329,2007,3.7,95.0,0.0,0.0,2007-11-26,0.4,11,20071126,0.0,1.1,-1.6,0.0,203,26
330,2007,8.0,59.3,0.0,0.0,2007-11-27,1.0,11,20071127,8.8,0.5,-4.0,0.0,203,27
331,2007,10.8,70.5,0.0,0.0,2007-11-28,0.3,11,20071128,8.9,1.4,-6.4,0.0,203,28
332,2007,15.0,55.5,0.0,0.0,2007-11-29,1.3,11,20071129,8.3,7.1,1.2,0.0,203,29
333,2007,8.6,51.0,0.0,0.0,2007-11-30,1.4,11,20071130,8.9,1.8,-2.4,0.0,203,30
334,2007,8.0,69.5,0.0,0.0,2007-12-01,0.6,12,20071201,4.7,2.1,-5.9,0.0,203,1
335,2007,7.3,76.0,0.0,0.0,2007-12-02,1.1,12,20071202,0.0,3.3,-0.3,0.0,203,2
336,2007,7.0,56.9,0.0,0.0,2007-12-03,1.8,12,20071203,5.7,0.6,-5.1,0.0,203,3
337,2007,2.0,47.4,0.0,0.0,2007-12-04,1.6,12,20071204,8.8,-2.7,-6.0,0.0,203,4
338,2007,4.3,51.8,0.0,0.0,2007-12-05,1.1,12,20071205,8.9,-2.8,-8.6,0.0,203,5
339,2007,0.8,74.6,1.3,1.9,2007-12-06,0.5,12,20071206,0.0,-2.5,-7.6,0.0,203,6
340,2007,7.0,80.4,4.3,4.4,2007-12-07,0.8,12,20071207,4.8,1.3,-2.0,0.0,203,7
341,2007,4.6,76.8,0.0,0.0,2007-12-08,0.8,12,20071208,4.9,-2.2,-5.4,0.0,203,8
342,2007,5.1,78.4,0.0,0.0,2007-12-09,0.5,12,20071209,7.6,-2.3,-7.9,0.0,203,9
343,2007,2.5,81.4,0.0,0.0,2007-12-10,0.7,12,20071210,0.0,-0.9,-5.6,0.0,203,10
344,2007,5.8,90.6,1.0,0.0,2007-12-11,0.3,12,20071211,0.0,2.7,1.1,0.0,203,11
345,2007,4.6,90.5,0.0,0.0,2007-12-12,0.5,12,20071212,1.0,2.2,1.0,0.0,203,12
346,2007,6.5,62.4,0.0,0.0,2007-12-13,1.6,12,20071213,6.2,1.3,-2.4,0.0,203,13
347,2007,5.3,60.9,0.2,0.5,2007-12-14,1.0,12,20071214,8.8,-0.7,-6.6,0.0,203,14
348,2007,5.5,70.0,2.0,3.6,2007-12-15,1.4,12,20071215,4.1,0.7,-2.0,0.0,203,15
349,2007,4.5,73.6,0.0,0.0,2007-12-16,0.7,12,20071216,7.2,-2.2,-7.5,0.0,203,16
350,2007,1.2,89.4,0.3,0.0,2007-12-17,0.5,12,20071217,0.0,-1.5,-3.5,0.0,203,17
351,2007,1.7,88.3,0.0,0.0,2007-12-18,0.6,12,20071218,2.3,-2.8,-5.6,0.0,203,18
352,2007,2.7,87.3,0.0,0.0,2007-12-19,0.4,12,20071219,3.4,-2.5,-4.9,0.0,203,19
353,2007,3.5,84.4,0.1,0.2,2007-12-20,0.4,12,20071220,0.0,-0.8,-4.8,0.0,203,20
354,2007,3.4,91.1,0.0,0.0,2007-12-21,0.3,12,20071221,0.8,-2.0,-4.8,0.0,203,21
355,2007,8.8,76.8,0.0,0.0,2007-12-22,0.3,12,20071222,5.1,0.5,-5.1,0.0,203,22
356,2007,5.5,80.1,0.0,0.0,2007-12-23,0.8,12,20071223,0.8,-0.2,-5.0,0.0,203,23
357,2007,7.1,77.1,0.0,0.0,2007-12-24,0.6,12,20071224,7.4,-0.1,-5.5,0.0,203,24
358,2007,9.6,76.8,0.0,0.0,2007-12-25,0.3,12,20071225,3.4,1.6,-4.4,0.0,203,25
359,2007,14.1,76.3,0.0,0.0,2007-12-26,0.4,12,20071226,8.6,3.7,-2.9,0.0,203,26
360,2007,6.1,87.8,0.5,0.0,2007-12-27,0.4,12,20071227,0.0,1.5,-2.7,0.0,203,27
361,2007,7.5,88.5,0.5,0.0,2007-12-28,0.8,12,20071228,0.0,3.3,0.5,0.0,203,28
362,2007,2.5,63.5,0.5,0.0,2007-12-29,2.3,12,20071229,3.6,-0.2,-3.0,0.0,203,29
363,2007,-3.0,50.1,0.0,0.0,2007-12-30,2.7,12,20071230,7.1,-6.1,-8.3,0.0,203,30
364,2007,-1.2,50.6,0.0,0.0,2007-12-31,2.6,12,20071231,5.8,-5.4,-8.0,0.0,203,31
