,sunshine,snow,wind,rainfall,date,cloud,humid,day,tmax,tmin,Date,station_id,tavg,month,year
0,1.5,0.0,1.5,0.0,20040101,0.0,70.6,1,7.5,1.2,2004-01-01,203,3.4,1,2004
1,6.1,0.0,1.5,2.5,20040102,0.0,69.3,2,6.6,-0.1,2004-01-02,203,2.0,1,2004
2,7.2,0.0,1.0,0.0,20040103,0.0,65.0,3,8.3,-5.3,2004-01-03,203,1.0,1,2004
3,7.7,0.0,0.4,0.0,20040104,0.0,70.0,4,6.8,-7.5,2004-01-04,203,-1.3,1,2004
4,6.9,0.0,0.2,0.0,20040105,0.0,70.9,5,5.9,-8.5,2004-01-05,203,-2.2,1,2004
5,4.9,0.0,0.4,0.0,20040106,0.0,73.9,6,6.5,-5.0,2004-01-06,203,0.2,1,2004
6,4.8,0.0,1.6,0.0,20040107,0.0,68.4,7,6.8,-4.9,2004-01-07,203,0.5,1,2004
7,7.4,0.0,0.5,0.0,20040108,0.0,65.9,8,4.5,-9.3,2004-01-08,203,-2.6,1,2004
8,6.5,0.0,0.8,0.0,20040109,0.0,74.6,9,6.4,-7.5,2004-01-09,203,-1.3,1,2004
9,7.3,0.0,1.6,0.0,20040110,0.0,55.4,10,4.5,-5.1,2004-01-10,203,-0.6,1,2004
10,6.3,0.0,0.6,0.0,20040111,0.0,64.1,11,5.6,-9.0,2004-01-11,203,-2.2,1,2004
11,0.9,7.9,1.8,4.1,20040112,0.0,85.5,12,2.0,-7.0,2004-01-12,203,-2.3,1,2004
12,5.4,0.6,2.4,0.3,20040113,0.0,70.3,13,-3.0,-10.3,2004-01-13,203,-6.2,1,2004
13,7.3,0.0,0.4,0.0,20040114,0.0,77.3,14,-2.0,-16.7,2004-01-14,203,-9.0,1,2004
14,3.3,0.0,0.3,0.0,20040115,0.0,80.1,15,4.3,-11.1,2004-01-15,203,-2.8,1,2004
15,3.3,0.0,0.3,0.0,20040116,0.0,80.1,16,4.3,-11.1,2004-01-16,203,-2.8,1,2004
16,0.0,2.2,0.7,4.5,20040117,0.0,94.1,17,1.5,-0.8,2004-01-17,203,0.2,1,2004
17,0.1,1.0,1.1,1.5,20040118,0.0,93.6,18,1.8,-1.7,2004-01-18,203,-0.6,1,2004
18,7.2,0.0,1.9,0.0,20040119,0.0,66.6,19,2.5,-3.7,2004-01-19,203,-1.3,1,2004
19,8.3,0.3,1.7,0.1,20040120,0.0,55.5,20,0.6,-8.1,2004-01-20,203,-3.7,1,2004
20,8.5,0.0,3.3,0.0,20040121,0.0,57.1,21,-7.8,-16.7,2004-01-21,203,-13.3,1,2004
21,8.2,0.0,2.2,0.0,20040122,0.0,51.6,22,-7.5,-16.3,2004-01-22,203,-12.7,1,2004
22,7.9,0.0,0.8,0.0,20040123,0.0,61.8,23,-2.9,-18.0,2004-01-23,203,-10.7,1,2004
23,8.3,0.0,1.1,0.0,20040124,0.0,64.9,24,-1.6,-16.7,2004-01-24,203,-8.9,1,2004
24,8.1,0.0,1.2,0.0,20040125,0.0,72.3,25,-1.5,-15.1,2004-01-25,203,-8.2,1,2004
25,6.7,0.0,0.6,0.0,20040126,0.0,72.3,26,-0.5,-15.8,2004-01-26,203,-7.6,1,2004
26,7.5,0.0,1.3,0.0,20040127,0.0,73.4,27,1.2,-14.5,2004-01-27,203,-6.2,1,2004
27,5.2,0.0,0.7,0.0,20040128,0.0,80.5,28,4.0,-10.1,2004-01-28,203,-3.3,1,2004
28,2.9,0.0,0.4,0.0,20040129,0.0,77.9,29,5.9,-6.6,2004-01-29,203,-0.5,1,2004
29,6.3,0.0,0.9,0.0,20040130,0.0,73.5,30,7.4,-7.5,2004-01-30,203,-1.0,1,2004
30,6.9,0.0,0.2,0.0,20040131,0.0,73.3,31,7.6,-8.5,2004-01-31,203,-1.2,1,2004
31,6.4,0.0,0.6,0.0,20040201,0.0,67.6,1,9.8,-6.5,2004-02-01,203,0.9,2,2004
32,7.4,0.0,2.8,0.0,20040202,0.0,52.8,2,3.5,-5.5,2004-02-02,203,-0.9,2,2004
33,7.4,0.0,2.0,0.0,20040203,0.0,55.4,3,1.0,-10.1,2004-02-03,203,-4.3,2,2004
34,7.3,0.7,1.9,0.4,20040204,0.0,62.8,4,3.5,-9.1,2004-02-04,203,-2.1,2,2004
35,6.7,0.0,3.1,0.0,20040205,0.0,49.0,5,-0.2,-8.1,2004-02-05,203,-4.3,2,2004
36,5.2,0.7,1.4,0.4,20040206,0.0,72.6,6,0.8,-13.0,2004-02-06,203,-5.2,2,2004
37,8.2,0.0,2.6,0.0,20040207,0.0,62.9,7,0.8,-7.3,2004-02-07,203,-3.6,2,2004
38,7.8,0.0,2.0,0.0,20040208,0.0,66.9,8,7.6,-9.3,2004-02-08,203,-1.6,2,2004
39,9.1,0.0,1.2,0.0,20040209,0.0,55.6,9,4.4,-10.3,2004-02-09,203,-3.0,2,2004
40,8.2,0.0,0.6,0.0,20040210,0.0,63.6,10,5.9,-12.0,2004-02-10,203,-2.6,2,2004
41,3.2,0.0,1.3,0.0,20040211,0.0,74.8,11,7.8,-4.5,2004-02-11,203,0.2,2,2004
42,6.2,0.0,1.2,0.0,20040212,0.0,69.4,12,7.9,-6.8,2004-02-12,203,-0.5,2,2004
43,5.2,0.0,0.9,0.0,20040213,0.0,60.8,13,7.8,-6.6,2004-02-13,203,1.0,2,2004
44,6.0,0.0,4.0,3.0,20040214,0.0,57.9,14,6.0,0.2,2004-02-14,203,3.5,2,2004
45,8.7,0.0,2.0,0.0,20040215,0.0,63.1,15,10.0,-3.7,2004-02-15,203,2.2,2,2004
46,8.1,0.0,1.2,0.0,20040216,0.0,66.9,16,11.6,-5.5,2004-02-16,203,3.2,2,2004
47,7.8,0.0,2.3,0.0,20040217,0.0,54.1,17,9.8,0.1,2004-02-17,203,4.7,2,2004
48,8.4,0.0,0.9,0.0,20040218,0.0,55.1,18,13.3,-5.9,2004-02-18,203,2.8,2,2004
49,8.7,0.0,0.5,0.0,20040219,0.0,51.0,19,16.7,-5.5,2004-02-19,203,4.5,2,2004
50,8.5,0.0,0.5,0.0,20040220,0.0,49.6,20,19.5,-3.7,2004-02-20,203,7.7,2,2004
51,0.0,0.0,0.3,24.0,20040221,0.0,81.5,21,12.3,4.5,2004-02-21,203,8.1,2,2004
52,0.0,0.0,3.1,9.0,20040222,0.0,86.6,22,14.1,1.3,2004-02-22,203,4.9,2,2004
53,9.4,0.0,2.4,0.0,20040223,0.0,58.0,23,8.0,-2.0,2004-02-23,203,1.9,2,2004
54,4.7,0.0,1.6,0.0,20040224,0.0,74.9,24,8.6,-4.5,2004-02-24,203,2.6,2,2004
55,3.7,0.0,3.0,0.0,20040225,0.0,61.6,25,13.0,1.8,2004-02-25,203,6.4,2,2004
56,8.8,0.0,2.8,0.0,20040226,0.0,49.8,26,6.1,-2.2,2004-02-26,203,1.4,2,2004
57,9.3,0.7,1.5,0.3,20040227,0.0,57.6,27,7.5,-4.3,2004-02-27,203,0.9,2,2004
58,1.6,0.0,0.5,2.0,20040228,0.0,73.6,28,10.6,-5.4,2004-02-28,203,2.3,2,2004
59,7.6,0.0,2.5,0.0,20040229,0.0,48.6,29,9.6,1.7,2004-02-29,203,4.8,2,2004
60,9.3,0.0,1.9,0.0,20040301,0.0,38.5,1,9.5,-2.2,2004-03-01,203,3.0,3,2004
61,10.2,0.0,2.5,0.0,20040302,0.0,33.0,2,3.5,-4.5,2004-03-02,203,-1.1,3,2004
62,4.6,0.0,1.3,0.0,20040303,0.0,40.8,3,2.7,-5.6,2004-03-03,203,-1.9,3,2004
63,7.4,12.4,1.7,10.2,20040304,0.0,63.9,4,4.6,-7.5,2004-03-04,203,-1.1,3,2004
64,0.0,0.0,1.4,3.6,20040305,0.0,92.9,5,1.2,-3.4,2004-03-05,203,-1.2,3,2004
65,8.5,0.0,2.4,0.0,20040306,0.0,62.9,6,0.8,-6.9,2004-03-06,203,-3.7,3,2004
66,10.0,0.0,2.0,0.0,20040307,0.0,62.5,7,3.2,-12.1,2004-03-07,203,-2.9,3,2004
67,6.4,0.0,1.1,0.0,20040308,0.0,78.9,8,5.9,-7.9,2004-03-08,203,0.4,3,2004
68,7.0,0.0,0.9,0.0,20040309,0.0,76.8,9,11.6,-3.5,2004-03-09,203,3.8,3,2004
69,2.0,0.0,2.2,0.0,20040310,0.0,75.4,10,17.0,-0.6,2004-03-10,203,8.5,3,2004
70,5.9,0.0,2.1,0.0,20040311,0.0,33.1,11,11.1,2.2,2004-03-11,203,5.7,3,2004
71,8.9,0.0,1.4,0.0,20040312,0.0,43.9,12,14.0,-1.2,2004-03-12,203,5.8,3,2004
72,6.8,0.0,1.1,0.0,20040313,0.0,57.1,13,14.5,-1.6,2004-03-13,203,6.4,3,2004
73,4.0,0.0,1.5,0.0,20040314,0.0,77.5,14,11.8,2.7,2004-03-14,203,6.0,3,2004
74,5.5,0.0,0.6,0.0,20040315,0.0,72.4,15,15.6,-1.7,2004-03-15,203,5.8,3,2004
75,7.3,0.0,1.2,0.0,20040316,0.0,50.3,16,22.5,1.3,2004-03-16,203,12.2,3,2004
76,1.2,0.0,2.7,5.5,20040317,0.0,61.6,17,17.2,-0.6,2004-03-17,203,7.2,3,2004
77,10.7,0.0,1.8,0.0,20040318,0.0,42.3,18,9.5,-2.7,2004-03-18,203,2.4,3,2004
78,9.7,0.0,1.1,0.0,20040319,0.0,51.0,19,10.8,-5.4,2004-03-19,203,3.3,3,2004
79,9.3,0.0,1.4,0.0,20040320,0.0,50.8,20,14.5,-2.0,2004-03-20,203,6.0,3,2004
80,7.2,0.0,0.8,0.0,20040321,0.0,43.0,21,16.2,-0.2,2004-03-21,203,8.7,3,2004
81,7.1,0.0,1.6,0.0,20040322,0.0,50.9,22,17.2,6.1,2004-03-22,203,10.3,3,2004
82,9.2,0.0,1.5,0.0,20040323,0.0,44.6,23,17.5,-1.8,2004-03-23,203,8.1,3,2004
83,7.3,0.0,2.0,0.0,20040324,0.0,53.5,24,15.5,4.5,2004-03-24,203,8.3,3,2004
84,7.3,0.0,1.3,0.0,20040325,0.0,57.3,25,15.3,1.0,2004-03-25,203,7.1,3,2004
85,10.0,0.0,1.2,0.0,20040326,0.0,48.9,26,18.0,-1.3,2004-03-26,203,8.7,3,2004
86,10.3,0.0,1.4,0.0,20040327,0.0,45.0,27,18.7,-1.1,2004-03-27,203,9.1,3,2004
87,10.3,0.0,1.4,0.0,20040328,0.0,41.0,28,21.0,-2.2,2004-03-28,203,10.2,3,2004
88,3.9,0.0,1.4,0.5,20040329,0.0,56.4,29,19.3,6.8,2004-03-29,203,13.1,3,2004
89,7.8,0.0,3.2,0.0,20040330,0.0,51.3,30,16.8,3.2,2004-03-30,203,10.4,3,2004
90,10.3,0.0,2.3,0.0,20040331,0.0,39.8,31,15.1,1.2,2004-03-31,203,7.7,3,2004
91,5.8,0.0,1.3,8.0,20040401,0.0,58.0,1,17.3,-1.3,2004-04-01,203,8.0,4,2004
92,5.9,0.0,3.6,1.0,20040402,0.0,71.9,2,9.6,4.0,2004-04-02,203,6.0,4,2004
93,4.9,0.0,1.6,0.0,20040403,0.0,66.4,3,11.8,1.0,2004-04-03,203,5.7,4,2004
94,8.9,0.0,1.6,0.0,20040404,0.0,57.6,4,14.1,-1.7,2004-04-04,203,6.2,4,2004
95,11.1,0.0,1.7,0.0,20040405,0.0,44.4,5,17.2,-1.2,2004-04-05,203,8.4,4,2004
96,0.1,0.0,0.6,0.5,20040406,0.0,67.5,6,11.1,1.0,2004-04-06,203,6.0,4,2004
97,8.9,0.0,1.8,0.0,20040407,0.0,52.3,7,16.2,5.3,2004-04-07,203,9.7,4,2004
98,11.2,0.0,1.7,0.0,20040408,0.0,44.4,8,18.2,-0.8,2004-04-08,203,8.7,4,2004
99,9.6,0.0,1.7,0.0,20040409,0.0,53.5,9,22.3,0.0,2004-04-09,203,11.5,4,2004
100,9.5,0.0,1.0,0.0,20040410,0.0,48.4,10,24.1,3.5,2004-04-10,203,14.4,4,2004
101,10.1,0.0,1.7,0.0,20040411,0.0,44.8,11,24.6,8.8,2004-04-11,203,16.2,4,2004
102,7.7,0.0,1.0,0.0,20040412,0.0,62.5,12,24.3,6.0,2004-04-12,203,15.6,4,2004
103,9.2,0.0,1.5,0.0,20040413,0.0,52.5,13,24.2,7.4,2004-04-13,203,16.0,4,2004
104,10.5,0.0,1.5,0.0,20040414,0.0,47.6,14,25.1,6.8,2004-04-14,203,15.7,4,2004
105,9.4,0.0,1.5,0.0,20040415,0.0,47.0,15,24.0,3.5,2004-04-15,203,13.6,4,2004
106,9.5,0.0,2.0,0.0,20040416,0.0,54.9,16,24.1,3.7,2004-04-16,203,14.8,4,2004
107,10.4,0.0,1.6,0.0,20040417,0.0,47.6,17,26.2,6.5,2004-04-17,203,16.8,4,2004
108,7.4,0.0,1.2,6.0,20040418,0.0,53.3,18,27.2,5.4,2004-04-18,203,17.4,4,2004
109,0.0,0.0,1.4,7.0,20040419,0.0,86.5,19,17.8,12.3,2004-04-19,203,14.9,4,2004
110,8.8,0.0,2.0,0.0,20040420,0.0,57.6,20,24.0,11.8,2004-04-20,203,16.1,4,2004
111,7.6,0.0,1.2,0.0,20040421,0.0,64.9,21,28.2,6.5,2004-04-21,203,17.1,4,2004
112,1.2,0.0,1.4,0.0,20040422,0.0,78.9,22,20.7,10.8,2004-04-22,203,15.0,4,2004
113,11.0,0.0,2.5,0.0,20040423,0.0,36.9,23,18.7,7.5,2004-04-23,203,12.4,4,2004
114,10.5,0.0,2.1,0.0,20040424,0.0,42.6,24,18.7,2.9,2004-04-24,203,10.9,4,2004
115,10.7,0.0,1.8,0.0,20040425,0.0,39.4,25,20.7,1.8,2004-04-25,203,11.8,4,2004
116,0.0,0.0,2.2,38.0,20040426,0.0,75.4,26,13.3,6.5,2004-04-26,203,8.3,4,2004
117,0.8,0.0,3.5,9.0,20040427,0.0,79.8,27,10.6,3.4,2004-04-27,203,7.2,4,2004
118,8.8,0.0,1.2,0.0,20040428,0.0,64.6,28,19.8,0.1,2004-04-28,203,9.6,4,2004
119,11.2,0.0,1.4,0.0,20040429,0.0,54.1,29,23.6,3.4,2004-04-29,203,13.7,4,2004
120,4.4,0.0,0.9,0.0,20040430,0.0,68.5,30,21.7,9.8,2004-04-30,203,15.3,4,2004
121,9.9,0.0,2.6,0.0,20040501,0.0,52.1,1,25.6,11.8,2004-05-01,203,18.2,5,2004
122,3.9,0.0,1.7,0.0,20040502,0.0,61.4,2,22.0,13.0,2004-05-02,203,17.4,5,2004
123,0.0,0.0,1.3,14.0,20040503,0.0,91.4,3,18.1,11.3,2004-05-03,203,15.3,5,2004
124,10.4,0.0,2.3,0.5,20040504,0.0,57.1,4,22.0,7.8,2004-05-04,203,14.1,5,2004
125,10.6,0.0,2.2,0.0,20040505,0.0,60.8,5,23.7,5.4,2004-05-05,203,14.1,5,2004
126,9.9,0.0,1.7,0.0,20040506,0.0,54.0,6,23.8,8.3,2004-05-06,203,15.9,5,2004
127,9.9,0.0,0.8,0.0,20040507,0.0,57.5,7,24.2,5.0,2004-05-07,203,15.3,5,2004
128,0.4,0.0,0.6,0.0,20040508,0.0,67.1,8,20.2,8.5,2004-05-08,203,15.5,5,2004
129,0.0,0.0,1.9,32.5,20040509,0.0,92.9,9,16.0,12.6,2004-05-09,203,14.5,5,2004
130,0.1,0.0,1.3,4.0,20040510,0.0,90.4,10,16.7,14.1,2004-05-10,203,15.0,5,2004
131,7.3,0.0,1.0,0.0,20040511,0.0,76.5,11,23.5,11.1,2004-05-11,203,16.8,5,2004
132,0.0,0.0,0.6,18.5,20040512,0.0,92.5,12,17.5,13.6,2004-05-12,203,15.6,5,2004
133,3.5,0.0,1.8,1.0,20040513,0.0,79.9,13,19.5,12.8,2004-05-13,203,16.1,5,2004
134,8.1,0.0,0.8,0.0,20040514,0.0,72.4,14,25.5,8.8,2004-05-14,203,17.0,5,2004
135,0.3,0.0,1.0,0.0,20040515,0.0,82.5,15,18.0,12.6,2004-05-15,203,15.5,5,2004
136,7.7,0.0,1.3,0.0,20040516,0.0,73.8,16,22.1,10.6,2004-05-16,203,15.9,5,2004
137,6.5,0.0,2.1,0.0,20040517,0.0,71.0,17,19.8,11.5,2004-05-17,203,15.4,5,2004
138,7.0,0.0,1.5,4.0,20040518,0.0,70.4,18,25.3,11.6,2004-05-18,203,17.2,5,2004
139,10.2,0.0,2.4,0.0,20040519,0.0,56.3,19,27.3,13.1,2004-05-19,203,20.0,5,2004
140,8.3,0.0,2.2,0.5,20040520,0.0,65.0,20,26.5,15.1,2004-05-20,203,19.8,5,2004
141,10.1,0.0,2.3,2.0,20040521,0.0,61.5,21,22.7,13.1,2004-05-21,203,17.6,5,2004
142,12.5,0.0,1.7,0.0,20040522,0.0,53.6,22,24.7,8.3,2004-05-22,203,17.2,5,2004
143,11.6,0.0,1.8,0.0,20040523,0.0,60.5,23,23.1,11.3,2004-05-23,203,17.2,5,2004
144,11.9,0.0,1.5,0.0,20040524,0.0,57.0,24,26.2,9.8,2004-05-24,203,18.2,5,2004
145,10.6,0.0,1.1,0.0,20040525,0.0,54.1,25,27.3,9.5,2004-05-25,203,18.9,5,2004
146,2.5,0.0,0.9,0.0,20040526,0.0,66.3,26,22.5,12.0,2004-05-26,203,17.4,5,2004
147,5.3,0.0,0.7,1.5,20040527,0.0,71.8,27,26.6,15.0,2004-05-27,203,20.2,5,2004
148,0.0,0.0,1.3,27.5,20040528,0.0,89.0,28,22.2,18.1,2004-05-28,203,19.7,5,2004
149,7.4,0.0,1.0,0.0,20040529,0.0,74.5,29,26.6,17.2,2004-05-29,203,21.2,5,2004
150,4.8,0.0,1.1,0.0,20040530,0.0,74.4,30,28.7,16.7,2004-05-30,203,21.5,5,2004
151,12.0,0.0,1.9,0.0,20040531,0.0,46.5,31,26.5,16.0,2004-05-31,203,20.7,5,2004
152,12.0,0.0,1.1,0.0,20040601,0.0,54.1,1,28.2,9.1,2004-06-01,203,19.7,6,2004
153,11.7,0.0,1.1,0.0,20040602,0.0,52.9,2,31.2,12.3,2004-06-02,203,22.3,6,2004
154,11.1,0.0,0.7,0.0,20040603,0.0,56.8,3,33.7,15.1,2004-06-03,203,25.0,6,2004
155,8.8,0.0,0.7,0.0,20040604,0.0,63.0,4,33.5,17.0,2004-06-04,203,24.5,6,2004
156,6.2,0.0,1.3,0.0,20040605,0.0,53.9,5,32.0,16.8,2004-06-05,203,23.9,6,2004
157,3.2,0.0,1.0,0.0,20040606,0.0,56.1,6,27.0,18.6,2004-06-06,203,22.0,6,2004
158,0.3,0.0,0.8,0.5,20040607,0.0,73.6,7,23.3,16.2,2004-06-07,203,19.3,6,2004
159,5.9,0.0,0.9,0.0,20040608,0.0,75.8,8,24.0,15.0,2004-06-08,203,18.8,6,2004
160,10.9,0.0,1.4,0.0,20040609,0.0,63.5,9,27.3,14.6,2004-06-09,203,20.9,6,2004
161,9.2,0.0,0.8,0.0,20040610,0.0,68.3,10,30.3,14.8,2004-06-10,203,22.7,6,2004
162,9.6,0.0,1.1,0.0,20040611,0.0,63.1,11,31.8,17.6,2004-06-11,203,24.4,6,2004
163,9.9,0.0,2.2,0.0,20040612,0.0,51.5,12,29.7,16.3,2004-06-12,203,22.9,6,2004
164,12.6,0.0,1.4,0.0,20040613,0.0,55.4,13,29.6,11.8,2004-06-13,203,21.2,6,2004
165,11.2,0.0,1.1,0.0,20040614,0.0,51.5,14,30.5,13.1,2004-06-14,203,21.9,6,2004
166,10.3,0.0,0.7,0.0,20040615,0.0,53.8,15,31.1,14.0,2004-06-15,203,22.9,6,2004
167,9.4,0.0,1.3,0.0,20040616,0.0,52.5,16,31.7,16.2,2004-06-16,203,24.7,6,2004
168,0.0,0.0,1.4,23.0,20040617,0.0,83.9,17,24.6,16.8,2004-06-17,203,18.4,6,2004
169,3.2,0.0,0.7,0.0,20040618,0.0,85.3,18,25.5,16.5,2004-06-18,203,20.5,6,2004
170,0.0,0.0,1.5,101.5,20040619,0.0,92.0,19,21.7,19.5,2004-06-19,203,20.3,6,2004
171,0.3,0.0,1.1,14.5,20040620,0.0,91.3,20,23.7,19.3,2004-06-20,203,21.4,6,2004
172,3.7,0.0,1.4,0.0,20040621,0.0,82.8,21,25.7,19.3,2004-06-21,203,21.7,6,2004
173,3.5,0.0,1.6,0.0,20040622,0.0,81.6,22,25.5,18.7,2004-06-22,203,21.6,6,2004
174,4.3,0.0,1.3,0.0,20040623,0.0,80.6,23,27.8,18.7,2004-06-23,203,23.2,6,2004
175,6.5,0.0,1.1,0.0,20040624,0.0,75.1,24,29.2,20.0,2004-06-24,203,24.4,6,2004
176,7.5,0.0,1.4,0.0,20040625,0.0,69.5,25,29.1,18.5,2004-06-25,203,24.0,6,2004
177,8.3,0.0,0.8,0.5,20040626,0.0,70.8,26,28.7,21.1,2004-06-26,203,24.7,6,2004
178,8.0,0.0,1.2,0.0,20040627,0.0,72.8,27,29.5,20.3,2004-06-27,203,24.2,6,2004
179,4.1,0.0,0.9,0.0,20040628,0.0,78.5,28,26.8,19.1,2004-06-28,203,22.4,6,2004
180,1.4,0.0,1.0,0.0,20040629,0.0,77.8,29,25.3,19.7,2004-06-29,203,22.2,6,2004
181,7.3,0.0,0.7,0.0,20040630,0.0,74.4,30,29.3,20.2,2004-06-30,203,24.3,6,2004
182,4.6,0.0,1.2,3.5,20040701,0.0,83.5,1,26.1,18.6,2004-07-01,203,22.1,7,2004
183,0.0,0.0,0.9,6.5,20040702,0.0,93.9,2,23.2,21.1,2004-07-02,203,22.3,7,2004
184,0.1,0.0,0.5,7.0,20040703,0.0,92.0,3,26.3,20.3,2004-07-03,203,23.5,7,2004
185,0.0,0.0,2.9,18.0,20040704,0.0,89.9,4,23.6,19.7,2004-07-04,203,21.2,7,2004
186,2.0,0.0,2.2,2.5,20040705,0.0,83.5,5,27.1,19.2,2004-07-05,203,22.2,7,2004
187,2.6,0.0,1.1,0.0,20040706,0.0,84.3,6,27.3,20.8,2004-07-06,203,24.3,7,2004
188,0.0,0.0,0.8,39.0,20040707,0.0,94.5,7,23.2,19.3,2004-07-07,203,21.3,7,2004
189,0.3,0.0,0.9,0.0,20040708,0.0,88.3,8,24.5,20.2,2004-07-08,203,21.8,7,2004
190,7.4,0.0,0.7,0.0,20040709,0.0,78.4,9,28.6,20.0,2004-07-09,203,23.0,7,2004
191,4.4,0.0,0.4,0.0,20040710,0.0,84.6,10,28.5,19.0,2004-07-10,203,22.5,7,2004
192,2.3,0.0,0.6,9.0,20040711,0.0,88.3,11,26.7,18.7,2004-07-11,203,21.9,7,2004
193,1.3,0.0,2.3,44.5,20040712,0.0,87.3,12,27.2,20.3,2004-07-12,203,23.7,7,2004
194,0.0,0.0,0.9,11.5,20040713,0.0,91.4,13,23.7,19.5,2004-07-13,203,21.4,7,2004
195,0.9,0.0,0.9,2.0,20040714,0.0,85.8,14,26.6,20.7,2004-07-14,203,23.6,7,2004
196,0.0,0.0,1.2,58.5,20040715,0.0,92.3,15,23.2,22.0,2004-07-15,203,22.5,7,2004
197,0.0,0.0,1.7,85.0,20040716,0.0,91.0,16,25.1,21.5,2004-07-16,203,23.4,7,2004
198,1.0,0.0,2.1,0.0,20040717,0.0,86.5,17,26.2,21.3,2004-07-17,203,23.7,7,2004
199,2.9,0.0,1.2,0.0,20040718,0.0,81.6,18,30.1,21.7,2004-07-18,203,26.0,7,2004
200,3.0,0.0,2.0,0.0,20040719,0.0,77.1,19,29.1,24.7,2004-07-19,203,26.7,7,2004
201,0.9,0.0,0.9,0.0,20040720,0.0,86.3,20,29.3,23.3,2004-07-20,203,25.8,7,2004
202,5.8,0.0,1.0,0.0,20040721,0.0,81.3,21,31.2,24.0,2004-07-21,203,27.2,7,2004
203,9.4,0.0,1.2,0.0,20040722,0.0,75.9,22,33.4,23.1,2004-07-22,203,27.7,7,2004
204,9.7,0.0,0.9,0.0,20040723,0.0,74.9,23,33.9,22.0,2004-07-23,203,27.7,7,2004
205,7.4,0.0,0.7,0.0,20040724,0.0,73.8,24,32.0,20.5,2004-07-24,203,26.5,7,2004
206,2.1,0.0,1.0,12.0,20040725,0.0,83.4,25,26.7,20.8,2004-07-25,203,23.8,7,2004
207,3.9,0.0,0.7,0.0,20040726,0.0,80.6,26,30.0,22.0,2004-07-26,203,25.6,7,2004
208,5.1,0.0,0.8,0.0,20040727,0.0,79.0,27,31.2,22.7,2004-07-27,203,26.4,7,2004
209,8.2,0.0,0.7,0.0,20040728,0.0,73.9,28,33.2,22.6,2004-07-28,203,27.6,7,2004
210,8.6,0.0,0.5,0.0,20040729,0.0,75.9,29,34.2,21.6,2004-07-29,203,27.4,7,2004
211,9.3,0.0,0.8,0.0,20040730,0.0,71.6,30,34.5,22.7,2004-07-30,203,28.1,7,2004
212,11.1,0.0,0.8,0.0,20040731,0.0,70.3,31,35.9,22.5,2004-07-31,203,28.2,7,2004
213,11.5,0.0,3.0,0.0,20040801,0.0,64.6,1,33.0,23.5,2004-08-01,203,27.6,8,2004
214,8.8,0.0,0.8,0.0,20040802,0.0,67.5,2,32.9,21.1,2004-08-02,203,27.4,8,2004
215,6.9,0.0,0.9,0.0,20040803,0.0,72.3,3,32.7,23.6,2004-08-03,203,27.9,8,2004
216,7.2,0.0,0.8,1.5,20040804,0.0,76.5,4,33.2,22.6,2004-08-04,203,26.8,8,2004
217,5.6,0.0,0.7,27.0,20040805,0.0,81.8,5,32.9,22.6,2004-08-05,203,26.1,8,2004
218,6.8,0.0,0.7,0.0,20040806,0.0,78.0,6,33.2,22.7,2004-08-06,203,27.3,8,2004
219,8.7,0.0,0.9,0.0,20040807,0.0,76.9,7,32.9,22.8,2004-08-07,203,27.6,8,2004
220,5.4,0.0,0.7,0.5,20040808,0.0,78.9,8,32.0,22.2,2004-08-08,203,27.0,8,2004
221,6.5,0.0,0.8,0.0,20040809,0.0,78.0,9,32.7,23.1,2004-08-09,203,26.9,8,2004
222,9.2,0.0,0.6,0.0,20040810,0.0,75.4,10,34.9,23.3,2004-08-10,203,28.2,8,2004
223,10.5,0.0,0.7,0.0,20040811,0.0,68.5,11,34.0,21.5,2004-08-11,203,27.6,8,2004
224,9.7,0.0,0.8,0.0,20040812,0.0,67.3,12,34.5,21.6,2004-08-12,203,27.9,8,2004
225,10.5,0.0,1.1,0.0,20040813,0.0,70.0,13,34.0,21.0,2004-08-13,203,27.5,8,2004
226,2.0,0.0,0.6,17.5,20040814,0.0,88.0,14,27.0,22.5,2004-08-14,203,24.3,8,2004
227,7.5,0.0,0.7,0.0,20040815,0.0,75.6,15,30.5,21.2,2004-08-15,203,25.5,8,2004
228,5.5,0.0,1.4,35.5,20040816,0.0,80.1,16,30.7,21.1,2004-08-16,203,24.4,8,2004
229,1.6,0.0,0.8,87.0,20040817,0.0,91.5,17,27.2,20.8,2004-08-17,203,23.4,8,2004
230,0.0,0.0,1.0,37.5,20040818,0.0,92.5,18,24.6,21.6,2004-08-18,203,23.1,8,2004
231,3.7,0.0,2.5,26.5,20040819,0.0,82.4,19,25.7,19.2,2004-08-19,203,21.3,8,2004
232,5.7,0.0,1.6,0.0,20040820,0.0,76.8,20,25.7,18.6,2004-08-20,203,21.3,8,2004
233,1.4,0.0,0.6,0.0,20040821,0.0,83.3,21,25.3,18.5,2004-08-21,203,21.7,8,2004
234,0.1,0.0,0.9,0.0,20040822,0.0,82.6,22,24.0,19.5,2004-08-22,203,21.3,8,2004
235,3.4,0.0,1.4,0.5,20040823,0.0,78.1,23,23.8,18.1,2004-08-23,203,20.8,8,2004
236,10.8,0.0,0.5,0.0,20040824,0.0,73.1,24,28.6,18.2,2004-08-24,203,22.8,8,2004
237,3.6,0.0,0.5,0.0,20040825,0.0,84.5,25,27.1,17.5,2004-08-25,203,22.3,8,2004
238,1.2,0.0,0.7,10.0,20040826,0.0,88.1,26,25.2,19.8,2004-08-26,203,21.6,8,2004
239,6.4,0.0,1.1,0.0,20040827,0.0,77.6,27,28.8,18.5,2004-08-27,203,22.7,8,2004
240,4.9,0.0,1.5,0.0,20040828,0.0,71.9,28,28.0,18.0,2004-08-28,203,22.3,8,2004
241,9.6,0.0,0.9,0.0,20040829,0.0,72.1,29,31.1,18.2,2004-08-29,203,24.5,8,2004
242,5.6,0.0,1.8,0.0,20040830,0.0,75.1,30,29.2,21.1,2004-08-30,203,24.5,8,2004
243,9.7,0.0,1.6,0.0,20040831,0.0,69.9,31,29.1,17.1,2004-08-31,203,23.6,8,2004
244,8.2,0.0,1.4,0.0,20040901,0.0,63.8,1,29.7,18.2,2004-09-01,203,23.3,9,2004
245,9.1,0.0,0.7,0.0,20040902,0.0,61.5,2,29.7,14.1,2004-09-02,203,21.5,9,2004
246,6.1,0.0,0.3,0.0,20040903,0.0,71.5,3,26.7,14.1,2004-09-03,203,20.9,9,2004
247,6.6,0.0,0.3,0.0,20040904,0.0,74.1,4,28.7,17.2,2004-09-04,203,21.5,9,2004
248,8.3,0.0,0.4,1.0,20040905,0.0,71.8,5,30.2,15.8,2004-09-05,203,22.8,9,2004
249,7.6,0.0,1.1,18.5,20040906,0.0,76.8,6,28.1,17.7,2004-09-06,203,22.1,9,2004
250,0.0,0.0,2.5,7.5,20040907,0.0,82.1,7,22.2,18.5,2004-09-07,203,19.7,9,2004
251,8.6,0.0,0.7,5.5,20040908,0.0,73.0,8,27.1,17.2,2004-09-08,203,21.2,9,2004
252,5.9,0.0,0.5,0.0,20040909,0.0,77.4,9,27.1,15.5,2004-09-09,203,19.6,9,2004
253,5.6,0.0,1.1,0.0,20040910,0.0,73.5,10,26.2,13.6,2004-09-10,203,19.3,9,2004
254,0.0,0.0,2.3,30.5,20040911,0.0,86.4,11,18.2,15.3,2004-09-11,203,16.5,9,2004
255,0.9,0.0,1.4,40.0,20040912,0.0,83.8,12,24.7,15.8,2004-09-12,203,21.1,9,2004
256,2.9,0.0,0.6,6.5,20040913,0.0,82.4,13,24.2,16.1,2004-09-13,203,20.8,9,2004
257,6.0,0.0,1.3,0.0,20040914,0.0,74.9,14,27.3,16.1,2004-09-14,203,21.9,9,2004
258,6.1,0.0,1.6,0.0,20040915,0.0,69.0,15,29.0,19.3,2004-09-15,203,23.9,9,2004
259,6.4,0.0,0.5,24.5,20040916,0.0,80.8,16,28.7,19.5,2004-09-16,203,22.3,9,2004
260,4.6,0.0,0.3,10.5,20040917,0.0,85.4,17,29.1,18.3,2004-09-17,203,22.2,9,2004
261,0.7,0.0,1.1,9.0,20040918,0.0,86.5,18,24.2,18.1,2004-09-18,203,21.6,9,2004
262,9.1,0.0,0.4,0.0,20040919,0.0,73.1,19,25.7,12.6,2004-09-19,203,18.6,9,2004
263,0.0,0.0,0.4,18.0,20040920,0.0,89.3,20,17.2,13.8,2004-09-20,203,15.3,9,2004
264,3.7,0.0,0.4,9.0,20040921,0.0,88.0,21,19.8,11.3,2004-09-21,203,14.7,9,2004
265,6.8,0.0,0.2,0.0,20040922,0.0,79.6,22,23.7,11.1,2004-09-22,203,15.9,9,2004
266,6.9,0.0,0.2,0.0,20040923,0.0,79.8,23,24.0,12.1,2004-09-23,203,17.3,9,2004
267,9.3,0.0,0.2,0.0,20040924,0.0,75.8,24,26.8,12.1,2004-09-24,203,18.4,9,2004
268,8.5,0.0,0.4,0.0,20040925,0.0,75.3,25,25.6,10.8,2004-09-25,203,18.2,9,2004
269,1.5,0.0,0.5,0.0,20040926,0.0,77.3,26,21.8,14.6,2004-09-26,203,17.9,9,2004
270,8.2,0.0,0.1,0.0,20040927,0.0,77.1,27,26.5,13.5,2004-09-27,203,19.0,9,2004
271,3.4,0.0,0.2,0.0,20040928,0.0,81.6,28,23.5,13.5,2004-09-28,203,17.9,9,2004
272,9.6,0.0,1.6,0.0,20040929,0.0,68.5,29,26.7,14.5,2004-09-29,203,19.6,9,2004
273,8.1,0.0,0.2,0.0,20040930,0.0,73.9,30,27.1,11.1,2004-09-30,203,18.7,9,2004
274,0.3,0.0,1.2,2.0,20041001,0.0,75.5,1,22.2,10.6,2004-10-01,203,16.0,10,2004
275,10.2,0.0,0.9,0.0,20041002,0.0,58.6,2,18.0,5.3,2004-10-02,203,10.9,10,2004
276,8.4,0.0,0.3,0.0,20041003,0.0,73.9,3,19.2,1.7,2004-10-03,203,9.5,10,2004
277,7.4,0.0,0.4,0.0,20041004,0.0,72.3,4,20.8,4.6,2004-10-04,203,11.6,10,2004
278,9.5,0.0,0.3,0.0,20041005,0.0,70.3,5,22.8,4.4,2004-10-05,203,13.1,10,2004
279,8.7,0.0,0.2,0.0,20041006,0.0,72.3,6,23.8,5.9,2004-10-06,203,14.6,10,2004
280,5.0,0.0,0.1,0.0,20041007,0.0,80.6,7,22.2,9.3,2004-10-07,203,15.2,10,2004
281,6.4,0.0,0.2,0.0,20041008,0.0,76.9,8,24.7,11.6,2004-10-08,203,16.6,10,2004
282,9.0,0.0,1.9,0.0,20041009,0.0,61.1,9,24.2,13.3,2004-10-09,203,17.6,10,2004
283,8.9,0.0,0.9,0.0,20041010,0.0,67.1,10,25.0,10.0,2004-10-10,203,16.8,10,2004
284,7.2,0.0,0.4,0.0,20041011,0.0,72.5,11,23.3,8.5,2004-10-11,203,15.2,10,2004
285,8.4,0.0,1.4,0.0,20041012,0.0,57.1,12,19.6,6.0,2004-10-12,203,13.9,10,2004
286,10.1,0.0,1.0,0.0,20041013,0.0,58.3,13,18.8,1.7,2004-10-13,203,10.3,10,2004
287,9.9,0.0,1.2,0.0,20041014,0.0,56.6,14,15.6,3.5,2004-10-14,203,9.1,10,2004
288,9.1,0.0,0.4,0.0,20041015,0.0,73.9,15,20.2,1.0,2004-10-15,203,10.3,10,2004
289,6.2,0.0,1.6,0.0,20041016,0.0,74.0,16,21.7,6.1,2004-10-16,203,12.0,10,2004
290,8.0,0.0,0.7,0.0,20041017,0.0,64.6,17,20.3,6.8,2004-10-17,203,13.1,10,2004
291,5.0,0.0,0.3,0.0,20041018,0.0,74.8,18,21.2,8.8,2004-10-18,203,13.8,10,2004
292,6.7,0.0,0.3,0.0,20041019,0.0,78.6,19,22.8,6.6,2004-10-19,203,13.4,10,2004
293,6.4,0.0,2.3,0.0,20041020,0.0,68.8,20,22.4,7.8,2004-10-20,203,14.1,10,2004
294,8.3,0.0,1.3,0.0,20041021,0.0,64.5,21,23.1,5.1,2004-10-21,203,14.3,10,2004
295,9.5,0.0,1.6,0.0,20041022,0.0,50.0,22,18.3,5.5,2004-10-22,203,12.0,10,2004
296,7.6,0.0,0.4,0.0,20041023,0.0,62.8,23,18.2,1.5,2004-10-23,203,9.0,10,2004
297,7.5,0.0,0.5,0.0,20041024,0.0,62.8,24,21.1,3.7,2004-10-24,203,12.1,10,2004
298,7.0,0.0,0.3,0.0,20041025,0.0,60.6,25,21.0,9.5,2004-10-25,203,14.4,10,2004
299,8.5,0.0,1.3,0.0,20041026,0.0,50.8,26,18.6,5.1,2004-10-26,203,11.7,10,2004
300,8.7,0.0,0.4,0.0,20041027,0.0,61.6,27,18.0,-0.2,2004-10-27,203,8.5,10,2004
301,8.3,0.0,0.5,0.0,20041028,0.0,68.4,28,19.1,1.5,2004-10-28,203,9.3,10,2004
302,7.0,0.0,0.3,0.0,20041029,0.0,67.5,29,20.6,3.7,2004-10-29,203,12.1,10,2004
303,8.1,0.0,0.2,0.0,20041030,0.0,62.0,30,23.1,7.4,2004-10-30,203,13.5,10,2004
304,8.6,0.0,0.2,0.0,20041031,0.0,61.8,31,23.7,4.0,2004-10-31,203,12.5,10,2004
305,5.8,0.0,0.5,8.0,20041101,0.0,71.4,1,21.2,4.8,2004-11-01,203,12.9,11,2004
306,0.8,0.0,1.2,2.0,20041102,0.0,79.5,2,13.6,9.0,2004-11-02,203,11.0,11,2004
307,6.1,0.0,1.0,1.5,20041103,0.0,72.0,3,15.6,7.1,2004-11-03,203,10.9,11,2004
308,6.2,0.0,0.4,0.0,20041104,0.0,75.5,4,17.5,5.6,2004-11-04,203,10.8,11,2004
309,1.9,0.0,0.2,6.5,20041105,0.0,84.3,5,14.8,3.5,2004-11-05,203,9.0,11,2004
310,9.4,0.0,1.1,0.0,20041106,0.0,58.4,6,15.1,1.5,2004-11-06,203,8.4,11,2004
311,8.3,0.0,0.1,0.0,20041107,0.0,70.9,7,17.7,-1.7,2004-11-07,203,7.4,11,2004
312,7.0,0.0,0.1,0.0,20041108,0.0,75.4,8,19.7,2.2,2004-11-08,203,10.2,11,2004
313,5.8,0.0,0.1,0.0,20041109,0.0,73.4,9,21.7,4.5,2004-11-09,203,12.0,11,2004
314,0.0,0.0,0.2,10.0,20041110,0.0,83.5,10,17.2,8.6,2004-11-10,203,13.0,11,2004
315,0.0,0.0,1.2,2.0,20041111,0.0,83.8,11,15.8,11.1,2004-11-11,203,13.9,11,2004
316,8.2,0.0,1.8,0.0,20041112,0.0,56.1,12,11.1,-1.1,2004-11-12,203,5.7,11,2004
317,0.4,0.0,0.0,0.0,20041113,0.0,73.4,13,7.0,-3.5,2004-11-13,203,1.8,11,2004
318,6.9,0.0,0.3,0.0,20041114,0.0,71.5,14,13.8,-0.5,2004-11-14,203,5.8,11,2004
319,8.6,0.0,1.7,0.5,20041115,0.0,51.1,15,8.1,-1.7,2004-11-15,203,4.6,11,2004
320,7.9,0.0,0.5,0.0,20041116,0.0,64.0,16,13.6,-3.5,2004-11-16,203,5.5,11,2004
321,6.7,0.0,0.2,0.0,20041117,0.0,72.8,17,15.8,-0.8,2004-11-17,203,6.9,11,2004
322,3.7,0.0,0.1,0.0,20041118,0.0,77.1,18,14.5,3.2,2004-11-18,203,7.4,11,2004
323,2.8,0.0,0.1,0.0,20041119,0.0,85.4,19,13.8,0.6,2004-11-19,203,5.5,11,2004
324,2.4,0.0,0.7,0.0,20041120,0.0,77.8,20,12.1,0.3,2004-11-20,203,5.1,11,2004
325,7.8,0.0,0.7,0.0,20041121,0.0,68.9,21,12.8,-1.7,2004-11-21,203,4.8,11,2004
326,6.6,0.0,0.1,0.0,20041122,0.0,76.1,22,13.1,-3.2,2004-11-22,203,3.6,11,2004
327,5.8,0.0,0.1,0.0,20041123,0.0,79.9,23,13.3,-3.0,2004-11-23,203,4.0,11,2004
328,3.7,0.0,0.1,0.0,20041124,0.0,77.9,24,14.5,-0.6,2004-11-24,203,6.0,11,2004
329,4.5,0.0,0.0,0.0,20041125,0.0,77.1,25,14.8,-0.2,2004-11-25,203,6.8,11,2004
330,1.1,0.0,2.5,13.0,20041126,0.0,77.4,26,8.8,1.5,2004-11-26,203,5.1,11,2004
331,1.0,0.0,0.8,0.0,20041127,0.0,71.6,27,10.0,0.6,2004-11-27,203,5.6,11,2004
332,3.1,0.0,0.3,0.0,20041128,0.0,71.6,28,12.6,0.8,2004-11-28,203,6.5,11,2004
333,3.8,0.0,0.3,0.0,20041129,0.0,77.9,29,9.8,-2.7,2004-11-29,203,1.7,11,2004
334,4.0,0.0,0.2,0.0,20041130,0.0,77.5,30,9.1,-3.5,2004-11-30,203,2.1,11,2004
335,2.6,0.0,0.0,0.0,20041201,0.0,84.9,1,8.3,-3.9,2004-12-01,203,1.3,12,2004
336,7.5,0.0,0.2,0.0,20041202,0.0,73.6,2,14.6,-2.5,2004-12-02,203,4.9,12,2004
337,7.3,0.0,0.2,0.0,20041203,0.0,75.8,3,15.6,-1.7,2004-12-03,203,6.5,12,2004
338,0.0,0.0,0.3,18.5,20041204,0.0,85.5,4,10.0,6.0,2004-12-04,203,8.0,12,2004
339,5.4,0.0,2.5,0.0,20041205,0.0,63.4,5,9.1,-1.0,2004-12-05,203,2.8,12,2004
340,5.9,0.0,0.9,3.0,20041206,0.0,73.8,6,7.0,-5.5,2004-12-06,203,2.2,12,2004
341,7.5,0.0,1.4,0.0,20041207,0.0,58.0,7,9.1,-1.8,2004-12-07,203,3.8,12,2004
342,5.0,0.0,0.1,0.0,20041208,0.0,72.5,8,9.1,-3.4,2004-12-08,203,3.0,12,2004
343,6.9,0.0,0.4,0.0,20041209,0.0,72.6,9,13.1,-0.4,2004-12-09,203,5.4,12,2004
344,6.3,0.0,1.3,0.0,20041210,0.0,55.0,10,12.8,0.6,2004-12-10,203,5.9,12,2004
345,6.8,0.0,0.3,0.0,20041211,0.0,58.3,11,8.6,-5.4,2004-12-11,203,1.6,12,2004
346,4.5,0.0,0.6,0.0,20041212,0.0,65.8,12,12.3,-0.6,2004-12-12,203,4.3,12,2004
347,7.4,0.0,0.6,0.0,20041213,0.0,71.1,13,8.0,-4.9,2004-12-13,203,1.0,12,2004
348,6.2,0.0,0.2,0.0,20041214,0.0,69.4,14,8.1,-5.8,2004-12-14,203,0.5,12,2004
349,1.6,0.0,0.2,0.0,20041215,0.0,69.1,15,9.3,-1.1,2004-12-15,203,4.3,12,2004
350,7.7,0.0,1.3,0.0,20041216,0.0,64.6,16,11.0,-1.5,2004-12-16,203,5.2,12,2004
351,5.9,0.0,0.3,0.0,20041217,0.0,74.4,17,9.1,-3.7,2004-12-17,203,1.9,12,2004
352,3.6,0.0,0.6,0.0,20041218,0.0,70.4,18,10.0,-1.7,2004-12-18,203,3.4,12,2004
353,5.0,0.0,0.6,0.0,20041219,0.0,70.9,19,10.8,-4.3,2004-12-19,203,3.9,12,2004
354,8.2,0.0,2.0,0.0,20041220,0.0,49.8,20,7.6,-5.4,2004-12-20,203,-1.3,12,2004
355,7.0,0.0,0.1,0.0,20041221,0.0,69.8,21,2.5,-9.0,2004-12-21,203,-4.1,12,2004
356,5.0,0.0,0.1,0.0,20041222,0.0,61.3,22,2.5,-7.0,2004-12-22,203,-3.3,12,2004
357,7.4,0.0,0.0,0.0,20041223,0.0,66.0,23,1.6,-10.8,2004-12-23,203,-4.6,12,2004
358,3.4,0.0,0.1,0.0,20041224,0.0,73.1,24,4.0,-8.6,2004-12-24,203,-2.0,12,2004
359,7.1,0.0,0.5,0.0,20041225,0.0,62.0,25,3.7,-4.5,2004-12-25,203,-0.4,12,2004
360,7.9,0.0,0.4,0.0,20041226,0.0,56.4,26,3.2,-7.5,2004-12-26,203,-2.8,12,2004
361,7.8,0.0,0.1,0.0,20041227,0.0,57.9,27,3.0,-11.1,2004-12-27,203,-4.2,12,2004
362,4.7,0.0,0.3,0.0,20041228,0.0,53.5,28,-0.6,-11.5,2004-12-28,203,-5.5,12,2004
363,7.9,0.0,1.2,0.0,20041229,0.0,54.5,29,0.5,-10.8,2004-12-29,203,-5.6,12,2004
364,6.3,0.0,0.5,0.0,20041230,0.0,69.1,30,0.1,-13.3,2004-12-30,203,-6.0,12,2004
365,6.8,0.0,1.2,0.0,20041231,0.0,57.0,31,0.3,-9.8,2004-12-31,203,-4.7,12,2004
