,year,tmax,humid,rainfall,snow,Date,wind,month,date,sunshine,tavg,tmin,cloud,station_id,day
0,2015,-3.6,36.5,0.0,0.0,2015-01-01,2.5,1,20150101,8.5,-7.4,-9.9,0.0,203,1
1,2015,-1.4,45.0,0.0,0.0,2015-01-02,1.8,1,20150102,7.6,-6.2,-11.7,0.0,203,2
2,2015,1.0,57.3,0.0,0.0,2015-01-03,0.8,1,20150103,8.0,-5.8,-14.0,0.0,203,3
3,2015,5.7,68.9,0.0,0.0,2015-01-04,0.6,1,20150104,3.9,-0.5,-4.3,0.0,203,4
4,2015,6.4,81.4,1.8,0.0,2015-01-05,0.6,1,20150105,2.9,-0.2,-6.1,0.0,203,5
5,2015,2.1,49.4,3.3,0.0,2015-01-06,2.6,1,20150106,8.1,-1.8,-6.9,0.0,203,6
6,2015,0.0,35.3,0.0,0.0,2015-01-07,1.5,1,20150107,8.8,-5.7,-9.5,0.0,203,7
7,2015,1.2,55.4,0.0,0.0,2015-01-08,1.0,1,20150108,8.7,-6.2,-13.3,0.0,203,8
8,2015,2.2,68.3,0.0,0.0,2015-01-09,0.9,1,20150109,6.2,-4.3,-11.8,0.0,203,9
9,2015,5.3,57.4,0.0,0.0,2015-01-10,1.3,1,20150110,8.9,-1.4,-10.1,0.0,203,10
10,2015,3.8,53.9,0.4,0.0,2015-01-11,2.0,1,20150111,8.7,-0.9,-4.3,0.0,203,11
11,2015,3.6,47.3,0.0,0.0,2015-01-12,0.9,1,20150112,8.9,-4.0,-11.1,0.0,203,12
12,2015,5.4,58.5,0.0,0.0,2015-01-13,0.6,1,20150113,7.3,-2.7,-10.6,0.0,203,13
13,2015,4.3,56.1,0.0,0.0,2015-01-14,0.5,1,20150114,0.0,0.3,-3.4,0.0,203,14
14,2015,9.2,56.8,0.0,0.0,2015-01-15,1.1,1,20150115,5.0,2.6,-0.8,0.0,203,15
15,2015,3.1,71.5,1.1,0.0,2015-01-16,2.0,1,20150116,0.3,-0.3,-2.8,0.0,203,16
16,2015,1.1,42.4,0.0,0.0,2015-01-17,2.5,1,20150117,8.9,-3.5,-6.7,0.0,203,17
17,2015,3.0,70.6,4.4,0.0,2015-01-18,1.1,1,20150118,4.3,-3.5,-11.5,0.0,203,18
18,2015,5.7,62.1,0.0,0.0,2015-01-19,2.1,1,20150119,6.7,0.5,-4.6,0.0,203,19
19,2015,4.4,64.6,0.0,0.0,2015-01-20,0.7,1,20150120,8.0,-2.2,-9.5,0.0,203,20
20,2015,7.1,69.0,4.1,0.0,2015-01-21,0.5,1,20150121,1.4,1.1,-3.8,0.0,203,21
21,2015,7.5,71.4,0.7,0.0,2015-01-22,0.7,1,20150122,1.4,2.2,-1.4,6.5,203,22
22,2015,1.8,81.4,0.0,0.0,2015-01-23,0.6,1,20150123,0.2,-1.2,-4.9,8.5,203,23
23,2015,7.2,72.9,0.0,0.0,2015-01-24,0.8,1,20150124,3.6,1.3,-2.2,0.0,203,24
24,2015,3.3,85.4,4.6,0.0,2015-01-25,0.6,1,20150125,0.0,0.5,-3.3,0.0,203,25
25,2015,6.0,86.9,2.2,0.0,2015-01-26,0.7,1,20150126,0.0,3.0,-0.1,9.3,203,26
26,2015,2.3,54.1,0.0,0.0,2015-01-27,2.0,1,20150127,8.8,-1.6,-5.8,1.0,203,27
27,2015,2.4,53.4,0.0,0.0,2015-01-28,1.1,1,20150128,8.3,-4.2,-9.9,2.3,203,28
28,2015,2.8,68.9,0.0,0.0,2015-01-29,0.6,1,20150129,0.0,-1.6,-6.7,8.3,203,29
29,2015,1.4,42.6,0.0,0.0,2015-01-30,2.2,1,20150130,8.3,-1.7,-5.8,1.5,203,30
30,2015,1.3,48.1,0.0,0.0,2015-01-31,1.4,1,20150131,9.2,-4.7,-10.1,0.0,203,31
31,2015,3.1,54.9,0.0,0.0,2015-02-01,1.0,2,20150201,9.1,-4.0,-10.9,0.0,203,1
32,2015,5.4,55.9,0.0,0.0,2015-02-02,0.7,2,20150202,6.5,-2.9,-9.1,2.5,203,2
33,2015,6.8,55.8,0.0,0.0,2015-02-03,0.9,2,20150203,8.7,-1.4,-8.7,6.0,203,3
34,2015,5.4,66.5,0.0,0.0,2015-02-04,1.1,2,20150204,6.9,-1.1,-7.3,1.5,203,4
35,2015,5.9,69.0,0.0,0.0,2015-02-05,1.5,2,20150205,5.6,-0.8,-6.2,3.3,203,5
36,2015,6.0,62.0,0.0,0.0,2015-02-06,1.4,2,20150206,9.0,-0.2,-7.1,0.3,203,6
37,2015,5.7,63.6,0.0,0.0,2015-02-07,1.3,2,20150207,3.9,-0.2,-5.8,0.0,203,7
38,2015,0.6,26.3,0.0,0.0,2015-02-08,3.6,2,20150208,9.4,-8.3,-11.4,0.0,203,8
39,2015,0.3,47.9,0.8,0.0,2015-02-09,2.4,2,20150209,7.6,-5.4,-13.6,5.3,203,9
40,2015,6.4,59.0,0.0,0.0,2015-02-10,2.1,2,20150210,7.2,2.0,-2.6,3.3,203,10
41,2015,8.6,50.5,0.0,0.0,2015-02-11,1.5,2,20150211,7.6,3.1,-0.4,3.0,203,11
42,2015,3.4,29.5,0.0,0.0,2015-02-12,2.4,2,20150212,9.6,-1.5,-4.6,0.0,203,12
43,2015,4.6,37.3,0.0,0.0,2015-02-13,2.2,2,20150213,9.8,-1.6,-7.1,0.0,203,13
44,2015,3.5,72.1,0.0,0.0,2015-02-14,0.8,2,20150214,1.1,-2.0,-8.2,0.0,203,14
45,2015,12.3,62.0,0.0,0.0,2015-02-15,1.1,2,20150215,6.4,5.0,-3.0,0.0,203,15
46,2015,7.3,87.1,12.4,0.0,2015-02-16,1.3,2,20150216,0.0,3.7,2.5,10.0,203,16
47,2015,4.1,70.0,0.5,0.0,2015-02-17,2.2,2,20150217,2.0,2.2,0.4,6.5,203,17
48,2015,2.6,74.9,0.0,0.0,2015-02-18,1.3,2,20150218,0.0,0.0,-4.3,0.0,203,18
49,2015,7.1,74.3,0.0,0.0,2015-02-19,0.7,2,20150219,4.7,-0.4,-4.7,0.0,203,19
50,2015,9.7,62.4,0.0,0.0,2015-02-20,0.7,2,20150220,7.1,2.6,-5.4,0.0,203,20
51,2015,6.0,79.1,11.0,0.0,2015-02-21,0.8,2,20150221,0.0,4.2,1.5,0.0,203,21
52,2015,6.6,72.4,1.7,0.0,2015-02-22,2.5,2,20150222,2.0,3.2,-0.3,4.8,203,22
53,2015,6.5,52.6,0.0,0.0,2015-02-23,1.7,2,20150223,7.3,1.1,-2.4,3.1,203,23
54,2015,8.0,58.9,0.0,0.0,2015-02-24,1.3,2,20150224,7.5,1.6,-4.1,3.5,203,24
55,2015,12.1,47.8,0.0,0.0,2015-02-25,1.7,2,20150225,7.9,4.6,-3.0,6.0,203,25
56,2015,6.5,50.3,0.7,0.0,2015-02-26,3.4,2,20150226,8.6,1.7,-3.4,2.5,203,26
57,2015,4.2,33.0,0.0,0.0,2015-02-27,1.9,2,20150227,9.8,-1.4,-5.5,3.3,203,27
58,2015,6.4,52.1,0.0,0.0,2015-02-28,0.7,2,20150228,1.1,0.8,-5.6,0.0,203,28
59,2015,6.3,56.0,0.0,0.0,2015-03-01,2.5,3,20150301,4.9,2.3,-0.9,0.0,203,1
60,2015,10.3,47.0,0.0,0.0,2015-03-02,1.4,3,20150302,9.9,2.3,-5.6,0.0,203,2
61,2015,10.0,61.8,0.9,0.0,2015-03-03,1.9,3,20150303,1.6,2.8,-0.7,9.5,203,3
62,2015,3.6,34.3,0.0,0.0,2015-03-04,3.1,3,20150304,10.0,-1.5,-4.6,1.0,203,4
63,2015,5.9,45.5,0.0,0.0,2015-03-05,1.0,3,20150305,9.0,-1.4,-8.6,4.5,203,5
64,2015,10.6,44.8,0.0,0.0,2015-03-06,1.2,3,20150306,10.4,1.9,-6.6,0.0,203,6
65,2015,12.8,43.1,0.0,0.0,2015-03-07,1.2,3,20150307,10.3,3.3,-5.6,0.0,203,7
66,2015,15.8,44.0,0.0,0.0,2015-03-08,1.0,3,20150308,8.8,6.3,-4.2,0.0,203,8
67,2015,8.6,38.0,0.0,0.0,2015-03-09,3.6,3,20150309,8.5,2.9,-5.0,1.3,203,9
68,2015,2.5,24.9,0.0,0.0,2015-03-10,3.7,3,20150310,10.6,-3.2,-6.8,0.0,203,10
69,2015,8.2,35.0,0.0,0.0,2015-03-11,3.0,3,20150311,10.1,0.4,-6.8,2.5,203,11
70,2015,8.2,30.0,0.0,0.0,2015-03-12,2.2,3,20150312,10.5,2.1,-4.8,0.3,203,12
71,2015,11.5,45.0,2.8,0.0,2015-03-13,1.9,3,20150313,7.1,4.6,-0.8,2.5,203,13
72,2015,11.9,31.5,0.0,0.0,2015-03-14,1.4,3,20150314,9.8,3.9,-4.2,0.0,203,14
73,2015,14.0,39.5,0.0,0.0,2015-03-15,1.1,3,20150315,9.6,4.2,-3.9,0.0,203,15
74,2015,18.8,35.4,0.0,0.0,2015-03-16,0.9,3,20150316,10.1,7.6,-2.7,0.3,203,16
75,2015,18.0,41.9,0.0,0.0,2015-03-17,0.6,3,20150317,2.2,9.7,0.3,8.3,203,17
76,2015,9.3,74.8,17.5,0.0,2015-03-18,1.5,3,20150318,0.0,7.8,5.9,10.0,203,18
77,2015,20.7,56.6,0.0,0.0,2015-03-19,1.5,3,20150319,10.6,12.0,4.1,0.0,203,19
78,2015,21.8,39.1,0.0,0.0,2015-03-20,1.2,3,20150320,7.7,12.4,4.3,4.3,203,20
79,2015,18.9,33.0,0.0,0.0,2015-03-21,1.6,3,20150321,9.6,11.0,1.7,0.0,203,21
80,2015,16.5,38.1,0.0,0.0,2015-03-22,2.7,3,20150322,10.5,8.2,1.9,0.0,203,22
81,2015,11.1,23.0,0.0,0.0,2015-03-23,2.7,3,20150323,11.1,4.8,-1.7,0.5,203,23
82,2015,13.0,30.6,0.0,0.0,2015-03-24,1.9,3,20150324,11.0,4.4,-4.0,0.0,203,24
83,2015,14.9,37.0,0.0,0.0,2015-03-25,1.4,3,20150325,11.1,5.3,-4.6,0.0,203,25
84,2015,17.5,39.4,0.0,0.0,2015-03-26,2.0,3,20150326,11.3,7.3,-3.5,0.0,203,26
85,2015,18.7,38.9,0.0,0.0,2015-03-27,1.7,3,20150327,10.9,8.4,-1.9,1.5,203,27
86,2015,19.1,32.5,0.0,0.0,2015-03-28,1.8,3,20150328,10.8,8.8,-2.2,0.0,203,28
87,2015,17.8,47.1,0.0,0.0,2015-03-29,1.7,3,20150329,7.6,11.0,5.5,0.0,203,29
88,2015,22.5,55.3,0.0,0.0,2015-03-30,1.5,3,20150330,9.8,12.6,2.5,2.3,203,30
89,2015,14.8,76.8,2.0,0.0,2015-03-31,0.7,3,20150331,0.0,10.8,5.7,10.0,203,31
90,2015,15.2,67.6,1.7,0.0,2015-04-01,2.6,4,20150401,3.8,11.1,8.9,7.5,203,1
91,2015,19.8,63.8,17.2,0.0,2015-04-02,3.3,4,20150402,7.1,14.2,6.9,6.5,203,2
92,2015,17.8,79.6,15.5,0.0,2015-04-03,2.0,4,20150403,1.9,10.2,7.1,7.8,203,3
93,2015,18.6,64.5,0.5,0.0,2015-04-04,2.0,4,20150404,6.4,11.2,4.8,0.0,203,4
94,2015,10.0,84.1,1.7,0.0,2015-04-05,1.1,4,20150405,0.0,9.2,8.4,0.0,203,5
95,2015,15.2,65.9,0.0,0.0,2015-04-06,1.6,4,20150406,0.0,10.1,6.3,9.5,203,6
96,2015,12.8,62.6,0.1,0.0,2015-04-07,1.3,4,20150407,1.1,7.8,5.1,8.5,203,7
97,2015,13.5,54.5,0.0,0.0,2015-04-08,1.6,4,20150408,3.9,8.4,4.5,6.5,203,8
98,2015,16.1,51.6,0.0,0.0,2015-04-09,1.3,4,20150409,8.8,9.2,2.7,4.8,203,9
99,2015,20.1,45.3,0.0,0.0,2015-04-10,1.6,4,20150410,11.7,10.6,1.4,0.0,203,10
100,2015,21.4,40.9,0.0,0.0,2015-04-11,1.2,4,20150411,11.3,12.2,2.1,0.0,203,11
101,2015,19.4,37.9,0.0,0.0,2015-04-12,2.1,4,20150412,2.4,12.6,3.9,0.0,203,12
102,2015,17.0,57.3,2.3,0.0,2015-04-13,3.0,4,20150413,4.1,10.4,6.2,8.5,203,13
103,2015,8.7,80.3,17.7,0.0,2015-04-14,1.2,4,20150414,0.1,6.4,5.1,10.0,203,14
104,2015,18.3,65.5,4.8,0.0,2015-04-15,1.9,4,20150415,7.9,11.1,4.7,5.0,203,15
105,2015,17.8,73.5,6.7,0.0,2015-04-16,1.9,4,20150416,2.2,8.6,3.4,8.3,203,16
106,2015,18.3,48.5,0.0,0.0,2015-04-17,2.0,4,20150417,11.9,10.1,1.5,0.5,203,17
107,2015,23.0,43.5,0.0,0.0,2015-04-18,0.7,4,20150418,8.8,12.8,0.8,0.0,203,18
108,2015,14.3,83.1,25.8,0.0,2015-04-19,1.6,4,20150419,0.0,12.2,10.5,0.0,203,19
109,2015,15.0,74.8,10.2,0.0,2015-04-20,2.2,4,20150420,3.0,10.5,6.2,8.0,203,20
110,2015,22.0,56.0,0.0,0.0,2015-04-21,1.5,4,20150421,8.2,11.5,3.7,3.3,203,21
111,2015,20.6,48.0,0.0,0.0,2015-04-22,1.8,4,20150422,10.3,13.0,5.1,1.8,203,22
112,2015,22.4,41.0,0.0,0.0,2015-04-23,1.8,4,20150423,10.3,14.0,3.9,4.3,203,23
113,2015,24.3,32.5,0.0,0.0,2015-04-24,1.8,4,20150424,12.1,15.7,8.2,0.8,203,24
114,2015,24.6,32.3,0.0,0.0,2015-04-25,1.6,4,20150425,12.6,15.0,4.9,0.0,203,25
115,2015,27.1,41.4,0.0,0.0,2015-04-26,1.5,4,20150426,12.0,16.7,5.5,0.0,203,26
116,2015,27.3,39.9,0.0,0.0,2015-04-27,1.5,4,20150427,12.2,17.8,9.0,0.0,203,27
117,2015,26.7,43.5,0.0,0.0,2015-04-28,1.0,4,20150428,9.0,18.4,8.0,6.0,203,28
118,2015,18.6,83.4,5.1,0.0,2015-04-29,1.1,4,20150429,0.0,15.7,13.6,10.0,203,29
119,2015,27.2,60.0,0.0,0.0,2015-04-30,1.3,4,20150430,11.9,19.9,11.5,2.0,203,30
120,2015,29.3,57.5,0.0,0.0,2015-05-01,1.5,5,20150501,11.7,20.9,12.9,0.8,203,1
121,2015,26.4,59.9,0.4,0.0,2015-05-02,1.2,5,20150502,4.9,20.6,13.7,0.0,203,2
122,2015,20.0,88.8,4.6,0.0,2015-05-03,0.9,5,20150503,0.0,17.7,16.7,0.0,203,3
123,2015,21.2,50.1,0.0,0.0,2015-05-04,2.9,5,20150504,12.0,15.7,10.0,1.8,203,4
124,2015,21.4,43.9,0.0,0.0,2015-05-05,2.0,5,20150505,12.9,13.3,5.1,0.0,203,5
125,2015,22.2,43.5,0.0,0.0,2015-05-06,1.0,5,20150506,4.2,14.0,5.8,8.0,203,6
126,2015,25.1,37.9,0.0,0.0,2015-05-07,1.6,5,20150507,9.8,15.7,7.2,6.0,203,7
127,2015,22.6,50.5,0.0,0.0,2015-05-08,1.3,5,20150508,5.7,16.3,7.9,8.0,203,8
128,2015,25.1,46.5,0.0,0.0,2015-05-09,1.9,5,20150509,10.3,18.3,13.2,0.0,203,9
129,2015,26.0,49.0,0.0,0.0,2015-05-10,1.4,5,20150510,12.2,18.6,11.6,0.0,203,10
130,2015,22.8,65.1,14.4,0.0,2015-05-11,2.0,5,20150511,1.9,17.1,11.0,9.3,203,11
131,2015,18.7,66.0,10.9,0.0,2015-05-12,4.1,5,20150512,8.2,13.8,10.1,6.3,203,12
132,2015,24.5,53.5,0.0,0.0,2015-05-13,3.1,5,20150513,12.4,18.0,9.5,0.8,203,13
133,2015,28.7,58.8,0.0,0.0,2015-05-14,1.5,5,20150514,11.2,20.4,10.2,3.3,203,14
134,2015,23.8,69.0,0.0,0.0,2015-05-15,1.7,5,20150515,0.9,19.8,16.2,8.5,203,15
135,2015,27.1,48.6,0.0,0.0,2015-05-16,1.9,5,20150516,10.1,18.3,10.7,0.0,203,16
136,2015,26.5,44.0,0.0,0.0,2015-05-17,1.2,5,20150517,11.8,17.3,8.1,0.0,203,17
137,2015,24.0,56.0,0.0,0.0,2015-05-18,1.2,5,20150518,1.2,17.0,11.1,9.0,203,18
138,2015,20.3,78.0,0.7,0.0,2015-05-19,1.6,5,20150519,0.8,15.9,11.6,10.0,203,19
139,2015,22.7,58.8,0.0,0.0,2015-05-20,1.7,5,20150520,10.5,15.8,8.6,2.3,203,20
140,2015,27.4,51.3,0.0,0.0,2015-05-21,1.9,5,20150521,12.8,18.0,8.6,1.5,203,21
141,2015,28.4,41.5,0.0,0.0,2015-05-22,1.8,5,20150522,11.9,19.8,10.7,1.8,203,22
142,2015,28.5,42.0,0.0,0.0,2015-05-23,1.3,5,20150523,12.6,19.5,10.0,0.0,203,23
143,2015,29.3,34.9,0.0,0.0,2015-05-24,1.6,5,20150524,12.9,19.9,9.6,0.0,203,24
144,2015,29.8,45.8,0.0,0.0,2015-05-25,1.7,5,20150525,12.9,19.6,10.4,0.0,203,25
145,2015,31.6,42.3,0.0,0.0,2015-05-26,1.7,5,20150526,12.9,21.1,10.7,0.3,203,26
146,2015,31.6,38.1,0.0,0.0,2015-05-27,1.1,5,20150527,12.9,21.9,9.9,0.8,203,27
147,2015,31.6,39.3,0.0,0.0,2015-05-28,1.1,5,20150528,12.3,23.0,13.7,2.0,203,28
148,2015,29.9,42.4,0.0,0.0,2015-05-29,1.4,5,20150529,8.9,22.6,14.7,8.5,203,29
149,2015,22.8,68.1,1.1,0.0,2015-05-30,1.7,5,20150530,2.6,18.4,14.9,0.0,203,30
150,2015,28.7,57.0,0.0,0.0,2015-05-31,1.2,5,20150531,8.1,20.2,13.9,0.0,203,31
151,2015,28.2,53.6,0.0,0.0,2015-06-01,1.2,6,20150601,11.2,21.2,13.0,0.0,203,1
152,2015,29.9,47.1,0.0,0.0,2015-06-02,1.5,6,20150602,10.6,22.7,15.9,0.0,203,2
153,2015,28.6,33.6,0.0,0.0,2015-06-03,2.4,6,20150603,11.7,22.4,16.5,0.0,203,3
154,2015,30.4,38.8,0.0,0.0,2015-06-04,1.4,6,20150604,10.0,22.0,12.0,0.0,203,4
155,2015,21.0,65.4,0.8,0.0,2015-06-05,1.2,6,20150605,0.3,16.7,12.5,0.0,203,5
156,2015,27.4,57.0,0.0,0.0,2015-06-06,1.3,6,20150606,11.0,20.2,12.1,0.0,203,6
157,2015,30.4,47.9,0.0,0.0,2015-06-07,1.2,6,20150607,10.8,22.6,15.1,0.0,203,7
158,2015,26.3,53.0,0.0,0.0,2015-06-08,1.1,6,20150608,3.7,21.4,15.9,0.0,203,8
159,2015,28.5,57.8,0.0,0.0,2015-06-09,1.7,6,20150609,11.6,22.3,17.5,0.0,203,9
160,2015,34.3,52.9,0.0,0.0,2015-06-10,1.4,6,20150610,11.2,24.3,15.1,0.0,203,10
161,2015,29.6,58.6,1.2,0.0,2015-06-11,1.9,6,20150611,3.4,23.3,17.0,0.0,203,11
162,2015,29.7,56.9,1.6,0.0,2015-06-12,2.0,6,20150612,11.2,23.6,19.5,0.0,203,12
163,2015,30.4,60.9,2.6,0.0,2015-06-13,1.8,6,20150613,6.9,23.5,17.4,0.0,203,13
164,2015,28.6,67.5,11.0,0.0,2015-06-14,1.4,6,20150614,8.1,22.2,16.5,0.0,203,14
165,2015,30.9,63.4,0.0,0.0,2015-06-15,1.3,6,20150615,8.4,23.7,18.0,0.0,203,15
166,2015,31.4,67.6,2.7,0.0,2015-06-16,1.5,6,20150616,10.1,23.4,19.1,0.0,203,16
167,2015,30.2,73.3,17.1,0.0,2015-06-17,1.2,6,20150617,5.8,22.5,18.3,0.0,203,17
168,2015,30.2,62.6,0.0,0.0,2015-06-18,1.6,6,20150618,7.5,23.2,18.4,0.0,203,18
169,2015,29.8,56.3,0.0,0.0,2015-06-19,1.4,6,20150619,9.7,23.4,17.6,0.0,203,19
170,2015,21.9,87.9,38.7,0.0,2015-06-20,1.0,6,20150620,0.0,18.6,16.2,0.0,203,20
171,2015,29.3,64.8,0.0,0.0,2015-06-21,1.0,6,20150621,9.7,21.7,14.7,0.0,203,21
172,2015,30.2,59.3,0.0,0.0,2015-06-22,1.4,6,20150622,11.1,23.5,17.0,0.0,203,22
173,2015,30.7,58.6,0.0,0.0,2015-06-23,1.5,6,20150623,12.1,24.4,18.3,0.0,203,23
174,2015,31.1,63.0,0.8,0.0,2015-06-24,1.3,6,20150624,9.2,24.6,19.0,0.0,203,24
175,2015,26.6,73.6,1.0,0.0,2015-06-25,1.2,6,20150625,0.5,22.6,19.5,0.0,203,25
176,2015,24.8,71.5,22.5,0.0,2015-06-26,2.2,6,20150626,0.1,20.5,17.5,0.0,203,26
177,2015,29.6,58.4,0.0,0.0,2015-06-27,1.4,6,20150627,12.2,23.7,19.1,0.0,203,27
178,2015,30.5,64.5,0.0,0.0,2015-06-28,1.4,6,20150628,12.5,23.7,17.1,0.0,203,28
179,2015,30.6,58.8,0.0,0.0,2015-06-29,1.4,6,20150629,10.5,25.0,18.3,0.0,203,29
180,2015,29.7,67.0,0.0,0.0,2015-06-30,1.3,6,20150630,3.7,23.4,20.4,0.0,203,30
181,2015,28.3,59.9,0.0,0.0,2015-07-01,2.2,7,20150701,10.1,23.2,19.1,0.0,203,1
182,2015,28.4,61.0,0.0,0.0,2015-07-02,2.0,7,20150702,8.9,22.7,18.6,0.0,203,2
183,2015,28.9,58.4,0.0,0.0,2015-07-03,1.5,7,20150703,10.2,22.1,16.8,0.0,203,3
184,2015,29.3,53.3,0.0,0.0,2015-07-04,1.2,7,20150704,12.9,22.2,12.9,0.0,203,4
185,2015,30.3,53.0,0.0,0.0,2015-07-05,1.4,7,20150705,11.2,23.7,17.8,0.0,203,5
186,2015,31.1,54.5,0.0,0.0,2015-07-06,1.2,7,20150706,11.4,24.2,16.6,0.0,203,6
187,2015,26.2,65.8,0.2,0.0,2015-07-07,1.3,7,20150707,0.7,21.5,18.3,0.0,203,7
188,2015,24.0,80.6,3.2,0.0,2015-07-08,1.3,7,20150708,0.0,20.9,17.5,0.0,203,8
189,2015,29.3,71.6,0.0,0.0,2015-07-09,1.5,7,20150709,2.2,24.0,19.5,0.0,203,9
190,2015,33.0,64.9,0.0,0.0,2015-07-10,0.9,7,20150710,10.9,26.9,20.5,0.0,203,10
191,2015,34.3,64.3,0.0,0.0,2015-07-11,1.4,7,20150711,9.9,28.1,21.5,0.0,203,11
192,2015,25.3,88.8,25.0,0.0,2015-07-12,1.8,7,20150712,0.0,23.9,22.9,0.0,203,12
193,2015,24.6,79.9,6.6,0.0,2015-07-13,3.6,7,20150713,0.1,23.3,21.7,0.0,203,13
194,2015,30.9,67.9,0.0,0.0,2015-07-14,2.0,7,20150714,9.1,25.5,22.1,0.0,203,14
195,2015,34.4,67.0,0.0,0.0,2015-07-15,1.3,7,20150715,8.2,25.2,19.5,0.0,203,15
196,2015,28.6,53.4,0.0,0.0,2015-07-16,2.8,7,20150716,11.8,22.8,17.8,0.0,203,16
197,2015,27.2,52.0,0.0,0.0,2015-07-17,2.1,7,20150717,6.9,21.8,16.4,0.0,203,17
198,2015,28.5,60.6,0.4,0.0,2015-07-18,0.8,7,20150718,3.1,23.5,19.7,0.0,203,18
199,2015,28.2,79.1,2.3,0.0,2015-07-19,0.8,7,20150719,0.7,23.8,21.0,0.0,203,19
200,2015,30.2,72.1,0.0,0.0,2015-07-20,0.9,7,20150720,0.5,26.3,22.4,0.0,203,20
201,2015,30.8,78.8,1.1,0.0,2015-07-21,1.1,7,20150721,3.1,26.1,23.3,0.0,203,21
202,2015,32.6,75.3,2.1,0.0,2015-07-22,1.1,7,20150722,3.8,27.6,24.1,0.0,203,22
203,2015,31.2,79.0,29.9,0.0,2015-07-23,1.6,7,20150723,2.6,26.4,24.3,0.0,203,23
204,2015,25.8,88.8,56.0,0.0,2015-07-24,1.6,7,20150724,0.0,24.7,23.8,0.0,203,24
205,2015,28.3,84.8,52.4,0.0,2015-07-25,1.6,7,20150725,0.1,25.0,22.9,0.0,203,25
206,2015,32.3,69.8,1.3,0.0,2015-07-26,1.2,7,20150726,9.6,27.2,23.3,0.0,203,26
207,2015,29.1,76.0,0.2,0.0,2015-07-27,1.1,7,20150727,2.6,26.0,23.9,0.0,203,27
208,2015,31.4,71.4,0.0,0.0,2015-07-28,1.1,7,20150728,8.3,27.3,23.1,0.0,203,28
209,2015,28.8,83.3,24.8,0.0,2015-07-29,1.0,7,20150729,0.0,25.4,23.0,0.0,203,29
210,2015,33.3,76.0,0.0,0.0,2015-07-30,1.4,7,20150730,8.4,28.0,24.1,0.0,203,30
211,2015,33.9,72.4,0.0,0.0,2015-07-31,1.2,7,20150731,9.0,27.8,24.1,0.0,203,31
212,2015,33.1,70.0,0.0,0.0,2015-08-01,1.2,8,20150801,8.3,27.6,22.7,0.0,203,1
213,2015,27.1,86.3,21.6,0.0,2015-08-02,1.0,8,20150802,0.8,24.9,22.6,0.0,203,2
214,2015,32.2,73.1,0.0,0.0,2015-08-03,1.4,8,20150803,9.4,27.1,23.6,0.0,203,3
215,2015,32.1,70.0,0.0,0.0,2015-08-04,1.7,8,20150804,10.4,27.0,21.7,0.0,203,4
216,2015,34.0,67.0,0.0,0.0,2015-08-05,1.4,8,20150805,9.0,28.2,23.5,0.0,203,5
217,2015,35.7,66.8,0.0,0.0,2015-08-06,0.8,8,20150806,10.7,29.0,23.3,0.0,203,6
218,2015,36.3,68.1,0.0,0.0,2015-08-07,0.7,8,20150807,9.3,28.8,23.6,0.0,203,7
219,2015,35.0,81.1,5.9,0.0,2015-08-08,0.9,8,20150808,7.6,25.4,22.1,0.0,203,8
220,2015,32.2,71.9,0.0,0.0,2015-08-09,1.0,8,20150809,7.3,26.6,22.0,0.0,203,9
221,2015,31.5,74.4,0.0,0.0,2015-08-10,1.4,8,20150810,2.4,25.4,21.9,0.0,203,10
222,2015,30.7,75.3,0.0,0.0,2015-08-11,1.1,8,20150811,1.5,25.1,20.6,0.0,203,11
223,2015,33.3,65.9,0.0,0.0,2015-08-12,0.9,8,20150812,11.5,26.8,21.2,0.0,203,12
224,2015,32.2,77.4,1.4,0.0,2015-08-13,1.0,8,20150813,5.7,24.1,21.5,0.0,203,13
225,2015,31.8,68.4,0.0,0.0,2015-08-14,1.2,8,20150814,7.0,25.9,21.3,0.0,203,14
226,2015,32.7,70.0,0.0,0.0,2015-08-15,0.9,8,20150815,6.7,26.0,20.6,0.0,203,15
227,2015,30.1,80.3,9.8,0.0,2015-08-16,1.0,8,20150816,0.5,23.8,19.9,0.0,203,16
228,2015,33.1,77.4,6.6,0.0,2015-08-17,0.9,8,20150817,10.3,24.0,18.4,0.0,203,17
229,2015,32.7,66.9,0.0,0.0,2015-08-18,0.8,8,20150818,11.0,26.0,19.9,0.0,203,18
230,2015,29.9,73.0,0.0,0.0,2015-08-19,0.8,8,20150819,1.9,25.2,21.6,0.0,203,19
231,2015,29.8,80.4,1.0,0.0,2015-08-20,1.1,8,20150820,2.7,24.1,22.2,0.0,203,20
232,2015,28.4,77.8,2.1,0.0,2015-08-21,1.0,8,20150821,3.5,24.3,21.6,0.0,203,21
233,2015,29.0,75.6,0.0,0.0,2015-08-22,1.1,8,20150822,1.4,24.1,20.4,0.0,203,22
234,2015,31.8,70.4,0.0,0.0,2015-08-23,0.7,8,20150823,8.4,24.4,19.8,0.0,203,23
235,2015,31.5,67.4,0.0,0.0,2015-08-24,1.5,8,20150824,5.8,25.0,19.7,0.0,203,24
236,2015,23.3,77.9,10.2,0.0,2015-08-25,2.3,8,20150825,0.0,21.0,19.0,0.0,203,25
237,2015,27.6,63.5,0.0,0.0,2015-08-26,1.6,8,20150826,6.0,22.3,19.0,0.0,203,26
238,2015,29.8,60.5,2.4,0.0,2015-08-27,1.8,8,20150827,11.2,23.8,17.8,0.0,203,27
239,2015,28.1,79.0,1.0,0.0,2015-08-28,0.7,8,20150828,4.8,21.0,15.2,0.0,203,28
240,2015,30.3,71.6,0.0,0.0,2015-08-29,0.8,8,20150829,7.5,22.4,17.4,0.0,203,29
241,2015,31.8,66.6,0.0,0.0,2015-08-30,0.8,8,20150830,11.3,23.5,16.2,0.0,203,30
242,2015,31.2,67.8,0.0,0.0,2015-08-31,1.1,8,20150831,9.5,24.3,18.0,0.0,203,31
243,2015,30.4,67.0,0.0,0.0,2015-09-01,1.4,9,20150901,5.4,24.2,20.3,0.0,203,1
244,2015,29.3,81.6,9.5,0.0,2015-09-02,1.1,9,20150902,4.2,22.0,19.4,0.0,203,2
245,2015,27.2,78.9,0.1,0.0,2015-09-03,1.2,9,20150903,5.9,22.5,19.3,0.0,203,3
246,2015,30.2,68.5,0.0,0.0,2015-09-04,1.0,9,20150904,6.4,23.9,18.9,0.0,203,4
247,2015,25.3,80.4,0.2,0.0,2015-09-05,1.0,9,20150905,0.5,21.5,19.2,0.0,203,5
248,2015,26.3,68.8,0.0,0.0,2015-09-06,1.7,9,20150906,1.2,20.5,16.4,0.0,203,6
249,2015,29.1,61.5,0.0,0.0,2015-09-07,1.3,9,20150907,11.3,20.5,13.5,0.0,203,7
250,2015,29.1,54.5,0.0,0.0,2015-09-08,1.2,9,20150908,11.4,19.5,11.6,0.0,203,8
251,2015,29.4,51.4,0.0,0.0,2015-09-09,1.7,9,20150909,11.4,20.2,10.7,0.0,203,9
252,2015,28.9,60.5,0.0,0.0,2015-09-10,1.2,9,20150910,11.1,21.0,12.5,0.0,203,10
253,2015,26.0,76.4,6.2,0.0,2015-09-11,1.3,9,20150911,1.4,20.3,16.5,0.0,203,11
254,2015,22.5,71.8,0.3,0.0,2015-09-12,1.0,9,20150912,2.2,18.1,15.2,0.0,203,12
255,2015,25.8,56.1,0.0,0.0,2015-09-13,1.3,9,20150913,11.0,18.5,11.2,0.0,203,13
256,2015,27.9,64.8,0.0,0.0,2015-09-14,0.8,9,20150914,11.0,18.8,10.8,0.0,203,14
257,2015,27.4,58.9,0.0,0.0,2015-09-15,1.1,9,20150915,11.0,19.9,12.7,0.0,203,15
258,2015,24.9,60.5,0.0,0.0,2015-09-16,1.1,9,20150916,7.2,18.4,10.7,0.0,203,16
259,2015,27.2,55.0,0.0,0.0,2015-09-17,1.6,9,20150917,9.5,19.5,14.4,0.0,203,17
260,2015,27.3,62.6,0.0,0.0,2015-09-18,0.9,9,20150918,10.4,19.4,11.2,0.0,203,18
261,2015,28.6,62.0,0.0,0.0,2015-09-19,1.1,9,20150919,10.4,20.5,12.8,0.0,203,19
262,2015,27.3,70.0,0.0,0.0,2015-09-20,0.8,9,20150920,5.4,19.2,13.1,0.0,203,20
263,2015,28.9,64.9,0.0,0.0,2015-09-21,0.7,9,20150921,8.2,19.5,13.3,0.0,203,21
264,2015,30.0,62.9,0.0,0.0,2015-09-22,0.8,9,20150922,10.4,19.9,12.0,0.0,203,22
265,2015,23.7,73.0,0.0,0.0,2015-09-23,0.6,9,20150923,0.1,18.7,13.4,0.0,203,23
266,2015,28.6,69.8,0.0,0.0,2015-09-24,0.8,9,20150924,8.0,20.5,14.4,0.0,203,24
267,2015,28.7,64.4,0.0,0.0,2015-09-25,0.7,9,20150925,9.1,20.9,14.7,0.0,203,25
268,2015,28.3,72.1,0.0,0.0,2015-09-26,0.9,9,20150926,5.1,19.3,14.1,0.0,203,26
269,2015,28.8,61.5,0.0,0.0,2015-09-27,0.7,9,20150927,10.1,18.8,11.0,0.0,203,27
270,2015,28.8,55.3,0.0,0.0,2015-09-28,0.9,9,20150928,6.6,19.2,9.9,0.0,203,28
271,2015,28.6,48.9,0.0,0.0,2015-09-29,1.5,9,20150929,10.0,20.3,12.1,0.0,203,29
272,2015,25.8,55.1,0.0,0.0,2015-09-30,1.5,9,20150930,2.5,19.1,15.4,0.0,203,30
273,2015,19.9,81.1,23.3,0.0,2015-10-01,1.8,10,20151001,0.0,15.5,11.0,0.0,203,1
274,2015,21.7,60.9,0.0,0.0,2015-10-02,2.1,10,20151002,9.3,14.3,4.6,0.0,203,2
275,2015,25.1,56.1,0.0,0.0,2015-10-03,2.2,10,20151003,8.8,17.9,12.1,0.0,203,3
276,2015,24.1,50.9,0.0,0.0,2015-10-04,0.9,10,20151004,8.1,14.3,7.5,0.0,203,4
277,2015,25.1,62.1,0.0,0.0,2015-10-05,0.8,10,20151005,10.1,15.3,7.5,0.0,203,5
278,2015,25.8,65.4,0.0,0.0,2015-10-06,0.8,10,20151006,9.2,15.8,6.1,0.0,203,6
279,2015,25.6,70.6,0.0,0.0,2015-10-07,0.7,10,20151007,6.7,16.6,8.4,0.0,203,7
280,2015,25.8,65.9,0.0,0.0,2015-10-08,1.1,10,20151008,8.6,18.0,11.4,0.0,203,8
281,2015,21.1,46.1,0.0,0.0,2015-10-09,1.9,10,20151009,10.2,15.1,8.7,0.0,203,9
282,2015,17.1,81.9,9.7,0.0,2015-10-10,1.3,10,20151010,2.6,10.4,4.7,0.0,203,10
283,2015,13.9,82.0,0.6,0.0,2015-10-11,1.2,10,20151011,2.3,9.8,5.7,0.0,203,11
284,2015,18.1,63.0,0.0,0.0,2015-10-12,1.6,10,20151012,9.6,12.0,6.2,0.0,203,12
285,2015,21.8,67.1,0.0,0.0,2015-10-13,1.2,10,20151013,9.2,12.7,2.1,0.0,203,13
286,2015,23.9,70.9,0.0,0.0,2015-10-14,0.7,10,20151014,6.7,14.2,8.1,0.0,203,14
287,2015,24.9,70.3,0.0,0.0,2015-10-15,0.7,10,20151015,8.5,14.2,6.5,0.0,203,15
288,2015,24.8,71.8,0.0,0.0,2015-10-16,0.8,10,20151016,7.0,15.0,7.8,0.0,203,16
289,2015,26.3,73.3,0.0,0.0,2015-10-17,0.7,10,20151017,6.5,15.4,9.7,0.0,203,17
290,2015,24.6,73.5,0.0,0.0,2015-10-18,0.8,10,20151018,6.0,14.8,7.6,0.0,203,18
291,2015,23.9,70.5,0.0,0.0,2015-10-19,0.8,10,20151019,7.3,15.4,8.0,0.0,203,19
292,2015,24.4,74.1,0.0,0.0,2015-10-20,0.7,10,20151020,6.1,16.1,9.6,0.0,203,20
293,2015,23.2,75.8,0.0,0.0,2015-10-21,0.8,10,20151021,5.6,15.7,10.1,0.0,203,21
294,2015,23.3,75.0,0.0,0.0,2015-10-22,0.8,10,20151022,6.7,15.4,9.3,0.0,203,22
295,2015,21.2,71.1,0.0,0.0,2015-10-23,0.9,10,20151023,2.7,16.0,12.6,0.0,203,23
296,2015,22.2,70.3,4.7,0.0,2015-10-24,1.2,10,20151024,5.3,15.2,8.4,0.0,203,24
297,2015,21.9,63.6,0.0,0.0,2015-10-25,0.8,10,20151025,9.4,12.7,5.9,0.0,203,25
298,2015,20.5,65.0,0.0,0.0,2015-10-26,1.0,10,20151026,3.9,13.8,6.2,0.0,203,26
299,2015,17.4,65.6,12.3,0.0,2015-10-27,1.8,10,20151027,4.8,12.1,6.0,0.0,203,27
300,2015,16.7,55.5,0.0,0.0,2015-10-28,1.6,10,20151028,9.6,9.2,1.0,0.0,203,28
301,2015,14.2,51.4,5.7,0.0,2015-10-29,1.7,10,20151029,8.8,7.8,0.4,0.0,203,29
302,2015,11.2,49.9,0.0,0.0,2015-10-30,1.4,10,20151030,9.4,5.0,-0.9,0.0,203,30
303,2015,12.7,50.0,0.0,0.0,2015-10-31,1.1,10,20151031,9.5,4.1,-3.6,0.0,203,31
304,2015,10.1,64.0,0.0,0.0,2015-11-01,0.7,11,20151101,3.7,3.7,-3.6,0.0,203,1
305,2015,16.1,64.9,0.0,0.0,2015-11-02,0.9,11,20151102,7.2,8.6,3.0,0.0,203,2
306,2015,17.5,80.3,0.0,0.0,2015-11-03,0.6,11,20151103,5.0,7.6,1.5,0.0,203,3
307,2015,18.5,75.4,0.0,0.0,2015-11-04,0.6,11,20151104,6.0,7.7,1.6,0.0,203,4
308,2015,19.7,68.1,0.0,0.0,2015-11-05,0.8,11,20151105,7.5,10.4,3.5,0.0,203,5
309,2015,20.3,70.3,5.4,0.0,2015-11-06,1.7,11,20151106,6.5,11.1,2.6,0.0,203,6
310,2015,11.5,90.6,27.1,0.0,2015-11-07,1.6,11,20151107,0.0,10.1,8.6,0.0,203,7
311,2015,11.4,89.6,16.2,0.0,2015-11-08,1.8,11,20151108,0.0,10.6,9.8,0.0,203,8
312,2015,13.0,83.4,4.7,0.0,2015-11-09,1.1,11,20151109,0.4,10.9,9.8,0.0,203,9
313,2015,13.7,76.0,0.0,0.0,2015-11-10,1.0,11,20151110,2.6,9.9,6.0,0.0,203,10
314,2015,18.2,75.9,0.0,0.0,2015-11-11,0.6,11,20151111,5.0,9.5,4.8,0.0,203,11
315,2015,18.4,74.5,0.0,0.0,2015-11-12,1.0,11,20151112,6.1,11.2,4.9,0.0,203,12
316,2015,10.7,88.5,23.4,0.0,2015-11-13,1.2,11,20151113,0.0,9.7,7.7,0.0,203,13
317,2015,13.8,90.4,14.1,0.0,2015-11-14,0.8,11,20151114,0.0,12.1,10.1,0.0,203,14
318,2015,18.4,76.8,0.0,0.0,2015-11-15,1.0,11,20151115,3.5,13.2,8.7,0.0,203,15
319,2015,12.5,89.5,17.7,0.0,2015-11-16,0.8,11,20151116,0.0,10.0,6.4,0.0,203,16
320,2015,18.6,82.3,1.0,0.0,2015-11-17,0.8,11,20151117,4.3,13.1,10.8,0.0,203,17
321,2015,13.0,74.9,3.6,0.0,2015-11-18,1.8,11,20151118,0.0,9.9,7.0,0.0,203,18
322,2015,11.5,79.5,0.7,0.0,2015-11-19,0.8,11,20151119,0.0,8.5,4.8,0.0,203,19
323,2015,14.0,80.0,0.0,0.0,2015-11-20,0.9,11,20151120,2.0,9.4,5.9,0.0,203,20
324,2015,13.7,74.1,0.0,0.0,2015-11-21,0.7,11,20151121,5.5,8.2,2.2,0.0,203,21
325,2015,14.9,68.0,3.9,0.0,2015-11-22,1.1,11,20151122,2.0,10.0,4.6,0.0,203,22
326,2015,9.7,82.8,13.1,0.0,2015-11-23,1.6,11,20151123,0.0,8.0,6.6,0.0,203,23
327,2015,9.7,68.5,0.0,0.0,2015-11-24,1.4,11,20151124,0.3,6.7,2.9,0.0,203,24
328,2015,4.8,84.8,12.0,0.0,2015-11-25,1.3,11,20151125,0.0,3.0,1.6,0.0,203,25
329,2015,1.8,59.6,0.0,0.0,2015-11-26,2.5,11,20151126,3.8,-1.3,-3.3,0.0,203,26
330,2015,2.7,60.6,0.0,0.0,2015-11-27,1.5,11,20151127,5.0,-2.0,-6.7,0.0,203,27
331,2015,1.3,74.0,0.1,0.0,2015-11-28,0.8,11,20151128,0.0,-0.3,-2.8,0.0,203,28
332,2015,2.8,85.5,3.8,0.0,2015-11-29,0.6,11,20151129,0.0,1.7,-0.4,0.0,203,29
333,2015,9.7,72.9,0.2,0.0,2015-11-30,1.1,11,20151130,7.0,4.0,-1.9,0.0,203,30
334,2015,10.0,69.5,0.0,0.0,2015-12-01,0.5,12,20151201,8.6,1.6,-4.3,0.0,203,1
335,2015,8.0,78.5,12.5,0.0,2015-12-02,1.3,12,20151202,0.0,3.9,-0.1,0.0,203,2
336,2015,2.3,79.5,14.9,0.0,2015-12-03,2.1,12,20151203,0.0,-0.8,-3.1,0.0,203,3
337,2015,0.4,73.1,0.0,0.0,2015-12-04,1.5,12,20151204,4.3,-1.8,-6.5,0.0,203,4
338,2015,8.2,61.0,0.0,0.0,2015-12-05,1.0,12,20151205,7.6,2.5,-1.4,0.0,203,5
339,2015,6.5,65.5,0.0,0.0,2015-12-06,0.6,12,20151206,6.7,0.2,-3.5,0.0,203,6
340,2015,5.5,72.5,0.0,0.0,2015-12-07,0.7,12,20151207,3.2,-0.2,-6.9,0.0,203,7
341,2015,9.0,71.8,0.0,0.0,2015-12-08,0.6,12,20151208,8.2,0.8,-4.4,0.0,203,8
342,2015,9.9,73.8,0.0,0.0,2015-12-09,0.5,12,20151209,6.4,1.3,-4.6,0.0,203,9
343,2015,7.1,84.4,1.1,0.0,2015-12-10,0.4,12,20151210,0.0,5.0,1.5,0.0,203,10
344,2015,12.6,55.8,0.0,0.0,2015-12-11,1.9,12,20151211,6.3,6.5,0.0,0.0,203,11
345,2015,11.1,62.0,0.0,0.0,2015-12-12,0.9,12,20151212,8.8,2.7,-4.0,0.0,203,12
346,2015,11.8,65.1,0.0,0.0,2015-12-13,0.8,12,20151213,8.1,3.4,-1.5,0.0,203,13
347,2015,5.4,83.6,5.5,0.0,2015-12-14,0.5,12,20151214,0.0,3.6,-0.4,0.0,203,14
348,2015,7.7,68.5,0.2,0.0,2015-12-15,1.8,12,20151215,2.2,5.2,1.9,0.0,203,15
349,2015,3.6,48.0,0.0,0.0,2015-12-16,2.5,12,20151216,8.3,0.0,-4.1,0.0,203,16
350,2015,-0.1,43.9,0.0,0.0,2015-12-17,1.6,12,20151217,8.8,-4.3,-7.6,0.0,203,17
351,2015,-1.6,68.5,0.0,0.0,2015-12-18,0.6,12,20151218,0.3,-5.1,-10.3,0.0,203,18
352,2015,4.3,74.5,0.0,0.0,2015-12-19,0.6,12,20151219,3.9,-3.0,-6.6,0.0,203,19
353,2015,3.1,70.6,0.0,0.0,2015-12-20,0.5,12,20151220,1.6,-2.3,-7.4,0.0,203,20
354,2015,2.2,85.5,4.0,0.0,2015-12-21,0.5,12,20151221,0.0,0.3,-1.3,0.0,203,21
355,2015,7.7,74.8,0.0,0.0,2015-12-22,0.8,12,20151222,5.4,2.2,-1.9,0.0,203,22
356,2015,6.9,87.5,0.8,0.0,2015-12-23,0.5,12,20151223,2.0,3.3,2.0,0.0,203,23
357,2015,6.1,74.1,0.0,0.0,2015-12-24,1.0,12,20151224,3.0,1.4,-0.5,0.0,203,24
358,2015,4.9,44.4,0.0,0.0,2015-12-25,1.5,12,20151225,8.8,-0.5,-3.5,0.0,203,25
359,2015,8.2,66.1,0.1,0.0,2015-12-26,1.3,12,20151226,5.6,1.5,-2.7,0.0,203,26
360,2015,1.0,32.6,0.0,0.0,2015-12-27,2.0,12,20151227,8.8,-3.6,-7.0,0.0,203,27
361,2015,0.0,36.6,0.0,0.0,2015-12-28,1.5,12,20151228,8.9,-5.2,-9.6,0.0,203,28
362,2015,1.7,61.6,0.0,0.0,2015-12-29,0.5,12,20151229,8.4,-5.8,-12.2,0.0,203,29
363,2015,5.5,70.6,1.0,0.0,2015-12-30,0.6,12,20151230,6.9,-2.3,-9.6,0.0,203,30
