,rainfall,date,wind,year,sunshine,month,tmin,snow,tavg,day,humid,Date,cloud,tmax,station_id
0,0.0,20160102,0.5,2016,3.5,1,-1.5,0.0,2.9,2,76.1,2016-01-02,0.0,10.2,203
1,0.0,20160103,0.6,2016,2.7,1,-1.5,0.0,3.9,3,80.8,2016-01-03,0.0,9.9,203
2,0.0,20160104,2.1,2016,8.1,1,-0.3,0.0,3.7,4,44.0,2016-01-04,0.0,7.2,203
3,0.0,20160105,1.7,2016,6.6,1,-4.6,0.0,-1.5,5,31.9,2016-01-05,0.0,2.5,203
4,0.0,20160106,1.0,2016,2.5,1,-7.8,0.0,-2.2,6,58.3,2016-01-06,0.0,3.3,203
5,0.0,20160107,1.5,2016,8.8,1,-7.1,0.0,-2.5,7,48.6,2016-01-07,0.0,3.2,203
6,0.0,20160108,1.3,2016,8.8,1,-9.9,0.0,-3.8,8,49.8,2016-01-08,0.0,2.1,203
7,0.0,20160109,1.4,2016,7.8,1,-5.8,0.0,-1.2,9,54.6,2016-01-09,0.0,3.6,203
8,0.0,20160110,1.7,2016,7.4,1,-2.6,0.0,0.7,10,42.4,2016-01-10,0.0,5.7,203
9,0.0,20160111,1.5,2016,8.8,1,-6.6,0.0,-2.6,11,31.4,2016-01-11,0.0,3.3,203
10,0.0,20160112,1.3,2016,8.6,1,-12.2,0.0,-5.3,12,52.3,2016-01-12,0.0,1.9,203
11,1.2,20160113,1.4,2016,6.4,1,-9.7,0.0,-3.8,13,60.8,2016-01-13,0.0,1.3,203
12,0.5,20160114,1.1,2016,7.2,1,-11.7,0.0,-4.1,14,55.1,2016-01-14,0.0,0.7,203
13,1.1,20160115,0.5,2016,4.4,1,-6.1,0.0,-2.5,15,76.9,2016-01-15,0.0,3.0,203
14,0.0,20160116,0.5,2016,2.5,1,-7.7,0.0,-2.6,16,73.5,2016-01-16,0.0,3.7,203
15,0.0,20160117,0.6,2016,0.0,1,-4.5,0.0,-0.1,17,71.8,2016-01-17,0.0,4.2,203
16,0.2,20160118,3.4,2016,5.2,1,-11.2,0.0,-5.0,18,53.0,2016-01-18,0.0,0.7,203
17,0.0,20160119,3.3,2016,8.9,1,-13.9,0.0,-11.0,19,37.9,2016-01-19,0.0,-6.5,203
18,0.0,20160120,0.5,2016,7.5,1,-16.9,0.0,-11.4,20,57.8,2016-01-20,0.0,-4.7,203
19,0.0,20160121,0.8,2016,5.5,1,-12.9,0.0,-7.6,21,55.9,2016-01-21,0.0,-1.2,203
20,0.0,20160122,1.0,2016,7.9,1,-14.7,0.0,-7.5,22,48.0,2016-01-22,0.0,-1.2,203
21,0.0,20160123,2.9,2016,8.2,1,-14.2,0.0,-9.8,23,31.4,2016-01-23,0.0,-5.8,203
22,0.0,20160124,1.8,2016,8.9,1,-18.1,0.0,-13.5,24,38.8,2016-01-24,0.0,-8.1,203
23,0.0,20160125,1.3,2016,9.0,1,-18.5,0.0,-9.5,25,50.8,2016-01-25,0.0,-1.7,203
24,0.6,20160126,0.6,2016,2.1,1,-10.4,0.0,-6.4,26,77.4,2016-01-26,0.0,-0.9,203
25,0.0,20160127,1.0,2016,8.0,1,-9.9,0.0,-3.4,27,65.3,2016-01-27,0.0,4.4,203
26,0.0,20160128,0.6,2016,1.2,1,-10.3,0.0,-2.3,28,59.4,2016-01-28,0.0,3.7,203
27,0.0,20160129,1.5,2016,0.2,1,-1.9,0.0,2.0,29,47.8,2016-01-29,0.0,6.0,203
28,0.0,20160130,1.4,2016,6.4,1,-4.6,0.0,0.9,30,60.6,2016-01-30,0.0,7.9,203
29,0.0,20160131,2.3,2016,8.5,1,-5.2,0.0,-2.6,31,43.8,2016-01-31,0.0,1.6,203
30,0.0,20160201,2.0,2016,8.4,2,-10.7,0.0,-5.3,1,37.0,2016-02-01,0.0,0.6,203
31,0.0,20160202,1.3,2016,9.3,2,-14.2,0.0,-5.9,2,46.6,2016-02-02,0.0,1.9,203
32,0.0,20160203,1.0,2016,9.0,2,-14.0,0.0,-4.4,3,56.6,2016-02-03,0.0,4.2,203
33,0.0,20160204,1.7,2016,8.7,2,-6.9,0.0,-1.0,4,53.9,2016-02-04,0.0,6.1,203
34,0.0,20160205,1.5,2016,8.0,2,-10.2,0.0,-2.5,5,40.9,2016-02-05,0.0,4.8,203
35,0.0,20160206,1.8,2016,9.4,2,-7.6,0.0,-2.7,6,45.5,2016-02-06,0.0,4.1,203
36,0.0,20160207,1.1,2016,9.5,2,-12.8,0.0,-4.3,7,50.1,2016-02-07,0.0,3.8,203
37,0.8,20160208,2.0,2016,4.7,2,-7.3,0.0,-0.5,8,65.4,2016-02-08,0.0,5.4,203
38,0.0,20160209,2.7,2016,9.0,2,-3.9,0.0,0.6,9,46.3,2016-02-09,0.0,7.0,203
39,0.0,20160210,0.7,2016,9.8,2,-8.3,0.0,0.2,10,49.1,2016-02-10,0.0,10.2,203
40,0.2,20160211,0.6,2016,5.5,2,-6.1,0.0,4.1,11,44.3,2016-02-11,0.0,13.9,203
41,15.0,20160212,0.6,2016,0.0,2,3.8,0.0,6.5,12,90.0,2016-02-12,0.0,8.4,203
42,16.2,20160213,0.9,2016,0.4,2,6.2,0.0,9.7,13,90.4,2016-02-13,0.0,14.2,203
43,0.3,20160214,3.8,2016,0.2,2,-5.3,0.0,-1.6,14,70.0,2016-02-14,0.0,8.8,203
44,0.0,20160215,2.5,2016,9.8,2,-8.9,0.0,-5.1,15,49.3,2016-02-15,0.0,-1.5,203
45,0.9,20160216,1.9,2016,3.6,2,-11.1,0.0,-2.8,16,67.3,2016-02-16,0.0,2.0,203
46,0.0,20160217,1.5,2016,9.8,2,-7.5,0.0,-0.5,17,53.1,2016-02-17,0.0,5.8,203
47,0.1,20160218,1.9,2016,5.7,2,-5.0,0.0,2.5,18,63.8,2016-02-18,0.0,8.2,203
48,0.0,20160219,1.2,2016,0.0,2,-1.3,0.0,1.9,19,63.8,2016-02-19,0.0,5.1,203
49,0.0,20160220,2.0,2016,8.6,2,-3.7,0.0,1.6,20,46.9,2016-02-20,0.0,8.2,203
50,0.0,20160221,2.1,2016,9.9,2,-5.6,0.0,0.0,21,32.9,2016-02-21,0.0,5.8,203
51,0.0,20160222,0.7,2016,0.0,2,-3.7,0.0,0.8,22,39.8,2016-02-22,0.0,4.7,203
52,0.3,20160223,2.0,2016,7.8,2,-2.9,0.0,1.2,23,47.5,2016-02-23,0.0,6.8,203
53,0.0,20160224,2.2,2016,10.0,2,-7.3,0.0,-2.4,24,43.4,2016-02-24,0.0,3.2,203
54,0.0,20160225,2.2,2016,8.5,2,-8.7,0.0,-0.5,25,51.3,2016-02-25,0.0,5.2,203
55,0.5,20160226,2.1,2016,9.6,2,-2.8,0.0,2.7,26,46.8,2016-02-26,0.0,7.9,203
56,8.9,20160227,0.9,2016,5.2,2,-0.9,0.0,1.6,27,74.8,2016-02-27,0.0,6.7,203
57,9.0,20160228,0.8,2016,0.0,2,-3.7,0.0,-0.5,28,83.9,2016-02-28,0.0,3.6,203
58,0.0,20160229,2.3,2016,8.9,2,-6.1,0.0,-3.6,29,51.6,2016-02-29,0.0,-0.3,203
59,0.0,20160301,1.7,2016,9.8,3,-10.9,0.0,-2.8,1,50.9,2016-03-01,0.0,2.7,203
60,0.0,20160302,1.7,2016,5.0,3,-4.7,0.0,1.3,2,68.1,2016-03-02,0.0,9.0,203
61,0.0,20160303,0.9,2016,4.7,3,-1.4,0.0,4.8,3,69.4,2016-03-03,0.0,12.3,203
62,1.9,20160304,1.2,2016,6.2,3,0.4,0.0,9.7,4,66.9,2016-03-04,0.0,17.8,203
63,56.3,20160305,1.3,2016,0.0,3,7.7,0.0,11.6,5,84.9,2016-03-05,0.0,16.0,203
64,0.0,20160306,1.9,2016,8.1,3,3.2,0.0,8.8,6,56.0,2016-03-06,0.0,14.0,203
65,0.0,20160307,0.9,2016,0.7,3,0.8,0.0,6.6,7,55.0,2016-03-07,0.0,11.5,203
66,0.0,20160308,2.1,2016,0.3,3,0.9,0.0,4.0,8,34.6,2016-03-08,0.0,6.8,203
67,0.0,20160309,2.1,2016,8.9,3,-1.8,0.0,1.9,9,34.3,2016-03-09,0.0,8.3,203
68,0.0,20160310,2.5,2016,9.8,3,-2.8,0.0,0.2,10,31.3,2016-03-10,0.0,4.8,203
69,0.0,20160311,1.8,2016,10.7,3,-4.9,0.0,-0.1,11,38.8,2016-03-11,0.0,6.1,203
70,0.0,20160312,1.4,2016,7.5,3,-5.9,0.0,1.5,12,53.3,2016-03-12,0.0,8.0,203
71,0.0,20160313,0.8,2016,0.6,3,-1.0,0.0,2.3,13,64.6,2016-03-13,0.0,6.6,203
72,0.0,20160314,1.4,2016,7.3,3,-2.4,0.0,3.6,14,58.9,2016-03-14,0.0,11.0,203
73,0.0,20160315,1.7,2016,9.1,3,-4.1,0.0,5.0,15,47.3,2016-03-15,0.0,13.4,203
74,0.0,20160316,1.6,2016,9.4,3,0.6,0.0,7.6,16,40.1,2016-03-16,0.0,15.6,203
75,0.0,20160317,0.9,2016,7.1,3,-2.1,0.0,7.8,17,42.5,2016-03-17,0.0,17.3,203
76,0.0,20160318,1.1,2016,3.9,3,6.0,0.0,11.8,18,51.0,2016-03-18,0.0,17.7,203
77,0.0,20160319,1.9,2016,9.4,3,1.6,0.0,10.1,19,59.3,2016-03-19,0.0,17.6,203
78,0.0,20160320,1.3,2016,6.4,3,0.6,0.0,8.9,20,55.0,2016-03-20,0.0,16.5,203
79,0.0,20160321,1.6,2016,10.3,3,0.5,0.0,9.0,21,52.4,2016-03-21,0.0,17.6,203
80,0.0,20160322,2.2,2016,10.4,3,-0.6,0.0,8.5,22,43.8,2016-03-22,0.0,16.1,203
81,0.0,20160323,1.8,2016,8.1,3,2.9,0.0,7.6,23,53.4,2016-03-23,0.0,14.0,203
82,0.0,20160324,1.7,2016,10.9,3,-1.9,0.0,6.1,24,44.1,2016-03-24,0.0,13.6,203
83,0.0,20160325,1.5,2016,8.3,3,-1.0,0.0,5.7,25,46.9,2016-03-25,0.0,12.4,203
84,0.0,20160326,1.5,2016,10.0,3,-1.9,0.0,5.9,26,46.1,2016-03-26,0.0,13.5,203
85,0.0,20160327,2.1,2016,10.5,3,-2.2,0.0,6.4,27,44.4,2016-03-27,0.0,14.8,203
86,0.0,20160328,1.3,2016,11.0,3,-2.8,0.0,8.2,28,36.3,2016-03-28,0.0,17.8,203
87,0.0,20160329,2.2,2016,3.3,3,1.8,0.0,10.8,29,51.0,2016-03-29,0.0,19.8,203
88,0.0,20160330,1.9,2016,9.1,3,3.9,0.0,11.4,30,44.3,2016-03-30,0.0,20.1,203
89,0.0,20160331,0.9,2016,7.8,3,1.0,0.0,11.8,31,32.9,2016-03-31,0.0,22.4,203
90,0.0,20160401,1.3,2016,10.7,4,1.3,0.0,13.7,1,33.5,2016-04-01,0.0,25.2,203
91,0.0,20160402,1.9,2016,10.7,4,4.3,0.0,14.3,2,35.4,2016-04-02,0.0,24.1,203
92,0.0,20160403,1.4,2016,0.0,4,7.9,0.0,11.1,3,65.5,2016-04-03,0.0,15.1,203
93,0.0,20160404,1.9,2016,10.4,4,5.5,0.0,12.8,4,44.4,2016-04-04,0.0,20.3,203
94,0.0,20160405,2.3,2016,11.4,4,4.2,0.0,11.7,5,29.4,2016-04-05,0.0,20.6,203
95,2.7,20160406,1.4,2016,6.6,4,2.2,0.0,13.1,6,40.3,2016-04-06,0.0,22.8,203
96,14.4,20160407,2.1,2016,7.4,4,9.7,0.0,13.6,7,69.4,2016-04-07,0.0,21.2,203
97,0.0,20160408,2.1,2016,8.1,4,8.3,0.0,12.7,8,67.6,2016-04-08,0.0,21.3,203
98,0.0,20160409,1.4,2016,1.0,4,7.7,0.0,13.5,9,73.9,2016-04-09,0.0,19.4,203
99,0.0,20160410,2.2,2016,5.7,4,8.8,0.0,14.6,10,63.0,2016-04-10,0.0,22.9,203
100,0.0,20160411,2.1,2016,10.9,4,5.8,0.0,12.1,11,43.1,2016-04-11,0.0,19.2,203
101,0.0,20160412,1.6,2016,7.0,4,4.9,0.0,13.3,12,44.4,2016-04-12,0.0,20.7,203
102,4.7,20160413,0.9,2016,4.4,4,10.0,0.0,13.6,13,77.8,2016-04-13,0.0,20.8,203
103,0.0,20160414,2.3,2016,9.4,4,8.5,0.0,13.4,14,68.5,2016-04-14,0.0,19.2,203
104,0.0,20160415,1.6,2016,11.5,4,5.0,0.0,14.2,15,48.1,2016-04-15,0.0,24.6,203
105,28.6,20160416,1.6,2016,3.6,4,5.7,0.0,13.6,16,62.4,2016-04-16,0.0,21.8,203
106,15.1,20160417,4.3,2016,8.4,4,8.0,0.0,11.8,17,57.9,2016-04-17,0.0,15.7,203
107,4.0,20160418,2.5,2016,10.2,4,5.8,0.0,11.4,18,57.5,2016-04-18,0.0,19.6,203
108,0.0,20160419,2.0,2016,10.2,4,6.6,0.0,12.1,19,55.8,2016-04-19,0.0,18.3,203
109,0.9,20160420,1.2,2016,3.9,4,7.7,0.0,12.9,20,65.5,2016-04-20,0.0,20.1,203
110,15.8,20160421,1.4,2016,1.6,4,9.8,0.0,13.7,21,81.9,2016-04-21,0.0,18.8,203
111,0.0,20160422,2.4,2016,8.5,4,11.4,0.0,16.1,22,69.1,2016-04-22,0.0,25.0,203
112,0.0,20160423,1.5,2016,3.5,4,8.7,0.0,13.8,23,49.3,2016-04-23,0.0,20.7,203
113,0.0,20160424,1.0,2016,10.8,4,5.1,0.0,14.4,24,39.3,2016-04-24,0.0,23.6,203
114,0.0,20160425,1.2,2016,11.5,4,6.6,0.0,16.7,25,42.6,2016-04-25,0.0,27.1,203
115,0.0,20160426,1.3,2016,9.5,4,8.4,0.0,19.4,26,42.8,2016-04-26,0.0,29.8,203
116,0.5,20160427,1.6,2016,0.0,4,11.9,0.0,13.8,27,52.0,2016-04-27,0.0,17.4,203
117,0.0,20160428,1.5,2016,8.1,4,9.7,0.0,15.5,28,40.3,2016-04-28,0.0,22.7,203
118,0.0,20160429,1.6,2016,11.4,4,9.0,0.0,15.5,29,49.1,2016-04-29,0.0,23.5,203
119,0.0,20160430,2.1,2016,5.2,4,8.0,0.0,16.2,30,50.1,2016-04-30,0.0,23.9,203
120,0.0,20160501,1.3,2016,8.9,5,8.2,0.0,17.9,1,45.1,2016-05-01,0.0,28.3,203
121,10.1,20160502,1.5,2016,7.9,5,11.9,0.0,19.1,2,62.1,2016-05-02,0.0,28.8,203
122,26.6,20160503,3.7,2016,0.0,5,9.4,0.0,13.5,3,81.8,2016-05-03,0.0,17.9,203
123,0.0,20160504,4.5,2016,12.9,5,10.4,0.0,16.1,4,37.6,2016-05-04,0.0,21.1,203
124,0.9,20160505,1.7,2016,11.1,5,7.3,0.0,18.2,5,45.8,2016-05-05,0.0,26.9,203
125,0.4,20160506,1.3,2016,0.0,5,12.8,0.0,16.0,6,78.8,2016-05-06,0.0,19.2,203
126,0.0,20160507,2.2,2016,12.3,5,10.2,0.0,16.2,7,55.4,2016-05-07,0.0,23.4,203
127,0.0,20160508,1.4,2016,11.3,5,8.1,0.0,18.3,8,47.4,2016-05-08,0.0,27.6,203
128,0.0,20160509,1.1,2016,3.9,5,12.9,0.0,19.6,9,44.6,2016-05-09,0.0,26.8,203
129,15.5,20160510,1.5,2016,0.0,5,12.5,0.0,13.8,10,80.1,2016-05-10,0.0,18.7,203
130,0.0,20160511,1.5,2016,12.7,5,9.5,0.0,16.6,11,59.4,2016-05-11,0.0,24.4,203
131,0.0,20160512,1.9,2016,12.5,5,9.2,0.0,17.7,12,58.8,2016-05-12,0.0,25.5,203
132,0.0,20160513,1.7,2016,9.2,5,13.0,0.0,17.6,13,61.5,2016-05-13,0.0,24.8,203
133,0.0,20160514,1.8,2016,11.9,5,11.4,0.0,19.3,14,47.9,2016-05-14,0.0,27.2,203
134,17.5,20160515,2.5,2016,7.0,5,12.8,0.0,17.7,15,67.9,2016-05-15,0.0,26.6,203
135,3.5,20160516,2.3,2016,11.0,5,9.5,0.0,15.5,16,51.4,2016-05-16,0.0,22.7,203
136,0.0,20160517,1.2,2016,12.8,5,7.1,0.0,17.6,17,53.1,2016-05-17,0.0,28.0,203
137,0.0,20160518,0.9,2016,12.7,5,10.1,0.0,20.6,18,49.0,2016-05-18,0.0,30.7,203
138,0.0,20160519,0.8,2016,12.9,5,12.3,0.0,22.6,19,45.3,2016-05-19,0.0,32.4,203
139,0.0,20160520,0.8,2016,12.7,5,12.9,0.0,21.8,20,46.4,2016-05-20,0.0,31.2,203
140,0.0,20160521,1.0,2016,12.1,5,11.0,0.0,21.1,21,42.6,2016-05-21,0.0,30.3,203
141,0.0,20160522,1.2,2016,12.5,5,12.4,0.0,21.6,22,45.6,2016-05-22,0.0,30.7,203
142,0.0,20160523,1.1,2016,9.4,5,12.8,0.0,21.9,23,45.9,2016-05-23,0.0,29.3,203
143,23.4,20160524,1.6,2016,4.3,5,13.1,0.0,16.5,24,82.8,2016-05-24,0.0,22.0,203
144,0.0,20160525,1.4,2016,6.9,5,12.3,0.0,18.8,25,69.1,2016-05-25,0.0,24.7,203
145,0.0,20160526,1.1,2016,2.5,5,15.7,0.0,19.7,26,67.3,2016-05-26,0.0,24.5,203
146,0.0,20160527,1.0,2016,5.8,5,13.2,0.0,20.3,27,61.6,2016-05-27,0.0,28.0,203
147,0.0,20160528,1.5,2016,11.8,5,14.3,0.0,21.1,28,55.3,2016-05-28,0.0,28.5,203
148,0.0,20160529,1.5,2016,6.6,5,15.5,0.0,20.4,29,55.1,2016-05-29,0.0,27.6,203
149,0.0,20160530,1.6,2016,12.0,5,13.0,0.0,21.1,30,56.9,2016-05-30,0.0,29.2,203
150,0.0,20160531,1.8,2016,10.8,5,14.6,0.0,21.2,31,62.3,2016-05-31,0.0,28.0,203
151,0.0,20160601,1.3,2016,10.3,6,15.3,0.0,21.9,1,51.1,2016-06-01,0.0,29.1,203
152,0.0,20160602,1.3,2016,11.9,6,13.0,0.0,21.7,2,46.8,2016-06-02,0.0,29.4,203
153,0.0,20160603,1.5,2016,11.9,6,15.2,0.0,21.8,3,48.3,2016-06-03,0.0,28.7,203
154,0.0,20160604,1.1,2016,0.0,6,16.2,0.0,19.9,4,60.8,2016-06-04,0.0,24.3,203
155,0.0,20160605,1.2,2016,10.9,6,14.5,0.0,23.2,5,50.8,2016-06-05,0.0,31.1,203
156,0.0,20160606,2.1,2016,5.0,6,16.5,0.0,21.0,6,55.8,2016-06-06,0.0,26.1,203
157,0.0,20160607,1.3,2016,5.6,6,18.2,0.0,21.9,7,62.5,2016-06-07,0.0,26.9,203
158,0.0,20160608,1.7,2016,8.8,6,16.7,0.0,21.5,8,65.0,2016-06-08,0.0,27.1,203
159,0.0,20160609,1.1,2016,10.9,6,15.3,0.0,23.2,9,60.8,2016-06-09,0.0,32.0,203
160,0.0,20160610,1.4,2016,11.3,6,17.5,0.0,24.5,10,60.3,2016-06-10,0.0,32.0,203
161,0.0,20160611,1.3,2016,3.9,6,20.5,0.0,24.6,11,65.1,2016-06-11,0.0,29.8,203
162,0.1,20160612,1.6,2016,4.3,6,21.4,0.0,24.4,12,72.4,2016-06-12,0.0,29.2,203
163,0.0,20160613,1.7,2016,8.0,6,19.5,0.0,23.7,13,65.1,2016-06-13,0.0,30.6,203
164,0.0,20160614,1.5,2016,7.2,6,17.8,0.0,24.0,14,62.8,2016-06-14,0.0,30.0,203
165,2.1,20160615,1.8,2016,3.2,6,17.2,0.0,21.7,15,71.5,2016-06-15,0.0,26.7,203
166,0.0,20160616,1.9,2016,5.6,6,18.2,0.0,21.2,16,68.3,2016-06-16,0.0,26.7,203
167,0.0,20160617,1.7,2016,10.9,6,16.7,0.0,23.4,17,58.6,2016-06-17,0.0,29.8,203
168,0.0,20160618,1.1,2016,11.7,6,16.7,0.0,24.1,18,59.5,2016-06-18,0.0,32.2,203
169,0.0,20160619,1.4,2016,10.1,6,18.6,0.0,23.9,19,62.3,2016-06-19,0.0,30.4,203
170,0.0,20160620,1.1,2016,7.7,6,17.3,0.0,24.0,20,64.0,2016-06-20,0.0,31.4,203
171,0.0,20160621,0.9,2016,8.4,6,18.1,0.0,25.2,21,61.4,2016-06-21,0.0,32.3,203
172,0.7,20160622,1.7,2016,5.3,6,20.9,0.0,24.5,22,68.1,2016-06-22,0.0,32.0,203
173,0.5,20160623,1.2,2016,6.8,6,20.0,0.0,25.2,23,66.4,2016-06-23,0.0,32.3,203
174,15.5,20160624,1.7,2016,2.3,6,19.8,0.0,22.0,24,80.9,2016-06-24,0.0,27.5,203
175,0.0,20160625,2.9,2016,9.4,6,18.1,0.0,22.2,25,60.8,2016-06-25,0.0,27.8,203
176,0.0,20160626,1.8,2016,12.1,6,16.5,0.0,23.6,26,57.8,2016-06-26,0.0,31.4,203
177,0.0,20160627,0.9,2016,4.7,6,16.2,0.0,22.9,27,62.6,2016-06-27,0.0,29.6,203
178,0.0,20160628,1.6,2016,9.6,6,16.4,0.0,24.3,28,58.0,2016-06-28,0.0,31.7,203
179,0.0,20160629,1.6,2016,8.2,6,19.2,0.0,24.4,29,60.8,2016-06-29,0.0,28.9,203
180,0.0,20160630,1.8,2016,4.9,6,21.9,0.0,25.3,30,70.9,2016-06-30,0.0,29.2,203
181,40.8,20160701,1.8,2016,0.0,7,22.7,0.0,24.2,1,84.0,2016-07-01,0.0,28.2,203
182,0.7,20160702,1.7,2016,0.9,7,21.7,0.0,23.6,2,78.3,2016-07-02,0.0,27.5,203
183,0.0,20160703,0.9,2016,0.8,7,19.7,0.0,22.7,3,76.5,2016-07-03,0.0,25.2,203
184,83.2,20160704,1.2,2016,0.0,7,19.5,0.0,20.5,4,91.6,2016-07-04,0.0,21.1,203
185,31.8,20160705,1.9,2016,0.2,7,20.1,0.0,24.1,5,87.6,2016-07-05,0.0,28.2,203
186,1.5,20160706,1.1,2016,3.8,7,20.8,0.0,23.4,6,77.9,2016-07-06,0.0,28.3,203
187,0.0,20160707,0.8,2016,0.8,7,20.1,0.0,23.9,7,75.6,2016-07-07,0.0,28.4,203
188,0.0,20160708,0.7,2016,11.0,7,19.6,0.0,26.4,8,69.0,2016-07-08,0.0,34.1,203
189,0.0,20160709,1.2,2016,12.1,7,20.1,0.0,26.8,9,65.3,2016-07-09,0.0,33.6,203
190,0.0,20160710,1.0,2016,8.1,7,20.5,0.0,26.5,10,66.3,2016-07-10,0.0,33.4,203
191,0.1,20160711,1.1,2016,5.7,7,21.8,0.0,27.5,11,64.1,2016-07-11,0.0,34.5,203
192,12.6,20160712,1.1,2016,2.7,7,22.0,0.0,25.2,12,78.0,2016-07-12,0.0,29.9,203
193,0.0,20160713,1.2,2016,4.5,7,21.0,0.0,25.5,13,69.4,2016-07-13,0.0,30.7,203
194,0.0,20160714,1.5,2016,6.7,7,22.4,0.0,26.2,14,67.3,2016-07-14,0.0,30.6,203
195,1.1,20160715,1.1,2016,4.6,7,19.5,0.0,24.7,15,67.5,2016-07-15,0.0,29.1,203
196,74.9,20160716,1.8,2016,0.0,7,19.2,0.0,20.3,16,92.1,2016-07-16,0.0,22.2,203
197,2.1,20160717,1.8,2016,0.8,7,20.5,0.0,21.8,17,84.4,2016-07-17,0.0,24.5,203
198,0.0,20160718,0.8,2016,4.8,7,19.5,0.0,23.5,18,75.1,2016-07-18,0.0,28.5,203
199,0.0,20160719,0.7,2016,7.8,7,19.0,0.0,24.9,19,74.5,2016-07-19,0.0,32.5,203
200,0.0,20160720,1.4,2016,8.8,7,21.4,0.0,26.6,20,68.3,2016-07-20,0.0,32.0,203
201,0.0,20160721,1.0,2016,5.4,7,21.3,0.0,25.8,21,69.1,2016-07-21,0.0,31.3,203
202,0.0,20160722,1.3,2016,11.0,7,22.4,0.0,27.6,22,64.3,2016-07-22,0.0,33.5,203
203,0.0,20160723,1.1,2016,5.1,7,23.9,0.0,28.2,23,68.1,2016-07-23,0.0,32.3,203
204,0.3,20160724,0.8,2016,2.2,7,25.7,0.0,28.3,24,75.0,2016-07-24,0.0,31.9,203
205,0.0,20160725,1.0,2016,3.0,7,25.8,0.0,28.3,25,75.3,2016-07-25,0.0,32.3,203
206,0.0,20160726,1.3,2016,6.9,7,23.2,0.0,27.6,26,71.3,2016-07-26,0.0,32.7,203
207,0.0,20160727,1.4,2016,3.7,7,23.1,0.0,27.1,27,76.1,2016-07-27,0.0,30.3,203
208,0.0,20160728,1.9,2016,10.3,7,24.7,0.0,28.0,28,68.5,2016-07-28,0.0,32.2,203
209,17.0,20160729,0.4,2016,0.6,7,23.0,0.0,24.8,29,86.1,2016-07-29,0.0,27.7,203
210,16.2,20160730,0.9,2016,6.2,7,24.2,0.0,27.8,30,78.5,2016-07-30,0.0,32.4,203
211,1.7,20160731,0.9,2016,8.7,7,23.8,0.0,27.2,31,77.8,2016-07-31,0.0,33.2,203
212,0.0,20160801,0.8,2016,3.3,8,23.2,0.0,26.3,1,78.9,2016-08-01,0.0,31.3,203
213,0.0,20160802,0.7,2016,1.7,8,22.9,0.0,26.6,2,75.4,2016-08-02,0.0,30.1,203
214,0.0,20160803,0.9,2016,12.0,8,22.6,0.0,27.9,3,69.4,2016-08-03,0.0,34.4,203
215,0.0,20160804,0.7,2016,11.7,8,23.3,0.0,28.7,4,69.1,2016-08-04,0.0,34.7,203
216,0.0,20160805,0.7,2016,12.6,8,23.7,0.0,29.1,5,69.1,2016-08-05,0.0,35.6,203
217,0.0,20160806,0.8,2016,10.4,8,23.5,0.0,29.2,6,68.6,2016-08-06,0.0,36.3,203
218,0.0,20160807,1.2,2016,10.9,8,24.8,0.0,29.6,7,61.4,2016-08-07,0.0,35.3,203
219,0.0,20160808,0.9,2016,10.1,8,22.5,0.0,28.9,8,66.3,2016-08-08,0.0,35.7,203
220,0.0,20160809,1.1,2016,8.8,8,24.0,0.0,28.7,9,67.5,2016-08-09,0.0,34.5,203
221,0.0,20160810,1.1,2016,9.4,8,24.0,0.0,28.9,10,64.6,2016-08-10,0.0,34.3,203
222,0.0,20160811,1.0,2016,11.9,8,22.7,0.0,29.5,11,61.5,2016-08-11,0.0,36.0,203
223,0.0,20160812,1.3,2016,11.5,8,23.4,0.0,29.2,12,67.8,2016-08-12,0.0,35.7,203
224,0.0,20160813,1.4,2016,8.2,8,24.5,0.0,29.2,13,67.3,2016-08-13,0.0,34.9,203
225,2.9,20160814,1.0,2016,3.3,8,24.9,0.0,28.1,14,76.4,2016-08-14,0.0,33.5,203
226,0.0,20160815,1.1,2016,5.4,8,25.3,0.0,28.8,15,66.5,2016-08-15,0.0,33.5,203
227,0.0,20160816,1.0,2016,10.4,8,23.9,0.0,29.0,16,62.9,2016-08-16,0.0,34.8,203
228,0.0,20160817,0.8,2016,10.6,8,22.8,0.0,28.0,17,67.4,2016-08-17,0.0,34.4,203
229,0.0,20160818,0.8,2016,5.6,8,23.5,0.0,28.6,18,67.8,2016-08-18,0.0,35.9,203
230,0.0,20160819,0.9,2016,3.1,8,24.0,0.0,28.7,19,69.3,2016-08-19,0.0,34.3,203
231,0.0,20160820,0.9,2016,8.0,8,24.1,0.0,29.3,20,61.8,2016-08-20,0.0,35.7,203
232,0.0,20160821,0.8,2016,7.1,8,24.5,0.0,29.1,21,61.9,2016-08-21,0.0,35.1,203
233,0.0,20160822,0.9,2016,8.6,8,23.4,0.0,28.8,22,63.1,2016-08-22,0.0,34.0,203
234,0.0,20160823,1.2,2016,6.8,8,22.7,0.0,28.2,23,63.3,2016-08-23,0.0,34.1,203
235,0.0,20160824,1.1,2016,8.3,8,24.1,0.0,28.3,24,58.8,2016-08-24,0.0,33.8,203
236,0.2,20160825,1.2,2016,7.8,8,21.7,0.0,27.2,25,65.1,2016-08-25,0.0,34.2,203
237,26.0,20160826,1.9,2016,4.0,8,15.4,0.0,20.0,26,77.3,2016-08-26,0.0,24.3,203
238,0.0,20160827,1.4,2016,10.7,8,12.1,0.0,21.2,27,57.0,2016-08-27,0.0,29.1,203
239,11.4,20160828,1.5,2016,0.5,8,16.4,0.0,19.2,28,72.1,2016-08-28,0.0,23.8,203
240,0.0,20160829,1.4,2016,3.4,8,16.1,0.0,19.8,29,68.1,2016-08-29,0.0,25.2,203
241,0.0,20160830,1.5,2016,5.5,8,14.3,0.0,19.5,30,69.0,2016-08-30,0.0,24.7,203
242,19.4,20160831,3.0,2016,0.0,8,16.1,0.0,18.4,31,78.8,2016-08-31,0.0,21.1,203
243,0.1,20160901,1.9,2016,9.2,9,15.8,0.0,22.8,1,70.8,2016-09-01,0.0,29.9,203
244,3.5,20160902,1.8,2016,4.9,9,19.4,0.0,21.9,2,78.5,2016-09-02,0.0,26.7,203
245,0.7,20160903,1.0,2016,5.8,9,19.3,0.0,23.3,3,77.6,2016-09-03,0.0,29.8,203
246,0.0,20160904,0.8,2016,3.3,9,20.0,0.0,24.8,4,75.0,2016-09-04,0.0,29.3,203
247,0.0,20160905,1.0,2016,7.6,9,22.3,0.0,26.0,5,71.1,2016-09-05,0.0,31.8,203
248,0.0,20160906,1.0,2016,3.2,9,19.0,0.0,23.2,6,74.4,2016-09-06,0.0,28.6,203
249,0.0,20160907,1.0,2016,3.4,9,18.5,0.0,23.3,7,73.9,2016-09-07,0.0,29.4,203
250,1.6,20160908,1.1,2016,4.7,9,19.7,0.0,22.9,8,73.8,2016-09-08,0.0,28.0,203
251,0.0,20160909,0.9,2016,6.4,9,18.3,0.0,23.1,9,72.6,2016-09-09,0.0,29.5,203
252,0.0,20160910,0.8,2016,4.8,9,17.7,0.0,22.8,10,73.8,2016-09-10,0.0,29.2,203
253,0.0,20160911,0.9,2016,6.7,9,18.1,0.0,23.0,11,68.3,2016-09-11,0.0,29.1,203
254,0.0,20160912,0.8,2016,6.3,9,19.7,0.0,23.5,12,71.8,2016-09-12,0.0,29.7,203
255,0.0,20160913,0.8,2016,10.5,9,18.0,0.0,23.2,13,68.4,2016-09-13,0.0,30.5,203
256,0.0,20160914,0.9,2016,4.7,9,19.0,0.0,23.4,14,71.0,2016-09-14,0.0,29.2,203
257,0.0,20160915,0.5,2016,5.2,9,16.1,0.0,21.8,15,73.9,2016-09-15,0.0,29.6,203
258,0.0,20160916,0.8,2016,3.6,9,16.9,0.0,23.0,16,72.0,2016-09-16,0.0,28.7,203
259,34.6,20160917,1.3,2016,0.6,9,18.1,0.0,19.8,17,86.3,2016-09-17,0.0,22.4,203
260,0.0,20160918,1.7,2016,4.3,9,17.3,0.0,21.6,18,63.9,2016-09-18,0.0,28.3,203
261,0.0,20160919,1.7,2016,6.5,9,14.4,0.0,19.4,19,64.0,2016-09-19,0.0,27.2,203
262,0.0,20160920,1.8,2016,10.6,9,12.9,0.0,18.6,20,51.8,2016-09-20,0.0,26.4,203
263,0.0,20160921,0.8,2016,7.5,9,9.5,0.0,16.7,21,66.9,2016-09-21,0.0,24.8,203
264,0.0,20160922,0.7,2016,8.9,9,13.5,0.0,19.1,22,63.0,2016-09-22,0.0,27.1,203
265,0.0,20160923,0.6,2016,9.8,9,12.4,0.0,18.9,23,67.9,2016-09-23,0.0,28.0,203
266,0.0,20160924,0.6,2016,9.5,9,12.7,0.0,19.8,24,70.1,2016-09-24,0.0,28.5,203
267,0.0,20160925,0.6,2016,2.8,9,14.7,0.0,19.8,25,74.8,2016-09-25,0.0,27.4,203
268,0.0,20160926,0.6,2016,1.6,9,15.8,0.0,20.5,26,79.0,2016-09-26,0.0,25.8,203
269,0.6,20160927,0.5,2016,0.0,9,18.5,0.0,20.0,27,87.6,2016-09-27,0.0,22.4,203
270,0.0,20160928,0.8,2016,0.3,9,17.9,0.0,20.4,28,79.8,2016-09-28,0.0,24.3,203
271,0.0,20160929,1.8,2016,0.0,9,16.4,0.0,18.7,29,68.8,2016-09-29,0.0,21.8,203
272,0.0,20160930,0.8,2016,0.1,9,15.7,0.0,18.7,30,76.1,2016-09-30,0.0,22.5,203
273,0.0,20161001,0.6,2016,0.2,10,15.7,0.0,18.7,1,81.8,2016-10-01,0.0,23.3,203
274,6.7,20161002,0.9,2016,0.0,10,16.2,0.0,17.6,2,88.1,2016-10-02,0.0,20.0,203
275,11.0,20161003,1.4,2016,5.8,10,16.4,0.0,22.4,3,78.0,2016-10-03,0.0,28.9,203
276,0.0,20161004,1.4,2016,6.7,10,13.4,0.0,20.2,4,72.4,2016-10-04,0.0,29.1,203
277,9.5,20161005,1.5,2016,4.5,10,15.5,0.0,19.2,5,77.8,2016-10-05,0.0,26.7,203
278,0.0,20161006,0.9,2016,9.4,10,13.0,0.0,17.4,6,71.8,2016-10-06,0.0,24.7,203
279,5.8,20161007,1.5,2016,5.9,10,12.8,0.0,17.8,7,76.1,2016-10-07,0.0,25.2,203
280,6.6,20161008,1.6,2016,5.5,10,12.5,0.0,16.7,8,67.9,2016-10-08,0.0,23.0,203
281,0.0,20161009,1.4,2016,10.1,10,5.9,0.0,11.2,9,50.5,2016-10-09,0.0,17.8,203
282,0.0,20161010,0.8,2016,9.7,10,5.2,0.0,11.6,10,66.5,2016-10-10,0.0,20.0,203
283,0.0,20161011,0.7,2016,5.6,10,7.6,0.0,13.2,11,71.3,2016-10-11,0.0,21.2,203
284,0.0,20161012,0.8,2016,7.6,10,6.9,0.0,13.4,12,66.6,2016-10-12,0.0,22.2,203
285,0.0,20161013,0.8,2016,9.1,10,7.2,0.0,13.0,13,65.3,2016-10-13,0.0,20.8,203
286,0.0,20161014,0.5,2016,8.9,10,6.1,0.0,13.5,14,72.3,2016-10-14,0.0,23.0,203
287,0.0,20161015,0.5,2016,6.3,10,8.0,0.0,15.6,15,72.9,2016-10-15,0.0,25.9,203
288,2.2,20161016,0.6,2016,0.1,10,12.4,0.0,15.2,16,85.3,2016-10-16,0.0,19.7,203
289,0.3,20161017,0.7,2016,6.3,10,12.9,0.0,16.8,17,79.3,2016-10-17,0.0,22.8,203
290,0.0,20161018,0.6,2016,4.1,10,10.9,0.0,14.4,18,86.9,2016-10-18,0.0,22.2,203
291,0.0,20161019,0.8,2016,6.5,10,10.6,0.0,15.6,19,77.1,2016-10-19,0.0,23.9,203
292,0.0,20161020,0.8,2016,4.5,10,8.7,0.0,15.1,20,79.4,2016-10-20,0.0,24.4,203
293,0.0,20161021,1.4,2016,0.7,10,12.3,0.0,15.7,21,69.6,2016-10-21,0.0,19.7,203
294,0.0,20161022,0.7,2016,2.4,10,11.1,0.0,15.9,22,72.0,2016-10-22,0.0,22.0,203
295,3.6,20161023,1.9,2016,0.0,10,9.4,0.0,12.3,23,76.4,2016-10-23,0.0,15.8,203
296,0.0,20161024,1.1,2016,9.6,10,6.4,0.0,13.1,24,68.6,2016-10-24,0.0,20.0,203
297,43.1,20161025,1.0,2016,1.0,10,9.8,0.0,12.2,25,91.1,2016-10-25,0.0,16.6,203
298,0.0,20161026,0.6,2016,0.0,10,7.4,0.0,11.6,26,89.6,2016-10-26,0.0,14.7,203
299,0.0,20161027,0.9,2016,5.0,10,7.9,0.0,13.4,27,81.3,2016-10-27,0.0,19.7,203
300,2.0,20161028,0.9,2016,0.2,10,11.5,0.0,13.6,28,73.3,2016-10-28,0.0,16.8,203
301,0.0,20161029,1.2,2016,0.0,10,4.1,0.0,8.7,29,55.0,2016-10-29,0.0,12.3,203
302,0.0,20161030,0.9,2016,9.4,10,-2.6,0.0,5.5,30,52.9,2016-10-30,0.0,14.9,203
303,0.0,20161031,1.1,2016,0.0,10,1.5,0.0,5.1,31,65.4,2016-10-31,0.0,9.6,203
304,0.0,20161101,1.5,2016,9.5,11,-3.0,0.0,2.2,1,43.1,2016-11-01,0.0,9.2,203
305,0.0,20161102,1.0,2016,8.7,11,-6.2,0.0,3.0,2,60.5,2016-11-02,0.0,11.4,203
306,0.1,20161103,1.0,2016,5.6,11,2.3,0.0,7.2,3,67.9,2016-11-03,0.0,14.3,203
307,0.0,20161104,1.2,2016,3.6,11,1.9,0.0,10.2,4,67.3,2016-11-04,0.0,16.3,203
308,0.0,20161105,1.2,2016,1.2,11,7.5,0.0,13.2,5,76.9,2016-11-05,0.0,18.6,203
309,0.0,20161106,2.0,2016,5.3,11,9.7,0.0,13.4,6,62.9,2016-11-06,0.0,18.4,203
310,3.0,20161107,1.6,2016,2.9,11,9.7,0.0,13.4,7,65.6,2016-11-07,0.0,18.7,203
311,0.3,20161108,2.0,2016,6.7,11,0.6,0.0,6.0,8,57.9,2016-11-08,0.0,10.3,203
312,0.0,20161109,0.9,2016,9.1,11,-4.0,0.0,2.2,9,51.5,2016-11-09,0.0,10.0,203
313,3.9,20161110,0.7,2016,0.4,11,-1.0,0.0,4.7,10,76.5,2016-11-10,0.0,10.4,203
314,3.2,20161111,1.5,2016,7.4,11,2.6,0.0,8.1,11,66.5,2016-11-11,0.0,15.1,203
315,0.0,20161112,1.0,2016,8.2,11,0.1,0.0,8.8,12,66.4,2016-11-12,0.0,17.8,203
316,1.8,20161113,0.5,2016,2.1,11,6.8,0.0,11.2,13,84.5,2016-11-13,0.0,17.7,203
317,0.2,20161114,0.9,2016,1.3,11,6.7,0.0,12.4,14,84.5,2016-11-14,0.0,19.0,203
318,0.0,20161115,1.8,2016,9.0,11,0.5,0.0,7.0,15,44.6,2016-11-15,0.0,13.0,203
319,0.0,20161116,0.7,2016,8.7,11,-3.5,0.0,3.8,16,58.6,2016-11-16,0.0,11.9,203
320,0.0,20161117,0.6,2016,8.1,11,-0.7,0.0,6.0,17,65.5,2016-11-17,0.0,15.5,203
321,2.7,20161118,0.6,2016,4.4,11,-0.3,0.0,7.1,18,78.3,2016-11-18,0.0,14.1,203
322,0.0,20161119,1.1,2016,1.3,11,8.0,0.0,12.0,19,83.9,2016-11-19,0.0,15.3,203
323,0.0,20161120,1.5,2016,8.5,11,3.8,0.0,11.3,20,54.6,2016-11-20,0.0,17.9,203
324,0.0,20161121,0.6,2016,0.1,11,1.4,0.0,6.7,21,67.1,2016-11-21,0.0,11.2,203
325,0.2,20161122,2.3,2016,4.6,11,0.0,0.0,4.5,22,46.3,2016-11-22,0.0,9.2,203
326,0.0,20161123,1.4,2016,7.5,11,-4.7,0.0,0.1,23,37.9,2016-11-23,0.0,6.0,203
327,0.0,20161124,1.5,2016,8.9,11,-7.2,0.0,-1.9,24,41.4,2016-11-24,0.0,4.2,203
328,0.0,20161125,0.9,2016,6.3,11,-7.7,0.0,-1.5,25,60.5,2016-11-25,0.0,7.1,203
329,2.0,20161126,0.6,2016,0.0,11,-6.2,0.0,-2.1,26,83.8,2016-11-26,0.0,0.0,203
330,0.0,20161127,0.6,2016,0.4,11,-0.6,0.0,1.6,27,88.6,2016-11-27,0.0,6.2,203
331,0.0,20161128,1.4,2016,8.3,11,-2.1,0.0,2.0,28,60.9,2016-11-28,0.0,7.7,203
332,0.0,20161129,0.8,2016,8.9,11,-6.6,0.0,0.0,29,54.3,2016-11-29,0.0,8.1,203
333,0.4,20161130,0.9,2016,1.0,11,-3.8,0.0,4.4,30,66.4,2016-11-30,0.0,10.5,203
334,0.0,20161201,2.4,2016,8.0,12,-1.4,0.0,4.8,1,48.6,2016-12-01,0.0,9.2,203
335,0.0,20161202,1.1,2016,8.9,12,-7.3,0.0,0.3,2,47.9,2016-12-02,0.0,8.6,203
336,0.0,20161203,0.7,2016,8.7,12,-6.8,0.0,1.3,3,63.4,2016-12-03,0.0,10.2,203
337,0.0,20161204,0.5,2016,1.3,12,-2.8,0.0,1.6,4,74.1,2016-12-04,0.0,7.9,203
338,0.1,20161205,1.7,2016,1.4,12,1.7,0.0,5.5,5,65.9,2016-12-05,0.0,12.9,203
339,0.0,20161206,1.8,2016,8.8,12,-6.3,0.0,-0.5,6,38.5,2016-12-06,0.0,5.8,203
340,0.1,20161207,0.7,2016,3.8,12,-7.5,0.0,-1.9,7,71.0,2016-12-07,0.0,4.5,203
341,1.8,20161208,0.5,2016,0.1,12,-7.0,0.0,-1.5,8,85.6,2016-12-08,0.0,2.6,203
342,1.4,20161209,1.7,2016,6.0,12,-1.8,0.0,2.1,9,64.5,2016-12-09,0.0,7.2,203
343,0.0,20161210,1.1,2016,8.8,12,-8.2,0.0,-1.4,10,52.8,2016-12-10,0.0,6.2,203
344,0.0,20161211,0.8,2016,8.8,12,-9.1,0.0,-2.9,11,57.8,2016-12-11,0.0,6.0,203
345,0.0,20161212,0.6,2016,3.7,12,-7.4,0.0,-0.3,12,58.6,2016-12-12,0.0,5.8,203
346,0.0,20161213,1.0,2016,4.5,12,-3.6,0.0,2.2,13,64.1,2016-12-13,0.0,8.9,203
347,0.7,20161214,1.5,2016,0.0,12,-1.1,0.0,-0.5,14,75.8,2016-12-14,0.0,0.6,203
348,0.0,20161215,2.0,2016,8.7,12,-6.6,0.0,-2.8,15,42.4,2016-12-15,0.0,1.2,203
349,0.0,20161216,1.4,2016,8.7,12,-11.4,0.0,-4.6,16,44.9,2016-12-16,0.0,1.9,203
350,0.0,20161217,0.7,2016,5.5,12,-4.1,0.0,0.5,17,57.6,2016-12-17,0.0,7.6,203
351,0.0,20161218,0.7,2016,0.0,12,-2.1,0.0,1.9,18,76.3,2016-12-18,0.0,7.1,203
352,0.5,20161219,0.6,2016,1.3,12,0.2,0.0,4.6,19,78.0,2016-12-19,0.0,11.2,203
353,0.0,20161220,0.6,2016,7.8,12,0.4,0.0,5.5,20,76.0,2016-12-20,0.0,14.3,203
354,34.1,20161221,0.9,2016,3.5,12,-2.9,0.0,5.6,21,82.8,2016-12-21,0.0,12.9,203
355,18.2,20161222,2.8,2016,0.0,12,3.0,0.0,6.7,22,83.8,2016-12-22,0.0,13.1,203
356,0.5,20161223,2.6,2016,1.2,12,-2.4,0.0,-0.5,23,66.1,2016-12-23,0.0,3.0,203
357,0.0,20161224,0.9,2016,1.6,12,-4.3,0.0,-2.1,24,64.5,2016-12-24,0.0,1.0,203
358,0.0,20161225,0.6,2016,5.7,12,-6.7,0.0,-0.6,25,78.0,2016-12-25,0.0,6.2,203
359,1.1,20161226,0.6,2016,0.0,12,-0.5,0.0,1.7,26,84.9,2016-12-26,0.0,3.1,203
360,0.5,20161227,2.3,2016,6.7,12,-6.2,0.0,-0.8,27,56.5,2016-12-27,0.0,3.1,203
361,0.0,20161228,1.2,2016,8.7,12,-9.4,0.0,-3.5,28,54.5,2016-12-28,0.0,3.0,203
362,0.2,20161229,1.8,2016,8.1,12,-6.1,0.0,-3.2,29,51.3,2016-12-29,0.0,0.5,203
363,0.0,20161230,0.8,2016,7.3,12,-11.3,0.0,-4.4,30,56.5,2016-12-30,0.0,2.2,203
364,0.0,20161231,0.6,2016,1.7,12,-7.1,0.0,-2.5,31,75.5,2016-12-31,0.0,3.5,203
