,day,year,Date,date,sunshine,wind,snow,tmin,rainfall,tmax,station_id,tavg,cloud,humid,month
0,1,2019,2019-01-01,20190101,6.6,1.3,0.0,-13.2,0.0,1.2,203,-6.1,2.9,58.4,1
1,2,2019,2019-01-02,20190102,8.8,1.2,0.0,-13.7,0.0,2.2,203,-5.9,0.0,49.3,1
2,3,2019,2019-01-03,20190103,8.8,0.7,0.0,-14.3,0.0,3.6,203,-5.7,0.3,52.1,1
3,4,2019,2019-01-04,20190104,5.8,0.8,0.0,-12.2,0.0,3.8,203,-3.9,2.9,63.3,1
4,5,2019,2019-01-05,20190105,8.5,1.6,0.0,-8.8,0.0,3.2,203,-3.2,1.0,48.8,1
5,6,2019,2019-01-06,20190106,7.3,1.0,0.0,-11.1,0.0,4.0,203,-5.1,3.3,49.6,1
6,7,2019,2019-01-07,20190107,7.3,1.0,0.0,-12.3,0.0,3.9,203,-4.4,3.4,59.9,1
7,8,2019,2019-01-08,20190108,8.7,2.0,0.0,-10.4,0.0,2.3,203,-4.6,1.3,44.6,1
8,9,2019,2019-01-09,20190109,8.7,0.8,0.0,-14.6,0.0,0.2,203,-6.5,6.9,38.9,1
9,10,2019,2019-01-10,20190110,4.1,1.2,0.0,-7.7,0.0,3.9,203,-2.8,6.6,58.4,1
10,11,2019,2019-01-11,20190111,6.8,0.7,0.0,-4.7,0.0,6.5,203,-0.1,4.6,65.1,1
11,12,2019,2019-01-12,20190112,1.6,0.8,0.0,-2.0,0.0,8.3,203,1.8,5.3,54.8,1
12,13,2019,2019-01-13,20190113,8.3,0.9,0.0,-7.7,0.0,8.3,203,-0.4,0.1,64.3,1
13,14,2019,2019-01-14,20190114,0.0,0.5,0.0,-8.2,0.0,2.5,203,-3.0,5.9,85.3,1
14,15,2019,2019-01-15,20190115,2.8,2.0,0.0,-7.2,0.0,2.8,203,-1.8,4.8,59.9,1
15,16,2019,2019-01-16,20190116,8.3,1.6,0.0,-11.6,0.2,-0.1,203,-5.7,3.9,49.4,1
16,17,2019,2019-01-17,20190117,7.7,1.2,0.0,-7.1,0.3,5.6,203,-1.6,1.8,55.6,1
17,18,2019,2019-01-18,20190118,8.8,1.0,0.0,-10.2,0.0,6.9,203,-1.5,2.9,54.3,1
18,19,2019,2019-01-19,20190119,7.8,0.6,0.0,-5.1,0.0,8.5,203,0.3,6.6,63.5,1
19,20,2019,2019-01-20,20190120,8.8,2.3,0.0,-5.4,0.0,3.5,203,-0.9,1.5,39.1,1
20,21,2019,2019-01-21,20190121,2.3,1.3,0.0,-11.6,0.0,3.7,203,-2.4,2.4,53.1,1
21,22,2019,2019-01-22,20190122,8.2,1.4,0.0,-8.0,0.0,7.2,203,-0.4,1.8,65.5,1
22,23,2019,2019-01-23,20190123,7.9,1.3,0.0,-7.2,0.0,9.3,203,0.5,0.8,51.6,1
23,24,2019,2019-01-24,20190124,8.8,1.4,0.0,-9.5,0.0,7.5,203,-1.0,3.8,35.3,1
24,25,2019,2019-01-25,20190125,8.9,1.8,0.0,-9.1,0.0,3.9,203,-2.4,3.4,38.5,1
25,26,2019,2019-01-26,20190126,9.1,2.1,0.0,-6.8,0.0,3.5,203,-2.5,0.0,29.0,1
26,27,2019,2019-01-27,20190127,7.8,1.2,0.0,-12.5,0.0,5.2,203,-2.4,4.1,57.4,1
27,28,2019,2019-01-28,20190128,7.5,2.5,0.0,-3.5,0.8,5.3,203,1.0,2.6,48.3,1
28,29,2019,2019-01-29,20190129,8.9,1.0,0.0,-10.9,0.0,7.0,203,-1.6,3.9,41.0,1
29,30,2019,2019-01-30,20190130,8.7,1.1,0.0,-7.7,0.0,8.2,203,0.9,6.5,52.1,1
30,31,2019,2019-01-31,20190131,2.6,1.8,0.0,-6.4,0.0,2.6,203,-0.8,7.6,40.0,1
31,1,2019,2019-02-01,20190201,8.0,1.7,0.0,-12.2,0.0,3.6,203,-3.4,2.4,53.5,2
32,2,2019,2019-02-02,20190202,1.7,0.7,0.0,-10.0,0.0,6.3,203,-1.9,6.8,73.5,2
33,3,2019,2019-02-03,20190203,0.0,0.8,0.0,-0.6,23.1,4.5,203,1.9,8.9,95.6,2
34,4,2019,2019-02-04,20190204,9.1,1.9,0.0,-3.8,0.0,5.0,203,0.2,2.0,40.4,2
35,5,2019,2019-02-05,20190205,7.7,0.7,0.0,-7.5,0.0,8.7,203,0.0,3.4,54.3,2
36,6,2019,2019-02-06,20190206,2.6,0.7,0.0,-4.2,0.0,8.8,203,2.6,8.0,63.8,2
37,7,2019,2019-02-07,20190207,8.2,2.9,0.0,-6.9,0.0,5.9,203,-0.1,5.3,45.6,2
38,8,2019,2019-02-08,20190208,8.1,1.4,0.0,-10.0,0.0,1.5,203,-4.7,8.3,33.4,2
39,9,2019,2019-02-09,20190209,9.4,2.2,0.0,-7.7,0.0,0.0,203,-4.2,3.4,30.5,2
40,10,2019,2019-02-10,20190210,3.2,1.2,0.0,-11.2,0.0,0.5,203,-4.9,7.9,41.1,2
41,11,2019,2019-02-11,20190211,9.5,2.0,0.0,-8.4,0.0,2.7,203,-2.9,0.1,37.0,2
42,12,2019,2019-02-12,20190212,7.9,1.2,0.0,-7.3,0.0,4.8,203,-1.5,4.9,45.1,2
43,13,2019,2019-02-13,20190213,9.2,1.9,0.0,-5.7,0.0,3.3,203,-1.6,1.9,30.6,2
44,14,2019,2019-02-14,20190214,8.8,0.9,0.0,-8.1,0.0,6.6,203,-1.5,6.4,46.9,2
45,15,2019,2019-02-15,20190215,0.0,1.8,0.0,-2.4,1.0,1.8,203,-0.5,9.6,62.9,2
46,16,2019,2019-02-16,20190216,8.9,2.0,0.0,-6.2,0.1,2.4,203,-2.2,3.8,58.6,2
47,17,2019,2019-02-17,20190217,10.2,1.4,0.0,-9.2,0.0,6.5,203,-1.8,0.0,46.9,2
48,18,2019,2019-02-18,20190218,5.7,0.7,0.0,-8.9,0.0,5.5,203,-0.6,7.9,55.3,2
49,19,2019,2019-02-19,20190219,0.0,0.9,0.0,-1.2,9.9,2.7,203,0.6,8.1,90.9,2
50,20,2019,2019-02-20,20190220,2.7,1.6,0.0,-1.6,0.0,5.0,203,1.2,6.4,73.0,2
51,21,2019,2019-02-21,20190221,5.0,0.7,0.0,-6.1,0.0,6.9,203,-0.5,3.2,79.9,2
52,22,2019,2019-02-22,20190222,6.9,0.9,0.0,-5.6,0.0,10.8,203,1.2,6.3,71.8,2
53,23,2019,2019-02-23,20190223,8.1,0.7,0.0,-3.6,0.0,14.4,203,3.8,3.0,61.9,2
54,24,2019,2019-02-24,20190224,10.2,1.4,0.0,-4.4,0.0,13.7,203,4.5,2.1,55.3,2
55,25,2019,2019-02-25,20190225,8.5,1.8,0.0,-1.3,0.0,12.1,203,4.2,3.8,59.8,2
56,26,2019,2019-02-26,20190226,9.2,1.2,0.0,-5.1,0.0,12.9,203,3.9,3.8,51.4,2
57,27,2019,2019-02-27,20190227,4.7,1.3,0.0,0.9,0.0,13.0,203,6.5,8.6,45.3,2
58,28,2019,2019-02-28,20190228,7.6,1.4,0.0,-2.3,0.0,13.8,203,5.4,3.0,51.3,2
59,1,2019,2019-03-01,20190301,9.6,1.4,0.0,-4.0,0.0,14.7,203,5.3,0.9,50.5,3
60,2,2019,2019-03-02,20190302,7.0,0.8,0.0,-3.3,0.0,14.0,203,5.3,6.3,50.6,3
61,3,2019,2019-03-03,20190303,7.3,0.9,0.0,-2.3,0.0,16.3,203,7.2,6.1,44.9,3
62,4,2019,2019-03-04,20190304,8.3,1.4,0.0,1.2,0.0,16.2,203,8.1,2.9,50.1,3
63,5,2019,2019-03-05,20190305,2.1,1.3,0.0,2.2,0.0,13.5,203,7.5,8.6,62.9,3
64,6,2019,2019-03-06,20190306,3.9,1.2,0.0,2.9,0.0,13.6,203,7.4,5.4,60.3,3
65,7,2019,2019-03-07,20190307,9.0,2.0,0.0,0.4,0.1,13.9,203,6.5,2.9,58.5,3
66,8,2019,2019-03-08,20190308,10.4,1.6,0.0,-3.7,0.0,14.5,203,5.3,0.0,49.0,3
67,9,2019,2019-03-09,20190309,8.3,0.8,0.0,-4.5,0.0,15.7,203,5.2,4.8,42.6,3
68,10,2019,2019-03-10,20190310,0.2,1.2,0.0,3.7,0.0,15.0,203,8.6,8.1,37.1,3
69,11,2019,2019-03-11,20190311,2.6,1.6,0.0,-2.0,0.1,10.3,203,5.0,4.6,70.4,3
70,12,2019,2019-03-12,20190312,0.3,2.8,0.0,-0.5,0.3,8.3,203,3.8,4.1,58.3,3
71,13,2019,2019-03-13,20190313,9.5,3.1,0.0,-2.2,0.1,8.7,203,2.8,1.4,35.8,3
72,14,2019,2019-03-14,20190314,7.7,1.6,0.0,-5.8,0.0,11.0,203,3.9,3.6,49.6,3
73,15,2019,2019-03-15,20190315,6.2,1.6,0.0,-0.2,5.5,12.0,203,3.5,6.4,79.3,3
74,16,2019,2019-03-16,20190316,2.9,1.2,0.0,-1.0,0.0,9.4,203,3.7,7.6,72.0,3
75,17,2019,2019-03-17,20190317,10.5,1.8,0.0,-1.6,0.0,13.0,203,5.5,1.8,56.4,3
76,18,2019,2019-03-18,20190318,8.7,1.2,0.0,-4.0,0.0,14.4,203,5.8,8.1,46.9,3
77,19,2019,2019-03-19,20190319,8.4,1.3,0.0,0.4,0.0,19.8,203,9.2,1.8,51.8,3
78,20,2019,2019-03-20,20190320,0.3,0.8,0.0,2.8,20.6,15.3,203,8.7,9.1,85.0,3
79,22,2019,2019-03-22,20190322,10.7,2.1,0.0,-1.1,0.0,9.8,203,3.7,2.3,44.9,3
80,23,2019,2019-03-23,20190323,7.4,2.1,0.0,-1.6,3.3,7.9,203,3.1,2.4,47.6,3
81,24,2019,2019-03-24,20190324,11.1,2.2,0.0,-3.8,0.0,10.5,203,3.8,0.0,47.5,3
82,25,2019,2019-03-25,20190325,5.1,1.6,0.0,-2.8,0.0,13.7,203,5.5,5.6,60.6,3
83,26,2019,2019-03-26,20190326,8.9,1.3,0.0,-0.3,0.0,18.8,203,9.3,2.4,49.3,3
84,27,2019,2019-03-27,20190327,6.7,2.7,0.0,2.9,0.0,18.8,203,11.2,6.8,58.8,3
85,28,2019,2019-03-28,20190328,9.0,2.4,0.0,6.1,0.0,16.8,203,10.4,6.1,47.5,3
86,29,2019,2019-03-29,20190329,9.9,2.0,0.0,4.8,0.0,16.5,203,10.1,5.8,36.3,3
87,30,2019,2019-03-30,20190330,2.2,2.6,0.0,1.7,6.2,9.4,203,4.1,9.0,78.6,3
88,31,2019,2019-03-31,20190331,1.1,2.9,0.0,0.6,0.0,6.6,203,3.7,5.1,53.9,3
89,1,2019,2019-04-01,20190401,11.2,2.2,0.0,-3.3,0.0,11.6,203,4.5,2.1,38.5,4
90,2,2019,2019-04-02,20190402,10.9,2.1,0.0,-4.1,0.0,13.4,203,5.6,1.1,42.9,4
91,3,2019,2019-04-03,20190403,11.5,2.1,0.0,-3.2,0.0,14.7,203,6.4,0.1,41.6,4
92,4,2019,2019-04-04,20190404,11.4,2.2,0.0,-2.6,0.0,18.0,203,8.6,0.6,38.5,4
93,5,2019,2019-04-05,20190405,8.0,2.5,0.0,3.1,0.0,18.0,203,9.7,3.4,39.3,4
94,6,2019,2019-04-06,20190406,2.3,1.1,0.0,-0.1,0.2,13.3,203,8.0,7.1,49.9,4
95,7,2019,2019-04-07,20190407,8.8,1.3,0.0,5.0,0.0,20.7,203,13.1,5.0,39.8,4
96,8,2019,2019-04-08,20190408,10.8,2.4,0.0,6.1,0.0,19.3,203,11.8,3.9,23.6,4
97,9,2019,2019-04-09,20190409,0.3,2.5,0.0,2.7,22.3,14.2,203,7.5,8.0,54.8,4
98,10,2019,2019-04-10,20190410,0.0,1.6,0.0,2.8,3.1,9.9,203,6.7,6.3,75.8,4
99,11,2019,2019-04-11,20190411,4.7,1.4,0.0,0.7,0.0,15.5,203,7.5,6.5,72.1,4
100,12,2019,2019-04-12,20190412,10.7,1.8,0.0,2.7,0.0,18.7,203,10.9,3.4,46.6,4
101,13,2019,2019-04-13,20190413,11.0,1.6,0.0,1.4,0.0,18.8,203,10.9,4.8,39.3,4
102,14,2019,2019-04-14,20190414,3.2,1.8,0.0,4.5,0.8,13.5,203,8.1,6.0,52.6,4
103,15,2019,2019-04-15,20190415,12.0,1.8,0.0,-0.6,0.0,19.6,203,10.5,0.0,35.6,4
104,16,2019,2019-04-16,20190416,9.6,1.2,0.0,1.0,0.0,23.6,203,13.1,4.6,34.0,4
105,17,2019,2019-04-17,20190417,12.1,1.6,0.0,4.7,0.0,24.3,203,14.9,1.1,39.5,4
106,18,2019,2019-04-18,20190418,5.3,1.9,0.0,6.6,0.0,18.9,203,13.1,7.1,67.8,4
107,19,2019,2019-04-19,20190419,4.4,1.6,0.0,8.0,0.0,17.2,203,12.0,5.4,66.1,4
108,20,2019,2019-04-20,20190420,9.4,1.6,0.0,3.8,0.0,22.3,203,13.7,4.5,62.6,4
109,21,2019,2019-04-21,20190421,3.3,1.7,0.0,13.1,0.3,21.0,203,15.9,7.6,70.4,4
110,22,2019,2019-04-22,20190422,10.2,1.2,0.0,8.0,0.0,29.3,203,18.8,1.6,52.0,4
111,23,2019,2019-04-23,20190423,3.7,1.5,0.0,12.8,0.0,25.3,203,19.8,8.4,51.3,4
112,24,2019,2019-04-24,20190424,6.1,1.3,0.0,14.4,5.9,26.0,203,18.6,7.3,75.4,4
113,25,2019,2019-04-25,20190425,0.0,1.6,0.0,9.2,11.6,17.5,203,12.8,7.6,78.5,4
114,26,2019,2019-04-26,20190426,0.0,1.3,0.0,5.4,3.8,11.1,203,8.2,8.8,86.0,4
115,27,2019,2019-04-27,20190427,10.8,1.3,0.0,1.4,0.0,18.7,203,11.1,4.8,55.3,4
116,28,2019,2019-04-28,20190428,1.0,1.0,0.0,8.3,0.2,16.6,203,11.7,8.5,60.1,4
117,29,2019,2019-04-29,20190429,1.5,0.6,0.0,6.1,0.6,15.9,203,11.1,7.8,75.1,4
118,30,2019,2019-04-30,20190430,10.1,1.4,0.0,6.1,0.0,24.7,203,14.9,4.0,65.1,4
119,1,2019,2019-05-01,20190501,11.0,2.2,0.0,9.2,0.0,24.7,203,16.0,1.4,51.9,5
120,2,2019,2019-05-02,20190502,12.6,1.8,0.0,6.8,0.0,26.1,203,16.2,0.0,42.1,5
121,3,2019,2019-05-03,20190503,12.3,1.5,0.0,5.1,0.0,28.8,203,17.3,1.1,40.0,5
122,4,2019,2019-05-04,20190504,9.3,1.3,0.0,8.1,0.0,28.6,203,18.4,4.8,44.9,5
123,5,2019,2019-05-05,20190505,10.3,1.4,0.0,10.0,0.0,29.3,203,18.7,5.0,40.0,5
124,6,2019,2019-05-06,20190506,9.7,2.5,0.0,10.2,0.0,21.1,203,14.8,1.9,33.4,5
125,7,2019,2019-05-07,20190507,12.7,1.8,0.0,3.8,0.0,23.6,203,13.8,0.1,43.6,5
126,8,2019,2019-05-08,20190508,11.2,1.9,0.0,5.1,0.0,23.5,203,15.1,6.0,46.0,5
127,9,2019,2019-05-09,20190509,12.5,2.1,0.0,10.0,0.0,24.6,203,16.7,3.9,39.4,5
128,10,2019,2019-05-10,20190510,12.2,1.6,0.0,5.3,0.0,28.8,203,17.4,2.4,43.6,5
129,11,2019,2019-05-11,20190511,12.3,1.4,0.0,10.3,0.0,30.1,203,19.6,2.0,45.8,5
130,12,2019,2019-05-12,20190512,10.8,1.0,0.0,11.3,0.0,28.6,203,20.3,2.6,46.1,5
131,13,2019,2019-05-13,20190513,1.9,1.2,0.0,12.3,0.0,24.4,203,18.4,9.0,52.3,5
132,14,2019,2019-05-14,20190514,12.0,1.1,0.0,11.7,0.0,28.2,203,19.8,3.1,51.3,5
133,15,2019,2019-05-15,20190515,8.3,1.3,0.0,13.2,0.0,28.7,203,20.5,4.4,56.5,5
134,16,2019,2019-05-16,20190516,11.1,1.1,0.0,14.3,0.0,30.7,203,22.7,3.6,50.3,5
135,17,2019,2019-05-17,20190517,5.0,1.0,0.0,14.8,0.0,28.3,203,22.3,8.4,54.4,5
136,18,2019,2019-05-18,20190518,1.1,2.6,0.0,17.8,0.0,24.1,203,20.8,7.5,55.8,5
137,19,2019,2019-05-19,20190519,0.1,1.1,0.0,17.6,8.0,22.2,203,19.6,8.6,84.8,5
138,20,2019,2019-05-20,20190520,8.5,2.9,0.0,11.5,3.1,20.0,203,16.2,10.0,59.6,5
139,21,2019,2019-05-21,20190521,12.8,2.6,0.0,7.2,0.0,25.0,203,16.6,0.0,50.5,5
140,22,2019,2019-05-22,20190522,12.7,2.1,0.0,9.0,0.0,28.0,203,18.9,0.6,46.5,5
141,23,2019,2019-05-23,20190523,12.8,1.2,0.0,9.7,0.0,29.9,203,20.6,0.0,47.4,5
142,24,2019,2019-05-24,20190524,12.7,1.2,0.0,11.4,0.0,33.7,203,23.5,0.4,55.1,5
143,25,2019,2019-05-25,20190525,7.7,1.2,0.0,16.6,0.0,30.3,203,23.1,7.3,49.8,5
144,26,2019,2019-05-26,20190526,9.1,1.3,0.0,14.5,0.0,31.7,203,23.5,5.3,45.9,5
145,27,2019,2019-05-27,20190527,0.0,2.4,0.0,14.7,6.9,20.6,203,17.3,9.8,84.9,5
146,28,2019,2019-05-28,20190528,10.6,1.9,0.0,10.4,0.0,25.1,203,17.7,1.4,46.5,5
147,29,2019,2019-05-29,20190529,12.7,1.8,0.0,9.4,0.0,27.7,203,19.0,0.4,48.4,5
148,30,2019,2019-05-30,20190530,7.6,2.0,0.0,9.8,0.0,27.0,203,19.1,6.9,53.1,5
149,31,2019,2019-05-31,20190531,11.8,2.3,0.0,13.8,0.0,25.5,203,19.2,3.0,49.0,5
150,1,2019,2019-06-01,20190601,9.7,1.4,0.0,10.8,0.0,24.9,203,18.2,5.3,63.4,6
151,2,2019,2019-06-02,20190602,12.5,1.4,0.0,13.2,0.0,29.7,203,21.3,1.4,49.5,6
152,3,2019,2019-06-03,20190603,12.0,1.3,0.0,12.4,0.0,30.6,203,22.4,0.0,46.8,6
153,4,2019,2019-06-04,20190604,12.2,1.8,0.0,15.6,0.0,31.3,203,23.4,1.4,52.8,6
154,5,2019,2019-06-05,20190605,8.4,1.5,0.0,16.0,0.0,32.5,203,23.5,4.6,62.4,6
155,6,2019,2019-06-06,20190606,0.3,1.2,0.0,17.7,9.6,26.1,203,21.0,9.4,81.8,6
156,7,2019,2019-06-07,20190607,1.3,2.1,0.0,16.7,43.8,23.8,203,19.0,8.6,83.3,6
157,8,2019,2019-06-08,20190608,11.3,1.1,0.0,13.6,0.0,29.2,203,21.5,6.4,65.3,6
158,9,2019,2019-06-09,20190609,8.0,1.4,0.0,15.8,0.4,28.5,203,21.4,7.3,67.8,6
159,10,2019,2019-06-10,20190610,1.8,1.3,0.0,15.3,1.1,23.1,203,18.5,7.9,71.6,6
160,11,2019,2019-06-11,20190611,9.6,1.2,0.0,15.1,0.0,26.4,203,19.6,3.9,55.8,6
161,12,2019,2019-06-12,20190612,12.3,1.3,0.0,12.7,0.0,28.3,203,20.6,0.5,64.6,6
162,13,2019,2019-06-13,20190613,12.0,1.1,0.0,14.3,0.0,30.0,203,22.8,3.6,56.6,6
163,14,2019,2019-06-14,20190614,4.8,1.0,0.0,17.0,0.0,28.3,203,22.3,7.6,61.5,6
164,15,2019,2019-06-15,20190615,11.7,1.6,0.0,15.4,10.1,29.0,203,20.7,2.9,71.1,6
165,16,2019,2019-06-16,20190616,9.7,1.2,0.0,13.6,0.0,27.9,203,20.7,4.0,67.6,6
166,17,2019,2019-06-17,20190617,9.3,1.6,0.0,16.7,0.4,27.2,203,21.2,5.3,67.0,6
167,18,2019,2019-06-18,20190618,1.5,1.0,0.0,16.7,6.9,24.7,203,20.1,9.0,82.1,6
168,20,2019,2019-06-20,20190620,6.3,1.5,0.0,18.3,0.0,28.3,203,22.6,7.6,69.4,6
169,21,2019,2019-06-21,20190621,4.4,1.5,0.0,18.0,0.0,28.5,203,22.3,5.5,68.9,6
170,22,2019,2019-06-22,20190622,11.8,1.4,0.0,16.3,0.0,30.4,203,22.6,3.1,52.9,6
171,23,2019,2019-06-23,20190623,11.8,1.0,0.0,15.2,0.0,30.3,203,22.9,2.8,54.1,6
172,24,2019,2019-06-24,20190624,11.0,1.5,0.0,18.0,0.0,31.1,203,23.8,3.4,56.6,6
173,25,2019,2019-06-25,20190625,12.9,1.1,0.0,15.4,0.0,32.8,203,25.1,0.9,53.4,6
174,26,2019,2019-06-26,20190626,1.1,1.1,0.0,18.1,4.0,26.3,203,22.6,9.1,70.6,6
175,27,2019,2019-06-27,20190627,4.0,1.1,0.0,19.7,0.3,30.0,203,24.5,7.5,78.4,6
176,28,2019,2019-06-28,20190628,3.8,1.5,0.0,20.9,0.0,30.4,203,24.9,8.5,69.3,6
177,29,2019,2019-06-29,20190629,1.4,0.8,0.0,17.8,1.7,25.7,203,21.9,8.1,80.9,6
178,30,2019,2019-06-30,20190630,5.5,1.7,0.0,19.7,0.0,28.2,203,23.4,6.6,75.8,6
179,1,2019,2019-07-01,20190701,6.8,1.6,0.0,19.1,0.0,28.4,203,23.3,4.9,66.4,7
180,2,2019,2019-07-02,20190702,9.9,1.6,0.0,17.8,0.0,30.0,203,23.5,3.1,66.0,7
181,3,2019,2019-07-03,20190703,6.9,1.2,0.0,17.1,0.0,30.2,203,23.5,5.3,70.0,7
182,4,2019,2019-07-04,20190704,11.8,1.6,0.0,16.5,0.0,33.1,203,24.7,2.5,58.9,7
183,5,2019,2019-07-05,20190705,11.2,1.2,0.0,16.5,2.2,36.0,203,25.3,6.0,62.8,7
184,6,2019,2019-07-06,20190706,11.6,1.5,0.0,18.8,0.0,34.4,203,26.3,2.6,62.5,7
185,7,2019,2019-07-07,20190707,8.4,1.8,0.0,18.6,0.0,31.8,203,24.2,7.3,55.8,7
186,8,2019,2019-07-08,20190708,8.1,1.7,0.0,17.8,0.5,30.2,203,22.8,6.6,62.0,7
187,9,2019,2019-07-09,20190709,7.6,1.6,0.0,15.6,0.0,30.3,203,22.7,4.8,60.4,7
188,10,2019,2019-07-10,20190710,1.8,1.7,0.0,17.2,15.1,26.3,203,20.9,9.3,76.1,7
189,11,2019,2019-07-11,20190711,0.2,1.2,0.0,18.4,2.9,27.3,203,22.2,7.1,83.6,7
190,12,2019,2019-07-12,20190712,6.2,1.7,0.0,19.4,0.0,28.1,203,23.2,7.9,73.1,7
191,13,2019,2019-07-13,20190713,3.2,1.1,0.0,20.3,0.0,28.7,203,23.9,6.6,74.8,7
192,14,2019,2019-07-14,20190714,6.8,1.2,0.0,19.2,0.6,31.5,203,24.4,4.3,78.4,7
193,15,2019,2019-07-15,20190715,1.5,0.9,0.0,20.2,14.5,27.2,203,23.0,7.9,90.4,7
194,16,2019,2019-07-16,20190716,5.0,1.0,0.0,20.3,0.0,31.2,203,24.8,7.0,80.0,7
195,17,2019,2019-07-17,20190717,3.0,0.9,0.0,22.2,0.1,30.9,203,26.0,8.8,78.0,7
196,18,2019,2019-07-18,20190718,10.3,1.3,0.0,22.2,0.1,31.9,203,26.8,6.9,71.4,7
197,19,2019,2019-07-19,20190719,7.9,1.5,0.0,21.4,2.7,34.2,203,26.3,7.1,81.6,7
198,20,2019,2019-07-20,20190720,0.4,2.1,0.0,23.6,2.7,30.1,203,26.0,9.8,85.0,7
199,21,2019,2019-07-21,20190721,0.7,1.8,0.0,23.5,17.6,27.4,203,24.9,7.8,94.1,7
200,22,2019,2019-07-22,20190722,5.8,1.5,0.0,24.3,0.1,32.0,203,27.0,7.0,80.5,7
201,23,2019,2019-07-23,20190723,5.3,1.0,0.0,24.0,0.0,33.6,203,28.2,7.6,76.5,7
202,24,2019,2019-07-24,20190724,0.0,0.8,0.0,24.9,0.6,28.5,203,26.3,9.0,87.8,7
203,25,2019,2019-07-25,20190725,0.4,1.0,0.0,24.6,35.6,28.8,203,25.9,9.3,96.5,7
204,26,2019,2019-07-26,20190726,0.1,1.1,0.0,24.2,63.8,27.7,203,25.6,9.6,99.1,7
205,27,2019,2019-07-27,20190727,5.0,1.2,0.0,24.4,40.1,33.9,203,27.9,7.3,86.5,7
206,28,2019,2019-07-28,20190728,0.0,1.3,0.0,24.4,14.9,27.1,203,25.6,9.9,99.6,7
207,29,2019,2019-07-29,20190729,4.9,1.2,0.0,24.0,0.0,31.8,203,27.2,6.5,84.8,7
208,30,2019,2019-07-30,20190730,3.1,1.5,0.0,23.8,0.0,31.3,203,27.6,6.6,84.9,7
209,31,2019,2019-07-31,20190731,0.8,1.7,0.0,24.7,42.5,29.4,203,26.7,8.1,93.9,7
210,1,2019,2019-08-01,20190801,6.6,1.2,0.0,23.9,24.8,33.2,203,27.6,6.6,87.0,8
211,2,2019,2019-08-02,20190802,11.2,0.8,0.0,23.3,0.0,34.7,203,28.9,2.8,78.9,8
212,3,2019,2019-08-03,20190803,9.4,0.8,0.0,24.2,0.0,36.1,203,28.7,5.4,83.3,8
213,4,2019,2019-08-04,20190804,9.8,0.9,0.0,23.5,0.0,35.1,203,28.8,4.8,79.5,8
214,5,2019,2019-08-05,20190805,11.2,0.6,0.0,23.9,0.0,37.3,203,29.7,3.0,77.9,8
215,6,2019,2019-08-06,20190806,7.0,1.0,0.0,23.7,0.8,35.5,203,28.7,7.0,75.1,8
216,7,2019,2019-08-07,20190807,4.9,1.2,0.0,22.7,20.4,33.4,203,26.0,7.0,94.3,8
217,8,2019,2019-08-08,20190808,5.7,1.1,0.0,23.5,0.0,33.1,203,26.7,6.3,87.8,8
218,9,2019,2019-08-09,20190809,8.8,0.9,0.0,23.0,0.0,34.6,203,27.8,5.3,82.5,8
219,10,2019,2019-08-10,20190810,11.4,1.6,0.0,24.2,0.0,36.0,203,29.3,4.4,72.4,8
220,11,2019,2019-08-11,20190811,9.9,2.7,0.0,22.7,0.0,34.1,203,28.9,6.6,64.0,8
221,12,2019,2019-08-12,20190812,1.1,1.1,0.0,24.3,20.1,32.3,203,26.3,8.6,95.5,8
222,13,2019,2019-08-13,20190813,10.7,0.7,0.0,23.4,0.0,35.5,203,29.2,6.0,81.5,8
223,14,2019,2019-08-14,20190814,10.4,1.3,0.0,24.3,0.0,36.4,203,29.3,4.6,73.8,8
224,15,2019,2019-08-15,20190815,0.0,1.3,0.0,23.2,13.1,26.8,203,24.6,8.8,93.3,8
225,16,2019,2019-08-16,20190816,7.0,1.7,0.0,22.1,0.0,30.6,203,25.4,4.5,85.1,8
226,17,2019,2019-08-17,20190817,6.6,1.8,0.0,20.9,3.9,29.3,203,24.3,3.8,88.0,8
227,18,2019,2019-08-18,20190818,8.9,1.0,0.0,18.3,0.0,30.4,203,23.7,3.4,76.6,8
228,19,2019,2019-08-19,20190819,9.9,0.7,0.0,18.0,0.0,31.8,203,24.4,3.5,79.1,8
229,20,2019,2019-08-20,20190820,11.2,1.0,0.0,19.6,0.0,32.5,203,25.7,2.0,75.1,8
230,21,2019,2019-08-21,20190821,4.0,0.7,0.0,20.2,0.0,31.9,203,25.6,8.3,80.3,8
231,22,2019,2019-08-22,20190822,6.1,1.3,0.0,23.1,0.0,32.3,203,26.4,6.1,73.4,8
232,23,2019,2019-08-23,20190823,9.3,1.9,0.0,21.8,0.0,30.7,203,25.5,5.8,67.0,8
233,24,2019,2019-08-24,20190824,1.1,0.8,0.0,18.4,0.0,25.5,203,21.6,7.0,87.0,8
234,25,2019,2019-08-25,20190825,8.5,0.9,0.0,16.5,0.0,30.4,203,23.0,4.4,78.4,8
235,26,2019,2019-08-26,20190826,8.9,0.8,0.0,17.5,0.0,32.1,203,24.2,4.3,76.6,8
236,27,2019,2019-08-27,20190827,4.7,1.0,0.0,21.0,4.3,29.1,203,23.7,8.0,84.8,8
237,28,2019,2019-08-28,20190828,6.8,1.1,0.0,21.0,0.1,30.2,203,24.2,5.9,79.8,8
238,29,2019,2019-08-29,20190829,2.8,1.5,0.0,18.1,7.0,26.6,203,22.0,6.6,87.6,8
239,30,2019,2019-08-30,20190830,10.1,1.6,0.0,16.6,0.0,28.1,203,21.8,5.3,76.3,8
240,31,2019,2019-08-31,20190831,9.6,1.4,0.0,15.8,0.0,28.5,203,22.2,4.4,74.4,8
241,1,2019,2019-09-01,20190901,4.6,0.6,0.0,15.5,0.0,27.3,203,21.6,7.6,81.0,9
242,2,2019,2019-09-02,20190902,5.9,0.6,0.0,17.2,0.0,29.6,203,23.1,6.8,74.8,9
243,3,2019,2019-09-03,20190903,0.0,1.1,0.0,19.8,0.0,25.2,203,21.9,10.0,85.8,9
244,4,2019,2019-09-04,20190904,0.0,0.9,0.0,19.8,52.1,26.3,203,22.0,9.8,95.3,9
245,5,2019,2019-09-05,20190905,0.5,0.6,0.0,20.7,33.7,27.2,203,22.4,9.5,97.1,9
246,6,2019,2019-09-06,20190906,1.3,0.6,0.0,20.6,1.0,29.5,203,24.5,10.0,92.4,9
247,7,2019,2019-09-07,20190907,0.9,4.6,0.0,21.4,2.0,31.2,203,26.1,7.8,76.5,9
248,8,2019,2019-09-08,20190908,0.5,1.0,0.0,21.4,0.3,28.2,203,24.1,9.3,87.0,9
249,9,2019,2019-09-09,20190909,0.0,0.6,0.0,22.0,2.8,26.3,203,23.6,9.9,93.8,9
250,10,2019,2019-09-10,20190910,2.9,1.0,0.0,22.0,57.6,30.4,203,24.5,7.1,92.6,9
251,11,2019,2019-09-11,20190911,0.2,1.3,0.0,20.1,27.6,27.9,203,22.9,7.8,88.8,9
252,12,2019,2019-09-12,20190912,0.0,1.0,0.0,17.8,0.0,22.5,203,20.0,8.5,83.4,9
253,13,2019,2019-09-13,20190913,10.6,0.9,0.0,15.1,0.0,29.2,203,21.4,2.5,75.4,9
254,14,2019,2019-09-14,20190914,0.6,0.6,0.0,17.4,0.2,24.8,203,21.0,8.8,88.5,9
255,15,2019,2019-09-15,20190915,9.9,0.9,0.0,17.7,0.0,31.3,203,23.2,5.5,78.9,9
256,16,2019,2019-09-16,20190916,9.5,1.0,0.0,16.6,0.0,29.9,203,22.5,4.4,66.6,9
257,17,2019,2019-09-17,20190917,9.7,0.7,0.0,12.0,0.0,29.2,203,20.6,5.4,66.3,9
258,18,2019,2019-09-18,20190918,10.3,1.2,0.0,13.7,0.0,28.1,203,20.8,0.9,61.5,9
259,19,2019,2019-09-19,20190919,9.8,0.8,0.0,10.3,0.0,26.4,203,18.2,4.0,68.8,9
260,20,2019,2019-09-20,20190920,0.1,0.7,0.0,13.3,0.0,22.7,203,18.0,9.1,79.8,9
261,21,2019,2019-09-21,20190921,0.0,0.9,0.0,14.9,25.2,20.2,203,16.9,9.9,87.4,9
262,22,2019,2019-09-22,20190922,0.0,1.7,0.0,14.3,38.6,18.0,203,15.8,10.0,92.6,9
263,23,2019,2019-09-23,20190923,2.9,1.4,0.0,12.4,0.0,23.2,203,17.5,5.9,71.4,9
264,24,2019,2019-09-24,20190924,5.5,0.8,0.0,10.9,0.0,25.2,203,15.8,4.9,82.5,9
265,25,2019,2019-09-25,20190925,4.8,0.5,0.0,11.5,0.0,25.5,203,17.2,7.4,85.5,9
266,26,2019,2019-09-26,20190926,5.5,0.5,0.0,14.5,0.0,26.9,203,19.2,8.3,85.8,9
267,27,2019,2019-09-27,20190927,4.2,0.5,0.0,13.8,0.0,26.9,203,19.8,9.0,77.4,9
268,28,2019,2019-09-28,20190928,6.4,0.5,0.0,16.7,0.0,29.4,203,21.3,3.6,82.9,9
269,29,2019,2019-09-29,20190929,6.3,0.7,0.0,15.1,0.0,29.6,203,20.2,1.9,81.4,9
270,30,2019,2019-09-30,20190930,7.6,0.6,0.0,12.3,0.0,29.1,203,18.8,3.6,81.6,9
271,1,2019,2019-10-01,20191001,2.0,0.5,0.0,14.6,0.0,26.9,203,20.4,7.4,87.3,10
272,2,2019,2019-10-02,20191002,0.0,1.2,0.0,19.5,37.5,21.8,203,20.3,10.0,99.4,10
273,3,2019,2019-10-03,20191003,4.5,1.7,0.0,17.1,28.4,28.6,203,21.3,6.1,84.1,10
274,4,2019,2019-10-04,20191004,5.9,0.9,0.0,14.8,0.0,27.5,203,20.2,4.9,87.9,10
275,5,2019,2019-10-05,20191005,2.1,1.9,0.0,13.4,0.0,23.2,203,18.2,7.9,80.4,10
276,6,2019,2019-10-06,20191006,8.3,1.6,0.0,11.1,0.0,22.7,203,16.3,5.4,70.0,10
277,7,2019,2019-10-07,20191007,0.0,0.8,0.0,12.9,11.9,15.0,203,14.1,7.6,96.8,10
278,8,2019,2019-10-08,20191008,9.3,1.5,0.0,9.7,0.0,21.7,203,14.4,3.7,69.3,10
279,9,2019,2019-10-09,20191009,3.2,0.9,0.0,3.6,0.0,21.0,203,11.4,1.1,70.5,10
280,10,2019,2019-10-10,20191010,0.5,0.5,0.0,7.5,0.0,18.5,203,12.2,8.6,84.1,10
281,11,2019,2019-10-11,20191011,8.5,1.0,0.0,9.4,0.0,25.9,203,16.7,3.0,74.6,10
282,12,2019,2019-10-12,20191012,9.0,2.2,0.0,11.3,0.0,23.9,203,17.0,1.8,61.5,10
283,13,2019,2019-10-13,20191013,9.6,0.8,0.0,8.9,0.0,23.1,203,15.2,3.6,73.5,10
284,14,2019,2019-10-14,20191014,6.7,1.0,0.0,7.4,0.0,21.0,203,13.2,3.5,76.1,10
285,15,2019,2019-10-15,20191015,8.1,0.8,0.0,7.5,0.0,20.9,203,13.1,4.0,74.0,10
286,16,2019,2019-10-16,20191016,4.0,0.6,0.0,5.8,0.0,19.9,203,11.8,8.3,84.1,10
287,17,2019,2019-10-17,20191017,3.8,0.6,0.0,7.0,0.0,21.6,203,12.3,6.9,84.5,10
288,18,2019,2019-10-18,20191018,4.0,0.9,0.0,7.4,0.0,22.4,203,13.9,5.6,81.1,10
289,19,2019,2019-10-19,20191019,9.2,0.8,0.0,8.5,0.0,23.6,203,14.6,0.8,78.4,10
290,20,2019,2019-10-20,20191020,4.5,0.5,0.0,8.2,0.0,22.1,203,12.9,5.0,86.5,10
291,21,2019,2019-10-21,20191021,3.1,0.5,0.0,7.0,0.0,24.3,203,13.5,4.6,81.1,10
292,22,2019,2019-10-22,20191022,8.9,0.5,0.0,7.3,0.0,23.5,203,14.6,3.0,78.0,10
293,23,2019,2019-10-23,20191023,0.3,0.4,0.0,9.1,0.0,19.8,203,13.8,8.8,84.5,10
294,24,2019,2019-10-24,20191024,6.6,1.4,0.0,12.5,0.0,24.2,203,17.2,5.9,62.0,10
295,25,2019,2019-10-25,20191025,6.9,1.4,0.0,9.6,0.0,23.7,203,16.1,6.0,67.5,10
296,26,2019,2019-10-26,20191026,7.8,1.7,0.0,4.2,0.0,15.8,203,10.0,3.8,68.0,10
297,27,2019,2019-10-27,20191027,2.7,0.8,0.0,1.8,0.0,17.4,203,7.7,2.5,81.1,10
298,28,2019,2019-10-28,20191028,2.7,1.3,0.0,1.1,0.0,17.5,203,10.2,6.8,74.8,10
299,29,2019,2019-10-29,20191029,5.4,1.4,0.0,6.4,1.8,18.7,203,11.7,3.0,77.6,10
300,30,2019,2019-10-30,20191030,3.1,1.0,0.0,-0.1,0.0,17.5,203,8.3,1.1,78.3,10
301,31,2019,2019-10-31,20191031,7.5,1.1,0.0,2.2,0.0,19.5,203,11.3,6.1,82.9,10
302,1,2019,2019-11-01,20191101,6.1,0.8,0.0,7.3,0.0,21.0,203,12.4,4.5,81.4,11
303,2,2019,2019-11-02,20191102,3.0,0.5,0.0,3.5,0.0,17.8,203,10.9,8.5,87.4,11
304,3,2019,2019-11-03,20191103,4.5,0.9,0.0,8.2,0.0,21.7,203,12.2,5.8,80.6,11
305,4,2019,2019-11-04,20191104,8.7,0.8,0.0,5.0,0.0,19.0,203,10.4,1.1,75.8,11
306,5,2019,2019-11-05,20191105,5.3,0.9,0.0,1.9,0.0,17.7,203,8.5,5.6,80.0,11
307,6,2019,2019-11-06,20191106,5.2,0.8,0.0,1.3,0.0,15.7,203,8.2,6.8,78.1,11
308,7,2019,2019-11-07,20191107,8.6,1.3,0.0,0.7,0.0,16.5,203,7.7,2.3,64.1,11
309,8,2019,2019-11-08,20191108,8.7,0.8,0.0,-3.0,0.0,14.5,203,4.7,0.0,57.5,11
310,9,2019,2019-11-09,20191109,8.7,0.7,0.0,-2.7,0.0,16.1,203,5.6,0.0,64.1,11
311,10,2019,2019-11-10,20191110,2.3,0.8,0.0,-0.6,10.7,14.2,203,5.7,6.6,80.8,11
312,11,2019,2019-11-11,20191111,3.8,1.2,0.0,5.5,0.9,15.7,203,9.3,3.4,84.5,11
313,12,2019,2019-11-12,20191112,2.1,0.7,0.0,0.0,0.0,12.5,203,5.2,5.9,92.6,11
314,13,2019,2019-11-13,20191113,0.0,1.1,0.0,1.1,3.4,11.0,203,5.1,8.4,90.0,11
315,14,2019,2019-11-14,20191114,8.9,1.8,0.0,-3.2,0.0,6.4,203,1.1,0.6,42.3,11
316,15,2019,2019-11-15,20191115,0.4,0.9,0.0,-4.1,7.1,5.7,203,2.8,8.3,90.6,11
317,16,2019,2019-11-16,20191116,4.0,0.6,0.0,1.7,0.0,14.2,203,6.8,3.3,92.4,11
318,17,2019,2019-11-17,20191117,0.0,0.8,0.0,1.3,49.7,9.5,203,6.2,10.0,99.3,11
319,18,2019,2019-11-18,20191118,5.3,2.9,0.0,0.5,9.6,12.8,203,6.0,6.6,62.5,11
320,19,2019,2019-11-19,20191119,8.8,1.7,0.0,-2.7,0.0,5.8,203,0.9,1.4,54.4,11
321,20,2019,2019-11-20,20191120,8.8,0.9,0.0,-6.3,0.0,8.3,203,0.2,0.3,54.5,11
322,21,2019,2019-11-21,20191121,5.7,0.7,0.0,-5.6,0.0,8.2,203,2.0,5.9,59.9,11
323,22,2019,2019-11-22,20191122,8.6,0.7,0.0,-0.4,0.0,17.0,203,6.8,3.6,60.8,11
324,23,2019,2019-11-23,20191123,6.8,0.6,0.0,0.0,0.0,15.2,203,7.5,7.1,75.9,11
325,24,2019,2019-11-24,20191124,4.5,1.3,0.0,2.7,1.1,17.2,203,9.4,7.1,81.3,11
326,25,2019,2019-11-25,20191125,1.7,1.5,0.0,-1.0,0.0,6.6,203,2.6,6.9,71.1,11
327,26,2019,2019-11-26,20191126,7.4,0.8,0.0,-3.8,0.0,13.9,203,5.3,1.5,74.5,11
328,27,2019,2019-11-27,20191127,8.1,1.7,0.0,-0.9,0.0,9.0,203,4.0,6.9,53.4,11
329,28,2019,2019-11-28,20191128,7.6,0.8,0.0,-3.1,0.0,11.6,203,3.3,2.1,65.4,11
330,29,2019,2019-11-29,20191129,7.7,0.9,0.0,-5.6,0.0,9.0,203,1.6,2.9,62.0,11
331,30,2019,2019-11-30,20191130,6.9,0.8,0.0,-4.4,0.0,12.3,203,3.4,7.5,59.4,11
332,1,2019,2019-12-01,20191201,0.0,0.4,0.0,2.7,4.8,5.5,203,4.3,8.1,86.3,12
333,2,2019,2019-12-02,20191202,8.5,2.1,0.0,-2.8,0.0,5.8,203,1.5,1.1,53.6,12
334,3,2019,2019-12-03,20191203,3.1,0.5,0.0,-6.9,0.8,1.9,203,-1.5,5.6,88.9,12
335,4,2019,2019-12-04,20191204,3.9,0.9,0.0,-3.1,1.0,7.3,203,1.9,4.0,79.1,12
336,5,2019,2019-12-05,20191205,8.7,1.8,0.0,-7.3,0.0,2.5,203,-2.2,0.1,39.0,12
337,6,2019,2019-12-06,20191206,8.7,0.9,0.0,-12.2,0.0,0.6,203,-5.5,0.0,47.4,12
338,7,2019,2019-12-07,20191207,0.0,0.6,0.0,-9.4,0.0,-1.5,203,-5.0,3.5,78.5,12
339,8,2019,2019-12-08,20191208,6.5,0.4,0.0,-8.8,0.0,4.0,203,-3.7,2.6,85.6,12
340,9,2019,2019-12-09,20191209,2.0,0.4,0.0,-6.7,0.0,4.5,203,-1.1,5.1,81.9,12
341,10,2019,2019-12-10,20191210,0.7,0.3,0.0,-1.8,0.1,10.3,203,3.8,7.8,90.3,12
342,11,2019,2019-12-11,20191211,2.0,1.9,0.0,0.5,0.4,9.5,203,3.7,5.0,76.6,12
343,12,2019,2019-12-12,20191212,8.6,1.3,0.0,-4.3,0.0,4.8,203,-0.2,0.1,50.4,12
344,13,2019,2019-12-13,20191213,7.5,0.7,0.0,-7.5,0.0,5.9,203,-0.2,3.9,64.1,12
345,14,2019,2019-12-14,20191214,8.0,1.0,0.0,-1.0,2.3,7.3,203,1.9,4.8,75.8,12
346,15,2019,2019-12-15,20191215,7.3,0.4,0.0,-4.0,0.0,10.8,203,2.3,4.0,80.8,12
347,16,2019,2019-12-16,20191216,7.2,0.3,0.0,-2.4,0.0,12.7,203,4.7,3.3,81.8,12
348,17,2019,2019-12-17,20191217,0.0,0.7,0.0,4.4,3.6,9.1,203,6.3,8.6,94.9,12
349,18,2019,2019-12-18,20191218,2.5,1.4,0.0,-0.1,0.0,5.2,203,1.9,6.9,80.4,12
350,19,2019,2019-12-19,20191219,8.2,1.4,0.0,-2.9,0.0,5.2,203,0.2,2.6,55.1,12
351,20,2019,2019-12-20,20191220,8.0,1.2,0.0,-4.1,0.0,4.6,203,-0.6,1.8,58.8,12
352,21,2019,2019-12-21,20191221,1.9,0.6,0.0,-7.9,0.0,1.3,203,-2.8,6.7,81.9,12
353,22,2019,2019-12-22,20191222,3.7,0.5,0.0,-2.1,0.0,7.5,203,1.6,6.6,82.4,12
354,23,2019,2019-12-23,20191223,0.4,0.7,0.0,-1.1,1.7,6.5,203,2.1,6.4,90.1,12
355,24,2019,2019-12-24,20191224,0.0,0.6,0.0,-4.6,0.0,-0.3,203,-2.3,7.9,100.0,12
356,25,2019,2019-12-25,20191225,1.7,0.5,0.0,-4.0,0.0,4.5,203,-0.8,8.9,92.5,12
357,26,2019,2019-12-26,20191226,0.0,0.9,0.0,-0.9,2.2,3.1,203,0.9,6.1,87.0,12
358,27,2019,2019-12-27,20191227,8.3,1.4,0.0,-5.9,0.0,4.1,203,-1.5,0.0,60.8,12
359,28,2019,2019-12-28,20191228,6.8,0.6,0.0,-7.6,0.0,5.1,203,-2.1,0.3,76.1,12
360,29,2019,2019-12-29,20191229,0.0,0.2,0.0,-4.5,1.3,3.9,203,0.1,8.6,88.8,12
361,30,2019,2019-12-30,20191230,0.0,1.5,0.0,-3.7,0.8,6.5,203,2.5,6.0,85.8,12
362,31,2019,2019-12-31,20191231,8.6,1.9,0.0,-9.5,0.0,-2.7,203,-6.6,1.1,49.5,12
