,wind,year,month,humid,tmax,sunshine,tmin,station_id,rainfall,snow,day,cloud,date,tavg,Date
0,0.5,2017,1,80.3,5.2,1.4,-5.6,203,0.0,0.0,1,0.0,20170101,0.4,2017-01-01
1,1.1,2017,1,78.4,10.0,2.7,-0.2,203,0.2,0.0,2,0.0,20170102,3.6,2017-01-02
2,1.3,2017,1,64.1,8.8,8.5,-2.9,203,0.0,0.0,3,0.0,20170103,2.2,2017-01-03
3,0.8,2017,1,63.4,11.4,7.3,-2.3,203,0.0,0.0,4,0.0,20170104,3.0,2017-01-04
4,0.8,2017,1,66.9,8.3,0.0,-3.4,203,0.0,0.0,5,0.0,20170105,2.6,2017-01-05
5,0.8,2017,1,64.4,11.4,7.9,-0.7,203,0.0,0.0,6,0.0,20170106,4.1,2017-01-06
6,0.5,2017,1,74.8,10.6,6.8,-4.5,203,0.0,0.0,7,0.0,20170107,1.9,2017-01-07
7,1.1,2017,1,63.0,12.9,5.5,-0.2,203,0.0,0.0,8,0.0,20170108,6.3,2017-01-08
8,2.6,2017,1,56.9,7.0,6.4,-2.4,203,0.0,0.0,9,0.0,20170109,3.1,2017-01-09
9,2.0,2017,1,45.0,2.7,7.8,-5.8,203,0.0,0.0,10,0.0,20170110,-2.4,2017-01-10
10,1.7,2017,1,41.9,1.8,8.4,-9.2,203,0.0,0.0,11,0.0,20170111,-3.9,2017-01-11
11,1.8,2017,1,51.1,4.1,6.5,-5.3,203,0.0,0.0,12,0.0,20170112,-1.6,2017-01-12
12,2.0,2017,1,49.1,-1.3,2.9,-8.6,203,0.0,0.0,13,0.0,20170113,-5.7,2017-01-13
13,2.2,2017,1,31.8,-3.8,8.9,-10.6,203,0.0,0.0,14,0.0,20170114,-7.4,2017-01-14
14,0.1,2017,1,40.8,0.1,8.9,-15.0,203,0.0,0.0,15,0.0,20170115,-7.0,2017-01-15
15,0.0,2017,1,55.1,3.7,8.9,-14.3,203,0.0,0.0,16,0.0,20170116,-6.4,2017-01-16
16,1.0,2017,1,54.9,3.7,8.5,-12.0,203,0.0,0.0,17,0.0,20170117,-4.5,2017-01-17
17,0.6,2017,1,70.4,3.0,4.0,-8.3,203,0.0,0.0,18,0.0,20170118,-2.6,2017-01-18
18,0.7,2017,1,76.9,3.0,2.8,-7.6,203,0.0,0.0,19,0.0,20170119,-3.1,2017-01-19
19,2.0,2017,1,68.3,-1.3,3.8,-8.8,203,0.0,0.0,20,0.0,20170120,-4.3,2017-01-20
20,1.0,2017,1,79.4,-1.0,3.0,-14.8,203,0.0,0.0,21,0.0,20170121,-6.7,2017-01-21
21,2.5,2017,1,44.8,-2.3,8.6,-10.5,203,0.0,0.0,22,0.0,20170122,-7.0,2017-01-22
22,1.5,2017,1,52.0,-2.6,8.9,-16.0,203,0.0,0.0,23,0.0,20170123,-8.8,2017-01-23
23,1.2,2017,1,55.6,1.0,8.9,-17.4,203,0.0,0.0,24,0.0,20170124,-8.3,2017-01-24
24,0.7,2017,1,60.8,1.3,8.8,-15.2,203,0.0,0.0,25,0.0,20170125,-7.4,2017-01-25
25,0.7,2017,1,65.3,2.2,7.3,-14.7,203,0.0,0.0,26,0.0,20170126,-5.5,2017-01-26
26,2.4,2017,1,51.8,2.8,8.7,-6.2,203,0.0,0.0,27,0.0,20170127,-1.4,2017-01-27
27,0.7,2017,1,53.9,3.4,7.0,-11.8,203,0.0,0.0,28,0.0,20170128,-3.6,2017-01-28
28,0.6,2017,1,71.6,1.2,0.0,-1.1,203,8.4,0.0,29,0.0,20170129,-0.2,2017-01-29
29,2.1,2017,1,65.1,0.4,5.3,-9.1,203,0.1,0.0,30,0.0,20170130,-4.2,2017-01-30
30,0.9,2017,1,64.9,0.1,7.4,-14.8,203,0.0,0.0,31,0.0,20170131,-7.1,2017-01-31
31,1.7,2017,2,53.3,2.4,8.9,-10.9,203,0.0,0.0,1,0.0,20170201,-4.6,2017-02-01
32,1.7,2017,2,48.1,4.3,9.4,-12.8,203,0.0,0.0,2,0.0,20170202,-2.3,2017-02-02
33,0.9,2017,2,67.3,7.2,7.5,-5.5,203,0.0,0.0,3,0.0,20170203,0.4,2017-02-03
34,0.5,2017,2,73.9,3.3,1.1,-7.2,203,0.0,0.0,4,0.0,20170204,-0.9,2017-02-04
35,1.3,2017,2,71.4,4.5,0.0,-0.2,203,0.4,0.0,5,0.0,20170205,1.5,2017-02-05
36,2.0,2017,2,49.8,3.3,9.2,-3.5,203,0.0,0.0,6,0.0,20170206,-0.9,2017-02-06
37,0.8,2017,2,62.4,2.7,3.2,-8.4,203,0.0,0.0,7,0.0,20170207,-2.6,2017-02-07
38,1.3,2017,2,58.3,3.0,0.6,-7.3,203,0.0,0.0,8,0.0,20170208,-2.0,2017-02-08
39,2.6,2017,2,47.0,0.3,8.4,-6.8,203,0.0,0.0,9,0.0,20170209,-4.1,2017-02-09
40,2.8,2017,2,41.6,-1.1,9.7,-8.7,203,0.0,0.0,10,0.0,20170210,-5.8,2017-02-10
41,2.0,2017,2,48.1,0.8,9.7,-10.1,203,0.0,0.0,11,0.0,20170211,-4.6,2017-02-11
42,1.6,2017,2,54.0,4.9,10.0,-10.9,203,0.0,0.0,12,0.0,20170212,-2.5,2017-02-12
43,1.0,2017,2,71.0,5.5,6.1,-9.0,203,0.0,0.0,13,0.0,20170213,-1.7,2017-02-13
44,1.3,2017,2,64.8,7.1,9.0,-6.2,203,0.0,0.0,14,0.0,20170214,-1.3,2017-02-14
45,0.8,2017,2,53.6,8.8,9.0,-8.2,203,0.0,0.0,15,0.0,20170215,-0.2,2017-02-15
46,1.4,2017,2,60.6,13.7,7.9,-6.0,203,0.1,0.0,16,0.0,20170216,5.1,2017-02-16
47,2.9,2017,2,56.0,10.2,8.0,-3.5,203,3.2,0.0,17,0.0,20170217,3.3,2017-02-17
48,2.3,2017,2,44.3,4.5,9.8,-7.6,203,0.0,0.0,18,0.0,20170218,-1.6,2017-02-18
49,1.5,2017,2,64.0,6.7,2.8,-6.3,203,3.1,0.0,19,0.0,20170219,1.3,2017-02-19
50,2.5,2017,2,53.1,5.5,7.5,-4.6,203,2.9,0.0,20,0.0,20170220,0.4,2017-02-20
51,1.0,2017,2,49.0,6.9,9.8,-8.9,203,0.0,0.0,21,0.0,20170221,-1.3,2017-02-21
52,1.0,2017,2,77.8,2.8,0.0,-2.7,203,11.2,0.0,22,0.0,20170222,1.0,2017-02-22
53,3.1,2017,2,52.4,4.6,9.2,-3.4,203,0.0,0.0,23,0.0,20170223,0.0,2017-02-23
54,2.0,2017,2,46.8,5.7,9.6,-7.0,203,0.0,0.0,24,0.0,20170224,0.0,2017-02-24
55,1.7,2017,2,54.3,9.5,9.5,-5.6,203,0.0,0.0,25,0.0,20170225,2.1,2017-02-25
56,1.1,2017,2,56.3,10.4,8.2,-4.7,203,0.0,0.0,26,0.0,20170226,2.4,2017-02-26
57,1.2,2017,2,50.9,12.0,9.9,-4.9,203,0.0,0.0,27,0.0,20170227,2.9,2017-02-27
58,1.2,2017,2,49.8,13.4,10.0,-5.4,203,0.0,0.0,28,0.0,20170228,4.1,2017-02-28
59,1.0,2017,3,63.8,11.2,0.5,-0.9,203,4.1,0.0,1,0.0,20170301,4.0,2017-03-01
60,2.4,2017,3,66.3,7.6,3.8,-0.7,203,0.6,0.0,2,0.0,20170302,2.5,2017-03-02
61,1.3,2017,3,55.6,11.1,9.4,-5.8,203,0.0,0.0,3,0.0,20170303,2.5,2017-03-03
62,1.0,2017,3,54.0,13.4,10.0,-4.2,203,0.0,0.0,4,0.0,20170304,4.4,2017-03-04
63,1.3,2017,3,64.6,13.2,7.0,-3.0,203,0.9,0.0,5,0.0,20170305,4.5,2017-03-05
64,2.8,2017,3,38.1,5.6,10.5,-2.5,203,0.0,0.0,6,0.0,20170306,1.2,2017-03-06
65,3.0,2017,3,36.5,4.6,10.6,-2.9,203,0.0,0.0,7,0.0,20170307,-0.5,2017-03-07
66,2.7,2017,3,45.3,6.5,9.8,-5.4,203,0.0,0.0,8,0.0,20170308,0.4,2017-03-08
67,2.7,2017,3,43.1,10.3,10.0,-5.1,203,0.0,0.0,9,0.0,20170309,3.3,2017-03-09
68,1.9,2017,3,38.0,12.7,10.4,-2.6,203,0.0,0.0,10,0.0,20170310,4.7,2017-03-10
69,1.1,2017,3,37.1,16.5,10.2,-5.0,203,0.0,0.0,11,0.0,20170311,5.9,2017-03-11
70,1.5,2017,3,49.1,15.4,5.8,-1.1,203,0.0,0.0,12,0.0,20170312,7.3,2017-03-12
71,1.8,2017,3,46.1,14.5,10.0,1.3,203,0.0,0.0,13,0.0,20170313,7.2,2017-03-13
72,1.8,2017,3,50.0,13.3,10.4,-2.2,203,0.0,0.0,14,0.0,20170314,5.1,2017-03-14
73,1.4,2017,3,47.4,13.1,10.5,-3.8,203,0.0,0.0,15,0.0,20170315,4.8,2017-03-15
74,1.6,2017,3,40.9,14.4,10.2,-3.4,203,0.0,0.0,16,0.0,20170316,5.6,2017-03-16
75,1.3,2017,3,39.3,16.8,10.4,-3.4,203,0.0,0.0,17,0.0,20170317,7.0,2017-03-17
76,1.6,2017,3,29.8,17.9,8.0,2.1,203,0.0,0.0,18,0.0,20170318,8.8,2017-03-18
77,1.0,2017,3,35.3,19.0,10.5,-1.8,203,0.0,0.0,19,0.0,20170319,8.7,2017-03-19
78,1.1,2017,3,42.8,16.3,1.0,-0.1,203,0.0,0.0,20,0.0,20170320,8.5,2017-03-20
79,2.2,2017,3,49.0,13.5,8.0,4.3,203,0.0,0.0,21,0.0,20170321,7.7,2017-03-21
80,1.9,2017,3,38.6,15.8,10.0,-2.6,203,0.0,0.0,22,0.0,20170322,7.5,2017-03-22
81,1.8,2017,3,37.1,16.4,7.7,1.7,203,0.0,0.0,23,0.0,20170323,8.3,2017-03-23
82,1.0,2017,3,47.4,16.0,7.4,-1.5,203,0.0,0.0,24,0.0,20170324,7.5,2017-03-24
83,1.6,2017,3,67.8,10.4,1.5,1.6,203,0.2,0.0,25,0.0,20170325,5.8,2017-03-25
84,1.4,2017,3,60.9,12.2,2.5,-1.5,203,0.0,0.0,26,0.0,20170326,5.8,2017-03-26
85,2.1,2017,3,68.6,10.0,3.4,-0.3,203,1.8,0.0,27,0.0,20170327,4.9,2017-03-27
86,1.1,2017,3,60.4,12.3,3.1,-1.2,203,0.0,0.0,28,0.0,20170328,5.5,2017-03-28
87,1.4,2017,3,46.0,15.8,9.0,-1.4,203,0.0,0.0,29,0.0,20170329,8.4,2017-03-29
88,1.5,2017,3,46.4,19.6,9.6,-1.5,203,0.0,0.0,30,0.0,20170330,9.6,2017-03-30
89,1.7,2017,3,74.5,12.2,0.2,5.4,203,6.0,0.0,31,0.0,20170331,7.1,2017-03-31
90,1.2,2017,4,72.3,13.0,3.9,4.0,203,0.0,0.0,1,0.0,20170401,7.0,2017-04-01
91,1.5,2017,4,65.8,15.8,6.2,0.1,203,0.0,0.0,2,0.0,20170402,6.6,2017-04-02
92,1.8,2017,4,44.6,21.1,11.2,-1.1,203,0.0,0.0,3,0.0,20170403,10.6,2017-04-03
93,1.4,2017,4,36.6,23.0,11.2,0.7,203,0.0,0.0,4,0.0,20170404,12.7,2017-04-04
94,1.3,2017,4,62.0,15.8,0.0,8.6,203,19.1,0.0,5,0.0,20170405,11.6,2017-04-05
95,2.5,2017,4,78.4,16.4,5.2,8.6,203,2.7,0.0,6,0.0,20170406,12.3,2017-04-06
96,1.3,2017,4,65.6,24.3,7.8,4.2,203,0.0,0.0,7,0.0,20170407,14.3,2017-04-07
97,2.3,2017,4,59.5,23.4,9.3,7.8,203,0.0,0.0,8,0.0,20170408,14.7,2017-04-08
98,1.9,2017,4,63.3,15.9,0.7,9.9,203,0.7,0.0,9,0.0,20170409,12.2,2017-04-09
99,2.2,2017,4,27.0,21.9,11.1,5.8,203,0.0,0.0,10,0.0,20170410,14.4,2017-04-10
100,2.5,2017,4,48.3,19.9,8.9,7.5,203,4.2,0.0,11,0.0,20170411,13.1,2017-04-11
101,2.8,2017,4,15.6,17.5,11.3,5.6,203,0.0,0.0,12,0.0,20170412,11.5,2017-04-12
102,2.0,2017,4,46.6,20.9,10.8,1.2,203,0.0,0.0,13,0.0,20170413,11.8,2017-04-13
103,2.6,2017,4,53.6,19.5,5.2,4.5,203,0.0,0.0,14,0.0,20170414,12.7,2017-04-14
104,1.5,2017,4,57.3,25.6,10.8,6.6,203,0.0,0.0,15,0.0,20170415,15.7,2017-04-15
105,1.1,2017,4,47.0,27.7,7.3,8.3,203,0.0,0.0,16,0.0,20170416,17.7,2017-04-16
106,1.2,2017,4,73.9,16.1,1.6,9.1,203,8.8,0.0,17,0.0,20170417,12.4,2017-04-17
107,2.5,2017,4,79.0,17.8,3.1,6.8,203,6.8,0.0,18,0.0,20170418,11.0,2017-04-18
108,2.4,2017,4,43.1,18.6,12.1,6.0,203,0.0,0.0,19,0.0,20170419,12.3,2017-04-19
109,1.5,2017,4,46.8,16.8,0.4,8.2,203,0.0,0.0,20,0.0,20170420,12.0,2017-04-20
110,1.6,2017,4,52.4,20.0,9.6,3.4,203,0.0,0.0,21,0.0,20170421,12.2,2017-04-21
111,1.5,2017,4,45.6,22.4,11.8,4.6,203,0.0,0.0,22,0.0,20170422,13.7,2017-04-22
112,1.8,2017,4,38.5,23.2,12.5,4.5,203,0.0,0.0,23,0.0,20170423,14.2,2017-04-23
113,1.7,2017,4,42.9,23.4,11.7,4.0,203,0.0,0.0,24,0.0,20170424,13.7,2017-04-24
114,2.0,2017,4,51.4,22.6,5.2,8.3,203,0.0,0.0,25,0.0,20170425,15.7,2017-04-25
115,2.3,2017,4,32.4,21.6,12.2,10.3,203,0.0,0.0,26,0.0,20170426,15.1,2017-04-26
116,2.4,2017,4,32.4,20.7,12.3,6.9,203,0.0,0.0,27,0.0,20170427,13.3,2017-04-27
117,2.4,2017,4,48.4,23.3,11.5,4.3,203,0.0,0.0,28,0.0,20170428,14.2,2017-04-28
118,2.0,2017,4,42.9,25.7,11.8,5.8,203,0.0,0.0,29,0.0,20170429,16.1,2017-04-29
119,1.9,2017,4,45.9,28.9,11.2,8.3,203,0.0,0.0,30,0.0,20170430,18.6,2017-04-30
120,1.3,2017,5,48.8,27.9,11.6,9.8,203,0.0,0.0,1,0.0,20170501,19.2,2017-05-01
121,1.1,2017,5,45.1,28.0,9.7,10.7,203,0.0,0.0,2,0.0,20170502,19.0,2017-05-02
122,1.3,2017,5,42.9,29.7,12.1,10.2,203,0.0,0.0,3,0.0,20170503,20.3,2017-05-03
123,1.4,2017,5,45.3,28.1,8.4,10.9,203,0.0,0.0,4,0.0,20170504,20.3,2017-05-04
124,2.3,2017,5,50.4,28.2,10.3,16.2,203,0.0,0.0,5,0.0,20170505,20.6,2017-05-05
125,3.0,2017,5,30.4,21.8,12.0,9.2,203,0.0,0.0,6,0.0,20170506,14.7,2017-05-06
126,2.2,2017,5,41.0,23.6,12.0,6.7,203,0.0,0.0,7,0.0,20170507,15.2,2017-05-07
127,1.5,2017,5,49.6,24.5,6.6,5.7,203,0.0,0.0,8,0.0,20170508,16.2,2017-05-08
128,1.3,2017,5,67.8,19.8,1.2,13.2,203,4.9,0.0,9,0.0,20170509,15.1,2017-05-09
129,1.3,2017,5,75.8,20.7,3.6,11.7,203,4.0,0.0,10,0.0,20170510,15.1,2017-05-10
130,1.0,2017,5,74.0,23.6,3.6,10.3,203,0.2,0.0,11,0.0,20170511,16.5,2017-05-11
131,1.4,2017,5,73.1,23.8,0.0,13.8,203,0.2,0.0,12,0.0,20170512,18.2,2017-05-12
132,2.4,2017,5,75.3,24.3,4.4,11.3,203,0.9,0.0,13,0.0,20170513,15.9,2017-05-13
133,2.9,2017,5,53.0,20.7,12.8,9.7,203,0.0,0.0,14,0.0,20170514,15.1,2017-05-14
134,2.5,2017,5,56.8,21.9,10.4,9.6,203,0.0,0.0,15,0.0,20170515,15.6,2017-05-15
135,1.6,2017,5,56.6,22.7,6.8,12.2,203,0.0,0.0,16,0.0,20170516,16.6,2017-05-16
136,1.5,2017,5,50.0,26.8,12.8,9.2,203,0.0,0.0,17,0.0,20170517,18.3,2017-05-17
137,1.5,2017,5,46.5,27.7,12.5,10.0,203,0.0,0.0,18,0.0,20170518,19.2,2017-05-18
138,1.6,2017,5,43.6,29.2,12.7,10.9,203,0.0,0.0,19,0.0,20170519,20.1,2017-05-19
139,1.6,2017,5,43.3,29.5,11.3,10.6,203,0.0,0.0,20,0.0,20170520,19.5,2017-05-20
140,1.6,2017,5,44.3,28.3,12.3,11.9,203,0.0,0.0,21,0.0,20170521,20.1,2017-05-21
141,1.3,2017,5,50.0,28.7,12.5,11.1,203,0.0,0.0,22,0.0,20170522,20.3,2017-05-22
142,1.3,2017,5,58.9,25.1,3.8,13.1,203,1.0,0.0,23,0.0,20170523,19.4,2017-05-23
143,1.2,2017,5,61.3,27.7,9.8,15.5,203,3.5,0.0,24,0.0,20170524,20.9,2017-05-24
144,2.7,2017,5,46.9,25.3,12.5,11.8,203,0.0,0.0,25,0.0,20170525,18.8,2017-05-25
145,1.9,2017,5,39.0,22.9,10.2,10.5,203,0.0,0.0,26,0.0,20170526,16.7,2017-05-26
146,1.4,2017,5,47.4,26.5,12.5,9.7,203,0.0,0.0,27,0.0,20170527,18.5,2017-05-27
147,1.7,2017,5,54.1,28.9,14.0,10.1,203,0.0,0.0,28,0.0,20170528,19.9,2017-05-28
148,1.5,2017,5,59.6,30.8,11.7,14.7,203,0.0,0.0,29,0.0,20170529,22.3,2017-05-29
149,1.6,2017,5,44.9,30.6,11.9,15.6,203,0.0,0.0,30,0.0,20170530,22.8,2017-05-30
150,1.2,2017,5,50.6,29.0,8.2,14.1,203,0.0,0.0,31,0.0,20170531,22.2,2017-05-31
151,1.9,2017,6,60.0,27.2,7.9,16.8,203,0.0,0.0,1,0.0,20170601,21.5,2017-06-01
152,1.8,2017,6,43.6,27.5,12.9,11.9,203,0.0,0.0,2,0.0,20170602,19.8,2017-06-02
153,2.2,2017,6,41.9,26.5,12.6,14.6,203,0.0,0.0,3,0.0,20170603,19.9,2017-06-03
154,1.7,2017,6,41.0,29.2,12.9,10.7,203,0.0,0.0,4,0.0,20170604,20.4,2017-06-04
155,1.2,2017,6,36.8,29.8,12.9,12.5,203,0.0,0.0,5,0.0,20170605,22.0,2017-06-05
156,1.6,2017,6,60.9,22.8,0.0,13.6,203,10.2,0.0,6,0.0,20170606,17.6,2017-06-06
157,1.3,2017,6,89.3,19.0,0.0,14.1,203,6.7,0.0,7,0.0,20170607,16.9,2017-06-07
158,1.9,2017,6,64.0,26.7,8.6,14.0,203,0.0,0.0,8,0.0,20170608,19.7,2017-06-08
159,2.5,2017,6,66.0,27.6,7.9,13.1,203,0.0,0.0,9,0.0,20170609,20.8,2017-06-09
160,1.4,2017,6,53.4,27.3,8.9,14.4,203,1.2,0.0,10,0.0,20170610,20.8,2017-06-10
161,1.2,2017,6,45.0,30.3,12.9,10.5,203,0.0,0.0,11,0.0,20170611,20.9,2017-06-11
162,1.5,2017,6,43.6,28.0,11.3,12.4,203,0.0,0.0,12,0.0,20170612,20.9,2017-06-12
163,1.2,2017,6,65.5,26.5,7.6,14.6,203,0.0,0.0,13,0.0,20170613,19.3,2017-06-13
164,1.6,2017,6,61.6,28.2,9.7,14.5,203,0.0,0.0,14,0.0,20170614,20.9,2017-06-14
165,1.7,2017,6,53.9,31.2,11.9,15.3,203,0.0,0.0,15,0.0,20170615,22.8,2017-06-15
166,1.4,2017,6,52.5,32.7,12.1,15.8,203,0.0,0.0,16,0.0,20170616,24.5,2017-06-16
167,1.5,2017,6,45.3,31.8,12.4,15.9,203,0.0,0.0,17,0.0,20170617,23.4,2017-06-17
168,1.5,2017,6,43.0,34.3,12.8,15.0,203,0.0,0.0,18,0.0,20170618,24.0,2017-06-18
169,1.2,2017,6,46.1,33.4,12.1,15.4,203,0.0,0.0,19,0.0,20170619,24.4,2017-06-19
170,1.2,2017,6,43.6,32.7,9.0,16.3,203,0.0,0.0,20,0.0,20170620,25.2,2017-06-20
171,2.0,2017,6,47.1,31.1,10.2,19.9,203,0.0,0.0,21,0.0,20170621,24.8,2017-06-21
172,1.4,2017,6,52.9,31.9,10.7,18.1,203,0.0,0.0,22,0.0,20170622,24.9,2017-06-22
173,1.4,2017,6,47.0,34.7,12.0,17.1,203,0.0,0.0,23,0.0,20170623,26.1,2017-06-23
174,0.7,2017,6,67.5,28.2,0.1,19.4,203,0.9,0.0,24,0.0,20170624,22.7,2017-06-24
175,1.0,2017,6,76.8,29.0,3.8,18.7,203,0.4,0.0,25,0.0,20170625,21.8,2017-06-25
176,1.5,2017,6,71.6,29.6,3.6,18.5,203,23.3,0.0,26,0.0,20170626,22.5,2017-06-26
177,1.2,2017,6,69.5,29.2,8.0,17.8,203,4.4,0.0,27,0.0,20170627,23.4,2017-06-27
178,1.3,2017,6,64.6,31.0,8.7,20.1,203,0.1,0.0,28,0.0,20170628,24.9,2017-06-28
179,1.2,2017,6,62.4,31.3,9.0,19.6,203,0.0,0.0,29,0.0,20170629,24.9,2017-06-29
180,1.4,2017,6,60.4,30.9,6.7,21.0,203,0.0,0.0,30,0.0,20170630,25.4,2017-06-30
181,1.2,2017,7,77.6,27.3,0.4,20.8,203,24.1,0.0,1,0.0,20170701,22.7,2017-07-01
182,1.6,2017,7,83.4,28.6,0.7,21.8,203,18.9,0.0,2,0.0,20170702,25.0,2017-07-02
183,2.3,2017,7,86.3,26.8,0.2,22.6,203,23.0,0.0,3,0.0,20170703,23.8,2017-07-03
184,1.4,2017,7,74.1,31.1,9.6,21.9,203,54.6,0.0,4,0.0,20170704,25.6,2017-07-04
185,0.9,2017,7,66.3,32.4,9.9,20.9,203,0.0,0.0,5,0.0,20170705,26.2,2017-07-05
186,1.3,2017,7,69.8,33.3,9.3,20.7,203,0.0,0.0,6,0.0,20170706,26.3,2017-07-06
187,1.2,2017,7,83.1,27.9,1.7,21.8,203,6.5,0.0,7,0.0,20170707,25.1,2017-07-07
188,1.4,2017,7,85.8,27.7,0.3,23.2,203,14.3,0.0,8,0.0,20170708,24.8,2017-07-08
189,1.1,2017,7,82.6,31.0,1.8,21.1,203,7.3,0.0,9,0.0,20170709,25.0,2017-07-09
190,1.5,2017,7,91.4,25.9,0.0,21.4,203,73.9,0.0,10,0.0,20170710,23.8,2017-07-10
191,1.4,2017,7,78.0,30.8,6.7,21.5,203,17.4,0.0,11,0.0,20170711,25.4,2017-07-11
192,1.4,2017,7,72.6,31.4,9.7,22.6,203,0.0,0.0,12,0.0,20170712,26.6,2017-07-12
193,0.9,2017,7,73.1,31.8,8.3,20.6,203,0.0,0.0,13,0.0,20170713,25.8,2017-07-13
194,1.1,2017,7,77.3,32.3,6.2,22.3,203,0.2,0.0,14,0.0,20170714,25.6,2017-07-14
195,1.3,2017,7,88.3,25.9,0.4,21.9,203,25.9,0.0,15,0.0,20170715,23.4,2017-07-15
196,1.1,2017,7,86.5,26.4,0.0,20.6,203,62.8,0.0,16,0.0,20170716,23.8,2017-07-16
197,1.4,2017,7,80.1,28.7,0.2,23.1,203,0.0,0.0,17,0.0,20170717,25.3,2017-07-17
198,0.9,2017,7,80.1,29.3,3.1,21.7,203,1.9,0.0,18,0.0,20170718,25.0,2017-07-18
199,1.0,2017,7,72.6,32.7,6.5,23.1,203,0.0,0.0,19,0.0,20170719,27.1,2017-07-19
200,1.0,2017,7,70.9,34.3,8.8,23.0,203,0.0,0.0,20,0.0,20170720,28.3,2017-07-20
201,1.1,2017,7,77.9,32.8,3.1,24.6,203,0.8,0.0,21,0.0,20170721,28.1,2017-07-21
202,0.7,2017,7,79.9,32.5,2.1,25.4,203,0.1,0.0,22,0.0,20170722,28.1,2017-07-22
203,0.9,2017,7,89.4,28.0,0.0,25.1,203,44.6,0.0,23,0.0,20170723,26.2,2017-07-23
204,0.7,2017,7,89.0,27.0,0.4,24.6,203,36.7,0.0,24,0.0,20170724,25.6,2017-07-24
205,1.1,2017,7,71.1,34.7,9.9,24.6,203,0.1,0.0,25,0.0,20170725,28.6,2017-07-25
206,1.6,2017,7,64.5,31.5,11.9,20.8,203,0.0,0.0,26,0.0,20170726,26.3,2017-07-26
207,0.7,2017,7,69.3,29.3,4.5,20.0,203,0.0,0.0,27,0.0,20170727,25.1,2017-07-27
208,0.6,2017,7,92.0,24.9,0.0,22.7,203,12.2,0.0,28,0.0,20170728,23.7,2017-07-28
209,1.5,2017,7,81.8,28.8,2.6,22.3,203,0.0,0.0,29,0.0,20170729,25.1,2017-07-29
210,0.7,2017,7,75.4,32.1,6.5,21.9,203,0.0,0.0,30,0.0,20170730,26.3,2017-07-30
211,0.7,2017,7,90.9,24.7,0.0,22.5,203,29.6,0.0,31,0.0,20170731,23.4,2017-07-31
212,0.8,2017,8,80.8,33.2,7.5,22.2,203,2.2,0.0,1,0.0,20170801,26.6,2017-08-01
213,0.5,2017,8,78.6,33.2,6.5,23.5,203,0.0,0.0,2,0.0,20170802,28.0,2017-08-02
214,1.4,2017,8,70.8,32.2,12.6,23.3,203,0.0,0.0,3,0.0,20170803,27.1,2017-08-03
215,0.7,2017,8,71.9,34.7,12.0,21.2,203,0.0,0.0,4,0.0,20170804,27.8,2017-08-04
216,0.7,2017,8,71.0,37.1,12.1,23.6,203,0.0,0.0,5,0.0,20170805,29.5,2017-08-05
217,0.9,2017,8,74.9,34.5,5.8,25.5,203,0.0,0.0,6,0.0,20170806,29.0,2017-08-06
218,1.6,2017,8,67.1,33.1,10.5,24.7,203,0.0,0.0,7,0.0,20170807,28.4,2017-08-07
219,1.0,2017,8,71.9,31.5,5.2,22.2,203,0.0,0.0,8,0.0,20170808,26.3,2017-08-08
220,1.0,2017,8,84.6,27.3,0.1,22.6,203,18.4,0.0,9,0.0,20170809,24.1,2017-08-09
221,1.0,2017,8,93.3,25.0,0.0,22.4,203,11.9,0.0,10,0.0,20170810,23.5,2017-08-10
222,1.1,2017,8,76.8,31.9,7.0,22.5,203,0.0,0.0,11,0.0,20170811,25.8,2017-08-11
223,1.0,2017,8,70.5,32.0,10.2,19.8,203,0.0,0.0,12,0.0,20170812,25.4,2017-08-12
224,1.3,2017,8,73.6,27.6,1.9,20.9,203,0.0,0.0,13,0.0,20170813,24.1,2017-08-13
225,1.1,2017,8,87.3,25.9,0.1,20.4,203,2.8,0.0,14,0.0,20170814,22.1,2017-08-14
226,1.3,2017,8,93.6,22.3,0.0,20.3,203,53.1,0.0,15,0.0,20170815,21.4,2017-08-15
227,1.1,2017,8,91.5,24.9,0.0,19.9,203,8.5,0.0,16,0.0,20170816,21.8,2017-08-16
228,1.0,2017,8,87.6,29.6,2.5,20.0,203,20.4,0.0,17,0.0,20170817,23.3,2017-08-17
229,0.7,2017,8,82.8,29.6,4.1,21.0,203,0.0,0.0,18,0.0,20170818,24.4,2017-08-18
230,0.6,2017,8,85.4,28.8,0.5,20.3,203,3.4,0.0,19,0.0,20170819,24.3,2017-08-19
231,1.4,2017,8,93.5,26.4,0.1,21.3,203,43.7,0.0,20,0.0,20170820,22.9,2017-08-20
232,1.6,2017,8,94.0,27.7,1.0,22.0,203,45.4,0.0,21,0.0,20170821,23.4,2017-08-21
233,1.1,2017,8,78.0,32.0,9.4,22.2,203,0.0,0.0,22,0.0,20170822,26.4,2017-08-22
234,1.6,2017,8,89.1,30.8,2.0,22.6,203,29.4,0.0,23,0.0,20170823,26.2,2017-08-23
235,2.8,2017,8,87.8,29.6,1.6,22.4,203,45.5,0.0,24,0.0,20170824,25.9,2017-08-24
236,1.1,2017,8,72.0,30.9,8.4,18.8,203,0.0,0.0,25,0.0,20170825,24.0,2017-08-25
237,1.2,2017,8,63.8,29.6,11.1,14.6,203,0.0,0.0,26,0.0,20170826,21.5,2017-08-26
238,0.6,2017,8,81.0,24.6,1.0,15.0,203,0.0,0.0,27,0.0,20170827,19.5,2017-08-27
239,0.9,2017,8,87.5,25.7,0.7,16.7,203,19.1,0.0,28,0.0,20170828,20.5,2017-08-28
240,1.7,2017,8,59.5,25.2,10.3,16.6,203,0.0,0.0,29,0.0,20170829,19.7,2017-08-29
241,0.6,2017,8,66.4,22.3,1.5,13.6,203,0.0,0.0,30,0.0,20170830,17.4,2017-08-30
242,0.9,2017,8,70.8,27.3,10.0,12.5,203,0.0,0.0,31,0.0,20170831,19.5,2017-08-31
243,1.0,2017,9,65.4,28.5,11.7,12.6,203,0.0,0.0,1,0.0,20170901,20.2,2017-09-01
244,0.7,2017,9,68.4,28.1,11.7,13.8,203,0.0,0.0,2,0.0,20170902,20.5,2017-09-02
245,0.6,2017,9,70.3,29.4,10.4,13.4,203,0.0,0.0,3,0.0,20170903,20.6,2017-09-03
246,0.8,2017,9,65.9,28.9,9.2,14.0,203,0.0,0.0,4,0.0,20170904,21.1,2017-09-04
247,0.5,2017,9,80.4,22.6,0.0,15.8,203,0.0,0.0,5,0.0,20170905,19.1,2017-09-05
248,0.4,2017,9,89.1,22.3,0.0,17.4,203,1.4,0.0,6,0.0,20170906,19.3,2017-09-06
249,0.8,2017,9,77.9,27.2,7.4,16.3,203,0.0,0.0,7,0.0,20170907,21.3,2017-09-07
250,1.0,2017,9,72.9,30.0,11.5,16.4,203,0.0,0.0,8,0.0,20170908,22.4,2017-09-08
251,0.7,2017,9,80.6,29.2,5.2,15.2,203,0.0,0.0,9,0.0,20170909,21.1,2017-09-09
252,0.6,2017,9,89.0,24.3,12.5,17.0,203,0.0,0.0,10,0.0,20170910,20.5,2017-09-10
253,1.1,2017,9,87.4,22.7,11.7,17.2,203,10.6,0.0,11,0.0,20170911,19.8,2017-09-11
254,1.0,2017,9,69.9,28.2,1.2,15.6,203,0.0,0.0,12,0.0,20170912,20.2,2017-09-12
255,1.0,2017,9,62.3,28.6,4.6,10.7,203,0.0,0.0,13,0.0,20170913,19.0,2017-09-13
256,0.8,2017,9,69.1,28.6,10.5,11.1,203,0.0,0.0,14,0.0,20170914,19.3,2017-09-14
257,1.7,2017,9,60.5,27.9,9.4,14.4,203,0.0,0.0,15,0.0,20170915,20.0,2017-09-15
258,1.6,2017,9,66.3,27.1,5.9,12.1,203,0.0,0.0,16,0.0,20170916,18.6,2017-09-16
259,1.9,2017,9,61.8,29.0,9.2,15.3,203,0.0,0.0,17,0.0,20170917,21.3,2017-09-17
260,1.1,2017,9,68.1,27.6,9.7,13.2,203,0.0,0.0,18,0.0,20170918,19.8,2017-09-18
261,1.5,2017,9,83.6,24.7,1.2,14.4,203,14.2,0.0,19,0.0,20170919,19.3,2017-09-19
262,1.6,2017,9,55.5,25.7,10.6,11.7,203,0.0,0.0,20,0.0,20170920,18.2,2017-09-20
263,0.7,2017,9,71.8,25.8,10.6,9.3,203,0.0,0.0,21,0.0,20170921,16.7,2017-09-21
264,0.9,2017,9,71.3,26.5,9.8,10.8,203,0.0,0.0,22,0.0,20170922,18.3,2017-09-22
265,1.0,2017,9,81.6,25.9,3.7,12.6,203,0.0,0.0,23,0.0,20170923,18.7,2017-09-23
266,0.8,2017,9,84.0,26.6,2.3,15.4,203,0.0,0.0,24,0.0,20170924,20.3,2017-09-24
267,0.8,2017,9,78.4,29.1,6.9,17.1,203,0.0,0.0,25,0.0,20170925,21.2,2017-09-25
268,0.6,2017,9,75.1,29.1,8.5,14.6,203,0.1,0.0,26,0.0,20170926,21.6,2017-09-26
269,0.9,2017,9,80.0,25.9,1.6,16.2,203,1.6,0.0,27,0.0,20170927,19.8,2017-09-27
270,1.8,2017,9,55.3,25.0,10.1,13.3,203,0.0,0.0,28,0.0,20170928,18.9,2017-09-28
271,1.2,2017,9,55.3,22.1,9.7,5.7,203,0.0,0.0,29,0.0,20170929,14.0,2017-09-29
272,0.8,2017,9,74.8,25.3,6.4,7.7,203,0.0,0.0,30,0.0,20170930,15.7,2017-09-30
273,1.0,2017,10,89.5,18.4,1.0,11.4,203,9.8,0.0,1,0.0,20171001,15.2,2017-10-01
274,1.3,2017,10,80.8,28.0,7.9,14.4,203,3.5,0.0,2,0.0,20171002,19.7,2017-10-02
275,1.0,2017,10,74.9,23.2,2.3,12.9,203,0.0,0.0,3,0.0,20171003,17.4,2017-10-03
276,1.0,2017,10,68.9,23.7,7.8,11.1,203,0.0,0.0,4,0.0,20171004,15.9,2017-10-04
277,1.3,2017,10,68.9,22.2,4.6,9.9,203,0.0,0.0,5,0.0,20171005,16.3,2017-10-05
278,0.8,2017,10,85.8,20.0,0.4,11.5,203,0.7,0.0,6,0.0,20171006,15.7,2017-10-06
279,0.7,2017,10,78.1,26.0,6.9,15.6,203,0.1,0.0,7,0.0,20171007,19.8,2017-10-07
280,0.9,2017,10,74.0,27.6,7.4,16.4,203,0.0,0.0,8,0.0,20171008,21.4,2017-10-08
281,1.1,2017,10,72.1,27.9,8.7,15.9,203,0.0,0.0,9,0.0,20171009,21.0,2017-10-09
282,0.7,2017,10,81.6,24.1,1.4,15.4,203,0.0,0.0,10,0.0,20171010,20.2,2017-10-10
283,2.0,2017,10,80.3,21.6,1.1,12.5,203,3.5,0.0,11,0.0,20171011,16.1,2017-10-11
284,0.9,2017,10,83.3,13.7,0.0,7.3,203,0.9,0.0,12,0.0,20171012,11.4,2017-10-12
285,0.9,2017,10,73.8,18.5,5.8,4.0,203,0.0,0.0,13,0.0,20171013,10.6,2017-10-13
286,1.1,2017,10,59.4,20.8,7.7,2.9,203,0.0,0.0,14,0.0,20171014,11.6,2017-10-14
287,0.8,2017,10,67.0,22.7,7.6,6.3,203,0.0,0.0,15,0.0,20171015,13.2,2017-10-15
288,0.7,2017,10,68.0,22.2,3.8,10.8,203,0.0,0.0,16,0.0,20171016,14.8,2017-10-16
289,0.7,2017,10,69.8,22.9,9.6,6.4,203,0.0,0.0,17,0.0,20171017,14.1,2017-10-17
290,1.0,2017,10,75.9,18.5,0.0,10.4,203,0.2,0.0,18,0.0,20171018,14.1,2017-10-18
291,0.9,2017,10,68.6,22.1,8.3,9.9,203,0.0,0.0,19,0.0,20171019,14.8,2017-10-19
292,0.6,2017,10,70.8,24.0,9.2,6.8,203,0.0,0.0,20,0.0,20171020,13.8,2017-10-20
293,0.8,2017,10,68.5,25.0,9.3,4.9,203,0.0,0.0,21,0.0,20171021,13.7,2017-10-21
294,2.2,2017,10,62.4,24.3,7.3,4.4,203,0.0,0.0,22,0.0,20171022,13.6,2017-10-22
295,1.0,2017,10,59.3,19.2,9.6,5.1,203,0.0,0.0,23,0.0,20171023,11.5,2017-10-23
296,0.7,2017,10,67.8,19.6,6.3,5.2,203,0.0,0.0,24,0.0,20171024,10.6,2017-10-24
297,0.8,2017,10,72.5,20.6,8.9,2.1,203,0.0,0.0,25,0.0,20171025,10.5,2017-10-25
298,0.6,2017,10,67.3,18.8,4.8,5.1,203,0.0,0.0,26,0.0,20171026,11.6,2017-10-26
299,0.7,2017,10,61.0,23.4,7.6,8.3,203,0.0,0.0,27,0.0,20171027,13.8,2017-10-27
300,0.7,2017,10,67.1,24.4,9.2,5.2,203,0.0,0.0,28,0.0,20171028,13.6,2017-10-28
301,1.9,2017,10,60.4,18.7,7.5,4.2,203,0.0,0.0,29,0.0,20171029,10.1,2017-10-29
302,1.4,2017,10,39.5,14.0,9.3,-1.7,203,0.0,0.0,30,0.0,20171030,6.1,2017-10-30
303,0.9,2017,10,63.9,16.2,9.3,-3.4,203,0.0,0.0,31,0.0,20171031,6.3,2017-10-31
304,0.7,2017,11,74.0,17.7,2.0,4.7,203,0.0,0.0,1,0.0,20171101,11.3,2017-11-01
305,0.8,2017,11,77.9,18.2,0.7,10.9,203,0.0,0.0,2,0.0,20171102,13.9,2017-11-02
306,2.0,2017,11,74.4,16.6,3.1,4.5,203,3.1,0.0,3,0.0,20171103,10.7,2017-11-03
307,1.3,2017,11,59.9,14.2,8.1,1.6,203,0.0,0.0,4,0.0,20171104,6.6,2017-11-04
308,0.7,2017,11,72.3,14.9,7.0,-2.5,203,0.0,0.0,5,0.0,20171105,5.0,2017-11-05
309,0.8,2017,11,73.0,16.2,8.6,-0.7,203,0.0,0.0,6,0.0,20171106,7.5,2017-11-06
310,0.6,2017,11,70.0,19.8,6.2,1.9,203,0.0,0.0,7,0.0,20171107,11.2,2017-11-07
311,1.8,2017,11,55.4,19.5,7.8,5.9,203,0.0,0.0,8,0.0,20171108,13.0,2017-11-08
312,0.8,2017,11,55.3,16.5,9.0,-1.7,203,0.0,0.0,9,0.0,20171109,6.4,2017-11-09
313,1.7,2017,11,67.1,14.8,1.7,0.1,203,4.4,0.0,10,0.0,20171110,7.3,2017-11-10
314,1.6,2017,11,48.0,10.9,8.9,-1.8,203,0.0,0.0,11,0.0,20171111,4.9,2017-11-11
315,0.6,2017,11,69.1,11.7,8.8,-4.3,203,0.0,0.0,12,0.0,20171112,2.2,2017-11-12
316,1.0,2017,11,69.5,10.6,1.4,-2.7,203,1.0,0.0,13,0.0,20171113,5.2,2017-11-13
317,1.9,2017,11,52.9,12.7,8.4,2.0,203,0.0,0.0,14,0.0,20171114,7.0,2017-11-14
318,2.0,2017,11,47.6,7.8,8.2,-0.4,203,0.0,0.0,15,0.0,20171115,3.3,2017-11-15
319,1.2,2017,11,40.0,8.0,8.9,-6.1,203,0.0,0.0,16,0.0,20171116,0.6,2017-11-16
320,0.6,2017,11,56.9,3.7,0.1,-6.4,203,0.0,0.0,17,0.0,20171117,-0.1,2017-11-17
321,2.6,2017,11,37.9,3.4,8.9,-4.6,203,0.0,0.0,18,0.0,20171118,-0.9,2017-11-18
322,1.8,2017,11,36.4,4.3,9.0,-8.7,203,0.0,0.0,19,0.0,20171119,-1.7,2017-11-19
323,1.2,2017,11,58.4,5.6,5.6,-6.0,203,0.0,0.0,20,0.0,20171120,-0.3,2017-11-20
324,0.7,2017,11,75.5,5.6,3.8,-7.4,203,0.0,0.0,21,0.0,20171121,-2.6,2017-11-21
325,1.3,2017,11,66.5,6.5,3.0,-5.0,203,1.1,0.0,22,0.0,20171122,0.9,2017-11-22
326,1.9,2017,11,55.8,6.5,6.4,-5.0,203,0.2,0.0,23,0.0,20171123,0.1,2017-11-23
327,1.3,2017,11,71.9,4.4,4.9,-5.1,203,1.6,0.0,24,0.0,20171124,-0.8,2017-11-24
328,1.9,2017,11,74.6,9.1,4.9,-7.8,203,16.2,0.0,25,0.0,20171125,2.4,2017-11-25
329,1.2,2017,11,77.8,9.8,5.5,-3.0,203,1.0,0.0,26,0.0,20171126,3.7,2017-11-26
330,0.6,2017,11,73.0,9.0,8.8,-6.3,203,0.0,0.0,27,0.0,20171127,0.5,2017-11-27
331,0.8,2017,11,73.8,11.1,4.3,-2.9,203,0.0,0.0,28,0.0,20171128,3.4,2017-11-28
332,1.9,2017,11,44.9,9.4,8.1,-0.2,203,0.0,0.0,29,0.0,20171129,4.7,2017-11-29
333,2.6,2017,11,23.5,3.9,8.6,-4.3,203,0.0,0.0,30,0.0,20171130,-1.0,2017-11-30
334,1.4,2017,12,42.1,4.1,8.4,-8.3,203,0.0,0.0,1,0.0,20171201,-1.9,2017-12-01
335,0.7,2017,12,66.3,7.1,8.7,-8.0,203,0.0,0.0,2,0.0,20171202,-0.7,2017-12-02
336,0.5,2017,12,86.9,4.7,0.6,-3.8,203,2.8,0.0,3,0.0,20171203,0.2,2017-12-03
337,2.2,2017,12,54.6,3.7,8.1,-5.5,203,0.5,0.0,4,0.0,20171204,-0.4,2017-12-04
338,1.9,2017,12,38.4,0.3,8.9,-9.2,203,0.0,0.0,5,0.0,20171205,-4.3,2017-12-05
339,1.3,2017,12,71.5,3.9,4.5,-5.3,203,2.3,0.0,6,0.0,20171206,-1.2,2017-12-06
340,1.3,2017,12,68.3,5.5,4.7,-3.5,203,0.9,0.0,7,0.0,20171207,0.3,2017-12-07
341,1.8,2017,12,42.3,0.3,8.9,-7.0,203,0.0,0.0,8,0.0,20171208,-3.5,2017-12-08
342,0.7,2017,12,59.0,3.3,6.2,-8.5,203,0.0,0.0,9,0.0,20171209,-2.3,2017-12-09
343,1.6,2017,12,71.0,4.3,1.1,-3.2,203,4.8,0.0,10,0.0,20171210,-0.4,2017-12-10
344,3.7,2017,12,34.6,-1.6,8.6,-10.6,203,0.0,0.0,11,0.0,20171211,-6.0,2017-12-11
345,1.8,2017,12,41.8,-3.4,8.8,-13.6,203,0.0,0.0,12,0.0,20171212,-9.0,2017-12-12
346,1.6,2017,12,43.3,-2.1,8.8,-13.0,203,0.0,0.0,13,0.0,20171213,-8.7,2017-12-13
347,0.8,2017,12,59.5,-1.8,5.6,-15.3,203,0.0,0.0,14,0.0,20171214,-8.9,2017-12-14
348,0.6,2017,12,61.1,0.2,2.8,-12.0,203,0.0,0.0,15,0.0,20171215,-5.3,2017-12-15
349,2.4,2017,12,42.6,-1.5,8.1,-9.2,203,0.0,0.0,16,0.0,20171216,-5.1,2017-12-16
350,1.5,2017,12,40.9,-1.4,8.7,-12.5,203,0.0,0.0,17,0.0,20171217,-6.7,2017-12-17
351,0.9,2017,12,78.6,0.6,3.0,-9.4,203,1.8,0.0,18,0.0,20171218,-4.5,2017-12-18
352,0.7,2017,12,71.8,-1.0,4.2,-15.5,203,0.7,0.0,20,0.0,20171220,-7.0,2017-12-20
353,1.2,2017,12,70.3,4.4,8.5,-8.2,203,0.0,0.0,21,0.0,20171221,-2.4,2017-12-21
354,0.6,2017,12,72.1,4.9,3.8,-7.2,203,0.0,0.0,22,0.0,20171222,-1.0,2017-12-22
355,0.5,2017,12,79.5,8.4,3.6,-1.8,203,0.0,0.0,23,0.0,20171223,2.0,2017-12-23
356,1.5,2017,12,83.8,3.0,0.0,-0.3,203,13.5,0.0,24,0.0,20171224,1.2,2017-12-24
357,2.4,2017,12,45.1,1.8,8.8,-4.8,203,0.0,0.0,25,0.0,20171225,-2.3,2017-12-25
358,2.3,2017,12,45.1,0.8,8.6,-8.1,203,0.0,0.0,26,0.0,20171226,-3.7,2017-12-26
359,1.7,2017,12,36.9,-1.1,8.8,-11.7,203,0.0,0.0,27,0.0,20171227,-7.0,2017-12-27
360,1.0,2017,12,56.5,1.9,6.8,-11.0,203,0.0,0.0,28,0.0,20171228,-3.9,2017-12-28
361,0.9,2017,12,69.4,6.5,3.3,-3.6,203,0.0,0.0,29,0.0,20171229,0.7,2017-12-29
362,0.6,2017,12,81.8,4.3,1.3,-4.9,203,1.4,0.0,30,0.0,20171230,0.0,2017-12-30
363,2.0,2017,12,53.6,4.9,8.3,-4.3,203,1.5,0.0,31,0.0,20171231,-0.1,2017-12-31
