,year,station_id,month,sunshine,snow,tmin,tavg,Date,tmax,cloud,date,day,humid,rainfall,wind
0,2024,203,1,0.0,0.0,-1.2,0.0,2024-01-01,1.5,4.5,20240101,1,100.0,0.0,0.4
1,2024,203,1,0.0,0.0,-0.8,1.3,2024-01-02,4.5,7.4,20240102,2,91.5,0.0,0.4
2,2024,203,1,0.2,0.0,-1.7,0.2,2024-01-03,3.5,5.9,20240103,3,95.6,2.2,0.6
3,2024,203,1,2.3,0.0,-7.4,-1.2,2024-01-04,3.2,3.1,20240104,4,89.0,0.0,0.5
4,2024,203,1,2.3,0.0,-0.4,3.4,2024-01-05,9.3,3.5,20240105,5,84.9,0.1,1.1
5,2024,203,1,7.6,0.0,-2.5,0.6,2024-01-06,5.7,1.9,20240106,6,70.6,1.2,1.4
6,2024,203,1,7.7,0.0,-7.2,-3.5,2024-01-07,-0.1,0.0,20240107,7,53.4,0.0,1.8
7,2024,203,1,7.8,0.0,-11.7,-5.5,2024-01-08,0.6,1.0,20240108,8,59.9,0.0,0.7
8,2024,203,1,0.0,0.0,-3.8,-2.4,2024-01-09,-1.4,7.1,20240109,9,85.4,3.6,0.3
9,2024,203,1,4.9,0.0,-6.1,-1.3,2024-01-10,3.7,3.5,20240110,10,88.0,0.0,0.8
10,2024,203,1,0.0,0.0,-2.7,-0.1,2024-01-11,2.6,4.0,20240111,11,82.6,0.0,0.9
11,2024,203,1,7.7,0.0,-1.5,2.0,2024-01-12,6.8,0.0,20240112,12,59.1,0.0,1.4
12,2024,203,1,7.8,0.0,-4.9,-1.0,2024-01-13,5.0,0.0,20240113,13,54.0,0.0,0.9
13,2024,203,1,1.2,0.0,-7.8,-2.3,2024-01-14,1.7,3.0,20240114,14,86.8,3.2,0.6
14,2024,203,1,7.8,0.0,-5.7,-2.5,2024-01-15,2.5,0.0,20240115,15,54.0,0.0,1.5
15,2024,203,1,7.5,0.0,-9.4,-3.7,2024-01-16,2.4,2.1,20240116,16,66.8,0.0,0.6
16,2024,203,1,0.0,0.0,-6.2,-1.0,2024-01-17,0.8,9.1,20240117,17,90.1,9.1,0.2
17,2024,203,1,1.1,0.0,0.6,3.7,2024-01-18,7.8,6.0,20240118,18,90.8,3.0,0.6
18,2024,203,1,1.6,0.0,3.2,4.9,2024-01-19,9.4,7.9,20240119,19,69.1,0.0,1.4
19,2024,203,1,0.0,0.0,0.5,2.7,2024-01-20,5.6,9.0,20240120,20,80.4,3.4,1.4
20,2024,203,1,0.2,0.0,-0.7,2.4,2024-01-21,5.7,6.3,20240121,21,78.5,0.0,1.5
21,2024,203,1,5.9,0.0,-11.6,-6.7,2024-01-22,-0.7,6.1,20240122,22,64.1,0.0,2.7
22,2024,203,1,8.0,0.0,-11.5,-5.2,2024-01-25,0.8,0.0,20240125,25,50.9,0.0,1.3
23,2024,203,1,8.0,0.0,-10.2,-2.4,2024-01-26,4.7,0.5,20240126,26,66.1,0.0,1.0
24,2024,203,1,7.1,0.0,-6.8,-1.1,2024-01-27,5.6,2.6,20240127,27,72.4,0.0,0.8
25,2024,203,1,7.8,0.0,-8.0,-1.0,2024-01-30,6.9,1.9,20240130,30,69.3,0.0,0.4
26,2024,203,1,7.8,0.0,-2.4,4.0,2024-01-31,11.8,2.4,20240131,31,57.0,0.0,0.7
27,2024,203,2,1.6,0.0,-2.0,2.0,2024-02-01,6.7,7.5,20240201,1,71.5,0.0,0.6
28,2024,203,2,5.2,0.0,-1.7,3.0,2024-02-02,8.8,6.9,20240202,2,61.6,0.0,0.9
29,2024,203,2,0.8,0.0,-3.3,3.0,2024-02-03,8.3,7.5,20240203,3,74.8,0.0,0.6
30,2024,203,2,4.9,0.0,-1.7,5.4,2024-02-04,11.4,5.9,20240204,4,75.3,0.0,0.8
31,2024,203,2,0.0,0.0,-0.5,2.0,2024-02-05,5.5,10.0,20240205,5,92.9,7.5,1.4
32,2024,203,2,0.0,0.0,-0.9,0.9,2024-02-06,3.2,9.0,20240206,6,87.8,0.5,0.6
33,2024,203,2,6.8,0.0,-5.3,-0.2,2024-02-08,6.0,2.8,20240208,8,75.8,0.0,0.8
34,2024,203,2,7.7,0.0,-5.7,0.2,2024-02-09,6.7,1.1,20240209,9,72.5,0.0,1.3
35,2024,203,2,6.0,0.0,-5.0,0.9,2024-02-10,7.8,1.5,20240210,10,69.5,0.0,1.3
36,2024,203,2,5.5,0.0,-5.5,1.1,2024-02-11,6.4,2.8,20240211,11,72.3,0.0,1.4
37,2024,203,2,8.0,0.0,-5.1,2.2,2024-02-12,10.3,0.0,20240212,12,70.6,0.0,0.8
38,2024,203,2,6.9,0.0,-2.1,6.2,2024-02-13,15.2,3.4,20240213,13,73.1,0.0,0.9
39,2024,203,2,2.3,0.0,5.5,11.2,2024-02-14,18.6,6.1,20240214,14,78.0,0.0,0.6
40,2024,203,2,0.0,0.0,1.1,5.9,2024-02-15,12.8,9.3,20240215,15,90.9,3.1,1.6
41,2024,203,2,6.5,0.0,-2.4,2.0,2024-02-16,7.9,2.6,20240216,16,76.8,0.0,0.7
42,2024,203,2,6.8,0.0,-4.7,2.6,2024-02-17,12.4,1.1,20240217,17,80.1,0.0,0.6
43,2024,203,2,1.6,0.0,-2.6,4.5,2024-02-18,9.4,6.0,20240218,18,88.6,24.2,0.4
44,2024,203,2,0.0,0.0,5.0,8.9,2024-02-19,12.8,8.4,20240219,19,99.6,15.6,1.2
45,2024,203,2,0.0,0.0,3.0,4.7,2024-02-20,7.5,10.0,20240220,20,96.9,4.7,1.2
46,2024,203,2,0.0,0.0,0.1,1.8,2024-02-21,3.3,10.0,20240221,21,99.3,23.1,1.2
47,2024,203,2,0.0,0.0,-1.4,0.1,2024-02-22,2.2,10.0,20240222,22,90.8,7.8,1.1
48,2024,203,2,3.7,0.0,-1.4,1.6,2024-02-23,6.2,9.4,20240223,23,71.3,0.2,1.4
49,2024,203,2,4.7,0.0,-2.7,1.5,2024-02-24,6.9,8.5,20240224,24,73.6,2.2,1.6
50,2024,203,2,0.2,0.0,-0.3,2.1,2024-02-25,5.2,7.9,20240225,25,91.5,2.7,0.5
51,2024,203,2,7.0,0.0,-3.5,2.0,2024-02-26,9.7,4.1,20240226,26,78.3,0.0,0.7
52,2024,203,2,6.7,0.0,-1.9,3.3,2024-02-27,9.4,7.0,20240227,27,64.4,0.0,1.1
53,2024,203,2,1.9,0.0,-0.5,4.4,2024-02-28,10.0,8.3,20240228,28,72.1,0.0,0.6
54,2024,203,2,0.0,0.0,-0.3,4.3,2024-02-29,9.5,8.8,20240229,29,70.0,0.0,0.8
55,2024,203,3,9.8,0.0,-7.0,-2.6,2024-03-01,2.1,0.5,20240301,1,36.0,0.0,2.5
56,2024,203,3,5.8,0.0,-9.6,-1.3,2024-03-02,4.5,4.6,20240302,2,59.6,0.0,2.0
57,2024,203,3,6.5,0.0,0.4,4.8,2024-03-03,10.7,2.3,20240303,3,72.9,0.2,2.1
58,2024,203,3,4.4,0.0,-3.1,4.0,2024-03-04,10.9,5.5,20240304,4,75.0,0.0,0.6
59,2024,203,3,0.0,0.0,3.9,7.0,2024-03-05,11.1,9.5,20240305,5,60.4,0.0,1.0
60,2024,203,3,2.6,0.0,1.3,5.4,2024-03-06,11.5,4.9,20240306,6,63.8,0.0,1.1
61,2024,203,3,3.2,0.0,0.8,3.8,2024-03-07,9.6,5.9,20240307,7,62.9,0.0,1.5
62,2024,203,3,8.7,0.0,-3.3,2.2,2024-03-08,8.8,0.6,20240308,8,51.0,0.0,2.1
63,2024,203,3,9.7,0.0,-4.1,2.1,2024-03-09,9.0,0.0,20240309,9,47.4,0.0,1.5
64,2024,203,3,9.7,0.0,-5.1,3.4,2024-03-10,12.3,1.0,20240310,10,54.3,0.0,1.1
65,2024,203,3,0.3,0.0,-1.9,4.3,2024-03-11,10.7,8.0,20240311,11,59.3,0.0,0.5
66,2024,203,3,0.0,0.0,1.4,5.0,2024-03-12,9.7,5.0,20240312,12,80.4,0.5,0.7
67,2024,203,3,8.0,0.0,-3.2,4.7,2024-03-13,13.8,0.0,20240313,13,65.4,0.0,1.6
68,2024,203,3,9.3,0.0,-2.2,7.4,2024-03-14,16.7,0.0,20240314,14,58.6,0.0,1.4
69,2024,203,3,9.4,0.0,-1.1,8.7,2024-03-15,17.7,0.0,20240315,15,59.6,0.0,1.5
70,2024,203,3,7.7,0.0,0.8,10.3,2024-03-16,19.6,3.0,20240316,16,53.9,0.0,1.2
71,2024,203,3,6.5,0.0,5.3,9.9,2024-03-17,13.9,7.0,20240317,17,46.6,0.1,2.1
72,2024,203,3,9.7,0.0,-1.8,7.2,2024-03-18,15.4,2.9,20240318,18,30.5,0.0,1.4
73,2024,203,3,3.1,0.0,2.9,6.1,2024-03-19,11.4,7.4,20240319,19,61.9,4.4,2.7
74,2024,203,3,7.6,0.0,1.0,4.4,2024-03-20,9.3,2.0,20240320,20,54.0,0.0,2.4
75,2024,203,3,9.7,0.0,-1.8,5.1,2024-03-21,12.2,2.3,20240321,21,47.9,0.0,1.4
76,2024,203,3,4.5,0.0,-0.2,9.4,2024-03-22,16.4,7.3,20240322,22,64.6,3.7,1.8
77,2024,203,3,9.6,0.0,8.7,13.7,2024-03-23,20.4,2.9,20240323,23,62.8,1.5,1.1
78,2024,203,3,8.1,0.0,6.2,15.0,2024-03-24,22.9,5.1,20240324,24,46.0,0.0,1.1
79,2024,203,3,0.2,0.0,6.2,9.8,2024-03-25,13.9,9.6,20240325,25,72.4,5.4,1.5
80,2024,203,3,3.2,0.0,3.3,6.4,2024-03-26,12.1,6.6,20240326,26,83.5,15.8,1.2
81,2024,203,3,8.5,0.0,0.6,9.4,2024-03-27,17.1,5.0,20240327,27,74.3,0.0,1.0
82,2024,203,3,0.0,0.0,8.4,9.1,2024-03-28,10.2,8.5,20240328,28,93.0,4.9,0.8
83,2024,203,3,1.9,0.0,3.4,7.7,2024-03-29,12.5,4.4,20240329,29,84.1,1.4,1.9
84,2024,203,3,6.8,0.0,-0.1,8.7,2024-03-30,18.7,2.6,20240330,30,66.9,0.0,1.7
85,2024,203,3,9.8,0.0,0.5,10.6,2024-03-31,18.6,3.3,20240331,31,45.4,0.0,0.9
86,2024,203,4,9.8,0.0,2.8,12.3,2024-04-01,21.3,0.1,20240401,1,38.4,0.0,1.4
87,2024,203,4,9.4,0.0,2.5,14.2,2024-04-02,25.6,6.5,20240402,2,47.6,0.0,0.8
88,2024,203,4,0.0,0.0,11.1,13.5,2024-04-03,15.5,9.5,20240403,3,89.0,7.8,0.6
89,2024,203,4,0.5,0.0,9.3,13.2,2024-04-04,16.7,8.1,20240404,4,67.5,0.0,1.4
90,2024,203,4,4.5,0.0,9.2,13.6,2024-04-05,20.2,5.5,20240405,5,60.1,0.0,1.5
91,2024,203,4,4.7,0.0,4.8,12.3,2024-04-06,19.9,3.9,20240406,6,57.5,0.0,1.1
92,2024,203,4,10.6,0.0,4.0,14.5,2024-04-07,24.2,2.0,20240407,7,49.6,0.0,0.9
93,2024,203,4,3.4,0.0,7.6,16.4,2024-04-08,24.4,8.1,20240408,8,49.5,0.0,1.0
94,2024,203,4,10.6,0.0,9.3,14.3,2024-04-09,20.3,0.8,20240409,9,40.3,0.0,1.6
95,2024,203,4,6.8,0.0,8.2,13.8,2024-04-10,20.2,7.4,20240410,10,56.9,0.0,1.4
96,2024,203,4,2.2,0.0,10.1,14.9,2024-04-11,21.1,6.4,20240411,11,69.5,0.0,0.7
97,2024,203,4,10.6,0.0,8.3,17.2,2024-04-12,25.7,0.0,20240412,12,61.5,0.0,1.0
98,2024,203,4,11.0,0.0,7.7,18.6,2024-04-13,28.6,0.3,20240413,13,55.8,0.0,0.9
99,2024,203,4,10.7,0.0,9.5,20.2,2024-04-14,29.7,3.1,20240414,14,51.6,0.0,1.2
100,2024,203,4,0.0,0.0,11.7,15.3,2024-04-15,20.3,6.4,20240415,15,83.1,32.1,1.4
101,2024,203,4,6.0,0.0,10.1,14.2,2024-04-16,20.4,3.6,20240416,16,78.8,3.9,1.7
102,2024,203,4,8.8,0.0,7.9,15.0,2024-04-17,23.4,3.3,20240417,17,67.9,0.0,1.3
103,2024,203,4,10.7,0.0,8.1,16.9,2024-04-18,26.7,0.0,20240418,18,57.1,0.0,1.3
104,2024,203,4,9.7,0.0,7.4,17.6,2024-04-19,26.2,4.0,20240419,19,53.8,0.0,1.2
105,2024,203,4,0.0,0.0,12.4,13.5,2024-04-20,16.1,9.5,20240420,20,92.6,8.9,1.0
106,2024,203,4,0.1,0.0,12.5,16.3,2024-04-21,20.1,8.3,20240421,21,76.3,0.0,1.2
107,2024,203,4,5.7,0.0,13.2,17.8,2024-04-22,23.8,6.6,20240422,22,59.3,0.0,1.1
108,2024,203,4,7.0,0.0,9.1,16.3,2024-04-23,23.9,7.3,20240423,23,62.3,0.0,1.4
109,2024,203,4,1.8,0.0,10.5,13.0,2024-04-24,18.0,7.6,20240424,24,85.0,19.0,1.2
110,2024,203,4,6.5,0.0,10.6,15.0,2024-04-25,22.3,3.5,20240425,25,74.1,0.0,1.0
111,2024,203,4,8.8,0.0,9.3,17.4,2024-04-26,25.9,4.0,20240426,26,68.0,0.0,0.8
112,2024,203,4,10.7,0.0,9.1,18.2,2024-04-27,27.7,0.0,20240427,27,59.3,0.0,1.2
113,2024,203,4,10.5,0.0,9.0,19.0,2024-04-28,28.4,4.8,20240428,28,59.1,0.0,0.8
114,2024,203,4,2.6,0.0,14.8,18.5,2024-04-29,23.4,9.3,20240429,29,62.4,0.0,1.4
115,2024,203,4,1.5,0.0,14.6,17.9,2024-04-30,22.9,7.3,20240430,30,71.0,0.0,1.2
116,2024,203,5,9.9,0.0,13.1,17.5,2024-05-01,23.0,4.8,20240501,1,51.0,0.0,1.3
117,2024,203,5,10.5,0.0,8.4,17.2,2024-05-02,25.1,0.3,20240502,2,53.6,0.0,1.1
118,2024,203,5,10.9,0.0,7.8,18.4,2024-05-03,27.6,0.0,20240503,3,52.6,0.0,1.0
119,2024,203,5,10.9,0.0,10.6,19.7,2024-05-04,29.6,1.8,20240504,4,59.3,0.0,0.8
120,2024,203,5,0.0,0.0,16.6,17.7,2024-05-05,19.2,10.0,20240505,5,93.9,34.1,1.3
121,2024,203,5,0.0,0.0,13.8,14.9,2024-05-06,16.9,9.0,20240506,6,93.3,6.8,2.1
122,2024,203,5,0.0,0.0,11.5,13.5,2024-05-07,16.0,9.8,20240507,7,84.8,3.5,1.4
123,2024,203,5,9.8,0.0,7.2,14.7,2024-05-08,21.2,1.8,20240508,8,60.8,0.0,1.1
124,2024,203,5,10.9,0.0,8.0,16.1,2024-05-09,23.3,0.3,20240509,9,62.1,0.0,1.6
125,2024,203,5,10.7,0.0,9.2,17.3,2024-05-10,25.5,2.0,20240510,10,56.0,0.0,1.3
126,2024,203,5,2.3,0.0,10.2,17.1,2024-05-11,23.4,6.0,20240511,11,80.3,16.1,2.0
127,2024,203,5,8.6,0.0,11.3,16.4,2024-05-12,22.5,3.5,20240512,12,70.9,0.0,1.3
128,2024,203,5,10.7,0.0,8.6,17.6,2024-05-13,25.7,0.1,20240513,13,60.3,0.0,1.0
129,2024,203,5,10.7,0.0,9.3,17.9,2024-05-14,26.4,0.0,20240514,14,59.9,0.0,1.1
130,2024,203,5,5.0,0.0,7.7,13.3,2024-05-15,22.7,5.5,20240515,15,79.6,23.0,1.3
131,2024,203,5,10.6,0.0,7.5,13.8,2024-05-16,20.3,1.5,20240516,16,62.8,1.1,1.7
132,2024,203,5,9.6,0.0,8.0,17.4,2024-05-17,25.7,3.1,20240517,17,68.9,0.0,1.1
133,2024,203,5,9.8,0.0,11.0,19.8,2024-05-18,27.4,0.1,20240518,18,70.8,0.0,0.9
134,2024,203,5,10.7,0.0,14.1,21.1,2024-05-19,29.1,1.0,20240519,19,63.6,0.0,1.0
135,2024,203,5,2.9,0.0,13.2,19.4,2024-05-20,25.0,5.3,20240520,20,77.0,0.0,1.1
136,2024,203,5,7.8,0.0,16.4,21.5,2024-05-21,27.5,3.4,20240521,21,71.3,0.0,1.1
137,2024,203,5,8.4,0.0,15.1,20.8,2024-05-22,27.4,5.1,20240522,22,74.6,0.0,1.1
138,2024,203,5,10.6,0.0,14.0,21.2,2024-05-23,28.7,0.6,20240523,23,66.0,0.0,1.4
139,2024,203,5,4.7,0.0,14.3,20.4,2024-05-24,26.5,5.0,20240524,24,76.0,0.0,1.0
140,2024,203,5,1.3,0.0,18.2,20.7,2024-05-25,24.8,7.0,20240525,25,59.0,0.0,1.2
141,2024,203,5,3.3,0.0,15.4,19.6,2024-05-26,25.9,8.5,20240526,26,82.6,14.6,1.2
142,2024,203,5,8.1,0.0,14.3,18.4,2024-05-27,23.0,4.6,20240527,27,70.6,0.0,2.0
143,2024,203,5,10.0,0.0,11.7,18.7,2024-05-28,25.6,2.4,20240528,28,66.4,0.0,1.1
144,2024,203,5,10.8,0.0,11.3,19.7,2024-05-29,28.1,1.5,20240529,29,63.4,0.0,1.0
145,2024,203,5,1.1,0.0,13.9,19.2,2024-05-30,24.8,9.5,20240530,30,69.4,0.0,0.6
146,2024,203,5,10.2,0.0,14.6,20.7,2024-05-31,26.4,3.5,20240531,31,60.3,0.0,1.5
147,2024,203,6,6.5,0.0,16.6,20.7,2024-06-01,26.6,4.4,20240601,1,64.9,0.0,1.7
148,2024,203,6,8.2,0.0,13.0,19.6,2024-06-02,27.2,3.4,20240602,2,65.5,0.0,1.3
149,2024,203,6,10.3,0.0,12.8,19.9,2024-06-03,27.3,0.6,20240603,3,62.3,0.0,0.9
150,2024,203,6,11.0,0.0,11.4,21.0,2024-06-04,28.7,0.0,20240604,4,50.4,0.0,0.9
151,2024,203,6,9.4,0.0,13.8,22.4,2024-06-05,29.4,4.6,20240605,5,61.4,0.0,0.8
152,2024,203,6,9.4,0.0,16.7,23.1,2024-06-06,30.3,5.1,20240606,6,60.8,0.0,1.1
153,2024,203,6,6.4,0.0,15.4,22.4,2024-06-07,28.0,7.3,20240607,7,65.1,0.1,0.8
154,2024,203,6,1.4,0.0,17.1,20.2,2024-06-08,24.6,7.8,20240608,8,88.9,6.2,0.7
155,2024,203,6,9.3,0.0,17.9,22.9,2024-06-09,29.6,4.1,20240609,9,76.8,0.0,0.9
156,2024,203,6,9.5,0.0,17.1,24.3,2024-06-10,32.0,1.1,20240610,10,70.5,0.0,1.2
157,2024,203,6,8.6,0.0,20.1,25.4,2024-06-11,31.8,4.0,20240611,11,64.3,0.0,1.2
158,2024,203,6,11.0,0.0,16.4,24.9,2024-06-12,33.3,1.9,20240612,12,59.6,0.0,1.1
159,2024,203,6,11.2,0.0,16.9,25.5,2024-06-13,34.3,1.3,20240613,13,59.3,0.0,0.8
160,2024,203,6,10.8,0.0,17.7,25.8,2024-06-14,33.8,3.9,20240614,14,60.8,0.0,1.1
161,2024,203,6,2.9,0.0,21.0,24.0,2024-06-15,27.7,7.1,20240615,15,75.1,3.7,1.1
162,2024,203,6,9.7,0.0,19.0,24.0,2024-06-16,30.5,1.5,20240616,16,62.6,0.0,1.5
163,2024,203,6,10.3,0.0,14.1,23.3,2024-06-17,31.4,4.0,20240617,17,53.8,0.0,1.0
164,2024,203,6,11.2,0.0,14.6,24.8,2024-06-18,34.2,0.0,20240618,18,55.8,0.0,1.1
165,2024,203,6,11.1,0.0,17.0,27.0,2024-06-19,36.0,3.6,20240619,19,58.0,0.0,0.9
166,2024,203,6,9.3,0.0,19.0,27.1,2024-06-20,34.3,3.0,20240620,20,53.4,0.0,1.2
167,2024,203,6,9.2,0.0,17.4,26.1,2024-06-21,33.9,5.6,20240621,21,62.0,0.0,0.9
168,2024,203,6,0.0,0.0,21.2,22.5,2024-06-22,25.5,9.8,20240622,22,92.4,91.0,0.7
169,2024,203,6,4.2,0.0,21.5,24.6,2024-06-23,29.7,7.3,20240623,23,86.6,4.8,1.1
170,2024,203,6,8.0,0.0,18.8,24.2,2024-06-24,29.6,5.4,20240624,24,74.1,0.0,1.9
171,2024,203,6,8.7,0.0,17.7,22.3,2024-06-25,27.8,5.8,20240625,25,68.1,0.0,1.6
172,2024,203,6,10.9,0.0,15.9,23.6,2024-06-26,30.5,1.0,20240626,26,69.4,0.0,0.8
173,2024,203,6,4.4,0.0,17.3,23.3,2024-06-27,28.9,4.5,20240627,27,74.0,0.0,0.6
174,2024,203,6,10.9,0.0,16.9,24.8,2024-06-28,31.7,1.0,20240628,28,68.6,0.0,0.8
175,2024,203,6,5.4,0.0,18.0,24.4,2024-06-29,31.5,6.3,20240629,29,80.6,55.5,1.1
176,2024,203,6,1.0,0.0,22.2,24.5,2024-06-30,26.8,8.3,20240630,30,87.8,13.7,2.4
177,2024,203,7,6.8,0.0,20.9,25.0,2024-07-01,30.6,4.3,20240701,1,80.9,0.0,0.7
178,2024,203,7,0.0,0.0,21.4,22.0,2024-07-02,23.0,10.0,20240702,2,99.9,79.1,0.7
179,2024,203,7,0.4,0.0,22.5,24.6,2024-07-03,27.0,9.0,20240703,3,87.9,6.0,1.5
180,2024,203,7,4.6,0.0,22.6,26.7,2024-07-04,31.3,6.0,20240704,4,78.9,4.5,1.8
181,2024,203,7,1.9,0.0,21.4,23.8,2024-07-05,27.6,8.3,20240705,5,84.1,3.2,1.9
182,2024,203,7,0.5,0.0,20.7,25.7,2024-07-06,31.3,8.9,20240706,6,89.0,19.6,1.9
183,2024,203,7,0.0,0.0,21.1,22.9,2024-07-07,24.4,9.6,20240707,7,97.9,3.4,0.6
184,2024,203,7,0.0,0.0,22.6,23.8,2024-07-08,25.0,9.6,20240708,8,98.9,48.0,1.1
185,2024,203,7,0.0,0.0,21.8,23.3,2024-07-09,24.6,9.6,20240709,9,99.5,15.3,0.9
186,2024,203,7,2.9,0.0,20.7,25.4,2024-07-10,31.3,6.0,20240710,10,86.4,23.8,1.2
187,2024,203,7,0.0,0.0,22.7,25.5,2024-07-11,30.4,4.6,20240711,11,85.8,0.5,1.1
188,2024,203,7,1.7,0.0,21.5,24.8,2024-07-12,29.5,4.0,20240712,12,87.9,0.0,0.6
189,2024,203,7,7.3,0.0,21.2,26.1,2024-07-13,32.6,1.6,20240713,13,81.4,0.0,0.7
190,2024,203,7,5.1,0.0,22.3,26.2,2024-07-14,30.9,5.9,20240714,14,81.0,0.0,1.2
191,2024,203,7,4.4,0.0,21.9,27.0,2024-07-15,30.9,4.3,20240715,15,76.9,0.0,1.0
192,2024,203,7,2.7,0.0,23.6,25.6,2024-07-16,30.3,7.0,20240716,16,88.8,34.3,1.2
193,2024,203,7,1.1,0.0,23.0,26.5,2024-07-17,31.2,9.1,20240717,17,86.6,16.1,1.7
194,2024,203,7,0.0,0.0,22.6,24.6,2024-07-18,27.8,9.3,20240718,18,97.0,180.9,1.7
195,2024,203,7,5.3,0.0,23.2,26.6,2024-07-19,31.4,5.3,20240719,19,86.4,0.0,1.0
196,2024,203,7,1.6,0.0,23.3,26.4,2024-07-20,29.6,7.5,20240720,20,89.5,8.3,1.4
197,2024,203,7,4.3,0.0,24.5,27.5,2024-07-21,31.5,6.4,20240721,21,81.9,1.7,2.0
198,2024,203,7,0.7,0.0,25.7,28.3,2024-07-22,30.4,8.5,20240722,22,83.0,0.9,1.9
199,2024,203,7,0.2,0.0,24.3,26.1,2024-07-23,28.9,9.1,20240723,23,94.4,48.4,1.9
200,2024,203,7,4.2,0.0,23.2,27.1,2024-07-24,32.1,5.3,20240724,24,91.8,34.9,1.0
201,2024,203,7,3.7,0.0,24.5,28.0,2024-07-25,33.3,6.8,20240725,25,88.0,2.7,0.8
202,2024,203,7,4.6,0.0,24.0,27.5,2024-07-26,33.6,8.6,20240726,26,90.5,4.4,1.0
203,2024,203,7,0.4,0.0,25.7,28.0,2024-07-27,32.9,8.6,20240727,27,90.6,14.4,1.0
204,2024,203,7,0.0,0.0,25.1,28.7,2024-07-28,32.5,7.6,20240728,28,82.0,0.0,1.3
205,2024,203,7,0.1,0.0,24.5,27.4,2024-07-29,29.8,6.0,20240729,29,86.6,0.0,1.5
206,2024,203,7,0.0,0.0,26.2,27.9,2024-07-30,31.1,4.9,20240730,30,84.9,0.0,1.3
207,2024,203,7,0.0,0.0,25.4,28.7,2024-07-31,33.0,4.4,20240731,31,81.1,0.0,1.0
208,2024,203,8,2.0,0.0,26.3,29.5,2024-08-01,33.5,4.9,20240801,1,81.9,0.0,1.1
209,2024,203,8,4.0,0.0,27.3,29.9,2024-08-02,33.7,4.5,20240802,2,83.0,0.3,1.2
210,2024,203,8,0.8,0.0,26.6,30.1,2024-08-03,34.9,2.3,20240803,3,81.3,0.0,0.9
211,2024,203,8,0.0,0.0,25.0,30.1,2024-08-04,35.6,1.8,20240804,4,78.5,0.0,0.6
212,2024,203,8,4.7,0.0,23.8,27.9,2024-08-05,34.8,6.4,20240805,5,89.3,50.9,1.0
213,2024,203,8,0.2,0.0,22.9,27.2,2024-08-06,32.6,5.9,20240806,6,88.8,0.0,0.5
214,2024,203,8,0.0,0.0,24.6,26.8,2024-08-07,32.2,5.9,20240807,7,93.4,17.4,0.6
215,2024,203,8,0.0,0.0,24.1,26.8,2024-08-08,30.3,7.9,20240808,8,91.9,11.1,0.8
216,2024,203,8,0.0,0.0,24.2,27.9,2024-08-09,33.3,2.9,20240809,9,84.9,0.0,0.5
217,2024,203,8,4.4,0.0,24.0,27.4,2024-08-10,33.8,6.0,20240810,10,88.9,1.1,0.6
218,2024,203,8,8.3,0.0,24.8,28.5,2024-08-11,33.9,4.5,20240811,11,83.9,0.0,0.7
219,2024,203,8,9.3,0.0,24.6,29.4,2024-08-12,34.7,2.6,20240812,12,83.3,0.0,0.5
220,2024,203,8,8.5,0.0,26.1,29.4,2024-08-13,34.7,3.9,20240813,13,82.0,0.0,0.7
221,2024,203,8,10.2,0.0,24.9,29.4,2024-08-14,34.7,4.3,20240814,14,79.6,0.0,0.6
222,2024,203,8,6.1,0.0,24.9,28.0,2024-08-15,34.1,4.3,20240815,15,82.8,0.0,0.7
223,2024,203,8,10.2,0.0,24.0,28.8,2024-08-16,33.9,3.0,20240816,16,78.5,0.0,0.8
224,2024,203,8,10.3,0.0,25.0,29.4,2024-08-17,34.5,6.0,20240817,17,76.0,0.0,0.7
225,2024,203,8,7.6,0.0,25.4,28.9,2024-08-18,35.1,5.1,20240818,18,79.5,0.0,0.9
226,2024,203,8,9.2,0.0,24.3,28.9,2024-08-19,35.1,3.4,20240819,19,78.0,0.0,0.7
227,2024,203,8,5.5,0.0,24.4,29.2,2024-08-20,34.2,7.5,20240820,20,80.6,1.1,0.8
228,2024,203,8,0.3,0.0,25.7,27.0,2024-08-21,30.0,9.1,20240821,21,97.9,40.2,1.3
229,2024,203,8,2.4,0.0,25.5,27.7,2024-08-22,31.6,7.4,20240822,22,89.4,14.9,1.8
230,2024,203,8,3.6,0.0,23.8,27.0,2024-08-23,32.0,3.5,20240823,23,86.1,1.4,1.5
231,2024,203,8,3.7,0.0,23.5,26.9,2024-08-24,32.0,5.3,20240824,24,88.3,0.0,0.6
232,2024,203,8,5.2,0.0,24.1,27.2,2024-08-25,32.5,4.6,20240825,25,87.3,0.0,0.5
233,2024,203,8,0.2,0.0,23.7,26.8,2024-08-26,30.9,8.5,20240826,26,91.3,0.0,0.4
234,2024,203,8,1.2,0.0,22.5,24.9,2024-08-27,27.9,7.9,20240827,27,94.6,1.0,0.5
235,2024,203,8,9.8,0.0,19.4,25.9,2024-08-28,32.7,0.5,20240828,28,78.5,0.0,0.8
236,2024,203,8,10.2,0.0,20.3,26.6,2024-08-29,32.9,1.5,20240829,29,74.6,0.0,1.2
237,2024,203,8,9.4,0.0,21.1,27.2,2024-08-30,34.0,0.0,20240830,30,73.5,0.0,0.9
238,2024,203,8,9.0,0.0,20.5,25.5,2024-08-31,31.5,2.1,20240831,31,82.4,0.0,0.7
239,2024,203,9,6.5,0.0,20.7,25.7,2024-09-01,32.1,4.4,20240901,1,78.3,0.0,0.8
240,2024,203,9,0.6,0.0,20.6,23.9,2024-09-02,28.6,7.6,20240902,2,88.5,0.5,0.7
241,2024,203,9,8.7,0.0,20.0,24.7,2024-09-03,31.4,3.5,20240903,3,72.9,0.0,0.9
242,2024,203,9,10.0,0.0,18.6,25.0,2024-09-04,31.9,2.1,20240904,4,77.1,0.0,0.7
243,2024,203,9,1.7,0.0,21.8,25.5,2024-09-05,31.7,7.8,20240905,5,86.0,1.7,0.9
244,2024,203,9,0.0,0.0,20.8,22.7,2024-09-06,24.4,9.6,20240906,6,96.1,5.3,0.7
245,2024,203,9,6.5,0.0,20.6,24.7,2024-09-07,30.9,4.9,20240907,7,85.5,0.3,0.5
246,2024,203,9,8.1,0.0,20.4,25.4,2024-09-08,32.3,2.3,20240908,8,82.9,0.0,0.5
247,2024,203,9,7.6,0.0,22.1,26.9,2024-09-09,33.0,2.9,20240909,9,83.5,0.0,0.5
248,2024,203,9,8.2,0.0,23.3,27.7,2024-09-10,34.2,1.8,20240910,10,83.5,0.0,0.6
249,2024,203,9,5.6,0.0,23.3,27.7,2024-09-11,34.5,6.0,20240911,11,83.8,19.0,0.9
250,2024,203,9,0.0,0.0,23.8,24.7,2024-09-12,25.4,9.9,20240912,12,100.0,141.2,0.6
251,2024,203,9,0.2,0.0,23.7,25.8,2024-09-13,30.0,9.8,20240913,13,95.8,1.6,0.6
252,2024,203,9,0.8,0.0,24.9,26.6,2024-09-14,29.7,7.4,20240914,14,94.8,7.0,0.6
253,2024,203,9,5.4,0.0,21.6,26.5,2024-09-15,31.6,4.8,20240915,15,84.8,0.0,1.0
254,2024,203,9,2.6,0.0,21.0,26.1,2024-09-16,31.9,8.5,20240916,16,80.6,0.0,0.7
255,2024,203,9,7.1,0.0,24.6,28.4,2024-09-17,33.6,6.6,20240917,17,84.4,0.0,0.5
256,2024,203,9,4.6,0.0,24.0,27.7,2024-09-18,34.0,6.6,20240918,18,88.5,24.9,0.8
257,2024,203,9,1.8,0.0,23.3,26.8,2024-09-19,31.3,9.1,20240919,19,91.6,0.0,0.5
258,2024,203,9,0.0,0.0,17.1,24.3,2024-09-20,27.4,10.0,20240920,20,98.4,30.9,1.2
259,2024,203,9,3.1,0.0,16.4,20.5,2024-09-22,26.3,5.4,20240922,22,75.6,0.0,1.2
260,2024,203,9,9.2,0.0,13.8,19.1,2024-09-23,25.7,1.6,20240923,23,72.4,0.0,1.0
261,2024,203,9,9.3,0.0,12.3,18.4,2024-09-24,26.1,2.1,20240924,24,77.1,0.0,0.6
262,2024,203,9,6.5,0.0,14.9,21.3,2024-09-25,28.4,7.4,20240925,25,82.4,0.0,0.5
263,2024,203,9,3.3,0.0,19.1,22.7,2024-09-26,28.9,5.5,20240926,26,85.8,0.0,0.6
264,2024,203,9,5.8,0.0,19.1,22.3,2024-09-27,28.2,3.1,20240927,27,80.3,0.0,0.8
265,2024,203,9,5.2,0.0,18.4,22.2,2024-09-28,28.0,4.8,20240928,28,71.0,0.0,1.1
266,2024,203,9,7.0,0.0,15.5,21.4,2024-09-29,28.6,2.3,20240929,29,75.6,0.0,0.8
267,2024,203,9,8.7,0.0,14.2,20.1,2024-09-30,27.3,3.5,20240930,30,76.5,0.0,0.6
268,2024,203,10,0.0,0.0,12.6,16.9,2024-10-01,20.1,7.3,20241001,1,81.1,0.9,0.8
