,cloud,date,rainfall,snow,tmin,day,tavg,tmax,humid,Date,sunshine,station_id,wind,year,month
0,0.0,20160102,0.0,0.0,-1.5,2,2.9,10.2,76.1,2016-01-02,3.5,203,0.5,2016,1
1,0.0,20160103,0.0,0.0,-1.5,3,3.9,9.9,80.8,2016-01-03,2.7,203,0.6,2016,1
2,0.0,20160104,0.0,0.0,-0.3,4,3.7,7.2,44.0,2016-01-04,8.1,203,2.1,2016,1
3,0.0,20160105,0.0,0.0,-4.6,5,-1.5,2.5,31.9,2016-01-05,6.6,203,1.7,2016,1
4,0.0,20160106,0.0,0.0,-7.8,6,-2.2,3.3,58.3,2016-01-06,2.5,203,1.0,2016,1
5,0.0,20160107,0.0,0.0,-7.1,7,-2.5,3.2,48.6,2016-01-07,8.8,203,1.5,2016,1
6,0.0,20160108,0.0,0.0,-9.9,8,-3.8,2.1,49.8,2016-01-08,8.8,203,1.3,2016,1
7,0.0,20160109,0.0,0.0,-5.8,9,-1.2,3.6,54.6,2016-01-09,7.8,203,1.4,2016,1
8,0.0,20160110,0.0,0.0,-2.6,10,0.7,5.7,42.4,2016-01-10,7.4,203,1.7,2016,1
9,0.0,20160111,0.0,0.0,-6.6,11,-2.6,3.3,31.4,2016-01-11,8.8,203,1.5,2016,1
10,0.0,20160112,0.0,0.0,-12.2,12,-5.3,1.9,52.3,2016-01-12,8.6,203,1.3,2016,1
11,0.0,20160113,1.2,0.0,-9.7,13,-3.8,1.3,60.8,2016-01-13,6.4,203,1.4,2016,1
12,0.0,20160114,0.5,0.0,-11.7,14,-4.1,0.7,55.1,2016-01-14,7.2,203,1.1,2016,1
13,0.0,20160115,1.1,0.0,-6.1,15,-2.5,3.0,76.9,2016-01-15,4.4,203,0.5,2016,1
14,0.0,20160116,0.0,0.0,-7.7,16,-2.6,3.7,73.5,2016-01-16,2.5,203,0.5,2016,1
15,0.0,20160117,0.0,0.0,-4.5,17,-0.1,4.2,71.8,2016-01-17,0.0,203,0.6,2016,1
16,0.0,20160118,0.2,0.0,-11.2,18,-5.0,0.7,53.0,2016-01-18,5.2,203,3.4,2016,1
17,0.0,20160119,0.0,0.0,-13.9,19,-11.0,-6.5,37.9,2016-01-19,8.9,203,3.3,2016,1
18,0.0,20160120,0.0,0.0,-16.9,20,-11.4,-4.7,57.8,2016-01-20,7.5,203,0.5,2016,1
19,0.0,20160121,0.0,0.0,-12.9,21,-7.6,-1.2,55.9,2016-01-21,5.5,203,0.8,2016,1
20,0.0,20160122,0.0,0.0,-14.7,22,-7.5,-1.2,48.0,2016-01-22,7.9,203,1.0,2016,1
21,0.0,20160123,0.0,0.0,-14.2,23,-9.8,-5.8,31.4,2016-01-23,8.2,203,2.9,2016,1
22,0.0,20160124,0.0,0.0,-18.1,24,-13.5,-8.1,38.8,2016-01-24,8.9,203,1.8,2016,1
23,0.0,20160125,0.0,0.0,-18.5,25,-9.5,-1.7,50.8,2016-01-25,9.0,203,1.3,2016,1
24,0.0,20160126,0.6,0.0,-10.4,26,-6.4,-0.9,77.4,2016-01-26,2.1,203,0.6,2016,1
25,0.0,20160127,0.0,0.0,-9.9,27,-3.4,4.4,65.3,2016-01-27,8.0,203,1.0,2016,1
26,0.0,20160128,0.0,0.0,-10.3,28,-2.3,3.7,59.4,2016-01-28,1.2,203,0.6,2016,1
27,0.0,20160129,0.0,0.0,-1.9,29,2.0,6.0,47.8,2016-01-29,0.2,203,1.5,2016,1
28,0.0,20160130,0.0,0.0,-4.6,30,0.9,7.9,60.6,2016-01-30,6.4,203,1.4,2016,1
29,0.0,20160131,0.0,0.0,-5.2,31,-2.6,1.6,43.8,2016-01-31,8.5,203,2.3,2016,1
30,0.0,20160201,0.0,0.0,-10.7,1,-5.3,0.6,37.0,2016-02-01,8.4,203,2.0,2016,2
31,0.0,20160202,0.0,0.0,-14.2,2,-5.9,1.9,46.6,2016-02-02,9.3,203,1.3,2016,2
32,0.0,20160203,0.0,0.0,-14.0,3,-4.4,4.2,56.6,2016-02-03,9.0,203,1.0,2016,2
33,0.0,20160204,0.0,0.0,-6.9,4,-1.0,6.1,53.9,2016-02-04,8.7,203,1.7,2016,2
34,0.0,20160205,0.0,0.0,-10.2,5,-2.5,4.8,40.9,2016-02-05,8.0,203,1.5,2016,2
35,0.0,20160206,0.0,0.0,-7.6,6,-2.7,4.1,45.5,2016-02-06,9.4,203,1.8,2016,2
36,0.0,20160207,0.0,0.0,-12.8,7,-4.3,3.8,50.1,2016-02-07,9.5,203,1.1,2016,2
37,0.0,20160208,0.8,0.0,-7.3,8,-0.5,5.4,65.4,2016-02-08,4.7,203,2.0,2016,2
38,0.0,20160209,0.0,0.0,-3.9,9,0.6,7.0,46.3,2016-02-09,9.0,203,2.7,2016,2
39,0.0,20160210,0.0,0.0,-8.3,10,0.2,10.2,49.1,2016-02-10,9.8,203,0.7,2016,2
40,0.0,20160211,0.2,0.0,-6.1,11,4.1,13.9,44.3,2016-02-11,5.5,203,0.6,2016,2
41,0.0,20160212,15.0,0.0,3.8,12,6.5,8.4,90.0,2016-02-12,0.0,203,0.6,2016,2
42,0.0,20160213,16.2,0.0,6.2,13,9.7,14.2,90.4,2016-02-13,0.4,203,0.9,2016,2
43,0.0,20160214,0.3,0.0,-5.3,14,-1.6,8.8,70.0,2016-02-14,0.2,203,3.8,2016,2
44,0.0,20160215,0.0,0.0,-8.9,15,-5.1,-1.5,49.3,2016-02-15,9.8,203,2.5,2016,2
45,0.0,20160216,0.9,0.0,-11.1,16,-2.8,2.0,67.3,2016-02-16,3.6,203,1.9,2016,2
46,0.0,20160217,0.0,0.0,-7.5,17,-0.5,5.8,53.1,2016-02-17,9.8,203,1.5,2016,2
47,0.0,20160218,0.1,0.0,-5.0,18,2.5,8.2,63.8,2016-02-18,5.7,203,1.9,2016,2
48,0.0,20160219,0.0,0.0,-1.3,19,1.9,5.1,63.8,2016-02-19,0.0,203,1.2,2016,2
49,0.0,20160220,0.0,0.0,-3.7,20,1.6,8.2,46.9,2016-02-20,8.6,203,2.0,2016,2
50,0.0,20160221,0.0,0.0,-5.6,21,0.0,5.8,32.9,2016-02-21,9.9,203,2.1,2016,2
51,0.0,20160222,0.0,0.0,-3.7,22,0.8,4.7,39.8,2016-02-22,0.0,203,0.7,2016,2
52,0.0,20160223,0.3,0.0,-2.9,23,1.2,6.8,47.5,2016-02-23,7.8,203,2.0,2016,2
53,0.0,20160224,0.0,0.0,-7.3,24,-2.4,3.2,43.4,2016-02-24,10.0,203,2.2,2016,2
54,0.0,20160225,0.0,0.0,-8.7,25,-0.5,5.2,51.3,2016-02-25,8.5,203,2.2,2016,2
55,0.0,20160226,0.5,0.0,-2.8,26,2.7,7.9,46.8,2016-02-26,9.6,203,2.1,2016,2
56,0.0,20160227,8.9,0.0,-0.9,27,1.6,6.7,74.8,2016-02-27,5.2,203,0.9,2016,2
57,0.0,20160228,9.0,0.0,-3.7,28,-0.5,3.6,83.9,2016-02-28,0.0,203,0.8,2016,2
58,0.0,20160229,0.0,0.0,-6.1,29,-3.6,-0.3,51.6,2016-02-29,8.9,203,2.3,2016,2
59,0.0,20160301,0.0,0.0,-10.9,1,-2.8,2.7,50.9,2016-03-01,9.8,203,1.7,2016,3
60,0.0,20160302,0.0,0.0,-4.7,2,1.3,9.0,68.1,2016-03-02,5.0,203,1.7,2016,3
61,0.0,20160303,0.0,0.0,-1.4,3,4.8,12.3,69.4,2016-03-03,4.7,203,0.9,2016,3
62,0.0,20160304,1.9,0.0,0.4,4,9.7,17.8,66.9,2016-03-04,6.2,203,1.2,2016,3
63,0.0,20160305,56.3,0.0,7.7,5,11.6,16.0,84.9,2016-03-05,0.0,203,1.3,2016,3
64,0.0,20160306,0.0,0.0,3.2,6,8.8,14.0,56.0,2016-03-06,8.1,203,1.9,2016,3
65,0.0,20160307,0.0,0.0,0.8,7,6.6,11.5,55.0,2016-03-07,0.7,203,0.9,2016,3
66,0.0,20160308,0.0,0.0,0.9,8,4.0,6.8,34.6,2016-03-08,0.3,203,2.1,2016,3
67,0.0,20160309,0.0,0.0,-1.8,9,1.9,8.3,34.3,2016-03-09,8.9,203,2.1,2016,3
68,0.0,20160310,0.0,0.0,-2.8,10,0.2,4.8,31.3,2016-03-10,9.8,203,2.5,2016,3
69,0.0,20160311,0.0,0.0,-4.9,11,-0.1,6.1,38.8,2016-03-11,10.7,203,1.8,2016,3
70,0.0,20160312,0.0,0.0,-5.9,12,1.5,8.0,53.3,2016-03-12,7.5,203,1.4,2016,3
71,0.0,20160313,0.0,0.0,-1.0,13,2.3,6.6,64.6,2016-03-13,0.6,203,0.8,2016,3
72,0.0,20160314,0.0,0.0,-2.4,14,3.6,11.0,58.9,2016-03-14,7.3,203,1.4,2016,3
73,0.0,20160315,0.0,0.0,-4.1,15,5.0,13.4,47.3,2016-03-15,9.1,203,1.7,2016,3
74,0.0,20160316,0.0,0.0,0.6,16,7.6,15.6,40.1,2016-03-16,9.4,203,1.6,2016,3
75,0.0,20160317,0.0,0.0,-2.1,17,7.8,17.3,42.5,2016-03-17,7.1,203,0.9,2016,3
76,0.0,20160318,0.0,0.0,6.0,18,11.8,17.7,51.0,2016-03-18,3.9,203,1.1,2016,3
77,0.0,20160319,0.0,0.0,1.6,19,10.1,17.6,59.3,2016-03-19,9.4,203,1.9,2016,3
78,0.0,20160320,0.0,0.0,0.6,20,8.9,16.5,55.0,2016-03-20,6.4,203,1.3,2016,3
79,0.0,20160321,0.0,0.0,0.5,21,9.0,17.6,52.4,2016-03-21,10.3,203,1.6,2016,3
80,0.0,20160322,0.0,0.0,-0.6,22,8.5,16.1,43.8,2016-03-22,10.4,203,2.2,2016,3
81,0.0,20160323,0.0,0.0,2.9,23,7.6,14.0,53.4,2016-03-23,8.1,203,1.8,2016,3
82,0.0,20160324,0.0,0.0,-1.9,24,6.1,13.6,44.1,2016-03-24,10.9,203,1.7,2016,3
83,0.0,20160325,0.0,0.0,-1.0,25,5.7,12.4,46.9,2016-03-25,8.3,203,1.5,2016,3
84,0.0,20160326,0.0,0.0,-1.9,26,5.9,13.5,46.1,2016-03-26,10.0,203,1.5,2016,3
85,0.0,20160327,0.0,0.0,-2.2,27,6.4,14.8,44.4,2016-03-27,10.5,203,2.1,2016,3
86,0.0,20160328,0.0,0.0,-2.8,28,8.2,17.8,36.3,2016-03-28,11.0,203,1.3,2016,3
87,0.0,20160329,0.0,0.0,1.8,29,10.8,19.8,51.0,2016-03-29,3.3,203,2.2,2016,3
88,0.0,20160330,0.0,0.0,3.9,30,11.4,20.1,44.3,2016-03-30,9.1,203,1.9,2016,3
89,0.0,20160331,0.0,0.0,1.0,31,11.8,22.4,32.9,2016-03-31,7.8,203,0.9,2016,3
90,0.0,20160401,0.0,0.0,1.3,1,13.7,25.2,33.5,2016-04-01,10.7,203,1.3,2016,4
91,0.0,20160402,0.0,0.0,4.3,2,14.3,24.1,35.4,2016-04-02,10.7,203,1.9,2016,4
92,0.0,20160403,0.0,0.0,7.9,3,11.1,15.1,65.5,2016-04-03,0.0,203,1.4,2016,4
93,0.0,20160404,0.0,0.0,5.5,4,12.8,20.3,44.4,2016-04-04,10.4,203,1.9,2016,4
94,0.0,20160405,0.0,0.0,4.2,5,11.7,20.6,29.4,2016-04-05,11.4,203,2.3,2016,4
95,0.0,20160406,2.7,0.0,2.2,6,13.1,22.8,40.3,2016-04-06,6.6,203,1.4,2016,4
96,0.0,20160407,14.4,0.0,9.7,7,13.6,21.2,69.4,2016-04-07,7.4,203,2.1,2016,4
97,0.0,20160408,0.0,0.0,8.3,8,12.7,21.3,67.6,2016-04-08,8.1,203,2.1,2016,4
98,0.0,20160409,0.0,0.0,7.7,9,13.5,19.4,73.9,2016-04-09,1.0,203,1.4,2016,4
99,0.0,20160410,0.0,0.0,8.8,10,14.6,22.9,63.0,2016-04-10,5.7,203,2.2,2016,4
100,0.0,20160411,0.0,0.0,5.8,11,12.1,19.2,43.1,2016-04-11,10.9,203,2.1,2016,4
101,0.0,20160412,0.0,0.0,4.9,12,13.3,20.7,44.4,2016-04-12,7.0,203,1.6,2016,4
102,0.0,20160413,4.7,0.0,10.0,13,13.6,20.8,77.8,2016-04-13,4.4,203,0.9,2016,4
103,0.0,20160414,0.0,0.0,8.5,14,13.4,19.2,68.5,2016-04-14,9.4,203,2.3,2016,4
104,0.0,20160415,0.0,0.0,5.0,15,14.2,24.6,48.1,2016-04-15,11.5,203,1.6,2016,4
105,0.0,20160416,28.6,0.0,5.7,16,13.6,21.8,62.4,2016-04-16,3.6,203,1.6,2016,4
106,0.0,20160417,15.1,0.0,8.0,17,11.8,15.7,57.9,2016-04-17,8.4,203,4.3,2016,4
107,0.0,20160418,4.0,0.0,5.8,18,11.4,19.6,57.5,2016-04-18,10.2,203,2.5,2016,4
108,0.0,20160419,0.0,0.0,6.6,19,12.1,18.3,55.8,2016-04-19,10.2,203,2.0,2016,4
109,0.0,20160420,0.9,0.0,7.7,20,12.9,20.1,65.5,2016-04-20,3.9,203,1.2,2016,4
110,0.0,20160421,15.8,0.0,9.8,21,13.7,18.8,81.9,2016-04-21,1.6,203,1.4,2016,4
111,0.0,20160422,0.0,0.0,11.4,22,16.1,25.0,69.1,2016-04-22,8.5,203,2.4,2016,4
112,0.0,20160423,0.0,0.0,8.7,23,13.8,20.7,49.3,2016-04-23,3.5,203,1.5,2016,4
113,0.0,20160424,0.0,0.0,5.1,24,14.4,23.6,39.3,2016-04-24,10.8,203,1.0,2016,4
114,0.0,20160425,0.0,0.0,6.6,25,16.7,27.1,42.6,2016-04-25,11.5,203,1.2,2016,4
115,0.0,20160426,0.0,0.0,8.4,26,19.4,29.8,42.8,2016-04-26,9.5,203,1.3,2016,4
116,0.0,20160427,0.5,0.0,11.9,27,13.8,17.4,52.0,2016-04-27,0.0,203,1.6,2016,4
117,0.0,20160428,0.0,0.0,9.7,28,15.5,22.7,40.3,2016-04-28,8.1,203,1.5,2016,4
118,0.0,20160429,0.0,0.0,9.0,29,15.5,23.5,49.1,2016-04-29,11.4,203,1.6,2016,4
119,0.0,20160430,0.0,0.0,8.0,30,16.2,23.9,50.1,2016-04-30,5.2,203,2.1,2016,4
120,0.0,20160501,0.0,0.0,8.2,1,17.9,28.3,45.1,2016-05-01,8.9,203,1.3,2016,5
121,0.0,20160502,10.1,0.0,11.9,2,19.1,28.8,62.1,2016-05-02,7.9,203,1.5,2016,5
122,0.0,20160503,26.6,0.0,9.4,3,13.5,17.9,81.8,2016-05-03,0.0,203,3.7,2016,5
123,0.0,20160504,0.0,0.0,10.4,4,16.1,21.1,37.6,2016-05-04,12.9,203,4.5,2016,5
124,0.0,20160505,0.9,0.0,7.3,5,18.2,26.9,45.8,2016-05-05,11.1,203,1.7,2016,5
125,0.0,20160506,0.4,0.0,12.8,6,16.0,19.2,78.8,2016-05-06,0.0,203,1.3,2016,5
126,0.0,20160507,0.0,0.0,10.2,7,16.2,23.4,55.4,2016-05-07,12.3,203,2.2,2016,5
127,0.0,20160508,0.0,0.0,8.1,8,18.3,27.6,47.4,2016-05-08,11.3,203,1.4,2016,5
128,0.0,20160509,0.0,0.0,12.9,9,19.6,26.8,44.6,2016-05-09,3.9,203,1.1,2016,5
129,0.0,20160510,15.5,0.0,12.5,10,13.8,18.7,80.1,2016-05-10,0.0,203,1.5,2016,5
130,0.0,20160511,0.0,0.0,9.5,11,16.6,24.4,59.4,2016-05-11,12.7,203,1.5,2016,5
131,0.0,20160512,0.0,0.0,9.2,12,17.7,25.5,58.8,2016-05-12,12.5,203,1.9,2016,5
132,0.0,20160513,0.0,0.0,13.0,13,17.6,24.8,61.5,2016-05-13,9.2,203,1.7,2016,5
133,0.0,20160514,0.0,0.0,11.4,14,19.3,27.2,47.9,2016-05-14,11.9,203,1.8,2016,5
134,0.0,20160515,17.5,0.0,12.8,15,17.7,26.6,67.9,2016-05-15,7.0,203,2.5,2016,5
135,0.0,20160516,3.5,0.0,9.5,16,15.5,22.7,51.4,2016-05-16,11.0,203,2.3,2016,5
136,0.0,20160517,0.0,0.0,7.1,17,17.6,28.0,53.1,2016-05-17,12.8,203,1.2,2016,5
137,0.0,20160518,0.0,0.0,10.1,18,20.6,30.7,49.0,2016-05-18,12.7,203,0.9,2016,5
138,0.0,20160519,0.0,0.0,12.3,19,22.6,32.4,45.3,2016-05-19,12.9,203,0.8,2016,5
139,0.0,20160520,0.0,0.0,12.9,20,21.8,31.2,46.4,2016-05-20,12.7,203,0.8,2016,5
140,0.0,20160521,0.0,0.0,11.0,21,21.1,30.3,42.6,2016-05-21,12.1,203,1.0,2016,5
141,0.0,20160522,0.0,0.0,12.4,22,21.6,30.7,45.6,2016-05-22,12.5,203,1.2,2016,5
142,0.0,20160523,0.0,0.0,12.8,23,21.9,29.3,45.9,2016-05-23,9.4,203,1.1,2016,5
143,0.0,20160524,23.4,0.0,13.1,24,16.5,22.0,82.8,2016-05-24,4.3,203,1.6,2016,5
144,0.0,20160525,0.0,0.0,12.3,25,18.8,24.7,69.1,2016-05-25,6.9,203,1.4,2016,5
145,0.0,20160526,0.0,0.0,15.7,26,19.7,24.5,67.3,2016-05-26,2.5,203,1.1,2016,5
146,0.0,20160527,0.0,0.0,13.2,27,20.3,28.0,61.6,2016-05-27,5.8,203,1.0,2016,5
147,0.0,20160528,0.0,0.0,14.3,28,21.1,28.5,55.3,2016-05-28,11.8,203,1.5,2016,5
148,0.0,20160529,0.0,0.0,15.5,29,20.4,27.6,55.1,2016-05-29,6.6,203,1.5,2016,5
149,0.0,20160530,0.0,0.0,13.0,30,21.1,29.2,56.9,2016-05-30,12.0,203,1.6,2016,5
150,0.0,20160531,0.0,0.0,14.6,31,21.2,28.0,62.3,2016-05-31,10.8,203,1.8,2016,5
151,0.0,20160601,0.0,0.0,15.3,1,21.9,29.1,51.1,2016-06-01,10.3,203,1.3,2016,6
152,0.0,20160602,0.0,0.0,13.0,2,21.7,29.4,46.8,2016-06-02,11.9,203,1.3,2016,6
153,0.0,20160603,0.0,0.0,15.2,3,21.8,28.7,48.3,2016-06-03,11.9,203,1.5,2016,6
154,0.0,20160604,0.0,0.0,16.2,4,19.9,24.3,60.8,2016-06-04,0.0,203,1.1,2016,6
155,0.0,20160605,0.0,0.0,14.5,5,23.2,31.1,50.8,2016-06-05,10.9,203,1.2,2016,6
156,0.0,20160606,0.0,0.0,16.5,6,21.0,26.1,55.8,2016-06-06,5.0,203,2.1,2016,6
157,0.0,20160607,0.0,0.0,18.2,7,21.9,26.9,62.5,2016-06-07,5.6,203,1.3,2016,6
158,0.0,20160608,0.0,0.0,16.7,8,21.5,27.1,65.0,2016-06-08,8.8,203,1.7,2016,6
159,0.0,20160609,0.0,0.0,15.3,9,23.2,32.0,60.8,2016-06-09,10.9,203,1.1,2016,6
160,0.0,20160610,0.0,0.0,17.5,10,24.5,32.0,60.3,2016-06-10,11.3,203,1.4,2016,6
161,0.0,20160611,0.0,0.0,20.5,11,24.6,29.8,65.1,2016-06-11,3.9,203,1.3,2016,6
162,0.0,20160612,0.1,0.0,21.4,12,24.4,29.2,72.4,2016-06-12,4.3,203,1.6,2016,6
163,0.0,20160613,0.0,0.0,19.5,13,23.7,30.6,65.1,2016-06-13,8.0,203,1.7,2016,6
164,0.0,20160614,0.0,0.0,17.8,14,24.0,30.0,62.8,2016-06-14,7.2,203,1.5,2016,6
165,0.0,20160615,2.1,0.0,17.2,15,21.7,26.7,71.5,2016-06-15,3.2,203,1.8,2016,6
166,0.0,20160616,0.0,0.0,18.2,16,21.2,26.7,68.3,2016-06-16,5.6,203,1.9,2016,6
167,0.0,20160617,0.0,0.0,16.7,17,23.4,29.8,58.6,2016-06-17,10.9,203,1.7,2016,6
168,0.0,20160618,0.0,0.0,16.7,18,24.1,32.2,59.5,2016-06-18,11.7,203,1.1,2016,6
169,0.0,20160619,0.0,0.0,18.6,19,23.9,30.4,62.3,2016-06-19,10.1,203,1.4,2016,6
170,0.0,20160620,0.0,0.0,17.3,20,24.0,31.4,64.0,2016-06-20,7.7,203,1.1,2016,6
171,0.0,20160621,0.0,0.0,18.1,21,25.2,32.3,61.4,2016-06-21,8.4,203,0.9,2016,6
172,0.0,20160622,0.7,0.0,20.9,22,24.5,32.0,68.1,2016-06-22,5.3,203,1.7,2016,6
173,0.0,20160623,0.5,0.0,20.0,23,25.2,32.3,66.4,2016-06-23,6.8,203,1.2,2016,6
174,0.0,20160624,15.5,0.0,19.8,24,22.0,27.5,80.9,2016-06-24,2.3,203,1.7,2016,6
175,0.0,20160625,0.0,0.0,18.1,25,22.2,27.8,60.8,2016-06-25,9.4,203,2.9,2016,6
176,0.0,20160626,0.0,0.0,16.5,26,23.6,31.4,57.8,2016-06-26,12.1,203,1.8,2016,6
177,0.0,20160627,0.0,0.0,16.2,27,22.9,29.6,62.6,2016-06-27,4.7,203,0.9,2016,6
178,0.0,20160628,0.0,0.0,16.4,28,24.3,31.7,58.0,2016-06-28,9.6,203,1.6,2016,6
179,0.0,20160629,0.0,0.0,19.2,29,24.4,28.9,60.8,2016-06-29,8.2,203,1.6,2016,6
180,0.0,20160630,0.0,0.0,21.9,30,25.3,29.2,70.9,2016-06-30,4.9,203,1.8,2016,6
181,0.0,20160701,40.8,0.0,22.7,1,24.2,28.2,84.0,2016-07-01,0.0,203,1.8,2016,7
182,0.0,20160702,0.7,0.0,21.7,2,23.6,27.5,78.3,2016-07-02,0.9,203,1.7,2016,7
183,0.0,20160703,0.0,0.0,19.7,3,22.7,25.2,76.5,2016-07-03,0.8,203,0.9,2016,7
184,0.0,20160704,83.2,0.0,19.5,4,20.5,21.1,91.6,2016-07-04,0.0,203,1.2,2016,7
185,0.0,20160705,31.8,0.0,20.1,5,24.1,28.2,87.6,2016-07-05,0.2,203,1.9,2016,7
186,0.0,20160706,1.5,0.0,20.8,6,23.4,28.3,77.9,2016-07-06,3.8,203,1.1,2016,7
187,0.0,20160707,0.0,0.0,20.1,7,23.9,28.4,75.6,2016-07-07,0.8,203,0.8,2016,7
188,0.0,20160708,0.0,0.0,19.6,8,26.4,34.1,69.0,2016-07-08,11.0,203,0.7,2016,7
189,0.0,20160709,0.0,0.0,20.1,9,26.8,33.6,65.3,2016-07-09,12.1,203,1.2,2016,7
190,0.0,20160710,0.0,0.0,20.5,10,26.5,33.4,66.3,2016-07-10,8.1,203,1.0,2016,7
191,0.0,20160711,0.1,0.0,21.8,11,27.5,34.5,64.1,2016-07-11,5.7,203,1.1,2016,7
192,0.0,20160712,12.6,0.0,22.0,12,25.2,29.9,78.0,2016-07-12,2.7,203,1.1,2016,7
193,0.0,20160713,0.0,0.0,21.0,13,25.5,30.7,69.4,2016-07-13,4.5,203,1.2,2016,7
194,0.0,20160714,0.0,0.0,22.4,14,26.2,30.6,67.3,2016-07-14,6.7,203,1.5,2016,7
195,0.0,20160715,1.1,0.0,19.5,15,24.7,29.1,67.5,2016-07-15,4.6,203,1.1,2016,7
196,0.0,20160716,74.9,0.0,19.2,16,20.3,22.2,92.1,2016-07-16,0.0,203,1.8,2016,7
197,0.0,20160717,2.1,0.0,20.5,17,21.8,24.5,84.4,2016-07-17,0.8,203,1.8,2016,7
198,0.0,20160718,0.0,0.0,19.5,18,23.5,28.5,75.1,2016-07-18,4.8,203,0.8,2016,7
199,0.0,20160719,0.0,0.0,19.0,19,24.9,32.5,74.5,2016-07-19,7.8,203,0.7,2016,7
200,0.0,20160720,0.0,0.0,21.4,20,26.6,32.0,68.3,2016-07-20,8.8,203,1.4,2016,7
201,0.0,20160721,0.0,0.0,21.3,21,25.8,31.3,69.1,2016-07-21,5.4,203,1.0,2016,7
202,0.0,20160722,0.0,0.0,22.4,22,27.6,33.5,64.3,2016-07-22,11.0,203,1.3,2016,7
203,0.0,20160723,0.0,0.0,23.9,23,28.2,32.3,68.1,2016-07-23,5.1,203,1.1,2016,7
204,0.0,20160724,0.3,0.0,25.7,24,28.3,31.9,75.0,2016-07-24,2.2,203,0.8,2016,7
205,0.0,20160725,0.0,0.0,25.8,25,28.3,32.3,75.3,2016-07-25,3.0,203,1.0,2016,7
206,0.0,20160726,0.0,0.0,23.2,26,27.6,32.7,71.3,2016-07-26,6.9,203,1.3,2016,7
207,0.0,20160727,0.0,0.0,23.1,27,27.1,30.3,76.1,2016-07-27,3.7,203,1.4,2016,7
208,0.0,20160728,0.0,0.0,24.7,28,28.0,32.2,68.5,2016-07-28,10.3,203,1.9,2016,7
209,0.0,20160729,17.0,0.0,23.0,29,24.8,27.7,86.1,2016-07-29,0.6,203,0.4,2016,7
210,0.0,20160730,16.2,0.0,24.2,30,27.8,32.4,78.5,2016-07-30,6.2,203,0.9,2016,7
211,0.0,20160731,1.7,0.0,23.8,31,27.2,33.2,77.8,2016-07-31,8.7,203,0.9,2016,7
212,0.0,20160801,0.0,0.0,23.2,1,26.3,31.3,78.9,2016-08-01,3.3,203,0.8,2016,8
213,0.0,20160802,0.0,0.0,22.9,2,26.6,30.1,75.4,2016-08-02,1.7,203,0.7,2016,8
214,0.0,20160803,0.0,0.0,22.6,3,27.9,34.4,69.4,2016-08-03,12.0,203,0.9,2016,8
215,0.0,20160804,0.0,0.0,23.3,4,28.7,34.7,69.1,2016-08-04,11.7,203,0.7,2016,8
216,0.0,20160805,0.0,0.0,23.7,5,29.1,35.6,69.1,2016-08-05,12.6,203,0.7,2016,8
217,0.0,20160806,0.0,0.0,23.5,6,29.2,36.3,68.6,2016-08-06,10.4,203,0.8,2016,8
218,0.0,20160807,0.0,0.0,24.8,7,29.6,35.3,61.4,2016-08-07,10.9,203,1.2,2016,8
219,0.0,20160808,0.0,0.0,22.5,8,28.9,35.7,66.3,2016-08-08,10.1,203,0.9,2016,8
220,0.0,20160809,0.0,0.0,24.0,9,28.7,34.5,67.5,2016-08-09,8.8,203,1.1,2016,8
221,0.0,20160810,0.0,0.0,24.0,10,28.9,34.3,64.6,2016-08-10,9.4,203,1.1,2016,8
222,0.0,20160811,0.0,0.0,22.7,11,29.5,36.0,61.5,2016-08-11,11.9,203,1.0,2016,8
223,0.0,20160812,0.0,0.0,23.4,12,29.2,35.7,67.8,2016-08-12,11.5,203,1.3,2016,8
224,0.0,20160813,0.0,0.0,24.5,13,29.2,34.9,67.3,2016-08-13,8.2,203,1.4,2016,8
225,0.0,20160814,2.9,0.0,24.9,14,28.1,33.5,76.4,2016-08-14,3.3,203,1.0,2016,8
226,0.0,20160815,0.0,0.0,25.3,15,28.8,33.5,66.5,2016-08-15,5.4,203,1.1,2016,8
227,0.0,20160816,0.0,0.0,23.9,16,29.0,34.8,62.9,2016-08-16,10.4,203,1.0,2016,8
228,0.0,20160817,0.0,0.0,22.8,17,28.0,34.4,67.4,2016-08-17,10.6,203,0.8,2016,8
229,0.0,20160818,0.0,0.0,23.5,18,28.6,35.9,67.8,2016-08-18,5.6,203,0.8,2016,8
230,0.0,20160819,0.0,0.0,24.0,19,28.7,34.3,69.3,2016-08-19,3.1,203,0.9,2016,8
231,0.0,20160820,0.0,0.0,24.1,20,29.3,35.7,61.8,2016-08-20,8.0,203,0.9,2016,8
232,0.0,20160821,0.0,0.0,24.5,21,29.1,35.1,61.9,2016-08-21,7.1,203,0.8,2016,8
233,0.0,20160822,0.0,0.0,23.4,22,28.8,34.0,63.1,2016-08-22,8.6,203,0.9,2016,8
234,0.0,20160823,0.0,0.0,22.7,23,28.2,34.1,63.3,2016-08-23,6.8,203,1.2,2016,8
235,0.0,20160824,0.0,0.0,24.1,24,28.3,33.8,58.8,2016-08-24,8.3,203,1.1,2016,8
236,0.0,20160825,0.2,0.0,21.7,25,27.2,34.2,65.1,2016-08-25,7.8,203,1.2,2016,8
237,0.0,20160826,26.0,0.0,15.4,26,20.0,24.3,77.3,2016-08-26,4.0,203,1.9,2016,8
238,0.0,20160827,0.0,0.0,12.1,27,21.2,29.1,57.0,2016-08-27,10.7,203,1.4,2016,8
239,0.0,20160828,11.4,0.0,16.4,28,19.2,23.8,72.1,2016-08-28,0.5,203,1.5,2016,8
240,0.0,20160829,0.0,0.0,16.1,29,19.8,25.2,68.1,2016-08-29,3.4,203,1.4,2016,8
241,0.0,20160830,0.0,0.0,14.3,30,19.5,24.7,69.0,2016-08-30,5.5,203,1.5,2016,8
242,0.0,20160831,19.4,0.0,16.1,31,18.4,21.1,78.8,2016-08-31,0.0,203,3.0,2016,8
243,0.0,20160901,0.1,0.0,15.8,1,22.8,29.9,70.8,2016-09-01,9.2,203,1.9,2016,9
244,0.0,20160902,3.5,0.0,19.4,2,21.9,26.7,78.5,2016-09-02,4.9,203,1.8,2016,9
245,0.0,20160903,0.7,0.0,19.3,3,23.3,29.8,77.6,2016-09-03,5.8,203,1.0,2016,9
246,0.0,20160904,0.0,0.0,20.0,4,24.8,29.3,75.0,2016-09-04,3.3,203,0.8,2016,9
247,0.0,20160905,0.0,0.0,22.3,5,26.0,31.8,71.1,2016-09-05,7.6,203,1.0,2016,9
248,0.0,20160906,0.0,0.0,19.0,6,23.2,28.6,74.4,2016-09-06,3.2,203,1.0,2016,9
249,0.0,20160907,0.0,0.0,18.5,7,23.3,29.4,73.9,2016-09-07,3.4,203,1.0,2016,9
250,0.0,20160908,1.6,0.0,19.7,8,22.9,28.0,73.8,2016-09-08,4.7,203,1.1,2016,9
251,0.0,20160909,0.0,0.0,18.3,9,23.1,29.5,72.6,2016-09-09,6.4,203,0.9,2016,9
252,0.0,20160910,0.0,0.0,17.7,10,22.8,29.2,73.8,2016-09-10,4.8,203,0.8,2016,9
253,0.0,20160911,0.0,0.0,18.1,11,23.0,29.1,68.3,2016-09-11,6.7,203,0.9,2016,9
254,0.0,20160912,0.0,0.0,19.7,12,23.5,29.7,71.8,2016-09-12,6.3,203,0.8,2016,9
255,0.0,20160913,0.0,0.0,18.0,13,23.2,30.5,68.4,2016-09-13,10.5,203,0.8,2016,9
256,0.0,20160914,0.0,0.0,19.0,14,23.4,29.2,71.0,2016-09-14,4.7,203,0.9,2016,9
257,0.0,20160915,0.0,0.0,16.1,15,21.8,29.6,73.9,2016-09-15,5.2,203,0.5,2016,9
258,0.0,20160916,0.0,0.0,16.9,16,23.0,28.7,72.0,2016-09-16,3.6,203,0.8,2016,9
259,0.0,20160917,34.6,0.0,18.1,17,19.8,22.4,86.3,2016-09-17,0.6,203,1.3,2016,9
260,0.0,20160918,0.0,0.0,17.3,18,21.6,28.3,63.9,2016-09-18,4.3,203,1.7,2016,9
261,0.0,20160919,0.0,0.0,14.4,19,19.4,27.2,64.0,2016-09-19,6.5,203,1.7,2016,9
262,0.0,20160920,0.0,0.0,12.9,20,18.6,26.4,51.8,2016-09-20,10.6,203,1.8,2016,9
263,0.0,20160921,0.0,0.0,9.5,21,16.7,24.8,66.9,2016-09-21,7.5,203,0.8,2016,9
264,0.0,20160922,0.0,0.0,13.5,22,19.1,27.1,63.0,2016-09-22,8.9,203,0.7,2016,9
265,0.0,20160923,0.0,0.0,12.4,23,18.9,28.0,67.9,2016-09-23,9.8,203,0.6,2016,9
266,0.0,20160924,0.0,0.0,12.7,24,19.8,28.5,70.1,2016-09-24,9.5,203,0.6,2016,9
267,0.0,20160925,0.0,0.0,14.7,25,19.8,27.4,74.8,2016-09-25,2.8,203,0.6,2016,9
268,0.0,20160926,0.0,0.0,15.8,26,20.5,25.8,79.0,2016-09-26,1.6,203,0.6,2016,9
269,0.0,20160927,0.6,0.0,18.5,27,20.0,22.4,87.6,2016-09-27,0.0,203,0.5,2016,9
270,0.0,20160928,0.0,0.0,17.9,28,20.4,24.3,79.8,2016-09-28,0.3,203,0.8,2016,9
271,0.0,20160929,0.0,0.0,16.4,29,18.7,21.8,68.8,2016-09-29,0.0,203,1.8,2016,9
272,0.0,20160930,0.0,0.0,15.7,30,18.7,22.5,76.1,2016-09-30,0.1,203,0.8,2016,9
273,0.0,20161001,0.0,0.0,15.7,1,18.7,23.3,81.8,2016-10-01,0.2,203,0.6,2016,10
274,0.0,20161002,6.7,0.0,16.2,2,17.6,20.0,88.1,2016-10-02,0.0,203,0.9,2016,10
275,0.0,20161003,11.0,0.0,16.4,3,22.4,28.9,78.0,2016-10-03,5.8,203,1.4,2016,10
276,0.0,20161004,0.0,0.0,13.4,4,20.2,29.1,72.4,2016-10-04,6.7,203,1.4,2016,10
277,0.0,20161005,9.5,0.0,15.5,5,19.2,26.7,77.8,2016-10-05,4.5,203,1.5,2016,10
278,0.0,20161006,0.0,0.0,13.0,6,17.4,24.7,71.8,2016-10-06,9.4,203,0.9,2016,10
279,0.0,20161007,5.8,0.0,12.8,7,17.8,25.2,76.1,2016-10-07,5.9,203,1.5,2016,10
280,0.0,20161008,6.6,0.0,12.5,8,16.7,23.0,67.9,2016-10-08,5.5,203,1.6,2016,10
281,0.0,20161009,0.0,0.0,5.9,9,11.2,17.8,50.5,2016-10-09,10.1,203,1.4,2016,10
282,0.0,20161010,0.0,0.0,5.2,10,11.6,20.0,66.5,2016-10-10,9.7,203,0.8,2016,10
283,0.0,20161011,0.0,0.0,7.6,11,13.2,21.2,71.3,2016-10-11,5.6,203,0.7,2016,10
284,0.0,20161012,0.0,0.0,6.9,12,13.4,22.2,66.6,2016-10-12,7.6,203,0.8,2016,10
285,0.0,20161013,0.0,0.0,7.2,13,13.0,20.8,65.3,2016-10-13,9.1,203,0.8,2016,10
286,0.0,20161014,0.0,0.0,6.1,14,13.5,23.0,72.3,2016-10-14,8.9,203,0.5,2016,10
287,0.0,20161015,0.0,0.0,8.0,15,15.6,25.9,72.9,2016-10-15,6.3,203,0.5,2016,10
288,0.0,20161016,2.2,0.0,12.4,16,15.2,19.7,85.3,2016-10-16,0.1,203,0.6,2016,10
289,0.0,20161017,0.3,0.0,12.9,17,16.8,22.8,79.3,2016-10-17,6.3,203,0.7,2016,10
290,0.0,20161018,0.0,0.0,10.9,18,14.4,22.2,86.9,2016-10-18,4.1,203,0.6,2016,10
291,0.0,20161019,0.0,0.0,10.6,19,15.6,23.9,77.1,2016-10-19,6.5,203,0.8,2016,10
292,0.0,20161020,0.0,0.0,8.7,20,15.1,24.4,79.4,2016-10-20,4.5,203,0.8,2016,10
293,0.0,20161021,0.0,0.0,12.3,21,15.7,19.7,69.6,2016-10-21,0.7,203,1.4,2016,10
294,0.0,20161022,0.0,0.0,11.1,22,15.9,22.0,72.0,2016-10-22,2.4,203,0.7,2016,10
295,0.0,20161023,3.6,0.0,9.4,23,12.3,15.8,76.4,2016-10-23,0.0,203,1.9,2016,10
296,0.0,20161024,0.0,0.0,6.4,24,13.1,20.0,68.6,2016-10-24,9.6,203,1.1,2016,10
297,0.0,20161025,43.1,0.0,9.8,25,12.2,16.6,91.1,2016-10-25,1.0,203,1.0,2016,10
298,0.0,20161026,0.0,0.0,7.4,26,11.6,14.7,89.6,2016-10-26,0.0,203,0.6,2016,10
299,0.0,20161027,0.0,0.0,7.9,27,13.4,19.7,81.3,2016-10-27,5.0,203,0.9,2016,10
300,0.0,20161028,2.0,0.0,11.5,28,13.6,16.8,73.3,2016-10-28,0.2,203,0.9,2016,10
301,0.0,20161029,0.0,0.0,4.1,29,8.7,12.3,55.0,2016-10-29,0.0,203,1.2,2016,10
302,0.0,20161030,0.0,0.0,-2.6,30,5.5,14.9,52.9,2016-10-30,9.4,203,0.9,2016,10
303,0.0,20161031,0.0,0.0,1.5,31,5.1,9.6,65.4,2016-10-31,0.0,203,1.1,2016,10
304,0.0,20161101,0.0,0.0,-3.0,1,2.2,9.2,43.1,2016-11-01,9.5,203,1.5,2016,11
305,0.0,20161102,0.0,0.0,-6.2,2,3.0,11.4,60.5,2016-11-02,8.7,203,1.0,2016,11
306,0.0,20161103,0.1,0.0,2.3,3,7.2,14.3,67.9,2016-11-03,5.6,203,1.0,2016,11
307,0.0,20161104,0.0,0.0,1.9,4,10.2,16.3,67.3,2016-11-04,3.6,203,1.2,2016,11
308,0.0,20161105,0.0,0.0,7.5,5,13.2,18.6,76.9,2016-11-05,1.2,203,1.2,2016,11
309,0.0,20161106,0.0,0.0,9.7,6,13.4,18.4,62.9,2016-11-06,5.3,203,2.0,2016,11
310,0.0,20161107,3.0,0.0,9.7,7,13.4,18.7,65.6,2016-11-07,2.9,203,1.6,2016,11
311,0.0,20161108,0.3,0.0,0.6,8,6.0,10.3,57.9,2016-11-08,6.7,203,2.0,2016,11
312,0.0,20161109,0.0,0.0,-4.0,9,2.2,10.0,51.5,2016-11-09,9.1,203,0.9,2016,11
313,0.0,20161110,3.9,0.0,-1.0,10,4.7,10.4,76.5,2016-11-10,0.4,203,0.7,2016,11
314,0.0,20161111,3.2,0.0,2.6,11,8.1,15.1,66.5,2016-11-11,7.4,203,1.5,2016,11
315,0.0,20161112,0.0,0.0,0.1,12,8.8,17.8,66.4,2016-11-12,8.2,203,1.0,2016,11
316,0.0,20161113,1.8,0.0,6.8,13,11.2,17.7,84.5,2016-11-13,2.1,203,0.5,2016,11
317,0.0,20161114,0.2,0.0,6.7,14,12.4,19.0,84.5,2016-11-14,1.3,203,0.9,2016,11
318,0.0,20161115,0.0,0.0,0.5,15,7.0,13.0,44.6,2016-11-15,9.0,203,1.8,2016,11
319,0.0,20161116,0.0,0.0,-3.5,16,3.8,11.9,58.6,2016-11-16,8.7,203,0.7,2016,11
320,0.0,20161117,0.0,0.0,-0.7,17,6.0,15.5,65.5,2016-11-17,8.1,203,0.6,2016,11
321,0.0,20161118,2.7,0.0,-0.3,18,7.1,14.1,78.3,2016-11-18,4.4,203,0.6,2016,11
322,0.0,20161119,0.0,0.0,8.0,19,12.0,15.3,83.9,2016-11-19,1.3,203,1.1,2016,11
323,0.0,20161120,0.0,0.0,3.8,20,11.3,17.9,54.6,2016-11-20,8.5,203,1.5,2016,11
324,0.0,20161121,0.0,0.0,1.4,21,6.7,11.2,67.1,2016-11-21,0.1,203,0.6,2016,11
325,0.0,20161122,0.2,0.0,0.0,22,4.5,9.2,46.3,2016-11-22,4.6,203,2.3,2016,11
326,0.0,20161123,0.0,0.0,-4.7,23,0.1,6.0,37.9,2016-11-23,7.5,203,1.4,2016,11
327,0.0,20161124,0.0,0.0,-7.2,24,-1.9,4.2,41.4,2016-11-24,8.9,203,1.5,2016,11
328,0.0,20161125,0.0,0.0,-7.7,25,-1.5,7.1,60.5,2016-11-25,6.3,203,0.9,2016,11
329,0.0,20161126,2.0,0.0,-6.2,26,-2.1,0.0,83.8,2016-11-26,0.0,203,0.6,2016,11
330,0.0,20161127,0.0,0.0,-0.6,27,1.6,6.2,88.6,2016-11-27,0.4,203,0.6,2016,11
331,0.0,20161128,0.0,0.0,-2.1,28,2.0,7.7,60.9,2016-11-28,8.3,203,1.4,2016,11
332,0.0,20161129,0.0,0.0,-6.6,29,0.0,8.1,54.3,2016-11-29,8.9,203,0.8,2016,11
333,0.0,20161130,0.4,0.0,-3.8,30,4.4,10.5,66.4,2016-11-30,1.0,203,0.9,2016,11
334,0.0,20161201,0.0,0.0,-1.4,1,4.8,9.2,48.6,2016-12-01,8.0,203,2.4,2016,12
335,0.0,20161202,0.0,0.0,-7.3,2,0.3,8.6,47.9,2016-12-02,8.9,203,1.1,2016,12
336,0.0,20161203,0.0,0.0,-6.8,3,1.3,10.2,63.4,2016-12-03,8.7,203,0.7,2016,12
337,0.0,20161204,0.0,0.0,-2.8,4,1.6,7.9,74.1,2016-12-04,1.3,203,0.5,2016,12
338,0.0,20161205,0.1,0.0,1.7,5,5.5,12.9,65.9,2016-12-05,1.4,203,1.7,2016,12
339,0.0,20161206,0.0,0.0,-6.3,6,-0.5,5.8,38.5,2016-12-06,8.8,203,1.8,2016,12
340,0.0,20161207,0.1,0.0,-7.5,7,-1.9,4.5,71.0,2016-12-07,3.8,203,0.7,2016,12
341,0.0,20161208,1.8,0.0,-7.0,8,-1.5,2.6,85.6,2016-12-08,0.1,203,0.5,2016,12
342,0.0,20161209,1.4,0.0,-1.8,9,2.1,7.2,64.5,2016-12-09,6.0,203,1.7,2016,12
343,0.0,20161210,0.0,0.0,-8.2,10,-1.4,6.2,52.8,2016-12-10,8.8,203,1.1,2016,12
344,0.0,20161211,0.0,0.0,-9.1,11,-2.9,6.0,57.8,2016-12-11,8.8,203,0.8,2016,12
345,0.0,20161212,0.0,0.0,-7.4,12,-0.3,5.8,58.6,2016-12-12,3.7,203,0.6,2016,12
346,0.0,20161213,0.0,0.0,-3.6,13,2.2,8.9,64.1,2016-12-13,4.5,203,1.0,2016,12
347,0.0,20161214,0.7,0.0,-1.1,14,-0.5,0.6,75.8,2016-12-14,0.0,203,1.5,2016,12
348,0.0,20161215,0.0,0.0,-6.6,15,-2.8,1.2,42.4,2016-12-15,8.7,203,2.0,2016,12
349,0.0,20161216,0.0,0.0,-11.4,16,-4.6,1.9,44.9,2016-12-16,8.7,203,1.4,2016,12
350,0.0,20161217,0.0,0.0,-4.1,17,0.5,7.6,57.6,2016-12-17,5.5,203,0.7,2016,12
351,0.0,20161218,0.0,0.0,-2.1,18,1.9,7.1,76.3,2016-12-18,0.0,203,0.7,2016,12
352,0.0,20161219,0.5,0.0,0.2,19,4.6,11.2,78.0,2016-12-19,1.3,203,0.6,2016,12
353,0.0,20161220,0.0,0.0,0.4,20,5.5,14.3,76.0,2016-12-20,7.8,203,0.6,2016,12
354,0.0,20161221,34.1,0.0,-2.9,21,5.6,12.9,82.8,2016-12-21,3.5,203,0.9,2016,12
355,0.0,20161222,18.2,0.0,3.0,22,6.7,13.1,83.8,2016-12-22,0.0,203,2.8,2016,12
356,0.0,20161223,0.5,0.0,-2.4,23,-0.5,3.0,66.1,2016-12-23,1.2,203,2.6,2016,12
357,0.0,20161224,0.0,0.0,-4.3,24,-2.1,1.0,64.5,2016-12-24,1.6,203,0.9,2016,12
358,0.0,20161225,0.0,0.0,-6.7,25,-0.6,6.2,78.0,2016-12-25,5.7,203,0.6,2016,12
359,0.0,20161226,1.1,0.0,-0.5,26,1.7,3.1,84.9,2016-12-26,0.0,203,0.6,2016,12
360,0.0,20161227,0.5,0.0,-6.2,27,-0.8,3.1,56.5,2016-12-27,6.7,203,2.3,2016,12
361,0.0,20161228,0.0,0.0,-9.4,28,-3.5,3.0,54.5,2016-12-28,8.7,203,1.2,2016,12
362,0.0,20161229,0.2,0.0,-6.1,29,-3.2,0.5,51.3,2016-12-29,8.1,203,1.8,2016,12
363,0.0,20161230,0.0,0.0,-11.3,30,-4.4,2.2,56.5,2016-12-30,7.3,203,0.8,2016,12
364,0.0,20161231,0.0,0.0,-7.1,31,-2.5,3.5,75.5,2016-12-31,1.7,203,0.6,2016,12
