,cloud,date,rainfall,snow,tmin,day,tavg,tmax,humid,Date,sunshine,station_id,wind,year,month
0,0.0,20060101,0.0,0.0,-2.2,1,0.5,3.0,88.8,2006-01-01,0.0,203,0.7,2006,1
1,0.0,20060102,0.0,0.0,-2.0,2,1.3,5.6,75.1,2006-01-02,4.8,203,1.5,2006,1
2,0.0,20060103,0.0,0.0,-5.6,3,-1.2,3.2,46.6,2006-01-03,7.9,203,1.9,2006,1
3,0.0,20060104,0.0,0.0,-7.8,4,-4.7,-2.0,47.5,2006-01-04,0.0,203,2.1,2006,1
4,0.0,20060105,0.0,0.0,-13.6,5,-6.7,-0.1,58.5,2006-01-05,7.8,203,1.1,2006,1
5,0.0,20060106,0.0,0.0,-13.3,6,-7.9,-1.7,62.5,2006-01-06,6.1,203,1.3,2006,1
6,0.0,20060107,0.0,0.0,-14.8,7,-7.6,-1.2,62.4,2006-01-07,8.3,203,1.2,2006,1
7,0.0,20060108,0.0,0.0,-14.6,8,-6.9,1.6,71.1,2006-01-08,7.0,203,0.6,2006,1
8,0.0,20060109,0.0,0.0,-13.0,9,-3.9,3.7,70.6,2006-01-09,7.1,203,0.5,2006,1
9,0.0,20060110,0.0,0.0,-4.6,10,-0.8,5.0,76.9,2006-01-10,3.8,203,1.1,2006,1
10,0.0,20060111,0.0,0.0,-9.8,11,-3.9,4.5,78.0,2006-01-11,5.5,203,0.5,2006,1
11,0.0,20060112,7.0,0.0,-10.5,12,-1.0,7.0,74.8,2006-01-12,3.2,203,0.9,2006,1
12,0.0,20060113,21.5,0.0,1.7,13,4.1,5.6,97.1,2006-01-13,0.0,203,0.7,2006,1
13,0.0,20060114,0.0,0.0,0.5,14,4.1,10.3,83.6,2006-01-14,4.3,203,0.9,2006,1
14,0.0,20060115,0.0,0.0,-1.1,15,2.8,9.6,83.8,2006-01-15,4.4,203,0.8,2006,1
15,0.0,20060116,0.0,0.0,-3.0,16,-1.1,1.2,97.1,2006-01-16,0.0,203,0.7,2006,1
16,0.0,20060117,0.0,0.0,-3.5,17,-0.7,4.5,91.5,2006-01-17,3.0,203,0.5,2006,1
17,0.0,20060118,0.0,0.0,-3.7,18,0.1,6.6,78.5,2006-01-18,6.0,203,0.4,2006,1
18,0.0,20060119,0.0,0.0,-5.0,19,1.0,7.5,75.9,2006-01-19,6.4,203,1.1,2006,1
19,0.0,20060120,0.0,0.0,-3.7,20,1.5,8.0,71.3,2006-01-20,6.4,203,0.7,2006,1
20,0.0,20060121,0.0,0.0,-5.5,21,0.1,6.0,69.5,2006-01-21,6.2,203,0.8,2006,1
21,0.0,20060122,0.0,0.0,-5.8,22,-2.0,1.6,45.5,2006-01-22,8.6,203,2.2,2006,1
22,0.0,20060123,0.0,0.0,-11.6,23,-4.7,2.7,63.4,2006-01-23,8.5,203,1.3,2006,1
23,0.0,20060124,0.0,0.0,-11.3,24,-3.9,3.5,68.4,2006-01-24,8.2,203,0.9,2006,1
24,0.0,20060125,0.0,0.0,-9.3,25,-2.6,4.5,73.9,2006-01-25,6.2,203,0.7,2006,1
25,0.0,20060126,0.0,0.0,-6.6,26,-1.3,5.9,80.6,2006-01-26,5.5,203,0.9,2006,1
26,0.0,20060127,0.0,0.0,-4.0,27,0.7,7.6,72.9,2006-01-27,5.6,203,1.3,2006,1
27,0.0,20060128,0.0,0.0,-7.4,28,-1.0,7.1,76.3,2006-01-28,5.5,203,0.6,2006,1
28,0.0,20060129,0.5,0.0,-6.3,29,2.5,10.3,74.5,2006-01-29,5.1,203,0.4,2006,1
29,0.0,20060130,0.0,0.0,1.5,30,5.0,9.0,81.8,2006-01-30,2.2,203,0.7,2006,1
30,0.0,20060131,5.0,0.0,0.8,31,3.1,5.6,91.5,2006-01-31,0.0,203,0.9,2006,1
31,0.0,20060201,2.0,0.0,-2.0,1,2.3,6.5,72.9,2006-02-01,2.4,203,1.5,2006,2
32,0.0,20060202,0.0,0.0,-4.8,2,-1.3,3.5,54.9,2006-02-02,8.1,203,2.4,2006,2
33,0.0,20060203,0.0,0.0,-12.6,3,-10.0,-4.5,52.6,2006-02-03,8.7,203,2.1,2006,2
34,0.0,20060204,0.0,0.0,-14.3,4,-8.7,-2.4,57.5,2006-02-04,9.1,203,1.7,2006,2
35,0.0,20060205,0.0,0.0,-12.6,5,-5.7,-1.0,57.5,2006-02-05,6.2,203,0.7,2006,2
36,0.0,20060206,0.0,0.0,-5.0,6,-0.7,5.5,61.6,2006-02-06,6.8,203,0.7,2006,2
37,0.0,20060207,7.6,9.5,-3.2,7,-0.4,2.0,89.8,2006-02-07,0.1,203,1.5,2006,2
38,0.0,20060208,0.2,0.5,-10.0,8,-6.7,-2.5,68.4,2006-02-08,6.9,203,2.3,2006,2
39,0.0,20060209,0.0,0.0,-15.5,9,-6.1,-0.3,77.8,2006-02-09,7.8,203,1.3,2006,2
40,0.0,20060210,0.0,0.0,-4.1,10,0.2,4.9,71.9,2006-02-10,5.6,203,1.5,2006,2
41,0.0,20060211,0.0,0.0,-4.2,11,0.7,6.3,63.9,2006-02-11,7.2,203,1.4,2006,2
42,0.0,20060212,0.0,0.0,-7.3,12,-1.5,4.7,51.5,2006-02-12,9.5,203,1.6,2006,2
43,0.0,20060213,0.0,0.0,-7.6,13,1.0,10.2,66.8,2006-02-13,7.3,203,0.6,2006,2
44,0.0,20060214,10.5,0.0,0.4,14,3.2,6.5,95.3,2006-02-14,0.0,203,0.8,2006,2
45,0.0,20060215,0.0,0.0,1.7,15,3.3,4.9,93.4,2006-02-15,0.0,203,0.7,2006,2
46,0.0,20060216,0.0,0.0,-3.6,16,1.1,8.6,67.3,2006-02-16,4.0,203,1.8,2006,2
47,0.0,20060217,0.0,0.0,-7.6,17,-4.1,0.5,46.6,2006-02-17,9.6,203,2.4,2006,2
48,0.0,20060218,0.0,0.0,-8.9,18,-2.0,5.8,67.5,2006-02-18,6.7,203,1.0,2006,2
49,0.0,20060219,0.0,0.0,-4.3,19,0.8,7.5,76.5,2006-02-19,7.0,203,0.7,2006,2
50,0.0,20060220,0.0,0.0,-4.4,20,2.5,11.4,71.6,2006-02-20,7.9,203,0.8,2006,2
51,0.0,20060221,0.0,0.0,-4.5,21,3.4,12.0,67.1,2006-02-21,6.7,203,0.9,2006,2
52,0.0,20060222,0.0,0.0,-1.2,22,3.5,10.3,69.4,2006-02-22,4.0,203,1.9,2006,2
53,0.0,20060223,0.0,0.0,-6.4,23,1.3,8.8,56.6,2006-02-23,9.0,203,1.4,2006,2
54,0.0,20060224,0.0,0.0,-4.8,24,3.2,11.9,52.1,2006-02-24,9.6,203,0.7,2006,2
55,0.0,20060225,0.0,0.0,-4.2,25,3.7,10.8,61.9,2006-02-25,5.2,203,0.5,2006,2
56,0.0,20060226,0.0,0.0,-2.7,26,2.5,5.8,53.3,2006-02-26,7.7,203,2.3,2006,2
57,0.0,20060227,0.0,0.0,-5.9,27,0.1,6.0,49.9,2006-02-27,9.2,203,1.4,2006,2
58,0.0,20060228,0.5,0.0,-0.9,28,1.9,4.3,78.9,2006-02-28,0.2,203,0.5,2006,2
59,0.0,20060301,1.2,0.6,-1.5,1,1.2,4.9,75.6,2006-03-01,7.7,203,2.2,2006,3
60,0.0,20060302,0.1,0.2,-3.8,2,-0.7,3.2,61.5,2006-03-02,4.7,203,1.9,2006,3
61,0.0,20060303,0.0,0.0,-6.6,3,0.2,7.0,56.8,2006-03-03,9.9,203,1.8,2006,3
62,0.0,20060304,0.0,0.0,-6.5,4,2.7,10.5,68.3,2006-03-04,8.1,203,1.4,2006,3
63,0.0,20060305,0.0,0.0,1.7,5,8.5,16.8,61.1,2006-03-05,7.9,203,1.5,2006,3
64,0.0,20060306,0.0,0.0,-1.9,6,5.8,15.1,59.4,2006-03-06,7.8,203,1.0,2006,3
65,0.0,20060307,0.0,0.0,-3.6,7,5.1,14.5,61.5,2006-03-07,7.7,203,1.4,2006,3
66,0.0,20060308,0.0,0.0,-2.2,8,5.9,13.3,64.0,2006-03-08,6.0,203,0.9,2006,3
67,0.0,20060309,0.0,0.0,2.7,9,9.2,16.1,58.0,2006-03-09,5.3,203,1.0,2006,3
68,0.0,20060310,0.0,0.0,2.2,10,9.9,18.5,68.9,2006-03-10,7.6,203,1.6,2006,3
69,0.0,20060311,0.0,0.0,3.3,11,8.1,11.9,63.5,2006-03-11,1.4,203,2.1,2006,3
70,0.0,20060312,0.0,0.0,-6.8,12,-2.7,3.3,43.9,2006-03-12,9.3,203,3.6,2006,3
71,0.0,20060313,1.3,1.6,-8.9,13,-2.7,4.0,64.4,2006-03-13,5.7,203,2.0,2006,3
72,0.0,20060314,0.0,0.0,-5.0,14,0.7,7.6,53.5,2006-03-14,9.9,203,2.3,2006,3
73,0.0,20060315,0.0,0.0,-5.1,15,4.9,13.9,62.8,2006-03-15,8.2,203,1.2,2006,3
74,0.0,20060316,3.5,0.0,2.2,16,4.4,6.8,84.4,2006-03-16,0.0,203,1.4,2006,3
75,0.0,20060317,0.0,0.0,2.7,17,7.0,13.4,77.6,2006-03-17,5.2,203,0.8,2006,3
76,0.0,20060318,0.0,0.0,3.7,18,7.9,15.8,69.1,2006-03-18,4.0,203,1.7,2006,3
77,0.0,20060319,0.0,0.0,1.2,19,4.8,10.9,37.5,2006-03-19,10.5,203,2.7,2006,3
78,0.0,20060320,0.0,0.0,-4.4,20,4.1,10.3,57.5,2006-03-20,5.3,203,1.0,2006,3
79,0.0,20060321,0.0,0.0,-0.1,21,8.7,17.2,44.5,2006-03-21,9.6,203,0.9,2006,3
80,0.0,20060322,0.0,0.0,2.1,22,9.7,18.9,53.8,2006-03-22,6.3,203,1.5,2006,3
81,0.0,20060323,0.0,0.0,1.0,23,7.4,13.8,48.3,2006-03-23,10.0,203,2.9,2006,3
82,0.0,20060324,0.0,0.0,-4.1,24,5.4,14.2,49.3,2006-03-24,10.6,203,1.2,2006,3
83,0.0,20060325,0.0,0.0,-1.4,25,9.0,17.9,52.8,2006-03-25,8.7,203,2.8,2006,3
84,0.0,20060326,0.0,0.0,1.5,26,8.3,14.7,31.1,2006-03-26,9.5,203,1.9,2006,3
85,0.0,20060327,0.0,0.0,-1.2,27,7.3,15.2,42.5,2006-03-27,8.6,203,1.7,2006,3
86,0.0,20060328,0.0,0.0,1.1,28,3.4,6.1,61.3,2006-03-28,3.0,203,3.0,2006,3
87,0.0,20060329,4.0,0.0,-2.1,29,4.2,9.9,53.9,2006-03-29,9.8,203,2.5,2006,3
88,0.0,20060330,0.0,0.0,0.4,30,4.9,11.3,53.8,2006-03-30,10.9,203,2.5,2006,3
89,0.0,20060331,0.0,0.0,-3.8,31,6.4,15.8,49.8,2006-03-31,9.2,203,0.8,2006,3
90,0.0,20060401,18.0,0.0,2.6,1,8.0,11.7,78.9,2006-04-01,0.0,203,0.7,2006,4
91,0.0,20060402,1.0,0.0,2.6,2,7.3,11.2,83.1,2006-04-02,0.0,203,2.4,2006,4
92,0.0,20060403,0.0,0.0,2.0,3,10.3,19.2,72.6,2006-04-03,7.0,203,1.1,2006,4
93,0.0,20060404,1.5,0.0,7.5,4,10.2,13.0,74.8,2006-04-04,0.0,203,1.0,2006,4
94,0.0,20060405,0.0,0.0,6.5,5,11.9,20.2,51.5,2006-04-05,8.6,203,1.7,2006,4
95,0.0,20060406,0.0,0.0,0.5,6,8.7,13.6,65.1,2006-04-06,1.0,203,0.9,2006,4
96,0.0,20060407,0.0,0.0,8.1,7,12.1,17.7,55.0,2006-04-07,7.4,203,3.1,2006,4
97,0.0,20060408,0.0,0.0,6.1,8,10.9,19.7,43.5,2006-04-08,7.0,203,2.4,2006,4
98,0.0,20060409,0.0,0.0,8.3,9,15.0,22.1,46.9,2006-04-09,6.2,203,2.4,2006,4
99,0.0,20060410,22.5,0.0,11.1,10,13.5,16.8,70.9,2006-04-10,0.2,203,2.1,2006,4
100,0.0,20060411,2.5,0.0,11.0,11,14.6,18.2,57.6,2006-04-11,1.9,203,3.1,2006,4
101,0.0,20060412,0.0,0.0,8.1,12,15.0,24.0,56.9,2006-04-12,9.6,203,1.8,2006,4
102,0.0,20060413,0.0,0.0,4.0,13,7.8,10.3,45.5,2006-04-13,0.0,203,2.0,2006,4
103,0.0,20060414,0.0,0.0,3.4,14,11.3,18.8,45.5,2006-04-14,9.6,203,0.9,2006,4
104,0.0,20060415,0.0,0.0,4.0,15,9.8,16.3,41.1,2006-04-15,3.8,203,1.0,2006,4
105,0.0,20060416,0.0,0.0,3.0,16,7.8,14.1,41.6,2006-04-16,11.2,203,3.2,2006,4
106,0.0,20060417,0.0,0.0,2.5,17,10.2,17.7,44.4,2006-04-17,5.2,203,1.8,2006,4
107,0.0,20060418,0.0,0.0,7.0,18,16.1,23.2,42.0,2006-04-18,7.2,203,2.2,2006,4
108,0.0,20060419,47.5,0.0,4.0,19,10.6,17.2,73.0,2006-04-19,0.6,203,3.8,2006,4
109,0.0,20060420,3.0,0.0,3.2,20,7.0,9.3,62.1,2006-04-20,0.1,203,3.4,2006,4
110,0.0,20060421,0.0,0.0,5.4,21,11.6,19.8,44.6,2006-04-21,11.3,203,2.4,2006,4
111,0.0,20060422,0.0,0.0,5.0,22,11.8,20.7,40.0,2006-04-22,8.2,203,1.6,2006,4
112,0.0,20060423,2.5,0.0,6.3,23,9.0,18.0,52.5,2006-04-23,4.5,203,2.4,2006,4
113,0.0,20060424,0.0,0.0,3.7,24,10.2,17.2,52.4,2006-04-24,10.0,203,2.7,2006,4
114,0.0,20060425,0.0,0.0,4.5,25,11.8,20.3,35.5,2006-04-25,10.9,203,2.1,2006,4
115,0.0,20060426,0.0,0.0,6.4,26,11.5,18.7,46.6,2006-04-26,2.8,203,1.1,2006,4
116,0.0,20060427,0.0,0.0,9.0,27,13.2,20.7,48.0,2006-04-27,7.8,203,1.9,2006,4
117,0.0,20060428,0.0,0.0,3.4,28,12.8,21.7,46.6,2006-04-28,8.5,203,1.4,2006,4
118,0.0,20060429,0.0,0.0,8.8,29,14.8,21.6,55.1,2006-04-29,9.1,203,1.4,2006,4
119,0.0,20060430,0.0,0.0,11.0,30,17.5,24.2,61.0,2006-04-30,4.5,203,2.1,2006,4
120,0.0,20060501,0.0,0.0,11.3,1,18.5,27.0,50.4,2006-05-01,7.8,203,1.0,2006,5
121,0.0,20060502,0.0,0.0,10.1,2,16.5,24.0,38.0,2006-05-02,11.6,203,3.4,2006,5
122,0.0,20060503,0.0,0.0,6.0,3,15.1,23.7,49.1,2006-05-03,10.3,203,1.4,2006,5
123,0.0,20060504,0.0,0.0,8.3,4,17.8,27.3,50.1,2006-05-04,8.6,203,1.3,2006,5
124,0.0,20060505,0.0,0.0,14.1,5,20.6,25.2,59.0,2006-05-05,1.8,203,1.0,2006,5
125,0.0,20060506,67.0,0.0,14.1,6,15.8,21.1,81.3,2006-05-06,0.0,203,2.8,2006,5
126,0.0,20060507,0.0,0.0,12.3,7,19.8,26.5,62.3,2006-05-07,12.0,203,1.8,2006,5
127,0.0,20060508,0.0,0.0,13.3,8,19.5,26.0,57.5,2006-05-08,11.7,203,1.9,2006,5
128,0.0,20060509,0.0,0.0,11.6,9,20.6,27.6,59.0,2006-05-09,10.9,203,1.7,2006,5
129,0.0,20060510,1.5,0.0,16.2,10,18.4,23.2,74.8,2006-05-10,2.2,203,1.3,2006,5
130,0.0,20060511,0.0,0.0,13.8,11,18.2,23.3,63.8,2006-05-11,6.6,203,1.3,2006,5
131,0.0,20060512,0.0,0.0,12.6,12,16.3,20.7,51.8,2006-05-12,2.2,203,0.9,2006,5
132,0.0,20060513,0.5,0.0,7.8,13,14.5,22.0,61.0,2006-05-13,9.2,203,1.8,2006,5
133,0.0,20060514,0.0,0.0,10.3,14,15.9,22.8,53.9,2006-05-14,10.1,203,1.7,2006,5
134,0.0,20060515,0.0,0.0,6.5,15,17.2,26.7,52.4,2006-05-15,10.9,203,1.2,2006,5
135,0.0,20060516,0.0,0.0,10.1,16,18.7,26.5,49.6,2006-05-16,10.7,203,1.1,2006,5
136,0.0,20060517,0.0,0.0,9.6,17,18.4,26.7,49.5,2006-05-17,7.6,203,0.9,2006,5
137,0.0,20060518,0.0,0.0,12.3,18,19.8,26.1,55.8,2006-05-18,6.9,203,0.5,2006,5
138,0.0,20060519,0.0,0.0,15.1,19,18.0,22.0,64.3,2006-05-19,1.3,203,1.2,2006,5
139,0.0,20060520,0.0,0.0,10.0,20,18.9,27.0,63.4,2006-05-20,9.7,203,1.5,2006,5
140,0.0,20060521,0.0,0.0,13.5,21,22.4,30.1,59.1,2006-05-21,8.4,203,1.3,2006,5
141,0.0,20060522,18.5,0.0,15.8,22,19.9,24.0,75.1,2006-05-22,0.4,203,1.7,2006,5
142,0.0,20060523,1.5,0.0,13.0,23,16.1,20.5,78.3,2006-05-23,2.1,203,1.5,2006,5
143,0.0,20060524,0.0,0.0,14.8,24,18.9,25.3,64.4,2006-05-24,8.1,203,1.0,2006,5
144,0.0,20060525,0.0,0.0,12.6,25,17.6,22.3,62.1,2006-05-25,4.1,203,1.0,2006,5
145,0.0,20060526,0.0,0.0,14.1,26,20.9,27.6,53.0,2006-05-26,9.1,203,1.3,2006,5
146,0.0,20060527,8.0,0.0,15.5,27,17.8,21.0,73.1,2006-05-27,0.1,203,1.7,2006,5
147,0.0,20060528,0.0,0.0,13.6,28,17.7,21.8,67.8,2006-05-28,7.0,203,1.3,2006,5
148,0.0,20060529,0.0,0.0,13.8,29,19.1,24.5,64.9,2006-05-29,7.4,203,1.1,2006,5
149,0.0,20060530,0.0,0.0,15.1,30,21.3,28.5,59.5,2006-05-30,10.4,203,1.4,2006,5
150,0.0,20060531,0.0,0.0,13.1,31,21.1,28.7,58.5,2006-05-31,8.0,203,0.8,2006,5
151,0.0,20060601,0.0,0.0,14.6,1,22.5,29.1,58.9,2006-06-01,10.8,203,0.6,2006,6
152,0.0,20060602,0.0,0.0,16.8,2,24.4,32.9,56.1,2006-06-02,9.8,203,0.9,2006,6
153,0.0,20060603,0.0,0.0,14.1,3,22.4,29.7,51.1,2006-06-03,11.1,203,1.4,2006,6
154,0.0,20060604,0.0,0.0,17.6,4,21.6,28.6,58.6,2006-06-04,9.2,203,1.4,2006,6
155,0.0,20060605,0.0,0.0,14.1,5,21.8,29.6,60.9,2006-06-05,9.3,203,1.1,2006,6
156,0.0,20060606,0.0,0.0,16.3,6,22.7,30.1,57.1,2006-06-06,7.1,203,1.3,2006,6
157,0.0,20060607,0.0,0.0,16.6,7,22.3,28.2,59.0,2006-06-07,5.3,203,0.7,2006,6
158,0.0,20060608,33.5,0.0,16.6,8,19.0,25.2,72.1,2006-06-08,2.5,203,1.0,2006,6
159,0.0,20060609,9.0,0.0,16.3,9,20.2,27.2,66.1,2006-06-09,7.0,203,1.2,2006,6
160,0.0,20060610,24.5,0.0,14.5,10,16.2,19.2,85.6,2006-06-10,0.1,203,1.7,2006,6
161,0.0,20060611,1.5,0.0,13.1,11,17.2,21.7,78.4,2006-06-11,2.2,203,1.3,2006,6
162,0.0,20060612,0.0,0.0,13.5,12,20.6,28.1,67.6,2006-06-12,9.4,203,0.6,2006,6
163,0.0,20060613,0.0,0.0,16.5,13,22.7,29.7,64.8,2006-06-13,10.7,203,0.7,2006,6
164,0.0,20060614,87.0,0.0,16.7,14,18.0,21.3,81.9,2006-06-14,0.0,203,0.8,2006,6
165,0.0,20060615,2.5,0.0,16.8,15,19.9,24.3,65.1,2006-06-15,7.7,203,1.9,2006,6
166,0.0,20060616,0.0,0.0,15.0,16,21.6,29.1,61.4,2006-06-16,10.5,203,1.1,2006,6
167,0.0,20060617,0.0,0.0,15.6,17,22.3,29.8,58.8,2006-06-17,9.8,203,1.1,2006,6
168,0.0,20060618,0.0,0.0,17.1,18,21.7,28.7,68.8,2006-06-18,8.1,203,1.4,2006,6
169,0.0,20060619,0.0,0.0,15.6,19,22.4,29.1,67.9,2006-06-19,8.3,203,0.9,2006,6
170,0.0,20060620,0.0,0.0,17.3,20,23.0,28.5,66.9,2006-06-20,5.0,203,1.2,2006,6
171,0.0,20060621,5.5,0.0,18.2,21,19.5,20.7,87.9,2006-06-21,0.0,203,0.8,2006,6
172,0.0,20060622,0.0,0.0,18.0,22,22.0,28.3,78.3,2006-06-22,5.7,203,0.6,2006,6
173,0.0,20060623,0.0,0.0,18.7,23,23.7,30.0,73.0,2006-06-23,6.4,203,0.6,2006,6
174,0.0,20060624,0.0,0.0,18.7,24,25.3,31.7,69.6,2006-06-24,9.7,203,0.7,2006,6
175,0.0,20060625,0.5,0.0,19.2,25,23.5,28.7,72.0,2006-06-25,7.9,203,1.9,2006,6
176,0.0,20060626,7.0,0.0,19.5,26,21.6,24.7,87.3,2006-06-26,0.5,203,1.2,2006,6
177,0.0,20060627,0.5,0.0,20.1,27,23.0,26.7,80.3,2006-06-27,3.3,203,1.2,2006,6
178,0.0,20060628,0.0,0.0,22.0,28,25.0,29.5,74.9,2006-06-28,5.7,203,0.9,2006,6
179,0.0,20060629,2.0,0.0,22.1,29,26.2,31.5,73.0,2006-06-29,5.7,203,1.2,2006,6
180,0.0,20060630,17.0,0.0,22.2,30,24.7,27.7,82.6,2006-06-30,2.2,203,2.4,2006,6
181,0.0,20060701,15.0,0.0,22.0,1,23.3,25.2,87.8,2006-07-01,0.0,203,1.0,2006,7
182,0.0,20060702,2.0,0.0,20.7,2,23.9,29.0,74.1,2006-07-02,8.8,203,1.2,2006,7
183,0.0,20060703,0.0,0.0,17.7,3,23.9,29.5,74.5,2006-07-03,9.2,203,0.6,2006,7
184,0.0,20060704,5.5,0.0,20.1,4,22.2,24.2,88.0,2006-07-04,0.2,203,1.3,2006,7
185,0.0,20060705,1.0,0.0,18.8,5,21.4,23.2,75.9,2006-07-05,4.5,203,2.4,2006,7
186,0.0,20060706,9.5,0.0,18.5,6,20.9,23.3,82.9,2006-07-06,1.2,203,0.8,2006,7
187,0.0,20060707,4.0,0.0,19.7,7,22.9,28.3,80.6,2006-07-07,6.2,203,0.8,2006,7
188,0.0,20060708,0.0,0.0,20.3,8,24.8,29.3,77.8,2006-07-08,6.5,203,0.8,2006,7
189,0.0,20060709,3.5,0.0,22.1,9,24.7,28.3,83.4,2006-07-09,3.6,203,1.2,2006,7
190,0.0,20060710,26.5,0.0,21.8,10,22.8,24.6,88.5,2006-07-10,0.0,203,1.8,2006,7
191,0.0,20060711,1.5,0.0,21.5,11,24.5,27.8,81.0,2006-07-11,2.6,203,1.6,2006,7
192,0.0,20060712,92.5,0.0,23.2,12,25.3,27.8,89.5,2006-07-12,0.0,203,1.3,2006,7
193,0.0,20060713,31.5,0.0,25.2,13,27.3,31.6,83.5,2006-07-13,3.9,203,1.7,2006,7
194,0.0,20060714,1.0,0.0,24.8,14,27.8,32.0,81.0,2006-07-14,6.2,203,1.0,2006,7
195,0.0,20060715,40.5,0.0,21.3,15,25.0,29.8,86.3,2006-07-15,3.0,203,2.2,2006,7
196,0.0,20060716,207.5,0.0,18.2,16,19.3,22.0,92.6,2006-07-16,0.0,203,1.1,2006,7
197,0.0,20060717,41.5,0.0,19.0,17,19.6,21.2,90.6,2006-07-17,0.0,203,0.9,2006,7
198,0.0,20060718,44.5,0.0,18.2,18,19.4,20.3,92.8,2006-07-18,0.0,203,1.6,2006,7
199,0.0,20060719,6.0,0.0,18.7,19,21.7,24.5,83.4,2006-07-19,0.6,203,1.3,2006,7
200,0.0,20060720,3.5,0.0,19.1,20,21.3,25.7,79.3,2006-07-20,3.5,203,1.6,2006,7
201,0.0,20060721,2.5,0.0,18.8,21,22.1,25.8,83.8,2006-07-21,2.8,203,0.8,2006,7
202,0.0,20060722,2.0,0.0,20.6,22,24.2,29.3,73.0,2006-07-22,8.9,203,1.9,2006,7
203,0.0,20060723,0.0,0.0,19.6,23,23.2,27.8,76.0,2006-07-23,5.6,203,0.5,2006,7
204,0.0,20060724,0.0,0.0,20.2,24,23.0,26.5,80.3,2006-07-24,2.6,203,0.6,2006,7
205,0.0,20060725,0.0,0.0,20.0,25,24.0,29.7,74.6,2006-07-25,6.7,203,0.3,2006,7
206,0.0,20060726,29.0,0.0,20.5,26,21.4,22.8,89.3,2006-07-26,0.0,203,0.9,2006,7
207,0.0,20060727,64.5,0.0,21.2,27,23.0,26.3,88.6,2006-07-27,0.1,203,0.8,2006,7
208,0.0,20060728,146.5,0.0,21.8,28,22.4,23.0,90.5,2006-07-28,0.0,203,0.8,2006,7
209,0.0,20060729,39.5,0.0,21.9,29,24.0,26.5,90.3,2006-07-29,0.0,203,0.1,2006,7
210,0.0,20060730,0.0,0.0,23.7,30,26.3,31.6,84.6,2006-07-30,3.7,203,0.3,2006,7
211,0.0,20060731,0.0,0.0,23.7,31,27.3,32.2,75.1,2006-07-31,8.8,203,1.4,2006,7
212,0.0,20060801,0.0,0.0,21.7,1,27.1,33.2,74.6,2006-08-01,8.6,203,0.9,2006,8
213,0.0,20060802,0.0,0.0,22.2,2,27.6,33.5,71.4,2006-08-02,9.7,203,1.1,2006,8
214,0.0,20060803,0.0,0.0,22.5,3,28.1,33.9,72.5,2006-08-03,10.7,203,0.7,2006,8
215,0.0,20060804,0.0,0.0,23.2,4,28.8,35.2,70.4,2006-08-04,10.9,203,0.7,2006,8
216,0.0,20060805,1.5,0.0,23.2,5,28.7,34.9,71.9,2006-08-05,8.8,203,0.9,2006,8
217,0.0,20060806,0.0,0.0,23.2,6,27.9,33.2,69.4,2006-08-06,7.4,203,1.1,2006,8
218,0.0,20060807,0.0,0.0,22.8,7,27.6,34.0,73.0,2006-08-07,7.5,203,0.7,2006,8
219,0.0,20060808,0.0,0.0,22.5,8,28.2,35.2,73.0,2006-08-08,8.9,203,0.7,2006,8
220,0.0,20060809,0.0,0.0,23.6,9,28.5,35.4,74.6,2006-08-09,8.5,203,0.8,2006,8
221,0.0,20060810,0.0,0.0,23.5,10,28.1,35.0,70.3,2006-08-10,7.5,203,0.8,2006,8
222,0.0,20060811,0.0,0.0,20.8,11,25.2,29.8,77.9,2006-08-11,3.4,203,0.7,2006,8
223,0.0,20060812,0.0,0.0,21.3,12,26.6,33.2,77.1,2006-08-12,6.4,203,0.7,2006,8
224,0.0,20060813,0.0,0.0,23.0,13,27.6,33.5,75.0,2006-08-13,5.9,203,0.6,2006,8
225,0.0,20060814,0.0,0.0,23.8,14,28.6,34.4,70.4,2006-08-14,8.0,203,0.7,2006,8
226,0.0,20060815,0.0,0.0,23.7,15,29.2,35.5,72.1,2006-08-15,7.7,203,0.8,2006,8
227,0.0,20060816,0.0,0.0,25.6,16,29.5,35.2,69.8,2006-08-16,8.4,203,0.9,2006,8
228,0.0,20060817,31.5,0.0,23.7,17,26.0,29.5,75.4,2006-08-17,3.3,203,2.1,2006,8
229,0.0,20060818,0.0,0.0,21.2,18,25.2,29.8,60.8,2006-08-18,8.2,203,3.3,2006,8
230,0.0,20060819,0.0,0.0,20.7,19,23.4,28.7,57.3,2006-08-19,7.4,203,3.8,2006,8
231,0.0,20060820,0.5,0.0,19.1,20,22.9,26.0,75.3,2006-08-20,3.7,203,1.2,2006,8
232,0.0,20060821,0.0,0.0,21.8,21,26.2,32.0,77.4,2006-08-21,6.0,203,0.4,2006,8
233,0.0,20060822,0.0,0.0,23.2,22,27.7,32.7,71.6,2006-08-22,7.5,203,1.2,2006,8
234,0.0,20060823,0.0,0.0,24.7,23,27.7,32.7,72.4,2006-08-23,5.3,203,0.7,2006,8
235,0.0,20060824,0.0,0.0,22.7,24,26.9,32.5,72.1,2006-08-24,7.0,203,0.7,2006,8
236,0.0,20060825,36.5,0.0,22.7,25,24.9,30.7,81.6,2006-08-25,3.2,203,0.8,2006,8
237,0.0,20060826,16.0,0.0,22.2,26,25.4,31.6,79.0,2006-08-26,6.3,203,1.1,2006,8
238,0.0,20060827,21.5,0.0,22.3,27,24.7,28.0,81.1,2006-08-27,0.1,203,1.0,2006,8
239,0.0,20060828,0.0,0.0,21.7,28,25.9,31.2,71.0,2006-08-28,7.9,203,1.2,2006,8
240,0.0,20060829,1.0,0.0,21.2,29,23.1,26.1,83.3,2006-08-29,0.0,203,0.8,2006,8
241,0.0,20060830,0.0,0.0,21.1,30,24.4,29.2,70.8,2006-08-30,6.3,203,1.3,2006,8
242,0.0,20060831,0.0,0.0,19.7,31,23.8,30.0,65.1,2006-08-31,8.6,203,1.2,2006,8
243,0.0,20060901,0.0,0.0,15.5,1,22.4,29.3,67.8,2006-09-01,9.7,203,1.0,2006,9
244,0.0,20060902,0.0,0.0,18.0,2,23.7,30.2,68.1,2006-09-02,11.0,203,0.7,2006,9
245,0.0,20060903,0.0,0.0,17.5,3,23.2,29.5,73.8,2006-09-03,9.4,203,0.5,2006,9
246,0.0,20060904,0.0,0.0,18.3,4,21.7,26.2,72.6,2006-09-04,2.1,203,0.9,2006,9
247,0.0,20060905,0.0,0.0,15.8,5,20.1,25.2,64.6,2006-09-05,5.6,203,1.9,2006,9
248,0.0,20060906,8.0,0.0,14.8,6,18.9,25.1,73.5,2006-09-06,8.1,203,0.9,2006,9
249,0.0,20060907,0.0,0.0,12.0,7,18.5,27.1,74.1,2006-09-07,8.1,203,0.6,2006,9
250,0.0,20060908,0.0,0.0,13.1,8,20.5,26.3,71.8,2006-09-08,5.3,203,1.2,2006,9
251,0.0,20060909,0.0,0.0,11.1,9,18.4,21.1,77.3,2006-09-09,0.0,203,1.0,2006,9
252,0.0,20060910,0.0,0.0,8.6,10,13.8,21.2,63.0,2006-09-10,10.5,203,1.2,2006,9
253,0.0,20060911,0.0,0.0,7.0,11,13.0,19.6,72.6,2006-09-11,5.7,203,0.5,2006,9
254,0.0,20060912,0.0,0.0,9.8,12,17.3,25.2,72.3,2006-09-12,8.3,203,0.8,2006,9
255,0.0,20060913,0.0,0.0,14.5,13,19.2,25.2,69.1,2006-09-13,9.9,203,0.9,2006,9
256,0.0,20060914,0.0,0.0,13.5,14,18.7,25.2,73.9,2006-09-14,7.4,203,0.7,2006,9
257,0.0,20060915,0.0,0.0,15.3,15,19.6,23.6,71.3,2006-09-15,5.6,203,1.2,2006,9
258,0.0,20060916,0.0,0.0,18.6,16,20.8,23.6,73.1,2006-09-16,3.4,203,1.3,2006,9
259,0.0,20060917,1.5,0.0,17.2,17,18.8,21.2,74.9,2006-09-17,0.0,203,2.2,2006,9
260,0.0,20060918,1.5,0.0,16.2,18,17.8,20.1,82.6,2006-09-18,0.1,203,1.2,2006,9
261,0.0,20060919,0.0,0.0,13.8,19,18.1,24.2,87.9,2006-09-19,5.9,203,0.5,2006,9
262,0.0,20060920,0.0,0.0,16.2,20,19.6,25.1,84.4,2006-09-20,4.8,203,0.4,2006,9
263,0.0,20060921,0.0,0.0,15.8,21,20.8,26.7,72.0,2006-09-21,9.7,203,0.5,2006,9
264,0.0,20060922,0.0,0.0,15.8,22,20.4,26.0,75.9,2006-09-22,9.5,203,0.7,2006,9
265,0.0,20060923,0.0,0.0,14.3,23,19.4,24.7,63.0,2006-09-23,10.3,203,0.9,2006,9
266,0.0,20060924,0.0,0.0,11.8,24,17.8,24.5,65.0,2006-09-24,10.3,203,0.6,2006,9
267,0.0,20060925,0.0,0.0,10.8,25,17.7,25.2,68.9,2006-09-25,8.6,203,0.5,2006,9
268,0.0,20060926,0.0,0.0,14.1,26,18.4,24.2,70.9,2006-09-26,5.5,203,0.4,2006,9
269,0.0,20060927,0.0,0.0,14.1,27,19.4,25.3,70.6,2006-09-27,9.1,203,0.6,2006,9
270,0.0,20060928,0.0,0.0,15.0,28,18.4,22.7,84.8,2006-09-28,1.0,203,0.8,2006,9
271,0.0,20060929,0.0,0.0,15.3,29,19.6,25.0,75.8,2006-09-29,6.9,203,0.9,2006,9
272,0.0,20060930,0.0,0.0,13.5,30,18.7,24.6,72.4,2006-09-30,7.6,203,0.6,2006,9
273,0.0,20061001,0.0,0.0,14.6,1,19.3,24.5,68.8,2006-10-01,7.5,203,0.7,2006,10
274,0.0,20061002,0.0,0.0,13.8,2,19.0,25.3,69.8,2006-10-02,9.8,203,0.7,2006,10
275,0.0,20061003,0.0,0.0,11.8,3,18.6,26.2,73.1,2006-10-03,8.8,203,0.7,2006,10
276,0.0,20061004,0.0,0.0,13.0,4,18.5,25.3,74.9,2006-10-04,7.9,203,0.5,2006,10
277,0.0,20061005,0.0,0.0,13.1,5,19.4,26.2,63.0,2006-10-05,9.4,203,1.5,2006,10
278,0.0,20061006,0.0,0.0,14.1,6,19.7,26.0,54.1,2006-10-06,9.9,203,2.0,2006,10
279,0.0,20061007,0.0,0.0,11.0,7,17.9,25.7,68.3,2006-10-07,9.1,203,0.9,2006,10
280,0.0,20061008,0.0,0.0,13.1,8,18.0,23.2,84.0,2006-10-08,4.9,203,0.5,2006,10
281,0.0,20061009,0.0,0.0,15.0,9,19.2,23.8,85.0,2006-10-09,3.3,203,0.6,2006,10
282,0.0,20061010,0.0,0.0,15.1,10,18.9,25.2,81.5,2006-10-10,4.7,203,0.8,2006,10
283,0.0,20061011,0.0,0.0,13.8,11,17.4,23.0,81.6,2006-10-11,0.5,203,0.8,2006,10
284,0.0,20061012,0.0,0.0,7.9,12,14.6,23.2,65.4,2006-10-12,6.9,203,0.9,2006,10
285,0.0,20061013,0.0,0.0,8.1,13,15.1,23.7,68.5,2006-10-13,8.1,203,0.5,2006,10
286,0.0,20061014,0.0,0.0,10.0,14,16.5,24.1,70.8,2006-10-14,8.8,203,0.6,2006,10
287,0.0,20061015,0.0,0.0,11.1,15,17.1,24.0,75.8,2006-10-15,7.1,203,0.5,2006,10
288,0.0,20061016,0.0,0.0,12.3,16,18.0,24.5,80.5,2006-10-16,6.6,203,0.6,2006,10
289,0.0,20061017,0.0,0.0,13.6,17,17.0,21.3,88.9,2006-10-17,0.8,203,0.6,2006,10
290,0.0,20061018,0.0,0.0,14.0,18,18.4,24.0,80.0,2006-10-18,6.8,203,0.5,2006,10
291,0.0,20061019,0.0,0.0,13.8,19,18.1,22.7,83.1,2006-10-19,2.4,203,0.7,2006,10
292,0.0,20061020,0.0,0.0,13.3,20,18.0,23.6,80.6,2006-10-20,4.7,203,0.8,2006,10
293,0.0,20061021,0.0,0.0,12.8,21,18.0,24.1,74.3,2006-10-21,7.1,203,0.6,2006,10
294,0.0,20061022,11.0,0.0,12.3,22,15.9,19.0,93.3,2006-10-22,0.4,203,0.6,2006,10
295,0.0,20061023,5.5,0.0,13.0,23,14.6,16.7,70.8,2006-10-23,0.7,203,2.4,2006,10
296,0.0,20061024,0.0,0.0,11.0,24,14.4,19.2,60.4,2006-10-24,9.6,203,2.5,2006,10
297,0.0,20061025,0.0,0.0,8.0,25,13.2,18.8,73.6,2006-10-25,4.3,203,0.5,2006,10
298,0.0,20061026,0.0,0.0,11.8,26,15.2,19.7,74.9,2006-10-26,4.3,203,0.6,2006,10
299,0.0,20061027,0.0,0.0,10.1,27,14.7,19.7,70.5,2006-10-27,7.7,203,0.9,2006,10
300,0.0,20061028,0.0,0.0,7.3,28,13.5,20.1,80.0,2006-10-28,6.4,203,0.5,2006,10
301,0.0,20061029,0.0,0.0,8.8,29,14.4,19.8,75.3,2006-10-29,4.7,203,0.6,2006,10
302,0.0,20061030,0.0,0.0,4.9,30,11.6,20.1,74.0,2006-10-30,6.2,203,0.5,2006,10
303,0.0,20061031,0.0,0.0,5.4,31,12.5,19.6,77.8,2006-10-31,7.5,203,0.5,2006,10
304,0.0,20061101,0.0,0.0,8.1,1,13.6,20.0,81.1,2006-11-01,6.3,203,0.4,2006,11
305,0.0,20061102,0.0,0.0,9.1,2,13.9,19.7,73.4,2006-11-02,6.0,203,0.9,2006,11
306,0.0,20061103,0.0,0.0,6.8,3,13.0,19.7,81.5,2006-11-03,5.6,203,0.6,2006,11
307,0.0,20061104,0.0,0.0,10.6,4,15.1,20.5,75.9,2006-11-04,5.6,203,0.9,2006,11
308,0.0,20061105,10.5,0.0,7.0,5,14.1,19.1,64.9,2006-11-05,6.8,203,1.8,2006,11
309,0.0,20061106,16.0,0.0,4.5,6,7.0,10.0,89.3,2006-11-06,1.4,203,1.4,2006,11
310,0.0,20061107,0.0,0.0,-1.0,7,4.3,8.6,62.9,2006-11-07,9.0,203,1.7,2006,11
311,0.0,20061108,0.0,0.0,1.6,8,10.4,15.1,71.3,2006-11-08,5.7,203,2.1,2006,11
312,0.0,20061109,0.5,0.0,6.8,9,13.6,20.3,50.1,2006-11-09,5.0,203,2.3,2006,11
313,0.0,20061110,0.0,0.0,0.4,10,6.5,13.5,54.1,2006-11-10,4.1,203,0.7,2006,11
314,0.0,20061111,0.0,0.0,0.6,11,6.2,12.5,48.0,2006-11-11,8.9,203,1.6,2006,11
315,0.0,20061112,0.0,0.0,-4.0,12,3.8,12.3,53.0,2006-11-12,9.1,203,1.0,2006,11
316,0.0,20061113,0.0,0.0,-1.7,13,7.6,14.1,74.5,2006-11-13,2.6,203,1.0,2006,11
317,0.0,20061114,0.0,0.0,1.7,14,5.8,10.5,47.0,2006-11-14,8.6,203,2.0,2006,11
318,0.0,20061115,5.0,0.0,-0.5,15,4.4,11.1,73.6,2006-11-15,3.5,203,1.9,2006,11
319,0.0,20061116,0.0,0.0,-4.4,16,1.5,8.1,57.3,2006-11-16,6.3,203,1.0,2006,11
320,0.0,20061117,0.0,0.0,-5.1,17,2.1,10.6,70.6,2006-11-17,7.5,203,0.6,2006,11
321,0.0,20061118,0.0,0.0,-3.2,18,3.3,12.1,70.0,2006-11-18,6.6,203,0.4,2006,11
322,0.0,20061119,0.0,0.0,-2.7,19,4.5,12.0,72.6,2006-11-19,2.5,203,0.4,2006,11
323,0.0,20061120,0.0,0.0,-0.3,20,5.9,14.1,73.4,2006-11-20,6.4,203,0.7,2006,11
324,0.0,20061121,0.0,0.0,-2.7,21,3.1,6.9,88.3,2006-11-21,1.2,203,0.4,2006,11
325,0.0,20061122,0.0,0.0,-2.2,22,3.4,10.8,81.8,2006-11-22,2.4,203,0.5,2006,11
326,0.0,20061123,0.0,0.0,1.8,23,6.0,11.1,63.0,2006-11-23,3.4,203,2.7,2006,11
327,0.0,20061124,0.0,0.0,1.3,24,5.0,10.5,61.0,2006-11-24,5.7,203,1.5,2006,11
328,0.0,20061125,0.0,0.0,-0.3,25,6.5,15.0,63.0,2006-11-25,7.7,203,0.9,2006,11
329,0.0,20061126,0.0,0.0,3.4,26,9.3,14.6,66.8,2006-11-26,0.7,203,1.3,2006,11
330,0.0,20061127,15.0,0.0,4.5,27,7.1,11.0,89.9,2006-11-27,0.0,203,2.4,2006,11
331,0.0,20061128,0.0,0.0,0.8,28,5.0,10.1,80.5,2006-11-28,1.0,203,1.2,2006,11
332,0.0,20061129,0.0,0.0,-2.2,29,1.0,6.3,59.5,2006-11-29,5.9,203,1.0,2006,11
333,0.0,20061130,0.0,0.0,-4.4,30,-0.6,3.0,87.8,2006-11-30,2.0,203,0.7,2006,11
334,0.0,20061201,1.6,1.9,-2.0,1,0.3,5.0,93.0,2006-12-01,1.2,203,0.7,2006,12
335,0.0,20061202,0.1,0.3,-7.4,2,-2.6,0.8,61.5,2006-12-02,6.6,203,2.2,2006,12
336,0.0,20061203,0.0,0.0,-9.8,3,-5.1,0.0,53.4,2006-12-03,8.5,203,1.2,2006,12
337,0.0,20061204,0.0,0.0,-10.1,4,-3.9,2.7,62.6,2006-12-04,8.3,203,0.9,2006,12
338,0.0,20061205,0.0,0.0,-6.4,5,-1.7,3.5,80.8,2006-12-05,4.1,203,0.6,2006,12
339,0.0,20061206,0.0,0.0,-6.4,6,-1.5,4.0,90.8,2006-12-06,1.9,203,0.3,2006,12
340,0.0,20061207,0.0,0.0,-0.8,7,2.2,6.0,89.9,2006-12-07,0.0,203,0.3,2006,12
341,0.0,20061208,2.0,0.0,2.9,8,5.3,7.4,72.1,2006-12-08,0.0,203,1.4,2006,12
342,0.0,20061209,3.5,0.0,-0.8,9,3.0,7.3,76.9,2006-12-09,2.0,203,1.4,2006,12
343,0.0,20061210,0.0,0.0,-4.8,10,-1.0,4.4,58.6,2006-12-10,7.5,203,1.2,2006,12
344,0.0,20061211,0.0,0.0,-7.4,11,-1.2,5.1,72.9,2006-12-11,7.1,203,0.5,2006,12
345,0.0,20061212,0.0,0.0,-3.4,12,1.4,7.8,78.5,2006-12-12,2.8,203,0.5,2006,12
346,0.0,20061213,0.0,0.0,-1.1,13,2.9,10.0,81.1,2006-12-13,1.5,203,0.9,2006,12
347,0.0,20061214,0.0,0.0,-3.7,14,-0.3,5.9,80.6,2006-12-14,1.1,203,0.6,2006,12
348,0.0,20061215,0.0,0.0,-5.4,15,-1.2,3.0,89.6,2006-12-15,1.5,203,0.5,2006,12
349,0.0,20061216,0.0,0.0,-2.9,16,0.4,6.5,78.6,2006-12-16,3.4,203,1.1,2006,12
350,0.0,20061217,2.7,5.0,-4.0,17,-1.1,3.0,83.8,2006-12-17,1.9,203,1.4,2006,12
351,0.0,20061218,0.0,0.0,-9.6,18,-4.0,1.7,69.4,2006-12-18,8.6,203,0.9,2006,12
352,0.0,20061219,0.0,0.0,-10.0,19,-3.0,3.4,73.9,2006-12-19,7.9,203,0.5,2006,12
353,0.0,20061220,0.0,0.0,-2.7,20,0.6,6.6,74.6,2006-12-20,2.7,203,0.3,2006,12
354,0.0,20061221,0.0,0.0,-4.5,21,0.3,7.5,80.5,2006-12-21,7.3,203,0.5,2006,12
355,0.0,20061222,0.0,0.0,-4.0,22,0.7,6.9,80.9,2006-12-22,3.4,203,0.8,2006,12
356,0.0,20061223,0.0,0.0,-7.4,23,-0.7,7.9,81.1,2006-12-23,5.0,203,0.7,2006,12
357,0.0,20061224,0.0,0.0,-5.8,24,-0.2,6.8,77.4,2006-12-24,4.8,203,0.5,2006,12
358,0.0,20061225,0.0,0.0,-4.4,25,2.3,11.6,81.3,2006-12-25,7.4,203,0.3,2006,12
359,0.0,20061226,0.0,0.0,-4.3,26,2.8,12.6,81.4,2006-12-26,6.4,203,0.4,2006,12
360,0.0,20061227,0.0,0.0,-3.9,27,0.5,5.5,73.0,2006-12-27,1.8,203,2.1,2006,12
361,0.0,20061228,0.0,0.0,-11.5,28,-7.6,-3.4,41.5,2006-12-28,8.1,203,3.2,2006,12
362,0.0,20061229,0.0,0.0,-15.1,29,-8.5,-2.0,44.8,2006-12-29,8.8,203,1.3,2006,12
363,0.0,20061230,0.0,0.0,-14.3,30,-6.4,-0.2,60.9,2006-12-30,7.1,203,0.5,2006,12
364,0.0,20061231,0.0,0.0,-8.1,31,-1.8,5.9,52.0,2006-12-31,7.8,203,0.5,2006,12
