,day,year,Date,date,sunshine,wind,snow,tmin,rainfall,tmax,station_id,tavg,cloud,humid,month
0,1,2009,2009-01-01,20090101,8.6,1.5,0.0,-11.1,0.0,-0.5,203,-6.6,0.0,48.1,1
1,2,2009,2009-01-02,20090102,8.5,0.6,0.0,-13.2,0.0,1.9,203,-6.6,0.0,64.9,1
2,3,2009,2009-01-03,20090103,8.5,0.5,0.0,-11.8,0.0,4.2,203,-4.9,0.4,61.9,1
3,4,2009,2009-01-04,20090104,7.4,0.8,0.0,-8.9,0.0,6.0,203,-2.5,2.4,56.9,1
4,5,2009,2009-01-05,20090105,4.2,0.9,0.0,-9.2,0.0,2.6,203,-3.7,2.5,67.9,1
5,6,2009,2009-01-06,20090106,5.6,0.6,0.0,-11.2,0.0,2.2,203,-4.5,2.5,64.9,1
6,7,2009,2009-01-07,20090107,8.2,0.6,0.0,-10.5,0.0,4.4,203,-3.6,0.3,60.5,1
7,8,2009,2009-01-08,20090108,6.0,0.9,0.0,-10.0,0.0,4.9,203,-3.7,3.4,53.6,1
8,9,2009,2009-01-09,20090109,4.0,1.3,0.0,-10.7,0.0,0.7,203,-5.4,1.9,53.5,1
9,10,2009,2009-01-10,20090110,8.7,2.0,0.0,-10.7,0.0,-2.1,203,-7.2,0.5,45.5,1
10,11,2009,2009-01-11,20090111,8.7,2.3,0.0,-14.6,0.0,-1.9,203,-8.1,0.0,44.6,1
11,12,2009,2009-01-12,20090112,6.2,2.4,0.0,-12.2,0.0,-2.7,203,-8.1,1.3,45.8,1
12,13,2009,2009-01-13,20090113,8.7,1.3,0.0,-15.9,0.0,0.0,203,-7.6,1.0,53.3,1
13,14,2009,2009-01-14,20090114,8.7,1.9,0.2,-11.0,0.1,-2.4,203,-6.9,0.8,45.4,1
14,15,2009,2009-01-15,20090115,8.9,1.3,0.0,-16.6,0.0,-0.6,203,-8.0,0.9,37.5,1
15,16,2009,2009-01-16,20090116,0.1,0.8,0.2,-9.9,0.5,-1.8,203,-5.9,7.8,69.5,1
16,17,2009,2009-01-17,20090117,1.4,0.8,0.0,-6.7,0.0,0.5,203,-3.4,2.6,84.0,1
17,18,2009,2009-01-18,20090118,0.0,0.9,0.0,-6.0,1.0,2.2,203,-1.0,7.5,85.4,1
18,19,2009,2009-01-19,20090119,7.7,2.0,0.0,-4.7,0.0,6.5,203,-0.1,0.3,50.3,1
19,20,2009,2009-01-20,20090120,7.6,0.8,0.0,-5.8,0.0,7.2,203,-0.2,5.1,49.1,1
20,21,2009,2009-01-21,20090121,1.6,0.7,0.0,-3.3,0.0,7.3,203,0.3,7.5,63.1,1
21,22,2009,2009-01-22,20090122,5.8,1.6,0.0,-6.7,0.0,8.2,203,1.2,5.1,68.0,1
22,23,2009,2009-01-23,20090123,8.5,3.3,0.0,-12.2,0.0,-0.8,203,-8.0,1.6,38.9,1
23,24,2009,2009-01-24,20090124,0.5,1.2,5.2,-15.3,4.0,-3.2,203,-9.4,6.4,72.5,1
24,25,2009,2009-01-25,20090125,2.1,1.4,0.6,-16.4,0.5,0.1,203,-6.6,6.4,74.5,1
25,26,2009,2009-01-26,20090126,5.5,1.7,0.6,-7.1,0.4,0.9,203,-2.9,4.6,63.1,1
26,27,2009,2009-01-27,20090127,8.9,0.8,0.0,-13.0,0.0,2.1,203,-5.5,0.0,65.9,1
27,28,2009,2009-01-28,20090128,9.0,0.5,0.0,-11.9,0.0,6.2,203,-3.7,0.1,59.0,1
28,29,2009,2009-01-29,20090129,0.4,0.4,0.0,-7.6,0.0,5.9,203,-2.0,6.5,58.9,1
29,30,2009,2009-01-30,20090130,2.6,2.5,0.0,-5.8,0.0,12.4,203,2.9,6.3,61.4,1
30,31,2009,2009-01-31,20090131,5.8,2.1,0.0,-0.2,0.0,12.2,203,5.0,0.9,53.0,1
31,1,2009,2009-02-01,20090201,8.9,0.8,0.0,-4.7,0.0,10.1,203,2.2,2.1,61.6,2
32,2,2009,2009-02-02,20090202,0.7,0.9,0.0,-4.8,0.0,9.9,203,2.8,7.8,73.4,2
33,3,2009,2009-02-03,20090203,6.6,1.0,0.0,0.0,0.0,11.1,203,4.2,4.5,76.5,2
34,4,2009,2009-02-04,20090204,2.9,0.7,0.0,-2.6,0.0,8.9,203,2.1,3.8,74.6,2
35,5,2009,2009-02-05,20090205,0.0,1.0,0.0,-0.1,0.0,5.4,203,2.9,8.6,74.0,2
36,6,2009,2009-02-06,20090206,2.8,0.8,0.0,-4.4,0.0,7.5,203,0.5,3.5,77.5,2
37,7,2009,2009-02-07,20090207,0.0,0.6,0.0,-4.9,0.0,3.5,203,-0.6,7.8,83.8,2
38,8,2009,2009-02-08,20090208,4.1,0.8,0.0,-3.0,0.0,7.6,203,0.9,5.3,74.4,2
39,9,2009,2009-02-09,20090209,3.9,1.6,0.0,-1.8,0.0,9.4,203,2.8,6.3,64.8,2
40,10,2009,2009-02-10,20090210,0.0,1.8,0.0,0.8,0.0,6.2,203,3.1,7.8,70.5,2
41,11,2009,2009-02-11,20090211,2.3,1.5,0.0,-0.6,0.0,10.1,203,3.5,5.3,72.5,2
42,12,2009,2009-02-12,20090212,0.1,0.6,0.0,-2.4,0.1,7.6,203,2.8,8.5,75.6,2
43,13,2009,2009-02-13,20090213,0.0,2.5,0.0,3.6,24.0,16.6,203,8.8,9.8,82.6,2
44,14,2009,2009-02-14,20090214,1.2,1.8,0.0,0.4,0.0,7.7,203,3.8,7.3,74.9,2
45,15,2009,2009-02-15,20090215,0.7,2.2,0.0,-5.7,0.0,2.0,203,-1.0,6.8,50.6,2
46,16,2009,2009-02-16,20090216,9.8,2.8,0.0,-8.3,0.0,-1.2,203,-5.2,0.8,26.8,2
47,17,2009,2009-02-17,20090217,9.7,1.5,0.0,-11.7,0.0,1.8,203,-5.0,0.6,42.3,2
48,18,2009,2009-02-18,20090218,6.7,1.6,0.0,-8.5,0.0,3.1,203,-2.8,3.3,53.5,2
49,19,2009,2009-02-19,20090219,0.0,0.9,0.7,-4.3,0.5,3.0,203,-0.5,9.4,62.4,2
50,20,2009,2009-02-20,20090220,6.9,2.9,0.7,-7.1,0.5,2.0,203,-1.6,4.5,57.8,2
51,21,2009,2009-02-21,20090221,9.7,1.2,0.0,-11.0,0.0,3.5,203,-3.7,1.1,58.3,2
52,22,2009,2009-02-22,20090222,0.5,0.8,0.0,-5.6,0.0,6.6,203,0.8,7.9,65.9,2
53,23,2009,2009-02-23,20090223,6.6,0.9,0.0,-3.7,0.0,12.0,203,4.5,4.8,65.6,2
54,24,2009,2009-02-24,20090224,0.1,0.9,0.0,1.5,0.0,10.9,203,6.2,10.0,68.6,2
55,25,2009,2009-02-25,20090225,4.4,2.2,0.0,-1.8,0.0,9.4,203,4.5,5.8,48.6,2
56,26,2009,2009-02-26,20090226,6.4,1.4,0.0,-5.4,0.0,8.5,203,2.1,5.9,43.0,2
57,27,2009,2009-02-27,20090227,9.2,1.7,0.0,-2.7,0.0,11.1,203,3.3,4.0,44.8,2
58,28,2009,2009-02-28,20090228,9.6,1.3,0.0,-4.4,0.0,12.1,203,3.6,3.0,46.1,2
59,1,2009,2009-03-01,20090301,10.0,2.0,0.0,-5.8,0.0,11.2,203,2.9,0.0,37.9,3
60,2,2009,2009-03-02,20090302,7.2,1.1,0.0,-6.4,0.0,9.5,203,2.8,5.0,41.3,3
61,3,2009,2009-03-03,20090303,0.0,1.3,2.1,-0.1,5.0,4.4,203,1.9,8.9,82.9,3
62,4,2009,2009-03-04,20090304,5.3,0.9,0.0,-3.4,0.0,9.3,203,1.9,5.3,72.8,3
63,5,2009,2009-03-05,20090305,0.1,1.0,0.0,-1.7,4.0,8.4,203,3.8,9.1,78.1,3
64,6,2009,2009-03-06,20090306,6.9,3.1,0.0,-1.9,0.0,7.6,203,2.5,3.9,50.8,3
65,7,2009,2009-03-07,20090307,10.1,1.6,0.0,-7.5,0.0,8.9,203,0.8,1.9,48.0,3
66,8,2009,2009-03-08,20090308,7.1,1.3,0.0,-3.9,0.0,13.4,203,3.8,4.0,48.0,3
67,9,2009,2009-03-09,20090309,8.4,1.6,0.0,-3.0,0.0,14.4,203,4.9,2.4,58.9,3
68,10,2009,2009-03-10,20090310,10.4,2.7,0.0,-0.9,0.0,11.2,203,4.4,1.9,34.1,3
69,11,2009,2009-03-11,20090311,6.9,1.5,0.0,-2.8,0.0,11.5,203,4.1,4.4,30.4,3
70,12,2009,2009-03-12,20090312,4.8,1.5,0.0,-3.4,1.5,15.2,203,6.3,8.1,44.9,3
71,13,2009,2009-03-13,20090313,0.5,3.6,0.0,-3.1,13.0,7.9,203,3.0,7.8,71.4,3
72,14,2009,2009-03-14,20090314,10.1,3.3,0.0,-3.9,0.0,4.8,203,-0.2,0.3,37.3,3
73,15,2009,2009-03-15,20090315,6.6,2.2,0.0,-6.3,0.0,10.2,203,4.1,4.8,55.9,3
74,16,2009,2009-03-16,20090316,4.8,2.8,0.0,6.2,0.0,17.1,203,10.0,6.1,62.4,3
75,17,2009,2009-03-17,20090317,7.5,1.4,0.0,-0.3,0.0,22.3,203,9.8,3.6,57.6,3
76,18,2009,2009-03-18,20090318,1.8,1.7,0.0,7.0,0.0,23.2,203,16.2,8.3,62.1,3
77,19,2009,2009-03-19,20090319,0.3,1.8,0.0,10.1,0.0,21.7,203,16.6,8.9,67.3,3
78,20,2009,2009-03-20,20090320,10.2,2.2,0.0,4.2,0.0,19.2,203,11.3,0.6,48.5,3
79,21,2009,2009-03-21,20090321,7.8,1.5,0.0,2.4,9.5,22.6,203,12.9,5.1,52.5,3
80,22,2009,2009-03-22,20090322,2.5,2.4,0.0,4.6,11.5,14.9,203,10.2,6.1,73.9,3
81,23,2009,2009-03-23,20090323,9.2,2.2,0.0,0.2,0.0,12.0,203,5.2,1.3,49.1,3
82,24,2009,2009-03-24,20090324,3.8,2.0,0.0,-1.7,0.0,7.5,203,1.9,5.4,47.3,3
83,25,2009,2009-03-25,20090325,10.9,3.1,0.0,-3.8,0.0,7.1,203,2.3,3.0,46.4,3
84,26,2009,2009-03-26,20090326,1.5,2.5,0.0,1.1,6.0,9.0,203,2.9,6.6,66.3,3
85,27,2009,2009-03-27,20090327,11.0,2.4,0.0,-1.8,0.0,9.0,203,3.3,0.5,40.6,3
86,28,2009,2009-03-28,20090328,10.7,1.7,0.0,-2.3,0.0,12.1,203,4.4,2.0,33.5,3
87,29,2009,2009-03-29,20090329,10.9,1.2,0.0,-3.5,0.0,12.5,203,4.8,2.4,46.0,3
88,30,2009,2009-03-30,20090330,3.9,2.1,0.0,0.5,0.3,12.8,203,6.6,8.3,57.3,3
89,31,2009,2009-03-31,20090331,6.6,2.5,0.0,2.3,0.0,12.3,203,5.7,6.5,56.0,3
90,1,2009,2009-04-01,20090401,7.3,2.2,0.0,-1.8,0.0,11.4,203,4.7,4.1,51.6,4
91,2,2009,2009-04-02,20090402,10.6,2.3,0.0,0.6,0.0,15.5,203,7.3,2.1,48.0,4
92,3,2009,2009-04-03,20090403,3.9,1.8,0.0,1.3,0.0,16.2,203,7.6,7.6,47.9,4
93,4,2009,2009-04-04,20090404,4.1,2.3,0.0,4.9,0.0,14.1,203,8.5,7.3,58.5,4
94,5,2009,2009-04-05,20090405,6.1,1.7,0.0,0.6,0.0,17.0,203,8.7,0.4,59.0,4
95,6,2009,2009-04-06,20090406,11.1,1.7,0.0,0.1,0.0,19.4,203,10.7,0.0,46.0,4
96,7,2009,2009-04-07,20090407,10.9,1.7,0.0,1.8,0.0,23.1,203,12.6,0.0,43.1,4
97,8,2009,2009-04-08,20090408,10.7,1.4,0.0,4.0,0.0,25.5,203,14.8,0.0,38.9,4
98,9,2009,2009-04-09,20090409,10.9,1.4,0.0,5.2,0.0,26.6,203,16.1,0.0,39.6,4
99,10,2009,2009-04-10,20090410,11.1,1.4,0.0,5.0,0.0,26.5,203,16.1,0.0,37.0,4
100,11,2009,2009-04-11,20090411,9.8,1.3,0.0,5.3,0.0,26.5,203,16.5,2.4,32.9,4
101,12,2009,2009-04-12,20090412,5.8,1.9,0.0,8.2,0.0,23.8,203,16.1,5.3,34.4,4
102,13,2009,2009-04-13,20090413,2.7,1.4,0.0,7.1,0.0,22.6,203,15.2,7.0,45.5,4
103,14,2009,2009-04-14,20090414,5.7,2.4,0.0,10.1,0.0,20.1,203,14.1,4.8,48.9,4
104,15,2009,2009-04-15,20090415,0.2,1.4,0.0,5.3,5.5,13.2,203,8.8,7.3,79.0,4
105,16,2009,2009-04-16,20090416,4.3,1.5,0.0,5.5,0.0,16.5,203,10.2,5.1,66.3,4
106,17,2009,2009-04-17,20090417,9.9,1.7,0.0,1.4,0.0,20.2,203,10.9,0.5,49.6,4
107,18,2009,2009-04-18,20090418,11.9,1.4,0.0,2.7,0.0,24.7,203,13.6,1.9,35.9,4
108,19,2009,2009-04-19,20090419,9.7,1.2,0.0,4.9,0.0,28.8,203,17.5,5.6,36.8,4
109,20,2009,2009-04-20,20090420,0.0,2.4,0.0,12.3,44.0,16.1,203,13.3,10.0,76.9,4
110,21,2009,2009-04-21,20090421,0.0,4.4,0.0,8.2,0.5,12.8,203,9.6,9.8,72.4,4
111,22,2009,2009-04-22,20090422,6.4,3.3,0.0,6.6,0.0,13.8,203,9.8,2.1,59.8,4
112,23,2009,2009-04-23,20090423,8.5,1.0,0.0,2.6,0.0,18.2,203,11.4,4.8,58.9,4
113,24,2009,2009-04-24,20090424,1.1,1.9,0.0,10.6,4.0,17.7,203,12.6,10.0,66.1,4
114,25,2009,2009-04-25,20090425,0.0,2.2,0.0,6.2,3.5,11.0,203,8.6,10.0,79.9,4
115,26,2009,2009-04-26,20090426,0.1,1.1,0.0,4.1,0.1,12.0,203,8.2,8.5,68.1,4
116,27,2009,2009-04-27,20090427,5.7,1.1,0.0,2.2,0.1,17.7,203,8.9,4.9,69.6,4
117,28,2009,2009-04-28,20090428,6.5,1.0,0.0,3.7,0.0,22.2,203,10.9,5.0,64.4,4
118,29,2009,2009-04-29,20090429,11.5,1.2,0.0,3.6,0.0,24.0,203,13.8,0.3,48.0,4
119,30,2009,2009-04-30,20090430,8.5,1.1,0.0,4.5,0.0,23.3,203,14.7,4.6,38.3,4
120,1,2009,2009-05-01,20090501,10.5,1.1,0.0,5.8,0.0,25.1,203,15.7,3.0,47.6,5
121,2,2009,2009-05-02,20090502,2.9,1.3,0.0,10.4,1.5,21.3,203,14.7,8.9,75.6,5
122,3,2009,2009-05-03,20090503,8.7,1.5,0.0,12.3,0.0,25.4,203,17.0,4.3,67.4,5
123,4,2009,2009-05-04,20090504,9.3,1.8,0.0,8.9,0.0,27.1,203,16.0,2.3,60.9,5
124,5,2009,2009-05-05,20090505,8.5,1.4,0.0,8.4,0.0,29.3,203,18.0,3.6,58.1,5
125,6,2009,2009-05-06,20090506,11.8,1.3,0.0,11.1,0.0,31.4,203,21.2,0.5,43.6,5
126,7,2009,2009-05-07,20090507,12.3,1.9,0.0,10.6,0.0,29.6,203,19.8,0.3,39.8,5
127,8,2009,2009-05-08,20090508,11.0,1.3,0.0,10.4,0.0,28.7,203,19.9,0.0,46.9,5
128,9,2009,2009-05-09,20090509,9.4,1.7,0.0,11.4,0.0,29.5,203,20.4,3.6,40.6,5
129,10,2009,2009-05-10,20090510,6.2,0.9,0.0,9.7,0.0,27.9,203,19.2,7.0,52.0,5
130,11,2009,2009-05-11,20090511,0.0,1.0,0.0,14.4,7.0,18.8,203,15.8,9.9,82.6,5
131,12,2009,2009-05-12,20090512,1.0,1.6,0.0,14.5,9.0,19.6,203,16.6,6.8,84.5,5
132,13,2009,2009-05-13,20090513,11.4,2.0,0.0,7.9,0.0,25.1,203,16.8,1.5,44.4,5
133,14,2009,2009-05-14,20090514,9.4,1.4,0.0,6.7,0.0,27.1,203,16.9,4.5,47.5,5
134,15,2009,2009-05-15,20090515,0.0,1.1,0.0,13.1,0.5,21.9,203,16.8,9.8,65.5,5
135,16,2009,2009-05-16,20090516,0.0,1.6,0.0,11.8,70.0,14.4,203,12.8,10.0,89.9,5
136,17,2009,2009-05-17,20090517,2.6,2.4,0.0,10.2,6.0,17.0,203,13.7,6.6,77.5,5
137,18,2009,2009-05-18,20090518,10.4,2.1,0.0,6.4,0.0,23.9,203,15.4,1.6,56.5,5
138,19,2009,2009-05-19,20090519,11.3,1.5,0.0,8.9,0.0,26.8,203,18.7,0.4,58.4,5
139,20,2009,2009-05-20,20090520,4.2,0.8,0.0,11.8,0.0,27.4,203,19.5,7.9,59.8,5
140,21,2009,2009-05-21,20090521,0.0,1.6,0.0,14.2,24.5,20.0,203,15.2,10.0,86.8,5
141,22,2009,2009-05-22,20090522,6.3,2.0,0.0,14.8,0.0,23.8,203,18.5,8.3,67.5,5
142,23,2009,2009-05-23,20090523,0.6,1.6,0.0,13.5,0.4,20.6,203,16.0,9.5,75.6,5
143,24,2009,2009-05-24,20090524,6.7,1.2,0.0,12.8,0.0,25.7,203,18.5,4.8,67.5,5
144,25,2009,2009-05-25,20090525,10.3,1.1,0.0,12.3,0.0,30.3,203,21.5,3.6,59.4,5
145,26,2009,2009-05-26,20090526,10.6,1.2,0.0,15.3,0.0,30.4,203,22.1,2.6,55.5,5
146,27,2009,2009-05-27,20090527,12.6,1.7,0.0,14.4,0.0,28.9,203,21.3,0.3,46.1,5
147,28,2009,2009-05-28,20090528,12.0,1.7,0.0,12.9,0.0,30.5,203,21.3,0.0,41.9,5
148,29,2009,2009-05-29,20090529,10.9,1.8,0.0,12.3,0.0,27.1,203,19.9,3.9,46.1,5
149,30,2009,2009-05-30,20090530,6.8,1.5,0.0,13.4,0.0,26.0,203,18.8,4.6,49.6,5
150,31,2009,2009-05-31,20090531,12.7,2.1,0.0,11.1,0.0,26.6,203,19.0,0.4,45.9,5
151,1,2009,2009-06-01,20090601,12.7,1.9,0.0,9.8,0.0,29.0,203,20.5,0.0,53.8,6
152,2,2009,2009-06-02,20090602,7.2,2.5,0.0,14.4,0.1,27.6,203,21.3,5.5,62.6,6
153,3,2009,2009-06-03,20090603,0.0,1.8,0.0,15.2,3.5,21.1,203,17.8,8.1,80.0,6
154,4,2009,2009-06-04,20090604,6.9,1.0,0.0,15.7,0.0,27.1,203,20.3,4.5,64.6,6
155,5,2009,2009-06-05,20090605,11.9,1.0,0.0,13.5,0.0,28.9,203,21.2,0.9,54.8,6
156,6,2009,2009-06-06,20090606,11.1,1.3,0.0,14.3,0.0,27.7,203,21.2,2.3,56.4,6
157,7,2009,2009-06-07,20090607,1.1,0.8,0.0,13.5,0.0,21.0,203,17.5,6.5,65.1,6
158,8,2009,2009-06-08,20090608,4.3,0.8,0.0,11.9,0.0,25.8,203,19.4,6.5,64.5,6
159,9,2009,2009-06-09,20090609,0.1,1.1,0.0,16.4,13.0,22.4,203,19.3,10.0,77.9,6
160,10,2009,2009-06-10,20090610,0.6,1.7,0.0,16.3,17.0,22.0,203,18.7,9.3,79.4,6
161,11,2009,2009-06-11,20090611,12.2,2.9,0.0,14.5,0.0,27.0,203,21.1,3.8,51.1,6
162,12,2009,2009-06-12,20090612,12.0,1.9,0.0,14.4,0.5,26.6,203,20.1,2.6,44.1,6
163,13,2009,2009-06-13,20090613,5.9,1.4,0.0,12.5,0.0,24.3,203,19.0,4.8,63.1,6
164,14,2009,2009-06-14,20090614,2.2,1.1,0.0,15.5,0.0,24.9,203,19.7,7.3,72.6,6
165,15,2009,2009-06-15,20090615,5.8,1.2,0.0,15.9,0.0,26.8,203,20.9,6.1,67.8,6
166,16,2009,2009-06-16,20090616,7.8,1.1,0.0,14.7,0.5,27.2,203,20.8,4.1,64.5,6
167,17,2009,2009-06-17,20090617,0.1,0.8,0.0,16.0,0.0,25.9,203,20.2,9.1,74.4,6
168,18,2009,2009-06-18,20090618,11.1,0.8,0.0,16.9,0.0,31.5,203,24.1,1.4,60.3,6
169,19,2009,2009-06-19,20090619,4.3,1.3,0.0,18.7,0.0,30.9,203,24.9,8.4,64.0,6
170,20,2009,2009-06-20,20090620,0.0,1.2,0.0,21.2,37.0,23.8,203,22.1,10.0,83.9,6
171,21,2009,2009-06-21,20090621,7.9,1.1,0.0,21.6,0.3,31.7,203,25.4,7.4,71.3,6
172,22,2009,2009-06-22,20090622,6.4,2.0,0.0,19.3,0.0,28.3,203,23.1,6.1,67.1,6
173,23,2009,2009-06-23,20090623,11.7,1.9,0.0,17.5,0.0,29.7,203,23.0,1.5,55.0,6
174,24,2009,2009-06-24,20090624,12.2,1.5,0.0,14.9,0.0,31.0,203,23.2,0.0,51.9,6
175,25,2009,2009-06-25,20090625,9.5,1.3,0.0,14.6,0.0,30.8,203,23.1,3.3,48.4,6
176,26,2009,2009-06-26,20090626,11.4,1.1,0.0,14.3,0.0,30.3,203,23.2,3.3,61.6,6
177,27,2009,2009-06-27,20090627,10.5,1.2,0.0,18.1,0.0,32.9,203,25.3,4.4,60.9,6
178,28,2009,2009-06-28,20090628,2.1,1.1,0.0,21.5,0.1,30.9,203,25.5,8.1,69.6,6
179,29,2009,2009-06-29,20090629,6.9,1.0,0.0,20.6,33.0,31.2,203,25.1,6.4,74.5,6
180,30,2009,2009-06-30,20090630,0.0,1.4,0.0,22.9,0.0,26.6,203,24.5,9.6,74.1,6
181,1,2009,2009-07-01,20090701,9.7,1.6,0.0,19.5,0.0,27.9,203,23.6,5.4,65.4,7
182,2,2009,2009-07-02,20090702,1.5,1.2,0.0,16.4,31.0,23.5,203,19.8,8.0,82.4,7
183,3,2009,2009-07-03,20090703,6.7,1.1,0.0,16.9,1.0,27.8,203,21.3,7.3,74.0,7
184,4,2009,2009-07-04,20090704,5.8,0.9,0.0,18.0,0.0,28.9,203,23.1,5.3,68.6,7
185,5,2009,2009-07-05,20090705,8.4,0.8,0.0,17.9,0.0,30.7,203,23.6,4.1,69.9,7
186,6,2009,2009-07-06,20090706,4.4,0.9,0.0,19.1,0.0,30.9,203,24.8,8.3,69.6,7
187,7,2009,2009-07-07,20090707,1.5,1.4,0.0,20.9,4.5,26.4,203,23.1,8.3,76.0,7
188,8,2009,2009-07-08,20090708,6.5,0.8,0.0,19.8,0.0,31.7,203,25.4,8.4,70.9,7
189,9,2009,2009-07-09,20090709,0.0,2.3,0.0,18.2,110.5,25.3,203,21.6,9.5,87.6,7
190,10,2009,2009-07-10,20090710,6.4,1.3,0.0,17.3,0.0,29.0,203,23.1,5.8,69.0,7
191,11,2009,2009-07-11,20090711,4.0,0.8,0.0,17.6,2.0,28.5,203,22.4,8.0,78.4,7
192,12,2009,2009-07-12,20090712,0.0,2.4,0.0,18.4,304.0,25.0,203,21.2,9.9,87.5,7
193,13,2009,2009-07-13,20090713,0.8,1.4,0.0,20.6,5.0,28.9,203,23.6,9.9,77.6,7
194,14,2009,2009-07-14,20090714,0.1,3.0,0.0,20.1,82.0,28.4,203,23.5,10.0,85.1,7
195,15,2009,2009-07-15,20090715,1.1,2.0,0.0,20.2,0.0,26.0,203,22.8,8.4,75.9,7
196,16,2009,2009-07-16,20090716,10.3,1.3,0.0,18.5,0.0,30.3,203,24.4,6.3,74.5,7
197,17,2009,2009-07-17,20090717,0.0,0.8,0.0,22.1,45.0,25.9,203,23.8,10.0,86.4,7
198,18,2009,2009-07-18,20090718,0.0,3.6,0.0,23.1,54.5,28.6,203,25.9,10.0,78.8,7
199,19,2009,2009-07-19,20090719,2.3,1.3,0.0,21.2,0.5,30.1,203,24.4,7.3,79.5,7
200,20,2009,2009-07-20,20090720,0.3,0.8,0.0,21.7,0.3,29.0,203,24.7,10.0,83.4,7
201,21,2009,2009-07-21,20090721,4.9,1.7,0.0,21.3,1.0,29.3,203,25.0,6.6,76.4,7
202,22,2009,2009-07-22,20090722,6.3,1.1,0.0,19.2,0.0,29.8,203,23.9,3.0,72.5,7
203,23,2009,2009-07-23,20090723,6.2,1.1,0.0,18.1,0.0,29.7,203,23.9,6.5,72.4,7
204,24,2009,2009-07-24,20090724,6.1,2.1,0.0,19.7,0.0,28.8,203,23.0,6.6,70.4,7
205,25,2009,2009-07-25,20090725,0.3,1.4,0.0,18.0,3.5,24.5,203,21.2,9.4,77.9,7
206,26,2009,2009-07-26,20090726,2.7,0.9,0.0,19.7,0.1,28.2,203,23.1,6.5,75.1,7
207,27,2009,2009-07-27,20090727,7.6,0.9,0.0,19.3,0.0,30.5,203,24.4,4.6,72.3,7
208,28,2009,2009-07-28,20090728,0.0,1.3,0.0,20.5,0.0,25.5,203,22.5,9.5,78.0,7
209,29,2009,2009-07-29,20090729,11.9,1.2,0.0,18.6,0.0,30.8,203,24.7,3.1,65.0,7
210,30,2009,2009-07-30,20090730,4.7,0.9,0.0,19.2,0.0,31.0,203,24.9,4.4,72.5,7
211,31,2009,2009-07-31,20090731,3.8,0.9,0.0,21.6,0.0,30.3,203,24.9,5.3,74.4,7
212,1,2009,2009-08-01,20090801,3.2,0.8,0.0,21.0,0.0,30.5,203,24.9,6.0,75.8,8
213,2,2009,2009-08-02,20090802,6.7,0.9,0.0,20.0,0.0,31.8,203,25.6,4.6,69.9,8
214,3,2009,2009-08-03,20090803,0.0,1.2,0.0,20.0,0.0,25.9,203,23.2,8.4,73.8,8
215,4,2009,2009-08-04,20090804,10.3,0.8,0.0,18.3,0.0,31.2,203,24.7,4.8,69.6,8
216,5,2009,2009-08-05,20090805,11.8,1.5,0.0,20.5,0.0,31.3,203,25.8,4.0,62.5,8
217,6,2009,2009-08-06,20090806,3.6,1.8,0.0,20.7,2.0,29.5,203,24.4,8.4,69.5,8
218,7,2009,2009-08-07,20090807,0.1,0.9,0.0,21.9,3.5,28.2,203,24.6,9.9,83.4,8
219,8,2009,2009-08-08,20090808,0.1,0.8,0.0,23.2,16.5,28.4,203,25.1,8.1,84.3,8
220,9,2009,2009-08-09,20090809,9.2,1.3,0.0,22.3,0.3,33.2,203,26.7,4.0,72.9,8
221,10,2009,2009-08-10,20090810,8.2,1.6,0.0,20.3,0.0,31.0,203,25.9,5.8,69.3,8
222,11,2009,2009-08-11,20090811,0.0,1.6,0.0,22.2,65.0,26.3,203,23.3,10.0,84.5,8
223,12,2009,2009-08-12,20090812,0.0,1.5,0.0,21.8,62.5,24.7,203,22.8,9.3,90.3,8
224,13,2009,2009-08-13,20090813,9.2,1.2,0.0,19.8,0.0,31.0,203,25.4,3.9,76.3,8
225,14,2009,2009-08-14,20090814,8.3,0.8,0.0,21.4,0.0,33.2,203,26.5,3.0,71.8,8
226,15,2009,2009-08-15,20090815,8.2,0.6,0.0,19.4,0.0,33.5,203,25.7,0.1,75.3,8
227,16,2009,2009-08-16,20090816,11.7,1.0,0.0,20.8,0.0,33.8,203,26.8,1.3,63.4,8
228,17,2009,2009-08-17,20090817,2.7,1.5,0.0,21.0,0.0,30.5,203,25.2,7.3,70.5,8
229,18,2009,2009-08-18,20090818,5.0,0.9,0.0,22.1,0.4,31.6,203,25.9,6.5,75.5,8
230,19,2009,2009-08-19,20090819,3.7,1.4,0.0,21.4,0.0,32.3,203,26.7,7.8,74.4,8
231,20,2009,2009-08-20,20090820,1.9,2.3,0.0,22.1,32.0,28.2,203,25.4,7.4,80.1,8
232,21,2009,2009-08-21,20090821,5.3,1.2,0.0,18.8,0.0,31.0,203,24.1,6.4,66.3,8
233,22,2009,2009-08-22,20090822,3.2,1.1,0.0,19.6,0.0,30.4,203,23.9,8.1,65.3,8
234,23,2009,2009-08-23,20090823,12.1,1.5,0.0,17.4,0.0,32.0,203,24.4,1.3,68.3,8
235,24,2009,2009-08-24,20090824,9.4,1.1,0.0,19.6,0.0,30.4,203,24.0,2.0,66.8,8
236,25,2009,2009-08-25,20090825,5.2,1.0,0.0,18.3,0.0,30.2,203,23.6,6.8,72.1,8
237,26,2009,2009-08-26,20090826,1.2,1.9,0.0,18.4,0.0,28.8,203,24.0,9.4,68.0,8
238,27,2009,2009-08-27,20090827,0.1,1.6,0.0,20.8,10.5,27.0,203,23.7,8.8,82.9,8
239,28,2009,2009-08-28,20090828,8.3,1.4,0.0,18.7,0.0,30.0,203,23.9,3.6,68.4,8
240,29,2009,2009-08-29,20090829,5.8,1.5,0.0,14.6,0.0,27.5,203,20.9,6.9,70.8,8
241,30,2009,2009-08-30,20090830,0.5,1.1,0.0,16.0,3.0,24.2,203,19.6,8.8,78.5,8
242,31,2009,2009-08-31,20090831,8.1,1.0,0.0,13.2,0.0,27.9,203,20.4,1.9,72.8,8
243,1,2009,2009-09-01,20090901,12.1,1.0,0.0,15.1,0.0,28.2,203,21.5,1.8,66.9,9
244,2,2009,2009-09-02,20090902,11.8,1.1,0.0,14.5,0.0,28.2,203,20.5,0.5,65.6,9
245,3,2009,2009-09-03,20090903,8.6,0.8,0.0,14.4,0.0,28.6,203,20.5,2.3,72.5,9
246,4,2009,2009-09-04,20090904,10.5,0.7,0.0,14.3,0.0,29.6,203,21.5,3.8,69.4,9
247,5,2009,2009-09-05,20090905,8.0,0.8,0.0,17.0,0.0,30.0,203,23.0,4.5,70.9,9
248,6,2009,2009-09-06,20090906,6.2,1.1,0.0,17.6,0.0,30.8,203,23.9,4.9,67.1,9
249,7,2009,2009-09-07,20090907,0.0,0.9,0.0,20.3,1.0,24.7,203,22.2,9.8,84.5,9
250,8,2009,2009-09-08,20090908,10.3,1.2,0.0,17.8,0.0,29.3,203,22.6,3.8,67.3,9
251,9,2009,2009-09-09,20090909,7.5,1.2,0.0,14.9,0.0,28.8,203,21.7,3.9,63.6,9
252,10,2009,2009-09-10,20090910,8.6,0.9,0.0,12.7,0.0,28.1,203,20.4,6.0,64.0,9
253,11,2009,2009-09-11,20090911,1.4,0.9,0.0,13.9,5.0,24.4,203,19.1,7.9,74.8,9
254,12,2009,2009-09-12,20090912,3.9,1.1,0.0,14.9,20.0,23.7,203,17.3,6.9,85.8,9
255,13,2009,2009-09-13,20090913,5.4,0.9,0.0,13.0,0.0,24.9,203,17.7,6.4,82.4,9
256,14,2009,2009-09-14,20090914,0.0,0.8,0.0,13.8,0.0,22.0,203,17.5,8.5,84.0,9
257,15,2009,2009-09-15,20090915,5.3,1.1,0.0,12.8,0.0,25.6,203,18.5,3.8,75.1,9
258,16,2009,2009-09-16,20090916,6.5,0.8,0.0,13.0,0.0,26.8,203,18.5,3.5,74.0,9
259,17,2009,2009-09-17,20090917,8.4,0.8,0.0,12.5,0.0,26.5,203,18.8,2.5,72.5,9
260,18,2009,2009-09-18,20090918,7.3,1.0,0.0,12.4,0.0,28.9,203,19.1,1.3,68.0,9
261,19,2009,2009-09-19,20090919,10.7,1.3,0.0,12.7,0.0,27.1,203,19.1,0.9,63.6,9
262,20,2009,2009-09-20,20090920,8.3,1.0,0.0,11.9,0.0,25.9,203,18.8,6.1,68.0,9
263,21,2009,2009-09-21,20090921,0.0,1.0,0.0,15.8,3.5,19.1,203,17.4,9.6,87.3,9
264,22,2009,2009-09-22,20090922,8.0,0.8,0.0,13.5,0.0,25.5,203,17.8,4.0,70.0,9
265,23,2009,2009-09-23,20090923,9.0,0.7,0.0,11.7,0.0,27.5,203,18.8,1.6,69.5,9
266,24,2009,2009-09-24,20090924,5.9,0.6,0.0,11.2,0.0,26.5,203,17.8,6.3,77.0,9
267,25,2009,2009-09-25,20090925,0.2,0.5,0.0,14.0,0.0,24.0,203,18.0,7.6,80.8,9
268,26,2009,2009-09-26,20090926,6.5,1.3,0.0,14.1,0.0,27.4,203,19.9,8.0,75.3,9
269,27,2009,2009-09-27,20090927,0.0,0.9,0.0,16.3,6.5,21.4,203,18.5,9.5,82.5,9
270,28,2009,2009-09-28,20090928,3.9,0.8,0.0,16.3,9.5,25.0,203,19.6,7.4,81.0,9
271,29,2009,2009-09-29,20090929,3.1,0.9,0.0,16.1,0.0,25.5,203,19.2,7.9,82.0,9
272,30,2009,2009-09-30,20090930,8.6,1.0,0.0,14.2,0.0,27.0,203,19.7,3.8,73.0,9
273,1,2009,2009-10-01,20091001,6.9,0.8,0.0,12.0,0.0,27.5,203,18.8,3.8,74.4,10
274,2,2009,2009-10-02,20091002,5.7,1.4,0.0,13.1,0.0,24.8,203,17.4,4.0,65.1,10
275,3,2009,2009-10-03,20091003,10.3,1.3,0.0,6.6,0.0,23.4,203,15.4,2.4,60.1,10
276,4,2009,2009-10-04,20091004,8.4,1.2,0.0,8.0,0.0,22.5,203,15.9,3.3,54.6,10
277,5,2009,2009-10-05,20091005,10.1,0.7,0.0,5.2,0.0,23.9,203,14.2,0.3,67.5,10
278,6,2009,2009-10-06,20091006,9.5,0.8,0.0,7.4,0.0,24.8,203,15.3,0.0,68.0,10
279,7,2009,2009-10-07,20091007,6.6,2.4,0.0,8.2,0.0,23.3,203,15.6,3.6,58.9,10
280,8,2009,2009-10-08,20091008,8.0,1.6,0.0,9.3,0.0,21.6,203,14.7,2.8,53.4,10
281,9,2009,2009-10-09,20091009,8.0,0.7,0.0,5.3,0.0,21.8,203,13.2,3.1,60.6,10
282,10,2009,2009-10-10,20091010,10.0,0.9,0.0,6.4,0.0,22.1,203,13.3,0.5,64.9,10
283,11,2009,2009-10-11,20091011,7.2,0.6,0.0,5.2,0.0,21.7,203,13.1,3.9,70.0,10
284,12,2009,2009-10-12,20091012,7.1,1.0,0.0,6.9,0.0,21.1,203,13.1,4.4,67.8,10
285,13,2009,2009-10-13,20091013,5.0,1.0,0.0,3.5,12.0,19.8,203,11.2,5.3,81.4,10
286,14,2009,2009-10-14,20091014,5.8,0.9,0.0,7.9,0.0,19.1,203,12.2,3.9,80.1,10
287,15,2009,2009-10-15,20091015,4.7,0.6,0.0,6.3,0.0,21.1,203,11.3,5.4,84.6,10
288,16,2009,2009-10-16,20091016,4.8,1.2,0.0,6.1,0.0,21.8,203,13.3,6.5,73.9,10
289,17,2009,2009-10-17,20091017,4.1,2.4,0.0,8.4,11.0,18.3,203,12.6,5.6,0.0,10
290,18,2009,2009-10-18,20091018,9.3,1.3,0.0,4.8,0.0,19.5,203,12.3,2.4,60.1,10
291,19,2009,2009-10-19,20091019,4.0,2.4,0.0,6.8,5.5,15.7,203,11.0,6.9,65.8,10
292,20,2009,2009-10-20,20091020,9.6,1.3,0.0,4.7,0.0,16.3,203,9.7,0.6,55.8,10
293,21,2009,2009-10-21,20091021,9.3,1.2,0.0,3.9,0.0,19.8,203,11.0,1.1,61.3,10
294,22,2009,2009-10-22,20091022,7.7,0.5,0.0,1.8,0.0,19.2,203,10.0,2.9,66.5,10
295,23,2009,2009-10-23,20091023,4.2,0.7,0.0,6.9,0.0,19.5,203,12.3,4.3,72.5,10
296,24,2009,2009-10-24,20091024,7.9,1.1,0.0,7.3,0.0,22.4,203,14.3,0.0,72.8,10
297,25,2009,2009-10-25,20091025,5.7,0.5,0.0,7.2,0.0,20.7,203,12.9,1.6,75.6,10
298,26,2009,2009-10-26,20091026,5.8,0.9,0.0,6.3,0.0,22.2,203,13.2,4.3,77.1,10
299,27,2009,2009-10-27,20091027,4.4,0.9,0.0,9.1,0.0,21.5,203,13.9,4.8,76.1,10
300,28,2009,2009-10-28,20091028,3.2,0.6,0.0,5.8,0.0,19.3,203,11.3,6.1,80.6,10
301,29,2009,2009-10-29,20091029,7.2,0.7,0.0,4.0,0.0,23.3,203,12.5,2.4,73.0,10
302,30,2009,2009-10-30,20091030,8.5,0.6,0.0,8.7,0.0,24.3,203,15.0,2.0,70.5,10
303,31,2009,2009-10-31,20091031,1.0,1.2,0.0,8.7,24.5,19.8,203,14.7,7.1,81.9,10
304,1,2009,2009-11-01,20091101,3.4,2.0,0.0,6.1,6.5,14.7,203,10.9,6.4,73.1,11
305,2,2009,2009-11-02,20091102,9.4,2.8,0.0,-2.9,0.0,6.5,203,1.2,0.4,42.5,11
306,3,2009,2009-11-03,20091103,3.8,0.8,0.0,-6.5,0.0,4.8,203,0.9,4.8,56.3,11
307,4,2009,2009-11-04,20091104,1.7,1.3,0.0,1.1,0.0,16.1,203,8.9,7.4,70.9,11
308,5,2009,2009-11-05,20091105,5.6,0.9,0.0,6.8,0.4,19.8,203,12.4,4.1,72.5,11
309,6,2009,2009-11-06,20091106,4.6,0.8,0.0,4.7,0.2,20.8,203,11.4,3.1,77.8,11
310,7,2009,2009-11-07,20091107,2.0,0.5,0.0,6.9,0.0,19.7,203,13.3,7.6,79.4,11
311,8,2009,2009-11-08,20091108,0.0,0.9,0.0,13.3,57.0,17.0,203,14.9,9.9,91.0,11
312,9,2009,2009-11-09,20091109,3.5,1.7,0.0,12.4,0.0,21.8,203,15.5,7.9,77.8,11
313,10,2009,2009-11-10,20091110,0.3,3.8,0.0,8.5,0.0,16.1,203,12.4,8.6,62.1,11
314,11,2009,2009-11-11,20091111,9.0,4.4,0.0,4.5,0.0,14.1,203,8.6,2.6,53.6,11
315,12,2009,2009-11-12,20091112,6.5,2.6,0.0,2.3,0.0,13.1,203,7.7,5.8,55.4,11
316,13,2009,2009-11-13,20091113,0.0,1.4,0.0,7.0,2.5,9.3,203,8.4,9.6,81.3,11
317,14,2009,2009-11-14,20091114,4.9,2.8,0.0,1.7,0.0,9.3,203,6.3,6.0,59.9,11
318,15,2009,2009-11-15,20091115,7.2,3.0,0.0,-2.3,0.0,4.2,203,0.4,4.4,49.6,11
319,16,2009,2009-11-16,20091116,7.0,1.7,0.0,-5.4,0.0,3.7,203,-0.8,6.1,45.8,11
320,17,2009,2009-11-17,20091117,7.4,2.2,0.0,-3.0,0.0,4.6,203,-0.1,3.1,36.6,11
321,18,2009,2009-11-18,20091118,9.1,1.2,0.0,-7.3,0.0,4.9,203,-1.4,2.4,42.0,11
322,19,2009,2009-11-19,20091119,6.5,1.3,0.0,-4.1,0.0,7.3,203,0.7,4.0,50.8,11
323,20,2009,2009-11-20,20091120,6.2,1.3,0.0,-4.6,0.2,6.1,203,0.3,6.1,55.9,11
324,21,2009,2009-11-21,20091121,8.8,1.4,0.0,-5.0,0.0,5.4,203,-0.2,1.6,48.5,11
325,22,2009,2009-11-22,20091122,6.2,1.0,0.0,-6.9,0.0,8.1,203,1.6,5.6,57.4,11
326,23,2009,2009-11-23,20091123,1.4,0.5,0.0,-0.9,0.0,11.8,203,4.2,4.3,69.8,11
327,24,2009,2009-11-24,20091124,5.8,0.5,0.0,-3.2,0.0,13.2,203,3.2,2.9,75.9,11
328,25,2009,2009-11-25,20091125,0.9,0.6,0.0,-3.8,2.0,7.1,203,1.7,7.1,88.3,11
329,26,2009,2009-11-26,20091126,2.4,0.6,0.0,-1.0,0.0,8.8,203,2.4,7.0,89.0,11
330,27,2009,2009-11-27,20091127,0.2,1.2,0.0,2.3,0.0,10.2,203,5.3,8.3,76.0,11
331,28,2009,2009-11-28,20091128,2.7,0.6,0.0,1.2,0.0,9.9,203,4.4,6.5,76.8,11
332,29,2009,2009-11-29,20091129,0.0,0.6,0.0,2.6,7.5,6.1,203,4.3,9.9,88.4,11
333,30,2009,2009-11-30,20091130,5.5,1.1,0.0,-0.8,0.0,10.0,203,5.1,4.3,76.4,11
334,1,2009,2009-12-01,20091201,2.4,0.6,0.0,-2.5,0.0,8.4,203,1.3,5.9,87.4,12
335,2,2009,2009-12-02,20091202,0.0,0.7,0.0,-1.6,0.0,4.0,203,0.7,9.8,91.0,12
336,3,2009,2009-12-03,20091203,0.0,0.7,0.0,-3.0,0.0,5.3,203,2.0,9.3,87.8,12
337,4,2009,2009-12-04,20091204,2.7,0.6,0.0,-3.1,0.0,6.2,203,0.0,7.1,85.0,12
338,5,2009,2009-12-05,20091205,3.9,3.5,0.1,-4.4,9.5,4.1,203,-0.6,6.4,63.8,12
339,6,2009,2009-12-06,20091206,8.8,2.1,0.0,-7.2,0.0,1.5,203,-3.5,0.0,32.5,12
340,7,2009,2009-12-07,20091207,8.7,0.7,0.0,-9.6,0.0,3.5,203,-3.6,0.0,63.1,12
341,8,2009,2009-12-08,20091208,0.6,0.8,0.0,-7.0,0.0,1.3,203,-2.6,6.6,79.5,12
342,9,2009,2009-12-09,20091209,1.2,0.9,0.0,-3.7,0.0,7.9,203,1.6,9.3,77.8,12
343,10,2009,2009-12-10,20091210,0.0,1.1,0.0,3.2,7.5,6.6,203,5.4,10.0,87.3,12
344,11,2009,2009-12-11,20091211,0.0,1.1,0.0,5.9,1.0,8.6,203,7.3,9.9,88.3,12
345,12,2009,2009-12-12,20091212,4.5,1.8,0.0,0.6,0.0,9.3,203,5.6,6.3,74.0,12
346,13,2009,2009-12-13,20091213,5.6,1.3,0.0,-0.7,0.0,8.2,203,2.5,3.6,61.6,12
347,14,2009,2009-12-14,20091214,8.1,2.1,0.0,-2.6,0.0,5.2,203,0.2,2.4,33.5,12
348,15,2009,2009-12-15,20091215,3.3,2.6,0.0,-6.5,0.0,1.1,203,-3.2,4.1,26.6,12
349,16,2009,2009-12-16,20091216,8.7,2.1,0.0,-9.9,0.0,-2.0,203,-6.1,0.0,36.3,12
350,17,2009,2009-12-17,20091217,8.2,2.1,0.0,-11.7,0.0,-1.8,203,-7.0,0.8,46.9,12
351,18,2009,2009-12-18,20091218,8.8,2.2,0.0,-13.2,0.0,-3.5,203,-8.7,0.1,47.5,12
352,19,2009,2009-12-19,20091219,8.6,2.4,0.0,-12.0,0.0,-2.4,203,-6.8,1.3,47.9,12
353,20,2009,2009-12-20,20091220,4.7,1.4,0.0,-12.6,0.0,-0.3,203,-6.0,1.9,55.8,12
354,21,2009,2009-12-21,20091221,8.7,1.3,0.0,-13.2,0.0,0.9,203,-5.3,1.3,44.1,12
355,22,2009,2009-12-22,20091222,2.5,0.7,0.0,-6.2,0.0,7.7,203,0.7,7.5,60.4,12
356,23,2009,2009-12-23,20091223,2.5,1.0,0.0,-2.6,0.5,8.9,203,2.8,6.8,76.4,12
357,24,2009,2009-12-24,20091224,0.2,0.7,0.0,-5.4,0.0,3.2,203,-1.9,8.3,90.6,12
358,25,2009,2009-12-25,20091225,0.0,1.5,0.0,-4.0,1.5,2.1,203,-1.7,9.1,81.6,12
359,26,2009,2009-12-26,20091226,8.5,2.2,0.0,-9.3,0.0,-2.1,203,-6.4,0.6,49.3,12
360,27,2009,2009-12-27,20091227,0.8,1.2,1.2,-11.2,1.7,-3.3,203,-7.9,4.8,77.0,12
361,28,2009,2009-12-28,20091228,8.3,1.2,0.0,-13.8,0.0,-3.1,203,-9.0,0.0,61.8,12
362,29,2009,2009-12-29,20091229,4.7,0.6,0.0,-15.4,0.0,-1.8,203,-7.0,5.4,66.1,12
363,30,2009,2009-12-30,20091230,4.7,2.9,0.4,-8.0,0.4,1.9,203,-2.7,5.4,61.8,12
364,31,2009,2009-12-31,20091231,8.6,2.4,0.0,-13.2,0.0,-6.6,203,-9.9,0.4,41.9,12
