,Date,station_id,month,rainfall,tmax,date,year,cloud,sunshine,tavg,humid,snow,tmin,day,wind
0,2010-01-01,203,1,0.0,-3.9,20100101,2010,4.4,6.7,-9.1,56.4,0.0,-17.0,1,0.9
1,2010-01-02,203,1,0.8,0.4,20100102,2010,5.9,0.0,-3.4,74.1,1.0,-6.7,2,1.0
2,2010-01-03,203,1,0.0,-1.2,20100103,2010,2.6,8.2,-5.9,52.3,0.0,-11.9,3,1.2
3,2010-01-04,203,1,17.8,-2.4,20100104,2010,8.4,0.0,-5.3,80.9,23.0,-7.9,4,1.9
4,2010-01-05,203,1,0.0,-4.7,20100105,2010,2.5,5.8,-9.1,63.8,0.0,-14.4,5,1.8
5,2010-01-06,203,1,0.0,-6.7,20100106,2010,0.3,7.6,-14.0,68.8,0.0,-22.8,6,0.9
6,2010-01-07,203,1,0.0,-7.2,20100107,2010,0.0,8.6,-14.8,70.6,0.0,-21.2,7,0.8
7,2010-01-08,203,1,0.0,-3.9,20100108,2010,0.3,7.7,-13.3,74.8,0.0,-20.9,8,0.5
8,2010-01-09,203,1,0.2,-5.0,20100109,2010,6.3,0.0,-10.2,78.5,0.2,-17.3,9,0.4
9,2010-01-10,203,1,0.0,0.2,20100110,2010,6.0,3.4,-5.7,78.3,0.0,-10.4,10,0.5
10,2010-01-11,203,1,0.0,-2.4,20100111,2010,7.6,0.1,-7.0,80.5,0.0,-11.8,11,0.7
11,2010-01-12,203,1,0.0,-4.8,20100112,2010,1.4,7.4,-9.2,54.3,0.0,-12.3,12,1.7
12,2010-01-13,203,1,0.0,-6.5,20100113,2010,0.0,8.8,-12.3,47.6,0.0,-16.9,13,1.6
13,2010-01-14,203,1,0.0,-4.9,20100114,2010,3.9,7.6,-12.6,59.6,0.0,-21.6,14,0.8
14,2010-01-15,203,1,0.3,1.0,20100115,2010,3.6,6.2,-6.4,60.9,0.5,-12.8,15,1.0
15,2010-01-16,203,1,0.0,-0.8,20100116,2010,0.5,7.2,-9.0,69.8,0.0,-16.5,16,0.8
16,2010-01-17,203,1,0.0,1.1,20100117,2010,0.4,8.2,-8.7,65.6,0.0,-16.4,17,0.6
17,2010-01-18,203,1,0.0,0.2,20100118,2010,6.8,0.0,-5.5,70.9,0.0,-12.7,18,0.6
18,2010-01-19,203,1,0.1,6.0,20100119,2010,7.4,4.7,-1.3,75.3,0.0,-10.2,19,0.6
19,2010-01-20,203,1,10.0,5.2,20100120,2010,10.0,0.0,3.1,90.4,0.0,1.2,20,0.4
20,2010-01-21,203,1,2.5,5.1,20100121,2010,3.6,7.3,-1.9,66.1,0.0,-7.1,21,2.9
21,2010-01-22,203,1,0.0,-1.5,20100122,2010,0.6,7.9,-5.9,49.9,0.0,-9.1,22,2.2
22,2010-01-23,203,1,0.0,0.4,20100123,2010,0.4,8.8,-5.3,53.5,0.0,-11.4,23,1.5
23,2010-01-24,203,1,0.0,4.6,20100124,2010,6.8,4.3,-1.3,68.8,0.0,-7.3,24,1.2
24,2010-01-25,203,1,0.0,2.5,20100125,2010,1.9,7.0,-1.0,50.0,0.0,-7.1,25,2.7
25,2010-01-26,203,1,0.0,2.3,20100126,2010,0.5,8.6,-5.0,54.5,0.0,-11.7,26,1.1
26,2010-01-27,203,1,4.6,1.9,20100127,2010,7.8,4.3,-2.6,76.9,0.8,-8.5,27,0.7
27,2010-01-28,203,1,0.0,4.7,20100128,2010,3.9,5.9,1.1,58.8,0.0,-3.3,28,2.5
28,2010-01-29,203,1,0.0,1.9,20100129,2010,4.1,4.4,-2.4,60.3,0.0,-8.0,29,2.2
29,2010-01-30,203,1,0.0,5.1,20100130,2010,5.3,1.7,-0.9,72.9,0.0,-6.8,30,0.9
30,2010-01-31,203,1,0.0,5.2,20100131,2010,6.1,0.7,-1.4,85.1,0.0,-4.8,31,0.6
31,2010-02-01,203,2,0.0,6.5,20100201,2010,5.4,2.2,0.5,71.9,0.0,-2.9,1,1.2
32,2010-02-02,203,2,0.0,-0.9,20100202,2010,0.9,9.3,-4.4,30.4,0.0,-7.2,2,2.4
33,2010-02-03,203,2,0.0,-3.7,20100203,2010,0.8,9.4,-7.6,37.9,0.0,-12.2,3,2.0
34,2010-02-04,203,2,0.0,0.4,20100204,2010,3.1,8.1,-4.8,59.3,0.0,-11.7,4,1.8
35,2010-02-05,203,2,0.0,0.4,20100205,2010,0.0,9.4,-4.4,33.5,0.0,-8.2,5,2.1
36,2010-02-06,203,2,0.0,2.4,20100206,2010,0.0,9.5,-4.9,43.3,0.0,-12.6,6,1.2
37,2010-02-07,203,2,0.0,5.9,20100207,2010,5.4,6.3,-2.0,49.1,0.0,-11.5,7,0.7
38,2010-02-08,203,2,0.5,4.8,20100208,2010,10.0,0.0,2.2,62.3,0.0,0.3,8,0.5
39,2010-02-09,203,2,16.5,3.7,20100209,2010,10.0,0.0,2.6,90.8,0.0,1.5,9,0.6
40,2010-02-10,203,2,10.5,4.0,20100210,2010,9.8,0.0,2.8,88.9,0.0,1.3,10,1.3
41,2010-02-11,203,2,11.4,2.7,20100211,2010,9.8,0.0,0.7,80.8,7.3,-0.4,11,2.8
42,2010-02-12,203,2,0.5,3.3,20100212,2010,9.5,1.5,0.0,74.9,0.5,-2.2,12,1.5
43,2010-02-13,203,2,2.2,1.1,20100213,2010,6.6,6.5,-2.3,66.8,3.1,-5.7,13,2.2
44,2010-02-14,203,2,0.0,0.6,20100214,2010,7.9,0.0,-3.3,69.4,0.0,-6.8,14,0.7
45,2010-02-15,203,2,0.0,2.0,20100215,2010,4.0,4.1,-3.1,57.0,0.0,-8.3,15,1.4
46,2010-02-16,203,2,0.0,1.6,20100216,2010,1.9,9.4,-3.8,51.1,0.0,-7.6,16,1.8
47,2010-02-17,203,2,0.0,-0.2,20100217,2010,8.0,2.1,-4.2,60.1,0.0,-9.6,17,1.0
48,2010-02-18,203,2,0.6,0.5,20100218,2010,3.9,7.8,-2.4,51.1,1.4,-5.7,18,2.5
49,2010-02-19,203,2,0.0,3.8,20100219,2010,2.5,7.6,-2.3,56.4,0.0,-7.3,19,1.5
50,2010-02-20,203,2,0.0,8.8,20100220,2010,1.0,7.4,0.9,63.5,0.0,-6.4,20,0.9
51,2010-02-21,203,2,0.0,10.4,20100221,2010,2.0,8.8,2.2,65.6,0.0,-5.2,21,0.7
52,2010-02-22,203,2,0.0,10.9,20100222,2010,4.8,4.2,2.6,73.5,0.0,-2.4,22,0.8
53,2010-02-23,203,2,0.0,15.4,20100223,2010,2.5,6.6,3.4,65.0,0.0,-4.3,23,0.6
54,2010-02-24,203,2,0.0,17.9,20100224,2010,4.5,7.1,8.0,55.6,0.0,-2.2,24,0.8
55,2010-02-25,203,2,15.0,13.4,20100225,2010,9.9,0.0,10.1,84.8,0.0,6.8,25,0.7
56,2010-02-26,203,2,0.0,17.1,20100226,2010,5.5,4.2,11.1,77.0,0.0,6.7,26,1.7
57,2010-02-27,203,2,0.0,11.8,20100227,2010,8.0,5.6,6.3,71.9,0.0,1.4,27,1.9
58,2010-02-28,203,2,0.0,11.6,20100228,2010,7.8,1.6,5.8,72.3,0.0,0.8,28,1.1
59,2010-03-01,203,3,20.0,5.2,20100301,2010,9.5,0.0,2.3,81.1,0.0,0.6,1,3.0
60,2010-03-02,203,3,0.1,5.3,20100302,2010,8.1,0.0,2.3,77.8,0.0,0.2,2,1.5
61,2010-03-03,203,3,0.0,10.3,20100303,2010,6.1,6.4,3.5,65.1,0.0,-3.6,3,1.7
62,2010-03-04,203,3,1.0,6.0,20100304,2010,9.9,0.0,4.5,74.0,0.0,2.9,4,1.8
63,2010-03-05,203,3,0.5,8.7,20100305,2010,10.0,0.0,5.9,81.3,0.0,3.9,5,0.9
64,2010-03-06,203,3,0.0,10.7,20100306,2010,9.3,1.9,5.9,67.1,0.0,3.4,6,1.8
65,2010-03-07,203,3,0.0,8.0,20100307,2010,7.6,1.1,4.3,52.8,0.0,1.2,7,1.9
66,2010-03-08,203,3,0.0,6.8,20100308,2010,5.8,4.7,2.5,56.1,0.0,-3.0,8,2.1
67,2010-03-09,203,3,12.0,5.4,20100309,2010,10.0,1.8,1.7,68.5,9.8,-2.4,9,1.4
68,2010-03-10,203,3,3.1,0.7,20100310,2010,9.1,0.2,-1.3,77.3,4.4,-3.7,10,1.9
69,2010-03-11,203,3,0.0,6.0,20100311,2010,4.0,7.3,1.1,66.3,0.0,-5.8,11,1.4
70,2010-03-12,203,3,0.0,11.0,20100312,2010,7.4,2.7,4.8,70.3,0.0,-0.7,12,2.5
71,2010-03-13,203,3,0.0,9.7,20100313,2010,2.0,9.4,2.8,34.8,0.0,-1.8,13,1.8
72,2010-03-14,203,3,0.1,13.1,20100314,2010,5.9,3.1,5.8,58.3,0.0,-3.0,14,1.2
73,2010-03-15,203,3,15.5,12.4,20100315,2010,8.8,0.5,7.6,79.1,0.0,2.8,15,2.0
74,2010-03-16,203,3,0.0,5.1,20100316,2010,1.8,8.1,1.4,41.1,0.0,-1.3,16,3.5
75,2010-03-17,203,3,4.7,5.3,20100317,2010,6.1,4.9,-0.3,62.5,5.8,-5.1,17,1.3
76,2010-03-18,203,3,0.9,6.2,20100318,2010,2.3,9.7,0.5,59.9,1.9,-2.9,18,2.1
77,2010-03-19,203,3,0.0,10.3,20100319,2010,4.1,8.4,2.7,55.9,0.0,-4.8,19,1.3
78,2010-03-20,203,3,1.5,13.3,20100320,2010,9.9,0.3,6.7,67.4,0.0,2.8,20,2.8
79,2010-03-21,203,3,0.0,8.4,20100321,2010,1.1,9.4,3.0,41.9,0.0,-0.6,21,3.5
80,2010-03-22,203,3,14.5,3.9,20100322,2010,8.8,0.0,0.4,79.5,8.2,-1.2,22,0.7
81,2010-03-23,203,3,0.0,10.3,20100323,2010,8.6,4.4,4.1,79.1,0.0,-0.4,23,0.6
82,2010-03-24,203,3,0.0,14.5,20100324,2010,7.4,8.1,7.3,57.8,0.0,-0.3,24,1.0
83,2010-03-25,203,3,7.0,8.4,20100325,2010,8.0,0.2,4.2,62.5,0.0,0.3,25,2.3
84,2010-03-26,203,3,0.0,7.4,20100326,2010,4.1,8.4,2.5,42.1,0.0,-3.0,26,3.3
85,2010-03-27,203,3,0.0,8.0,20100327,2010,9.8,0.0,5.3,69.4,0.0,1.8,27,2.4
86,2010-03-28,203,3,0.0,11.2,20100328,2010,1.6,10.4,5.1,46.1,0.0,0.8,28,2.4
87,2010-03-29,203,3,0.0,13.8,20100329,2010,0.5,11.0,5.5,44.1,0.0,-3.6,29,1.9
88,2010-03-30,203,3,0.0,14.2,20100330,2010,6.5,4.1,7.0,53.9,0.0,-1.9,30,1.1
89,2010-03-31,203,3,19.0,8.9,20100331,2010,10.0,0.0,7.1,86.3,0.0,5.1,31,0.8
90,2010-04-01,203,4,5.5,9.9,20100401,2010,8.1,0.0,7.6,79.9,0.0,3.6,1,1.3
91,2010-04-02,203,4,0.0,12.0,20100402,2010,0.6,10.9,6.1,42.6,0.0,-0.2,2,3.2
92,2010-04-03,203,4,0.0,12.1,20100403,2010,0.0,11.4,5.1,35.6,0.0,-0.7,3,2.3
93,2010-04-04,203,4,0.0,17.2,20100404,2010,2.5,9.4,6.7,46.6,0.0,-3.1,4,1.4
94,2010-04-05,203,4,0.0,18.4,20100405,2010,4.4,9.0,10.1,55.1,0.0,-0.3,5,1.2
95,2010-04-06,203,4,0.0,13.8,20100406,2010,6.5,3.0,9.0,54.3,0.0,4.9,6,2.8
96,2010-04-07,203,4,0.0,14.8,20100407,2010,0.6,11.7,6.7,42.9,0.0,-1.0,7,2.0
97,2010-04-08,203,4,0.0,18.5,20100408,2010,0.0,11.4,8.0,46.6,0.0,-2.0,8,1.4
98,2010-04-09,203,4,0.0,19.9,20100409,2010,1.9,10.5,11.0,45.1,0.0,1.1,9,1.3
99,2010-04-10,203,4,0.0,14.2,20100410,2010,9.6,0.0,9.9,64.5,0.0,5.3,10,1.3
100,2010-04-11,203,4,0.0,19.0,20100411,2010,7.9,4.3,12.7,51.4,0.0,4.8,11,2.1
101,2010-04-12,203,4,4.0,18.2,20100412,2010,9.1,2.1,13.0,52.9,0.0,9.5,12,2.2
102,2010-04-13,203,4,1.5,10.1,20100413,2010,5.8,5.4,5.1,51.3,0.0,2.5,13,4.6
103,2010-04-14,203,4,0.0,8.5,20100414,2010,5.8,5.6,4.2,28.9,0.0,-0.7,14,2.6
104,2010-04-15,203,4,0.0,13.9,20100415,2010,3.4,10.5,6.1,33.3,0.0,-3.0,15,1.6
105,2010-04-16,203,4,0.0,14.4,20100416,2010,1.3,9.3,7.0,41.1,0.0,-1.5,16,1.9
106,2010-04-17,203,4,0.0,14.8,20100417,2010,4.0,7.2,7.6,53.6,0.0,-1.3,17,1.6
107,2010-04-18,203,4,0.0,18.6,20100418,2010,8.9,0.1,10.9,54.0,0.0,2.5,18,1.5
108,2010-04-19,203,4,0.0,21.0,20100419,2010,7.9,0.0,14.9,52.1,0.0,9.8,19,1.3
109,2010-04-20,203,4,0.0,24.9,20100420,2010,7.1,3.9,16.4,62.3,0.0,8.1,20,1.4
110,2010-04-21,203,4,8.5,20.4,20100421,2010,9.1,1.2,14.0,63.0,0.0,8.7,21,2.5
111,2010-04-22,203,4,4.0,12.7,20100422,2010,10.0,0.0,10.2,69.3,0.0,7.8,22,1.7
112,2010-04-23,203,4,4.5,15.9,20100423,2010,8.3,2.8,8.3,75.8,0.0,5.7,23,1.8
113,2010-04-24,203,4,0.0,18.1,20100424,2010,4.4,6.9,9.6,60.6,0.0,4.8,24,1.5
114,2010-04-25,203,4,0.0,21.8,20100425,2010,3.3,10.5,12.5,41.8,0.0,1.4,25,1.3
115,2010-04-26,203,4,28.0,18.8,20100426,2010,9.8,0.6,11.6,69.3,0.0,8.2,26,1.5
116,2010-04-27,203,4,4.0,12.6,20100427,2010,7.6,2.6,8.6,72.4,0.0,4.6,27,4.3
117,2010-04-28,203,4,9.5,7.5,20100428,2010,8.4,0.0,4.5,78.5,0.0,1.2,28,2.9
118,2010-04-29,203,4,0.5,14.0,20100429,2010,4.0,10.3,9.1,57.5,0.0,4.0,29,4.0
119,2010-04-30,203,4,0.0,16.2,20100430,2010,3.9,8.8,10.3,57.8,0.0,5.1,30,3.1
120,2010-05-01,203,5,0.0,20.0,20100501,2010,0.5,11.9,11.6,53.1,0.0,2.0,1,1.8
121,2010-05-02,203,5,0.0,26.3,20100502,2010,0.0,12.2,16.2,48.1,0.0,4.7,2,1.4
122,2010-05-03,203,5,0.0,25.2,20100503,2010,8.0,2.7,19.5,67.8,0.0,11.2,3,2.2
123,2010-05-04,203,5,0.0,27.3,20100504,2010,7.0,3.0,20.9,62.8,0.0,15.4,4,1.5
124,2010-05-05,203,5,0.0,28.2,20100505,2010,8.1,4.2,20.9,54.3,0.0,12.3,5,1.7
125,2010-05-06,203,5,8.0,22.3,20100506,2010,8.3,0.3,15.1,75.6,0.0,9.6,6,3.4
126,2010-05-07,203,5,0.0,22.8,20100507,2010,0.1,12.5,15.4,48.0,0.0,8.0,7,2.7
127,2010-05-08,203,5,0.0,25.0,20100508,2010,3.5,11.9,16.6,51.3,0.0,7.3,8,1.6
128,2010-05-09,203,5,0.0,27.5,20100509,2010,6.8,5.8,18.9,46.9,0.0,10.6,9,1.2
129,2010-05-10,203,5,0.0,23.1,20100510,2010,4.6,8.4,17.6,43.5,0.0,12.7,10,2.1
130,2010-05-11,203,5,0.0,19.2,20100511,2010,4.0,4.8,13.5,56.5,0.0,7.4,11,1.8
131,2010-05-12,203,5,0.0,21.7,20100512,2010,2.3,9.5,14.0,60.5,0.0,6.5,12,1.9
132,2010-05-13,203,5,0.0,22.9,20100513,2010,1.6,8.3,14.9,57.5,0.0,7.1,13,1.1
133,2010-05-14,203,5,0.0,25.0,20100514,2010,0.5,12.5,17.2,46.9,0.0,7.9,14,1.2
134,2010-05-15,203,5,0.0,22.9,20100515,2010,5.3,3.8,16.1,52.6,0.0,10.4,15,1.6
135,2010-05-16,203,5,0.0,26.7,20100516,2010,3.4,11.4,17.5,50.5,0.0,7.8,16,1.4
136,2010-05-17,203,5,3.0,29.3,20100517,2010,6.5,9.4,20.1,53.0,0.0,10.4,17,1.6
137,2010-05-18,203,5,52.5,19.1,20100518,2010,10.0,0.0,17.6,90.0,0.0,15.2,18,1.2
138,2010-05-19,203,5,2.5,24.2,20100519,2010,5.8,7.9,19.1,73.4,0.0,16.3,19,2.0
139,2010-05-20,203,5,0.0,28.4,20100520,2010,2.0,9.9,20.8,61.1,0.0,13.8,20,1.9
140,2010-05-21,203,5,0.0,31.9,20100521,2010,3.4,9.4,22.0,57.3,0.0,13.8,21,1.1
141,2010-05-22,203,5,6.5,25.9,20100522,2010,9.9,0.0,19.3,67.4,0.0,15.1,22,1.3
142,2010-05-23,203,5,20.0,17.9,20100523,2010,10.0,0.0,15.9,81.5,0.0,14.5,23,2.0
143,2010-05-24,203,5,7.5,15.3,20100524,2010,10.0,0.0,13.7,86.4,0.0,12.4,24,2.1
144,2010-05-25,203,5,0.5,17.8,20100525,2010,9.6,0.2,14.8,84.0,0.0,13.2,25,1.3
145,2010-05-26,203,5,0.5,21.1,20100526,2010,4.8,7.8,16.6,62.5,0.0,11.9,26,2.4
146,2010-05-27,203,5,0.0,25.2,20100527,2010,4.0,12.5,17.2,56.1,0.0,8.4,27,1.4
147,2010-05-28,203,5,0.0,21.7,20100528,2010,9.1,0.4,16.8,67.6,0.0,11.5,28,1.1
148,2010-05-29,203,5,0.0,25.5,20100529,2010,6.4,7.6,19.4,58.9,0.0,14.1,29,1.2
149,2010-05-30,203,5,0.0,26.3,20100530,2010,3.4,9.8,19.4,49.8,0.0,12.4,30,1.4
150,2010-05-31,203,5,0.0,23.1,20100531,2010,8.3,3.4,17.8,41.9,0.0,13.9,31,1.3
151,2010-06-01,203,6,0.0,25.8,20100601,2010,1.1,13.0,17.9,47.3,0.0,8.1,1,1.2
152,2010-06-02,203,6,0.0,27.2,20100602,2010,0.4,12.9,20.3,54.4,0.0,11.3,2,1.0
153,2010-06-03,203,6,0.0,29.1,20100603,2010,0.4,11.5,21.4,57.6,0.0,13.6,3,1.4
154,2010-06-04,203,6,0.0,30.1,20100604,2010,0.3,12.6,22.1,53.4,0.0,14.0,4,1.4
155,2010-06-05,203,6,0.0,31.3,20100605,2010,4.1,10.1,22.8,55.0,0.0,14.3,5,1.2
156,2010-06-06,203,6,0.0,32.1,20100606,2010,5.4,9.2,22.3,62.4,0.0,15.9,6,1.1
157,2010-06-07,203,6,0.0,31.3,20100607,2010,5.0,10.3,22.9,58.8,0.0,16.1,7,1.1
158,2010-06-08,203,6,0.0,31.3,20100608,2010,0.3,13.0,23.2,49.0,0.0,13.7,8,1.1
159,2010-06-09,203,6,0.0,32.6,20100609,2010,0.0,12.8,24.3,51.4,0.0,15.7,9,0.9
160,2010-06-10,203,6,0.0,32.1,20100610,2010,5.5,8.5,24.5,56.5,0.0,17.8,10,0.8
161,2010-06-11,203,6,0.0,30.5,20100611,2010,7.1,7.1,24.1,52.4,0.0,17.0,11,1.4
162,2010-06-12,203,6,29.0,22.5,20100612,2010,10.0,0.0,18.8,83.4,0.0,17.6,12,1.6
163,2010-06-13,203,6,43.0,29.0,20100613,2010,8.0,4.8,22.5,75.5,0.0,17.7,13,0.8
164,2010-06-14,203,6,1.0,25.3,20100614,2010,9.0,0.1,22.8,79.5,0.0,21.3,14,1.0
165,2010-06-15,203,6,2.0,30.0,20100615,2010,5.6,6.1,24.0,75.1,0.0,20.7,15,1.2
166,2010-06-16,203,6,0.0,27.3,20100616,2010,6.4,3.4,22.8,72.6,0.0,19.2,16,1.4
167,2010-06-17,203,6,0.0,27.6,20100617,2010,9.8,0.1,23.7,74.0,0.0,19.9,17,0.7
168,2010-06-18,203,6,0.0,31.9,20100618,2010,9.8,3.5,26.3,63.8,0.0,21.6,18,1.4
169,2010-06-19,203,6,1.5,26.8,20100619,2010,9.4,0.2,23.6,72.5,0.0,20.7,19,1.2
170,2010-06-21,203,6,0.0,27.2,20100621,2010,4.0,6.1,22.0,77.3,0.0,18.5,21,1.6
171,2010-06-22,203,6,0.0,27.4,20100622,2010,4.9,6.3,21.4,61.0,0.0,15.4,22,1.2
172,2010-06-23,203,6,0.0,28.7,20100623,2010,0.4,12.6,21.7,63.0,0.0,13.6,23,0.8
173,2010-06-24,203,6,0.0,30.7,20100624,2010,0.0,12.3,23.0,65.8,0.0,15.1,24,0.7
174,2010-06-25,203,6,0.0,32.3,20100625,2010,5.4,8.7,24.5,63.3,0.0,16.6,25,1.3
175,2010-06-26,203,6,2.0,26.4,20100626,2010,10.0,0.0,23.1,77.8,0.0,20.6,26,1.0
176,2010-06-27,203,6,5.0,24.1,20100627,2010,9.3,0.0,22.0,90.0,0.0,19.6,27,1.5
177,2010-06-28,203,6,0.0,29.6,20100628,2010,5.1,7.5,23.8,76.8,0.0,18.1,28,1.1
178,2010-06-29,203,6,0.0,28.2,20100629,2010,6.6,1.0,23.7,81.4,0.0,19.4,29,0.7
179,2010-06-30,203,6,7.5,26.6,20100630,2010,9.9,0.1,23.2,86.3,0.0,21.6,30,0.5
180,2010-07-01,203,7,0.0,31.0,20100701,2010,8.9,3.3,25.9,79.5,0.0,21.8,1,1.1
181,2010-07-02,203,7,37.0,26.6,20100702,2010,10.0,0.0,24.8,92.3,0.0,24.0,2,1.3
182,2010-07-03,203,7,9.0,27.4,20100703,2010,9.6,0.0,24.7,91.4,0.0,23.7,3,0.8
183,2010-07-04,203,7,2.5,27.1,20100704,2010,8.8,0.0,24.2,88.9,0.0,22.1,4,0.5
184,2010-07-05,203,7,0.0,31.3,20100705,2010,5.3,6.9,26.0,79.5,0.0,22.7,5,1.9
185,2010-07-06,203,7,0.0,31.9,20100706,2010,3.6,7.8,26.1,67.8,0.0,21.4,6,1.6
186,2010-07-07,203,7,7.0,30.5,20100707,2010,5.4,8.9,25.1,74.0,0.0,21.0,7,1.6
187,2010-07-08,203,7,0.5,29.0,20100708,2010,8.4,2.2,23.8,82.9,0.0,20.0,8,0.7
188,2010-07-09,203,7,0.5,30.1,20100709,2010,5.0,7.6,24.6,71.8,0.0,19.1,9,0.9
189,2010-07-10,203,7,0.0,30.8,20100710,2010,7.9,4.1,24.7,76.6,0.0,19.0,10,0.8
190,2010-07-11,203,7,2.5,23.9,20100711,2010,9.3,0.0,22.2,82.9,0.0,20.9,11,1.6
191,2010-07-12,203,7,0.0,29.5,20100712,2010,4.8,6.7,24.0,74.4,0.0,18.9,12,1.3
192,2010-07-13,203,7,0.4,31.1,20100713,2010,4.8,11.5,25.4,73.9,0.0,19.2,13,1.1
193,2010-07-14,203,7,0.0,30.6,20100714,2010,6.8,2.6,25.4,77.4,0.0,21.5,14,0.7
194,2010-07-15,203,7,0.0,31.1,20100715,2010,5.5,4.8,26.3,74.8,0.0,22.3,15,0.8
195,2010-07-16,203,7,66.0,28.0,20100716,2010,9.5,0.6,23.9,90.4,0.0,22.6,16,1.2
196,2010-07-17,203,7,35.5,25.2,20100717,2010,9.9,0.0,24.1,92.4,0.0,22.9,17,1.9
197,2010-07-18,203,7,3.0,30.7,20100718,2010,8.9,1.5,27.1,77.0,0.0,23.4,18,2.2
198,2010-07-19,203,7,0.0,32.4,20100719,2010,5.8,5.5,27.5,72.9,0.0,23.2,19,1.8
199,2010-07-20,203,7,0.0,33.2,20100720,2010,5.1,5.1,28.3,72.4,0.0,23.1,20,1.5
200,2010-07-21,203,7,0.3,31.9,20100721,2010,8.0,3.5,27.9,72.8,0.0,23.9,21,1.9
201,2010-07-22,203,7,0.0,31.6,20100722,2010,6.1,3.9,27.5,75.1,0.0,22.8,22,1.6
202,2010-07-23,203,7,16.0,26.5,20100723,2010,9.6,0.0,23.0,91.4,0.0,20.8,23,1.5
203,2010-07-24,203,7,3.0,30.4,20100724,2010,9.1,2.0,24.8,85.6,0.0,21.9,24,1.0
204,2010-07-25,203,7,1.5,31.5,20100725,2010,6.8,5.9,25.9,79.5,0.0,22.9,25,1.2
205,2010-07-26,203,7,0.4,30.7,20100726,2010,6.6,4.1,26.2,78.9,0.0,22.4,26,1.4
206,2010-07-27,203,7,0.0,31.7,20100727,2010,6.6,9.0,26.3,75.9,0.0,22.4,27,1.5
207,2010-07-28,203,7,0.0,28.8,20100728,2010,6.5,1.5,24.4,82.5,0.0,19.7,28,1.2
208,2010-07-29,203,7,0.0,30.5,20100729,2010,8.6,0.8,26.5,78.9,0.0,23.5,29,0.9
209,2010-07-30,203,7,0.0,30.6,20100730,2010,8.1,0.6,26.6,77.5,0.0,23.9,30,1.1
210,2010-07-31,203,7,0.0,30.3,20100731,2010,8.3,0.8,26.6,80.1,0.0,22.7,31,1.2
211,2010-08-01,203,8,0.1,32.8,20100801,2010,7.9,2.4,28.2,78.0,0.0,25.3,1,1.5
212,2010-08-02,203,8,15.0,29.5,20100802,2010,8.5,0.4,26.3,87.5,0.0,24.3,2,1.0
213,2010-08-03,203,8,0.0,31.1,20100803,2010,7.1,1.3,26.7,84.1,0.0,23.9,3,0.6
214,2010-08-04,203,8,4.5,33.8,20100804,2010,8.1,3.4,28.2,83.0,0.0,24.6,4,0.7
215,2010-08-05,203,8,6.5,34.0,20100805,2010,6.1,5.0,28.1,81.3,0.0,24.7,5,1.2
216,2010-08-06,203,8,14.0,30.6,20100806,2010,7.6,2.7,27.2,86.4,0.0,24.9,6,1.3
217,2010-08-07,203,8,6.5,30.6,20100807,2010,8.3,0.8,26.2,86.9,0.0,23.2,7,1.0
218,2010-08-08,203,8,0.0,32.8,20100808,2010,6.1,6.9,26.8,79.3,0.0,23.0,8,0.8
219,2010-08-09,203,8,0.0,34.1,20100809,2010,5.6,9.4,27.1,78.0,0.0,22.1,9,0.6
220,2010-08-10,203,8,20.0,29.5,20100810,2010,9.3,0.0,25.6,89.1,0.0,23.4,10,1.1
221,2010-08-11,203,8,1.5,33.5,20100811,2010,7.5,2.7,27.4,81.4,0.0,23.7,11,1.9
222,2010-08-12,203,8,2.5,25.9,20100812,2010,8.9,0.0,23.3,84.4,0.0,21.3,12,1.6
223,2010-08-13,203,8,12.0,29.2,20100813,2010,10.0,0.0,25.8,89.5,0.0,21.2,13,1.5
224,2010-08-14,203,8,12.5,28.9,20100814,2010,9.8,0.7,26.6,86.1,0.0,24.0,14,1.9
225,2010-08-15,203,8,22.0,30.7,20100815,2010,7.4,3.4,26.9,81.0,0.0,24.1,15,2.4
226,2010-08-16,203,8,1.0,27.3,20100816,2010,9.5,0.0,24.0,87.5,0.0,21.5,16,0.7
227,2010-08-17,203,8,0.1,31.9,20100817,2010,5.0,8.9,24.9,75.6,0.0,20.8,17,0.5
228,2010-08-18,203,8,20.0,31.9,20100818,2010,7.9,2.7,25.6,86.1,0.0,21.7,18,1.0
229,2010-08-19,203,8,0.0,33.5,20100819,2010,4.9,7.4,28.4,78.1,0.0,24.0,19,0.7
230,2010-08-20,203,8,7.5,34.0,20100820,2010,3.5,8.0,28.4,77.6,0.0,24.0,20,0.8
231,2010-08-21,203,8,0.0,33.2,20100821,2010,2.4,7.6,27.8,77.0,0.0,23.3,21,0.8
232,2010-08-22,203,8,0.0,33.3,20100822,2010,4.0,6.9,28.1,75.6,0.0,23.0,22,1.1
233,2010-08-23,203,8,6.5,29.4,20100823,2010,9.0,1.1,26.1,85.9,0.0,23.7,23,1.6
234,2010-08-24,203,8,20.5,25.7,20100824,2010,9.5,0.1,23.3,90.4,0.0,21.3,24,0.8
235,2010-08-25,203,8,5.0,23.5,20100825,2010,10.0,0.0,22.0,91.0,0.0,21.2,25,1.0
236,2010-08-26,203,8,4.5,28.2,20100826,2010,9.5,0.6,24.0,89.6,0.0,21.2,26,1.0
237,2010-08-27,203,8,0.0,31.7,20100827,2010,7.1,6.4,26.5,78.9,0.0,21.3,27,1.2
238,2010-08-28,203,8,4.5,28.6,20100828,2010,9.3,0.2,25.2,87.4,0.0,23.5,28,1.4
239,2010-08-29,203,8,56.0,26.0,20100829,2010,9.6,0.1,23.7,93.6,0.0,21.8,29,0.8
240,2010-08-30,203,8,0.5,31.0,20100830,2010,7.6,5.0,25.3,82.6,0.0,22.5,30,1.1
241,2010-08-31,203,8,20.0,28.5,20100831,2010,9.4,0.3,23.9,90.4,0.0,22.2,31,0.5
242,2010-09-01,203,9,28.0,32.6,20100901,2010,8.6,5.8,26.0,82.1,0.0,20.8,1,1.3
243,2010-09-02,203,9,26.0,29.4,20100902,2010,8.5,1.6,24.7,85.1,0.0,22.3,2,3.3
244,2010-09-03,203,9,3.5,30.6,20100903,2010,6.5,1.3,25.1,88.4,0.0,21.5,3,0.5
245,2010-09-04,203,9,0.0,32.8,20100904,2010,5.1,5.3,26.7,80.4,0.0,22.7,4,0.7
246,2010-09-05,203,9,19.0,31.5,20100905,2010,7.5,4.9,25.3,84.8,0.0,21.6,5,1.1
247,2010-09-06,203,9,21.0,26.4,20100906,2010,8.0,0.4,23.2,91.8,0.0,21.6,6,0.9
248,2010-09-07,203,9,0.0,28.8,20100907,2010,6.0,5.0,23.6,72.9,0.0,18.8,7,2.4
249,2010-09-08,203,9,0.2,23.7,20100908,2010,8.9,0.4,20.4,73.6,0.0,17.7,8,1.1
250,2010-09-09,203,9,4.0,21.8,20100909,2010,10.0,0.0,20.0,89.6,0.0,17.5,9,0.7
251,2010-09-10,203,9,9.0,29.7,20100910,2010,9.6,1.4,24.8,83.4,0.0,21.3,10,2.4
252,2010-09-11,203,9,39.5,25.0,20100911,2010,10.0,0.1,23.1,92.0,0.0,21.9,11,1.3
253,2010-09-12,203,9,75.0,25.8,20100912,2010,8.0,1.9,22.2,87.6,0.0,20.5,12,1.3
254,2010-09-13,203,9,0.0,28.4,20100913,2010,3.6,3.8,22.7,80.3,0.0,19.1,13,1.1
255,2010-09-14,203,9,0.0,28.1,20100914,2010,6.0,4.1,21.9,80.6,0.0,18.3,14,0.7
256,2010-09-15,203,9,0.0,29.7,20100915,2010,0.0,11.0,21.5,74.5,0.0,15.6,15,0.5
257,2010-09-16,203,9,0.0,30.7,20100916,2010,0.6,10.6,21.4,75.3,0.0,14.8,16,0.7
258,2010-09-17,203,9,0.0,29.8,20100917,2010,5.1,8.3,22.2,72.4,0.0,15.4,17,0.8
259,2010-09-18,203,9,0.0,30.3,20100918,2010,3.3,10.1,23.2,68.6,0.0,17.2,18,0.9
260,2010-09-19,203,9,6.5,21.7,20100919,2010,9.8,0.0,19.0,91.6,0.0,17.8,19,0.8
261,2010-09-20,203,9,28.0,23.6,20100920,2010,10.0,0.0,19.9,91.4,0.0,17.2,20,0.9
262,2010-09-21,203,9,187.0,28.5,20100921,2010,10.0,0.1,21.7,93.3,0.0,17.9,21,1.4
263,2010-09-22,203,9,0.3,18.4,20100922,2010,9.5,0.0,16.6,84.6,0.0,14.8,22,1.8
264,2010-09-23,203,9,0.0,23.5,20100923,2010,1.0,9.9,15.9,74.6,0.0,10.2,23,0.8
265,2010-09-24,203,9,0.0,23.9,20100924,2010,1.8,8.7,15.6,74.8,0.0,9.3,24,0.6
266,2010-09-25,203,9,0.0,24.2,20100925,2010,2.5,10.0,16.3,73.8,0.0,9.9,25,0.7
267,2010-09-26,203,9,0.0,23.8,20100926,2010,4.4,6.0,16.0,77.8,0.0,11.2,26,0.7
268,2010-09-27,203,9,0.0,24.3,20100927,2010,6.0,7.1,17.0,78.4,0.0,10.9,27,0.9
269,2010-09-28,203,9,0.3,20.3,20100928,2010,2.0,10.4,15.3,56.6,0.0,7.8,28,1.8
270,2010-09-29,203,9,0.0,17.2,20100929,2010,5.4,1.4,11.2,79.8,0.0,5.9,29,0.7
271,2010-09-30,203,9,0.0,20.2,20100930,2010,4.1,5.3,11.4,85.9,0.0,7.0,30,0.7
272,2010-10-01,203,10,0.0,20.4,20101001,2010,5.3,3.4,12.4,82.0,0.0,7.5,1,0.7
273,2010-10-02,203,10,15.0,19.0,20101002,2010,8.1,0.3,14.1,90.8,0.0,8.3,2,0.8
274,2010-10-03,203,10,10.0,22.2,20101003,2010,7.5,5.8,17.9,78.9,0.0,14.1,3,2.0
275,2010-10-04,203,10,7.5,17.7,20101004,2010,8.9,0.3,14.0,83.9,0.0,12.4,4,1.5
276,2010-10-05,203,10,0.0,20.4,20101005,2010,3.1,7.3,14.6,75.9,0.0,10.2,5,0.9
277,2010-10-06,203,10,0.0,21.1,20101006,2010,5.0,4.7,12.6,86.9,0.0,8.8,6,0.5
278,2010-10-07,203,10,0.0,23.1,20101007,2010,5.6,5.6,13.9,84.8,0.0,8.7,7,0.5
279,2010-10-08,203,10,0.0,23.0,20101008,2010,7.6,3.5,16.3,81.1,0.0,11.2,8,0.5
280,2010-10-09,203,10,0.0,25.1,20101009,2010,2.9,8.5,17.8,75.3,0.0,12.7,9,0.8
281,2010-10-10,203,10,0.0,24.1,20101010,2010,2.5,5.8,16.1,83.6,0.0,11.5,10,0.7
282,2010-10-11,203,10,0.0,17.8,20101011,2010,10.0,0.0,14.9,92.6,0.0,12.0,11,0.7
283,2010-10-12,203,10,0.0,19.7,20101012,2010,8.3,0.0,14.9,87.1,0.0,11.6,12,0.9
284,2010-10-13,203,10,0.0,18.7,20101013,2010,7.9,0.0,13.9,85.8,0.0,10.4,13,0.7
285,2010-10-14,203,10,0.0,20.6,20101014,2010,5.4,5.3,14.2,77.8,0.0,9.5,14,1.0
286,2010-10-15,203,10,0.0,17.9,20101015,2010,1.0,9.3,12.1,57.6,0.0,6.9,15,1.7
287,2010-10-16,203,10,0.0,22.0,20101016,2010,3.0,9.3,13.7,70.1,0.0,5.8,16,1.3
288,2010-10-17,203,10,0.0,20.7,20101017,2010,3.8,5.6,14.5,75.9,0.0,9.4,17,0.9
289,2010-10-18,203,10,0.0,20.0,20101018,2010,3.8,5.7,10.9,82.0,0.0,5.7,18,0.6
290,2010-10-19,203,10,0.0,21.5,20101019,2010,1.0,7.7,13.2,76.9,0.0,5.6,19,0.5
291,2010-10-20,203,10,0.0,20.7,20101020,2010,6.0,4.0,13.1,84.1,0.0,8.5,20,0.8
292,2010-10-21,203,10,0.0,21.4,20101021,2010,6.1,4.9,13.4,82.9,0.0,8.5,21,0.8
293,2010-10-22,203,10,0.0,22.8,20101022,2010,0.4,9.2,14.0,74.9,0.0,8.2,22,0.8
294,2010-10-23,203,10,0.0,19.5,20101023,2010,6.4,3.7,12.3,82.0,0.0,5.9,23,0.6
295,2010-10-24,203,10,0.0,23.2,20101024,2010,5.0,5.3,15.4,78.1,0.0,10.7,24,0.6
296,2010-10-25,203,10,0.0,15.3,20101025,2010,3.4,6.1,10.7,55.4,0.0,5.0,25,2.2
297,2010-10-26,203,10,0.0,9.2,20101026,2010,0.0,9.5,3.7,34.8,0.0,-1.9,26,2.1
298,2010-10-27,203,10,0.0,11.4,20101027,2010,4.4,5.3,3.4,61.6,0.0,-4.3,27,0.8
299,2010-10-28,203,10,0.0,13.9,20101028,2010,0.0,9.6,4.6,62.3,0.0,-3.1,28,1.0
300,2010-10-29,203,10,0.0,17.5,20101029,2010,0.5,9.5,6.7,64.3,0.0,-3.2,29,0.6
301,2010-10-30,203,10,0.0,18.6,20101030,2010,2.3,8.8,9.2,64.8,0.0,1.1,30,0.6
302,2010-10-31,203,10,0.0,16.4,20101031,2010,4.0,3.8,9.1,68.9,0.0,2.3,31,0.6
303,2010-11-01,203,11,0.0,17.6,20101101,2010,1.0,9.0,10.4,65.0,0.0,2.0,1,1.5
304,2010-11-02,203,11,0.0,11.6,20101102,2010,0.1,9.5,5.8,37.4,0.0,1.4,2,2.1
305,2010-11-03,203,11,0.0,13.4,20101103,2010,0.9,8.5,4.6,61.6,0.0,-4.5,3,1.0
306,2010-11-04,203,11,0.0,16.7,20101104,2010,1.1,8.0,7.4,74.4,0.0,-0.4,4,0.9
307,2010-11-05,203,11,0.0,16.5,20101105,2010,3.3,3.6,9.1,79.1,0.0,3.3,5,0.7
308,2010-11-06,203,11,0.0,14.8,20101106,2010,8.9,0.0,9.0,89.3,0.0,4.2,6,0.5
309,2010-11-07,203,11,0.0,13.0,20101107,2010,7.1,0.0,8.5,92.3,0.0,6.0,7,0.7
310,2010-11-08,203,11,6.0,11.5,20101108,2010,7.1,2.6,7.3,70.5,0.0,1.9,8,3.3
311,2010-11-09,203,11,0.0,7.6,20101109,2010,2.5,8.1,3.3,45.0,0.0,0.2,9,3.5
312,2010-11-10,203,11,0.0,11.0,20101110,2010,0.0,9.1,2.9,56.4,0.0,-3.8,10,1.1
313,2010-11-11,203,11,6.0,12.8,20101111,2010,4.5,5.4,6.3,66.6,0.0,-3.3,11,1.2
314,2010-11-12,203,11,2.5,14.2,20101112,2010,2.8,7.9,8.1,66.5,0.0,1.7,12,2.3
315,2010-11-13,203,11,0.0,17.8,20101113,2010,2.6,8.8,7.6,68.4,0.0,-1.3,13,0.7
316,2010-11-14,203,11,0.0,11.8,20101114,2010,6.1,7.3,7.9,38.1,0.0,5.0,14,2.4
317,2010-11-15,203,11,0.0,7.8,20101115,2010,0.3,9.1,2.0,40.3,0.0,-2.0,15,2.0
318,2010-11-16,203,11,0.0,9.3,20101116,2010,2.6,7.0,1.1,68.8,0.0,-6.8,16,0.8
319,2010-11-17,203,11,0.0,11.0,20101117,2010,2.3,4.3,2.6,79.9,0.0,-4.0,17,0.5
320,2010-11-18,203,11,0.0,11.4,20101118,2010,1.3,5.1,1.7,84.4,0.0,-3.8,18,0.5
321,2010-11-19,203,11,0.0,7.8,20101119,2010,6.3,0.4,0.4,88.3,0.0,-4.5,19,0.6
322,2010-11-20,203,11,0.0,13.2,20101120,2010,1.3,7.9,3.3,72.1,0.0,-4.8,20,0.5
323,2010-11-21,203,11,0.0,15.0,20101121,2010,5.5,6.2,6.7,76.9,0.0,-0.7,21,0.4
324,2010-11-22,203,11,0.1,11.3,20101122,2010,2.3,8.2,7.0,54.8,0.0,-0.6,22,2.2
325,2010-11-23,203,11,0.0,13.1,20101123,2010,1.9,8.8,3.4,63.1,0.0,-4.9,23,0.7
326,2010-11-24,203,11,0.0,11.5,20101124,2010,4.5,0.8,4.5,73.0,0.0,-1.7,24,1.0
327,2010-11-25,203,11,0.2,8.5,20101125,2010,1.4,7.9,3.2,58.8,0.0,-0.9,25,1.8
328,2010-11-26,203,11,0.0,5.8,20101126,2010,0.8,8.3,-0.6,45.5,0.0,-5.5,26,1.3
329,2010-11-27,203,11,4.0,7.0,20101127,2010,4.5,1.5,-0.8,68.5,0.0,-5.4,27,1.7
330,2010-11-28,203,11,0.0,2.6,20101128,2010,2.3,8.6,-1.5,40.6,0.0,-7.1,28,1.5
331,2010-11-29,203,11,0.0,8.2,20101129,2010,3.8,5.5,1.3,70.5,0.0,-2.8,29,0.7
332,2010-11-30,203,11,0.0,11.4,20101130,2010,5.4,2.6,3.4,79.0,0.0,-1.1,30,0.5
333,2010-12-01,203,12,0.0,8.2,20101201,2010,6.3,0.0,4.0,91.9,0.0,-0.1,1,0.6
334,2010-12-02,203,12,1.0,10.6,20101202,2010,9.6,0.1,5.3,90.1,0.0,0.2,2,0.6
335,2010-12-03,203,12,1.5,9.1,20101203,2010,1.3,7.1,1.4,49.1,0.0,-3.1,3,3.4
336,2010-12-04,203,12,0.0,5.0,20101204,2010,2.9,3.9,-0.3,65.4,0.0,-6.7,4,0.7
337,2010-12-05,203,12,0.0,8.2,20101205,2010,8.4,0.0,3.9,77.5,0.0,-2.4,5,0.5
338,2010-12-06,203,12,0.0,9.2,20101206,2010,4.8,4.2,3.7,62.4,0.0,-2.2,6,2.3
339,2010-12-07,203,12,0.0,4.4,20101207,2010,2.1,7.1,-2.1,56.1,0.0,-6.8,7,1.1
340,2010-12-08,203,12,5.0,1.8,20101208,2010,8.6,0.2,-1.7,79.4,6.1,-5.3,8,0.9
341,2010-12-09,203,12,0.0,2.5,20101209,2010,0.0,8.6,-2.7,66.6,0.0,-6.6,9,1.2
342,2010-12-10,203,12,0.3,9.0,20101210,2010,5.5,3.1,-0.6,77.0,0.0,-8.9,10,1.1
343,2010-12-11,203,12,0.0,7.1,20101211,2010,1.3,7.9,-1.7,41.6,0.0,-6.2,11,3.0
344,2010-12-12,203,12,0.0,3.1,20101212,2010,4.6,7.6,-3.8,54.6,0.0,-10.4,12,0.9
345,2010-12-13,203,12,1.0,3.0,20101213,2010,8.9,0.0,0.2,77.4,0.0,-3.4,13,0.3
346,2010-12-14,203,12,0.0,2.8,20101214,2010,2.0,6.5,-2.5,53.6,0.0,-9.0,14,2.5
347,2010-12-15,203,12,0.0,-5.5,20101215,2010,0.0,8.6,-9.2,38.5,0.0,-12.4,15,2.4
348,2010-12-16,203,12,0.0,-2.4,20101216,2010,2.5,8.3,-8.4,54.8,0.0,-14.1,16,1.1
349,2010-12-17,203,12,3.5,1.6,20101217,2010,6.1,1.6,-3.9,82.9,3.8,-7.2,17,0.7
350,2010-12-18,203,12,0.0,3.5,20101218,2010,0.0,8.3,-4.6,74.6,0.0,-12.1,18,0.5
351,2010-12-19,203,12,0.0,6.5,20101219,2010,8.1,0.9,1.3,79.8,0.0,-6.5,19,0.5
352,2010-12-20,203,12,0.0,6.8,20101220,2010,5.3,3.6,0.9,88.4,0.0,-3.8,20,1.0
353,2010-12-21,203,12,0.0,9.6,20101221,2010,6.4,5.1,1.5,75.1,0.0,-4.8,21,0.6
354,2010-12-22,203,12,0.0,9.3,20101222,2010,0.0,7.8,2.0,74.4,0.0,-4.2,22,1.0
355,2010-12-23,203,12,0.0,4.4,20101223,2010,2.9,3.2,-1.6,56.1,0.0,-7.7,23,1.9
356,2010-12-24,203,12,0.0,-7.4,20101224,2010,0.1,8.6,-10.6,36.4,0.0,-13.0,24,2.7
357,2010-12-25,203,12,0.0,-4.9,20101225,2010,0.0,8.5,-10.0,39.5,0.0,-14.0,25,2.8
358,2010-12-26,203,12,0.0,-4.7,20101226,2010,2.0,5.2,-9.7,66.6,0.0,-14.8,26,1.3
359,2010-12-27,203,12,0.7,-3.5,20101227,2010,6.1,3.1,-7.1,87.8,0.7,-13.4,27,0.7
360,2010-12-28,203,12,5.2,2.1,20101228,2010,7.1,0.6,-2.7,80.8,5.9,-6.6,28,1.0
361,2010-12-29,203,12,0.0,-1.4,20101229,2010,2.5,8.4,-5.9,67.1,0.0,-12.4,29,1.1
362,2010-12-30,203,12,3.6,-1.3,20101230,2010,3.8,4.2,-5.9,72.9,5.3,-9.9,30,1.8
363,2010-12-31,203,12,0.0,-4.1,20101231,2010,0.9,8.3,-9.6,62.4,0.0,-13.9,31,1.5
