,station_id,humid,month,tmin,Date,tmax,rainfall,sunshine,tavg,snow,wind,day,year,date,cloud
0,203,72.4,1,-16.3,2011-01-01,-1.4,0.0,7.0,-8.8,0.0,0.7,1,2011,20110101,3.5
1,203,71.5,1,-15.0,2011-01-02,1.5,0.0,7.3,-7.9,0.0,0.7,2,2011,20110102,0.0
2,203,73.1,1,-15.5,2011-01-03,0.3,0.0,4.3,-6.4,0.0,0.9,3,2011,20110103,5.1
3,203,77.4,1,-13.7,2011-01-04,-1.1,0.0,0.2,-5.3,0.0,0.8,4,2011,20110104,5.6
4,203,69.6,1,-7.8,2011-01-05,0.1,0.0,3.7,-3.7,0.0,2.1,5,2011,20110105,5.3
5,203,59.8,1,-13.7,2011-01-06,-2.5,0.0,8.7,-7.9,0.0,1.4,6,2011,20110106,0.0
6,203,63.6,1,-16.8,2011-01-07,-1.4,0.0,8.5,-9.4,0.0,1.0,7,2011,20110107,0.1
7,203,85.3,1,-15.4,2011-01-08,-3.9,0.1,0.7,-8.9,0.1,0.6,8,2011,20110108,6.3
8,203,55.0,1,-11.3,2011-01-09,-2.9,0.1,8.5,-6.1,0.1,2.2,9,2011,20110109,2.3
9,203,56.9,1,-17.6,2011-01-10,-3.5,0.0,8.1,-10.1,0.0,1.1,10,2011,20110110,2.3
10,203,72.4,1,-13.3,2011-01-11,-2.2,2.7,2.0,-7.7,0.0,0.8,11,2011,20110111,0.0
11,203,51.0,1,-11.2,2011-01-12,-3.6,0.0,8.8,-8.4,0.0,2.0,12,2011,20110112,0.0
12,203,63.4,1,-18.6,2011-01-13,-2.2,0.0,8.8,-10.3,0.0,0.6,13,2011,20110113,0.0
13,203,69.9,1,-14.4,2011-01-14,-1.3,1.6,3.0,-7.1,0.0,0.7,14,2011,20110114,0.0
14,203,40.0,1,-16.2,2011-01-15,-5.4,0.0,8.1,-11.1,0.0,3.3,15,2011,20110115,0.0
15,203,47.8,1,-18.7,2011-01-16,-8.7,0.0,8.9,-14.2,0.0,1.8,16,2011,20110116,0.0
16,203,62.8,1,-20.6,2011-01-17,-3.2,0.0,8.9,-11.8,0.0,1.1,17,2011,20110117,0.0
17,203,60.0,1,-17.9,2011-01-18,-0.9,0.0,7.8,-8.9,0.0,1.1,18,2011,20110118,0.0
18,203,56.5,1,-14.5,2011-01-19,-1.5,0.0,8.8,-7.8,0.0,1.3,19,2011,20110119,0.0
19,203,52.9,1,-13.7,2011-01-20,-3.2,0.0,8.8,-8.3,0.0,1.5,20,2011,20110120,0.0
20,203,60.0,1,-15.0,2011-01-21,-1.0,0.0,7.1,-8.5,0.0,1.3,21,2011,20110121,0.0
21,203,68.5,1,-12.2,2011-01-22,1.3,0.0,4.7,-6.0,0.0,1.0,22,2011,20110122,0.0
22,203,82.5,1,-12.2,2011-01-23,-1.4,3.3,1.1,-6.4,0.0,0.8,23,2011,20110123,0.0
23,203,67.8,1,-13.1,2011-01-24,-3.7,0.0,4.2,-8.3,0.0,1.7,24,2011,20110124,0.0
24,203,73.9,1,-20.0,2011-01-25,-3.2,0.0,5.4,-11.0,0.0,0.9,25,2011,20110125,0.0
25,203,64.6,1,-18.8,2011-01-26,-1.9,0.0,7.9,-10.1,0.0,1.4,26,2011,20110126,0.0
26,203,52.3,1,-16.8,2011-01-27,-2.8,0.0,8.6,-9.2,0.0,1.7,27,2011,20110127,0.0
27,203,49.6,1,-12.9,2011-01-28,-1.3,0.0,8.3,-7.5,0.0,1.4,28,2011,20110128,0.0
28,203,47.6,1,-14.6,2011-01-29,-4.6,0.0,8.5,-9.3,0.0,2.1,29,2011,20110129,0.0
29,203,46.4,1,-14.9,2011-01-30,-4.2,0.0,9.2,-9.7,0.0,1.9,30,2011,20110130,0.0
30,203,67.4,1,-17.8,2011-01-31,-0.4,0.0,6.6,-8.4,0.0,1.2,31,2011,20110131,0.0
31,203,75.6,2,-9.2,2011-02-01,4.9,0.0,8.6,-3.2,0.0,0.5,1,2011,20110201,0.0
32,203,69.4,2,-8.0,2011-02-02,7.3,0.0,8.3,-1.3,0.0,0.6,2,2011,20110202,0.0
33,203,80.8,2,-6.7,2011-02-03,5.6,0.0,3.3,-1.8,0.0,0.5,3,2011,20110203,0.0
34,203,83.8,2,-4.9,2011-02-04,4.6,0.0,0.0,-1.1,0.0,0.5,4,2011,20110204,0.0
35,203,77.6,2,-6.2,2011-02-05,5.9,0.0,4.6,-0.9,0.0,0.5,5,2011,20110205,0.0
36,203,84.9,2,-5.8,2011-02-06,1.1,0.0,0.0,-2.1,0.0,0.5,6,2011,20110206,0.0
37,203,91.4,2,-8.6,2011-02-07,-0.3,0.0,0.0,-3.7,0.0,0.6,7,2011,20110207,0.0
38,203,64.5,2,-5.7,2011-02-08,8.4,0.0,5.9,1.0,0.0,0.7,8,2011,20110208,0.0
39,203,54.6,2,-4.2,2011-02-09,4.1,0.0,8.3,-0.4,0.0,2.4,9,2011,20110209,0.0
40,203,60.1,2,-8.2,2011-02-10,2.6,0.0,2.0,-2.8,0.0,1.1,10,2011,20110210,0.0
41,203,53.8,2,-8.7,2011-02-11,4.0,0.0,7.5,-2.4,0.0,1.8,11,2011,20110211,0.0
42,203,49.3,2,-8.1,2011-02-12,0.0,0.0,8.4,-5.0,0.0,2.2,12,2011,20110212,0.0
43,203,58.1,2,-12.8,2011-02-13,0.9,0.0,7.2,-5.6,0.0,0.9,13,2011,20110213,0.0
44,203,63.4,2,-8.8,2011-02-14,0.0,0.0,0.1,-3.8,0.0,0.9,14,2011,20110214,0.0
45,203,60.6,2,-9.6,2011-02-15,4.7,0.0,8.8,-2.3,0.0,1.3,15,2011,20110215,0.0
46,203,55.6,2,-10.2,2011-02-16,4.7,0.0,4.7,-2.0,0.0,0.7,16,2011,20110216,0.0
47,203,77.5,2,-2.1,2011-02-17,5.0,1.3,0.0,0.3,0.0,1.4,17,2011,20110217,0.0
48,203,67.4,2,-6.9,2011-02-18,8.1,0.0,6.6,0.0,0.0,1.0,18,2011,20110218,0.0
49,203,57.3,2,-7.1,2011-02-19,9.3,0.0,8.8,0.5,0.0,1.1,19,2011,20110219,0.0
50,203,54.5,2,-6.4,2011-02-20,13.6,0.0,9.4,2.7,0.0,1.1,20,2011,20110220,0.0
51,203,56.3,2,-3.5,2011-02-21,12.6,0.0,9.8,3.2,0.0,0.9,21,2011,20110221,0.0
52,203,56.6,2,-5.7,2011-02-22,14.2,0.0,9.7,3.7,0.0,0.7,22,2011,20110222,0.0
53,203,60.5,2,-4.7,2011-02-23,14.2,0.0,9.3,4.4,0.0,1.1,23,2011,20110223,0.0
54,203,65.9,2,-3.1,2011-02-24,13.5,0.0,7.0,5.3,0.0,1.2,24,2011,20110224,0.0
55,203,46.1,2,-2.3,2011-02-25,9.4,0.0,7.7,3.6,0.0,2.4,25,2011,20110225,0.0
56,203,53.0,2,-6.8,2011-02-26,13.4,0.0,9.4,3.6,0.0,0.9,26,2011,20110226,0.0
57,203,89.9,2,1.1,2011-02-27,5.1,57.0,0.0,3.0,0.0,2.1,27,2011,20110227,0.0
58,203,80.6,2,0.6,2011-02-28,6.4,0.5,0.0,3.0,0.0,2.6,28,2011,20110228,0.0
59,203,80.6,3,-1.8,2011-03-01,4.1,3.5,0.3,1.4,0.0,1.9,1,2011,20110301,0.0
60,203,44.3,3,-4.8,2011-03-02,2.7,0.0,8.1,-1.5,0.0,2.5,2,2011,20110302,0.0
61,203,45.6,3,-7.9,2011-03-03,3.3,0.0,10.3,-1.7,0.0,2.1,3,2011,20110303,0.0
62,203,51.6,3,-5.8,2011-03-04,6.2,0.0,10.3,0.0,0.0,2.2,4,2011,20110304,0.0
63,203,63.4,3,-6.3,2011-03-05,7.8,0.0,5.6,0.9,0.0,1.2,5,2011,20110305,0.0
64,203,69.3,3,-2.4,2011-03-06,9.3,0.0,4.1,2.9,0.0,1.4,6,2011,20110306,0.0
65,203,52.4,3,-0.9,2011-03-07,7.5,0.0,10.1,2.4,0.0,3.1,7,2011,20110307,0.0
66,203,46.9,3,-3.6,2011-03-08,8.7,0.0,7.9,1.7,0.0,2.9,8,2011,20110308,0.0
67,203,43.3,3,-3.0,2011-03-09,5.9,0.0,7.4,0.7,0.0,3.0,9,2011,20110309,0.0
68,203,58.0,3,-6.0,2011-03-10,7.6,0.0,7.4,1.1,0.0,2.3,10,2011,20110310,0.0
69,203,46.9,3,-4.2,2011-03-11,11.2,0.0,9.5,4.1,0.0,2.2,11,2011,20110311,0.0
70,203,47.4,3,-3.9,2011-03-12,15.5,0.0,9.3,5.6,0.0,1.4,12,2011,20110312,0.0
71,203,59.6,3,1.0,2011-03-13,17.5,0.0,5.6,8.8,0.0,1.0,13,2011,20110313,0.0
72,203,79.0,3,3.9,2011-03-14,11.5,0.0,0.0,7.9,0.0,1.9,14,2011,20110314,0.0
73,203,48.0,3,-2.5,2011-03-15,8.3,0.0,8.6,2.3,0.0,3.4,15,2011,20110315,0.0
74,203,32.5,3,-3.5,2011-03-16,5.8,0.0,10.0,0.2,0.0,3.0,16,2011,20110316,0.0
75,203,39.6,3,-5.7,2011-03-17,8.3,0.0,10.8,1.2,0.0,2.1,17,2011,20110317,0.0
76,203,41.1,3,-6.3,2011-03-18,14.0,0.0,9.4,4.0,0.0,1.5,18,2011,20110318,0.0
77,203,40.3,3,0.7,2011-03-19,16.6,0.0,7.5,9.9,0.0,2.1,19,2011,20110319,0.0
78,203,80.0,3,2.7,2011-03-20,8.2,15.0,0.1,5.0,0.0,1.2,20,2011,20110320,0.0
79,203,59.0,3,1.9,2011-03-21,15.0,0.0,5.6,7.4,0.0,1.8,21,2011,20110321,0.0
80,203,32.0,3,-0.8,2011-03-22,8.3,0.0,10.2,2.7,0.0,3.0,22,2011,20110322,0.0
81,203,39.3,3,-5.2,2011-03-23,8.8,0.0,11.1,1.6,0.0,1.8,23,2011,20110323,0.0
82,203,67.8,3,-2.2,2011-03-24,10.4,15.7,6.3,2.6,0.0,1.8,24,2011,20110324,0.0
83,203,56.1,3,-3.2,2011-03-25,6.6,0.1,9.4,1.8,0.0,2.7,25,2011,20110325,0.0
84,203,50.9,3,-4.0,2011-03-26,9.7,0.0,10.7,3.1,0.0,2.2,26,2011,20110326,0.0
85,203,54.4,3,-4.0,2011-03-27,11.3,0.0,8.9,4.6,0.0,2.0,27,2011,20110327,0.0
86,203,59.5,3,0.7,2011-03-28,11.2,0.0,6.8,5.4,0.0,1.9,28,2011,20110328,0.0
87,203,68.1,3,-2.3,2011-03-29,10.4,0.0,3.1,3.7,0.0,1.8,29,2011,20110329,0.0
88,203,58.6,3,-2.2,2011-03-30,15.7,0.0,10.4,6.9,0.0,2.2,30,2011,20110330,0.0
89,203,57.9,3,-1.3,2011-03-31,19.2,0.0,7.1,8.4,0.0,1.5,31,2011,20110331,0.0
90,203,47.1,4,-1.2,2011-04-01,19.1,0.0,10.6,8.7,0.0,1.9,1,2011,20110401,0.0
91,203,53.6,4,0.1,2011-04-02,14.1,0.0,0.0,7.6,0.0,1.1,2,2011,20110402,0.0
92,203,55.8,4,-0.2,2011-04-03,16.6,0.0,8.4,8.4,0.0,1.3,3,2011,20110403,0.0
93,203,49.8,4,0.6,2011-04-04,18.0,0.0,9.2,9.1,0.0,1.4,4,2011,20110404,0.0
94,203,35.6,4,-0.2,2011-04-05,19.9,0.0,11.6,9.5,0.0,1.5,5,2011,20110405,0.0
95,203,41.8,4,-1.4,2011-04-06,19.3,0.0,6.6,9.7,0.0,1.5,6,2011,20110406,0.0
96,203,93.3,4,6.8,2011-04-07,10.5,18.5,0.0,8.9,0.0,0.7,7,2011,20110407,0.0
97,203,56.5,4,6.5,2011-04-08,17.9,0.0,7.6,11.8,0.0,1.9,8,2011,20110408,0.0
98,203,47.3,4,1.3,2011-04-09,18.2,0.0,10.1,10.3,0.0,1.7,9,2011,20110409,0.0
99,203,63.9,4,2.5,2011-04-10,18.6,0.5,1.3,9.9,0.0,1.8,10,2011,20110410,0.0
100,203,38.6,4,6.3,2011-04-11,16.2,0.0,11.7,10.4,0.0,3.1,11,2011,20110411,0.0
101,203,38.1,4,-0.8,2011-04-12,18.4,0.0,12.0,9.5,0.0,2.2,12,2011,20110412,0.0
102,203,45.6,4,-1.3,2011-04-13,20.2,0.0,11.2,10.4,0.0,1.7,13,2011,20110413,0.0
103,203,44.8,4,1.3,2011-04-14,21.4,0.0,10.8,11.6,0.0,1.4,14,2011,20110414,0.0
104,203,65.1,4,9.0,2011-04-15,23.7,0.0,4.8,13.7,0.0,2.2,15,2011,20110415,0.0
105,203,40.6,4,4.1,2011-04-16,20.7,0.0,11.7,12.1,0.0,2.0,16,2011,20110416,0.0
106,203,52.1,4,2.5,2011-04-17,21.4,0.0,11.1,11.6,0.0,1.9,17,2011,20110417,0.0
107,203,70.0,4,4.4,2011-04-18,10.6,1.0,0.1,7.1,0.0,2.1,18,2011,20110418,0.0
108,203,44.4,4,4.4,2011-04-19,16.8,0.0,10.9,10.1,0.0,2.3,19,2011,20110419,0.0
109,203,51.9,4,2.7,2011-04-20,19.1,0.0,10.2,11.0,0.0,2.2,20,2011,20110420,0.0
110,203,45.9,4,3.5,2011-04-21,20.1,0.0,3.7,12.0,0.0,1.1,21,2011,20110421,0.0
111,203,89.8,4,7.3,2011-04-22,11.6,37.0,0.0,8.6,0.0,1.5,22,2011,20110422,0.0
112,203,60.4,4,5.5,2011-04-23,15.3,0.0,10.2,9.5,0.0,3.3,23,2011,20110423,0.0
113,203,60.1,4,4.6,2011-04-24,15.8,0.0,9.7,9.3,0.0,3.5,24,2011,20110424,0.0
114,203,56.1,4,6.3,2011-04-25,18.9,0.0,6.4,11.9,0.0,3.2,25,2011,20110425,0.0
115,203,92.8,4,8.0,2011-04-26,10.2,7.0,0.0,9.1,0.0,1.2,26,2011,20110426,0.0
116,203,79.6,4,7.4,2011-04-27,15.2,2.0,1.0,10.8,0.0,1.8,27,2011,20110427,0.0
117,203,64.0,4,6.3,2011-04-28,15.9,0.3,4.7,9.5,0.0,2.1,28,2011,20110428,0.0
118,203,61.8,4,2.1,2011-04-29,19.1,0.5,1.7,11.4,0.0,1.1,29,2011,20110429,0.0
119,203,93.3,4,10.2,2011-04-30,16.9,92.0,0.0,13.2,0.0,1.6,30,2011,20110430,0.0
120,203,69.6,5,10.0,2011-05-01,17.3,0.0,8.9,13.6,0.0,3.3,1,2011,20110501,0.0
121,203,58.5,5,7.1,2011-05-02,22.7,0.0,9.7,14.6,0.0,1.4,2,2011,20110502,0.0
122,203,54.6,5,8.7,2011-05-03,21.9,0.0,9.5,14.9,0.0,2.2,3,2011,20110503,0.0
123,203,51.9,5,6.3,2011-05-04,22.3,0.0,5.6,14.1,0.0,0.9,4,2011,20110504,0.0
124,203,47.4,5,7.6,2011-05-05,23.8,0.0,11.8,16.7,0.0,1.6,5,2011,20110505,0.0
125,203,62.9,5,9.7,2011-05-06,19.8,0.0,0.4,15.3,0.0,1.1,6,2011,20110506,0.0
126,203,72.4,5,12.4,2011-05-07,23.8,2.0,7.8,17.0,0.0,2.4,7,2011,20110507,0.0
127,203,59.0,5,9.3,2011-05-08,25.5,0.0,8.2,17.1,0.0,1.1,8,2011,20110508,0.0
128,203,76.3,5,13.6,2011-05-09,26.1,5.0,0.0,19.0,0.0,2.1,9,2011,20110509,0.0
129,203,90.8,5,14.5,2011-05-10,19.6,17.5,0.0,17.3,0.0,1.3,10,2011,20110510,0.0
130,203,84.0,5,13.9,2011-05-11,19.5,52.5,0.0,16.2,0.0,1.8,11,2011,20110511,0.0
131,203,73.6,5,10.6,2011-05-12,20.9,1.0,0.7,14.8,0.0,1.6,12,2011,20110512,0.0
132,203,53.0,5,8.4,2011-05-13,21.3,0.0,12.3,15.0,0.0,3.2,13,2011,20110513,0.0
133,203,40.4,5,9.3,2011-05-14,23.9,0.0,12.2,16.7,0.0,2.5,14,2011,20110514,0.0
134,203,51.1,5,8.8,2011-05-15,26.2,0.0,10.5,17.8,0.0,2.5,15,2011,20110515,0.0
135,203,48.3,5,10.7,2011-05-16,23.8,0.0,11.8,16.8,0.0,1.9,16,2011,20110516,0.0
136,203,46.5,5,6.0,2011-05-17,24.2,0.0,11.7,16.1,0.0,1.4,17,2011,20110517,0.0
137,203,53.6,5,8.4,2011-05-18,27.0,0.0,9.6,19.1,0.0,1.5,18,2011,20110518,0.0
138,203,56.9,5,15.4,2011-05-19,26.6,0.0,5.5,20.9,0.0,2.1,19,2011,20110519,0.0
139,203,84.1,5,16.8,2011-05-20,22.4,3.5,0.0,18.4,0.0,1.4,20,2011,20110520,0.0
140,203,88.6,5,12.4,2011-05-21,17.3,10.0,0.0,14.9,0.0,0.8,21,2011,20110521,0.0
141,203,63.3,5,11.0,2011-05-22,24.2,0.0,9.2,17.3,0.0,0.7,22,2011,20110522,0.0
142,203,62.3,5,12.5,2011-05-23,25.0,0.0,7.5,17.7,0.0,0.7,23,2011,20110523,0.0
143,203,56.1,5,9.7,2011-05-24,28.3,0.0,10.5,19.4,0.0,0.9,24,2011,20110524,0.0
144,203,63.1,5,13.9,2011-05-25,27.9,0.0,2.1,20.4,0.0,0.6,25,2011,20110525,0.0
145,203,70.1,5,13.0,2011-05-26,20.5,0.2,6.4,17.1,0.0,1.7,26,2011,20110526,0.0
146,203,69.0,5,13.3,2011-05-27,23.3,0.0,1.9,17.9,0.0,1.0,27,2011,20110527,0.0
147,203,63.8,5,12.4,2011-05-28,29.0,0.0,9.7,20.6,0.0,0.7,28,2011,20110528,0.0
148,203,49.9,5,13.9,2011-05-29,29.9,0.0,11.1,21.9,0.0,1.4,29,2011,20110529,0.0
149,203,52.4,5,13.9,2011-05-30,28.0,0.0,6.8,21.1,0.0,1.2,30,2011,20110530,0.0
150,203,72.3,5,15.8,2011-05-31,22.7,3.0,0.1,18.4,0.0,1.5,31,2011,20110531,0.0
151,203,85.9,6,14.5,2011-06-01,21.3,32.0,2.5,16.4,0.0,1.2,1,2011,20110601,0.0
152,203,70.5,6,14.6,2011-06-02,26.3,0.0,7.5,19.7,0.0,0.8,2,2011,20110602,0.0
153,203,62.1,6,14.4,2011-06-03,26.0,0.0,9.3,19.9,0.0,1.6,3,2011,20110603,0.0
154,203,70.0,6,17.3,2011-06-04,25.2,0.0,5.8,20.0,0.0,2.0,4,2011,20110604,0.0
155,203,59.4,6,16.5,2011-06-05,28.9,0.0,9.2,21.2,0.0,1.6,5,2011,20110605,0.0
156,203,56.5,6,12.7,2011-06-06,27.7,0.0,7.8,20.6,0.0,1.1,6,2011,20110606,0.0
157,203,57.5,6,12.0,2011-06-07,28.0,0.1,8.4,20.4,0.0,1.1,7,2011,20110607,0.0
158,203,56.6,6,16.1,2011-06-08,28.5,0.0,7.8,22.0,0.0,1.6,8,2011,20110608,0.0
159,203,77.8,6,17.2,2011-06-09,23.5,0.0,1.5,19.3,0.0,1.3,9,2011,20110609,0.0
160,203,78.6,6,16.5,2011-06-10,24.9,0.0,0.4,20.4,0.0,0.7,10,2011,20110610,0.0
161,203,56.3,6,17.3,2011-06-11,32.0,0.0,11.8,23.7,0.0,1.1,11,2011,20110611,0.0
162,203,53.6,6,15.2,2011-06-12,30.5,0.0,9.8,22.9,0.0,1.3,12,2011,20110612,0.0
163,203,65.8,6,18.1,2011-06-13,27.3,0.0,6.6,21.2,0.0,1.8,13,2011,20110613,0.0
164,203,62.1,6,15.8,2011-06-14,30.3,0.0,11.8,22.8,0.0,1.1,14,2011,20110614,0.0
165,203,57.1,6,16.8,2011-06-15,31.3,0.0,8.7,24.0,0.0,1.1,15,2011,20110615,0.0
166,203,49.5,6,16.3,2011-06-16,32.2,0.0,12.5,24.7,0.0,1.4,16,2011,20110616,0.0
167,203,54.8,6,15.7,2011-06-17,30.1,0.0,7.6,23.1,0.0,1.2,17,2011,20110617,0.0
168,203,59.0,6,17.3,2011-06-18,29.5,0.0,7.7,23.5,0.0,1.1,18,2011,20110618,0.0
169,203,56.9,6,17.2,2011-06-19,32.9,0.0,11.8,25.4,0.0,0.9,19,2011,20110619,0.0
170,203,56.3,6,18.3,2011-06-20,32.8,0.0,11.9,25.2,0.0,1.6,20,2011,20110620,0.0
171,203,58.0,6,17.7,2011-06-21,31.5,0.0,12.5,24.3,0.0,1.7,21,2011,20110621,0.0
172,203,82.4,6,18.6,2011-06-22,27.0,7.0,0.3,22.9,0.0,1.5,22,2011,20110622,0.0
173,203,87.9,6,21.9,2011-06-23,25.6,35.5,0.0,23.4,0.0,2.6,23,2011,20110623,0.0
174,203,91.0,6,16.7,2011-06-24,22.4,70.5,0.0,19.5,0.0,1.8,24,2011,20110624,0.0
175,203,90.9,6,16.5,2011-06-25,19.1,36.0,0.0,17.6,0.0,1.9,25,2011,20110625,0.0
176,203,85.8,6,16.9,2011-06-26,21.6,27.5,0.0,19.0,0.0,2.8,26,2011,20110626,0.0
177,203,82.1,6,19.6,2011-06-27,21.9,2.0,0.0,20.4,0.0,2.7,27,2011,20110627,0.0
178,203,67.8,6,17.8,2011-06-28,30.6,0.1,9.7,24.4,0.0,1.0,28,2011,20110628,0.0
179,203,89.0,6,20.1,2011-06-29,27.1,66.5,0.0,21.9,0.0,1.6,29,2011,20110629,0.0
180,203,81.9,6,21.2,2011-06-30,29.6,63.5,1.9,24.7,0.0,1.3,30,2011,20110630,0.0
181,203,78.0,7,22.9,2011-07-01,29.7,0.1,1.4,25.7,0.0,0.8,1,2011,20110701,0.0
182,203,80.9,7,23.1,2011-07-02,28.9,0.0,0.0,25.6,0.0,0.4,2,2011,20110702,0.0
183,203,91.6,7,20.7,2011-07-03,25.2,158.5,0.0,22.8,0.0,1.3,3,2011,20110703,0.0
184,203,74.8,7,20.3,2011-07-04,28.2,0.0,7.5,23.4,0.0,1.8,4,2011,20110704,0.0
185,203,72.1,7,17.5,2011-07-05,30.4,0.0,7.3,23.3,0.0,1.1,5,2011,20110705,0.0
186,203,73.5,7,17.7,2011-07-06,30.5,0.0,4.6,23.3,0.0,0.5,6,2011,20110706,0.0
187,203,88.1,7,21.0,2011-07-07,24.4,44.0,0.0,22.6,0.0,1.1,7,2011,20110707,0.0
188,203,89.1,7,21.6,2011-07-08,24.1,45.0,0.0,22.5,0.0,0.9,8,2011,20110708,0.0
189,203,88.9,7,19.9,2011-07-09,26.4,62.5,0.2,22.7,0.0,0.8,9,2011,20110709,0.0
190,203,89.3,7,20.5,2011-07-10,23.9,14.5,0.0,22.2,0.0,1.0,10,2011,20110710,0.0
191,203,91.8,7,19.5,2011-07-11,23.0,45.5,0.0,20.7,0.0,0.8,11,2011,20110711,9.6
192,203,91.8,7,20.1,2011-07-12,24.8,57.0,0.0,22.4,0.0,0.6,12,2011,20110712,0.0
193,203,88.4,7,22.0,2011-07-13,26.4,7.5,0.0,24.0,0.0,0.8,13,2011,20110713,0.0
194,203,89.8,7,22.8,2011-07-14,27.3,38.0,0.1,24.3,0.0,1.1,14,2011,20110714,0.0
195,203,85.8,7,23.1,2011-07-15,29.3,26.5,0.2,24.6,0.0,1.6,15,2011,20110715,0.0
196,203,87.9,7,22.9,2011-07-16,30.4,38.0,1.5,24.3,0.0,0.8,16,2011,20110716,0.0
197,203,80.6,7,22.8,2011-07-17,32.2,0.2,2.6,26.7,0.0,0.5,17,2011,20110717,0.0
198,203,72.0,7,23.1,2011-07-18,34.7,0.0,9.5,27.8,0.0,1.2,18,2011,20110718,0.0
199,203,62.5,7,23.8,2011-07-19,32.0,0.0,11.8,27.5,0.0,3.6,19,2011,20110719,0.0
200,203,58.1,7,21.9,2011-07-20,32.0,0.0,13.0,26.5,0.0,2.7,20,2011,20110720,0.0
201,203,59.0,7,18.4,2011-07-21,32.3,0.0,13.0,25.6,0.0,1.1,21,2011,20110721,0.0
202,203,76.3,7,19.4,2011-07-22,27.4,0.2,0.0,23.4,0.0,0.8,22,2011,20110722,0.0
203,203,74.3,7,22.4,2011-07-23,30.5,0.0,2.9,25.9,0.0,0.9,23,2011,20110723,0.0
204,203,79.4,7,23.1,2011-07-24,28.6,0.5,2.0,25.0,0.0,1.4,24,2011,20110724,0.0
205,203,82.9,7,22.4,2011-07-25,28.7,5.5,0.9,24.9,0.0,1.1,25,2011,20110725,0.0
206,203,80.3,7,22.3,2011-07-26,30.3,50.5,2.3,25.8,0.0,1.5,26,2011,20110726,0.0
207,203,91.1,7,22.2,2011-07-27,25.5,206.0,0.0,23.5,0.0,1.4,27,2011,20110727,0.0
208,203,80.3,7,23.3,2011-07-28,29.1,5.0,0.9,26.2,0.0,2.4,28,2011,20110728,0.0
209,203,79.5,7,24.2,2011-07-29,31.0,3.0,2.0,26.6,0.0,1.5,29,2011,20110729,0.0
210,203,82.5,7,24.1,2011-07-30,31.3,10.5,2.2,26.4,0.0,0.7,30,2011,20110730,0.0
211,203,89.1,7,22.8,2011-07-31,26.4,42.5,0.1,24.4,0.0,0.9,31,2011,20110731,0.0
212,203,86.4,8,22.9,2011-08-01,29.0,13.5,0.2,25.2,0.0,1.0,1,2011,20110801,0.0
213,203,85.6,8,23.3,2011-08-02,28.5,0.5,2.5,25.1,0.0,1.5,2,2011,20110802,0.0
214,203,82.8,8,21.9,2011-08-03,31.1,11.5,1.5,25.3,0.0,1.1,3,2011,20110803,0.0
215,203,85.5,8,23.1,2011-08-04,29.8,0.5,0.1,25.6,0.0,0.6,4,2011,20110804,0.0
216,203,72.1,8,22.8,2011-08-05,34.5,0.0,11.6,28.1,0.0,0.6,5,2011,20110805,0.0
217,203,75.8,8,23.3,2011-08-06,32.1,0.0,2.2,27.1,0.0,1.1,6,2011,20110806,0.0
218,203,71.5,8,23.4,2011-08-07,32.0,4.5,4.0,27.2,0.0,2.6,7,2011,20110807,0.0
219,203,74.9,8,23.3,2011-08-08,28.0,34.0,0.1,26.0,0.0,4.1,8,2011,20110808,0.0
220,203,81.8,8,22.9,2011-08-09,26.4,5.0,0.5,24.3,0.0,2.0,9,2011,20110809,0.0
221,203,79.3,8,23.4,2011-08-10,30.8,1.5,5.5,26.2,0.0,1.4,10,2011,20110810,0.0
222,203,76.0,8,23.8,2011-08-11,32.0,0.0,4.9,27.2,0.0,1.2,11,2011,20110811,0.0
223,203,87.3,8,23.4,2011-08-12,28.4,42.5,0.0,25.2,0.0,0.8,12,2011,20110812,0.0
224,203,87.1,8,22.9,2011-08-13,29.5,17.5,1.2,24.9,0.0,1.0,13,2011,20110813,0.0
225,203,86.8,8,23.5,2011-08-14,30.1,25.0,0.4,24.9,0.0,0.8,14,2011,20110814,0.0
226,203,83.8,8,23.0,2011-08-15,29.0,1.5,0.1,25.2,0.0,0.8,15,2011,20110815,0.0
227,203,85.6,8,23.4,2011-08-16,29.6,40.5,0.0,25.5,0.0,1.2,16,2011,20110816,0.0
228,203,91.8,8,21.7,2011-08-17,25.9,90.5,0.0,24.2,0.0,1.0,17,2011,20110817,0.0
229,203,76.0,8,20.9,2011-08-18,30.6,0.0,5.6,25.2,0.0,0.7,18,2011,20110818,0.0
230,203,81.3,8,21.4,2011-08-19,27.8,0.0,0.2,23.7,0.0,0.9,19,2011,20110819,0.0
231,203,80.3,8,18.6,2011-08-20,25.6,0.0,1.8,22.0,0.0,1.1,20,2011,20110820,0.0
232,203,72.4,8,17.7,2011-08-21,30.2,0.0,10.0,23.6,0.0,0.8,21,2011,20110821,0.0
233,203,73.9,8,18.4,2011-08-22,29.1,0.0,4.9,22.7,0.0,0.9,22,2011,20110822,0.0
234,203,74.8,8,16.1,2011-08-23,29.2,0.0,6.2,21.8,0.0,0.6,23,2011,20110823,0.0
235,203,74.1,8,16.9,2011-08-24,27.2,0.0,2.3,22.0,0.0,0.7,24,2011,20110824,0.0
236,203,73.3,8,19.1,2011-08-25,28.5,0.4,1.8,23.5,0.0,0.9,25,2011,20110825,0.0
237,203,70.8,8,19.7,2011-08-26,28.6,0.0,6.4,24.0,0.0,1.5,26,2011,20110826,0.0
238,203,71.3,8,20.7,2011-08-27,30.8,0.0,9.0,25.4,0.0,1.3,27,2011,20110827,0.0
239,203,71.0,8,20.3,2011-08-28,32.6,0.0,9.6,25.9,0.0,0.6,28,2011,20110828,0.0
240,203,73.9,8,21.6,2011-08-29,32.3,0.0,5.7,26.4,0.0,0.6,29,2011,20110829,0.0
241,203,78.6,8,22.8,2011-08-30,31.0,0.0,0.6,25.9,0.0,0.5,30,2011,20110830,0.0
242,203,67.4,8,20.6,2011-08-31,33.5,0.0,10.3,26.3,0.0,0.8,31,2011,20110831,0.0
243,203,71.1,9,19.4,2011-09-01,32.3,0.0,8.3,25.0,0.0,0.8,1,2011,20110901,0.0
244,203,66.6,9,19.7,2011-09-02,32.1,0.0,10.7,25.0,0.0,1.7,2,2011,20110902,0.0
245,203,59.8,9,17.7,2011-09-03,29.5,0.0,8.9,23.2,0.0,2.1,3,2011,20110903,0.0
246,203,57.3,9,17.4,2011-09-04,29.2,0.0,5.3,22.2,0.0,1.6,4,2011,20110904,0.0
247,203,62.9,9,16.1,2011-09-05,29.4,0.0,9.1,22.3,0.0,0.9,5,2011,20110905,0.0
248,203,62.5,9,14.6,2011-09-06,29.0,0.0,8.7,21.3,0.0,1.4,6,2011,20110906,0.0
249,203,66.4,9,12.6,2011-09-07,27.8,0.0,5.9,20.4,0.0,0.9,7,2011,20110907,0.0
250,203,72.8,9,17.8,2011-09-08,24.9,0.4,1.6,20.3,0.0,0.7,8,2011,20110908,0.0
251,203,86.1,9,16.6,2011-09-09,19.9,2.0,0.0,17.8,0.0,0.5,9,2011,20110909,0.0
252,203,86.1,9,16.5,2011-09-10,21.1,1.0,0.0,18.6,0.0,0.8,10,2011,20110910,0.0
253,203,91.5,9,17.2,2011-09-11,20.7,51.5,0.0,18.9,0.0,0.8,11,2011,20110911,0.0
254,203,78.5,9,19.8,2011-09-12,27.5,1.0,1.9,22.7,0.0,0.4,12,2011,20110912,0.0
255,203,76.1,9,20.3,2011-09-13,29.0,0.0,3.7,23.9,0.0,0.6,13,2011,20110913,0.0
256,203,76.8,9,20.7,2011-09-14,30.3,0.0,3.6,24.1,0.0,0.7,14,2011,20110914,0.0
257,203,76.5,9,19.7,2011-09-15,30.6,0.0,5.8,24.0,0.0,0.8,15,2011,20110915,0.0
258,203,77.8,9,19.6,2011-09-16,30.3,0.0,6.0,23.6,0.0,0.5,16,2011,20110916,0.0
259,203,79.1,9,19.5,2011-09-17,30.4,16.0,4.5,23.4,0.0,1.0,17,2011,20110917,0.0
260,203,71.6,9,16.0,2011-09-18,23.9,1.0,0.0,19.4,0.0,2.4,18,2011,20110918,0.0
261,203,70.5,9,13.7,2011-09-19,17.2,0.5,0.0,15.4,0.0,1.6,19,2011,20110919,0.0
262,203,58.8,9,10.9,2011-09-20,22.7,0.0,6.6,16.0,0.0,2.0,20,2011,20110920,0.0
263,203,56.9,9,9.7,2011-09-21,23.9,0.0,8.6,16.2,0.0,1.3,21,2011,20110921,0.0
264,203,64.5,9,7.7,2011-09-22,24.4,0.0,10.7,15.7,0.0,0.9,22,2011,20110922,0.0
265,203,65.9,9,8.7,2011-09-23,25.1,0.0,9.5,16.4,0.0,0.7,23,2011,20110923,0.0
266,203,66.8,9,10.0,2011-09-24,25.7,0.0,9.8,17.0,0.0,0.9,24,2011,20110924,0.0
267,203,68.6,9,9.6,2011-09-25,25.6,0.0,9.4,16.4,0.0,0.5,25,2011,20110925,0.0
268,203,67.1,9,9.2,2011-09-26,27.5,0.0,10.2,16.9,0.0,0.5,26,2011,20110926,0.0
269,203,66.0,9,8.6,2011-09-27,26.7,0.0,9.5,16.7,0.0,0.8,27,2011,20110927,0.0
270,203,76.4,9,9.7,2011-09-28,21.5,0.0,0.5,15.5,0.0,0.5,28,2011,20110928,0.0
271,203,91.0,9,14.5,2011-09-29,15.8,19.5,0.0,15.0,0.0,1.0,29,2011,20110929,0.0
272,203,55.1,9,10.0,2011-09-30,19.8,0.0,9.7,14.9,0.0,1.8,30,2011,20110930,0.0
273,203,66.3,10,3.7,2011-10-01,17.7,0.0,9.3,10.4,0.0,1.4,1,2011,20111001,0.0
274,203,62.5,10,2.4,2011-10-02,18.4,0.0,8.5,9.9,0.0,1.1,2,2011,20111002,0.0
275,203,64.5,10,1.7,2011-10-03,19.3,0.0,10.2,9.9,0.0,0.8,3,2011,20111003,0.0
276,203,67.9,10,2.3,2011-10-04,20.7,0.0,9.4,11.2,0.0,0.7,4,2011,20111004,0.0
277,203,64.9,10,8.8,2011-10-05,21.2,0.0,2.3,14.1,0.0,1.0,5,2011,20111005,0.0
278,203,62.4,10,8.6,2011-10-06,22.2,0.0,5.5,14.3,0.0,1.7,6,2011,20111006,0.0
279,203,67.4,10,4.2,2011-10-07,22.0,0.0,9.7,12.9,0.0,1.1,7,2011,20111007,0.0
280,203,75.9,10,6.2,2011-10-08,22.3,0.0,7.0,12.3,0.0,0.7,8,2011,20111008,0.0
281,203,81.3,10,6.2,2011-10-09,21.0,0.0,4.1,12.4,0.0,0.5,9,2011,20111009,0.0
282,203,82.1,10,9.1,2011-10-10,23.2,0.0,5.0,13.8,0.0,0.7,10,2011,20111010,0.0
283,203,72.3,10,7.4,2011-10-11,22.6,0.0,6.9,13.4,0.0,0.9,11,2011,20111011,0.0
284,203,79.1,10,5.0,2011-10-12,18.5,0.0,0.6,11.3,0.0,0.6,12,2011,20111012,0.0
285,203,78.9,10,7.1,2011-10-13,22.6,0.0,6.5,12.8,0.0,0.6,13,2011,20111013,0.0
286,203,89.9,10,9.8,2011-10-14,15.1,7.0,0.0,12.7,0.0,0.6,14,2011,20111014,0.0
287,203,83.6,10,9.3,2011-10-15,19.3,18.0,2.7,13.2,0.0,1.8,15,2011,20111015,0.0
288,203,68.1,10,8.8,2011-10-16,19.5,0.5,6.6,13.7,0.0,2.2,16,2011,20111016,0.0
289,203,50.3,10,4.7,2011-10-17,18.1,0.0,9.9,10.2,0.0,1.6,17,2011,20111017,0.0
290,203,58.3,10,-1.3,2011-10-18,17.1,0.0,10.0,6.6,0.0,0.8,18,2011,20111018,0.0
291,203,67.9,10,-0.7,2011-10-19,21.5,0.0,9.9,9.6,0.0,0.5,19,2011,20111019,0.0
292,203,72.4,10,4.8,2011-10-20,20.8,0.0,7.0,12.2,0.0,0.8,20,2011,20111020,0.0
293,203,73.9,10,6.8,2011-10-21,20.6,1.0,4.4,14.5,0.0,0.6,21,2011,20111021,0.0
294,203,81.1,10,9.9,2011-10-22,20.8,3.5,2.7,14.2,0.0,0.7,22,2011,20111022,0.0
295,203,84.9,10,6.8,2011-10-23,20.1,0.1,2.8,12.6,0.0,0.7,23,2011,20111023,0.0
296,203,72.4,10,8.0,2011-10-24,16.8,0.3,0.0,12.9,0.0,1.6,24,2011,20111024,0.0
297,203,46.4,10,1.5,2011-10-25,12.9,0.0,9.7,6.5,0.0,1.7,25,2011,20111025,0.0
298,203,64.0,10,-2.6,2011-10-26,15.7,0.0,9.5,5.7,0.0,0.7,26,2011,20111026,0.0
299,203,62.0,10,0.5,2011-10-27,19.0,0.0,9.0,9.1,0.0,0.6,27,2011,20111027,0.0
300,203,69.3,10,5.6,2011-10-28,18.9,0.0,5.8,10.5,0.0,0.6,28,2011,20111028,0.0
301,203,87.3,10,7.8,2011-10-29,13.6,7.0,0.0,10.8,0.0,0.4,29,2011,20111029,0.0
302,203,69.0,10,7.8,2011-10-30,21.2,0.0,8.0,13.5,0.0,0.7,30,2011,20111030,0.0
303,203,69.3,10,3.4,2011-10-31,21.9,0.0,7.1,10.8,0.0,0.5,31,2011,20111031,0.0
304,203,67.9,11,4.1,2011-11-01,22.7,0.0,9.4,13.3,0.0,0.5,1,2011,20111101,0.0
305,203,64.9,11,9.1,2011-11-02,23.0,0.0,5.8,15.0,0.0,0.8,2,2011,20111102,0.0
306,203,71.4,11,7.2,2011-11-03,24.4,0.0,9.2,14.9,0.0,0.4,3,2011,20111103,0.0
307,203,73.0,11,10.2,2011-11-04,25.4,0.1,5.2,17.6,0.0,0.5,4,2011,20111104,0.0
308,203,71.3,11,14.2,2011-11-05,25.3,0.3,4.9,19.5,0.0,0.9,5,2011,20111105,0.0
309,203,87.9,11,12.6,2011-11-06,18.0,15.0,0.0,13.7,0.0,1.6,6,2011,20111106,0.0
310,203,80.8,11,11.2,2011-11-07,17.6,0.0,0.1,13.9,0.0,0.4,7,2011,20111107,0.0
311,203,78.0,11,10.2,2011-11-08,19.0,0.2,4.0,13.7,0.0,0.8,8,2011,20111108,0.0
312,203,73.8,11,8.3,2011-11-09,17.6,0.5,5.2,12.6,0.0,1.6,9,2011,20111109,0.0
313,203,70.4,11,5.8,2011-11-10,17.0,0.0,3.7,11.7,0.0,1.1,10,2011,20111110,0.0
314,203,78.0,11,9.3,2011-11-11,16.0,3.0,0.7,11.6,0.0,0.7,11,2011,20111111,0.0
315,203,71.6,11,6.3,2011-11-12,16.8,0.0,5.2,10.6,0.0,1.1,12,2011,20111112,0.0
316,203,55.9,11,6.8,2011-11-13,16.6,0.0,4.5,10.8,0.0,1.4,13,2011,20111113,0.0
317,203,41.9,11,0.8,2011-11-14,12.7,0.0,9.1,6.5,0.0,1.5,14,2011,20111114,0.0
318,203,56.3,11,-1.9,2011-11-15,13.0,0.0,8.6,4.7,0.0,1.0,15,2011,20111115,0.0
319,203,63.8,11,-1.6,2011-11-16,14.9,0.0,6.1,6.7,0.0,0.6,16,2011,20111116,0.0
320,203,66.9,11,4.6,2011-11-17,16.2,0.0,0.6,10.2,0.0,0.7,17,2011,20111117,0.0
321,203,87.4,11,9.6,2011-11-18,18.4,4.0,2.5,12.9,0.0,0.5,18,2011,20111118,0.0
322,203,73.9,11,4.5,2011-11-19,15.3,0.1,1.6,11.5,0.0,1.9,19,2011,20111119,0.0
323,203,40.0,11,-1.8,2011-11-20,4.9,0.0,9.2,1.2,0.0,2.6,20,2011,20111120,0.0
324,203,46.1,11,-6.2,2011-11-21,6.9,0.0,9.1,0.3,0.0,1.1,21,2011,20111121,0.0
325,203,58.8,11,-1.9,2011-11-22,7.1,0.0,0.7,3.2,0.0,1.0,22,2011,20111122,0.0
326,203,69.8,11,-1.6,2011-11-23,9.0,2.0,3.7,3.0,0.0,2.5,23,2011,20111123,0.0
327,203,45.9,11,-4.9,2011-11-24,4.2,0.0,9.1,-1.0,0.0,1.6,24,2011,20111124,0.0
328,203,61.1,11,-3.8,2011-11-25,8.2,0.0,8.8,1.0,0.0,0.9,25,2011,20111125,0.0
329,203,71.8,11,-4.2,2011-11-26,5.9,0.0,0.9,2.5,0.0,0.6,26,2011,20111126,0.0
330,203,72.4,11,5.4,2011-11-27,13.8,0.0,0.5,9.6,0.0,0.5,27,2011,20111127,0.0
331,203,78.1,11,7.0,2011-11-28,20.7,0.0,6.1,12.8,0.0,0.7,28,2011,20111128,0.0
332,203,87.0,11,8.0,2011-11-29,13.5,0.3,0.0,10.1,0.0,1.1,29,2011,20111129,0.0
333,203,86.6,11,1.9,2011-11-30,8.2,33.0,0.0,3.8,0.0,3.0,30,2011,20111130,0.0
334,203,63.1,12,3.1,2011-12-01,8.9,0.0,2.8,5.2,0.0,2.0,1,2011,20111201,0.0
335,203,66.9,12,-0.3,2011-12-02,9.2,0.1,0.6,4.8,0.0,1.2,2,2011,20111202,0.0
336,203,81.8,12,1.7,2011-12-03,9.0,9.0,1.5,4.7,0.0,1.1,3,2011,20111203,0.0
337,203,63.1,12,-2.9,2011-12-04,7.6,0.0,8.1,1.8,0.0,1.6,4,2011,20111204,0.0
338,203,53.1,12,-5.7,2011-12-05,4.6,0.0,7.8,0.1,0.0,1.0,5,2011,20111205,0.0
339,203,51.6,12,-2.3,2011-12-06,9.9,0.0,4.7,3.1,0.0,1.0,6,2011,20111206,0.0
340,203,60.0,12,-0.9,2011-12-07,7.2,0.0,0.0,3.6,0.0,1.0,7,2011,20111207,0.0
341,203,58.0,12,-2.6,2011-12-08,5.0,0.0,7.5,1.4,0.0,2.1,8,2011,20111208,0.0
342,203,59.6,12,-4.4,2011-12-09,0.5,0.0,2.6,-2.2,0.0,1.3,9,2011,20111209,0.0
343,203,64.6,12,-8.6,2011-12-10,1.5,0.0,5.2,-3.0,0.0,1.1,10,2011,20111210,0.0
344,203,74.3,12,-3.2,2011-12-11,7.2,0.2,3.8,1.6,0.0,0.9,11,2011,20111211,0.0
345,203,61.9,12,-2.8,2011-12-12,9.6,0.0,6.7,2.9,0.0,1.2,12,2011,20111212,0.0
346,203,65.4,12,-7.2,2011-12-13,7.2,0.0,8.3,-0.8,0.0,0.7,13,2011,20111213,0.0
347,203,73.5,12,-6.5,2011-12-14,3.9,0.0,3.2,-1.0,0.0,0.8,14,2011,20111214,0.0
348,203,41.0,12,-6.5,2011-12-15,0.9,0.0,8.4,-3.2,0.0,2.1,15,2011,20111215,0.0
349,203,37.0,12,-9.2,2011-12-16,-1.5,0.0,8.9,-6.0,0.0,2.2,16,2011,20111216,0.0
350,203,55.5,12,-13.3,2011-12-17,-0.5,0.0,8.9,-6.4,0.0,1.1,17,2011,20111217,0.0
351,203,50.5,12,-8.1,2011-12-18,2.7,0.0,8.5,-2.6,0.0,1.3,18,2011,20111218,0.0
352,203,52.6,12,-11.4,2011-12-19,3.4,0.0,8.4,-3.8,0.0,1.0,19,2011,20111219,0.0
353,203,66.9,12,-11.3,2011-12-20,3.7,0.0,8.0,-3.7,0.0,0.7,20,2011,20111220,0.0
354,203,76.8,12,-3.0,2011-12-21,4.0,0.3,2.3,0.1,0.0,1.1,21,2011,20111221,0.0
355,203,34.0,12,-8.7,2011-12-22,1.2,0.0,8.9,-4.4,0.0,2.9,22,2011,20111222,0.0
356,203,43.5,12,-12.2,2011-12-23,0.2,0.5,8.6,-6.1,0.0,1.2,23,2011,20111223,0.5
357,203,57.5,12,-8.8,2011-12-24,-1.1,0.8,8.7,-5.4,0.0,1.9,24,2011,20111224,0.0
358,203,39.6,12,-12.1,2011-12-25,-2.3,0.0,9.0,-6.8,0.0,1.8,25,2011,20111225,0.0
359,203,35.8,12,-11.3,2011-12-26,-1.4,0.0,9.0,-6.8,0.0,1.7,26,2011,20111226,0.0
360,203,54.3,12,-13.6,2011-12-27,0.4,0.0,7.5,-7.3,0.0,0.8,27,2011,20111227,0.0
361,203,66.1,12,-10.7,2011-12-28,2.0,0.3,3.3,-3.7,0.0,0.5,28,2011,20111228,0.0
362,203,64.4,12,-5.9,2011-12-29,3.7,0.0,7.9,-1.4,0.0,1.1,29,2011,20111229,0.0
363,203,71.4,12,-11.4,2011-12-30,2.7,0.0,7.4,-4.9,0.0,0.8,30,2011,20111230,0.0
364,203,75.1,12,-10.8,2011-12-31,0.8,0.0,3.9,-5.2,0.0,0.5,31,2011,20111231,0.0
