,year,station_id,month,sunshine,snow,tmin,tavg,Date,tmax,cloud,date,day,humid,rainfall,wind
0,2014,203,1,7.5,0.0,-3.5,3.4,2014-01-01,8.1,0.0,20140101,1,60.0,0.0,2.4
1,2014,203,1,8.7,0.0,-4.1,1.2,2014-01-02,7.6,0.0,20140102,2,42.8,0.0,1.4
2,2014,203,1,5.3,0.0,-5.7,-0.2,2014-01-03,7.0,0.0,20140103,3,64.4,0.0,0.6
3,2014,203,1,8.0,0.0,-5.0,-0.1,2014-01-04,5.2,0.0,20140104,4,60.4,0.0,1.0
4,2014,203,1,8.5,0.0,-6.5,-1.0,2014-01-05,5.3,0.0,20140105,5,57.6,0.0,0.9
5,2014,203,1,8.5,0.0,-7.7,-1.9,2014-01-06,5.9,0.0,20140106,6,64.6,0.0,0.7
6,2014,203,1,0.0,0.0,-5.3,-1.0,2014-01-07,2.9,0.0,20140107,7,70.3,0.0,0.4
7,2014,203,1,3.3,0.0,-4.7,0.5,2014-01-08,5.5,0.0,20140108,8,54.9,0.0,1.8
8,2014,203,1,9.0,0.0,-9.7,-6.8,2014-01-09,-2.9,0.0,20140109,9,29.0,0.0,2.3
9,2014,203,1,6.3,0.0,-12.5,-6.4,2014-01-10,-0.6,0.0,20140110,10,63.9,0.0,0.9
10,2014,203,1,4.5,0.0,-9.3,-3.0,2014-01-11,2.5,0.0,20140111,11,58.4,0.0,0.9
11,2014,203,1,4.8,0.0,-7.1,-3.2,2014-01-12,3.1,0.0,20140112,12,51.6,0.0,1.7
12,2014,203,1,9.0,0.0,-11.6,-6.0,2014-01-13,0.6,0.0,20140113,13,31.3,0.0,1.7
13,2014,203,1,8.9,0.0,-13.2,-5.6,2014-01-14,2.3,0.0,20140114,14,46.9,0.0,0.9
14,2014,203,1,9.0,0.0,-12.5,-4.5,2014-01-15,2.8,0.0,20140115,15,54.0,0.0,1.0
15,2014,203,1,0.1,0.0,-9.2,-3.5,2014-01-16,1.1,0.0,20140116,16,69.0,0.0,0.6
16,2014,203,1,4.8,0.0,-8.7,-2.8,2014-01-17,3.7,0.0,20140117,17,69.3,0.0,0.6
17,2014,203,1,7.9,0.0,-4.8,-2.0,2014-01-18,2.7,0.0,20140118,18,43.3,0.0,2.0
18,2014,203,1,7.1,0.0,-12.3,-4.1,2014-01-19,2.1,0.0,20140119,19,48.0,0.0,0.8
19,2014,203,1,0.0,0.0,-4.3,-2.3,2014-01-20,1.5,0.0,20140120,20,80.0,7.6,1.2
20,2014,203,1,5.1,0.0,-6.4,-4.7,2014-01-21,-1.6,0.0,20140121,21,63.4,0.0,1.7
21,2014,203,1,7.6,0.0,-12.5,-6.0,2014-01-22,1.8,0.0,20140122,22,66.3,0.0,0.9
22,2014,203,1,8.6,0.0,-13.1,-5.2,2014-01-23,3.1,0.0,20140123,23,71.4,0.0,0.5
23,2014,203,1,0.1,0.0,-7.0,-0.9,2014-01-24,3.1,0.0,20140124,24,74.5,0.0,0.6
24,2014,203,1,0.0,0.0,0.5,2.3,2014-01-25,4.8,0.0,20140125,25,81.1,3.0,0.8
25,2014,203,1,9.0,0.0,-4.9,-1.3,2014-01-26,4.3,0.0,20140126,26,50.0,0.0,2.0
26,2014,203,1,8.9,0.0,-9.7,-2.2,2014-01-27,6.4,0.0,20140127,27,57.6,0.0,0.8
27,2014,203,1,7.5,0.0,-4.9,0.5,2014-01-28,7.6,0.0,20140128,28,53.3,0.2,1.5
28,2014,203,1,7.3,0.0,-9.5,-1.1,2014-01-29,6.0,0.0,20140129,29,57.3,0.0,0.7
29,2014,203,1,0.0,0.0,-1.9,0.8,2014-01-30,4.6,0.0,20140130,30,66.8,3.3,0.8
30,2014,203,1,9.1,0.0,-7.0,-0.1,2014-01-31,6.2,0.0,20140131,31,48.6,0.0,0.7
31,2014,203,2,0.0,0.0,-0.4,2.0,2014-02-01,3.3,0.0,20140201,1,71.0,23.0,0.5
32,2014,203,2,0.0,0.0,2.7,4.3,2014-02-02,6.1,0.0,20140202,2,89.6,1.9,0.6
33,2014,203,2,4.3,0.0,-7.6,-1.7,2014-02-03,3.5,0.0,20140203,3,44.5,0.0,2.6
34,2014,203,2,9.6,0.0,-10.2,-6.9,2014-02-04,-3.0,0.0,20140204,4,28.5,0.0,2.3
35,2014,203,2,5.9,0.0,-9.2,-6.0,2014-02-05,-1.4,0.0,20140205,5,39.6,0.0,0.9
36,2014,203,2,6.0,0.0,-8.0,-3.1,2014-02-06,4.0,0.0,20140206,6,48.3,0.0,0.6
37,2014,203,2,6.2,0.0,-5.3,1.6,2014-02-07,8.2,0.0,20140207,7,55.1,0.0,2.0
38,2014,203,2,0.0,0.0,-0.9,0.6,2014-02-08,3.7,0.0,20140208,8,78.5,4.7,1.6
39,2014,203,2,0.6,0.0,-2.1,-0.8,2014-02-09,2.5,0.0,20140209,9,77.5,0.7,1.3
40,2014,203,2,5.4,0.0,-3.3,-0.2,2014-02-10,4.1,0.0,20140210,10,59.6,0.3,1.5
41,2014,203,2,9.7,0.0,-6.7,-1.2,2014-02-11,4.7,0.0,20140211,11,53.3,0.0,1.3
42,2014,203,2,6.0,0.0,-5.0,-0.3,2014-02-12,5.8,0.0,20140212,12,60.9,0.0,0.8
43,2014,203,2,6.7,0.0,-4.1,0.8,2014-02-13,6.0,0.0,20140213,13,58.5,0.0,0.8
44,2014,203,2,6.9,0.0,-3.2,1.3,2014-02-14,6.4,0.0,20140214,14,55.8,0.0,1.0
45,2014,203,2,9.6,0.0,-5.0,1.7,2014-02-15,8.9,0.0,20140215,15,59.9,0.0,1.0
46,2014,203,2,6.4,0.0,-4.5,1.5,2014-02-16,9.1,0.0,20140216,16,60.8,0.0,0.8
47,2014,203,2,4.9,0.0,-1.9,3.4,2014-02-17,9.8,0.0,20140217,17,53.0,0.0,1.1
48,2014,203,2,5.6,0.0,-2.6,1.7,2014-02-18,6.2,0.0,20140218,18,50.4,0.0,1.7
49,2014,203,2,8.7,0.0,-5.9,0.1,2014-02-19,6.2,0.0,20140219,19,56.3,0.0,0.9
50,2014,203,2,5.3,0.0,-5.3,-0.6,2014-02-20,5.9,0.0,20140220,20,64.1,0.0,1.5
51,2014,203,2,9.1,0.0,-6.4,-0.3,2014-02-21,6.9,0.0,20140221,21,57.3,0.0,1.2
52,2014,203,2,9.1,0.0,-6.3,0.3,2014-02-22,7.7,0.0,20140222,22,59.5,0.0,1.0
53,2014,203,2,8.1,0.0,-5.2,1.8,2014-02-23,8.8,0.0,20140223,23,55.3,0.0,0.7
54,2014,203,2,6.0,0.0,-4.5,2.8,2014-02-24,10.7,0.0,20140224,24,61.1,0.0,0.9
55,2014,203,2,7.5,0.0,-3.7,4.2,2014-02-25,13.3,0.0,20140225,25,63.8,0.0,1.0
56,2014,203,2,6.8,0.0,-3.1,5.1,2014-02-26,14.1,0.0,20140226,26,61.0,0.0,0.8
57,2014,203,2,6.8,0.0,-2.3,6.2,2014-02-27,15.8,0.0,20140227,27,58.1,0.0,1.7
58,2014,203,2,5.6,0.0,-0.7,6.5,2014-02-28,13.3,0.0,20140228,28,63.6,0.0,1.0
59,2014,203,3,0.6,0.0,3.4,6.8,2014-03-01,10.5,0.0,20140301,1,60.1,0.0,1.6
60,2014,203,3,9.9,0.0,-2.3,4.4,2014-03-02,10.7,0.0,20140302,2,46.5,0.0,1.9
61,2014,203,3,10.1,0.0,-5.0,3.5,2014-03-03,12.4,0.0,20140303,3,43.9,0.0,1.2
62,2014,203,3,6.6,0.0,-3.8,4.1,2014-03-04,12.3,0.0,20140304,4,51.3,0.0,1.4
63,2014,203,3,10.3,0.0,-1.6,2.3,2014-03-05,6.9,0.0,20140305,5,37.0,0.1,3.0
64,2014,203,3,10.3,0.0,-5.0,0.4,2014-03-06,5.8,0.0,20140306,6,37.6,0.0,2.4
65,2014,203,3,10.3,0.0,-6.4,-0.5,2014-03-07,6.3,0.0,20140307,7,31.3,0.0,2.2
66,2014,203,3,9.0,0.0,-6.1,1.3,2014-03-08,7.7,0.0,20140308,8,45.9,0.0,1.6
67,2014,203,3,8.8,0.0,-2.2,1.1,2014-03-09,5.7,0.0,20140309,9,50.3,4.7,2.2
68,2014,203,3,10.6,0.0,-4.5,1.6,2014-03-10,8.9,0.0,20140310,10,39.5,0.0,2.2
69,2014,203,3,8.6,0.0,-5.5,3.4,2014-03-11,13.1,0.0,20140311,11,45.5,0.0,1.3
70,2014,203,3,1.9,0.0,-2.5,3.4,2014-03-12,7.0,0.0,20140312,12,67.6,8.0,0.6
71,2014,203,3,0.2,0.0,1.0,4.4,2014-03-13,8.0,0.0,20140313,13,55.6,0.0,2.8
72,2014,203,3,10.0,0.0,-3.7,2.4,2014-03-14,9.3,0.0,20140314,14,53.5,0.0,1.8
73,2014,203,3,7.6,0.0,-4.4,4.9,2014-03-15,14.0,0.0,20140315,15,60.9,0.0,2.0
74,2014,203,3,7.4,0.0,-0.1,9.4,2014-03-16,18.3,0.0,20140316,16,62.0,0.0,1.3
75,2014,203,3,7.0,0.0,0.8,11.8,2014-03-17,20.5,0.0,20140317,17,67.8,0.0,1.8
76,2014,203,3,7.2,0.0,7.3,11.4,2014-03-18,17.3,0.0,20140318,18,63.8,0.0,2.7
77,2014,203,3,0.0,0.0,5.1,7.1,2014-03-19,10.7,0.0,20140319,19,72.4,0.9,1.1
78,2014,203,3,3.6,0.0,1.9,5.3,2014-03-20,11.9,0.0,20140320,20,73.0,2.4,1.9
79,2014,203,3,9.0,0.0,-3.2,4.1,2014-03-21,11.3,0.0,20140321,21,55.5,0.0,2.0
80,2014,203,3,10.4,0.0,-3.2,7.3,2014-03-22,16.4,0.0,20140322,22,51.8,0.0,1.5
81,2014,203,3,9.6,0.0,-0.3,9.0,2014-03-23,18.2,0.0,20140323,23,52.8,0.0,1.7
82,2014,203,3,9.5,0.0,-0.5,10.0,2014-03-24,18.4,0.0,20140324,24,52.0,0.0,1.6
83,2014,203,3,1.5,0.0,9.5,14.1,2014-03-25,19.1,0.0,20140325,25,60.9,0.0,1.1
84,2014,203,3,5.5,0.0,10.6,14.8,2014-03-26,23.5,0.0,20140326,26,59.3,0.2,1.7
85,2014,203,3,9.4,0.0,4.3,13.2,2014-03-27,22.1,0.0,20140327,27,56.5,0.0,1.5
86,2014,203,3,6.5,0.0,8.6,15.7,2014-03-28,24.8,0.0,20140328,28,49.1,0.0,1.2
87,2014,203,3,0.0,0.0,9.5,12.9,2014-03-29,16.1,0.0,20140329,29,70.0,2.6,0.8
88,2014,203,3,9.8,0.0,8.5,13.8,2014-03-30,20.5,0.0,20140330,30,57.3,0.5,2.1
89,2014,203,3,9.0,0.0,3.4,13.0,2014-03-31,21.7,0.0,20140331,31,48.5,0.0,1.4
90,2014,203,4,10.7,0.0,3.2,14.1,2014-04-01,24.2,0.0,20140401,1,36.3,0.0,1.1
91,2014,203,4,10.1,0.0,4.9,14.8,2014-04-02,24.2,0.0,20140402,2,31.3,0.0,1.5
92,2014,203,4,0.0,0.0,2.3,9.0,2014-04-03,15.8,0.0,20140403,3,57.5,5.6,1.8
93,2014,203,4,10.3,0.0,1.8,6.5,2014-04-04,11.9,0.0,20140404,4,47.1,0.0,2.3
94,2014,203,4,10.4,0.0,-0.8,5.5,2014-04-05,12.6,0.0,20140405,5,55.3,0.0,2.1
95,2014,203,4,12.0,0.0,1.6,7.2,2014-04-06,14.1,0.0,20140406,6,36.6,0.0,2.6
96,2014,203,4,9.1,0.0,0.3,9.6,2014-04-07,19.3,0.0,20140407,7,49.8,0.0,1.8
97,2014,203,4,11.6,0.0,0.6,11.6,2014-04-08,21.6,0.0,20140408,8,41.6,0.0,1.4
98,2014,203,4,8.4,0.0,5.1,11.9,2014-04-09,21.5,0.0,20140409,9,64.0,0.0,2.0
99,2014,203,4,5.5,0.0,5.5,12.7,2014-04-10,20.0,0.0,20140410,10,57.5,0.0,1.2
100,2014,203,4,6.0,0.0,7.5,13.6,2014-04-11,19.6,0.0,20140411,11,52.3,0.0,1.4
101,2014,203,4,0.0,0.0,9.7,13.5,2014-04-12,17.3,0.0,20140412,12,66.5,0.0,0.8
102,2014,203,4,5.4,0.0,10.6,14.9,2014-04-13,23.2,0.0,20140413,13,63.0,1.7,1.1
103,2014,203,4,10.8,0.0,5.2,14.5,2014-04-14,24.7,0.0,20140414,14,49.8,0.0,1.7
104,2014,203,4,8.6,0.0,7.0,14.6,2014-04-15,22.3,0.0,20140415,15,58.4,0.0,1.8
105,2014,203,4,2.2,0.0,10.5,14.0,2014-04-16,20.6,0.0,20140416,16,70.4,0.0,1.4
106,2014,203,4,4.7,0.0,4.9,13.3,2014-04-17,20.3,0.0,20140417,17,62.1,4.0,1.1
107,2014,203,4,7.8,0.0,10.2,15.0,2014-04-18,21.9,0.0,20140418,18,56.5,0.0,1.5
108,2014,203,4,2.0,0.0,9.1,12.7,2014-04-19,18.2,0.0,20140419,19,53.5,0.0,2.3
109,2014,203,4,10.8,0.0,6.0,13.7,2014-04-20,21.6,0.0,20140420,20,44.9,0.0,1.8
110,2014,203,4,10.1,0.0,8.0,14.9,2014-04-21,22.5,0.0,20140421,21,45.5,0.0,1.7
111,2014,203,4,11.2,0.0,5.5,15.1,2014-04-22,23.6,0.0,20140422,22,36.1,0.0,1.5
112,2014,203,4,11.5,0.0,5.2,16.0,2014-04-23,25.4,0.0,20140423,23,41.6,0.0,1.5
113,2014,203,4,9.7,0.0,7.8,17.0,2014-04-24,26.2,0.0,20140424,24,45.4,0.0,1.0
114,2014,203,4,11.2,0.0,7.0,16.7,2014-04-25,27.0,0.0,20140425,25,37.4,0.0,1.1
115,2014,203,4,5.1,0.0,8.4,16.8,2014-04-26,24.7,0.0,20140426,26,43.1,0.0,1.1
116,2014,203,4,0.0,0.0,12.6,14.5,2014-04-27,16.9,0.0,20140427,27,78.5,10.0,1.1
117,2014,203,4,0.0,0.0,11.4,12.3,2014-04-28,14.3,0.0,20140428,28,85.1,31.4,2.0
118,2014,203,4,6.2,0.0,11.3,14.6,2014-04-29,19.8,0.0,20140429,29,62.3,1.9,3.2
119,2014,203,4,6.2,0.0,11.9,16.0,2014-04-30,21.5,0.0,20140430,30,56.8,0.0,1.4
120,2014,203,5,12.2,0.0,9.5,16.1,2014-05-01,23.3,0.0,20140501,1,49.9,0.0,2.1
121,2014,203,5,8.7,0.0,7.9,14.7,2014-05-02,24.9,0.0,20140502,2,66.4,0.2,2.3
122,2014,203,5,12.8,0.0,7.7,13.7,2014-05-03,20.9,0.0,20140503,3,40.3,0.0,2.6
123,2014,203,5,5.4,0.0,5.4,11.3,2014-05-04,20.2,0.0,20140504,4,53.4,0.0,2.1
124,2014,203,5,12.6,0.0,5.1,10.8,2014-05-05,16.1,0.0,20140505,5,44.6,0.0,2.9
125,2014,203,5,12.4,0.0,4.9,12.1,2014-05-06,19.5,0.0,20140506,6,47.5,0.0,1.9
126,2014,203,5,12.0,0.0,3.4,14.4,2014-05-07,23.5,0.0,20140507,7,49.5,0.2,1.7
127,2014,203,5,8.2,0.0,10.0,13.0,2014-05-08,16.1,0.0,20140508,8,76.6,3.7,2.5
128,2014,203,5,8.0,0.0,7.3,14.1,2014-05-09,22.9,0.0,20140509,9,64.0,0.0,1.0
129,2014,203,5,12.5,0.0,7.7,18.0,2014-05-10,27.2,0.0,20140510,10,44.5,0.0,1.0
130,2014,203,5,3.3,0.0,8.9,16.3,2014-05-11,24.1,0.0,20140511,11,58.9,35.7,2.1
131,2014,203,5,8.3,0.0,13.5,16.3,2014-05-12,20.4,0.0,20140512,12,67.5,10.5,2.9
132,2014,203,5,9.1,0.0,9.4,18.5,2014-05-13,27.3,0.0,20140513,13,60.3,0.0,2.0
133,2014,203,5,10.3,0.0,12.9,19.6,2014-05-14,27.5,0.0,20140514,14,51.1,0.0,1.6
134,2014,203,5,10.6,0.0,13.9,17.8,2014-05-15,24.3,0.0,20140515,15,53.4,0.0,2.6
135,2014,203,5,11.7,0.0,10.0,18.4,2014-05-16,26.6,0.0,20140516,16,43.4,0.0,1.5
136,2014,203,5,11.4,0.0,10.4,18.5,2014-05-17,25.7,0.0,20140517,17,49.4,0.0,1.2
137,2014,203,5,12.2,0.0,9.6,18.8,2014-05-18,26.7,0.0,20140518,18,48.3,0.0,1.1
138,2014,203,5,8.7,0.0,9.9,18.8,2014-05-19,27.1,0.0,20140519,19,46.0,0.0,1.3
139,2014,203,5,5.5,0.0,13.1,19.7,2014-05-20,27.6,0.0,20140520,20,47.0,0.0,0.9
140,2014,203,5,11.5,0.0,13.1,18.6,2014-05-21,25.0,0.0,20140521,21,55.8,0.0,2.7
141,2014,203,5,12.4,0.0,12.0,20.3,2014-05-22,28.2,0.0,20140522,22,55.3,0.0,1.5
142,2014,203,5,8.6,0.0,16.8,21.6,2014-05-23,27.3,0.0,20140523,23,56.8,0.0,1.5
143,2014,203,5,3.9,0.0,15.9,20.6,2014-05-24,27.0,0.0,20140524,24,63.9,0.0,1.4
144,2014,203,5,0.6,0.0,17.0,19.4,2014-05-25,25.7,0.0,20140525,25,75.6,7.0,1.1
145,2014,203,5,8.9,0.0,15.9,19.5,2014-05-26,24.3,0.0,20140526,26,55.1,3.2,2.3
146,2014,203,5,12.4,0.0,10.6,20.9,2014-05-27,29.5,0.0,20140527,27,46.4,0.0,2.2
147,2014,203,5,9.6,0.0,14.6,22.3,2014-05-28,29.4,0.0,20140528,28,54.4,0.0,1.6
148,2014,203,5,11.9,0.0,14.9,22.8,2014-05-29,30.5,0.0,20140529,29,52.9,0.0,1.4
149,2014,203,5,12.5,0.0,13.4,23.1,2014-05-30,31.5,0.0,20140530,30,48.3,0.0,1.1
150,2014,203,5,11.2,0.0,15.7,24.6,2014-05-31,33.2,0.0,20140531,31,52.0,0.0,1.3
151,2014,203,6,5.3,0.0,16.8,23.9,2014-06-01,30.0,0.0,20140601,1,55.4,0.0,1.0
152,2014,203,6,0.0,0.0,18.3,20.8,2014-06-02,23.6,0.0,20140602,2,73.9,1.2,1.2
153,2014,203,6,0.1,0.0,16.5,18.7,2014-06-03,22.4,0.0,20140603,3,81.4,27.4,1.4
154,2014,203,6,5.3,0.0,16.0,21.6,2014-06-04,27.3,0.0,20140604,4,59.8,0.0,1.9
155,2014,203,6,2.0,0.0,17.4,20.9,2014-06-05,25.2,0.0,20140605,5,60.5,0.0,1.5
156,2014,203,6,12.4,0.0,13.9,22.6,2014-06-06,30.1,0.0,20140606,6,53.8,0.0,1.1
157,2014,203,6,5.8,0.0,16.3,22.7,2014-06-07,28.4,0.0,20140607,7,60.4,0.0,1.1
158,2014,203,6,7.1,0.0,19.0,21.8,2014-06-08,26.5,0.0,20140608,8,62.3,0.0,1.7
159,2014,203,6,9.2,0.0,17.1,22.3,2014-06-09,28.6,0.0,20140609,9,62.1,0.0,1.2
160,2014,203,6,6.4,0.0,17.1,21.4,2014-06-10,28.7,0.0,20140610,10,70.8,4.2,1.4
161,2014,203,6,4.8,0.0,17.1,20.1,2014-06-11,26.6,0.0,20140611,11,72.4,6.0,0.9
162,2014,203,6,11.5,0.0,14.3,20.2,2014-06-12,28.4,0.0,20140612,12,63.8,0.0,1.5
163,2014,203,6,3.7,0.0,16.4,20.1,2014-06-13,25.8,0.0,20140613,13,71.9,0.0,1.4
164,2014,203,6,10.0,0.0,16.8,21.8,2014-06-14,27.9,0.0,20140614,14,62.0,0.0,1.7
165,2014,203,6,10.7,0.0,17.1,22.2,2014-06-15,28.6,0.0,20140615,15,59.1,0.0,1.9
166,2014,203,6,10.3,0.0,15.3,22.7,2014-06-16,29.2,0.0,20140616,16,54.8,0.0,1.3
167,2014,203,6,4.5,0.0,18.0,23.2,2014-06-17,28.7,0.0,20140617,17,59.9,0.0,1.0
168,2014,203,6,8.9,0.0,16.8,22.9,2014-06-18,29.5,0.0,20140618,18,63.4,0.4,1.3
169,2014,203,6,4.3,0.0,18.8,21.9,2014-06-19,26.6,0.0,20140619,19,68.0,0.0,1.6
170,2014,203,6,2.8,0.0,16.8,23.0,2014-06-20,28.6,0.0,20140620,20,68.4,0.0,1.0
171,2014,203,6,3.6,0.0,18.5,22.1,2014-06-21,28.4,0.0,20140621,21,72.5,2.2,1.6
172,2014,203,6,8.8,0.0,17.5,22.2,2014-06-22,30.0,0.0,20140622,22,68.4,0.3,1.0
173,2014,203,6,5.4,0.0,18.0,21.0,2014-06-23,25.7,0.0,20140623,23,77.6,21.9,1.1
174,2014,203,6,6.2,0.0,16.6,21.6,2014-06-24,26.9,0.0,20140624,24,69.9,2.1,0.9
175,2014,203,6,7.8,0.0,16.0,22.5,2014-06-25,29.4,0.0,20140625,25,66.0,0.0,1.1
176,2014,203,6,10.3,0.0,18.4,24.2,2014-06-26,30.3,0.0,20140626,26,60.3,0.0,1.2
177,2014,203,6,10.7,0.0,19.1,24.3,2014-06-27,30.5,0.0,20140627,27,60.9,0.0,1.6
178,2014,203,6,9.9,0.0,19.7,23.8,2014-06-28,30.1,0.0,20140628,28,60.4,0.0,2.1
179,2014,203,6,6.6,0.0,17.9,23.3,2014-06-29,29.2,0.0,20140629,29,61.5,0.0,1.0
180,2014,203,6,10.1,0.0,18.6,24.0,2014-06-30,30.8,0.0,20140630,30,61.6,0.0,1.2
181,2014,203,7,9.6,0.0,17.7,25.2,2014-07-01,32.3,0.0,20140701,1,61.8,0.0,1.1
182,2014,203,7,1.0,0.0,20.4,24.6,2014-07-02,29.5,0.0,20140702,2,70.8,0.8,1.5
183,2014,203,7,0.1,0.0,19.5,21.7,2014-07-03,24.1,0.0,20140703,3,80.0,6.9,1.5
184,2014,203,7,10.1,0.0,19.8,25.7,2014-07-04,32.5,0.0,20140704,4,56.5,0.0,1.1
185,2014,203,7,2.6,0.0,18.1,24.3,2014-07-05,29.7,0.0,20140705,5,65.9,0.0,0.6
186,2014,203,7,0.8,0.0,18.0,22.2,2014-07-06,26.2,0.0,20140706,6,71.4,0.0,1.3
187,2014,203,7,12.4,0.0,16.7,25.6,2014-07-07,33.5,0.0,20140707,7,58.6,0.0,1.3
188,2014,203,7,5.1,0.0,21.9,26.3,2014-07-08,31.7,0.0,20140708,8,64.8,2.4,1.2
189,2014,203,7,2.4,0.0,23.0,25.8,2014-07-09,32.9,0.0,20140709,9,80.0,3.6,1.1
190,2014,203,7,11.4,0.0,23.0,27.9,2014-07-10,33.9,0.0,20140710,10,57.5,0.0,1.5
191,2014,203,7,11.6,0.0,21.0,26.3,2014-07-11,33.7,0.0,20140711,11,57.4,0.0,2.3
192,2014,203,7,3.0,0.0,18.8,24.3,2014-07-12,29.1,0.0,20140712,12,67.1,0.0,1.2
193,2014,203,7,7.6,0.0,20.8,24.7,2014-07-13,29.9,0.0,20140713,13,68.1,0.3,1.6
194,2014,203,7,9.1,0.0,19.8,25.4,2014-07-14,31.7,0.0,20140714,14,63.0,0.0,1.4
195,2014,203,7,3.4,0.0,19.7,25.0,2014-07-15,31.5,0.0,20140715,15,67.4,0.0,1.1
196,2014,203,7,5.1,0.0,20.8,25.5,2014-07-16,30.3,0.0,20140716,16,63.3,0.0,1.1
197,2014,203,7,3.4,0.0,21.0,25.1,2014-07-17,29.8,0.0,20140717,17,70.3,0.0,1.5
198,2014,203,7,5.8,0.0,19.9,24.7,2014-07-18,30.5,0.0,20140718,18,73.4,6.0,1.6
199,2014,203,7,0.1,0.0,22.3,25.8,2014-07-19,30.2,0.0,20140719,19,74.1,0.7,1.1
200,2014,203,7,7.4,0.0,22.6,27.5,2014-07-20,34.0,0.0,20140720,20,66.9,0.0,1.3
201,2014,203,7,6.5,0.0,22.3,26.8,2014-07-21,32.1,0.0,20140721,21,69.1,0.0,1.4
202,2014,203,7,1.2,0.0,22.7,25.5,2014-07-22,29.8,0.0,20140722,22,73.0,2.7,1.9
203,2014,203,7,0.0,0.0,19.6,22.4,2014-07-23,24.7,0.0,20140723,23,86.4,39.7,1.6
204,2014,203,7,2.6,0.0,18.8,21.5,2014-07-24,26.0,0.0,20140724,24,84.0,21.8,0.9
205,2014,203,7,9.1,0.0,21.5,27.3,2014-07-25,34.3,0.0,20140725,25,74.0,3.5,2.0
206,2014,203,7,1.3,0.0,19.9,23.4,2014-07-26,27.8,0.0,20140726,26,71.6,0.6,3.4
207,2014,203,7,6.9,0.0,20.1,23.9,2014-07-27,30.1,0.0,20140727,27,67.4,0.0,1.1
208,2014,203,7,6.5,0.0,17.9,24.5,2014-07-28,30.4,0.0,20140728,28,68.4,0.0,0.7
209,2014,203,7,1.7,0.0,19.4,22.9,2014-07-29,27.0,0.0,20140729,29,78.0,3.7,1.1
210,2014,203,7,9.9,0.0,20.0,26.8,2014-07-30,33.1,0.0,20140730,30,69.5,0.0,0.8
211,2014,203,7,7.7,0.0,23.1,27.0,2014-07-31,34.6,0.0,20140731,31,76.4,15.4,1.0
212,2014,203,8,6.2,0.0,21.8,27.9,2014-08-01,34.7,0.0,20140801,1,70.0,0.0,0.9
213,2014,203,8,6.2,0.0,24.2,29.0,2014-08-02,34.3,0.0,20140802,2,58.8,1.1,2.6
214,2014,203,8,0.0,0.0,22.6,24.8,2014-08-03,28.6,0.0,20140803,3,85.8,25.6,1.7
215,2014,203,8,0.0,0.0,23.6,25.2,2014-08-04,27.9,0.0,20140804,4,87.9,3.2,1.0
216,2014,203,8,3.9,0.0,23.8,26.8,2014-08-05,31.5,0.0,20140805,5,76.5,0.0,1.4
217,2014,203,8,0.0,0.0,22.0,24.4,2014-08-06,27.6,0.0,20140806,6,83.4,23.0,1.1
218,2014,203,8,0.2,0.0,19.0,22.0,2014-08-07,24.4,0.0,20140807,7,85.5,2.6,0.9
219,2014,203,8,5.6,0.0,18.0,23.5,2014-08-08,29.6,0.0,20140808,8,69.3,0.0,1.6
220,2014,203,8,10.8,0.0,18.5,24.4,2014-08-09,30.9,0.0,20140809,9,51.8,0.0,2.5
221,2014,203,8,1.9,0.0,19.0,23.0,2014-08-10,29.1,0.0,20140810,10,73.5,37.3,1.6
222,2014,203,8,9.0,0.0,17.1,22.5,2014-08-11,28.5,0.0,20140811,11,74.5,0.0,1.3
223,2014,203,8,8.4,0.0,19.6,24.5,2014-08-12,30.7,0.0,20140812,12,69.1,0.0,1.3
224,2014,203,8,0.0,0.0,19.4,21.9,2014-08-13,25.8,0.0,20140813,13,83.3,3.1,0.6
225,2014,203,8,0.0,0.0,19.3,20.1,2014-08-14,22.2,0.0,20140814,14,89.6,5.9,0.9
226,2014,203,8,5.0,0.0,19.4,24.2,2014-08-15,30.0,0.0,20140815,15,75.1,0.2,0.8
227,2014,203,8,5.3,0.0,21.3,25.3,2014-08-16,31.9,0.0,20140816,16,69.6,0.0,1.1
228,2014,203,8,0.0,0.0,20.0,22.0,2014-08-17,24.3,0.0,20140817,17,88.4,4.8,0.8
229,2014,203,8,0.0,0.0,19.2,21.0,2014-08-18,23.6,0.0,20140818,18,89.0,10.4,1.4
230,2014,203,8,0.2,0.0,19.8,22.0,2014-08-19,25.2,0.0,20140819,19,89.1,6.5,0.8
231,2014,203,8,2.1,0.0,21.8,24.4,2014-08-20,29.2,0.0,20140820,20,81.4,0.5,0.8
232,2014,203,8,0.2,0.0,20.3,22.3,2014-08-21,23.6,0.0,20140821,21,90.5,47.3,1.4
233,2014,203,8,9.3,0.0,21.0,24.6,2014-08-22,29.3,0.0,20140822,22,72.0,4.6,1.5
234,2014,203,8,4.0,0.0,20.6,24.0,2014-08-23,29.3,0.0,20140823,23,75.0,0.0,1.0
235,2014,203,8,4.1,0.0,20.1,24.0,2014-08-24,30.4,0.0,20140824,24,77.8,0.2,0.8
236,2014,203,8,0.2,0.0,21.7,23.2,2014-08-25,27.3,0.0,20140825,25,80.9,0.3,1.1
237,2014,203,8,2.8,0.0,20.0,24.1,2014-08-26,29.9,0.0,20140826,26,69.4,0.0,1.3
238,2014,203,8,8.4,0.0,18.4,23.1,2014-08-27,28.5,0.0,20140827,27,67.9,0.0,1.2
239,2014,203,8,11.0,0.0,17.1,22.9,2014-08-28,29.6,0.0,20140828,28,66.3,0.0,1.0
240,2014,203,8,10.3,0.0,17.2,22.6,2014-08-29,30.2,0.0,20140829,29,70.9,0.0,1.1
241,2014,203,8,11.2,0.0,16.5,22.5,2014-08-30,29.6,0.0,20140830,30,69.3,0.0,0.8
242,2014,203,8,5.1,0.0,16.3,20.8,2014-08-31,26.7,0.0,20140831,31,72.9,0.0,0.7
243,2014,203,9,9.7,0.0,15.7,22.5,2014-09-01,30.6,0.0,20140901,1,68.9,0.0,0.7
244,2014,203,9,3.3,0.0,18.2,21.9,2014-09-02,27.6,0.0,20140902,2,73.9,6.5,1.2
245,2014,203,9,0.0,0.0,17.3,19.5,2014-09-03,23.5,0.0,20140903,3,90.4,58.1,1.6
246,2014,203,9,10.7,0.0,18.7,22.4,2014-09-04,28.4,0.0,20140904,4,71.8,0.1,1.5
247,2014,203,9,7.7,0.0,15.8,22.5,2014-09-05,30.0,0.0,20140905,5,74.3,0.0,0.9
248,2014,203,9,8.9,0.0,17.9,23.4,2014-09-06,32.0,0.0,20140906,6,68.8,0.0,0.8
249,2014,203,9,6.2,0.0,17.1,23.0,2014-09-07,31.8,0.0,20140907,7,72.8,0.0,0.7
250,2014,203,9,5.9,0.0,18.0,22.6,2014-09-08,30.1,0.0,20140908,8,74.9,0.0,1.0
251,2014,203,9,5.3,0.0,14.7,21.4,2014-09-09,28.6,0.0,20140909,9,66.9,0.0,1.1
252,2014,203,9,9.5,0.0,11.5,19.2,2014-09-10,29.0,0.0,20140910,10,69.0,0.0,0.7
253,2014,203,9,10.5,0.0,13.6,20.2,2014-09-11,29.7,0.0,20140911,11,70.0,0.0,0.7
254,2014,203,9,1.2,0.0,14.1,19.7,2014-09-12,25.4,0.0,20140912,12,77.6,0.0,0.6
255,2014,203,9,9.2,0.0,15.7,21.2,2014-09-13,28.8,0.0,20140913,13,70.6,0.0,0.9
256,2014,203,9,10.8,0.0,13.3,20.5,2014-09-14,28.1,0.0,20140914,14,61.1,0.0,0.8
257,2014,203,9,2.9,0.0,17.0,21.5,2014-09-15,27.6,0.0,20140915,15,66.8,0.0,1.0
258,2014,203,9,9.8,0.0,13.7,20.6,2014-09-16,27.9,0.0,20140916,16,54.6,0.0,0.9
259,2014,203,9,0.0,0.0,15.7,18.6,2014-09-17,23.0,0.0,20140917,17,70.1,0.0,0.6
260,2014,203,9,4.9,0.0,12.6,17.5,2014-09-18,23.4,0.0,20140918,18,69.5,0.0,0.9
261,2014,203,9,9.6,0.0,9.3,17.4,2014-09-19,27.7,0.0,20140919,19,64.3,0.0,0.6
262,2014,203,9,10.9,0.0,9.1,17.7,2014-09-20,28.0,0.0,20140920,20,58.6,0.0,0.8
263,2014,203,9,4.7,0.0,11.4,17.3,2014-09-21,25.6,0.0,20140921,21,69.6,0.0,0.7
264,2014,203,9,9.6,0.0,9.6,18.6,2014-09-22,28.4,0.0,20140922,22,66.3,0.0,0.7
265,2014,203,9,7.9,0.0,11.7,20.1,2014-09-23,28.7,0.0,20140923,23,65.0,1.0,0.9
266,2014,203,9,1.2,0.0,15.1,17.7,2014-09-24,23.2,0.0,20140924,24,85.0,26.4,1.4
267,2014,203,9,9.3,0.0,14.2,19.2,2014-09-25,28.0,0.0,20140925,25,71.3,0.0,0.7
268,2014,203,9,4.1,0.0,14.2,19.4,2014-09-26,25.4,0.0,20140926,26,73.5,0.0,1.0
269,2014,203,9,7.9,0.0,14.9,20.3,2014-09-27,25.9,0.0,20140927,27,71.8,0.0,1.1
270,2014,203,9,0.9,0.0,15.5,19.8,2014-09-28,24.5,0.0,20140928,28,81.4,0.0,0.5
271,2014,203,9,0.0,0.0,16.6,18.8,2014-09-29,20.8,0.0,20140929,29,88.6,10.7,0.6
272,2014,203,9,7.0,0.0,14.5,18.4,2014-09-30,24.6,0.0,20140930,30,73.1,0.0,1.5
273,2014,203,10,5.2,0.0,13.5,18.0,2014-10-01,24.6,0.0,20141001,1,71.3,0.0,1.1
274,2014,203,10,0.3,0.0,13.2,17.4,2014-10-02,22.0,0.0,20141002,2,79.4,0.6,1.2
275,2014,203,10,8.2,0.0,10.5,15.9,2014-10-03,20.4,0.0,20141003,3,68.4,0.0,1.5
276,2014,203,10,7.6,0.0,8.5,14.7,2014-10-04,23.3,0.0,20141004,4,68.6,0.0,1.4
277,2014,203,10,10.4,0.0,8.0,14.5,2014-10-05,23.6,0.0,20141005,5,60.6,0.0,1.4
278,2014,203,10,9.3,0.0,7.1,13.8,2014-10-06,22.2,0.0,20141006,6,62.6,0.0,0.9
279,2014,203,10,9.5,0.0,5.8,13.9,2014-10-07,22.4,0.0,20141007,7,66.9,0.0,0.9
280,2014,203,10,8.1,0.0,5.1,13.0,2014-10-08,23.4,0.0,20141008,8,71.3,0.0,0.6
281,2014,203,10,8.6,0.0,6.6,15.0,2014-10-09,26.3,0.0,20141009,9,68.9,0.0,0.6
282,2014,203,10,10.1,0.0,7.0,16.5,2014-10-10,28.3,0.0,20141010,10,66.4,0.0,1.6
283,2014,203,10,10.2,0.0,9.7,16.9,2014-10-11,26.3,0.0,20141011,11,62.9,0.0,1.2
284,2014,203,10,7.9,0.0,7.9,17.0,2014-10-12,25.6,0.0,20141012,12,64.0,0.0,0.7
285,2014,203,10,7.4,0.0,8.3,15.5,2014-10-13,21.4,0.0,20141013,13,57.9,0.0,2.9
286,2014,203,10,10.0,0.0,4.7,11.7,2014-10-14,19.9,0.0,20141014,14,56.9,0.0,1.0
287,2014,203,10,9.0,0.0,2.5,10.9,2014-10-15,19.9,0.0,20141015,15,65.0,0.0,0.9
288,2014,203,10,6.7,0.0,4.8,11.1,2014-10-16,18.6,0.0,20141016,16,54.3,3.5,1.6
289,2014,203,10,9.8,0.0,0.4,9.4,2014-10-17,20.2,0.0,20141017,17,59.9,0.0,0.9
290,2014,203,10,9.6,0.0,2.8,11.4,2014-10-18,21.4,0.0,20141018,18,68.4,0.0,0.6
291,2014,203,10,3.4,0.0,4.7,12.8,2014-10-19,20.6,0.0,20141019,19,72.9,0.0,0.5
292,2014,203,10,0.0,0.0,11.8,13.2,2014-10-20,14.3,0.0,20141020,20,91.3,38.4,0.6
293,2014,203,10,0.0,0.0,10.4,12.7,2014-10-21,14.5,0.0,20141021,21,90.3,57.2,1.8
294,2014,203,10,5.5,0.0,7.0,11.9,2014-10-22,18.2,0.0,20141022,22,70.9,0.0,1.7
295,2014,203,10,7.9,0.0,3.4,9.9,2014-10-23,19.1,0.0,20141023,23,76.9,0.0,0.6
296,2014,203,10,5.4,0.0,4.8,10.5,2014-10-24,19.6,0.0,20141024,24,81.5,0.0,0.6
297,2014,203,10,4.1,0.0,7.0,11.0,2014-10-25,19.9,0.0,20141025,25,85.3,0.0,0.5
298,2014,203,10,3.8,0.0,6.4,13.1,2014-10-26,19.9,0.0,20141026,26,77.6,0.2,1.2
299,2014,203,10,9.6,0.0,3.5,10.6,2014-10-27,18.3,0.0,20141027,27,44.8,0.0,1.5
300,2014,203,10,9.5,0.0,-1.1,7.0,2014-10-28,18.0,0.0,20141028,28,63.1,0.0,0.6
301,2014,203,10,9.2,0.0,0.0,8.5,2014-10-29,20.1,0.0,20141029,29,63.6,0.0,0.5
302,2014,203,10,7.2,0.0,1.9,10.3,2014-10-30,20.1,0.0,20141030,30,61.3,0.0,0.6
303,2014,203,10,0.0,0.0,8.7,11.0,2014-10-31,14.0,0.0,20141031,31,84.8,7.3,0.7
304,2014,203,11,0.0,0.0,11.8,14.0,2014-11-01,17.0,0.0,20141101,1,84.3,0.2,0.7
305,2014,203,11,5.4,0.0,7.0,11.4,2014-11-02,15.3,0.0,20141102,2,51.5,4.3,2.7
306,2014,203,11,9.5,0.0,1.9,7.6,2014-11-03,14.2,0.0,20141103,3,41.6,0.0,1.9
307,2014,203,11,9.4,0.0,-1.0,7.6,2014-11-04,17.2,0.0,20141104,4,66.6,0.0,0.7
308,2014,203,11,7.4,0.0,-0.5,8.4,2014-11-05,18.0,0.0,20141105,5,70.4,0.0,0.7
309,2014,203,11,5.2,0.0,6.8,11.1,2014-11-06,18.2,0.0,20141106,6,66.9,0.2,0.9
310,2014,203,11,6.8,0.0,-0.4,7.6,2014-11-07,16.9,0.0,20141107,7,67.1,0.0,0.7
311,2014,203,11,0.0,0.0,4.1,9.0,2014-11-08,14.2,0.0,20141108,8,73.0,0.0,0.6
312,2014,203,11,8.7,0.0,2.7,9.0,2014-11-09,15.9,0.0,20141109,9,52.5,0.0,1.4
313,2014,203,11,8.9,0.0,-2.0,6.1,2014-11-10,17.1,0.0,20141110,10,61.9,0.0,0.7
314,2014,203,11,7.0,0.0,-1.4,6.6,2014-11-11,14.5,0.0,20141111,11,69.9,0.0,0.7
315,2014,203,11,7.2,0.0,-0.6,6.6,2014-11-12,10.7,0.0,20141112,12,49.3,3.5,3.4
316,2014,203,11,8.8,0.0,-2.8,0.3,2014-11-13,5.1,0.0,20141113,13,35.4,0.0,2.3
317,2014,203,11,8.8,0.0,-4.0,3.6,2014-11-14,10.3,0.0,20141114,14,57.6,0.0,1.3
318,2014,203,11,8.8,0.0,-3.1,3.9,2014-11-15,11.4,0.0,20141115,15,44.9,0.0,1.2
319,2014,203,11,7.5,0.0,-0.3,5.6,2014-11-16,12.4,0.0,20141116,16,46.9,0.1,0.8
320,2014,203,11,4.3,0.0,1.4,4.9,2014-11-17,10.7,0.0,20141117,17,73.0,1.2,1.2
321,2014,203,11,6.1,0.0,-5.4,2.8,2014-11-18,11.7,0.0,20141118,18,61.1,0.0,0.9
322,2014,203,11,8.9,0.0,-5.6,2.3,2014-11-19,11.4,0.0,20141119,19,64.0,0.0,0.7
323,2014,203,11,8.7,0.0,-3.8,3.8,2014-11-20,13.5,0.0,20141120,20,65.4,0.0,0.5
324,2014,203,11,7.8,0.0,-1.6,6.9,2014-11-21,16.1,0.0,20141121,21,60.5,0.0,0.7
325,2014,203,11,0.0,0.0,5.1,7.0,2014-11-22,9.9,0.0,20141122,22,82.9,2.9,0.8
326,2014,203,11,0.3,0.0,4.8,6.2,2014-11-23,9.3,0.0,20141123,23,90.4,0.0,0.7
327,2014,203,11,0.0,0.0,4.9,6.6,2014-11-24,9.2,0.0,20141124,24,86.4,0.0,0.4
328,2014,203,11,2.9,0.0,4.6,9.4,2014-11-25,15.5,0.0,20141125,25,60.3,0.0,1.7
329,2014,203,11,5.5,0.0,3.6,8.8,2014-11-26,15.7,0.0,20141126,26,60.6,0.0,1.0
330,2014,203,11,4.1,0.0,3.2,7.2,2014-11-27,14.7,0.0,20141127,27,75.6,0.0,0.6
331,2014,203,11,0.0,0.0,1.7,6.3,2014-11-28,9.4,0.0,20141128,28,89.6,12.3,0.8
332,2014,203,11,1.5,0.0,1.9,6.0,2014-11-29,10.3,0.0,20141129,29,84.3,0.0,1.1
333,2014,203,11,0.0,0.0,2.6,7.3,2014-11-30,10.7,0.0,20141130,30,87.5,7.5,1.1
334,2014,203,12,4.0,0.0,-6.4,-0.3,2014-12-01,8.9,0.0,20141201,1,52.9,0.5,4.1
335,2014,203,12,8.7,0.0,-7.9,-5.4,2014-12-02,-1.5,0.0,20141202,2,36.8,0.0,2.8
336,2014,203,12,1.6,0.0,-7.8,-3.3,2014-12-03,0.8,0.0,20141203,3,72.4,1.5,1.0
337,2014,203,12,8.9,0.0,-8.1,-3.6,2014-12-04,1.4,0.0,20141204,4,46.6,0.0,1.4
338,2014,203,12,8.9,0.0,-9.1,-6.0,2014-12-05,-1.3,0.0,20141205,5,39.6,0.0,2.0
339,2014,203,12,8.8,0.0,-11.9,-5.4,2014-12-06,0.9,0.0,20141206,6,51.4,0.0,1.7
340,2014,203,12,4.7,0.0,-9.2,-4.7,2014-12-07,-0.4,0.0,20141207,7,53.6,0.0,0.7
341,2014,203,12,6.2,0.0,-5.4,-2.2,2014-12-08,4.1,0.0,20141208,8,61.0,1.7,1.3
342,2014,203,12,8.8,0.0,-11.1,-4.4,2014-12-09,3.1,0.0,20141209,9,54.6,0.0,0.9
343,2014,203,12,1.3,0.0,-6.7,-1.6,2014-12-10,2.6,0.0,20141210,10,68.4,0.4,0.7
344,2014,203,12,6.8,0.0,-4.6,-0.7,2014-12-11,3.1,0.0,20141211,11,57.4,0.5,1.9
345,2014,203,12,6.0,0.0,-8.0,-3.4,2014-12-12,2.6,0.0,20141212,12,62.9,0.5,1.1
346,2014,203,12,8.7,0.0,-8.5,-5.3,2014-12-13,-1.5,0.0,20141213,13,46.3,0.0,1.7
347,2014,203,12,5.0,0.0,-11.6,-4.7,2014-12-14,0.5,0.0,20141214,14,63.5,0.0,1.0
348,2014,203,12,0.1,0.0,-5.1,-1.3,2014-12-15,1.4,0.0,20141215,15,81.6,6.0,0.6
349,2014,203,12,8.5,0.0,-9.1,-4.1,2014-12-16,1.0,0.0,20141216,16,53.9,4.3,2.9
350,2014,203,12,8.9,0.0,-12.9,-8.9,2014-12-17,-5.3,0.0,20141217,17,35.3,0.0,3.0
351,2014,203,12,8.9,0.0,-13.7,-9.6,2014-12-18,-3.1,0.0,20141218,18,43.6,0.0,1.2
352,2014,203,12,1.5,0.0,-14.4,-7.6,2014-12-19,-3.2,0.0,20141219,19,62.6,0.1,0.5
353,2014,203,12,6.0,0.0,-6.8,-2.6,2014-12-20,1.8,0.0,20141220,20,59.0,2.7,1.7
354,2014,203,12,6.7,0.0,-14.9,-7.7,2014-12-21,-0.3,0.0,20141221,21,61.8,0.0,0.9
355,2014,203,12,2.9,0.0,-14.6,-7.7,2014-12-22,-1.6,0.0,20141222,22,68.8,0.9,0.8
356,2014,203,12,2.4,0.0,-14.3,-6.2,2014-12-23,-0.5,0.0,20141223,23,71.1,0.0,0.4
357,2014,203,12,5.1,0.0,-3.2,0.4,2014-12-24,7.1,0.0,20141224,24,62.3,0.0,1.3
358,2014,203,12,8.9,0.0,-7.4,-2.7,2014-12-25,2.3,0.0,20141225,25,47.6,0.0,1.8
359,2014,203,12,8.8,0.0,-11.3,-5.3,2014-12-26,0.9,0.0,20141226,26,54.9,0.0,1.0
360,2014,203,12,8.6,0.0,-11.9,-5.1,2014-12-27,3.8,0.0,20141227,27,61.6,0.0,0.5
361,2014,203,12,0.7,0.0,-10.6,-4.5,2014-12-28,-0.3,0.0,20141228,28,69.5,0.0,0.5
362,2014,203,12,0.9,0.0,-3.2,-0.3,2014-12-29,4.6,0.0,20141229,29,73.5,0.0,0.4
363,2014,203,12,7.3,0.0,-7.3,-0.8,2014-12-30,7.8,0.0,20141230,30,63.3,0.0,1.1
364,2014,203,12,5.4,0.0,-6.5,-2.5,2014-12-31,2.7,0.0,20141231,31,56.5,0.6,2.1
