,station_id,tmin,date,rainfall,wind,sunshine,tmax,year,month,cloud,day,humid,Date,tavg,snow
0,203,-9.5,20180101,0.0,1.2,8.5,4.9,2018,1,0.0,1,47.1,2018-01-01,-2.0,0.0
1,203,-8.9,20180102,0.0,1.2,6.4,3.5,2018,1,0.0,2,52.3,2018-01-02,-3.1,0.0
2,203,-7.7,20180103,0.0,1.9,8.8,1.4,2018,1,0.0,3,39.9,2018-01-03,-4.0,0.0
3,203,-11.1,20180104,0.0,0.9,6.2,-1.4,2018,1,0.0,4,51.6,2018-01-04,-5.2,0.0
4,203,-9.1,20180105,0.0,1.3,7.5,2.5,2018,1,0.0,5,64.0,2018-01-05,-4.0,0.0
5,203,-11.2,20180106,0.0,1.2,8.8,4.3,2018,1,0.0,6,54.6,2018-01-06,-3.5,0.0
6,203,-11.3,20180107,0.0,0.7,4.1,1.8,2018,1,0.0,7,57.9,2018-01-07,-3.3,0.0
7,203,-1.2,20180108,1.5,1.7,0.5,4.4,2018,1,0.0,8,61.1,2018-01-08,0.7,0.0
8,203,-6.7,20180109,0.3,2.6,6.7,0.1,2018,1,0.0,9,57.6,2018-01-09,-3.6,0.0
9,203,-11.0,20180110,0.7,2.3,8.6,-3.3,2018,1,0.0,10,51.6,2018-01-10,-7.3,0.0
10,203,-14.4,20180111,0.0,2.2,8.9,-5.7,2018,1,0.0,11,49.5,2018-01-11,-10.9,0.0
11,203,-19.1,20180112,0.0,1.4,8.9,-5.1,2018,1,0.0,12,48.3,2018-01-12,-10.8,0.0
12,203,-9.1,20180113,0.2,0.8,0.0,-3.4,2018,1,0.0,13,77.3,2018-01-13,-6.8,0.0
13,203,-10.8,20180114,0.0,0.7,7.6,5.1,2018,1,0.0,14,70.0,2018-01-14,-2.4,0.0
14,203,-0.9,20180115,0.0,1.3,7.0,9.5,2018,1,0.0,15,64.0,2018-01-15,3.3,0.0
15,203,-3.5,20180116,0.0,0.6,0.0,4.4,2018,1,0.0,16,77.0,2018-01-16,0.7,0.0
16,203,0.3,20180117,2.4,1.1,1.7,7.8,2018,1,0.0,17,81.9,2018-01-17,3.3,0.0
17,203,-0.9,20180118,0.0,1.3,2.1,6.7,2018,1,0.0,18,58.4,2018-01-18,2.3,0.0
18,203,-3.2,20180119,0.0,1.2,8.6,6.7,2018,1,0.0,19,44.9,2018-01-19,0.7,0.0
19,203,-5.5,20180120,0.0,1.2,4.8,6.9,2018,1,0.0,20,67.5,2018-01-20,0.1,0.0
20,203,-7.5,20180121,0.0,0.9,6.3,5.9,2018,1,0.0,21,63.9,2018-01-21,-1.5,0.0
21,203,-3.6,20180122,3.0,1.5,1.0,4.4,2018,1,0.0,22,69.1,2018-01-22,-0.3,0.0
22,203,-13.8,20180123,0.0,3.4,9.1,-3.0,2018,1,0.0,23,37.6,2018-01-23,-9.7,0.0
23,203,-15.8,20180124,0.0,2.8,9.0,-8.9,2018,1,0.0,24,28.4,2018-01-24,-13.2,0.0
24,203,-16.9,20180125,0.0,2.3,8.7,-7.6,2018,1,0.0,25,31.8,2018-01-25,-13.0,0.0
25,203,-16.9,20180126,0.0,2.3,9.1,-9.4,2018,1,0.0,26,32.9,2018-01-26,-13.6,0.0
26,203,-19.2,20180127,0.0,1.0,9.0,-3.1,2018,1,0.0,27,48.3,2018-01-27,-10.8,0.0
27,203,-8.3,20180128,0.0,2.2,8.1,1.2,2018,1,0.0,28,33.5,2018-01-28,-5.1,0.0
28,203,-12.1,20180129,0.0,2.1,9.1,-3.7,2018,1,0.0,29,34.6,2018-01-29,-8.0,0.0
29,203,-15.5,20180130,0.1,1.4,7.1,0.5,2018,1,0.0,30,59.1,2018-01-30,-6.1,0.0
30,203,-4.9,20180131,0.0,1.4,3.7,2.9,2018,1,0.0,31,46.8,2018-01-31,-1.5,0.0
31,203,-12.4,20180201,0.0,1.2,9.3,3.8,2018,2,0.0,1,45.5,2018-02-01,-4.3,0.0
32,203,-11.9,20180202,0.0,1.1,8.8,5.2,2018,2,0.0,2,50.3,2018-02-02,-3.7,0.0
33,203,-10.2,20180203,0.6,2.9,9.1,-2.1,2018,2,0.0,3,45.1,2018-02-03,-6.0,0.0
34,203,-14.7,20180204,0.0,2.1,9.4,-4.1,2018,2,0.0,4,36.9,2018-02-04,-9.0,0.0
35,203,-14.7,20180205,0.0,2.4,9.4,-3.4,2018,2,0.0,5,34.4,2018-02-05,-9.0,0.0
36,203,-14.2,20180206,0.0,2.4,9.7,-4.1,2018,2,0.0,6,33.5,2018-02-06,-9.4,0.0
37,203,-17.6,20180207,0.0,1.3,9.5,-1.0,2018,2,0.0,7,41.3,2018-02-07,-9.0,0.0
38,203,-15.5,20180208,0.0,0.8,9.2,2.6,2018,2,0.0,8,46.9,2018-02-08,-6.6,0.0
39,203,-9.9,20180209,0.0,0.7,1.3,4.9,2018,2,0.0,9,44.9,2018-02-09,-2.9,0.0
40,203,-7.0,20180210,0.0,2.2,5.1,6.3,2018,2,0.0,10,38.1,2018-02-10,-1.6,0.0
41,203,-10.9,20180211,0.6,2.3,5.9,-1.3,2018,2,0.0,11,44.9,2018-02-11,-6.5,0.0
42,203,-12.4,20180212,0.6,2.3,9.3,-0.5,2018,2,0.0,12,46.6,2018-02-12,-6.5,0.0
43,203,-15.3,20180213,0.1,1.9,8.4,4.0,2018,2,0.0,13,64.5,2018-02-13,-3.6,0.0
44,203,-6.6,20180214,0.0,2.0,3.9,9.1,2018,2,0.0,14,56.6,2018-02-14,1.2,0.0
45,203,-4.7,20180215,0.0,2.0,9.5,6.2,2018,2,0.0,15,28.6,2018-02-15,-0.1,0.0
46,203,-9.9,20180216,0.0,1.8,9.3,6.4,2018,2,0.0,16,46.8,2018-02-16,-1.8,0.0
47,203,-7.7,20180217,0.0,2.3,9.5,2.5,2018,2,0.0,17,27.0,2018-02-17,-2.8,0.0
48,203,-6.9,20180218,0.0,0.9,4.9,5.2,2018,2,0.0,18,38.3,2018-02-18,-1.7,0.0
49,203,-7.7,20180219,0.0,1.0,5.3,8.0,2018,2,0.0,19,45.4,2018-02-19,0.3,0.0
50,203,-8.1,20180220,0.0,1.8,8.1,7.2,2018,2,0.0,20,41.5,2018-02-20,0.3,0.0
51,203,-6.0,20180221,0.0,1.9,10.1,5.2,2018,2,0.0,21,24.0,2018-02-21,-0.8,0.0
52,203,-8.6,20180222,0.2,1.4,6.1,5.8,2018,2,0.0,22,57.9,2018-02-22,-0.9,0.0
53,203,-2.4,20180223,3.4,2.0,1.8,8.3,2018,2,0.0,23,76.5,2018-02-23,3.3,0.0
54,203,-1.8,20180224,0.0,1.8,7.3,9.3,2018,2,0.0,24,44.0,2018-02-24,3.7,0.0
55,203,-4.4,20180225,0.0,1.6,7.8,9.4,2018,2,0.0,25,38.6,2018-02-25,1.5,0.0
56,203,-7.5,20180226,0.0,1.0,10.0,10.8,2018,2,0.0,26,45.5,2018-02-26,1.4,0.0
57,203,-5.1,20180227,0.0,0.5,0.0,5.2,2018,2,0.0,27,54.6,2018-02-27,0.8,0.0
58,203,0.0,20180228,27.9,1.7,0.0,6.6,2018,2,0.0,28,75.3,2018-02-28,3.0,0.0
59,203,-4.1,20180301,1.6,3.7,8.6,3.5,2018,3,0.0,1,59.5,2018-03-01,0.4,0.0
60,203,-8.0,20180302,0.0,1.2,10.2,6.1,2018,3,0.0,2,44.5,2018-03-02,-1.1,0.0
61,203,-3.7,20180303,0.0,1.0,10.0,16.9,2018,3,0.0,3,44.9,2018-03-03,6.9,0.0
62,203,5.5,20180304,11.3,1.8,1.7,15.3,2018,3,0.0,4,79.6,2018-03-04,9.7,0.0
63,203,-1.2,20180305,14.6,3.2,5.9,10.1,2018,3,0.0,5,68.9,2018-03-05,3.6,0.0
64,203,-4.5,20180306,0.0,1.0,10.6,11.5,2018,3,0.0,6,57.6,2018-03-06,3.1,0.0
65,203,-1.8,20180307,2.1,2.1,3.9,10.5,2018,3,0.0,7,62.4,2018-03-07,4.2,0.0
66,203,0.7,20180308,8.7,1.5,2.5,9.1,2018,3,0.0,8,79.3,2018-03-08,4.0,0.0
67,203,-0.1,20180309,0.0,1.3,5.4,8.4,2018,3,0.0,9,68.0,2018-03-09,3.8,0.0
68,203,-4.2,20180310,0.0,1.4,5.8,10.6,2018,3,0.0,10,67.1,2018-03-10,3.0,0.0
69,203,0.7,20180311,0.0,2.0,9.7,13.5,2018,3,0.0,11,52.5,2018-03-11,6.2,0.0
70,203,-3.2,20180312,0.0,1.3,7.8,16.8,2018,3,0.0,12,52.3,2018-03-12,6.5,0.0
71,203,0.4,20180313,0.0,1.8,7.8,20.6,2018,3,0.0,13,61.0,2018-03-13,10.7,0.0
72,203,6.7,20180314,0.0,1.4,7.9,23.1,2018,3,0.0,14,66.9,2018-03-14,14.5,0.0
73,203,6.2,20180315,24.6,1.5,0.0,14.3,2018,3,0.0,15,92.1,2018-03-15,11.4,0.0
74,203,-0.5,20180316,0.0,2.9,9.6,10.5,2018,3,0.0,16,53.9,2018-03-16,5.2,0.0
75,203,-3.9,20180317,0.0,1.2,10.1,13.6,2018,3,0.0,17,54.8,2018-03-17,5.3,0.0
76,203,2.7,20180318,1.3,0.8,0.0,12.5,2018,3,0.0,18,59.4,2018-03-18,7.6,0.0
77,203,5.2,20180319,6.0,2.5,0.0,9.4,2018,3,0.0,19,73.3,2018-03-19,6.9,0.0
78,203,0.8,20180320,0.0,4.0,5.8,8.3,2018,3,0.0,20,43.5,2018-03-20,3.6,0.0
79,203,-0.9,20180321,1.2,2.4,0.0,4.9,2018,3,0.0,21,65.6,2018-03-21,1.4,0.0
80,203,-0.2,20180322,0.0,2.3,10.2,12.8,2018,3,0.0,22,58.4,2018-03-22,4.6,0.0
81,203,-3.0,20180323,0.0,1.7,7.7,14.0,2018,3,0.0,23,55.3,2018-03-23,5.3,0.0
82,203,0.4,20180324,0.0,2.1,7.7,15.1,2018,3,0.0,24,58.5,2018-03-24,7.8,0.0
83,203,3.8,20180325,0.0,1.6,7.2,18.9,2018,3,0.0,25,60.0,2018-03-25,9.4,0.0
84,203,0.6,20180326,0.0,1.5,8.7,19.6,2018,3,0.0,26,63.5,2018-03-26,10.5,0.0
85,203,2.2,20180327,0.0,1.8,8.5,21.5,2018,3,0.0,27,64.0,2018-03-27,12.2,0.0
86,203,4.0,20180328,0.0,1.6,7.0,21.8,2018,3,0.0,28,65.0,2018-03-28,13.3,0.0
87,203,9.6,20180329,0.0,1.5,6.4,22.2,2018,3,0.0,29,64.3,2018-03-29,14.9,0.0
88,203,6.4,20180330,0.0,1.7,9.8,21.8,2018,3,0.0,30,53.1,2018-03-30,14.1,0.0
89,203,7.1,20180331,0.0,1.7,9.4,22.3,2018,3,0.0,31,54.5,2018-03-31,14.1,0.0
90,203,7.1,20180401,0.0,1.1,1.4,20.9,2018,4,0.0,1,64.6,2018-04-01,14.3,0.0
91,203,10.3,20180402,0.0,1.5,5.3,24.9,2018,4,0.0,2,67.9,2018-04-02,17.1,0.0
92,203,12.1,20180403,0.0,1.8,6.3,24.5,2018,4,0.0,3,65.0,2018-04-03,18.0,0.0
93,203,8.9,20180404,13.4,2.7,0.0,16.9,2018,4,0.0,4,73.6,2018-04-04,11.6,0.0
94,203,6.3,20180405,21.0,2.2,0.0,9.0,2018,4,0.0,5,91.0,2018-04-05,7.0,0.0
95,203,2.8,20180406,9.8,2.9,6.0,11.3,2018,4,0.0,6,67.9,2018-04-06,6.5,0.0
96,203,1.3,20180407,0.3,4.3,9.6,9.7,2018,4,0.0,7,44.1,2018-04-07,4.2,0.0
97,203,-0.6,20180408,1.1,2.0,3.8,10.3,2018,4,0.0,8,62.1,2018-04-08,4.2,0.0
98,203,1.3,20180409,0.0,1.1,7.3,15.6,2018,4,0.0,9,63.8,2018-04-09,7.4,0.0
99,203,1.2,20180410,8.2,3.0,7.7,22.9,2018,4,0.0,10,54.1,2018-04-10,14.0,0.0
100,203,8.9,20180411,0.0,3.5,11.7,18.6,2018,4,0.0,11,45.0,2018-04-11,13.1,0.0
101,203,2.7,20180412,0.0,2.5,11.9,21.8,2018,4,0.0,12,33.6,2018-04-12,12.3,0.0
102,203,2.9,20180413,0.0,1.8,2.2,19.0,2018,4,0.0,13,34.3,2018-04-13,12.5,0.0
103,203,5.9,20180414,18.1,1.6,0.0,12.1,2018,4,0.0,14,79.9,2018-04-14,8.1,0.0
104,203,4.7,20180415,0.0,2.6,8.6,15.2,2018,4,0.0,15,66.0,2018-04-15,9.2,0.0
105,203,1.0,20180416,0.0,1.4,11.0,18.8,2018,4,0.0,16,54.6,2018-04-16,10.3,0.0
106,203,3.7,20180417,0.0,1.5,9.3,20.8,2018,4,0.0,17,48.3,2018-04-17,11.8,0.0
107,203,2.7,20180418,0.0,1.8,12.0,21.5,2018,4,0.0,18,38.0,2018-04-18,12.4,0.0
108,203,2.9,20180419,0.0,1.6,11.4,22.7,2018,4,0.0,19,44.8,2018-04-19,13.7,0.0
109,203,7.1,20180420,0.0,1.2,11.2,29.1,2018,4,0.0,20,50.1,2018-04-20,18.0,0.0
110,203,8.7,20180421,0.0,1.5,11.8,28.8,2018,4,0.0,21,41.1,2018-04-21,18.3,0.0
111,203,10.2,20180422,0.9,1.7,0.8,22.8,2018,4,0.0,22,57.9,2018-04-22,14.8,0.0
112,203,7.8,20180423,66.9,2.4,0.0,10.6,2018,4,0.0,23,94.3,2018-04-23,8.6,0.0
113,203,7.8,20180424,6.1,2.5,0.0,16.3,2018,4,0.0,24,64.3,2018-04-24,11.0,0.0
114,203,1.3,20180425,0.0,1.4,12.2,23.6,2018,4,0.0,25,42.5,2018-04-25,12.9,0.0
115,203,5.5,20180426,0.0,1.6,10.6,22.4,2018,4,0.0,26,52.4,2018-04-26,14.3,0.0
116,203,6.1,20180427,0.0,1.4,11.1,22.9,2018,4,0.0,27,54.4,2018-04-27,14.6,0.0
117,203,6.9,20180428,0.0,1.7,11.8,23.7,2018,4,0.0,28,53.9,2018-04-28,14.7,0.0
118,203,4.7,20180429,0.0,1.5,11.5,24.2,2018,4,0.0,29,50.8,2018-04-29,14.8,0.0
119,203,9.2,20180430,0.0,1.3,9.3,26.6,2018,4,0.0,30,58.3,2018-04-30,17.6,0.0
120,203,14.9,20180501,0.0,1.4,4.4,25.1,2018,5,0.0,1,69.5,2018-05-01,19.7,0.0
121,203,8.8,20180502,13.6,2.0,0.1,18.7,2018,5,0.0,2,89.0,2018-05-02,14.8,0.0
122,203,5.6,20180503,2.7,2.7,8.4,16.5,2018,5,0.0,3,66.4,2018-05-03,10.6,0.0
123,203,7.0,20180504,0.0,3.2,12.4,20.4,2018,5,0.0,4,48.0,2018-05-04,13.3,0.0
124,203,5.6,20180505,0.0,1.7,11.0,24.7,2018,5,0.0,5,51.6,2018-05-05,16.1,0.0
125,203,13.4,20180506,23.5,1.2,0.2,18.1,2018,5,0.0,6,91.0,2018-05-06,15.0,0.0
126,203,12.1,20180507,0.0,1.2,6.2,24.6,2018,5,0.0,7,67.5,2018-05-07,17.4,0.0
127,203,9.1,20180508,0.0,2.3,5.0,20.6,2018,5,0.0,8,58.6,2018-05-08,15.4,0.0
128,203,7.3,20180509,0.6,1.4,12.5,21.7,2018,5,0.0,9,55.4,2018-05-09,14.6,0.0
129,203,8.2,20180510,0.0,1.8,12.4,23.5,2018,5,0.0,10,63.0,2018-05-10,15.2,0.0
130,203,10.6,20180511,0.0,1.5,5.1,23.1,2018,5,0.0,11,56.0,2018-05-11,15.9,0.0
131,203,10.5,20180512,30.6,0.9,0.0,15.7,2018,5,0.0,12,89.8,2018-05-12,12.9,0.0
132,203,13.8,20180513,0.7,2.2,8.1,20.4,2018,5,0.0,13,79.3,2018-05-13,16.4,0.0
133,203,11.3,20180514,0.0,1.1,6.7,25.8,2018,5,0.0,14,77.9,2018-05-14,17.9,0.0
134,203,14.1,20180515,0.0,0.8,6.2,29.5,2018,5,0.0,15,68.1,2018-05-15,21.6,0.0
135,203,19.5,20180516,34.7,0.8,0.0,25.6,2018,5,0.0,16,93.0,2018-05-16,21.3,0.0
136,203,19.8,20180517,26.9,1.2,0.1,25.9,2018,5,0.0,17,91.9,2018-05-17,21.8,0.0
137,203,10.7,20180518,11.1,2.1,0.0,20.3,2018,5,0.0,18,87.5,2018-05-18,15.7,0.0
138,203,8.8,20180519,0.0,2.2,12.6,24.0,2018,5,0.0,19,53.9,2018-05-19,16.4,0.0
139,203,7.0,20180520,0.0,1.6,4.4,21.4,2018,5,0.0,20,50.5,2018-05-20,15.0,0.0
140,203,5.5,20180521,0.0,1.8,9.1,22.9,2018,5,0.0,21,60.3,2018-05-21,15.1,0.0
141,203,11.3,20180522,7.2,0.9,5.4,24.4,2018,5,0.0,22,78.1,2018-05-22,17.1,0.0
142,203,12.9,20180523,7.5,2.1,12.3,24.6,2018,5,0.0,23,57.0,2018-05-23,18.0,0.0
143,203,8.1,20180524,0.0,1.8,12.3,26.2,2018,5,0.0,24,55.0,2018-05-24,17.5,0.0
144,203,10.6,20180525,0.0,1.3,10.0,26.7,2018,5,0.0,25,52.0,2018-05-25,18.4,0.0
145,203,9.2,20180526,0.0,1.3,12.6,29.9,2018,5,0.0,26,52.3,2018-05-26,19.9,0.0
146,203,13.8,20180527,0.0,1.3,0.9,25.5,2018,5,0.0,27,60.4,2018-05-27,19.2,0.0
147,203,11.8,20180528,0.0,1.5,12.5,29.8,2018,5,0.0,28,56.5,2018-05-28,21.2,0.0
148,203,17.1,20180529,4.6,1.4,3.9,27.7,2018,5,0.0,29,64.6,2018-05-29,21.3,0.0
149,203,14.6,20180530,25.5,1.8,8.2,26.3,2018,5,0.0,30,72.3,2018-05-30,19.2,0.0
150,203,11.9,20180531,0.0,1.6,11.2,28.1,2018,5,0.0,31,64.3,2018-05-31,19.7,0.0
151,203,14.3,20180601,0.0,1.5,11.4,31.4,2018,6,0.0,1,56.1,2018-06-01,22.6,0.0
152,203,14.0,20180602,0.0,1.6,12.8,31.4,2018,6,0.0,2,47.3,2018-06-02,22.2,0.0
153,203,12.5,20180603,0.0,1.1,12.5,30.7,2018,6,0.0,3,50.5,2018-06-03,21.6,0.0
154,203,13.5,20180604,0.0,1.4,9.2,28.8,2018,6,0.0,4,57.0,2018-06-04,21.4,0.0
155,203,17.5,20180605,0.0,1.4,10.6,29.9,2018,6,0.0,5,57.6,2018-06-05,22.9,0.0
156,203,15.6,20180606,0.0,1.5,12.4,29.8,2018,6,0.0,6,61.8,2018-06-06,22.7,0.0
157,203,16.3,20180607,0.0,1.6,11.2,30.1,2018,6,0.0,7,63.6,2018-06-07,22.6,0.0
158,203,16.9,20180608,0.0,1.6,6.3,27.8,2018,6,0.0,8,67.8,2018-06-08,21.3,0.0
159,203,16.3,20180609,0.0,2.0,8.3,29.0,2018,6,0.0,9,59.3,2018-06-09,22.4,0.0
160,203,17.3,20180610,0.0,2.1,2.4,24.9,2018,6,0.0,10,60.1,2018-06-10,20.6,0.0
161,203,15.3,20180611,0.1,1.3,4.9,23.6,2018,6,0.0,11,64.8,2018-06-11,19.4,0.0
162,203,14.3,20180612,6.6,1.4,10.7,27.3,2018,6,0.0,12,63.9,2018-06-12,20.3,0.0
163,203,14.7,20180613,0.0,1.6,8.4,27.0,2018,6,0.0,13,64.3,2018-06-13,21.6,0.0
164,203,18.9,20180614,0.0,2.3,3.9,26.5,2018,6,0.0,14,61.0,2018-06-14,21.1,0.0
165,203,14.9,20180615,0.7,2.0,10.6,26.0,2018,6,0.0,15,61.5,2018-06-15,19.9,0.0
166,203,12.0,20180616,0.0,1.1,12.9,28.7,2018,6,0.0,16,58.1,2018-06-16,20.6,0.0
167,203,14.6,20180617,0.0,0.9,5.3,27.7,2018,6,0.0,17,67.4,2018-06-17,21.4,0.0
168,203,17.5,20180618,0.0,1.2,10.4,31.7,2018,6,0.0,18,59.3,2018-06-18,24.4,0.0
169,203,16.7,20180619,0.0,1.5,1.8,25.6,2018,6,0.0,19,65.6,2018-06-19,21.5,0.0
170,203,17.2,20180620,0.0,2.0,11.1,30.0,2018,6,0.0,20,63.0,2018-06-20,22.7,0.0
171,203,18.6,20180621,0.0,1.9,11.2,30.1,2018,6,0.0,21,52.9,2018-06-21,23.9,0.0
172,203,15.1,20180622,0.0,1.4,12.9,33.4,2018,6,0.0,22,47.8,2018-06-22,24.3,0.0
173,203,17.8,20180623,0.0,1.7,8.1,31.1,2018,6,0.0,23,52.1,2018-06-23,23.9,0.0
174,203,19.0,20180624,0.0,1.8,10.0,33.1,2018,6,0.0,24,58.5,2018-06-24,25.3,0.0
175,203,18.1,20180625,0.0,0.9,8.3,33.7,2018,6,0.0,25,62.1,2018-06-25,25.3,0.0
176,203,19.0,20180626,85.4,2.0,0.0,25.4,2018,6,0.0,26,87.1,2018-06-26,22.0,0.0
177,203,19.5,20180627,0.0,1.8,6.3,28.9,2018,6,0.0,27,79.4,2018-06-27,23.2,0.0
178,203,19.5,20180628,8.5,1.3,1.7,26.3,2018,6,0.0,28,86.9,2018-06-28,22.5,0.0
179,203,19.8,20180629,0.0,1.0,7.8,30.5,2018,6,0.0,29,76.9,2018-06-29,24.2,0.0
180,203,20.7,20180630,3.4,1.0,1.4,28.7,2018,6,0.0,30,85.5,2018-06-30,23.8,0.0
181,203,19.7,20180701,81.8,1.3,0.0,21.9,2018,7,0.0,1,96.6,2018-07-01,20.8,0.0
182,203,19.5,20180702,40.7,1.4,0.8,27.2,2018,7,0.0,2,94.6,2018-07-02,22.5,0.0
183,203,21.4,20180703,0.1,1.4,8.5,32.5,2018,7,0.0,3,81.0,2018-07-03,25.7,0.0
184,203,22.1,20180704,0.0,1.3,11.6,32.0,2018,7,0.0,4,72.9,2018-07-04,26.5,0.0
185,203,20.3,20180705,61.7,1.0,2.8,31.5,2018,7,0.0,5,83.3,2018-07-05,24.1,0.0
186,203,19.2,20180706,0.0,2.3,5.9,27.8,2018,7,0.0,6,70.0,2018-07-06,22.6,0.0
187,203,17.3,20180707,0.0,2.2,12.2,29.6,2018,7,0.0,7,57.9,2018-07-07,22.3,0.0
188,203,14.3,20180708,0.0,1.9,10.0,27.8,2018,7,0.0,8,62.5,2018-07-08,21.4,0.0
189,203,18.0,20180709,15.7,1.1,0.0,21.6,2018,7,0.0,9,90.5,2018-07-09,19.5,0.0
190,203,19.3,20180710,9.4,0.3,0.4,28.2,2018,7,0.0,10,89.8,2018-07-10,23.6,0.0
191,203,23.0,20180711,2.0,0.3,0.5,31.3,2018,7,0.0,11,89.5,2018-07-11,25.9,0.0
192,203,23.7,20180712,0.0,0.8,6.6,31.0,2018,7,0.0,12,83.4,2018-07-12,26.6,0.0
193,203,23.1,20180713,0.0,0.4,6.7,31.8,2018,7,0.0,13,79.1,2018-07-13,26.9,0.0
194,203,23.0,20180714,0.0,1.4,10.9,31.7,2018,7,0.0,14,73.8,2018-07-14,27.4,0.0
195,203,22.2,20180715,0.0,1.1,10.3,34.1,2018,7,0.0,15,72.9,2018-07-15,27.7,0.0
196,203,22.6,20180716,0.0,1.2,7.6,34.8,2018,7,0.0,16,70.4,2018-07-16,27.9,0.0
197,203,21.4,20180717,0.0,1.3,12.6,33.5,2018,7,0.0,17,70.3,2018-07-17,27.6,0.0
198,203,21.1,20180718,0.0,1.2,11.1,34.3,2018,7,0.0,18,69.8,2018-07-18,27.7,0.0
199,203,21.3,20180719,0.0,1.2,12.3,34.7,2018,7,0.0,19,69.8,2018-07-19,27.9,0.0
200,203,22.0,20180720,0.0,1.0,12.2,35.6,2018,7,0.0,20,70.0,2018-07-20,28.5,0.0
201,203,22.7,20180721,0.0,0.9,12.2,36.6,2018,7,0.0,21,64.0,2018-07-21,29.3,0.0
202,203,22.3,20180722,0.0,1.0,11.7,37.4,2018,7,0.0,22,62.5,2018-07-22,30.2,0.0
203,203,25.7,20180723,0.0,1.0,9.0,36.2,2018,7,0.0,23,62.5,2018-07-23,30.4,0.0
204,203,24.5,20180724,0.0,1.2,12.2,37.5,2018,7,0.0,24,67.5,2018-07-24,30.7,0.0
205,203,27.0,20180725,0.0,1.5,7.1,33.6,2018,7,0.0,25,67.5,2018-07-25,29.7,0.0
206,203,24.0,20180726,0.0,1.2,10.6,34.9,2018,7,0.0,26,69.4,2018-07-26,29.7,0.0
207,203,25.2,20180727,0.0,1.2,10.0,36.2,2018,7,0.0,27,72.4,2018-07-27,30.3,0.0
208,203,24.9,20180728,17.2,1.2,5.4,35.6,2018,7,0.0,28,82.6,2018-07-28,28.5,0.0
209,203,23.7,20180729,0.0,1.7,11.8,35.0,2018,7,0.0,29,63.6,2018-07-29,29.2,0.0
210,203,23.7,20180730,0.0,1.2,11.4,37.0,2018,7,0.0,30,61.0,2018-07-30,30.3,0.0
211,203,23.5,20180731,0.0,0.9,12.5,37.0,2018,7,0.0,31,61.9,2018-07-31,30.0,0.0
212,203,23.6,20180801,0.0,1.0,12.4,39.4,2018,8,1.8,1,62.3,2018-08-01,31.6,0.0
213,203,24.4,20180802,0.0,0.9,12.3,38.7,2018,8,2.8,2,59.3,2018-08-02,31.4,0.0
214,203,25.6,20180803,0.0,1.3,12.4,38.1,2018,8,2.3,3,61.3,2018-08-03,31.6,0.0
215,203,26.6,20180804,0.0,1.8,10.4,35.5,2018,8,3.9,4,62.3,2018-08-04,30.4,0.0
216,203,25.1,20180805,2.1,1.7,7.7,34.9,2018,8,5.6,5,73.8,2018-08-05,29.2,0.0
217,203,26.0,20180806,0.0,1.2,2.9,34.4,2018,8,6.7,6,83.4,2018-08-06,28.2,0.0
218,203,23.8,20180807,0.0,0.9,9.8,35.4,2018,8,5.0,7,69.3,2018-08-07,29.3,0.0
219,203,25.2,20180808,7.4,1.2,7.8,34.1,2018,8,3.9,8,74.1,2018-08-08,28.9,0.0
220,203,24.4,20180809,26.0,1.1,3.0,32.7,2018,8,6.3,9,87.5,2018-08-09,27.3,0.0
221,203,24.5,20180810,0.0,1.2,11.2,36.0,2018,8,4.0,10,73.4,2018-08-10,29.2,0.0
222,203,23.3,20180811,0.0,1.4,9.4,34.4,2018,8,5.3,11,71.4,2018-08-11,28.0,0.0
223,203,23.2,20180812,2.5,1.4,9.4,34.4,2018,8,6.3,12,71.3,2018-08-12,28.4,0.0
224,203,24.3,20180813,0.0,0.8,9.9,35.6,2018,8,6.5,13,76.3,2018-08-13,29.5,0.0
225,203,26.0,20180814,0.0,0.9,10.2,37.0,2018,8,5.6,14,68.5,2018-08-14,30.8,0.0
226,203,24.4,20180815,0.0,1.3,11.3,37.9,2018,8,4.9,15,69.5,2018-08-15,29.5,0.0
227,203,20.3,20180816,0.0,2.2,9.9,34.1,2018,8,5.1,16,63.0,2018-08-16,26.9,0.0
228,203,17.4,20180817,0.0,2.1,12.1,32.4,2018,8,1.5,17,52.0,2018-08-17,24.6,0.0
229,203,16.4,20180818,0.0,1.2,11.0,31.3,2018,8,4.3,18,57.1,2018-08-18,23.7,0.0
230,203,18.4,20180819,0.0,0.8,10.2,32.7,2018,8,7.0,19,63.6,2018-08-19,25.2,0.0
231,203,19.4,20180820,0.0,1.7,7.6,33.7,2018,8,6.3,20,62.4,2018-08-20,27.1,0.0
232,203,21.7,20180821,0.1,2.1,2.2,29.1,2018,8,6.9,21,72.9,2018-08-21,25.4,0.0
233,203,20.7,20180822,0.0,1.7,11.3,37.6,2018,8,5.3,22,62.3,2018-08-22,29.2,0.0
234,203,24.4,20180823,0.3,2.0,0.3,32.4,2018,8,10.0,23,66.9,2018-08-23,27.8,0.0
235,203,22.8,20180824,36.2,2.4,0.0,27.0,2018,8,8.6,24,92.3,2018-08-24,24.0,0.0
236,203,21.0,20180825,0.0,2.0,2.6,27.8,2018,8,7.9,25,80.5,2018-08-25,24.1,0.0
237,203,18.2,20180826,6.0,0.7,0.0,23.6,2018,8,7.8,26,93.4,2018-08-26,19.6,0.0
238,203,18.3,20180827,64.3,0.6,0.0,23.2,2018,8,8.5,27,98.9,2018-08-27,21.0,0.0
239,203,21.2,20180828,168.4,0.9,0.0,23.3,2018,8,9.3,28,99.3,2018-08-28,22.4,0.0
240,203,21.0,20180829,4.3,1.3,3.3,30.8,2018,8,9.0,29,88.0,2018-08-29,25.0,0.0
241,203,22.7,20180830,5.1,1.2,6.4,31.2,2018,8,7.5,30,86.4,2018-08-30,26.3,0.0
242,203,19.2,20180831,4.6,0.9,7.9,29.4,2018,8,7.3,31,82.4,2018-08-31,23.9,0.0
243,203,18.4,20180901,0.0,1.1,8.4,30.9,2018,9,5.3,1,76.5,2018-09-01,23.3,0.0
244,203,15.8,20180902,0.0,1.4,8.5,29.4,2018,9,4.3,2,72.5,2018-09-02,22.9,0.0
245,203,20.7,20180903,27.1,1.1,0.4,28.6,2018,9,9.5,3,90.4,2018-09-03,23.1,0.0
246,203,19.5,20180904,0.8,1.6,9.4,29.0,2018,9,4.0,4,70.4,2018-09-04,23.5,0.0
247,203,16.6,20180905,0.0,2.1,10.9,28.4,2018,9,1.5,5,65.6,2018-09-05,22.7,0.0
248,203,15.7,20180906,0.2,1.9,2.4,27.7,2018,9,7.9,6,79.5,2018-09-06,22.0,0.0
249,203,14.7,20180907,1.1,1.7,8.4,25.7,2018,9,6.6,7,69.9,2018-09-07,20.3,0.0
250,203,11.2,20180908,0.0,0.9,10.8,28.6,2018,9,0.0,8,66.6,2018-09-08,19.1,0.0
251,203,12.1,20180909,0.0,0.9,10.6,28.4,2018,9,0.5,9,67.3,2018-09-09,19.7,0.0
252,203,14.1,20180910,0.0,1.3,9.1,28.0,2018,9,2.8,10,65.6,2018-09-10,20.4,0.0
253,203,11.8,20180911,0.0,1.3,8.0,27.2,2018,9,6.0,11,67.5,2018-09-11,19.0,0.0
254,203,13.1,20180912,0.0,1.1,9.4,28.5,2018,9,4.8,12,70.9,2018-09-12,20.1,0.0
255,203,16.5,20180913,0.0,1.1,4.7,27.2,2018,9,8.1,13,81.4,2018-09-13,20.5,0.0
256,203,16.3,20180914,0.5,0.9,0.4,26.4,2018,9,7.9,14,86.3,2018-09-14,21.1,0.0
257,203,19.1,20180915,10.5,0.5,0.0,22.0,2018,9,8.0,15,97.8,2018-09-15,20.3,0.0
258,203,19.6,20180916,0.2,0.5,0.1,26.1,2018,9,9.9,16,89.6,2018-09-16,21.4,0.0
259,203,16.6,20180917,0.0,1.0,10.4,28.2,2018,9,4.0,17,71.0,2018-09-17,21.9,0.0
260,203,14.9,20180918,0.0,0.9,5.6,27.7,2018,9,8.3,18,74.8,2018-09-18,20.3,0.0
261,203,15.7,20180919,0.3,0.7,1.2,26.7,2018,9,9.8,19,77.8,2018-09-19,20.0,0.0
262,203,16.8,20180920,16.7,1.2,0.0,19.2,2018,9,9.0,20,97.0,2018-09-20,17.8,0.0
263,203,17.0,20180921,37.4,0.7,0.0,21.2,2018,9,9.6,21,94.1,2018-09-21,18.7,0.0
264,203,12.1,20180922,0.6,1.3,9.3,26.2,2018,9,2.8,22,68.4,2018-09-22,20.0,0.0
265,203,11.3,20180923,0.6,0.5,5.2,25.5,2018,9,5.3,23,72.5,2018-09-23,17.2,0.0
266,203,9.2,20180924,0.0,0.7,10.1,23.8,2018,9,2.5,24,64.9,2018-09-24,15.9,0.0
267,203,7.1,20180925,0.0,0.7,9.9,25.0,2018,9,2.6,25,68.4,2018-09-25,15.5,0.0
268,203,12.4,20180926,0.0,1.2,6.9,24.3,2018,9,6.0,26,65.4,2018-09-26,16.8,0.0
269,203,9.2,20180927,0.0,1.0,9.5,25.9,2018,9,2.3,27,64.5,2018-09-27,16.6,0.0
270,203,9.3,20180928,0.0,0.7,1.8,21.2,2018,9,5.6,28,79.4,2018-09-28,14.5,0.0
271,203,10.2,20180929,0.0,0.9,9.5,27.2,2018,9,0.8,29,73.0,2018-09-29,17.8,0.0
272,203,10.7,20180930,0.0,1.6,10.0,23.9,2018,9,1.0,30,63.4,2018-09-30,16.4,0.0
273,203,8.8,20181001,0.0,2.2,8.3,20.2,2018,10,4.3,1,63.9,2018-10-01,14.7,0.0
274,203,7.0,20181002,0.0,1.0,6.8,22.0,2018,10,2.3,2,74.1,2018-10-02,13.6,0.0
275,203,7.0,20181003,0.0,0.7,8.1,24.5,2018,10,2.4,3,76.3,2018-10-03,13.8,0.0
276,203,8.3,20181004,0.0,1.2,9.5,27.2,2018,10,6.9,4,68.6,2018-10-04,17.4,0.0
277,203,14.4,20181005,31.4,1.6,0.0,17.3,2018,10,10.0,5,92.9,2018-10-05,15.8,0.0
278,203,14.7,20181006,59.9,2.6,0.7,22.1,2018,10,7.9,6,87.6,2018-10-06,17.3,0.0
279,203,9.9,20181007,0.0,1.2,7.9,23.0,2018,10,3.6,7,72.5,2018-10-07,15.7,0.0
280,203,4.6,20181008,0.0,0.8,9.4,21.2,2018,10,3.8,8,68.0,2018-10-08,12.0,0.0
281,203,6.5,20181009,0.0,0.6,2.4,19.3,2018,10,9.4,9,78.5,2018-10-09,12.7,0.0
282,203,6.6,20181010,1.4,1.9,8.6,17.4,2018,10,5.6,10,65.3,2018-10-10,12.3,0.0
283,203,1.8,20181011,0.0,1.4,9.0,15.8,2018,10,1.5,11,64.4,2018-10-11,8.4,0.0
284,203,0.2,20181012,0.0,0.8,9.1,17.8,2018,10,1.0,12,73.9,2018-10-12,8.2,0.0
285,203,1.1,20181013,0.0,0.7,8.0,19.3,2018,10,3.5,13,76.1,2018-10-13,9.4,0.0
286,203,3.5,20181014,0.0,0.8,8.2,19.8,2018,10,6.3,14,75.0,2018-10-14,11.0,0.0
287,203,5.8,20181015,0.0,0.7,6.0,21.2,2018,10,3.4,15,80.1,2018-10-15,12.5,0.0
288,203,7.3,20181016,0.0,0.8,4.9,19.5,2018,10,6.6,16,79.9,2018-10-16,12.1,0.0
289,203,4.0,20181017,0.0,0.9,6.0,19.2,2018,10,3.3,17,74.8,2018-10-17,9.8,0.0
290,203,0.5,20181018,5.8,0.9,4.5,18.4,2018,10,6.8,18,85.0,2018-10-18,9.0,0.0
291,203,2.9,20181019,0.0,0.8,9.7,20.1,2018,10,0.4,19,75.9,2018-10-19,10.5,0.0
292,203,2.3,20181020,0.0,0.6,7.4,21.5,2018,10,2.5,20,74.1,2018-10-20,10.0,0.0
293,203,1.3,20181021,0.0,0.6,8.1,20.8,2018,10,3.8,21,76.0,2018-10-21,9.4,0.0
294,203,3.6,20181022,0.0,0.5,6.2,20.3,2018,10,6.0,22,73.5,2018-10-22,10.5,0.0
295,203,4.1,20181023,5.8,0.6,2.6,14.5,2018,10,6.3,23,94.0,2018-10-23,8.9,0.0
296,203,6.2,20181024,0.0,0.7,4.7,17.9,2018,10,5.6,24,88.9,2018-10-24,10.0,0.0
297,203,4.5,20181025,0.0,0.6,5.8,20.0,2018,10,7.3,25,83.9,2018-10-25,9.7,0.0
298,203,7.4,20181026,4.8,1.3,0.2,13.5,2018,10,7.4,26,90.0,2018-10-26,10.1,0.0
299,203,3.2,20181027,0.0,2.3,8.2,13.5,2018,10,3.4,27,59.3,2018-10-27,8.0,0.0
300,203,1.9,20181028,7.2,1.2,2.2,11.8,2018,10,6.8,28,83.9,2018-10-28,7.0,0.0
301,203,1.1,20181029,0.0,1.5,6.1,13.8,2018,10,3.8,29,71.0,2018-10-29,6.8,0.0
302,203,-1.3,20181030,0.1,1.4,9.6,13.2,2018,10,2.4,30,58.8,2018-10-30,6.0,0.0
303,203,1.1,20181031,0.0,1.3,9.4,14.3,2018,10,0.0,31,64.8,2018-10-31,7.0,0.0
304,203,-2.3,20181101,0.0,0.7,9.2,16.0,2018,11,0.0,1,71.9,2018-11-01,5.5,0.0
305,203,-1.4,20181102,0.0,0.6,8.3,18.8,2018,11,0.8,2,71.3,2018-11-02,7.0,0.0
306,203,-1.4,20181103,0.0,0.6,8.8,19.6,2018,11,0.3,3,71.0,2018-11-03,8.1,0.0
307,203,-1.0,20181104,0.0,0.8,8.3,20.3,2018,11,3.6,4,65.5,2018-11-04,9.1,0.0
308,203,0.9,20181105,0.0,0.7,7.8,19.3,2018,11,4.8,5,70.8,2018-11-05,9.2,0.0
309,203,3.0,20181106,0.0,0.5,6.5,18.4,2018,11,5.8,6,75.6,2018-11-06,9.8,0.0
310,203,8.6,20181107,2.2,0.6,0.3,15.2,2018,11,7.9,7,88.0,2018-11-07,11.7,0.0
311,203,10.4,20181108,55.8,1.5,0.0,16.2,2018,11,9.9,8,97.1,2018-11-08,12.1,0.0
312,203,8.2,20181109,2.1,2.9,4.4,16.1,2018,11,5.6,9,72.5,2018-11-09,11.7,0.0
313,203,4.4,20181110,0.0,1.5,6.5,18.0,2018,11,1.6,10,70.5,2018-11-10,10.3,0.0
314,203,1.4,20181111,0.0,0.8,1.3,10.9,2018,11,6.0,11,80.4,2018-11-11,6.8,0.0
315,203,0.2,20181112,0.0,0.9,8.9,16.2,2018,11,0.1,12,63.1,2018-11-12,7.6,0.0
316,203,0.7,20181113,0.0,0.7,8.2,16.5,2018,11,2.3,13,71.6,2018-11-13,7.3,0.0
317,203,1.1,20181114,0.0,0.5,8.5,16.6,2018,11,0.4,14,70.8,2018-11-14,7.6,0.0
318,203,-0.7,20181115,0.0,0.6,7.9,15.1,2018,11,4.4,15,75.6,2018-11-15,6.5,0.0
319,203,1.8,20181116,0.0,1.1,2.3,14.6,2018,11,7.0,16,76.6,2018-11-16,7.2,0.0
320,203,-1.3,20181117,0.0,1.1,6.1,11.1,2018,11,5.4,17,62.1,2018-11-17,5.0,0.0
321,203,-1.4,20181118,0.0,0.9,5.8,12.0,2018,11,8.5,18,59.4,2018-11-18,5.0,0.0
322,203,-1.4,20181119,0.0,0.7,6.0,11.9,2018,11,1.0,19,66.8,2018-11-19,5.1,0.0
323,203,-3.6,20181120,0.0,1.0,8.7,12.6,2018,11,0.3,20,47.8,2018-11-20,4.6,0.0
324,203,-0.2,20181121,2.9,0.8,0.0,8.3,2018,11,8.8,21,80.1,2018-11-21,3.5,0.0
325,203,-1.9,20181122,0.0,1.6,8.6,8.3,2018,11,0.9,22,51.4,2018-11-22,2.2,0.0
326,203,-4.7,20181123,0.0,1.1,8.5,7.0,2018,11,3.5,23,40.8,2018-11-23,0.7,0.0
327,203,-2.7,20181124,11.7,0.8,0.0,3.2,2018,11,6.9,24,85.3,2018-11-24,0.8,0.0
328,203,-1.1,20181125,0.0,0.5,1.4,7.4,2018,11,5.9,25,93.4,2018-11-25,2.5,0.0
329,203,-1.5,20181126,0.0,0.6,3.5,11.0,2018,11,6.1,26,91.8,2018-11-26,1.9,0.0
330,203,-1.5,20181127,0.0,0.7,0.5,7.3,2018,11,8.0,27,93.3,2018-11-27,2.4,0.0
331,203,-2.3,20181128,0.0,0.9,5.5,10.7,2018,11,4.5,28,52.0,2018-11-28,3.2,0.0
332,203,-3.9,20181129,0.0,0.6,2.0,6.0,2018,11,4.0,29,66.9,2018-11-29,1.3,0.0
333,203,-5.0,20181130,0.0,1.0,8.7,9.7,2018,11,1.6,30,57.3,2018-11-30,1.5,0.0
334,203,-3.0,20181201,0.0,0.5,6.5,11.3,2018,12,5.0,1,62.3,2018-12-01,2.4,0.0
335,203,-3.5,20181202,0.0,0.5,2.8,11.3,2018,12,6.3,2,74.3,2018-12-02,4.0,0.0
336,203,4.2,20181203,17.7,0.4,0.0,9.7,2018,12,7.9,3,95.3,2018-12-03,7.8,0.0
337,203,1.1,20181204,9.3,1.8,1.6,11.6,2018,12,7.1,4,77.5,2018-12-04,8.1,0.0
338,203,-4.1,20181205,0.0,1.0,4.9,5.3,2018,12,6.9,5,51.8,2018-12-05,1.0,0.0
339,203,-0.5,20181206,1.4,1.6,5.5,7.8,2018,12,7.5,6,64.9,2018-12-06,2.7,0.0
340,203,-10.0,20181207,0.0,3.2,8.8,0.4,2018,12,3.4,7,33.1,2018-12-07,-6.1,0.0
341,203,-11.5,20181208,0.0,2.0,8.8,-2.6,2018,12,0.0,8,38.9,2018-12-08,-7.6,0.0
342,203,-14.0,20181209,0.0,1.2,8.8,-0.7,2018,12,2.4,9,32.5,2018-12-09,-7.2,0.0
343,203,-12.3,20181210,0.0,0.6,7.6,3.4,2018,12,3.1,10,52.8,2018-12-10,-5.6,0.0
344,203,-7.6,20181211,0.0,0.6,0.0,0.1,2018,12,8.0,11,70.5,2018-12-11,-2.9,0.0
345,203,-7.0,20181212,0.0,1.4,8.7,3.6,2018,12,0.0,12,47.9,2018-12-12,-2.1,0.0
346,203,-8.2,20181213,1.4,1.3,2.4,2.0,2018,12,4.4,13,65.8,2018-12-13,-4.0,0.0
347,203,-12.6,20181214,0.0,1.2,8.8,1.8,2018,12,0.6,14,58.9,2018-12-14,-5.8,0.0
348,203,-13.0,20181215,0.0,0.6,8.3,2.3,2018,12,3.6,15,68.0,2018-12-15,-5.8,0.0
349,203,-7.6,20181216,0.0,0.7,1.0,1.2,2018,12,8.9,16,71.3,2018-12-16,-2.7,0.0
350,203,-4.7,20181217,0.0,1.4,8.2,6.8,2018,12,1.9,17,59.5,2018-12-17,0.7,0.0
351,203,-7.5,20181218,0.0,1.2,5.6,7.8,2018,12,2.3,18,64.4,2018-12-18,0.5,0.0
352,203,-4.0,20181219,0.0,0.9,7.6,10.2,2018,12,4.0,19,63.6,2018-12-19,1.7,0.0
353,203,-4.8,20181220,0.0,0.5,6.5,9.6,2018,12,4.6,20,60.0,2018-12-20,0.1,0.0
354,203,-5.9,20181221,0.0,0.5,4.6,7.6,2018,12,8.5,21,62.6,2018-12-21,1.1,0.0
355,203,-2.7,20181222,0.0,0.9,7.9,13.4,2018,12,4.5,22,58.4,2018-12-22,5.0,0.0
356,203,-2.7,20181223,0.0,2.4,8.1,9.4,2018,12,2.4,23,43.6,2018-12-23,3.5,0.0
357,203,-7.6,20181224,0.0,1.2,8.6,4.0,2018,12,0.0,24,40.8,2018-12-24,-2.8,0.0
358,203,-10.0,20181225,0.0,0.6,2.1,2.0,2018,12,8.1,25,65.3,2018-12-25,-3.3,0.0
359,203,-4.7,20181226,0.0,1.9,8.2,5.2,2018,12,5.3,26,38.4,2018-12-26,-0.3,0.0
360,203,-11.8,20181227,0.0,2.5,8.8,-4.8,2018,12,1.0,27,24.5,2018-12-27,-8.8,0.0
361,203,-14.9,20181228,0.0,1.5,8.8,-6.1,2018,12,2.1,28,36.4,2018-12-28,-10.8,0.0
362,203,-11.8,20181229,0.0,2.0,8.8,-2.7,2018,12,0.0,29,30.3,2018-12-29,-7.5,0.0
363,203,-14.9,20181230,0.0,1.0,8.7,-1.1,2018,12,2.0,30,46.9,2018-12-30,-8.6,0.0
364,203,-15.9,20181231,0.0,0.8,8.5,2.1,2018,12,2.6,31,53.6,2018-12-31,-7.3,0.0
