,Date,station_id,month,rainfall,tmax,date,year,cloud,sunshine,tavg,humid,snow,tmin,day,wind
0,2020-01-01,203,1,0.0,-2.0,20200101,2020,7.4,0.0,-4.2,76.8,0.0,-7.9,1,0.5
1,2020-01-02,203,1,0.0,2.4,20200102,2020,0.0,0.0,0.0,83.6,0.0,-2.5,2,0.5
2,2020-01-03,203,1,0.0,5.9,20200103,2020,2.0,8.1,0.1,70.0,0.0,-5.0,3,1.0
3,2020-01-04,203,1,0.0,7.7,20200104,2020,1.9,6.5,-0.5,70.3,0.0,-6.9,4,0.9
4,2020-01-05,203,1,0.0,5.4,20200105,2020,4.8,6.8,-1.2,73.8,0.0,-7.9,5,0.5
5,2020-01-06,203,1,4.4,3.4,20200106,2020,9.9,0.0,0.9,88.4,0.0,-3.0,6,0.7
6,2020-01-07,203,1,64.0,7.4,20200107,2020,9.8,0.0,5.6,100.0,0.0,2.9,7,0.8
7,2020-01-08,203,1,1.4,11.0,20200108,2020,8.6,0.0,3.6,90.8,0.0,0.6,8,2.8
8,2020-01-09,203,1,0.0,4.1,20200109,2020,1.3,5.6,0.3,69.1,0.0,-2.9,9,1.5
9,2020-01-10,203,1,0.0,4.3,20200110,2020,5.4,5.2,-1.0,82.3,0.0,-5.1,10,0.6
10,2020-01-11,203,1,0.0,5.0,20200111,2020,3.6,4.9,-0.8,81.8,0.0,-5.9,11,0.8
11,2020-01-12,203,1,0.0,3.7,20200112,2020,2.4,7.9,-0.3,71.5,0.0,-3.5,12,1.5
12,2020-01-13,203,1,0.0,2.7,20200113,2020,1.1,7.3,-1.8,62.5,0.0,-5.0,13,1.4
13,2020-01-14,203,1,0.0,3.2,20200114,2020,1.3,8.3,-2.6,65.0,0.0,-7.8,14,0.7
14,2020-01-15,203,1,0.0,3.2,20200115,2020,0.5,8.8,-2.9,65.3,0.0,-8.6,15,0.8
15,2020-01-16,203,1,0.0,4.1,20200116,2020,6.4,7.0,-3.1,67.5,0.0,-7.9,16,0.8
16,2020-01-17,203,1,0.0,5.3,20200117,2020,4.9,7.1,-1.9,69.3,0.0,-7.5,17,0.7
17,2020-01-18,203,1,0.0,7.1,20200118,2020,1.4,8.5,-0.6,65.0,0.0,-6.6,18,0.9
18,2020-01-19,203,1,0.5,4.8,20200119,2020,5.1,1.7,0.3,79.4,0.0,-4.0,19,1.0
19,2020-01-20,203,1,0.0,7.0,20200120,2020,2.9,6.7,1.5,58.6,0.0,-2.1,20,2.0
20,2020-01-21,203,1,0.0,4.2,20200121,2020,2.6,9.0,-1.8,54.0,0.0,-6.9,21,0.8
21,2020-01-22,203,1,0.0,3.9,20200122,2020,9.4,0.0,0.1,72.0,0.0,-3.0,22,0.5
22,2020-01-23,203,1,0.0,12.1,20200123,2020,5.0,8.3,3.9,65.0,0.0,-3.1,23,0.8
23,2020-01-24,203,1,0.0,10.1,20200124,2020,4.1,8.4,2.3,73.1,0.0,-4.2,24,0.6
24,2020-01-25,203,1,0.0,8.9,20200125,2020,7.9,2.4,2.5,83.1,0.0,-2.2,25,0.3
25,2020-01-26,203,1,0.0,12.0,20200126,2020,7.0,6.7,4.2,73.4,0.0,-3.3,26,1.0
26,2020-01-27,203,1,2.1,8.0,20200127,2020,9.9,0.0,5.4,68.1,0.0,3.4,27,2.1
27,2020-01-28,203,1,0.2,11.0,20200128,2020,7.6,0.1,6.8,64.6,0.0,2.9,28,1.6
28,2020-01-29,203,1,0.0,11.0,20200129,2020,4.8,6.5,5.1,64.1,0.0,-0.9,29,0.9
29,2020-01-30,203,1,0.0,10.2,20200130,2020,6.5,5.3,5.1,61.3,0.0,0.5,30,0.9
30,2020-01-31,203,1,0.0,8.2,20200131,2020,4.9,1.0,3.3,74.8,0.0,0.3,31,1.2
31,2020-02-01,203,2,0.0,7.1,20200201,2020,5.0,1.3,1.4,83.4,0.0,-4.2,1,1.0
32,2020-02-02,203,2,0.0,6.5,20200202,2020,4.4,2.1,1.1,73.3,0.0,-3.1,2,0.9
33,2020-02-03,203,2,0.0,5.1,20200203,2020,1.6,8.6,0.3,56.5,0.0,-3.7,3,1.9
34,2020-02-04,203,2,1.7,5.9,20200204,2020,2.5,8.4,-1.2,70.8,0.0,-8.7,4,1.5
35,2020-02-05,203,2,0.0,-2.0,20200205,2020,0.1,9.4,-6.5,42.9,0.0,-9.5,5,1.8
36,2020-02-06,203,2,0.0,0.2,20200206,2020,0.0,9.2,-6.4,55.0,0.0,-13.1,6,0.9
37,2020-02-07,203,2,0.0,3.3,20200207,2020,5.4,5.8,-2.1,61.8,0.0,-9.1,7,1.0
38,2020-02-08,203,2,0.0,5.2,20200208,2020,1.1,8.7,0.7,53.9,0.0,-2.1,8,1.7
39,2020-02-09,203,2,0.0,5.6,20200209,2020,0.8,9.2,-1.0,63.8,0.0,-8.3,9,1.3
40,2020-02-10,203,2,0.0,10.7,20200210,2020,0.1,8.8,3.2,58.8,0.0,-3.3,10,1.0
41,2020-02-11,203,2,0.0,13.9,20200211,2020,3.0,9.0,4.4,56.8,0.0,-4.9,11,0.6
42,2020-02-12,203,2,14.5,6.9,20200212,2020,8.8,0.0,5.4,90.5,0.0,3.6,12,0.3
43,2020-02-13,203,2,0.0,11.0,20200213,2020,6.3,4.8,6.7,93.6,0.0,0.9,13,1.6
44,2020-02-14,203,2,0.0,9.5,20200214,2020,6.4,2.7,4.0,96.6,0.0,0.7,14,0.5
45,2020-02-15,203,2,0.8,15.4,20200215,2020,8.0,2.8,7.7,80.1,0.0,-1.2,15,0.7
46,2020-02-16,203,2,7.1,7.6,20200216,2020,9.1,0.6,0.0,87.6,0.0,-3.9,16,2.8
47,2020-02-17,203,2,0.8,-1.4,20200217,2020,8.5,5.1,-4.4,68.0,0.0,-6.6,17,2.4
48,2020-02-18,203,2,0.0,3.0,20200218,2020,0.0,9.6,-3.2,58.5,0.0,-9.4,18,1.3
49,2020-02-19,203,2,0.0,7.1,20200219,2020,3.8,8.3,-0.1,70.1,0.0,-6.9,19,0.6
50,2020-02-20,203,2,0.0,11.6,20200220,2020,1.5,9.1,3.8,73.4,0.0,-2.9,20,0.6
51,2020-02-21,203,2,2.6,11.5,20200221,2020,8.1,1.3,4.9,81.6,0.0,-1.6,21,0.7
52,2020-02-22,203,2,4.0,9.8,20200222,2020,4.5,6.5,5.0,66.3,0.0,0.9,22,3.4
53,2020-02-23,203,2,0.0,9.0,20200223,2020,0.1,10.1,2.5,55.3,0.0,-2.6,23,1.5
54,2020-02-24,203,2,0.0,13.1,20200224,2020,4.6,8.2,5.3,63.5,0.0,-3.1,24,0.6
55,2020-02-25,203,2,24.0,7.0,20200225,2020,8.1,0.0,5.6,90.9,0.0,4.2,25,1.7
56,2020-02-26,203,2,0.0,11.4,20200226,2020,3.6,3.4,6.5,72.3,0.0,1.8,26,1.0
57,2020-02-27,203,2,0.0,11.2,20200227,2020,3.1,7.6,5.7,61.5,0.0,1.7,27,0.9
58,2020-02-28,203,2,4.0,4.8,20200228,2020,8.9,0.0,3.0,95.8,0.0,0.0,28,0.5
59,2020-02-29,203,2,0.0,12.2,20200229,2020,2.9,4.7,6.7,85.4,0.0,3.2,29,0.7
60,2020-03-01,203,3,0.0,12.1,20200301,2020,8.3,0.9,5.2,88.6,0.0,-0.4,1,1.2
61,2020-03-02,203,3,0.0,9.4,20200302,2020,2.4,9.1,4.5,57.6,0.0,1.2,2,1.8
62,2020-03-03,203,3,0.0,12.7,20200303,2020,7.8,4.6,4.6,74.0,0.0,-2.4,3,1.3
63,2020-03-04,203,3,0.0,7.5,20200304,2020,6.5,7.3,3.3,60.9,0.0,0.1,4,3.0
64,2020-03-05,203,3,0.0,8.6,20200305,2020,0.4,9.9,1.8,55.4,0.0,-3.0,5,1.8
65,2020-03-06,203,3,0.0,10.8,20200306,2020,3.3,9.9,2.6,61.9,0.0,-5.7,6,0.7
66,2020-03-07,203,3,0.0,11.9,20200307,2020,6.8,0.0,5.2,66.1,0.0,-2.1,7,0.8
67,2020-03-08,203,3,0.0,17.3,20200308,2020,0.0,9.8,7.5,62.6,0.0,-2.0,8,0.7
68,2020-03-09,203,3,0.0,17.1,20200309,2020,6.5,5.2,9.5,58.4,0.0,-0.4,9,0.7
69,2020-03-10,203,3,8.7,10.5,20200310,2020,7.4,0.0,7.6,81.5,0.0,3.9,10,1.7
70,2020-03-11,203,3,0.0,9.7,20200311,2020,0.0,10.2,4.0,50.4,0.0,0.1,11,2.1
71,2020-03-12,203,3,0.0,15.0,20200312,2020,2.0,10.0,5.7,56.6,0.0,-3.4,12,1.3
72,2020-03-13,203,3,0.0,12.5,20200313,2020,5.6,7.1,6.5,48.1,0.0,1.0,13,1.8
73,2020-03-14,203,3,0.0,11.1,20200314,2020,1.9,10.0,4.3,51.1,0.0,-2.7,14,2.3
74,2020-03-15,203,3,0.0,11.2,20200315,2020,4.9,6.0,4.9,56.5,0.0,1.0,15,2.7
75,2020-03-16,203,3,0.0,10.9,20200316,2020,0.8,10.2,3.9,53.3,0.0,-2.7,16,1.7
76,2020-03-17,203,3,0.0,10.5,20200317,2020,5.1,1.9,4.9,73.8,0.0,0.1,17,1.2
77,2020-03-18,203,3,0.0,18.1,20200318,2020,1.1,7.8,7.6,60.5,0.0,-3.2,18,1.0
78,2020-03-19,203,3,0.2,12.9,20200319,2020,3.3,4.5,7.3,58.4,0.0,1.5,19,3.8
79,2020-03-20,203,3,0.0,16.5,20200320,2020,0.9,10.3,8.3,49.3,0.0,1.3,20,2.2
80,2020-03-21,203,3,0.0,21.7,20200321,2020,5.8,5.1,11.7,60.3,0.0,0.3,21,1.3
81,2020-03-22,203,3,0.0,19.4,20200322,2020,0.9,10.7,12.5,46.9,0.0,7.2,22,2.0
82,2020-03-23,203,3,0.0,18.7,20200323,2020,0.0,10.3,10.9,44.3,0.0,1.8,23,1.8
83,2020-03-24,203,3,0.0,18.8,20200324,2020,0.0,10.5,10.4,51.0,0.0,1.0,24,1.3
84,2020-03-25,203,3,0.0,21.0,20200325,2020,2.6,9.4,11.8,48.0,0.0,1.7,25,0.9
85,2020-03-26,203,3,3.4,21.7,20200326,2020,0.0,3.6,13.7,67.5,0.0,4.9,26,0.9
86,2020-03-27,203,3,8.1,16.4,20200327,2020,6.8,4.0,12.2,77.3,0.0,6.8,27,1.9
87,2020-03-28,203,3,0.0,13.5,20200328,2020,6.4,7.6,8.1,29.1,0.0,4.0,28,1.6
88,2020-03-29,203,3,0.0,16.4,20200329,2020,2.5,10.6,7.7,50.8,0.0,-2.0,29,1.2
89,2020-03-30,203,3,0.0,18.3,20200330,2020,1.6,10.8,10.3,45.0,0.0,2.1,30,1.2
90,2020-03-31,203,3,0.0,20.4,20200331,2020,5.5,8.7,11.3,43.6,0.0,0.6,31,1.2
91,2020-04-01,203,4,0.0,20.4,20200401,2020,5.6,7.0,11.8,45.9,0.0,4.9,1,2.1
92,2020-04-02,203,4,0.0,18.0,20200402,2020,0.3,10.4,9.1,53.1,0.0,0.3,2,1.6
93,2020-04-03,203,4,0.0,18.6,20200403,2020,0.1,10.9,9.5,54.6,0.0,0.0,3,1.9
94,2020-04-04,203,4,0.0,16.5,20200404,2020,2.0,8.4,9.1,39.8,0.0,2.3,4,1.8
95,2020-04-05,203,4,0.0,15.1,20200405,2020,0.0,11.2,7.7,33.8,0.0,-1.0,5,1.9
96,2020-04-06,203,4,0.0,18.2,20200406,2020,2.8,10.9,8.6,50.5,0.0,-1.4,6,1.6
97,2020-04-07,203,4,0.0,19.3,20200407,2020,2.3,9.5,10.8,56.3,0.0,2.9,7,2.0
98,2020-04-08,203,4,0.0,15.6,20200408,2020,0.0,11.0,9.7,38.6,0.0,3.7,8,2.4
99,2020-04-09,203,4,0.0,16.6,20200409,2020,1.9,11.0,8.9,53.5,0.0,0.4,9,1.7
100,2020-04-10,203,4,0.0,17.4,20200410,2020,6.5,6.3,10.0,57.3,0.0,2.3,10,1.2
101,2020-04-11,203,4,0.0,16.6,20200411,2020,4.5,6.2,9.5,62.8,0.0,3.9,11,1.7
102,2020-04-12,203,4,0.0,16.3,20200412,2020,4.4,7.0,8.5,65.0,0.0,0.9,12,2.1
103,2020-04-13,203,4,0.0,19.5,20200413,2020,3.6,9.8,11.2,41.4,0.0,3.0,13,2.0
104,2020-04-14,203,4,0.0,21.7,20200414,2020,0.8,11.5,12.3,44.1,0.0,2.0,14,1.6
105,2020-04-15,203,4,0.0,22.4,20200415,2020,5.8,10.8,12.8,42.3,0.0,2.7,15,1.2
106,2020-04-16,203,4,0.0,23.9,20200416,2020,2.4,10.6,15.3,44.4,0.0,5.1,16,1.3
107,2020-04-17,203,4,9.6,15.1,20200417,2020,7.0,0.5,11.4,86.0,0.0,8.2,17,1.0
108,2020-04-18,203,4,2.5,20.1,20200418,2020,3.8,10.9,14.1,69.5,0.0,8.4,18,1.3
109,2020-04-19,203,4,13.5,15.5,20200419,2020,9.3,0.1,11.2,85.0,0.0,8.6,19,1.1
110,2020-04-20,203,4,0.5,14.1,20200420,2020,6.5,0.6,10.0,83.8,0.0,7.0,20,1.9
111,2020-04-21,203,4,0.0,12.0,20200421,2020,4.5,9.7,7.5,55.8,0.0,3.7,21,3.4
112,2020-04-22,203,4,0.0,10.6,20200422,2020,5.5,7.4,6.7,46.8,0.0,3.4,22,3.1
113,2020-04-23,203,4,0.0,14.8,20200423,2020,2.8,11.2,8.1,48.1,0.0,1.9,23,2.6
114,2020-04-24,203,4,0.0,16.8,20200424,2020,0.8,11.8,10.0,53.9,0.0,2.1,24,2.7
115,2020-04-25,203,4,0.0,20.9,20200425,2020,2.4,9.7,12.2,61.6,0.0,2.7,25,2.4
116,2020-04-26,203,4,0.0,19.8,20200426,2020,3.5,11.4,12.9,47.1,0.0,6.5,26,2.0
117,2020-04-27,203,4,2.2,17.4,20200427,2020,5.3,7.6,11.2,60.0,0.0,4.8,27,1.9
118,2020-04-28,203,4,0.0,21.9,20200428,2020,0.0,11.9,13.4,53.9,0.0,2.9,28,1.8
119,2020-04-29,203,4,0.0,23.4,20200429,2020,0.0,11.7,14.6,55.9,0.0,6.7,29,1.3
120,2020-04-30,203,4,0.0,25.5,20200430,2020,1.5,11.0,16.5,63.0,0.0,4.9,30,1.6
121,2020-05-01,203,5,0.0,29.2,20200501,2020,4.0,7.1,20.9,75.0,0.0,14.8,1,1.4
122,2020-05-02,203,5,0.0,25.7,20200502,2020,9.0,0.9,20.8,81.1,0.0,17.1,2,0.8
123,2020-05-03,203,5,0.0,25.0,20200503,2020,7.0,2.0,19.8,80.6,0.0,15.4,3,1.0
124,2020-05-04,203,5,0.0,28.2,20200504,2020,6.4,9.2,20.7,67.3,0.0,14.8,4,1.8
125,2020-05-05,203,5,3.1,21.4,20200505,2020,7.0,1.5,15.0,84.5,0.0,10.9,5,0.9
126,2020-05-06,203,5,0.0,26.6,20200506,2020,3.1,8.4,17.8,68.4,0.0,10.2,6,0.8
127,2020-05-07,203,5,0.0,26.3,20200507,2020,5.5,8.8,19.3,38.5,0.0,9.3,7,1.5
128,2020-05-08,203,5,1.4,25.5,20200508,2020,7.9,7.8,18.7,39.5,0.0,12.7,8,1.1
129,2020-05-09,203,5,29.6,17.2,20200509,2020,9.3,0.0,14.4,100.0,0.0,12.2,9,1.3
130,2020-05-10,203,5,1.1,17.6,20200510,2020,6.1,0.1,14.6,94.3,0.0,11.9,10,1.3
131,2020-05-11,203,5,0.1,23.6,20200511,2020,6.1,7.2,17.7,62.5,0.0,13.4,11,2.0
132,2020-05-12,203,5,0.6,20.5,20200512,2020,4.0,6.6,14.9,74.0,0.0,9.4,12,2.1
133,2020-05-13,203,5,0.0,23.4,20200513,2020,0.6,11.5,16.1,52.4,0.0,8.9,13,2.0
134,2020-05-14,203,5,0.0,27.3,20200514,2020,8.1,7.8,18.0,52.5,0.0,9.1,14,0.7
135,2020-05-15,203,5,16.6,18.7,20200515,2020,8.9,0.0,15.1,93.3,0.0,13.7,15,1.1
136,2020-05-16,203,5,0.5,22.2,20200516,2020,6.8,0.7,17.3,93.6,0.0,14.5,16,0.9
137,2020-05-17,203,5,0.0,25.9,20200517,2020,3.9,7.2,20.6,81.0,0.0,16.2,17,0.8
138,2020-05-18,203,5,44.7,26.7,20200518,2020,7.9,5.9,19.5,84.8,0.0,13.6,18,1.8
139,2020-05-19,203,5,8.0,17.4,20200519,2020,7.3,2.1,12.4,85.5,0.0,7.9,19,1.3
140,2020-05-20,203,5,0.0,18.6,20200520,2020,4.5,7.9,12.9,75.8,0.0,7.1,20,1.0
141,2020-05-21,203,5,0.0,22.1,20200521,2020,5.1,8.7,16.0,69.1,0.0,7.6,21,0.7
142,2020-05-22,203,5,0.0,23.1,20200522,2020,8.3,2.1,18.0,79.0,0.0,12.7,22,0.9
143,2020-05-23,203,5,0.0,25.9,20200523,2020,6.8,6.1,20.3,72.0,0.0,15.8,23,1.1
144,2020-05-24,203,5,9.6,22.0,20200524,2020,6.8,5.9,18.4,83.5,0.0,14.5,24,2.0
145,2020-05-25,203,5,0.0,20.3,20200525,2020,8.3,0.3,16.1,89.1,0.0,13.2,25,1.1
146,2020-05-26,203,5,0.0,24.4,20200526,2020,7.1,4.7,17.0,80.0,0.0,12.8,26,1.2
147,2020-05-27,203,5,0.0,25.6,20200527,2020,2.1,11.6,18.3,65.5,0.0,12.3,27,1.5
148,2020-05-28,203,5,0.0,24.3,20200528,2020,4.3,6.5,18.3,69.4,0.0,12.3,28,1.0
149,2020-05-29,203,5,0.0,27.8,20200529,2020,1.8,11.3,20.3,68.4,0.0,12.0,29,0.9
150,2020-05-30,203,5,0.0,29.4,20200530,2020,1.4,11.7,22.1,62.6,0.0,13.8,30,0.9
151,2020-05-31,203,5,0.0,28.1,20200531,2020,6.9,7.5,21.0,66.6,0.0,14.2,31,1.4
152,2020-06-01,203,6,0.6,26.2,20200601,2020,5.0,11.3,20.1,62.6,0.0,15.9,1,2.2
153,2020-06-02,203,6,0.1,23.8,20200602,2020,8.6,1.1,18.0,71.9,0.0,11.7,2,1.3
154,2020-06-03,203,6,0.3,27.5,20200603,2020,5.3,7.4,22.0,78.5,0.0,17.5,3,1.2
155,2020-06-04,203,6,0.0,29.7,20200604,2020,5.1,9.5,23.8,78.0,0.0,18.9,4,1.8
156,2020-06-05,203,6,0.0,28.7,20200605,2020,4.8,8.4,23.7,72.4,0.0,18.8,5,1.1
157,2020-06-06,203,6,0.0,30.8,20200606,2020,3.6,10.6,24.4,66.4,0.0,16.9,6,1.2
158,2020-06-07,203,6,0.0,28.7,20200607,2020,3.9,6.5,23.5,69.6,0.0,19.7,7,1.3
159,2020-06-08,203,6,0.0,32.0,20200608,2020,1.5,11.0,25.0,69.0,0.0,18.6,8,1.2
160,2020-06-09,203,6,0.0,34.0,20200609,2020,3.3,11.8,26.3,61.3,0.0,17.8,9,1.0
161,2020-06-10,203,6,8.8,32.9,20200610,2020,8.0,8.1,25.5,68.6,0.0,18.8,10,1.0
162,2020-06-11,203,6,0.9,32.4,20200611,2020,4.9,9.6,26.4,72.6,0.0,21.5,11,1.2
163,2020-06-12,203,6,0.1,27.5,20200612,2020,9.4,0.1,23.7,87.4,0.0,19.9,12,0.6
164,2020-06-13,203,6,7.9,32.2,20200613,2020,6.8,10.0,25.8,77.0,0.0,21.2,13,1.2
165,2020-06-14,203,6,2.3,28.7,20200614,2020,4.3,6.4,23.9,79.6,0.0,19.2,14,1.7
166,2020-06-15,203,6,0.0,28.4,20200615,2020,5.5,9.4,22.2,67.1,0.0,16.7,15,1.4
167,2020-06-16,203,6,0.0,29.4,20200616,2020,6.1,6.8,23.5,68.5,0.0,18.3,16,1.0
168,2020-06-17,203,6,0.0,28.8,20200617,2020,7.0,4.1,23.4,72.1,0.0,17.7,17,1.1
169,2020-06-18,203,6,0.0,25.2,20200618,2020,9.4,0.2,21.9,78.3,0.0,18.7,18,0.8
170,2020-06-19,203,6,0.0,29.8,20200619,2020,6.5,7.5,24.3,67.5,0.0,19.4,19,1.0
171,2020-06-20,203,6,0.0,30.7,20200620,2020,1.0,10.6,24.3,72.8,0.0,17.9,20,1.2
172,2020-06-21,203,6,0.0,32.7,20200621,2020,1.4,12.0,25.8,65.4,0.0,18.5,21,1.0
173,2020-06-22,203,6,0.0,34.7,20200622,2020,1.4,11.9,27.1,62.3,0.0,19.1,22,1.0
174,2020-06-23,203,6,0.0,31.7,20200623,2020,7.8,5.0,26.2,65.4,0.0,20.7,23,1.0
175,2020-06-24,203,6,16.0,24.8,20200624,2020,9.8,0.0,21.4,91.6,0.0,19.7,24,1.0
176,2020-06-25,203,6,5.9,24.0,20200625,2020,9.3,0.0,21.5,95.5,0.0,19.7,25,1.0
177,2020-06-26,203,6,1.4,26.5,20200626,2020,7.5,4.1,21.8,86.8,0.0,19.1,26,1.6
178,2020-06-27,203,6,0.0,28.5,20200627,2020,6.9,5.0,23.5,78.4,0.0,19.1,27,0.9
179,2020-06-28,203,6,0.0,30.6,20200628,2020,2.0,9.5,24.6,74.5,0.0,19.4,28,1.3
180,2020-06-29,203,6,21.6,27.0,20200629,2020,7.8,1.4,22.3,86.5,0.0,17.9,29,1.4
181,2020-06-30,203,6,32.2,23.1,20200630,2020,0.0,0.0,20.3,88.0,0.0,17.4,30,2.0
182,2020-07-01,203,7,1.8,23.0,20200701,2020,8.0,1.0,19.8,91.5,0.0,17.0,1,0.8
183,2020-07-02,203,7,0.0,29.4,20200702,2020,6.1,9.1,23.3,78.1,0.0,17.1,2,0.9
184,2020-07-03,203,7,0.5,28.2,20200703,2020,8.5,6.5,22.8,75.8,0.0,18.9,3,1.5
185,2020-07-04,203,7,0.7,28.4,20200704,2020,7.6,9.2,22.3,76.8,0.0,17.4,4,1.0
186,2020-07-05,203,7,0.0,28.0,20200705,2020,6.1,4.9,23.2,77.9,0.0,17.2,5,0.9
187,2020-07-06,203,7,0.0,30.5,20200706,2020,7.1,6.0,24.7,76.8,0.0,19.0,6,0.9
188,2020-07-07,203,7,0.0,27.8,20200707,2020,5.9,3.4,24.1,80.1,0.0,21.2,7,1.3
189,2020-07-08,203,7,0.0,30.7,20200708,2020,4.1,7.4,24.5,79.1,0.0,19.4,8,1.3
190,2020-07-09,203,7,0.0,32.3,20200709,2020,4.1,8.4,25.9,72.6,0.0,19.7,9,1.0
191,2020-07-10,203,7,0.3,28.8,20200710,2020,8.6,3.1,24.0,82.5,0.0,20.9,10,1.1
192,2020-07-11,203,7,0.0,30.5,20200711,2020,0.0,5.1,24.6,73.6,0.0,20.6,11,1.3
193,2020-07-12,203,7,5.1,25.7,20200712,2020,0.0,0.0,21.7,83.3,0.0,19.7,12,1.1
194,2020-07-13,203,7,61.0,19.8,20200713,2020,5.3,0.0,18.2,100.0,0.0,17.3,13,1.5
195,2020-07-14,203,7,18.4,23.2,20200714,2020,0.0,0.1,20.0,86.0,0.0,16.6,14,1.5
196,2020-07-15,203,7,0.3,26.6,20200715,2020,4.6,5.4,21.2,83.3,0.0,17.7,15,0.6
197,2020-07-16,203,7,0.0,29.9,20200716,2020,3.0,9.4,23.3,78.6,0.0,16.9,16,0.9
198,2020-07-17,203,7,3.9,31.2,20200717,2020,3.1,9.8,24.4,86.1,0.0,19.1,17,0.9
199,2020-07-18,203,7,0.0,29.7,20200718,2020,4.6,7.3,24.8,76.9,0.0,20.7,18,1.2
200,2020-07-19,203,7,8.8,27.7,20200719,2020,8.5,0.3,23.3,91.9,0.0,19.6,19,1.1
201,2020-07-20,203,7,2.1,26.5,20200720,2020,9.0,0.0,24.1,92.5,0.0,22.2,20,1.9
202,2020-07-21,203,7,0.0,30.1,20200721,2020,6.0,6.0,25.0,80.9,0.0,21.5,21,0.6
203,2020-07-22,203,7,76.1,25.1,20200722,2020,10.0,0.0,22.6,98.8,0.0,21.5,22,0.7
204,2020-07-23,203,7,86.3,22.4,20200723,2020,10.0,0.0,20.7,99.9,0.0,18.3,23,1.5
205,2020-07-24,203,7,5.4,26.1,20200724,2020,0.0,0.0,21.4,89.3,0.0,18.2,24,1.7
206,2020-07-25,203,7,0.1,28.3,20200725,2020,8.8,2.0,23.6,82.1,0.0,20.3,25,1.2
207,2020-07-26,203,7,0.0,29.2,20200726,2020,8.4,4.4,24.3,82.8,0.0,20.8,26,1.0
208,2020-07-27,203,7,0.2,26.7,20200727,2020,10.0,0.0,24.3,92.9,0.0,22.0,27,0.7
209,2020-07-28,203,7,3.3,26.3,20200728,2020,9.6,0.0,23.6,96.1,0.0,21.7,28,0.6
210,2020-07-29,203,7,76.4,26.2,20200729,2020,9.8,0.0,23.9,98.1,0.0,22.1,29,1.1
211,2020-07-30,203,7,63.3,29.3,20200730,2020,8.3,2.1,24.8,93.4,0.0,22.4,30,1.0
212,2020-07-31,203,7,0.0,29.3,20200731,2020,7.1,1.5,25.4,91.5,0.0,21.5,31,0.8
213,2020-08-01,203,8,28.3,30.0,20200801,2020,9.3,0.4,25.4,95.3,0.0,23.2,1,1.3
214,2020-08-02,203,8,143.2,27.6,20200802,2020,9.5,0.0,23.5,99.8,0.0,22.6,2,0.9
215,2020-08-03,203,8,67.2,26.2,20200803,2020,9.1,0.0,23.9,98.9,0.0,22.8,3,1.5
216,2020-08-04,203,8,4.0,30.7,20200804,2020,9.5,1.0,26.5,93.4,0.0,22.8,4,1.3
217,2020-08-05,203,8,8.9,28.1,20200805,2020,9.7,0.5,25.6,98.1,0.0,24.3,5,1.3
218,2020-08-06,203,8,81.7,27.6,20200806,2020,9.3,1.5,24.9,94.4,0.0,22.7,6,2.5
219,2020-08-07,203,8,2.2,25.0,20200807,2020,9.8,0.0,23.2,97.6,0.0,21.7,7,0.6
220,2020-08-08,203,8,28.5,24.2,20200808,2020,9.4,0.0,23.1,99.6,0.0,21.4,8,0.6
221,2020-08-09,203,8,39.4,26.6,20200809,2020,9.3,0.0,24.6,99.5,0.0,23.4,9,1.6
222,2020-08-10,203,8,22.1,29.2,20200810,2020,8.6,0.4,26.0,96.5,0.0,23.4,10,1.1
223,2020-08-11,203,8,24.3,28.3,20200811,2020,8.3,0.5,24.6,97.9,0.0,23.0,11,1.3
224,2020-08-12,203,8,0.0,30.5,20200812,2020,8.1,1.0,26.2,94.4,0.0,23.1,12,0.6
225,2020-08-13,203,8,0.0,32.3,20200813,2020,8.3,1.4,28.1,88.1,0.0,24.7,13,1.3
226,2020-08-14,203,8,3.4,31.7,20200814,2020,0.0,1.5,28.0,88.9,0.0,25.9,14,1.9
227,2020-08-15,203,8,68.5,29.5,20200815,2020,8.8,0.2,26.1,99.0,0.0,24.7,15,1.0
228,2020-08-16,203,8,0.0,32.8,20200816,2020,7.4,3.5,27.4,87.4,0.0,23.9,16,1.3
229,2020-08-17,203,8,0.0,32.8,20200817,2020,5.8,4.9,27.7,85.0,0.0,23.9,17,0.7
230,2020-08-18,203,8,0.0,32.7,20200818,2020,2.4,7.4,27.3,84.8,0.0,23.7,18,0.7
231,2020-08-19,203,8,0.0,33.0,20200819,2020,2.0,7.5,26.7,83.6,0.0,21.5,19,0.9
232,2020-08-20,203,8,0.0,32.4,20200820,2020,4.0,7.5,26.7,84.3,0.0,21.6,20,0.8
233,2020-08-21,203,8,0.0,32.6,20200821,2020,6.1,3.6,26.5,87.0,0.0,22.4,21,0.9
234,2020-08-22,203,8,10.5,28.7,20200822,2020,8.6,0.0,24.3,94.1,0.0,21.0,22,0.7
235,2020-08-23,203,8,0.0,31.0,20200823,2020,4.6,6.7,24.3,86.8,0.0,20.5,23,0.7
236,2020-08-24,203,8,0.0,32.9,20200824,2020,6.6,7.4,26.6,83.1,0.0,21.1,24,0.9
237,2020-08-25,203,8,0.0,34.8,20200825,2020,5.4,10.0,28.8,79.0,0.0,22.9,25,0.9
238,2020-08-26,203,8,0.8,34.6,20200826,2020,7.4,6.3,28.4,79.1,0.0,24.1,26,2.0
239,2020-08-27,203,8,16.6,31.8,20200827,2020,8.6,1.1,27.9,86.0,0.0,24.6,27,2.1
240,2020-08-28,203,8,25.3,33.6,20200828,2020,7.9,4.1,27.6,90.0,0.0,24.6,28,1.1
241,2020-08-29,203,8,19.1,30.3,20200829,2020,7.0,0.5,25.9,96.9,0.0,23.9,29,0.7
242,2020-08-30,203,8,22.7,32.4,20200830,2020,7.1,3.0,26.5,93.0,0.0,23.5,30,0.8
243,2020-08-31,203,8,0.0,29.9,20200831,2020,6.3,1.4,26.0,84.4,0.0,22.8,31,1.3
244,2020-09-01,203,9,0.1,30.0,20200901,2020,6.5,2.3,25.4,85.9,0.0,22.0,1,0.7
245,2020-09-02,203,9,29.6,24.6,20200902,2020,10.0,0.0,23.5,99.8,0.0,22.8,2,1.1
246,2020-09-03,203,9,49.0,26.4,20200903,2020,7.5,3.3,22.9,84.3,0.0,20.5,3,3.3
247,2020-09-04,203,9,2.4,28.1,20200904,2020,2.0,8.5,22.3,79.0,0.0,18.2,4,1.2
248,2020-09-05,203,9,0.0,25.4,20200905,2020,9.1,0.8,20.5,88.8,0.0,16.3,5,0.6
249,2020-09-06,203,9,18.0,26.0,20200906,2020,9.9,0.6,20.0,92.9,0.0,17.7,6,1.2
250,2020-09-07,203,9,40.0,21.4,20200907,2020,8.6,0.0,19.2,94.4,0.0,16.3,7,3.1
251,2020-09-08,203,9,0.2,27.3,20200908,2020,4.1,8.7,22.9,77.4,0.0,19.5,8,2.9
252,2020-09-09,203,9,23.1,26.2,20200909,2020,7.4,2.8,20.5,90.9,0.0,16.5,9,1.2
253,2020-09-10,203,9,0.0,26.8,20200910,2020,6.1,3.9,21.0,91.0,0.0,17.5,10,0.6
254,2020-09-11,203,9,1.5,25.8,20200911,2020,8.4,3.0,20.8,84.4,0.0,17.5,11,0.8
255,2020-09-12,203,9,16.6,21.9,20200912,2020,8.4,0.0,19.0,94.4,0.0,17.3,12,0.8
256,2020-09-13,203,9,0.0,26.4,20200913,2020,2.9,9.0,20.5,77.5,0.0,15.0,13,0.9
257,2020-09-14,203,9,0.0,26.2,20200914,2020,5.1,4.1,20.1,87.6,0.0,15.4,14,0.7
258,2020-09-15,203,9,0.0,27.8,20200915,2020,6.9,5.4,21.8,84.4,0.0,17.8,15,0.7
259,2020-09-16,203,9,1.8,24.8,20200916,2020,7.1,0.0,20.9,95.1,0.0,19.7,16,0.9
260,2020-09-17,203,9,0.0,23.9,20200917,2020,9.1,0.0,20.2,87.3,0.0,17.0,17,0.8
261,2020-09-18,203,9,0.0,26.5,20200918,2020,5.8,8.6,20.9,72.5,0.0,16.2,18,1.5
262,2020-09-19,203,9,9.6,25.5,20200919,2020,2.3,5.4,18.7,79.0,0.0,14.8,19,1.2
263,2020-09-20,203,9,0.0,25.3,20200920,2020,0.8,9.6,17.5,72.8,0.0,10.8,20,0.9
264,2020-09-21,203,9,0.0,24.2,20200921,2020,3.8,9.3,16.1,77.1,0.0,9.4,21,0.6
265,2020-09-22,203,9,0.0,25.0,20200922,2020,5.8,7.4,17.5,73.0,0.0,11.6,22,0.7
266,2020-09-23,203,9,0.0,23.3,20200923,2020,8.6,3.7,17.6,72.0,0.0,12.1,23,1.2
267,2020-09-24,203,9,0.0,25.7,20200924,2020,6.9,3.9,19.2,68.9,0.0,14.7,24,1.6
268,2020-09-25,203,9,0.0,26.0,20200925,2020,5.4,5.0,18.7,73.6,0.0,13.5,25,1.3
269,2020-09-26,203,9,0.0,24.6,20200926,2020,4.5,7.9,18.1,72.1,0.0,12.5,26,1.2
270,2020-09-27,203,9,0.0,25.4,20200927,2020,0.6,9.0,18.0,78.1,0.0,12.5,27,0.6
271,2020-09-28,203,9,0.0,26.4,20200928,2020,1.1,9.2,17.8,78.0,0.0,11.3,28,0.6
272,2020-09-29,203,9,0.0,24.6,20200929,2020,6.9,5.5,16.9,80.3,0.0,10.4,29,0.6
273,2020-09-30,203,9,0.0,25.2,20200930,2020,5.1,6.5,17.8,81.8,0.0,12.1,30,0.5
274,2020-10-01,203,10,0.0,25.1,20201001,2020,4.4,5.9,18.6,78.3,0.0,12.8,1,0.9
275,2020-10-02,203,10,0.0,24.8,20201002,2020,7.6,4.7,19.1,77.8,0.0,13.2,2,1.1
276,2020-10-03,203,10,7.1,23.2,20201003,2020,9.4,1.4,19.0,87.9,0.0,16.8,3,0.8
277,2020-10-04,203,10,0.0,22.7,20201004,2020,8.5,3.1,16.9,72.4,0.0,10.5,4,1.4
278,2020-10-05,203,10,0.0,19.4,20201005,2020,3.0,8.6,12.8,61.4,0.0,6.5,5,1.2
279,2020-10-06,203,10,0.0,20.7,20201006,2020,1.6,9.1,12.4,68.8,0.0,5.4,6,0.8
280,2020-10-07,203,10,0.0,21.8,20201007,2020,6.1,6.3,14.1,72.0,0.0,7.0,7,0.8
281,2020-10-08,203,10,0.0,23.2,20201008,2020,0.0,9.2,15.1,66.1,0.0,8.6,8,1.2
282,2020-10-09,203,10,0.0,23.6,20201009,2020,1.8,9.3,15.0,67.5,0.0,7.5,9,1.2
283,2020-10-10,203,10,0.0,21.6,20201010,2020,5.0,7.3,15.0,75.0,0.0,8.3,10,0.7
284,2020-10-11,203,10,0.0,20.3,20201011,2020,7.3,4.3,15.0,82.4,0.0,8.8,11,0.6
285,2020-10-12,203,10,0.0,22.5,20201012,2020,3.9,5.1,15.5,80.0,0.0,10.6,12,1.1
286,2020-10-13,203,10,0.0,19.2,20201013,2020,4.8,5.9,11.4,70.6,0.0,5.1,13,0.9
287,2020-10-14,203,10,0.0,19.8,20201014,2020,7.0,4.7,11.2,63.9,0.0,5.6,14,0.9
288,2020-10-15,203,10,0.0,18.4,20201015,2020,6.6,6.4,10.0,63.8,0.0,4.4,15,0.6
289,2020-10-16,203,10,0.0,15.7,20201016,2020,7.4,0.2,9.7,81.6,0.0,4.3,16,0.4
290,2020-10-17,203,10,0.0,19.4,20201017,2020,2.5,7.1,10.6,76.6,0.0,5.1,17,0.7
291,2020-10-18,203,10,0.0,20.0,20201018,2020,1.6,8.7,10.4,78.3,0.0,0.9,18,0.7
292,2020-10-19,203,10,0.0,21.2,20201019,2020,2.5,8.1,11.7,81.6,0.0,4.3,19,0.6
293,2020-10-20,203,10,0.0,21.6,20201020,2020,4.3,7.5,11.6,77.0,0.0,4.8,20,0.5
294,2020-10-21,203,10,0.0,15.4,20201021,2020,8.8,0.0,11.0,88.6,0.0,6.6,21,0.4
295,2020-10-22,203,10,0.0,20.5,20201022,2020,4.9,4.0,12.3,72.8,0.0,6.9,22,1.1
296,2020-10-23,203,10,0.0,14.7,20201023,2020,0.0,9.3,8.6,55.1,0.0,4.0,23,1.4
297,2020-10-24,203,10,0.0,14.4,20201024,2020,0.0,9.2,7.8,53.5,0.0,1.6,24,1.5
298,2020-10-25,203,10,0.0,18.7,20201025,2020,2.9,7.0,9.0,73.1,0.0,-0.1,25,0.7
299,2020-10-26,203,10,0.0,19.3,20201026,2020,4.4,8.3,10.0,79.1,0.0,2.2,26,0.7
300,2020-10-27,203,10,0.0,19.9,20201027,2020,5.1,5.8,11.1,81.5,0.0,4.4,27,0.6
301,2020-10-28,203,10,0.0,20.7,20201028,2020,4.3,7.7,13.2,56.0,0.0,8.7,28,1.1
302,2020-10-29,203,10,0.0,17.0,20201029,2020,2.9,7.1,8.4,57.3,0.0,-0.2,29,0.7
303,2020-10-30,203,10,0.0,18.7,20201030,2020,0.8,8.8,8.7,62.4,0.0,0.9,30,0.5
304,2020-10-31,203,10,0.0,19.1,20201031,2020,4.9,6.5,10.9,70.4,0.0,2.1,31,0.7
305,2020-11-01,203,11,1.2,13.0,20201101,2020,9.6,0.0,11.6,96.0,0.0,9.9,1,0.9
306,2020-11-02,203,11,0.0,16.9,20201102,2020,4.3,7.1,10.5,62.5,0.0,5.0,2,1.0
307,2020-11-03,203,11,1.1,9.4,20201103,2020,1.9,8.7,5.2,54.0,0.0,1.0,3,1.9
308,2020-11-04,203,11,0.0,11.4,20201104,2020,0.0,8.8,4.2,45.6,0.0,-2.3,4,1.1
309,2020-11-05,203,11,0.0,15.1,20201105,2020,4.9,7.7,6.3,63.6,0.0,-3.1,5,0.5
310,2020-11-06,203,11,0.0,15.3,20201106,2020,9.3,0.0,10.5,67.4,0.0,6.5,6,0.5
311,2020-11-07,203,11,0.0,19.8,20201107,2020,3.1,5.8,12.5,68.0,0.0,7.9,7,1.4
312,2020-11-08,203,11,0.0,14.3,20201108,2020,0.0,8.5,9.0,45.0,0.0,3.3,8,1.6
313,2020-11-09,203,11,0.0,11.5,20201109,2020,2.3,6.5,5.4,47.0,0.0,-1.8,9,1.2
314,2020-11-10,203,11,0.0,13.9,20201110,2020,0.0,8.7,6.2,61.3,0.0,-1.8,10,1.0
315,2020-11-11,203,11,0.0,15.3,20201111,2020,0.0,8.7,6.0,66.1,0.0,-1.4,11,0.5
316,2020-11-12,203,11,0.0,17.5,20201112,2020,0.8,8.7,7.2,65.9,0.0,-1.3,12,0.5
317,2020-11-13,203,11,0.0,17.6,20201113,2020,3.9,4.5,8.0,77.9,0.0,0.9,13,0.5
318,2020-11-14,203,11,0.0,18.1,20201114,2020,4.3,6.8,8.7,78.1,0.0,0.3,14,0.5
319,2020-11-15,203,11,0.0,18.0,20201115,2020,3.9,6.2,9.3,82.4,0.0,2.8,15,0.7
320,2020-11-16,203,11,0.0,17.3,20201116,2020,3.3,5.2,8.9,84.6,0.0,3.3,16,0.4
321,2020-11-17,203,11,0.0,19.5,20201117,2020,6.5,1.0,12.8,81.1,0.0,4.5,17,0.6
322,2020-11-18,203,11,4.4,17.4,20201118,2020,7.8,0.0,14.7,98.8,0.0,11.9,18,0.4
323,2020-11-19,203,11,30.2,20.0,20201119,2020,9.5,0.0,14.8,88.9,0.0,8.7,19,2.9
324,2020-11-20,203,11,0.0,8.7,20201120,2020,6.4,0.0,4.4,74.4,0.0,0.4,20,2.1
325,2020-11-21,203,11,0.0,12.9,20201121,2020,4.8,7.8,5.9,75.5,0.0,-2.4,21,1.1
326,2020-11-22,203,11,2.7,9.2,20201122,2020,7.1,0.0,6.6,81.8,0.0,2.2,22,1.7
327,2020-11-23,203,11,0.0,7.1,20201123,2020,0.1,9.0,2.1,63.4,0.0,-1.6,23,1.4
328,2020-11-24,203,11,0.0,8.9,20201124,2020,6.6,4.1,2.5,65.1,0.0,-2.9,24,0.7
329,2020-11-25,203,11,0.0,10.5,20201125,2020,3.8,7.2,2.7,73.3,0.0,-3.5,25,0.6
330,2020-11-26,203,11,0.0,10.6,20201126,2020,6.5,6.8,3.5,73.8,0.0,-1.4,26,0.6
331,2020-11-27,203,11,0.0,9.5,20201127,2020,5.3,3.7,3.6,68.8,0.0,0.3,27,1.5
332,2020-11-28,203,11,0.0,5.1,20201128,2020,2.9,8.8,0.7,53.8,0.0,-1.9,28,1.6
333,2020-11-29,203,11,0.0,5.0,20201129,2020,4.3,2.5,-0.2,70.0,0.0,-4.7,29,1.1
334,2020-11-30,203,11,0.0,6.5,20201130,2020,0.0,8.8,-0.6,61.3,0.0,-6.3,30,0.9
335,2020-12-01,203,12,0.0,6.9,20201201,2020,4.4,8.3,0.2,54.1,0.0,-7.0,1,0.7
336,2020-12-02,203,12,0.0,6.7,20201202,2020,6.9,1.2,2.4,50.0,0.0,-0.2,2,0.7
337,2020-12-03,203,12,0.0,6.4,20201203,2020,1.9,8.7,1.3,44.3,0.0,-2.4,3,1.3
338,2020-12-04,203,12,0.0,6.0,20201204,2020,0.4,8.8,-1.5,58.8,0.0,-7.8,4,0.9
339,2020-12-05,203,12,0.0,6.5,20201205,2020,3.1,6.2,-0.4,76.8,0.0,-6.7,5,0.6
340,2020-12-06,203,12,0.0,9.5,20201206,2020,2.6,6.5,2.1,76.9,0.0,-3.1,6,0.9
341,2020-12-07,203,12,0.0,8.2,20201207,2020,3.6,3.5,2.2,64.3,0.0,-1.8,7,1.1
342,2020-12-08,203,12,0.0,5.1,20201208,2020,2.8,8.5,-1.1,54.3,0.0,-5.6,8,0.9
343,2020-12-09,203,12,0.0,4.8,20201209,2020,4.6,6.4,-1.0,63.5,0.0,-8.2,9,0.6
344,2020-12-10,203,12,0.0,8.5,20201210,2020,7.0,1.0,3.3,69.3,0.0,-0.1,10,0.4
345,2020-12-11,203,12,0.0,9.7,20201211,2020,7.9,2.0,4.1,76.4,0.0,-0.8,11,0.7
346,2020-12-12,203,12,0.0,7.7,20201212,2020,1.8,8.1,2.9,49.4,0.0,-2.2,12,1.2
347,2020-12-13,203,12,3.7,0.8,20201213,2020,6.1,0.7,-2.2,81.0,0.0,-6.1,13,1.2
348,2020-12-14,203,12,0.0,-3.7,20201214,2020,1.9,8.6,-7.1,47.4,0.0,-10.2,14,1.6
349,2020-12-15,203,12,0.0,-3.1,20201215,2020,0.5,8.7,-7.9,39.8,0.0,-12.0,15,1.5
350,2020-12-16,203,12,0.0,-2.9,20201216,2020,0.8,8.6,-7.7,41.6,0.0,-12.2,16,1.5
351,2020-12-17,203,12,0.0,-0.7,20201217,2020,3.4,8.6,-7.5,61.0,0.0,-15.4,17,0.8
352,2020-12-18,203,12,0.6,3.3,20201218,2020,4.8,4.4,-2.5,61.0,0.0,-5.6,18,1.2
353,2020-12-19,203,12,0.0,0.3,20201219,2020,1.1,8.6,-4.5,38.8,0.0,-9.0,19,1.5
354,2020-12-20,203,12,0.0,2.3,20201220,2020,0.0,8.5,-5.1,60.1,0.0,-13.0,20,0.9
355,2020-12-21,203,12,0.0,4.4,20201221,2020,1.6,6.4,-3.8,72.9,0.0,-10.5,21,0.6
356,2020-12-22,203,12,0.2,5.5,20201222,2020,4.6,4.2,-1.5,82.0,0.0,-7.2,22,0.5
357,2020-12-23,203,12,0.0,5.9,20201223,2020,7.6,1.3,0.6,85.8,0.0,-4.9,23,0.4
358,2020-12-24,203,12,0.2,7.5,20201224,2020,1.3,7.2,2.8,66.3,0.0,-3.4,24,1.9
359,2020-12-25,203,12,0.0,4.6,20201225,2020,0.9,8.6,-0.8,53.6,0.0,-5.2,25,1.4
360,2020-12-26,203,12,0.0,7.6,20201226,2020,4.9,5.4,-0.9,77.5,0.0,-7.0,26,0.5
361,2020-12-27,203,12,0.0,7.7,20201227,2020,5.4,4.1,1.9,81.6,0.0,-3.4,27,0.4
362,2020-12-28,203,12,0.0,11.1,20201228,2020,4.4,5.6,4.0,74.5,0.0,-0.1,28,0.5
363,2020-12-29,203,12,0.6,5.9,20201229,2020,8.1,0.7,-0.1,80.0,0.0,-3.7,29,1.3
364,2020-12-30,203,12,0.0,-3.8,20201230,2020,0.8,8.5,-9.3,48.3,0.0,-12.8,30,2.5
365,2020-12-31,203,12,0.0,-3.0,20201231,2020,1.3,6.3,-9.1,62.3,0.0,-15.5,31,1.2
