,station_id,month,tavg,date,snow,day,cloud,sunshine,tmax,wind,rainfall,year,Date,humid,tmin
0,203,1,-3.5,20120101,0.0,1,0.0,2.1,0.8,1.5,0.0,2012,2012-01-01,64.8,-7.8
1,203,1,-6.4,20120102,0.0,2,0.0,6.7,-0.7,0.8,0.0,2012,2012-01-02,71.0,-12.8
2,203,1,-5.8,20120103,0.0,3,0.0,3.7,0.3,1.0,1.1,2012,2012-01-03,74.1,-11.5
3,203,1,-6.8,20120104,0.0,4,0.0,8.1,-2.3,1.6,0.1,2012,2012-01-04,58.3,-9.7
4,203,1,-7.3,20120105,0.0,5,0.0,8.4,-0.1,1.0,0.0,2012,2012-01-05,59.6,-14.6
5,203,1,-4.3,20120106,0.0,6,0.0,7.9,3.5,1.0,0.0,2012,2012-01-06,57.0,-10.4
6,203,1,-6.0,20120107,0.0,7,0.0,8.6,2.4,0.6,0.0,2012,2012-01-07,61.1,-13.7
7,203,1,-5.0,20120108,0.0,8,0.0,4.3,1.4,0.9,0.0,2012,2012-01-08,64.8,-11.8
8,203,1,-1.7,20120109,0.0,9,0.0,3.0,3.0,1.0,0.0,2012,2012-01-09,71.6,-5.0
9,203,1,-3.2,20120110,0.0,10,0.0,8.4,3.2,1.2,0.0,2012,2012-01-10,64.0,-9.3
10,203,1,-5.6,20120111,0.0,11,0.0,8.7,-1.2,1.6,0.0,2012,2012-01-11,45.5,-10.4
11,203,1,-6.9,20120112,0.0,12,0.0,6.0,-0.4,0.9,0.0,2012,2012-01-12,70.0,-15.6
12,203,1,-3.1,20120113,0.0,13,0.0,4.1,4.5,1.0,0.0,2012,2012-01-13,60.4,-8.8
13,203,1,-3.1,20120114,0.0,14,0.0,8.8,4.0,1.2,0.0,2012,2012-01-14,50.5,-12.1
14,203,1,-2.9,20120115,0.0,15,0.0,5.5,2.3,1.0,0.0,2012,2012-01-15,52.8,-8.8
15,203,1,-0.9,20120116,0.0,16,0.0,8.8,9.1,0.7,0.0,2012,2012-01-16,61.4,-9.1
16,203,1,1.6,20120117,0.0,17,0.0,4.3,8.6,0.9,0.0,2012,2012-01-17,67.6,-3.8
17,203,1,-1.1,20120118,0.0,18,0.0,5.2,6.2,0.6,0.0,2012,2012-01-18,66.3,-7.5
18,203,1,3.9,20120119,0.0,19,0.0,0.0,9.1,1.3,0.5,2012,2012-01-19,68.6,-2.4
19,203,1,4.6,20120120,0.0,20,0.0,0.2,9.0,1.7,0.5,2012,2012-01-20,68.8,1.6
20,203,1,2.1,20120121,0.0,21,0.0,0.0,5.1,0.9,0.5,2012,2012-01-21,77.0,0.2
21,203,1,-5.0,20120122,0.0,22,0.0,8.7,0.2,2.7,0.0,2012,2012-01-22,39.5,-9.8
22,203,1,-9.2,20120123,0.0,23,0.0,9.1,-3.9,1.8,0.0,2012,2012-01-23,41.0,-13.6
23,203,1,-8.0,20120124,0.0,24,0.0,8.9,-2.3,1.3,0.0,2012,2012-01-24,41.8,-14.8
24,203,1,-7.8,20120125,0.0,25,0.0,9.1,-3.6,2.0,0.3,2012,2012-01-25,42.1,-11.8
25,203,1,-5.7,20120126,0.0,26,0.0,8.3,2.7,1.0,0.0,2012,2012-01-26,65.1,-13.6
26,203,1,-3.2,20120127,0.0,27,0.0,0.0,0.8,0.6,0.8,2012,2012-01-27,87.0,-7.2
27,203,1,-1.9,20120128,0.0,28,0.0,7.7,4.4,0.9,0.0,2012,2012-01-28,39.6,-9.6
28,203,1,-2.5,20120129,0.0,29,0.0,8.0,3.6,1.6,0.0,2012,2012-01-29,29.6,-9.9
29,203,1,-4.8,20120130,0.0,30,0.0,9.2,1.8,2.0,0.0,2012,2012-01-30,25.4,-9.5
30,203,1,-5.7,20120131,0.0,31,0.0,2.8,0.8,1.8,6.9,2012,2012-01-31,67.9,-14.3
31,203,2,-11.3,20120201,0.0,1,0.0,9.2,-5.9,2.0,0.0,2012,2012-02-01,53.0,-15.6
32,203,2,-13.4,20120202,0.0,2,0.0,9.3,-7.7,1.6,0.0,2012,2012-02-02,48.8,-17.8
33,203,2,-12.3,20120203,0.0,3,0.0,9.2,-4.0,0.9,0.0,2012,2012-02-03,64.5,-22.8
34,203,2,-5.1,20120204,0.0,4,0.0,7.3,3.1,1.2,0.0,2012,2012-02-04,56.4,-12.8
35,203,2,-2.5,20120205,0.0,5,0.0,8.2,5.1,0.7,0.0,2012,2012-02-05,51.3,-6.9
36,203,2,-1.0,20120206,0.0,6,0.0,3.0,5.9,0.6,0.0,2012,2012-02-06,58.3,-7.9
37,203,2,-6.7,20120207,0.0,7,0.0,9.4,1.9,2.8,0.0,2012,2012-02-07,40.6,-11.7
38,203,2,-8.2,20120208,0.0,8,0.0,9.5,-2.5,1.7,0.0,2012,2012-02-08,47.4,-14.3
39,203,2,-4.9,20120209,0.0,9,0.0,9.2,1.0,1.5,0.1,2012,2012-02-09,62.1,-13.0
40,203,2,-3.7,20120210,0.0,10,0.0,7.2,2.9,1.6,0.0,2012,2012-02-10,56.9,-10.9
41,203,2,-4.4,20120211,0.0,11,0.0,9.6,2.7,1.7,0.0,2012,2012-02-11,42.9,-10.7
42,203,2,-1.6,20120212,0.0,12,0.0,8.9,6.0,0.8,0.0,2012,2012-02-12,48.9,-9.1
43,203,2,1.2,20120213,0.0,13,0.0,2.4,7.7,0.8,0.0,2012,2012-02-13,52.4,-3.3
44,203,2,2.5,20120214,0.0,14,0.0,7.9,10.1,1.4,0.0,2012,2012-02-14,54.5,-4.2
45,203,2,0.6,20120215,0.0,15,0.0,6.9,6.1,1.7,0.0,2012,2012-02-15,35.8,-3.2
46,203,2,-1.9,20120216,0.0,16,0.0,9.7,4.1,2.7,0.0,2012,2012-02-16,30.0,-6.2
47,203,2,-5.8,20120217,0.0,17,0.0,9.6,-1.7,2.8,0.0,2012,2012-02-17,34.6,-8.5
48,203,2,-6.9,20120218,0.0,18,0.0,9.9,-0.8,1.8,0.0,2012,2012-02-18,44.8,-13.6
49,203,2,-5.0,20120219,0.0,19,0.0,10.1,2.3,1.6,0.0,2012,2012-02-19,40.4,-13.5
50,203,2,-2.5,20120220,0.0,20,0.0,9.7,6.9,1.1,0.0,2012,2012-02-20,54.5,-12.1
51,203,2,-0.4,20120221,0.0,21,0.0,3.5,6.9,0.6,0.0,2012,2012-02-21,61.0,-7.3
52,203,2,2.8,20120222,0.0,22,0.0,9.5,12.0,1.2,0.0,2012,2012-02-22,61.0,-7.5
53,203,2,4.7,20120223,0.0,23,0.0,6.0,9.8,2.0,0.0,2012,2012-02-23,62.9,-1.7
54,203,2,3.0,20120224,0.0,24,0.0,5.0,10.2,1.3,0.4,2012,2012-02-24,70.0,-4.7
55,203,2,1.9,20120225,0.0,25,0.0,1.5,6.2,1.9,0.0,2012,2012-02-25,61.6,-1.4
56,203,2,-0.8,20120226,0.0,26,0.0,5.1,4.8,1.5,0.0,2012,2012-02-26,39.3,-4.4
57,203,2,-0.9,20120227,0.0,27,0.0,10.1,6.6,1.2,0.0,2012,2012-02-27,34.9,-8.8
58,203,2,-0.4,20120228,0.0,28,0.0,2.5,7.3,0.6,0.0,2012,2012-02-28,49.5,-7.9
59,203,2,4.1,20120229,0.0,29,0.0,9.3,13.5,1.0,0.0,2012,2012-02-29,43.3,-6.6
60,203,3,7.8,20120301,0.0,1,0.0,8.0,16.1,0.8,0.0,2012,2012-03-01,30.8,-0.3
61,203,3,5.4,20120302,0.0,2,0.0,0.9,7.9,1.7,0.4,2012,2012-03-02,60.5,3.4
62,203,3,5.8,20120303,0.0,3,0.0,6.2,11.8,1.9,0.0,2012,2012-03-03,56.8,1.5
63,203,3,4.9,20120304,0.0,4,0.0,1.4,10.0,2.1,0.0,2012,2012-03-04,57.0,-1.0
64,203,3,3.8,20120305,0.0,5,0.0,0.0,6.1,1.6,9.0,2012,2012-03-05,84.1,2.1
65,203,3,3.1,20120306,0.0,6,0.0,0.1,4.9,2.5,7.0,2012,2012-03-06,79.3,1.9
66,203,3,3.4,20120307,0.0,7,0.0,6.4,8.9,1.8,0.0,2012,2012-03-07,64.0,0.5
67,203,3,1.3,20120308,0.0,8,0.0,3.1,8.0,1.4,0.0,2012,2012-03-08,55.5,-3.4
68,203,3,2.8,20120309,0.0,9,0.0,7.0,10.0,1.0,0.0,2012,2012-03-09,56.6,-4.8
69,203,3,4.1,20120310,0.0,10,0.0,5.9,9.4,1.8,0.0,2012,2012-03-10,55.5,0.7
70,203,3,-1.4,20120311,0.0,11,0.0,10.7,2.2,3.6,0.5,2012,2012-03-11,41.1,-4.1
71,203,3,-1.4,20120312,0.0,12,0.0,10.5,4.4,2.6,0.0,2012,2012-03-12,39.4,-5.6
72,203,3,0.8,20120313,0.0,13,0.0,10.2,7.9,1.5,0.0,2012,2012-03-13,55.4,-7.2
73,203,3,2.7,20120314,0.0,14,0.0,1.9,7.4,2.0,0.0,2012,2012-03-14,69.3,-3.3
74,203,3,3.3,20120315,0.0,15,0.0,8.1,11.6,1.0,0.0,2012,2012-03-15,56.1,-4.9
75,203,3,6.1,20120316,0.0,16,0.0,0.2,12.7,1.2,6.5,2012,2012-03-16,63.6,0.8
76,203,3,9.8,20120317,0.0,17,0.0,4.3,15.6,1.3,4.5,2012,2012-03-17,81.5,5.9
77,203,3,7.6,20120318,0.0,18,0.0,8.6,14.2,2.2,0.0,2012,2012-03-18,70.3,2.3
78,203,3,3.2,20120319,0.0,19,0.0,9.6,8.9,1.7,0.0,2012,2012-03-19,46.9,-2.4
79,203,3,2.6,20120320,0.0,20,0.0,10.6,10.0,2.2,0.0,2012,2012-03-20,38.5,-4.2
80,203,3,4.5,20120321,0.0,21,0.0,10.9,11.9,2.0,0.0,2012,2012-03-21,33.1,-3.7
81,203,3,7.0,20120322,0.0,22,0.0,3.3,11.4,1.2,0.0,2012,2012-03-22,52.4,2.0
82,203,3,4.2,20120323,0.0,23,0.0,0.0,7.9,1.4,21.0,2012,2012-03-23,88.5,1.9
83,203,3,3.2,20120324,0.0,24,0.0,6.7,8.1,3.8,2.0,2012,2012-03-24,61.1,0.4
84,203,3,3.5,20120325,0.0,25,0.0,9.1,7.9,3.4,0.0,2012,2012-03-25,42.3,0.1
85,203,3,3.5,20120326,0.0,26,0.0,11.3,9.9,2.5,0.0,2012,2012-03-26,38.0,-2.3
86,203,3,5.6,20120327,0.0,27,0.0,7.2,14.2,1.6,0.0,2012,2012-03-27,54.6,-4.8
87,203,3,9.6,20120328,0.0,28,0.0,7.4,16.2,1.0,0.0,2012,2012-03-28,55.4,3.4
88,203,3,10.8,20120329,0.0,29,0.0,6.9,18.2,1.9,0.0,2012,2012-03-29,58.4,-0.3
89,203,3,10.2,20120330,0.0,30,0.0,0.0,14.4,2.2,6.0,2012,2012-03-30,76.6,6.0
90,203,3,5.8,20120331,0.0,31,0.0,10.7,10.8,2.9,0.0,2012,2012-03-31,39.4,1.5
91,203,4,4.5,20120401,0.0,1,0.0,11.0,11.4,1.8,0.0,2012,2012-04-01,30.5,-0.8
92,203,4,6.4,20120402,0.0,2,0.0,1.9,13.7,0.7,22.0,2012,2012-04-02,65.4,-1.8
93,203,4,5.5,20120403,0.0,3,0.0,3.6,9.1,3.1,48.0,2012,2012-04-03,68.9,2.0
94,203,4,7.3,20120404,0.0,4,0.0,10.4,15.3,3.3,0.0,2012,2012-04-04,60.5,0.6
95,203,4,6.6,20120405,0.0,5,0.0,11.8,12.9,3.2,0.0,2012,2012-04-05,45.8,1.5
96,203,4,5.5,20120406,0.0,6,0.0,10.8,11.2,3.0,0.0,2012,2012-04-06,44.3,0.3
97,203,4,6.4,20120407,0.0,7,0.0,12.0,13.9,1.5,0.0,2012,2012-04-07,33.6,-1.0
98,203,4,11.0,20120408,0.0,8,0.0,10.9,19.7,2.1,0.0,2012,2012-04-08,49.3,-0.4
99,203,4,16.4,20120409,0.0,9,0.0,9.2,23.9,1.6,0.0,2012,2012-04-09,52.1,12.0
100,203,4,12.2,20120410,0.0,10,0.0,0.0,17.6,0.4,6.5,2012,2012-04-10,78.5,7.9
101,203,4,12.0,20120411,0.0,11,0.0,3.9,17.8,2.0,1.5,2012,2012-04-11,79.9,6.8
102,203,4,9.0,20120412,0.0,12,0.0,6.3,15.4,2.0,0.0,2012,2012-04-12,48.5,2.4
103,203,4,9.7,20120413,0.0,13,0.0,0.9,16.2,1.2,0.0,2012,2012-04-13,52.3,4.6
104,203,4,11.4,20120414,0.0,14,0.0,9.0,20.3,1.4,0.0,2012,2012-04-14,62.0,3.1
105,203,4,14.3,20120415,0.0,15,0.0,10.3,24.4,0.7,0.0,2012,2012-04-15,50.1,5.2
106,203,4,12.5,20120416,0.0,16,0.0,11.4,20.4,2.1,0.0,2012,2012-04-16,56.9,6.1
107,203,4,12.9,20120417,0.0,17,0.0,11.5,20.9,0.7,0.0,2012,2012-04-17,47.3,3.2
108,203,4,14.4,20120418,0.0,18,0.0,7.4,22.2,0.4,0.0,2012,2012-04-18,41.9,4.9
109,203,4,15.5,20120419,0.0,19,0.0,7.5,24.6,1.1,0.0,2012,2012-04-19,45.4,7.8
110,203,4,17.0,20120420,0.0,20,0.0,7.6,23.1,2.0,0.0,2012,2012-04-20,47.5,11.8
111,203,4,11.1,20120421,0.0,21,0.0,0.0,14.0,2.0,48.5,2012,2012-04-21,79.1,9.9
112,203,4,10.1,20120422,0.0,22,0.0,0.0,12.2,2.3,6.0,2012,2012-04-22,87.9,8.5
113,203,4,12.5,20120423,0.0,23,0.0,0.0,16.7,0.7,0.0,2012,2012-04-23,81.6,9.2
114,203,4,17.4,20120424,0.0,24,0.0,7.5,27.3,0.2,0.0,2012,2012-04-24,62.9,9.3
115,203,4,14.0,20120425,0.0,25,0.0,0.0,19.9,1.3,27.5,2012,2012-04-25,77.8,12.1
116,203,4,12.0,20120426,0.0,26,0.0,12.0,17.8,3.3,0.5,2012,2012-04-26,50.9,7.9
117,203,4,14.0,20120427,0.0,27,0.0,12.2,24.3,1.5,0.0,2012,2012-04-27,42.5,2.8
118,203,4,16.5,20120428,0.0,28,0.0,10.7,25.3,0.9,0.0,2012,2012-04-28,47.3,6.8
119,203,4,17.7,20120429,0.0,29,0.0,6.8,25.1,0.3,0.0,2012,2012-04-29,59.1,9.7
120,203,4,19.7,20120430,0.0,30,0.0,12.6,27.7,1.6,0.0,2012,2012-04-30,52.4,10.3
121,203,5,20.2,20120501,0.0,1,0.0,2.3,26.4,0.2,0.0,2012,2012-05-01,61.1,12.2
122,203,5,22.1,20120502,0.0,2,0.0,10.3,29.7,1.0,0.0,2012,2012-05-02,55.0,16.8
123,203,5,18.2,20120503,0.0,3,0.0,9.3,25.1,1.4,2.0,2012,2012-05-03,62.1,13.1
124,203,5,19.0,20120504,0.0,4,0.0,12.5,28.1,1.5,0.0,2012,2012-05-04,54.3,10.5
125,203,5,18.5,20120505,0.0,5,0.0,12.2,26.7,2.2,0.0,2012,2012-05-05,41.8,12.0
126,203,5,17.4,20120506,0.0,6,0.0,12.3,24.7,1.8,0.0,2012,2012-05-06,37.0,9.5
127,203,5,17.1,20120507,0.0,7,0.0,11.1,26.6,0.8,0.0,2012,2012-05-07,44.1,6.9
128,203,5,18.4,20120508,0.0,8,0.0,6.2,26.5,0.4,0.0,2012,2012-05-08,43.6,9.7
129,203,5,19.0,20120509,0.0,9,0.0,8.9,28.5,0.4,0.0,2012,2012-05-09,56.9,10.2
130,203,5,18.5,20120510,0.0,10,0.0,10.4,26.2,0.8,0.0,2012,2012-05-10,57.0,11.5
131,203,5,15.0,20120511,0.0,11,0.0,0.9,19.0,1.0,0.0,2012,2012-05-11,63.6,12.0
132,203,5,16.9,20120512,0.0,12,0.0,8.3,22.7,0.6,0.0,2012,2012-05-12,58.4,10.7
133,203,5,18.8,20120513,0.0,13,0.0,8.3,25.1,0.7,0.0,2012,2012-05-13,58.8,13.8
134,203,5,15.4,20120514,0.0,14,0.0,0.0,17.6,0.2,15.0,2012,2012-05-14,86.5,14.6
135,203,5,17.5,20120515,0.0,15,0.0,10.7,23.5,1.3,0.1,2012,2012-05-15,64.5,12.3
136,203,5,16.9,20120516,0.0,16,0.0,6.2,23.1,1.1,0.0,2012,2012-05-16,57.3,10.8
137,203,5,14.2,20120517,0.0,17,0.0,6.5,21.0,0.6,6.5,2012,2012-05-17,74.0,10.1
138,203,5,15.8,20120518,0.0,18,0.0,8.2,24.4,0.5,0.0,2012,2012-05-18,64.4,9.2
139,203,5,17.9,20120519,0.0,19,0.0,11.8,26.4,0.3,0.0,2012,2012-05-19,50.1,8.7
140,203,5,19.6,20120520,0.0,20,0.0,12.5,29.6,0.3,0.0,2012,2012-05-20,54.9,10.0
141,203,5,20.2,20120521,0.0,21,0.0,12.6,28.8,0.2,0.0,2012,2012-05-21,52.1,12.1
142,203,5,21.3,20120522,0.0,22,0.0,12.8,29.4,0.3,0.0,2012,2012-05-22,46.8,11.8
143,203,5,21.5,20120523,0.0,23,0.0,10.9,29.0,0.7,0.0,2012,2012-05-23,44.9,14.6
144,203,5,19.5,20120524,0.0,24,0.0,4.1,24.8,0.2,0.0,2012,2012-05-24,54.1,13.5
145,203,5,20.4,20120525,0.0,25,0.0,11.1,28.0,0.8,0.0,2012,2012-05-25,46.8,13.7
146,203,5,18.6,20120526,0.0,26,0.0,9.2,26.5,0.3,0.0,2012,2012-05-26,50.3,9.5
147,203,5,19.0,20120527,0.0,27,0.0,7.3,25.8,0.6,0.4,2012,2012-05-27,61.5,12.5
148,203,5,18.5,20120528,0.0,28,0.0,4.0,24.8,0.3,9.5,2012,2012-05-28,79.4,13.6
149,203,5,20.6,20120529,0.0,29,0.0,5.6,26.3,0.3,0.0,2012,2012-05-29,58.3,16.4
150,203,5,17.3,20120530,0.0,30,0.0,0.0,20.8,0.6,1.0,2012,2012-05-30,76.6,14.2
151,203,5,19.2,20120531,0.0,31,0.0,7.8,26.2,0.3,0.2,2012,2012-05-31,68.8,13.2
152,203,6,19.7,20120601,0.0,1,0.0,7.1,26.7,0.1,0.0,2012,2012-06-01,62.8,12.8
153,203,6,21.8,20120602,0.0,2,0.0,9.0,28.6,0.5,0.0,2012,2012-06-02,56.0,15.5
154,203,6,21.9,20120603,0.0,3,0.0,12.2,29.5,0.3,0.0,2012,2012-06-03,51.6,13.9
155,203,6,22.8,20120604,0.0,4,0.0,11.5,29.8,0.6,0.0,2012,2012-06-04,48.8,14.3
156,203,6,23.1,20120605,0.0,5,0.0,9.9,29.3,1.2,0.0,2012,2012-06-05,57.4,19.2
157,203,6,23.0,20120606,0.0,6,0.0,7.7,29.5,0.7,0.0,2012,2012-06-06,63.4,18.4
158,203,6,23.3,20120607,0.0,7,0.0,7.6,30.0,0.8,0.0,2012,2012-06-07,64.4,17.2
159,203,6,21.4,20120608,0.0,8,0.0,1.0,27.6,1.2,0.0,2012,2012-06-08,70.9,16.9
160,203,6,23.0,20120609,0.0,9,0.0,8.0,29.8,0.9,0.0,2012,2012-06-09,65.1,16.2
161,203,6,24.0,20120610,0.0,10,0.0,7.7,30.2,1.3,0.0,2012,2012-06-10,63.1,18.2
162,203,6,22.8,20120611,0.0,11,0.0,1.0,27.3,1.0,0.0,2012,2012-06-11,67.5,18.9
163,203,6,21.8,20120612,0.0,12,0.0,8.3,30.7,1.3,0.4,2012,2012-06-12,68.3,17.2
164,203,6,22.2,20120613,0.0,13,0.0,7.1,28.5,1.2,0.0,2012,2012-06-13,63.5,16.2
165,203,6,23.0,20120614,0.0,14,0.0,11.7,29.6,2.2,0.0,2012,2012-06-14,56.3,16.3
166,203,6,21.4,20120615,0.0,15,0.0,2.9,25.3,1.9,0.0,2012,2012-06-15,64.6,17.9
167,203,6,23.3,20120616,0.0,16,0.0,12.4,30.9,1.4,0.0,2012,2012-06-16,62.9,16.8
168,203,6,24.2,20120617,0.0,17,0.0,12.5,31.0,1.4,0.0,2012,2012-06-17,51.5,17.6
169,203,6,23.9,20120618,0.0,18,0.0,6.6,31.3,1.0,0.0,2012,2012-06-18,52.6,17.0
170,203,6,25.1,20120619,0.0,19,0.0,10.3,34.0,1.4,0.0,2012,2012-06-19,51.9,18.7
171,203,6,23.2,20120620,0.0,20,0.0,10.1,31.5,1.2,10.0,2012,2012-06-20,63.8,17.1
172,203,6,25.0,20120621,0.0,21,0.0,12.0,33.2,1.0,0.0,2012,2012-06-21,59.8,17.5
173,203,6,24.4,20120622,0.0,22,0.0,5.7,30.8,1.3,0.0,2012,2012-06-22,61.0,18.9
174,203,6,25.8,20120623,0.0,23,0.0,9.1,32.4,1.0,0.0,2012,2012-06-23,61.4,19.1
175,203,6,25.0,20120624,0.0,24,0.0,2.8,30.3,1.3,0.0,2012,2012-06-24,63.0,20.4
176,203,6,23.3,20120625,0.0,25,0.0,9.9,31.0,2.0,0.0,2012,2012-06-25,53.9,16.8
177,203,6,22.7,20120626,0.0,26,0.0,12.3,29.4,2.2,0.0,2012,2012-06-26,53.9,17.2
178,203,6,22.7,20120627,0.0,27,0.0,11.1,29.5,2.5,0.0,2012,2012-06-27,56.1,17.0
179,203,6,23.7,20120628,0.0,28,0.0,4.6,29.4,0.9,0.0,2012,2012-06-28,59.5,17.0
180,203,6,25.6,20120629,0.0,29,0.0,6.2,33.1,1.5,7.5,2012,2012-06-29,60.1,19.8
181,203,6,22.4,20120630,0.0,30,0.0,0.0,24.7,2.2,66.5,2012,2012-06-30,86.3,20.7
182,203,7,23.2,20120701,0.0,1,0.0,5.5,28.2,1.7,0.0,2012,2012-07-01,74.9,20.5
183,203,7,24.1,20120702,0.0,2,0.0,6.3,29.4,1.0,0.0,2012,2012-07-02,67.0,20.0
184,203,7,24.3,20120703,0.0,3,0.0,6.8,29.4,1.1,0.1,2012,2012-07-03,71.1,17.9
185,203,7,25.8,20120704,0.0,4,0.0,5.6,30.9,1.5,0.0,2012,2012-07-04,71.8,22.6
186,203,7,23.4,20120705,0.0,5,0.0,0.0,26.7,1.3,13.5,2012,2012-07-05,83.4,21.5
187,203,7,20.5,20120706,0.0,6,0.0,0.0,21.6,1.8,247.5,2012,2012-07-06,89.9,19.0
188,203,7,24.0,20120707,0.0,7,0.0,13.1,31.1,0.9,0.0,2012,2012-07-07,66.9,17.0
189,203,7,24.9,20120708,0.0,8,0.0,11.2,32.6,1.2,0.0,2012,2012-07-08,67.5,18.6
190,203,7,26.1,20120709,0.0,9,0.0,10.1,32.5,0.8,0.0,2012,2012-07-09,66.0,18.8
191,203,7,24.9,20120710,0.0,10,0.0,1.7,29.4,1.3,1.5,2012,2012-07-10,72.4,20.9
192,203,7,23.7,20120711,0.0,11,0.0,2.3,28.7,1.2,9.5,2012,2012-07-11,81.8,20.5
193,203,7,25.2,20120712,0.0,12,0.0,5.5,29.4,1.2,0.0,2012,2012-07-12,70.4,20.1
194,203,7,26.1,20120713,0.0,13,0.0,6.5,30.4,1.5,13.0,2012,2012-07-13,74.4,22.0
195,203,7,22.7,20120714,0.0,14,0.0,0.0,24.9,1.4,3.0,2012,2012-07-14,82.6,20.0
196,203,7,20.0,20120715,0.0,15,0.0,0.0,21.2,1.6,90.5,2012,2012-07-15,89.8,18.7
197,203,7,21.9,20120716,0.0,16,0.0,0.4,25.9,0.9,0.2,2012,2012-07-16,80.0,19.6
198,203,7,24.0,20120717,0.0,17,0.0,1.3,29.2,0.8,0.1,2012,2012-07-17,81.1,20.1
199,203,7,26.0,20120718,0.0,18,0.0,1.5,30.4,1.1,2.5,2012,2012-07-18,79.4,22.3
200,203,7,24.7,20120719,0.0,19,0.0,4.1,27.9,2.9,72.5,2012,2012-07-19,80.1,23.1
201,203,7,26.0,20120720,0.0,20,0.0,5.7,30.7,0.9,0.2,2012,2012-07-20,74.3,22.6
202,203,7,27.2,20120721,0.0,21,0.0,9.4,33.8,0.6,0.0,2012,2012-07-21,71.5,22.6
203,203,7,24.9,20120722,0.0,22,0.0,2.8,30.1,1.1,30.5,2012,2012-07-22,84.9,22.9
204,203,7,26.8,20120723,0.0,23,0.0,2.3,31.4,1.1,0.0,2012,2012-07-23,77.3,23.0
205,203,7,28.0,20120724,0.0,24,0.0,11.2,34.0,1.1,0.0,2012,2012-07-24,68.4,24.0
206,203,7,27.4,20120725,0.0,25,0.0,9.4,33.7,1.0,0.0,2012,2012-07-25,70.3,22.3
207,203,7,27.4,20120726,0.0,26,0.0,10.7,33.9,1.0,0.0,2012,2012-07-26,69.1,21.8
208,203,7,27.3,20120727,0.0,27,0.0,11.9,33.2,1.2,0.0,2012,2012-07-27,68.5,21.8
209,203,7,27.5,20120728,0.0,28,0.0,9.2,33.7,0.9,0.0,2012,2012-07-28,70.6,21.8
210,203,7,28.2,20120729,0.0,29,0.0,10.8,34.4,1.4,0.0,2012,2012-07-29,69.0,22.4
211,203,7,28.2,20120730,0.0,30,0.0,8.5,34.2,1.5,0.0,2012,2012-07-30,70.4,23.3
212,203,7,28.5,20120731,0.0,31,0.0,7.5,34.5,0.8,0.0,2012,2012-07-31,71.3,24.2
213,203,8,29.2,20120801,0.0,1,0.0,11.0,36.2,0.8,0.0,2012,2012-08-01,68.5,23.8
214,203,8,29.5,20120802,0.0,2,0.0,12.8,35.4,1.8,0.0,2012,2012-08-02,60.3,23.6
215,203,8,29.4,20120803,0.0,3,0.0,12.1,35.5,1.7,0.0,2012,2012-08-03,63.3,23.9
216,203,8,29.4,20120804,0.0,4,0.0,12.8,36.6,0.8,0.0,2012,2012-08-04,64.6,23.2
217,203,8,29.8,20120805,0.0,5,0.0,13.0,37.7,0.6,0.0,2012,2012-08-05,64.4,23.1
218,203,8,30.0,20120806,0.0,6,0.0,12.4,36.9,0.9,0.0,2012,2012-08-06,63.3,24.1
219,203,8,28.9,20120807,0.0,7,0.0,11.1,35.9,1.2,0.0,2012,2012-08-07,58.0,23.4
220,203,8,27.6,20120808,0.0,8,0.0,12.5,33.8,1.0,0.0,2012,2012-08-08,60.1,21.0
221,203,8,27.7,20120809,0.0,9,0.0,5.2,32.8,1.0,0.0,2012,2012-08-09,69.9,22.9
222,203,8,25.0,20120810,0.0,10,0.0,0.3,28.6,0.7,1.5,2012,2012-08-10,81.5,22.3
223,203,8,26.5,20120811,0.0,11,0.0,5.9,32.4,0.6,0.0,2012,2012-08-11,73.3,22.0
224,203,8,23.7,20120812,0.0,12,0.0,0.0,26.8,1.0,71.5,2012,2012-08-12,88.4,20.7
225,203,8,24.8,20120813,0.0,13,0.0,4.9,30.8,0.8,1.0,2012,2012-08-13,75.8,20.7
226,203,8,25.7,20120814,0.0,14,0.0,8.1,31.1,1.9,0.5,2012,2012-08-14,67.9,20.2
227,203,8,24.5,20120815,0.0,15,0.0,0.0,27.9,2.3,57.5,2012,2012-08-15,84.8,22.9
228,203,8,24.2,20120816,0.0,16,0.0,0.2,27.7,0.6,0.0,2012,2012-08-16,84.1,22.2
229,203,8,26.2,20120817,0.0,17,0.0,7.6,32.8,0.8,6.0,2012,2012-08-17,80.3,22.8
230,203,8,26.9,20120818,0.0,18,0.0,1.2,30.3,0.8,0.5,2012,2012-08-18,83.0,23.4
231,203,8,28.1,20120819,0.0,19,0.0,4.2,32.5,1.8,0.1,2012,2012-08-19,76.1,25.4
232,203,8,25.9,20120820,0.0,20,0.0,0.0,29.4,1.8,51.5,2012,2012-08-20,86.6,24.8
233,203,8,24.9,20120821,0.0,21,0.0,0.7,30.6,1.0,21.5,2012,2012-08-21,87.4,23.8
234,203,8,22.2,20120822,0.0,22,0.0,0.0,24.2,1.0,21.0,2012,2012-08-22,87.1,20.2
235,203,8,21.4,20120823,0.0,23,0.0,0.8,25.5,1.1,1.5,2012,2012-08-23,84.3,19.6
236,203,8,22.2,20120824,0.0,24,0.0,0.0,26.1,1.1,2.5,2012,2012-08-24,82.3,18.8
237,203,8,24.6,20120825,0.0,25,0.0,3.6,31.5,1.0,2.5,2012,2012-08-25,82.9,21.3
238,203,8,27.0,20120826,0.0,26,0.0,8.9,34.2,0.7,1.0,2012,2012-08-26,79.0,22.6
239,203,8,26.6,20120827,0.0,27,0.0,8.4,32.9,1.4,0.0,2012,2012-08-27,71.1,21.1
240,203,8,26.8,20120828,0.0,28,0.0,0.0,29.8,5.5,2.5,2012,2012-08-28,66.0,22.2
241,203,8,25.8,20120829,0.0,29,0.0,8.7,31.0,2.6,2.5,2012,2012-08-29,71.5,22.1
242,203,8,20.3,20120830,0.0,30,0.0,0.0,23.3,1.8,107.0,2012,2012-08-30,87.9,18.3
243,203,8,23.4,20120831,0.0,31,0.0,11.6,29.9,1.6,0.0,2012,2012-08-31,67.5,18.3
244,203,9,23.1,20120901,0.0,1,0.0,5.6,29.8,0.8,0.0,2012,2012-09-01,77.8,19.9
245,203,9,23.2,20120902,0.0,2,0.0,8.6,29.8,0.6,0.0,2012,2012-09-02,77.4,17.7
246,203,9,24.8,20120903,0.0,3,0.0,7.2,31.1,0.7,0.0,2012,2012-09-03,73.5,20.1
247,203,9,21.0,20120904,0.0,4,0.0,0.5,24.3,1.1,100.5,2012,2012-09-04,88.0,19.0
248,203,9,21.4,20120905,0.0,5,0.0,9.6,27.5,1.3,6.5,2012,2012-09-05,71.0,15.0
249,203,9,18.9,20120906,0.0,6,0.0,9.8,27.8,0.8,0.0,2012,2012-09-06,71.4,12.2
250,203,9,20.1,20120907,0.0,7,0.0,6.7,27.7,0.8,7.0,2012,2012-09-07,77.1,13.1
251,203,9,21.0,20120908,0.0,8,0.0,6.2,25.1,2.4,23.0,2012,2012-09-08,72.0,17.4
252,203,9,19.4,20120909,0.0,9,0.0,1.9,25.0,0.7,0.0,2012,2012-09-09,78.3,16.1
253,203,9,21.1,20120910,0.0,10,0.0,8.0,28.7,0.8,0.0,2012,2012-09-10,74.5,16.6
254,203,9,20.1,20120911,0.0,11,0.0,10.5,28.3,0.8,0.0,2012,2012-09-11,71.0,14.1
255,203,9,19.6,20120912,0.0,12,0.0,2.4,26.3,0.6,0.5,2012,2012-09-12,82.6,15.0
256,203,9,19.5,20120913,0.0,13,0.0,0.0,20.7,0.5,8.0,2012,2012-09-13,90.0,18.3
257,203,9,18.9,20120914,0.0,14,0.0,0.3,23.5,0.6,3.5,2012,2012-09-14,80.9,16.0
258,203,9,19.5,20120915,0.0,15,0.0,4.3,25.4,0.9,0.0,2012,2012-09-15,74.1,15.3
259,203,9,17.8,20120916,0.0,16,0.0,0.0,20.2,1.7,7.0,2012,2012-09-16,76.4,16.7
260,203,9,17.2,20120917,0.0,17,0.0,0.0,18.7,2.6,53.5,2012,2012-09-17,86.0,16.2
261,203,9,20.6,20120918,0.0,18,0.0,8.3,25.7,1.8,0.5,2012,2012-09-18,73.9,17.3
262,203,9,17.6,20120919,0.0,19,0.0,3.7,24.2,0.9,3.0,2012,2012-09-19,82.6,13.9
263,203,9,18.1,20120920,0.0,20,0.0,5.5,26.1,0.6,0.0,2012,2012-09-20,78.4,12.2
264,203,9,18.4,20120921,0.0,21,0.0,3.8,25.2,0.8,0.0,2012,2012-09-21,80.4,14.5
265,203,9,18.3,20120922,0.0,22,0.0,5.4,26.3,0.7,0.0,2012,2012-09-22,80.3,14.4
266,203,9,18.9,20120923,0.0,23,0.0,9.1,27.5,0.7,0.0,2012,2012-09-23,70.1,12.9
267,203,9,18.2,20120924,0.0,24,0.0,10.4,28.0,0.6,0.0,2012,2012-09-24,66.8,11.4
268,203,9,18.6,20120925,0.0,25,0.0,9.5,27.6,0.7,0.0,2012,2012-09-25,68.0,11.4
269,203,9,18.2,20120926,0.0,26,0.0,6.3,25.7,0.6,0.0,2012,2012-09-26,76.9,12.0
270,203,9,17.5,20120927,0.0,27,0.0,0.7,22.9,0.6,0.0,2012,2012-09-27,79.6,14.2
271,203,9,17.0,20120928,0.0,28,0.0,4.6,24.1,1.2,0.5,2012,2012-09-28,78.5,12.0
272,203,9,15.4,20120929,0.0,29,0.0,7.0,21.0,1.5,0.1,2012,2012-09-29,68.0,9.9
273,203,9,14.1,20120930,0.0,30,0.0,6.9,22.5,0.8,0.0,2012,2012-09-30,74.3,8.0
274,203,10,14.9,20121001,0.0,1,0.0,7.7,25.3,0.6,0.0,2012,2012-10-01,72.1,8.1
275,203,10,16.6,20121002,0.0,2,0.0,8.8,26.3,0.5,0.0,2012,2012-10-02,72.0,9.5
276,203,10,16.9,20121003,0.0,3,0.0,8.9,25.7,0.6,0.0,2012,2012-10-03,71.8,10.6
277,203,10,16.5,20121004,0.0,4,0.0,9.1,25.0,0.7,0.0,2012,2012-10-04,70.4,8.0
278,203,10,15.9,20121005,0.0,5,0.0,2.5,22.8,0.6,0.0,2012,2012-10-05,80.1,10.7
279,203,10,16.9,20121006,0.0,6,0.0,6.5,25.1,0.7,0.0,2012,2012-10-06,73.6,11.9
280,203,10,16.2,20121007,0.0,7,0.0,9.8,25.5,0.6,0.0,2012,2012-10-07,69.3,8.9
281,203,10,14.9,20121008,0.0,8,0.0,9.9,23.7,0.7,0.0,2012,2012-10-08,70.3,9.2
282,203,10,13.5,20121009,0.0,9,0.0,4.8,21.5,0.7,0.0,2012,2012-10-09,76.8,7.1
283,203,10,13.0,20121010,0.0,10,0.0,2.5,19.3,0.9,0.5,2012,2012-10-10,81.1,8.6
284,203,10,11.1,20121011,0.0,11,0.0,8.7,19.8,1.0,0.0,2012,2012-10-11,69.4,3.7
285,203,10,10.6,20121012,0.0,12,0.0,7.9,21.6,0.7,0.0,2012,2012-10-12,71.6,2.9
286,203,10,12.3,20121013,0.0,13,0.0,8.9,22.4,0.6,0.0,2012,2012-10-13,69.8,5.4
287,203,10,12.6,20121014,0.0,14,0.0,5.6,23.1,0.8,0.0,2012,2012-10-14,61.8,5.6
288,203,10,11.0,20121015,0.0,15,0.0,9.8,21.4,0.9,0.0,2012,2012-10-15,58.3,2.4
289,203,10,14.1,20121016,0.0,16,0.0,9.6,23.6,1.0,0.0,2012,2012-10-16,62.4,3.0
290,203,10,12.1,20121017,0.0,17,0.0,5.5,15.9,1.9,2.5,2012,2012-10-17,59.3,5.8
291,203,10,8.6,20121018,0.0,18,0.0,10.0,17.6,1.1,0.0,2012,2012-10-18,56.6,-0.5
292,203,10,11.0,20121019,0.0,19,0.0,8.9,20.3,0.8,0.0,2012,2012-10-19,63.4,3.2
293,203,10,13.1,20121020,0.0,20,0.0,7.6,22.0,1.1,0.0,2012,2012-10-20,68.5,3.5
294,203,10,15.4,20121021,0.0,21,0.0,6.9,23.6,0.8,0.0,2012,2012-10-21,72.0,10.6
295,203,10,11.8,20121022,0.0,22,0.0,0.0,16.5,1.9,28.5,2012,2012-10-22,81.3,8.9
296,203,10,9.2,20121023,0.0,23,0.0,10.0,14.5,2.0,0.0,2012,2012-10-23,51.5,3.5
297,203,10,10.3,20121024,0.0,24,0.0,6.0,17.9,1.0,0.0,2012,2012-10-24,71.8,4.6
298,203,10,11.5,20121025,0.0,25,0.0,4.7,19.2,0.6,0.0,2012,2012-10-25,79.1,5.8
299,203,10,11.2,20121026,0.0,26,0.0,4.6,21.3,0.5,0.0,2012,2012-10-26,81.8,7.1
300,203,10,12.1,20121027,0.0,27,0.0,0.0,15.8,0.9,31.5,2012,2012-10-27,89.4,8.0
301,203,10,14.4,20121028,0.0,28,0.0,9.0,19.5,2.0,0.0,2012,2012-10-28,64.0,8.6
302,203,10,9.4,20121029,0.0,29,0.0,5.0,16.3,0.8,0.0,2012,2012-10-29,74.9,3.5
303,203,10,8.9,20121030,0.0,30,0.0,9.4,14.5,1.4,0.0,2012,2012-10-30,57.1,3.9
304,203,10,5.5,20121031,0.0,31,0.0,4.9,12.5,1.1,0.5,2012,2012-10-31,68.3,-1.7
305,203,11,5.0,20121101,0.0,1,0.0,9.5,10.5,2.0,0.0,2012,2012-11-01,45.4,-0.1
306,203,11,3.7,20121102,0.0,2,0.0,9.6,12.8,0.8,0.0,2012,2012-11-02,58.8,-3.6
307,203,11,5.6,20121103,0.0,3,0.0,9.5,16.1,0.5,0.0,2012,2012-11-03,60.8,-2.3
308,203,11,9.6,20121104,0.0,4,0.0,2.5,15.0,1.6,4.0,2012,2012-11-04,69.0,1.3
309,203,11,8.2,20121105,0.0,5,0.0,1.0,11.9,1.0,4.5,2012,2012-11-05,87.5,4.2
310,203,11,7.2,20121106,0.0,6,0.0,0.4,9.5,1.2,5.0,2012,2012-11-06,81.1,4.4
311,203,11,7.1,20121107,0.0,7,0.0,6.3,13.7,1.3,0.0,2012,2012-11-07,74.0,2.8
312,203,11,5.6,20121108,0.0,8,0.0,0.0,9.6,0.6,0.0,2012,2012-11-08,86.4,2.2
313,203,11,5.8,20121109,0.0,9,0.0,3.7,14.4,0.6,0.0,2012,2012-11-09,83.5,2.7
314,203,11,9.2,20121110,0.0,10,0.0,8.7,15.1,1.9,0.0,2012,2012-11-10,63.5,1.9
315,203,11,8.2,20121111,0.0,11,0.0,0.6,13.0,2.9,22.0,2012,2012-11-11,77.8,3.8
316,203,11,7.1,20121112,0.0,12,0.0,0.2,8.5,3.1,4.5,2012,2012-11-12,73.9,5.3
317,203,11,5.0,20121113,0.0,13,0.0,4.6,9.6,2.6,4.0,2012,2012-11-13,69.4,2.2
318,203,11,2.6,20121114,0.0,14,0.0,9.1,7.8,2.2,0.0,2012,2012-11-14,56.1,-0.1
319,203,11,2.5,20121115,0.0,15,0.0,9.1,10.7,0.8,0.0,2012,2012-11-15,64.1,-3.7
320,203,11,1.2,20121116,0.0,16,0.0,1.2,4.3,0.5,4.0,2012,2012-11-16,84.4,-4.0
321,203,11,5.2,20121117,0.0,17,0.0,7.6,9.1,1.8,0.5,2012,2012-11-17,62.8,1.7
322,203,11,2.0,20121118,0.0,18,0.0,9.2,9.6,0.8,0.0,2012,2012-11-18,58.6,-4.3
323,203,11,1.9,20121119,0.0,19,0.0,3.3,9.4,1.7,3.0,2012,2012-11-19,71.8,-2.3
324,203,11,1.0,20121120,0.0,20,0.0,8.5,7.4,1.3,0.0,2012,2012-11-20,58.1,-3.5
325,203,11,0.5,20121121,0.0,21,0.0,6.2,7.3,0.6,0.0,2012,2012-11-21,73.0,-5.1
326,203,11,3.8,20121122,0.0,22,0.0,6.7,10.2,0.7,0.0,2012,2012-11-22,73.5,-3.1
327,203,11,4.1,20121123,0.0,23,0.0,3.1,7.3,1.6,0.0,2012,2012-11-23,64.9,1.4
328,203,11,1.1,20121124,0.0,24,0.0,8.7,8.2,1.3,0.0,2012,2012-11-24,55.8,-4.4
329,203,11,0.7,20121125,0.0,25,0.0,5.9,6.8,0.6,1.0,2012,2012-11-25,68.1,-5.8
330,203,11,1.7,20121126,0.0,26,0.0,6.7,6.6,2.1,0.5,2012,2012-11-26,58.5,-3.2
331,203,11,-0.6,20121127,0.0,27,0.0,9.0,6.3,0.8,0.0,2012,2012-11-27,53.4,-6.9
332,203,11,3.2,20121128,0.0,28,0.0,0.8,9.3,1.6,4.5,2012,2012-11-28,65.5,-2.7
333,203,11,0.3,20121129,0.0,29,0.0,7.4,5.8,1.3,0.0,2012,2012-11-29,44.8,-3.7
334,203,11,0.7,20121130,0.0,30,0.0,7.9,7.0,1.1,0.0,2012,2012-11-30,58.3,-5.0
335,203,12,-2.0,20121201,0.0,1,0.0,8.9,4.6,1.1,0.0,2012,2012-12-01,56.6,-7.4
336,203,12,1.3,20121202,0.0,2,0.0,6.9,8.1,1.0,0.0,2012,2012-12-02,66.4,-3.1
337,203,12,-0.2,20121203,0.0,3,0.0,0.0,4.4,1.7,5.5,2012,2012-12-03,79.5,-4.0
338,203,12,-2.8,20121204,0.0,4,0.0,8.9,1.7,2.4,0.0,2012,2012-12-04,49.4,-5.3
339,203,12,-4.0,20121205,0.0,5,0.0,2.7,0.4,1.4,6.0,2012,2012-12-05,75.1,-8.2
340,203,12,-7.2,20121206,0.0,6,0.0,7.3,-4.0,1.8,0.0,2012,2012-12-06,55.0,-11.3
341,203,12,-6.0,20121207,0.0,7,0.0,0.0,-2.3,0.9,2.5,2012,2012-12-07,83.8,-11.4
342,203,12,-7.8,20121208,0.0,8,0.0,8.7,-2.6,1.8,0.0,2012,2012-12-08,50.8,-12.2
343,203,12,-11.0,20121209,0.0,9,0.0,7.5,-5.2,1.5,0.0,2012,2012-12-09,55.5,-14.9
344,203,12,-10.7,20121210,0.0,10,0.0,8.7,-2.6,0.7,0.0,2012,2012-12-10,65.4,-19.1
345,203,12,-11.1,20121211,0.0,11,0.0,8.5,-2.3,0.5,0.0,2012,2012-12-11,69.6,-18.3
346,203,12,-9.8,20121212,0.0,12,0.0,7.8,-1.0,0.4,0.0,2012,2012-12-12,74.5,-17.5
347,203,12,-7.5,20121213,0.0,13,0.0,7.7,1.6,0.4,0.0,2012,2012-12-13,69.3,-16.7
348,203,12,-0.4,20121214,0.0,14,0.0,0.0,2.9,0.7,21.0,2012,2012-12-14,87.1,-5.7
349,203,12,3.5,20121215,0.0,15,0.0,1.4,8.1,0.8,0.5,2012,2012-12-15,86.3,-1.3
350,203,12,-0.2,20121216,0.0,16,0.0,1.6,3.5,0.5,0.0,2012,2012-12-16,88.0,-3.9
351,203,12,-0.6,20121217,0.0,17,0.0,5.7,4.6,1.6,0.0,2012,2012-12-17,74.6,-3.7
352,203,12,-5.8,20121218,0.0,18,0.0,8.8,-1.6,1.9,0.0,2012,2012-12-18,54.3,-9.0
353,203,12,-7.1,20121219,0.0,19,0.0,8.9,-1.3,1.0,0.0,2012,2012-12-19,58.4,-12.4
354,203,12,-5.5,20121220,0.0,20,0.0,7.8,1.8,0.8,0.0,2012,2012-12-20,69.1,-11.6
355,203,12,-1.8,20121221,0.0,21,0.0,0.0,0.4,0.7,0.5,2012,2012-12-21,77.9,-5.0
356,203,12,-2.4,20121222,0.0,22,0.0,5.0,0.5,1.8,0.0,2012,2012-12-22,71.1,-5.8
357,203,12,-7.6,20121223,0.0,23,0.0,8.7,-4.5,2.3,0.0,2012,2012-12-23,50.1,-11.5
358,203,12,-9.9,20121224,0.0,24,0.0,9.0,-4.0,0.8,0.0,2012,2012-12-24,61.0,-16.2
359,203,12,-8.7,20121225,0.0,25,0.0,7.4,-4.2,1.8,0.5,2012,2012-12-25,52.4,-13.0
360,203,12,-11.9,20121226,0.0,26,0.0,9.0,-5.4,1.1,0.0,2012,2012-12-26,47.6,-16.7
361,203,12,-8.1,20121227,0.0,27,0.0,7.4,-1.0,0.6,0.0,2012,2012-12-27,60.8,-15.9
362,203,12,-3.1,20121228,0.0,28,0.0,0.0,0.0,0.6,0.9,2012,2012-12-28,78.3,-5.9
363,203,12,-2.2,20121229,0.0,29,0.0,0.0,1.5,0.7,1.8,2012,2012-12-29,88.9,-6.6
364,203,12,-7.2,20121230,0.0,30,0.0,8.1,-0.2,2.0,1.0,2012,2012-12-30,56.8,-11.6
365,203,12,-9.1,20121231,0.0,31,0.0,8.8,-2.1,0.9,0.0,2012,2012-12-31,56.3,-15.7
