,rainfall,date,wind,year,sunshine,month,tmin,snow,tavg,day,humid,Date,cloud,tmax,station_id
0,0.0,20090101,3.5,2009,8.0,1,-8.2,0.0,-3.6,1,43.0,2009-01-01,0.0,1.2,281
1,0.0,20090102,1.9,2009,7.6,1,-7.8,0.0,-3.0,2,49.6,2009-01-02,0.0,4.6,281
2,0.0,20090103,1.5,2009,7.6,1,-11.2,0.0,-2.1,3,50.4,2009-01-03,0.0,7.9,281
3,0.0,20090104,1.3,2009,2.1,1,-8.7,0.0,-2.3,4,54.3,2009-01-04,0.0,6.5,281
4,0.0,20090105,2.6,2009,7.4,1,-7.8,0.0,-0.3,5,56.6,2009-01-05,0.0,6.4,281
5,0.0,20090106,1.2,2009,7.4,1,-9.5,0.0,-1.8,6,60.1,2009-01-06,0.0,5.7,281
6,0.0,20090107,1.6,2009,7.1,1,-7.0,0.0,-0.1,7,42.8,2009-01-07,0.0,7.4,281
7,0.0,20090108,1.8,2009,5.9,1,-9.3,0.0,-1.5,8,48.6,2009-01-08,0.0,7.6,281
8,0.0,20090109,3.1,2009,5.9,1,-6.5,0.0,-0.9,9,39.9,2009-01-09,0.0,4.6,281
9,0.0,20090110,4.3,2009,7.7,1,-6.4,0.0,-3.7,10,44.8,2009-01-10,0.0,0.5,281
10,0.0,20090111,3.7,2009,6.5,1,-8.4,0.0,-3.1,11,44.1,2009-01-11,0.0,2.6,281
11,0.0,20090112,5.1,2009,7.7,1,-7.9,0.0,-4.7,12,49.6,2009-01-12,0.0,0.1,281
12,0.0,20090113,3.5,2009,7.8,1,-9.2,0.0,-3.7,13,41.6,2009-01-13,0.0,1.8,281
13,0.0,20090114,3.6,2009,6.6,1,-7.5,0.0,-3.2,14,43.0,2009-01-14,0.0,1.9,281
14,0.0,20090115,3.0,2009,7.9,1,-10.0,0.0,-5.0,15,30.4,2009-01-15,0.0,1.4,281
15,0.0,20090116,1.4,2009,7.8,1,-13.6,0.0,-3.1,16,57.6,2009-01-16,0.0,6.1,281
16,0.0,20090117,0.7,2009,7.5,1,-9.1,0.0,-1.2,17,64.1,2009-01-17,0.0,8.6,281
17,2.5,20090118,0.7,2009,0.0,1,-5.8,0.0,0.4,18,83.6,2009-01-18,0.0,6.1,281
18,0.0,20090119,3.3,2009,7.6,1,-2.0,0.0,2.4,19,49.3,2009-01-19,0.0,6.8,281
19,0.0,20090120,1.1,2009,3.5,1,-5.0,0.0,1.1,20,47.5,2009-01-20,0.0,8.3,281
20,0.0,20090121,0.8,2009,0.0,1,-5.7,0.0,-0.9,21,64.5,2009-01-21,0.0,6.2,281
21,0.0,20090122,0.7,2009,4.5,1,-7.5,0.0,-0.6,22,68.8,2009-01-22,0.0,9.2,281
22,0.0,20090123,5.1,2009,3.0,1,-9.2,0.0,-3.4,23,47.3,2009-01-23,0.0,4.1,281
23,0.0,20090124,3.5,2009,6.5,1,-14.4,0.0,-5.4,24,46.1,2009-01-24,0.0,0.3,281
24,0.0,20090125,2.3,2009,4.6,1,-6.8,0.0,-2.1,25,54.5,2009-01-25,0.0,3.6,281
25,0.0,20090126,2.3,2009,4.6,1,-10.2,0.0,-2.9,26,67.3,2009-01-26,0.0,3.4,281
26,0.0,20090127,1.3,2009,8.0,1,-9.8,0.0,-3.1,27,55.5,2009-01-27,0.0,5.5,281
27,0.0,20090128,0.7,2009,8.0,1,-11.9,0.0,-2.4,28,60.8,2009-01-28,0.0,10.4,281
28,0.2,20090129,0.5,2009,0.0,1,-7.6,0.0,-0.7,29,69.4,2009-01-29,0.0,4.2,281
29,4.5,20090130,1.3,2009,0.0,1,1.0,0.0,5.8,30,81.3,2009-01-30,0.0,9.4,281
30,0.0,20090131,2.5,2009,1.4,1,-0.6,0.0,6.1,31,61.1,2009-01-31,0.0,9.5,281
31,0.0,20090201,0.9,2009,7.6,2,-4.9,0.0,1.6,1,76.8,2009-02-01,0.0,10.3,281
32,0.0,20090202,1.2,2009,6.3,2,-2.4,0.0,5.0,2,72.4,2009-02-02,0.0,13.7,281
33,0.0,20090203,1.7,2009,1.1,2,0.6,0.0,5.2,3,74.8,2009-02-03,0.0,10.5,281
34,0.0,20090204,0.7,2009,6.7,2,-2.2,0.0,5.0,4,71.8,2009-02-04,0.0,13.9,281
35,0.0,20090205,1.8,2009,3.4,2,-3.6,0.0,4.0,5,65.4,2009-02-05,0.0,12.8,281
36,0.0,20090206,0.7,2009,6.1,2,-3.7,0.0,3.1,6,73.0,2009-02-06,0.0,12.4,281
37,0.0,20090207,2.1,2009,7.0,2,-2.8,0.0,4.5,7,64.1,2009-02-07,0.0,11.9,281
38,0.0,20090208,1.0,2009,8.5,2,-3.7,0.0,3.9,8,61.3,2009-02-08,0.0,12.8,281
39,0.0,20090209,1.9,2009,3.6,2,-0.4,0.0,5.0,9,53.1,2009-02-09,0.0,11.6,281
40,0.0,20090210,2.5,2009,9.2,2,-2.2,0.0,4.0,10,60.5,2009-02-10,0.0,10.6,281
41,0.0,20090211,2.2,2009,7.0,2,-3.8,0.0,5.3,11,56.4,2009-02-11,0.0,14.8,281
42,0.0,20090212,0.8,2009,5.6,2,-5.0,0.0,7.1,12,54.0,2009-02-12,0.0,15.8,281
43,7.5,20090213,2.6,2009,0.0,2,11.6,0.0,15.9,13,77.3,2009-02-13,0.0,19.2,281
44,0.0,20090214,3.4,2009,7.5,2,5.8,0.0,10.0,14,50.8,2009-02-14,0.0,16.3,281
45,0.0,20090215,3.2,2009,1.1,2,-1.5,0.0,2.9,15,56.6,2009-02-15,0.0,9.7,281
46,0.0,20090216,4.3,2009,9.1,2,-5.3,0.0,-1.9,16,27.8,2009-02-16,0.0,3.0,281
47,0.0,20090217,2.9,2009,10.3,2,-7.8,0.0,-1.6,17,27.8,2009-02-17,0.0,4.3,281
48,0.0,20090218,2.9,2009,7.8,2,-5.2,0.0,0.7,18,32.4,2009-02-18,0.0,6.3,281
49,2.5,20090219,1.2,2009,0.1,2,-2.5,0.0,1.9,19,67.0,2009-02-19,0.0,7.1,281
50,0.5,20090220,4.4,2009,4.6,2,-3.5,0.0,1.3,20,61.9,2009-02-20,0.0,5.5,281
51,0.0,20090221,2.0,2009,10.2,2,-7.8,0.0,-0.5,21,46.9,2009-02-21,0.0,8.3,281
52,11.5,20090222,0.7,2009,0.0,2,-5.3,0.0,0.3,22,85.0,2009-02-22,0.0,3.2,281
53,0.0,20090223,1.5,2009,3.1,2,0.8,0.0,5.0,23,86.0,2009-02-23,0.0,11.0,281
54,0.5,20090224,1.0,2009,6.3,2,3.6,0.0,8.8,24,71.1,2009-02-24,0.0,15.7,281
55,3.5,20090225,2.0,2009,2.7,2,4.8,0.0,8.8,25,64.8,2009-02-25,0.0,14.2,281
56,0.0,20090226,1.7,2009,2.2,2,2.4,0.0,6.3,26,50.4,2009-02-26,0.0,11.0,281
57,0.4,20090227,1.3,2009,3.7,2,1.9,0.0,7.0,27,53.5,2009-02-27,0.0,13.0,281
58,0.0,20090228,1.0,2009,8.5,2,-2.9,0.0,5.1,28,66.9,2009-02-28,0.0,13.5,281
59,0.0,20090301,2.3,2009,10.4,3,-3.1,0.0,5.5,1,43.1,2009-03-01,0.0,14.1,281
60,0.0,20090302,2.1,2009,1.1,3,-2.9,0.0,2.7,2,59.0,2009-03-02,0.0,7.4,281
61,1.5,20090303,1.7,2009,0.0,3,1.4,0.0,3.3,3,84.3,2009-03-03,0.0,5.9,281
62,0.0,20090304,1.5,2009,6.2,3,1.4,0.0,5.5,4,72.4,2009-03-04,0.0,12.6,281
63,3.5,20090305,1.5,2009,0.7,3,-0.1,0.0,6.4,5,81.3,2009-03-05,0.0,12.2,281
64,0.0,20090306,5.1,2009,7.5,3,0.0,0.0,5.4,6,47.9,2009-03-06,0.0,10.1,281
65,0.0,20090307,2.6,2009,8.6,3,-2.1,0.0,4.1,7,36.9,2009-03-07,0.0,11.4,281
66,0.0,20090308,1.1,2009,9.5,3,-1.0,0.0,6.8,8,47.6,2009-03-08,0.0,16.8,281
67,0.0,20090309,1.7,2009,4.7,3,-0.7,0.0,8.0,9,44.5,2009-03-09,0.0,16.2,281
68,0.0,20090310,3.2,2009,8.7,3,3.0,0.0,8.3,10,33.5,2009-03-10,0.0,14.9,281
69,0.0,20090311,1.8,2009,6.3,3,-2.4,0.0,4.9,11,33.6,2009-03-11,0.0,13.0,281
70,0.0,20090312,2.0,2009,7.0,3,-5.1,0.0,6.2,12,51.6,2009-03-12,0.0,14.7,281
71,4.5,20090313,3.6,2009,0.0,3,1.1,0.0,7.3,13,74.0,2009-03-13,0.0,11.2,281
72,0.0,20090314,5.5,2009,10.8,3,-2.7,0.0,2.1,14,34.6,2009-03-14,0.0,7.8,281
73,0.0,20090315,2.8,2009,10.8,3,-1.5,0.0,7.0,15,38.0,2009-03-15,0.0,14.5,281
74,0.0,20090316,2.3,2009,6.9,3,0.3,0.0,11.3,16,49.6,2009-03-16,0.0,19.9,281
75,0.0,20090317,1.8,2009,9.6,3,1.4,0.0,13.0,17,41.9,2009-03-17,0.0,22.6,281
76,0.0,20090318,2.1,2009,0.7,3,6.6,0.0,14.8,18,68.8,2009-03-18,0.0,20.7,281
77,0.0,20090319,1.9,2009,9.3,3,6.7,0.0,15.5,19,71.1,2009-03-19,0.0,25.5,281
78,0.0,20090320,3.3,2009,5.7,3,2.8,0.0,8.6,20,61.0,2009-03-20,0.0,13.4,281
79,2.0,20090321,1.3,2009,6.1,3,-0.9,0.0,11.0,21,67.1,2009-03-21,0.0,20.2,281
80,1.5,20090322,3.0,2009,0.7,3,8.7,0.0,13.6,22,73.3,2009-03-22,0.0,17.4,281
81,0.0,20090323,2.2,2009,4.9,3,4.2,0.0,8.7,23,47.6,2009-03-23,0.0,14.5,281
82,0.0,20090324,2.8,2009,8.5,3,0.2,0.0,6.6,24,32.9,2009-03-24,0.0,11.9,281
83,0.0,20090325,3.8,2009,10.1,3,0.4,0.0,4.4,25,34.6,2009-03-25,0.0,10.1,281
84,0.0,20090326,3.2,2009,10.1,3,-5.1,0.0,6.1,26,41.6,2009-03-26,0.0,15.0,281
85,0.0,20090327,3.2,2009,11.0,3,0.4,0.0,6.3,27,36.1,2009-03-27,0.0,13.5,281
86,0.0,20090328,2.6,2009,9.2,3,2.2,0.0,6.4,28,36.4,2009-03-28,0.0,14.5,281
87,0.0,20090329,2.2,2009,2.0,3,1.3,0.0,5.2,29,65.6,2009-03-29,0.0,9.2,281
88,0.0,20090330,1.8,2009,4.6,3,2.4,0.0,7.6,30,59.4,2009-03-30,0.0,12.7,281
89,0.0,20090331,2.7,2009,7.6,3,5.3,0.0,8.7,31,49.6,2009-03-31,0.0,14.0,281
90,0.0,20090401,3.2,2009,6.5,4,-0.6,0.0,5.2,1,55.5,2009-04-01,0.0,12.1,281
91,0.0,20090402,2.1,2009,10.9,4,-2.4,0.0,8.5,2,43.1,2009-04-02,0.0,17.3,281
92,0.0,20090403,2.6,2009,5.9,4,6.7,0.0,12.7,3,27.5,2009-04-03,0.0,19.6,281
93,0.0,20090404,3.6,2009,8.5,4,8.0,0.0,11.9,4,32.1,2009-04-04,0.0,16.8,281
94,0.0,20090405,2.1,2009,10.5,4,3.8,0.0,11.4,5,50.0,2009-04-05,0.0,21.1,281
95,0.0,20090406,2.5,2009,11.1,4,-0.5,0.0,11.6,6,42.1,2009-04-06,0.0,21.5,281
96,0.0,20090407,2.0,2009,11.3,4,1.9,0.0,13.7,7,41.9,2009-04-07,0.0,25.1,281
97,0.0,20090408,1.6,2009,9.7,4,4.1,0.0,13.6,8,50.9,2009-04-08,0.0,25.4,281
98,0.0,20090409,1.1,2009,11.1,4,2.8,0.0,14.7,9,43.3,2009-04-09,0.0,27.3,281
99,0.0,20090410,1.2,2009,11.0,4,3.7,0.0,16.7,10,33.8,2009-04-10,0.0,28.6,281
100,0.0,20090411,2.3,2009,10.1,4,4.6,0.0,14.1,11,47.9,2009-04-11,0.0,24.5,281
101,0.0,20090412,1.7,2009,9.0,4,5.0,0.0,16.1,12,42.6,2009-04-12,0.0,26.5,281
102,0.0,20090413,1.8,2009,3.4,4,6.8,0.0,17.5,13,43.0,2009-04-13,0.0,24.3,281
103,0.0,20090414,2.6,2009,1.7,4,5.0,0.0,13.0,14,60.3,2009-04-14,0.0,18.7,281
104,1.0,20090415,2.2,2009,4.7,4,1.8,0.0,12.1,15,68.5,2009-04-15,0.0,21.6,281
105,0.0,20090416,2.3,2009,0.0,4,6.2,0.0,9.9,16,69.4,2009-04-16,0.0,11.7,281
106,0.0,20090417,1.2,2009,11.4,4,3.9,0.0,12.8,17,59.1,2009-04-17,0.0,22.9,281
107,0.0,20090418,2.1,2009,11.7,4,4.3,0.0,17.4,18,39.9,2009-04-18,0.0,29.4,281
108,0.0,20090419,2.7,2009,10.3,4,6.4,0.0,16.1,19,59.5,2009-04-19,0.0,26.4,281
109,7.0,20090420,3.0,2009,0.0,4,12.8,0.0,14.2,20,84.8,2009-04-20,0.0,16.1,281
110,0.1,20090421,4.8,2009,5.5,4,12.1,0.0,14.9,21,52.6,2009-04-21,0.0,19.4,281
111,0.0,20090422,5.2,2009,12.0,4,9.4,0.0,15.2,22,33.8,2009-04-22,0.0,22.7,281
112,0.0,20090423,2.5,2009,11.1,4,4.4,0.0,12.2,23,55.5,2009-04-23,0.0,18.6,281
113,6.5,20090424,2.4,2009,0.1,4,10.0,0.0,12.5,24,68.8,2009-04-24,0.0,16.7,281
114,6.0,20090425,3.6,2009,4.9,4,9.1,0.0,12.2,25,68.5,2009-04-25,0.0,18.8,281
115,0.0,20090426,3.0,2009,5.2,4,8.5,0.0,11.0,26,57.6,2009-04-26,0.0,16.8,281
116,0.0,20090427,1.8,2009,7.7,4,4.7,0.0,11.5,27,56.6,2009-04-27,0.0,17.8,281
117,0.0,20090428,1.7,2009,8.6,4,2.0,0.0,12.0,28,55.5,2009-04-28,0.0,23.2,281
118,0.0,20090429,1.4,2009,12.1,4,2.0,0.0,14.0,29,47.3,2009-04-29,0.0,25.3,281
119,0.0,20090430,1.6,2009,10.9,4,3.3,0.0,16.7,30,35.0,2009-04-30,0.0,25.7,281
120,0.0,20090501,1.4,2009,11.4,5,6.2,0.0,17.8,1,37.9,2009-05-01,0.0,26.7,281
121,15.5,20090502,1.9,2009,4.1,5,10.2,0.0,16.7,2,69.4,2009-05-02,0.0,24.0,281
122,1.5,20090503,1.5,2009,5.2,5,12.7,0.0,17.6,3,72.1,2009-05-03,0.0,23.8,281
123,0.0,20090504,1.6,2009,12.1,5,9.6,0.0,19.1,4,55.6,2009-05-04,0.0,28.4,281
124,0.0,20090505,1.7,2009,10.8,5,8.8,0.0,18.2,5,49.9,2009-05-05,0.0,28.9,281
125,0.0,20090506,1.8,2009,12.0,5,7.8,0.0,17.5,6,57.6,2009-05-06,0.0,27.6,281
126,0.0,20090507,1.5,2009,8.9,5,7.5,0.0,17.7,7,53.0,2009-05-07,0.0,30.1,281
127,0.0,20090508,1.6,2009,11.4,5,8.6,0.0,19.0,8,47.3,2009-05-08,0.0,29.1,281
128,0.0,20090509,1.7,2009,9.9,5,9.2,0.0,22.1,9,39.4,2009-05-09,0.0,32.7,281
129,0.0,20090510,2.1,2009,11.5,5,10.9,0.0,20.3,10,46.9,2009-05-10,0.0,31.8,281
130,0.0,20090511,1.8,2009,7.5,5,8.9,0.0,20.0,11,55.4,2009-05-11,0.0,29.9,281
131,4.0,20090512,1.9,2009,0.0,5,15.0,0.0,18.4,12,77.8,2009-05-12,0.0,21.5,281
132,0.0,20090513,2.3,2009,10.3,5,13.4,0.0,19.5,13,47.4,2009-05-13,0.0,26.4,281
133,0.0,20090514,2.2,2009,12.3,5,9.9,0.0,18.7,14,30.1,2009-05-14,0.0,26.8,281
134,0.0,20090515,1.9,2009,0.1,5,12.1,0.0,17.2,15,49.1,2009-05-15,0.0,21.6,281
135,28.0,20090516,1.7,2009,0.0,5,12.5,0.0,13.6,16,87.9,2009-05-16,0.0,15.2,281
136,3.5,20090517,3.2,2009,3.2,5,12.3,0.0,16.9,17,68.0,2009-05-17,0.0,21.7,281
137,0.0,20090518,2.6,2009,11.0,5,10.3,0.0,18.8,18,37.3,2009-05-18,0.0,27.2,281
138,0.0,20090519,3.0,2009,11.2,5,12.7,0.0,21.9,19,32.8,2009-05-19,0.0,29.8,281
139,0.0,20090520,1.1,2009,3.1,5,11.5,0.0,21.9,20,44.1,2009-05-20,0.0,30.6,281
140,76.0,20090521,2.0,2009,0.0,5,13.8,0.0,15.5,21,87.6,2009-05-21,0.0,23.7,281
141,0.1,20090522,2.4,2009,6.4,5,15.7,0.0,19.5,22,68.1,2009-05-22,0.0,25.5,281
142,0.1,20090523,1.4,2009,0.1,5,16.4,0.0,18.1,23,67.1,2009-05-23,0.0,21.2,281
143,3.5,20090524,1.6,2009,4.2,5,12.0,0.0,16.5,24,73.6,2009-05-24,0.0,21.8,281
144,0.0,20090525,1.0,2009,9.3,5,10.2,0.0,18.3,25,65.0,2009-05-25,0.0,28.4,281
145,0.0,20090526,1.2,2009,2.8,5,12.0,0.0,20.4,26,56.1,2009-05-26,0.0,27.8,281
146,0.3,20090527,2.2,2009,10.7,5,12.7,0.0,18.7,27,58.8,2009-05-27,0.0,24.7,281
147,0.0,20090528,2.1,2009,12.4,5,9.7,0.0,17.1,28,69.5,2009-05-28,0.0,25.4,281
148,0.0,20090529,2.5,2009,10.8,5,10.2,0.0,15.9,29,69.6,2009-05-29,0.0,22.8,281
149,0.0,20090530,1.7,2009,4.8,5,9.5,0.0,15.4,30,68.1,2009-05-30,0.0,23.0,281
150,0.0,20090531,2.2,2009,11.5,5,8.7,0.0,18.3,31,47.0,2009-05-31,0.0,27.4,281
151,0.0,20090601,1.8,2009,12.8,6,8.5,0.0,20.9,1,43.5,2009-06-01,0.0,30.1,281
152,0.0,20090602,2.1,2009,4.1,6,13.2,0.0,21.1,2,58.6,2009-06-02,0.0,27.3,281
153,0.1,20090603,2.0,2009,1.3,6,16.8,0.0,19.2,3,68.4,2009-06-03,0.0,22.0,281
154,0.0,20090604,1.7,2009,7.1,6,13.9,0.0,19.7,4,68.5,2009-06-04,0.0,26.0,281
155,0.0,20090605,2.5,2009,10.2,6,12.9,0.0,18.3,5,72.3,2009-06-05,0.0,23.8,281
156,0.0,20090606,2.1,2009,3.5,6,16.5,0.0,18.0,6,73.6,2009-06-06,0.0,22.4,281
157,0.0,20090607,2.2,2009,0.3,6,15.6,0.0,17.5,7,68.1,2009-06-07,0.0,21.1,281
158,0.0,20090608,2.0,2009,6.4,6,13.2,0.0,18.8,8,68.4,2009-06-08,0.0,24.4,281
159,1.0,20090609,1.1,2009,0.0,6,15.4,0.0,19.3,9,71.6,2009-06-09,0.0,23.3,281
160,2.0,20090610,2.4,2009,3.6,6,17.2,0.0,21.9,10,64.5,2009-06-10,0.0,27.6,281
161,2.0,20090611,3.3,2009,12.9,6,16.0,0.0,22.4,11,48.9,2009-06-11,0.0,30.5,281
162,0.0,20090612,2.1,2009,5.7,6,16.4,0.0,23.6,12,38.4,2009-06-12,0.0,28.6,281
163,0.0,20090613,2.5,2009,12.1,6,11.9,0.0,20.5,13,48.6,2009-06-13,0.0,28.9,281
164,0.0,20090614,2.2,2009,4.2,6,15.6,0.0,19.3,14,65.6,2009-06-14,0.0,24.8,281
165,0.0,20090615,1.6,2009,2.9,6,15.6,0.0,20.2,15,65.6,2009-06-15,0.0,26.4,281
166,0.0,20090616,1.8,2009,7.5,6,16.1,0.0,21.5,16,65.4,2009-06-16,0.0,29.6,281
167,0.0,20090617,2.4,2009,1.2,6,17.2,0.0,20.0,17,75.6,2009-06-17,0.0,24.0,281
168,0.1,20090618,1.8,2009,9.8,6,16.7,0.0,23.3,18,57.6,2009-06-18,0.0,31.5,281
169,0.0,20090619,1.4,2009,8.1,6,15.7,0.0,24.2,19,55.6,2009-06-19,0.0,32.5,281
170,17.5,20090620,1.4,2009,0.5,6,18.9,0.0,23.1,20,73.1,2009-06-20,0.0,27.9,281
171,0.0,20090621,1.5,2009,6.5,6,21.0,0.0,26.0,21,73.4,2009-06-21,0.0,31.0,281
172,48.5,20090622,1.8,2009,0.6,6,17.3,0.0,20.0,22,85.1,2009-06-22,0.0,25.8,281
173,0.0,20090623,1.8,2009,10.6,6,17.5,0.0,23.7,23,59.9,2009-06-23,0.0,29.9,281
174,0.0,20090624,2.1,2009,13.1,6,16.6,0.0,25.6,24,48.6,2009-06-24,0.0,32.7,281
175,0.0,20090625,1.6,2009,12.7,6,15.8,0.0,26.0,25,45.8,2009-06-25,0.0,33.8,281
176,0.0,20090626,1.7,2009,12.6,6,15.9,0.0,26.3,26,47.0,2009-06-26,0.0,33.8,281
177,0.0,20090627,1.5,2009,7.2,6,17.6,0.0,25.1,27,62.1,2009-06-27,0.0,31.3,281
178,0.0,20090628,1.6,2009,8.5,6,19.2,0.0,25.9,28,65.1,2009-06-28,0.0,31.3,281
179,35.5,20090629,1.2,2009,0.8,6,21.5,0.0,24.1,29,79.6,2009-06-29,0.0,27.8,281
180,5.0,20090630,0.9,2009,0.0,6,18.2,0.0,21.2,30,84.3,2009-06-30,0.0,26.2,281
181,1.0,20090701,1.3,2009,7.1,7,17.6,0.0,22.3,1,70.6,2009-07-01,0.0,28.5,281
182,23.0,20090702,1.3,2009,4.2,7,17.1,0.0,20.6,2,79.3,2009-07-02,0.0,29.3,281
183,0.5,20090703,1.5,2009,4.6,7,17.2,0.0,21.4,3,73.8,2009-07-03,0.0,27.7,281
184,4.5,20090704,1.4,2009,5.4,7,18.0,0.0,21.7,4,76.8,2009-07-04,0.0,28.1,281
185,0.0,20090705,1.7,2009,7.1,7,19.1,0.0,22.9,5,73.9,2009-07-05,0.0,28.7,281
186,0.0,20090706,1.3,2009,8.1,7,17.9,0.0,23.7,6,72.4,2009-07-06,0.0,29.7,281
187,82.0,20090707,1.1,2009,0.0,7,16.1,0.0,18.9,7,90.9,2009-07-07,0.0,22.1,281
188,0.1,20090708,1.2,2009,8.2,7,19.6,0.0,25.2,8,74.5,2009-07-08,0.0,30.6,281
189,29.5,20090709,2.5,2009,0.3,7,21.7,0.0,25.6,9,76.6,2009-07-09,0.0,28.4,281
190,0.0,20090710,2.9,2009,10.5,7,20.4,0.0,24.4,10,64.8,2009-07-10,0.0,29.3,281
191,3.0,20090711,1.0,2009,2.2,7,19.3,0.0,23.8,11,71.1,2009-07-11,0.0,29.8,281
192,9.5,20090712,2.3,2009,0.0,7,18.6,0.0,23.5,12,81.0,2009-07-12,0.0,27.8,281
193,3.5,20090713,2.4,2009,2.0,7,24.0,0.0,26.3,13,74.3,2009-07-13,0.0,30.0,281
194,1.0,20090714,2.1,2009,0.7,7,22.5,0.0,27.0,14,72.6,2009-07-14,0.0,30.2,281
195,64.5,20090715,2.7,2009,2.4,7,19.1,0.0,21.0,15,81.5,2009-07-15,0.0,28.6,281
196,14.5,20090716,1.0,2009,0.5,7,18.4,0.0,21.9,16,88.3,2009-07-16,0.0,24.9,281
197,2.5,20090717,0.7,2009,0.4,7,21.4,0.0,24.9,17,86.1,2009-07-17,0.0,29.5,281
198,0.0,20090718,3.3,2009,0.7,7,24.7,0.0,27.9,18,66.3,2009-07-18,0.0,31.5,281
199,1.0,20090719,2.2,2009,0.5,7,21.6,0.0,26.0,19,75.0,2009-07-19,0.0,30.1,281
200,0.1,20090720,1.4,2009,1.4,7,21.1,0.0,24.9,20,79.9,2009-07-20,0.0,29.8,281
201,50.0,20090721,2.2,2009,3.5,7,23.6,0.0,25.7,21,78.9,2009-07-21,0.0,30.1,281
202,0.0,20090722,2.2,2009,9.1,7,19.7,0.0,22.6,22,75.5,2009-07-22,0.0,26.6,281
203,0.2,20090723,1.8,2009,4.2,7,17.0,0.0,21.9,23,78.4,2009-07-23,0.0,26.5,281
204,16.5,20090724,2.0,2009,0.2,7,19.4,0.0,20.8,24,80.3,2009-07-24,0.0,22.3,281
205,0.2,20090725,1.8,2009,0.0,7,19.4,0.0,21.0,25,76.9,2009-07-25,0.0,23.8,281
206,0.0,20090726,1.9,2009,1.2,7,18.2,0.0,20.5,26,73.8,2009-07-26,0.0,23.7,281
207,0.0,20090727,1.4,2009,3.7,7,15.9,0.0,20.3,27,76.4,2009-07-27,0.0,25.7,281
208,11.0,20090728,1.1,2009,0.0,7,16.7,0.0,20.1,28,84.1,2009-07-28,0.0,23.6,281
209,32.0,20090729,1.5,2009,1.6,7,19.0,0.0,21.8,29,79.5,2009-07-29,0.0,25.7,281
210,0.0,20090730,1.7,2009,7.9,7,18.7,0.0,22.1,30,76.4,2009-07-30,0.0,26.9,281
211,0.0,20090731,1.5,2009,3.9,7,18.8,0.0,21.8,31,73.9,2009-07-31,0.0,26.8,281
212,0.0,20090801,1.7,2009,5.2,8,17.9,0.0,21.5,1,76.8,2009-08-01,0.0,26.9,281
213,0.0,20090802,1.3,2009,2.2,8,15.6,0.0,20.5,2,77.3,2009-08-02,0.0,25.6,281
214,0.0,20090803,1.2,2009,1.4,8,17.4,0.0,20.8,3,78.0,2009-08-03,0.0,23.8,281
215,0.0,20090804,1.7,2009,6.0,8,16.1,0.0,21.9,4,72.9,2009-08-04,0.0,26.8,281
216,0.0,20090805,2.3,2009,7.0,8,19.5,0.0,22.3,5,72.1,2009-08-05,0.0,26.3,281
217,10.5,20090806,1.2,2009,0.0,8,19.9,0.0,21.4,6,85.6,2009-08-06,0.0,23.6,281
218,1.0,20090807,1.2,2009,0.0,8,20.8,0.0,22.4,7,86.4,2009-08-07,0.0,24.2,281
219,0.5,20090808,1.6,2009,1.2,8,21.9,0.0,23.5,8,82.9,2009-08-08,0.0,27.2,281
220,0.0,20090809,1.9,2009,1.3,8,21.5,0.0,23.1,9,79.6,2009-08-09,0.0,26.6,281
221,0.2,20090810,1.0,2009,0.0,8,21.7,0.0,23.7,10,81.6,2009-08-10,0.0,26.3,281
222,8.5,20090811,1.8,2009,0.0,8,22.3,0.0,23.2,11,87.6,2009-08-11,0.0,25.3,281
223,17.5,20090812,1.7,2009,1.2,8,21.7,0.0,25.5,12,82.5,2009-08-12,0.0,30.0,281
224,5.5,20090813,0.8,2009,3.8,8,21.6,0.0,24.5,13,81.5,2009-08-13,0.0,30.8,281
225,0.0,20090814,1.0,2009,6.6,8,21.1,0.0,25.8,14,73.9,2009-08-14,0.0,31.2,281
226,0.0,20090815,1.2,2009,9.2,8,20.0,0.0,24.5,15,74.9,2009-08-15,0.0,32.2,281
227,0.1,20090816,1.6,2009,0.0,8,19.5,0.0,23.4,16,74.5,2009-08-16,0.0,27.1,281
228,0.0,20090817,1.4,2009,0.0,8,21.0,0.0,23.6,17,79.1,2009-08-17,0.0,25.8,281
229,0.0,20090818,0.9,2009,5.7,8,20.3,0.0,25.8,18,74.5,2009-08-18,0.0,31.6,281
230,0.0,20090819,0.9,2009,6.4,8,21.9,0.0,27.2,19,72.0,2009-08-19,0.0,33.7,281
231,15.0,20090820,2.0,2009,3.5,8,23.0,0.0,27.3,20,73.4,2009-08-20,0.0,32.3,281
232,0.1,20090821,2.6,2009,11.1,8,20.5,0.0,26.1,21,60.3,2009-08-21,0.0,31.6,281
233,0.0,20090822,2.0,2009,11.4,8,16.7,0.0,24.9,22,55.1,2009-08-22,0.0,31.7,281
234,0.0,20090823,2.0,2009,10.2,8,18.2,0.0,25.2,23,52.8,2009-08-23,0.0,31.7,281
235,0.0,20090824,1.9,2009,11.1,8,15.3,0.0,21.7,24,68.8,2009-08-24,0.0,27.7,281
236,0.0,20090825,1.4,2009,5.7,8,17.7,0.0,21.9,25,73.5,2009-08-25,0.0,28.2,281
237,0.0,20090826,1.3,2009,9.2,8,17.2,0.0,24.5,26,64.6,2009-08-26,0.0,31.0,281
238,0.0,20090827,1.8,2009,1.4,8,19.9,0.0,24.8,27,75.0,2009-08-27,0.0,29.3,281
239,0.0,20090828,2.2,2009,10.8,8,20.6,0.0,26.4,28,62.6,2009-08-28,0.0,32.5,281
240,0.0,20090829,2.7,2009,6.1,8,16.1,0.0,21.5,29,68.9,2009-08-29,0.0,26.3,281
241,0.1,20090830,2.2,2009,0.0,8,18.7,0.0,20.6,30,69.9,2009-08-30,0.0,22.2,281
242,0.0,20090831,2.5,2009,3.3,8,15.1,0.0,19.8,31,69.3,2009-08-31,0.0,25.0,281
243,0.0,20090901,2.1,2009,7.7,9,12.7,0.0,18.8,1,69.8,2009-09-01,0.0,25.1,281
244,0.0,20090902,1.8,2009,10.2,9,13.3,0.0,19.4,2,70.9,2009-09-02,0.0,25.7,281
245,0.0,20090903,1.6,2009,9.3,9,12.1,0.0,20.1,3,72.9,2009-09-03,0.0,26.8,281
246,0.0,20090904,1.5,2009,0.2,9,16.6,0.0,20.4,4,78.6,2009-09-04,0.0,25.2,281
247,0.0,20090905,1.5,2009,10.3,9,15.6,0.0,21.3,5,71.8,2009-09-05,0.0,28.1,281
248,0.0,20090906,1.3,2009,9.5,9,15.1,0.0,23.2,6,68.8,2009-09-06,0.0,33.0,281
249,1.5,20090907,1.2,2009,7.2,9,17.8,0.0,23.9,7,72.3,2009-09-07,0.0,30.5,281
250,3.0,20090908,1.8,2009,4.6,9,18.8,0.0,21.0,8,77.9,2009-09-08,0.0,25.1,281
251,0.0,20090909,1.1,2009,4.7,9,16.1,0.0,21.3,9,69.8,2009-09-09,0.0,28.7,281
252,0.0,20090910,1.3,2009,10.6,9,13.3,0.0,21.0,10,69.1,2009-09-10,0.0,29.8,281
253,3.5,20090911,1.0,2009,3.7,9,16.4,0.0,21.1,11,76.5,2009-09-11,0.0,28.4,281
254,1.5,20090912,1.8,2009,4.7,9,16.2,0.0,20.1,12,67.8,2009-09-12,0.0,26.2,281
255,0.0,20090913,1.3,2009,11.2,9,11.9,0.0,19.4,13,67.9,2009-09-13,0.0,28.1,281
256,2.5,20090914,0.8,2009,0.0,9,14.3,0.0,18.6,14,78.6,2009-09-14,0.0,24.2,281
257,0.0,20090915,2.3,2009,11.3,9,14.2,0.0,20.3,15,65.6,2009-09-15,0.0,27.9,281
258,0.0,20090916,1.4,2009,8.0,9,13.4,0.0,19.6,16,66.5,2009-09-16,0.0,27.0,281
259,0.0,20090917,1.0,2009,8.9,9,11.9,0.0,19.6,17,68.6,2009-09-17,0.0,28.4,281
260,0.0,20090918,1.6,2009,11.0,9,12.7,0.0,19.9,18,67.6,2009-09-18,0.0,30.5,281
261,0.0,20090919,2.0,2009,8.9,9,12.4,0.0,18.8,19,65.1,2009-09-19,0.0,24.5,281
262,0.0,20090920,1.8,2009,8.9,9,12.9,0.0,18.8,20,65.9,2009-09-20,0.0,24.3,281
263,0.0,20090921,0.8,2009,0.0,9,15.7,0.0,18.0,21,80.4,2009-09-21,0.0,21.4,281
264,0.0,20090922,1.5,2009,3.3,9,16.1,0.0,19.8,22,73.4,2009-09-22,0.0,26.1,281
265,9.5,20090923,0.7,2009,3.0,9,16.9,0.0,19.5,23,85.0,2009-09-23,0.0,25.2,281
266,0.0,20090924,1.0,2009,4.8,9,17.2,0.0,20.9,24,79.8,2009-09-24,0.0,29.4,281
267,0.0,20090925,0.9,2009,0.2,9,16.2,0.0,20.7,25,79.3,2009-09-25,0.0,25.7,281
268,0.0,20090926,1.5,2009,5.4,9,14.0,0.0,20.4,26,75.1,2009-09-26,0.0,26.3,281
269,20.0,20090927,1.0,2009,0.0,9,17.2,0.0,19.2,27,86.4,2009-09-27,0.0,21.6,281
270,13.5,20090928,0.7,2009,0.3,9,16.9,0.0,18.5,28,90.0,2009-09-28,0.0,21.5,281
271,0.0,20090929,1.1,2009,0.3,9,15.9,0.0,19.0,29,82.6,2009-09-29,0.0,23.6,281
272,0.0,20090930,1.1,2009,1.8,9,13.8,0.0,18.2,30,80.5,2009-09-30,0.0,23.5,281
273,0.0,20091001,0.7,2009,8.1,10,11.9,0.0,19.6,1,74.8,2009-10-01,0.0,27.0,281
274,17.5,20091002,2.4,2009,8.7,10,17.1,0.0,20.9,2,64.8,2009-10-02,0.0,26.0,281
275,0.0,20091003,2.5,2009,10.8,10,10.0,0.0,17.2,3,47.9,2009-10-03,0.0,25.2,281
276,0.0,20091004,1.4,2009,6.8,10,7.7,0.0,14.3,4,67.4,2009-10-04,0.0,24.5,281
277,0.0,20091005,0.8,2009,9.7,10,6.2,0.0,13.4,5,64.0,2009-10-05,0.0,23.6,281
278,0.0,20091006,1.0,2009,5.6,10,6.3,0.0,13.5,6,74.5,2009-10-06,0.0,23.3,281
279,0.0,20091007,2.8,2009,0.6,10,9.9,0.0,16.2,7,65.3,2009-10-07,0.0,21.5,281
280,0.0,20091008,2.0,2009,3.8,10,12.7,0.0,16.1,8,56.4,2009-10-08,0.0,21.0,281
281,0.0,20091009,1.0,2009,9.1,10,7.8,0.0,14.0,9,67.6,2009-10-09,0.0,21.7,281
282,0.0,20091010,1.0,2009,10.1,10,5.9,0.0,13.1,10,70.0,2009-10-10,0.0,22.8,281
283,0.0,20091011,0.9,2009,9.2,10,5.6,0.0,14.1,11,70.5,2009-10-11,0.0,23.1,281
284,0.0,20091012,1.3,2009,5.5,10,10.0,0.0,15.6,12,67.5,2009-10-12,0.0,22.7,281
285,0.0,20091013,1.7,2009,10.1,10,9.6,0.0,15.7,13,54.0,2009-10-13,0.0,23.7,281
286,4.0,20091014,2.2,2009,6.4,10,9.0,0.0,13.4,14,75.4,2009-10-14,0.0,18.5,281
287,0.0,20091015,1.3,2009,8.5,10,5.9,0.0,12.1,15,68.6,2009-10-15,0.0,22.3,281
288,0.0,20091016,0.9,2009,9.8,10,4.4,0.0,12.5,16,68.6,2009-10-16,0.0,22.6,281
289,2.0,20091017,2.8,2009,6.6,10,7.4,0.0,14.4,17,61.5,2009-10-17,0.0,20.9,281
290,0.0,20091018,3.3,2009,9.9,10,9.5,0.0,14.9,18,49.6,2009-10-18,0.0,20.4,281
291,0.0,20091019,3.3,2009,7.3,10,6.0,0.0,14.1,19,54.4,2009-10-19,0.0,22.9,281
292,0.0,20091020,3.0,2009,9.5,10,3.8,0.0,11.0,20,53.1,2009-10-20,0.0,18.2,281
293,0.0,20091021,1.5,2009,9.2,10,1.4,0.0,11.0,21,57.8,2009-10-21,0.0,22.0,281
294,0.0,20091022,0.8,2009,7.2,10,1.7,0.0,11.3,22,58.3,2009-10-22,0.0,21.4,281
295,0.0,20091023,0.7,2009,9.0,10,3.1,0.0,12.3,23,61.8,2009-10-23,0.0,23.9,281
296,0.0,20091024,1.6,2009,5.6,10,7.2,0.0,13.5,24,76.5,2009-10-24,0.0,20.5,281
297,0.0,20091025,1.3,2009,7.5,10,5.3,0.0,12.7,25,71.5,2009-10-25,0.0,20.3,281
298,0.0,20091026,1.1,2009,9.5,10,5.3,0.0,13.1,26,67.6,2009-10-26,0.0,22.7,281
299,0.0,20091027,1.4,2009,7.6,10,7.3,0.0,14.0,27,67.8,2009-10-27,0.0,23.1,281
300,0.0,20091028,0.7,2009,7.2,10,4.8,0.0,12.7,28,70.4,2009-10-28,0.0,23.4,281
301,0.0,20091029,1.0,2009,6.1,10,8.0,0.0,14.7,29,69.5,2009-10-29,0.0,23.1,281
302,0.0,20091030,1.1,2009,5.0,10,8.5,0.0,14.7,30,73.4,2009-10-30,0.0,23.0,281
303,0.0,20091031,2.0,2009,3.5,10,8.9,0.0,17.4,31,71.1,2009-10-31,0.0,24.3,281
304,0.1,20091101,2.7,2009,3.1,11,8.1,0.0,13.7,1,62.5,2009-11-01,0.0,20.6,281
305,0.0,20091102,4.3,2009,8.1,11,-0.1,0.0,5.2,2,43.0,2009-11-02,0.0,9.0,281
306,0.0,20091103,3.7,2009,9.7,11,-1.7,0.0,5.4,3,40.0,2009-11-03,0.0,12.4,281
307,0.0,20091104,2.0,2009,5.5,11,0.8,0.0,9.1,4,60.3,2009-11-04,0.0,15.6,281
308,0.0,20091105,1.2,2009,6.5,11,3.7,0.0,11.6,5,68.9,2009-11-05,0.0,21.1,281
309,0.0,20091106,1.0,2009,7.5,11,3.5,0.0,12.9,6,70.3,2009-11-06,0.0,22.6,281
310,0.0,20091107,0.9,2009,5.4,11,5.7,0.0,14.5,7,71.0,2009-11-07,0.0,23.6,281
311,6.0,20091108,0.8,2009,1.4,11,12.7,0.0,16.7,8,83.9,2009-11-08,0.0,23.5,281
312,0.0,20091109,1.6,2009,0.6,11,13.4,0.0,16.4,9,79.4,2009-11-09,0.0,21.3,281
313,2.5,20091110,2.6,2009,0.0,11,12.7,0.0,14.2,10,70.0,2009-11-10,0.0,15.6,281
314,0.0,20091111,3.9,2009,0.0,11,8.3,0.0,10.2,11,62.8,2009-11-11,0.0,13.1,281
315,0.0,20091112,4.0,2009,0.0,11,9.1,0.0,10.4,12,61.9,2009-11-12,0.0,11.7,281
316,8.5,20091113,1.2,2009,0.0,11,9.1,0.0,10.6,13,88.0,2009-11-13,0.0,11.9,281
317,0.0,20091114,4.4,2009,5.5,11,4.3,0.0,9.4,14,60.8,2009-11-14,0.0,15.1,281
318,0.0,20091115,5.3,2009,6.0,11,1.4,0.0,3.7,15,51.1,2009-11-15,0.0,7.3,281
319,0.0,20091116,3.3,2009,5.5,11,0.5,0.0,2.4,16,44.1,2009-11-16,0.0,6.3,281
320,0.0,20091117,3.0,2009,1.6,11,-1.7,0.0,2.0,17,34.4,2009-11-17,0.0,6.7,281
321,0.0,20091118,2.7,2009,7.8,11,-5.0,0.0,1.8,18,28.1,2009-11-18,0.0,7.6,281
322,0.0,20091119,2.3,2009,6.1,11,-1.1,0.0,3.5,19,46.3,2009-11-19,0.0,9.9,281
323,0.0,20091120,2.7,2009,5.7,11,-2.5,0.0,3.2,20,44.6,2009-11-20,0.0,8.9,281
324,0.0,20091121,2.3,2009,7.6,11,-5.1,0.0,2.2,21,44.8,2009-11-21,0.0,8.6,281
325,0.0,20091122,0.9,2009,7.0,11,-8.2,0.0,-0.5,22,55.4,2009-11-22,0.0,9.7,281
326,0.0,20091123,0.8,2009,7.8,11,-6.2,0.0,2.8,23,64.4,2009-11-23,0.0,14.2,281
327,0.0,20091124,0.5,2009,7.6,11,-4.4,0.0,3.3,24,69.6,2009-11-24,0.0,14.9,281
328,0.0,20091125,0.9,2009,4.3,11,-4.2,0.0,2.9,25,77.3,2009-11-25,0.0,12.7,281
329,0.0,20091126,0.4,2009,5.9,11,-2.6,0.0,4.7,26,77.4,2009-11-26,0.0,16.2,281
330,0.0,20091127,1.7,2009,5.2,11,0.8,0.0,6.1,27,74.8,2009-11-27,0.0,14.7,281
331,0.0,20091128,1.0,2009,3.2,11,-0.5,0.0,6.2,28,76.8,2009-11-28,0.0,13.0,281
332,18.0,20091129,1.2,2009,0.0,11,2.9,0.0,6.5,29,90.0,2009-11-29,0.0,9.9,281
333,1.5,20091130,1.9,2009,0.1,11,-1.2,0.0,4.4,30,83.3,2009-11-30,0.0,8.7,281
334,0.0,20091201,1.2,2009,7.0,12,-4.2,0.0,1.8,1,78.1,2009-12-01,0.0,11.0,281
335,0.0,20091202,0.8,2009,6.0,12,-4.5,0.0,1.6,2,78.6,2009-12-02,0.0,11.1,281
336,0.0,20091203,2.2,2009,5.3,12,-2.0,0.0,4.2,3,70.5,2009-12-03,0.0,11.5,281
337,0.0,20091204,0.7,2009,7.3,12,-4.2,0.0,2.6,4,75.4,2009-12-04,0.0,12.0,281
338,2.0,20091205,4.5,2009,4.3,12,-1.3,0.0,3.3,5,57.4,2009-12-05,0.0,7.9,281
339,0.0,20091206,4.8,2009,7.6,12,-3.3,0.0,-0.5,6,31.9,2009-12-06,0.0,3.8,281
340,0.0,20091207,1.5,2009,7.6,12,-6.0,0.0,-0.2,7,38.3,2009-12-07,0.0,8.2,281
341,0.0,20091208,0.7,2009,5.7,12,-8.9,0.0,0.4,8,56.1,2009-12-08,0.0,10.5,281
342,0.5,20091209,0.3,2009,0.0,12,-2.9,0.0,3.7,9,65.4,2009-12-09,0.0,8.8,281
343,15.0,20091210,0.9,2009,0.0,12,5.4,0.0,8.8,10,92.0,2009-12-10,0.0,10.6,281
344,13.5,20091211,2.0,2009,2.8,12,8.0,0.0,10.5,11,82.8,2009-12-11,0.0,15.0,281
345,0.0,20091212,2.6,2009,4.7,12,3.2,0.0,8.3,12,65.9,2009-12-12,0.0,13.3,281
346,0.0,20091213,1.7,2009,2.4,12,1.6,0.0,5.2,13,54.5,2009-12-13,0.0,11.3,281
347,0.0,20091214,2.9,2009,7.4,12,0.4,0.0,3.1,14,28.1,2009-12-14,0.0,8.0,281
348,0.0,20091215,3.5,2009,1.0,12,-2.4,0.0,-0.1,15,26.4,2009-12-15,0.0,2.2,281
349,0.0,20091216,3.9,2009,5.7,12,-7.3,0.0,-4.0,16,33.4,2009-12-16,0.0,-0.4,281
350,0.0,20091217,4.1,2009,7.6,12,-5.9,0.0,-3.2,17,45.4,2009-12-17,0.0,0.4,281
351,0.0,20091218,4.5,2009,7.6,12,-7.9,0.0,-5.0,18,46.0,2009-12-18,0.0,-0.4,281
352,0.0,20091219,5.2,2009,7.6,12,-6.6,0.0,-3.4,19,49.8,2009-12-19,0.0,0.4,281
353,0.0,20091220,4.3,2009,3.2,12,-3.9,0.0,-1.6,20,57.5,2009-12-20,0.0,1.4,281
354,0.0,20091221,2.7,2009,7.5,12,-9.2,0.0,-2.7,21,33.8,2009-12-21,0.0,2.8,281
355,0.0,20091222,1.5,2009,7.5,12,-8.3,0.0,-0.4,22,58.0,2009-12-22,0.0,8.4,281
356,0.0,20091223,1.3,2009,5.1,12,-5.5,0.0,1.9,23,70.5,2009-12-23,0.0,11.0,281
357,0.0,20091224,0.3,2009,3.0,12,-5.4,0.0,1.7,24,76.8,2009-12-24,0.0,11.2,281
358,0.0,20091225,2.1,2009,0.2,12,-2.5,0.0,2.7,25,73.9,2009-12-25,0.0,8.9,281
359,0.0,20091226,4.4,2009,7.5,12,-6.5,0.0,-2.1,26,36.1,2009-12-26,0.0,2.1,281
360,0.0,20091227,2.2,2009,6.3,12,-10.7,0.0,-3.7,27,50.5,2009-12-27,0.0,4.2,281
361,0.0,20091228,3.5,2009,7.2,12,-9.0,0.0,-3.9,28,41.0,2009-12-28,0.0,1.1,281
362,0.0,20091229,0.9,2009,7.6,12,-13.6,0.0,-5.1,29,58.4,2009-12-29,0.0,3.8,281
363,0.0,20091230,3.5,2009,5.3,12,-5.2,0.0,-0.4,30,51.4,2009-12-30,0.0,6.3,281
364,0.0,20091231,5.0,2009,7.6,12,-8.2,0.0,-5.9,31,33.9,2009-12-31,0.0,-2.3,281
