,day,Date,rainfall,cloud,month,tmin,humid,tavg,date,tmax,station_id,sunshine,wind,snow,year
0,1,2007-01-01,0.0,0.0,1,-5.5,54.1,2.3,20070101,10.6,281,1.8,0.7,0.0,2007
1,2,2007-01-02,0.0,0.0,1,-0.5,65.9,4.7,20070102,13.8,281,4.0,0.5,0.0,2007
2,3,2007-01-03,0.0,0.0,1,-0.2,77.1,4.9,20070103,8.8,281,0.2,1.8,0.0,2007
3,4,2007-01-04,0.0,0.0,1,-2.5,82.3,2.8,20070104,10.0,281,2.5,0.9,0.0,2007
4,5,2007-01-05,0.0,0.0,1,-1.7,76.0,3.7,20070105,10.8,281,2.1,0.4,0.0,2007
5,6,2007-01-06,0.0,0.0,1,-2.7,62.4,0.9,20070106,6.0,281,2.4,3.4,0.0,2007
6,7,2007-01-07,0.0,0.0,1,-3.7,54.9,-0.6,20070107,3.2,281,4.7,5.0,0.0,2007
7,8,2007-01-08,0.0,0.0,1,-2.4,47.1,0.3,20070108,4.5,281,5.6,3.5,0.0,2007
8,9,2007-01-09,0.0,0.0,1,-5.8,51.4,-0.6,20070109,6.3,281,5.8,1.9,0.0,2007
9,10,2007-01-10,0.0,0.0,1,-6.4,58.9,0.0,20070110,6.3,281,5.7,2.1,0.0,2007
10,11,2007-01-11,0.0,0.0,1,-9.0,59.6,-1.7,20070111,5.6,281,4.7,1.2,0.0,2007
11,12,2007-01-12,0.0,0.0,1,-6.8,46.4,-0.7,20070112,4.5,281,3.8,3.1,0.0,2007
12,13,2007-01-13,0.0,0.0,1,-5.3,48.3,-2.8,20070113,2.7,281,4.9,3.1,0.0,2007
13,14,2007-01-14,0.0,0.0,1,-7.9,37.5,-1.9,20070114,6.0,281,5.9,2.6,0.0,2007
14,15,2007-01-15,0.0,0.0,1,-9.3,48.6,-1.3,20070115,8.8,281,5.4,0.6,0.0,2007
15,16,2007-01-16,0.0,0.0,1,-2.5,40.9,3.0,20070116,7.6,281,0.2,0.9,0.0,2007
16,17,2007-01-17,0.0,0.0,1,-0.6,51.1,3.1,20070117,8.8,281,2.3,2.2,0.0,2007
17,18,2007-01-18,0.0,0.0,1,-5.8,46.9,2.2,20070118,8.8,281,4.9,2.6,0.0,2007
18,19,2007-01-19,0.0,0.0,1,-10.8,53.5,-2.1,20070119,8.1,281,5.8,0.7,0.0,2007
19,20,2007-01-20,0.0,0.0,1,-4.6,58.8,2.0,20070120,7.3,281,0.7,0.3,0.0,2007
20,21,2007-01-21,0.0,0.0,1,-3.0,81.5,2.3,20070121,10.8,281,2.8,0.5,0.0,2007
21,22,2007-01-22,0.0,0.0,1,-6.4,65.6,1.2,20070122,9.1,281,6.1,1.3,0.0,2007
22,23,2007-01-23,0.0,0.0,1,-7.0,62.1,0.3,20070123,9.8,281,3.0,0.6,0.0,2007
23,24,2007-01-24,0.0,0.0,1,-4.9,56.8,1.0,20070124,10.6,281,5.4,0.9,0.0,2007
24,25,2007-01-25,0.0,0.0,1,-8.1,58.3,-0.2,20070125,9.3,281,6.8,1.4,0.0,2007
25,26,2007-01-26,0.5,0.0,1,-8.3,75.6,-0.5,20070126,6.5,281,2.0,1.6,0.0,2007
26,27,2007-01-27,0.0,0.0,1,-3.2,72.6,1.1,20070127,4.6,281,1.2,2.3,0.0,2007
27,28,2007-01-28,0.0,0.0,1,-7.3,68.5,-1.1,20070128,6.0,281,6.8,1.8,0.0,2007
28,29,2007-01-29,0.0,0.0,1,-8.0,68.1,-1.5,20070129,8.5,281,7.4,0.5,0.0,2007
29,30,2007-01-30,0.0,0.0,1,-9.1,65.1,-1.3,20070130,7.3,281,3.7,2.4,0.0,2007
30,31,2007-01-31,0.0,0.0,1,-3.9,46.5,-0.5,20070131,4.4,281,7.6,4.4,0.0,2007
31,1,2007-02-01,0.0,0.0,2,-6.0,48.0,-2.5,20070201,1.3,281,7.6,3.8,0.0,2007
32,2,2007-02-02,0.0,0.0,2,-7.5,42.6,-2.4,20070202,3.5,281,8.4,2.8,0.0,2007
33,3,2007-02-03,0.0,0.0,2,-6.4,50.9,2.3,20070203,9.0,281,8.6,3.1,0.0,2007
34,4,2007-02-04,0.0,0.0,2,-4.5,46.6,3.3,20070204,13.6,281,8.6,1.1,0.0,2007
35,5,2007-02-05,0.0,0.0,2,-7.6,53.3,3.4,20070205,14.5,281,7.2,1.0,0.0,2007
36,6,2007-02-06,0.0,0.0,2,-3.7,64.5,5.5,20070206,16.2,281,6.7,0.6,0.0,2007
37,7,2007-02-07,0.0,0.0,2,-2.0,79.6,6.2,20070207,16.2,281,6.7,1.3,0.0,2007
38,8,2007-02-08,16.0,0.0,2,5.5,95.6,7.6,20070208,9.6,281,0.0,0.5,0.0,2007
39,9,2007-02-09,0.5,0.0,2,4.5,82.0,7.0,20070209,9.6,281,1.2,2.2,0.0,2007
40,10,2007-02-10,0.0,0.0,2,0.6,63.5,4.4,20070210,8.8,281,4.0,3.4,0.0,2007
41,11,2007-02-11,0.0,0.0,2,-1.1,46.6,3.2,20070211,9.5,281,9.4,2.8,0.0,2007
42,12,2007-02-12,0.0,0.0,2,-4.8,57.8,1.7,20070212,10.1,281,8.5,1.2,0.0,2007
43,13,2007-02-13,17.0,0.0,2,-5.8,74.0,4.1,20070213,12.6,281,3.9,0.6,0.0,2007
44,14,2007-02-14,6.0,0.0,2,-1.7,57.6,3.9,20070214,8.8,281,6.5,5.1,0.0,2007
45,15,2007-02-15,0.0,0.0,2,-3.2,35.1,1.4,20070215,6.9,281,9.8,4.3,0.0,2007
46,16,2007-02-16,0.0,0.0,2,-7.0,60.3,2.0,20070216,11.0,281,9.5,1.2,0.0,2007
47,17,2007-02-17,4.0,0.0,2,-0.8,90.8,4.3,20070217,6.8,281,0.0,0.5,0.0,2007
48,18,2007-02-18,0.0,0.0,2,0.8,83.9,4.9,20070218,13.5,281,5.0,1.1,0.0,2007
49,19,2007-02-19,0.0,0.0,2,0.3,74.3,5.7,20070219,14.6,281,9.1,0.8,0.0,2007
50,20,2007-02-20,0.0,0.0,2,-2.7,69.9,5.3,20070220,15.3,281,8.0,0.6,0.0,2007
51,21,2007-02-21,0.0,0.0,2,-3.7,65.0,4.6,20070221,17.0,281,8.9,0.6,0.0,2007
52,22,2007-02-22,0.0,0.0,2,-4.3,63.6,4.4,20070222,15.1,281,5.5,0.6,0.0,2007
53,23,2007-02-23,0.0,0.0,2,-1.6,61.4,5.3,20070223,13.6,281,9.5,1.5,0.0,2007
54,24,2007-02-24,0.0,0.0,2,-4.8,79.8,1.3,20070224,8.8,281,1.9,1.2,0.0,2007
55,25,2007-02-25,0.0,0.0,2,0.2,75.3,4.1,20070225,10.3,281,4.6,1.5,0.0,2007
56,26,2007-02-26,0.0,0.0,2,-3.0,74.0,4.0,20070226,13.5,281,7.9,0.7,0.0,2007
57,27,2007-02-27,0.0,0.0,2,-4.0,65.3,6.2,20070227,16.3,281,8.5,1.4,0.0,2007
58,28,2007-02-28,0.0,0.0,2,-1.7,57.1,5.6,20070228,11.8,281,9.9,2.3,0.0,2007
59,1,2007-03-01,0.0,0.0,3,-5.3,70.6,5.4,20070301,15.3,281,7.4,1.1,0.0,2007
60,2,2007-03-02,3.0,0.0,3,3.5,83.1,8.0,20070302,12.0,281,0.3,0.5,0.0,2007
61,3,2007-03-03,0.0,0.0,3,8.3,87.8,11.4,20070303,17.0,281,3.2,1.6,0.0,2007
62,4,2007-03-04,25.5,0.0,3,9.5,91.8,12.0,20070304,15.1,281,0.0,2.5,0.0,2007
63,5,2007-03-05,0.5,0.0,3,-2.9,61.4,3.6,20070305,14.6,281,6.8,5.6,0.0,2007
64,6,2007-03-06,0.0,0.0,3,-6.1,41.3,-2.3,20070306,3.0,281,10.3,4.7,0.0,2007
65,7,2007-03-07,0.0,0.0,3,-5.1,42.9,-0.7,20070307,4.5,281,10.5,3.7,0.0,2007
66,8,2007-03-08,0.0,0.0,3,-2.2,48.1,2.5,20070308,8.5,281,10.1,3.1,0.0,2007
67,9,2007-03-09,0.0,0.0,3,-2.2,54.1,3.8,20070309,11.8,281,9.1,2.1,0.0,2007
68,10,2007-03-10,0.0,0.0,3,-2.0,53.0,4.3,20070310,15.1,281,7.8,3.0,0.0,2007
69,11,2007-03-11,0.0,0.0,3,-4.0,35.8,1.3,20070311,7.4,281,9.4,4.7,0.0,2007
70,12,2007-03-12,0.0,0.0,3,-0.2,32.6,5.1,20070312,11.1,281,9.5,3.6,0.0,2007
71,13,2007-03-13,0.0,0.0,3,-2.2,37.8,4.9,20070313,12.8,281,7.4,2.4,0.0,2007
72,14,2007-03-14,0.0,0.0,3,-3.4,50.4,5.2,20070314,14.3,281,7.5,1.0,0.0,2007
73,15,2007-03-15,0.0,0.0,3,2.0,70.0,7.1,20070315,14.0,281,3.4,0.9,0.0,2007
74,16,2007-03-16,0.0,0.0,3,3.2,64.5,7.3,20070316,11.1,281,5.2,2.3,0.0,2007
75,17,2007-03-17,1.0,0.0,3,0.2,82.5,3.9,20070317,7.0,281,1.3,1.7,0.0,2007
76,18,2007-03-18,0.0,0.0,3,-3.5,67.8,4.5,20070318,13.0,281,7.3,0.9,0.0,2007
77,19,2007-03-19,0.0,0.0,3,-1.2,74.3,4.0,20070319,11.1,281,3.6,1.8,0.0,2007
78,20,2007-03-20,0.0,0.0,3,1.3,60.3,6.5,20070320,12.1,281,6.4,0.7,0.0,2007
79,21,2007-03-21,0.0,0.0,3,-2.2,63.3,7.0,20070321,15.5,281,8.1,0.9,0.0,2007
80,22,2007-03-22,0.0,0.0,3,-1.3,61.0,8.1,20070322,17.8,281,9.5,1.2,0.0,2007
81,23,2007-03-23,0.0,0.0,3,-0.8,44.6,12.2,20070323,22.2,281,9.3,1.2,0.0,2007
82,24,2007-03-24,5.5,0.0,3,8.1,85.3,12.3,20070324,17.2,281,1.4,1.8,0.0,2007
83,25,2007-03-25,0.0,0.0,3,8.3,44.0,13.2,20070325,19.6,281,10.5,3.5,0.0,2007
84,26,2007-03-26,0.5,0.0,3,5.1,47.5,11.6,20070326,21.2,281,8.2,1.8,0.0,2007
85,27,2007-03-27,1.0,0.0,3,5.9,63.9,12.4,20070327,20.2,281,5.3,1.8,0.0,2007
86,28,2007-03-28,3.0,0.0,3,2.0,61.5,12.5,20070328,22.3,281,9.2,1.7,0.0,2007
87,29,2007-03-29,20.5,0.0,3,6.3,86.0,9.2,20070329,13.1,281,0.3,2.9,0.0,2007
88,30,2007-03-30,0.0,0.0,3,6.0,73.8,10.5,20070330,17.2,281,7.2,0.9,0.0,2007
89,31,2007-03-31,11.5,0.0,3,8.5,81.9,10.7,20070331,15.3,281,2.0,2.2,0.0,2007
90,1,2007-04-01,0.0,0.0,4,6.6,51.8,11.0,20070401,15.1,281,2.1,2.3,0.0,2007
91,2,2007-04-02,0.0,0.0,4,3.9,41.6,9.1,20070402,14.1,281,10.7,3.6,0.0,2007
92,3,2007-04-03,0.0,0.0,4,-0.1,40.6,6.6,20070403,12.3,281,10.7,3.4,0.0,2007
93,4,2007-04-04,0.5,0.0,4,0.3,51.6,6.2,20070404,13.3,281,9.6,2.6,0.0,2007
94,5,2007-04-05,0.0,0.0,4,-2.7,58.5,7.7,20070405,17.2,281,10.1,0.9,0.0,2007
95,6,2007-04-06,0.0,0.0,4,0.5,51.8,11.5,20070406,20.2,281,9.2,1.2,0.0,2007
96,7,2007-04-07,0.0,0.0,4,5.0,41.5,12.2,20070407,19.3,281,10.6,2.4,0.0,2007
97,8,2007-04-08,0.0,0.0,4,0.6,56.1,9.2,20070408,17.3,281,7.7,1.2,0.0,2007
98,9,2007-04-09,0.0,0.0,4,-0.4,52.4,9.7,20070409,19.7,281,11.2,1.1,0.0,2007
99,10,2007-04-10,0.0,0.0,4,-0.5,54.9,11.1,20070410,21.3,281,9.9,1.1,0.0,2007
100,11,2007-04-11,0.0,0.0,4,6.3,70.1,12.0,20070411,19.0,281,8.3,1.7,0.0,2007
101,12,2007-04-12,0.0,0.0,4,5.0,58.9,13.8,20070412,22.2,281,6.8,1.1,0.0,2007
102,13,2007-04-13,13.5,0.0,4,7.4,71.1,13.0,20070413,22.6,281,7.4,3.0,0.0,2007
103,14,2007-04-14,0.0,0.0,4,3.5,51.6,13.1,20070414,22.0,281,11.0,1.4,0.0,2007
104,15,2007-04-15,3.5,0.0,4,4.1,69.5,10.3,20070415,19.0,281,6.9,2.3,0.0,2007
105,16,2007-04-16,12.0,0.0,4,2.2,84.8,6.8,20070416,9.1,281,0.0,1.6,0.0,2007
106,17,2007-04-17,0.0,0.0,4,1.2,77.4,7.9,20070417,15.1,281,7.4,1.7,0.0,2007
107,18,2007-04-18,0.0,0.0,4,4.5,74.8,9.4,20070418,16.1,281,8.7,1.4,0.0,2007
108,19,2007-04-19,0.0,0.0,4,1.1,56.4,12.4,20070419,21.5,281,10.4,1.4,0.0,2007
109,20,2007-04-20,0.0,0.0,4,5.1,62.8,15.3,20070420,20.7,281,6.4,3.0,0.0,2007
110,21,2007-04-21,0.0,0.0,4,14.0,68.3,19.6,20070421,24.6,281,7.5,2.4,0.0,2007
111,22,2007-04-22,0.0,0.0,4,9.3,68.9,15.8,20070422,21.3,281,1.3,2.1,0.0,2007
112,23,2007-04-23,0.0,0.0,4,4.9,54.1,11.4,20070423,18.6,281,10.7,2.3,0.0,2007
113,24,2007-04-24,0.0,0.0,4,4.5,56.0,12.6,20070424,19.7,281,7.8,1.1,0.0,2007
114,25,2007-04-25,0.0,0.0,4,8.8,41.5,15.2,20070425,22.3,281,10.8,2.9,0.0,2007
115,26,2007-04-26,0.0,0.0,4,4.0,55.5,13.9,20070426,25.1,281,11.2,2.4,0.0,2007
116,27,2007-04-27,0.0,0.0,4,5.4,57.5,14.9,20070427,23.7,281,7.4,1.4,0.0,2007
117,28,2007-04-28,0.0,0.0,4,5.8,25.3,17.1,20070428,25.2,281,11.6,2.5,0.0,2007
118,29,2007-04-29,0.0,0.0,4,12.3,19.0,19.9,20070429,27.2,281,11.4,3.2,0.0,2007
119,30,2007-04-30,3.5,0.0,4,10.8,35.8,16.8,20070430,22.6,281,2.3,1.4,0.0,2007
120,1,2007-05-01,20.0,0.0,5,11.3,89.8,14.0,20070501,17.1,281,0.7,1.3,0.0,2007
121,2,2007-05-02,0.0,0.0,5,10.6,56.1,17.3,20070502,25.2,281,10.8,2.4,0.0,2007
122,3,2007-05-03,0.0,0.0,5,6.9,57.0,16.7,20070503,25.6,281,9.4,1.6,0.0,2007
123,4,2007-05-04,0.0,0.0,5,8.1,63.9,19.0,20070504,27.7,281,9.4,1.6,0.0,2007
124,5,2007-05-05,0.0,0.0,5,10.1,71.3,17.0,20070505,24.7,281,10.3,2.5,0.0,2007
125,6,2007-05-06,0.0,0.0,5,10.8,76.0,14.8,20070506,18.2,281,3.8,1.9,0.0,2007
126,7,2007-05-07,0.0,0.0,5,7.0,46.9,19.6,20070507,29.7,281,11.2,2.1,0.0,2007
127,8,2007-05-08,0.0,0.0,5,10.6,35.8,22.2,20070508,32.9,281,9.3,1.9,0.0,2007
128,9,2007-05-09,13.0,0.0,5,8.8,65.3,15.1,20070509,24.8,281,8.6,2.4,0.0,2007
129,10,2007-05-10,0.0,0.0,5,9.1,65.9,15.5,20070510,24.1,281,11.1,2.0,0.0,2007
130,11,2007-05-11,0.0,0.0,5,6.5,55.6,17.4,20070511,26.7,281,11.2,0.9,0.0,2007
131,12,2007-05-12,7.0,0.0,5,13.3,77.3,14.7,20070512,16.5,281,0.0,1.2,0.0,2007
132,13,2007-05-13,0.0,0.0,5,11.3,43.3,18.1,20070513,26.0,281,11.9,2.5,0.0,2007
133,14,2007-05-14,0.0,0.0,5,8.6,45.9,19.0,20070514,28.2,281,10.0,1.8,0.0,2007
134,15,2007-05-15,0.0,0.0,5,10.1,63.0,17.8,20070515,26.7,281,10.2,1.2,0.0,2007
135,16,2007-05-16,11.5,0.0,5,10.8,85.1,15.1,20070516,21.0,281,0.1,1.2,0.0,2007
136,17,2007-05-17,0.0,0.0,5,13.5,55.4,18.7,20070517,25.8,281,9.5,3.7,0.0,2007
137,18,2007-05-18,0.0,0.0,5,11.3,56.0,18.0,20070518,26.2,281,10.6,2.3,0.0,2007
138,19,2007-05-19,1.5,0.0,5,11.6,71.9,15.9,20070519,22.0,281,6.8,1.8,0.0,2007
139,20,2007-05-20,0.0,0.0,5,12.5,71.8,17.1,20070520,23.5,281,10.1,1.6,0.0,2007
140,21,2007-05-21,0.0,0.0,5,9.1,60.5,16.7,20070521,24.8,281,9.8,1.3,0.0,2007
141,22,2007-05-22,0.0,0.0,5,5.9,52.4,18.7,20070522,29.7,281,12.1,1.0,0.0,2007
142,23,2007-05-23,0.0,0.0,5,10.0,57.3,20.5,20070523,27.5,281,10.3,1.3,0.0,2007
143,24,2007-05-24,13.5,0.0,5,14.5,70.8,20.6,20070524,27.1,281,7.7,1.5,0.0,2007
144,25,2007-05-25,6.5,0.0,5,16.7,57.8,22.0,20070525,28.7,281,10.0,2.8,0.0,2007
145,26,2007-05-26,0.0,0.0,5,16.8,38.8,23.4,20070526,31.7,281,9.7,2.5,0.0,2007
146,27,2007-05-27,0.0,0.0,5,14.8,58.9,19.0,20070527,28.2,281,8.6,2.8,0.0,2007
147,28,2007-05-28,0.0,0.0,5,13.1,69.8,15.7,20070528,19.6,281,9.0,3.1,0.0,2007
148,29,2007-05-29,2.5,0.0,5,10.3,76.1,18.3,20070529,28.2,281,7.6,1.0,0.0,2007
149,30,2007-05-30,1.0,0.0,5,14.1,75.6,17.6,20070530,24.7,281,9.6,2.2,0.0,2007
150,31,2007-05-31,0.0,0.0,5,12.8,76.9,16.9,20070531,22.8,281,9.9,2.0,0.0,2007
151,1,2007-06-01,0.0,0.0,6,11.6,77.9,16.3,20070601,21.2,281,5.4,1.8,0.0,2007
152,2,2007-06-02,0.0,0.0,6,11.8,77.4,16.6,20070602,19.7,281,3.4,1.8,0.0,2007
153,3,2007-06-03,0.0,0.0,6,14.6,73.3,19.0,20070603,24.5,281,10.1,2.2,0.0,2007
154,4,2007-06-04,0.0,0.0,6,12.6,66.4,21.6,20070604,28.7,281,8.3,1.0,0.0,2007
155,5,2007-06-05,0.0,0.0,6,19.3,59.9,24.4,20070605,30.7,281,9.4,2.4,0.0,2007
156,6,2007-06-06,0.0,0.0,6,18.8,54.5,24.6,20070606,30.7,281,10.3,2.3,0.0,2007
157,7,2007-06-07,0.0,0.0,6,18.6,48.5,24.1,20070607,29.5,281,8.7,2.2,0.0,2007
158,8,2007-06-08,9.5,0.0,6,15.6,69.5,20.6,20070608,27.7,281,9.1,2.8,0.0,2007
159,9,2007-06-09,7.5,0.0,6,14.1,75.6,17.6,20070609,21.3,281,6.1,1.3,0.0,2007
160,10,2007-06-10,0.0,0.0,6,13.3,75.6,18.5,20070610,24.7,281,9.4,1.6,0.0,2007
161,11,2007-06-11,0.0,0.0,6,11.8,67.1,21.6,20070611,31.2,281,9.9,1.0,0.0,2007
162,12,2007-06-12,0.0,0.0,6,16.1,58.0,24.0,20070612,32.2,281,10.6,1.2,0.0,2007
163,13,2007-06-13,0.0,0.0,6,15.3,73.6,21.5,20070613,26.2,281,3.2,1.0,0.0,2007
164,14,2007-06-14,9.5,0.0,6,17.6,81.0,19.6,20070614,22.8,281,1.5,1.1,0.0,2007
165,15,2007-06-15,0.0,0.0,6,15.1,72.0,19.3,20070615,23.6,281,6.5,1.8,0.0,2007
166,16,2007-06-16,0.0,0.0,6,10.3,50.9,19.5,20070616,26.5,281,12.1,2.7,0.0,2007
167,17,2007-06-17,2.5,0.0,6,14.6,72.1,18.6,20070617,23.0,281,3.3,1.6,0.0,2007
168,18,2007-06-18,0.0,0.0,6,13.0,67.8,20.7,20070618,30.7,281,12.3,1.6,0.0,2007
169,19,2007-06-19,0.0,0.0,6,11.8,78.6,19.6,20070619,26.3,281,12.3,2.0,0.0,2007
170,20,2007-06-20,0.0,0.0,6,16.7,65.9,24.7,20070620,32.5,281,8.6,1.2,0.0,2007
171,21,2007-06-21,24.5,0.0,6,19.8,76.3,24.2,20070621,30.0,281,4.3,1.2,0.0,2007
172,22,2007-06-22,14.5,0.0,6,17.2,90.3,20.4,20070622,23.7,281,1.9,0.6,0.0,2007
173,23,2007-06-23,10.0,0.0,6,15.8,84.6,20.1,20070623,27.5,281,4.5,0.7,0.0,2007
174,24,2007-06-24,28.0,0.0,6,16.7,92.4,20.4,20070624,22.5,281,0.2,0.6,0.0,2007
175,25,2007-06-25,0.0,0.0,6,19.5,79.8,22.6,20070625,28.1,281,5.5,1.7,0.0,2007
176,26,2007-06-26,0.0,0.0,6,20.0,78.5,23.2,20070626,28.7,281,8.7,1.3,0.0,2007
177,27,2007-06-27,0.0,0.0,6,18.6,71.8,26.2,20070627,33.0,281,8.6,0.7,0.0,2007
178,28,2007-06-28,7.0,0.0,6,22.3,76.8,26.5,20070628,31.0,281,7.2,1.2,0.0,2007
179,29,2007-06-29,7.0,0.0,6,22.3,72.3,26.6,20070629,31.3,281,7.2,2.1,0.0,2007
180,30,2007-06-30,0.0,0.0,6,20.6,78.4,23.0,20070630,26.7,281,8.0,2.4,0.0,2007
181,1,2007-07-01,38.0,0.0,7,18.7,92.8,19.9,20070701,21.1,281,0.2,1.9,0.0,2007
182,2,2007-07-02,3.5,0.0,7,19.7,88.5,22.6,20070702,26.8,281,3.4,1.3,0.0,2007
183,3,2007-07-03,0.0,0.0,7,21.0,84.1,24.1,20070703,28.7,281,6.9,1.4,0.0,2007
184,4,2007-07-04,18.0,0.0,7,19.2,92.0,21.8,20070704,24.6,281,0.8,1.0,0.0,2007
185,5,2007-07-05,0.0,0.0,7,18.7,79.8,23.6,20070705,29.6,281,7.0,1.2,0.0,2007
186,6,2007-07-06,0.0,0.0,7,18.2,79.0,23.0,20070706,28.1,281,10.6,2.1,0.0,2007
187,7,2007-07-07,0.0,0.0,7,20.0,75.8,23.2,20070707,27.6,281,9.5,1.4,0.0,2007
188,8,2007-07-08,0.0,0.0,7,19.6,81.9,22.3,20070708,26.7,281,6.5,1.6,0.0,2007
189,9,2007-07-09,24.0,0.0,7,18.0,87.0,20.5,20070709,24.0,281,1.3,1.7,0.0,2007
190,10,2007-07-10,34.5,0.0,7,18.7,95.8,21.3,20070710,22.8,281,0.0,0.9,0.0,2007
191,11,2007-07-11,0.0,0.0,7,19.1,83.3,20.6,20070711,24.1,281,4.4,2.3,0.0,2007
192,12,2007-07-12,0.0,0.0,7,19.2,76.8,24.1,20070712,31.3,281,8.0,1.4,0.0,2007
193,13,2007-07-13,3.5,0.0,7,19.2,88.6,21.0,20070713,24.0,281,1.0,2.5,0.0,2007
194,14,2007-07-14,3.0,0.0,7,18.3,74.8,21.3,20070714,24.2,281,4.7,3.3,0.0,2007
195,15,2007-07-15,0.0,0.0,7,16.2,72.0,21.5,20070715,29.5,281,10.5,2.0,0.0,2007
196,16,2007-07-16,3.5,0.0,7,17.2,90.8,20.0,20070716,23.2,281,0.7,1.6,0.0,2007
197,17,2007-07-17,0.0,0.0,7,19.3,83.6,22.4,20070717,26.3,281,1.6,1.1,0.0,2007
198,18,2007-07-18,0.0,0.0,7,17.3,74.0,25.0,20070718,32.7,281,10.4,0.8,0.0,2007
199,19,2007-07-19,3.5,0.0,7,19.8,89.6,24.5,20070719,27.8,281,0.0,0.8,0.0,2007
200,20,2007-07-20,35.5,0.0,7,19.5,90.3,22.6,20070720,25.3,281,2.3,1.4,0.0,2007
201,21,2007-07-21,0.5,0.0,7,19.5,91.4,22.0,20070721,24.7,281,0.3,0.2,0.0,2007
202,22,2007-07-22,3.5,0.0,7,19.8,87.5,23.3,20070722,29.0,281,4.4,0.9,0.0,2007
203,23,2007-07-23,4.5,0.0,7,19.2,82.1,25.3,20070723,31.1,281,8.0,0.6,0.0,2007
204,24,2007-07-24,0.5,0.0,7,23.2,84.9,26.0,20070724,30.1,281,4.4,0.4,0.0,2007
205,25,2007-07-25,0.0,0.0,7,22.7,75.6,27.7,20070725,33.9,281,9.6,1.4,0.0,2007
206,26,2007-07-26,0.0,0.0,7,22.8,72.0,28.4,20070726,34.4,281,11.1,1.7,0.0,2007
207,27,2007-07-27,0.0,0.0,7,22.7,71.0,29.1,20070727,35.5,281,11.3,1.5,0.0,2007
208,28,2007-07-28,0.0,0.0,7,24.8,67.8,29.1,20070728,33.7,281,9.9,2.4,0.0,2007
209,29,2007-07-29,9.0,0.0,7,20.7,81.3,25.5,20070729,34.2,281,6.7,1.5,0.0,2007
210,30,2007-07-30,0.0,0.0,7,19.7,80.1,23.6,20070730,29.2,281,9.8,1.4,0.0,2007
211,31,2007-07-31,0.0,0.0,7,19.8,73.1,26.1,20070731,33.0,281,10.2,0.9,0.0,2007
212,1,2007-08-01,0.0,0.0,8,21.2,70.1,28.1,20070801,34.4,281,9.7,1.3,0.0,2007
213,2,2007-08-02,0.0,0.0,8,22.8,68.9,28.5,20070802,35.2,281,8.5,1.0,0.0,2007
214,3,2007-08-03,28.5,0.0,8,22.8,74.8,27.2,20070803,35.0,281,5.9,1.5,0.0,2007
215,4,2007-08-04,0.0,0.0,8,22.6,74.9,27.7,20070804,34.0,281,8.9,1.4,0.0,2007
216,5,2007-08-05,0.5,0.0,8,23.7,78.8,26.3,20070805,29.3,281,2.2,0.7,0.0,2007
217,6,2007-08-06,3.5,0.0,8,22.1,87.5,25.1,20070806,28.6,281,1.9,0.4,0.0,2007
218,7,2007-08-07,42.5,0.0,8,22.0,93.0,24.8,20070807,28.3,281,2.8,0.4,0.0,2007
219,8,2007-08-08,52.0,0.0,8,21.3,99.0,23.9,20070808,25.6,281,0.1,0.6,0.0,2007
220,9,2007-08-09,0.0,0.0,8,23.6,83.1,27.2,20070809,31.7,281,5.2,0.8,0.0,2007
221,10,2007-08-10,0.0,0.0,8,23.0,76.6,27.8,20070810,33.5,281,9.0,1.0,0.0,2007
222,11,2007-08-11,0.0,0.0,8,21.1,73.5,27.3,20070811,33.9,281,10.5,1.5,0.0,2007
223,12,2007-08-12,0.0,0.0,8,24.2,83.1,25.9,20070812,28.7,281,2.8,2.6,0.0,2007
224,13,2007-08-13,7.5,0.0,8,24.0,86.8,26.3,20070813,31.1,281,5.9,1.5,0.0,2007
225,14,2007-08-14,2.0,0.0,8,25.1,84.8,27.0,20070814,30.3,281,2.1,1.4,0.0,2007
226,15,2007-08-15,0.5,0.0,8,23.2,80.4,27.2,20070815,33.5,281,7.7,0.7,0.0,2007
227,16,2007-08-16,0.0,0.0,8,21.2,77.4,27.9,20070816,35.2,281,10.4,0.7,0.0,2007
228,17,2007-08-17,0.0,0.0,8,22.3,72.3,28.5,20070817,36.5,281,11.3,1.1,0.0,2007
229,18,2007-08-18,0.0,0.0,8,22.2,73.5,28.7,20070818,35.5,281,10.5,0.7,0.0,2007
230,19,2007-08-19,0.0,0.0,8,22.7,76.0,28.2,20070819,34.7,281,7.4,0.8,0.0,2007
231,20,2007-08-20,0.0,0.0,8,23.0,70.8,28.4,20070820,34.4,281,10.7,0.9,0.0,2007
232,21,2007-08-21,0.0,0.0,8,24.6,68.4,29.3,20070821,35.5,281,10.0,2.0,0.0,2007
233,22,2007-08-22,28.0,0.0,8,23.7,84.8,26.5,20070822,31.3,281,5.4,1.0,0.0,2007
234,23,2007-08-23,0.0,0.0,8,22.8,78.1,26.4,20070823,32.7,281,10.2,1.2,0.0,2007
235,24,2007-08-24,0.0,0.0,8,21.7,77.4,27.3,20070824,34.5,281,8.9,0.7,0.0,2007
236,25,2007-08-25,0.0,0.0,8,22.6,71.1,28.7,20070825,35.7,281,10.1,0.9,0.0,2007
237,26,2007-08-26,0.5,0.0,8,22.2,75.8,28.1,20070826,35.2,281,7.6,0.7,0.0,2007
238,27,2007-08-27,3.0,0.0,8,23.5,84.5,26.8,20070827,33.0,281,6.1,1.1,0.0,2007
239,28,2007-08-28,44.5,0.0,8,21.1,89.8,24.4,20070828,30.8,281,4.7,1.5,0.0,2007
240,29,2007-08-29,24.5,0.0,8,17.8,97.5,20.7,20070829,22.8,281,0.0,1.7,0.0,2007
241,30,2007-08-30,20.0,0.0,8,18.1,90.6,20.3,20070830,23.3,281,0.0,1.3,0.0,2007
242,31,2007-08-31,1.0,0.0,8,18.2,85.6,21.5,20070831,26.2,281,5.8,0.9,0.0,2007
243,1,2007-09-01,90.0,0.0,9,17.6,97.8,18.7,20070901,20.2,281,0.0,1.4,0.0,2007
244,2,2007-09-02,5.0,0.0,9,18.1,97.5,20.0,20070902,22.2,281,0.0,0.4,0.0,2007
245,3,2007-09-03,0.0,0.0,9,18.6,86.5,21.2,20070903,25.5,281,6.0,1.1,0.0,2007
246,4,2007-09-04,28.5,0.0,9,17.5,92.8,19.5,20070904,23.2,281,0.5,0.8,0.0,2007
247,5,2007-09-05,10.0,0.0,9,17.7,90.9,20.0,20070905,21.7,281,0.4,2.0,0.0,2007
248,6,2007-09-06,19.5,0.0,9,18.0,88.1,20.0,20070906,22.7,281,1.0,1.4,0.0,2007
249,7,2007-09-07,12.5,0.0,9,17.7,85.5,21.5,20070907,26.2,281,5.7,0.9,0.0,2007
250,8,2007-09-08,1.0,0.0,9,17.8,79.5,21.6,20070908,27.8,281,8.0,1.3,0.0,2007
251,9,2007-09-09,0.0,0.0,9,16.7,73.6,21.7,20070909,28.0,281,8.5,1.1,0.0,2007
252,10,2007-09-10,0.0,0.0,9,13.6,76.3,21.6,20070910,30.7,281,9.8,0.8,0.0,2007
253,11,2007-09-11,0.0,0.0,9,15.5,73.4,21.9,20070911,29.2,281,8.3,0.8,0.0,2007
254,12,2007-09-12,0.0,0.0,9,15.3,80.3,21.3,20070912,28.5,281,9.6,0.7,0.0,2007
255,13,2007-09-13,0.0,0.0,9,15.1,83.3,20.6,20070913,27.7,281,6.2,1.2,0.0,2007
256,14,2007-09-14,31.0,0.0,9,17.2,96.0,19.7,20070914,22.6,281,0.1,1.4,0.0,2007
257,15,2007-09-15,24.0,0.0,9,19.5,98.8,20.9,20070915,22.2,281,0.0,1.2,0.0,2007
258,16,2007-09-16,44.0,0.0,9,18.8,91.0,21.0,20070916,23.7,281,0.4,1.9,0.0,2007
259,17,2007-09-17,7.0,0.0,9,20.0,85.4,21.8,20070917,24.5,281,1.1,1.7,0.0,2007
260,18,2007-09-18,0.0,0.0,9,19.7,86.5,21.7,20070918,23.2,281,0.4,1.5,0.0,2007
261,19,2007-09-19,0.0,0.0,9,21.7,81.0,26.0,20070919,32.5,281,8.1,1.3,0.0,2007
262,20,2007-09-20,0.0,0.0,9,21.5,70.8,27.3,20070920,32.4,281,7.7,1.2,0.0,2007
263,21,2007-09-21,0.0,0.0,9,23.0,73.5,27.4,20070921,32.4,281,8.3,1.2,0.0,2007
264,22,2007-09-22,0.5,0.0,9,19.1,76.1,22.7,20070922,25.8,281,3.5,2.1,0.0,2007
265,23,2007-09-23,0.5,0.0,9,18.2,74.0,20.5,20070923,22.2,281,0.0,1.6,0.0,2007
266,24,2007-09-24,18.5,0.0,9,17.2,90.6,19.1,20070924,21.7,281,1.1,0.4,0.0,2007
267,25,2007-09-25,0.0,0.0,9,16.3,84.3,20.0,20070925,26.3,281,9.0,1.4,0.0,2007
268,26,2007-09-26,0.0,0.0,9,14.6,81.8,19.9,20070926,26.3,281,7.4,0.7,0.0,2007
269,27,2007-09-27,0.0,0.0,9,15.6,71.8,23.1,20070927,30.2,281,9.6,1.3,0.0,2007
270,28,2007-09-28,1.5,0.0,9,18.0,85.6,20.5,20070928,23.2,281,0.6,0.8,0.0,2007
271,29,2007-09-29,0.0,0.0,9,16.6,79.6,19.0,20070929,23.0,281,2.1,1.3,0.0,2007
272,30,2007-09-30,0.5,0.0,9,15.6,84.8,17.8,20070930,21.2,281,0.9,0.4,0.0,2007
273,1,2007-10-01,0.0,0.0,10,15.6,78.5,19.3,20071001,24.5,281,4.9,0.4,0.0,2007
274,2,2007-10-02,0.0,0.0,10,15.8,79.9,19.3,20071002,25.7,281,5.1,0.8,0.0,2007
275,3,2007-10-03,0.0,0.0,10,17.0,83.4,20.4,20071003,25.5,281,3.1,0.4,0.0,2007
276,4,2007-10-04,0.0,0.0,10,16.6,90.4,19.5,20071004,23.2,281,1.0,0.6,0.0,2007
277,5,2007-10-05,0.0,0.0,10,13.3,77.4,18.1,20071005,24.7,281,9.3,1.7,0.0,2007
278,6,2007-10-06,0.0,0.0,10,11.1,77.3,17.3,20071006,24.7,281,9.9,1.6,0.0,2007
279,7,2007-10-07,1.5,0.0,10,10.6,88.9,18.4,20071007,27.3,281,4.9,0.8,0.0,2007
280,8,2007-10-08,2.0,0.0,10,14.5,74.6,18.0,20071008,22.2,281,3.3,1.1,0.0,2007
281,9,2007-10-09,0.0,0.0,10,9.3,72.6,15.7,20071009,22.7,281,8.3,1.4,0.0,2007
282,10,2007-10-10,0.0,0.0,10,10.6,81.1,15.3,20071010,21.8,281,5.3,1.2,0.0,2007
283,11,2007-10-11,0.0,0.0,10,10.6,69.1,15.8,20071011,21.7,281,3.3,1.0,0.0,2007
284,12,2007-10-12,0.0,0.0,10,12.5,73.0,16.2,20071012,22.6,281,3.5,0.5,0.0,2007
285,13,2007-10-13,0.0,0.0,10,11.0,77.5,16.4,20071013,22.6,281,5.5,0.6,0.0,2007
286,14,2007-10-14,0.5,0.0,10,11.3,82.9,16.6,20071014,22.2,281,5.4,1.1,0.0,2007
287,15,2007-10-15,0.0,0.0,10,8.8,86.5,13.0,20071015,19.7,281,7.5,1.2,0.0,2007
288,16,2007-10-16,0.0,0.0,10,7.5,82.8,13.1,20071016,21.3,281,6.6,0.8,0.0,2007
289,17,2007-10-17,0.0,0.0,10,7.0,79.4,12.5,20071017,21.2,281,8.1,0.9,0.0,2007
290,18,2007-10-18,0.0,0.0,10,4.9,81.0,13.2,20071018,20.1,281,5.5,0.8,0.0,2007
291,19,2007-10-19,0.0,0.0,10,6.5,66.6,13.0,20071019,19.7,281,5.1,2.5,0.0,2007
292,20,2007-10-20,0.0,0.0,10,4.0,47.6,8.4,20071020,12.1,281,9.7,4.0,0.0,2007
293,21,2007-10-21,0.0,0.0,10,5.0,55.6,11.3,20071021,19.2,281,9.2,2.5,0.0,2007
294,22,2007-10-22,0.0,0.0,10,5.4,69.1,12.8,20071022,21.5,281,7.3,1.5,0.0,2007
295,23,2007-10-23,0.0,0.0,10,4.4,82.0,12.2,20071023,21.7,281,7.9,0.8,0.0,2007
296,24,2007-10-24,0.0,0.0,10,6.4,84.9,13.2,20071024,23.3,281,5.5,0.7,0.0,2007
297,25,2007-10-25,4.5,0.0,10,9.0,91.3,14.3,20071025,19.0,281,0.7,0.3,0.0,2007
298,26,2007-10-26,20.0,0.0,10,9.3,97.9,14.0,20071026,16.7,281,0.0,0.5,0.0,2007
299,27,2007-10-27,0.0,0.0,10,6.0,80.6,11.6,20071027,20.1,281,9.0,1.1,0.0,2007
300,28,2007-10-28,0.0,0.0,10,2.5,79.0,11.9,20071028,20.2,281,5.7,0.6,0.0,2007
301,29,2007-10-29,0.0,0.0,10,6.8,65.1,11.8,20071029,16.5,281,5.7,2.9,0.0,2007
302,30,2007-10-30,0.0,0.0,10,2.9,75.5,9.7,20071030,18.2,281,5.6,0.7,0.0,2007
303,31,2007-10-31,0.0,0.0,10,1.5,67.9,10.3,20071031,19.6,281,4.6,0.9,0.0,2007
304,1,2007-11-01,0.0,0.0,11,5.3,49.3,10.5,20071101,14.5,281,6.2,2.8,0.0,2007
305,2,2007-11-02,0.0,0.0,11,0.5,63.3,7.4,20071102,15.3,281,8.9,1.8,0.0,2007
306,3,2007-11-03,0.0,0.0,11,-0.6,72.9,6.8,20071103,17.6,281,8.9,0.9,0.0,2007
307,4,2007-11-04,0.0,0.0,11,0.3,82.0,8.1,20071104,18.5,281,4.7,0.5,0.0,2007
308,5,2007-11-05,0.0,0.0,11,5.0,86.9,9.7,20071105,14.6,281,0.0,0.2,0.0,2007
309,6,2007-11-06,0.0,0.0,11,4.3,81.5,10.3,20071106,17.7,281,1.8,0.4,0.0,2007
310,7,2007-11-07,0.0,0.0,11,1.3,80.0,8.1,20071107,20.2,281,6.5,0.4,0.0,2007
311,8,2007-11-08,0.0,0.0,11,1.2,79.9,9.2,20071108,20.2,281,5.4,0.5,0.0,2007
312,9,2007-11-09,0.0,0.0,11,3.5,82.4,10.3,20071109,19.8,281,5.6,0.5,0.0,2007
313,10,2007-11-10,0.0,0.0,11,5.1,61.6,10.7,20071110,15.6,281,5.3,2.3,0.0,2007
314,11,2007-11-11,0.0,0.0,11,5.0,59.1,8.6,20071111,14.6,281,7.8,2.6,0.0,2007
315,12,2007-11-12,0.0,0.0,11,-1.2,68.9,5.6,20071112,15.5,281,7.8,1.1,0.0,2007
316,13,2007-11-13,0.0,0.0,11,-2.5,66.8,7.0,20071113,17.1,281,7.2,1.3,0.0,2007
317,14,2007-11-14,0.0,0.0,11,1.0,76.8,7.7,20071114,17.2,281,5.5,0.5,0.0,2007
318,15,2007-11-15,0.0,0.0,11,0.6,82.1,7.3,20071115,16.2,281,2.5,0.7,0.0,2007
319,16,2007-11-16,0.0,0.0,11,-2.2,53.6,6.3,20071116,13.6,281,6.4,1.7,0.0,2007
320,17,2007-11-17,0.0,0.0,11,-3.0,51.9,6.5,20071117,12.3,281,7.5,2.6,0.0,2007
321,18,2007-11-18,0.0,0.0,11,-3.0,26.0,2.3,20071118,8.8,281,5.6,4.1,0.0,2007
322,19,2007-11-19,0.0,0.0,11,-7.9,44.0,-1.2,20071119,7.1,281,6.2,1.3,0.0,2007
323,20,2007-11-20,0.0,0.0,11,-5.0,44.8,2.9,20071120,7.1,281,6.8,3.4,0.0,2007
324,21,2007-11-21,0.0,0.0,11,-6.8,50.3,2.2,20071121,10.3,281,4.7,2.0,0.0,2007
325,22,2007-11-22,0.0,0.0,11,-5.9,51.9,1.5,20071122,11.0,281,6.4,1.0,0.0,2007
326,23,2007-11-23,0.0,0.0,11,-4.9,70.9,1.9,20071123,13.5,281,2.8,0.3,0.0,2007
327,24,2007-11-24,0.0,0.0,11,-2.2,70.4,4.7,20071124,14.5,281,3.6,1.1,0.0,2007
328,25,2007-11-25,0.0,0.0,11,-5.3,68.0,3.5,20071125,15.6,281,5.0,0.7,0.0,2007
329,26,2007-11-26,0.0,0.0,11,-3.9,67.0,6.2,20071126,16.2,281,3.1,2.0,0.0,2007
330,27,2007-11-27,0.0,0.0,11,-1.3,40.5,4.2,20071127,9.6,281,0.9,2.1,0.0,2007
331,28,2007-11-28,0.0,0.0,11,-7.0,63.1,2.4,20071128,13.1,281,5.8,0.6,0.0,2007
332,29,2007-11-29,0.0,0.0,11,-2.0,71.8,6.3,20071129,15.3,281,1.7,0.9,0.0,2007
333,30,2007-11-30,0.0,0.0,11,-0.2,37.0,4.6,20071130,10.1,281,6.4,3.1,0.0,2007
334,1,2007-12-01,0.0,0.0,12,-1.6,48.8,3.9,20071201,10.0,281,5.8,2.5,0.0,2007
335,2,2007-12-02,8.5,0.0,12,-2.7,84.1,2.6,20071202,8.1,281,0.0,0.8,0.0,2007
336,3,2007-12-03,0.0,0.0,12,-0.4,59.4,3.4,20071203,8.1,281,5.3,3.3,0.0,2007
337,4,2007-12-04,0.0,0.0,12,-2.7,45.5,0.1,20071204,4.6,281,5.4,3.3,0.0,2007
338,5,2007-12-05,0.0,0.0,12,-3.7,41.5,0.0,20071205,4.9,281,5.9,3.3,0.0,2007
339,6,2007-12-06,0.0,0.0,12,-4.1,61.6,0.2,20071206,6.1,281,0.4,1.5,0.0,2007
340,7,2007-12-07,0.0,0.0,12,-4.5,68.9,2.1,20071207,7.6,281,3.3,2.1,0.0,2007
341,8,2007-12-08,0.0,0.0,12,-3.7,56.3,2.0,20071208,7.1,281,6.0,2.8,0.0,2007
342,9,2007-12-09,0.0,0.0,12,-6.3,60.6,0.6,20071209,8.8,281,5.6,1.5,0.0,2007
343,10,2007-12-10,0.0,0.0,12,-6.9,68.5,1.5,20071210,9.0,281,1.7,0.3,0.0,2007
344,11,2007-12-11,2.5,0.0,12,2.7,87.3,5.8,20071211,10.6,281,0.2,1.0,0.0,2007
345,12,2007-12-12,0.0,0.0,12,-1.2,81.6,3.6,20071212,7.5,281,0.0,0.8,0.0,2007
346,13,2007-12-13,0.0,0.0,12,0.2,59.0,3.3,20071213,6.9,281,1.2,3.5,0.0,2007
347,14,2007-12-14,0.0,0.0,12,-2.0,45.9,1.4,20071214,5.9,281,5.9,3.2,0.0,2007
348,15,2007-12-15,0.0,0.0,12,-7.1,66.9,0.1,20071215,7.5,281,3.8,2.2,0.0,2007
349,16,2007-12-16,0.0,0.0,12,-4.0,56.6,0.3,20071216,6.4,281,5.3,1.8,0.0,2007
350,17,2007-12-17,0.0,0.0,12,-3.2,58.5,2.9,20071217,8.8,281,3.5,2.0,0.0,2007
351,18,2007-12-18,0.0,0.0,12,-2.2,55.9,1.7,20071218,6.5,281,2.9,2.3,0.0,2007
352,19,2007-12-19,0.0,0.0,12,-6.0,61.3,0.3,20071219,6.9,281,4.1,2.0,0.0,2007
353,20,2007-12-20,0.0,0.0,12,-7.8,71.6,-0.1,20071220,10.5,281,3.5,0.6,0.0,2007
354,21,2007-12-21,0.0,0.0,12,-4.8,74.9,2.6,20071221,10.0,281,0.0,0.5,0.0,2007
355,22,2007-12-22,0.0,0.0,12,2.4,67.3,6.7,20071222,10.3,281,0.1,1.2,0.0,2007
356,23,2007-12-23,0.0,0.0,12,-3.2,65.1,4.4,20071223,10.8,281,4.4,1.9,0.0,2007
357,24,2007-12-24,0.0,0.0,12,-5.5,74.9,1.3,20071224,9.3,281,1.5,0.6,0.0,2007
358,25,2007-12-25,0.0,0.0,12,-0.8,72.9,5.4,20071225,12.3,281,2.3,1.0,0.0,2007
359,26,2007-12-26,0.0,0.0,12,-0.1,71.6,6.8,20071226,14.3,281,1.1,1.1,0.0,2007
360,27,2007-12-27,6.5,0.0,12,-3.4,86.3,3.7,20071227,10.8,281,0.4,0.2,0.0,2007
361,28,2007-12-28,13.0,0.0,12,5.1,93.5,6.2,20071228,7.3,281,0.0,1.3,0.0,2007
362,29,2007-12-29,0.0,0.0,12,-0.6,63.6,3.0,20071229,6.1,281,2.9,3.6,0.0,2007
363,30,2007-12-30,0.1,0.0,12,-5.5,55.4,-3.4,20071230,-0.5,281,2.8,5.2,0.3,2007
364,31,2007-12-31,0.0,0.0,12,-5.5,52.3,-3.6,20071231,0.3,281,5.4,5.0,0.0,2007
