,tmin,cloud,tmax,tavg,humid,sunshine,Date,year,month,snow,date,rainfall,station_id,day,wind
0,-7.8,0.0,7.4,0.3,70.9,2.6,2006-01-01,2006,1,0.0,20060101,0.0,281,1,1.3
1,-0.6,0.0,7.5,3.4,51.0,5.5,2006-01-02,2006,1,0.0,20060102,0.0,281,2,3.2
2,-2.2,0.0,4.8,0.4,29.0,6.0,2006-01-03,2006,1,0.0,20060103,0.0,281,3,3.7
3,-4.8,0.0,0.1,-1.9,32.6,0.0,2006-01-04,2006,1,0.0,20060104,0.0,281,4,2.9
4,-9.0,0.0,1.2,-4.2,43.5,6.5,2006-01-05,2006,1,0.0,20060105,0.0,281,5,2.7
5,-7.0,0.0,-1.6,-5.1,42.8,0.2,2006-01-06,2006,1,0.0,20060106,0.0,281,6,3.9
6,-9.8,0.0,0.0,-4.9,38.0,7.1,2006-01-07,2006,1,0.0,20060107,0.0,281,7,3.8
7,-13.3,0.0,4.0,-4.7,50.3,6.8,2006-01-08,2006,1,0.0,20060108,0.0,281,8,1.2
8,-10.8,0.0,5.6,-2.8,58.8,7.1,2006-01-09,2006,1,0.0,20060109,0.0,281,9,1.3
9,-8.5,0.0,7.0,-1.2,58.1,5.0,2006-01-10,2006,1,0.0,20060110,0.0,281,10,1.3
10,-11.3,0.0,7.0,-3.6,62.0,3.4,2006-01-11,2006,1,0.0,20060111,0.0,281,11,0.6
11,-11.8,0.0,8.3,0.1,66.8,4.4,2006-01-12,2006,1,0.0,20060112,0.0,281,12,1.4
12,3.0,0.0,6.6,5.0,85.8,0.0,2006-01-13,2006,1,0.0,20060113,11.5,281,13,0.5
13,-2.0,0.0,8.8,4.6,77.1,0.7,2006-01-14,2006,1,0.0,20060114,0.5,281,14,0.9
14,-3.0,0.0,7.5,1.4,79.8,1.6,2006-01-15,2006,1,0.0,20060115,0.0,281,15,0.5
15,-4.0,0.0,4.1,0.4,86.4,0.0,2006-01-16,2006,1,0.0,20060116,0.0,281,16,0.3
16,-3.5,0.0,9.0,1.4,73.8,4.9,2006-01-17,2006,1,0.0,20060117,0.0,281,17,0.5
17,-2.5,0.0,8.6,2.8,71.5,3.6,2006-01-18,2006,1,0.0,20060118,0.0,281,18,0.9
18,-0.3,0.0,4.0,1.4,84.6,0.6,2006-01-19,2006,1,0.0,20060119,0.5,281,19,1.5
19,-1.8,0.0,6.9,1.8,76.3,3.9,2006-01-20,2006,1,0.0,20060120,0.0,281,20,0.8
20,-5.0,0.0,8.6,-0.5,78.3,3.5,2006-01-21,2006,1,0.0,20060121,0.0,281,21,0.4
21,-6.3,0.0,5.0,-0.7,45.0,7.6,2006-01-22,2006,1,0.0,20060122,0.0,281,22,3.5
22,-8.1,0.0,4.9,-1.8,45.1,7.5,2006-01-23,2006,1,0.0,20060123,0.0,281,23,2.4
23,-9.1,0.0,5.1,-2.8,51.5,7.7,2006-01-24,2006,1,0.0,20060124,0.0,281,24,1.6
24,-8.8,0.0,6.8,-0.9,51.0,6.3,2006-01-25,2006,1,0.0,20060125,0.0,281,25,1.7
25,-4.5,0.0,8.0,1.9,54.8,6.9,2006-01-26,2006,1,0.0,20060126,0.0,281,26,2.3
26,-1.5,0.0,7.4,2.3,50.8,6.2,2006-01-27,2006,1,0.0,20060127,0.0,281,27,3.5
27,-8.0,0.0,9.5,-0.2,66.3,6.6,2006-01-28,2006,1,0.0,20060128,0.0,281,28,0.7
28,-7.0,0.0,12.5,2.1,67.4,7.6,2006-01-29,2006,1,0.0,20060129,0.0,281,29,0.6
29,0.8,0.0,12.8,6.3,65.6,2.6,2006-01-30,2006,1,0.0,20060130,0.0,281,30,0.9
30,4.4,0.0,5.9,5.1,85.4,0.0,2006-01-31,2006,1,0.0,20060131,10.0,281,31,1.0
31,-2.5,0.0,6.6,2.9,76.4,1.7,2006-02-01,2006,2,0.0,20060201,10.0,281,1,2.3
32,-4.1,0.0,6.0,0.6,51.8,6.9,2006-02-02,2006,2,0.0,20060202,0.0,281,2,2.6
33,-10.5,0.0,-0.1,-6.0,42.1,8.9,2006-02-03,2006,2,0.0,20060203,0.0,281,3,3.8
34,-12.6,0.0,-0.4,-6.7,46.1,9.0,2006-02-04,2006,2,0.0,20060204,0.0,281,4,3.5
35,-9.6,0.0,2.9,-2.8,43.3,7.4,2006-02-05,2006,2,0.0,20060205,0.0,281,5,1.7
36,-3.9,0.0,2.4,-0.6,78.1,1.2,2006-02-06,2006,2,2.2,20060206,1.4,281,6,0.3
37,-0.8,0.0,4.5,1.0,76.5,4.1,2006-02-07,2006,2,8.6,20060207,5.5,281,7,2.4
38,-7.0,0.0,-0.4,-4.2,57.9,8.6,2006-02-08,2006,2,0.6,20060208,0.2,281,8,4.5
39,-9.8,0.0,2.0,-3.7,51.4,9.6,2006-02-09,2006,2,0.0,20060209,0.0,281,9,3.2
40,-5.6,0.0,7.0,-0.5,64.5,7.8,2006-02-10,2006,2,0.0,20060210,0.0,281,10,2.1
41,-5.8,0.0,7.3,1.3,64.6,4.3,2006-02-11,2006,2,0.0,20060211,0.0,281,11,1.5
42,-3.9,0.0,6.3,0.2,36.0,10.0,2006-02-12,2006,2,0.0,20060212,0.0,281,12,2.9
43,-7.4,0.0,13.6,4.1,50.1,9.7,2006-02-13,2006,2,0.0,20060213,0.0,281,13,1.6
44,2.2,0.0,17.1,9.3,74.6,5.8,2006-02-14,2006,2,0.0,20060214,4.0,281,14,2.1
45,2.0,0.0,7.4,4.3,79.1,0.0,2006-02-15,2006,2,0.0,20060215,5.5,281,15,1.0
46,1.2,0.0,8.8,4.4,62.9,2.0,2006-02-16,2006,2,0.0,20060216,0.0,281,16,2.4
47,-5.0,0.0,2.0,-2.1,37.4,9.0,2006-02-17,2006,2,0.0,20060217,0.0,281,17,3.9
48,-7.1,0.0,6.4,0.1,49.5,9.1,2006-02-18,2006,2,0.0,20060218,0.0,281,18,2.4
49,-2.2,0.0,10.3,2.5,50.9,7.1,2006-02-19,2006,2,0.0,20060219,0.0,281,19,1.3
50,-2.9,0.0,14.1,3.9,53.6,9.4,2006-02-20,2006,2,0.0,20060220,0.0,281,20,0.8
51,-5.3,0.0,16.7,5.4,53.1,8.9,2006-02-21,2006,2,0.0,20060221,0.0,281,21,0.6
52,0.5,0.0,9.1,5.3,58.4,3.0,2006-02-22,2006,2,0.0,20060222,0.5,281,22,2.2
53,-3.5,0.0,12.1,3.6,41.4,9.4,2006-02-23,2006,2,0.0,20060223,0.0,281,23,1.8
54,-3.0,0.0,10.6,3.8,51.8,9.5,2006-02-24,2006,2,0.0,20060224,0.0,281,24,2.0
55,-5.0,0.0,12.1,4.2,76.3,4.9,2006-02-25,2006,2,0.0,20060225,1.5,281,25,0.9
56,-1.7,0.0,11.1,5.6,54.9,8.8,2006-02-26,2006,2,0.0,20060226,1.0,281,26,3.2
57,-4.6,0.0,8.6,1.2,55.1,8.4,2006-02-27,2006,2,0.0,20060227,0.0,281,27,1.7
58,-1.5,0.0,5.0,2.2,74.6,0.0,2006-02-28,2006,2,0.0,20060228,1.5,281,28,1.1
59,-0.6,0.0,5.1,1.4,71.6,5.0,2006-03-01,2006,3,0.0,20060301,2.0,281,1,2.4
60,-3.2,0.0,5.3,0.6,49.4,8.8,2006-03-02,2006,3,0.0,20060302,0.0,281,2,3.8
61,-4.6,0.0,7.5,0.6,48.9,10.0,2006-03-03,2006,3,0.0,20060303,0.0,281,3,2.5
62,-5.1,0.0,12.1,4.4,43.4,9.6,2006-03-04,2006,3,0.0,20060304,0.0,281,4,1.5
63,1.7,0.0,17.0,9.7,58.4,7.0,2006-03-05,2006,3,0.0,20060305,0.0,281,5,1.7
64,0.3,0.0,14.8,6.7,72.3,6.1,2006-03-06,2006,3,0.0,20060306,0.0,281,6,2.3
65,2.0,0.0,17.3,10.2,58.4,7.7,2006-03-07,2006,3,0.0,20060307,0.0,281,7,2.3
66,2.2,0.0,19.1,8.6,53.3,8.5,2006-03-08,2006,3,0.0,20060308,0.0,281,8,1.7
67,1.5,0.0,12.3,6.7,70.6,3.9,2006-03-09,2006,3,0.0,20060309,0.0,281,9,1.9
68,-2.0,0.0,19.7,9.7,57.9,8.6,2006-03-10,2006,3,0.0,20060310,0.0,281,10,1.2
69,4.9,0.0,17.5,10.7,55.1,5.2,2006-03-11,2006,3,0.0,20060311,0.0,281,11,2.5
70,-6.1,0.0,7.9,0.4,31.0,7.6,2006-03-12,2006,3,0.0,20060312,0.0,281,12,5.2
71,-8.1,0.0,4.6,-1.9,52.0,8.8,2006-03-13,2006,3,0.3,20060313,0.1,281,13,2.9
72,-3.2,0.0,7.0,1.9,46.9,9.8,2006-03-14,2006,3,0.0,20060314,0.0,281,14,3.9
73,-0.3,0.0,15.8,8.2,34.8,9.3,2006-03-15,2006,3,0.0,20060315,0.0,281,15,2.7
74,0.4,0.0,9.3,4.6,70.0,1.4,2006-03-16,2006,3,3.3,20060316,11.0,281,16,2.2
75,-0.6,0.0,19.6,8.6,60.0,9.5,2006-03-17,2006,3,0.0,20060317,0.0,281,17,1.0
76,5.1,0.0,11.8,8.7,64.1,1.8,2006-03-18,2006,3,0.0,20060318,0.5,281,18,1.2
77,2.4,0.0,12.6,6.3,35.5,8.8,2006-03-19,2006,3,0.0,20060319,0.0,281,19,2.9
78,-4.5,0.0,14.6,6.0,38.9,9.8,2006-03-20,2006,3,0.0,20060320,0.0,281,20,1.1
79,1.5,0.0,18.3,8.6,48.9,8.5,2006-03-21,2006,3,0.0,20060321,0.0,281,21,1.3
80,0.5,0.0,18.2,8.6,60.1,8.8,2006-03-22,2006,3,0.0,20060322,0.0,281,22,1.1
81,0.0,0.0,16.0,8.8,49.0,8.8,2006-03-23,2006,3,0.0,20060323,0.0,281,23,2.6
82,-5.0,0.0,14.1,4.1,51.4,10.5,2006-03-24,2006,3,0.0,20060324,0.0,281,24,0.9
83,-3.7,0.0,19.7,9.7,44.5,9.4,2006-03-25,2006,3,0.0,20060325,0.0,281,25,2.4
84,3.0,0.0,17.7,10.7,45.5,9.3,2006-03-26,2006,3,0.0,20060326,0.0,281,26,2.5
85,-1.7,0.0,18.6,8.2,51.4,9.4,2006-03-27,2006,3,0.0,20060327,0.0,281,27,1.2
86,0.6,0.0,9.3,4.4,47.4,8.4,2006-03-28,2006,3,0.0,20060328,0.8,281,28,4.3
87,-2.5,0.0,11.8,4.5,40.3,10.6,2006-03-29,2006,3,0.0,20060329,0.0,281,29,2.9
88,-0.5,0.0,12.5,6.2,44.8,10.7,2006-03-30,2006,3,0.0,20060330,0.0,281,30,3.2
89,-5.5,0.0,17.0,6.1,50.9,10.8,2006-03-31,2006,3,0.0,20060331,0.0,281,31,1.0
90,1.7,0.0,15.5,9.5,72.8,0.0,2006-04-01,2006,4,0.0,20060401,5.5,281,1,0.6
91,7.5,0.0,16.2,11.6,65.5,6.7,2006-04-02,2006,4,0.0,20060402,0.0,281,2,3.5
92,2.5,0.0,24.0,12.9,43.6,9.7,2006-04-03,2006,4,0.0,20060403,0.0,281,3,1.7
93,7.5,0.0,13.3,9.4,73.0,0.0,2006-04-04,2006,4,0.0,20060404,10.0,281,4,0.9
94,7.0,0.0,16.3,9.5,68.6,7.9,2006-04-05,2006,4,0.0,20060405,0.0,281,5,1.9
95,3.0,0.0,12.6,8.0,70.0,4.7,2006-04-06,2006,4,0.0,20060406,0.0,281,6,1.9
96,4.1,0.0,20.6,13.2,55.1,9.6,2006-04-07,2006,4,0.0,20060407,0.0,281,7,2.0
97,7.5,0.0,19.6,12.9,37.3,8.9,2006-04-08,2006,4,0.0,20060408,0.0,281,8,3.2
98,7.5,0.0,18.1,12.5,58.9,7.7,2006-04-09,2006,4,0.0,20060409,2.0,281,9,2.9
99,10.3,0.0,12.8,11.9,83.6,0.0,2006-04-10,2006,4,0.0,20060410,16.5,281,10,3.1
100,11.8,0.0,13.8,12.7,81.4,0.0,2006-04-11,2006,4,0.0,20060411,36.0,281,11,1.5
101,9.0,0.0,22.2,13.3,66.0,9.9,2006-04-12,2006,4,0.0,20060412,0.0,281,12,2.8
102,5.0,0.0,10.3,7.8,60.1,1.3,2006-04-13,2006,4,0.0,20060413,0.0,281,13,3.0
103,0.1,0.0,13.6,7.0,61.0,10.2,2006-04-14,2006,4,0.0,20060414,0.0,281,14,2.5
104,1.1,0.0,13.8,7.3,68.1,6.4,2006-04-15,2006,4,0.0,20060415,0.0,281,15,1.3
105,0.8,0.0,15.6,7.8,46.1,11.0,2006-04-16,2006,4,0.0,20060416,0.0,281,16,3.2
106,-0.8,0.0,21.2,11.0,52.4,9.4,2006-04-17,2006,4,0.0,20060417,0.0,281,17,2.1
107,6.3,0.0,23.0,15.6,47.3,9.9,2006-04-18,2006,4,0.0,20060418,0.0,281,18,1.8
108,6.9,0.0,17.5,12.5,65.4,0.9,2006-04-19,2006,4,0.0,20060419,38.5,281,19,2.7
109,4.9,0.0,11.8,8.1,52.6,4.6,2006-04-20,2006,4,0.0,20060420,0.0,281,20,5.6
110,6.9,0.0,20.6,12.9,44.6,11.3,2006-04-21,2006,4,0.0,20060421,0.0,281,21,3.5
111,5.8,0.0,17.2,10.7,59.8,3.9,2006-04-22,2006,4,0.0,20060422,0.0,281,22,0.8
112,2.9,0.0,23.7,11.9,52.9,9.6,2006-04-23,2006,4,0.0,20060423,0.0,281,23,2.5
113,5.4,0.0,20.0,13.1,29.1,10.3,2006-04-24,2006,4,0.0,20060424,0.0,281,24,2.8
114,7.8,0.0,21.7,13.9,29.5,11.2,2006-04-25,2006,4,0.0,20060425,0.0,281,25,2.6
115,9.1,0.0,16.2,11.9,60.9,1.1,2006-04-26,2006,4,0.0,20060426,1.5,281,26,0.6
116,5.0,0.0,19.5,12.0,61.1,8.9,2006-04-27,2006,4,0.0,20060427,0.0,281,27,1.8
117,2.0,0.0,23.7,13.8,52.0,10.3,2006-04-28,2006,4,0.0,20060428,0.0,281,28,1.3
118,5.4,0.0,18.0,12.4,67.3,3.7,2006-04-29,2006,4,0.0,20060429,0.0,281,29,1.0
119,7.0,0.0,29.6,19.9,52.6,10.3,2006-04-30,2006,4,0.0,20060430,0.0,281,30,2.5
120,12.5,0.0,28.1,19.6,47.6,8.9,2006-05-01,2006,5,0.0,20060501,0.0,281,1,1.9
121,10.0,0.0,18.1,14.1,45.3,10.1,2006-05-02,2006,5,0.0,20060502,0.0,281,2,4.8
122,6.9,0.0,23.0,13.7,53.6,11.8,2006-05-03,2006,5,0.0,20060503,0.0,281,3,1.9
123,6.4,0.0,28.7,18.3,50.8,10.3,2006-05-04,2006,5,0.0,20060504,0.0,281,4,1.7
124,14.1,0.0,25.2,20.7,57.5,7.2,2006-05-05,2006,5,0.0,20060505,0.0,281,5,2.1
125,14.3,0.0,20.0,16.3,79.8,0.0,2006-05-06,2006,5,0.0,20060506,39.0,281,6,1.5
126,13.6,0.0,22.3,16.6,71.8,4.6,2006-05-07,2006,5,0.0,20060507,0.0,281,7,1.5
127,11.3,0.0,19.7,14.9,70.5,6.3,2006-05-08,2006,5,0.0,20060508,0.0,281,8,2.5
128,11.0,0.0,18.2,13.3,73.9,3.9,2006-05-09,2006,5,0.0,20060509,0.0,281,9,2.6
129,11.8,0.0,19.7,16.2,74.8,1.4,2006-05-10,2006,5,0.0,20060510,38.5,281,10,0.7
130,7.5,0.0,19.0,13.8,41.4,9.0,2006-05-11,2006,5,0.0,20060511,0.0,281,11,3.1
131,5.5,0.0,17.0,11.4,60.6,3.7,2006-05-12,2006,5,0.0,20060512,1.0,281,12,1.3
132,7.6,0.0,23.0,15.5,55.3,9.8,2006-05-13,2006,5,0.0,20060513,1.0,281,13,2.0
133,11.6,0.0,24.3,17.3,40.4,11.3,2006-05-14,2006,5,0.0,20060514,0.0,281,14,2.7
134,7.5,0.0,25.1,16.8,37.0,10.2,2006-05-15,2006,5,0.0,20060515,0.0,281,15,1.0
135,11.0,0.0,27.2,19.2,37.1,8.9,2006-05-16,2006,5,0.0,20060516,0.0,281,16,1.0
136,13.3,0.0,24.6,18.4,54.5,6.7,2006-05-17,2006,5,0.0,20060517,0.0,281,17,0.6
137,12.1,0.0,23.5,17.8,70.8,4.3,2006-05-18,2006,5,0.0,20060518,0.5,281,18,0.8
138,14.1,0.0,19.8,15.6,89.1,1.4,2006-05-19,2006,5,0.0,20060519,48.5,281,19,1.1
139,11.8,0.0,28.6,20.3,61.8,10.8,2006-05-20,2006,5,0.0,20060520,0.0,281,20,1.3
140,13.0,0.0,30.2,21.5,67.0,10.0,2006-05-21,2006,5,0.0,20060521,0.0,281,21,0.9
141,14.1,0.0,27.1,22.0,68.3,7.9,2006-05-22,2006,5,0.0,20060522,0.0,281,22,2.4
142,13.6,0.0,28.1,20.5,64.4,10.2,2006-05-23,2006,5,0.0,20060523,0.0,281,23,2.3
143,11.0,0.0,23.3,15.8,74.4,10.9,2006-05-24,2006,5,0.0,20060524,0.0,281,24,2.3
144,9.8,0.0,22.1,15.9,70.0,7.0,2006-05-25,2006,5,0.0,20060525,0.0,281,25,2.2
145,12.8,0.0,22.7,16.7,76.5,3.6,2006-05-26,2006,5,0.0,20060526,0.5,281,26,1.6
146,14.8,0.0,17.7,16.3,90.6,0.2,2006-05-27,2006,5,0.0,20060527,1.5,281,27,2.8
147,11.3,0.0,22.8,16.2,83.6,3.3,2006-05-28,2006,5,0.0,20060528,19.5,281,28,1.5
148,10.8,0.0,25.2,17.4,80.4,5.7,2006-05-29,2006,5,0.0,20060529,6.0,281,29,0.7
149,14.1,0.0,29.6,20.6,71.0,9.7,2006-05-30,2006,5,0.0,20060530,0.0,281,30,1.0
150,11.6,0.0,30.8,21.7,63.5,11.8,2006-05-31,2006,5,0.0,20060531,0.0,281,31,1.0
151,14.6,0.0,28.2,21.0,66.0,10.5,2006-06-01,2006,6,0.0,20060601,0.0,281,1,1.5
152,13.3,0.0,22.2,16.9,77.6,8.6,2006-06-02,2006,6,0.0,20060602,0.0,281,2,2.9
153,13.8,0.0,23.7,17.6,68.8,9.9,2006-06-03,2006,6,0.0,20060603,0.0,281,3,2.6
154,12.8,0.0,25.7,18.1,71.5,7.7,2006-06-04,2006,6,0.0,20060604,0.0,281,4,0.6
155,11.8,0.0,30.6,21.0,68.9,10.9,2006-06-05,2006,6,0.0,20060605,0.0,281,5,1.2
156,15.5,0.0,31.0,22.2,70.0,9.0,2006-06-06,2006,6,0.0,20060606,0.0,281,6,1.4
157,16.6,0.0,23.6,18.9,78.4,5.6,2006-06-07,2006,6,0.0,20060607,0.0,281,7,2.6
158,16.2,0.0,20.6,18.1,82.9,1.0,2006-06-08,2006,6,0.0,20060608,0.5,281,8,1.1
159,16.7,0.0,29.2,22.3,61.4,11.7,2006-06-09,2006,6,0.0,20060609,0.0,281,9,1.6
160,14.0,0.0,29.7,22.0,60.0,10.9,2006-06-10,2006,6,0.0,20060610,5.0,281,10,1.6
161,15.8,0.0,28.3,21.4,65.8,10.8,2006-06-11,2006,6,0.0,20060611,4.0,281,11,1.7
162,12.6,0.0,29.7,21.0,65.5,11.9,2006-06-12,2006,6,0.0,20060612,0.0,281,12,1.6
163,13.0,0.0,29.5,21.4,65.4,11.9,2006-06-13,2006,6,0.0,20060613,0.0,281,13,1.9
164,13.8,0.0,23.1,18.8,84.3,3.5,2006-06-14,2006,6,0.0,20060614,13.0,281,14,2.9
165,15.8,0.0,27.7,22.1,70.3,9.3,2006-06-15,2006,6,0.0,20060615,8.0,281,15,2.4
166,13.3,0.0,31.1,21.8,66.1,8.7,2006-06-16,2006,6,0.0,20060616,0.0,281,16,0.8
167,12.8,0.0,33.2,23.4,62.8,11.0,2006-06-17,2006,6,0.0,20060617,0.0,281,17,0.7
168,16.7,0.0,31.7,24.3,59.0,10.5,2006-06-18,2006,6,0.0,20060618,0.0,281,18,1.9
169,16.2,0.0,32.5,24.5,59.3,10.6,2006-06-19,2006,6,0.0,20060619,0.0,281,19,1.4
170,16.2,0.0,33.7,25.8,55.5,10.0,2006-06-20,2006,6,0.0,20060620,0.0,281,20,1.4
171,19.3,0.0,30.5,24.4,66.5,5.7,2006-06-21,2006,6,0.0,20060621,0.5,281,21,1.9
172,19.7,0.0,25.7,21.9,88.9,2.0,2006-06-22,2006,6,0.0,20060622,9.0,281,22,0.6
173,17.5,0.0,25.2,20.9,83.4,6.8,2006-06-23,2006,6,0.0,20060623,0.0,281,23,2.2
174,17.0,0.0,25.7,20.0,76.3,6.9,2006-06-24,2006,6,0.0,20060624,0.0,281,24,2.6
175,17.7,0.0,20.3,19.0,87.3,0.0,2006-06-25,2006,6,0.0,20060625,4.5,281,25,2.0
176,18.1,0.0,29.1,23.0,78.5,6.7,2006-06-26,2006,6,0.0,20060626,0.5,281,26,1.1
177,19.2,0.0,31.5,24.4,74.5,9.0,2006-06-27,2006,6,0.0,20060627,1.5,281,27,1.5
178,19.8,0.0,33.0,26.2,70.8,9.8,2006-06-28,2006,6,0.0,20060628,0.0,281,28,1.2
179,19.6,0.0,32.4,25.8,72.9,7.8,2006-06-29,2006,6,0.0,20060629,0.0,281,29,1.1
180,22.3,0.0,30.8,26.0,75.9,6.1,2006-06-30,2006,6,0.0,20060630,1.5,281,30,1.5
181,21.8,0.0,25.2,23.3,88.8,0.2,2006-07-01,2006,7,0.0,20060701,27.5,281,1,1.0
182,18.0,0.0,28.0,21.9,86.6,4.2,2006-07-02,2006,7,0.0,20060702,30.5,281,2,1.5
183,17.7,0.0,25.6,20.8,83.8,7.8,2006-07-03,2006,7,0.0,20060703,0.0,281,3,2.2
184,19.7,0.0,21.7,20.7,90.8,0.0,2006-07-04,2006,7,0.0,20060704,25.0,281,4,2.3
185,18.3,0.0,23.7,20.7,81.0,2.0,2006-07-05,2006,7,0.0,20060705,0.5,281,5,1.5
186,17.5,0.0,21.3,19.5,77.9,0.3,2006-07-06,2006,7,0.0,20060706,0.0,281,6,1.3
187,18.6,0.0,28.7,23.0,77.0,6.6,2006-07-07,2006,7,0.0,20060707,0.0,281,7,0.7
188,20.0,0.0,26.6,22.7,87.0,3.0,2006-07-08,2006,7,0.0,20060708,7.0,281,8,1.5
189,21.1,0.0,22.6,21.6,96.1,0.0,2006-07-09,2006,7,0.0,20060709,99.0,281,9,0.4
190,20.7,0.0,24.7,22.7,88.8,0.0,2006-07-10,2006,7,0.0,20060710,85.0,281,10,3.4
191,22.7,0.0,28.7,25.3,80.4,4.0,2006-07-11,2006,7,0.0,20060711,1.0,281,11,1.7
192,23.1,0.0,32.2,26.8,85.0,5.3,2006-07-12,2006,7,0.0,20060712,8.0,281,12,0.7
193,24.7,0.0,33.7,28.6,75.3,5.0,2006-07-13,2006,7,0.0,20060713,0.0,281,13,1.3
194,21.7,0.0,34.4,27.2,75.1,9.3,2006-07-14,2006,7,0.0,20060714,0.0,281,14,1.5
195,21.2,0.0,33.7,26.5,81.3,6.9,2006-07-15,2006,7,0.0,20060715,15.5,281,15,1.3
196,19.7,0.0,24.7,21.2,92.5,0.2,2006-07-16,2006,7,0.0,20060716,76.0,281,16,1.8
197,18.2,0.0,20.3,19.5,94.1,0.0,2006-07-17,2006,7,0.0,20060717,93.0,281,17,0.5
198,19.2,0.0,20.7,19.8,95.1,0.0,2006-07-18,2006,7,0.0,20060718,60.0,281,18,0.6
199,18.6,0.0,20.6,19.5,91.4,0.0,2006-07-19,2006,7,0.0,20060719,10.5,281,19,1.2
200,18.2,0.0,21.3,19.2,91.0,0.6,2006-07-20,2006,7,0.0,20060720,15.0,281,20,0.6
201,18.6,0.0,25.8,21.5,88.0,3.7,2006-07-21,2006,7,0.0,20060721,1.5,281,21,0.3
202,19.5,0.0,30.6,24.1,80.0,8.6,2006-07-22,2006,7,0.0,20060722,0.0,281,22,0.9
203,17.2,0.0,25.5,21.0,85.3,3.1,2006-07-23,2006,7,0.0,20060723,0.0,281,23,1.0
204,19.0,0.0,24.2,21.3,86.9,0.6,2006-07-24,2006,7,0.0,20060724,0.0,281,24,0.4
205,19.7,0.0,31.5,24.7,73.8,7.7,2006-07-25,2006,7,0.0,20060725,1.0,281,25,0.9
206,20.2,0.0,23.0,21.1,93.6,0.3,2006-07-26,2006,7,0.0,20060726,55.5,281,26,0.8
207,19.8,0.0,31.7,25.8,78.4,9.4,2006-07-27,2006,7,0.0,20060727,0.0,281,27,0.8
208,23.7,0.0,33.5,27.4,75.3,9.5,2006-07-28,2006,7,0.0,20060728,27.5,281,28,1.6
209,23.7,0.0,32.9,27.0,83.1,5.9,2006-07-29,2006,7,0.0,20060729,3.0,281,29,0.9
210,23.8,0.0,34.5,28.5,79.1,9.5,2006-07-30,2006,7,0.0,20060730,0.0,281,30,1.0
211,25.0,0.0,36.2,29.6,70.5,10.6,2006-07-31,2006,7,0.0,20060731,0.0,281,31,1.3
212,22.1,0.0,35.0,28.3,74.1,11.1,2006-08-01,2006,8,0.0,20060801,0.0,281,1,1.0
213,22.3,0.0,35.5,28.7,73.4,12.0,2006-08-02,2006,8,0.0,20060802,0.0,281,2,1.0
214,22.2,0.0,35.9,28.5,74.1,10.3,2006-08-03,2006,8,0.0,20060803,0.0,281,3,0.9
215,22.3,0.0,36.2,28.8,72.8,11.5,2006-08-04,2006,8,0.0,20060804,0.0,281,4,1.0
216,22.5,0.0,35.7,28.7,71.1,10.9,2006-08-05,2006,8,0.0,20060805,0.0,281,5,0.9
217,22.1,0.0,36.2,28.3,75.0,9.4,2006-08-06,2006,8,0.0,20060806,8.0,281,6,0.8
218,23.0,0.0,36.2,28.7,74.0,10.3,2006-08-07,2006,8,0.0,20060807,0.0,281,7,0.7
219,23.1,0.0,36.5,28.7,72.4,11.0,2006-08-08,2006,8,0.0,20060808,0.0,281,8,1.1
220,21.3,0.0,36.9,28.5,68.1,11.8,2006-08-09,2006,8,0.0,20060809,0.0,281,9,1.1
221,22.2,0.0,37.2,29.3,70.4,10.5,2006-08-10,2006,8,0.0,20060810,0.0,281,10,0.8
222,23.3,0.0,35.5,29.1,69.8,8.5,2006-08-11,2006,8,0.0,20060811,0.0,281,11,1.3
223,23.7,0.0,36.5,29.5,67.3,10.6,2006-08-12,2006,8,0.0,20060812,0.0,281,12,1.7
224,23.2,0.0,37.0,28.9,70.9,9.8,2006-08-13,2006,8,0.0,20060813,0.0,281,13,1.2
225,22.6,0.0,37.2,29.4,70.3,10.0,2006-08-14,2006,8,0.0,20060814,0.0,281,14,1.0
226,24.3,0.0,36.0,29.1,76.5,9.4,2006-08-15,2006,8,0.0,20060815,1.0,281,15,1.4
227,23.2,0.0,33.5,27.4,76.3,10.8,2006-08-16,2006,8,0.0,20060816,0.0,281,16,1.7
228,20.8,0.0,33.7,27.6,65.8,9.3,2006-08-17,2006,8,0.0,20060817,0.0,281,17,2.1
229,23.0,0.0,27.5,25.6,69.5,0.0,2006-08-18,2006,8,0.0,20060818,0.0,281,18,3.1
230,19.5,0.0,24.6,21.0,90.0,0.0,2006-08-19,2006,8,0.0,20060819,53.0,281,19,2.1
231,20.6,0.0,30.7,24.2,85.0,6.1,2006-08-20,2006,8,0.0,20060820,9.0,281,20,0.9
232,22.7,0.0,35.2,26.5,84.9,6.9,2006-08-21,2006,8,0.0,20060821,48.0,281,21,1.1
233,22.5,0.0,27.7,24.4,89.3,3.5,2006-08-22,2006,8,0.0,20060822,1.0,281,22,2.1
234,22.0,0.0,33.5,26.3,79.3,8.3,2006-08-23,2006,8,0.0,20060823,0.0,281,23,1.0
235,22.5,0.0,35.0,26.0,86.0,6.4,2006-08-24,2006,8,0.0,20060824,28.0,281,24,0.9
236,22.2,0.0,31.2,25.7,85.4,5.5,2006-08-25,2006,8,0.0,20060825,3.5,281,25,1.0
237,22.7,0.0,32.0,26.4,82.8,8.0,2006-08-26,2006,8,0.0,20060826,0.0,281,26,1.3
238,22.1,0.0,28.6,24.5,86.5,2.0,2006-08-27,2006,8,0.0,20060827,20.5,281,27,1.0
239,21.2,0.0,32.5,26.1,77.8,9.0,2006-08-28,2006,8,0.0,20060828,0.0,281,28,1.4
240,20.1,0.0,33.0,25.3,79.8,7.9,2006-08-29,2006,8,0.0,20060829,0.0,281,29,1.2
241,21.2,0.0,26.1,23.3,80.1,1.3,2006-08-30,2006,8,0.0,20060830,11.5,281,30,1.4
242,18.2,0.0,28.2,22.9,67.1,9.9,2006-08-31,2006,8,0.0,20060831,0.0,281,31,2.3
243,15.6,0.0,28.5,21.7,76.1,8.7,2006-09-01,2006,9,0.0,20060901,0.0,281,1,1.4
244,16.5,0.0,29.8,22.1,78.3,9.1,2006-09-02,2006,9,0.0,20060902,0.0,281,2,1.1
245,16.5,0.0,28.5,22.3,78.9,11.1,2006-09-03,2006,9,0.0,20060903,0.0,281,3,1.2
246,17.3,0.0,30.7,23.4,77.3,9.2,2006-09-04,2006,9,0.0,20060904,0.0,281,4,1.2
247,16.8,0.0,21.8,19.9,76.5,0.0,2006-09-05,2006,9,0.0,20060905,0.0,281,5,2.1
248,15.3,0.0,21.2,17.3,90.8,0.7,2006-09-06,2006,9,0.0,20060906,6.0,281,6,0.8
249,14.1,0.0,26.7,18.5,81.4,8.9,2006-09-07,2006,9,0.0,20060907,0.0,281,7,1.4
250,14.8,0.0,24.5,20.7,81.4,1.4,2006-09-08,2006,9,0.0,20060908,0.0,281,8,1.8
251,18.3,0.0,26.7,21.8,74.8,3.1,2006-09-09,2006,9,0.0,20060909,0.0,281,9,2.0
252,10.6,0.0,22.5,16.9,58.6,10.4,2006-09-10,2006,9,0.0,20060910,0.0,281,10,2.5
253,10.0,0.0,20.6,15.6,83.0,2.8,2006-09-11,2006,9,0.0,20060911,0.0,281,11,0.5
254,15.6,0.0,23.2,19.3,80.1,2.8,2006-09-12,2006,9,0.0,20060912,0.0,281,12,1.3
255,18.0,0.0,23.6,20.4,72.3,1.6,2006-09-13,2006,9,0.0,20060913,0.0,281,13,1.6
256,13.8,0.0,25.0,19.0,73.9,8.6,2006-09-14,2006,9,0.0,20060914,0.0,281,14,1.8
257,15.1,0.0,23.7,19.2,81.5,1.9,2006-09-15,2006,9,0.0,20060915,7.0,281,15,1.3
258,16.2,0.0,24.0,19.2,82.5,2.5,2006-09-16,2006,9,0.0,20060916,4.0,281,16,1.0
259,17.0,0.0,21.7,18.7,86.5,0.0,2006-09-17,2006,9,0.0,20060917,29.0,281,17,2.4
260,15.8,0.0,21.3,17.8,85.9,2.6,2006-09-18,2006,9,0.0,20060918,30.5,281,18,2.4
261,14.3,0.0,27.8,19.4,77.4,9.1,2006-09-19,2006,9,0.0,20060919,0.0,281,19,0.9
262,12.1,0.0,26.7,18.3,73.8,9.5,2006-09-20,2006,9,0.0,20060920,0.0,281,20,0.7
263,13.5,0.0,25.8,19.1,79.4,6.7,2006-09-21,2006,9,0.0,20060921,0.0,281,21,1.3
264,12.3,0.0,24.6,17.7,75.3,10.6,2006-09-22,2006,9,0.0,20060922,0.0,281,22,1.7
265,9.8,0.0,24.2,16.4,75.6,10.2,2006-09-23,2006,9,0.0,20060923,0.0,281,23,1.4
266,9.3,0.0,23.7,15.7,77.1,9.7,2006-09-24,2006,9,0.0,20060924,0.0,281,24,1.1
267,8.3,0.0,24.7,15.9,79.1,9.6,2006-09-25,2006,9,0.0,20060925,0.0,281,25,1.0
268,12.1,0.0,24.7,17.4,79.1,7.2,2006-09-26,2006,9,0.0,20060926,0.0,281,26,1.2
269,10.3,0.0,26.0,17.5,79.1,9.0,2006-09-27,2006,9,0.0,20060927,0.0,281,27,0.8
270,12.3,0.0,24.6,17.4,82.8,4.4,2006-09-28,2006,9,0.0,20060928,0.0,281,28,0.4
271,11.5,0.0,26.3,18.3,78.5,7.8,2006-09-29,2006,9,0.0,20060929,0.0,281,29,1.0
272,10.8,0.0,24.5,17.3,78.1,7.8,2006-09-30,2006,9,0.0,20060930,0.0,281,30,1.3
273,14.3,0.0,23.6,17.7,81.3,3.9,2006-10-01,2006,10,0.0,20061001,0.0,281,1,1.1
274,11.6,0.0,25.5,17.3,80.3,8.8,2006-10-02,2006,10,0.0,20061002,0.0,281,2,1.0
275,9.8,0.0,26.3,16.7,77.4,8.9,2006-10-03,2006,10,0.0,20061003,0.0,281,3,0.7
276,9.6,0.0,25.2,16.6,78.8,8.8,2006-10-04,2006,10,0.0,20061004,0.0,281,4,1.2
277,11.8,0.0,24.6,18.3,67.6,8.9,2006-10-05,2006,10,0.0,20061005,0.0,281,5,1.7
278,10.5,0.0,25.7,18.7,60.0,10.2,2006-10-06,2006,10,0.0,20061006,0.0,281,6,2.0
279,7.0,0.0,26.6,15.9,73.0,10.0,2006-10-07,2006,10,0.0,20061007,0.0,281,7,0.8
280,9.8,0.0,25.6,16.5,81.6,7.3,2006-10-08,2006,10,0.0,20061008,0.0,281,8,0.4
281,11.8,0.0,26.5,17.7,82.6,6.8,2006-10-09,2006,10,0.0,20061009,0.0,281,9,0.5
282,11.8,0.0,28.2,19.1,78.9,4.7,2006-10-10,2006,10,0.0,20061010,0.0,281,10,0.4
283,13.8,0.0,26.1,18.6,76.5,5.9,2006-10-11,2006,10,0.0,20061011,0.0,281,11,0.7
284,9.3,0.0,27.0,16.4,67.4,8.3,2006-10-12,2006,10,0.0,20061012,0.0,281,12,0.8
285,5.6,0.0,24.2,14.8,73.1,9.1,2006-10-13,2006,10,0.0,20061013,0.0,281,13,1.4
286,10.1,0.0,25.6,16.3,74.5,7.9,2006-10-14,2006,10,0.0,20061014,0.0,281,14,0.7
287,7.6,0.0,27.5,16.6,73.1,8.6,2006-10-15,2006,10,0.0,20061015,0.0,281,15,0.6
288,11.0,0.0,26.0,16.8,82.3,7.0,2006-10-16,2006,10,0.0,20061016,0.0,281,16,0.4
289,11.3,0.0,25.1,16.2,85.5,3.1,2006-10-17,2006,10,0.0,20061017,0.0,281,17,0.4
290,10.5,0.0,26.2,17.3,78.5,7.4,2006-10-18,2006,10,0.0,20061018,0.0,281,18,0.5
291,12.0,0.0,26.5,18.3,74.8,3.8,2006-10-19,2006,10,0.0,20061019,0.0,281,19,0.7
292,13.1,0.0,28.1,19.7,69.3,8.6,2006-10-20,2006,10,0.0,20061020,0.0,281,20,1.3
293,15.8,0.0,24.2,18.7,77.9,4.3,2006-10-21,2006,10,0.0,20061021,0.0,281,21,1.3
294,11.8,0.0,21.0,16.6,90.6,0.5,2006-10-22,2006,10,0.0,20061022,20.5,281,22,0.9
295,13.3,0.0,19.1,16.1,65.3,4.4,2006-10-23,2006,10,0.0,20061023,0.0,281,23,2.9
296,8.8,0.0,19.5,14.3,60.8,7.7,2006-10-24,2006,10,0.0,20061024,0.0,281,24,2.1
297,4.8,0.0,21.3,13.1,75.3,7.2,2006-10-25,2006,10,0.0,20061025,0.0,281,25,0.7
298,9.8,0.0,19.5,14.3,82.9,3.5,2006-10-26,2006,10,0.0,20061026,0.0,281,26,1.0
299,6.4,0.0,21.2,14.4,73.3,9.3,2006-10-27,2006,10,0.0,20061027,0.0,281,27,1.1
300,3.2,0.0,23.0,10.9,72.9,7.9,2006-10-28,2006,10,0.0,20061028,0.0,281,28,0.7
301,6.4,0.0,22.5,12.9,75.8,8.3,2006-10-29,2006,10,0.0,20061029,0.0,281,29,0.9
302,4.0,0.0,22.0,11.2,78.1,7.3,2006-10-30,2006,10,0.0,20061030,0.0,281,30,0.4
303,3.2,0.0,22.3,10.6,73.1,7.1,2006-10-31,2006,10,0.0,20061031,0.0,281,31,0.7
304,4.3,0.0,21.6,12.4,76.4,6.6,2006-11-01,2006,11,0.0,20061101,0.0,281,1,0.4
305,4.6,0.0,19.6,10.9,78.5,5.9,2006-11-02,2006,11,0.0,20061102,0.0,281,2,1.0
306,2.0,0.0,21.2,10.6,76.6,8.2,2006-11-03,2006,11,0.0,20061103,0.0,281,3,1.0
307,4.5,0.0,20.7,11.4,77.6,5.9,2006-11-04,2006,11,0.0,20061104,0.0,281,4,0.6
308,7.0,0.0,20.7,12.1,80.0,3.3,2006-11-05,2006,11,0.0,20061105,12.0,281,5,1.4
309,1.3,0.0,15.8,8.0,70.4,4.9,2006-11-06,2006,11,0.0,20061106,0.0,281,6,2.1
310,-0.3,0.0,9.8,4.2,63.0,8.7,2006-11-07,2006,11,0.0,20061107,0.0,281,7,3.9
311,-2.7,0.0,18.2,10.2,68.4,8.6,2006-11-08,2006,11,0.0,20061108,0.0,281,8,1.5
312,7.9,0.0,23.2,15.6,74.9,4.8,2006-11-09,2006,11,0.0,20061109,3.5,281,9,2.4
313,3.5,0.0,18.7,10.9,74.5,6.0,2006-11-10,2006,11,0.0,20061110,0.0,281,10,0.5
314,4.5,0.0,15.1,9.6,51.6,5.2,2006-11-11,2006,11,0.0,20061111,2.5,281,11,2.5
315,-2.0,0.0,13.3,5.4,50.3,7.6,2006-11-12,2006,11,0.0,20061112,0.0,281,12,1.7
316,-2.7,0.0,13.3,6.7,68.6,2.1,2006-11-13,2006,11,0.0,20061113,0.0,281,13,1.0
317,4.6,0.0,13.1,8.9,41.3,6.5,2006-11-14,2006,11,0.0,20061114,0.0,281,14,3.6
318,-1.2,0.0,14.8,7.1,61.4,5.6,2006-11-15,2006,11,0.0,20061115,0.0,281,15,2.6
319,-0.5,0.0,9.6,3.8,47.1,3.0,2006-11-16,2006,11,0.0,20061116,0.0,281,16,2.5
320,-5.5,0.0,13.6,2.7,61.1,7.3,2006-11-17,2006,11,0.0,20061117,0.0,281,17,1.0
321,-2.2,0.0,10.1,2.5,79.8,0.6,2006-11-18,2006,11,0.0,20061118,0.0,281,18,0.1
322,-1.4,0.0,18.0,8.0,78.0,3.9,2006-11-19,2006,11,0.0,20061119,0.0,281,19,0.5
323,1.8,0.0,16.5,9.2,69.9,6.3,2006-11-20,2006,11,0.0,20061120,0.0,281,20,0.8
324,-2.0,0.0,15.8,5.5,74.3,4.8,2006-11-21,2006,11,0.0,20061121,0.0,281,21,0.6
325,0.8,0.0,13.4,7.9,71.3,0.0,2006-11-22,2006,11,0.0,20061122,0.0,281,22,0.7
326,6.4,0.0,11.8,8.1,77.6,0.0,2006-11-23,2006,11,0.0,20061123,1.5,281,23,3.5
327,6.0,0.0,9.8,8.6,62.9,0.0,2006-11-24,2006,11,0.0,20061124,0.0,281,24,3.0
328,5.4,0.0,13.8,9.5,70.4,0.3,2006-11-25,2006,11,0.0,20061125,0.0,281,25,1.6
329,4.3,0.0,11.5,9.2,94.3,0.0,2006-11-26,2006,11,0.0,20061126,7.5,281,26,0.4
330,6.9,0.0,11.3,9.5,90.8,0.0,2006-11-27,2006,11,0.0,20061127,9.0,281,27,0.9
331,5.0,0.0,12.6,7.9,81.8,1.3,2006-11-28,2006,11,0.0,20061128,2.5,281,28,1.6
332,2.2,0.0,8.8,4.2,58.3,3.4,2006-11-29,2006,11,0.0,20061129,0.0,281,29,2.4
333,-4.0,0.0,9.6,3.0,65.8,5.4,2006-11-30,2006,11,0.0,20061130,0.0,281,30,1.5
334,-2.5,0.0,9.6,1.7,81.6,1.0,2006-12-01,2006,12,0.0,20061201,0.0,281,1,1.0
335,-2.7,0.0,5.1,0.9,55.8,5.4,2006-12-02,2006,12,0.0,20061202,0.0,281,2,3.9
336,-5.8,0.0,2.2,-2.1,43.1,5.9,2006-12-03,2006,12,0.0,20061203,0.0,281,3,3.6
337,-7.4,0.0,5.0,-1.4,51.4,5.7,2006-12-04,2006,12,0.0,20061204,0.0,281,4,2.5
338,-8.1,0.0,7.6,-0.2,69.3,1.7,2006-12-05,2006,12,0.0,20061205,0.0,281,5,0.9
339,-6.8,0.0,9.8,0.6,78.1,4.2,2006-12-06,2006,12,0.0,20061206,0.0,281,6,0.7
340,-0.6,0.0,6.1,3.7,87.0,0.0,2006-12-07,2006,12,0.0,20061207,2.0,281,7,0.3
341,4.6,0.0,7.5,6.2,84.5,0.0,2006-12-08,2006,12,0.0,20061208,3.5,281,8,1.9
342,1.3,0.0,7.8,4.8,82.5,0.1,2006-12-09,2006,12,0.0,20061209,4.5,281,9,1.7
343,-1.2,0.0,6.8,1.8,51.5,5.9,2006-12-10,2006,12,0.0,20061210,0.0,281,10,2.6
344,-6.9,0.0,10.3,0.8,70.6,4.7,2006-12-11,2006,12,0.0,20061211,0.0,281,11,0.5
345,-3.4,0.0,12.5,3.4,71.9,5.3,2006-12-12,2006,12,0.0,20061212,0.0,281,12,0.9
346,-2.2,0.0,11.5,5.0,73.0,1.9,2006-12-13,2006,12,0.0,20061213,0.0,281,13,1.1
347,-2.7,0.0,8.6,3.6,71.6,0.0,2006-12-14,2006,12,0.0,20061214,0.0,281,14,1.2
348,-5.0,0.0,10.3,1.6,75.8,3.4,2006-12-15,2006,12,0.0,20061215,0.0,281,15,0.6
349,-3.7,0.0,8.3,1.3,80.8,0.1,2006-12-16,2006,12,0.0,20061216,0.0,281,16,1.3
350,-4.9,0.0,5.3,-0.2,73.6,3.0,2006-12-17,2006,12,0.0,20061217,0.0,281,17,2.5
351,-3.2,0.0,4.9,0.4,45.3,5.2,2006-12-18,2006,12,0.0,20061218,0.0,281,18,2.7
352,-8.5,0.0,7.6,-1.7,58.9,4.3,2006-12-19,2006,12,0.0,20061219,0.0,281,19,0.6
353,-8.8,0.0,9.8,-0.6,65.1,4.8,2006-12-20,2006,12,0.0,20061220,0.0,281,20,0.3
354,-5.3,0.0,11.6,1.1,70.6,5.1,2006-12-21,2006,12,0.0,20061221,0.0,281,21,0.6
355,-7.5,0.0,9.0,0.3,75.3,1.6,2006-12-22,2006,12,0.0,20061222,0.0,281,22,1.1
356,-3.7,0.0,9.6,3.3,65.0,5.4,2006-12-23,2006,12,0.0,20061223,0.0,281,23,2.3
357,-5.6,0.0,9.8,0.8,78.3,2.1,2006-12-24,2006,12,0.0,20061224,0.0,281,24,0.3
358,-3.5,0.0,13.8,3.2,83.0,1.7,2006-12-25,2006,12,0.0,20061225,0.0,281,25,0.7
359,-2.5,0.0,15.3,4.1,87.5,2.8,2006-12-26,2006,12,0.0,20061226,0.0,281,26,0.4
360,-2.5,0.0,9.8,3.5,66.5,2.1,2006-12-27,2006,12,0.0,20061227,0.0,281,27,2.9
361,-9.3,0.0,0.4,-4.3,47.5,5.4,2006-12-28,2006,12,0.0,20061228,0.0,281,28,5.4
362,-11.8,0.0,0.5,-5.8,31.6,5.7,2006-12-29,2006,12,0.0,20061229,0.0,281,29,2.8
363,-9.1,0.0,3.7,-2.3,32.4,4.2,2006-12-30,2006,12,0.0,20061230,0.0,281,30,1.6
364,-7.3,0.0,10.5,-0.2,47.6,5.5,2006-12-31,2006,12,0.0,20061231,0.0,281,31,0.3
