,sunshine,snow,wind,rainfall,date,cloud,humid,day,tmax,tmin,Date,station_id,tavg,month,year
0,6.0,0.0,3.6,0.0,20050101,0.0,41.0,1,2.0,-5.8,2005-01-01,281,-2.1,1,2005
1,5.8,0.0,2.6,0.0,20050102,0.0,50.5,2,7.5,-3.5,2005-01-02,281,1.8,1,2005
2,3.7,0.0,2.5,0.0,20050103,0.0,52.9,3,11.8,-6.0,2005-01-03,281,4.3,1,2005
3,6.3,0.0,3.5,0.0,20050104,0.0,33.1,4,6.6,-5.0,2005-01-04,281,-0.2,1,2005
4,6.1,0.0,0.6,0.0,20050105,0.0,51.1,5,7.0,-11.3,2005-01-05,281,-2.1,1,2005
5,4.4,0.0,2.3,0.0,20050106,0.0,36.5,6,8.8,-1.2,2005-01-06,281,4.2,1,2005
6,5.1,0.0,3.6,0.0,20050107,0.0,36.9,7,6.8,-2.0,2005-01-07,281,3.0,1,2005
7,5.8,0.0,3.1,0.0,20050108,0.0,35.8,8,4.8,-4.5,2005-01-08,281,-0.2,1,2005
8,7.4,0.0,3.6,0.0,20050109,0.0,30.6,9,1.6,-7.5,2005-01-09,281,-3.5,1,2005
9,6.5,0.0,3.5,0.0,20050110,0.0,43.1,10,3.7,-6.9,2005-01-10,281,-1.5,1,2005
10,6.4,0.0,3.8,0.0,20050111,0.0,44.6,11,4.0,-2.5,2005-01-11,281,0.1,1,2005
11,7.0,0.0,3.3,0.0,20050112,0.0,41.5,12,2.7,-4.6,2005-01-12,281,-1.4,1,2005
12,6.2,0.0,3.0,0.0,20050113,0.0,46.6,13,3.0,-4.5,2005-01-13,281,-0.9,1,2005
13,5.6,0.0,1.2,0.0,20050114,0.0,48.6,14,7.3,-9.3,2005-01-14,281,-0.1,1,2005
14,6.4,0.0,3.3,0.0,20050115,0.0,40.9,15,7.0,-1.7,2005-01-15,281,1.7,1,2005
15,2.9,12.5,2.8,8.3,20050116,0.0,60.9,16,5.6,-5.6,2005-01-16,281,0.1,1,2005
16,7.1,0.0,0.9,0.0,20050117,0.0,66.5,17,8.8,-12.6,2005-01-17,281,-2.5,1,2005
17,7.2,0.0,0.4,0.0,20050118,0.0,65.9,18,9.5,-10.3,2005-01-18,281,-0.6,1,2005
18,7.5,0.0,4.3,0.0,20050119,0.0,42.6,19,4.8,-0.8,2005-01-19,281,1.7,1,2005
19,7.3,0.0,4.3,0.0,20050120,0.0,44.1,20,2.9,-3.7,2005-01-20,281,-0.8,1,2005
20,7.6,0.0,2.5,0.0,20050121,0.0,38.3,21,5.3,-6.0,2005-01-21,281,-0.9,1,2005
21,4.5,0.0,0.3,0.0,20050122,0.0,44.8,22,7.9,-9.5,2005-01-22,281,0.3,1,2005
22,2.5,0.0,0.3,0.0,20050123,0.0,62.8,23,10.1,0.1,2005-01-23,281,3.9,1,2005
23,1.4,0.0,1.6,0.0,20050124,0.0,57.5,24,8.8,-0.4,2005-01-24,281,3.2,1,2005
24,0.0,5.0,0.4,6.8,20050125,0.0,71.5,25,5.9,-3.9,2005-01-25,281,1.0,1,2005
25,5.1,0.3,0.6,0.2,20050126,0.0,71.3,26,9.8,0.6,2005-01-26,281,3.7,1,2005
26,4.6,0.0,1.3,0.0,20050127,0.0,55.1,27,10.3,-2.2,2005-01-27,281,3.5,1,2005
27,7.2,0.0,0.4,0.0,20050128,0.0,57.4,28,13.5,-5.0,2005-01-28,281,2.1,1,2005
28,2.3,0.0,2.3,0.0,20050129,0.0,62.1,29,7.5,-4.6,2005-01-29,281,-0.2,1,2005
29,6.2,0.0,3.4,0.0,20050130,0.0,45.3,30,0.4,-6.1,2005-01-30,281,-3.5,1,2005
30,8.3,0.8,4.3,0.4,20050131,0.0,43.5,31,0.8,-7.9,2005-01-31,281,-4.1,1,2005
31,8.4,0.0,6.0,0.0,20050201,0.0,52.0,1,-4.5,-11.0,2005-02-01,281,-8.0,2,2005
32,8.4,0.0,4.2,0.0,20050202,0.0,55.5,2,-0.4,-10.3,2005-02-02,281,-5.3,2,2005
33,8.6,0.0,3.3,0.0,20050203,0.0,50.4,3,3.5,-5.6,2005-02-03,281,-1.7,2,2005
34,7.5,0.0,2.2,0.0,20050204,0.0,38.6,4,7.5,-3.2,2005-02-04,281,1.4,2,2005
35,7.7,0.0,1.3,0.0,20050205,0.0,51.8,5,7.1,-5.8,2005-02-05,281,-0.6,2,2005
36,7.0,0.0,0.7,0.0,20050206,0.0,68.8,6,10.0,-8.8,2005-02-06,281,-0.3,2,2005
37,0.5,0.0,0.7,0.0,20050207,0.0,73.6,7,7.8,-3.2,2005-02-07,281,3.5,2,2005
38,4.0,0.0,0.9,0.0,20050208,0.0,76.3,8,8.6,-3.5,2005-02-08,281,3.0,2,2005
39,1.5,0.0,1.4,0.0,20050209,0.0,72.9,9,6.4,-5.5,2005-02-09,281,0.3,2,2005
40,6.4,0.0,3.6,0.0,20050210,0.0,39.0,10,3.7,-5.5,2005-02-10,281,-1.8,2,2005
41,9.7,0.0,3.7,0.0,20050211,0.0,39.3,11,1.7,-8.1,2005-02-11,281,-3.7,2,2005
42,4.7,0.0,1.2,0.0,20050212,0.0,39.0,12,2.5,-8.1,2005-02-12,281,-3.8,2,2005
43,9.6,0.0,2.4,0.0,20050213,0.0,34.1,13,6.5,-6.5,2005-02-13,281,-0.6,2,2005
44,5.1,0.0,0.5,0.0,20050214,0.0,51.1,14,7.5,-8.8,2005-02-14,281,0.1,2,2005
45,0.0,0.0,2.4,6.0,20050215,0.0,64.3,15,8.5,0.6,2005-02-15,281,4.8,2,2005
46,0.0,0.0,1.8,3.0,20050216,0.0,77.5,16,6.6,3.5,2005-02-16,281,5.1,2,2005
47,6.3,0.0,2.2,0.0,20050217,0.0,71.5,17,10.3,2.2,2005-02-17,281,5.3,2,2005
48,0.0,0.0,2.8,2.5,20050218,0.0,74.9,18,4.9,1.6,2005-02-18,281,3.0,2,2005
49,3.8,0.0,3.4,0.0,20050219,0.0,64.1,19,6.3,-5.5,2005-02-19,281,0.9,2,2005
50,9.9,0.0,4.1,0.0,20050220,0.0,44.3,20,0.3,-9.1,2005-02-20,281,-4.9,2,2005
51,10.0,0.0,3.3,0.0,20050221,0.0,46.1,21,0.6,-9.3,2005-02-21,281,-4.9,2,2005
52,4.5,0.0,1.1,0.0,20050222,0.0,60.9,22,7.0,-12.3,2005-02-22,281,-0.7,2,2005
53,8.3,0.0,3.3,0.0,20050223,0.0,38.8,23,7.9,-0.3,2005-02-23,281,3.0,2,2005
54,0.3,0.0,0.5,0.0,20050224,0.0,61.6,24,4.5,-3.9,2005-02-24,281,0.2,2,2005
55,9.4,0.0,3.7,0.0,20050225,0.0,33.8,25,3.7,-4.6,2005-02-25,281,-1.0,2,2005
56,10.3,0.0,3.2,0.0,20050226,0.0,37.0,26,3.4,-7.9,2005-02-26,281,-3.0,2,2005
57,9.5,0.0,2.6,0.0,20050227,0.0,35.6,27,6.0,-6.3,2005-02-27,281,-0.5,2,2005
58,9.3,0.0,2.3,0.0,20050228,0.0,38.0,28,8.3,-5.8,2005-02-28,281,2.1,2,2005
59,9.9,0.0,2.1,0.0,20050301,0.0,34.5,1,8.5,-6.5,2005-03-01,281,1.7,3,2005
60,4.5,0.0,0.9,0.0,20050302,0.0,61.5,2,5.9,-4.6,2005-03-02,281,0.7,3,2005
61,8.8,0.0,2.3,0.0,20050303,0.0,44.9,3,7.0,-5.0,2005-03-03,281,0.9,3,2005
62,8.4,0.0,2.2,0.0,20050304,0.0,52.1,4,6.9,-5.5,2005-03-04,281,0.0,3,2005
63,7.9,16.6,1.3,12.6,20050305,0.0,75.5,5,4.6,-7.9,2005-03-05,281,-1.4,3,2005
64,10.3,2.9,1.7,1.1,20050306,0.0,59.8,6,8.1,-5.1,2005-03-06,281,1.7,3,2005
65,9.9,0.0,2.4,0.0,20050307,0.0,43.0,7,14.1,-2.4,2005-03-07,281,5.9,3,2005
66,9.1,0.0,1.8,0.0,20050308,0.0,55.3,8,17.2,-2.7,2005-03-08,281,7.9,3,2005
67,7.8,0.0,1.4,0.0,20050309,0.0,61.8,9,15.5,-1.0,2005-03-09,281,8.4,3,2005
68,8.0,0.0,1.4,0.0,20050310,0.0,67.9,10,20.7,4.0,2005-03-10,281,11.9,3,2005
69,2.1,0.0,3.4,6.0,20050311,0.0,70.0,11,7.9,-2.5,2005-03-11,281,3.9,3,2005
70,10.5,0.0,4.7,0.0,20050312,0.0,42.9,12,2.7,-5.4,2005-03-12,281,-2.1,3,2005
71,9.6,0.0,3.9,0.0,20050313,0.0,39.8,13,5.0,-5.9,2005-03-13,281,-0.8,3,2005
72,10.6,0.0,2.3,0.0,20050314,0.0,42.6,14,10.8,-4.8,2005-03-14,281,2.6,3,2005
73,5.9,0.0,1.3,0.0,20050315,0.0,63.9,15,11.3,-2.7,2005-03-15,281,3.9,3,2005
74,7.9,0.0,0.8,0.5,20050316,0.0,66.0,16,16.7,-1.1,2005-03-16,281,7.5,3,2005
75,3.3,0.0,1.8,25.0,20050317,0.0,75.0,17,11.5,4.3,2005-03-17,281,6.9,3,2005
76,9.6,0.0,3.8,0.0,20050318,0.0,44.8,18,11.1,2.7,2005-03-18,281,6.0,3,2005
77,9.9,0.0,1.3,0.0,20050319,0.0,43.8,19,13.8,-1.6,2005-03-19,281,6.0,3,2005
78,9.6,0.0,2.8,0.0,20050320,0.0,42.8,20,13.6,1.7,2005-03-20,281,7.9,3,2005
79,8.1,0.0,1.0,0.5,20050321,0.0,55.0,21,17.6,-2.5,2005-03-21,281,8.5,3,2005
80,2.2,0.0,1.0,23.5,20050322,0.0,80.8,22,11.8,3.2,2005-03-22,281,6.7,3,2005
81,3.6,0.0,1.1,0.0,20050323,0.0,75.6,23,12.1,2.7,2005-03-23,281,6.8,3,2005
82,4.9,0.0,3.1,0.5,20050324,0.0,68.5,24,5.9,-0.5,2005-03-24,281,1.9,3,2005
83,11.0,0.0,3.9,0.0,20050325,0.0,43.6,25,11.3,-1.7,2005-03-25,281,4.6,3,2005
84,9.0,0.0,1.2,0.0,20050326,0.0,51.3,26,17.6,-2.5,2005-03-26,281,8.9,3,2005
85,5.1,0.0,0.6,1.5,20050327,0.0,73.4,27,14.1,-0.2,2005-03-27,281,8.1,3,2005
86,8.5,0.0,2.8,0.0,20050328,0.0,54.3,28,20.2,6.3,2005-03-28,281,12.1,3,2005
87,11.1,0.0,3.7,0.0,20050329,0.0,35.9,29,13.1,2.0,2005-03-29,281,7.2,3,2005
88,11.0,0.0,3.2,0.0,20050330,0.0,30.9,30,17.6,-0.5,2005-03-30,281,8.9,3,2005
89,10.6,0.0,1.7,0.0,20050331,0.0,42.6,31,19.1,-0.6,2005-03-31,281,9.7,3,2005
90,9.1,0.0,1.0,0.0,20050401,0.0,54.8,1,20.6,0.2,2005-04-01,281,9.3,4,2005
91,8.2,0.0,1.2,0.0,20050402,0.0,50.1,2,21.2,2.0,2005-04-02,281,11.2,4,2005
92,1.5,0.0,1.3,3.5,20050403,0.0,68.3,3,9.6,-0.8,2005-04-03,281,5.9,4,2005
93,10.6,0.0,1.8,0.0,20050404,0.0,52.3,4,19.3,-3.2,2005-04-04,281,8.6,4,2005
94,10.7,0.0,2.4,0.0,20050405,0.0,34.8,5,25.7,4.5,2005-04-05,281,15.9,4,2005
95,0.2,0.0,2.3,1.0,20050406,0.0,56.4,6,18.8,8.0,2005-04-06,281,15.2,4,2005
96,9.3,0.0,2.6,0.0,20050407,0.0,56.0,7,28.3,9.1,2005-04-07,281,19.6,4,2005
97,9.7,0.0,3.1,0.0,20050408,0.0,54.8,8,19.1,8.5,2005-04-08,281,14.1,4,2005
98,1.7,0.0,2.3,0.0,20050409,0.0,66.3,9,16.0,6.0,2005-04-09,281,12.1,4,2005
99,0.0,0.0,1.6,31.0,20050410,0.0,78.6,10,19.0,8.0,2005-04-10,281,12.3,4,2005
100,8.8,0.0,2.5,0.0,20050411,0.0,64.8,11,13.8,3.7,2005-04-11,281,8.4,4,2005
101,6.3,0.0,1.2,0.0,20050412,0.0,66.4,12,17.0,3.0,2005-04-12,281,9.5,4,2005
102,10.5,0.0,2.2,0.0,20050413,0.0,48.1,13,19.5,5.3,2005-04-13,281,12.1,4,2005
103,11.4,0.0,2.5,0.0,20050414,0.0,31.4,14,21.7,5.0,2005-04-14,281,14.2,4,2005
104,11.2,0.0,2.2,0.0,20050415,0.0,36.6,15,20.0,7.8,2005-04-15,281,13.0,4,2005
105,11.4,0.0,1.7,0.0,20050416,0.0,31.4,16,22.8,-0.2,2005-04-16,281,12.7,4,2005
106,9.3,0.0,1.1,0.0,20050417,0.0,42.5,17,25.6,1.0,2005-04-17,281,14.7,4,2005
107,6.6,0.0,1.4,0.0,20050418,0.0,54.5,18,26.2,9.1,2005-04-18,281,16.0,4,2005
108,7.7,0.0,1.5,5.5,20050419,0.0,62.4,19,25.7,7.0,2005-04-19,281,15.5,4,2005
109,10.3,0.0,3.4,8.0,20050420,0.0,42.6,20,19.8,6.8,2005-04-20,281,14.2,4,2005
110,10.6,0.0,2.8,0.0,20050421,0.0,38.3,21,19.6,3.9,2005-04-21,281,12.0,4,2005
111,11.4,0.0,3.0,0.0,20050422,0.0,28.4,22,21.2,3.5,2005-04-22,281,13.6,4,2005
112,11.7,0.0,1.9,0.0,20050423,0.0,48.3,23,20.6,2.0,2005-04-23,281,11.2,4,2005
113,10.3,0.0,1.1,0.0,20050424,0.0,52.8,24,22.8,1.8,2005-04-24,281,12.6,4,2005
114,9.5,0.0,1.2,0.0,20050425,0.0,50.3,25,23.8,5.5,2005-04-25,281,14.5,4,2005
115,11.5,0.0,1.8,0.0,20050426,0.0,41.6,26,24.8,6.0,2005-04-26,281,15.8,4,2005
116,10.9,0.0,2.0,0.0,20050427,0.0,43.1,27,27.3,5.3,2005-04-27,281,17.8,4,2005
117,10.8,0.0,3.8,0.0,20050428,0.0,46.1,28,32.0,14.3,2005-04-28,281,23.4,4,2005
118,5.8,0.0,1.4,0.0,20050429,0.0,55.6,29,26.0,14.6,2005-04-29,281,19.9,4,2005
119,7.1,0.0,1.6,0.0,20050430,0.0,61.1,30,30.2,13.6,2005-04-30,281,21.9,4,2005
120,4.2,0.0,1.7,0.0,20050501,0.0,66.3,1,29.2,12.5,2005-05-01,281,19.2,5,2005
121,11.3,0.0,2.2,0.0,20050502,0.0,51.0,2,25.6,10.3,2005-05-02,281,17.2,5,2005
122,11.8,0.0,0.9,0.0,20050503,0.0,47.0,3,29.7,5.8,2005-05-03,281,18.3,5,2005
123,11.3,0.0,1.2,0.0,20050504,0.0,44.1,4,31.6,7.4,2005-05-04,281,19.2,5,2005
124,5.5,0.0,1.5,15.5,20050505,0.0,65.6,5,25.6,8.6,2005-05-05,281,16.9,5,2005
125,0.2,0.0,2.1,9.0,20050506,0.0,81.6,6,16.7,11.3,2005-05-06,281,14.1,5,2005
126,3.5,0.0,2.8,0.5,20050507,0.0,75.8,7,13.0,9.3,2005-05-07,281,10.6,5,2005
127,7.2,0.0,1.2,0.0,20050508,0.0,65.5,8,20.3,10.1,2005-05-08,281,15.0,5,2005
128,11.5,0.0,3.3,0.0,20050509,0.0,39.5,9,22.2,9.8,2005-05-09,281,15.8,5,2005
129,11.8,0.0,1.5,0.0,20050510,0.0,55.1,10,22.8,3.5,2005-05-10,281,13.6,5,2005
130,9.5,0.0,1.1,6.0,20050511,0.0,52.4,11,24.7,9.0,2005-05-11,281,16.6,5,2005
131,7.2,0.0,1.5,2.0,20050512,0.0,70.8,12,21.8,10.6,2005-05-12,281,14.0,5,2005
132,8.4,0.0,2.1,0.0,20050513,0.0,66.3,13,19.0,9.5,2005-05-13,281,13.8,5,2005
133,11.3,0.0,1.5,0.0,20050514,0.0,55.1,14,26.5,8.3,2005-05-14,281,18.0,5,2005
134,11.7,0.0,2.4,0.0,20050515,0.0,59.8,15,24.1,10.6,2005-05-15,281,16.0,5,2005
135,11.6,0.0,1.4,0.0,20050516,0.0,60.5,16,25.6,7.0,2005-05-16,281,16.2,5,2005
136,7.2,0.0,1.2,4.0,20050517,0.0,55.8,17,28.7,9.1,2005-05-17,281,19.2,5,2005
137,6.1,0.0,2.7,14.5,20050518,0.0,67.0,18,24.1,13.8,2005-05-18,281,18.4,5,2005
138,11.8,0.0,2.4,0.0,20050519,0.0,44.3,19,27.7,11.8,2005-05-19,281,20.4,5,2005
139,9.8,0.0,2.1,0.0,20050520,0.0,48.8,20,26.7,12.1,2005-05-20,281,18.9,5,2005
140,6.7,0.0,1.0,0.0,20050521,0.0,52.6,21,23.7,7.9,2005-05-21,281,16.9,5,2005
141,7.4,0.0,1.2,0.0,20050522,0.0,54.9,22,25.6,13.3,2005-05-22,281,18.7,5,2005
142,10.8,0.0,2.8,0.0,20050523,0.0,51.4,23,24.3,11.8,2005-05-23,281,18.0,5,2005
143,10.4,0.0,2.3,0.0,20050524,0.0,65.9,24,22.1,8.3,2005-05-24,281,14.1,5,2005
144,11.7,0.0,1.1,0.0,20050525,0.0,57.9,25,27.1,7.4,2005-05-25,281,17.9,5,2005
145,11.5,0.0,2.3,0.0,20050526,0.0,44.1,26,30.8,12.1,2005-05-26,281,21.6,5,2005
146,11.7,0.0,1.6,0.0,20050527,0.0,50.6,27,29.8,11.8,2005-05-27,281,20.2,5,2005
147,8.4,0.0,2.0,0.0,20050528,0.0,62.3,28,27.2,12.6,2005-05-28,281,18.1,5,2005
148,11.7,0.0,2.2,0.0,20050529,0.0,65.5,29,23.7,9.3,2005-05-29,281,16.1,5,2005
149,9.4,0.0,1.2,0.0,20050530,0.0,62.4,30,30.3,9.3,2005-05-30,281,19.1,5,2005
150,11.8,0.0,1.3,0.0,20050531,0.0,48.9,31,31.2,12.1,2005-05-31,281,22.2,5,2005
151,9.2,0.0,1.4,11.5,20050601,0.0,60.9,1,26.8,13.3,2005-06-01,281,20.8,6,2005
152,7.9,0.0,1.5,17.0,20050602,0.0,72.1,2,26.7,17.0,2005-06-02,281,20.5,6,2005
153,9.4,0.0,1.2,0.0,20050603,0.0,62.8,3,29.2,15.3,2005-06-03,281,21.8,6,2005
154,6.9,0.0,1.9,1.5,20050604,0.0,71.9,4,22.7,14.0,2005-06-04,281,17.4,6,2005
155,11.9,0.0,1.6,0.0,20050605,0.0,64.9,5,25.7,10.8,2005-06-05,281,18.1,6,2005
156,10.6,0.0,1.5,0.0,20050606,0.0,59.9,6,28.8,10.6,2005-06-06,281,20.0,6,2005
157,7.5,0.0,1.0,0.0,20050607,0.0,59.5,7,29.7,15.5,2005-06-07,281,22.4,6,2005
158,11.0,0.0,1.2,0.0,20050608,0.0,57.5,8,32.0,17.7,2005-06-08,281,24.3,6,2005
159,9.4,0.0,1.2,0.0,20050609,0.0,55.4,9,32.4,16.2,2005-06-09,281,24.3,6,2005
160,0.0,0.0,1.3,38.0,20050610,0.0,79.6,10,22.0,16.2,2005-06-10,281,17.8,6,2005
161,10.5,0.0,1.6,0.5,20050611,0.0,66.6,11,30.3,16.7,2005-06-11,281,22.4,6,2005
162,11.0,0.0,1.7,0.0,20050612,0.0,62.5,12,31.0,15.8,2005-06-12,281,22.1,6,2005
163,10.8,0.0,1.4,0.0,20050613,0.0,63.3,13,30.7,13.6,2005-06-13,281,22.1,6,2005
164,10.8,0.0,2.4,0.0,20050614,0.0,65.1,14,26.8,16.3,2005-06-14,281,20.8,6,2005
165,7.5,0.0,2.1,0.0,20050615,0.0,65.9,15,24.8,14.5,2005-06-15,281,19.6,6,2005
166,10.1,0.0,2.0,0.0,20050616,0.0,65.0,16,26.7,17.5,2005-06-16,281,21.2,6,2005
167,9.8,0.0,1.0,0.0,20050617,0.0,62.3,17,29.7,18.6,2005-06-17,281,23.5,6,2005
168,9.2,0.0,1.1,0.5,20050618,0.0,62.5,18,31.2,17.8,2005-06-18,281,24.1,6,2005
169,7.8,0.0,0.7,0.0,20050619,0.0,66.9,19,30.0,19.8,2005-06-19,281,24.1,6,2005
170,9.8,0.0,0.9,0.0,20050620,0.0,59.6,20,32.5,17.6,2005-06-20,281,25.5,6,2005
171,10.0,0.0,1.1,0.0,20050621,0.0,58.8,21,33.5,17.7,2005-06-21,281,26.1,6,2005
172,8.9,0.0,1.6,0.0,20050622,0.0,54.4,22,34.2,19.7,2005-06-22,281,26.9,6,2005
173,11.9,0.0,1.7,0.0,20050623,0.0,55.9,23,34.5,18.2,2005-06-23,281,26.7,6,2005
174,11.1,0.0,1.4,0.0,20050624,0.0,52.1,24,37.0,18.7,2005-06-24,281,28.7,6,2005
175,10.2,0.0,1.7,0.0,20050625,0.0,49.1,25,36.4,22.6,2005-06-25,281,29.5,6,2005
176,2.7,0.0,0.9,0.5,20050626,0.0,67.4,26,29.2,20.1,2005-06-26,281,25.3,6,2005
177,7.1,0.0,3.2,0.0,20050627,0.0,62.4,27,31.8,25.3,2005-06-27,281,28.4,6,2005
178,0.0,0.0,0.8,40.5,20050628,0.0,81.6,28,27.1,23.0,2005-06-28,281,24.1,6,2005
179,6.6,0.0,1.2,12.0,20050629,0.0,73.0,29,32.0,22.7,2005-06-29,281,26.1,6,2005
180,8.9,0.0,1.6,0.0,20050630,0.0,64.6,30,33.4,22.6,2005-06-30,281,27.2,6,2005
181,0.0,0.0,1.3,39.0,20050701,0.0,79.8,1,25.7,19.8,2005-07-01,281,22.8,7,2005
182,4.7,0.0,1.1,17.5,20050702,0.0,79.0,2,28.7,21.2,2005-07-02,281,24.7,7,2005
183,0.3,0.0,0.6,11.0,20050703,0.0,82.6,3,25.2,22.5,2005-07-03,281,23.9,7,2005
184,7.4,0.0,1.6,4.0,20050704,0.0,73.8,4,29.7,20.2,2005-07-04,281,24.5,7,2005
185,4.0,0.0,1.6,0.0,20050705,0.0,71.3,5,28.2,22.2,2005-07-05,281,24.6,7,2005
186,11.2,0.0,1.3,0.0,20050706,0.0,64.4,6,32.2,20.7,2005-07-06,281,25.9,7,2005
187,3.3,0.0,2.5,0.0,20050707,0.0,73.3,7,25.0,20.2,2005-07-07,281,21.8,7,2005
188,4.5,0.0,2.0,2.5,20050708,0.0,74.5,8,25.6,20.1,2005-07-08,281,22.5,7,2005
189,0.8,0.0,1.1,11.5,20050709,0.0,81.4,9,25.8,21.1,2005-07-09,281,22.8,7,2005
190,4.3,0.0,2.1,0.0,20050710,0.0,78.6,10,26.5,19.2,2005-07-10,281,21.6,7,2005
191,0.0,0.0,1.9,49.5,20050711,0.0,83.3,11,19.6,18.1,2005-07-11,281,18.9,7,2005
192,6.8,0.0,0.5,1.0,20050712,0.0,75.4,12,26.5,18.7,2005-07-12,281,22.4,7,2005
193,8.0,0.0,1.0,1.5,20050713,0.0,72.1,13,30.6,20.2,2005-07-13,281,24.4,7,2005
194,9.1,0.0,0.8,0.0,20050714,0.0,66.9,14,32.0,21.1,2005-07-14,281,26.4,7,2005
195,9.8,0.0,1.0,0.0,20050715,0.0,71.4,15,31.8,19.7,2005-07-15,281,26.0,7,2005
196,6.6,0.0,0.9,0.0,20050716,0.0,72.5,16,31.2,22.3,2005-07-16,281,26.8,7,2005
197,7.2,0.0,1.1,0.0,20050717,0.0,66.5,17,32.7,23.6,2005-07-17,281,27.9,7,2005
198,11.0,0.0,2.5,0.0,20050718,0.0,62.4,18,33.0,24.3,2005-07-18,281,28.4,7,2005
199,11.5,0.0,1.6,0.0,20050719,0.0,63.6,19,34.0,23.2,2005-07-19,281,27.8,7,2005
200,11.1,0.0,1.4,0.0,20050720,0.0,65.4,20,35.5,20.7,2005-07-20,281,28.7,7,2005
201,10.8,0.0,1.6,0.0,20050721,0.0,61.4,21,36.0,24.2,2005-07-21,281,29.3,7,2005
202,10.1,0.0,1.6,0.0,20050722,0.0,70.3,22,33.9,22.5,2005-07-22,281,27.5,7,2005
203,8.7,0.0,1.9,0.0,20050723,0.0,69.6,23,31.2,22.7,2005-07-23,281,26.4,7,2005
204,8.5,0.0,1.8,0.0,20050724,0.0,67.9,24,30.6,22.7,2005-07-24,281,26.1,7,2005
205,8.9,0.0,1.6,0.0,20050725,0.0,68.5,25,30.0,21.7,2005-07-25,281,25.0,7,2005
206,9.3,0.0,1.6,0.0,20050726,0.0,67.0,26,30.7,21.7,2005-07-26,281,25.5,7,2005
207,7.0,0.0,0.7,0.5,20050727,0.0,66.1,27,33.2,22.7,2005-07-27,281,27.8,7,2005
208,3.9,0.0,1.6,3.5,20050728,0.0,70.4,28,31.2,22.2,2005-07-28,281,26.4,7,2005
209,6.5,0.0,1.3,9.0,20050729,0.0,69.9,29,32.2,23.5,2005-07-29,281,26.7,7,2005
210,10.4,0.0,1.3,0.0,20050730,0.0,64.3,30,33.2,22.7,2005-07-30,281,27.4,7,2005
211,10.5,0.0,1.3,0.0,20050731,0.0,64.4,31,34.2,22.2,2005-07-31,281,27.3,7,2005
212,5.6,0.0,1.4,6.0,20050801,0.0,71.4,1,31.0,22.7,2005-08-01,281,26.6,8,2005
213,4.6,0.0,0.9,19.5,20050802,0.0,76.3,2,32.4,24.2,2005-08-02,281,26.8,8,2005
214,4.9,0.0,1.1,4.0,20050803,0.0,72.5,3,31.5,24.0,2005-08-03,281,27.2,8,2005
215,11.1,0.0,1.0,0.0,20050804,0.0,67.4,4,35.0,23.0,2005-08-04,281,28.5,8,2005
216,11.3,0.0,1.6,0.0,20050805,0.0,69.8,5,33.7,21.5,2005-08-05,281,27.2,8,2005
217,11.1,0.0,1.4,0.0,20050806,0.0,69.0,6,33.2,21.7,2005-08-06,281,27.4,8,2005
218,7.0,0.0,0.9,0.0,20050807,0.0,67.9,7,33.4,24.1,2005-08-07,281,27.8,8,2005
219,2.0,0.0,0.6,3.5,20050808,0.0,78.6,8,29.7,23.3,2005-08-08,281,25.7,8,2005
220,7.2,0.0,1.4,7.0,20050809,0.0,73.1,9,32.0,23.8,2005-08-09,281,27.5,8,2005
221,4.7,0.0,1.2,2.5,20050810,0.0,74.9,10,32.2,23.6,2005-08-10,281,27.0,8,2005
222,4.1,0.0,1.2,0.0,20050811,0.0,71.4,11,30.7,24.6,2005-08-11,281,27.5,8,2005
223,8.9,0.0,1.7,0.0,20050812,0.0,65.6,12,33.9,25.0,2005-08-12,281,28.8,8,2005
224,10.4,0.0,2.9,0.0,20050813,0.0,61.0,13,34.5,24.5,2005-08-13,281,29.5,8,2005
225,10.7,0.0,2.9,0.0,20050814,0.0,60.3,14,34.0,26.2,2005-08-14,281,29.5,8,2005
226,6.7,0.0,1.9,0.0,20050815,0.0,68.0,15,33.7,21.8,2005-08-15,281,26.9,8,2005
227,7.5,0.0,0.9,1.0,20050816,0.0,73.3,16,35.2,21.3,2005-08-16,281,26.8,8,2005
228,9.4,0.0,1.8,0.0,20050817,0.0,68.3,17,31.3,21.2,2005-08-17,281,26.2,8,2005
229,6.4,0.0,0.9,6.5,20050818,0.0,73.0,18,33.5,21.2,2005-08-18,281,25.5,8,2005
230,4.6,0.0,1.3,54.5,20050819,0.0,79.5,19,31.7,20.6,2005-08-19,281,23.7,8,2005
231,0.0,0.0,0.5,31.0,20050820,0.0,82.8,20,24.3,20.0,2005-08-20,281,21.9,8,2005
232,9.0,0.0,1.7,0.5,20050821,0.0,71.6,21,28.5,20.5,2005-08-21,281,23.7,8,2005
233,0.1,0.0,0.9,12.5,20050822,0.0,78.5,22,22.8,20.2,2005-08-22,281,21.4,8,2005
234,10.6,0.0,2.2,0.0,20050823,0.0,66.1,23,25.7,17.6,2005-08-23,281,21.5,8,2005
235,6.0,0.0,3.8,12.5,20050824,0.0,68.5,24,25.6,19.8,2005-08-24,281,22.3,8,2005
236,0.0,0.0,1.9,12.5,20050825,0.0,80.6,25,27.2,19.8,2005-08-25,281,22.1,8,2005
237,9.6,0.0,2.5,0.0,20050826,0.0,61.6,26,28.3,20.0,2005-08-26,281,23.2,8,2005
238,10.1,0.0,1.1,0.0,20050827,0.0,67.3,27,30.2,18.1,2005-08-27,281,23.3,8,2005
239,10.5,0.0,1.4,0.0,20050828,0.0,65.3,28,30.3,16.0,2005-08-28,281,23.1,8,2005
240,8.7,0.0,0.7,0.0,20050829,0.0,66.9,29,31.5,16.7,2005-08-29,281,23.7,8,2005
241,1.4,0.0,0.5,0.0,20050830,0.0,72.8,30,27.3,17.7,2005-08-30,281,22.2,8,2005
242,8.2,0.0,0.5,0.0,20050831,0.0,67.8,31,30.3,16.5,2005-08-31,281,23.1,8,2005
243,8.4,0.0,0.7,1.0,20050901,0.0,72.1,1,33.7,19.0,2005-09-01,281,26.3,9,2005
244,7.2,0.0,1.0,0.0,20050902,0.0,66.9,2,33.9,24.2,2005-09-02,281,28.3,9,2005
245,1.7,0.0,1.4,0.0,20050903,0.0,73.1,3,27.1,21.5,2005-09-03,281,23.6,9,2005
246,0.0,0.0,1.5,1.0,20050904,0.0,70.9,4,22.3,17.6,2005-09-04,281,21.0,9,2005
247,5.6,0.0,3.5,0.5,20050905,0.0,61.0,5,25.2,17.3,2005-09-05,281,21.8,9,2005
248,0.0,0.0,4.1,43.5,20050906,0.0,72.3,6,22.6,20.3,2005-09-06,281,21.5,9,2005
249,5.5,0.0,2.8,0.0,20050907,0.0,62.6,7,29.3,20.1,2005-09-07,281,23.4,9,2005
250,7.8,0.0,1.6,0.0,20050908,0.0,70.3,8,28.7,17.7,2005-09-08,281,22.1,9,2005
251,0.9,0.0,0.8,10.0,20050909,0.0,77.4,9,24.0,19.0,2005-09-09,281,21.2,9,2005
252,4.4,0.0,0.8,8.5,20050910,0.0,78.0,10,29.3,20.1,2005-09-10,281,23.3,9,2005
253,5.7,0.0,0.8,0.0,20050911,0.0,76.3,11,31.0,21.6,2005-09-11,281,24.9,9,2005
254,6.5,0.0,0.9,0.0,20050912,0.0,73.0,12,32.5,21.7,2005-09-12,281,26.7,9,2005
255,5.7,0.0,1.8,5.0,20050913,0.0,76.0,13,29.3,21.8,2005-09-13,281,24.0,9,2005
256,2.9,0.0,1.6,3.5,20050914,0.0,77.0,14,24.1,17.7,2005-09-14,281,19.9,9,2005
257,9.6,0.0,1.5,0.0,20050915,0.0,70.8,15,24.7,14.3,2005-09-15,281,19.1,9,2005
258,8.9,0.0,0.6,0.0,20050916,0.0,71.6,16,27.7,12.8,2005-09-16,281,19.5,9,2005
259,6.9,0.0,1.3,0.0,20050917,0.0,68.8,17,31.1,16.6,2005-09-17,281,23.9,9,2005
260,2.6,0.0,1.0,3.0,20050918,0.0,76.6,18,28.3,20.8,2005-09-18,281,24.1,9,2005
261,5.4,0.0,0.8,1.0,20050919,0.0,71.8,19,29.1,16.2,2005-09-19,281,22.0,9,2005
262,6.0,0.0,1.8,0.5,20050920,0.0,66.9,20,26.7,17.3,2005-09-20,281,21.1,9,2005
263,0.0,0.0,1.4,10.5,20050921,0.0,78.6,21,20.3,17.5,2005-09-21,281,18.4,9,2005
264,0.0,0.0,1.0,8.5,20050922,0.0,78.3,22,20.6,17.3,2005-09-22,281,19.1,9,2005
265,1.5,0.0,1.0,0.0,20050923,0.0,75.1,23,23.7,17.8,2005-09-23,281,19.7,9,2005
266,5.9,0.0,1.8,0.0,20050924,0.0,67.6,24,23.7,14.3,2005-09-24,281,19.2,9,2005
267,9.6,0.0,1.4,0.0,20050925,0.0,66.8,25,24.1,12.1,2005-09-25,281,17.5,9,2005
268,8.4,0.0,1.4,0.0,20050926,0.0,67.3,26,24.8,12.5,2005-09-26,281,18.0,9,2005
269,1.0,0.0,0.5,0.0,20050927,0.0,74.9,27,21.6,11.0,2005-09-27,281,15.9,9,2005
270,6.2,0.0,1.2,0.0,20050928,0.0,73.3,28,23.7,10.8,2005-09-28,281,16.6,9,2005
271,7.0,0.0,1.5,0.0,20050929,0.0,70.5,29,24.5,11.5,2005-09-29,281,17.5,9,2005
272,0.0,0.0,0.1,2.5,20050930,0.0,79.8,30,22.1,15.5,2005-09-30,281,18.9,9,2005
273,2.0,0.0,1.0,0.0,20051001,0.0,75.6,1,29.2,20.2,2005-10-01,281,24.1,10,2005
274,2.2,0.0,1.6,1.5,20051002,0.0,69.6,2,25.0,17.5,2005-10-02,281,21.5,10,2005
275,7.1,0.0,1.6,0.0,20051003,0.0,70.5,3,24.5,12.8,2005-10-03,281,19.0,10,2005
276,0.7,0.0,1.9,0.5,20051004,0.0,63.9,4,19.0,9.6,2005-10-04,281,15.1,10,2005
277,2.9,0.0,0.2,0.0,20051005,0.0,77.0,5,19.6,7.9,2005-10-05,281,13.2,10,2005
278,5.8,0.0,0.8,0.0,20051006,0.0,75.4,6,24.2,8.8,2005-10-06,281,14.6,10,2005
279,0.0,0.0,0.6,2.0,20051007,0.0,80.8,7,18.2,11.3,2005-10-07,281,15.3,10,2005
280,8.5,0.0,1.7,0.0,20051008,0.0,68.4,8,22.8,10.6,2005-10-08,281,16.3,10,2005
281,6.1,0.0,1.2,0.0,20051009,0.0,69.1,9,22.8,9.0,2005-10-09,281,14.8,10,2005
282,7.8,0.0,1.4,0.0,20051010,0.0,68.5,10,22.6,8.0,2005-10-10,281,14.4,10,2005
283,2.9,0.0,1.0,0.0,20051011,0.0,66.6,11,22.2,11.0,2005-10-11,281,15.9,10,2005
284,7.5,0.0,1.6,0.0,20051012,0.0,62.1,12,22.3,13.6,2005-10-12,281,17.1,10,2005
285,8.5,0.0,0.7,0.0,20051013,0.0,67.6,13,25.6,10.5,2005-10-13,281,16.9,10,2005
286,3.0,0.0,1.5,0.0,20051014,0.0,61.0,14,21.1,10.1,2005-10-14,281,16.3,10,2005
287,6.3,0.0,1.8,0.0,20051015,0.0,52.6,15,20.7,6.9,2005-10-15,281,12.8,10,2005
288,9.8,0.0,0.7,0.0,20051016,0.0,64.4,16,22.1,3.7,2005-10-16,281,11.5,10,2005
289,9.9,0.0,0.5,0.0,20051017,0.0,65.5,17,23.5,2.0,2005-10-17,281,11.6,10,2005
290,8.6,0.0,0.7,0.0,20051018,0.0,68.9,18,24.2,4.4,2005-10-18,281,13.4,10,2005
291,1.9,0.0,1.0,0.5,20051019,0.0,73.4,19,20.1,7.9,2005-10-19,281,13.9,10,2005
292,5.2,0.0,0.6,0.0,20051020,0.0,73.5,20,22.1,5.8,2005-10-20,281,12.2,10,2005
293,0.2,0.0,1.2,0.0,20051021,0.0,69.4,21,15.6,6.1,2005-10-21,281,11.8,10,2005
294,7.1,0.0,2.0,1.5,20051022,0.0,59.3,22,14.0,3.7,2005-10-22,281,8.5,10,2005
295,9.9,0.0,1.3,0.0,20051023,0.0,58.4,23,17.7,-1.0,2005-10-23,281,7.9,10,2005
296,9.1,0.0,1.7,0.0,20051024,0.0,60.8,24,19.8,0.8,2005-10-24,281,10.8,10,2005
297,5.7,0.0,0.5,0.0,20051025,0.0,70.0,25,20.0,4.0,2005-10-25,281,11.7,10,2005
298,1.6,0.0,0.4,1.0,20051026,0.0,77.8,26,18.8,7.8,2005-10-26,281,12.6,10,2005
299,6.0,0.0,0.4,0.0,20051027,0.0,75.9,27,22.0,6.5,2005-10-27,281,11.5,10,2005
300,2.1,0.0,1.4,0.0,20051028,0.0,69.0,28,20.0,5.6,2005-10-28,281,12.1,10,2005
301,8.0,0.0,2.9,0.0,20051029,0.0,52.4,29,17.1,3.7,2005-10-29,281,10.8,10,2005
302,4.7,0.0,1.7,0.0,20051030,0.0,63.3,30,15.3,0.4,2005-10-30,281,7.7,10,2005
303,7.0,0.0,1.3,0.0,20051031,0.0,57.1,31,17.7,1.6,2005-10-31,281,9.0,10,2005
304,8.7,0.0,0.8,0.0,20051101,0.0,66.4,1,19.1,-1.7,2005-11-01,281,7.8,11,2005
305,8.4,0.0,0.7,0.0,20051102,0.0,66.3,2,19.6,0.6,2005-11-02,281,9.2,11,2005
306,7.5,0.0,0.3,0.0,20051103,0.0,65.5,3,22.6,6.0,2005-11-03,281,12.0,11,2005
307,7.7,0.0,0.5,0.0,20051104,0.0,66.3,4,24.7,3.9,2005-11-04,281,13.1,11,2005
308,5.1,0.0,0.4,0.0,20051105,0.0,70.8,5,23.3,6.9,2005-11-05,281,15.8,11,2005
309,3.9,0.0,2.0,12.0,20051106,0.0,70.5,6,22.0,13.3,2005-11-06,281,17.0,11,2005
310,8.3,0.0,2.9,0.0,20051107,0.0,54.1,7,17.6,3.5,2005-11-07,281,10.2,11,2005
311,8.9,0.0,2.7,0.0,20051108,0.0,37.8,8,16.5,3.5,2005-11-08,281,10.9,11,2005
312,7.7,0.0,1.5,0.0,20051109,0.0,56.6,9,16.3,2.0,2005-11-09,281,9.1,11,2005
313,6.9,0.0,0.4,0.0,20051110,0.0,66.9,10,20.5,-0.6,2005-11-10,281,8.9,11,2005
314,0.0,0.0,0.4,7.0,20051111,0.0,82.5,11,13.1,6.3,2005-11-11,281,9.6,11,2005
315,6.4,0.0,0.6,0.0,20051112,0.0,65.3,12,17.6,0.8,2005-11-12,281,7.3,11,2005
316,4.4,0.0,0.4,0.0,20051113,0.0,62.1,13,18.7,-1.6,2005-11-13,281,7.7,11,2005
317,3.0,0.0,0.9,0.0,20051114,0.0,54.5,14,15.1,3.7,2005-11-14,281,9.5,11,2005
318,7.7,0.0,2.4,0.0,20051115,0.0,34.9,15,11.6,0.6,2005-11-15,281,5.0,11,2005
319,7.0,0.0,0.9,0.0,20051116,0.0,60.0,16,11.1,-6.0,2005-11-16,281,1.3,11,2005
320,7.2,0.0,1.6,0.0,20051117,0.0,52.9,17,10.6,-6.0,2005-11-17,281,2.5,11,2005
321,7.1,0.0,2.1,0.0,20051118,0.0,44.0,18,10.3,-3.5,2005-11-18,281,3.5,11,2005
322,7.3,0.0,1.0,0.0,20051119,0.0,58.6,19,10.3,-6.5,2005-11-19,281,0.6,11,2005
323,6.5,0.0,1.1,0.0,20051120,0.0,53.4,20,12.1,-8.6,2005-11-20,281,0.7,11,2005
324,3.6,0.0,1.6,0.0,20051121,0.0,61.9,21,12.1,-6.4,2005-11-21,281,3.5,11,2005
325,6.3,0.0,2.7,0.0,20051122,0.0,48.3,22,11.6,-3.2,2005-11-22,281,4.6,11,2005
326,3.8,0.0,0.9,0.0,20051123,0.0,64.5,23,12.6,-5.6,2005-11-23,281,3.4,11,2005
327,5.0,0.0,1.1,0.0,20051124,0.0,67.1,24,14.8,-1.7,2005-11-24,281,4.8,11,2005
328,5.1,0.0,1.0,0.0,20051125,0.0,66.1,25,14.8,-3.2,2005-11-25,281,4.5,11,2005
329,4.5,0.0,0.6,0.0,20051126,0.0,69.4,26,14.6,-3.0,2005-11-26,281,4.6,11,2005
330,2.0,0.0,1.0,0.0,20051127,0.0,66.3,27,15.6,-0.6,2005-11-27,281,6.3,11,2005
331,2.5,0.0,1.5,0.5,20051128,0.0,61.3,28,15.1,-1.0,2005-11-28,281,7.7,11,2005
332,6.2,0.0,3.4,0.0,20051129,0.0,46.8,29,9.3,-2.2,2005-11-29,281,4.3,11,2005
333,6.0,0.0,1.1,0.0,20051130,0.0,57.5,30,11.8,-3.7,2005-11-30,281,2.4,11,2005
334,3.4,0.0,0.7,0.0,20051201,0.0,67.1,1,13.1,-5.9,2005-12-01,281,2.5,12,2005
335,3.4,0.0,2.9,0.0,20051202,0.0,42.4,2,9.5,-0.8,2005-12-02,281,4.9,12,2005
336,4.7,0.0,1.9,0.0,20051203,0.0,41.1,3,5.6,-3.5,2005-12-03,281,0.5,12,2005
337,4.9,3.2,3.3,1.3,20051204,0.0,58.1,4,2.9,-4.9,2005-12-04,281,-1.2,12,2005
338,5.9,0.0,3.6,0.0,20051205,0.0,52.5,5,0.3,-8.6,2005-12-05,281,-4.1,12,2005
339,5.6,0.0,3.1,0.0,20051206,0.0,54.0,6,5.3,-4.5,2005-12-06,281,-0.4,12,2005
340,4.9,0.0,2.5,0.0,20051207,0.0,58.3,7,5.1,-4.5,2005-12-07,281,-0.2,12,2005
341,5.7,0.0,3.4,0.0,20051208,0.0,54.0,8,3.7,-3.9,2005-12-08,281,-1.0,12,2005
342,5.7,0.0,2.3,0.0,20051209,0.0,55.9,9,5.6,-7.9,2005-12-09,281,-1.1,12,2005
343,1.5,0.0,2.2,0.0,20051210,0.0,60.4,10,5.4,-6.6,2005-12-10,281,-0.5,12,2005
344,3.7,0.0,3.2,0.0,20051211,0.0,41.1,11,0.8,-5.8,2005-12-11,281,-3.3,12,2005
345,5.6,0.0,4.1,0.0,20051212,0.0,51.1,12,0.1,-6.6,2005-12-12,281,-4.2,12,2005
346,5.2,0.0,4.9,0.0,20051213,0.0,51.9,13,-0.4,-8.6,2005-12-13,281,-5.3,12,2005
347,6.0,0.0,3.7,0.0,20051214,0.0,48.4,14,1.6,-7.6,2005-12-14,281,-3.9,12,2005
348,7.1,0.0,3.5,0.0,20051215,0.0,54.9,15,1.3,-7.5,2005-12-15,281,-2.8,12,2005
349,4.0,0.5,2.4,0.3,20051216,0.0,62.8,16,3.9,-5.8,2005-12-16,281,-0.8,12,2005
350,5.6,0.0,4.7,0.0,20051217,0.0,43.9,17,-1.0,-12.3,2005-12-17,281,-6.1,12,2005
351,6.8,0.0,2.9,0.0,20051218,0.0,48.0,18,1.1,-13.1,2005-12-18,281,-5.3,12,2005
352,7.2,0.0,1.8,0.0,20051219,0.0,50.3,19,4.8,-10.3,2005-12-19,281,-2.7,12,2005
353,5.9,0.0,1.6,0.0,20051220,0.0,51.0,20,5.3,-14.5,2005-12-20,281,-3.7,12,2005
354,1.0,1.7,3.2,0.8,20051221,0.0,54.6,21,0.2,-8.3,2005-12-21,281,-3.9,12,2005
355,7.0,0.0,5.1,0.0,20051222,0.0,53.5,22,-0.4,-9.8,2005-12-22,281,-5.2,12,2005
356,1.9,0.0,1.7,0.0,20051223,0.0,70.8,23,5.8,-7.4,2005-12-23,281,-1.8,12,2005
357,6.3,0.0,2.3,0.0,20051224,0.0,49.3,24,2.0,-9.8,2005-12-24,281,-4.5,12,2005
358,6.7,0.0,2.6,0.0,20051225,0.0,56.0,25,8.0,-13.1,2005-12-25,281,-2.1,12,2005
359,7.2,0.0,3.6,0.0,20051226,0.0,43.0,26,0.6,-6.9,2005-12-26,281,-3.7,12,2005
360,7.4,0.0,3.5,0.0,20051227,0.0,40.6,27,2.0,-8.3,2005-12-27,281,-3.9,12,2005
361,6.8,0.0,1.8,0.0,20051228,0.0,44.3,28,3.5,-10.0,2005-12-28,281,-4.0,12,2005
362,4.2,0.0,0.9,0.0,20051229,0.0,53.3,29,4.6,-13.1,2005-12-29,281,-5.1,12,2005
363,1.8,0.0,1.6,0.0,20051230,0.0,68.6,30,6.5,-11.5,2005-12-30,281,-2.4,12,2005
364,2.7,0.0,1.6,0.0,20051231,0.0,67.1,31,4.9,-4.8,2005-12-31,281,0.4,12,2005
