,tmin,tmax,Date,wind,date,day,cloud,station_id,humid,rainfall,snow,sunshine,month,year,tavg
0,-5.6,5.0,2020-01-01,3.5,20200101,1,1.6,281,54.4,0.0,0.0,7.1,1,2020,0.2
1,-2.3,7.7,2020-01-02,2.9,20200102,2,3.0,281,58.6,0.0,0.0,7.5,1,2020,3.2
2,-0.7,9.0,2020-01-03,2.5,20200103,3,0.6,281,51.1,0.0,0.0,7.1,1,2020,3.7
3,-2.9,8.5,2020-01-04,2.5,20200104,4,2.1,281,55.4,0.0,0.0,5.7,1,2020,2.0
4,-6.9,10.4,2020-01-05,0.8,20200105,5,3.5,281,61.9,0.0,0.0,7.7,1,2020,0.2
5,-3.6,3.6,2020-01-06,0.5,20200106,6,10.0,281,80.5,10.5,0.0,0.0,1,2020,1.5
6,3.6,14.8,2020-01-07,0.8,20200107,7,9.8,281,93.4,48.0,0.0,0.0,1,2020,8.0
7,5.1,15.1,2020-01-08,4.1,20200108,8,8.3,281,66.0,0.4,0.0,1.8,1,2020,7.8
8,-1.2,6.9,2020-01-09,3.3,20200109,9,3.4,281,56.5,0.0,0.0,6.8,1,2020,2.9
9,-4.7,9.5,2020-01-10,1.1,20200110,10,2.5,281,62.4,0.0,0.0,7.6,1,2020,1.0
10,-1.2,8.5,2020-01-11,2.4,20200111,11,2.6,281,50.4,0.0,0.0,7.6,1,2020,2.8
11,-0.4,6.5,2020-01-12,3.5,20200112,12,3.1,281,50.0,0.0,0.0,6.9,1,2020,2.6
12,-0.9,6.0,2020-01-13,3.6,20200113,13,2.1,281,46.5,0.0,0.0,7.7,1,2020,1.7
13,-1.6,6.3,2020-01-14,2.6,20200114,14,4.3,281,40.0,0.0,0.0,6.4,1,2020,1.2
14,-3.2,5.7,2020-01-15,2.7,20200115,15,0.5,281,46.3,0.0,0.0,7.8,1,2020,0.5
15,-6.1,6.3,2020-01-16,1.4,20200116,16,5.8,281,51.9,0.0,0.0,5.6,1,2020,-0.8
16,-4.3,8.0,2020-01-17,0.9,20200117,17,6.3,281,60.1,0.0,0.0,4.4,1,2020,0.1
17,-3.7,7.9,2020-01-18,1.5,20200118,18,6.9,281,46.6,0.2,0.0,0.6,1,2020,2.9
18,-5.2,9.1,2020-01-19,1.9,20200119,19,4.9,281,52.9,0.0,0.0,4.2,1,2020,2.5
19,1.5,8.5,2020-01-20,3.0,20200120,20,2.1,281,45.0,0.0,0.0,6.5,1,2020,4.3
20,-4.6,8.7,2020-01-21,1.3,20200121,21,2.0,281,42.4,0.0,0.0,7.8,1,2020,1.3
21,-1.1,6.3,2020-01-22,0.6,20200122,22,9.8,281,70.0,3.5,0.0,0.0,1,2020,2.8
22,2.7,8.5,2020-01-23,0.9,20200123,23,8.8,281,91.1,7.5,0.0,0.0,1,2020,5.0
23,0.7,13.1,2020-01-24,1.2,20200124,24,5.9,281,78.6,0.0,0.0,5.1,1,2020,6.1
24,2.9,10.3,2020-01-25,0.9,20200125,25,9.4,281,76.0,0.0,0.0,0.6,1,2020,6.3
25,-0.1,11.5,2020-01-26,2.1,20200126,26,8.9,281,75.6,0.5,0.0,2.3,1,2020,6.1
26,4.6,8.6,2020-01-27,4.3,20200127,27,10.0,281,84.5,28.5,0.0,0.0,1,2020,6.5
27,4.5,10.4,2020-01-28,1.5,20200128,28,8.0,281,80.9,2.0,0.0,0.0,1,2020,6.9
28,2.3,11.2,2020-01-29,0.9,20200129,29,8.8,281,77.8,0.1,0.0,1.6,1,2020,5.4
29,0.5,9.9,2020-01-30,1.0,20200130,30,7.0,281,71.6,0.1,0.0,3.3,1,2020,4.9
30,-1.8,8.2,2020-01-31,0.9,20200131,31,6.3,281,75.1,0.0,0.0,0.8,1,2020,3.0
31,-3.4,8.9,2020-02-01,2.4,20200201,1,2.1,281,66.3,0.0,0.0,6.7,2,2020,2.8
32,-3.3,10.6,2020-02-02,1.4,20200202,2,3.0,281,59.9,0.0,0.0,7.9,2,2020,2.8
33,-1.0,8.1,2020-02-03,3.4,20200203,3,1.4,281,42.5,0.0,0.0,6.9,2,2020,3.1
34,-5.0,8.4,2020-02-04,2.0,20200204,4,0.0,281,37.3,0.0,0.0,8.8,2,2020,1.8
35,-5.9,2.8,2020-02-05,3.7,20200205,5,0.1,281,32.1,0.0,0.0,9.2,2,2020,-1.4
36,-9.8,4.6,2020-02-06,1.5,20200206,6,3.6,281,50.9,0.0,0.0,8.8,2,2020,-2.3
37,-6.5,7.8,2020-02-07,2.2,20200207,7,5.4,281,54.5,0.0,0.0,8.1,2,2020,0.5
38,-0.4,7.7,2020-02-08,3.0,20200208,8,0.9,281,45.4,0.0,0.0,8.8,2,2020,2.7
39,-7.0,8.8,2020-02-09,1.9,20200209,9,0.0,281,47.3,0.0,0.0,9.2,2,2020,1.2
40,-1.7,11.9,2020-02-10,2.2,20200210,10,2.8,281,50.6,0.0,0.0,8.4,2,2020,4.7
41,-5.0,13.6,2020-02-11,0.8,20200211,11,4.5,281,64.8,0.0,0.0,7.4,2,2020,4.6
42,4.8,11.7,2020-02-12,1.0,20200212,12,8.3,281,93.1,8.1,0.0,0.0,2,2020,8.0
43,3.6,15.2,2020-02-13,1.9,20200213,13,5.6,281,77.5,0.0,0.0,6.9,2,2020,10.0
44,2.8,17.4,2020-02-14,0.9,20200214,14,5.1,281,74.5,0.0,0.0,6.8,2,2020,8.5
45,3.4,16.6,2020-02-15,1.7,20200215,15,8.3,281,79.1,0.0,0.0,4.9,2,2020,10.2
46,-0.8,11.5,2020-02-16,3.9,20200216,16,8.8,281,71.4,4.4,0.0,2.9,2,2020,4.5
47,-4.6,1.7,2020-02-17,4.3,20200217,17,5.9,281,53.8,0.0,0.0,3.5,2,2020,-1.7
48,-6.2,4.5,2020-02-18,3.5,20200218,18,0.0,281,43.8,0.0,0.0,9.3,2,2020,-0.6
49,-2.8,11.0,2020-02-19,1.7,20200219,19,3.8,281,47.0,0.0,0.0,8.8,2,2020,3.4
50,-2.8,13.8,2020-02-20,0.9,20200220,20,1.4,281,60.3,0.0,0.0,8.6,2,2020,4.5
51,-2.7,16.4,2020-02-21,1.0,20200221,21,5.9,281,60.1,0.0,0.0,8.1,2,2020,7.4
52,2.8,12.4,2020-02-22,3.7,20200222,22,1.5,281,46.3,0.0,0.0,8.4,2,2020,8.2
53,-1.0,11.0,2020-02-23,2.3,20200223,23,0.0,281,42.3,0.0,0.0,9.5,2,2020,4.0
54,-4.3,17.2,2020-02-24,0.9,20200224,24,4.4,281,46.8,0.0,0.0,7.9,2,2020,6.3
55,5.2,7.9,2020-02-25,1.0,20200225,25,8.6,281,93.9,42.5,0.0,0.0,2,2020,6.9
56,6.0,11.1,2020-02-26,1.3,20200226,26,8.1,281,84.4,0.0,0.0,0.5,2,2020,7.4
57,2.3,8.4,2020-02-27,1.8,20200227,27,7.1,281,69.8,0.0,0.0,1.0,2,2020,5.0
58,-0.2,8.2,2020-02-28,0.7,20200228,28,8.0,281,88.1,0.4,0.0,0.0,2,2020,3.1
59,-0.2,11.6,2020-02-29,0.8,20200229,29,6.4,281,87.8,0.0,0.0,2.6,2,2020,5.0
60,1.7,13.8,2020-03-01,1.2,20200301,1,7.9,281,76.5,0.0,0.0,3.4,3,2020,8.2
61,-0.7,11.2,2020-03-03,1.5,20200303,3,7.3,281,76.4,0.0,0.0,4.3,3,2020,5.6
62,0.3,10.7,2020-03-04,3.6,20200304,4,4.6,281,49.9,0.0,0.0,9.0,3,2020,5.5
63,-2.4,10.1,2020-03-05,2.4,20200305,5,0.0,281,47.5,0.0,0.0,10.7,3,2020,2.9
64,-6.3,13.5,2020-03-06,0.9,20200306,6,2.5,281,50.6,0.0,0.0,11.0,3,2020,3.5
65,-1.2,10.4,2020-03-07,0.7,20200307,7,8.3,281,73.0,1.3,0.0,0.1,3,2020,4.5
66,1.4,15.2,2020-03-08,1.2,20200308,8,3.0,281,79.9,0.0,0.0,7.4,3,2020,6.9
67,-0.6,15.2,2020-03-09,1.0,20200309,9,8.9,281,83.4,1.7,0.0,2.2,3,2020,7.8
68,5.5,10.6,2020-03-10,2.3,20200310,10,9.6,281,87.5,10.5,0.0,0.0,3,2020,8.6
69,2.2,11.1,2020-03-11,3.7,20200311,11,0.0,281,40.9,0.0,0.0,11.0,3,2020,6.0
70,-2.1,15.7,2020-03-12,1.5,20200312,12,0.9,281,38.5,0.0,0.0,10.8,3,2020,7.9
71,1.5,15.2,2020-03-13,1.9,20200313,13,7.3,281,41.8,0.0,0.0,4.4,3,2020,8.6
72,1.0,11.4,2020-03-14,3.2,20200314,14,2.3,281,32.0,0.0,0.0,10.7,3,2020,5.8
73,-1.1,12.4,2020-03-15,3.1,20200315,15,2.5,281,45.1,0.0,0.0,7.1,3,2020,5.4
74,-1.4,11.6,2020-03-16,1.9,20200316,16,1.1,281,45.0,0.0,0.0,11.2,3,2020,5.2
75,-0.4,17.9,2020-03-17,2.4,20200317,17,1.6,281,43.8,0.0,0.0,10.4,3,2020,9.6
76,0.1,18.0,2020-03-18,1.4,20200318,18,0.0,281,52.9,0.0,0.0,10.9,3,2020,9.3
77,2.5,19.4,2020-03-19,3.5,20200319,19,1.9,281,46.9,0.0,0.0,9.6,3,2020,10.1
78,5.9,18.0,2020-03-20,2.9,20200320,20,0.0,281,33.9,0.0,0.0,10.7,3,2020,11.2
79,1.5,23.1,2020-03-21,1.8,20200321,21,1.0,281,48.6,0.0,0.0,10.0,3,2020,13.9
80,4.4,16.9,2020-03-22,2.6,20200322,22,2.6,281,63.5,0.0,0.0,10.1,3,2020,12.0
81,-0.4,19.1,2020-03-23,1.9,20200323,23,0.0,281,55.5,0.0,0.0,10.8,3,2020,9.5
82,0.8,17.2,2020-03-24,1.3,20200324,24,1.1,281,60.9,0.0,0.0,10.6,3,2020,8.9
83,0.6,21.0,2020-03-25,1.1,20200325,25,2.4,281,60.4,0.0,0.0,10.5,3,2020,11.0
84,5.8,17.1,2020-03-26,0.7,20200326,26,9.6,281,79.8,3.0,0.0,0.0,3,2020,11.9
85,8.3,16.0,2020-03-27,1.1,20200327,27,9.0,281,94.3,4.6,0.0,0.0,3,2020,12.5
86,4.4,11.1,2020-03-28,1.5,20200328,28,8.8,281,66.3,0.0,0.0,0.1,3,2020,7.4
87,0.4,13.6,2020-03-29,1.8,20200329,29,6.6,281,73.4,0.0,0.0,4.4,3,2020,7.0
88,3.9,17.9,2020-03-30,1.3,20200330,30,6.3,281,67.5,0.0,0.0,9.0,3,2020,9.8
89,1.7,20.3,2020-03-31,1.1,20200331,31,4.0,281,63.6,0.0,0.0,10.7,3,2020,10.9
90,7.6,19.2,2020-04-01,1.4,20200401,1,5.8,281,58.8,0.0,0.0,4.1,4,2020,11.9
91,0.9,18.0,2020-04-02,1.3,20200402,2,0.0,281,47.4,0.0,0.0,10.7,4,2020,9.9
92,1.2,20.3,2020-04-03,1.7,20200403,3,0.1,281,37.4,0.0,0.0,10.8,4,2020,12.0
93,3.6,19.1,2020-04-04,2.4,20200404,4,0.1,281,49.8,0.0,0.0,10.9,4,2020,9.7
94,-1.4,16.4,2020-04-05,1.4,20200405,5,0.0,281,48.3,0.0,0.0,11.4,4,2020,7.8
95,-1.7,18.9,2020-04-06,1.4,20200406,6,3.4,281,42.9,0.0,0.0,10.1,4,2020,9.9
96,5.8,20.7,2020-04-07,2.6,20200407,7,1.9,281,34.9,0.0,0.0,10.5,4,2020,14.0
97,3.4,18.8,2020-04-08,3.0,20200408,8,0.0,281,47.4,0.0,0.0,11.5,4,2020,10.7
98,-0.4,17.4,2020-04-09,1.9,20200409,9,2.8,281,59.3,0.0,0.0,10.8,4,2020,8.6
99,5.7,14.9,2020-04-10,1.6,20200410,10,8.1,281,55.3,0.0,0.0,3.9,4,2020,9.7
100,2.0,14.8,2020-04-11,1.2,20200411,11,8.3,281,62.9,0.0,0.0,3.3,4,2020,9.8
101,5.4,13.2,2020-04-12,2.3,20200412,12,7.0,281,75.9,1.8,0.0,2.3,4,2020,9.0
102,2.6,15.9,2020-04-13,2.3,20200413,13,5.0,281,48.0,0.0,0.0,5.8,4,2020,9.0
103,-1.5,23.2,2020-04-14,1.8,20200414,14,0.4,281,40.0,0.0,0.0,11.9,4,2020,11.8
104,2.9,22.7,2020-04-15,1.9,20200415,15,6.1,281,45.1,0.0,0.0,9.2,4,2020,13.1
105,5.0,16.3,2020-04-16,2.3,20200416,16,3.8,281,67.0,0.0,0.0,10.2,4,2020,11.2
106,8.1,12.5,2020-04-17,1.0,20200417,17,7.6,281,90.1,18.2,0.0,0.1,4,2020,10.6
107,8.0,18.9,2020-04-18,1.8,20200418,18,5.4,281,76.8,0.0,0.0,4.3,4,2020,12.6
108,6.9,13.3,2020-04-19,1.6,20200419,19,8.9,281,87.8,16.1,0.0,0.0,4,2020,10.2
109,9.2,19.2,2020-04-20,2.7,20200420,20,7.6,281,69.6,0.4,0.0,4.1,4,2020,12.9
110,5.3,17.5,2020-04-21,4.1,20200421,21,5.9,281,36.6,0.0,0.0,11.1,4,2020,10.9
111,2.6,14.2,2020-04-22,4.0,20200422,22,3.3,281,37.8,0.0,0.0,10.2,4,2020,8.1
112,3.5,15.8,2020-04-23,3.8,20200423,23,1.8,281,41.0,0.0,0.0,10.8,4,2020,9.5
113,3.8,17.9,2020-04-24,2.9,20200424,24,0.4,281,34.9,0.0,0.0,11.8,4,2020,10.3
114,2.7,22.1,2020-04-25,2.9,20200425,25,0.0,281,38.5,0.0,0.0,11.6,4,2020,15.9
115,6.5,19.6,2020-04-26,2.6,20200426,26,1.5,281,54.3,0.0,0.0,11.1,4,2020,12.4
116,2.4,19.4,2020-04-27,1.9,20200427,27,3.4,281,64.4,0.0,0.0,9.1,4,2020,11.0
117,3.4,21.6,2020-04-28,1.9,20200428,28,0.0,281,46.4,0.0,0.0,12.3,4,2020,14.0
118,7.3,25.3,2020-04-29,1.6,20200429,29,0.0,281,41.5,0.0,0.0,12.2,4,2020,16.4
119,5.7,26.6,2020-04-30,2.0,20200430,30,0.3,281,54.3,0.0,0.0,12.4,4,2020,17.4
120,11.7,29.0,2020-05-01,2.3,20200501,1,0.1,281,65.8,0.0,0.0,11.8,5,2020,21.6
121,15.7,28.6,2020-05-02,2.0,20200502,2,7.6,281,59.4,0.0,0.0,7.1,5,2020,22.2
122,15.7,20.0,2020-05-03,1.3,20200503,3,9.0,281,90.0,4.1,0.0,0.0,5,2020,17.4
123,13.5,28.5,2020-05-04,2.4,20200504,4,6.5,281,74.9,0.0,0.0,8.0,5,2020,19.7
124,13.3,20.4,2020-05-05,1.8,20200505,5,8.5,281,80.8,2.0,0.0,2.1,5,2020,15.7
125,10.4,23.5,2020-05-06,2.1,20200506,6,2.0,281,73.9,0.0,0.0,11.4,5,2020,15.8
126,6.2,21.3,2020-05-07,2.1,20200507,7,4.9,281,61.6,0.0,0.0,11.5,5,2020,13.7
127,5.1,24.7,2020-05-08,1.3,20200508,8,5.8,281,65.0,1.2,0.0,10.3,5,2020,16.4
128,14.4,18.9,2020-05-09,1.3,20200509,9,9.8,281,91.6,21.3,0.0,0.0,5,2020,16.3
129,15.4,22.6,2020-05-10,3.1,20200510,10,5.6,281,72.3,0.0,0.0,5.9,5,2020,18.0
130,13.7,27.9,2020-05-11,2.5,20200511,11,2.9,281,48.5,0.0,0.0,11.9,5,2020,20.5
131,10.6,25.8,2020-05-12,3.0,20200512,12,0.9,281,47.9,0.0,0.0,11.9,5,2020,18.6
132,9.4,24.8,2020-05-13,2.5,20200513,13,0.6,281,42.8,0.0,0.0,12.8,5,2020,17.5
133,7.5,27.0,2020-05-14,1.2,20200514,14,6.9,281,49.6,0.0,0.0,7.0,5,2020,17.8
134,13.9,16.5,2020-05-15,1.5,20200515,15,9.6,281,86.0,8.6,0.0,0.0,5,2020,15.0
135,14.3,25.2,2020-05-16,1.4,20200516,16,8.8,281,82.1,0.0,0.0,3.4,5,2020,18.0
136,15.4,28.0,2020-05-17,1.3,20200517,17,6.5,281,77.0,0.1,0.0,8.5,5,2020,20.5
137,16.0,21.4,2020-05-18,2.8,20200518,18,8.4,281,84.6,1.1,0.0,1.3,5,2020,17.9
138,11.5,19.0,2020-05-19,2.5,20200519,19,5.1,281,72.8,8.0,0.0,5.4,5,2020,14.6
139,7.7,21.1,2020-05-20,1.9,20200520,20,4.6,281,65.4,0.0,0.0,9.0,5,2020,14.2
140,8.2,21.7,2020-05-21,2.0,20200521,21,6.6,281,74.1,0.0,0.0,5.6,5,2020,14.1
141,10.8,20.6,2020-05-22,2.5,20200522,22,5.8,281,72.1,0.0,0.0,10.4,5,2020,15.5
142,12.3,26.6,2020-05-23,1.1,20200523,23,4.1,281,66.4,0.0,0.0,9.3,5,2020,18.8
143,13.1,26.8,2020-05-24,1.9,20200524,24,6.8,281,67.3,0.0,0.0,7.9,5,2020,20.2
144,14.1,24.6,2020-05-25,1.4,20200525,25,9.0,281,66.6,0.0,0.0,1.4,5,2020,19.7
145,13.8,26.2,2020-05-26,1.3,20200526,26,7.8,281,60.6,0.0,0.0,5.5,5,2020,20.2
146,13.9,26.4,2020-05-27,2.1,20200527,27,6.8,281,54.8,0.0,0.0,10.4,5,2020,19.4
147,10.4,27.4,2020-05-28,1.5,20200528,28,2.5,281,54.8,0.0,0.0,11.5,5,2020,18.7
148,10.1,26.5,2020-05-29,1.7,20200529,29,3.4,281,57.4,0.0,0.0,11.5,5,2020,18.5
149,10.8,27.2,2020-05-30,1.4,20200530,30,7.9,281,55.0,0.0,0.0,10.0,5,2020,19.8
150,12.6,27.3,2020-05-31,1.4,20200531,31,6.8,281,66.6,0.0,0.0,5.5,5,2020,20.4
151,14.9,28.5,2020-06-01,2.3,20200601,1,3.6,281,48.0,0.0,0.0,8.4,6,2020,22.6
152,12.2,28.4,2020-06-02,1.1,20200602,2,5.5,281,47.5,0.0,0.0,6.9,6,2020,20.9
153,14.3,30.0,2020-06-03,1.6,20200603,3,4.8,281,61.1,0.0,0.0,7.0,6,2020,22.6
154,18.2,33.9,2020-06-04,2.0,20200604,4,1.3,281,56.3,0.0,0.0,12.6,6,2020,26.5
155,18.3,31.1,2020-06-05,2.4,20200605,5,4.9,281,65.5,0.0,0.0,9.8,6,2020,23.5
156,15.1,24.6,2020-06-06,2.3,20200606,6,6.0,281,72.1,0.0,0.0,5.5,6,2020,19.7
157,12.2,29.9,2020-06-07,1.5,20200607,7,0.5,281,57.8,0.0,0.0,12.3,6,2020,21.2
158,14.2,34.1,2020-06-08,1.1,20200608,8,0.1,281,55.1,0.0,0.0,12.8,6,2020,24.1
159,16.5,35.3,2020-06-09,1.3,20200609,9,0.4,281,55.8,0.0,0.0,12.9,6,2020,25.8
160,17.6,33.9,2020-06-10,1.5,20200610,10,5.3,281,60.1,0.0,0.0,9.4,6,2020,26.2
161,20.4,30.1,2020-06-11,1.3,20200611,11,5.9,281,80.3,33.3,0.0,4.2,6,2020,24.1
162,19.1,30.6,2020-06-12,1.2,20200612,12,9.0,281,79.9,20.6,0.0,2.5,6,2020,24.4
163,19.2,28.8,2020-06-13,1.1,20200613,13,9.1,281,80.3,8.5,0.0,4.2,6,2020,24.0
164,22.1,29.5,2020-06-14,1.9,20200614,14,8.8,281,79.8,21.4,0.0,2.6,6,2020,24.7
165,18.4,30.2,2020-06-15,2.4,20200615,15,5.8,281,58.4,0.0,0.0,12.6,6,2020,24.3
166,17.3,28.7,2020-06-16,2.1,20200616,16,6.0,281,56.1,0.0,0.0,12.6,6,2020,22.9
167,15.9,27.6,2020-06-17,0.9,20200617,17,9.5,281,66.5,0.0,0.0,3.7,6,2020,22.0
168,17.8,20.3,2020-06-18,1.2,20200618,18,9.3,281,89.8,5.4,0.0,0.0,6,2020,18.6
169,17.1,26.6,2020-06-19,1.7,20200619,19,5.9,281,79.5,0.3,0.0,6.7,6,2020,20.9
170,17.9,27.1,2020-06-20,1.3,20200620,20,5.5,281,74.3,0.0,0.0,4.6,6,2020,21.4
171,15.3,26.1,2020-06-21,1.9,20200621,21,1.1,281,74.5,0.0,0.0,12.8,6,2020,20.5
172,13.4,31.7,2020-06-22,1.3,20200622,22,0.3,281,65.9,0.0,0.0,13.3,6,2020,22.9
173,16.4,31.6,2020-06-23,1.8,20200623,23,5.1,281,65.1,0.0,0.0,11.3,6,2020,24.0
174,19.9,24.7,2020-06-24,1.4,20200624,24,9.1,281,84.5,6.6,0.0,0.0,6,2020,21.5
175,20.0,27.1,2020-06-25,1.0,20200625,25,9.3,281,89.0,2.3,0.0,1.2,6,2020,22.8
176,20.0,28.8,2020-06-26,2.0,20200626,26,8.0,281,69.5,0.0,0.0,7.7,6,2020,24.3
177,20.0,30.2,2020-06-27,1.2,20200627,27,7.6,281,68.1,0.0,0.0,5.5,6,2020,24.8
178,18.7,31.2,2020-06-28,1.8,20200628,28,2.1,281,69.5,0.0,0.0,11.3,6,2020,24.4
179,18.4,25.6,2020-06-29,2.2,20200629,29,8.6,281,87.5,39.2,0.0,0.0,6,2020,21.3
180,19.0,27.4,2020-06-30,2.6,20200630,30,9.4,281,78.5,4.4,0.0,2.7,6,2020,22.7
181,17.6,25.8,2020-07-01,1.7,20200701,1,7.1,281,80.0,2.3,0.0,1.7,7,2020,21.0
182,16.0,27.8,2020-07-02,1.5,20200702,2,6.1,281,75.1,0.0,0.0,7.8,7,2020,21.9
183,17.5,21.9,2020-07-03,1.7,20200703,3,9.8,281,84.5,4.6,0.0,0.0,7,2020,19.6
184,17.4,23.3,2020-07-04,1.1,20200704,4,8.0,281,84.5,0.4,0.0,1.6,7,2020,20.1
185,16.4,27.6,2020-07-05,1.0,20200705,5,7.0,281,79.9,0.0,0.0,3.5,7,2020,22.0
186,18.1,28.0,2020-07-06,0.9,20200706,6,9.0,281,83.5,0.0,0.0,1.6,7,2020,23.2
187,21.3,31.0,2020-07-07,1.5,20200707,7,5.3,281,75.5,0.0,0.0,6.7,7,2020,25.8
188,19.5,29.8,2020-07-08,1.9,20200708,8,4.9,281,76.6,0.0,0.0,8.5,7,2020,24.1
189,20.0,27.3,2020-07-09,2.4,20200709,9,6.5,281,80.9,0.0,0.0,5.7,7,2020,22.9
190,20.6,26.8,2020-07-10,1.2,20200710,10,8.8,281,90.3,23.3,0.0,1.2,7,2020,22.7
191,19.7,30.3,2020-07-11,1.8,20200711,11,0.0,281,83.0,0.0,0.0,3.9,7,2020,23.1
192,17.7,21.2,2020-07-12,2.0,20200712,12,0.0,281,90.1,24.8,0.0,0.0,7,2020,19.4
193,17.6,21.3,2020-07-13,2.4,20200713,13,7.3,281,91.0,74.9,0.0,0.0,7,2020,19.1
194,18.2,20.5,2020-07-14,0.9,20200714,14,6.9,281,92.5,0.3,0.0,0.0,7,2020,18.9
195,16.8,20.6,2020-07-15,1.1,20200715,15,8.1,281,89.5,3.1,0.0,0.0,7,2020,18.5
196,13.6,27.0,2020-07-16,1.3,20200716,16,3.0,281,80.0,0.0,0.0,10.2,7,2020,19.6
197,14.9,27.2,2020-07-17,1.6,20200717,17,1.3,281,77.6,0.0,0.0,12.8,7,2020,20.6
198,15.1,25.8,2020-07-18,1.4,20200718,18,6.6,281,81.9,0.0,0.0,6.7,7,2020,20.5
199,18.6,25.9,2020-07-19,1.6,20200719,19,8.5,281,88.1,0.0,0.0,0.0,7,2020,22.8
200,23.3,31.3,2020-07-20,2.0,20200720,20,9.0,281,75.8,0.3,0.0,1.5,7,2020,27.4
201,21.7,31.3,2020-07-21,1.7,20200721,21,6.5,281,72.1,5.7,0.0,10.0,7,2020,25.8
202,21.3,23.7,2020-07-22,0.9,20200722,22,10.0,281,96.5,36.8,0.0,0.0,7,2020,22.1
203,20.3,21.5,2020-07-23,2.7,20200723,23,10.0,281,94.9,34.4,0.0,0.0,7,2020,21.0
204,20.0,23.6,2020-07-24,1.3,20200724,24,7.3,281,95.0,15.9,0.0,0.0,7,2020,21.2
205,19.7,24.5,2020-07-25,1.1,20200725,25,7.8,281,93.8,46.2,0.0,0.4,7,2020,21.6
206,20.6,29.4,2020-07-26,1.5,20200726,26,7.3,281,82.8,0.2,0.0,6.0,7,2020,23.6
207,20.6,24.0,2020-07-27,1.4,20200727,27,9.6,281,93.0,24.3,0.0,0.0,7,2020,21.7
208,20.6,23.0,2020-07-28,1.5,20200728,28,10.0,281,96.6,11.0,0.0,0.0,7,2020,21.4
209,21.0,24.2,2020-07-29,1.1,20200729,29,9.5,281,95.8,6.0,0.0,0.0,7,2020,22.5
210,20.9,24.0,2020-07-30,1.0,20200730,30,9.1,281,94.4,24.0,0.0,1.0,7,2020,22.2
211,20.8,30.7,2020-07-31,1.3,20200731,31,9.0,281,85.0,0.0,0.0,3.0,7,2020,25.4
212,23.3,32.1,2020-08-01,0.9,20200801,1,8.8,281,83.1,0.0,0.0,3.2,8,2020,26.5
213,23.2,31.4,2020-08-02,1.4,20200802,2,8.4,281,76.8,0.0,0.0,2.9,8,2020,27.5
214,24.0,32.3,2020-08-03,1.8,20200803,3,8.0,281,73.5,0.0,0.0,3.3,8,2020,27.9
215,24.3,32.8,2020-08-04,1.7,20200804,4,6.8,281,72.3,0.0,0.0,8.8,8,2020,28.3
216,24.4,32.1,2020-08-05,1.3,20200805,5,8.9,281,76.8,0.0,0.0,3.8,8,2020,27.5
217,23.7,28.8,2020-08-06,2.2,20200806,6,9.4,281,80.3,5.2,0.0,0.0,8,2020,27.0
218,22.0,25.1,2020-08-07,0.7,20200807,7,10.0,281,97.1,91.1,0.0,0.0,8,2020,23.2
219,21.7,24.4,2020-08-08,1.0,20200808,8,10.0,281,98.9,110.6,0.0,0.0,8,2020,22.8
220,21.7,32.1,2020-08-09,1.7,20200809,9,7.0,281,78.4,0.5,0.0,7.4,8,2020,26.9
221,23.6,31.3,2020-08-10,1.5,20200810,10,8.5,281,89.4,14.7,0.0,0.6,8,2020,25.9
222,23.7,31.5,2020-08-11,1.7,20200811,11,8.1,281,78.1,2.0,0.0,4.6,8,2020,27.7
223,23.8,32.4,2020-08-12,1.3,20200812,12,8.1,281,83.1,0.0,0.0,5.1,8,2020,27.8
224,25.7,33.2,2020-08-13,1.7,20200813,13,5.5,281,74.4,0.0,0.0,9.0,8,2020,29.0
225,24.5,34.2,2020-08-14,2.0,20200814,14,5.5,281,73.0,0.0,0.0,10.1,8,2020,29.5
226,25.6,34.9,2020-08-15,1.8,20200815,15,5.1,281,73.9,0.0,0.0,11.2,8,2020,29.8
227,23.8,34.7,2020-08-16,1.3,20200816,16,3.6,281,75.0,0.0,0.0,11.3,8,2020,28.6
228,23.2,33.1,2020-08-17,1.4,20200817,17,4.6,281,76.8,0.0,0.0,11.6,8,2020,27.7
229,21.6,34.2,2020-08-18,1.3,20200818,18,1.9,281,77.1,0.0,0.0,11.5,8,2020,27.7
230,22.5,35.6,2020-08-19,1.6,20200819,19,0.4,281,70.1,0.0,0.0,12.0,8,2020,28.7
231,21.7,34.4,2020-08-20,1.5,20200820,20,0.8,281,72.8,0.0,0.0,11.9,8,2020,27.4
232,21.7,30.8,2020-08-21,1.5,20200821,21,5.5,281,81.8,0.0,0.0,5.1,8,2020,25.1
233,23.0,29.4,2020-08-22,1.7,20200822,22,8.4,281,80.3,0.0,0.0,2.8,8,2020,25.5
234,22.6,32.4,2020-08-23,1.1,20200823,23,5.1,281,75.1,0.0,0.0,8.5,8,2020,26.6
235,21.9,33.2,2020-08-24,1.1,20200824,24,3.8,281,75.6,0.0,0.0,10.5,8,2020,27.1
236,22.0,34.7,2020-08-25,1.2,20200825,25,4.5,281,79.3,1.0,0.0,9.8,8,2020,27.1
237,24.8,31.3,2020-08-26,2.7,20200826,26,8.3,281,80.5,11.4,0.0,5.1,8,2020,27.8
238,24.8,31.2,2020-08-27,1.7,20200827,27,8.5,281,86.4,2.3,0.0,3.2,8,2020,26.7
239,23.7,31.7,2020-08-28,0.9,20200828,28,7.9,281,86.9,6.8,0.0,3.1,8,2020,26.5
240,23.6,31.8,2020-08-29,1.1,20200829,29,6.3,281,80.4,1.3,0.0,6.3,8,2020,27.3
241,23.2,33.9,2020-08-30,1.4,20200830,30,7.6,281,77.9,0.0,0.0,7.2,8,2020,27.1
242,22.3,26.5,2020-08-31,1.8,20200831,31,6.5,281,81.3,0.0,0.0,0.1,8,2020,24.2
243,21.1,27.7,2020-09-01,1.3,20200901,1,7.1,281,81.6,0.0,0.0,1.0,9,2020,24.3
244,23.2,28.5,2020-09-02,2.4,20200902,2,10.0,281,90.5,23.9,0.0,0.1,9,2020,25.2
245,19.0,29.2,2020-09-03,4.6,20200903,3,4.8,281,72.0,79.9,0.0,7.6,9,2020,25.1
246,16.4,29.3,2020-09-04,1.1,20200904,4,2.1,281,72.1,0.0,0.0,11.4,9,2020,22.5
247,16.9,21.9,2020-09-05,0.9,20200905,5,9.6,281,91.9,9.2,0.0,0.0,9,2020,18.8
248,17.1,22.2,2020-09-06,0.9,20200906,6,10.0,281,92.8,12.1,0.0,0.0,9,2020,19.7
249,20.5,24.6,2020-09-07,4.5,20200907,7,9.0,281,80.5,56.4,0.0,0.1,9,2020,22.5
250,18.5,28.1,2020-09-08,2.0,20200908,8,4.3,281,78.8,1.0,0.0,7.6,9,2020,22.9
251,19.0,27.0,2020-09-09,1.0,20200909,9,5.7,281,81.9,2.1,0.0,4.5,9,2020,22.0
252,18.2,26.9,2020-09-10,0.9,20200910,10,7.3,281,81.9,5.8,0.0,5.2,9,2020,21.8
253,18.5,25.8,2020-09-11,1.5,20200911,11,10.0,281,84.6,1.9,0.0,0.2,9,2020,20.9
254,17.9,21.6,2020-09-12,1.0,20200912,12,5.1,281,89.4,5.1,0.0,0.0,9,2020,19.4
255,17.2,23.6,2020-09-13,1.2,20200913,13,7.9,281,83.9,0.0,0.0,3.9,9,2020,19.2
256,17.3,27.3,2020-09-14,1.2,20200914,14,5.5,281,78.9,0.0,0.0,7.2,9,2020,21.1
257,16.5,27.5,2020-09-15,1.3,20200915,15,6.5,281,79.8,0.0,0.0,7.7,9,2020,21.2
258,18.8,23.2,2020-09-16,0.6,20200916,16,7.9,281,88.1,0.6,0.0,0.1,9,2020,20.8
259,17.6,23.7,2020-09-17,0.8,20200917,17,9.6,281,88.6,1.7,0.0,0.0,9,2020,20.2
260,13.2,24.8,2020-09-18,1.5,20200918,18,7.6,281,80.9,1.9,0.0,2.3,9,2020,18.7
261,10.7,25.8,2020-09-19,1.2,20200919,19,3.4,281,71.4,0.0,0.0,10.1,9,2020,18.6
262,12.4,25.9,2020-09-20,1.9,20200920,20,0.0,281,63.0,0.0,0.0,11.2,9,2020,18.7
263,9.4,23.0,2020-09-21,1.1,20200921,21,3.1,281,75.5,0.0,0.0,9.6,9,2020,16.0
264,11.9,21.8,2020-09-22,1.5,20200922,22,7.4,281,80.4,0.0,0.0,4.7,9,2020,16.1
265,13.3,22.8,2020-09-23,2.0,20200923,23,9.5,281,73.9,0.0,0.0,1.0,9,2020,17.9
266,14.4,24.0,2020-09-24,1.8,20200924,24,6.9,281,72.8,0.0,0.0,4.6,9,2020,18.8
267,12.5,24.7,2020-09-25,1.1,20200925,25,5.5,281,76.3,0.0,0.0,4.9,9,2020,18.2
268,12.5,24.1,2020-09-26,1.3,20200926,26,6.8,281,73.6,0.0,0.0,5.7,9,2020,18.2
269,12.1,23.2,2020-09-27,1.6,20200927,27,3.3,281,74.1,0.0,0.0,7.3,9,2020,17.6
270,8.7,23.4,2020-09-28,1.0,20200928,28,2.4,281,80.5,0.0,0.0,9.2,9,2020,15.4
271,9.1,25.2,2020-09-29,0.9,20200929,29,4.3,281,78.6,0.0,0.0,6.9,9,2020,16.1
272,11.1,24.1,2020-09-30,1.1,20200930,30,4.0,281,77.8,0.0,0.0,6.1,9,2020,16.3
273,10.2,23.5,2020-10-01,1.2,20201001,1,3.8,281,79.4,0.0,0.0,9.7,10,2020,16.9
274,12.3,25.5,2020-10-02,1.0,20201002,2,6.3,281,80.6,0.0,0.0,6.6,10,2020,18.3
275,16.1,25.4,2020-10-03,0.8,20201003,3,9.0,281,79.5,0.9,0.0,4.6,10,2020,20.1
276,16.0,22.5,2020-10-04,1.2,20201004,4,8.4,281,76.6,0.2,0.0,0.1,10,2020,19.0
277,9.7,20.3,2020-10-05,2.8,20201005,5,3.3,281,51.3,0.0,0.0,10.7,10,2020,14.8
278,6.4,21.9,2020-10-06,1.1,20201006,6,3.0,281,67.5,0.0,0.0,10.9,10,2020,13.9
279,10.5,21.6,2020-10-07,2.0,20201007,7,5.9,281,71.9,0.0,0.0,6.5,10,2020,16.1
280,15.5,20.7,2020-10-08,4.2,20201008,8,3.5,281,57.9,0.0,0.0,6.2,10,2020,17.4
281,15.7,20.3,2020-10-09,3.7,20201009,9,7.5,281,59.1,0.0,0.0,4.4,10,2020,17.8
282,12.1,22.3,2020-10-10,1.6,20201010,10,7.0,281,65.9,0.0,0.0,6.0,10,2020,16.9
283,9.5,20.7,2020-10-11,0.8,20201011,11,8.5,281,78.0,0.0,0.0,1.7,10,2020,14.7
284,10.5,22.9,2020-10-12,1.1,20201012,12,6.5,281,78.0,0.0,0.0,3.6,10,2020,15.3
285,8.0,21.3,2020-10-13,1.6,20201013,13,4.8,281,61.8,0.0,0.0,7.4,10,2020,14.0
286,5.1,21.0,2020-10-14,1.2,20201014,14,5.3,281,70.6,0.0,0.0,3.9,10,2020,11.4
287,4.1,20.6,2020-10-15,1.1,20201015,15,3.6,281,65.6,0.0,0.0,9.2,10,2020,12.6
288,6.4,17.2,2020-10-16,0.6,20201016,16,8.1,281,78.0,0.0,0.0,0.4,10,2020,12.3
289,6.2,20.8,2020-10-17,1.0,20201017,17,0.9,281,73.8,0.0,0.0,9.6,10,2020,12.7
290,4.1,21.1,2020-10-18,1.1,20201018,18,1.6,281,70.5,0.0,0.0,8.2,10,2020,10.9
291,3.4,21.6,2020-10-19,0.9,20201019,19,2.8,281,72.9,0.0,0.0,8.9,10,2020,12.1
292,5.4,21.9,2020-10-20,1.0,20201020,20,1.5,281,76.3,0.0,0.0,8.1,10,2020,12.2
293,7.1,18.1,2020-10-21,0.7,20201021,21,9.8,281,86.3,10.0,0.0,0.2,10,2020,12.7
294,11.1,17.8,2020-10-22,2.1,20201022,22,8.8,281,76.6,0.0,0.0,0.3,10,2020,14.3
295,7.3,16.4,2020-10-23,3.2,20201023,23,0.9,281,48.5,0.0,0.0,9.2,10,2020,11.0
296,5.9,16.6,2020-10-24,3.6,20201024,24,0.0,281,43.0,0.0,0.0,9.3,10,2020,10.7
297,7.9,20.3,2020-10-25,2.9,20201025,25,2.3,281,55.0,0.0,0.0,8.7,10,2020,13.9
298,3.6,20.5,2020-10-26,0.9,20201026,26,2.3,281,68.1,0.0,0.0,8.8,10,2020,11.4
299,3.4,20.4,2020-10-27,0.8,20201027,27,2.1,281,75.5,0.0,0.0,8.5,10,2020,11.3
300,8.4,21.0,2020-10-28,1.7,20201028,28,6.5,281,59.0,0.0,0.0,3.9,10,2020,14.4
301,2.1,18.3,2020-10-29,0.9,20201029,29,2.3,281,65.4,0.0,0.0,7.6,10,2020,10.1
302,2.9,18.2,2020-10-30,1.3,20201030,30,2.9,281,75.6,0.0,0.0,7.1,10,2020,9.7
303,2.7,18.0,2020-10-31,0.7,20201031,31,3.1,281,71.4,0.0,0.0,8.0,10,2020,9.7
304,7.7,13.1,2020-11-01,0.5,20201101,1,9.9,281,91.6,2.1,0.0,0.0,11,2020,11.0
305,2.7,17.2,2020-11-02,1.2,20201102,2,6.0,281,72.8,0.0,0.0,3.5,11,2020,10.7
306,0.4,11.2,2020-11-03,3.4,20201103,3,0.0,281,52.4,0.0,0.0,8.3,11,2020,6.0
307,-1.0,12.7,2020-11-04,2.5,20201104,4,0.0,281,43.0,0.0,0.0,8.5,11,2020,5.2
308,-3.3,16.5,2020-11-05,0.8,20201105,5,4.1,281,55.3,0.0,0.0,7.9,11,2020,6.9
309,7.4,14.1,2020-11-06,0.5,20201106,6,8.5,281,61.8,0.0,0.0,0.0,11,2020,10.6
310,4.3,22.0,2020-11-07,1.6,20201107,7,1.8,281,59.1,0.0,0.0,6.8,11,2020,13.2
311,3.1,18.0,2020-11-08,2.8,20201108,8,0.8,281,43.4,0.0,0.0,7.8,11,2020,9.8
312,1.9,13.1,2020-11-09,2.4,20201109,9,2.5,281,37.4,0.0,0.0,9.4,11,2020,7.3
313,0.7,14.6,2020-11-10,1.3,20201110,10,1.0,281,50.4,0.0,0.0,7.8,11,2020,6.8
314,-2.0,15.9,2020-11-11,0.6,20201111,11,0.1,281,63.8,0.0,0.0,7.9,11,2020,6.3
315,-0.4,17.9,2020-11-12,0.7,20201112,12,0.0,281,68.4,0.0,0.0,7.8,11,2020,7.1
316,-0.6,19.1,2020-11-13,0.8,20201113,13,0.5,281,66.1,0.0,0.0,7.6,11,2020,8.5
317,2.0,18.7,2020-11-14,1.0,20201114,14,4.0,281,77.3,0.0,0.0,6.0,11,2020,9.7
318,2.7,17.8,2020-11-15,0.8,20201115,15,1.9,281,78.9,0.0,0.0,6.6,11,2020,9.0
319,2.5,19.3,2020-11-16,1.0,20201116,16,3.5,281,75.4,0.0,0.0,7.1,11,2020,10.0
320,6.1,21.1,2020-11-17,0.5,20201117,17,6.5,281,77.1,0.1,0.0,3.6,11,2020,14.0
321,12.1,23.6,2020-11-18,0.9,20201118,18,7.8,281,75.3,0.0,0.0,1.1,11,2020,17.7
322,11.8,24.1,2020-11-19,2.7,20201119,19,8.3,281,81.8,28.9,0.0,0.9,11,2020,18.1
323,3.9,11.9,2020-11-20,4.3,20201120,20,5.5,281,66.4,0.0,0.0,6.0,11,2020,8.8
324,-0.9,10.3,2020-11-21,0.7,20201121,21,6.3,281,79.3,0.0,0.0,0.0,11,2020,5.7
325,6.3,11.4,2020-11-22,2.4,20201122,22,7.9,281,78.3,1.7,0.0,0.0,11,2020,8.6
326,0.1,10.4,2020-11-23,2.3,20201123,23,0.3,281,55.1,0.0,0.0,7.6,11,2020,4.8
327,-0.5,11.8,2020-11-24,1.1,20201124,24,6.3,281,60.1,0.0,0.0,2.5,11,2020,4.9
328,-1.2,12.6,2020-11-25,1.7,20201125,25,2.8,281,61.5,0.0,0.0,7.4,11,2020,5.5
329,0.5,12.8,2020-11-26,0.8,20201126,26,8.5,281,73.3,0.0,0.0,2.3,11,2020,6.9
330,3.2,11.6,2020-11-27,3.0,20201127,27,4.6,281,59.4,0.0,0.0,4.9,11,2020,7.3
331,0.9,7.3,2020-11-28,2.8,20201128,28,4.9,281,45.9,0.0,0.0,6.8,11,2020,3.3
332,-2.3,7.8,2020-11-29,2.9,20201129,29,3.5,281,56.1,0.0,0.0,7.4,11,2020,2.9
333,-1.7,7.9,2020-11-30,2.4,20201130,30,0.0,281,50.5,0.0,0.0,7.3,11,2020,2.9
334,-5.4,9.6,2020-12-01,1.1,20201201,1,2.8,281,51.6,0.0,0.0,7.2,12,2020,1.4
335,-3.4,10.2,2020-12-02,1.0,20201202,2,3.5,281,52.8,0.0,0.0,4.4,12,2020,2.5
336,1.2,9.1,2020-12-03,2.6,20201203,3,5.6,281,38.6,0.0,0.0,7.2,12,2020,4.0
337,-2.8,7.2,2020-12-04,2.5,20201204,4,1.1,281,42.1,0.0,0.0,7.2,12,2020,2.1
338,-3.9,9.1,2020-12-05,1.9,20201205,5,0.1,281,60.4,0.0,0.0,7.2,12,2020,2.3
339,-4.5,10.4,2020-12-06,1.5,20201206,6,0.9,281,66.6,0.0,0.0,7.2,12,2020,2.9
340,-4.1,10.9,2020-12-07,1.9,20201207,7,2.5,281,67.6,0.0,0.0,4.4,12,2020,2.9
341,-5.4,6.2,2020-12-08,2.1,20201208,8,2.1,281,53.8,0.0,0.0,4.9,12,2020,0.6
342,-8.5,8.9,2020-12-09,1.1,20201209,9,1.4,281,52.1,0.0,0.0,7.3,12,2020,-0.6
343,-0.8,11.5,2020-12-10,1.2,20201210,10,5.6,281,60.0,0.0,0.0,3.1,12,2020,3.8
344,-1.5,11.0,2020-12-11,1.3,20201211,11,8.5,281,68.1,0.0,0.0,3.1,12,2020,5.0
345,-2.9,9.3,2020-12-12,2.4,20201212,12,3.1,281,46.1,0.0,0.0,5.6,12,2020,4.6
346,-5.0,10.6,2020-12-13,1.8,20201213,13,7.6,281,62.0,0.0,0.0,2.8,12,2020,1.2
347,-6.2,-0.1,2020-12-14,3.6,20201214,14,3.1,281,32.1,0.0,0.0,7.3,12,2020,-3.3
348,-8.1,-0.8,2020-12-15,3.2,20201215,15,0.0,281,35.3,0.0,0.0,7.2,12,2020,-4.7
349,-6.6,-0.3,2020-12-16,3.3,20201216,16,0.0,281,35.8,0.0,0.0,7.1,12,2020,-3.9
350,-7.3,2.8,2020-12-17,2.7,20201217,17,0.6,281,43.4,0.0,0.0,7.1,12,2020,-2.5
351,-5.5,6.4,2020-12-18,2.1,20201218,18,6.0,281,53.0,0.0,0.0,3.2,12,2020,0.0
352,-4.7,2.9,2020-12-19,2.9,20201219,19,3.1,281,31.8,0.0,0.0,6.7,12,2020,-1.9
353,-5.4,4.5,2020-12-20,2.7,20201220,20,3.8,281,42.5,0.0,0.0,6.0,12,2020,-0.7
354,-6.8,6.1,2020-12-21,2.0,20201221,21,0.5,281,55.9,0.0,0.0,6.4,12,2020,0.3
355,-5.9,8.4,2020-12-22,1.6,20201222,22,0.6,281,64.8,0.0,0.0,6.1,12,2020,1.3
356,-5.7,8.9,2020-12-23,1.1,20201223,23,4.6,281,66.6,0.0,0.0,4.9,12,2020,1.9
357,-3.2,10.9,2020-12-24,2.5,20201224,24,3.6,281,56.1,0.0,0.0,5.1,12,2020,3.6
358,-5.5,5.8,2020-12-25,3.0,20201225,25,0.5,281,52.4,0.0,0.0,7.1,12,2020,0.4
359,-8.1,9.0,2020-12-26,1.0,20201226,26,5.9,281,70.1,0.0,0.0,3.9,12,2020,-0.6
360,-3.8,7.8,2020-12-27,0.5,20201227,27,8.4,281,80.8,0.0,0.0,0.7,12,2020,1.6
361,-2.4,12.5,2020-12-28,0.9,20201228,28,3.6,281,82.9,0.0,0.0,4.4,12,2020,2.9
362,-4.2,12.6,2020-12-29,1.5,20201229,29,7.8,281,78.4,0.9,0.0,3.3,12,2020,2.7
363,-9.3,0.8,2020-12-30,5.4,20201230,30,3.0,281,51.6,0.0,0.0,7.3,12,2020,-5.9
364,-11.3,-0.6,2020-12-31,3.7,20201231,31,1.1,281,49.8,0.0,0.0,7.0,12,2020,-5.9
