,rainfall,date,wind,year,sunshine,month,tmin,snow,tavg,day,humid,Date,cloud,tmax,station_id
0,0.0,20170101,1.5,2017,6.9,1,-2.6,0.0,2.6,1,75.4,2017-01-01,0.0,10.0,281
1,0.0,20170102,2.2,2017,3.6,1,-2.3,0.0,5.1,2,70.8,2017-01-02,0.0,11.5,281
2,0.0,20170103,2.2,2017,7.6,1,-2.6,0.0,4.0,3,49.8,2017-01-03,0.0,10.8,281
3,0.0,20170104,1.2,2017,6.8,1,-3.9,0.0,3.2,4,63.4,2017-01-04,0.0,11.9,281
4,0.1,20170105,1.2,2017,0.0,1,-3.0,0.0,2.9,5,83.6,2017-01-05,0.0,7.8,281
5,0.1,20170106,0.8,2017,1.4,1,-1.5,0.0,4.2,6,78.9,2017-01-06,0.0,8.8,281
6,0.0,20170107,0.4,2017,4.3,1,-4.4,0.0,2.4,7,76.3,2017-01-07,0.0,9.3,281
7,0.0,20170108,0.7,2017,0.2,1,3.8,0.0,6.9,8,75.8,2017-01-08,0.0,12.6,281
8,0.0,20170109,3.3,2017,4.0,1,-0.4,0.0,5.5,9,50.9,2017-01-09,0.0,9.2,281
9,0.0,20170110,4.4,2017,7.3,1,-1.4,0.0,1.4,10,42.6,2017-01-10,0.0,5.7,281
10,0.0,20170111,3.6,2017,7.4,1,-5.1,0.0,-1.0,11,34.1,2017-01-11,0.0,3.6,281
11,0.0,20170112,3.2,2017,6.1,1,-5.0,0.0,1.2,12,45.5,2017-01-12,0.0,9.1,281
12,0.1,20170113,3.9,2017,5.7,1,-4.0,0.0,-1.0,13,38.5,2017-01-13,0.0,5.1,281
13,0.0,20170114,4.4,2017,7.8,1,-7.6,0.0,-4.5,14,32.0,2017-01-14,0.0,0.2,281
14,0.0,20170115,3.1,2017,7.9,1,-9.1,0.0,-3.7,15,26.3,2017-01-15,0.0,3.1,281
15,0.0,20170116,1.3,2017,7.9,1,-9.8,0.0,-3.1,16,44.4,2017-01-16,0.0,6.0,281
16,0.0,20170117,0.6,2017,6.6,1,-10.3,0.0,-2.7,17,52.5,2017-01-17,0.0,7.8,281
17,0.0,20170118,1.4,2017,5.0,1,-6.8,0.0,0.4,18,50.5,2017-01-18,0.0,6.4,281
18,0.0,20170119,0.7,2017,6.6,1,-7.2,0.0,-0.3,19,69.5,2017-01-19,0.0,9.2,281
19,1.0,20170120,3.2,2017,4.1,1,-4.3,0.0,-1.6,20,65.9,2017-01-20,0.0,1.6,281
20,0.0,20170121,2.2,2017,7.8,1,-8.2,0.0,-2.7,21,60.1,2017-01-21,0.0,3.3,281
21,0.5,20170122,4.0,2017,7.8,1,-6.4,0.0,-3.2,22,53.6,2017-01-22,0.0,-0.2,281
22,0.0,20170123,4.0,2017,7.8,1,-8.6,0.0,-4.8,23,40.5,2017-01-23,0.0,0.0,281
23,0.0,20170124,2.3,2017,7.9,1,-7.8,0.0,-3.5,24,40.8,2017-01-24,0.0,2.9,281
24,0.0,20170125,1.8,2017,7.9,1,-8.7,0.0,-2.0,25,38.4,2017-01-25,0.0,5.5,281
25,0.0,20170126,1.3,2017,8.0,1,-11.4,0.0,-0.8,26,38.6,2017-01-26,0.0,9.2,281
26,0.0,20170127,3.7,2017,5.7,1,0.1,0.0,4.2,27,26.1,2017-01-27,0.0,7.6,281
27,0.0,20170128,1.1,2017,8.1,1,-7.8,0.0,1.3,28,29.9,2017-01-28,0.0,11.0,281
28,0.5,20170129,0.8,2017,0.0,1,-0.8,0.0,3.8,29,55.4,2017-01-29,0.0,6.4,281
29,0.5,20170130,4.0,2017,6.8,1,-4.8,0.0,0.9,30,52.4,2017-01-30,0.0,4.5,281
30,0.0,20170131,2.0,2017,8.3,1,-7.9,0.0,-1.0,31,39.3,2017-01-31,0.0,7.2,281
31,0.0,20170201,3.8,2017,5.9,2,-2.6,0.0,0.6,1,30.8,2017-02-01,0.0,6.1,281
32,0.0,20170202,3.6,2017,8.8,2,-4.9,0.0,0.9,2,27.0,2017-02-02,0.0,7.9,281
33,0.0,20170203,2.7,2017,8.8,2,-1.8,0.0,3.9,3,42.1,2017-02-03,0.0,10.1,281
34,0.0,20170204,0.9,2017,6.9,2,-4.6,0.0,5.0,4,37.4,2017-02-04,0.0,13.9,281
35,0.4,20170205,2.6,2017,5.4,2,2.3,0.0,5.8,5,63.0,2017-02-05,0.0,13.2,281
36,0.0,20170206,3.7,2017,9.3,2,-1.2,0.0,2.3,6,39.3,2017-02-06,0.0,7.3,281
37,0.0,20170207,1.1,2017,5.8,2,-5.9,0.0,0.7,7,48.6,2017-02-07,0.0,8.7,281
38,0.0,20170208,1.8,2017,1.8,2,-5.0,0.0,1.9,8,51.3,2017-02-08,0.0,8.1,281
39,0.0,20170209,4.9,2017,7.7,2,-5.1,0.0,-0.8,9,35.9,2017-02-09,0.0,3.2,281
40,0.0,20170210,5.0,2017,9.5,2,-5.9,0.0,-3.2,10,39.4,2017-02-10,0.0,0.7,281
41,0.0,20170211,4.0,2017,10.1,2,-7.1,0.0,-2.3,11,40.6,2017-02-11,0.0,2.9,281
42,0.0,20170212,2.9,2017,9.6,2,-6.4,0.0,0.2,12,41.0,2017-02-12,0.0,7.0,281
43,0.5,20170213,2.8,2017,9.5,2,-4.3,0.0,2.3,13,50.9,2017-02-13,0.0,8.6,281
44,0.5,20170214,1.4,2017,9.2,2,-4.8,0.0,1.0,14,69.3,2017-02-14,0.0,7.7,281
45,0.0,20170215,1.4,2017,9.6,2,-7.6,0.0,2.1,15,45.9,2017-02-15,0.0,13.3,281
46,0.5,20170216,1.7,2017,9.4,2,-5.4,0.0,7.6,16,50.5,2017-02-16,0.0,16.7,281
47,0.5,20170217,4.1,2017,6.1,2,1.2,0.0,9.1,17,42.5,2017-02-17,0.0,13.6,281
48,0.0,20170218,4.1,2017,10.3,2,-3.3,0.0,1.3,18,28.3,2017-02-18,0.0,6.5,281
49,2.5,20170219,2.0,2017,7.4,2,-4.7,0.0,3.9,19,51.8,2017-02-19,0.0,11.7,281
50,3.5,20170220,3.8,2017,7.3,2,-1.7,0.0,5.1,20,55.6,2017-02-20,0.0,9.5,281
51,0.0,20170221,1.4,2017,10.3,2,-7.3,0.0,1.6,21,55.4,2017-02-21,0.0,9.6,281
52,20.0,20170222,1.0,2017,0.0,2,-1.0,0.0,3.5,22,88.4,2017-02-22,0.0,5.9,281
53,0.0,20170223,3.8,2017,3.5,2,-1.6,0.0,2.4,23,53.0,2017-02-23,0.0,5.2,281
54,0.0,20170224,3.6,2017,10.5,2,-3.5,0.0,1.0,24,39.0,2017-02-24,0.0,7.5,281
55,0.0,20170225,2.4,2017,10.6,2,-2.2,0.0,3.5,25,43.9,2017-02-25,0.0,10.6,281
56,0.0,20170226,1.3,2017,10.3,2,-2.9,0.0,4.0,26,54.8,2017-02-26,0.0,11.9,281
57,0.1,20170227,1.4,2017,7.8,2,-3.2,0.0,3.1,27,76.8,2017-02-27,0.0,11.8,281
58,0.0,20170228,0.9,2017,9.6,2,-2.1,0.0,4.8,28,62.0,2017-02-28,0.0,14.2,281
59,0.0,20170301,0.9,2017,4.7,3,-1.4,0.0,5.8,1,50.9,2017-03-01,0.0,14.2,281
60,1.0,20170302,3.1,2017,2.8,3,1.4,0.0,5.0,2,64.9,2017-03-02,0.0,8.8,281
61,0.0,20170303,2.1,2017,10.8,3,-3.2,0.0,4.8,3,41.0,2017-03-03,0.0,13.7,281
62,0.0,20170304,0.9,2017,9.5,3,-1.6,0.0,6.4,4,49.0,2017-03-04,0.0,16.4,281
63,0.0,20170305,1.0,2017,7.7,3,-1.2,0.0,6.8,5,50.5,2017-03-05,0.0,16.1,281
64,0.0,20170306,4.2,2017,10.3,3,0.4,0.0,5.0,6,33.6,2017-03-06,0.0,9.0,281
65,0.0,20170307,3.8,2017,9.3,3,-2.1,0.0,1.5,7,35.4,2017-03-07,0.0,6.4,281
66,0.0,20170308,3.9,2017,10.2,3,-4.2,0.0,1.6,8,41.6,2017-03-08,0.0,7.0,281
67,0.0,20170309,3.5,2017,10.6,3,-0.3,0.0,6.6,9,32.5,2017-03-09,0.0,13.4,281
68,0.0,20170310,2.7,2017,10.9,3,-1.0,0.0,6.3,10,34.0,2017-03-10,0.0,13.9,281
69,0.0,20170311,1.4,2017,10.8,3,-4.9,0.0,5.9,11,48.4,2017-03-11,0.0,16.6,281
70,0.0,20170312,1.3,2017,8.9,3,-2.6,0.0,8.9,12,43.0,2017-03-12,0.0,19.3,281
71,0.0,20170313,2.2,2017,9.1,3,3.0,0.0,9.7,13,44.1,2017-03-13,0.0,15.8,281
72,0.0,20170314,1.5,2017,7.0,3,2.5,0.0,6.9,14,61.5,2017-03-14,0.0,14.4,281
73,0.0,20170315,1.4,2017,11.0,3,-2.9,0.0,4.9,15,61.9,2017-03-15,0.0,13.0,281
74,0.0,20170316,0.9,2017,8.6,3,-2.1,0.0,6.7,16,55.9,2017-03-16,0.0,14.9,281
75,0.0,20170317,1.2,2017,10.9,3,-2.5,0.0,7.2,17,50.1,2017-03-17,0.0,17.1,281
76,0.0,20170318,1.2,2017,6.9,3,-0.1,0.0,8.2,18,45.9,2017-03-18,0.0,18.0,281
77,0.0,20170319,1.4,2017,10.5,3,-1.6,0.0,8.3,19,47.4,2017-03-19,0.0,19.0,281
78,5.0,20170320,1.2,2017,3.2,3,-1.1,0.0,7.6,20,77.8,2017-03-20,0.0,15.5,281
79,3.5,20170321,2.2,2017,9.5,3,2.1,0.0,8.0,21,70.5,2017-03-21,0.0,16.0,281
80,0.0,20170322,1.4,2017,9.8,3,-1.7,0.0,7.7,22,50.1,2017-03-22,0.0,16.1,281
81,0.0,20170323,1.8,2017,8.4,3,5.3,0.0,10.4,23,42.1,2017-03-23,0.0,17.4,281
82,0.0,20170324,1.7,2017,4.2,3,1.9,0.0,8.1,24,53.8,2017-03-24,0.0,13.2,281
83,10.5,20170325,1.5,2017,0.6,3,3.7,0.0,6.6,25,81.6,2017-03-25,0.0,11.3,281
84,10.5,20170326,1.1,2017,1.6,3,3.7,0.0,6.0,26,87.0,2017-03-26,0.0,11.3,281
85,0.5,20170327,2.1,2017,4.5,3,0.6,0.0,5.7,27,74.1,2017-03-27,0.0,12.3,281
86,0.0,20170328,1.3,2017,9.0,3,-0.8,0.0,7.8,28,59.1,2017-03-28,0.0,15.4,281
87,0.5,20170329,1.7,2017,9.5,3,4.6,0.0,9.7,29,67.9,2017-03-29,0.0,16.1,281
88,0.0,20170330,1.7,2017,9.9,3,2.8,0.0,11.0,30,63.3,2017-03-30,0.0,20.4,281
89,0.5,20170331,1.8,2017,0.0,3,7.0,0.0,9.0,31,72.1,2017-03-31,0.0,10.6,281
90,15.0,20170401,1.5,2017,2.3,4,3.8,0.0,7.2,1,87.4,2017-04-01,0.0,11.8,281
91,0.0,20170402,1.5,2017,9.7,4,1.9,0.0,7.9,2,66.6,2017-04-02,0.0,16.1,281
92,0.0,20170403,2.6,2017,11.6,4,2.3,0.0,12.5,3,36.6,2017-04-03,0.0,22.3,281
93,0.0,20170404,1.4,2017,10.5,4,1.7,0.0,14.1,4,43.8,2017-04-04,0.0,23.6,281
94,1.0,20170405,1.1,2017,0.0,4,9.4,0.0,13.9,5,67.9,2017-04-05,0.0,17.8,281
95,9.0,20170406,1.8,2017,0.2,4,13.3,0.0,16.3,6,83.6,2017-04-06,0.0,19.9,281
96,0.0,20170407,1.9,2017,11.8,4,7.6,0.0,14.5,7,67.8,2017-04-07,0.0,22.0,281
97,0.0,20170408,1.5,2017,9.6,4,6.2,0.0,16.8,8,56.8,2017-04-08,0.0,27.4,281
98,0.0,20170409,2.7,2017,1.9,4,9.6,0.0,12.8,9,57.9,2017-04-09,0.0,15.5,281
99,0.5,20170410,2.7,2017,9.5,4,6.1,0.0,11.6,10,55.9,2017-04-10,0.0,16.3,281
100,19.5,20170411,2.4,2017,5.9,4,8.2,0.0,12.5,11,70.9,2017-04-11,0.0,18.8,281
101,0.0,20170412,3.1,2017,8.8,4,9.5,0.0,13.8,12,25.5,2017-04-12,0.0,19.4,281
102,0.0,20170413,2.4,2017,11.3,4,4.7,0.0,14.6,13,28.9,2017-04-13,0.0,22.9,281
103,0.0,20170414,3.0,2017,8.4,4,4.6,0.0,15.2,14,49.0,2017-04-14,0.0,22.1,281
104,0.0,20170415,2.0,2017,10.7,4,10.7,0.0,19.0,15,44.1,2017-04-15,0.0,26.8,281
105,0.0,20170416,1.2,2017,11.2,4,7.8,0.0,18.4,16,42.8,2017-04-16,0.0,29.5,281
106,20.0,20170417,1.2,2017,0.0,4,10.3,0.0,13.2,17,81.6,2017-04-17,0.0,16.9,281
107,5.4,20170418,2.4,2017,9.0,4,8.9,0.0,15.4,18,63.8,2017-04-18,0.0,23.0,281
108,0.0,20170419,4.0,2017,12.0,4,9.7,0.0,15.5,19,33.6,2017-04-19,0.0,21.5,281
109,0.2,20170420,1.7,2017,1.6,4,10.2,0.0,13.6,20,53.0,2017-04-20,0.0,20.8,281
110,0.0,20170421,2.1,2017,9.2,4,7.4,0.0,14.1,21,58.9,2017-04-21,0.0,22.1,281
111,0.0,20170422,1.6,2017,10.7,4,6.0,0.0,12.3,22,67.0,2017-04-22,0.0,20.3,281
112,0.0,20170423,1.4,2017,11.8,4,4.2,0.0,14.0,23,57.1,2017-04-23,0.0,23.9,281
113,0.0,20170424,1.8,2017,12.1,4,4.8,0.0,16.2,24,45.6,2017-04-24,0.0,24.7,281
114,0.0,20170425,1.8,2017,6.9,4,10.5,0.0,18.5,25,53.6,2017-04-25,0.0,24.8,281
115,9.0,20170426,1.7,2017,6.7,4,9.2,0.0,14.5,26,72.5,2017-04-26,0.0,21.1,281
116,0.0,20170427,2.4,2017,10.4,4,6.8,0.0,13.4,27,39.3,2017-04-27,0.0,21.3,281
117,0.0,20170428,2.5,2017,11.5,4,2.8,0.0,16.0,28,34.8,2017-04-28,0.0,26.3,281
118,0.0,20170429,2.4,2017,12.2,4,6.7,0.0,18.7,29,31.5,2017-04-29,0.0,27.9,281
119,0.0,20170430,2.2,2017,11.9,4,8.6,0.0,21.4,30,39.0,2017-04-30,0.0,30.7,281
120,0.0,20170501,2.6,2017,11.9,5,9.4,0.0,16.7,1,46.5,2017-05-01,0.0,22.9,281
121,0.0,20170502,2.0,2017,12.1,5,6.0,0.0,14.9,2,51.9,2017-05-02,0.0,22.8,281
122,0.0,20170503,1.3,2017,12.2,5,5.9,0.0,17.5,3,46.3,2017-05-03,0.0,28.9,281
123,0.0,20170504,1.3,2017,8.9,5,7.9,0.0,19.1,4,56.5,2017-05-04,0.0,27.6,281
124,6.5,20170505,1.5,2017,5.6,5,13.7,0.0,20.0,5,75.6,2017-05-05,0.0,27.8,281
125,0.0,20170506,3.0,2017,8.8,5,14.0,0.0,18.7,6,32.5,2017-05-06,0.0,24.6,281
126,0.0,20170507,3.3,2017,12.0,5,9.7,0.0,20.0,7,26.6,2017-05-07,0.0,27.9,281
127,0.0,20170508,2.1,2017,7.4,5,12.2,0.0,20.8,8,28.3,2017-05-08,0.0,28.2,281
128,17.0,20170509,1.4,2017,0.0,5,13.3,0.0,15.3,9,81.5,2017-05-09,0.0,19.7,281
129,0.2,20170510,1.4,2017,1.4,5,13.4,0.0,16.2,10,81.1,2017-05-10,0.0,21.4,281
130,0.2,20170511,1.6,2017,10.2,5,11.5,0.0,19.6,11,67.9,2017-05-11,0.0,27.5,281
131,0.0,20170512,1.0,2017,0.0,5,14.4,0.0,17.1,12,83.5,2017-05-12,0.0,20.8,281
132,0.0,20170513,1.9,2017,9.7,5,11.8,0.0,19.8,13,60.0,2017-05-13,0.0,28.4,281
133,0.0,20170514,3.6,2017,12.5,5,13.9,0.0,19.5,14,31.9,2017-05-14,0.0,26.2,281
134,0.0,20170515,2.8,2017,11.4,5,10.8,0.0,17.6,15,40.0,2017-05-15,0.0,24.8,281
135,0.5,20170516,1.5,2017,5.3,5,9.0,0.0,16.7,16,62.0,2017-05-16,0.0,23.3,281
136,0.0,20170517,1.7,2017,9.2,5,13.6,0.0,18.1,17,65.8,2017-05-17,0.0,24.8,281
137,0.0,20170518,1.8,2017,12.5,5,10.4,0.0,21.2,18,50.4,2017-05-18,0.0,29.7,281
138,0.0,20170519,3.4,2017,12.8,5,16.2,0.0,24.8,19,28.3,2017-05-19,0.0,32.0,281
139,0.0,20170520,2.1,2017,12.6,5,16.4,0.0,24.2,20,31.3,2017-05-20,0.0,31.5,281
140,0.0,20170521,1.5,2017,10.1,5,12.8,0.0,22.5,21,46.0,2017-05-21,0.0,31.5,281
141,0.0,20170522,2.1,2017,12.4,5,12.2,0.0,19.9,22,59.6,2017-05-22,0.0,28.7,281
142,0.0,20170523,1.4,2017,5.1,5,12.0,0.0,20.9,23,59.0,2017-05-23,0.0,27.7,281
143,0.2,20170524,1.5,2017,4.3,5,15.6,0.0,19.6,24,75.0,2017-05-24,0.0,25.0,281
144,0.0,20170525,2.5,2017,10.8,5,13.7,0.0,22.1,25,52.6,2017-05-25,0.0,32.3,281
145,0.0,20170526,2.5,2017,9.4,5,10.2,0.0,15.9,26,59.4,2017-05-26,0.0,24.2,281
146,0.0,20170527,1.9,2017,12.6,5,8.3,0.0,17.9,27,56.1,2017-05-27,0.0,27.7,281
147,0.0,20170528,1.9,2017,12.9,5,10.3,0.0,22.1,28,48.9,2017-05-28,0.0,31.2,281
148,0.0,20170529,2.6,2017,25.5,5,19.6,0.0,27.7,29,34.3,2017-05-29,0.0,36.1,281
149,0.0,20170530,1.6,2017,7.2,5,16.4,0.0,25.5,30,40.0,2017-05-30,0.0,34.2,281
150,0.0,20170531,1.2,2017,4.5,5,15.9,0.0,23.9,31,48.8,2017-05-31,0.0,32.0,281
151,1.0,20170601,1.9,2017,7.9,6,15.5,0.0,21.6,1,68.5,2017-06-01,0.0,31.7,281
152,0.5,20170602,2.4,2017,12.5,6,13.0,0.0,18.6,2,54.1,2017-06-02,0.0,27.5,281
153,0.0,20170603,2.4,2017,12.7,6,12.9,0.0,19.4,3,48.0,2017-06-03,0.0,27.9,281
154,0.0,20170604,2.0,2017,12.8,6,9.4,0.0,18.6,4,49.6,2017-06-04,0.0,28.3,281
155,0.0,20170605,2.2,2017,13.0,6,10.5,0.0,18.4,5,55.0,2017-06-05,0.0,25.8,281
156,1.5,20170606,1.7,2017,0.7,6,12.3,0.0,17.6,6,72.3,2017-06-06,0.0,21.6,281
157,0.3,20170607,1.9,2017,0.3,6,17.2,0.0,20.8,7,70.8,2017-06-07,0.0,25.8,281
158,0.0,20170608,3.0,2017,12.0,6,17.1,0.0,22.4,8,46.8,2017-06-08,0.0,29.0,281
159,0.0,20170609,2.2,2017,11.9,6,15.5,0.0,24.9,9,38.3,2017-06-09,0.0,32.7,281
160,0.0,20170610,2.3,2017,4.8,6,17.0,0.0,21.6,10,39.8,2017-06-10,0.0,29.3,281
161,0.0,20170611,2.2,2017,12.1,6,14.9,0.0,20.1,11,44.5,2017-06-11,0.0,27.1,281
162,0.0,20170612,2.3,2017,11.7,6,11.9,0.0,18.2,12,57.0,2017-06-12,0.0,23.6,281
163,0.5,20170613,1.6,2017,8.4,6,13.0,0.0,19.7,13,61.0,2017-06-13,0.0,28.6,281
164,0.0,20170614,2.0,2017,12.5,6,13.7,0.0,22.3,14,51.8,2017-06-14,0.0,29.7,281
165,0.0,20170615,2.7,2017,13.1,6,19.4,0.0,25.5,15,39.4,2017-06-15,0.0,33.5,281
166,0.0,20170616,2.8,2017,12.7,6,16.6,0.0,20.9,16,62.8,2017-06-16,0.0,26.5,281
167,0.0,20170617,1.8,2017,12.4,6,14.3,0.0,22.2,17,60.6,2017-06-17,0.0,32.0,281
168,0.0,20170618,1.9,2017,12.1,6,15.7,0.0,24.5,18,57.4,2017-06-18,0.0,34.7,281
169,0.0,20170619,1.4,2017,11.5,6,16.8,0.0,27.3,19,46.6,2017-06-19,0.0,36.9,281
170,2.0,20170620,1.7,2017,2.8,6,18.8,0.0,24.6,20,54.6,2017-06-20,0.0,31.4,281
171,0.5,20170621,1.5,2017,6.6,6,18.4,0.0,23.5,21,63.0,2017-06-21,0.0,31.1,281
172,0.0,20170622,1.5,2017,11.9,6,16.3,0.0,24.4,22,56.5,2017-06-22,0.0,31.6,281
173,0.0,20170623,2.1,2017,10.5,6,18.0,0.0,25.1,23,58.5,2017-06-23,0.0,32.1,281
174,0.0,20170624,1.8,2017,6.4,6,18.5,0.0,24.9,24,56.8,2017-06-24,0.0,32.6,281
175,8.0,20170625,1.9,2017,6.8,6,18.5,0.0,23.4,25,64.0,2017-06-25,0.0,30.3,281
176,0.2,20170626,1.7,2017,2.4,6,19.9,0.0,22.3,26,77.0,2017-06-26,0.0,26.1,281
177,0.0,20170627,1.5,2017,4.2,6,18.8,0.0,23.9,27,66.9,2017-06-27,0.0,29.2,281
178,0.0,20170628,1.6,2017,7.9,6,18.0,0.0,24.8,28,64.1,2017-06-28,0.0,32.2,281
179,0.1,20170629,1.2,2017,4.5,6,19.4,0.0,25.0,29,63.8,2017-06-29,0.0,30.2,281
180,0.0,20170630,1.9,2017,9.6,6,21.5,0.0,27.3,30,61.3,2017-06-30,0.0,33.4,281
181,0.1,20170701,2.1,2017,0.9,7,25.0,0.0,27.7,1,63.9,2017-07-01,0.0,31.6,281
182,2.0,20170702,1.6,2017,1.3,7,23.6,0.0,27.5,2,69.3,2017-07-02,0.0,33.0,281
183,0.2,20170703,2.8,2017,2.6,7,26.6,0.0,28.9,3,62.4,2017-07-03,0.0,34.1,281
184,7.0,20170704,1.6,2017,2.2,7,23.1,0.0,26.2,4,74.4,2017-07-04,0.0,32.3,281
185,0.0,20170705,1.8,2017,9.0,7,21.4,0.0,26.3,5,69.0,2017-07-05,0.0,32.8,281
186,0.0,20170706,1.3,2017,6.1,7,21.6,0.0,27.0,6,70.6,2017-07-06,0.0,34.1,281
187,1.0,20170707,1.1,2017,2.1,7,23.7,0.0,27.1,7,73.3,2017-07-07,0.0,30.4,281
188,1.0,20170708,1.4,2017,1.3,7,23.8,0.0,26.9,8,76.5,2017-07-08,0.0,30.9,281
189,6.5,20170709,1.5,2017,8.5,7,24.1,0.0,29.2,9,68.3,2017-07-09,0.0,36.1,281
190,0.0,20170710,1.7,2017,1.0,7,25.4,0.0,28.9,10,67.4,2017-07-10,0.0,33.2,281
191,0.0,20170711,2.3,2017,4.0,7,27.1,0.0,29.7,11,56.9,2017-07-11,0.0,33.9,281
192,0.0,20170712,2.3,2017,11.9,7,24.5,0.0,30.4,12,53.4,2017-07-12,0.0,37.5,281
193,0.0,20170713,1.9,2017,12.6,7,22.0,0.0,30.4,13,51.3,2017-07-13,0.0,38.9,281
194,96.5,20170714,2.0,2017,7.4,7,21.8,0.0,27.1,14,70.3,2017-07-14,0.0,35.8,281
195,1.0,20170715,1.3,2017,0.5,7,22.2,0.0,25.6,15,80.4,2017-07-15,0.0,29.6,281
196,0.0,20170716,1.6,2017,2.1,7,23.7,0.0,27.4,16,71.9,2017-07-16,0.0,33.6,281
197,8.5,20170717,1.8,2017,3.4,7,22.5,0.0,26.7,17,75.1,2017-07-17,0.0,33.6,281
198,0.5,20170718,1.8,2017,8.1,7,22.4,0.0,27.1,18,71.8,2017-07-18,0.0,32.3,281
199,0.0,20170719,1.4,2017,10.2,7,22.4,0.0,28.7,19,66.3,2017-07-19,0.0,35.4,281
200,0.0,20170720,1.4,2017,10.6,7,23.3,0.0,29.6,20,63.6,2017-07-20,0.0,36.1,281
201,0.0,20170721,1.5,2017,10.3,7,24.5,0.0,30.8,21,63.3,2017-07-21,0.0,37.4,281
202,1.5,20170722,1.4,2017,1.4,7,22.1,0.0,27.1,22,77.1,2017-07-22,0.0,34.8,281
203,0.0,20170723,1.1,2017,0.0,7,22.2,0.0,27.1,23,81.5,2017-07-23,0.0,31.8,281
204,3.5,20170724,0.9,2017,2.6,7,25.9,0.0,27.9,24,86.0,2017-07-24,0.0,35.4,281
205,16.0,20170725,1.2,2017,0.0,7,22.8,0.0,25.1,25,87.9,2017-07-25,0.0,26.4,281
206,0.0,20170726,2.1,2017,10.3,7,19.2,0.0,24.3,26,67.8,2017-07-26,0.0,29.4,281
207,0.0,20170727,1.5,2017,12.8,7,16.8,0.0,25.2,27,61.3,2017-07-27,0.0,32.7,281
208,0.0,20170728,1.6,2017,6.3,7,20.1,0.0,26.8,28,65.5,2017-07-28,0.0,33.5,281
209,22.0,20170729,1.7,2017,0.0,7,22.2,0.0,23.0,29,88.8,2017-07-29,0.0,25.6,281
210,0.0,20170730,0.8,2017,2.1,7,22.2,0.0,25.8,30,79.6,2017-07-30,0.0,30.8,281
211,14.0,20170731,1.0,2017,0.0,7,22.6,0.0,24.7,31,91.6,2017-07-31,0.0,26.4,281
212,2.5,20170801,1.3,2017,6.2,8,23.5,0.0,26.2,1,79.4,2017-08-01,0.0,32.0,281
213,0.0,20170802,1.3,2017,5.3,8,22.0,0.0,25.4,2,75.6,2017-08-02,0.0,31.3,281
214,0.0,20170803,1.8,2017,8.6,8,21.0,0.0,25.8,3,74.0,2017-08-03,0.0,31.4,281
215,0.0,20170804,1.8,2017,10.5,8,22.7,0.0,28.4,4,70.8,2017-08-04,0.0,34.2,281
216,0.0,20170805,1.6,2017,12.2,8,23.2,0.0,29.1,5,70.3,2017-08-05,0.0,35.3,281
217,0.0,20170806,1.4,2017,11.4,8,24.1,0.0,29.9,6,65.5,2017-08-06,0.0,37.1,281
218,0.0,20170807,1.7,2017,11.1,8,24.2,0.0,28.7,7,67.3,2017-08-07,0.0,36.3,281
219,0.0,20170808,1.6,2017,11.0,8,22.9,0.0,28.9,8,61.0,2017-08-08,0.0,35.4,281
220,13.0,20170809,1.3,2017,0.3,8,24.5,0.0,26.5,9,83.5,2017-08-09,0.0,29.6,281
221,75.5,20170810,0.9,2017,0.0,8,23.3,0.0,24.8,10,92.3,2017-08-10,0.0,27.4,281
222,0.2,20170811,1.2,2017,6.5,8,21.8,0.0,25.3,11,78.9,2017-08-11,0.0,30.7,281
223,0.0,20170812,1.4,2017,7.0,8,20.5,0.0,24.3,12,74.1,2017-08-12,0.0,29.1,281
224,0.0,20170813,1.4,2017,0.7,8,19.4,0.0,23.3,13,77.1,2017-08-13,0.0,27.3,281
225,56.0,20170814,1.2,2017,0.0,8,21.6,0.0,22.5,14,91.6,2017-08-14,0.0,24.3,281
226,14.5,20170815,1.3,2017,0.0,8,21.7,0.0,23.4,15,92.8,2017-08-15,0.0,25.5,281
227,2.0,20170816,1.1,2017,3.6,8,23.0,0.0,25.4,16,80.5,2017-08-16,0.0,28.8,281
228,0.0,20170817,1.8,2017,5.0,8,22.7,0.0,24.8,17,77.4,2017-08-17,0.0,29.3,281
229,0.0,20170818,1.2,2017,8.3,8,20.8,0.0,25.5,18,73.5,2017-08-18,0.0,31.9,281
230,5.0,20170819,1.5,2017,3.2,8,22.3,0.0,25.3,19,79.9,2017-08-19,0.0,29.8,281
231,0.5,20170820,1.9,2017,1.7,8,23.3,0.0,25.5,20,82.8,2017-08-20,0.0,29.1,281
232,13.5,20170821,1.0,2017,4.0,8,23.4,0.0,25.6,21,87.9,2017-08-21,0.0,32.0,281
233,1.5,20170822,1.3,2017,7.8,8,23.2,0.0,27.3,22,78.5,2017-08-22,0.0,32.7,281
234,3.5,20170823,1.5,2017,8.7,8,23.9,0.0,29.0,23,75.3,2017-08-23,0.0,35.1,281
235,3.0,20170824,2.4,2017,7.7,8,24.8,0.0,29.9,24,68.5,2017-08-24,0.0,34.7,281
236,1.0,20170825,1.6,2017,8.1,8,21.1,0.0,27.0,25,66.3,2017-08-25,0.0,33.1,281
237,0.0,20170826,1.7,2017,11.1,8,16.8,0.0,23.6,26,58.6,2017-08-26,0.0,31.8,281
238,0.0,20170827,1.1,2017,10.8,8,15.4,0.0,22.4,27,67.6,2017-08-27,0.0,30.5,281
239,0.0,20170828,1.2,2017,11.1,8,17.1,0.0,25.3,28,64.4,2017-08-28,0.0,32.6,281
240,0.0,20170829,2.0,2017,10.4,8,20.1,0.0,25.8,29,57.4,2017-08-29,0.0,31.8,281
241,0.0,20170830,1.7,2017,1.0,8,17.1,0.0,20.9,30,55.4,2017-08-30,0.0,25.8,281
242,0.0,20170831,1.3,2017,11.0,8,13.5,0.0,20.6,31,64.3,2017-08-31,0.0,28.2,281
243,0.0,20170901,1.9,2017,10.5,9,15.1,0.0,20.2,1,64.5,2017-09-01,0.0,26.5,281
244,0.0,20170902,1.4,2017,9.8,9,12.3,0.0,19.5,2,67.6,2017-09-02,0.0,26.4,281
245,0.0,20170903,1.3,2017,11.4,9,13.0,0.0,20.4,3,67.0,2017-09-03,0.0,27.4,281
246,0.0,20170904,1.4,2017,8.1,9,16.0,0.0,21.2,4,72.8,2017-09-04,0.0,27.4,281
247,0.5,20170905,0.7,2017,0.3,9,16.9,0.0,21.3,5,82.9,2017-09-05,0.0,26.2,281
248,5.0,20170906,1.2,2017,0.1,9,18.4,0.0,21.4,6,84.1,2017-09-06,0.0,25.4,281
249,0.5,20170907,1.5,2017,6.4,9,18.0,0.0,21.9,7,74.4,2017-09-07,0.0,28.6,281
250,0.0,20170908,1.0,2017,9.6,9,15.2,0.0,22.7,8,71.4,2017-09-08,0.0,30.3,281
251,0.0,20170909,0.9,2017,7.5,9,16.0,0.0,22.4,9,73.3,2017-09-09,0.0,31.2,281
252,0.0,20170910,1.4,2017,4.2,9,16.0,0.0,22.4,10,73.1,2017-09-10,0.0,28.9,281
253,41.5,20170911,1.3,2017,0.0,9,19.6,0.0,20.8,11,91.1,2017-09-11,0.0,22.5,281
254,0.0,20170912,1.8,2017,10.8,9,18.8,0.0,23.5,12,66.1,2017-09-12,0.0,29.9,281
255,0.0,20170913,1.6,2017,11.3,9,14.3,0.0,21.2,13,59.0,2017-09-13,0.0,28.5,281
256,0.0,20170914,1.5,2017,11.0,9,13.4,0.0,19.7,14,69.6,2017-09-14,0.0,26.9,281
257,0.0,20170915,2.8,2017,7.1,9,15.3,0.0,20.3,15,61.1,2017-09-15,0.0,24.5,281
258,0.0,20170916,3.1,2017,2.1,9,19.0,0.0,21.8,16,60.8,2017-09-16,0.0,24.7,281
259,0.0,20170917,2.1,2017,0.5,9,17.3,0.0,21.6,17,73.0,2017-09-17,0.0,24.9,281
260,0.0,20170918,1.0,2017,10.6,9,14.1,0.0,20.6,18,70.0,2017-09-18,0.0,28.6,281
261,0.0,20170919,1.3,2017,7.6,9,13.4,0.0,22.0,19,66.4,2017-09-19,0.0,29.1,281
262,0.0,20170920,2.3,2017,5.7,9,12.4,0.0,20.3,20,57.8,2017-09-20,0.0,25.7,281
263,0.0,20170921,1.1,2017,10.3,9,9.4,0.0,18.4,21,69.0,2017-09-21,0.0,27.4,281
264,0.0,20170922,0.8,2017,10.7,9,12.9,0.0,19.8,22,68.1,2017-09-22,0.0,28.1,281
265,0.0,20170923,0.9,2017,8.5,9,13.7,0.0,20.2,23,68.0,2017-09-23,0.0,27.6,281
266,0.0,20170924,1.0,2017,9.8,9,12.9,0.0,20.6,24,72.3,2017-09-24,0.0,29.3,281
267,0.0,20170925,1.2,2017,9.3,9,14.8,0.0,20.8,25,72.4,2017-09-25,0.0,29.4,281
268,0.0,20170926,1.3,2017,7.2,9,13.9,0.0,21.0,26,71.6,2017-09-26,0.0,28.7,281
269,43.0,20170927,0.7,2017,0.0,9,16.7,0.0,18.4,27,90.6,2017-09-27,0.0,20.1,281
270,0.0,20170928,1.5,2017,7.0,9,15.7,0.0,19.9,28,65.9,2017-09-28,0.0,26.2,281
271,0.0,20170929,1.8,2017,10.2,9,10.6,0.0,15.9,29,49.1,2017-09-29,0.0,22.3,281
272,0.0,20170930,1.1,2017,11.0,9,6.3,0.0,16.1,30,66.0,2017-09-30,0.0,27.0,281
273,5.0,20171001,0.8,2017,0.2,10,9.5,0.0,15.9,1,80.3,2017-10-01,0.0,21.0,281
274,16.5,20171002,1.2,2017,0.4,10,17.6,0.0,20.3,2,86.4,2017-10-02,0.0,24.8,281
275,0.0,20171003,1.6,2017,5.7,10,15.8,0.0,18.9,3,76.1,2017-10-03,0.0,23.1,281
276,0.0,20171004,1.8,2017,5.1,10,13.5,0.0,17.3,4,67.5,2017-10-04,0.0,21.7,281
277,0.0,20171005,1.2,2017,0.8,10,12.2,0.0,15.8,5,74.1,2017-10-05,0.0,21.3,281
278,8.0,20171006,0.8,2017,0.0,10,14.0,0.0,16.4,6,92.6,2017-10-06,0.0,19.2,281
279,0.0,20171007,0.9,2017,2.4,10,16.9,0.0,19.9,7,83.5,2017-10-07,0.0,24.5,281
280,0.0,20171008,0.9,2017,8.6,10,16.4,0.0,21.0,8,79.0,2017-10-08,0.0,28.0,281
281,0.0,20171009,0.8,2017,8.3,10,16.7,0.0,21.1,9,79.1,2017-10-09,0.0,29.1,281
282,0.0,20171010,1.2,2017,9.1,10,15.6,0.0,21.9,10,75.3,2017-10-10,0.0,29.3,281
283,0.0,20171011,1.5,2017,1.5,10,16.9,0.0,19.9,11,77.0,2017-10-11,0.0,24.1,281
284,28.5,20171012,1.1,2017,0.0,10,13.8,0.0,14.5,12,85.9,2017-10-12,0.0,17.0,281
285,0.0,20171013,2.0,2017,10.2,10,10.0,0.0,14.3,13,62.6,2017-10-13,0.0,20.6,281
286,0.0,20171014,1.2,2017,7.7,10,10.2,0.0,14.5,14,59.8,2017-10-14,0.0,20.9,281
287,0.2,20171015,1.6,2017,0.7,10,11.0,0.0,15.3,15,68.8,2017-10-15,0.0,19.7,281
288,0.0,20171016,1.2,2017,0.0,10,10.3,0.0,15.2,16,72.0,2017-10-16,0.0,19.7,281
289,0.0,20171017,1.4,2017,8.0,10,7.5,0.0,15.0,17,71.0,2017-10-17,0.0,22.5,281
290,0.0,20171018,2.3,2017,0.2,10,14.4,0.0,16.4,18,57.6,2017-10-18,0.0,18.7,281
291,0.0,20171019,1.3,2017,2.3,10,11.2,0.0,14.8,19,76.0,2017-10-19,0.0,19.4,281
292,0.0,20171020,1.0,2017,5.8,10,9.3,0.0,14.4,20,77.9,2017-10-20,0.0,21.5,281
293,0.0,20171021,1.6,2017,9.9,10,7.0,0.0,14.5,21,70.5,2017-10-21,0.0,22.0,281
294,0.0,20171022,3.3,2017,6.2,10,11.5,0.0,17.0,22,53.4,2017-10-22,0.0,21.0,281
295,0.0,20171023,1.5,2017,7.4,10,7.4,0.0,13.4,23,51.3,2017-10-23,0.0,19.2,281
296,0.0,20171024,0.7,2017,2.8,10,6.3,0.0,11.0,24,71.9,2017-10-24,0.0,18.0,281
297,0.0,20171025,0.8,2017,7.0,10,4.6,0.0,10.5,25,75.0,2017-10-25,0.0,20.1,281
298,0.0,20171026,0.5,2017,3.8,10,3.3,0.0,11.0,26,74.1,2017-10-26,0.0,19.8,281
299,0.0,20171027,1.0,2017,4.7,10,7.9,0.0,13.7,27,73.5,2017-10-27,0.0,21.7,281
300,0.0,20171028,1.0,2017,4.3,10,8.8,0.0,15.0,28,75.1,2017-10-28,0.0,22.2,281
301,0.0,20171029,2.6,2017,8.1,10,8.3,0.0,14.4,29,57.9,2017-10-29,0.0,22.7,281
302,0.0,20171030,2.5,2017,9.7,10,3.6,0.0,9.1,30,33.3,2017-10-30,0.0,15.2,281
303,0.0,20171031,1.1,2017,9.8,10,-1.6,0.0,7.5,31,53.3,2017-10-31,0.0,18.6,281
304,0.0,20171101,1.4,2017,8.1,11,2.2,0.0,11.1,1,62.0,2017-11-01,0.0,19.8,281
305,0.0,20171102,0.6,2017,6.6,11,5.7,0.0,11.5,2,72.6,2017-11-02,0.0,19.9,281
306,0.0,20171103,1.7,2017,5.4,11,4.9,0.0,11.7,3,68.5,2017-11-03,0.0,21.0,281
307,0.0,20171104,1.8,2017,6.6,11,2.4,0.0,8.1,4,54.8,2017-11-04,0.0,15.3,281
308,0.0,20171105,1.5,2017,9.1,11,1.8,0.0,8.0,5,54.6,2017-11-05,0.0,16.4,281
309,0.0,20171106,0.9,2017,8.9,11,-1.1,0.0,8.3,6,61.8,2017-11-06,0.0,19.8,281
310,0.0,20171107,1.3,2017,7.5,11,2.2,0.0,12.6,7,63.9,2017-11-07,0.0,21.0,281
311,0.0,20171108,2.5,2017,7.9,11,9.0,0.0,14.6,8,49.4,2017-11-08,0.0,21.5,281
312,0.0,20171109,0.8,2017,8.3,11,1.5,0.0,9.2,9,57.1,2017-11-09,0.0,19.3,281
313,0.0,20171110,2.5,2017,7.9,11,2.5,0.0,12.1,10,61.5,2017-11-10,0.0,21.2,281
314,0.0,20171111,2.8,2017,8.3,11,-0.4,0.0,6.9,11,39.1,2017-11-11,0.0,13.3,281
315,0.0,20171112,0.9,2017,8.3,11,-3.3,0.0,4.6,12,55.4,2017-11-12,0.0,14.9,281
316,0.0,20171113,1.0,2017,6.5,11,-2.1,0.0,6.6,13,54.6,2017-11-13,0.0,16.4,281
317,0.0,20171114,2.5,2017,7.8,11,3.4,0.0,9.6,14,42.0,2017-11-14,0.0,16.1,281
318,0.0,20171115,3.1,2017,5.9,11,0.8,0.0,6.6,15,39.0,2017-11-15,0.0,11.8,281
319,0.0,20171116,1.6,2017,7.9,11,-2.3,0.0,3.1,16,46.0,2017-11-16,0.0,10.0,281
320,0.0,20171117,0.6,2017,5.4,11,-5.1,0.0,4.3,17,49.6,2017-11-17,0.0,11.9,281
321,0.0,20171118,3.4,2017,7.6,11,-1.5,0.0,3.8,18,33.8,2017-11-18,0.0,9.2,281
322,0.0,20171119,3.3,2017,7.8,11,-3.2,0.0,1.5,19,27.4,2017-11-19,0.0,5.9,281
323,0.0,20171120,2.8,2017,7.6,11,-1.5,0.0,3.7,20,40.0,2017-11-20,0.0,9.0,281
324,0.0,20171121,0.9,2017,7.8,11,-5.0,0.0,2.3,21,56.6,2017-11-21,0.0,12.8,281
325,0.0,20171122,1.6,2017,1.1,11,-2.6,0.0,5.2,22,54.1,2017-11-22,0.0,11.7,281
326,0.0,20171123,2.8,2017,6.5,11,-1.6,0.0,3.0,23,40.9,2017-11-23,0.0,7.8,281
327,0.1,20171124,2.2,2017,4.5,11,-1.6,0.0,2.1,24,65.3,2017-11-24,0.0,7.6,281
328,0.0,20171125,1.4,2017,6.9,11,-5.8,0.0,3.3,25,60.0,2017-11-25,0.0,10.5,281
329,0.0,20171126,1.3,2017,5.1,11,-1.3,0.0,6.0,26,70.4,2017-11-26,0.0,13.9,281
330,0.0,20171127,0.5,2017,7.3,11,-2.2,0.0,4.9,27,72.8,2017-11-27,0.0,15.3,281
331,0.0,20171128,0.9,2017,4.4,11,-0.9,0.0,6.6,28,71.4,2017-11-28,0.0,16.8,281
332,0.0,20171129,2.1,2017,5.8,11,1.3,0.0,8.8,29,47.3,2017-11-29,0.0,14.8,281
333,0.0,20171130,3.9,2017,5.8,11,-1.2,0.0,4.2,30,20.5,2017-11-30,0.0,8.6,281
334,0.0,20171201,2.8,2017,7.7,12,-6.4,0.0,-0.9,1,29.6,2017-12-01,0.0,4.6,281
335,0.0,20171202,1.0,2017,7.7,12,-8.6,0.0,-0.8,2,49.9,2017-12-02,0.0,8.4,281
336,0.0,20171203,0.7,2017,7.6,12,-6.3,0.0,2.4,3,61.9,2017-12-03,0.0,13.0,281
337,0.0,20171204,3.0,2017,5.3,12,-1.8,0.0,2.3,4,51.4,2017-12-04,0.0,8.8,281
338,0.0,20171205,4.2,2017,7.7,12,-4.9,0.0,-1.7,5,34.3,2017-12-05,0.0,2.6,281
339,0.0,20171206,0.8,2017,6.0,12,-7.8,0.0,-1.1,6,54.9,2017-12-06,0.0,7.7,281
340,0.0,20171207,1.3,2017,2.3,12,-4.7,0.0,0.8,7,60.9,2017-12-07,0.0,7.2,281
341,0.0,20171208,3.7,2017,7.6,12,-4.2,0.0,-0.9,8,32.4,2017-12-08,0.0,3.4,281
342,0.0,20171209,1.6,2017,6.5,12,-6.4,0.0,0.9,9,52.1,2017-12-09,0.0,7.6,281
343,0.0,20171210,2.0,2017,2.3,12,-2.5,0.0,3.6,10,60.9,2017-12-10,0.0,10.3,281
344,0.0,20171211,5.2,2017,7.3,12,-6.3,0.0,-2.0,11,36.5,2017-12-11,0.0,3.0,281
345,0.0,20171212,3.7,2017,7.6,12,-9.1,0.0,-5.3,12,25.6,2017-12-12,0.0,-0.7,281
346,0.0,20171213,3.1,2017,7.7,12,-8.6,0.0,-4.1,13,24.1,2017-12-13,0.0,2.2,281
347,0.0,20171214,0.8,2017,7.4,12,-13.4,0.0,-3.9,14,43.3,2017-12-14,0.0,5.2,281
348,0.0,20171215,1.6,2017,6.7,12,-9.6,0.0,-0.7,15,37.3,2017-12-15,0.0,7.5,281
349,0.0,20171216,4.1,2017,6.2,12,-4.9,0.0,-0.3,16,35.5,2017-12-16,0.0,3.1,281
350,0.0,20171217,3.7,2017,7.6,12,-7.6,0.0,-3.5,17,33.9,2017-12-17,0.0,1.3,281
351,0.0,20171218,1.8,2017,7.6,12,-7.3,0.0,-0.9,18,48.3,2017-12-18,0.0,6.9,281
352,0.0,20171219,3.3,2017,7.4,12,-5.9,0.0,-0.1,19,38.1,2017-12-19,0.0,3.7,281
353,0.0,20171220,1.6,2017,7.6,12,-7.1,0.0,-1.9,20,44.8,2017-12-20,0.0,6.0,281
354,0.0,20171221,2.2,2017,7.6,12,-8.5,0.0,-0.3,21,44.1,2017-12-21,0.0,7.7,281
355,0.0,20171222,1.6,2017,7.6,12,-6.6,0.0,0.7,22,56.0,2017-12-22,0.0,9.4,281
356,0.0,20171223,0.5,2017,6.6,12,-6.7,0.0,0.1,23,66.1,2017-12-23,0.0,11.1,281
357,10.0,20171224,2.2,2017,0.0,12,-2.3,0.0,2.7,24,74.1,2017-12-24,0.0,6.6,281
358,0.0,20171225,4.0,2017,7.5,12,-2.0,0.0,1.1,25,38.0,2017-12-25,0.0,4.6,281
359,0.0,20171226,3.9,2017,6.1,12,-4.1,0.0,0.7,26,39.0,2017-12-26,0.0,5.7,281
360,0.0,20171227,4.3,2017,7.6,12,-7.0,0.0,-2.9,27,23.0,2017-12-27,0.0,1.1,281
361,0.0,20171228,2.2,2017,6.1,12,-6.3,0.0,-0.9,28,38.5,2017-12-28,0.0,4.8,281
362,0.0,20171229,2.6,2017,6.7,12,-1.4,0.0,3.9,29,58.4,2017-12-29,0.0,9.5,281
363,0.0,20171230,0.8,2017,2.6,12,-4.6,0.0,2.3,30,68.8,2017-12-30,0.0,8.7,281
364,0.0,20171231,3.8,2017,7.3,12,-0.6,0.0,3.3,31,41.0,2017-12-31,0.0,7.0,281
