,rainfall,tmin,wind,snow,sunshine,humid,year,Date,tmax,date,tavg,cloud,month,day,station_id
0,0.0,-3.9,3.6,0.0,5.7,48.9,2019,2019-01-01,3.8,20190101,-1.1,4.8,1,1,281
1,0.0,-6.1,3.4,0.0,7.6,37.8,2019,2019-01-02,4.3,20190102,-0.9,0.3,1,2,281
2,0.0,-5.7,2.2,0.0,7.6,32.6,2019,2019-01-03,6.1,20190103,-1.1,0.5,1,3,281
3,0.0,-9.6,1.8,0.0,6.8,41.4,2019,2019-01-04,8.1,20190104,0.0,1.1,1,4,281
4,0.0,-6.6,2.2,0.0,5.1,42.8,2019,2019-01-05,7.1,20190105,1.3,4.7,1,5,281
5,0.0,-7.9,1.3,0.0,5.9,38.8,2019,2019-01-06,7.4,20190106,-1.3,3.6,1,6,281
6,0.0,-6.7,2.2,0.0,7.7,38.5,2019,2019-01-07,6.8,20190107,0.7,2.9,1,7,281
7,0.0,-2.8,4.2,0.0,7.2,33.3,2019,2019-01-08,5.7,20190108,1.2,2.5,1,8,281
8,0.0,-7.2,1.7,0.0,6.2,34.4,2019,2019-01-09,4.7,20190109,-1.9,6.1,1,9,281
9,0.0,-4.1,3.0,0.0,7.0,38.1,2019,2019-01-10,6.7,20190110,2.0,4.0,1,10,281
10,0.0,-4.1,1.0,0.0,6.1,60.4,2019,2019-01-11,9.9,20190111,2.6,4.8,1,11,281
11,7.0,-0.3,1.2,0.0,0.0,88.9,2019,2019-01-12,5.0,20190112,2.9,8.1,1,12,281
12,0.0,-3.6,0.8,0.0,5.5,83.6,2019,2019-01-13,8.7,20190113,0.6,0.3,1,13,281
13,0.0,-6.4,0.9,0.0,7.0,69.8,2019,2019-01-14,8.8,20190114,-0.1,3.8,1,14,281
14,0.0,-2.6,3.0,0.0,6.3,54.8,2019,2019-01-15,7.8,20190115,2.1,6.3,1,15,281
15,0.0,-6.6,3.6,0.0,7.8,36.8,2019,2019-01-16,3.3,20190116,-2.1,2.6,1,16,281
16,0.0,-2.4,3.3,0.0,4.7,47.5,2019,2019-01-17,5.9,20190117,1.6,4.6,1,17,281
17,0.0,-3.5,1.7,0.0,7.9,45.0,2019,2019-01-18,9.1,20190118,1.7,2.5,1,18,281
18,0.0,-2.8,0.7,0.0,4.1,50.4,2019,2019-01-19,12.0,20190119,3.7,8.5,1,19,281
19,0.4,-2.0,4.2,0.0,7.5,37.9,2019,2019-01-20,7.6,20190120,3.2,2.5,1,20,281
20,0.0,-3.9,4.0,0.0,7.8,37.9,2019,2019-01-21,7.6,20190121,1.8,0.0,1,21,281
21,0.0,-1.8,2.4,0.0,7.8,45.9,2019,2019-01-22,10.0,20190122,4.0,0.1,1,22,281
22,0.0,-0.7,2.4,0.0,7.4,38.0,2019,2019-01-23,11.0,20190123,4.3,0.0,1,23,281
23,0.0,-6.9,1.2,0.0,7.9,38.8,2019,2019-01-24,10.0,20190124,0.9,0.0,1,24,281
24,0.0,-5.9,2.5,0.0,6.4,36.4,2019,2019-01-25,7.1,20190125,0.4,4.0,1,25,281
25,0.0,-5.8,2.8,0.0,7.9,24.6,2019,2019-01-26,5.1,20190126,-0.5,0.3,1,26,281
26,0.0,-10.2,1.4,0.0,8.0,37.6,2019,2019-01-27,8.8,20190127,-0.5,2.6,1,27,281
27,0.0,-2.4,3.1,0.0,6.6,34.9,2019,2019-01-28,9.3,20190128,3.2,3.8,1,28,281
28,0.0,-8.2,0.8,0.0,8.0,45.8,2019,2019-01-29,10.5,20190129,-0.1,1.9,1,29,281
29,0.0,-4.7,1.9,0.0,7.3,35.6,2019,2019-01-30,12.4,20190130,4.7,7.9,1,30,281
30,4.5,-2.8,2.3,0.0,0.1,67.1,2019,2019-01-31,6.7,20190131,1.2,8.6,1,31,281
31,0.0,-5.2,4.0,0.0,8.5,44.3,2019,2019-02-01,5.1,20190201,-0.3,2.4,2,1,281
32,0.0,-2.5,2.0,0.0,8.7,51.8,2019,2019-02-02,9.1,20190202,2.5,3.0,2,2,281
33,4.5,1.3,1.5,0.0,0.0,87.5,2019,2019-02-03,8.6,20190203,5.3,9.3,2,3,281
34,0.0,-2.7,3.5,0.0,8.6,32.9,2019,2019-02-04,8.8,20190204,3.4,1.9,2,4,281
35,0.0,-7.0,0.7,0.0,8.6,46.6,2019,2019-02-05,12.1,20190205,1.6,4.3,2,5,281
36,0.0,-4.0,0.8,0.0,8.1,44.9,2019,2019-02-06,14.8,20190206,4.9,5.1,2,6,281
37,0.0,-2.2,2.7,0.0,5.0,43.6,2019,2019-02-07,8.9,20190207,3.0,7.0,2,7,281
38,0.0,-4.6,1.7,0.0,7.5,33.8,2019,2019-02-08,6.1,20190208,-0.5,6.4,2,8,281
39,0.0,-2.4,3.1,0.0,8.6,23.3,2019,2019-02-09,4.0,20190209,0.0,5.1,2,9,281
40,0.0,-4.7,1.4,0.0,2.8,34.1,2019,2019-02-10,5.8,20190210,0.9,7.3,2,10,281
41,0.0,-3.3,3.4,0.0,9.9,27.8,2019,2019-02-11,5.6,20190211,0.6,3.4,2,11,281
42,0.0,-6.2,1.5,0.0,8.3,37.3,2019,2019-02-12,7.3,20190212,1.0,4.9,2,12,281
43,0.0,-3.0,2.5,0.0,9.3,29.9,2019,2019-02-13,7.4,20190213,2.2,3.8,2,13,281
44,0.0,-1.6,1.3,0.0,1.2,52.3,2019,2019-02-14,6.2,20190214,1.6,8.3,2,14,281
45,0.0,-1.3,2.1,0.0,4.4,55.1,2019,2019-02-15,10.8,20190215,3.8,9.3,2,15,281
46,0.0,-1.8,3.5,0.0,7.6,46.4,2019,2019-02-16,5.0,20190216,1.1,6.3,2,16,281
47,0.0,-4.2,3.4,0.0,10.3,33.3,2019,2019-02-17,8.2,20190217,1.5,2.5,2,17,281
48,0.0,-3.8,1.2,0.0,4.9,27.0,2019,2019-02-18,10.4,20190218,4.4,9.3,2,18,281
49,13.5,2.0,1.7,0.0,0.0,86.0,2019,2019-02-19,5.7,20190219,3.6,8.6,2,19,281
50,0.0,-0.8,3.0,0.0,6.8,58.9,2019,2019-02-20,8.2,20190220,3.5,4.9,2,20,281
51,0.0,-4.3,0.8,0.0,8.3,66.6,2019,2019-02-21,11.1,20190221,2.7,3.3,2,21,281
52,0.0,-2.3,0.7,0.0,5.8,62.8,2019,2019-02-22,13.3,20190222,4.2,6.4,2,22,281
53,0.0,-2.6,1.3,0.0,7.8,67.9,2019,2019-02-23,12.7,20190223,3.8,6.8,2,23,281
54,0.0,-3.9,1.4,0.0,10.3,56.4,2019,2019-02-24,15.9,20190224,5.3,1.0,2,24,281
55,0.0,1.4,1.8,0.0,9.3,49.5,2019,2019-02-25,16.3,20190225,8.5,4.5,2,25,281
56,0.0,-1.6,1.1,0.0,9.9,59.5,2019,2019-02-26,15.0,20190226,6.3,3.3,2,26,281
57,0.0,4.1,1.0,0.0,3.6,60.5,2019,2019-02-27,15.2,20190227,8.8,8.9,2,27,281
58,0.3,1.9,1.3,0.0,7.6,65.9,2019,2019-02-28,15.5,20190228,8.6,6.5,2,28,281
59,0.0,-2.6,1.1,0.0,10.0,57.3,2019,2019-03-01,15.8,20190301,6.1,1.0,3,1,281
60,0.0,-2.5,1.2,0.0,7.8,60.9,2019,2019-03-02,15.2,20190302,6.7,5.6,3,2,281
61,0.0,1.7,1.2,0.0,5.8,55.1,2019,2019-03-03,15.5,20190303,8.9,8.5,3,3,281
62,0.0,2.8,1.2,0.0,8.3,54.8,2019,2019-03-04,17.6,20190304,9.3,5.1,3,4,281
63,0.0,-1.3,1.0,0.0,5.5,54.0,2019,2019-03-05,16.9,20190305,8.3,6.4,3,5,281
64,0.0,6.7,0.9,0.0,4.1,49.8,2019,2019-03-06,15.7,20190306,10.4,8.1,3,6,281
65,0.0,2.4,1.7,0.0,5.2,56.5,2019,2019-03-07,14.3,20190307,7.7,5.9,3,7,281
66,0.0,-2.0,1.0,0.0,10.4,53.5,2019,2019-03-08,16.9,20190308,6.4,0.0,3,8,281
67,0.0,-2.4,1.2,0.0,10.0,42.3,2019,2019-03-09,18.0,20190309,8.5,4.9,3,9,281
68,6.0,6.0,1.3,0.0,0.0,72.4,2019,2019-03-10,10.2,20190310,8.0,8.8,3,10,281
69,0.0,-0.6,1.6,0.0,5.5,65.5,2019,2019-03-11,15.3,20190311,7.8,5.5,3,11,281
70,1.0,1.3,3.8,0.0,7.5,53.4,2019,2019-03-12,15.6,20190312,8.2,4.9,3,12,281
71,0.0,0.1,4.2,0.0,9.8,30.8,2019,2019-03-13,10.4,20190313,4.6,2.0,3,13,281
72,0.0,-3.4,1.5,0.0,10.3,33.6,2019,2019-03-14,13.6,20190314,5.0,2.3,3,14,281
73,0.2,-0.7,2.0,0.0,5.4,57.0,2019,2019-03-15,13.8,20190315,5.7,8.3,3,15,281
74,0.0,1.7,2.1,0.0,8.6,50.1,2019,2019-03-16,13.7,20190316,6.6,3.5,3,16,281
75,0.0,1.4,2.6,0.0,11.0,42.4,2019,2019-03-17,14.8,20190317,7.6,1.3,3,17,281
76,0.0,-2.6,1.5,0.0,7.9,48.6,2019,2019-03-18,17.1,20190318,8.3,7.6,3,18,281
77,0.0,0.6,1.7,0.0,10.6,40.6,2019,2019-03-19,21.6,20190319,12.4,1.8,3,19,281
78,5.5,3.6,1.3,0.0,0.0,59.9,2019,2019-03-20,19.4,20190320,11.8,8.8,3,20,281
79,0.5,6.4,4.0,0.0,8.1,59.4,2019,2019-03-21,17.9,20190321,13.6,8.5,3,21,281
80,0.0,3.3,2.6,0.0,9.3,38.5,2019,2019-03-22,14.0,20190322,7.5,6.3,3,22,281
81,0.5,2.0,2.9,0.0,7.9,45.0,2019,2019-03-23,13.8,20190323,5.9,4.3,3,23,281
82,0.0,-3.1,2.4,0.0,11.1,35.1,2019,2019-03-24,13.9,20190324,6.5,0.4,3,24,281
83,0.0,0.7,2.1,0.0,9.3,37.1,2019,2019-03-25,16.4,20190325,9.2,4.8,3,25,281
84,0.0,2.9,2.5,0.0,10.5,40.8,2019,2019-03-26,20.9,20190326,11.0,1.3,3,26,281
85,0.0,0.2,2.2,0.0,10.1,36.6,2019,2019-03-27,23.7,20190327,13.2,3.9,3,27,281
86,0.0,6.0,2.3,0.0,5.3,65.9,2019,2019-03-28,14.6,20190328,10.3,6.9,3,28,281
87,0.0,4.4,1.5,0.0,7.0,58.3,2019,2019-03-29,19.5,20190329,11.6,6.5,3,29,281
88,6.5,5.0,3.4,0.0,6.6,57.6,2019,2019-03-30,14.2,20190330,9.2,7.5,3,30,281
89,0.0,3.6,3.6,0.0,8.8,38.3,2019,2019-03-31,12.2,20190331,7.0,4.6,3,31,281
90,0.0,1.3,3.3,0.0,10.9,34.6,2019,2019-04-01,12.4,20190401,6.0,2.8,4,1,281
91,0.0,-2.9,2.1,0.0,11.2,39.0,2019,2019-04-02,15.2,20190402,7.1,1.3,4,2,281
92,0.0,-2.3,2.1,0.0,11.7,32.3,2019,2019-04-03,16.5,20190403,8.5,0.0,4,3,281
93,0.0,5.0,3.5,0.0,11.6,18.5,2019,2019-04-04,21.6,20190404,12.9,1.8,4,4,281
94,0.0,4.5,2.9,0.0,10.9,25.0,2019,2019-04-05,22.8,20190405,14.5,2.1,4,5,281
95,0.0,7.7,1.7,0.0,11.3,26.0,2019,2019-04-06,23.9,20190406,15.0,0.0,4,6,281
96,0.0,7.6,1.7,0.0,1.1,56.9,2019,2019-04-07,17.8,20190407,12.1,7.5,4,7,281
97,0.0,1.8,2.3,0.0,11.3,47.4,2019,2019-04-08,22.1,20190408,11.3,2.4,4,8,281
98,15.0,1.6,2.8,0.0,4.9,59.3,2019,2019-04-09,16.6,20190409,8.2,6.9,4,9,281
99,9.5,4.8,2.0,0.0,0.0,74.1,2019,2019-04-10,11.1,20190410,8.3,8.0,4,10,281
100,0.0,5.4,1.4,0.0,6.1,61.9,2019,2019-04-11,15.3,20190411,10.2,6.9,4,11,281
101,0.0,4.4,1.4,0.0,9.9,51.0,2019,2019-04-12,19.9,20190412,11.4,4.0,4,12,281
102,0.0,2.2,1.5,0.0,10.7,46.5,2019,2019-04-13,20.2,20190413,12.1,6.3,4,13,281
103,0.0,6.1,2.4,0.0,3.1,45.3,2019,2019-04-14,17.2,20190414,11.5,6.3,4,14,281
104,0.0,1.1,2.2,0.0,11.9,30.5,2019,2019-04-15,22.7,20190415,13.4,0.5,4,15,281
105,0.0,3.7,1.4,0.0,10.1,30.1,2019,2019-04-16,25.6,20190416,16.2,5.4,4,16,281
106,0.0,8.6,1.3,0.0,7.5,37.4,2019,2019-04-17,25.4,20190417,16.7,4.9,4,17,281
107,0.0,6.8,1.9,0.0,10.4,45.9,2019,2019-04-18,27.4,20190418,18.0,5.3,4,18,281
108,0.0,10.3,2.7,0.0,0.0,55.8,2019,2019-04-19,16.9,20190419,11.9,9.6,4,19,281
109,0.0,6.6,1.7,0.0,11.6,51.0,2019,2019-04-20,25.1,20190420,16.2,3.4,4,20,281
110,0.0,13.2,1.8,0.0,3.7,54.0,2019,2019-04-21,25.3,20190421,18.3,8.1,4,21,281
111,0.0,9.2,2.4,0.0,11.4,63.4,2019,2019-04-22,22.7,20190422,15.8,3.6,4,22,281
112,3.0,8.4,1.1,0.0,0.9,69.9,2019,2019-04-23,23.3,20190423,16.1,9.1,4,23,281
113,4.0,15.0,1.4,0.0,0.8,82.5,2019,2019-04-24,22.3,20190424,18.4,7.1,4,24,281
114,0.0,10.7,2.6,0.0,0.8,64.9,2019,2019-04-25,16.9,20190425,13.9,9.0,4,25,281
115,9.0,8.3,1.3,0.0,0.0,89.1,2019,2019-04-26,11.9,20190426,10.1,7.8,4,26,281
116,0.0,4.0,1.5,0.0,10.0,57.3,2019,2019-04-27,18.6,20190427,11.6,6.1,4,27,281
117,0.0,7.9,1.3,0.0,5.3,60.6,2019,2019-04-28,20.6,20190428,12.6,7.9,4,28,281
118,38.5,5.8,0.7,0.0,0.0,90.3,2019,2019-04-29,12.5,20190429,10.6,8.5,4,29,281
119,0.5,10.6,0.7,0.0,1.1,86.8,2019,2019-04-30,19.0,20190430,14.1,6.6,4,30,281
120,0.0,10.1,1.8,0.0,8.6,0.0,2019,2019-05-01,24.7,20190501,16.5,4.0,5,1,281
121,0.0,7.8,1.8,0.0,11.8,47.1,2019,2019-05-02,26.4,20190502,17.2,0.0,5,2,281
122,0.0,6.1,1.5,0.0,12.4,49.1,2019,2019-05-03,28.0,20190503,17.0,1.4,5,3,281
123,0.0,7.5,1.3,0.0,11.3,56.6,2019,2019-05-04,29.6,20190504,18.5,3.9,5,4,281
124,0.0,11.1,1.5,0.0,9.6,44.8,2019,2019-05-05,30.2,20190505,20.5,6.1,5,5,281
125,0.0,8.3,2.3,0.0,8.9,57.6,2019,2019-05-06,21.4,20190506,13.4,3.6,5,6,281
126,0.0,4.1,1.7,0.0,12.5,48.9,2019,2019-05-07,23.2,20190507,13.8,0.0,5,7,281
127,0.0,5.0,2.0,0.0,10.1,34.1,2019,2019-05-08,25.4,20190508,16.5,6.4,5,8,281
128,0.0,13.8,2.9,0.0,11.6,24.9,2019,2019-05-09,26.0,20190509,19.0,4.9,5,9,281
129,0.0,7.3,1.4,0.0,12.6,37.5,2019,2019-05-10,29.8,20190510,18.4,2.6,5,10,281
130,0.0,8.6,1.4,0.0,12.3,41.1,2019,2019-05-11,30.4,20190511,19.5,0.6,5,11,281
131,0.0,9.8,2.4,0.0,11.5,57.8,2019,2019-05-12,24.7,20190512,16.9,3.8,5,12,281
132,0.0,8.3,1.8,0.0,10.1,62.4,2019,2019-05-13,26.1,20190513,18.0,6.5,5,13,281
133,0.0,15.7,1.4,0.0,9.9,57.8,2019,2019-05-14,29.4,20190514,21.7,5.9,5,14,281
134,0.0,13.9,1.4,0.0,9.0,59.8,2019,2019-05-15,29.4,20190515,21.6,5.6,5,15,281
135,0.0,14.0,1.2,0.0,10.0,50.0,2019,2019-05-16,31.3,20190516,21.9,5.1,5,16,281
136,0.0,11.8,1.8,0.0,7.8,47.5,2019,2019-05-17,28.9,20190517,21.5,7.6,5,17,281
137,12.0,16.5,2.1,0.0,0.0,85.8,2019,2019-05-18,20.9,20190518,17.7,8.0,5,18,281
138,1.0,16.4,2.2,0.0,0.9,80.0,2019,2019-05-19,23.9,20190519,19.6,8.3,5,19,281
139,1.0,13.6,2.7,0.0,5.2,59.4,2019,2019-05-20,23.6,20190520,18.8,8.0,5,20,281
140,0.0,9.9,2.6,0.0,13.0,36.3,2019,2019-05-21,26.3,20190521,17.8,0.0,5,21,281
141,0.0,7.1,1.8,0.0,12.9,39.4,2019,2019-05-22,30.1,20190522,19.6,0.0,5,22,281
142,0.0,10.5,1.8,0.0,12.4,43.9,2019,2019-05-23,31.5,20190523,21.2,0.7,5,23,281
143,0.0,10.6,1.4,0.0,12.8,46.1,2019,2019-05-24,35.6,20190524,24.0,0.1,5,24,281
144,0.0,16.0,2.1,0.0,9.1,40.0,2019,2019-05-25,32.9,20190525,24.9,7.1,5,25,281
145,0.0,15.3,1.9,0.0,10.6,38.8,2019,2019-05-26,33.3,20190526,24.2,5.6,5,26,281
146,8.0,17.7,2.0,0.0,0.0,74.0,2019,2019-05-27,23.0,20190527,20.9,9.8,5,27,281
147,0.0,14.6,3.0,0.0,10.8,43.0,2019,2019-05-28,24.9,20190528,19.3,3.8,5,28,281
148,0.0,9.8,2.4,0.0,13.0,34.3,2019,2019-05-29,30.7,20190529,21.8,0.8,5,29,281
149,0.0,13.7,2.5,0.0,9.6,27.5,2019,2019-05-30,31.6,20190530,23.6,6.0,5,30,281
150,1.0,14.8,2.3,0.0,8.0,47.5,2019,2019-05-31,26.5,20190531,20.3,5.5,5,31,281
151,0.0,12.5,1.8,0.0,11.9,48.3,2019,2019-06-01,27.9,20190601,20.6,6.3,6,1,281
152,0.0,11.8,1.4,0.0,12.6,47.0,2019,2019-06-02,30.8,20190602,21.8,3.5,6,2,281
153,0.0,13.0,1.3,0.0,12.8,48.0,2019,2019-06-03,33.2,20190603,24.0,0.3,6,3,281
154,0.0,15.5,1.4,0.0,12.2,48.4,2019,2019-06-04,35.5,20190604,25.8,0.0,6,4,281
155,0.0,17.9,2.0,0.0,13.0,47.1,2019,2019-06-05,34.3,20190605,25.3,1.6,6,5,281
156,8.5,17.2,1.4,0.0,3.7,58.0,2019,2019-06-06,32.6,20190606,24.2,8.9,6,6,281
157,21.5,17.6,1.5,0.0,0.1,89.8,2019,2019-06-07,21.6,20190607,19.0,7.5,6,7,281
158,0.0,16.3,1.9,0.0,11.0,73.4,2019,2019-06-08,25.3,20190608,19.9,6.8,6,8,281
159,0.0,14.1,2.3,0.0,6.5,68.9,2019,2019-06-09,21.9,20190609,18.1,6.9,6,9,281
160,0.0,14.4,2.0,0.0,5.9,63.1,2019,2019-06-10,23.2,20190610,18.3,7.6,6,10,281
161,0.0,13.8,1.9,0.0,11.8,62.6,2019,2019-06-11,24.2,20190611,18.9,6.4,6,11,281
162,0.0,16.2,1.9,0.0,10.6,60.5,2019,2019-06-12,26.5,20190612,20.0,3.0,6,12,281
163,0.0,12.5,1.5,0.0,12.2,57.0,2019,2019-06-13,30.0,20190613,21.6,3.6,6,13,281
164,0.5,15.1,0.9,0.0,0.0,75.1,2019,2019-06-14,23.0,20190614,18.9,9.8,6,14,281
165,13.0,16.2,1.4,0.0,6.3,74.8,2019,2019-06-15,29.4,20190615,20.6,7.0,6,15,281
166,0.0,14.8,2.1,0.0,8.8,74.0,2019,2019-06-16,26.9,20190616,19.7,5.1,6,16,281
167,0.0,16.7,1.6,0.0,9.6,56.0,2019,2019-06-17,30.2,20190617,23.5,6.6,6,17,281
168,0.1,16.7,2.0,0.0,5.8,63.6,2019,2019-06-18,30.4,20190618,23.2,6.5,6,18,281
169,0.0,18.0,1.8,0.0,10.2,62.3,2019,2019-06-19,29.9,20190619,24.1,5.4,6,19,281
170,0.0,19.0,1.9,0.0,11.0,53.9,2019,2019-06-20,33.3,20190620,26.8,4.0,6,20,281
171,9.0,18.4,2.6,0.0,10.3,64.9,2019,2019-06-21,32.8,20190621,24.2,5.3,6,21,281
172,0.0,17.1,2.1,0.0,9.1,63.8,2019,2019-06-22,25.8,20190622,20.9,6.4,6,22,281
173,0.0,13.5,1.6,0.0,8.6,67.3,2019,2019-06-23,26.1,20190623,20.1,3.6,6,23,281
174,0.0,15.4,1.9,0.0,11.5,66.4,2019,2019-06-24,28.6,20190624,21.8,3.1,6,24,281
175,0.0,15.9,1.9,0.0,12.4,65.4,2019,2019-06-25,31.7,20190625,23.8,2.4,6,25,281
176,77.0,16.6,1.1,0.0,1.2,87.5,2019,2019-06-26,24.0,20190626,19.9,9.4,6,26,281
177,67.0,21.5,1.3,0.0,2.0,83.4,2019,2019-06-27,30.0,20190627,24.2,8.9,6,27,281
178,4.0,20.9,2.5,0.0,0.8,85.3,2019,2019-06-28,24.3,20190628,22.1,9.0,6,28,281
179,41.5,20.6,1.1,0.0,0.0,90.4,2019,2019-06-29,22.5,20190629,21.3,8.6,6,29,281
180,0.0,21.0,1.7,0.0,7.0,74.5,2019,2019-06-30,31.4,20190630,25.3,7.4,6,30,281
181,0.0,19.4,1.1,0.0,0.2,77.4,2019,2019-07-01,27.3,20190701,23.4,7.6,7,1,281
182,0.0,17.1,1.7,0.0,12.6,64.8,2019,2019-07-02,31.3,20190702,24.3,4.0,7,2,281
183,0.0,17.8,1.1,0.0,6.0,69.1,2019,2019-07-03,30.3,20190703,23.8,6.5,7,3,281
184,0.0,17.5,1.5,0.0,10.5,65.6,2019,2019-07-04,32.7,20190704,24.7,3.6,7,4,281
185,0.0,18.4,1.8,0.0,11.7,62.4,2019,2019-07-05,32.2,20190705,25.1,4.3,7,5,281
186,0.0,16.4,2.6,0.0,13.0,64.8,2019,2019-07-06,29.2,20190706,23.3,1.8,7,6,281
187,0.2,19.7,2.5,0.0,6.8,65.9,2019,2019-07-07,27.1,20190707,22.5,7.6,7,7,281
188,0.0,18.4,2.0,0.0,5.6,71.5,2019,2019-07-08,26.1,20190708,21.7,8.6,7,8,281
189,0.0,17.3,1.7,0.0,0.5,73.5,2019,2019-07-09,25.7,20190709,21.1,7.8,7,9,281
190,17.5,20.1,2.6,0.0,0.0,79.1,2019,2019-07-10,23.1,20190710,22.0,8.5,7,10,281
191,1.0,21.2,1.9,0.0,1.0,79.8,2019,2019-07-11,27.6,20190711,24.0,7.3,7,11,281
192,0.0,21.1,2.0,0.0,5.2,69.0,2019,2019-07-12,29.7,20190712,24.5,8.0,7,12,281
193,0.0,19.5,0.8,0.0,3.8,73.1,2019,2019-07-13,29.2,20190713,24.0,7.8,7,13,281
194,0.0,20.0,1.9,0.0,9.3,72.1,2019,2019-07-14,29.0,20190714,24.1,6.5,7,14,281
195,1.0,20.9,1.3,0.0,0.3,79.5,2019,2019-07-15,26.4,20190715,23.1,8.8,7,15,281
196,1.0,20.8,1.8,0.0,7.9,77.0,2019,2019-07-16,28.9,20190716,24.0,7.4,7,16,281
197,0.0,18.7,1.5,0.0,7.2,74.9,2019,2019-07-17,29.1,20190717,24.1,8.1,7,17,281
198,5.5,21.6,0.9,0.0,1.7,80.9,2019,2019-07-18,28.6,20190718,24.3,9.3,7,18,281
199,2.5,21.7,1.2,0.0,0.0,86.3,2019,2019-07-19,27.8,20190719,24.5,9.8,7,19,281
200,60.5,23.8,3.4,0.0,0.1,88.0,2019,2019-07-20,27.2,20190720,24.9,9.6,7,20,281
201,11.5,23.5,1.6,0.0,0.0,83.4,2019,2019-07-21,28.5,20190721,25.6,7.8,7,21,281
202,0.0,23.1,1.9,0.0,9.6,72.0,2019,2019-07-22,34.0,20190722,28.2,6.3,7,22,281
203,0.0,24.3,1.9,0.0,9.3,68.0,2019,2019-07-23,35.3,20190723,30.0,7.1,7,23,281
204,0.0,25.5,2.0,0.0,1.3,70.3,2019,2019-07-24,31.6,20190724,28.2,8.0,7,24,281
205,5.0,23.9,1.2,0.0,0.0,84.1,2019,2019-07-25,29.5,20190725,26.7,9.1,7,25,281
206,0.0,26.5,1.7,0.0,4.2,71.5,2019,2019-07-26,32.6,20190726,29.0,7.5,7,26,281
207,0.0,25.0,1.2,0.0,0.5,76.5,2019,2019-07-27,31.8,20190727,28.4,9.1,7,27,281
208,0.0,26.1,1.9,0.0,3.7,68.5,2019,2019-07-28,33.3,20190728,29.2,8.5,7,28,281
209,0.0,23.6,1.5,0.0,8.4,68.6,2019,2019-07-29,34.3,20190729,28.9,5.6,7,29,281
210,0.0,23.9,2.1,0.0,10.5,65.1,2019,2019-07-30,34.7,20190730,29.9,4.4,7,30,281
211,0.0,26.2,2.2,0.0,11.4,63.1,2019,2019-07-31,36.0,20190731,30.7,3.0,7,31,281
212,0.0,26.5,1.8,0.0,11.4,64.8,2019,2019-08-01,36.1,20190801,30.3,2.9,8,1,281
213,0.0,24.6,1.5,0.0,11.4,64.1,2019,2019-08-02,37.2,20190802,30.5,2.5,8,2,281
214,0.0,23.8,1.7,0.0,10.4,69.6,2019,2019-08-03,35.7,20190803,28.8,5.1,8,3,281
215,0.0,23.2,1.4,0.0,10.3,66.4,2019,2019-08-04,36.7,20190804,29.6,3.9,8,4,281
216,0.0,23.3,1.6,0.0,11.7,64.6,2019,2019-08-05,36.5,20190805,28.8,3.8,8,5,281
217,21.5,21.8,2.2,0.0,1.8,78.9,2019,2019-08-06,30.6,20190806,25.5,8.1,8,6,281
218,9.5,24.0,1.8,0.0,3.2,77.5,2019,2019-08-07,34.1,20190807,27.8,6.1,8,7,281
219,8.0,23.3,1.1,0.0,6.6,78.5,2019,2019-08-08,35.4,20190808,28.1,5.6,8,8,281
220,0.0,24.1,1.1,0.0,9.2,74.1,2019,2019-08-09,36.1,20190809,29.3,6.6,8,9,281
221,0.0,24.0,2.3,0.0,11.6,73.1,2019,2019-08-10,32.2,20190810,28.0,5.4,8,10,281
222,0.0,25.8,2.8,0.0,10.9,68.5,2019,2019-08-11,33.1,20190811,29.0,7.6,8,11,281
223,0.0,25.4,1.9,0.0,10.8,66.9,2019,2019-08-12,35.5,20190812,30.0,6.8,8,12,281
224,0.0,23.6,1.9,0.0,11.8,69.5,2019,2019-08-13,34.5,20190813,29.0,3.1,8,13,281
225,0.7,25.8,2.6,0.0,3.6,70.5,2019,2019-08-14,32.3,20190814,28.7,8.0,8,14,281
226,15.0,25.5,2.0,0.0,0.1,82.6,2019,2019-08-15,29.4,20190815,27.1,8.8,8,15,281
227,0.0,25.2,2.4,0.0,4.0,68.9,2019,2019-08-16,32.6,20190816,28.2,6.6,8,16,281
228,0.0,21.3,1.7,0.0,11.7,60.6,2019,2019-08-17,34.6,20190817,28.3,2.4,8,17,281
229,0.0,23.4,1.6,0.0,9.8,59.1,2019,2019-08-18,34.3,20190818,28.0,4.0,8,18,281
230,0.0,22.4,1.7,0.0,4.2,73.6,2019,2019-08-19,31.0,20190819,26.1,8.1,8,19,281
231,0.0,22.3,2.0,0.0,8.7,67.9,2019,2019-08-20,30.3,20190820,26.0,5.1,8,20,281
232,14.0,23.6,1.1,0.0,0.6,80.1,2019,2019-08-21,28.8,20190821,25.7,7.4,8,21,281
233,85.0,23.5,1.2,0.0,2.5,85.6,2019,2019-08-22,30.3,20190822,25.7,9.3,8,22,281
234,0.0,20.7,1.6,0.0,6.6,69.3,2019,2019-08-23,30.7,20190823,25.3,7.4,8,23,281
235,0.0,18.3,1.4,0.0,3.6,75.5,2019,2019-08-24,28.2,20190824,23.0,8.4,8,24,281
236,0.0,17.9,1.2,0.0,8.0,73.4,2019,2019-08-25,30.8,20190825,23.4,3.4,8,25,281
237,0.0,17.5,1.3,0.0,9.6,71.1,2019,2019-08-26,31.6,20190826,24.3,3.5,8,26,281
238,17.0,20.7,1.0,0.0,0.0,88.5,2019,2019-08-27,23.9,20190827,22.5,9.1,8,27,281
239,3.5,21.1,1.0,0.0,0.3,85.4,2019,2019-08-28,27.2,20190828,23.2,8.4,8,28,281
240,0.2,20.0,1.0,0.0,0.0,85.0,2019,2019-08-29,25.4,20190829,22.6,9.4,8,29,281
241,0.0,17.7,1.9,0.0,10.6,69.5,2019,2019-08-30,30.0,20190830,23.3,2.0,8,30,281
242,0.0,15.9,1.5,0.0,11.4,69.5,2019,2019-08-31,29.4,20190831,22.8,4.6,8,31,281
243,1.5,17.7,0.7,0.0,0.7,80.0,2019,2019-09-01,27.1,20190901,21.7,9.3,9,1,281
244,5.5,19.7,0.6,0.0,0.0,89.0,2019,2019-09-02,22.7,20190902,20.7,8.8,9,2,281
245,33.0,19.9,0.8,0.0,0.0,91.3,2019,2019-09-03,25.0,20190903,21.9,10.0,9,3,281
246,1.0,21.9,1.1,0.0,0.0,87.3,2019,2019-09-04,27.4,20190904,24.1,9.8,9,4,281
247,2.0,21.7,0.8,0.0,4.8,84.5,2019,2019-09-05,32.1,20190905,25.6,8.0,9,5,281
248,0.0,22.4,1.7,0.0,2.3,80.4,2019,2019-09-06,30.0,20190906,26.4,9.3,9,6,281
249,3.5,24.0,3.1,0.0,1.7,75.6,2019,2019-09-07,30.1,20190907,26.8,7.8,9,7,281
250,0.0,21.4,0.9,0.0,3.3,78.5,2019,2019-09-08,31.7,20190908,25.6,7.9,9,8,281
251,0.0,23.5,1.2,0.0,3.0,77.1,2019,2019-09-09,31.8,20190909,26.5,7.9,9,9,281
252,0.0,23.1,1.3,0.0,5.1,73.3,2019,2019-09-10,32.0,20190910,26.8,8.5,9,10,281
253,0.0,22.2,2.5,0.0,6.5,74.6,2019,2019-09-11,30.3,20190911,24.8,7.8,9,11,281
254,4.5,18.7,1.7,0.0,0.0,77.9,2019,2019-09-12,23.2,20190912,20.8,8.4,9,12,281
255,0.0,16.0,1.6,0.0,8.9,76.1,2019,2019-09-13,25.9,20190913,20.5,4.0,9,13,281
256,0.0,13.6,1.1,0.0,6.2,73.4,2019,2019-09-14,29.4,20190914,22.2,5.5,9,14,281
257,0.0,17.5,1.8,0.0,6.1,75.3,2019,2019-09-15,27.8,20190915,23.0,7.0,9,15,281
258,0.0,15.6,1.4,0.0,10.8,70.6,2019,2019-09-16,27.6,20190916,20.7,3.4,9,16,281
259,0.0,13.4,1.7,0.0,11.2,69.5,2019,2019-09-17,26.9,20190917,19.8,3.0,9,17,281
260,0.0,14.3,1.5,0.0,9.8,67.3,2019,2019-09-18,30.2,20190918,20.9,1.9,9,18,281
261,0.0,15.3,1.8,0.0,10.8,64.8,2019,2019-09-19,25.1,20190919,19.7,3.9,9,19,281
262,0.0,14.0,1.9,0.0,1.7,70.6,2019,2019-09-20,23.5,20190920,19.5,9.4,9,20,281
263,56.0,16.7,2.1,0.0,0.0,86.9,2019,2019-09-21,21.8,20190921,18.8,10.0,9,21,281
264,48.5,17.1,4.4,0.0,0.0,80.9,2019,2019-09-22,19.7,20190922,18.8,10.0,9,22,281
265,0.5,16.3,1.6,0.0,0.1,76.0,2019,2019-09-23,21.9,20190923,18.5,5.6,9,23,281
266,0.0,12.3,1.1,0.0,9.3,73.1,2019,2019-09-24,26.7,20190924,18.0,2.8,9,24,281
267,0.0,10.1,1.1,0.0,7.1,73.4,2019,2019-09-25,25.4,20190925,17.9,7.1,9,25,281
268,0.0,15.5,1.5,0.0,6.9,77.4,2019,2019-09-26,26.7,20190926,20.4,6.9,9,26,281
269,0.5,17.1,1.3,0.0,4.6,78.9,2019,2019-09-27,26.6,20190927,21.7,8.3,9,27,281
270,0.5,20.6,0.7,0.0,1.2,85.5,2019,2019-09-28,26.5,20190928,22.8,8.1,9,28,281
271,0.0,18.4,1.0,0.0,9.1,75.5,2019,2019-09-29,30.5,20190929,23.8,2.8,9,29,281
272,0.0,16.0,0.7,0.0,7.1,76.1,2019,2019-09-30,30.9,20190930,23.2,4.8,9,30,281
273,0.4,21.3,0.7,0.0,0.0,86.4,2019,2019-10-01,25.8,20191001,23.0,9.4,10,1,281
274,121.5,20.9,1.3,0.0,0.0,93.0,2019,2019-10-02,23.1,20191002,21.7,10.0,10,2,281
275,6.0,18.3,2.3,0.0,3.0,81.1,2019,2019-10-03,26.7,20191003,22.6,5.3,10,3,281
276,0.0,15.7,1.2,0.0,7.1,81.6,2019,2019-10-04,28.1,20191004,20.7,4.3,10,4,281
277,0.0,17.7,1.7,0.0,2.6,73.4,2019,2019-10-05,25.8,20191005,21.0,8.9,10,5,281
278,0.0,11.9,2.2,0.0,6.7,65.5,2019,2019-10-06,21.2,20191006,16.6,8.5,10,6,281
279,6.5,12.1,0.9,0.0,0.0,87.9,2019,2019-10-07,18.8,20191007,15.4,8.9,10,7,281
280,0.0,13.0,3.2,0.0,9.0,58.3,2019,2019-10-08,23.5,20191008,17.5,4.7,10,8,281
281,0.0,6.0,1.4,0.0,10.4,61.8,2019,2019-10-09,22.2,20191009,13.5,0.5,10,9,281
282,0.0,6.0,0.9,0.0,9.8,69.3,2019,2019-10-10,24.1,20191010,15.1,6.4,10,10,281
283,0.0,12.9,1.5,0.0,10.4,65.1,2019,2019-10-11,25.4,20191011,18.6,3.9,10,11,281
284,0.0,13.1,3.1,0.0,10.2,53.5,2019,2019-10-12,23.5,20191012,18.9,2.6,10,12,281
285,0.0,8.7,1.8,0.0,10.1,69.3,2019,2019-10-13,21.1,20191013,14.6,1.1,10,13,281
286,0.0,7.0,1.3,0.0,9.5,72.1,2019,2019-10-14,23.2,20191014,15.1,4.4,10,14,281
287,1.0,7.9,2.0,0.0,3.5,73.4,2019,2019-10-15,18.2,20191015,13.6,4.1,10,15,281
288,0.0,5.3,0.8,0.0,7.5,78.8,2019,2019-10-16,21.1,20191016,11.7,5.0,10,16,281
289,0.0,7.2,1.2,0.0,1.9,78.3,2019,2019-10-17,20.3,20191017,13.0,7.9,10,17,281
290,4.0,10.9,1.2,0.0,0.0,87.8,2019,2019-10-18,17.7,20191018,14.5,9.5,10,18,281
291,3.0,11.9,1.0,0.0,6.4,80.8,2019,2019-10-19,23.7,20191019,16.7,3.1,10,19,281
292,0.0,10.0,0.7,0.0,6.8,79.9,2019,2019-10-20,23.6,20191020,15.0,4.3,10,20,281
293,0.0,10.2,1.3,0.0,6.7,79.3,2019,2019-10-21,22.4,20191021,14.4,3.6,10,21,281
294,0.0,8.9,1.2,0.0,8.2,75.9,2019,2019-10-22,23.4,20191022,15.2,4.6,10,22,281
295,0.0,10.1,1.7,0.0,1.5,75.6,2019,2019-10-23,20.7,20191023,15.9,9.0,10,23,281
296,0.0,14.3,1.8,0.0,0.0,74.1,2019,2019-10-24,20.5,20191024,17.5,7.5,10,24,281
297,0.0,13.9,1.5,0.0,5.4,71.1,2019,2019-10-25,25.1,20191025,18.0,7.1,10,25,281
298,0.0,10.4,2.5,0.0,8.6,57.4,2019,2019-10-26,19.5,20191026,14.5,5.3,10,26,281
299,0.0,4.2,2.3,0.0,9.7,56.4,2019,2019-10-27,18.2,20191027,10.9,0.9,10,27,281
300,0.0,1.0,0.9,0.0,9.6,69.8,2019,2019-10-28,19.3,20191028,9.8,3.3,10,28,281
301,0.0,5.0,1.5,0.0,6.2,64.1,2019,2019-10-29,20.0,20191029,12.3,2.0,10,29,281
302,0.0,5.9,2.1,0.0,9.6,54.8,2019,2019-10-30,19.3,20191030,12.5,0.0,10,30,281
303,0.0,6.8,2.1,0.0,9.3,59.5,2019,2019-10-31,22.0,20191031,14.5,0.1,10,31,281
304,0.0,9.1,1.4,0.0,8.5,67.6,2019,2019-11-01,23.3,20191101,14.7,3.1,11,1,281
305,0.0,6.8,0.6,0.0,5.6,76.5,2019,2019-11-02,21.4,20191102,13.4,6.5,11,2,281
306,6.5,8.0,1.0,0.0,6.0,78.9,2019,2019-11-03,22.2,20191103,14.0,7.0,11,3,281
307,0.0,5.5,1.2,0.0,3.1,69.0,2019,2019-11-04,18.1,20191104,12.5,3.5,11,4,281
308,0.0,2.6,1.4,0.0,8.7,70.4,2019,2019-11-05,20.1,20191105,10.7,1.4,11,5,281
309,0.0,3.3,0.6,0.0,8.5,71.4,2019,2019-11-06,20.1,20191106,10.7,2.9,11,6,281
310,0.0,4.9,2.1,0.0,6.2,59.3,2019,2019-11-07,18.9,20191107,11.5,4.0,11,7,281
311,0.0,1.3,1.3,0.0,8.6,56.1,2019,2019-11-08,17.2,20191108,7.8,0.0,11,8,281
312,0.0,-1.2,1.2,0.0,8.7,60.3,2019,2019-11-09,18.1,20191109,6.9,0.9,11,9,281
313,7.0,-0.1,0.8,0.0,2.2,72.9,2019,2019-11-10,15.2,20191110,7.4,7.0,11,10,281
314,0.0,8.8,2.5,0.0,5.7,67.9,2019,2019-11-11,17.7,20191111,12.7,4.3,11,11,281
315,0.0,3.7,0.8,0.0,8.2,75.8,2019,2019-11-12,18.2,20191112,9.2,2.5,11,12,281
316,0.0,1.7,1.6,0.0,0.0,70.6,2019,2019-11-13,14.1,20191113,8.6,5.8,11,13,281
317,0.0,-2.8,3.4,0.0,8.1,37.3,2019,2019-11-14,10.1,20191114,4.0,0.3,11,14,281
318,0.0,-5.0,0.7,0.0,7.9,62.4,2019,2019-11-15,16.4,20191115,5.4,0.0,11,15,281
319,0.0,2.5,0.6,0.0,6.5,74.5,2019,2019-11-16,19.3,20191116,10.4,3.6,11,16,281
320,0.0,4.6,1.0,0.0,0.0,85.8,2019,2019-11-17,15.3,20191117,11.0,9.0,11,17,281
321,12.5,4.4,4.4,0.0,2.5,60.5,2019,2019-11-18,20.1,20191118,10.7,9.1,11,18,281
322,0.0,1.6,3.5,0.0,7.2,53.3,2019,2019-11-19,8.7,20191119,4.6,2.4,11,19,281
323,0.0,-2.3,2.0,0.0,7.8,47.0,2019,2019-11-20,10.3,20191120,2.9,0.1,11,20,281
324,0.0,-5.2,0.7,0.0,7.7,59.3,2019,2019-11-21,14.4,20191121,4.8,3.5,11,21,281
325,0.0,0.8,1.0,0.0,7.6,76.3,2019,2019-11-22,18.2,20191122,8.4,3.3,11,22,281
326,0.0,3.5,0.5,0.0,7.8,77.8,2019,2019-11-23,19.1,20191123,10.3,6.8,11,23,281
327,0.0,7.4,1.3,0.0,4.3,75.5,2019,2019-11-24,21.0,20191124,13.1,6.9,11,24,281
328,0.0,6.8,2.6,0.0,0.2,67.6,2019,2019-11-25,13.5,20191125,8.9,8.1,11,25,281
329,0.0,3.3,1.3,0.0,4.9,70.8,2019,2019-11-26,13.7,20191126,8.6,4.6,11,26,281
330,0.0,1.0,1.4,0.0,0.5,63.6,2019,2019-11-27,11.3,20191127,6.0,9.1,11,27,281
331,0.0,0.4,1.2,0.0,0.6,76.9,2019,2019-11-28,10.4,20191128,4.9,6.5,11,28,281
332,0.0,-1.6,1.4,0.0,7.7,62.4,2019,2019-11-29,11.7,20191129,3.3,3.8,11,29,281
333,0.0,-0.8,0.6,0.0,2.5,69.3,2019,2019-11-30,13.3,20191130,5.2,6.9,11,30,281
334,23.0,4.3,1.3,0.0,0.0,78.4,2019,2019-12-01,9.9,20191201,6.8,9.9,12,1,281
335,0.5,0.5,4.5,0.0,6.5,53.5,2019,2019-12-02,7.9,20191202,4.3,3.5,12,2,281
336,0.0,-3.2,2.5,0.0,7.1,57.6,2019,2019-12-03,9.2,20191203,3.5,2.1,12,3,281
337,0.0,-1.7,1.9,0.0,5.9,59.4,2019,2019-12-04,10.2,20191204,3.4,2.0,12,4,281
338,0.0,-3.5,3.3,0.0,7.7,39.5,2019,2019-12-05,6.1,20191205,1.6,0.3,12,5,281
339,0.0,-6.9,2.2,0.0,7.5,35.1,2019,2019-12-06,3.9,20191206,-2.7,0.0,12,6,281
340,0.0,-7.8,2.4,0.0,7.6,49.8,2019,2019-12-07,8.6,20191207,1.4,0.0,12,7,281
341,0.0,-4.4,1.3,0.0,7.6,62.5,2019,2019-12-08,9.4,20191208,1.4,0.0,12,8,281
342,0.0,-7.4,0.7,0.0,7.6,69.8,2019,2019-12-09,10.9,20191209,0.5,0.4,12,9,281
343,0.0,-4.0,0.7,0.0,5.1,75.1,2019,2019-12-10,15.1,20191210,3.6,3.4,12,10,281
344,0.0,-0.3,2.5,0.0,5.1,64.9,2019,2019-12-11,16.6,20191211,6.5,5.1,12,11,281
345,0.0,-2.6,1.5,0.0,7.7,33.3,2019,2019-12-12,7.5,20191212,2.8,0.0,12,12,281
346,0.0,-6.9,0.8,0.0,7.6,47.3,2019,2019-12-13,9.3,20191213,0.6,4.1,12,13,281
347,0.0,-3.0,1.8,0.0,7.2,53.3,2019,2019-12-14,11.0,20191214,3.1,3.6,12,14,281
348,0.0,-1.9,1.0,0.0,7.2,67.0,2019,2019-12-15,13.2,20191215,4.5,5.5,12,15,281
349,0.0,-2.8,0.5,0.0,6.8,72.0,2019,2019-12-16,14.0,20191216,5.0,4.0,12,16,281
350,0.0,0.1,1.6,0.0,3.8,75.8,2019,2019-12-17,17.6,20191217,8.3,6.8,12,17,281
351,0.0,3.3,2.5,0.0,7.5,56.1,2019,2019-12-18,12.4,20191218,7.2,4.9,12,18,281
352,0.0,0.7,3.4,0.0,6.3,35.0,2019,2019-12-19,9.4,20191219,3.8,6.3,12,19,281
353,0.0,-2.7,2.2,0.0,6.7,50.3,2019,2019-12-20,7.1,20191220,1.3,6.0,12,20,281
354,0.0,-4.4,1.5,0.0,2.1,55.8,2019,2019-12-21,4.2,20191221,0.5,5.4,12,21,281
355,0.0,-4.4,0.5,0.0,0.9,73.9,2019,2019-12-22,7.1,20191222,0.0,5.9,12,22,281
356,0.0,-5.3,1.5,0.0,4.4,69.0,2019,2019-12-23,11.3,20191223,1.8,2.3,12,23,281
357,0.0,-3.8,0.7,0.0,6.6,73.0,2019,2019-12-24,11.2,20191224,2.1,3.5,12,24,281
358,0.0,-4.9,0.8,0.0,7.3,60.9,2019,2019-12-25,13.2,20191225,3.5,5.5,12,25,281
359,2.0,0.5,2.1,0.0,0.0,69.0,2019,2019-12-26,6.9,20191226,3.2,9.3,12,26,281
360,0.0,-3.2,3.4,0.0,7.6,44.8,2019,2019-12-27,6.1,20191227,1.1,0.0,12,27,281
361,0.0,-5.4,1.1,0.0,7.6,54.0,2019,2019-12-28,7.9,20191228,-0.2,0.0,12,28,281
362,3.0,-6.4,0.4,0.0,0.0,72.8,2019,2019-12-29,5.1,20191229,-0.2,8.4,12,29,281
363,2.0,2.0,2.3,0.0,2.3,76.9,2019,2019-12-30,11.6,20191230,5.3,7.3,12,30,281
364,0.0,-5.2,4.4,0.0,7.6,37.9,2019,2019-12-31,2.4,20191231,-2.7,1.4,12,31,281
