,year,tmax,humid,rainfall,snow,Date,wind,month,date,sunshine,tavg,tmin,cloud,station_id,day
0,2024,9.4,79.8,0.0,0.0,2024-01-01,0.8,1,20240101,3.6,2.9,-1.9,4.1,281,1
1,2024,9.5,71.9,0.0,0.0,2024-01-02,1.4,1,20240102,2.7,4.6,0.4,6.9,281,2
2,2024,6.5,75.6,3.7,0.0,2024-01-03,2.7,1,20240103,2.6,3.4,1.1,6.1,281,3
3,2024,8.3,61.5,0.0,0.0,2024-01-04,1.6,1,20240104,7.2,1.7,-2.9,0.0,281,4
4,2024,11.6,76.6,0.0,0.0,2024-01-05,1.1,1,20240105,7.1,2.1,-5.4,2.1,281,5
5,2024,8.1,52.8,0.0,0.0,2024-01-06,2.3,1,20240106,7.2,3.1,-3.5,1.6,281,6
6,2024,2.7,46.6,0.0,0.0,2024-01-07,4.1,1,20240107,7.2,-0.4,-4.0,0.8,281,7
7,2024,3.4,44.9,0.0,0.0,2024-01-08,1.4,1,20240108,7.3,-3.2,-8.8,0.3,281,8
8,2024,6.0,63.9,1.6,0.0,2024-01-09,0.8,1,20240109,1.3,-0.6,-7.5,5.6,281,9
9,2024,6.7,82.4,0.2,0.0,2024-01-10,1.2,1,20240110,3.0,2.6,-0.9,4.1,281,10
10,2024,6.2,67.9,0.0,0.0,2024-01-11,2.5,1,20240111,7.2,1.6,-3.4,1.1,281,11
11,2024,9.6,47.4,0.0,0.0,2024-01-12,2.4,1,20240112,7.0,4.3,-0.3,0.6,281,12
12,2024,7.5,44.4,0.0,0.0,2024-01-13,1.6,1,20240113,7.3,1.3,-4.0,0.0,281,13
13,2024,13.1,70.8,0.0,0.0,2024-01-14,1.7,1,20240114,7.4,3.6,-7.2,1.9,281,14
14,2024,5.9,49.9,0.0,0.0,2024-01-15,2.7,1,20240115,7.4,1.4,-1.9,0.8,281,15
15,2024,7.7,52.8,0.0,0.0,2024-01-16,0.8,1,20240116,7.4,-0.4,-8.1,1.5,281,16
16,2024,8.2,77.8,1.3,0.0,2024-01-17,0.5,1,20240117,1.1,2.5,-4.4,9.3,281,17
17,2024,7.4,90.5,4.0,0.0,2024-01-18,1.4,1,20240118,0.0,5.7,4.0,8.6,281,18
18,2024,6.8,71.8,0.0,0.0,2024-01-19,3.1,1,20240119,0.0,5.9,5.2,9.1,281,19
19,2024,7.2,87.6,8.3,0.0,2024-01-20,2.4,1,20240120,0.0,5.6,3.7,9.9,281,20
20,2024,8.6,84.4,0.5,0.0,2024-01-21,1.2,1,20240121,0.2,5.1,1.9,4.5,281,21
21,2024,4.4,58.0,0.0,0.0,2024-01-22,5.0,1,20240122,7.2,-1.9,-7.5,4.5,281,22
22,2024,2.1,40.3,0.0,0.0,2024-01-25,2.6,1,20240125,7.8,-3.1,-8.6,0.8,281,25
23,2024,6.8,48.3,0.0,0.0,2024-01-26,3.5,1,20240126,7.8,0.9,-4.0,0.3,281,26
24,2024,8.6,52.3,0.0,0.0,2024-01-27,2.2,1,20240127,7.7,2.1,-2.2,1.3,281,27
25,2024,7.1,64.6,0.0,0.0,2024-01-29,1.1,1,20240129,7.8,-1.4,-8.1,0.3,281,29
26,2024,9.7,68.9,0.0,0.0,2024-01-30,0.6,1,20240130,7.8,0.5,-8.4,2.0,281,30
27,2024,13.6,61.1,0.0,0.0,2024-01-31,0.8,1,20240131,5.5,6.2,1.1,6.4,281,31
28,2024,8.9,65.4,0.0,0.0,2024-02-01,2.4,2,20240201,0.2,5.5,2.7,9.6,281,1
29,2024,7.2,82.6,0.0,0.0,2024-02-02,1.0,2,20240202,0.2,3.9,2.2,8.8,281,2
30,2024,8.1,86.3,2.1,0.0,2024-02-03,1.2,2,20240203,0.4,4.5,0.9,9.3,281,3
31,2024,8.6,86.6,2.0,0.0,2024-02-04,1.1,2,20240204,0.1,5.4,2.7,9.4,281,4
32,2024,6.7,84.4,13.3,0.0,2024-02-05,2.7,2,20240205,0.0,5.0,2.8,9.9,281,5
33,2024,5.0,84.6,0.1,0.0,2024-02-06,0.8,2,20240206,0.0,2.9,0.8,10.0,281,6
34,2024,8.1,73.5,0.0,0.0,2024-02-08,0.9,2,20240208,8.4,0.9,-4.7,3.1,281,8
35,2024,9.5,60.9,0.0,0.0,2024-02-09,1.6,2,20240209,8.0,2.2,-4.0,0.3,281,9
36,2024,8.3,57.0,0.0,0.0,2024-02-10,2.4,2,20240210,8.2,3.2,-2.5,0.5,281,10
37,2024,7.6,60.4,0.0,0.0,2024-02-11,2.3,2,20240211,7.4,2.5,-4.6,1.5,281,11
38,2024,11.9,59.0,0.0,0.0,2024-02-12,1.0,2,20240212,9.0,2.6,-5.2,0.0,281,12
39,2024,16.5,64.5,0.0,0.0,2024-02-13,1.8,2,20240213,8.9,7.3,-4.5,0.0,281,13
40,2024,17.6,85.5,0.7,0.0,2024-02-14,1.0,2,20240214,2.2,9.6,3.0,6.8,281,14
41,2024,17.6,82.1,0.0,0.0,2024-02-15,2.0,2,20240215,1.9,7.2,3.1,8.5,281,15
42,2024,8.8,67.4,0.0,0.0,2024-02-16,0.9,2,20240216,5.7,2.8,-2.5,2.6,281,16
43,2024,14.8,66.1,0.0,0.0,2024-02-17,0.9,2,20240217,9.1,3.7,-4.8,0.0,281,17
44,2024,14.4,81.6,8.2,0.0,2024-02-18,0.8,2,20240218,4.0,7.0,-4.3,6.5,281,18
45,2024,19.0,91.1,15.1,0.0,2024-02-19,1.4,2,20240219,1.1,14.4,11.4,8.3,281,19
46,2024,12.7,87.3,3.1,0.0,2024-02-20,2.5,2,20240220,0.0,7.0,5.5,9.4,281,20
47,2024,6.0,89.0,6.2,0.0,2024-02-21,2.9,2,20240221,0.0,4.9,3.6,9.9,281,21
48,2024,4.3,81.4,1.9,0.0,2024-02-22,2.2,2,20240222,0.0,2.9,1.9,9.9,281,22
49,2024,5.1,68.3,0.1,0.0,2024-02-23,2.4,2,20240223,0.0,2.9,1.6,10.0,281,23
50,2024,5.7,68.9,0.8,0.0,2024-02-24,2.0,2,20240224,0.0,3.3,1.5,10.0,281,24
51,2024,7.8,85.5,1.7,0.0,2024-02-25,1.3,2,20240225,0.4,4.0,1.0,9.4,281,25
52,2024,9.8,69.9,0.0,0.0,2024-02-26,1.4,2,20240226,1.8,4.6,-0.1,5.3,281,26
53,2024,6.1,74.3,0.0,0.0,2024-02-27,1.0,2,20240227,0.5,1.6,-2.1,6.3,281,27
54,2024,10.7,74.1,0.0,0.0,2024-02-28,0.8,2,20240228,6.9,3.3,-4.4,3.6,281,28
55,2024,6.0,93.1,8.4,0.0,2024-02-29,1.0,2,20240229,0.0,3.1,0.4,8.9,281,29
56,2024,3.6,40.1,0.0,0.0,2024-03-01,4.5,3,20240301,9.3,-0.1,-4.9,1.6,281,1
57,2024,5.2,43.5,0.0,0.0,2024-03-02,2.3,3,20240302,10.5,-0.4,-6.6,0.0,281,2
58,2024,11.1,56.0,0.0,0.0,2024-03-03,2.2,3,20240303,5.3,5.5,-2.0,3.3,281,3
59,2024,13.3,63.6,0.0,0.0,2024-03-04,0.9,3,20240304,7.8,6.3,-2.6,5.9,281,4
60,2024,7.4,89.0,8.1,0.0,2024-03-05,1.8,3,20240305,0.0,6.4,5.4,10.0,281,5
61,2024,10.5,65.3,0.0,0.0,2024-03-06,2.2,3,20240306,1.1,6.9,4.6,8.5,281,6
62,2024,8.5,70.6,0.0,0.0,2024-03-07,1.2,3,20240307,1.9,5.0,2.7,7.1,281,7
63,2024,9.6,43.5,0.0,0.0,2024-03-08,3.8,3,20240308,9.2,4.0,0.3,0.5,281,8
64,2024,9.5,51.9,0.0,0.0,2024-03-09,1.7,3,20240309,10.9,2.5,-3.3,0.0,281,9
65,2024,13.0,57.4,0.0,0.0,2024-03-10,1.3,3,20240310,10.9,3.4,-5.3,1.0,281,10
66,2024,12.8,56.8,0.0,0.0,2024-03-11,1.2,3,20240311,4.6,6.3,-2.2,8.1,281,11
67,2024,12.6,81.6,2.7,0.0,2024-03-12,1.0,3,20240312,3.6,5.0,-1.2,5.3,281,12
68,2024,14.8,61.5,0.0,0.0,2024-03-13,1.9,3,20240313,8.0,7.3,1.1,2.9,281,13
69,2024,17.1,44.3,0.0,0.0,2024-03-14,2.1,3,20240314,10.0,8.8,1.9,0.4,281,14
70,2024,19.9,43.5,0.0,0.0,2024-03-15,1.9,3,20240315,10.8,10.4,-1.3,0.0,281,15
71,2024,19.5,57.0,0.0,0.0,2024-03-16,1.4,3,20240316,9.5,11.1,1.4,3.5,281,16
72,2024,18.2,46.4,0.0,0.0,2024-03-17,3.0,3,20240317,4.6,12.0,4.2,4.9,281,17
73,2024,15.4,57.1,0.0,0.0,2024-03-18,1.1,3,20240318,10.4,7.3,-1.0,2.9,281,18
74,2024,15.7,51.5,0.0,0.0,2024-03-19,3.2,3,20240319,3.0,8.8,4.7,7.3,281,19
75,2024,11.1,38.4,0.0,0.0,2024-03-20,3.5,3,20240320,8.5,6.0,2.7,2.5,281,20
76,2024,12.1,49.0,0.0,0.0,2024-03-21,1.7,3,20240321,10.7,5.4,-2.0,0.0,281,21
77,2024,16.2,64.8,1.5,0.0,2024-03-22,1.7,3,20240322,8.4,9.0,-0.6,7.5,281,22
78,2024,23.4,71.1,0.8,0.0,2024-03-23,2.4,3,20240323,8.6,14.4,10.2,4.3,281,23
79,2024,12.7,74.9,0.2,0.0,2024-03-24,2.1,3,20240324,0.0,10.5,9.4,9.9,281,24
80,2024,12.5,78.5,15.3,0.0,2024-03-25,2.7,3,20240325,0.0,9.5,7.2,9.9,281,25
81,2024,10.1,81.5,14.7,0.0,2024-03-26,1.8,3,20240326,0.0,7.4,4.7,8.5,281,26
82,2024,16.7,75.3,0.0,0.0,2024-03-27,1.0,3,20240327,7.1,8.5,-0.2,4.8,281,27
83,2024,11.2,95.8,25.9,0.0,2024-03-28,1.2,3,20240328,0.0,9.0,7.4,9.5,281,28
84,2024,19.5,59.5,0.0,0.0,2024-03-29,3.0,3,20240329,7.8,12.3,4.1,1.1,281,29
85,2024,15.9,62.3,2.2,0.0,2024-03-30,1.3,3,20240330,6.8,9.8,1.7,1.8,281,30
86,2024,18.8,55.5,0.0,0.0,2024-03-31,1.5,3,20240331,8.7,12.0,3.7,3.1,281,31
87,2024,22.8,55.4,0.0,0.0,2024-04-01,1.4,4,20240401,11.0,12.3,2.2,0.0,281,1
88,2024,24.3,63.1,2.7,0.0,2024-04-02,1.2,4,20240402,8.5,13.3,3.8,7.9,281,2
89,2024,13.3,98.8,29.9,0.0,2024-04-03,1.1,4,20240403,0.0,11.9,10.7,9.9,281,3
90,2024,15.6,66.0,0.0,0.0,2024-04-04,2.1,4,20240404,1.5,12.0,9.9,8.5,281,4
91,2024,18.2,65.4,0.0,0.0,2024-04-05,1.4,4,20240405,3.6,12.3,8.0,6.6,281,5
92,2024,20.6,68.8,0.0,0.0,2024-04-06,1.0,4,20240406,4.4,12.8,6.1,7.1,281,6
93,2024,24.6,56.9,0.0,0.0,2024-04-07,1.2,4,20240407,10.7,15.2,6.0,3.6,281,7
94,2024,23.3,53.6,0.0,0.0,2024-04-08,0.8,4,20240408,2.3,16.1,8.2,8.8,281,8
95,2024,16.1,55.8,0.0,0.0,2024-04-09,3.1,4,20240409,11.4,11.3,4.8,1.0,281,9
96,2024,18.9,64.3,0.0,0.0,2024-04-10,0.9,4,20240410,9.4,11.0,2.1,6.3,281,10
97,2024,20.5,63.4,0.0,0.0,2024-04-11,1.1,4,20240411,1.7,13.4,7.8,6.8,281,11
98,2024,25.0,62.4,0.0,0.0,2024-04-12,0.9,4,20240412,10.3,16.0,6.3,1.8,281,12
99,2024,27.7,57.9,0.0,0.0,2024-04-13,1.1,4,20240413,11.7,17.4,7.9,0.0,281,13
100,2024,27.5,54.0,0.0,0.0,2024-04-14,1.3,4,20240414,11.1,17.5,7.2,3.8,281,14
101,2024,19.2,87.4,11.3,0.0,2024-04-15,1.0,4,20240415,0.0,15.5,14.0,7.0,281,15
102,2024,22.8,66.3,0.0,0.0,2024-04-16,2.1,4,20240416,8.4,16.8,11.8,1.3,281,16
103,2024,24.5,60.0,0.0,0.0,2024-04-17,1.3,4,20240417,10.6,15.3,7.2,4.4,281,17
104,2024,25.0,61.9,0.0,0.0,2024-04-18,1.3,4,20240418,10.6,15.6,8.1,0.4,281,18
105,2024,27.9,55.0,0.0,0.0,2024-04-19,1.2,4,20240419,10.5,18.3,7.4,3.3,281,19
106,2024,15.9,84.1,1.3,0.0,2024-04-20,2.0,4,20240420,0.0,14.5,13.2,9.8,281,20
107,2024,17.3,81.5,0.5,0.0,2024-04-21,2.0,4,20240421,0.0,15.4,13.3,8.9,281,21
108,2024,17.6,70.5,0.0,0.0,2024-04-22,1.7,4,20240422,0.0,14.7,12.6,9.0,281,22
109,2024,17.7,72.5,5.2,0.0,2024-04-23,3.2,4,20240423,4.0,13.8,10.5,8.3,281,23
110,2024,19.2,80.4,4.2,0.0,2024-04-24,1.2,4,20240424,3.8,13.3,10.3,6.0,281,24
111,2024,25.5,63.4,0.0,0.0,2024-04-25,2.0,4,20240425,11.5,17.1,10.4,1.1,281,25
112,2024,24.4,71.9,0.0,0.0,2024-04-26,0.8,4,20240426,2.1,16.4,9.6,7.5,281,26
113,2024,29.2,64.3,0.0,0.0,2024-04-27,1.0,4,20240427,12.0,18.7,9.1,0.0,281,27
114,2024,26.7,69.8,0.0,0.0,2024-04-28,2.1,4,20240428,11.1,17.0,9.5,5.3,281,28
115,2024,16.3,85.0,1.9,0.0,2024-04-29,1.3,4,20240429,0.0,14.3,13.0,9.9,281,29
116,2024,22.9,78.9,0.0,0.0,2024-04-30,1.8,4,20240430,3.0,16.1,12.8,9.3,281,30
117,2024,17.9,72.0,1.6,0.0,2024-05-01,2.1,5,20240501,5.6,12.4,7.1,5.8,281,1
118,2024,23.6,63.3,0.0,0.0,2024-05-02,1.1,5,20240502,12.3,13.8,4.2,0.5,281,2
119,2024,27.9,58.6,0.0,0.0,2024-05-03,1.2,5,20240503,12.3,17.0,6.6,0.0,281,3
120,2024,28.0,55.9,0.0,0.0,2024-05-04,1.3,5,20240504,12.3,18.4,6.4,2.6,281,4
121,2024,18.9,91.5,19.8,0.0,2024-05-05,1.0,5,20240505,0.0,17.4,16.1,10.0,281,5
122,2024,24.1,78.0,14.6,0.0,2024-05-06,1.7,5,20240506,3.6,19.2,15.9,8.5,281,6
123,2024,16.1,92.3,5.3,0.0,2024-05-07,1.3,5,20240507,0.0,13.2,11.1,9.8,281,7
124,2024,17.4,74.0,0.6,0.0,2024-05-08,1.8,5,20240508,6.4,12.1,7.3,5.1,281,8
125,2024,24.7,58.0,0.0,0.0,2024-05-09,1.7,5,20240509,11.2,15.7,4.3,0.0,281,9
126,2024,28.1,44.6,0.0,0.0,2024-05-10,1.9,5,20240510,12.3,19.6,12.2,1.1,281,10
127,2024,25.3,67.1,3.7,0.0,2024-05-11,2.3,5,20240511,5.6,19.8,11.3,6.3,281,11
128,2024,24.3,64.0,4.5,0.0,2024-05-12,2.4,5,20240512,6.7,18.3,12.4,7.5,281,12
129,2024,25.5,61.8,0.0,0.0,2024-05-13,1.4,5,20240513,12.8,16.4,8.7,0.0,281,13
130,2024,27.4,61.9,0.0,0.0,2024-05-14,1.1,5,20240514,12.9,17.7,7.6,0.0,281,14
131,2024,26.9,64.4,17.9,0.0,2024-05-15,2.0,5,20240515,11.8,16.6,9.5,3.4,281,15
132,2024,21.0,63.1,6.2,0.0,2024-05-16,3.5,5,20240516,9.7,13.8,7.8,3.6,281,16
133,2024,27.1,62.1,0.0,0.0,2024-05-17,1.2,5,20240517,8.4,17.0,7.1,1.8,281,17
134,2024,28.8,58.0,0.0,0.0,2024-05-18,1.3,5,20240518,12.8,19.3,9.5,0.0,281,18
135,2024,30.2,59.3,0.0,0.0,2024-05-19,1.4,5,20240519,12.7,20.0,10.7,0.1,281,19
136,2024,28.5,65.0,0.0,0.0,2024-05-20,1.8,5,20240520,9.8,18.9,11.4,2.3,281,20
137,2024,21.1,75.9,0.0,0.0,2024-05-21,2.5,5,20240521,6.2,16.2,11.7,4.5,281,21
138,2024,29.2,65.4,0.0,0.0,2024-05-22,1.1,5,20240522,12.7,19.8,9.2,3.8,281,22
139,2024,31.3,50.8,0.0,0.0,2024-05-23,1.8,5,20240523,9.4,23.4,15.4,2.3,281,23
140,2024,23.2,61.9,0.0,0.0,2024-05-24,2.6,5,20240524,11.5,19.2,13.9,3.1,281,24
141,2024,22.6,58.1,0.0,0.0,2024-05-25,2.6,5,20240525,5.3,18.5,15.7,7.1,281,25
142,2024,26.8,73.8,7.9,0.0,2024-05-26,1.7,5,20240526,7.2,20.1,12.1,7.3,281,26
143,2024,24.4,56.5,0.5,0.0,2024-05-27,3.1,5,20240527,9.1,20.7,17.4,6.8,281,27
144,2024,24.1,63.8,0.0,0.0,2024-05-28,1.8,5,20240528,4.9,17.4,11.2,5.9,281,28
145,2024,29.0,63.5,0.0,0.0,2024-05-29,1.2,5,20240529,12.8,19.2,8.3,1.0,281,29
146,2024,25.9,66.4,0.0,0.0,2024-05-30,1.0,5,20240530,0.6,19.9,13.8,9.8,281,30
147,2024,29.2,52.3,0.0,0.0,2024-05-31,1.6,5,20240531,10.2,22.1,16.9,3.8,281,31
148,2024,27.2,63.3,0.0,0.0,2024-06-01,2.3,6,20240601,7.9,20.3,16.2,6.3,281,1
149,2024,25.9,73.6,1.8,0.0,2024-06-02,2.1,6,20240602,8.5,18.1,12.1,5.8,281,2
150,2024,24.2,73.9,0.1,0.0,2024-06-03,1.9,6,20240603,7.5,18.0,15.0,4.6,281,3
151,2024,24.4,71.1,0.0,0.0,2024-06-04,1.6,6,20240604,11.2,17.5,10.8,1.3,281,4
152,2024,27.4,62.5,0.0,0.0,2024-06-05,1.5,6,20240605,12.2,19.4,10.6,5.0,281,5
153,2024,27.4,64.8,0.0,0.0,2024-06-06,1.0,6,20240606,3.8,20.8,14.0,7.8,281,6
154,2024,29.5,62.5,0.0,0.0,2024-06-07,1.1,6,20240607,9.2,22.5,14.5,5.5,281,7
155,2024,23.5,85.8,18.2,0.0,2024-06-08,0.9,6,20240608,0.2,19.6,18.3,9.5,281,8
156,2024,28.2,79.3,1.5,0.0,2024-06-09,1.1,6,20240609,7.4,22.1,18.3,4.8,281,9
157,2024,31.9,68.6,0.0,0.0,2024-06-10,1.1,6,20240610,12.4,24.2,16.1,1.3,281,10
158,2024,33.6,62.0,0.0,0.0,2024-06-11,1.4,6,20240611,12.6,25.9,17.7,1.9,281,11
159,2024,33.4,63.1,0.0,0.0,2024-06-12,1.5,6,20240612,12.6,25.7,18.5,2.9,281,12
160,2024,33.5,62.0,0.0,0.0,2024-06-13,1.4,6,20240613,12.3,25.6,18.3,1.1,281,13
161,2024,34.2,59.4,0.0,0.0,2024-06-14,1.3,6,20240614,10.8,25.8,16.7,3.1,281,14
162,2024,32.8,71.8,2.3,0.0,2024-06-15,1.5,6,20240615,7.9,24.3,18.8,6.0,281,15
163,2024,31.3,60.3,0.3,0.0,2024-06-16,2.1,6,20240616,12.3,24.5,19.1,2.9,281,16
164,2024,30.1,60.0,0.0,0.0,2024-06-17,1.4,6,20240617,4.6,23.1,16.0,7.6,281,17
165,2024,34.8,51.4,0.0,0.0,2024-06-18,1.5,6,20240618,12.9,26.3,17.1,0.6,281,18
166,2024,36.3,54.9,0.0,0.0,2024-06-19,1.2,6,20240619,11.9,27.5,18.0,5.4,281,19
167,2024,29.6,63.8,0.0,0.0,2024-06-20,1.4,6,20240620,3.4,23.8,18.0,8.6,281,20
168,2024,29.6,68.5,0.0,0.0,2024-06-21,1.4,6,20240621,5.5,24.6,19.8,8.3,281,21
169,2024,23.5,94.9,21.8,0.0,2024-06-22,0.9,6,20240622,0.0,22.4,20.4,9.5,281,22
170,2024,29.4,88.5,0.0,0.0,2024-06-23,1.3,6,20240623,1.8,24.2,21.7,7.4,281,23
171,2024,31.2,75.5,0.0,0.0,2024-06-24,1.4,6,20240624,5.2,24.8,20.0,7.6,281,24
172,2024,29.4,59.8,0.0,0.0,2024-06-25,2.4,6,20240625,6.1,23.2,19.1,8.1,281,25
173,2024,29.2,64.0,0.0,0.0,2024-06-26,1.3,6,20240626,12.1,22.7,16.2,5.4,281,26
174,2024,25.5,76.8,0.5,0.0,2024-06-27,0.8,6,20240627,0.2,21.0,15.6,8.6,281,27
175,2024,32.6,73.1,0.0,0.0,2024-06-28,1.2,6,20240628,10.2,24.2,17.2,1.9,281,28
176,2024,30.0,86.5,19.9,0.0,2024-06-29,1.3,6,20240629,6.8,23.7,19.7,8.6,281,29
177,2024,29.3,92.1,32.6,0.0,2024-06-30,1.5,6,20240630,0.2,25.2,22.9,9.4,281,30
178,2024,31.9,72.4,0.0,0.0,2024-07-01,1.4,7,20240701,10.1,26.8,22.7,4.6,281,1
179,2024,25.4,93.8,30.4,0.0,2024-07-02,2.1,7,20240702,0.4,22.8,21.3,9.4,281,2
180,2024,32.6,76.4,7.9,0.0,2024-07-03,2.0,7,20240703,5.7,27.3,22.6,6.1,281,3
181,2024,34.1,69.4,0.0,0.0,2024-07-04,1.6,7,20240704,10.8,28.0,20.8,1.6,281,4
182,2024,32.5,66.3,0.9,0.0,2024-07-05,2.5,7,20240705,8.3,28.1,23.7,5.9,281,5
183,2024,32.0,74.3,0.0,0.0,2024-07-06,2.0,7,20240706,6.3,27.4,21.9,7.5,281,6
184,2024,31.3,74.8,3.5,0.0,2024-07-07,2.2,7,20240707,3.1,28.4,25.7,8.6,281,7
185,2024,28.2,83.1,1.0,0.0,2024-07-08,1.3,7,20240708,0.0,27.0,25.7,9.8,281,8
186,2024,26.5,97.6,158.8,0.0,2024-07-09,1.0,7,20240709,0.0,23.7,22.0,10.0,281,9
187,2024,25.5,96.0,96.1,0.0,2024-07-10,1.5,7,20240710,0.1,22.7,21.2,8.6,281,10
188,2024,27.7,89.9,0.1,0.0,2024-07-11,0.6,7,20240711,0.7,23.8,20.8,8.3,281,11
189,2024,31.7,79.9,0.0,0.0,2024-07-12,1.1,7,20240712,6.2,25.6,20.6,1.9,281,12
190,2024,29.2,84.4,0.0,0.0,2024-07-13,1.6,7,20240713,0.0,24.3,19.8,6.8,281,13
191,2024,24.5,94.3,2.8,0.0,2024-07-14,1.5,7,20240714,0.0,23.0,21.9,8.9,281,14
192,2024,26.1,90.3,0.0,0.0,2024-07-15,1.5,7,20240715,0.0,23.3,21.5,7.4,281,15
193,2024,28.1,89.9,19.6,0.0,2024-07-16,1.2,7,20240716,0.0,24.3,21.8,8.6,281,16
194,2024,30.1,81.6,0.2,0.0,2024-07-17,1.2,7,20240717,0.0,26.4,22.3,8.9,281,17
195,2024,29.1,80.4,2.0,0.0,2024-07-18,1.7,7,20240718,0.0,27.2,24.9,9.9,281,18
196,2024,30.1,80.1,0.4,0.0,2024-07-19,1.6,7,20240719,0.0,26.7,24.2,8.3,281,19
197,2024,30.9,83.8,15.0,0.0,2024-07-20,1.5,7,20240720,0.0,26.2,22.1,4.8,281,20
198,2024,33.2,73.5,0.4,0.0,2024-07-21,2.2,7,20240721,6.7,29.0,25.6,3.5,281,21
199,2024,32.9,72.0,0.0,0.0,2024-07-22,1.7,7,20240722,9.5,29.2,24.5,4.9,281,22
200,2024,31.8,70.3,0.0,0.0,2024-07-23,2.2,7,20240723,2.9,29.4,27.3,9.3,281,23
201,2024,31.8,82.0,27.2,0.0,2024-07-24,1.3,7,20240724,7.7,27.6,24.2,6.9,281,24
202,2024,33.7,79.1,0.0,0.0,2024-07-25,1.0,7,20240725,9.4,28.7,24.0,6.0,281,25
203,2024,33.8,75.6,0.0,0.0,2024-07-26,1.2,7,20240726,7.3,28.9,24.8,7.1,281,26
204,2024,33.0,75.8,0.0,0.0,2024-07-27,1.5,7,20240727,6.9,29.0,25.3,6.8,281,27
205,2024,34.1,69.3,0.0,0.0,2024-07-28,1.8,7,20240728,11.1,29.8,25.4,3.8,281,28
206,2024,34.9,68.3,0.0,0.0,2024-07-29,2.5,7,20240729,11.8,29.7,25.4,0.8,281,29
207,2024,34.3,70.0,0.0,0.0,2024-07-30,2.1,7,20240730,12.1,29.2,23.7,0.0,281,30
208,2024,35.3,70.9,0.0,0.0,2024-07-31,1.8,7,20240731,12.7,29.7,25.2,0.1,281,31
209,2024,36.0,71.5,0.0,0.0,2024-08-01,1.4,8,20240801,10.7,30.3,24.9,0.9,281,1
210,2024,36.8,73.1,10.9,0.0,2024-08-02,1.4,8,20240802,10.9,31.0,25.4,1.6,281,2
211,2024,35.9,75.0,0.0,0.0,2024-08-03,1.5,8,20240803,10.6,30.9,26.9,2.3,281,3
212,2024,33.4,80.0,0.0,0.0,2024-08-04,1.7,8,20240804,6.1,28.8,25.5,3.5,281,4
213,2024,34.2,77.6,0.0,0.0,2024-08-05,1.2,8,20240805,7.3,28.0,24.1,5.0,281,5
214,2024,35.9,79.1,1.8,0.0,2024-08-06,1.3,8,20240806,7.5,27.8,22.7,4.4,281,6
215,2024,36.2,73.9,0.0,0.0,2024-08-07,1.2,8,20240807,10.9,29.7,24.0,4.4,281,7
216,2024,34.3,77.3,28.5,0.0,2024-08-08,1.3,8,20240808,8.7,28.0,23.3,7.1,281,8
217,2024,33.9,75.6,0.0,0.0,2024-08-09,1.2,8,20240809,10.1,27.8,23.1,2.4,281,9
218,2024,33.7,73.6,0.0,0.0,2024-08-10,1.3,8,20240810,10.5,27.4,22.1,3.3,281,10
219,2024,34.1,74.0,0.0,0.0,2024-08-11,1.2,8,20240811,11.6,27.5,22.4,2.0,281,11
220,2024,33.8,73.9,0.0,0.0,2024-08-12,1.4,8,20240812,12.2,27.0,21.3,0.9,281,12
221,2024,32.4,74.8,0.0,0.0,2024-08-13,1.5,8,20240813,11.6,26.6,21.1,2.4,281,13
222,2024,32.1,77.0,0.0,0.0,2024-08-14,1.5,8,20240814,7.9,26.3,20.7,4.5,281,14
223,2024,32.6,78.0,0.0,0.0,2024-08-15,1.5,8,20240815,6.7,26.5,21.5,5.1,281,15
224,2024,33.3,72.4,0.0,0.0,2024-08-16,1.5,8,20240816,10.7,27.3,21.7,5.1,281,16
225,2024,33.3,72.3,0.0,0.0,2024-08-17,1.4,8,20240817,9.2,27.7,22.6,5.6,281,17
226,2024,32.9,73.1,0.0,0.0,2024-08-18,1.6,8,20240818,11.0,27.4,22.2,4.3,281,18
227,2024,34.4,75.6,0.0,0.0,2024-08-19,1.2,8,20240819,6.1,28.3,22.5,4.3,281,19
228,2024,33.2,77.5,0.3,0.0,2024-08-20,1.5,8,20240820,2.4,28.7,25.7,7.4,281,20
229,2024,30.5,91.3,3.2,0.0,2024-08-21,0.9,8,20240821,1.1,27.0,25.1,8.6,281,21
230,2024,34.1,79.8,0.0,0.0,2024-08-22,1.6,8,20240822,3.6,28.3,23.7,6.4,281,22
231,2024,35.5,67.4,0.0,0.0,2024-08-23,1.6,8,20240823,11.4,29.1,23.6,1.9,281,23
232,2024,35.4,69.0,0.0,0.0,2024-08-24,1.0,8,20240824,10.6,28.8,22.6,1.6,281,24
233,2024,34.4,82.0,11.6,0.0,2024-08-25,1.1,8,20240825,8.2,27.4,23.3,4.4,281,25
234,2024,33.6,80.4,0.0,0.0,2024-08-26,1.0,8,20240826,6.1,27.7,23.9,6.6,281,26
235,2024,30.0,83.1,0.0,0.0,2024-08-27,1.9,8,20240827,0.9,25.5,23.3,9.1,281,27
236,2024,29.6,72.6,0.0,0.0,2024-08-28,2.8,8,20240828,1.6,26.0,22.4,5.9,281,28
237,2024,31.5,73.1,2.1,0.0,2024-08-29,3.2,8,20240829,7.6,27.5,25.0,5.6,281,29
238,2024,34.6,68.3,0.0,0.0,2024-08-30,1.8,8,20240830,7.7,28.0,23.5,3.5,281,30
239,2024,32.7,73.1,0.0,0.0,2024-08-31,1.8,8,20240831,10.3,25.9,21.6,1.6,281,31
240,2024,33.9,68.5,0.0,0.0,2024-09-01,1.2,9,20240901,8.2,26.3,20.5,3.6,281,1
241,2024,31.0,74.6,0.0,0.0,2024-09-02,1.2,9,20240902,3.0,25.5,20.2,7.8,281,2
242,2024,28.7,65.3,0.0,0.0,2024-09-03,2.0,9,20240903,4.6,24.5,19.5,6.1,281,3
243,2024,30.5,70.9,0.0,0.0,2024-09-04,1.4,9,20240904,10.5,23.7,17.4,3.8,281,4
244,2024,34.7,64.0,0.0,0.0,2024-09-05,1.5,9,20240905,9.9,27.0,18.0,4.0,281,5
245,2024,28.0,90.0,12.6,0.0,2024-09-06,1.3,9,20240906,0.1,24.2,22.0,9.8,281,6
246,2024,30.2,88.1,3.1,0.0,2024-09-07,1.0,9,20240907,0.9,24.9,21.3,8.3,281,7
247,2024,31.1,83.1,0.4,0.0,2024-09-08,1.5,9,20240908,5.4,26.1,23.9,6.0,281,8
248,2024,31.3,78.3,0.0,0.0,2024-09-09,1.5,9,20240909,6.4,26.6,24.0,3.8,281,9
249,2024,34.6,74.4,0.0,0.0,2024-09-10,0.9,9,20240910,9.9,27.5,21.7,0.1,281,10
250,2024,32.2,86.4,61.5,0.0,2024-09-11,1.0,9,20240911,0.8,26.4,23.8,9.3,281,11
251,2024,31.0,89.1,0.1,0.0,2024-09-12,1.2,9,20240912,2.6,26.4,23.7,8.6,281,12
252,2024,33.2,79.6,0.0,0.0,2024-09-13,0.9,9,20240913,7.3,28.2,24.9,4.3,281,13
253,2024,34.1,84.6,0.0,0.0,2024-09-14,1.4,9,20240914,8.4,26.8,23.9,1.5,281,14
254,2024,29.2,82.9,0.0,0.0,2024-09-15,1.7,9,20240915,0.1,26.0,23.5,7.6,281,15
255,2024,28.4,84.6,0.0,0.0,2024-09-16,1.4,9,20240916,0.1,25.2,23.6,8.3,281,16
256,2024,34.2,77.8,0.0,0.0,2024-09-17,1.0,9,20240917,7.9,28.0,23.8,5.1,281,17
257,2024,34.8,81.9,0.0,0.0,2024-09-18,1.2,9,20240918,8.0,27.9,24.4,5.6,281,18
258,2024,33.0,81.6,0.0,0.0,2024-09-19,0.9,9,20240919,4.9,27.4,22.8,7.3,281,19
259,2024,28.2,94.5,15.4,0.0,2024-09-20,0.6,9,20240920,0.4,25.5,24.3,9.6,281,20
260,2024,24.8,78.4,0.0,0.0,2024-09-22,1.8,9,20240922,1.4,21.2,19.2,7.4,281,22
261,2024,23.4,65.0,0.0,0.0,2024-09-23,2.3,9,20240923,9.7,18.7,13.6,2.8,281,23
262,2024,25.4,81.1,0.0,0.0,2024-09-24,1.2,9,20240924,6.8,18.5,12.0,6.0,281,24
263,2024,27.3,81.3,0.0,0.0,2024-09-25,1.0,9,20240925,8.5,21.1,16.2,4.1,281,25
264,2024,29.0,78.0,0.0,0.0,2024-09-26,0.8,9,20240926,9.6,22.2,15.6,4.4,281,26
265,2024,27.8,85.0,0.0,0.0,2024-09-27,1.1,9,20240927,6.0,22.1,18.9,4.6,281,27
266,2024,25.2,87.3,0.3,0.0,2024-09-28,1.4,9,20240928,3.2,20.6,17.1,5.1,281,28
267,2024,25.3,80.9,0.0,0.0,2024-09-29,1.5,9,20240929,5.7,19.6,15.3,3.3,281,29
268,2024,26.9,81.5,0.0,0.0,2024-09-30,0.9,9,20240930,9.2,19.6,12.8,3.0,281,30
269,2024,28.7,72.8,0.0,0.0,2024-10-01,2.0,10,20241001,4.5,20.0,15.6,7.8,281,1
270,2024,22.3,48.6,0.0,0.0,2024-10-02,2.0,10,20241002,9.6,16.5,11.7,7.5,281,2
271,2024,20.6,70.3,5.2,0.0,2024-10-03,2.1,10,20241003,0.1,16.9,12.9,10.0,281,3
