,day,Date,rainfall,cloud,month,tmin,humid,tavg,date,tmax,station_id,sunshine,wind,snow,year
0,1,2023-01-01,0.0,2.8,1,-0.2,44.5,2.9,20230101,7.4,281,5.5,3.4,0.0,2023
1,2,2023-01-02,0.0,4.5,1,-2.8,29.0,-0.1,20230102,4.3,281,6.3,3.5,0.0,2023
2,3,2023-01-03,0.0,0.8,1,-4.5,37.9,-0.7,20230103,4.5,281,7.3,4.1,0.0,2023
3,4,2023-01-04,0.0,0.9,1,-4.1,45.1,-0.1,20230104,6.0,281,7.1,2.9,0.0,2023
4,5,2023-01-05,0.0,3.9,1,-8.8,62.3,-0.9,20230105,6.7,281,5.6,1.4,0.0,2023
5,6,2023-01-06,0.0,4.0,1,-4.5,62.9,0.5,20230106,8.1,281,6.1,0.8,0.0,2023
6,7,2023-01-07,0.5,3.4,1,-3.7,63.8,2.1,20230107,7.4,281,4.0,2.2,0.0,2023
7,8,2023-01-08,0.0,0.8,1,-6.1,60.1,0.5,20230108,9.2,281,7.1,1.0,0.0,2023
8,9,2023-01-09,0.0,3.9,1,-6.2,72.1,1.0,20230109,11.4,281,2.1,1.1,0.0,2023
9,10,2023-01-10,0.0,1.9,1,-6.6,71.5,0.6,20230110,10.4,281,7.3,0.5,0.0,2023
10,11,2023-01-11,0.0,1.5,1,-5.6,61.4,2.0,20230111,12.1,281,7.2,0.8,0.0,2023
11,12,2023-01-12,0.0,2.0,1,-6.3,54.8,3.6,20230112,15.3,281,7.3,0.4,0.0,2023
12,13,2023-01-13,14.7,8.6,1,4.9,96.3,10.2,20230113,14.9,281,0.1,0.4,0.0,2023
13,14,2023-01-14,0.1,8.5,1,5.8,91.8,8.3,20230114,10.1,281,0.0,1.1,0.0,2023
14,15,2023-01-15,3.0,8.3,1,-0.4,87.9,3.7,20230115,6.0,281,0.0,1.4,0.0,2023
15,16,2023-01-16,0.0,3.1,1,-4.7,61.5,-1.2,20230116,3.4,281,7.1,2.7,0.0,2023
16,17,2023-01-17,0.0,4.6,1,-5.5,48.4,-1.0,20230117,3.1,281,6.2,2.2,0.0,2023
17,18,2023-01-18,0.0,3.4,1,-4.7,63.9,-0.3,20230118,5.2,281,6.9,1.6,0.0,2023
18,19,2023-01-19,0.0,0.9,1,-8.0,68.5,-1.4,20230119,6.3,281,7.4,1.0,0.0,2023
19,20,2023-01-20,0.0,2.6,1,-5.0,45.8,0.0,20230120,5.1,281,6.9,3.6,0.0,2023
20,21,2023-01-21,0.0,0.6,1,-8.1,45.3,-3.5,20230121,3.4,281,7.7,1.6,0.0,2023
21,22,2023-01-22,0.0,7.1,1,-7.9,55.4,-1.5,20230122,5.3,281,1.7,0.6,0.0,2023
22,23,2023-01-23,0.0,5.3,1,-6.2,56.0,2.0,20230123,9.1,281,7.4,1.6,0.0,2023
23,24,2023-01-24,0.0,0.8,1,-12.5,36.9,-8.3,20230124,1.2,281,7.7,6.2,0.0,2023
24,25,2023-01-25,0.0,0.1,1,-15.0,32.4,-9.4,20230125,-2.8,281,7.8,2.7,0.0,2023
25,26,2023-01-26,0.0,7.6,1,-14.2,58.5,-4.8,20230126,3.1,281,3.2,1.1,0.0,2023
26,27,2023-01-27,0.0,0.9,1,-7.5,45.8,-3.7,20230127,0.2,281,7.5,4.0,0.0,2023
27,28,2023-01-28,0.0,0.9,1,-9.8,43.5,-4.2,20230128,1.3,281,7.5,3.1,0.0,2023
28,29,2023-01-29,0.0,2.0,1,-7.1,52.6,0.3,20230129,5.2,281,7.1,2.1,0.0,2023
29,30,2023-01-30,0.0,0.0,1,-4.4,37.4,0.3,20230130,5.7,281,7.8,2.8,0.0,2023
30,31,2023-01-31,0.0,1.3,1,-9.6,48.8,-1.1,20230131,9.8,281,7.9,0.8,0.0,2023
31,1,2023-02-01,0.0,2.0,2,-4.9,48.4,2.3,20230201,12.2,281,6.8,2.1,0.0,2023
32,2,2023-02-02,0.0,7.1,2,-5.0,43.5,0.0,20230202,6.0,281,5.5,1.3,0.0,2023
33,3,2023-02-03,0.0,4.0,2,-5.6,39.8,0.5,20230203,8.4,281,4.7,1.0,0.0,2023
34,4,2023-02-04,0.0,0.0,2,-5.5,45.0,0.3,20230204,6.6,281,8.0,2.5,0.0,2023
35,5,2023-02-05,0.0,0.4,2,-9.6,51.4,-0.9,20230205,9.5,281,8.2,0.9,0.0,2023
36,6,2023-02-06,0.0,5.0,2,-8.3,48.1,1.9,20230206,12.9,281,8.0,0.5,0.0,2023
37,7,2023-02-07,0.0,4.0,2,-4.8,71.5,2.9,20230207,12.8,281,6.1,0.9,0.0,2023
38,8,2023-02-08,0.0,2.0,2,-5.2,60.4,2.1,20230208,11.9,281,6.9,1.2,0.0,2023
39,9,2023-02-09,0.3,6.8,2,-6.3,64.3,2.4,20230209,9.1,281,3.4,1.6,0.0,2023
40,10,2023-02-10,10.3,6.8,2,-0.3,91.0,3.5,20230210,7.9,281,0.3,1.3,0.0,2023
41,11,2023-02-11,0.0,4.4,2,-3.5,86.0,2.1,20230211,10.3,281,4.5,0.7,0.0,2023
42,12,2023-02-12,0.0,7.4,2,-4.0,79.0,3.7,20230212,10.2,281,1.5,1.0,0.0,2023
43,13,2023-02-13,0.7,8.1,2,3.6,72.8,6.0,20230213,7.8,281,0.0,1.7,0.0,2023
44,14,2023-02-14,0.0,7.3,2,0.5,70.9,3.7,20230214,9.3,281,3.5,1.5,0.0,2023
45,15,2023-02-15,0.0,8.4,2,-0.5,76.4,2.4,20230215,4.9,281,0.2,1.6,0.0,2023
46,16,2023-02-16,0.0,5.3,2,-0.6,74.9,3.2,20230216,9.8,281,0.8,1.0,0.0,2023
47,17,2023-02-17,0.0,6.4,2,-2.8,65.1,3.4,20230217,7.8,281,1.3,0.5,0.0,2023
48,18,2023-02-18,0.0,7.4,2,4.3,74.3,6.2,20230218,8.1,281,0.0,0.5,0.0,2023
49,19,2023-02-19,0.0,4.6,2,1.1,52.6,6.8,20230219,11.0,281,5.8,3.8,0.0,2023
50,20,2023-02-20,0.0,0.0,2,-2.7,38.9,1.9,20230220,7.5,281,9.3,3.5,0.0,2023
51,21,2023-02-21,0.0,0.1,2,-6.5,49.5,-0.4,20230221,6.7,281,9.4,1.5,0.0,2023
52,22,2023-02-22,0.0,3.8,2,-7.7,58.9,2.1,20230222,10.6,281,8.7,0.8,0.0,2023
53,23,2023-02-23,0.0,4.9,2,2.8,39.5,7.3,20230223,12.5,281,9.0,2.3,0.0,2023
54,24,2023-02-24,0.0,3.3,2,-1.2,39.8,6.3,20230224,12.4,281,7.7,2.5,0.0,2023
55,25,2023-02-25,0.0,1.5,2,-4.4,45.8,2.6,20230225,9.4,281,9.7,1.7,0.0,2023
56,26,2023-02-26,0.0,0.0,2,-7.4,50.0,1.5,20230226,10.9,281,9.9,0.9,0.0,2023
57,27,2023-02-27,0.0,0.0,2,-7.3,50.1,3.7,20230227,16.3,281,10.1,0.8,0.0,2023
58,28,2023-02-28,0.0,1.4,2,-5.3,44.9,7.0,20230228,16.7,281,10.1,1.6,0.0,2023
59,1,2023-03-01,0.0,5.6,3,3.8,55.9,8.0,20230301,13.6,281,0.3,2.2,0.0,2023
60,2,2023-03-02,0.0,0.0,3,0.0,27.9,4.0,20230302,8.8,281,10.4,2.7,0.0,2023
61,3,2023-03-03,0.0,0.6,3,-1.2,31.9,6.2,20230303,14.1,281,10.4,2.5,0.0,2023
62,4,2023-03-04,0.0,4.9,3,-2.3,62.0,6.1,20230304,14.6,281,7.8,1.2,0.0,2023
63,5,2023-03-05,0.0,1.5,3,-1.8,64.6,7.0,20230305,16.3,281,10.0,0.8,0.0,2023
64,6,2023-03-06,0.0,0.0,3,-1.7,55.6,7.5,20230306,18.9,281,10.4,0.9,0.0,2023
65,7,2023-03-07,0.0,0.0,3,-1.3,46.0,11.2,20230307,21.3,281,9.3,1.5,0.0,2023
66,8,2023-03-08,0.0,2.3,3,3.0,50.6,12.0,20230308,21.5,281,10.2,1.5,0.0,2023
67,9,2023-03-09,0.5,2.6,3,4.6,55.4,14.1,20230309,22.1,281,7.8,1.7,0.0,2023
68,10,2023-03-10,0.0,0.3,3,2.9,60.1,12.3,20230310,21.9,281,10.0,1.4,0.0,2023
69,11,2023-03-11,0.0,4.3,3,4.0,57.0,14.4,20230311,24.3,281,8.3,1.1,0.0,2023
70,12,2023-03-12,17.8,6.4,3,1.8,74.8,8.7,20230312,19.4,281,3.0,2.8,0.0,2023
71,13,2023-03-13,0.0,3.2,3,-0.9,37.8,4.1,20230313,10.6,281,11.0,3.0,0.0,2023
72,14,2023-03-14,0.0,4.9,3,1.1,50.4,8.0,20230314,17.3,281,6.5,1.4,0.0,2023
73,15,2023-03-15,0.0,2.4,3,0.3,60.3,12.1,20230315,21.0,281,9.6,2.1,0.0,2023
74,16,2023-03-16,0.0,6.6,3,5.1,36.0,9.7,20230316,15.0,281,8.1,2.5,0.0,2023
75,17,2023-03-17,0.0,9.4,3,4.2,60.4,8.2,20230317,12.2,281,3.1,1.7,0.0,2023
76,18,2023-03-18,0.0,4.8,3,5.7,56.4,10.0,20230318,16.8,281,4.4,1.2,0.0,2023
77,19,2023-03-19,0.0,0.0,3,2.1,42.8,9.4,20230319,18.0,281,10.9,1.4,0.0,2023
78,20,2023-03-20,0.0,2.9,3,-1.0,50.4,10.3,20230320,19.9,281,10.4,1.2,0.0,2023
79,21,2023-03-21,0.0,3.6,3,5.6,53.8,13.0,20230321,22.4,281,8.7,1.3,0.0,2023
80,22,2023-03-22,2.3,8.3,3,7.3,74.8,15.1,20230322,21.4,281,0.9,1.4,0.0,2023
81,23,2023-03-23,22.6,9.3,3,13.2,98.3,14.5,20230323,15.5,281,0.0,0.8,0.0,2023
82,24,2023-03-24,0.0,8.8,3,9.3,73.9,11.6,20230324,15.4,281,2.9,2.8,0.0,2023
83,25,2023-03-25,0.0,9.3,3,8.1,69.5,9.6,20230325,11.9,281,0.0,1.7,0.0,2023
84,26,2023-03-26,0.0,6.3,3,5.9,74.3,10.1,20230326,17.1,281,3.6,1.0,0.0,2023
85,27,2023-03-27,0.0,1.6,3,2.5,41.8,8.5,20230327,16.2,281,10.4,1.6,0.0,2023
86,28,2023-03-28,0.0,0.0,3,-0.4,57.8,9.3,20230328,18.9,281,10.8,1.0,0.0,2023
87,29,2023-03-29,0.0,1.3,3,1.5,56.9,11.0,20230329,20.3,281,10.8,1.0,0.0,2023
88,30,2023-03-30,0.0,4.5,3,2.5,51.9,13.0,20230330,23.2,281,9.4,0.9,0.0,2023
89,31,2023-03-31,0.0,1.0,3,3.0,52.8,13.6,20230331,24.5,281,10.9,1.4,0.0,2023
90,1,2023-04-01,0.0,0.9,4,3.9,64.9,12.8,20230401,22.0,281,10.9,1.8,0.0,2023
91,2,2023-04-02,0.0,0.1,4,4.8,61.5,12.2,20230402,19.2,281,11.1,2.2,0.0,2023
92,3,2023-04-03,0.0,1.9,4,4.0,64.8,11.8,20230403,18.4,281,10.3,2.1,0.0,2023
93,4,2023-04-04,2.6,8.9,4,7.4,67.1,14.7,20230404,22.6,281,5.5,1.2,0.0,2023
94,5,2023-04-05,6.1,9.6,4,12.7,92.3,14.8,20230405,16.9,281,0.0,1.3,0.0,2023
95,6,2023-04-06,2.7,8.3,4,9.7,75.8,13.4,20230406,18.7,281,5.7,3.1,0.0,2023
96,7,2023-04-07,4.1,2.1,4,0.0,52.9,0.0,20230407,0.0,281,10.7,3.5,0.0,2023
97,8,2023-04-08,0.0,0.4,4,3.2,34.5,9.8,20230408,16.3,281,11.7,4.0,0.0,2023
98,9,2023-04-09,0.0,0.0,4,1.6,32.0,12.7,20230409,20.6,281,11.7,2.1,0.0,2023
99,10,2023-04-10,0.0,1.9,4,1.7,47.8,13.1,20230410,22.1,281,11.4,1.8,0.0,2023
100,11,2023-04-11,0.0,5.4,4,8.0,61.4,17.2,20230411,23.2,281,6.4,3.1,0.0,2023
101,12,2023-04-12,0.0,1.0,4,9.4,21.6,14.2,20230412,19.7,281,11.6,3.7,0.0,2023
102,13,2023-04-13,0.0,3.0,4,2.8,28.8,15.0,20230413,24.7,281,10.7,1.3,0.0,2023
103,14,2023-04-14,0.2,6.8,4,6.4,58.9,15.0,20230414,21.3,281,2.0,1.0,0.0,2023
104,15,2023-04-15,1.9,8.0,4,6.3,90.1,11.9,20230415,15.8,281,0.0,1.0,0.0,2023
105,16,2023-04-16,0.0,5.4,4,4.4,78.4,10.0,20230416,19.1,281,4.2,1.3,0.0,2023
106,17,2023-04-17,0.0,0.9,4,2.1,55.8,12.8,20230417,21.0,281,10.9,1.1,0.0,2023
107,18,2023-04-18,1.6,7.5,4,11.0,80.5,14.7,20230418,19.7,281,0.1,1.0,0.0,2023
108,19,2023-04-19,0.0,4.5,4,10.0,78.1,16.7,20230419,22.0,281,9.0,1.8,0.0,2023
109,20,2023-04-20,0.0,4.1,4,13.6,66.4,21.3,20230420,28.5,281,7.2,1.8,0.0,2023
110,21,2023-04-21,0.0,3.8,4,9.8,58.6,14.8,20230421,19.5,281,9.2,2.7,0.0,2023
111,22,2023-04-22,0.0,2.8,4,6.3,52.9,12.4,20230422,17.5,281,10.8,2.4,0.0,2023
112,23,2023-04-23,0.0,7.4,4,4.8,59.0,12.1,20230423,17.9,281,6.1,1.8,0.0,2023
113,24,2023-04-24,0.0,7.6,4,5.5,62.5,11.5,20230424,15.9,281,1.4,1.9,0.0,2023
114,25,2023-04-25,7.2,8.6,4,3.8,88.6,8.5,20230425,11.0,281,0.0,0.8,0.0,2023
115,26,2023-04-26,0.0,1.9,4,6.2,64.5,11.9,20230426,18.7,281,9.7,2.2,0.0,2023
116,27,2023-04-27,0.0,0.8,4,1.7,62.1,13.3,20230427,23.2,281,12.1,1.2,0.0,2023
117,28,2023-04-28,0.0,1.8,4,5.2,58.4,16.5,20230428,24.9,281,12.3,1.9,0.0,2023
118,29,2023-04-29,5.3,9.1,4,11.0,81.8,15.9,20230429,22.4,281,0.3,1.9,0.0,2023
119,30,2023-04-30,0.0,1.1,4,8.5,46.3,15.1,20230430,22.9,281,12.3,3.4,0.0,2023
120,1,2023-05-01,0.0,0.9,5,8.0,45.0,15.3,20230501,22.2,281,11.5,2.5,0.0,2023
121,2,2023-05-02,0.0,5.0,5,3.7,57.5,14.9,20230502,24.9,281,10.2,1.1,0.0,2023
122,3,2023-05-03,0.0,7.3,5,8.6,58.1,17.3,20230503,24.7,281,5.2,1.7,0.0,2023
123,4,2023-05-04,0.1,8.5,5,11.7,70.5,17.8,20230504,23.2,281,3.3,1.6,0.0,2023
124,5,2023-05-05,28.5,9.6,5,16.1,97.1,18.4,20230505,20.5,281,0.0,1.0,0.0,2023
125,6,2023-05-06,30.6,9.8,5,10.9,93.3,13.0,20230506,18.8,281,0.0,1.9,0.0,2023
126,7,2023-05-07,4.5,7.6,5,8.9,84.1,11.1,20230507,13.4,281,0.0,1.2,0.0,2023
127,8,2023-05-08,0.0,4.4,5,3.2,61.5,12.1,20230508,20.3,281,11.1,1.4,0.0,2023
128,9,2023-05-09,0.0,1.0,5,3.7,54.9,16.3,20230509,26.3,281,12.6,1.5,0.0,2023
129,10,2023-05-10,0.0,4.4,5,8.7,54.0,17.4,20230510,26.0,281,12.0,1.7,0.0,2023
130,11,2023-05-11,0.0,5.0,5,8.5,66.8,15.6,20230511,22.4,281,9.8,2.2,0.0,2023
131,12,2023-05-12,0.0,7.1,5,8.1,54.3,17.8,20230512,25.9,281,7.8,1.0,0.0,2023
132,13,2023-05-13,0.0,6.4,5,14.1,69.0,18.0,20230513,23.1,281,7.5,1.4,0.0,2023
133,14,2023-05-14,0.0,3.0,5,11.4,66.5,18.2,20230514,26.7,281,9.1,1.1,0.0,2023
134,15,2023-05-15,0.0,1.0,5,10.3,59.6,19.8,20230515,28.0,281,12.5,1.3,0.0,2023
135,16,2023-05-16,0.0,1.5,5,12.3,59.0,23.2,20230516,32.9,281,11.6,1.5,0.0,2023
136,17,2023-05-17,0.0,2.0,5,13.6,55.4,23.2,20230517,31.6,281,12.6,1.8,0.0,2023
137,18,2023-05-18,5.9,9.6,5,15.5,85.3,17.4,20230518,20.8,281,0.0,1.2,0.0,2023
138,19,2023-05-19,0.5,6.3,5,13.0,84.0,17.1,20230519,22.4,281,2.6,1.7,0.0,2023
139,20,2023-05-20,0.0,3.8,5,10.4,70.4,19.0,20230520,27.1,281,12.4,1.0,0.0,2023
140,21,2023-05-21,0.0,5.3,5,16.7,57.9,22.2,20230521,29.3,281,11.3,2.4,0.0,2023
141,22,2023-05-22,0.5,6.5,5,11.1,75.9,16.2,20230522,19.0,281,1.3,1.0,0.0,2023
142,23,2023-05-23,0.0,2.9,5,9.3,64.4,16.7,20230523,24.4,281,10.6,1.2,0.0,2023
143,24,2023-05-24,0.0,5.5,5,8.4,58.8,17.3,20230524,24.9,281,8.7,1.3,0.0,2023
144,25,2023-05-25,0.0,5.5,5,13.1,49.1,19.9,20230525,27.4,281,8.2,1.3,0.0,2023
145,26,2023-05-26,0.0,8.5,5,14.8,60.1,20.9,20230526,26.0,281,4.9,1.4,0.0,2023
146,27,2023-05-27,0.0,9.0,5,17.8,68.1,22.4,20230527,27.5,281,1.4,1.3,0.0,2023
147,28,2023-05-28,20.8,9.6,5,18.9,91.6,20.9,20230528,22.6,281,0.0,0.7,0.0,2023
148,29,2023-05-29,75.5,9.5,5,18.1,99.9,19.5,20230529,21.4,281,0.0,0.9,0.0,2023
149,30,2023-05-30,0.0,7.8,5,16.6,86.1,18.6,20230530,21.9,281,1.9,1.8,0.0,2023
150,31,2023-05-31,0.0,3.1,5,14.1,67.1,19.0,20230531,24.8,281,12.2,1.9,0.0,2023
151,1,2023-06-01,0.1,8.6,6,11.4,84.1,17.1,20230601,20.9,281,0.8,0.7,0.0,2023
152,2,2023-06-02,0.4,4.3,6,18.1,68.4,22.6,20230602,30.0,281,10.0,2.0,0.0,2023
153,3,2023-06-03,0.0,3.4,6,14.8,55.9,22.1,20230603,29.1,281,10.6,1.7,0.0,2023
154,4,2023-06-04,0.0,6.9,6,15.4,50.1,22.6,20230604,29.3,281,11.3,2.0,0.0,2023
155,5,2023-06-05,0.0,6.8,6,15.5,54.5,22.8,20230605,28.2,281,7.6,1.8,0.0,2023
156,6,2023-06-06,0.0,3.3,6,17.7,58.1,22.8,20230606,28.9,281,10.0,1.7,0.0,2023
157,7,2023-06-07,0.0,6.8,6,15.9,65.6,22.7,20230607,28.3,281,7.8,1.5,0.0,2023
158,8,2023-06-08,0.0,6.8,6,17.9,63.9,22.8,20230608,28.2,281,8.4,1.4,0.0,2023
159,9,2023-06-09,0.0,0.8,6,16.2,62.5,23.0,20230609,30.1,281,11.6,1.4,0.0,2023
160,10,2023-06-10,0.0,5.6,6,15.9,70.5,23.0,20230610,30.4,281,6.8,1.5,0.0,2023
161,11,2023-06-11,0.0,5.8,6,18.5,71.3,23.4,20230611,28.8,281,6.6,1.4,0.0,2023
162,12,2023-06-12,3.3,5.8,6,17.8,81.0,21.8,20230612,26.9,281,9.2,1.8,0.0,2023
163,13,2023-06-13,0.1,6.8,6,18.4,79.1,22.5,20230613,28.8,281,7.1,1.0,0.0,2023
164,14,2023-06-14,45.3,6.1,6,16.0,84.0,20.0,20230614,28.7,281,6.5,1.3,0.0,2023
165,15,2023-06-15,38.9,3.5,6,15.2,85.5,19.1,20230615,27.1,281,7.0,1.1,0.0,2023
166,16,2023-06-16,0.0,0.3,6,14.6,73.4,23.2,20230616,30.9,281,11.3,1.3,0.0,2023
167,17,2023-06-17,0.0,5.5,6,17.5,65.4,25.7,20230617,33.0,281,11.2,1.3,0.0,2023
168,18,2023-06-18,0.0,4.5,6,20.3,60.8,25.2,20230618,31.8,281,10.6,1.5,0.0,2023
169,19,2023-06-19,0.0,3.5,6,17.3,72.6,22.6,20230619,28.6,281,11.8,2.1,0.0,2023
170,20,2023-06-20,0.0,7.5,6,17.9,73.5,21.7,20230620,26.1,281,6.4,2.5,0.0,2023
171,21,2023-06-21,10.4,7.8,6,18.4,93.5,21.1,20230621,23.3,281,0.0,1.1,0.0,2023
172,22,2023-06-22,3.9,6.4,6,18.3,75.8,22.9,20230622,28.0,281,4.7,1.8,0.0,2023
173,23,2023-06-23,0.0,5.3,6,18.4,73.1,22.9,20230623,28.7,281,11.5,1.9,0.0,2023
174,24,2023-06-24,0.0,6.8,6,17.5,75.6,22.6,20230624,28.9,281,10.1,1.8,0.0,2023
175,25,2023-06-25,1.0,9.0,6,18.1,77.6,23.1,20230625,29.4,281,4.2,1.3,0.0,2023
176,26,2023-06-26,29.7,9.8,6,20.4,92.9,23.5,20230626,26.5,281,0.1,1.0,0.0,2023
177,27,2023-06-27,43.1,8.1,6,22.8,76.5,26.9,20230627,32.7,281,7.4,2.1,0.0,2023
178,28,2023-06-28,23.2,7.8,6,19.5,80.5,24.1,20230628,29.3,281,5.6,2.1,0.0,2023
179,29,2023-06-29,4.0,8.9,6,23.5,86.0,25.4,20230629,28.6,281,0.8,1.5,0.0,2023
180,30,2023-06-30,44.2,9.6,6,20.8,97.5,22.8,20230630,25.5,281,0.0,1.2,0.0,2023
181,1,2023-07-01,0.0,4.3,7,20.2,82.6,24.2,20230701,29.6,281,8.0,1.1,0.0,2023
182,2,2023-07-02,0.0,6.6,7,20.8,77.3,26.5,20230702,32.7,281,7.1,1.2,0.0,2023
183,3,2023-07-03,0.0,5.3,7,20.0,80.6,25.1,20230703,30.6,281,9.4,1.8,0.0,2023
184,4,2023-07-04,4.9,8.8,7,22.1,87.1,24.8,20230704,28.8,281,2.6,1.2,0.0,2023
185,5,2023-07-05,7.3,4.8,7,21.0,78.3,25.9,20230705,30.4,281,8.6,2.1,0.0,2023
186,6,2023-07-06,0.0,7.6,7,19.2,75.1,25.7,20230706,32.3,281,5.5,1.1,0.0,2023
187,7,2023-07-07,37.0,9.4,7,17.8,92.9,21.0,20230707,24.9,281,0.0,1.0,0.0,2023
188,8,2023-07-08,0.0,7.5,7,19.4,86.4,22.5,20230708,26.7,281,1.4,1.3,0.0,2023
189,9,2023-07-09,0.0,7.3,7,21.4,79.8,26.4,20230709,30.7,281,3.7,1.1,0.0,2023
190,10,2023-07-10,0.0,5.0,7,22.4,78.1,27.5,20230710,31.5,281,7.1,1.5,0.0,2023
191,11,2023-07-11,32.6,8.8,7,22.4,93.8,24.2,20230711,29.7,281,0.1,1.1,0.0,2023
192,12,2023-07-12,0.0,7.8,7,22.2,84.4,26.4,20230712,30.7,281,4.4,1.3,0.0,2023
193,13,2023-07-13,1.3,9.9,7,23.8,93.6,25.4,20230713,27.1,281,0.0,0.8,0.0,2023
194,14,2023-07-14,33.8,9.9,7,23.8,90.9,25.2,20230714,27.3,281,0.0,1.7,0.0,2023
195,15,2023-07-15,8.9,9.5,7,22.5,83.4,26.3,20230715,29.6,281,0.2,2.2,0.0,2023
196,16,2023-07-16,3.5,9.4,7,21.9,91.1,24.3,20230716,27.8,281,0.7,0.9,0.0,2023
197,17,2023-07-17,12.1,8.0,7,22.4,85.9,26.2,20230717,31.0,281,4.8,1.3,0.0,2023
198,18,2023-07-18,81.9,10.0,7,21.7,99.8,23.0,20230718,24.6,281,0.0,1.0,0.0,2023
199,19,2023-07-19,0.0,2.6,7,21.3,86.4,24.0,20230719,28.2,281,6.9,1.3,0.0,2023
200,20,2023-07-20,0.0,5.1,7,19.9,82.1,25.6,20230720,32.0,281,8.4,1.1,0.0,2023
201,21,2023-07-21,0.0,4.6,7,22.0,85.6,25.0,20230721,29.2,281,5.2,1.8,0.0,2023
202,22,2023-07-22,0.0,7.3,7,19.7,80.8,24.8,20230722,28.8,281,5.0,1.3,0.0,2023
203,23,2023-07-23,0.0,8.3,7,23.3,80.6,26.6,20230723,29.6,281,0.0,1.2,0.0,2023
204,24,2023-07-24,4.2,8.4,7,23.8,86.5,26.3,20230724,30.7,281,1.6,1.2,0.0,2023
205,25,2023-07-25,0.3,7.0,7,23.2,85.6,26.1,20230725,32.0,281,4.5,1.3,0.0,2023
206,26,2023-07-26,6.3,6.9,7,22.0,84.1,26.1,20230726,33.1,281,5.0,1.3,0.0,2023
207,27,2023-07-27,0.0,3.9,7,21.2,82.5,26.8,20230727,33.6,281,8.3,0.9,0.0,2023
208,28,2023-07-28,0.0,3.3,7,23.2,79.1,28.5,20230728,34.6,281,10.3,0.9,0.0,2023
209,29,2023-07-29,0.0,2.4,7,23.6,71.3,29.2,20230729,35.5,281,11.3,1.0,0.0,2023
210,30,2023-07-30,0.0,3.5,7,23.4,76.4,28.3,20230730,34.0,281,10.2,1.0,0.0,2023
211,31,2023-07-31,0.0,5.1,7,22.5,75.0,28.1,20230731,34.5,281,11.8,1.3,0.0,2023
212,1,2023-08-01,0.0,3.9,8,22.8,73.5,28.1,20230801,34.1,281,11.9,1.1,0.0,2023
213,2,2023-08-02,0.0,6.5,8,21.9,75.0,27.9,20230802,34.8,281,9.8,1.0,0.0,2023
214,3,2023-08-03,0.0,4.4,8,24.0,71.3,29.8,20230803,35.9,281,9.9,1.2,0.0,2023
215,4,2023-08-04,0.0,4.4,8,23.7,74.9,29.3,20230804,35.1,281,9.2,1.0,0.0,2023
216,5,2023-08-05,0.0,4.1,8,24.4,75.3,29.6,20230805,35.7,281,7.3,1.1,0.0,2023
217,6,2023-08-06,0.0,4.5,8,23.9,75.6,28.7,20230806,33.9,281,10.1,1.7,0.0,2023
218,7,2023-08-07,0.0,6.0,8,24.8,74.4,28.6,20230807,34.0,281,9.5,2.0,0.0,2023
219,8,2023-08-08,0.0,6.1,8,24.7,75.9,27.5,20230808,32.5,281,4.1,1.8,0.0,2023
220,9,2023-08-09,25.2,9.5,8,24.5,90.0,25.5,20230809,27.1,281,0.0,1.1,0.0,2023
221,10,2023-08-10,111.6,8.8,8,23.4,88.9,24.5,20230810,26.1,281,0.0,3.4,0.0,2023
222,11,2023-08-11,0.0,3.8,8,22.2,71.3,26.5,20230811,31.7,281,11.0,1.7,0.0,2023
223,12,2023-08-12,0.0,8.1,8,21.8,77.6,26.1,20230812,32.0,281,4.4,1.0,0.0,2023
224,13,2023-08-13,0.0,6.4,8,21.8,80.1,25.8,20230813,31.6,281,7.0,1.5,0.0,2023
225,14,2023-08-14,0.0,6.5,8,22.4,81.9,25.5,20230814,30.5,281,6.3,1.4,0.0,2023
226,15,2023-08-15,0.0,4.8,8,22.3,81.0,25.4,20230815,31.4,281,10.3,1.5,0.0,2023
227,16,2023-08-16,0.0,6.9,8,21.8,80.8,25.5,20230816,32.5,281,6.6,1.6,0.0,2023
228,17,2023-08-17,0.0,7.5,8,23.2,81.8,25.0,20230817,27.9,281,1.5,1.4,0.0,2023
229,18,2023-08-18,22.3,7.3,8,23.0,93.1,24.4,20230818,27.7,281,0.1,0.8,0.0,2023
230,19,2023-08-19,1.3,6.4,8,23.4,90.3,26.2,20230819,30.4,281,3.0,0.7,0.0,2023
231,20,2023-08-20,3.4,5.8,8,24.6,87.5,27.2,20230820,32.5,281,6.8,1.2,0.0,2023
232,21,2023-08-21,0.0,4.5,8,24.5,78.4,28.1,20230821,33.5,281,9.4,1.0,0.0,2023
233,22,2023-08-22,0.0,3.6,8,22.8,76.6,27.7,20230822,33.4,281,9.5,1.3,0.0,2023
234,23,2023-08-23,0.0,5.4,8,22.0,75.6,27.4,20230823,33.7,281,9.7,1.4,0.0,2023
235,24,2023-08-24,24.8,9.8,8,22.0,93.3,24.2,20230824,27.6,281,0.1,1.9,0.0,2023
236,25,2023-08-25,7.5,6.0,8,21.5,79.4,26.0,20230825,31.9,281,7.8,1.4,0.0,2023
237,26,2023-08-26,0.0,2.1,8,19.3,78.0,24.8,20230826,31.4,281,11.5,1.1,0.0,2023
238,27,2023-08-27,4.2,6.3,8,20.0,87.1,24.0,20230827,29.9,281,6.2,1.4,0.0,2023
239,28,2023-08-28,0.0,7.5,8,21.2,87.3,24.6,20230828,28.2,281,1.8,1.7,0.0,2023
240,29,2023-08-29,1.6,8.6,8,22.5,90.0,25.6,20230829,28.8,281,1.7,0.9,0.0,2023
241,30,2023-08-30,28.1,8.4,8,22.2,99.4,24.4,20230830,25.7,281,0.0,0.7,0.0,2023
242,31,2023-08-31,37.1,7.8,8,20.8,93.1,23.1,20230831,25.4,281,0.3,1.0,0.0,2023
243,1,2023-09-01,0.1,8.3,9,22.2,85.3,24.6,20230901,29.3,281,4.9,1.1,0.0,2023
244,2,2023-09-02,1.1,5.6,9,21.2,84.5,24.2,20230902,28.6,281,2.3,1.4,0.0,2023
245,3,2023-09-03,0.0,6.4,9,22.1,85.5,25.2,20230903,30.3,281,4.9,1.1,0.0,2023
246,4,2023-09-04,0.0,4.8,9,21.0,82.3,25.2,20230904,29.7,281,6.4,1.4,0.0,2023
247,5,2023-09-05,0.0,6.3,9,20.4,72.6,24.9,20230905,30.1,281,10.2,1.5,0.0,2023
248,6,2023-09-06,0.0,3.6,9,18.8,77.5,23.8,20230906,29.8,281,8.3,1.4,0.0,2023
249,7,2023-09-07,0.0,0.9,9,16.3,74.3,22.2,20230907,28.2,281,10.5,1.7,0.0,2023
250,8,2023-09-08,0.0,2.1,9,16.8,76.0,21.8,20230908,27.9,281,7.6,1.3,0.0,2023
251,9,2023-09-09,0.0,0.8,9,15.3,77.0,21.5,20230909,28.4,281,10.3,1.1,0.0,2023
252,10,2023-09-10,0.0,2.6,9,15.9,77.4,22.2,20230910,29.3,281,9.9,1.1,0.0,2023
253,11,2023-09-11,0.0,4.5,9,18.4,79.1,23.9,20230911,31.1,281,8.0,1.1,0.0,2023
254,12,2023-09-12,0.0,8.9,9,20.8,81.0,24.8,20230912,30.0,281,3.6,0.9,0.0,2023
255,13,2023-09-13,0.7,8.9,9,21.4,89.3,23.8,20230913,27.1,281,0.0,1.3,0.0,2023
256,14,2023-09-14,6.4,9.9,9,20.8,92.4,22.1,20230914,24.7,281,0.0,1.0,0.0,2023
257,15,2023-09-15,11.9,7.4,9,20.8,97.1,22.3,20230915,24.7,281,0.0,0.6,0.0,2023
258,16,2023-09-16,20.3,8.1,9,21.3,98.9,22.6,20230916,24.3,281,0.0,0.6,0.0,2023
259,17,2023-09-17,13.7,9.4,9,21.8,91.0,23.8,20230917,27.6,281,2.0,0.6,0.0,2023
260,18,2023-09-18,5.2,5.8,9,22.0,82.1,25.5,20230918,30.7,281,7.7,1.0,0.0,2023
261,19,2023-09-19,0.0,4.5,9,20.6,77.6,24.3,20230919,29.1,281,8.1,1.5,0.0,2023
262,20,2023-09-20,43.6,9.8,9,19.8,93.1,21.3,20230920,24.7,281,0.0,1.3,0.0,2023
263,21,2023-09-21,8.6,7.4,9,17.5,95.5,19.1,20230921,21.4,281,0.0,1.1,0.0,2023
264,22,2023-09-22,0.0,5.1,9,15.2,80.6,19.4,20230922,24.4,281,7.6,0.8,0.0,2023
265,23,2023-09-23,0.0,5.9,9,13.3,77.8,18.9,20230923,24.9,281,5.8,1.5,0.0,2023
266,24,2023-09-24,0.0,5.1,9,14.4,70.8,19.6,20230924,24.9,281,8.4,2.4,0.0,2023
267,25,2023-09-25,1.5,8.5,9,17.4,81.0,20.6,20230925,24.6,281,0.7,1.2,0.0,2023
268,26,2023-09-26,23.5,8.4,9,19.3,99.6,20.3,20230926,21.1,281,0.0,0.8,0.0,2023
269,27,2023-09-27,0.0,8.4,9,20.3,87.4,22.6,20230927,25.7,281,0.5,1.0,0.0,2023
270,28,2023-09-28,0.0,3.1,9,17.4,77.3,22.4,20230928,28.1,281,9.2,2.0,0.0,2023
271,29,2023-09-29,0.0,5.5,9,15.1,82.5,20.7,20230929,26.2,281,5.4,0.9,0.0,2023
272,30,2023-09-30,3.7,5.6,9,14.8,79.1,19.0,20230930,24.3,281,5.3,1.7,0.0,2023
273,1,2023-10-01,0.0,2.0,10,11.5,69.3,17.9,20231001,24.1,281,9.7,1.7,0.0,2023
274,2,2023-10-02,0.0,3.9,10,9.3,73.3,15.5,20231002,24.1,281,9.5,1.0,0.0,2023
275,3,2023-10-03,0.2,7.4,10,9.8,86.9,15.2,20231003,20.9,281,0.4,0.6,0.0,2023
276,4,2023-10-04,0.0,7.0,10,12.9,73.5,18.5,20231004,24.2,281,7.9,1.5,0.0,2023
277,5,2023-10-05,0.0,4.6,10,10.8,45.9,15.6,20231005,20.7,281,8.4,2.4,0.0,2023
278,6,2023-10-06,0.0,5.9,10,8.6,65.4,15.2,20231006,21.8,281,9.0,0.9,0.0,2023
279,7,2023-10-07,0.0,8.5,10,11.0,76.1,16.2,20231007,22.1,281,3.3,1.0,0.0,2023
280,8,2023-10-08,0.0,8.6,10,14.1,75.0,16.6,20231008,19.8,281,0.0,1.3,0.0,2023
281,9,2023-10-09,0.0,7.4,10,14.0,78.3,17.2,20231009,21.5,281,1.5,0.7,0.0,2023
282,10,2023-10-10,0.0,4.9,10,12.3,75.4,16.5,20231010,22.2,281,6.9,1.4,0.0,2023
283,11,2023-10-11,0.0,2.0,10,8.7,73.0,14.1,20231011,22.3,281,7.5,1.1,0.0,2023
284,12,2023-10-12,0.0,3.8,10,6.4,74.1,14.1,20231012,23.1,281,9.6,0.8,0.0,2023
285,13,2023-10-13,0.0,8.0,10,10.4,75.5,15.9,20231013,23.1,281,6.4,0.7,0.0,2023
286,14,2023-10-14,0.6,5.3,10,11.6,83.0,15.9,20231014,23.3,281,5.5,0.9,0.0,2023
287,15,2023-10-15,0.0,2.3,10,10.1,75.1,15.2,20231015,21.9,281,8.0,2.0,0.0,2023
288,16,2023-10-16,0.0,1.5,10,8.9,69.1,15.0,20231016,21.8,281,9.0,1.5,0.0,2023
289,17,2023-10-17,0.0,0.0,10,6.3,62.6,13.1,20231017,21.6,281,9.8,1.4,0.0,2023
290,18,2023-10-18,0.0,3.5,10,4.3,72.6,12.9,20231018,23.2,281,9.5,0.9,0.0,2023
291,19,2023-10-19,1.8,8.0,10,8.5,74.5,15.4,20231019,22.7,281,3.5,1.0,0.0,2023
292,20,2023-10-20,2.9,3.5,10,9.1,57.3,13.4,20231020,17.8,281,7.1,3.1,0.0,2023
293,21,2023-10-21,0.0,1.8,10,3.7,61.3,10.1,20231021,16.9,281,5.6,1.9,0.0,2023
294,22,2023-10-22,0.0,4.5,10,2.5,63.1,11.6,20231022,19.1,281,7.6,1.7,0.0,2023
295,23,2023-10-23,0.0,0.5,10,5.4,76.5,12.1,20231023,21.2,281,8.8,1.0,0.0,2023
296,24,2023-10-24,0.0,2.9,10,5.3,76.4,12.6,20231024,21.5,281,7.8,0.8,0.0,2023
297,25,2023-10-25,0.0,0.3,10,6.6,78.3,13.9,20231025,23.1,281,8.9,1.0,0.0,2023
298,26,2023-10-26,0.0,1.6,10,6.3,80.0,14.0,20231026,22.7,281,8.8,1.0,0.0,2023
299,27,2023-10-27,0.0,4.0,10,7.4,85.4,12.1,20231027,19.4,281,3.2,1.1,0.0,2023
300,28,2023-10-28,0.0,1.0,10,4.2,79.1,11.4,20231028,20.7,281,8.8,0.8,0.0,2023
301,29,2023-10-29,0.0,1.5,10,5.0,77.5,11.5,20231029,20.1,281,8.8,0.7,0.0,2023
302,30,2023-10-30,0.0,1.0,10,5.0,78.3,12.0,20231030,21.8,281,8.9,0.9,0.0,2023
303,31,2023-10-31,0.0,0.4,10,4.3,71.1,12.4,20231031,23.9,281,8.0,1.1,0.0,2023
304,1,2023-11-01,0.0,0.9,11,4.4,73.5,13.9,20231101,23.9,281,8.8,0.7,0.0,2023
305,2,2023-11-02,0.0,0.8,11,8.6,75.4,16.0,20231102,26.2,281,7.8,0.9,0.0,2023
306,3,2023-11-03,0.0,2.8,11,8.2,73.3,16.0,20231103,25.7,281,8.5,1.1,0.0,2023
307,4,2023-11-04,0.0,8.0,11,11.8,83.0,17.0,20231104,22.5,281,3.9,1.3,0.0,2023
308,5,2023-11-05,1.6,8.6,11,13.9,84.1,18.6,20231105,23.2,281,0.8,1.3,0.0,2023
309,6,2023-11-06,4.0,7.1,11,12.7,65.6,17.7,20231106,21.7,281,0.2,3.1,0.0,2023
310,7,2023-11-07,0.0,1.5,11,4.0,44.3,10.5,20231107,14.9,281,7.5,4.1,0.0,2023
311,8,2023-11-08,0.0,1.4,11,-0.8,67.3,8.2,20231108,18.1,281,8.0,0.7,0.0,2023
312,9,2023-11-09,0.1,5.9,11,3.3,76.4,12.6,20231109,20.5,281,7.1,0.8,0.0,2023
313,10,2023-11-10,10.6,6.3,11,3.8,61.1,9.7,20231110,14.2,281,3.2,2.5,0.0,2023
314,11,2023-11-11,0.0,4.9,11,-1.4,55.6,4.8,20231111,10.5,281,4.7,1.8,0.0,2023
315,12,2023-11-12,0.0,1.9,11,1.3,50.9,4.3,20231112,8.8,281,6.8,3.4,0.0,2023
316,13,2023-11-13,0.0,0.0,11,-0.4,44.3,4.7,20231113,9.7,281,7.8,3.0,0.0,2023
317,14,2023-11-14,0.0,2.0,11,1.6,61.8,5.9,20231114,12.5,281,7.8,2.3,0.0,2023
318,15,2023-11-15,0.0,0.4,11,-1.8,69.0,5.2,20231115,14.1,281,7.7,1.2,0.0,2023
319,16,2023-11-16,8.2,8.0,11,-0.6,88.5,4.9,20231116,11.0,281,0.3,1.0,0.0,2023
320,17,2023-11-17,0.0,4.4,11,2.0,60.5,5.6,20231117,10.4,281,6.5,2.8,0.0,2023
321,18,2023-11-18,0.1,1.1,11,-1.9,55.0,3.0,20231118,6.7,281,7.6,4.8,0.0,2023
322,19,2023-11-19,0.0,2.0,11,2.3,57.5,8.7,20231119,13.8,281,7.2,3.1,0.0,2023
323,20,2023-11-20,0.0,0.3,11,-0.3,53.1,6.9,20231120,13.9,281,7.7,1.7,0.0,2023
324,21,2023-11-21,0.0,0.4,11,-3.3,66.9,4.8,20231121,16.1,281,7.6,0.9,0.0,2023
325,22,2023-11-22,0.0,1.6,11,-1.6,69.9,7.0,20231122,17.5,281,7.6,0.8,0.0,2023
326,23,2023-11-23,0.0,2.8,11,4.7,56.1,12.1,20231123,20.7,281,6.8,2.1,0.0,2023
327,24,2023-11-24,0.0,0.1,11,-1.1,39.0,3.2,20231124,8.9,281,7.6,4.6,0.0,2023
328,25,2023-11-25,0.0,0.3,11,-3.9,42.5,0.1,20231125,6.0,281,7.5,1.2,0.0,2023
329,26,2023-11-26,0.0,5.6,11,-4.8,56.9,3.4,20231126,10.0,281,6.1,1.0,0.0,2023
330,27,2023-11-27,0.1,6.1,11,3.1,78.8,7.4,20231127,13.2,281,1.6,1.2,0.0,2023
331,28,2023-11-28,0.0,1.5,11,1.7,49.6,5.5,20231128,9.1,281,7.0,3.4,0.0,2023
332,29,2023-11-29,0.0,5.4,11,0.4,60.0,4.2,20231129,7.2,281,2.8,2.0,0.0,2023
333,30,2023-11-30,0.0,0.8,11,-3.3,43.6,-0.5,20231130,2.6,281,7.3,4.1,0.0,2023
334,1,2023-12-01,0.0,0.0,12,-3.3,48.8,0.5,20231201,5.3,281,7.3,3.5,0.0,2023
335,2,2023-12-02,0.0,2.8,12,-3.8,57.0,3.6,20231202,9.6,281,6.8,1.6,0.0,2023
336,3,2023-12-03,0.0,0.0,12,-3.6,48.0,3.8,20231203,10.1,281,7.2,2.0,0.0,2023
337,4,2023-12-04,0.0,3.0,12,-6.6,57.9,1.8,20231204,11.9,281,7.2,0.8,0.0,2023
338,5,2023-12-05,0.0,3.9,12,-3.1,59.3,3.6,20231205,13.4,281,6.8,0.6,0.0,2023
339,6,2023-12-06,0.3,4.0,12,-4.0,73.8,4.4,20231206,11.7,281,3.7,1.1,0.0,2023
340,7,2023-12-07,0.0,0.0,12,-0.8,48.0,5.9,20231207,11.3,281,7.2,2.6,0.0,2023
341,8,2023-12-08,0.0,0.0,12,-2.5,69.9,8.6,20231208,17.9,281,7.0,1.2,0.0,2023
342,9,2023-12-09,0.0,1.6,12,4.3,79.4,10.6,20231209,19.1,281,6.8,1.0,0.0,2023
343,10,2023-12-10,0.0,5.6,12,2.2,81.0,9.3,20231210,16.3,281,6.8,1.0,0.0,2023
344,11,2023-12-11,25.4,7.9,12,7.7,91.8,12.4,20231211,13.5,281,0.0,2.5,0.0,2023
345,12,2023-12-12,0.0,5.9,12,5.9,72.3,8.7,20231212,12.2,281,0.0,1.9,0.0,2023
346,13,2023-12-13,0.0,6.0,12,1.5,82.6,7.1,20231213,12.3,281,4.2,0.8,0.0,2023
347,14,2023-12-14,23.9,9.9,12,4.6,94.9,8.4,20231214,11.0,281,0.0,0.5,0.0,2023
348,15,2023-12-15,53.3,8.6,12,5.4,97.9,7.6,20231215,10.1,281,0.0,1.7,0.0,2023
349,16,2023-12-16,0.1,6.5,12,-4.1,67.0,1.7,20231216,6.5,281,3.1,4.2,0.0,2023
350,17,2023-12-17,0.0,0.5,12,-8.0,48.3,-5.6,20231217,-2.5,281,7.2,3.8,0.0,2023
351,18,2023-12-18,0.0,7.1,12,-7.6,46.0,-3.4,20231218,0.1,281,5.9,2.6,0.0,2023
352,19,2023-12-19,0.0,8.0,12,-4.4,44.8,-0.6,20231219,3.3,281,3.4,1.4,0.0,2023
353,20,2023-12-20,0.1,5.4,12,-7.4,60.4,-2.8,20231220,0.5,281,6.6,3.5,0.0,2023
354,21,2023-12-21,0.0,0.0,12,-9.4,46.0,-7.1,20231221,-3.3,281,7.2,4.0,0.0,2023
355,22,2023-12-22,0.0,0.0,12,-10.3,44.4,-7.0,20231222,-3.0,281,7.2,3.8,0.0,2023
356,23,2023-12-23,0.0,3.9,12,-8.2,51.1,-4.2,20231223,1.3,281,7.2,2.6,0.0,2023
357,24,2023-12-24,0.0,3.9,12,-8.0,68.3,-2.3,20231224,4.0,281,4.7,1.4,0.0,2023
358,25,2023-12-25,0.0,1.8,12,-7.9,68.9,-1.1,20231225,5.3,281,6.5,1.9,0.0,2023
359,26,2023-12-26,0.0,4.5,12,-3.3,64.0,2.1,20231226,8.1,281,7.1,2.0,0.0,2023
360,27,2023-12-27,0.0,2.6,12,-3.0,69.8,2.2,20231227,10.0,281,7.0,0.5,0.0,2023
361,28,2023-12-28,0.0,0.3,12,-5.3,69.6,1.8,20231228,9.9,281,7.0,1.5,0.0,2023
362,29,2023-12-29,0.0,2.0,12,-5.3,68.8,2.0,20231229,8.6,281,7.0,1.3,0.0,2023
363,30,2023-12-30,0.6,4.8,12,-4.4,77.5,2.4,20231230,8.8,281,4.6,0.8,0.0,2023
364,31,2023-12-31,1.6,5.4,12,0.1,84.5,4.1,20231231,8.2,281,0.9,1.9,0.0,2023
