,cloud,tavg,tmax,wind,month,year,day,station_id,Date,tmin,rainfall,humid,snow,date,sunshine
0,2.3,-6.2,-0.8,1.5,1,2010,1,232,2010-01-01,-13.4,0.0,55.9,0.0,20100101,7.6
1,7.6,-0.8,3.2,3.4,1,2010,2,232,2010-01-02,-4.0,0.0,74.3,0.0,20100102,0.0
2,4.9,-4.0,-1.2,1.9,1,2010,3,232,2010-01-03,-6.9,0.0,55.4,0.0,20100103,7.3
3,9.6,-3.2,-0.2,2.6,1,2010,4,232,2010-01-04,-5.2,9.9,81.4,12.8,20100104,0.0
4,7.0,-6.7,-2.8,2.5,1,2010,5,232,2010-01-05,-9.4,3.7,77.3,6.5,20100105,1.7
5,5.3,-8.7,-4.4,1.4,1,2010,6,232,2010-01-06,-13.7,0.4,75.0,1.8,20100106,7.3
6,3.6,-9.5,-3.8,1.3,1,2010,7,232,2010-01-07,-16.1,0.1,71.6,0.3,20100107,6.7
7,0.0,-10.3,-1.2,1.0,1,2010,8,232,2010-01-08,-17.7,0.0,80.1,0.0,20100108,7.8
8,8.5,-6.9,-2.1,1.2,1,2010,9,232,2010-01-09,-13.9,0.1,85.6,0.1,20100109,0.4
9,8.9,-5.3,0.9,1.0,1,2010,10,232,2010-01-10,-12.0,0.0,84.6,0.0,20100110,1.0
10,8.1,-4.3,0.0,1.4,1,2010,11,232,2010-01-11,-11.5,0.0,79.8,0.0,20100111,0.4
11,2.9,-7.2,-4.3,2.5,1,2010,12,232,2010-01-12,-11.5,0.0,57.8,0.0,20100112,7.0
12,5.3,-11.2,-7.3,2.2,1,2010,13,232,2010-01-13,-15.8,1.0,73.3,2.0,20100113,5.2
13,3.5,-10.0,-3.1,1.3,1,2010,14,232,2010-01-14,-19.5,0.0,70.0,0.0,20100114,6.9
14,4.5,-4.7,1.2,1.6,1,2010,15,232,2010-01-15,-12.1,2.0,76.8,3.4,20100115,2.8
15,1.1,-9.7,-0.8,0.9,1,2010,16,232,2010-01-16,-17.8,0.0,72.8,0.0,20100116,8.6
16,0.0,-7.3,3.2,0.7,1,2010,17,232,2010-01-17,-15.8,0.0,72.6,0.0,20100117,8.8
17,3.5,-2.9,4.4,1.2,1,2010,18,232,2010-01-18,-11.9,0.0,76.6,0.0,20100118,3.7
18,7.0,2.9,7.7,2.5,1,2010,19,232,2010-01-19,-6.1,0.0,69.0,0.0,20100119,4.9
19,10.0,6.5,9.1,2.2,1,2010,20,232,2010-01-20,3.9,18.5,93.3,0.0,20100120,0.0
20,3.8,-2.1,4.0,4.9,1,2010,21,232,2010-01-21,-4.6,2.0,69.5,0.0,20100121,7.2
21,2.0,-4.6,-0.9,2.8,1,2010,22,232,2010-01-22,-6.7,0.0,57.9,0.0,20100122,8.2
22,2.6,-4.2,0.0,1.6,1,2010,23,232,2010-01-23,-9.0,0.0,72.1,0.1,20100123,9.0
23,6.0,0.4,4.9,1.8,1,2010,24,232,2010-01-24,-5.1,0.0,71.8,0.0,20100124,4.4
24,2.5,-0.8,3.8,3.7,1,2010,25,232,2010-01-25,-5.1,0.0,61.4,0.0,20100125,7.5
25,0.0,-3.7,2.8,1.8,1,2010,26,232,2010-01-26,-10.1,0.0,59.0,0.0,20100126,9.2
26,7.5,0.9,6.6,2.4,1,2010,27,232,2010-01-27,-5.9,3.0,74.3,0.0,20100127,3.1
27,4.1,1.7,5.9,3.4,1,2010,28,232,2010-01-28,-1.7,0.0,71.0,0.0,20100128,7.2
28,2.5,-1.7,4.2,2.1,1,2010,29,232,2010-01-29,-6.4,0.0,69.3,0.0,20100129,2.5
29,4.8,0.6,7.4,1.5,1,2010,30,232,2010-01-30,-4.6,0.0,74.3,0.0,20100130,3.6
30,5.1,1.7,8.5,1.2,1,2010,31,232,2010-01-31,-3.0,0.0,83.6,0.0,20100131,5.1
31,5.8,1.2,2.8,2.5,2,2010,1,232,2010-02-01,-1.0,0.0,83.1,0.0,20100201,0.0
32,1.9,-4.1,-0.9,3.5,2,2010,2,232,2010-02-02,-7.7,0.0,42.8,0.0,20100202,7.7
33,0.3,-7.2,-3.8,2.8,2,2010,3,232,2010-02-03,-10.1,0.0,49.6,0.0,20100203,9.4
34,3.6,-3.7,1.5,1.7,2,2010,4,232,2010-02-04,-10.1,0.2,61.9,0.3,20100204,8.4
35,1.0,-3.9,0.3,2.5,2,2010,5,232,2010-02-05,-8.4,0.0,54.4,0.0,20100205,9.5
36,0.0,-4.7,1.8,1.7,2,2010,6,232,2010-02-06,-11.3,0.0,59.0,0.0,20100206,9.7
37,5.5,0.2,8.0,1.5,2,2010,7,232,2010-02-07,-10.3,0.0,45.1,0.0,20100207,5.2
38,10.0,3.9,5.3,1.6,2,2010,8,232,2010-02-08,2.6,0.5,64.8,0.0,20100208,0.0
39,10.0,4.2,5.1,1.0,2,2010,9,232,2010-02-09,3.1,11.0,96.0,0.0,20100209,0.0
40,10.0,3.7,5.3,1.3,2,2010,10,232,2010-02-10,2.1,3.0,96.1,0.0,20100210,0.0
41,9.5,2.0,5.8,1.7,2,2010,11,232,2010-02-11,0.4,13.7,88.4,1.9,20100211,0.0
42,9.5,1.0,2.8,1.5,2,2010,12,232,2010-02-12,-0.6,1.0,86.3,1.4,20100212,0.7
43,6.0,-1.3,1.7,2.7,2,2010,13,232,2010-02-13,-4.3,0.2,70.4,0.6,20100213,5.3
44,6.5,-1.9,0.9,1.3,2,2010,14,232,2010-02-14,-5.2,0.0,70.3,0.0,20100214,0.0
45,4.1,-2.2,1.9,2.4,2,2010,15,232,2010-02-15,-5.3,0.0,60.5,0.0,20100215,5.9
46,3.4,-3.4,0.9,2.6,2,2010,16,232,2010-02-16,-6.8,0.0,58.1,0.0,20100216,9.9
47,8.1,-2.0,1.8,1.1,2,2010,17,232,2010-02-17,-7.0,0.7,60.3,1.0,20100217,3.2
48,3.4,-2.1,0.2,3.8,2,2010,18,232,2010-02-18,-5.8,1.1,63.0,1.8,20100218,7.7
49,3.1,-0.7,4.4,2.3,2,2010,19,232,2010-02-19,-5.6,0.0,63.3,0.0,20100219,7.6
50,0.5,2.5,10.1,1.4,2,2010,20,232,2010-02-20,-3.9,0.0,66.5,0.0,20100220,9.2
51,1.3,3.4,11.6,2.0,2,2010,21,232,2010-02-21,-2.9,0.0,67.6,0.0,20100221,8.7
52,4.4,4.8,12.7,1.5,2,2010,22,232,2010-02-22,-1.7,0.0,72.8,0.0,20100222,5.1
53,0.0,6.7,17.5,2.2,2,2010,23,232,2010-02-23,-2.4,0.0,59.6,0.0,20100223,9.8
54,4.9,11.9,19.8,2.2,2,2010,24,232,2010-02-24,0.8,0.0,59.8,0.0,20100224,6.7
55,9.9,13.6,15.9,2.0,2,2010,25,232,2010-02-25,10.9,16.0,88.8,0.0,20100225,0.0
56,6.3,10.8,16.8,1.8,2,2010,26,232,2010-02-26,7.8,0.0,88.5,0.0,20100226,2.5
57,6.5,6.8,11.6,2.7,2,2010,27,232,2010-02-27,3.8,3.0,78.9,0.0,20100227,4.7
58,6.9,6.6,12.3,1.4,2,2010,28,232,2010-02-28,1.7,0.0,78.1,0.0,20100228,4.3
59,9.3,5.1,7.2,2.8,3,2010,1,232,2010-03-01,3.5,18.5,83.8,0.0,20100301,0.0
60,8.5,3.8,6.1,2.6,3,2010,2,232,2010-03-02,1.0,0.1,82.9,0.0,20100302,0.0
61,5.9,5.2,11.4,2.0,3,2010,3,232,2010-03-03,-2.1,0.0,64.6,0.0,20100303,7.9
62,10.0,6.7,7.9,2.2,3,2010,4,232,2010-03-04,5.2,0.5,75.8,0.0,20100304,0.0
63,10.0,6.4,9.0,1.7,3,2010,5,232,2010-03-05,4.9,3.0,84.0,0.0,20100305,0.0
64,9.4,5.9,9.3,2.3,3,2010,6,232,2010-03-06,3.0,0.0,75.5,0.0,20100306,1.0
65,7.8,5.4,8.0,3.0,3,2010,7,232,2010-03-07,3.2,0.0,61.1,0.0,20100307,1.5
66,5.5,4.2,8.1,3.2,3,2010,8,232,2010-03-08,-1.0,0.0,56.5,0.0,20100308,5.3
67,10.0,1.6,4.7,2.1,3,2010,9,232,2010-03-09,-2.2,9.0,84.6,5.2,20100309,0.0
68,8.0,-0.6,1.3,3.3,3,2010,10,232,2010-03-10,-2.8,2.0,83.5,3.8,20100310,1.4
69,3.1,2.6,8.3,2.0,3,2010,11,232,2010-03-11,-4.1,0.0,69.0,0.0,20100311,8.9
70,7.9,7.0,13.4,3.7,3,2010,12,232,2010-03-12,1.9,0.0,67.9,0.0,20100312,2.3
71,3.0,3.4,9.1,2.2,3,2010,13,232,2010-03-13,0.3,0.0,46.9,0.0,20100313,7.3
72,6.0,7.8,12.7,2.3,3,2010,14,232,2010-03-14,-0.9,0.0,57.3,0.0,20100314,2.2
73,8.9,8.3,12.2,3.5,3,2010,15,232,2010-03-15,3.4,8.5,77.5,0.0,20100315,0.9
74,1.8,2.2,5.7,4.5,3,2010,16,232,2010-03-16,-0.9,0.0,45.6,0.0,20100316,9.1
75,6.3,0.3,4.8,1.2,3,2010,17,232,2010-03-17,-3.4,9.0,75.6,13.0,20100317,2.3
76,2.5,0.3,4.1,2.5,3,2010,18,232,2010-03-18,-3.2,1.2,67.8,2.5,20100318,11.0
77,3.0,5.3,13.1,2.1,3,2010,19,232,2010-03-19,-4.1,0.0,56.5,0.0,20100319,7.7
78,9.4,10.1,18.2,4.4,3,2010,20,232,2010-03-20,3.4,1.0,77.1,0.0,20100320,0.6
79,1.3,3.5,7.9,4.8,3,2010,21,232,2010-03-21,-0.6,0.0,48.1,0.0,20100321,11.3
80,9.0,2.7,5.8,1.7,3,2010,22,232,2010-03-22,-1.4,0.5,76.1,0.0,20100322,0.0
81,9.3,6.1,11.7,1.7,3,2010,23,232,2010-03-23,2.2,0.0,77.9,0.0,20100323,3.6
82,7.0,8.9,14.9,2.0,3,2010,24,232,2010-03-24,1.5,0.0,59.9,0.0,20100324,6.7
83,6.8,6.3,10.7,3.8,3,2010,25,232,2010-03-25,2.0,0.0,47.5,0.0,20100325,2.3
84,1.4,3.5,7.6,3.8,3,2010,26,232,2010-03-26,-0.6,0.0,41.1,0.0,20100326,10.4
85,6.6,6.3,9.8,2.8,3,2010,27,232,2010-03-27,1.5,0.0,70.1,0.0,20100327,0.6
86,1.1,5.3,8.9,3.4,3,2010,28,232,2010-03-28,1.6,0.0,48.9,0.0,20100328,11.5
87,0.0,5.3,12.2,2.1,3,2010,29,232,2010-03-29,-2.4,0.0,51.4,0.0,20100329,11.4
88,6.6,8.5,15.1,2.2,3,2010,30,232,2010-03-30,0.3,0.0,52.9,0.0,20100330,2.9
89,10.0,8.7,9.9,1.9,3,2010,31,232,2010-03-31,6.4,20.5,86.1,0.0,20100331,0.0
90,8.5,7.7,10.6,2.5,4,2010,1,232,2010-04-01,3.4,9.5,87.0,0.0,20100401,0.0
91,0.8,6.3,12.4,3.3,4,2010,2,232,2010-04-02,-0.9,0.0,55.0,0.0,20100402,11.3
92,0.0,5.1,10.8,2.5,4,2010,3,232,2010-04-03,-0.1,0.0,42.9,0.0,20100403,11.6
93,2.8,7.5,18.2,2.4,4,2010,4,232,2010-04-04,-1.6,0.0,49.0,0.0,20100404,10.4
94,5.5,10.6,18.0,1.7,4,2010,5,232,2010-04-05,1.4,0.0,66.3,0.0,20100405,8.2
95,5.6,8.4,12.3,3.1,4,2010,6,232,2010-04-06,4.4,0.0,66.0,0.0,20100406,5.2
96,1.1,6.3,12.8,1.9,4,2010,7,232,2010-04-07,-0.9,0.0,53.6,0.0,20100407,11.8
97,0.4,8.8,18.5,1.9,4,2010,8,232,2010-04-08,-1.2,0.0,51.0,0.0,20100408,11.4
98,1.9,10.9,19.8,1.6,4,2010,9,232,2010-04-09,2.5,0.0,56.9,0.0,20100409,9.2
99,9.8,10.1,16.1,1.6,4,2010,10,232,2010-04-10,6.4,0.0,75.4,0.0,20100410,0.4
100,7.4,12.8,19.0,2.7,4,2010,11,232,2010-04-11,7.2,0.0,64.1,0.0,20100411,1.9
101,9.6,13.4,17.7,3.0,4,2010,12,232,2010-04-12,10.3,4.5,62.3,0.0,20100412,2.0
102,5.6,5.5,10.8,6.3,4,2010,13,232,2010-04-13,3.2,2.0,55.1,0.0,20100413,6.8
103,7.0,4.9,8.0,4.0,4,2010,14,232,2010-04-14,2.8,0.0,36.9,0.0,20100414,5.1
104,2.6,5.9,13.1,2.1,4,2010,15,232,2010-04-15,-1.4,0.0,49.0,0.0,20100415,9.8
105,0.8,6.6,14.2,1.8,4,2010,16,232,2010-04-16,-0.5,0.0,56.5,0.0,20100416,9.6
106,1.6,7.6,14.8,1.9,4,2010,17,232,2010-04-17,-1.1,0.0,58.9,0.0,20100417,10.1
107,9.5,11.8,18.6,2.4,4,2010,18,232,2010-04-18,3.7,0.0,55.9,0.0,20100418,0.0
108,8.3,16.6,21.4,2.4,4,2010,19,232,2010-04-19,12.1,0.0,49.6,0.0,20100419,0.1
109,6.5,15.9,22.9,1.9,4,2010,20,232,2010-04-20,8.7,0.0,70.5,0.0,20100420,5.9
110,8.8,13.9,20.1,2.9,4,2010,21,232,2010-04-21,8.6,5.5,67.8,0.0,20100421,0.5
111,10.0,10.9,12.9,2.7,4,2010,22,232,2010-04-22,7.7,4.0,74.0,0.0,20100422,0.0
112,5.4,10.9,15.7,2.8,4,2010,23,232,2010-04-23,7.8,2.5,71.5,0.0,20100423,7.0
113,0.3,10.2,18.3,2.1,4,2010,24,232,2010-04-24,2.9,0.0,58.9,0.0,20100424,12.1
114,3.6,12.4,22.2,1.5,4,2010,25,232,2010-04-25,1.9,0.0,44.4,0.0,20100425,9.9
115,9.6,12.1,18.2,2.1,4,2010,26,232,2010-04-26,8.5,24.0,67.4,0.0,20100426,0.0
116,6.1,9.2,12.3,3.7,4,2010,27,232,2010-04-27,5.2,2.5,68.8,0.0,20100427,2.5
117,8.0,5.4,9.0,3.5,4,2010,28,232,2010-04-28,2.5,6.0,78.0,0.0,20100428,0.5
118,2.1,10.2,14.5,4.0,4,2010,29,232,2010-04-29,5.2,0.5,53.8,0.0,20100429,10.8
119,1.9,10.5,15.5,2.9,4,2010,30,232,2010-04-30,4.4,0.0,60.5,0.0,20100430,11.4
120,0.0,11.6,19.9,2.2,5,2010,1,232,2010-05-01,2.3,0.0,58.3,0.0,20100501,12.3
121,0.0,17.6,26.4,2.1,5,2010,2,232,2010-05-02,6.7,0.0,51.8,0.0,20100502,12.3
122,5.9,21.0,25.4,2.9,5,2010,3,232,2010-05-03,15.1,0.0,68.9,0.0,20100503,4.1
123,5.6,21.1,28.7,2.0,5,2010,4,232,2010-05-04,15.4,0.0,64.8,0.0,20100504,5.2
124,8.3,21.4,26.5,2.6,5,2010,5,232,2010-05-05,13.1,0.0,54.3,0.0,20100505,3.9
125,8.3,15.9,22.3,3.5,5,2010,6,232,2010-05-06,10.5,4.0,78.9,0.0,20100506,0.1
126,0.0,15.2,22.4,2.5,5,2010,7,232,2010-05-07,6.7,0.0,53.6,0.0,20100507,12.6
127,3.5,17.6,24.3,2.2,5,2010,8,232,2010-05-08,10.3,0.0,50.0,0.0,20100508,11.4
128,7.5,19.1,27.3,1.5,5,2010,9,232,2010-05-09,11.6,0.0,53.0,0.0,20100509,4.6
129,4.1,16.2,21.4,2.8,5,2010,10,232,2010-05-10,11.2,0.0,52.4,0.0,20100510,9.2
130,2.1,14.1,21.9,2.3,5,2010,11,232,2010-05-11,7.3,0.0,58.6,0.0,20100511,7.8
131,1.1,14.1,20.7,2.5,5,2010,12,232,2010-05-12,8.7,0.0,66.8,0.0,20100512,9.3
132,0.8,15.4,22.8,1.7,5,2010,13,232,2010-05-13,7.4,0.0,60.3,0.0,20100513,10.7
133,0.9,17.2,25.3,1.8,5,2010,14,232,2010-05-14,9.2,0.0,53.9,0.0,20100514,12.0
134,5.4,15.9,22.3,1.6,5,2010,15,232,2010-05-15,11.0,0.0,59.6,0.0,20100515,2.0
135,3.5,17.4,25.1,1.5,5,2010,16,232,2010-05-16,8.2,0.0,52.8,0.0,20100516,10.3
136,6.0,19.5,28.4,2.0,5,2010,17,232,2010-05-17,10.2,7.5,59.1,0.0,20100517,9.9
137,10.0,19.0,20.1,2.4,5,2010,18,232,2010-05-18,18.0,39.0,91.9,0.0,20100518,0.0
138,6.1,19.6,24.5,2.1,5,2010,19,232,2010-05-19,16.2,0.5,78.0,0.0,20100519,8.4
139,0.0,20.8,28.5,2.2,5,2010,20,232,2010-05-20,14.6,0.0,63.4,0.0,20100520,11.8
140,3.1,21.7,30.5,1.8,5,2010,21,232,2010-05-21,14.0,0.0,57.9,0.0,20100521,10.1
141,10.0,18.9,24.9,2.2,5,2010,22,232,2010-05-22,15.1,12.0,66.8,0.0,20100522,0.1
142,10.0,16.6,18.3,2.6,5,2010,23,232,2010-05-23,15.2,14.5,87.1,0.0,20100523,0.0
143,10.0,14.9,16.6,2.8,5,2010,24,232,2010-05-24,14.0,6.0,87.5,0.0,20100524,0.0
144,9.5,16.4,20.1,1.4,5,2010,25,232,2010-05-25,13.7,0.4,83.1,0.0,20100525,0.6
145,4.6,18.1,22.3,2.3,5,2010,26,232,2010-05-26,14.6,0.1,65.5,0.0,20100526,6.3
146,4.0,17.0,23.8,1.8,5,2010,27,232,2010-05-27,10.2,0.0,59.5,0.0,20100527,11.5
147,8.4,16.7,20.9,1.3,5,2010,28,232,2010-05-28,12.4,0.0,75.9,0.0,20100528,0.7
148,4.9,19.2,25.8,1.3,5,2010,29,232,2010-05-29,14.8,0.0,64.5,0.0,20100529,7.3
149,4.5,18.4,25.5,1.8,5,2010,30,232,2010-05-30,14.0,0.0,61.5,0.0,20100530,7.5
150,6.4,17.8,23.3,2.0,5,2010,31,232,2010-05-31,13.8,0.0,48.5,0.0,20100531,6.4
151,0.3,18.3,25.0,1.8,6,2010,1,232,2010-06-01,11.8,0.0,52.5,0.0,20100601,13.5
152,0.5,20.1,27.4,1.6,6,2010,2,232,2010-06-02,12.6,0.0,56.9,0.0,20100602,12.2
153,1.0,20.7,26.9,1.6,6,2010,3,232,2010-06-03,14.8,0.0,61.9,0.0,20100603,12.5
154,0.3,21.0,28.1,1.6,6,2010,4,232,2010-06-04,13.8,0.0,59.3,0.0,20100604,13.2
155,4.0,21.6,29.2,1.4,6,2010,5,232,2010-06-05,14.2,0.0,49.9,0.0,20100605,11.8
156,5.0,23.5,30.4,1.3,6,2010,6,232,2010-06-06,15.1,0.0,50.9,0.0,20100606,10.2
157,3.4,24.5,31.2,1.6,6,2010,7,232,2010-06-07,17.5,0.0,45.6,0.0,20100607,12.5
158,0.3,23.4,29.7,1.7,6,2010,8,232,2010-06-08,15.7,0.0,45.4,0.0,20100608,13.7
159,0.8,24.5,31.6,1.6,6,2010,9,232,2010-06-09,16.0,0.0,48.9,0.0,20100609,13.1
160,5.1,24.3,31.2,1.6,6,2010,10,232,2010-06-10,17.0,0.0,57.6,0.0,20100610,8.1
161,7.5,24.3,29.7,1.7,6,2010,11,232,2010-06-11,18.2,0.1,56.3,0.0,20100611,4.2
162,9.9,20.8,23.4,1.7,6,2010,12,232,2010-06-12,18.7,23.0,81.4,0.0,20100612,0.1
163,8.4,23.2,29.0,1.2,6,2010,13,232,2010-06-13,19.8,0.2,78.4,0.0,20100613,2.2
164,9.3,22.4,26.3,1.0,6,2010,14,232,2010-06-14,21.0,1.5,85.3,0.0,20100614,1.6
165,6.9,24.2,30.1,1.2,6,2010,15,232,2010-06-15,20.3,0.0,74.8,0.0,20100615,8.1
166,6.8,23.4,29.0,1.5,6,2010,16,232,2010-06-16,20.3,0.1,78.0,0.0,20100616,4.2
167,8.8,23.9,28.5,1.0,6,2010,17,232,2010-06-17,19.2,0.0,79.1,0.0,20100617,1.4
168,8.6,26.1,30.5,1.4,6,2010,18,232,2010-06-18,22.2,0.0,69.5,0.0,20100618,2.7
169,9.6,23.7,27.3,1.4,6,2010,19,232,2010-06-19,21.3,1.5,80.3,0.0,20100619,0.6
170,7.5,23.1,27.5,1.8,6,2010,20,232,2010-06-20,19.8,4.5,80.6,0.0,20100620,3.3
171,4.9,22.6,28.9,1.2,6,2010,21,232,2010-06-21,18.9,0.0,75.8,0.0,20100621,6.8
172,4.9,21.8,28.4,1.6,6,2010,22,232,2010-06-22,16.0,0.0,61.3,0.0,20100622,6.8
173,1.9,23.1,29.8,1.3,6,2010,23,232,2010-06-23,17.3,0.0,59.6,0.0,20100623,10.8
174,0.5,23.5,31.5,1.4,6,2010,24,232,2010-06-24,17.1,0.0,64.3,0.0,20100624,11.9
175,5.8,25.3,32.7,1.4,6,2010,25,232,2010-06-25,17.9,0.1,59.8,0.0,20100625,9.7
176,9.8,23.8,27.0,2.1,6,2010,26,232,2010-06-26,21.3,1.0,79.6,0.0,20100626,0.0
177,8.9,23.2,26.0,1.4,6,2010,27,232,2010-06-27,19.8,3.0,86.9,0.0,20100627,1.2
178,5.4,23.8,31.0,1.2,6,2010,28,232,2010-06-28,18.9,0.0,76.9,0.0,20100628,6.7
179,7.6,23.9,29.2,1.1,6,2010,29,232,2010-06-29,18.9,0.0,80.5,0.0,20100629,2.5
180,9.8,23.8,26.4,0.8,6,2010,30,232,2010-06-30,22.0,2.0,87.3,0.0,20100630,0.0
181,10.0,24.9,27.4,1.0,7,2010,1,232,2010-07-01,22.1,0.0,86.1,0.0,20100701,0.0
182,10.0,25.8,27.7,1.4,7,2010,2,232,2010-07-02,23.9,9.5,88.3,0.0,20100702,0.1
183,10.0,25.7,29.0,1.0,7,2010,3,232,2010-07-03,24.3,2.5,88.1,0.0,20100703,0.3
184,9.4,26.0,29.3,1.0,7,2010,4,232,2010-07-04,24.0,0.5,86.8,0.0,20100704,0.5
185,6.5,26.3,31.0,1.3,7,2010,5,232,2010-07-05,22.4,0.0,80.3,0.0,20100705,3.9
186,3.3,26.5,33.0,1.3,7,2010,6,232,2010-07-06,20.5,0.0,65.4,0.0,20100706,10.9
187,3.6,25.7,30.3,1.8,7,2010,7,232,2010-07-07,20.6,0.0,67.6,0.0,20100707,11.7
188,7.8,24.2,29.2,1.4,7,2010,8,232,2010-07-08,19.3,0.5,71.3,0.0,20100708,4.2
189,4.8,25.2,31.6,1.3,7,2010,9,232,2010-07-09,19.2,0.0,67.3,0.0,20100709,8.9
190,8.3,26.2,29.9,1.6,7,2010,10,232,2010-07-10,20.8,0.0,68.8,0.0,20100710,2.7
191,8.8,23.8,26.5,2.0,7,2010,11,232,2010-07-11,20.8,8.5,76.0,0.0,20100711,1.0
192,4.8,24.8,29.8,1.5,7,2010,12,232,2010-07-12,19.8,0.0,73.4,0.0,20100712,6.8
193,6.1,25.0,30.1,1.6,7,2010,13,232,2010-07-13,21.0,0.0,73.0,0.0,20100713,7.3
194,4.3,25.6,30.4,1.6,7,2010,14,232,2010-07-14,21.4,0.5,71.9,0.0,20100714,5.4
195,5.8,25.6,32.0,1.1,7,2010,15,232,2010-07-15,21.1,0.5,75.1,0.0,20100715,6.8
196,9.6,24.6,27.8,1.5,7,2010,16,232,2010-07-16,22.3,29.0,86.6,0.0,20100716,0.8
197,10.0,24.9,25.9,1.5,7,2010,17,232,2010-07-17,23.8,37.0,88.9,0.0,20100717,0.0
198,8.1,28.1,31.5,1.5,7,2010,18,232,2010-07-18,25.0,0.0,71.4,0.0,20100718,2.8
199,6.3,27.7,33.2,2.1,7,2010,19,232,2010-07-19,23.9,0.0,75.1,0.0,20100719,6.8
200,3.1,28.4,33.3,2.0,7,2010,20,232,2010-07-20,23.6,0.0,74.4,0.0,20100720,9.1
201,5.6,28.4,32.4,2.3,7,2010,21,232,2010-07-21,23.9,0.0,72.3,0.0,20100721,5.3
202,5.3,28.5,32.8,2.2,7,2010,22,232,2010-07-22,24.9,0.0,72.5,0.0,20100722,6.6
203,9.3,24.4,28.8,2.0,7,2010,23,232,2010-07-23,21.6,54.0,85.4,0.0,20100723,0.0
204,9.6,24.8,31.2,1.3,7,2010,24,232,2010-07-24,21.6,8.5,84.8,0.0,20100724,2.3
205,7.9,25.5,30.2,1.3,7,2010,25,232,2010-07-25,22.8,17.5,84.0,0.0,20100725,4.4
206,5.6,26.5,30.7,2.0,7,2010,26,232,2010-07-26,23.1,0.0,78.9,0.0,20100726,6.6
207,5.6,26.4,32.1,1.8,7,2010,27,232,2010-07-27,22.2,1.0,76.0,0.0,20100727,8.3
208,7.0,24.8,28.6,1.8,7,2010,28,232,2010-07-28,21.4,1.5,83.6,0.0,20100728,0.6
209,6.5,27.2,31.5,1.5,7,2010,29,232,2010-07-29,23.0,0.0,76.9,0.0,20100729,4.2
210,7.8,26.9,31.5,1.3,7,2010,30,232,2010-07-30,23.4,0.0,80.3,0.0,20100730,2.7
211,6.9,26.9,31.4,1.3,7,2010,31,232,2010-07-31,23.0,0.0,82.0,0.0,20100731,1.5
212,6.9,28.5,32.4,1.6,8,2010,1,232,2010-08-01,24.3,0.0,78.6,0.0,20100801,3.2
213,8.4,27.2,30.3,1.5,8,2010,2,232,2010-08-02,23.4,0.0,78.8,0.0,20100802,0.2
214,6.0,26.8,32.1,1.2,8,2010,3,232,2010-08-03,21.6,0.0,73.8,0.0,20100803,5.1
215,7.4,29.1,34.5,1.5,8,2010,4,232,2010-08-04,24.9,12.5,78.5,0.0,20100804,6.2
216,4.9,28.7,34.6,1.8,8,2010,5,232,2010-08-05,26.1,21.0,81.6,0.0,20100805,6.5
217,6.5,27.8,32.1,2.0,8,2010,6,232,2010-08-06,25.0,0.5,83.0,0.0,20100806,3.9
218,7.0,27.5,31.3,1.7,8,2010,7,232,2010-08-07,24.5,1.0,79.8,0.0,20100807,2.9
219,4.3,27.6,33.6,1.6,8,2010,8,232,2010-08-08,23.5,0.0,73.3,0.0,20100808,7.9
220,2.9,28.3,34.9,1.5,8,2010,9,232,2010-08-09,23.1,0.0,70.6,0.0,20100809,12.1
221,9.3,26.9,30.5,2.0,8,2010,10,232,2010-08-10,24.8,42.0,84.8,0.0,20100810,0.9
222,7.5,28.0,33.1,2.7,8,2010,11,232,2010-08-11,24.5,0.5,76.9,0.0,20100811,2.7
223,8.6,26.2,30.3,1.2,8,2010,12,232,2010-08-12,22.1,3.0,79.6,0.0,20100812,0.5
224,10.0,26.7,28.3,1.3,8,2010,13,232,2010-08-13,25.0,68.0,89.9,0.0,20100813,0.0
225,9.5,27.2,29.7,2.0,8,2010,14,232,2010-08-14,23.7,52.0,86.5,0.0,20100814,2.6
226,7.5,27.0,31.8,2.0,8,2010,15,232,2010-08-15,23.8,52.0,82.4,0.0,20100815,4.8
227,9.8,24.0,25.9,1.1,8,2010,16,232,2010-08-16,21.8,6.5,88.6,0.0,20100816,0.0
228,6.1,26.3,31.5,1.0,8,2010,17,232,2010-08-17,21.9,0.1,77.5,0.0,20100817,9.5
229,7.6,27.1,33.1,1.5,8,2010,18,232,2010-08-18,23.5,58.0,83.0,0.0,20100818,5.4
230,5.3,29.1,34.3,1.7,8,2010,19,232,2010-08-19,25.2,0.0,73.1,0.0,20100819,10.4
231,4.5,28.4,34.4,1.3,8,2010,20,232,2010-08-20,24.6,0.0,78.3,0.0,20100820,6.0
232,1.8,28.1,33.8,1.2,8,2010,21,232,2010-08-21,23.6,0.0,78.6,0.0,20100821,8.3
233,3.4,28.1,33.5,1.4,8,2010,22,232,2010-08-22,23.7,0.0,78.4,0.0,20100822,7.0
234,8.1,26.2,29.6,1.3,8,2010,23,232,2010-08-23,24.3,4.0,86.8,0.0,20100823,1.9
235,9.6,25.4,28.0,1.0,8,2010,24,232,2010-08-24,24.0,4.0,89.1,0.0,20100824,0.5
236,10.0,24.8,27.0,1.6,8,2010,25,232,2010-08-25,23.8,25.5,88.9,0.0,20100825,0.0
237,8.8,25.5,28.6,1.9,8,2010,26,232,2010-08-26,23.7,1.5,85.4,0.0,20100826,1.4
238,6.1,27.3,31.0,1.7,8,2010,27,232,2010-08-27,22.9,0.0,79.1,0.0,20100827,6.1
239,9.0,26.5,29.3,2.4,8,2010,28,232,2010-08-28,24.8,9.5,81.9,0.0,20100828,1.4
240,8.9,24.7,26.5,1.4,8,2010,29,232,2010-08-29,22.7,67.0,89.8,0.0,20100829,0.1
241,9.1,25.7,29.6,1.0,8,2010,30,232,2010-08-30,23.5,2.0,84.9,0.0,20100830,2.8
242,9.6,24.7,29.0,0.8,8,2010,31,232,2010-08-31,23.1,55.5,89.1,0.0,20100831,0.7
243,7.6,27.0,32.0,2.4,9,2010,1,232,2010-09-01,22.9,8.5,79.6,0.0,20100901,7.0
244,7.8,25.9,29.3,4.0,9,2010,2,232,2010-09-02,23.0,32.5,83.3,0.0,20100902,3.0
245,6.8,26.5,33.0,1.6,9,2010,3,232,2010-09-03,23.7,10.0,84.1,0.0,20100903,4.1
246,4.4,27.3,32.7,1.2,9,2010,4,232,2010-09-04,23.4,0.0,80.0,0.0,20100904,8.5
247,7.3,26.3,32.8,1.8,9,2010,5,232,2010-09-05,23.2,35.0,82.6,0.0,20100905,4.9
248,9.0,24.5,27.6,1.7,9,2010,6,232,2010-09-06,22.9,9.5,86.1,0.0,20100906,1.1
249,7.5,24.8,28.6,2.0,9,2010,7,232,2010-09-07,21.7,0.0,75.5,0.0,20100907,2.5
250,9.8,22.2,24.2,1.4,9,2010,8,232,2010-09-08,19.9,0.0,75.5,0.0,20100908,0.0
251,9.6,22.7,24.5,1.9,9,2010,9,232,2010-09-09,20.1,3.0,87.3,0.0,20100909,0.0
252,9.0,26.0,30.1,2.5,9,2010,10,232,2010-09-10,23.8,3.5,81.4,0.0,20100910,1.3
253,10.0,23.9,25.9,1.2,9,2010,11,232,2010-09-11,22.1,104.0,91.8,0.0,20100911,0.0
254,7.0,23.4,27.2,2.1,9,2010,12,232,2010-09-12,19.6,52.0,85.1,0.0,20100912,4.0
255,4.9,23.4,28.4,1.3,9,2010,13,232,2010-09-13,19.0,0.0,79.4,0.0,20100913,8.5
256,6.1,22.9,28.5,1.1,9,2010,14,232,2010-09-14,19.1,0.0,83.5,0.0,20100914,3.4
257,0.0,22.6,29.9,1.0,9,2010,15,232,2010-09-15,17.3,0.0,75.4,0.0,20100915,11.2
258,0.6,22.4,30.1,1.2,9,2010,16,232,2010-09-16,16.5,0.0,74.3,0.0,20100916,10.1
259,1.4,22.4,30.1,1.3,9,2010,17,232,2010-09-17,16.1,0.0,73.1,0.0,20100917,9.8
260,1.5,22.8,30.6,1.5,9,2010,18,232,2010-09-18,16.6,0.0,72.8,0.0,20100918,11.1
261,9.0,21.0,24.0,1.6,9,2010,19,232,2010-09-19,18.4,4.0,89.4,0.0,20100919,0.0
262,9.5,21.6,22.6,1.3,9,2010,20,232,2010-09-20,19.9,32.5,91.5,0.0,20100920,0.0
263,9.6,25.2,29.7,3.0,9,2010,21,232,2010-09-21,20.0,18.5,84.1,0.0,20100921,0.6
264,9.5,17.8,21.6,1.9,9,2010,22,232,2010-09-22,16.6,3.5,88.9,0.0,20100922,0.0
265,2.0,16.9,22.9,1.6,9,2010,23,232,2010-09-23,12.1,0.0,73.0,0.0,20100923,10.4
266,2.3,17.0,24.5,1.3,9,2010,24,232,2010-09-24,10.9,0.0,71.1,0.0,20100924,9.1
267,3.5,17.3,24.1,1.1,9,2010,25,232,2010-09-25,10.4,0.0,71.1,0.0,20100925,7.5
268,4.9,17.2,23.3,1.6,9,2010,26,232,2010-09-26,12.6,0.0,71.8,0.0,20100926,5.4
269,3.3,17.5,25.1,1.4,9,2010,27,232,2010-09-27,11.5,0.0,77.0,0.0,20100927,8.2
270,2.9,15.6,19.8,2.6,9,2010,28,232,2010-09-28,8.4,0.4,62.3,0.0,20100928,11.1
271,5.9,12.4,19.3,1.2,9,2010,29,232,2010-09-29,7.6,0.0,74.5,0.0,20100929,2.6
272,0.3,12.2,21.0,1.1,9,2010,30,232,2010-09-30,4.8,0.0,74.1,0.0,20100930,10.8
273,3.8,13.6,22.3,1.1,10,2010,1,232,2010-10-01,6.8,0.0,78.6,0.0,20101001,5.6
274,8.0,17.1,21.0,1.4,10,2010,2,232,2010-10-02,11.1,11.5,84.3,0.0,20101002,0.5
275,7.1,18.7,23.0,2.4,10,2010,3,232,2010-10-03,14.1,4.0,75.9,0.0,20101003,7.2
276,8.8,14.8,18.0,2.3,10,2010,4,232,2010-10-04,12.2,3.0,82.8,0.0,20101004,0.3
277,4.6,14.4,19.9,1.1,10,2010,5,232,2010-10-05,9.7,0.0,80.0,0.0,20101005,5.1
278,0.3,14.1,22.2,1.1,10,2010,6,232,2010-10-06,8.1,0.0,80.3,0.0,20101006,10.2
279,2.3,15.8,24.7,1.2,10,2010,7,232,2010-10-07,8.7,0.0,79.3,0.0,20101007,10.0
280,8.6,17.5,22.6,1.4,10,2010,8,232,2010-10-08,13.0,0.3,78.4,0.0,20101008,1.9
281,4.1,18.2,24.8,1.1,10,2010,9,232,2010-10-09,13.5,0.1,79.1,0.0,20101009,6.0
282,3.3,16.5,23.4,1.4,10,2010,10,232,2010-10-10,11.4,0.0,80.3,0.0,20101010,7.7
283,7.6,16.1,21.5,1.1,10,2010,11,232,2010-10-11,11.5,0.0,87.5,0.0,20101011,0.2
284,8.3,14.8,19.7,1.2,10,2010,12,232,2010-10-12,11.3,0.0,88.0,0.0,20101012,0.3
285,5.9,14.2,19.9,0.9,10,2010,13,232,2010-10-13,9.5,0.0,84.0,0.0,20101013,1.3
286,4.3,13.7,19.8,1.3,10,2010,14,232,2010-10-14,7.5,0.0,80.0,0.0,20101014,6.2
287,1.3,12.4,18.1,2.1,10,2010,15,232,2010-10-15,5.4,0.0,58.6,0.0,20101015,9.7
288,3.9,14.7,22.4,1.9,10,2010,16,232,2010-10-16,8.5,0.5,74.9,0.0,20101016,6.3
289,1.0,14.5,21.8,1.2,10,2010,17,232,2010-10-17,8.7,0.0,75.4,0.0,20101017,8.8
290,0.0,12.3,20.5,0.9,10,2010,18,232,2010-10-18,5.7,0.0,72.8,0.0,20101018,9.3
291,1.8,13.7,23.5,1.2,10,2010,19,232,2010-10-19,6.7,0.0,77.0,0.0,20101019,7.9
292,3.8,13.8,21.6,1.3,10,2010,20,232,2010-10-20,7.9,0.0,82.1,0.0,20101020,7.1
293,3.3,13.3,20.7,0.9,10,2010,21,232,2010-10-21,6.9,0.0,85.5,0.0,20101021,4.5
294,0.8,15.6,22.9,1.9,10,2010,22,232,2010-10-22,10.1,0.0,67.8,0.0,20101022,9.8
295,6.5,14.7,21.1,1.5,10,2010,23,232,2010-10-23,6.9,0.0,74.4,0.0,20101023,4.0
296,6.0,15.6,23.2,1.3,10,2010,24,232,2010-10-24,10.4,0.0,80.5,0.0,20101024,3.9
297,4.3,11.3,14.1,3.9,10,2010,25,232,2010-10-25,6.2,0.0,56.8,0.0,20101025,6.0
298,0.3,4.4,8.8,3.3,10,2010,26,232,2010-10-26,-1.5,0.0,34.8,0.0,20101026,10.2
299,3.6,4.5,13.6,1.3,10,2010,27,232,2010-10-27,-4.3,0.0,59.3,0.0,20101027,7.2
300,0.3,4.6,12.8,1.6,10,2010,28,232,2010-10-28,-2.9,0.0,68.3,0.0,20101028,10.0
301,0.4,7.1,17.0,1.0,10,2010,29,232,2010-10-29,-2.1,0.0,66.8,0.0,20101029,9.9
302,3.3,9.3,19.6,0.8,10,2010,30,232,2010-10-30,1.6,0.0,69.1,0.0,20101030,8.1
303,3.9,8.7,18.2,0.7,10,2010,31,232,2010-10-31,2.1,0.0,75.0,0.0,20101031,1.8
304,0.5,10.1,16.9,2.0,11,2010,1,232,2010-11-01,2.0,0.0,69.4,0.0,20101101,9.5
305,1.3,7.0,10.8,3.4,11,2010,2,232,2010-11-02,0.5,0.0,42.4,0.0,20101102,9.6
306,2.5,5.8,14.0,1.8,11,2010,3,232,2010-11-03,-1.4,0.0,64.1,0.0,20101103,8.8
307,1.4,8.5,16.9,1.7,11,2010,4,232,2010-11-04,0.7,0.0,74.5,0.0,20101104,7.1
308,2.8,9.0,18.2,1.3,11,2010,5,232,2010-11-05,2.9,0.0,79.9,0.0,20101105,5.9
309,8.6,10.0,17.5,1.3,11,2010,6,232,2010-11-06,4.4,0.0,85.4,0.0,20101106,2.8
310,7.9,10.9,16.7,1.2,11,2010,7,232,2010-11-07,5.2,0.0,77.0,0.0,20101107,4.2
311,7.3,8.7,13.0,4.9,11,2010,8,232,2010-11-08,3.3,3.0,61.6,0.0,20101108,2.0
312,6.3,5.9,8.3,5.0,11,2010,9,232,2010-11-09,3.2,0.0,46.6,0.0,20101109,1.8
313,0.8,3.8,11.2,1.0,11,2010,10,232,2010-11-10,-2.3,0.0,61.3,0.0,20101110,9.2
314,4.6,9.9,16.4,3.3,11,2010,11,232,2010-11-11,-0.2,5.5,56.1,0.0,20101111,5.2
315,2.9,9.2,14.7,2.6,11,2010,12,232,2010-11-12,2.5,0.0,58.1,0.0,20101112,6.2
316,2.5,10.0,18.7,2.1,11,2010,13,232,2010-11-13,2.2,0.0,61.3,0.0,20101113,8.5
317,6.0,8.0,11.0,3.2,11,2010,14,232,2010-11-14,5.6,0.0,43.3,0.0,20101114,6.0
318,0.5,2.1,6.5,2.8,11,2010,15,232,2010-11-15,-3.2,0.0,48.8,0.0,20101115,9.1
319,4.6,2.1,10.3,1.2,11,2010,16,232,2010-11-16,-5.2,0.0,67.8,0.0,20101116,5.1
320,3.1,4.1,11.6,1.0,11,2010,17,232,2010-11-17,-1.9,0.0,76.8,0.0,20101117,4.8
321,0.0,3.0,12.4,0.8,11,2010,18,232,2010-11-18,-3.5,0.0,75.5,0.0,20101118,8.4
322,2.6,2.6,11.3,1.0,11,2010,19,232,2010-11-19,-3.0,0.0,76.1,0.0,20101119,1.3
323,0.0,6.2,15.9,1.7,11,2010,20,232,2010-11-20,-1.1,0.0,68.1,0.0,20101120,8.2
324,3.6,10.3,17.4,2.0,11,2010,21,232,2010-11-21,2.2,0.0,69.9,0.0,20101121,6.4
325,2.6,7.1,12.9,3.5,11,2010,22,232,2010-11-22,-1.1,0.0,59.3,0.0,20101122,8.1
326,3.5,4.0,13.1,1.1,11,2010,23,232,2010-11-23,-4.6,0.0,60.6,0.0,20101123,7.4
327,6.4,5.7,12.7,1.3,11,2010,24,232,2010-11-24,0.2,0.0,69.3,0.0,20101124,0.8
328,4.3,4.4,8.0,3.1,11,2010,25,232,2010-11-25,1.1,0.0,58.4,0.0,20101125,7.4
329,1.4,0.9,6.2,1.8,11,2010,26,232,2010-11-26,-3.5,0.0,46.0,0.0,20101126,8.3
330,6.3,3.2,11.0,4.2,11,2010,27,232,2010-11-27,-3.8,4.5,50.1,0.0,20101127,2.7
331,1.6,-0.1,3.3,2.3,11,2010,28,232,2010-11-28,-4.7,0.0,46.5,0.0,20101128,8.3
332,3.9,3.0,9.0,1.8,11,2010,29,232,2010-11-29,-1.5,0.5,77.5,0.0,20101129,6.6
333,4.8,8.5,15.0,2.1,11,2010,30,232,2010-11-30,3.8,0.0,79.1,0.0,20101130,3.2
334,3.8,7.7,14.7,1.3,12,2010,1,232,2010-12-01,3.2,0.0,85.0,0.0,20101201,4.7
335,7.5,10.7,14.4,2.9,12,2010,2,232,2010-12-02,4.6,2.5,65.5,0.0,20101202,0.3
336,2.8,2.5,9.1,5.7,12,2010,3,232,2010-12-03,-2.2,0.0,58.4,0.0,20101203,6.7
337,0.1,3.1,10.8,2.2,12,2010,4,232,2010-12-04,-4.0,0.0,69.1,0.0,20101204,8.6
338,5.9,9.3,16.5,2.2,12,2010,5,232,2010-12-05,1.2,0.0,70.1,0.0,20101205,5.4
339,4.5,4.4,9.5,4.0,12,2010,6,232,2010-12-06,-0.8,0.0,64.8,0.0,20101206,4.9
340,1.0,-1.8,3.5,1.8,12,2010,7,232,2010-12-07,-5.3,0.0,55.0,0.0,20101207,8.1
341,7.1,0.0,3.8,2.5,12,2010,8,232,2010-12-08,-4.8,2.8,71.6,0.5,20101208,0.6
342,0.0,-0.7,3.6,2.7,12,2010,9,232,2010-12-09,-4.3,0.0,57.0,0.0,20101209,8.6
343,5.0,4.1,11.7,3.6,12,2010,10,232,2010-12-10,-5.3,1.5,59.4,0.0,20101210,4.4
344,2.3,-0.9,7.8,4.5,12,2010,11,232,2010-12-11,-6.9,0.0,53.0,0.0,20101211,7.0
345,5.4,-1.9,3.7,2.5,12,2010,12,232,2010-12-12,-8.2,0.0,42.6,0.0,20101212,5.8
346,9.0,3.1,4.8,1.6,12,2010,13,232,2010-12-13,1.2,1.5,75.0,0.0,20101213,0.0
347,4.0,-1.5,1.9,4.5,12,2010,14,232,2010-12-14,-6.6,0.0,65.9,0.0,20101214,6.1
348,3.8,-8.1,-5.8,3.5,12,2010,15,232,2010-12-15,-10.3,0.0,46.4,0.0,20101215,7.5
349,3.3,-6.7,-1.4,2.0,12,2010,16,232,2010-12-16,-12.4,0.0,53.1,0.0,20101216,8.4
350,6.0,0.2,5.9,2.6,12,2010,17,232,2010-12-17,-4.1,0.8,73.8,1.5,20101217,3.7
351,0.3,0.0,7.3,2.1,12,2010,18,232,2010-12-18,-5.8,0.0,73.5,0.0,20101218,7.6
352,6.5,6.9,12.4,3.2,12,2010,19,232,2010-12-19,1.3,0.0,66.3,0.0,20101219,2.6
353,1.8,3.0,9.8,1.0,12,2010,20,232,2010-12-20,-2.2,0.0,82.4,0.0,20101220,5.7
354,5.4,1.4,9.7,1.0,12,2010,21,232,2010-12-21,-3.1,0.0,81.1,0.0,20101221,5.8
355,0.6,1.0,8.3,1.1,12,2010,22,232,2010-12-22,-4.0,0.0,81.0,0.0,20101222,7.5
356,5.9,0.0,4.8,3.3,12,2010,23,232,2010-12-23,-5.9,0.0,62.4,0.0,20101223,4.5
357,2.6,-9.1,-5.8,4.7,12,2010,24,232,2010-12-24,-11.1,0.0,48.9,0.0,20101224,8.2
358,4.1,-9.0,-6.2,2.9,12,2010,25,232,2010-12-25,-12.2,1.7,62.0,5.1,20101225,5.3
359,4.6,-10.1,-4.3,1.0,12,2010,26,232,2010-12-26,-15.9,2.7,80.4,5.2,20101226,4.5
360,5.1,-3.7,3.6,1.8,12,2010,27,232,2010-12-27,-14.0,0.3,79.4,0.6,20101227,5.0
361,8.1,0.1,3.1,2.7,12,2010,28,232,2010-12-28,-3.7,6.5,85.5,4.3,20101228,0.1
362,6.3,-3.6,0.5,1.7,12,2010,29,232,2010-12-29,-9.5,0.5,73.0,1.2,20101229,7.8
363,6.4,-3.5,0.0,3.6,12,2010,30,232,2010-12-30,-6.9,3.3,69.5,4.5,20101230,2.5
364,4.0,-7.4,-4.2,2.6,12,2010,31,232,2010-12-31,-12.1,0.4,64.0,0.6,20101231,7.5
