,snow,month,sunshine,date,station_id,year,cloud,wind,tmax,rainfall,day,tavg,humid,Date,tmin
0,0.0,1,0.0,20060101,232,2006,0.0,0.6,3.4,0.2,1,0.5,84.1,2006-01-01,-3.9
1,0.0,1,2.8,20060102,232,2006,0.0,1.6,3.5,0.0,2,0.7,78.6,2006-01-02,-1.2
2,0.0,1,8.0,20060103,232,2006,0.0,2.8,1.5,0.0,3,-1.7,48.8,2006-01-03,-5.5
3,0.0,1,0.0,20060104,232,2006,0.0,3.1,-2.2,0.0,4,-4.6,47.5,2006-01-04,-7.4
4,0.0,1,8.6,20060105,232,2006,0.0,1.8,-2.9,0.0,5,-7.6,56.4,2006-01-05,-11.8
5,0.0,1,5.5,20060106,232,2006,0.0,2.4,-2.9,0.0,6,-6.3,55.5,2006-01-06,-10.5
6,0.0,1,8.6,20060107,232,2006,0.0,1.9,-2.0,0.0,7,-8.0,58.3,2006-01-07,-13.6
7,0.0,1,7.9,20060108,232,2006,0.0,0.8,1.5,0.0,8,-5.9,65.5,2006-01-08,-13.5
8,0.0,1,6.4,20060109,232,2006,0.0,1.2,5.5,0.0,9,-0.9,65.9,2006-01-09,-8.0
9,0.0,1,6.1,20060110,232,2006,0.0,1.2,5.0,0.0,10,-1.3,76.3,2006-01-10,-5.8
10,0.0,1,5.4,20060111,232,2006,0.0,0.6,4.8,0.0,11,-3.5,72.3,2006-01-11,-8.8
11,0.0,1,2.1,20060112,232,2006,0.0,1.8,6.3,7.5,12,0.4,60.0,2006-01-12,-8.1
12,0.0,1,0.0,20060113,232,2006,0.0,2.0,6.5,14.0,13,4.6,89.6,2006-01-13,2.7
13,0.0,1,0.0,20060114,232,2006,0.0,1.5,5.1,0.0,14,2.4,90.3,2006-01-14,0.3
14,0.0,1,2.7,20060115,232,2006,0.0,1.0,8.0,0.5,15,2.5,83.9,2006-01-15,-1.3
15,0.0,1,0.0,20060116,232,2006,0.0,0.8,2.7,0.0,16,-0.3,85.1,2006-01-16,-2.7
16,0.0,1,4.3,20060117,232,2006,0.0,1.1,5.8,0.0,17,0.5,73.3,2006-01-17,-3.4
17,0.0,1,3.5,20060118,232,2006,0.0,1.4,4.0,0.0,18,-0.2,72.4,2006-01-18,-3.2
18,0.0,1,5.7,20060119,232,2006,0.0,1.3,7.5,0.0,19,1.7,68.9,2006-01-19,-4.4
19,0.0,1,3.1,20060120,232,2006,0.0,1.5,8.3,0.0,20,2.5,65.1,2006-01-20,-0.8
20,0.0,1,7.9,20060121,232,2006,0.0,1.5,4.6,0.0,21,-0.3,69.6,2006-01-21,-3.9
21,0.0,1,9.1,20060122,232,2006,0.0,3.8,0.1,0.0,22,-2.5,53.6,2006-01-22,-5.4
22,0.0,1,9.2,20060123,232,2006,0.0,1.5,0.6,0.0,23,-4.8,62.6,2006-01-23,-10.1
23,0.0,1,9.3,20060124,232,2006,0.0,1.2,2.0,0.0,24,-4.1,63.4,2006-01-24,-10.0
24,0.0,1,7.7,20060125,232,2006,0.0,1.0,4.0,0.0,25,-2.2,68.6,2006-01-25,-8.8
25,0.0,1,6.9,20060126,232,2006,0.0,1.2,5.0,0.0,26,0.1,73.9,2006-01-26,-4.0
26,0.0,1,6.8,20060127,232,2006,0.0,1.2,5.0,0.0,27,0.1,73.9,2006-01-27,-4.0
27,0.0,1,7.8,20060128,232,2006,0.0,1.0,8.5,0.0,28,-0.7,66.1,2006-01-28,-7.0
28,0.0,1,5.9,20060129,232,2006,0.0,2.0,12.3,0.0,29,4.5,61.0,2006-01-29,-4.8
29,0.0,1,0.0,20060130,232,2006,0.0,1.5,6.8,0.0,30,4.7,80.3,2006-01-30,2.9
30,0.0,1,0.0,20060131,232,2006,0.0,0.9,5.6,3.0,31,2.8,88.8,2006-01-31,0.5
31,0.0,2,3.2,20060201,232,2006,0.0,3.4,3.7,1.5,1,1.1,73.8,2006-02-01,-2.4
32,0.0,2,7.4,20060202,232,2006,0.0,3.0,3.0,0.0,2,-1.2,59.1,2006-02-02,-6.0
33,0.0,2,9.2,20060203,232,2006,0.0,4.2,-3.7,0.0,3,-10.0,50.5,2006-02-03,-12.1
34,0.0,2,9.6,20060204,232,2006,0.0,2.2,-3.9,0.0,4,-9.2,62.8,2006-02-04,-13.8
35,0.0,2,5.1,20060205,232,2006,0.0,0.8,-0.3,0.0,5,-5.0,52.5,2006-02-05,-11.8
36,0.6,2,5.1,20060206,232,2006,0.0,0.9,5.0,0.5,6,-0.8,73.8,2006-02-06,-4.3
37,11.0,2,0.0,20060207,232,2006,0.0,3.4,1.5,5.0,7,-0.3,84.6,2006-02-07,-2.9
38,1.5,2,4.5,20060208,232,2006,0.0,4.8,-2.9,0.8,8,-5.7,63.8,2006-02-08,-8.8
39,0.0,2,7.6,20060209,232,2006,0.0,1.5,1.1,0.0,9,-5.0,64.6,2006-02-09,-15.6
40,0.0,2,2.6,20060210,232,2006,0.0,1.6,4.6,0.0,10,-0.2,73.1,2006-02-10,-4.9
41,0.0,2,6.0,20060211,232,2006,0.0,1.9,5.5,0.0,11,1.6,64.3,2006-02-11,-1.5
42,0.0,2,9.9,20060212,232,2006,0.0,2.3,3.2,0.0,12,-1.8,50.5,2006-02-12,-7.0
43,0.0,2,9.7,20060213,232,2006,0.0,1.7,12.3,0.0,13,3.0,54.1,2006-02-13,-6.6
44,0.0,2,0.0,20060214,232,2006,0.0,1.6,8.5,9.5,14,5.8,88.3,2006-02-14,3.7
45,0.0,2,0.0,20060215,232,2006,0.0,1.0,5.1,0.7,15,3.6,87.3,2006-02-15,2.5
46,0.0,2,3.5,20060216,232,2006,0.0,2.9,7.0,0.0,16,1.8,70.6,2006-02-16,-3.2
47,0.0,2,10.0,20060217,232,2006,0.0,3.6,-1.2,0.0,17,-4.6,46.4,2006-02-17,-7.0
48,0.0,2,6.9,20060218,232,2006,0.0,1.7,5.6,0.0,18,-1.2,61.6,2006-02-18,-7.6
49,0.0,2,5.8,20060219,232,2006,0.0,1.0,9.6,0.0,19,1.9,66.1,2006-02-19,-3.7
50,0.0,2,8.5,20060220,232,2006,0.0,1.0,10.1,0.0,20,2.9,72.9,2006-02-20,-2.9
51,0.0,2,6.4,20060221,232,2006,0.0,1.2,11.6,0.0,21,3.2,69.1,2006-02-21,-4.0
52,0.0,2,4.2,20060222,232,2006,0.0,2.5,7.0,0.5,22,2.4,69.9,2006-02-22,-1.2
53,0.0,2,9.5,20060223,232,2006,0.0,1.5,8.1,0.0,23,0.3,51.6,2006-02-23,-6.0
54,0.0,2,10.3,20060224,232,2006,0.0,0.7,12.1,0.0,24,2.3,57.3,2006-02-24,-4.9
55,0.0,2,2.2,20060225,232,2006,0.0,1.6,11.1,0.0,25,4.9,55.4,2006-02-25,-2.7
56,0.0,2,6.7,20060226,232,2006,0.0,4.3,4.5,0.0,26,1.0,59.9,2006-02-26,-3.0
57,0.0,2,7.5,20060227,232,2006,0.0,1.8,3.4,0.0,27,-1.5,48.8,2006-02-27,-6.9
58,0.0,2,0.0,20060228,232,2006,0.0,1.4,6.1,0.0,28,2.7,64.0,2006-02-28,-1.5
59,0.4,3,6.1,20060301,232,2006,0.0,3.6,3.7,0.4,1,0.8,66.9,2006-03-01,-1.2
60,0.5,3,5.8,20060302,232,2006,0.0,3.6,2.7,0.2,2,-0.5,61.6,2006-03-02,-2.7
61,0.0,3,10.3,20060303,232,2006,0.0,1.8,5.5,0.0,3,-1.2,64.5,2006-03-03,-8.1
62,0.0,3,7.4,20060304,232,2006,0.0,2.4,11.3,0.0,4,3.7,52.3,2006-03-04,-6.9
63,0.0,3,8.9,20060305,232,2006,0.0,2.0,16.2,0.0,5,8.8,60.3,2006-03-05,0.0
64,0.0,3,6.3,20060306,232,2006,0.0,1.7,13.8,0.0,6,5.4,69.6,2006-03-06,-2.5
65,0.0,3,8.2,20060307,232,2006,0.0,1.8,13.8,0.0,7,4.8,64.6,2006-03-07,-4.8
66,0.0,3,4.7,20060308,232,2006,0.0,1.4,10.8,0.0,8,4.2,65.0,2006-03-08,-1.2
67,0.0,3,0.6,20060309,232,2006,0.0,1.7,15.6,0.0,9,7.1,62.0,2006-03-09,-1.2
68,0.0,3,7.0,20060310,232,2006,0.0,2.3,17.2,0.0,10,9.2,65.4,2006-03-10,0.5
69,0.0,3,0.0,20060311,232,2006,0.0,2.6,10.0,0.2,11,6.7,72.6,2006-03-11,1.7
70,0.0,3,7.8,20060312,232,2006,0.0,6.0,1.7,0.0,12,-3.0,42.4,2006-03-12,-6.0
71,2.3,3,3.2,20060313,232,2006,0.0,2.7,2.2,1.7,13,-2.9,65.5,2006-03-13,-9.5
72,0.0,3,10.5,20060314,232,2006,0.0,2.8,6.0,0.0,14,-0.2,55.9,2006-03-14,-5.1
73,0.0,3,8.1,20060315,232,2006,0.0,2.0,12.6,0.0,15,4.6,54.4,2006-03-15,-4.4
74,0.0,3,0.0,20060316,232,2006,0.0,1.8,6.0,2.0,16,3.3,80.4,2006-03-16,-0.6
75,0.0,3,7.5,20060317,232,2006,0.0,1.0,16.8,0.0,17,6.2,73.3,2006-03-17,-2.5
76,0.0,3,3.0,20060318,232,2006,0.0,2.6,13.6,0.1,18,7.1,65.9,2006-03-18,2.2
77,0.0,3,11.2,20060319,232,2006,0.0,3.8,7.9,0.0,19,2.8,36.8,2006-03-19,-3.2
78,0.0,3,0.6,20060320,232,2006,0.0,1.2,11.1,0.0,20,3.7,52.3,2006-03-20,-6.1
79,0.0,3,10.3,20060321,232,2006,0.0,1.1,17.2,0.0,21,8.6,44.8,2006-03-21,-0.4
80,0.0,3,6.5,20060322,232,2006,0.0,2.4,19.2,0.0,22,10.4,47.0,2006-03-22,1.3
81,0.0,3,10.5,20060323,232,2006,0.0,4.5,10.0,0.0,23,5.6,49.3,2006-03-23,0.2
82,0.0,3,10.9,20060324,232,2006,0.0,1.3,13.1,0.0,24,4.1,49.8,2006-03-24,-5.5
83,0.0,3,9.7,20060325,232,2006,0.0,4.4,17.6,0.0,25,10.5,32.9,2006-03-25,2.7
84,0.0,3,10.4,20060326,232,2006,0.0,2.6,13.3,0.0,26,6.1,31.1,2006-03-26,-0.4
85,0.0,3,9.3,20060327,232,2006,0.0,2.0,15.3,0.0,27,6.0,42.1,2006-03-27,-3.5
86,0.0,3,3.1,20060328,232,2006,0.0,5.0,5.5,1.5,28,2.6,61.8,2006-03-28,0.3
87,0.0,3,9.2,20060329,232,2006,0.0,3.4,9.6,0.0,29,4.7,48.8,2006-03-29,-3.9
88,0.0,3,11.4,20060330,232,2006,0.0,3.9,8.3,0.0,30,3.6,44.8,2006-03-30,-3.4
89,0.0,3,9.3,20060331,232,2006,0.0,1.3,16.2,0.0,31,5.7,45.0,2006-03-31,-5.8
90,0.0,4,0.0,20060401,232,2006,0.0,2.3,13.3,14.0,1,10.3,66.3,2006-04-01,0.6
91,0.0,4,3.0,20060402,232,2006,0.0,3.2,12.3,1.0,2,7.1,77.6,2006-04-02,0.6
92,0.0,4,8.5,20060403,232,2006,0.0,2.0,20.2,0.0,3,11.2,64.4,2006-04-03,0.8
93,0.0,4,0.0,20060404,232,2006,0.0,1.5,12.1,3.5,4,9.5,79.4,2006-04-04,6.8
94,0.0,4,9.3,20060405,232,2006,0.0,3.0,15.6,0.5,5,9.8,61.8,2006-04-05,4.5
95,0.0,4,1.0,20060406,232,2006,0.0,1.4,14.8,0.0,6,8.2,59.9,2006-04-06,-0.8
96,0.0,4,5.2,20060407,232,2006,0.0,3.0,17.2,0.0,7,11.8,59.8,2006-04-07,7.4
97,0.0,4,0.5,20060408,232,2006,0.0,2.4,15.5,0.5,8,9.8,46.3,2006-04-08,4.9
98,0.0,4,5.0,20060409,232,2006,0.0,2.9,20.7,2.0,9,13.9,49.6,2006-04-09,7.5
99,0.0,4,0.1,20060410,232,2006,0.0,3.9,15.8,31.5,10,13.4,77.1,2006-04-10,11.3
100,0.0,4,0.0,20060411,232,2006,0.0,1.7,18.1,1.5,11,13.3,74.6,2006-04-11,10.8
101,0.0,4,9.6,20060412,232,2006,0.0,2.0,20.3,0.0,12,12.3,68.9,2006-04-12,5.5
102,0.0,4,0.0,20060413,232,2006,0.0,1.7,9.8,0.0,13,7.6,78.0,2006-04-13,4.5
103,0.0,4,9.7,20060414,232,2006,0.0,1.7,17.3,0.0,14,10.4,48.0,2006-04-14,3.2
104,0.0,4,2.7,20060415,232,2006,0.0,1.4,15.3,0.0,15,7.9,44.3,2006-04-15,2.7
105,0.0,4,12.3,20060416,232,2006,0.0,4.5,11.1,0.0,16,6.4,46.4,2006-04-16,1.5
106,0.0,4,2.9,20060417,232,2006,0.0,2.6,17.7,0.0,17,10.1,43.4,2006-04-17,-0.6
107,0.0,4,5.6,20060418,232,2006,0.0,3.7,23.3,0.0,18,17.2,38.0,2006-04-18,9.0
108,0.0,4,0.6,20060419,232,2006,0.0,4.8,17.1,21.0,19,10.4,73.1,2006-04-19,5.8
109,0.0,4,1.5,20060420,232,2006,0.0,6.8,9.6,2.0,20,6.9,65.1,2006-04-20,3.5
110,0.0,4,12.0,20060421,232,2006,0.0,3.4,17.2,0.0,21,9.8,55.0,2006-04-21,4.9
111,0.0,4,5.1,20060422,232,2006,0.0,1.6,17.3,0.0,22,10.0,54.3,2006-04-22,3.5
112,0.0,4,5.1,20060423,232,2006,0.0,2.7,18.0,0.5,23,8.4,72.3,2006-04-23,3.0
113,0.0,4,10.1,20060424,232,2006,0.0,3.0,16.3,0.0,24,9.5,53.4,2006-04-24,1.3
114,0.0,4,10.6,20060425,232,2006,0.0,2.4,17.3,0.0,25,10.2,41.0,2006-04-25,3.2
115,0.0,4,0.5,20060426,232,2006,0.0,1.6,16.2,0.0,26,11.0,52.9,2006-04-26,6.0
116,0.0,4,6.1,20060427,232,2006,0.0,2.1,17.5,0.5,27,11.4,67.3,2006-04-27,6.4
117,0.0,4,9.8,20060428,232,2006,0.0,1.5,20.2,0.0,28,11.4,56.5,2006-04-28,2.7
118,0.0,4,8.4,20060429,232,2006,0.0,2.2,19.6,0.1,29,14.0,56.8,2006-04-29,7.1
119,0.0,4,2.0,20060430,232,2006,0.0,3.3,23.1,0.0,30,18.0,60.3,2006-04-30,13.0
120,0.0,5,6.9,20060501,232,2006,0.0,1.5,24.7,0.0,1,16.8,59.0,2006-05-01,10.0
121,0.0,5,12.1,20060502,232,2006,0.0,3.2,23.7,0.0,2,16.8,38.4,2006-05-02,7.1
122,0.0,5,11.4,20060503,232,2006,0.0,2.4,22.6,0.0,3,14.6,48.1,2006-05-03,8.8
123,0.0,5,8.9,20060504,232,2006,0.0,2.0,26.7,0.0,4,16.9,56.0,2006-05-04,7.0
124,0.0,5,0.4,20060505,232,2006,0.0,2.5,26.7,1.5,5,20.7,60.3,2006-05-05,14.1
125,0.0,5,0.0,20060506,232,2006,0.0,2.2,18.2,33.0,6,16.8,87.1,2006-05-06,15.3
126,0.0,5,7.0,20060507,232,2006,0.0,1.2,25.0,0.0,7,19.3,68.9,2006-05-07,14.1
127,0.0,5,12.0,20060508,232,2006,0.0,2.7,22.5,0.0,8,18.4,62.5,2006-05-08,14.6
128,0.0,5,10.4,20060509,232,2006,0.0,2.5,26.5,0.0,9,19.5,61.4,2006-05-09,12.3
129,0.0,5,0.3,20060510,232,2006,0.0,1.8,20.2,4.5,10,16.8,82.3,2006-05-10,15.0
130,0.0,5,3.1,20060511,232,2006,0.0,1.4,22.8,0.0,11,16.0,70.3,2006-05-11,11.1
131,0.0,5,0.0,20060512,232,2006,0.0,1.7,19.3,0.0,12,15.5,52.0,2006-05-12,12.6
132,0.0,5,8.9,20060513,232,2006,0.0,2.5,19.1,0.0,13,14.2,58.9,2006-05-13,7.8
133,0.0,5,12.2,20060514,232,2006,0.0,2.0,21.7,0.0,14,14.7,59.9,2006-05-14,8.1
134,0.0,5,11.9,20060515,232,2006,0.0,1.5,25.7,0.0,15,17.1,56.6,2006-05-15,8.3
135,0.0,5,11.4,20060516,232,2006,0.0,1.7,25.2,0.0,16,17.6,54.0,2006-05-16,10.1
136,0.0,5,5.4,20060517,232,2006,0.0,1.2,25.5,0.0,17,17.7,52.0,2006-05-17,10.0
137,0.0,5,3.0,20060518,232,2006,0.0,0.9,24.1,0.0,18,18.6,61.5,2006-05-18,12.3
138,0.0,5,0.2,20060519,232,2006,0.0,1.5,19.7,6.5,19,16.1,75.8,2006-05-19,12.8
139,0.0,5,8.9,20060520,232,2006,0.0,1.5,25.2,0.0,20,17.9,70.0,2006-05-20,10.5
140,0.0,5,9.2,20060521,232,2006,0.0,2.2,29.3,0.0,21,22.2,59.0,2006-05-21,14.6
141,0.0,5,0.1,20060522,232,2006,0.0,3.2,23.3,7.5,22,19.9,77.5,2006-05-22,15.3
142,0.0,5,4.9,20060523,232,2006,0.0,1.9,22.8,1.0,23,16.6,77.5,2006-05-23,12.8
143,0.0,5,4.6,20060524,232,2006,0.0,1.1,24.5,0.0,24,18.0,69.3,2006-05-24,14.3
144,0.0,5,0.7,20060525,232,2006,0.0,2.1,21.7,0.0,25,18.2,58.6,2006-05-25,15.3
145,0.0,5,10.7,20060526,232,2006,0.0,2.2,26.1,0.0,26,20.8,51.9,2006-05-26,15.3
146,0.0,5,0.6,20060527,232,2006,0.0,2.7,21.2,25.0,27,17.7,76.1,2006-05-27,15.1
147,0.0,5,3.4,20060528,232,2006,0.0,1.8,22.3,0.0,28,18.1,68.9,2006-05-28,15.1
148,0.0,5,8.0,20060529,232,2006,0.0,1.5,24.1,0.0,29,18.7,69.0,2006-05-29,13.0
149,0.0,5,12.7,20060530,232,2006,0.0,1.6,27.6,0.0,30,19.9,62.0,2006-05-30,13.3
150,0.0,5,11.4,20060531,232,2006,0.0,1.2,27.2,0.0,31,20.2,58.6,2006-05-31,13.0
151,0.0,6,8.1,20060601,232,2006,0.0,1.3,26.7,0.0,1,20.0,59.9,2006-06-01,13.6
152,0.0,6,9.1,20060602,232,2006,0.0,1.0,30.3,0.0,2,22.9,58.5,2006-06-02,14.6
153,0.0,6,11.4,20060603,232,2006,0.0,2.3,27.7,0.0,3,20.6,53.8,2006-06-03,15.3
154,0.0,6,6.7,20060604,232,2006,0.0,1.7,25.6,0.0,4,19.1,65.3,2006-06-04,15.5
155,0.0,6,10.4,20060605,232,2006,0.0,1.4,26.1,0.0,5,19.0,64.6,2006-06-05,12.8
156,0.0,6,9.2,20060606,232,2006,0.0,1.5,27.7,0.0,6,19.8,66.3,2006-06-06,14.1
157,0.0,6,4.3,20060607,232,2006,0.0,0.8,27.3,0.0,7,20.8,62.4,2006-06-07,14.8
158,0.0,6,1.3,20060608,232,2006,0.0,1.6,24.2,0.0,8,19.6,65.8,2006-06-08,16.5
159,0.0,6,9.2,20060609,232,2006,0.0,1.7,26.2,0.0,9,20.6,58.0,2006-06-09,14.5
160,0.0,6,0.2,20060610,232,2006,0.0,3.0,20.7,18.5,10,16.9,70.0,2006-06-10,14.3
161,0.0,6,5.4,20060611,232,2006,0.0,2.6,22.1,0.0,11,17.6,68.0,2006-06-11,14.3
162,0.0,6,12.7,20060612,232,2006,0.0,1.3,27.2,0.0,12,19.9,64.8,2006-06-12,12.1
163,0.0,6,10.8,20060613,232,2006,0.0,1.5,28.8,0.0,13,21.9,61.6,2006-06-13,15.5
164,0.0,6,0.0,20060614,232,2006,0.0,2.1,19.3,43.5,14,17.8,78.5,2006-06-14,16.1
165,0.0,6,8.1,20060615,232,2006,0.0,3.1,22.7,0.5,15,18.6,72.1,2006-06-15,15.6
166,0.0,6,10.0,20060616,232,2006,0.0,2.3,28.3,0.0,16,20.9,58.6,2006-06-16,15.1
167,0.0,6,10.2,20060617,232,2006,0.0,2.0,26.8,0.0,17,20.6,62.4,2006-06-17,13.8
168,0.0,6,8.4,20060618,232,2006,0.0,1.4,27.0,0.0,18,20.4,69.4,2006-06-18,15.1
169,0.0,6,8.9,20060619,232,2006,0.0,1.3,27.6,0.0,19,21.5,66.8,2006-06-19,16.0
170,0.0,6,3.9,20060620,232,2006,0.0,1.5,28.2,0.0,20,21.4,66.3,2006-06-20,16.0
171,0.0,6,0.0,20060621,232,2006,0.0,1.3,21.1,15.0,21,19.5,82.3,2006-06-21,18.5
172,0.0,6,5.2,20060622,232,2006,0.0,1.0,26.7,1.5,22,21.7,73.3,2006-06-22,18.5
173,0.0,6,4.2,20060623,232,2006,0.0,1.2,29.5,0.0,23,22.5,72.0,2006-06-23,17.0
174,0.0,6,9.0,20060624,232,2006,0.0,1.4,29.3,0.0,24,22.7,71.1,2006-06-24,17.7
175,0.0,6,1.0,20060625,232,2006,0.0,2.0,24.2,7.5,25,20.9,73.6,2006-06-25,18.5
176,0.0,6,0.2,20060626,232,2006,0.0,1.8,23.8,1.0,26,20.5,81.3,2006-06-26,18.3
177,0.0,6,2.4,20060627,232,2006,0.0,1.3,26.8,0.0,27,22.2,73.8,2006-06-27,18.7
178,0.0,6,5.5,20060628,232,2006,0.0,1.1,28.7,0.0,28,23.4,73.5,2006-06-28,20.2
179,0.0,6,5.7,20060629,232,2006,0.0,1.8,30.2,15.5,29,24.5,70.3,2006-06-29,19.3
180,0.0,6,0.4,20060630,232,2006,0.0,2.1,27.2,17.0,30,23.5,77.1,2006-06-30,21.7
181,0.0,7,0.0,20060701,232,2006,0.0,1.2,23.8,12.5,1,21.8,82.5,2006-07-01,20.3
182,0.0,7,5.3,20060702,232,2006,0.0,1.4,27.1,0.0,2,22.5,73.5,2006-07-02,19.2
183,0.0,7,7.6,20060703,232,2006,0.0,0.9,29.2,0.0,3,23.0,71.8,2006-07-03,18.2
184,0.0,7,0.0,20060704,232,2006,0.0,2.1,22.7,12.0,4,21.5,82.4,2006-07-04,20.3
185,0.0,7,0.0,20060705,232,2006,0.0,1.7,25.2,1.0,5,21.4,73.3,2006-07-05,19.2
186,0.0,7,0.0,20060706,232,2006,0.0,1.9,20.5,16.0,6,19.0,83.1,2006-07-06,17.7
187,0.0,7,4.0,20060707,232,2006,0.0,1.8,26.3,3.5,7,21.3,78.9,2006-07-07,18.2
188,0.0,7,0.3,20060708,232,2006,0.0,1.4,27.2,0.0,8,23.3,74.0,2006-07-08,18.7
189,0.0,7,2.1,20060709,232,2006,0.0,1.9,25.5,8.5,9,22.9,78.0,2006-07-09,21.0
190,0.0,7,0.0,20060710,232,2006,0.0,4.4,25.2,11.5,10,22.8,76.4,2006-07-10,21.2
191,0.0,7,0.2,20060711,232,2006,0.0,1.5,26.5,2.5,11,23.0,78.5,2006-07-11,19.7
192,0.0,7,0.2,20060712,232,2006,0.0,1.9,28.8,47.0,12,24.9,80.4,2006-07-12,22.2
193,0.0,7,1.1,20060713,232,2006,0.0,1.2,30.0,5.5,13,25.7,81.4,2006-07-13,23.7
194,0.0,7,5.2,20060714,232,2006,0.0,1.5,30.7,0.5,14,26.9,75.4,2006-07-14,23.3
195,0.0,7,1.1,20060715,232,2006,0.0,2.1,29.0,2.5,15,26.0,78.5,2006-07-15,23.7
196,0.0,7,0.0,20060716,232,2006,0.0,1.5,26.2,137.5,16,20.5,85.4,2006-07-16,18.2
197,0.0,7,0.0,20060717,232,2006,0.0,1.6,20.7,43.5,17,18.5,87.1,2006-07-17,17.6
198,0.0,7,0.0,20060718,232,2006,0.0,1.3,20.2,33.5,18,18.9,88.4,2006-07-18,17.8
199,0.0,7,0.0,20060719,232,2006,0.0,1.9,22.0,2.5,19,19.9,80.5,2006-07-19,18.2
200,0.0,7,0.2,20060720,232,2006,0.0,1.6,21.3,5.0,20,18.9,83.5,2006-07-20,17.7
201,0.0,7,1.6,20060721,232,2006,0.0,1.3,27.1,1.5,21,21.6,79.1,2006-07-21,18.0
202,0.0,7,8.5,20060722,232,2006,0.0,2.1,28.2,0.0,22,22.5,72.1,2006-07-22,17.2
203,0.0,7,2.8,20060723,232,2006,0.0,0.9,26.6,0.1,23,21.2,76.0,2006-07-23,16.6
204,0.0,7,0.0,20060724,232,2006,0.0,0.7,23.8,0.0,24,20.8,81.5,2006-07-24,18.3
205,0.0,7,2.6,20060725,232,2006,0.0,0.9,28.3,1.5,25,22.7,73.0,2006-07-25,18.0
206,0.0,7,0.0,20060726,232,2006,0.0,1.7,21.7,34.5,26,20.6,85.8,2006-07-26,19.8
207,0.0,7,0.1,20060727,232,2006,0.0,2.0,27.3,14.5,27,23.0,82.5,2006-07-27,20.1
208,0.0,7,0.1,20060728,232,2006,0.0,1.7,25.5,136.5,28,22.1,87.8,2006-07-28,20.7
209,0.0,7,0.9,20060729,232,2006,0.0,0.9,29.1,1.5,29,24.4,83.4,2006-07-29,21.8
210,0.0,7,1.9,20060730,232,2006,0.0,1.2,30.3,0.0,30,25.7,78.3,2006-07-30,23.1
211,0.0,7,8.2,20060731,232,2006,0.0,1.2,30.8,0.0,31,25.5,73.5,2006-07-31,21.0
212,0.0,8,12.5,20060801,232,2006,0.0,1.7,30.8,0.0,1,25.3,71.6,2006-08-01,19.5
213,0.0,8,10.8,20060802,232,2006,0.0,1.4,32.2,0.0,2,26.2,71.4,2006-08-02,20.7
214,0.0,8,12.0,20060803,232,2006,0.0,0.9,33.4,0.0,3,27.0,70.3,2006-08-03,21.2
215,0.0,8,10.2,20060804,232,2006,0.0,1.3,33.0,0.0,4,26.7,70.5,2006-08-04,21.3
216,0.0,8,10.6,20060805,232,2006,0.0,1.3,33.0,6.0,5,25.3,72.6,2006-08-05,20.7
217,0.0,8,10.1,20060806,232,2006,0.0,1.2,31.2,0.0,6,25.4,74.6,2006-08-06,20.7
218,0.0,8,11.5,20060807,232,2006,0.0,1.1,32.7,0.0,7,26.1,70.3,2006-08-07,21.2
219,0.0,8,12.2,20060808,232,2006,0.0,1.4,33.0,0.0,8,26.5,69.5,2006-08-08,20.5
220,0.0,8,7.8,20060809,232,2006,0.0,1.2,33.5,0.0,9,26.7,73.8,2006-08-09,21.6
221,0.0,8,5.7,20060810,232,2006,0.0,0.8,32.4,0.0,10,25.9,70.1,2006-08-10,20.7
222,0.0,8,4.1,20060811,232,2006,0.0,1.0,29.5,0.0,11,24.3,73.9,2006-08-11,19.2
223,0.0,8,7.6,20060812,232,2006,0.0,1.1,31.2,0.0,12,25.7,75.1,2006-08-12,20.7
224,0.0,8,9.9,20060813,232,2006,0.0,1.2,32.0,0.0,13,26.4,73.0,2006-08-13,22.0
225,0.0,8,11.2,20060814,232,2006,0.0,1.3,32.4,0.0,14,26.8,68.0,2006-08-14,21.3
226,0.0,8,8.4,20060815,232,2006,0.0,1.3,32.5,0.0,15,26.4,72.4,2006-08-15,21.7
227,0.0,8,8.9,20060816,232,2006,0.0,1.4,33.0,0.5,16,26.8,71.0,2006-08-16,22.1
228,0.0,8,4.6,20060817,232,2006,0.0,1.9,31.0,12.5,17,25.6,72.4,2006-08-17,22.3
229,0.0,8,6.4,20060818,232,2006,0.0,3.1,28.5,2.5,18,23.9,61.4,2006-08-18,19.3
230,0.0,8,3.8,20060819,232,2006,0.0,3.3,27.6,0.0,19,22.7,54.5,2006-08-19,19.2
231,0.0,8,0.9,20060820,232,2006,0.0,1.6,26.2,0.0,20,22.1,72.5,2006-08-20,19.2
232,0.0,8,5.9,20060821,232,2006,0.0,1.1,31.3,0.0,21,25.5,70.4,2006-08-21,21.0
233,0.0,8,5.2,20060822,232,2006,0.0,1.1,31.0,17.5,22,25.6,77.8,2006-08-22,23.0
234,0.0,8,2.8,20060823,232,2006,0.0,1.2,30.6,0.0,23,25.1,76.0,2006-08-23,22.6
235,0.0,8,4.7,20060824,232,2006,0.0,1.0,29.7,1.0,24,24.7,72.8,2006-08-24,21.1
236,0.0,8,1.1,20060825,232,2006,0.0,1.6,28.2,10.0,25,23.9,77.3,2006-08-25,21.5
237,0.0,8,4.5,20060826,232,2006,0.0,1.7,31.0,2.5,26,24.9,75.5,2006-08-26,21.1
238,0.0,8,0.8,20060827,232,2006,0.0,1.7,27.2,9.5,27,23.7,80.1,2006-08-27,21.5
239,0.0,8,7.2,20060828,232,2006,0.0,1.4,28.5,0.0,28,23.7,74.1,2006-08-28,19.2
240,0.0,8,2.6,20060829,232,2006,0.0,1.0,26.6,1.0,29,21.6,78.6,2006-08-29,17.3
241,0.0,8,3.7,20060830,232,2006,0.0,2.0,27.0,0.5,30,22.8,69.9,2006-08-30,19.2
242,0.0,8,8.6,20060831,232,2006,0.0,1.9,28.2,0.0,31,23.0,64.5,2006-08-31,19.3
243,0.0,9,9.1,20060901,232,2006,0.0,1.4,28.0,0.0,1,22.0,64.4,2006-09-01,16.2
244,0.0,9,10.8,20060902,232,2006,0.0,1.2,29.6,0.0,2,22.8,62.0,2006-09-02,18.1
245,0.0,9,9.0,20060903,232,2006,0.0,1.4,28.8,0.0,3,22.3,69.9,2006-09-03,16.6
246,0.0,9,2.7,20060904,232,2006,0.0,1.6,25.7,0.1,4,20.7,70.8,2006-09-04,17.1
247,0.0,9,1.6,20060905,232,2006,0.0,2.2,23.8,2.0,5,17.9,71.4,2006-09-05,14.3
248,0.0,9,7.4,20060906,232,2006,0.0,1.4,24.0,6.5,6,17.6,74.4,2006-09-06,13.8
249,0.0,9,9.8,20060907,232,2006,0.0,1.1,26.7,0.0,7,18.4,71.3,2006-09-07,11.6
250,0.0,9,3.5,20060908,232,2006,0.0,2.0,25.5,0.4,8,20.4,67.0,2006-09-08,14.6
251,0.0,9,0.0,20060909,232,2006,0.0,2.0,20.0,1.5,9,17.1,79.4,2006-09-09,12.5
252,0.0,9,10.5,20060910,232,2006,0.0,1.8,19.3,0.0,10,13.3,63.0,2006-09-10,8.0
253,0.0,9,0.8,20060911,232,2006,0.0,0.7,19.7,0.0,11,12.9,72.8,2006-09-11,6.8
254,0.0,9,7.8,20060912,232,2006,0.0,1.2,24.2,0.0,12,16.2,73.0,2006-09-12,9.6
255,0.0,9,10.1,20060913,232,2006,0.0,1.2,26.0,0.0,13,17.7,68.0,2006-09-13,11.1
256,0.0,9,7.5,20060914,232,2006,0.0,1.4,25.7,0.0,14,18.2,63.8,2006-09-14,11.0
257,0.0,9,0.6,20060915,232,2006,0.0,1.5,23.2,0.0,15,18.8,66.5,2006-09-15,14.3
258,0.0,9,0.0,20060916,232,2006,0.0,0.8,22.5,6.0,16,17.8,79.0,2006-09-16,13.3
259,0.0,9,0.0,20060917,232,2006,0.0,1.8,19.2,5.5,17,16.4,78.9,2006-09-17,14.6
260,0.0,9,0.0,20060918,232,2006,0.0,1.6,19.5,0.0,18,16.3,74.5,2006-09-18,13.8
261,0.0,9,9.9,20060919,232,2006,0.0,0.9,25.1,0.2,19,17.3,76.4,2006-09-19,9.3
262,0.0,9,4.1,20060920,232,2006,0.0,1.2,25.2,0.0,20,18.2,75.0,2006-09-20,13.6
263,0.0,9,10.3,20060921,232,2006,0.0,1.3,27.6,0.0,21,18.6,65.6,2006-09-21,12.1
264,0.0,9,9.0,20060922,232,2006,0.0,1.9,26.6,0.0,22,19.1,67.0,2006-09-22,13.1
265,0.0,9,11.6,20060923,232,2006,0.0,1.5,25.2,0.0,23,16.8,59.3,2006-09-23,10.3
266,0.0,9,11.1,20060924,232,2006,0.0,1.3,25.2,0.0,24,16.4,61.3,2006-09-24,8.6
267,0.0,9,8.4,20060925,232,2006,0.0,1.4,25.7,0.0,25,16.6,65.0,2006-09-25,9.1
268,0.0,9,6.0,20060926,232,2006,0.0,1.2,24.8,0.0,26,16.5,66.4,2006-09-26,10.1
269,0.0,9,10.0,20060927,232,2006,0.0,1.1,26.1,0.0,27,17.1,68.8,2006-09-27,9.8
270,0.0,9,0.3,20060928,232,2006,0.0,0.9,23.1,0.0,28,16.3,76.5,2006-09-28,10.8
271,0.0,9,7.4,20060929,232,2006,0.0,1.1,24.5,0.0,29,16.0,70.6,2006-09-29,9.8
272,0.0,9,6.7,20060930,232,2006,0.0,1.2,24.7,0.0,30,16.8,63.5,2006-09-30,8.8
273,0.0,10,4.5,20061001,232,2006,0.0,1.2,23.7,0.0,1,17.5,61.4,2006-10-01,12.0
274,0.0,10,8.7,20061002,232,2006,0.0,0.9,25.1,0.0,2,16.4,70.5,2006-10-02,9.8
275,0.0,10,8.1,20061003,232,2006,0.0,1.0,25.5,0.0,3,15.9,73.3,2006-10-03,8.8
276,0.0,10,7.3,20061004,232,2006,0.0,0.6,25.5,0.0,4,16.0,76.0,2006-10-04,9.3
277,0.0,10,10.1,20061005,232,2006,0.0,2.1,25.6,0.0,5,16.9,61.0,2006-10-05,8.3
278,0.0,10,10.7,20061006,232,2006,0.0,1.3,25.1,0.0,6,15.8,63.9,2006-10-06,8.1
279,0.0,10,10.2,20061007,232,2006,0.0,1.1,25.1,0.0,7,15.1,68.1,2006-10-07,7.0
280,0.0,10,5.2,20061008,232,2006,0.0,0.9,24.2,0.0,8,16.2,77.1,2006-10-08,9.1
281,0.0,10,3.7,20061009,232,2006,0.0,1.2,25.1,0.0,9,17.1,76.8,2006-10-09,11.6
282,0.0,10,8.4,20061010,232,2006,0.0,1.7,26.2,0.0,10,16.7,69.5,2006-10-10,10.5
283,0.0,10,0.2,20061011,232,2006,0.0,2.0,22.7,0.0,11,16.0,75.9,2006-10-11,10.0
284,0.0,10,10.5,20061012,232,2006,0.0,1.1,22.0,0.0,12,12.1,62.4,2006-10-12,5.1
285,0.0,10,9.1,20061013,232,2006,0.0,1.0,23.8,0.0,13,13.1,60.6,2006-10-13,5.0
286,0.0,10,9.7,20061014,232,2006,0.0,1.7,24.2,0.0,14,16.0,67.0,2006-10-14,8.3
287,0.0,10,6.0,20061015,232,2006,0.0,0.8,24.3,0.0,15,15.7,75.3,2006-10-15,9.3
288,0.0,10,6.8,20061016,232,2006,0.0,1.5,25.7,0.0,16,16.4,76.0,2006-10-16,10.6
289,0.0,10,1.1,20061017,232,2006,0.0,1.1,22.7,0.0,17,16.2,76.9,2006-10-17,9.6
290,0.0,10,6.8,20061018,232,2006,0.0,1.4,23.7,0.0,18,17.6,73.0,2006-10-18,12.6
291,0.0,10,1.2,20061019,232,2006,0.0,1.1,21.7,0.0,19,16.6,78.4,2006-10-19,11.6
292,0.0,10,6.5,20061020,232,2006,0.0,1.0,23.0,0.0,20,15.5,76.8,2006-10-20,10.1
293,0.0,10,8.1,20061021,232,2006,0.0,1.5,24.2,0.0,21,16.5,70.1,2006-10-21,10.1
294,0.0,10,0.0,20061022,232,2006,0.0,1.5,16.7,20.5,22,14.8,81.9,2006-10-22,12.0
295,0.0,10,1.1,20061023,232,2006,0.0,2.6,15.1,0.5,23,11.4,66.8,2006-10-23,8.1
296,0.0,10,10.1,20061024,232,2006,0.0,1.4,18.2,0.0,24,10.9,63.3,2006-10-24,4.1
297,0.0,10,3.0,20061025,232,2006,0.0,1.6,18.5,0.0,25,11.7,64.8,2006-10-25,5.0
298,0.0,10,0.4,20061026,232,2006,0.0,0.9,17.8,0.0,26,12.5,68.0,2006-10-26,8.6
299,0.0,10,8.5,20061027,232,2006,0.0,1.0,17.2,0.0,27,10.0,71.5,2006-10-27,4.5
300,0.0,10,8.7,20061028,232,2006,0.0,0.8,19.7,0.0,28,10.8,72.6,2006-10-28,2.7
301,0.0,10,6.7,20061029,232,2006,0.0,1.1,18.7,0.5,29,10.6,72.4,2006-10-29,3.7
302,0.0,10,10.2,20061030,232,2006,0.0,0.8,19.5,0.0,30,8.9,64.0,2006-10-30,0.4
303,0.0,10,8.5,20061031,232,2006,0.0,0.8,19.2,0.0,31,10.0,75.3,2006-10-31,2.2
304,0.0,11,5.7,20061101,232,2006,0.0,1.2,20.5,0.0,1,13.3,74.3,2006-11-01,6.1
305,0.0,11,8.1,20061102,232,2006,0.0,1.5,18.8,0.0,2,10.2,69.4,2006-11-02,4.5
306,0.0,11,7.3,20061103,232,2006,0.0,1.2,20.7,0.0,3,11.6,71.8,2006-11-03,3.7
307,0.0,11,4.9,20061104,232,2006,0.0,2.3,19.7,0.0,4,14.6,65.8,2006-11-04,10.1
308,0.0,11,5.7,20061105,232,2006,0.0,3.0,16.7,4.0,5,11.5,65.6,2006-11-05,2.2
309,1.2,11,0.6,20061106,232,2006,0.0,2.3,9.5,15.0,6,4.5,79.5,2006-11-06,-0.8
310,4.1,11,6.9,20061107,232,2006,0.0,1.1,7.3,1.8,7,2.1,72.3,2006-11-07,-2.5
311,0.0,11,8.4,20061108,232,2006,0.0,3.4,17.8,0.0,8,12.0,63.1,2006-11-08,2.7
312,0.0,11,4.9,20061109,232,2006,0.0,2.2,17.8,0.0,9,12.6,62.5,2006-11-09,2.9
313,0.0,11,1.5,20061110,232,2006,0.0,0.9,12.1,0.0,10,6.4,51.1,2006-11-10,1.2
314,0.0,11,9.4,20061111,232,2006,0.0,2.8,9.1,0.0,11,4.7,47.8,2006-11-11,-1.3
315,0.0,11,9.5,20061112,232,2006,0.0,1.0,10.8,0.0,12,2.3,61.9,2006-11-12,-4.5
316,0.0,11,4.5,20061113,232,2006,0.0,2.3,14.3,0.5,13,8.9,70.9,2006-11-13,-1.1
317,0.0,11,8.4,20061114,232,2006,0.0,3.6,10.3,0.0,14,6.1,47.0,2006-11-14,3.5
318,0.0,11,4.5,20061115,232,2006,0.0,2.5,10.1,2.0,15,5.5,67.8,2006-11-15,1.6
319,0.0,11,7.5,20061116,232,2006,0.0,1.4,6.8,0.0,16,0.5,63.1,2006-11-16,-3.5
320,0.0,11,8.7,20061117,232,2006,0.0,0.7,9.8,0.0,17,1.5,67.3,2006-11-17,-4.9
321,0.0,11,6.3,20061118,232,2006,0.0,0.9,13.6,0.0,18,3.7,66.8,2006-11-18,-1.6
322,0.0,11,1.2,20061119,232,2006,0.0,0.8,11.1,0.0,19,4.8,68.6,2006-11-19,-2.5
323,0.0,11,8.5,20061120,232,2006,0.0,1.1,12.3,0.0,20,4.5,69.9,2006-11-20,-2.2
324,0.0,11,1.2,20061121,232,2006,0.0,1.0,11.5,0.5,21,4.2,75.4,2006-11-21,-2.5
325,0.0,11,0.0,20061122,232,2006,0.0,0.8,9.6,0.0,22,3.1,72.9,2006-11-22,-1.7
326,0.0,11,1.8,20061123,232,2006,0.0,2.4,10.8,0.0,23,4.6,65.9,2006-11-23,-2.5
327,0.0,11,5.3,20061124,232,2006,0.0,3.0,10.6,0.0,24,5.8,52.1,2006-11-24,1.3
328,0.0,11,8.7,20061125,232,2006,0.0,0.9,14.5,0.0,25,4.7,68.9,2006-11-25,-3.2
329,0.0,11,0.0,20061126,232,2006,0.0,0.6,14.1,0.0,26,8.9,68.0,2006-11-26,3.5
330,0.0,11,0.0,20061127,232,2006,0.0,1.8,9.0,31.5,27,7.2,85.8,2006-11-27,5.0
331,0.0,11,0.8,20061128,232,2006,0.0,2.1,9.1,0.5,28,5.3,73.9,2006-11-28,1.7
332,0.0,11,7.0,20061129,232,2006,0.0,1.8,4.9,0.0,29,1.4,56.8,2006-11-29,-2.4
333,0.0,11,2.1,20061130,232,2006,0.0,1.1,4.5,0.5,30,0.5,77.9,2006-11-30,-3.7
334,0.0,12,3.3,20061201,232,2006,0.0,1.5,6.0,2.0,1,1.7,79.5,2006-12-01,-1.0
335,0.8,12,2.6,20061202,232,2006,0.0,3.3,3.4,4.5,2,-2.0,61.3,2006-12-02,-4.9
336,0.0,12,8.6,20061203,232,2006,0.0,2.3,-0.8,0.0,3,-4.3,52.9,2006-12-03,-7.1
337,0.0,12,8.6,20061204,232,2006,0.0,1.4,2.5,0.0,4,-2.6,58.4,2006-12-04,-5.5
338,0.0,12,3.1,20061205,232,2006,0.0,1.7,6.4,0.0,5,-0.5,67.5,2006-12-05,-5.0
339,0.0,12,5.8,20061206,232,2006,0.0,1.5,7.6,0.0,6,0.8,74.8,2006-12-06,-4.5
340,0.0,12,0.0,20061207,232,2006,0.0,1.6,6.5,0.0,7,4.2,70.5,2006-12-07,1.8
341,0.0,12,1.2,20061208,232,2006,0.0,2.0,6.8,3.5,8,4.8,75.8,2006-12-08,2.5
342,0.0,12,2.4,20061209,232,2006,0.0,2.6,6.1,3.0,9,2.8,74.0,2006-12-09,-1.3
343,0.0,12,6.1,20061210,232,2006,0.0,1.2,2.7,0.0,10,-2.0,66.9,2006-12-10,-5.3
344,0.0,12,6.5,20061211,232,2006,0.0,0.8,5.6,0.0,11,-0.8,65.6,2006-12-11,-6.1
345,0.0,12,2.4,20061212,232,2006,0.0,1.2,8.6,0.0,12,2.1,71.3,2006-12-12,-3.4
346,0.0,12,1.7,20061213,232,2006,0.0,1.2,9.5,0.0,13,3.6,78.5,2006-12-13,-1.7
347,0.0,12,0.8,20061214,232,2006,0.0,0.6,6.5,0.0,14,0.4,74.4,2006-12-14,-3.0
348,0.0,12,1.9,20061215,232,2006,0.0,1.5,9.1,0.0,15,2.2,74.9,2006-12-15,-3.7
349,0.0,12,2.1,20061216,232,2006,0.0,1.3,4.5,0.5,16,-0.5,76.5,2006-12-16,-4.3
350,7.6,12,1.4,20061217,232,2006,0.0,2.4,0.5,3.1,17,-1.7,77.3,2006-12-17,-6.5
351,0.0,12,7.7,20061218,232,2006,0.0,0.7,1.1,0.0,18,-4.7,72.8,2006-12-18,-11.1
352,0.0,12,6.7,20061219,232,2006,0.0,1.6,5.0,0.0,19,-1.9,65.4,2006-12-19,-9.1
353,0.0,12,5.1,20061220,232,2006,0.0,1.6,8.3,0.0,20,1.1,65.4,2006-12-20,-2.5
354,0.0,12,7.5,20061221,232,2006,0.0,0.7,7.6,0.0,21,-0.4,79.4,2006-12-21,-4.1
355,0.0,12,5.3,20061222,232,2006,0.0,0.9,7.4,0.0,22,0.5,78.8,2006-12-22,-4.0
356,0.0,12,7.7,20061223,232,2006,0.0,1.0,8.1,0.0,23,-0.2,78.4,2006-12-23,-5.5
357,0.0,12,4.0,20061224,232,2006,0.0,0.9,6.1,0.0,24,-0.6,78.6,2006-12-24,-6.4
358,0.0,12,7.7,20061225,232,2006,0.0,1.2,12.3,0.0,25,2.8,74.8,2006-12-25,-2.9
359,0.0,12,8.3,20061226,232,2006,0.0,0.9,12.3,0.0,26,3.3,75.4,2006-12-26,-3.2
360,0.0,12,1.6,20061227,232,2006,0.0,3.1,4.4,0.0,27,0.8,68.1,2006-12-27,-1.8
361,1.5,12,0.7,20061228,232,2006,0.0,5.3,-1.7,0.6,28,-7.4,54.8,2006-12-28,-10.8
362,0.0,12,8.4,20061229,232,2006,0.0,1.6,-3.0,0.0,29,-9.3,56.3,2006-12-29,-14.3
363,0.0,12,7.2,20061230,232,2006,0.0,0.6,1.1,0.0,30,-5.7,54.5,2006-12-30,-13.6
364,0.0,12,8.4,20061231,232,2006,0.0,0.6,6.0,0.0,31,-3.4,59.8,2006-12-31,-9.8
