,date,wind,tmax,cloud,tmin,year,day,month,rainfall,humid,Date,tavg,snow,sunshine,station_id
0,20190101,1.3,0.0,5.6,-9.7,2019,1,1,0.0,65.0,2019-01-01,-4.1,0.0,4.5,232
1,20190102,1.1,0.6,0.0,-11.7,2019,2,1,0.0,56.0,2019-01-02,-5.6,0.0,8.3,232
2,20190103,0.8,1.2,0.0,-12.9,2019,3,1,0.0,48.8,2019-01-03,-5.1,0.0,8.5,232
3,20190104,0.6,3.0,2.9,-11.8,2019,4,1,0.0,61.8,2019-01-04,-3.3,0.0,5.2,232
4,20190105,1.3,4.4,3.0,-9.0,2019,5,1,0.0,46.9,2019-01-05,-2.4,0.0,8.5,232
5,20190106,1.0,1.9,3.5,-10.8,2019,6,1,0.0,54.8,2019-01-06,-4.8,0.0,7.5,232
6,20190107,1.0,2.8,3.1,-11.2,2019,7,1,0.0,65.4,2019-01-07,-3.4,0.0,7.1,232
7,20190108,1.7,3.8,3.5,-8.9,2019,8,1,0.0,49.5,2019-01-08,-3.7,0.0,8.0,232
8,20190109,0.7,2.1,7.4,-13.2,2019,9,1,0.0,39.4,2019-01-09,-5.6,0.0,8.0,232
9,20190110,0.7,1.9,6.4,-5.9,2019,10,1,0.0,63.3,2019-01-10,-2.6,0.0,0.0,232
10,20190111,0.7,1.1,7.6,-6.2,2019,11,1,0.0,62.1,2019-01-11,1.2,0.0,4.7,232
11,20190112,1.2,7.3,4.9,-1.9,2019,12,1,0.0,54.3,2019-01-12,2.9,0.0,3.7,232
12,20190113,0.9,7.8,1.1,-6.7,2019,13,1,0.0,63.5,2019-01-13,-0.6,0.0,8.1,232
13,20190114,0.5,7.1,8.3,-3.5,2019,14,1,0.0,75.0,2019-01-14,-0.2,0.0,1.2,232
14,20190115,1.8,5.2,6.1,-6.2,2019,15,1,0.0,65.9,2019-01-15,-1.1,0.0,2.6,232
15,20190116,1.4,3.7,3.5,-12.1,2019,16,1,0.0,50.9,2019-01-16,-5.2,0.0,8.4,232
16,20190117,1.7,-0.6,4.1,-5.5,2019,17,1,0.0,52.0,2019-01-17,-0.8,0.0,7.0,232
17,20190118,0.7,5.0,2.1,-9.3,2019,18,1,0.0,63.1,2019-01-18,-2.0,0.0,8.0,232
18,20190119,0.5,6.5,6.8,-5.7,2019,19,1,0.0,66.0,2019-01-19,0.4,0.0,6.3,232
19,20190120,2.6,8.0,2.0,-4.1,2019,20,1,0.0,45.6,2019-01-20,-0.1,0.0,8.9,232
20,20190121,1.5,3.4,2.3,-10.5,2019,21,1,0.0,54.6,2019-01-21,-1.4,0.0,5.6,232
21,20190122,1.1,6.5,2.9,-4.7,2019,22,1,0.0,60.9,2019-01-22,0.2,0.0,6.8,232
22,20190123,1.5,8.2,1.6,-6.0,2019,23,1,0.0,48.4,2019-01-23,0.7,0.0,7.8,232
23,20190124,1.3,8.0,1.5,-9.0,2019,24,1,0.0,33.5,2019-01-24,-1.1,0.0,8.6,232
24,20190125,1.8,6.6,1.3,-8.7,2019,25,1,0.0,43.6,2019-01-25,-2.6,0.0,8.3,232
25,20190126,1.9,3.9,0.0,-8.7,2019,26,1,0.0,34.4,2019-01-26,-3.6,0.0,8.9,232
26,20190127,1.1,1.9,3.6,-12.7,2019,27,1,0.0,53.8,2019-01-27,-2.4,0.0,8.9,232
27,20190128,1.8,6.1,2.8,-4.3,2019,28,1,0.6,51.6,2019-01-28,0.5,0.0,7.0,232
28,20190129,0.9,4.3,3.1,-10.7,2019,29,1,0.0,42.9,2019-01-29,-2.3,0.0,8.6,232
29,20190130,1.0,6.7,6.6,-6.3,2019,30,1,0.0,52.1,2019-01-30,1.3,0.0,7.1,232
30,20190131,2.0,8.1,7.6,-4.5,2019,31,1,0.0,39.9,2019-01-31,-0.7,0.0,2.5,232
31,20190201,1.4,0.0,3.0,-10.5,2019,1,2,0.0,52.9,2019-02-01,-3.1,0.0,8.1,232
32,20190202,0.9,4.3,6.5,-8.2,2019,2,2,0.0,61.9,2019-02-02,-0.2,0.0,2.9,232
33,20190203,2.0,7.1,9.8,3.0,2019,3,2,12.8,85.4,2019-02-03,4.4,0.0,0.0,232
34,20190204,1.5,7.5,2.5,-4.2,2019,4,2,0.0,41.3,2019-02-04,0.0,0.0,8.5,232
35,20190205,0.7,4.3,3.8,-7.3,2019,5,2,0.0,46.8,2019-02-05,0.9,0.0,7.0,232
36,20190206,0.8,10.5,7.8,-3.2,2019,6,2,0.0,57.8,2019-02-06,4.2,0.0,5.5,232
37,20190207,2.5,12.4,6.0,-6.0,2019,7,2,0.0,45.8,2019-02-07,-0.4,0.0,6.9,232
38,20190208,1.9,4.2,8.0,-8.6,2019,8,2,0.0,32.8,2019-02-08,-4.4,0.0,7.3,232
39,20190209,2.2,0.5,5.6,-6.6,2019,9,2,0.0,34.1,2019-02-09,-4.1,0.0,9.1,232
40,20190210,1.3,-0.5,9.0,-10.2,2019,10,2,0.0,34.0,2019-02-10,-4.2,0.0,4.0,232
41,20190211,1.8,1.1,0.1,-6.3,2019,11,2,0.0,36.9,2019-02-11,-2.6,0.0,9.2,232
42,20190212,1.3,1.8,6.5,-8.5,2019,12,2,0.0,50.4,2019-02-12,-1.4,0.0,6.2,232
43,20190213,1.5,4.9,3.1,-7.3,2019,13,2,0.0,41.0,2019-02-13,-1.9,0.0,8.9,232
44,20190214,1.0,3.2,7.1,-6.6,2019,14,2,0.0,43.4,2019-02-14,-0.7,0.0,7.6,232
45,20190215,1.5,6.6,9.6,-1.6,2019,15,2,0.3,58.5,2019-02-15,0.5,0.0,0.0,232
46,20190216,1.9,3.3,4.9,-6.3,2019,16,2,0.4,63.8,2019-02-16,-2.3,0.0,7.4,232
47,20190217,1.3,1.5,0.1,-9.9,2019,17,2,0.0,51.5,2019-02-17,-2.6,0.0,9.2,232
48,20190218,0.8,4.3,9.6,-8.0,2019,18,2,0.0,49.5,2019-02-18,0.1,0.0,5.1,232
49,20190219,0.9,6.2,7.6,-0.4,2019,19,2,12.0,87.1,2019-02-19,1.0,0.0,0.0,232
50,20190220,1.4,2.6,6.6,-2.5,2019,20,2,0.0,69.3,2019-02-20,1.4,0.0,2.7,232
51,20190221,1.0,5.1,1.8,-5.4,2019,21,2,0.0,65.9,2019-02-21,0.7,0.0,8.8,232
52,20190222,1.0,7.8,7.4,-4.3,2019,22,2,0.0,62.5,2019-02-22,1.5,0.0,5.8,232
53,20190223,0.9,10.1,4.1,-3.3,2019,23,2,0.0,53.5,2019-02-23,3.6,0.0,7.5,232
54,20190224,1.2,13.4,2.0,-3.6,2019,24,2,0.0,58.1,2019-02-24,4.4,0.0,9.5,232
55,20190225,1.5,13.3,3.9,-1.6,2019,25,2,0.0,57.1,2019-02-25,3.5,0.0,8.2,232
56,20190226,1.2,10.0,4.1,-5.2,2019,26,2,0.0,45.4,2019-02-26,3.6,0.0,8.7,232
57,20190227,1.0,11.6,9.4,1.0,2019,27,2,0.0,57.0,2019-02-27,5.3,0.0,1.9,232
58,20190228,1.1,11.7,4.1,-3.0,2019,28,2,0.0,56.1,2019-02-28,4.6,0.0,8.0,232
59,20190301,1.3,0.0,0.9,-3.6,2019,1,3,0.0,49.3,2019-03-01,4.2,0.0,9.0,232
60,20190302,0.8,12.8,5.1,-3.9,2019,2,3,0.0,47.3,2019-03-02,5.2,0.0,6.3,232
61,20190303,1.0,14.8,5.8,-2.2,2019,3,3,0.0,44.3,2019-03-03,7.3,0.0,5.9,232
62,20190304,1.2,15.4,3.4,1.5,2019,4,3,0.0,47.5,2019-03-04,7.5,0.0,7.7,232
63,20190305,0.7,14.8,6.0,-1.3,2019,5,3,0.0,60.9,2019-03-05,6.4,0.0,1.8,232
64,20190306,1.5,13.8,6.3,2.1,2019,6,3,0.0,54.3,2019-03-06,7.7,0.0,7.4,232
65,20190307,1.9,13.6,2.5,0.8,2019,7,3,0.0,59.9,2019-03-07,5.8,0.0,7.7,232
66,20190308,1.1,12.3,0.6,-4.1,2019,8,3,0.0,46.0,2019-03-08,4.4,0.0,9.9,232
67,20190309,0.9,14.3,6.9,-4.7,2019,9,3,0.0,36.1,2019-03-09,5.8,0.0,9.5,232
68,20190310,1.2,16.1,7.4,0.8,2019,10,3,0.0,44.6,2019-03-10,7.2,0.0,0.2,232
69,20190311,1.3,14.3,6.4,-2.5,2019,11,3,0.8,72.1,2019-03-11,4.8,0.0,1.9,232
70,20190312,2.0,10.7,3.9,-1.4,2019,12,3,0.0,69.8,2019-03-12,3.4,0.0,1.0,232
71,20190313,2.4,9.4,1.0,-4.7,2019,13,3,0.0,38.0,2019-03-13,2.4,0.0,10.1,232
72,20190314,1.6,8.4,2.9,-5.1,2019,14,3,0.0,39.4,2019-03-14,5.0,0.0,6.9,232
73,20190315,1.9,11.2,4.3,-0.8,2019,15,3,1.4,61.3,2019-03-15,5.3,0.0,4.3,232
74,20190316,1.5,12.3,6.9,1.9,2019,16,3,0.0,58.4,2019-03-16,5.7,0.0,0.0,232
75,20190317,1.5,11.4,1.8,-0.4,2019,17,3,0.0,48.5,2019-03-17,4.8,0.0,0.0,232
76,20190318,0.9,11.4,7.5,-4.2,2019,18,3,0.0,0.0,2019-03-18,5.3,0.0,0.0,232
77,20190319,1.0,14.7,1.8,-1.3,2019,19,3,0.0,0.0,2019-03-19,9.1,0.0,0.0,232
78,20190320,1.5,19.7,9.1,3.1,2019,20,3,16.0,0.0,2019-03-20,9.7,0.0,0.0,232
79,20190321,3.0,16.5,8.1,3.0,2019,21,3,0.3,0.0,2019-03-21,8.1,0.0,0.0,232
80,20190322,2.2,12.8,3.1,-1.7,2019,22,3,0.0,0.0,2019-03-22,3.4,0.0,3.4,232
81,20190323,2.0,8.0,2.5,-3.4,2019,23,3,3.9,44.9,2019-03-23,3.3,0.0,8.5,232
82,20190324,1.7,9.0,0.8,-3.9,2019,24,3,0.0,47.5,2019-03-24,3.3,0.0,10.6,232
83,20190325,1.5,10.8,3.8,-2.4,2019,25,3,0.0,55.5,2019-03-25,5.7,0.0,9.2,232
84,20190326,1.2,14.9,3.0,-0.4,2019,26,3,0.0,44.3,2019-03-26,8.5,0.0,8.1,232
85,20190327,2.9,18.1,7.4,3.1,2019,27,3,0.0,0.0,2019-03-27,12.1,0.0,6.2,232
86,20190328,1.9,20.1,6.7,6.3,2019,28,3,0.0,0.0,2019-03-28,9.9,0.0,8.1,232
87,20190329,1.8,15.5,6.6,4.1,2019,29,3,0.0,0.0,2019-03-29,9.5,0.0,7.7,232
88,20190330,2.7,16.1,9.5,2.6,2019,30,3,2.9,0.0,2019-03-30,5.4,0.0,2.5,232
89,20190331,3.3,10.4,5.6,0.9,2019,31,3,0.4,0.0,2019-03-31,4.6,0.0,7.2,232
90,20190401,1.8,0.0,2.1,-3.3,2019,1,4,0.0,0.0,2019-04-01,3.1,0.0,8.4,232
91,20190402,1.7,9.9,1.1,-4.7,2019,2,4,0.0,0.0,2019-04-02,4.2,0.0,10.9,232
92,20190403,1.7,11.6,0.0,-3.8,2019,3,4,0.0,42.3,2019-04-03,5.5,0.0,10.8,232
93,20190404,1.9,13.8,1.0,-3.2,2019,4,4,0.0,43.5,2019-04-04,7.5,0.0,10.4,232
94,20190405,2.2,17.2,4.3,5.5,2019,5,4,0.0,46.3,2019-04-05,10.1,0.0,6.8,232
95,20190406,1.1,17.5,4.8,-0.5,2019,6,4,0.0,41.3,2019-04-06,9.1,0.0,4.6,232
96,20190407,1.7,18.3,4.9,7.4,2019,7,4,0.0,39.6,2019-04-07,12.7,0.0,5.6,232
97,20190408,2.0,20.2,4.1,1.6,2019,8,4,0.0,36.5,2019-04-08,9.8,0.0,9.2,232
98,20190409,4.2,17.2,8.8,4.4,2019,9,4,22.0,54.0,2019-04-09,8.6,0.0,0.7,232
99,20190410,2.6,13.9,8.0,4.5,2019,10,4,1.8,76.1,2019-04-10,7.0,0.0,0.0,232
100,20190411,1.2,9.3,6.4,1.5,2019,11,4,0.0,69.5,2019-04-11,7.7,0.0,5.2,232
101,20190412,1.7,15.1,1.3,0.6,2019,12,4,0.0,51.5,2019-04-12,9.2,0.0,10.6,232
102,20190413,1.3,16.7,5.1,0.6,2019,13,4,0.0,45.6,2019-04-13,9.8,0.0,9.4,232
103,20190414,1.6,18.3,5.6,3.3,2019,14,4,0.8,63.6,2019-04-14,7.7,0.0,3.9,232
104,20190415,1.5,13.1,0.0,-1.6,2019,15,4,0.0,47.1,2019-04-15,8.7,0.0,10.8,232
105,20190416,1.1,19.1,4.5,-0.2,2019,16,4,0.0,39.4,2019-04-16,12.0,0.0,9.6,232
106,20190417,1.5,22.0,2.5,3.5,2019,17,4,0.0,46.3,2019-04-17,13.5,0.0,11.5,232
107,20190418,1.8,23.1,5.8,5.6,2019,18,4,0.0,68.1,2019-04-18,13.1,0.0,5.0,232
108,20190419,2.2,19.9,6.9,9.6,2019,19,4,0.0,69.9,2019-04-19,12.7,0.0,3.7,232
109,20190420,1.6,16.2,4.6,8.6,2019,20,4,0.0,61.8,2019-04-20,14.8,0.0,8.7,232
110,20190421,1.2,21.8,8.5,11.5,2019,21,4,0.0,71.5,2019-04-21,15.2,0.0,2.1,232
111,20190422,1.2,19.2,2.5,6.9,2019,22,4,0.0,53.9,2019-04-22,18.2,0.0,10.6,232
112,20190423,1.5,27.9,9.3,12.1,2019,23,4,3.2,66.0,2019-04-23,17.6,0.0,1.5,232
113,20190424,0.9,22.9,5.5,13.2,2019,24,4,8.2,84.5,2019-04-24,16.5,0.0,1.2,232
114,20190425,1.5,21.8,9.3,10.0,2019,25,4,5.0,89.1,2019-04-25,13.3,0.0,0.0,232
115,20190426,1.8,16.5,9.4,6.8,2019,26,4,1.6,80.5,2019-04-26,8.8,0.0,0.0,232
116,20190427,1.3,11.5,5.4,1.7,2019,27,4,0.0,62.1,2019-04-27,10.4,0.0,9.3,232
117,20190428,1.0,17.2,8.6,7.2,2019,28,4,0.7,70.8,2019-04-28,10.7,0.0,1.7,232
118,20190429,0.9,16.2,7.8,4.8,2019,29,4,0.6,81.6,2019-04-29,10.3,0.0,2.0,232
119,20190430,1.4,16.3,3.1,6.2,2019,30,4,0.0,69.1,2019-04-30,13.7,0.0,7.6,232
120,20190501,1.8,0.0,1.3,6.6,2019,1,5,0.0,57.8,2019-05-01,13.9,0.0,10.4,232
121,20190502,1.7,20.9,0.4,4.7,2019,2,5,0.0,49.8,2019-05-02,14.0,0.0,11.0,232
122,20190503,1.2,23.0,0.8,3.6,2019,3,5,0.0,50.3,2019-05-03,15.3,0.0,11.2,232
123,20190504,1.0,26.9,5.1,6.2,2019,4,5,0.0,48.9,2019-05-04,16.2,0.0,10.1,232
124,20190505,1.5,26.5,3.9,7.0,2019,5,5,0.0,38.3,2019-05-05,17.0,0.0,9.8,232
125,20190506,2.5,26.6,2.1,7.0,2019,6,5,0.0,38.8,2019-05-06,12.8,0.0,11.5,232
126,20190507,1.6,18.3,0.0,2.2,2019,7,5,0.0,44.0,2019-05-07,12.2,0.0,11.5,232
127,20190508,1.7,21.1,6.1,2.3,2019,8,5,0.0,49.0,2019-05-08,13.2,0.0,9.1,232
128,20190509,1.6,21.4,3.5,8.7,2019,9,5,0.0,46.5,2019-05-09,14.8,0.0,12.0,232
129,20190510,1.2,22.4,3.0,3.8,2019,10,5,0.0,49.0,2019-05-10,15.4,0.0,10.6,232
130,20190511,0.8,25.6,2.0,7.1,2019,11,5,0.0,47.6,2019-05-11,16.8,0.0,11.4,232
131,20190512,0.8,26.2,1.8,8.1,2019,12,5,0.0,51.9,2019-05-12,18.1,0.0,11.5,232
132,20190513,1.0,27.1,8.6,9.7,2019,13,5,0.0,54.0,2019-05-13,17.6,0.0,5.2,232
133,20190514,0.7,24.9,2.9,10.5,2019,14,5,0.0,62.4,2019-05-14,18.1,0.0,9.4,232
134,20190515,1.1,26.1,5.3,11.2,2019,15,5,0.0,62.9,2019-05-15,19.1,0.0,7.9,232
135,20190516,1.1,27.2,4.9,12.8,2019,16,5,0.0,54.6,2019-05-16,21.2,0.0,9.7,232
136,20190517,1.2,28.9,8.5,14.6,2019,17,5,0.0,53.3,2019-05-17,21.4,0.0,3.4,232
137,20190518,4.0,26.9,8.3,16.0,2019,18,5,1.7,70.8,2019-05-18,19.1,0.0,2.5,232
138,20190519,2.4,22.2,8.6,16.6,2019,19,5,2.4,84.4,2019-05-19,19.2,0.0,0.9,232
139,20190520,2.7,22.7,8.0,7.7,2019,20,5,0.9,62.1,2019-05-20,14.9,0.0,8.0,232
140,20190521,2.2,18.8,0.0,4.8,2019,21,5,0.0,59.0,2019-05-21,14.9,0.0,12.4,232
141,20190522,1.8,23.6,0.1,6.2,2019,22,5,0.0,53.0,2019-05-22,17.0,0.0,11.2,232
142,20190523,1.1,26.8,0.9,9.0,2019,23,5,0.0,55.5,2019-05-23,19.0,0.0,12.0,232
143,20190524,1.3,28.5,1.3,11.2,2019,24,5,0.0,58.6,2019-05-24,22.0,0.0,11.5,232
144,20190525,0.8,30.7,7.6,13.8,2019,25,5,0.0,58.1,2019-05-25,21.4,0.0,7.3,232
145,20190526,1.6,29.5,5.6,13.7,2019,26,5,0.0,49.0,2019-05-26,22.8,0.0,9.1,232
146,20190527,2.8,30.5,10.0,13.3,2019,27,5,9.3,87.5,2019-05-27,16.8,0.0,0.0,232
147,20190528,1.6,22.6,2.2,11.1,2019,28,5,0.0,52.8,2019-05-28,16.6,0.0,9.9,232
148,20190529,1.4,24.1,0.1,7.1,2019,29,5,0.0,54.4,2019-05-29,17.6,0.0,11.9,232
149,20190530,1.7,26.9,7.1,7.9,2019,30,5,0.7,59.1,2019-05-30,17.8,0.0,5.7,232
150,20190531,1.6,25.8,3.3,12.6,2019,31,5,0.1,64.3,2019-05-31,17.6,0.0,10.2,232
151,20190601,0.9,0.0,6.0,8.7,2019,1,6,0.0,72.4,2019-06-01,16.6,0.0,8.1,232
152,20190602,1.2,23.2,2.6,11.3,2019,2,6,0.0,56.4,2019-06-02,19.2,0.0,11.4,232
153,20190603,1.0,26.9,0.1,10.8,2019,3,6,0.0,54.1,2019-06-03,20.1,0.0,11.3,232
154,20190604,1.3,28.5,1.8,13.8,2019,4,6,0.0,65.1,2019-06-04,21.2,0.0,11.2,232
155,20190605,1.3,29.4,3.6,15.8,2019,5,6,0.0,73.4,2019-06-05,21.8,0.0,9.1,232
156,20190606,1.6,29.2,9.0,16.5,2019,6,6,18.8,82.3,2019-06-06,19.8,0.0,0.3,232
157,20190607,2.2,26.2,6.3,15.6,2019,7,6,31.6,89.5,2019-06-07,17.7,0.0,0.0,232
158,20190608,0.9,21.0,6.4,13.8,2019,8,6,0.0,74.3,2019-06-08,20.0,0.0,9.0,232
159,20190609,1.3,26.3,7.4,14.8,2019,9,6,3.6,74.1,2019-06-09,20.1,0.0,6.9,232
160,20190610,1.3,26.2,8.8,14.2,2019,10,6,26.4,76.6,2019-06-10,17.4,0.0,1.6,232
161,20190611,1.5,22.1,3.4,15.1,2019,11,6,0.0,60.4,2019-06-11,19.0,0.0,10.1,232
162,20190612,1.1,24.5,1.4,11.3,2019,12,6,0.0,69.8,2019-06-12,18.9,0.0,11.7,232
163,20190613,1.1,26.2,2.9,12.5,2019,13,6,0.0,63.5,2019-06-13,21.2,0.0,11.5,232
164,20190614,0.8,28.7,7.9,15.7,2019,14,6,0.0,71.1,2019-06-14,19.8,0.0,2.0,232
165,20190615,1.8,25.5,2.3,14.4,2019,15,6,0.0,72.8,2019-06-15,19.6,0.0,10.9,232
166,20190616,1.0,25.2,3.5,12.3,2019,16,6,0.0,71.9,2019-06-16,19.3,0.0,10.3,232
167,20190617,1.1,26.1,4.8,14.5,2019,17,6,0.0,73.6,2019-06-17,19.6,0.0,10.1,232
168,20190618,1.1,26.1,8.4,15.2,2019,18,6,0.0,77.0,2019-06-18,19.8,0.0,3.7,232
169,20190619,0.9,23.8,7.5,17.9,2019,19,6,0.0,77.3,2019-06-19,20.8,0.0,2.4,232
170,20190620,1.1,25.3,7.5,16.4,2019,20,6,0.0,73.6,2019-06-20,21.2,0.0,6.8,232
171,20190621,1.1,26.6,6.1,17.2,2019,21,6,0.0,74.0,2019-06-21,21.3,0.0,6.9,232
172,20190622,1.2,26.4,2.9,15.7,2019,22,6,0.0,66.8,2019-06-22,21.7,0.0,9.9,232
173,20190623,1.6,28.0,2.3,14.1,2019,23,6,0.0,58.3,2019-06-23,21.8,0.0,11.5,232
174,20190624,1.3,28.3,2.4,15.3,2019,24,6,0.0,59.9,2019-06-24,22.1,0.0,11.2,232
175,20190625,1.2,29.1,1.5,13.8,2019,25,6,0.0,56.8,2019-06-25,23.1,0.0,11.8,232
176,20190626,1.7,31.1,9.6,16.4,2019,26,6,1.3,78.6,2019-06-26,20.5,0.0,0.0,232
177,20190627,0.8,23.8,7.0,19.6,2019,27,6,0.0,80.1,2019-06-27,23.3,0.0,2.9,232
178,20190628,1.0,27.8,8.8,20.2,2019,28,6,0.0,77.6,2019-06-28,23.3,0.0,5.2,232
179,20190629,1.2,28.8,8.3,18.9,2019,29,6,3.2,90.5,2019-06-29,20.7,0.0,0.2,232
180,20190630,1.3,23.8,7.4,18.4,2019,30,6,0.0,80.8,2019-06-30,22.5,0.0,4.2,232
181,20190701,1.2,0.0,6.5,18.3,2019,1,7,0.0,75.9,2019-07-01,22.2,0.0,5.2,232
182,20190702,1.1,27.0,2.4,14.5,2019,2,7,0.0,74.0,2019-07-02,21.6,0.0,9.6,232
183,20190703,1.1,28.3,5.5,16.5,2019,3,7,0.0,78.1,2019-07-03,22.2,0.0,6.8,232
184,20190704,1.4,28.3,3.0,15.5,2019,4,7,0.0,61.8,2019-07-04,23.5,0.0,10.6,232
185,20190705,1.2,30.7,4.0,15.4,2019,5,7,0.0,57.0,2019-07-05,24.4,0.0,12.0,232
186,20190706,2.9,33.4,0.5,16.7,2019,6,7,0.0,51.1,2019-07-06,25.8,0.0,12.3,232
187,20190707,2.4,32.2,7.3,18.1,2019,7,7,0.0,59.4,2019-07-07,23.9,0.0,8.1,232
188,20190708,2.4,29.7,7.0,19.1,2019,8,7,0.0,58.5,2019-07-08,23.2,0.0,7.2,232
189,20190709,2.2,27.6,4.9,15.7,2019,9,7,0.0,63.1,2019-07-09,22.7,0.0,9.3,232
190,20190710,2.7,28.4,8.5,18.8,2019,10,7,10.5,76.8,2019-07-10,20.8,0.0,1.4,232
191,20190711,1.3,24.0,4.9,18.7,2019,11,7,7.8,94.1,2019-07-11,20.3,0.0,0.0,232
192,20190712,1.6,22.7,7.9,18.0,2019,12,7,0.0,79.8,2019-07-12,21.9,0.0,4.7,232
193,20190713,0.9,26.4,7.1,18.7,2019,13,7,0.7,82.6,2019-07-13,22.4,0.0,2.2,232
194,20190714,1.0,26.8,5.4,18.4,2019,14,7,0.0,77.9,2019-07-14,23.9,0.0,7.9,232
195,20190715,1.0,29.6,7.9,20.6,2019,15,7,13.6,84.5,2019-07-15,23.3,0.0,3.2,232
196,20190716,1.3,26.8,6.5,19.7,2019,16,7,0.0,80.8,2019-07-16,23.2,0.0,6.5,232
197,20190717,0.9,29.3,9.3,20.5,2019,17,7,0.0,79.8,2019-07-17,24.5,0.0,4.1,232
198,20190718,1.3,29.4,7.3,22.0,2019,18,7,0.0,78.6,2019-07-18,24.9,0.0,8.5,232
199,20190719,2.4,29.0,7.3,22.2,2019,19,7,0.0,75.9,2019-07-19,26.1,0.0,6.0,232
200,20190720,4.4,30.1,9.9,23.1,2019,20,7,8.9,83.1,2019-07-20,25.2,0.0,1.7,232
201,20190721,1.5,28.6,7.9,21.6,2019,21,7,20.3,90.6,2019-07-21,24.1,0.0,0.0,232
202,20190722,1.0,26.2,6.0,23.1,2019,22,7,0.0,80.4,2019-07-22,26.3,0.0,7.4,232
203,20190723,1.0,31.4,7.5,22.6,2019,23,7,0.0,80.0,2019-07-23,26.9,0.0,5.6,232
204,20190724,0.9,32.0,8.9,24.3,2019,24,7,0.1,84.6,2019-07-24,25.8,0.0,0.0,232
205,20190725,0.8,28.1,9.5,23.8,2019,25,7,132.6,96.6,2019-07-25,24.4,0.0,0.2,232
206,20190726,0.5,25.1,9.8,24.0,2019,26,7,9.3,94.3,2019-07-26,25.0,0.0,0.0,232
207,20190727,1.1,25.8,6.5,24.2,2019,27,7,7.6,85.9,2019-07-27,26.8,0.0,5.4,232
208,20190728,1.1,30.6,9.1,23.9,2019,28,7,23.3,92.3,2019-07-28,25.1,0.0,0.2,232
209,20190729,1.5,26.1,5.4,22.6,2019,29,7,0.0,78.6,2019-07-29,26.6,0.0,9.2,232
210,20190730,2.1,30.8,5.8,25.1,2019,30,7,0.0,76.6,2019-07-30,27.7,0.0,8.7,232
211,20190731,1.9,32.0,7.5,24.3,2019,31,7,0.0,79.3,2019-07-31,27.2,0.0,3.0,232
212,20190801,0.8,0.0,6.8,23.3,2019,1,8,0.0,83.4,2019-08-01,26.6,0.0,6.8,232
213,20190802,0.9,31.1,2.6,22.6,2019,2,8,0.0,76.1,2019-08-02,27.6,0.0,11.3,232
214,20190803,0.9,33.4,7.1,23.0,2019,3,8,0.0,77.0,2019-08-03,28.1,0.0,9.9,232
215,20190804,1.0,34.3,4.1,23.0,2019,4,8,0.0,79.0,2019-08-04,27.4,0.0,9.1,232
216,20190805,0.7,33.6,4.3,22.8,2019,5,8,0.0,79.8,2019-08-05,28.0,0.0,7.7,232
217,20190806,1.5,34.1,7.9,22.7,2019,6,8,0.0,71.6,2019-08-06,27.7,0.0,7.4,232
218,20190807,1.5,32.5,6.6,22.5,2019,7,8,5.4,82.4,2019-08-07,26.6,0.0,7.5,232
219,20190808,0.9,32.0,7.4,22.5,2019,8,8,22.3,88.0,2019-08-08,25.2,0.0,4.7,232
220,20190809,0.9,31.0,5.4,22.0,2019,9,8,0.0,84.0,2019-08-09,26.6,0.0,7.9,232
221,20190810,2.4,32.6,4.3,22.9,2019,10,8,0.0,70.8,2019-08-10,28.6,0.0,10.3,232
222,20190811,4.8,33.9,7.4,25.0,2019,11,8,0.2,63.4,2019-08-11,28.7,0.0,8.3,232
223,20190812,2.1,33.0,7.9,24.2,2019,12,8,14.2,87.4,2019-08-12,26.4,0.0,1.3,232
224,20190813,0.9,30.6,3.8,22.9,2019,13,8,0.0,80.6,2019-08-13,28.1,0.0,10.4,232
225,20190814,1.5,33.6,5.3,22.8,2019,14,8,0.0,73.6,2019-08-14,28.6,0.0,11.2,232
226,20190815,1.1,33.5,8.3,23.0,2019,15,8,25.2,92.5,2019-08-15,24.1,0.0,0.0,232
227,20190816,1.8,27.8,5.4,21.4,2019,16,8,4.8,85.5,2019-08-16,24.8,0.0,6.9,232
228,20190817,1.2,28.3,5.0,19.9,2019,17,8,2.3,87.3,2019-08-17,23.6,0.0,6.3,232
229,20190818,0.7,28.6,4.6,17.8,2019,18,8,0.0,82.8,2019-08-18,22.3,0.0,8.4,232
230,20190819,0.8,28.9,4.5,17.2,2019,19,8,0.0,76.3,2019-08-19,23.6,0.0,9.9,232
231,20190820,1.5,30.2,3.3,19.4,2019,20,8,0.0,76.0,2019-08-20,24.7,0.0,9.2,232
232,20190821,1.0,30.4,6.8,19.2,2019,21,8,0.9,79.1,2019-08-21,25.1,0.0,7.7,232
233,20190822,0.9,31.0,7.6,20.3,2019,22,8,0.7,81.4,2019-08-22,24.4,0.0,4.3,232
234,20190823,1.1,29.0,5.6,17.5,2019,23,8,0.0,74.6,2019-08-23,22.7,0.0,9.2,232
235,20190824,0.7,28.9,7.8,17.3,2019,24,8,0.3,84.5,2019-08-24,21.4,0.0,2.0,232
236,20190825,0.8,26.0,3.4,16.4,2019,25,8,0.0,77.4,2019-08-25,22.1,0.0,11.4,232
237,20190826,0.7,29.1,5.0,16.7,2019,26,8,0.0,75.8,2019-08-26,23.3,0.0,9.4,232
238,20190827,1.1,30.3,8.4,19.7,2019,27,8,10.9,88.8,2019-08-27,21.5,0.0,0.4,232
239,20190828,0.8,24.5,6.5,19.4,2019,28,8,0.3,86.5,2019-08-28,22.8,0.0,5.3,232
240,20190829,0.7,27.8,7.0,18.5,2019,29,8,3.2,89.9,2019-08-29,21.1,0.0,3.4,232
241,20190830,1.2,26.0,3.0,17.2,2019,30,8,0.0,80.6,2019-08-30,20.7,0.0,7.5,232
242,20190831,0.7,26.1,3.6,15.0,2019,31,8,0.0,80.8,2019-08-31,20.8,0.0,8.9,232
243,20190901,0.5,0.0,7.6,15.1,2019,1,9,0.0,83.0,2019-09-01,21.0,0.0,5.4,232
244,20190902,0.9,26.6,7.0,17.0,2019,2,9,0.0,81.8,2019-09-02,21.6,0.0,3.9,232
245,20190903,1.2,26.9,9.6,19.3,2019,3,9,0.9,89.1,2019-09-03,21.6,0.0,0.0,232
246,20190904,1.9,24.0,9.1,20.0,2019,4,9,6.5,89.9,2019-09-04,22.1,0.0,0.6,232
247,20190905,1.1,26.8,9.3,19.6,2019,5,9,9.7,92.5,2019-09-05,22.6,0.0,1.5,232
248,20190906,1.6,26.7,9.9,20.6,2019,6,9,0.1,85.0,2019-09-06,24.5,0.0,0.8,232
249,20190907,5.7,27.4,8.5,20.7,2019,7,9,1.1,77.3,2019-09-07,25.2,0.0,0.4,232
250,20190908,0.6,29.3,9.6,19.9,2019,8,9,0.7,89.4,2019-09-08,23.1,0.0,1.2,232
251,20190909,0.6,27.4,9.6,20.8,2019,9,9,4.7,93.6,2019-09-09,22.4,0.0,0.0,232
252,20190910,1.1,24.3,7.6,21.9,2019,10,9,0.1,76.5,2019-09-10,25.5,0.0,4.0,232
253,20190911,1.9,29.3,6.4,21.1,2019,11,9,6.6,89.9,2019-09-11,22.2,0.0,0.4,232
254,20190912,2.3,25.0,8.1,17.6,2019,12,9,1.1,81.4,2019-09-12,19.4,0.0,0.0,232
255,20190913,1.7,21.7,3.8,16.4,2019,13,9,0.0,74.3,2019-09-13,20.5,0.0,10.7,232
256,20190914,0.6,26.7,8.1,15.8,2019,14,9,0.0,85.0,2019-09-14,20.6,0.0,0.7,232
257,20190915,0.9,25.7,5.1,18.4,2019,15,9,0.0,77.0,2019-09-15,23.0,0.0,9.7,232
258,20190916,0.9,28.9,4.5,17.1,2019,16,9,0.0,74.6,2019-09-16,21.8,0.0,9.3,232
259,20190917,0.8,27.4,3.4,11.9,2019,17,9,0.0,69.3,2019-09-17,19.8,0.0,10.3,232
260,20190918,1.3,27.7,2.3,11.2,2019,18,9,0.0,66.4,2019-09-18,18.7,0.0,10.8,232
261,20190919,1.0,25.5,2.6,8.5,2019,19,9,0.0,70.8,2019-09-19,17.2,0.0,9.4,232
262,20190920,2.0,25.7,9.4,13.3,2019,20,9,0.0,69.1,2019-09-20,18.0,0.0,2.2,232
263,20190921,2.0,22.7,10.0,14.5,2019,21,9,30.7,80.8,2019-09-21,16.9,0.0,0.0,232
264,20190922,3.1,20.1,9.9,14.4,2019,22,9,40.5,87.8,2019-09-22,15.7,0.0,0.0,232
265,20190923,1.3,17.4,4.6,11.3,2019,23,9,0.1,72.9,2019-09-23,16.7,0.0,5.2,232
266,20190924,0.7,20.8,3.4,9.6,2019,24,9,0.0,81.8,2019-09-24,15.4,0.0,6.9,232
267,20190925,0.7,23.6,7.6,8.9,2019,25,9,0.0,81.0,2019-09-25,16.4,0.0,8.0,232
268,20190926,1.6,23.4,8.5,14.1,2019,26,9,0.0,79.5,2019-09-26,18.8,0.0,3.9,232
269,20190927,0.9,23.9,7.9,13.8,2019,27,9,0.0,75.6,2019-09-27,20.0,0.0,7.5,232
270,20190928,0.4,26.5,5.0,17.2,2019,28,9,0.0,79.8,2019-09-28,21.5,0.0,7.6,232
271,20190929,0.7,27.7,0.3,13.9,2019,29,9,0.0,77.3,2019-09-29,19.4,0.0,9.7,232
272,20190930,0.4,26.7,1.8,11.2,2019,30,9,0.0,78.3,2019-09-30,18.5,0.0,9.9,232
273,20191001,0.6,0.0,8.8,14.1,2019,1,10,0.0,86.6,2019-10-01,19.9,0.0,0.2,232
274,20191002,3.3,25.4,10.0,19.1,2019,2,10,44.7,90.8,2019-10-02,20.1,0.0,0.0,232
275,20191003,2.3,21.0,6.6,16.6,2019,3,10,25.4,82.6,2019-10-03,20.9,0.0,5.0,232
276,20191004,0.6,25.8,5.5,15.0,2019,4,10,0.0,86.8,2019-10-04,20.3,0.0,5.0,232
277,20191005,1.1,26.5,8.5,13.4,2019,5,10,0.0,82.4,2019-10-05,17.7,0.0,1.6,232
278,20191006,2.2,21.0,6.5,13.1,2019,6,10,0.0,70.5,2019-10-06,16.2,0.0,7.9,232
279,20191007,1.0,21.5,8.0,13.0,2019,7,10,9.7,93.0,2019-10-07,14.0,0.0,0.0,232
280,20191008,1.3,14.8,3.3,7.0,2019,8,10,0.0,74.3,2019-10-08,13.6,0.0,7.1,232
281,20191009,0.5,20.2,1.8,2.7,2019,9,10,0.0,74.9,2019-10-09,10.4,0.0,10.1,232
282,20191010,0.4,19.2,7.7,7.1,2019,10,10,0.0,85.1,2019-10-10,12.0,0.0,0.0,232
283,20191011,1.2,17.5,1.4,8.5,2019,11,10,0.0,69.6,2019-10-11,16.0,0.0,8.7,232
284,20191012,2.8,23.1,0.5,10.2,2019,12,10,0.0,63.6,2019-10-12,16.3,0.0,10.2,232
285,20191013,1.0,23.0,2.9,7.1,2019,13,10,0.0,73.8,2019-10-13,13.9,0.0,9.5,232
286,20191014,1.0,21.6,4.0,6.2,2019,14,10,0.0,77.6,2019-10-14,11.7,0.0,7.3,232
287,20191015,1.0,18.7,4.4,5.3,2019,15,10,0.0,76.3,2019-10-15,11.5,0.0,8.9,232
288,20191016,0.2,18.5,4.6,5.2,2019,16,10,0.0,79.1,2019-10-16,11.6,0.0,9.2,232
289,20191017,0.6,19.2,7.5,8.1,2019,17,10,0.0,81.0,2019-10-17,12.1,0.0,3.6,232
290,20191018,1.2,18.6,7.0,8.0,2019,18,10,0.0,81.8,2019-10-18,13.4,0.0,2.5,232
291,20191019,0.7,20.1,0.8,8.2,2019,19,10,0.0,78.5,2019-10-19,14.4,0.0,9.4,232
292,20191020,0.5,21.6,3.9,8.1,2019,20,10,0.0,84.6,2019-10-20,12.6,0.0,5.4,232
293,20191021,0.7,20.8,4.0,5.1,2019,21,10,0.0,76.9,2019-10-21,12.7,0.0,9.5,232
294,20191022,1.0,22.1,2.9,7.2,2019,22,10,0.0,77.0,2019-10-22,13.8,0.0,8.9,232
295,20191023,1.5,22.4,9.6,9.0,2019,23,10,0.0,76.9,2019-10-23,14.4,0.0,0.5,232
296,20191024,1.6,18.8,4.5,12.0,2019,24,10,0.0,63.4,2019-10-24,17.0,0.0,6.5,232
297,20191025,1.0,22.1,5.3,9.0,2019,25,10,0.6,71.9,2019-10-25,15.4,0.0,7.6,232
298,20191026,1.6,21.6,6.0,4.7,2019,26,10,0.0,72.3,2019-10-26,10.1,0.0,7.0,232
299,20191027,1.0,14.7,1.6,1.2,2019,27,10,0.0,74.8,2019-10-27,8.5,0.0,9.4,232
300,20191028,0.9,16.4,3.8,1.5,2019,28,10,0.0,72.9,2019-10-28,10.6,0.0,7.8,232
301,20191029,1.1,17.4,2.1,6.1,2019,29,10,1.5,77.3,2019-10-29,12.0,0.0,5.0,232
302,20191030,0.6,17.4,1.3,1.6,2019,30,10,0.0,81.1,2019-10-30,8.4,0.0,9.3,232
303,20191031,1.0,16.4,4.8,2.5,2019,31,10,0.0,82.6,2019-10-31,11.1,0.0,8.1,232
304,20191101,0.7,0.0,5.4,6.4,2019,1,11,0.0,74.0,2019-11-01,12.1,0.0,6.2,232
305,20191102,0.2,19.9,6.1,3.6,2019,2,11,0.0,83.0,2019-11-02,11.5,0.0,4.2,232
306,20191103,1.4,19.1,5.8,7.4,2019,3,11,0.0,75.0,2019-11-03,13.3,0.0,6.8,232
307,20191104,0.4,19.9,0.0,6.2,2019,4,11,0.0,74.5,2019-11-04,11.5,0.0,8.3,232
308,20191105,1.1,19.3,3.3,3.0,2019,5,11,0.0,84.5,2019-11-05,9.4,0.0,7.6,232
309,20191106,0.5,17.6,6.9,2.1,2019,6,11,0.0,82.9,2019-11-06,8.4,0.0,5.2,232
310,20191107,1.6,16.7,3.0,0.8,2019,7,11,0.0,71.5,2019-11-07,8.0,0.0,7.6,232
311,20191108,0.7,15.2,0.0,-3.2,2019,8,11,0.0,64.3,2019-11-08,4.0,0.0,8.4,232
312,20191109,1.1,12.8,0.0,-2.6,2019,9,11,0.0,65.1,2019-11-09,5.8,0.0,8.7,232
313,20191110,1.0,16.0,8.1,0.4,2019,10,11,15.8,77.4,2019-11-10,7.5,0.0,3.9,232
314,20191111,1.0,15.6,4.8,7.1,2019,11,11,3.7,83.9,2019-11-11,10.8,0.0,2.8,232
315,20191112,0.4,15.0,3.1,1.9,2019,12,11,0.0,80.1,2019-11-12,7.4,0.0,6.2,232
316,20191113,0.9,16.6,8.6,1.4,2019,13,11,8.0,85.4,2019-11-13,6.4,0.0,0.0,232
317,20191114,1.8,10.9,1.0,-3.1,2019,14,11,0.0,47.8,2019-11-14,1.4,0.0,8.7,232
318,20191115,1.2,6.4,6.5,-3.5,2019,15,11,22.7,75.9,2019-11-15,8.1,0.0,5.4,232
319,20191116,0.0,16.2,3.9,3.9,2019,16,11,0.2,92.5,2019-11-16,9.7,0.0,4.0,232
320,20191117,2.2,15.1,8.9,2.1,2019,17,11,60.5,98.1,2019-11-17,8.3,0.0,0.0,232
321,20191118,2.7,12.8,9.6,1.2,2019,18,11,7.7,75.1,2019-11-18,6.4,0.0,2.2,232
322,20191119,1.2,13.5,4.0,-1.5,2019,19,11,0.9,72.6,2019-11-19,1.5,0.0,7.5,232
323,20191120,0.9,5.1,0.5,-4.4,2019,20,11,0.0,65.8,2019-11-20,0.3,0.0,8.4,232
324,20191121,0.9,6.6,6.1,-5.1,2019,21,11,0.0,60.4,2019-11-21,3.0,0.0,5.7,232
325,20191122,1.1,10.8,3.5,0.4,2019,22,11,0.0,66.3,2019-11-22,7.7,0.0,8.3,232
326,20191123,0.8,17.0,5.3,1.8,2019,23,11,0.0,78.9,2019-11-23,9.4,0.0,7.0,232
327,20191124,1.8,18.2,6.6,5.4,2019,24,11,1.1,82.0,2019-11-24,10.9,0.0,5.2,232
328,20191127,1.5,13.4,5.0,-0.9,2019,27,11,0.0,65.0,2019-11-27,4.2,0.0,5.5,232
329,20191128,0.8,8.2,2.5,-3.5,2019,28,11,0.0,77.5,2019-11-28,2.7,0.0,7.7,232
330,20191129,0.9,10.8,1.3,-4.6,2019,29,11,0.0,67.6,2019-11-29,0.8,0.0,9.3,232
331,20191130,0.7,7.9,5.9,-4.7,2019,30,11,0.0,64.0,2019-11-30,3.2,0.0,7.5,232
332,20191201,0.4,0.0,9.7,2.8,2019,1,12,5.9,88.3,2019-12-01,5.3,0.0,0.0,232
333,20191202,2.0,7.8,3.3,-2.2,2019,2,12,0.1,62.5,2019-12-02,1.9,0.0,6.2,232
334,20191203,0.7,5.6,6.3,-5.6,2019,3,12,1.1,89.6,2019-12-03,-0.1,0.0,2.6,232
335,20191204,1.1,3.8,4.0,-0.7,2019,4,12,0.0,74.1,2019-12-04,3.7,0.0,5.0,232
336,20191205,2.3,9.1,1.4,-6.5,2019,5,12,0.0,50.6,2019-12-05,-1.8,0.0,8.3,232
337,20191206,1.1,3.4,0.0,-11.4,2019,6,12,0.0,61.3,2019-12-06,-5.9,0.0,9.2,232
338,20191207,0.7,-0.2,4.3,-9.9,2019,7,12,0.0,83.3,2019-12-07,-3.1,0.0,1.7,232
339,20191208,0.7,3.0,0.4,-6.0,2019,8,12,0.0,82.1,2019-12-08,-1.7,0.0,7.0,232
340,20191209,0.8,5.7,2.1,-6.2,2019,9,12,0.0,83.0,2019-12-09,0.1,0.0,4.3,232
341,20191210,0.9,8.8,3.9,-1.2,2019,10,12,0.0,86.4,2019-12-10,5.7,0.0,4.6,232
342,20191211,1.9,13.4,6.1,1.0,2019,11,12,0.0,75.6,2019-12-11,4.8,0.0,2.1,232
343,20191212,1.6,10.4,0.1,-5.1,2019,12,12,0.0,56.4,2019-12-12,0.0,0.0,9.1,232
344,20191213,0.6,4.6,4.8,-7.8,2019,13,12,0.0,65.0,2019-12-13,-1.0,0.0,8.6,232
345,20191214,1.4,6.6,4.6,-1.4,2019,14,12,0.1,69.8,2019-12-14,2.4,0.0,8.9,232
346,20191215,0.6,6.9,2.4,-4.5,2019,15,12,0.0,78.1,2019-12-15,2.7,0.0,7.8,232
347,20191216,0.7,12.0,5.8,-1.3,2019,16,12,0.0,80.5,2019-12-16,5.5,0.0,8.0,232
348,20191217,1.2,14.0,8.1,3.1,2019,17,12,2.3,93.5,2019-12-17,6.5,0.0,0.0,232
349,20191218,1.4,10.0,5.4,-0.4,2019,18,12,0.0,73.1,2019-12-18,2.2,0.0,5.1,232
350,20191219,1.3,5.3,3.3,-4.1,2019,19,12,0.0,58.3,2019-12-19,-0.6,0.0,8.4,232
351,20191220,0.9,4.2,4.4,-5.8,2019,20,12,0.0,76.0,2019-12-20,-1.3,0.0,6.9,232
352,20191221,0.5,3.5,5.9,-7.9,2019,21,12,0.0,80.0,2019-12-21,-2.0,0.0,1.0,232
353,20191222,0.8,4.9,6.9,-1.9,2019,22,12,0.0,78.6,2019-12-22,2.1,0.0,4.5,232
354,20191223,0.9,8.1,4.5,-2.5,2019,23,12,1.5,88.5,2019-12-23,1.5,0.0,0.2,232
355,20191224,0.5,5.6,3.3,-4.8,2019,24,12,0.0,92.0,2019-12-24,-1.6,0.0,3.8,232
356,20191225,0.7,5.9,5.8,-6.8,2019,25,12,0.0,72.3,2019-12-25,-0.4,0.0,2.8,232
357,20191226,1.2,7.5,7.0,-0.2,2019,26,12,1.2,83.5,2019-12-26,1.3,0.0,0.1,232
358,20191227,1.5,2.9,0.0,-5.4,2019,27,12,0.0,64.5,2019-12-27,-1.2,0.0,9.1,232
359,20191228,0.7,3.7,0.6,-7.7,2019,28,12,0.0,70.6,2019-12-28,-1.8,0.0,8.8,232
360,20191229,0.8,6.6,9.4,-4.8,2019,29,12,5.5,84.6,2019-12-29,1.2,0.0,0.0,232
361,20191230,1.6,7.3,8.5,-1.7,2019,30,12,0.3,87.3,2019-12-30,3.2,0.0,0.0,232
362,20191231,2.2,-1.7,1.3,-9.4,2019,31,12,0.0,61.3,2019-12-31,-6.6,0.0,9.2,232
