,year,rainfall,cloud,sunshine,humid,snow,tmax,day,tmin,wind,month,Date,tavg,date,station_id
0,2012,0.5,7.1,0.4,75.0,1.1,1.0,1,-6.6,2.4,1,2012-01-01,-1.9,20120101,232
1,2012,0.0,4.9,3.5,72.8,0.0,0.6,2,-10.1,1.3,1,2012-01-02,-4.0,20120102,232
2,2012,1.0,8.3,2.5,75.6,1.9,1.7,3,-7.4,2.4,1,2012-01-03,-3.3,20120103,232
3,2012,2.4,7.9,4.5,70.5,3.5,-3.0,4,-6.9,3.3,1,2012-01-04,-5.2,20120104,232
4,2012,0.0,2.9,7.3,71.0,0.0,-0.6,5,-10.9,1.5,1,2012-01-05,-6.0,20120105,232
5,2012,0.0,3.3,7.8,60.4,0.0,2.3,6,-9.5,1.9,1,2012-01-06,-3.5,20120106,232
6,2012,0.0,0.0,8.6,64.4,0.0,1.8,7,-11.9,1.1,1,2012-01-07,-5.6,20120107,232
7,2012,0.0,3.8,4.7,72.9,0.0,1.9,8,-10.6,1.3,1,2012-01-08,-4.2,20120108,232
8,2012,0.0,7.0,0.1,78.1,0.0,3.5,9,-6.4,0.8,1,2012-01-09,-1.2,20120109,232
9,2012,0.0,3.8,8.0,55.6,0.0,3.1,10,-5.4,2.1,1,2012-01-10,-0.4,20120110,232
10,2012,0.0,0.3,8.6,55.9,0.0,-0.4,11,-10.2,3.3,1,2012-01-11,-5.1,20120111,232
11,2012,0.0,3.9,7.2,69.1,0.0,2.2,12,-11.2,1.6,1,2012-01-12,-4.5,20120112,232
12,2012,0.0,3.9,2.7,68.1,0.0,3.8,13,-5.1,1.9,1,2012-01-13,-1.2,20120113,232
13,2012,0.0,1.4,8.8,61.6,0.0,3.8,14,-10.2,1.2,1,2012-01-14,-3.5,20120114,232
14,2012,0.0,7.4,2.8,56.0,0.0,2.0,15,-6.1,1.5,1,2012-01-15,-2.6,20120115,232
15,2012,0.0,2.5,7.8,65.0,0.0,8.7,16,-8.8,0.8,1,2012-01-16,-0.9,20120116,232
16,2012,0.0,4.5,3.4,76.4,0.0,9.6,17,-4.0,1.4,1,2012-01-17,0.5,20120117,232
17,2012,0.0,3.3,5.0,67.0,0.0,5.9,18,-5.6,1.2,1,2012-01-18,-0.5,20120118,232
18,2012,3.5,9.8,0.0,84.8,0.0,5.7,19,-1.0,0.7,1,2012-01-19,3.1,20120119,232
19,2012,0.2,9.5,0.0,76.9,0.0,8.1,20,1.7,1.7,1,2012-01-20,5.1,20120120,232
20,2012,0.5,9.9,0.0,82.9,0.0,4.2,21,-0.7,2.0,1,2012-01-21,2.2,20120121,232
21,2012,0.0,3.5,7.9,51.6,0.0,-0.7,22,-8.4,4.8,1,2012-01-22,-5.0,20120122,232
22,2012,0.0,0.9,8.6,46.1,0.0,-3.8,23,-11.9,3.2,1,2012-01-23,-7.3,20120123,232
23,2012,0.2,2.3,9.2,52.9,0.4,-1.8,24,-12.8,1.7,1,2012-01-24,-7.1,20120124,232
24,2012,2.2,3.3,9.3,63.1,4.1,-3.7,25,-12.6,2.8,1,2012-01-25,-7.4,20120125,232
25,2012,0.0,2.9,3.5,74.3,0.0,2.4,26,-12.2,2.2,1,2012-01-26,-3.9,20120126,232
26,2012,0.1,5.1,2.1,84.0,0.3,5.3,27,-6.0,1.5,1,2012-01-27,-0.5,20120127,232
27,2012,0.0,4.6,8.0,37.5,0.0,4.2,28,-5.4,1.9,1,2012-01-28,-0.7,20120128,232
28,2012,0.0,0.9,7.6,41.6,0.0,2.8,29,-7.0,2.6,1,2012-01-29,-2.1,20120129,232
29,2012,0.0,0.0,9.4,36.4,0.0,0.5,30,-8.9,2.6,1,2012-01-30,-4.2,20120130,232
30,2012,3.9,7.0,1.8,66.4,5.5,1.4,31,-11.4,2.1,1,2012-01-31,-3.9,20120131,232
31,2012,0.0,2.5,6.3,58.9,0.0,-3.2,1,-12.9,0.0,2,2012-02-01,-9.4,20120201,232
32,2012,0.0,1.1,9.5,58.6,0.0,-9.0,2,-15.8,3.1,2,2012-02-02,-12.5,20120202,232
33,2012,0.0,2.4,9.3,67.3,0.0,-2.8,3,-17.8,1.2,2,2012-02-03,-9.6,20120203,232
34,2012,0.0,4.3,7.4,58.8,0.1,3.4,4,-9.3,1.9,2,2012-02-04,-2.9,20120204,232
35,2012,0.0,3.8,7.2,53.1,0.0,6.0,5,-5.5,0.7,2,2012-02-05,-1.4,20120205,232
36,2012,0.0,8.5,0.4,55.1,0.0,6.2,6,-5.7,1.3,2,2012-02-06,0.6,20120206,232
37,2012,0.0,5.1,6.9,53.1,0.0,1.0,7,-9.3,5.5,2,2012-02-07,-6.0,20120207,232
38,2012,0.0,4.9,7.5,54.1,0.1,-2.7,8,-12.7,2.7,2,2012-02-08,-7.3,20120208,232
39,2012,1.0,3.8,8.4,70.1,2.7,1.7,9,-14.5,1.8,2,2012-02-09,-4.6,20120209,232
40,2012,0.0,4.1,6.8,63.5,0.0,4.1,10,-7.8,2.4,2,2012-02-10,-1.8,20120210,232
41,2012,0.0,0.0,10.0,47.4,0.0,2.6,11,-10.9,1.9,2,2012-02-11,-4.2,20120211,232
42,2012,0.0,4.4,8.1,53.3,0.0,5.6,12,-8.6,1.2,2,2012-02-12,-1.0,20120212,232
43,2012,0.0,5.5,3.7,48.3,0.0,9.2,13,-2.3,0.8,2,2012-02-13,2.4,20120213,232
44,2012,0.0,5.0,5.7,64.4,0.0,8.4,14,-3.1,2.1,2,2012-02-14,2.0,20120214,232
45,2012,0.0,6.1,6.3,46.0,0.0,3.9,15,-2.6,3.2,2,2012-02-15,0.0,20120215,232
46,2012,0.0,3.3,9.5,38.1,0.0,3.9,16,-7.0,3.8,2,2012-02-16,-1.0,20120216,232
47,2012,0.6,3.5,8.0,50.1,1.5,-1.4,17,-7.1,4.6,2,2012-02-17,-4.6,20120217,232
48,2012,0.0,2.8,9.9,50.9,0.0,-2.3,18,-9.3,3.3,2,2012-02-18,-5.3,20120218,232
49,2012,0.1,0.3,10.2,47.3,0.2,1.5,19,-11.7,2.1,2,2012-02-19,-4.7,20120219,232
50,2012,0.0,1.1,9.9,50.3,0.0,7.3,20,-10.5,1.5,2,2012-02-20,-2.1,20120220,232
51,2012,0.0,4.9,2.4,54.9,0.0,7.8,21,-5.8,0.4,2,2012-02-21,0.7,20120221,232
52,2012,0.0,5.1,6.1,62.6,0.0,11.5,22,-3.7,1.6,2,2012-02-22,4.3,20120222,232
53,2012,0.1,7.8,3.1,72.8,0.0,7.6,23,-1.8,2.9,2,2012-02-23,3.6,20120223,232
54,2012,0.5,7.0,3.9,70.4,0.0,10.7,24,-3.6,1.6,2,2012-02-24,3.6,20120224,232
55,2012,0.0,6.6,1.1,69.4,0.0,3.3,25,-1.8,3.4,2,2012-02-25,0.8,20120225,232
56,2012,0.0,5.4,3.8,46.8,0.0,2.8,26,-3.2,2.9,2,2012-02-26,-1.2,20120226,232
57,2012,0.0,0.5,10.3,46.6,0.0,5.2,27,-8.6,1.6,2,2012-02-27,-1.6,20120227,232
58,2012,0.0,5.3,1.9,54.5,0.0,8.1,28,-6.8,1.1,2,2012-02-28,1.0,20120228,232
59,2012,0.0,2.9,8.4,56.3,0.0,13.1,29,-4.8,1.6,2,2012-02-29,4.5,20120229,232
60,2012,0.0,6.0,7.8,42.1,0.0,15.4,1,-1.6,1.4,3,2012-03-01,6.2,20120301,232
61,2012,2.0,9.1,0.5,73.3,0.0,7.1,2,2.7,1.2,3,2012-03-02,4.7,20120302,232
62,2012,0.0,4.8,5.8,63.4,0.0,13.0,3,0.4,2.2,3,2012-03-03,7.0,20120303,232
63,2012,0.3,9.3,0.6,58.8,0.0,9.0,4,3.5,4.1,3,2012-03-04,6.2,20120304,232
64,2012,9.5,10.0,0.0,82.6,0.0,6.4,5,3.7,3.7,3,2012-03-05,4.9,20120305,232
65,2012,1.5,9.4,0.4,75.0,0.0,6.6,6,2.8,3.8,3,2012-03-06,4.6,20120306,232
66,2012,0.0,7.5,1.4,65.8,0.0,7.5,7,-1.0,2.4,3,2012-03-07,3.1,20120307,232
67,2012,0.0,6.3,4.4,64.3,0.0,6.8,8,-2.2,2.5,3,2012-03-08,1.5,20120308,232
68,2012,0.0,6.5,6.0,63.9,0.0,8.7,9,-3.2,2.1,3,2012-03-09,2.0,20120309,232
69,2012,0.0,5.8,7.5,63.3,0.0,9.1,10,-0.3,2.7,3,2012-03-10,3.4,20120310,232
70,2012,0.0,4.0,8.4,49.8,0.0,2.2,11,-2.8,6.2,3,2012-03-11,-0.6,20120311,232
71,2012,0.0,0.0,11.1,43.1,0.0,3.0,12,-4.7,3.9,3,2012-03-12,-1.1,20120312,232
72,2012,0.0,0.8,10.4,58.8,0.0,8.4,13,-5.6,1.9,3,2012-03-13,1.0,20120313,232
73,2012,0.0,4.1,6.0,67.5,0.0,10.7,14,-3.0,2.9,3,2012-03-14,3.9,20120314,232
74,2012,0.0,2.3,10.4,48.0,0.0,13.2,15,-3.8,1.4,3,2012-03-15,4.8,20120315,232
75,2012,3.0,10.0,0.3,59.5,0.0,12.4,16,2.6,2.6,3,2012-03-16,7.7,20120316,232
76,2012,3.5,9.4,0.0,87.8,0.0,11.6,17,6.2,1.2,3,2012-03-17,8.7,20120317,232
77,2012,0.0,5.5,3.5,80.6,0.0,9.8,18,1.9,3.3,3,2012-03-18,6.2,20120318,232
78,2012,0.0,1.8,7.4,54.5,0.0,6.5,19,-2.3,2.5,3,2012-03-19,1.9,20120319,232
79,2012,0.0,0.6,10.6,51.4,0.0,8.1,20,-4.0,3.5,3,2012-03-20,2.4,20120320,232
80,2012,0.0,0.6,10.8,46.8,0.0,11.1,21,-4.2,2.0,3,2012-03-21,3.7,20120321,232
81,2012,0.1,9.8,1.7,60.6,0.0,11.8,22,1.8,1.5,3,2012-03-22,7.1,20120322,232
82,2012,17.0,10.0,0.0,86.4,0.0,8.5,23,2.9,2.7,3,2012-03-23,5.9,20120323,232
83,2012,0.5,4.4,8.0,59.1,0.0,8.1,24,2.0,6.3,3,2012-03-24,4.1,20120324,232
84,2012,0.0,1.9,10.6,47.6,0.0,7.8,25,0.7,5.3,3,2012-03-25,3.8,20120325,232
85,2012,0.0,0.0,11.5,47.6,0.0,9.8,26,-1.4,2.9,3,2012-03-26,3.6,20120326,232
86,2012,0.0,3.6,6.5,50.0,0.0,15.4,27,-2.7,2.7,3,2012-03-27,7.1,20120327,232
87,2012,0.0,3.4,7.5,61.5,0.0,16.8,28,3.6,1.3,3,2012-03-28,9.1,20120328,232
88,2012,0.5,5.6,6.3,53.4,0.0,20.7,29,1.6,2.9,3,2012-03-29,13.1,20120329,232
89,2012,7.0,9.5,0.0,77.6,0.0,15.7,30,4.9,3.4,3,2012-03-30,10.5,20120330,232
90,2012,0.0,3.1,8.6,47.3,0.0,11.2,31,1.8,4.2,3,2012-03-31,5.9,20120331,232
91,2012,0.0,0.0,11.0,39.3,0.0,9.8,1,-0.7,2.8,4,2012-04-01,4.5,20120401,232
92,2012,1.0,8.3,1.0,54.5,0.0,17.4,2,0.6,2.9,4,2012-04-02,10.4,20120402,232
93,2012,34.5,6.1,2.2,69.5,0.0,13.6,3,2.7,6.0,4,2012-04-03,5.7,20120403,232
94,2012,0.0,0.9,8.8,62.0,0.0,14.8,4,-0.7,3.7,4,2012-04-04,7.6,20120404,232
95,2012,0.0,0.0,11.8,52.6,0.0,12.8,5,-0.2,3.9,4,2012-04-05,6.1,20120405,232
96,2012,0.0,1.4,9.6,50.1,0.0,11.0,6,-0.9,4.2,4,2012-04-06,5.1,20120406,232
97,2012,0.0,0.0,11.8,46.8,0.0,13.2,7,-0.4,2.4,4,2012-04-07,6.4,20120407,232
98,2012,0.0,1.0,11.0,41.4,0.0,20.6,8,2.5,3.7,4,2012-04-08,14.0,20120408,232
99,2012,0.0,4.1,7.1,63.5,0.0,24.0,9,10.5,1.5,4,2012-04-09,16.5,20120409,232
100,2012,2.5,9.5,0.0,82.0,0.0,17.7,10,10.1,1.8,4,2012-04-10,13.8,20120410,232
101,2012,0.5,5.8,3.0,79.4,0.0,17.0,11,6.6,3.4,4,2012-04-11,12.2,20120411,232
102,2012,0.0,5.1,6.0,54.1,0.0,15.2,12,2.1,2.3,4,2012-04-12,8.8,20120412,232
103,2012,0.1,9.6,0.0,50.9,0.0,15.2,13,6.2,2.0,4,2012-04-13,9.7,20120413,232
104,2012,0.0,2.8,7.5,69.4,0.0,18.4,14,3.3,2.2,4,2012-04-14,10.0,20120414,232
105,2012,0.0,3.5,10.8,57.6,0.0,23.4,15,4.3,1.6,4,2012-04-15,12.8,20120415,232
106,2012,0.0,1.1,9.8,64.9,0.0,17.6,16,4.2,2.5,4,2012-04-16,10.4,20120416,232
107,2012,0.0,0.4,12.1,47.4,0.0,20.5,17,1.6,1.8,4,2012-04-17,11.4,20120417,232
108,2012,0.0,5.0,8.9,44.8,0.0,23.2,18,4.1,1.8,4,2012-04-18,14.0,20120418,232
109,2012,0.0,7.5,6.3,39.8,0.0,24.0,19,8.1,2.1,4,2012-04-19,15.8,20120419,232
110,2012,0.0,7.0,8.7,48.1,0.0,22.2,20,13.3,3.9,4,2012-04-20,17.3,20120420,232
111,2012,26.0,10.0,0.0,78.3,0.0,15.3,21,11.4,4.7,4,2012-04-21,13.0,20120421,232
112,2012,2.5,9.4,0.0,83.4,0.0,14.6,22,9.2,2.7,4,2012-04-22,11.0,20120422,232
113,2012,0.0,4.5,2.3,74.5,0.0,23.3,23,8.4,2.0,4,2012-04-23,15.5,20120423,232
114,2012,0.0,4.1,9.5,60.8,0.0,29.7,24,10.6,1.9,4,2012-04-24,19.5,20120424,232
115,2012,14.0,10.0,0.0,65.4,0.0,20.9,25,10.9,4.0,4,2012-04-25,16.1,20120425,232
116,2012,0.5,1.8,12.8,49.4,0.0,16.8,26,7.1,4.6,4,2012-04-26,12.2,20120426,232
117,2012,0.0,0.0,12.1,38.0,0.0,24.9,27,6.6,3.4,4,2012-04-27,15.0,20120427,232
118,2012,0.0,0.9,10.1,43.4,0.0,25.6,28,8.3,2.5,4,2012-04-28,17.6,20120428,232
119,2012,0.0,7.4,0.7,59.5,0.0,23.9,29,9.8,1.5,4,2012-04-29,17.1,20120429,232
120,2012,0.0,0.8,12.5,51.0,0.0,27.5,30,9.9,3.3,4,2012-04-30,20.0,20120430,232
121,2012,0.0,8.0,2.8,60.8,0.0,26.5,1,13.5,2.0,5,2012-05-01,20.7,20120501,232
122,2012,0.0,5.6,8.4,54.5,0.0,29.5,2,17.3,2.4,5,2012-05-02,22.5,20120502,232
123,2012,0.0,1.9,7.8,59.9,0.0,26.1,3,13.6,2.2,5,2012-05-03,19.8,20120503,232
124,2012,0.0,0.0,12.4,55.6,0.0,27.4,4,10.9,2.2,5,2012-05-04,19.4,20120504,232
125,2012,0.0,1.1,12.0,46.0,0.0,27.1,5,12.2,2.7,5,2012-05-05,18.8,20120505,232
126,2012,0.0,1.3,11.4,41.3,0.0,25.1,6,8.6,2.4,5,2012-05-06,17.3,20120506,232
127,2012,0.0,2.4,10.2,46.8,0.0,26.8,7,7.8,1.6,5,2012-05-07,17.6,20120507,232
128,2012,0.3,5.8,7.5,54.6,0.0,28.7,8,10.9,1.6,5,2012-05-08,19.5,20120508,232
129,2012,0.0,1.4,8.4,64.0,0.0,27.1,9,13.5,1.4,5,2012-05-09,19.0,20120509,232
130,2012,0.0,2.4,11.0,58.3,0.0,27.6,10,11.4,2.0,5,2012-05-10,19.4,20120510,232
131,2012,0.0,7.9,1.2,60.0,0.0,21.6,11,13.4,2.1,5,2012-05-11,16.5,20120511,232
132,2012,0.0,5.8,8.8,63.0,0.0,23.6,12,10.9,2.3,5,2012-05-12,16.4,20120512,232
133,2012,0.0,7.1,4.8,63.5,0.0,25.6,13,13.9,1.3,5,2012-05-13,19.0,20120513,232
134,2012,16.0,10.0,0.0,83.3,0.0,17.3,14,15.3,1.2,5,2012-05-14,16.0,20120514,232
135,2012,0.0,7.8,6.6,75.0,0.0,23.6,15,13.1,2.4,5,2012-05-15,17.0,20120515,232
136,2012,0.0,6.6,5.7,66.5,0.0,24.6,16,12.0,1.6,5,2012-05-16,17.6,20120516,232
137,2012,0.0,4.3,7.7,64.6,0.0,20.9,17,12.0,2.9,5,2012-05-17,16.4,20120517,232
138,2012,0.0,2.1,9.6,63.5,0.0,25.9,18,9.6,1.7,5,2012-05-18,17.0,20120518,232
139,2012,0.0,4.6,9.8,53.4,0.0,26.6,19,10.5,1.6,5,2012-05-19,18.6,20120519,232
140,2012,0.0,0.0,12.3,51.1,0.0,27.3,20,10.5,1.8,5,2012-05-20,19.0,20120520,232
141,2012,0.0,0.0,12.7,45.5,0.0,28.3,21,14.4,2.4,5,2012-05-21,21.5,20120521,232
142,2012,0.0,3.1,11.7,45.0,0.0,29.3,22,14.2,1.8,5,2012-05-22,21.7,20120522,232
143,2012,0.0,3.1,10.0,47.6,0.0,28.8,23,15.4,1.5,5,2012-05-23,21.1,20120523,232
144,2012,0.0,0.0,2.0,57.8,0.0,24.2,24,13.6,1.7,5,2012-05-24,19.0,20120524,232
145,2012,0.0,3.3,11.2,55.5,0.0,27.6,25,14.3,2.0,5,2012-05-25,20.2,20120525,232
146,2012,0.0,4.5,7.0,52.0,0.0,27.8,26,10.6,1.5,5,2012-05-26,19.2,20120526,232
147,2012,0.0,1.6,12.4,49.5,0.0,28.1,27,13.6,1.8,5,2012-05-27,21.5,20120527,232
148,2012,0.0,6.0,1.4,60.1,0.0,27.8,28,17.0,1.9,5,2012-05-28,21.9,20120528,232
149,2012,0.0,4.8,9.2,35.1,0.0,28.8,29,16.5,1.7,5,2012-05-29,22.4,20120529,232
150,2012,0.5,9.5,0.2,66.9,0.0,22.2,30,17.0,2.6,5,2012-05-30,19.2,20120530,232
151,2012,0.0,4.5,5.6,66.3,0.0,27.8,31,16.1,2.1,5,2012-05-31,20.5,20120531,232
152,2012,0.0,6.3,9.6,57.0,0.0,27.4,1,13.5,1.4,6,2012-06-01,20.9,20120601,232
153,2012,0.0,4.0,8.0,51.9,0.0,29.5,2,17.1,1.7,6,2012-06-02,22.1,20120602,232
154,2012,0.0,1.3,12.5,49.5,0.0,30.6,3,14.0,1.6,6,2012-06-03,21.8,20120603,232
155,2012,0.0,5.9,8.7,49.5,0.0,30.5,4,14.9,1.7,6,2012-06-04,22.9,20120604,232
156,2012,0.0,5.6,6.8,66.8,0.0,29.7,5,18.8,2.1,6,2012-06-05,23.2,20120605,232
157,2012,0.0,7.6,3.4,66.5,0.0,29.3,6,18.7,1.9,6,2012-06-06,23.4,20120606,232
158,2012,0.0,6.9,4.3,68.3,0.0,30.2,7,17.6,1.4,6,2012-06-07,23.2,20120607,232
159,2012,1.0,7.8,1.0,82.1,0.0,24.0,8,18.6,1.0,6,2012-06-08,20.7,20120608,232
160,2012,0.0,4.6,8.2,67.9,0.0,29.7,9,16.8,1.5,6,2012-06-09,22.7,20120609,232
161,2012,0.0,6.6,5.8,68.3,0.0,30.9,10,18.4,1.5,6,2012-06-10,23.5,20120610,232
162,2012,0.1,7.9,0.7,74.1,0.0,27.3,11,19.0,1.4,6,2012-06-11,22.5,20120611,232
163,2012,7.5,5.4,7.5,64.9,0.0,30.1,12,18.5,1.6,6,2012-06-12,23.3,20120612,232
164,2012,14.0,4.4,6.2,73.6,0.0,28.5,13,18.5,2.1,6,2012-06-13,22.2,20120613,232
165,2012,0.0,4.0,9.5,59.3,0.0,28.6,14,18.6,3.2,6,2012-06-14,23.4,20120614,232
166,2012,0.0,6.1,1.6,65.6,0.0,24.6,15,18.4,3.2,6,2012-06-15,21.6,20120615,232
167,2012,0.0,2.5,11.2,67.8,0.0,29.8,16,16.5,1.8,6,2012-06-16,23.0,20120616,232
168,2012,0.0,3.6,10.6,61.8,0.0,30.2,17,17.2,1.7,6,2012-06-17,23.3,20120617,232
169,2012,0.0,8.1,4.5,66.1,0.0,29.7,18,18.0,1.4,6,2012-06-18,23.6,20120618,232
170,2012,0.0,4.5,10.7,62.5,0.0,32.7,19,19.2,2.2,6,2012-06-19,25.1,20120619,232
171,2012,0.0,2.6,10.7,59.1,0.0,31.2,20,19.0,2.2,6,2012-06-20,24.6,20120620,232
172,2012,0.0,1.9,11.8,59.5,0.0,32.6,21,16.8,1.5,6,2012-06-21,24.4,20120621,232
173,2012,0.0,1.9,7.1,68.5,0.0,31.5,22,18.3,1.9,6,2012-06-22,23.9,20120622,232
174,2012,0.0,2.6,9.3,62.4,0.0,32.7,23,18.9,1.6,6,2012-06-23,24.9,20120623,232
175,2012,0.0,6.3,1.5,59.9,0.0,28.7,24,20.5,2.4,6,2012-06-24,25.0,20120624,232
176,2012,0.0,0.4,12.2,51.1,0.0,29.4,25,16.8,3.6,6,2012-06-25,23.6,20120625,232
177,2012,0.0,6.0,8.0,50.9,0.0,28.1,26,18.3,3.6,6,2012-06-26,23.6,20120626,232
178,2012,0.0,3.4,11.4,54.9,0.0,28.9,27,19.8,3.8,6,2012-06-27,23.6,20120627,232
179,2012,0.0,5.8,6.8,64.9,0.0,29.6,28,17.7,1.9,6,2012-06-28,23.6,20120628,232
180,2012,1.5,8.9,1.2,69.8,0.0,30.9,29,21.6,2.1,6,2012-06-29,25.2,20120629,232
181,2012,51.0,10.0,0.0,87.5,0.0,25.2,30,21.6,2.2,6,2012-06-30,23.1,20120630,232
182,2012,0.0,6.9,3.3,77.8,0.0,29.3,1,21.1,1.8,7,2012-07-01,23.8,20120701,232
183,2012,0.0,7.6,4.3,71.3,0.0,29.0,2,20.5,1.5,7,2012-07-02,24.2,20120702,232
184,2012,0.0,7.3,0.8,76.4,0.0,29.9,3,19.4,1.4,7,2012-07-03,24.8,20120703,232
185,2012,0.0,7.9,1.3,78.8,0.0,30.2,4,22.2,1.4,7,2012-07-04,25.6,20120704,232
186,2012,13.5,10.0,0.0,89.1,0.0,24.8,5,23.0,1.6,7,2012-07-05,23.6,20120705,232
187,2012,71.0,10.0,0.0,87.4,0.0,26.6,6,20.7,2.4,7,2012-07-06,23.6,20120706,232
188,2012,0.0,3.6,9.9,68.6,0.0,30.4,7,19.7,1.4,7,2012-07-07,24.4,20120707,232
189,2012,0.0,2.6,11.4,73.3,0.0,31.1,8,19.0,1.4,7,2012-07-08,24.9,20120708,232
190,2012,0.0,5.3,9.6,70.0,0.0,32.4,9,19.5,1.2,7,2012-07-09,25.7,20120709,232
191,2012,2.5,8.9,0.1,79.8,0.0,28.7,10,20.8,2.0,7,2012-07-10,24.4,20120710,232
192,2012,5.0,8.9,1.2,83.9,0.0,29.8,11,21.9,2.5,7,2012-07-11,24.6,20120711,232
193,2012,0.0,7.4,3.1,78.8,0.0,29.2,12,19.7,1.7,7,2012-07-12,24.9,20120712,232
194,2012,21.5,8.9,2.7,84.3,0.0,28.2,13,22.4,2.0,7,2012-07-13,25.3,20120713,232
195,2012,30.5,9.8,0.0,87.5,0.0,28.6,14,22.5,1.2,7,2012-07-14,25.1,20120714,232
196,2012,45.5,9.8,0.1,86.4,0.0,27.1,15,20.9,2.5,7,2012-07-15,22.9,20120715,232
197,2012,0.0,8.9,2.3,78.6,0.0,28.3,16,20.4,1.2,7,2012-07-16,23.8,20120716,232
198,2012,2.0,9.9,0.0,85.4,0.0,26.7,17,22.2,1.7,7,2012-07-17,24.4,20120717,232
199,2012,2.0,8.9,1.3,78.6,0.0,30.9,18,23.3,2.9,7,2012-07-18,27.0,20120718,232
200,2012,44.0,8.4,1.2,85.0,0.0,27.4,19,23.4,3.8,7,2012-07-19,25.1,20120719,232
201,2012,0.0,6.5,2.7,80.3,0.0,31.4,20,23.1,0.7,7,2012-07-20,26.0,20120720,232
202,2012,0.0,5.6,6.8,76.4,0.0,33.1,21,22.6,0.7,7,2012-07-21,27.3,20120721,232
203,2012,15.0,7.1,3.5,87.3,0.0,31.6,22,24.2,1.9,7,2012-07-22,26.5,20120722,232
204,2012,0.0,6.5,2.2,79.3,0.0,32.5,23,24.3,1.9,7,2012-07-23,27.5,20120723,232
205,2012,0.0,4.9,9.7,75.3,0.0,33.8,24,23.0,1.3,7,2012-07-24,28.1,20120724,232
206,2012,0.0,5.3,9.8,77.3,0.0,33.5,25,23.2,1.5,7,2012-07-25,27.6,20120725,232
207,2012,0.0,1.5,11.2,73.5,0.0,33.2,26,22.2,1.3,7,2012-07-26,27.3,20120726,232
208,2012,0.0,2.3,9.5,76.3,0.0,33.4,27,22.8,1.6,7,2012-07-27,27.3,20120727,232
209,2012,0.0,3.9,10.9,74.4,0.0,34.1,28,22.8,1.4,7,2012-07-28,28.1,20120728,232
210,2012,0.0,4.0,9.9,75.9,0.0,33.7,29,24.1,2.1,7,2012-07-29,28.3,20120729,232
211,2012,0.0,5.1,8.7,74.8,0.0,34.2,30,23.9,2.0,7,2012-07-30,28.6,20120730,232
212,2012,0.0,4.3,8.9,75.4,0.0,34.7,31,24.2,1.7,7,2012-07-31,28.8,20120731,232
213,2012,0.0,3.1,11.5,63.9,0.0,36.0,1,24.1,2.0,8,2012-08-01,30.3,20120801,232
214,2012,0.0,4.9,10.1,57.1,0.0,34.8,2,25.8,3.3,8,2012-08-02,30.4,20120802,232
215,2012,0.0,1.8,11.5,60.4,0.0,34.7,3,26.4,3.0,8,2012-08-03,30.2,20120803,232
216,2012,0.0,1.4,12.5,67.0,0.0,35.3,4,23.7,1.8,8,2012-08-04,29.4,20120804,232
217,2012,0.0,0.0,12.9,64.6,0.0,36.4,5,23.4,1.9,8,2012-08-05,29.9,20120805,232
218,2012,0.0,2.4,9.4,66.8,0.0,36.4,6,24.5,1.6,8,2012-08-06,30.2,20120806,232
219,2012,0.0,3.3,10.2,58.9,0.0,34.8,7,25.6,2.3,8,2012-08-07,30.0,20120807,232
220,2012,0.0,5.8,10.7,60.9,0.0,33.3,8,24.3,2.0,8,2012-08-08,28.5,20120808,232
221,2012,0.5,7.1,3.9,80.4,0.0,33.2,9,23.7,1.1,8,2012-08-09,27.1,20120809,232
222,2012,4.5,9.0,0.0,88.5,0.0,25.9,10,23.3,1.2,8,2012-08-10,24.5,20120810,232
223,2012,0.0,5.9,5.8,76.9,0.0,32.0,11,23.3,1.5,8,2012-08-11,27.2,20120811,232
224,2012,80.0,9.5,0.0,91.5,0.0,26.0,12,23.4,1.0,8,2012-08-12,24.8,20120812,232
225,2012,9.0,8.1,3.6,84.6,0.0,31.7,13,22.2,1.0,8,2012-08-13,25.8,20120813,232
226,2012,3.5,7.4,5.0,76.4,0.0,30.0,14,22.7,2.9,8,2012-08-14,26.5,20120814,232
227,2012,65.5,10.0,0.0,87.4,0.0,28.9,15,22.8,2.3,8,2012-08-15,25.0,20120815,232
228,2012,7.0,9.1,0.2,90.8,0.0,27.8,16,22.6,0.7,8,2012-08-16,24.1,20120816,232
229,2012,4.0,6.9,3.6,84.1,0.0,33.5,17,23.8,1.6,8,2012-08-17,27.3,20120817,232
230,2012,0.2,8.6,0.8,85.0,0.0,32.2,18,24.5,2.1,8,2012-08-18,27.4,20120818,232
231,2012,0.0,7.9,3.8,80.1,0.0,31.6,19,25.9,2.1,8,2012-08-19,28.5,20120819,232
232,2012,19.0,10.0,0.1,88.6,0.0,28.2,20,25.6,2.1,8,2012-08-20,26.7,20120820,232
233,2012,27.0,9.9,1.4,87.4,0.0,31.2,21,23.8,2.2,8,2012-08-21,25.9,20120821,232
234,2012,54.5,9.5,0.0,92.4,0.0,24.5,22,20.7,1.7,8,2012-08-22,22.1,20120822,232
235,2012,2.5,9.4,0.7,86.9,0.0,26.4,23,21.1,1.7,8,2012-08-23,22.9,20120823,232
236,2012,10.0,10.0,0.0,86.4,0.0,25.8,24,21.6,2.8,8,2012-08-24,23.3,20120824,232
237,2012,45.5,9.0,4.1,86.4,0.0,31.2,25,23.1,1.7,8,2012-08-25,25.5,20120825,232
238,2012,0.0,5.4,10.6,75.0,0.0,33.7,26,24.1,1.3,8,2012-08-26,28.2,20120826,232
239,2012,0.0,6.4,4.9,68.9,0.0,32.0,27,22.1,3.3,8,2012-08-27,27.7,20120827,232
240,2012,14.5,10.0,0.0,72.0,0.0,30.5,28,22.2,7.8,8,2012-08-28,26.8,20120828,232
241,2012,0.5,7.4,7.2,72.6,0.0,30.6,29,23.9,2.9,8,2012-08-29,26.5,20120829,232
242,2012,136.0,9.8,0.0,90.9,0.0,24.0,30,19.1,3.1,8,2012-08-30,21.0,20120830,232
243,2012,0.0,4.1,9.2,76.1,0.0,28.0,31,16.9,2.4,8,2012-08-31,23.0,20120831,232
244,2012,0.1,7.8,4.7,80.4,0.0,29.2,1,20.9,1.5,9,2012-09-01,24.5,20120901,232
245,2012,0.5,7.1,4.2,85.8,0.0,29.2,2,20.0,1.4,9,2012-09-02,23.3,20120902,232
246,2012,0.0,5.8,5.7,78.6,0.0,30.3,3,20.2,1.0,9,2012-09-03,24.8,20120903,232
247,2012,43.5,9.4,0.0,91.6,0.0,24.0,4,20.5,1.8,9,2012-09-04,22.1,20120904,232
248,2012,3.5,4.8,7.9,79.6,0.0,26.8,5,15.0,2.1,9,2012-09-05,21.8,20120905,232
249,2012,0.0,0.1,11.7,71.9,0.0,26.9,6,13.2,1.4,9,2012-09-06,19.7,20120906,232
250,2012,12.0,6.5,6.4,75.5,0.0,27.2,7,14.6,1.6,9,2012-09-07,21.6,20120907,232
251,2012,17.0,8.4,3.9,78.1,0.0,25.9,8,18.7,3.5,9,2012-09-08,21.6,20120908,232
252,2012,0.0,9.1,0.3,81.4,0.0,24.3,9,17.9,1.0,9,2012-09-09,20.4,20120909,232
253,2012,0.0,4.5,5.2,80.1,0.0,27.7,10,17.3,0.8,9,2012-09-10,21.6,20120910,232
254,2012,0.0,3.4,10.9,72.6,0.0,27.8,11,17.0,1.6,9,2012-09-11,21.8,20120911,232
255,2012,0.0,9.1,0.4,80.4,0.0,25.8,12,18.1,1.5,9,2012-09-12,21.3,20120912,232
256,2012,2.5,10.0,0.0,92.0,0.0,21.3,13,19.2,0.7,9,2012-09-13,20.2,20120913,232
257,2012,3.5,9.9,0.3,80.4,0.0,23.9,14,16.6,1.7,9,2012-09-14,19.2,20120914,232
258,2012,0.0,9.5,1.9,80.3,0.0,24.8,15,15.3,1.0,9,2012-09-15,19.8,20120915,232
259,2012,9.5,10.0,0.0,84.8,0.0,21.2,16,16.7,1.4,9,2012-09-16,18.7,20120916,232
260,2012,97.5,10.0,0.0,90.0,0.0,18.8,17,17.1,3.4,9,2012-09-17,17.8,20120917,232
261,2012,0.0,6.6,8.6,75.9,0.0,26.0,18,16.9,2.0,9,2012-09-18,20.7,20120918,232
262,2012,0.0,4.5,7.6,76.3,0.0,25.7,19,14.6,2.0,9,2012-09-19,19.5,20120919,232
263,2012,0.0,2.0,5.6,80.6,0.0,26.3,20,13.6,1.5,9,2012-09-20,18.5,20120920,232
264,2012,0.0,4.3,7.9,77.3,0.0,25.9,21,13.4,1.1,9,2012-09-21,18.7,20120921,232
265,2012,0.0,4.4,7.8,76.0,0.0,27.1,22,13.7,1.1,9,2012-09-22,18.7,20120922,232
266,2012,0.0,0.9,10.1,74.9,0.0,26.9,23,12.9,1.0,9,2012-09-23,19.0,20120923,232
267,2012,0.0,0.0,11.3,69.9,0.0,27.4,24,12.8,1.0,9,2012-09-24,19.1,20120924,232
268,2012,0.0,0.3,11.3,69.6,0.0,26.6,25,12.5,1.7,9,2012-09-25,19.1,20120925,232
269,2012,0.0,6.0,8.1,67.4,0.0,25.3,26,14.2,2.0,9,2012-09-26,19.0,20120926,232
270,2012,0.0,7.1,1.2,81.3,0.0,22.8,27,14.2,1.5,9,2012-09-27,17.9,20120927,232
271,2012,0.5,3.1,5.3,82.9,0.0,25.1,28,13.5,1.8,9,2012-09-28,17.5,20120928,232
272,2012,0.0,5.8,9.4,71.6,0.0,21.2,29,11.3,2.2,9,2012-09-29,15.7,20120929,232
273,2012,0.0,2.0,11.2,75.5,0.0,21.9,30,9.9,1.6,9,2012-09-30,15.3,20120930,232
274,2012,0.0,1.1,10.0,75.3,0.0,24.0,1,9.4,1.0,10,2012-10-01,15.8,20121001,232
275,2012,0.0,0.8,10.7,75.3,0.0,25.8,2,10.5,1.0,10,2012-10-02,17.2,20121002,232
276,2012,0.0,3.8,10.0,71.5,0.0,25.9,3,11.3,1.2,10,2012-10-03,17.7,20121003,232
277,2012,0.0,1.5,8.5,73.6,0.0,25.1,4,10.9,1.5,10,2012-10-04,17.5,20121004,232
278,2012,0.0,6.9,4.0,82.5,0.0,23.0,5,11.2,0.8,10,2012-10-05,17.2,20121005,232
279,2012,0.0,4.3,5.8,75.8,0.0,24.9,6,13.1,1.1,10,2012-10-06,17.6,20121006,232
280,2012,0.0,1.0,10.2,73.9,0.0,25.1,7,10.6,1.5,10,2012-10-07,16.3,20121007,232
281,2012,0.0,1.8,9.9,66.1,0.0,23.5,8,10.5,1.9,10,2012-10-08,16.0,20121008,232
282,2012,0.0,4.1,7.4,71.5,0.0,21.9,9,9.2,1.4,10,2012-10-09,15.0,20121009,232
283,2012,0.4,4.4,5.0,82.0,0.0,22.4,10,9.5,2.2,10,2012-10-10,14.6,20121010,232
284,2012,0.0,0.0,11.1,66.4,0.0,18.7,11,5.8,1.6,10,2012-10-11,11.9,20121011,232
285,2012,0.0,1.1,10.6,66.9,0.0,22.7,12,3.7,0.9,10,2012-10-12,11.8,20121012,232
286,2012,0.0,4.4,8.4,71.5,0.0,24.4,13,7.0,1.3,10,2012-10-13,13.6,20121013,232
287,2012,0.0,2.4,8.9,68.6,0.0,23.1,14,6.9,1.7,10,2012-10-14,13.8,20121014,232
288,2012,0.0,1.1,10.1,61.5,0.0,20.9,15,4.1,1.3,10,2012-10-15,11.7,20121015,232
289,2012,0.0,4.1,8.7,63.9,0.0,24.1,16,4.8,2.0,10,2012-10-16,15.4,20121016,232
290,2012,6.0,4.6,6.1,65.5,0.0,15.7,17,5.6,3.1,10,2012-10-17,12.5,20121017,232
291,2012,0.0,0.0,10.4,65.8,0.0,17.3,18,1.4,1.7,10,2012-10-18,8.8,20121018,232
292,2012,0.0,2.3,9.2,66.9,0.0,21.1,19,5.0,1.0,10,2012-10-19,11.9,20121019,232
293,2012,0.0,3.0,6.7,71.9,0.0,22.1,20,6.5,1.6,10,2012-10-20,14.1,20121020,232
294,2012,0.0,1.6,9.7,76.1,0.0,24.2,21,9.3,1.1,10,2012-10-21,15.5,20121021,232
295,2012,33.0,9.0,0.0,83.6,0.0,18.5,22,10.7,3.3,10,2012-10-22,13.9,20121022,232
296,2012,0.0,1.3,10.3,61.4,0.0,14.7,23,5.1,3.3,10,2012-10-23,9.6,20121023,232
297,2012,0.0,4.5,6.6,74.5,0.0,18.8,24,5.5,1.9,10,2012-10-24,10.8,20121024,232
298,2012,0.0,2.4,6.0,79.8,0.0,21.7,25,7.1,1.7,10,2012-10-25,12.8,20121025,232
299,2012,0.0,3.8,9.6,71.3,0.0,22.6,26,6.9,1.3,10,2012-10-26,14.2,20121026,232
300,2012,26.0,10.0,0.0,86.4,0.0,17.7,27,13.1,2.8,10,2012-10-27,15.5,20121027,232
301,2012,0.0,2.6,9.6,74.9,0.0,19.7,28,7.8,3.1,10,2012-10-28,14.5,20121028,232
302,2012,0.0,6.0,8.6,74.5,0.0,17.8,29,4.5,1.1,10,2012-10-29,11.0,20121029,232
303,2012,0.2,2.8,9.6,69.5,0.0,12.4,30,2.2,2.6,10,2012-10-30,8.2,20121030,232
304,2012,1.0,5.9,7.3,70.4,0.0,13.2,31,0.1,1.7,10,2012-10-31,7.0,20121031,232
305,2012,0.2,1.3,10.1,56.9,0.0,10.8,1,0.9,3.0,11,2012-11-01,6.0,20121101,232
306,2012,0.0,0.3,10.0,65.3,0.0,13.2,2,-1.8,1.2,11,2012-11-02,4.8,20121102,232
307,2012,0.0,1.0,9.7,63.5,0.0,17.9,3,-0.7,1.1,11,2012-11-03,7.5,20121103,232
308,2012,4.0,8.9,0.8,65.0,0.0,15.0,4,5.6,3.8,11,2012-11-04,11.7,20121104,232
309,2012,1.5,8.8,1.9,86.1,0.0,14.1,5,7.0,1.9,11,2012-11-05,9.9,20121105,232
310,2012,3.0,9.3,1.0,83.5,0.0,10.8,6,6.4,2.2,11,2012-11-06,8.4,20121106,232
311,2012,0.0,6.3,4.5,81.4,0.0,13.9,7,4.2,1.8,11,2012-11-07,8.3,20121107,232
312,2012,0.0,9.1,0.7,86.4,0.0,14.8,8,3.5,1.0,11,2012-11-08,8.6,20121108,232
313,2012,0.0,3.8,2.8,91.0,0.0,13.8,9,4.4,1.3,11,2012-11-09,7.3,20121109,232
314,2012,0.4,5.8,8.0,60.8,0.0,16.2,10,3.4,3.9,11,2012-11-10,11.4,20121110,232
315,2012,20.0,8.6,1.7,67.6,0.0,13.9,11,6.9,4.4,11,2012-11-11,10.1,20121111,232
316,2012,1.0,8.0,3.4,57.8,0.0,12.0,12,5.3,4.1,11,2012-11-12,9.3,20121112,232
317,2012,10.5,9.0,2.2,82.0,0.0,8.5,13,2.9,2.8,11,2012-11-13,5.3,20121113,232
318,2012,2.0,6.8,7.0,68.1,0.0,7.1,14,0.8,2.9,11,2012-11-14,4.0,20121114,232
319,2012,0.0,0.0,9.6,68.3,0.0,11.0,15,-2.2,1.1,11,2012-11-15,3.0,20121115,232
320,2012,4.5,7.1,0.7,81.1,0.0,8.0,16,-1.8,1.6,11,2012-11-16,4.1,20121116,232
321,2012,1.0,6.0,6.0,69.3,0.0,8.9,17,4.2,2.9,11,2012-11-17,6.6,20121117,232
322,2012,0.0,0.0,9.5,60.9,0.0,9.7,18,-2.4,1.3,11,2012-11-18,2.8,20121118,232
323,2012,2.0,7.0,6.5,65.3,0.0,10.2,19,-1.0,3.6,11,2012-11-19,4.9,20121119,232
324,2012,0.0,3.5,7.7,62.1,0.0,7.1,20,-3.3,1.7,11,2012-11-20,2.1,20121120,232
325,2012,0.0,4.3,6.1,73.0,0.0,9.6,21,-3.2,1.3,11,2012-11-21,2.3,20121121,232
326,2012,0.0,5.4,6.0,75.4,0.0,11.8,22,-2.0,1.0,11,2012-11-22,4.7,20121122,232
327,2012,0.0,5.3,6.3,62.3,0.0,7.4,23,2.6,3.0,11,2012-11-23,4.6,20121123,232
328,2012,0.0,0.0,9.1,61.6,0.0,6.9,24,-3.6,1.9,11,2012-11-24,1.4,20121124,232
329,2012,0.4,6.6,5.9,66.4,0.0,8.6,25,-4.8,1.2,11,2012-11-25,2.4,20121125,232
330,2012,0.5,6.0,6.5,60.5,0.0,6.8,26,0.8,3.6,11,2012-11-26,3.4,20121126,232
331,2012,0.0,1.4,9.1,56.0,0.0,7.0,27,-5.1,1.2,11,2012-11-27,0.7,20121127,232
332,2012,1.5,6.8,2.3,61.5,0.0,13.4,28,0.3,3.6,11,2012-11-28,5.9,20121128,232
333,2012,0.0,3.6,6.4,50.0,0.0,5.3,29,-3.5,2.0,11,2012-11-29,0.5,20121129,232
334,2012,0.1,4.3,7.6,54.4,0.0,8.2,30,-3.8,1.6,11,2012-11-30,2.2,20121130,232
335,2012,0.0,2.9,8.9,52.8,0.0,4.7,1,-5.4,1.9,12,2012-12-01,-0.9,20121201,232
336,2012,0.0,3.5,7.1,67.0,0.0,8.4,2,-2.5,1.7,12,2012-12-02,2.4,20121202,232
337,2012,4.7,7.6,0.5,77.8,0.3,7.6,3,-3.5,3.3,12,2012-12-03,2.0,20121203,232
338,2012,0.7,2.8,8.6,63.0,1.2,2.9,4,-4.1,3.0,12,2012-12-04,-1.3,20121204,232
339,2012,18.1,7.5,3.3,80.1,8.5,4.5,5,-5.0,2.7,12,2012-12-05,-1.6,20121205,232
340,2012,1.2,4.4,7.7,68.8,2.4,-3.4,6,-13.4,2.2,12,2012-12-06,-5.6,20121206,232
341,2012,5.8,8.5,3.2,83.1,7.6,0.4,7,-4.8,2.9,12,2012-12-07,-2.6,20121207,232
342,2012,0.2,4.5,6.8,67.9,0.5,-2.3,8,-12.9,1.7,12,2012-12-08,-7.7,20121208,232
343,2012,0.0,1.5,8.6,62.4,0.0,-4.9,9,-14.0,1.9,12,2012-12-09,-10.1,20121209,232
344,2012,0.0,0.9,8.6,74.8,0.0,-2.0,10,-15.8,1.1,12,2012-12-10,-9.3,20121210,232
345,2012,0.0,2.8,8.4,70.5,0.0,-1.3,11,-14.9,1.2,12,2012-12-11,-6.8,20121211,232
346,2012,0.0,0.0,8.6,74.3,0.0,0.8,12,-13.7,0.7,12,2012-12-12,-7.6,20121212,232
347,2012,0.0,2.1,8.6,72.8,0.0,4.0,13,-11.8,1.1,12,2012-12-13,-4.1,20121213,232
348,2012,17.5,10.0,0.2,82.1,0.0,5.2,14,-2.8,2.6,12,2012-12-14,2.5,20121214,232
349,2012,0.2,9.3,0.0,95.1,0.0,4.8,15,-1.2,1.2,12,2012-12-15,2.4,20121215,232
350,2012,0.0,8.3,0.4,94.8,0.0,2.7,16,-2.4,0.8,12,2012-12-16,-0.3,20121216,232
351,2012,0.0,7.6,5.5,77.8,0.0,4.3,17,-1.5,3.3,12,2012-12-17,1.0,20121217,232
352,2012,0.0,2.3,8.6,57.0,0.0,-1.5,18,-5.9,3.8,12,2012-12-18,-4.4,20121218,232
353,2012,0.0,1.4,8.4,60.4,0.0,-1.1,19,-10.2,1.8,12,2012-12-19,-6.1,20121219,232
354,2012,0.0,3.6,7.5,68.3,0.0,1.3,20,-9.5,1.3,12,2012-12-20,-3.9,20121220,232
355,2012,1.3,8.9,0.1,72.8,2.0,1.4,21,-2.1,1.8,12,2012-12-21,0.0,20121221,232
356,2012,0.0,5.1,4.3,76.6,0.0,0.6,22,-4.8,2.7,12,2012-12-22,-1.3,20121222,232
357,2012,2.2,5.0,3.6,61.6,5.3,-2.4,23,-9.5,3.9,12,2012-12-23,-6.1,20121223,232
358,2012,0.1,2.0,8.5,63.8,0.5,-3.4,24,-15.9,1.0,12,2012-12-24,-8.8,20121224,232
359,2012,0.4,2.6,7.3,55.8,1.0,-2.6,25,-11.5,3.4,12,2012-12-25,-7.2,20121225,232
360,2012,0.0,0.6,8.5,45.3,0.0,-5.7,26,-15.6,1.8,12,2012-12-26,-10.6,20121226,232
361,2012,0.0,4.9,7.1,57.8,0.0,-0.3,27,-14.5,1.1,12,2012-12-27,-6.8,20121227,232
362,2012,1.0,8.1,0.0,80.8,1.5,0.2,28,-5.5,1.3,12,2012-12-28,-2.6,20121228,232
363,2012,1.6,8.1,0.8,88.1,2.4,3.0,29,-7.0,1.0,12,2012-12-29,-1.0,20121229,232
364,2012,1.0,4.6,6.7,66.1,1.4,0.5,30,-11.0,3.5,12,2012-12-30,-5.8,20121230,232
365,2012,0.0,1.0,8.2,62.3,0.0,-2.7,31,-13.4,1.1,12,2012-12-31,-8.4,20121231,232
