,sunshine,station_id,day,humid,tmin,date,wind,snow,Date,tavg,cloud,year,tmax,month,rainfall
0,3.2,232,1,65.3,-8.0,20080101,3.8,0.0,2008-01-01,-5.4,0.0,2008,-3.4,1,0.0
1,8.4,232,2,76.6,-10.6,20080102,1.4,0.0,2008-01-02,-4.8,0.0,2008,1.0,1,0.0
2,7.4,232,3,73.1,-6.5,20080103,1.8,0.0,2008-01-03,0.2,0.0,2008,6.4,1,0.0
3,7.3,232,4,77.5,-6.1,20080104,1.3,0.0,2008-01-04,-0.8,0.0,2008,4.6,1,0.0
4,7.8,232,5,83.6,-4.5,20080105,0.9,0.0,2008-01-05,-0.4,0.0,2008,6.5,1,0.0
5,0.9,232,6,84.6,-3.2,20080106,1.3,0.0,2008-01-06,2.6,0.0,2008,9.1,1,0.0
6,0.0,232,7,93.0,-1.3,20080107,0.9,0.0,2008-01-07,1.7,0.0,2008,6.5,1,0.0
7,0.0,232,8,87.6,-2.1,20080108,0.6,0.0,2008-01-08,0.6,0.0,2008,5.3,1,0.0
8,6.8,232,9,71.4,-3.2,20080109,1.2,0.0,2008-01-09,0.8,0.0,2008,7.4,1,0.0
9,5.5,232,10,68.8,-3.7,20080110,1.2,0.0,2008-01-10,0.4,0.0,2008,5.4,1,0.0
10,0.0,232,11,84.5,0.1,20080111,1.3,0.0,2008-01-11,1.3,0.0,2008,1.8,1,13.5
11,0.1,232,12,79.3,-2.1,20080112,2.6,0.0,2008-01-12,1.7,0.0,2008,5.1,1,0.4
12,4.2,232,13,50.6,-6.5,20080113,2.9,0.0,2008-01-13,-4.0,0.0,2008,-2.1,1,0.0
13,7.9,232,14,66.3,-6.3,20080114,2.1,0.0,2008-01-14,-2.4,0.0,2008,2.1,1,0.0
14,6.8,232,15,58.6,-8.7,20080115,1.9,0.0,2008-01-15,-3.9,0.0,2008,0.3,1,0.0
15,8.7,232,16,46.8,-9.2,20080116,3.6,0.0,2008-01-16,-5.7,0.0,2008,-2.4,1,0.0
16,3.8,232,17,51.9,-12.9,20080117,1.5,0.0,2008-01-17,-7.1,0.0,2008,-2.4,1,0.0
17,8.1,232,18,58.5,-11.8,20080118,1.5,0.0,2008-01-18,-6.0,0.0,2008,-0.4,1,0.0
18,5.3,232,19,60.9,-9.4,20080119,1.0,0.0,2008-01-19,-3.2,0.0,2008,2.2,1,0.0
19,0.0,232,20,76.3,-2.7,20080120,0.7,0.0,2008-01-20,0.2,0.0,2008,3.7,1,0.2
20,0.0,232,21,83.5,0.0,20080121,2.3,1.0,2008-01-21,1.4,0.0,2008,3.6,1,1.2
21,0.0,232,22,90.8,0.0,20080122,1.4,0.0,2008-01-22,1.1,0.0,2008,2.4,1,1.5
22,4.8,232,23,72.6,-6.7,20080123,4.4,0.0,2008-01-23,-1.5,0.0,2008,1.1,1,0.0
23,8.9,232,24,54.1,-8.8,20080124,3.8,0.0,2008-01-24,-6.2,0.0,2008,-3.2,1,0.0
24,7.3,232,25,56.1,-11.0,20080125,1.6,0.0,2008-01-25,-5.9,0.0,2008,-1.3,1,0.0
25,7.6,232,26,67.8,-9.7,20080126,1.5,0.0,2008-01-26,-4.7,0.0,2008,2.5,1,0.0
26,9.1,232,27,71.4,-10.4,20080127,1.0,0.0,2008-01-27,-3.7,0.0,2008,4.4,1,0.0
27,0.0,232,28,70.0,-6.3,20080128,1.2,0.0,2008-01-28,-2.4,0.0,2008,1.0,1,0.0
28,6.2,232,29,63.4,-4.1,20080129,1.5,0.0,2008-01-29,-0.8,0.0,2008,4.2,1,0.0
29,4.6,232,30,63.0,-6.1,20080130,3.3,0.5,2008-01-30,-1.8,0.0,2008,0.3,1,0.2
30,8.6,232,31,68.9,-9.0,20080131,2.3,0.0,2008-01-31,-5.0,0.0,2008,-0.6,1,0.0
31,8.9,232,1,61.8,-11.6,20080201,1.5,0.0,2008-02-01,-4.5,0.0,2008,2.0,2,0.0
32,7.9,232,2,67.6,-7.9,20080202,1.1,0.0,2008-02-02,-3.3,0.0,2008,3.7,2,0.0
33,6.9,232,3,72.3,-7.3,20080203,1.8,0.0,2008-02-03,-2.7,0.0,2008,4.4,2,0.0
34,7.2,232,4,66.6,-8.5,20080204,2.6,0.0,2008-02-04,-3.2,0.0,2008,2.8,2,0.0
35,1.7,232,5,63.0,-10.2,20080205,1.3,0.0,2008-02-05,-4.4,0.0,2008,0.3,2,0.0
36,9.4,232,6,62.3,-9.2,20080206,2.4,0.0,2008-02-06,-3.7,0.0,2008,1.1,2,0.0
37,8.7,232,7,69.3,-11.8,20080207,1.8,0.0,2008-02-07,-5.3,0.0,2008,1.2,2,0.0
38,3.8,232,8,67.0,-11.9,20080208,1.0,0.0,2008-02-08,-4.4,0.0,2008,1.6,2,0.0
39,5.2,232,9,71.8,-8.4,20080209,2.0,0.8,2008-02-09,-3.6,0.0,2008,0.5,2,0.4
40,6.9,232,10,67.4,-11.3,20080210,1.2,0.0,2008-02-10,-3.8,0.0,2008,3.7,2,0.0
41,3.7,232,11,61.6,-7.6,20080211,2.1,0.0,2008-02-11,-1.4,0.0,2008,4.4,2,0.0
42,9.4,232,12,41.9,-8.2,20080212,4.9,0.0,2008-02-12,-5.4,0.0,2008,-2.4,2,0.0
43,10.0,232,13,52.0,-13.4,20080213,2.6,0.0,2008-02-13,-7.3,0.0,2008,-1.5,2,0.0
44,10.0,232,14,57.1,-11.9,20080214,1.6,0.0,2008-02-14,-3.9,0.0,2008,3.4,2,0.0
45,10.0,232,15,46.0,-7.8,20080215,3.5,0.0,2008-02-15,-3.3,0.0,2008,0.6,2,0.0
46,9.0,232,16,54.6,-12.6,20080216,2.6,0.0,2008-02-16,-4.7,0.0,2008,1.0,2,0.0
47,9.5,232,17,57.4,-11.6,20080217,2.0,0.0,2008-02-17,-5.2,0.0,2008,1.9,2,0.0
48,9.1,232,18,55.6,-11.7,20080218,1.3,0.0,2008-02-18,-3.9,0.0,2008,4.5,2,0.0
49,8.9,232,19,67.5,-10.7,20080219,1.4,0.0,2008-02-19,-2.3,0.0,2008,6.2,2,0.0
50,8.7,232,20,57.4,-5.9,20080220,2.0,0.0,2008-02-20,0.4,0.0,2008,7.7,2,0.0
51,9.2,232,21,47.3,-8.5,20080221,1.5,0.0,2008-02-21,0.4,0.0,2008,10.8,2,0.0
52,7.6,232,22,56.1,-4.5,20080222,2.4,0.0,2008-02-22,5.2,0.0,2008,13.2,2,0.5
53,8.7,232,23,51.4,-4.3,20080223,5.4,0.0,2008-02-23,-1.9,0.0,2008,2.5,2,0.1
54,10.3,232,24,53.6,-10.5,20080224,1.6,0.0,2008-02-24,-2.9,0.0,2008,4.4,2,0.0
55,0.0,232,25,76.3,-7.7,20080225,1.6,3.7,2008-02-25,-1.0,0.0,2008,4.4,2,5.6
56,2.5,232,26,79.9,-2.9,20080226,3.3,6.6,2008-02-26,-0.7,0.0,2008,0.8,2,4.5
57,8.6,232,27,63.5,-9.7,20080227,2.7,0.0,2008-02-27,-0.6,0.0,2008,5.9,2,0.0
58,10.0,232,28,65.8,-6.3,20080228,1.9,0.0,2008-02-28,1.4,0.0,2008,8.6,2,0.0
59,3.8,232,29,62.8,-1.4,20080229,3.1,0.0,2008-02-29,4.2,0.0,2008,11.6,2,0.0
60,10.4,232,1,61.4,-2.8,20080301,2.4,0.0,2008-03-01,1.8,0.0,2008,7.5,3,0.0
61,0.0,232,2,69.5,-2.7,20080302,1.6,0.0,2008-03-02,2.4,0.0,2008,8.5,3,0.0
62,5.8,232,3,70.8,-0.9,20080303,2.8,0.0,2008-03-03,2.5,0.0,2008,7.7,3,0.0
63,8.0,232,4,74.8,-5.1,20080304,1.5,0.0,2008-03-04,0.1,0.0,2008,6.8,3,0.0
64,10.1,232,5,69.5,-5.5,20080305,1.6,0.0,2008-03-05,1.1,0.0,2008,8.7,3,0.0
65,5.1,232,6,73.8,-2.7,20080306,3.0,0.0,2008-03-06,2.7,0.0,2008,9.6,3,0.0
66,10.6,232,7,63.8,-4.2,20080307,2.1,0.0,2008-03-07,1.8,0.0,2008,8.1,3,0.0
67,10.2,232,8,62.5,-5.6,20080308,1.4,0.0,2008-03-08,3.1,0.0,2008,11.8,3,0.0
68,8.9,232,9,65.3,-1.8,20080309,1.8,0.0,2008-03-09,4.1,0.0,2008,12.2,3,0.0
69,7.7,232,10,72.3,-2.1,20080310,1.4,0.0,2008-03-10,5.0,0.0,2008,13.6,3,0.0
70,4.8,232,11,66.4,3.5,20080311,1.4,0.0,2008-03-11,9.6,0.0,2008,17.3,3,0.0
71,8.2,232,12,68.5,0.4,20080312,1.7,0.0,2008-03-12,9.5,0.0,2008,19.5,3,0.0
72,0.0,232,13,73.3,4.1,20080313,2.1,0.0,2008-03-13,9.7,0.0,2008,14.5,3,1.0
73,8.6,232,14,71.8,1.7,20080314,2.1,0.0,2008-03-14,7.3,0.0,2008,14.5,3,0.0
74,9.5,232,15,62.3,-0.6,20080315,2.8,0.0,2008-03-15,8.4,0.0,2008,16.2,3,0.0
75,9.3,232,16,57.5,0.0,20080316,3.1,0.0,2008-03-16,6.7,0.0,2008,12.0,3,0.0
76,10.1,232,17,53.1,-3.9,20080317,1.2,0.0,2008-03-17,6.3,0.0,2008,17.0,3,0.0
77,5.5,232,18,51.1,0.1,20080318,1.8,0.0,2008-03-18,10.2,0.0,2008,19.7,3,0.0
78,6.3,232,19,57.6,5.3,20080319,2.7,0.0,2008-03-19,10.4,0.0,2008,19.6,3,0.0
79,11.0,232,20,40.3,-1.5,20080320,1.2,0.0,2008-03-20,8.6,0.0,2008,18.4,3,0.0
80,9.4,232,21,38.3,0.6,20080321,2.2,0.0,2008-03-21,10.5,0.0,2008,20.7,3,0.0
81,3.2,232,22,42.1,7.4,20080322,2.4,0.0,2008-03-22,11.7,0.0,2008,17.2,3,5.5
82,0.0,232,23,91.8,5.6,20080323,2.2,0.0,2008-03-23,8.2,0.0,2008,10.4,3,32.0
83,9.0,232,24,73.0,3.1,20080324,3.6,0.0,2008-03-24,7.9,0.0,2008,15.4,3,0.5
84,3.6,232,25,71.8,-0.8,20080325,3.0,0.0,2008-03-25,4.7,0.0,2008,9.1,3,0.1
85,7.3,232,26,68.8,-0.8,20080326,2.4,0.0,2008-03-26,5.3,0.0,2008,11.2,3,0.0
86,7.5,232,27,64.6,3.6,20080327,3.2,0.0,2008-03-27,6.8,0.0,2008,10.8,3,0.0
87,9.5,232,28,64.6,-1.1,20080328,1.7,0.0,2008-03-28,6.4,0.0,2008,11.8,3,0.0
88,0.0,232,29,79.5,5.5,20080329,1.8,0.0,2008-03-29,7.1,0.0,2008,9.5,3,0.5
89,0.0,232,30,81.6,5.3,20080330,2.0,0.0,2008-03-30,6.8,0.0,2008,8.7,3,0.5
90,4.5,232,31,72.3,3.2,20080331,4.0,0.0,2008-03-31,6.9,0.0,2008,11.3,3,0.0
91,8.5,232,1,61.6,-0.7,20080401,2.6,0.0,2008-04-01,7.4,0.0,2008,14.1,4,0.0
92,1.1,232,2,66.8,3.4,20080402,2.9,0.0,2008-04-02,8.3,0.0,2008,14.1,4,0.0
93,10.5,232,3,59.5,-0.2,20080403,2.3,0.0,2008-04-03,7.6,0.0,2008,16.0,4,0.0
94,11.4,232,4,52.4,-1.2,20080404,2.3,0.0,2008-04-04,9.0,0.0,2008,19.0,4,0.0
95,9.6,232,5,58.0,3.6,20080405,1.7,0.0,2008-04-05,11.6,0.0,2008,20.4,4,0.0
96,7.6,232,6,52.9,2.3,20080406,2.3,0.0,2008-04-06,13.3,0.0,2008,23.7,4,4.5
97,4.4,232,7,77.5,7.5,20080407,1.7,0.0,2008-04-07,11.5,0.0,2008,17.3,4,1.5
98,10.8,232,8,52.6,3.9,20080408,1.9,0.0,2008-04-08,14.2,0.0,2008,23.7,4,0.0
99,0.0,232,9,61.1,9.3,20080409,4.2,0.0,2008-04-09,12.1,0.0,2008,15.1,4,11.0
100,7.4,232,10,67.1,8.0,20080410,2.5,0.0,2008-04-10,13.0,0.0,2008,20.0,4,6.5
101,8.0,232,11,68.0,4.3,20080411,2.1,0.0,2008-04-11,12.4,0.0,2008,20.5,4,0.0
102,3.3,232,12,68.8,4.7,20080412,2.5,0.0,2008-04-12,12.3,0.0,2008,18.0,4,0.0
103,2.1,232,13,72.0,7.0,20080413,1.9,0.0,2008-04-13,12.2,0.0,2008,17.0,4,0.0
104,11.8,232,14,61.4,2.3,20080414,1.6,0.0,2008-04-14,11.0,0.0,2008,20.4,4,0.0
105,10.6,232,15,55.8,3.2,20080415,1.6,0.0,2008-04-15,13.2,0.0,2008,22.9,4,0.0
106,9.1,232,16,57.8,6.2,20080416,1.4,0.0,2008-04-16,15.1,0.0,2008,24.8,4,0.0
107,7.7,232,17,59.8,8.9,20080417,2.4,0.0,2008-04-17,16.5,0.0,2008,23.7,4,0.0
108,11.8,232,18,58.0,6.9,20080418,1.7,0.0,2008-04-18,15.6,0.0,2008,24.3,4,0.0
109,11.3,232,19,50.1,6.5,20080419,1.5,0.0,2008-04-19,17.6,0.0,2008,28.1,4,0.0
110,8.0,232,20,36.1,8.4,20080420,3.6,0.0,2008-04-20,18.3,0.0,2008,24.8,4,0.0
111,0.1,232,21,31.8,14.9,20080421,3.3,0.0,2008-04-21,18.1,0.0,2008,22.7,4,0.0
112,0.0,232,22,48.3,12.6,20080422,1.9,0.0,2008-04-22,16.8,0.0,2008,21.0,4,6.0
113,1.2,232,23,77.1,7.2,20080423,3.7,0.0,2008-04-23,11.0,0.0,2008,14.1,4,2.5
114,11.6,232,24,50.3,4.7,20080424,3.2,0.0,2008-04-24,9.4,0.0,2008,14.8,4,0.0
115,5.8,232,25,47.4,6.8,20080425,4.2,0.0,2008-04-25,13.8,0.0,2008,21.3,4,0.5
116,1.2,232,26,73.1,5.6,20080426,4.1,0.0,2008-04-26,9.7,0.0,2008,13.6,4,1.5
117,4.4,232,27,73.0,2.5,20080427,1.6,0.0,2008-04-27,8.7,0.0,2008,14.6,4,0.0
118,11.4,232,28,61.1,2.2,20080428,1.7,0.0,2008-04-28,12.1,0.0,2008,21.8,4,0.0
119,6.8,232,29,71.6,6.4,20080429,1.6,0.0,2008-04-29,15.4,0.0,2008,23.7,4,0.0
120,8.7,232,30,67.5,10.6,20080430,2.0,0.0,2008-04-30,18.3,0.0,2008,25.9,4,0.0
121,9.6,232,1,63.5,13.3,20080501,2.2,0.0,2008-05-01,19.6,0.0,2008,27.0,5,0.0
122,10.0,232,2,68.3,11.8,20080502,1.5,0.0,2008-05-02,19.4,0.0,2008,27.4,5,0.0
123,10.2,232,3,65.4,11.9,20080503,1.4,0.0,2008-05-03,19.8,0.0,2008,28.9,5,0.0
124,0.0,232,4,72.0,14.8,20080504,1.8,0.0,2008-05-04,18.5,0.0,2008,21.9,5,1.5
125,12.9,232,5,53.6,8.7,20080505,4.1,0.0,2008-05-05,15.4,0.0,2008,21.8,5,0.5
126,11.9,232,6,39.3,7.1,20080506,2.8,0.0,2008-05-06,16.5,0.0,2008,26.0,5,0.0
127,7.4,232,7,41.0,9.1,20080507,2.7,0.0,2008-05-07,17.8,0.0,2008,25.8,5,0.0
128,0.6,232,8,62.8,14.1,20080508,1.6,0.0,2008-05-08,18.2,0.0,2008,24.1,5,0.0
129,6.3,232,9,41.1,12.1,20080509,4.0,0.0,2008-05-09,17.8,0.0,2008,23.4,5,0.0
130,11.0,232,10,41.5,7.7,20080510,2.9,0.0,2008-05-10,15.4,0.0,2008,21.6,5,0.0
131,13.0,232,11,49.9,8.3,20080511,2.6,0.0,2008-05-11,14.9,0.0,2008,22.5,5,0.0
132,4.8,232,12,47.5,10.0,20080512,3.9,0.0,2008-05-12,14.9,0.0,2008,19.7,5,0.0
133,4.7,232,13,76.1,9.7,20080513,2.3,0.0,2008-05-13,11.7,0.0,2008,16.3,5,3.0
134,12.1,232,14,63.8,7.2,20080514,1.9,0.0,2008-05-14,12.9,0.0,2008,18.4,5,0.0
135,9.9,232,15,65.3,6.3,20080515,1.6,0.0,2008-05-15,13.8,0.0,2008,20.9,5,0.0
136,10.2,232,16,62.4,8.9,20080516,1.8,0.0,2008-05-16,15.2,0.0,2008,22.6,5,0.0
137,9.6,232,17,56.3,7.3,20080517,1.4,0.0,2008-05-17,16.2,0.0,2008,24.7,5,0.0
138,0.0,232,18,81.4,11.9,20080518,1.6,0.0,2008-05-18,14.2,0.0,2008,17.5,5,51.0
139,10.3,232,19,66.5,10.7,20080519,4.0,0.0,2008-05-19,14.3,0.0,2008,20.7,5,0.1
140,12.0,232,20,68.5,8.2,20080520,2.0,0.0,2008-05-20,15.1,0.0,2008,21.3,5,0.0
141,6.1,232,21,48.3,12.3,20080521,3.1,0.0,2008-05-21,19.2,0.0,2008,25.8,5,0.0
142,5.5,232,22,67.0,14.5,20080522,2.2,0.0,2008-05-22,21.0,0.0,2008,26.7,5,0.0
143,0.0,232,23,75.8,16.0,20080523,1.3,0.0,2008-05-23,20.8,0.0,2008,25.2,5,0.0
144,3.8,232,24,69.3,16.9,20080524,1.4,0.0,2008-05-24,22.1,0.0,2008,27.7,5,0.0
145,10.4,232,25,72.4,15.7,20080525,1.9,0.0,2008-05-25,20.8,0.0,2008,28.2,5,0.0
146,6.3,232,26,71.8,15.2,20080526,1.6,0.0,2008-05-26,19.1,0.0,2008,24.9,5,0.0
147,7.4,232,27,61.9,15.0,20080527,2.4,0.0,2008-05-27,21.7,0.0,2008,29.5,5,0.0
148,0.0,232,28,82.3,18.7,20080528,2.0,0.0,2008-05-28,20.7,0.0,2008,22.9,5,6.5
149,8.3,232,29,72.0,18.9,20080529,2.3,0.0,2008-05-29,22.9,0.0,2008,27.4,5,0.0
150,1.5,232,30,63.3,12.1,20080530,2.1,0.0,2008-05-30,18.8,0.0,2008,22.2,5,0.0
151,12.5,232,31,60.3,8.2,20080531,2.0,0.0,2008-05-31,16.8,0.0,2008,24.8,5,0.0
152,9.2,232,1,53.1,12.7,20080601,2.0,0.0,2008-06-01,20.3,0.0,2008,26.3,6,0.0
153,5.2,232,2,66.0,14.4,20080602,2.4,0.0,2008-06-02,19.6,0.0,2008,25.6,6,15.0
154,6.7,232,3,67.6,15.6,20080603,2.2,0.0,2008-06-03,20.3,0.0,2008,25.6,6,0.5
155,1.5,232,4,72.0,16.2,20080604,3.2,0.0,2008-06-04,17.9,0.0,2008,19.8,6,0.2
156,0.0,232,5,87.1,14.6,20080605,1.7,0.0,2008-06-05,15.7,0.0,2008,17.9,6,5.5
157,2.4,232,6,77.1,14.9,20080606,2.1,0.0,2008-06-06,18.0,0.0,2008,22.8,6,0.0
158,4.7,232,7,74.5,15.0,20080607,1.4,0.0,2008-06-07,19.2,0.0,2008,25.2,6,0.0
159,4.4,232,8,79.4,14.7,20080608,1.7,0.0,2008-06-08,18.6,0.0,2008,25.2,6,20.0
160,9.3,232,9,74.5,15.6,20080609,1.5,0.0,2008-06-09,21.3,0.0,2008,27.6,6,0.1
161,4.9,232,10,75.6,19.1,20080610,1.4,0.0,2008-06-10,22.7,0.0,2008,27.8,6,0.0
162,2.7,232,11,66.9,17.6,20080611,2.3,0.0,2008-06-11,22.0,0.0,2008,27.4,6,0.0
163,13.1,232,12,62.1,13.4,20080612,1.7,0.0,2008-06-12,21.7,0.0,2008,29.2,6,0.0
164,7.7,232,13,76.9,17.3,20080613,1.6,0.0,2008-06-13,21.7,0.0,2008,28.8,6,0.0
165,7.1,232,14,69.3,16.3,20080614,2.6,0.0,2008-06-14,22.0,0.0,2008,26.8,6,0.0
166,11.8,232,15,54.3,17.4,20080615,4.1,0.0,2008-06-15,21.5,0.0,2008,26.8,6,0.0
167,9.7,232,16,55.4,14.4,20080616,3.2,0.0,2008-06-16,21.1,0.0,2008,27.3,6,0.0
168,1.0,232,17,65.1,18.2,20080617,3.3,0.0,2008-06-17,22.7,0.0,2008,26.4,6,0.1
169,0.0,232,18,90.0,18.4,20080618,2.9,0.0,2008-06-18,19.9,0.0,2008,24.4,6,68.5
170,5.3,232,19,79.4,18.0,20080619,1.7,0.0,2008-06-19,21.8,0.0,2008,27.3,6,0.1
171,4.2,232,20,76.1,19.0,20080620,1.4,0.0,2008-06-20,23.9,0.0,2008,29.4,6,0.0
172,0.0,232,21,82.3,21.0,20080621,2.1,0.0,2008-06-21,22.3,0.0,2008,23.9,6,0.1
173,1.9,232,22,70.9,20.2,20080622,2.0,0.0,2008-06-22,23.0,0.0,2008,26.9,6,0.1
174,5.8,232,23,73.8,18.0,20080623,1.8,0.0,2008-06-23,21.9,0.0,2008,26.7,6,0.0
175,5.7,232,24,70.5,18.9,20080624,1.9,0.0,2008-06-24,21.7,0.0,2008,25.7,6,0.0
176,6.9,232,25,69.1,18.0,20080625,1.7,0.0,2008-06-25,22.5,0.0,2008,28.4,6,0.0
177,9.5,232,26,73.8,17.6,20080626,2.0,0.0,2008-06-26,23.1,0.0,2008,28.5,6,0.0
178,9.3,232,27,72.8,17.2,20080627,1.6,0.0,2008-06-27,22.7,0.0,2008,29.4,6,0.0
179,0.0,232,28,85.6,18.7,20080628,2.0,0.0,2008-06-28,20.2,0.0,2008,22.8,6,9.0
180,0.1,232,29,83.4,18.5,20080629,1.7,0.0,2008-06-29,20.5,0.0,2008,23.7,6,7.5
181,4.2,232,30,81.9,17.0,20080630,1.5,0.0,2008-06-30,21.7,0.0,2008,27.0,6,0.0
182,0.2,232,1,76.1,19.2,20080701,1.5,0.0,2008-07-01,23.4,0.0,2008,26.9,7,0.0
183,0.3,232,2,77.0,21.2,20080702,2.5,0.0,2008-07-02,24.1,0.0,2008,26.4,7,0.4
184,3.0,232,3,82.5,21.3,20080703,2.2,0.0,2008-07-03,23.3,0.0,2008,27.1,7,8.5
185,4.1,232,4,80.4,21.4,20080704,2.1,0.0,2008-07-04,25.3,0.0,2008,30.5,7,0.0
186,0.6,232,5,81.1,22.0,20080705,2.0,0.0,2008-07-05,25.8,0.0,2008,29.3,7,0.0
187,9.6,232,6,73.0,25.2,20080706,3.0,0.0,2008-07-06,28.6,0.0,2008,33.2,7,0.0
188,2.0,232,7,81.1,24.2,20080707,1.4,0.0,2008-07-07,26.9,0.0,2008,30.9,7,0.0
189,8.6,232,8,72.0,23.2,20080708,1.4,0.0,2008-07-08,27.8,0.0,2008,33.2,7,0.0
190,12.2,232,9,70.1,20.7,20080709,1.8,0.0,2008-07-09,27.1,0.0,2008,32.8,7,0.0
191,9.2,232,10,70.5,20.2,20080710,1.8,0.0,2008-07-10,26.3,0.0,2008,32.1,7,0.0
192,0.6,232,11,74.5,22.9,20080711,1.1,0.0,2008-07-11,26.3,0.0,2008,30.0,7,0.0
193,1.3,232,12,80.4,22.3,20080712,2.0,0.0,2008-07-12,25.6,0.0,2008,29.5,7,0.5
194,0.4,232,13,83.5,22.7,20080713,1.5,0.0,2008-07-13,25.9,0.0,2008,29.7,7,46.0
195,3.7,232,14,79.5,21.6,20080714,1.3,0.0,2008-07-14,27.0,0.0,2008,32.9,7,0.0
196,2.9,232,15,77.3,24.4,20080715,1.5,0.0,2008-07-15,27.8,0.0,2008,32.3,7,0.0
197,1.6,232,16,81.0,22.7,20080716,2.2,0.0,2008-07-16,25.8,0.0,2008,29.7,7,29.5
198,8.7,232,17,77.1,21.3,20080717,1.5,0.0,2008-07-17,25.0,0.0,2008,30.9,7,0.0
199,2.8,232,18,78.4,19.5,20080718,1.3,0.0,2008-07-18,25.3,0.0,2008,31.4,7,0.0
200,0.4,232,19,90.9,22.4,20080719,1.7,0.0,2008-07-19,24.4,0.0,2008,27.4,7,85.0
201,1.3,232,20,85.1,23.5,20080720,2.8,0.0,2008-07-20,26.2,0.0,2008,30.3,7,41.0
202,0.0,232,21,85.1,22.8,20080721,2.3,0.0,2008-07-21,24.1,0.0,2008,26.0,7,1.5
203,2.7,232,22,81.3,21.9,20080722,1.2,0.0,2008-07-22,25.0,0.0,2008,29.6,7,0.0
204,0.0,232,23,85.4,21.4,20080723,1.4,0.0,2008-07-23,24.0,0.0,2008,28.0,7,13.5
205,0.0,232,24,88.3,23.1,20080724,1.6,0.0,2008-07-24,25.8,0.0,2008,28.0,7,34.0
206,0.8,232,25,86.6,23.7,20080725,1.4,0.0,2008-07-25,25.6,0.0,2008,29.6,7,13.0
207,0.0,232,26,88.5,23.1,20080726,1.3,0.0,2008-07-26,24.5,0.0,2008,26.5,7,11.0
208,1.9,232,27,82.3,23.1,20080727,1.3,0.0,2008-07-27,26.0,0.0,2008,30.3,7,0.5
209,7.0,232,28,79.6,22.3,20080728,1.2,0.0,2008-07-28,27.3,0.0,2008,32.5,7,0.0
210,12.1,232,29,76.6,22.8,20080729,1.4,0.0,2008-07-29,27.9,0.0,2008,33.4,7,0.0
211,0.6,232,30,87.4,23.6,20080730,1.2,0.0,2008-07-30,25.5,0.0,2008,30.7,7,2.5
212,2.1,232,31,80.0,23.5,20080731,1.6,0.0,2008-07-31,26.9,0.0,2008,31.6,7,0.3
213,6.7,232,1,70.9,24.0,20080801,2.4,0.0,2008-08-01,28.2,0.0,2008,32.3,8,0.0
214,1.2,232,2,79.3,25.5,20080802,2.8,0.0,2008-08-02,27.3,0.0,2008,31.3,8,3.0
215,6.7,232,3,78.0,20.8,20080803,2.3,0.0,2008-08-03,25.4,0.0,2008,30.7,8,0.0
216,9.1,232,4,76.3,18.5,20080804,1.4,0.0,2008-08-04,23.9,0.0,2008,31.4,8,0.0
217,10.4,232,5,75.3,18.9,20080805,1.3,0.0,2008-08-05,24.9,0.0,2008,31.9,8,0.0
218,7.7,232,6,75.4,19.0,20080806,1.2,0.0,2008-08-06,25.7,0.0,2008,33.1,8,0.0
219,11.6,232,7,63.9,21.6,20080807,1.8,0.0,2008-08-07,26.7,0.0,2008,32.7,8,0.0
220,12.7,232,8,61.4,20.7,20080808,1.9,0.0,2008-08-08,27.7,0.0,2008,34.2,8,0.5
221,6.5,232,9,77.6,22.2,20080809,1.9,0.0,2008-08-09,26.8,0.0,2008,33.6,8,23.0
222,12.3,232,10,74.0,22.8,20080810,2.2,0.0,2008-08-10,27.9,0.0,2008,33.0,8,0.0
223,5.5,232,11,74.8,24.3,20080811,2.2,0.0,2008-08-11,27.6,0.0,2008,32.9,8,0.5
224,0.0,232,12,86.4,25.0,20080812,1.2,0.0,2008-08-12,26.6,0.0,2008,28.8,8,8.5
225,1.1,232,13,85.8,24.2,20080813,1.5,0.0,2008-08-13,26.6,0.0,2008,29.7,8,3.0
226,9.2,232,14,77.9,22.4,20080814,1.2,0.0,2008-08-14,27.1,0.0,2008,32.5,8,0.0
227,1.2,232,15,82.1,22.9,20080815,1.5,0.0,2008-08-15,25.7,0.0,2008,29.9,8,6.5
228,0.1,232,16,80.4,19.0,20080816,2.8,0.0,2008-08-16,21.8,0.0,2008,24.0,8,39.0
229,0.2,232,17,75.5,19.1,20080817,2.3,0.0,2008-08-17,23.1,0.0,2008,26.6,8,0.3
230,0.3,232,18,80.4,21.6,20080818,3.1,0.0,2008-08-18,24.5,0.0,2008,27.6,8,19.5
231,8.5,232,19,72.0,20.8,20080819,3.2,0.0,2008-08-19,23.9,0.0,2008,27.6,8,0.0
232,6.4,232,20,75.5,18.8,20080820,1.3,0.0,2008-08-20,23.3,0.0,2008,28.6,8,0.0
233,10.4,232,21,69.1,17.7,20080821,2.4,0.0,2008-08-21,22.9,0.0,2008,27.5,8,0.0
234,0.0,232,22,85.5,16.8,20080822,3.2,0.0,2008-08-22,19.6,0.0,2008,22.2,8,34.0
235,0.0,232,23,87.4,18.7,20080823,2.3,0.0,2008-08-23,21.2,0.0,2008,23.5,8,1.0
236,10.3,232,24,76.9,16.8,20080824,1.1,0.0,2008-08-24,22.9,0.0,2008,28.9,8,0.0
237,8.4,232,25,74.6,19.5,20080825,1.8,0.0,2008-08-25,23.6,0.0,2008,29.3,8,0.0
238,7.7,232,26,72.5,18.6,20080826,1.9,0.0,2008-08-26,22.2,0.0,2008,27.6,8,0.0
239,10.2,232,27,73.9,15.6,20080827,1.2,0.0,2008-08-27,21.9,0.0,2008,28.5,8,0.0
240,10.0,232,28,74.5,17.7,20080828,1.4,0.0,2008-08-28,23.2,0.0,2008,29.5,8,0.0
241,8.6,232,29,78.8,17.3,20080829,1.0,0.0,2008-08-29,23.1,0.0,2008,30.3,8,0.0
242,10.2,232,30,73.9,18.9,20080830,2.0,0.0,2008-08-30,23.5,0.0,2008,29.5,8,0.0
243,11.4,232,31,69.5,18.0,20080831,2.2,0.0,2008-08-31,23.2,0.0,2008,28.3,8,0.0
244,0.0,232,1,87.9,21.2,20080901,1.4,0.0,2008-09-01,22.2,0.0,2008,23.7,9,33.5
245,1.2,232,2,87.4,18.5,20080902,1.3,0.0,2008-09-02,21.1,0.0,2008,25.5,9,21.5
246,7.5,232,3,82.1,17.7,20080903,1.1,0.0,2008-09-03,21.9,0.0,2008,29.6,9,0.0
247,2.5,232,4,78.0,18.8,20080904,1.5,0.0,2008-09-04,22.1,0.0,2008,28.0,9,0.0
248,0.7,232,5,76.0,19.4,20080905,1.7,0.0,2008-09-05,22.3,0.0,2008,27.0,9,0.0
249,6.7,232,6,80.4,17.6,20080906,1.1,0.0,2008-09-06,22.3,0.0,2008,28.8,9,0.1
250,10.9,232,7,75.5,15.9,20080907,1.0,0.0,2008-09-07,23.1,0.0,2008,30.9,9,0.0
251,5.2,232,8,78.1,18.9,20080908,1.2,0.0,2008-09-08,24.1,0.0,2008,30.4,9,0.0
252,9.7,232,9,73.3,18.2,20080909,1.7,0.0,2008-09-09,23.6,0.0,2008,31.0,9,0.0
253,9.2,232,10,77.5,18.6,20080910,1.9,0.0,2008-09-10,23.0,0.0,2008,29.3,9,0.0
254,1.9,232,11,81.6,18.7,20080911,1.5,0.0,2008-09-11,22.2,0.0,2008,28.2,9,0.0
255,9.0,232,12,78.4,16.1,20080912,1.2,0.0,2008-09-12,22.3,0.0,2008,28.9,9,0.0
256,9.3,232,13,71.0,15.7,20080913,1.3,0.0,2008-09-13,21.9,0.0,2008,29.9,9,0.0
257,9.7,232,14,77.5,14.8,20080914,1.5,0.0,2008-09-14,22.5,0.0,2008,30.2,9,0.0
258,3.4,232,15,80.6,18.8,20080915,1.6,0.0,2008-09-15,23.2,0.0,2008,29.6,9,0.1
259,9.5,232,16,79.3,16.3,20080916,0.9,0.0,2008-09-16,22.2,0.0,2008,30.4,9,0.0
260,10.6,232,17,72.1,15.5,20080917,1.1,0.0,2008-09-17,22.7,0.0,2008,31.4,9,0.0
261,11.2,232,18,71.0,17.2,20080918,1.8,0.0,2008-09-18,23.0,0.0,2008,31.3,9,0.0
262,7.0,232,19,72.4,15.4,20080919,1.3,0.0,2008-09-19,22.3,0.0,2008,30.9,9,0.0
263,0.9,232,20,80.5,20.3,20080920,1.8,0.0,2008-09-20,22.0,0.0,2008,25.3,9,20.5
264,7.0,232,21,81.5,19.6,20080921,1.6,0.0,2008-09-21,22.5,0.0,2008,28.1,9,0.0
265,0.3,232,22,78.5,19.0,20080922,1.6,0.0,2008-09-22,22.7,0.0,2008,27.3,9,0.5
266,1.2,232,23,83.4,19.9,20080923,1.3,0.0,2008-09-23,22.8,0.0,2008,27.2,9,1.5
267,0.5,232,24,81.6,18.3,20080924,1.7,0.0,2008-09-24,21.8,0.0,2008,25.5,9,0.1
268,0.0,232,25,87.0,13.8,20080925,1.1,0.0,2008-09-25,17.5,0.0,2008,19.8,9,11.5
269,7.0,232,26,47.3,9.6,20080926,3.5,0.0,2008-09-26,15.0,0.0,2008,18.0,9,0.0
270,7.0,232,27,65.5,7.3,20080927,1.5,0.0,2008-09-27,12.2,0.0,2008,19.6,9,0.0
271,3.6,232,28,66.5,9.1,20080928,1.2,0.0,2008-09-28,14.7,0.0,2008,21.1,9,0.0
272,8.5,232,29,70.5,10.4,20080929,1.5,0.0,2008-09-29,16.1,0.0,2008,23.3,9,0.0
273,2.0,232,30,77.5,8.9,20080930,0.9,0.0,2008-09-30,15.2,0.0,2008,23.2,9,0.0
274,7.9,232,1,80.0,9.5,20081001,1.1,0.0,2008-10-01,16.9,0.0,2008,25.9,10,0.0
275,9.9,232,2,73.1,13.1,20081002,2.0,0.0,2008-10-02,18.7,0.0,2008,25.7,10,0.0
276,7.2,232,3,78.6,11.1,20081003,1.2,0.0,2008-10-03,18.0,0.0,2008,25.1,10,0.0
277,4.3,232,4,77.6,12.4,20081004,1.1,0.0,2008-10-04,17.3,0.0,2008,24.9,10,0.0
278,1.2,232,5,79.0,12.4,20081005,1.2,0.0,2008-10-05,17.6,0.0,2008,24.2,10,0.0
279,7.9,232,6,77.3,10.1,20081006,1.5,0.0,2008-10-06,16.3,0.0,2008,23.0,10,0.0
280,8.3,232,7,76.0,10.1,20081007,1.1,0.0,2008-10-07,15.4,0.0,2008,22.3,10,0.0
281,5.3,232,8,74.3,8.7,20081008,1.4,0.0,2008-10-08,16.3,0.0,2008,23.5,10,0.0
282,9.4,232,9,75.6,11.7,20081009,0.9,0.0,2008-10-09,17.4,0.0,2008,25.6,10,0.0
283,0.1,232,10,79.3,9.6,20081010,1.2,0.0,2008-10-10,16.4,0.0,2008,21.2,10,0.8
284,10.6,232,11,64.4,5.3,20081011,2.0,0.0,2008-10-11,11.6,0.0,2008,18.9,10,0.0
285,8.7,232,12,71.1,5.5,20081012,1.2,0.0,2008-10-12,11.1,0.0,2008,20.4,10,0.0
286,7.9,232,13,71.6,4.2,20081013,1.1,0.0,2008-10-13,12.7,0.0,2008,22.0,10,0.0
287,10.1,232,14,75.6,5.2,20081014,1.3,0.0,2008-10-14,13.7,0.0,2008,22.7,10,0.0
288,7.1,232,15,82.4,7.3,20081015,1.0,0.0,2008-10-15,14.2,0.0,2008,23.1,10,0.0
289,4.8,232,16,81.9,8.9,20081016,1.5,0.0,2008-10-16,15.6,0.0,2008,24.2,10,0.0
290,8.0,232,17,77.9,10.2,20081017,1.0,0.0,2008-10-17,16.0,0.0,2008,26.0,10,0.0
291,9.3,232,18,72.8,8.4,20081018,1.2,0.0,2008-10-18,16.1,0.0,2008,27.8,10,0.0
292,2.1,232,19,75.3,9.0,20081019,1.0,0.0,2008-10-19,15.7,0.0,2008,23.5,10,0.0
293,6.3,232,20,76.9,10.9,20081020,0.9,0.0,2008-10-20,17.0,0.0,2008,26.8,10,0.0
294,5.5,232,21,65.8,10.1,20081021,1.5,0.0,2008-10-21,17.8,0.0,2008,25.3,10,0.0
295,0.0,232,22,85.4,14.7,20081022,1.9,0.0,2008-10-22,16.2,0.0,2008,18.6,10,16.0
296,0.1,232,23,82.0,14.8,20081023,2.4,0.0,2008-10-23,17.9,0.0,2008,22.2,10,4.0
297,5.4,232,24,68.1,4.6,20081024,2.5,0.0,2008-10-24,10.9,0.0,2008,17.0,10,0.0
298,3.8,232,25,72.1,4.1,20081025,2.3,0.0,2008-10-25,11.3,0.0,2008,17.1,10,8.0
299,7.4,232,26,64.4,6.8,20081026,2.1,0.0,2008-10-26,12.9,0.0,2008,17.3,10,0.1
300,4.4,232,27,58.5,7.2,20081027,2.5,0.0,2008-10-27,11.7,0.0,2008,16.4,10,0.0
301,6.5,232,28,68.5,5.1,20081028,1.7,0.0,2008-10-28,10.7,5.1,2008,17.1,10,0.0
302,2.8,232,29,75.6,6.2,20081029,1.4,0.0,2008-10-29,11.2,6.6,2008,17.9,10,0.0
303,7.9,232,30,74.3,3.2,20081030,1.1,0.0,2008-10-30,9.2,1.5,2008,16.3,10,0.0
304,0.8,232,31,83.5,5.0,20081031,2.0,0.0,2008-10-31,9.4,5.5,2008,15.5,10,1.5
305,5.1,232,1,82.5,2.4,20081101,1.5,0.0,2008-11-01,8.5,6.1,2008,16.5,11,0.0
306,1.6,232,2,76.5,5.9,20081102,1.6,0.0,2008-11-02,11.3,6.6,2008,17.8,11,0.0
307,5.7,232,3,70.1,3.8,20081103,2.0,0.0,2008-11-03,10.2,1.9,2008,18.9,11,0.0
308,9.6,232,4,63.5,-1.4,20081104,0.9,0.0,2008-11-04,5.7,0.0,2008,15.1,11,0.0
309,8.7,232,5,57.8,0.4,20081105,1.3,0.0,2008-11-05,9.5,2.0,2008,19.8,11,0.0
310,2.7,232,6,66.6,6.2,20081106,2.1,0.0,2008-11-06,15.8,7.8,2008,22.0,11,0.0
311,0.0,232,7,75.0,9.3,20081107,1.7,0.0,2008-11-07,12.6,9.5,2008,16.2,11,0.0
312,3.8,232,8,62.6,3.8,20081108,1.1,0.0,2008-11-08,10.7,7.0,2008,16.2,11,0.0
313,4.8,232,9,68.5,7.0,20081109,1.6,0.0,2008-11-09,11.2,5.4,2008,16.1,11,0.4
314,7.8,232,10,73.5,3.0,20081110,1.1,0.0,2008-11-10,8.7,2.9,2008,16.2,11,0.0
315,9.2,232,11,65.9,2.5,20081111,1.5,0.0,2008-11-11,8.2,0.0,2008,16.0,11,0.0
316,9.1,232,12,71.3,-0.1,20081112,0.8,0.0,2008-11-12,7.1,0.1,2008,16.4,11,0.0
317,8.2,232,13,74.1,-0.1,20081113,1.4,0.0,2008-11-13,8.4,2.0,2008,17.4,11,0.0
318,5.0,232,14,75.8,2.6,20081114,0.8,0.0,2008-11-14,8.7,4.4,2008,16.0,11,0.0
319,0.0,232,15,77.0,4.5,20081115,1.2,0.0,2008-11-15,10.2,9.5,2008,15.8,11,0.4
320,4.1,232,16,69.6,2.0,20081116,1.9,0.0,2008-11-16,8.0,3.3,2008,12.9,11,0.0
321,1.4,232,17,63.1,-0.8,20081117,2.5,0.0,2008-11-17,3.6,6.1,2008,9.9,11,0.0
322,6.8,232,18,52.4,-3.9,20081118,2.4,6.6,2008-11-18,-1.3,4.9,2008,3.1,11,1.9
323,7.0,232,19,59.4,-8.0,20081119,2.5,0.0,2008-11-19,-3.1,2.4,2008,1.2,11,0.0
324,2.6,232,20,78.1,-5.6,20081120,2.5,0.0,2008-11-20,0.8,5.8,2008,7.1,11,0.4
325,8.8,232,21,66.3,-2.8,20081121,2.5,0.0,2008-11-21,3.4,1.8,2008,8.0,11,2.5
326,2.9,232,22,71.8,-3.9,20081122,1.3,0.0,2008-11-22,3.4,5.3,2008,10.2,11,0.0
327,7.6,232,23,73.1,-0.4,20081123,0.9,0.0,2008-11-23,5.4,4.6,2008,13.6,11,0.0
328,0.1,232,24,74.6,1.4,20081124,1.1,0.0,2008-11-24,6.2,7.5,2008,11.9,11,0.0
329,3.1,232,25,86.4,-0.1,20081125,1.1,0.0,2008-11-25,4.8,6.5,2008,10.9,11,2.0
330,4.1,232,26,79.9,-1.3,20081126,1.1,0.0,2008-11-26,4.8,4.8,2008,11.0,11,0.0
331,0.0,232,27,83.6,1.7,20081127,2.3,0.0,2008-11-27,4.8,8.5,2008,6.9,11,5.5
332,1.2,232,28,81.5,0.9,20081128,1.7,0.0,2008-11-28,5.2,7.9,2008,9.2,11,0.0
333,1.4,232,29,64.6,1.4,20081129,3.7,0.0,2008-11-29,4.3,6.6,2008,6.4,11,3.5
334,8.7,232,30,68.3,-3.6,20081130,0.9,0.0,2008-11-30,2.2,0.0,2008,9.2,11,0.0
335,4.3,232,1,60.1,1.2,20081201,3.1,0.0,2008-12-01,6.3,3.6,2008,12.3,12,0.0
336,6.5,232,2,69.5,-0.6,20081202,1.6,0.0,2008-12-02,6.9,1.3,2008,13.5,12,0.0
337,7.5,232,3,63.8,-3.4,20081203,1.4,0.0,2008-12-03,4.9,3.0,2008,13.8,12,0.0
338,0.0,232,4,71.8,2.7,20081204,3.4,0.0,2008-12-04,6.5,9.5,2008,10.3,12,3.0
339,1.8,232,5,50.6,-9.8,20081205,4.5,0.2,2008-12-05,-5.0,6.3,2008,2.7,12,0.2
340,8.6,232,6,49.9,-11.1,20081206,2.4,0.0,2008-12-06,-7.7,1.1,2008,-3.5,12,0.0
341,3.8,232,7,62.9,-8.0,20081207,2.9,0.0,2008-12-07,-0.5,7.5,2008,3.9,12,0.0
342,4.7,232,8,70.5,2.5,20081208,2.6,0.0,2008-12-08,6.2,6.0,2008,11.7,12,1.0
343,5.8,232,9,68.3,2.0,20081209,2.1,0.0,2008-12-09,7.4,1.0,2008,13.8,12,0.0
344,6.6,232,10,75.5,2.2,20081210,1.4,0.0,2008-12-10,8.8,2.4,2008,15.8,12,0.0
345,5.5,232,11,70.8,-1.4,20081211,3.0,0.0,2008-12-11,4.2,4.5,2008,8.5,12,3.0
346,8.2,232,12,76.1,-3.0,20081212,1.2,0.0,2008-12-12,2.2,3.3,2008,10.1,12,0.0
347,2.3,232,13,67.5,-1.6,20081213,2.0,0.0,2008-12-13,1.7,6.4,2008,5.5,12,0.0
348,8.4,232,14,55.5,-7.0,20081214,1.7,0.0,2008-12-14,-1.6,1.0,2008,3.8,12,0.0
349,7.1,232,15,64.0,-3.4,20081215,1.4,0.0,2008-12-15,1.0,3.1,2008,7.7,12,0.0
350,5.9,232,16,73.6,-4.8,20081216,1.7,0.0,2008-12-16,2.4,4.3,2008,8.6,12,0.0
351,1.6,232,17,71.5,2.9,20081217,3.6,0.0,2008-12-17,6.4,7.0,2008,12.2,12,0.5
352,8.3,232,18,67.5,-4.3,20081218,2.1,0.0,2008-12-18,0.4,0.4,2008,4.6,12,0.0
353,5.0,232,19,72.6,-6.3,20081219,1.6,0.0,2008-12-19,0.4,3.5,2008,7.6,12,0.0
354,1.2,232,20,60.5,-1.1,20081220,2.9,0.0,2008-12-20,2.9,9.0,2008,5.6,12,5.5
355,1.7,232,21,65.0,-1.6,20081221,1.6,0.0,2008-12-21,-0.3,7.9,2008,2.5,12,0.0
356,5.2,232,22,65.9,-5.4,20081222,3.6,0.2,2008-12-22,-3.5,5.1,2008,-0.1,12,0.1
357,7.5,232,23,75.1,-4.5,20081223,1.2,1.8,2008-12-23,-1.3,5.1,2008,3.7,12,1.6
358,1.3,232,24,71.1,-1.9,20081224,2.1,0.0,2008-12-24,2.7,7.8,2008,7.4,12,0.0
359,8.0,232,25,49.0,-4.3,20081225,4.6,0.0,2008-12-25,0.3,2.8,2008,4.4,12,0.0
360,8.4,232,26,50.6,-8.7,20081226,2.3,0.0,2008-12-26,-4.9,1.1,2008,-1.2,12,0.0
361,8.4,232,27,68.3,-10.5,20081227,0.7,0.0,2008-12-27,-4.3,0.4,2008,3.4,12,0.0
362,6.0,232,28,69.9,-6.8,20081228,0.9,0.0,2008-12-28,-1.0,6.5,2008,5.4,12,0.0
363,0.7,232,29,81.4,-2.0,20081229,1.2,0.0,2008-12-29,1.1,8.1,2008,4.6,12,0.4
364,3.5,232,30,67.9,-5.4,20081230,3.3,1.2,2008-12-30,-2.6,7.1,2008,1.7,12,0.4
365,5.2,232,31,62.0,-8.8,20081231,2.5,0.3,2008-12-31,-4.7,4.6,2008,-1.1,12,0.1
