,tmin,cloud,sunshine,tavg,wind,day,rainfall,date,humid,tmax,year,snow,Date,station_id,month
0,-7.3,4.1,0.0,-5.7,4.3,1,0.3,20150101,61.0,-3.6,2015,1.0,2015-01-01,232,1
1,-9.9,3.1,0.0,-5.0,2.3,2,0.0,20150102,61.4,-0.7,2015,0.0,2015-01-02,232,1
2,-11.2,4.9,0.0,-3.7,1.5,3,0.0,20150103,71.8,2.5,2015,0.0,2015-01-03,232,1
3,-2.3,2.6,0.0,1.9,1.8,4,0.0,20150104,74.8,9.8,2015,0.0,2015-01-04,232,1
4,-3.4,7.1,0.0,3.6,1.7,5,0.5,20150105,76.1,8.5,2015,0.0,2015-01-05,232,1
5,-5.5,3.6,0.0,-1.0,4.5,6,3.5,20150106,60.8,4.0,2015,0.0,2015-01-06,232,1
6,-7.4,1.1,0.0,-4.3,2.9,7,0.0,20150107,52.3,-0.4,2015,0.0,2015-01-07,232,1
7,-10.8,0.0,7.8,-5.0,1.4,8,0.0,20150108,73.6,1.6,2015,0.0,2015-01-08,232,1
8,-8.3,3.1,2.4,-2.5,0.8,9,0.0,20150109,81.6,3.3,2015,0.0,2015-01-09,232,1
9,-7.5,0.9,8.2,-1.4,1.2,10,0.0,20150110,77.9,6.2,2015,0.0,2015-01-10,232,1
10,-3.5,1.9,8.0,0.1,3.2,11,0.2,20150111,67.8,2.9,2015,0.4,2015-01-11,232,1
11,-8.8,0.0,9.3,-3.4,1.2,12,0.0,20150112,56.6,3.2,2015,0.0,2015-01-12,232,1
12,-8.7,5.0,6.3,-1.4,1.1,13,0.0,20150113,66.8,5.9,2015,0.0,2015-01-13,232,1
13,-2.2,9.3,0.1,1.9,0.9,14,0.0,20150114,67.8,5.7,2015,0.0,2015-01-14,232,1
14,-2.8,3.8,4.2,2.0,1.7,15,0.0,20150115,66.8,8.3,2015,0.0,2015-01-15,232,1
15,-4.6,8.3,0.0,0.2,2.3,16,0.7,20150116,81.0,3.3,2015,0.5,2015-01-16,232,1
16,-7.5,0.8,9.0,-3.1,3.6,17,0.0,20150117,61.1,0.5,2015,0.0,2015-01-17,232,1
17,-9.1,5.9,2.9,-1.5,1.9,18,3.1,20150118,75.4,4.1,2015,3.0,2015-01-18,232,1
18,-0.9,6.5,1.8,1.6,2.6,19,0.0,20150119,73.6,4.7,2015,0.0,2015-01-19,232,1
19,-5.9,4.4,9.2,0.0,1.1,20,0.0,20150120,68.8,5.7,2015,0.0,2015-01-20,232,1
20,-2.4,8.9,0.3,2.3,1.3,21,2.5,20150121,74.5,5.8,2015,0.0,2015-01-21,232,1
21,-2.0,9.7,2.0,2.2,1.8,22,1.0,20150122,83.1,6.4,2015,0.0,2015-01-22,232,1
22,-3.0,7.3,2.5,0.1,0.8,23,0.0,20150123,83.4,5.1,2015,0.0,2015-01-23,232,1
23,-2.8,0.0,3.0,2.3,1.2,24,0.0,20150124,76.6,8.1,2015,0.0,2015-01-24,232,1
24,-1.8,0.0,0.0,3.1,2.1,25,0.5,20150125,79.9,6.1,2015,0.0,2015-01-25,232,1
25,1.8,9.5,0.0,4.2,2.6,26,0.4,20150126,89.3,5.9,2015,0.0,2015-01-26,232,1
26,-4.8,1.3,8.2,-1.9,3.9,27,0.0,20150127,68.1,1.9,2015,0.0,2015-01-27,232,1
27,-7.2,4.8,7.7,-3.8,1.7,28,0.0,20150128,59.9,1.8,2015,0.0,2015-01-28,232,1
28,-5.8,10.0,0.2,-0.2,1.6,29,0.0,20150129,71.9,4.4,2015,0.0,2015-01-29,232,1
29,-4.5,3.5,6.7,-1.3,3.7,30,0.0,20150130,60.0,1.5,2015,0.0,2015-01-30,232,1
30,-9.0,0.0,9.1,-4.5,2.2,31,0.0,20150131,62.3,0.3,2015,0.0,2015-01-31,232,1
31,-10.2,0.0,9.2,-3.7,1.2,1,0.0,20150201,65.8,3.1,2015,0.0,2015-02-01,232,2
32,-8.1,3.0,7.2,-2.3,0.8,2,0.0,20150202,67.8,5.7,2015,0.0,2015-02-02,232,2
33,-7.0,5.0,6.1,-1.0,1.1,3,0.0,20150203,69.1,5.9,2015,0.0,2015-02-03,232,2
34,-6.2,4.3,5.1,-1.0,1.2,4,0.0,20150204,79.9,4.8,2015,0.0,2015-02-04,232,2
35,-4.9,1.5,8.1,-0.2,2.0,5,0.0,20150205,73.0,4.7,2015,0.0,2015-02-05,232,2
36,-5.9,1.0,8.4,-0.1,1.4,6,0.0,20150206,74.1,6.3,2015,0.0,2015-02-06,232,2
37,-4.8,0.0,2.3,1.1,1.6,7,0.0,20150207,72.4,6.5,2015,0.0,2015-02-07,232,2
38,-9.3,0.0,6.9,-6.9,5.5,8,0.0,20150208,51.9,0.0,2015,0.0,2015-02-08,232,2
39,-12.8,4.0,6.0,-4.0,3.1,9,0.0,20150209,56.6,1.0,2015,0.0,2015-02-09,232,2
40,-3.9,2.0,8.6,3.3,2.6,10,0.0,20150210,63.4,8.4,2015,0.0,2015-02-10,232,2
41,-2.0,6.8,3.0,2.9,1.6,11,0.0,20150211,69.1,8.4,2015,0.0,2015-02-11,232,2
42,-4.3,0.5,9.7,-0.9,3.8,12,0.0,20150212,48.0,2.9,2015,0.0,2015-02-12,232,2
43,-7.1,0.0,9.9,-1.8,2.6,13,0.0,20150213,54.4,4.0,2015,0.0,2015-02-13,232,2
44,-7.1,0.0,4.1,1.0,1.4,14,0.0,20150214,73.6,9.3,2015,0.0,2015-02-14,232,2
45,-2.0,0.0,0.4,7.0,2.3,15,1.5,20150215,67.3,11.8,2015,0.0,2015-02-15,232,2
46,4.3,10.0,0.0,4.8,2.5,16,15.5,20150216,91.0,6.3,2015,0.0,2015-02-16,232,2
47,1.1,8.8,0.1,2.4,3.4,17,0.5,20150217,79.3,4.5,2015,0.0,2015-02-17,232,2
48,0.9,0.0,0.0,1.6,2.2,18,0.0,20150218,77.1,2.8,2015,0.0,2015-02-18,232,2
49,-3.7,0.0,9.3,1.5,1.0,19,0.0,20150219,72.6,7.6,2015,0.0,2015-02-19,232,2
50,-3.6,0.0,7.4,4.2,1.6,20,0.0,20150220,69.0,11.3,2015,0.0,2015-02-20,232,2
51,3.4,0.0,0.0,6.2,2.0,21,3.0,20150221,81.9,7.2,2015,0.0,2015-02-21,232,2
52,0.9,5.3,1.7,4.5,3.8,22,0.5,20150222,78.0,7.6,2015,0.0,2015-02-22,232,2
53,-1.4,6.3,4.4,1.7,2.2,23,0.0,20150223,68.0,5.6,2015,0.0,2015-02-23,232,2
54,-1.8,2.5,8.0,2.1,1.6,24,0.0,20150224,70.1,8.3,2015,0.0,2015-02-24,232,2
55,-1.8,6.8,6.9,5.1,1.8,25,0.0,20150225,57.4,12.3,2015,0.0,2015-02-25,232,2
56,-1.8,3.5,7.5,2.2,4.7,26,0.5,20150226,62.6,6.1,2015,0.0,2015-02-26,232,2
57,-3.7,2.8,9.3,-1.1,3.1,27,0.0,20150227,50.3,2.9,2015,0.0,2015-02-27,232,2
58,-4.7,0.0,0.1,1.8,1.5,28,0.0,20150228,57.8,6.3,2015,0.0,2015-02-28,232,2
59,-1.0,0.0,3.4,2.7,3.3,1,0.3,20150301,67.4,7.4,2015,0.0,2015-03-01,232,3
60,-5.3,0.0,10.4,2.5,1.5,2,0.0,20150302,57.8,10.5,2015,0.0,2015-03-02,232,3
61,0.5,10.0,0.8,4.3,2.8,3,1.0,20150303,59.0,10.3,2015,0.0,2015-03-03,232,3
62,-2.8,2.0,8.5,-0.7,5.3,4,0.0,20150304,47.5,3.4,2015,0.0,2015-03-04,232,3
63,-7.1,6.8,9.0,-0.6,1.4,5,0.0,20150305,60.4,5.7,2015,0.0,2015-03-05,232,3
64,-5.9,1.3,10.5,1.9,1.6,6,0.0,20150306,56.5,10.5,2015,0.0,2015-03-06,232,3
65,-6.0,0.0,10.6,2.3,1.6,7,0.0,20150307,56.5,10.7,2015,0.0,2015-03-07,232,3
66,-4.3,0.0,8.6,6.0,1.8,8,0.0,20150308,52.4,16.0,2015,0.0,2015-03-08,232,3
67,-3.8,1.3,7.9,2.8,5.1,9,0.0,20150309,48.3,8.1,2015,0.0,2015-03-09,232,3
68,-5.0,1.0,11.0,-2.0,6.0,10,0.0,20150310,42.3,1.7,2015,0.0,2015-03-10,232,3
69,-5.3,3.0,8.2,1.6,3.9,11,0.0,20150311,52.9,8.6,2015,0.0,2015-03-11,232,3
70,-6.8,0.8,10.8,2.0,2.0,12,0.0,20150312,48.3,8.8,2015,0.0,2015-03-12,232,3
71,-1.5,3.3,8.7,6.4,2.8,13,2.0,20150313,51.0,11.7,2015,0.0,2015-03-13,232,3
72,-5.0,0.0,8.7,2.9,1.4,14,0.0,20150314,56.1,11.1,2015,0.0,2015-03-14,232,3
73,-4.0,0.0,9.6,4.2,1.4,15,0.0,20150315,57.1,13.5,2015,0.0,2015-03-15,232,3
74,-2.1,1.8,8.1,8.0,1.1,16,0.0,20150316,51.8,19.4,2015,0.0,2015-03-16,232,3
75,1.0,9.3,1.8,10.5,1.2,17,0.0,20150317,51.9,19.8,2015,0.0,2015-03-17,232,3
76,7.0,10.0,0.0,9.2,1.9,18,17.5,20150318,84.3,10.3,2015,0.0,2015-03-18,232,3
77,5.1,0.5,10.6,11.5,1.9,19,0.0,20150319,69.0,19.4,2015,0.0,2015-03-19,232,3
78,6.4,5.3,7.2,12.0,1.4,20,0.0,20150320,50.4,21.5,2015,0.0,2015-03-20,232,3
79,1.7,0.0,9.4,10.4,1.6,21,0.0,20150321,51.9,19.3,2015,0.0,2015-03-21,232,3
80,2.6,0.0,10.1,7.6,3.5,22,0.0,20150322,58.1,15.6,2015,0.0,2015-03-22,232,3
81,-1.3,0.0,11.5,4.6,3.8,23,0.0,20150323,47.1,10.3,2015,0.0,2015-03-23,232,3
82,-3.4,0.0,11.6,3.9,1.8,24,0.0,20150324,49.8,12.0,2015,0.0,2015-03-24,232,3
83,-4.2,0.0,11.7,4.8,1.4,25,0.0,20150325,50.5,14.5,2015,0.0,2015-03-25,232,3
84,-3.5,0.0,11.6,5.9,1.5,26,0.0,20150326,50.5,15.6,2015,0.0,2015-03-26,232,3
85,-2.1,2.8,11.0,7.3,1.7,27,0.0,20150327,49.1,17.6,2015,0.0,2015-03-27,232,3
86,-2.4,0.0,10.0,9.7,2.0,28,0.0,20150328,39.9,19.5,2015,0.0,2015-03-28,232,3
87,6.0,0.0,6.5,10.3,1.6,29,0.0,20150329,63.1,16.4,2015,0.0,2015-03-29,232,3
88,3.2,0.0,10.3,12.6,1.7,30,0.0,20150330,64.6,22.7,2015,0.0,2015-03-30,232,3
89,5.5,10.0,0.0,11.2,1.2,31,2.5,20150331,87.0,14.0,2015,0.0,2015-03-31,232,3
90,10.7,10.0,0.0,12.2,2.7,1,1.0,20150401,83.3,13.4,2015,0.0,2015-04-01,232,4
91,9.6,5.8,5.6,15.5,4.1,2,17.5,20150402,70.8,19.5,2015,0.0,2015-04-02,232,4
92,6.9,7.8,0.2,10.3,2.4,3,9.5,20150403,86.6,18.8,2015,0.0,2015-04-03,232,4
93,8.1,0.0,5.1,12.2,3.4,4,4.5,20150404,69.0,17.8,2015,0.0,2015-04-04,232,4
94,8.8,0.0,0.0,10.2,1.7,5,2.5,20150405,93.4,11.6,2015,0.0,2015-04-05,232,4
95,6.0,10.0,0.0,9.8,2.9,6,0.1,20150406,78.3,13.0,2015,0.0,2015-04-06,232,4
96,2.7,9.3,2.6,7.9,1.7,7,0.0,20150407,69.6,14.2,2015,0.0,2015-04-07,232,4
97,5.1,9.0,2.5,8.9,1.8,8,0.0,20150408,65.9,14.1,2015,0.0,2015-04-08,232,4
98,2.9,4.3,7.9,9.0,1.6,9,0.0,20150409,65.6,16.2,2015,0.0,2015-04-09,232,4
99,1.3,0.0,11.3,9.7,1.8,10,0.0,20150410,58.4,17.6,2015,0.0,2015-04-10,232,4
100,1.8,0.0,11.3,11.2,1.6,11,0.0,20150411,56.4,21.3,2015,0.0,2015-04-11,232,4
101,3.8,0.0,1.1,12.9,2.6,12,0.0,20150412,44.9,18.9,2015,0.0,2015-04-12,232,4
102,8.4,9.5,1.3,11.8,3.2,13,2.5,20150413,62.6,16.7,2015,0.0,2015-04-13,232,4
103,6.8,9.8,0.2,8.4,1.5,14,6.5,20150414,84.0,10.3,2015,0.0,2015-04-14,232,4
104,6.5,4.5,9.2,12.5,2.8,15,2.5,20150415,68.1,19.3,2015,0.0,2015-04-15,232,4
105,7.1,6.5,4.0,11.4,4.3,16,2.0,20150416,66.0,18.8,2015,0.0,2015-04-16,232,4
106,1.6,1.8,12.1,10.0,2.2,17,0.0,20150417,53.6,18.9,2015,0.0,2015-04-17,232,4
107,1.5,0.0,5.9,13.8,1.6,18,0.0,20150418,43.1,21.5,2015,0.0,2015-04-18,232,4
108,11.8,0.0,0.0,13.7,1.8,19,17.5,20150419,93.6,17.5,2015,0.0,2015-04-19,232,4
109,7.2,9.8,0.0,11.3,2.0,20,13.5,20150420,87.5,14.1,2015,0.0,2015-04-20,232,4
110,4.7,3.8,11.5,12.6,2.0,21,0.0,20150421,67.5,21.9,2015,0.0,2015-04-21,232,4
111,6.4,2.5,10.5,13.5,2.5,22,0.0,20150422,57.9,20.1,2015,0.0,2015-04-22,232,4
112,4.2,5.5,11.2,13.2,1.9,23,0.0,20150423,53.3,22.1,2015,0.0,2015-04-23,232,4
113,8.3,2.5,11.7,15.1,2.0,24,0.0,20150424,50.0,22.5,2015,0.0,2015-04-24,232,4
114,4.5,0.0,12.5,14.7,1.9,25,0.0,20150425,47.5,24.1,2015,0.0,2015-04-25,232,4
115,6.5,0.0,11.8,17.3,1.9,26,0.0,20150426,45.5,26.6,2015,0.0,2015-04-26,232,4
116,9.5,2.0,11.9,17.8,1.9,27,0.0,20150427,46.8,26.2,2015,0.0,2015-04-27,232,4
117,8.7,8.8,4.7,18.2,1.7,28,0.0,20150428,56.8,25.2,2015,0.0,2015-04-28,232,4
118,14.7,10.0,0.0,16.6,2.4,29,8.0,20150429,85.5,18.3,2015,0.0,2015-04-29,232,4
119,13.9,5.0,10.3,19.8,1.7,30,0.0,20150430,70.0,26.4,2015,0.0,2015-04-30,232,4
120,13.1,0.8,10.9,19.6,1.6,1,0.0,20150501,72.4,26.6,2015,0.0,2015-05-01,232,5
121,13.5,0.0,5.2,19.7,1.4,2,1.5,20150502,76.5,26.6,2015,0.0,2015-05-02,232,5
122,16.4,0.0,0.0,18.4,1.5,3,5.0,20150503,91.0,21.6,2015,0.0,2015-05-03,232,5
123,8.2,1.8,11.9,15.1,3.8,4,0.0,20150504,57.8,20.3,2015,0.0,2015-05-04,232,5
124,4.6,0.0,12.7,12.9,2.0,5,0.0,20150505,53.0,21.0,2015,0.0,2015-05-05,232,5
125,6.5,8.5,5.3,14.0,1.7,6,0.0,20150506,50.4,22.6,2015,0.0,2015-05-06,232,5
126,6.6,4.5,9.8,15.5,1.6,7,0.0,20150507,50.0,24.2,2015,0.0,2015-05-07,232,5
127,7.8,9.0,4.8,16.1,1.5,8,0.0,20150508,62.6,23.0,2015,0.0,2015-05-08,232,5
128,13.2,0.0,9.7,17.8,1.9,9,0.0,20150509,67.3,23.8,2015,0.0,2015-05-09,232,5
129,10.3,0.0,12.1,18.1,1.7,10,0.0,20150510,59.1,25.0,2015,0.0,2015-05-10,232,5
130,13.3,9.8,1.2,17.6,3.6,11,12.0,20150511,72.6,23.2,2015,0.0,2015-05-11,232,5
131,10.9,5.5,8.6,14.9,3.8,12,6.0,20150512,70.8,19.4,2015,0.0,2015-05-12,232,5
132,12.1,0.5,12.5,20.1,3.9,13,0.0,20150513,50.1,25.7,2015,0.0,2015-05-13,232,5
133,13.0,2.0,10.5,21.6,2.4,14,0.0,20150514,63.3,29.6,2015,0.0,2015-05-14,232,5
134,14.6,9.8,0.2,18.1,1.8,15,0.0,20150515,87.1,20.8,2015,0.0,2015-05-15,232,5
135,10.4,0.0,13.0,17.7,2.4,16,0.0,20150516,56.0,25.1,2015,0.0,2015-05-16,232,5
136,9.2,0.0,10.6,17.8,1.5,17,0.0,20150517,56.3,26.6,2015,0.0,2015-05-17,232,5
137,13.2,8.8,3.0,18.4,2.1,18,0.0,20150518,62.1,24.4,2015,0.0,2015-05-18,232,5
138,13.1,9.3,2.4,17.3,2.2,19,2.0,20150519,81.9,23.2,2015,0.0,2015-05-19,232,5
139,9.7,0.5,11.1,15.4,2.5,20,0.0,20150520,69.8,20.6,2015,0.0,2015-05-20,232,5
140,9.8,0.8,13.2,18.6,2.1,21,0.0,20150521,57.4,27.0,2015,0.0,2015-05-21,232,5
141,12.5,2.5,11.1,19.9,1.9,22,0.0,20150522,56.8,27.4,2015,0.0,2015-05-22,232,5
142,12.7,0.0,11.7,20.2,1.6,23,0.0,20150523,50.3,27.5,2015,0.0,2015-05-23,232,5
143,10.6,0.0,13.3,19.0,1.8,24,0.0,20150524,49.6,27.2,2015,0.0,2015-05-24,232,5
144,9.9,0.0,13.2,19.1,1.9,25,0.0,20150525,54.5,27.2,2015,0.0,2015-05-25,232,5
145,11.0,0.0,13.1,20.2,1.6,26,0.0,20150526,58.8,30.4,2015,0.0,2015-05-26,232,5
146,11.0,1.8,12.3,21.9,1.5,27,0.0,20150527,48.4,31.1,2015,0.0,2015-05-27,232,5
147,15.2,3.3,10.8,22.5,1.7,28,0.0,20150528,48.1,31.5,2015,0.0,2015-05-28,232,5
148,14.6,5.8,9.3,22.4,1.8,29,0.0,20150529,51.9,29.4,2015,0.0,2015-05-29,232,5
149,16.0,0.0,3.2,18.3,1.6,30,1.0,20150530,80.0,22.0,2015,0.0,2015-05-30,232,5
150,15.1,0.0,10.0,20.9,1.4,31,0.0,20150531,68.4,28.4,2015,0.0,2015-05-31,232,5
151,14.3,6.3,11.2,21.8,1.6,1,0.0,20150601,65.3,29.5,2015,0.0,2015-06-01,232,6
152,16.6,6.5,6.7,21.8,1.7,2,0.0,20150602,65.0,29.4,2015,0.0,2015-06-02,232,6
153,16.7,3.0,10.7,21.4,3.5,3,0.0,20150603,54.9,26.9,2015,0.0,2015-06-03,232,6
154,12.4,5.8,9.6,22.1,1.4,4,0.0,20150604,51.5,30.1,2015,0.0,2015-06-04,232,6
155,13.9,9.3,1.8,17.8,1.6,5,0.5,20150605,69.6,20.4,2015,0.0,2015-06-05,232,6
156,14.4,0.0,12.4,21.4,2.1,6,0.0,20150606,59.3,28.0,2015,0.0,2015-06-06,232,6
157,17.2,0.0,11.3,23.2,2.1,7,0.0,20150607,56.5,30.4,2015,0.0,2015-06-07,232,6
158,15.9,9.5,1.9,21.4,1.4,8,0.0,20150608,65.6,25.7,2015,0.0,2015-06-08,232,6
159,17.5,7.0,6.9,21.4,2.2,9,0.0,20150609,75.6,27.9,2015,0.0,2015-06-09,232,6
160,15.8,4.3,10.8,24.5,1.8,10,0.0,20150610,64.3,34.2,2015,0.0,2015-06-10,232,6
161,17.6,9.8,1.1,22.8,1.9,11,1.0,20150611,71.1,26.3,2015,0.0,2015-06-11,232,6
162,19.6,3.3,11.7,24.3,2.1,12,0.5,20150612,62.8,31.1,2015,0.0,2015-06-12,232,6
163,19.4,0.0,7.4,25.3,2.8,13,0.0,20150613,60.6,31.6,2015,0.0,2015-06-13,232,6
164,19.0,0.0,3.9,22.5,1.7,14,4.5,20150614,76.3,27.3,2015,0.0,2015-06-14,232,6
165,19.7,8.8,5.0,23.7,1.5,15,0.0,20150615,74.5,30.2,2015,0.0,2015-06-15,232,6
166,19.3,2.8,10.2,23.6,1.9,16,0.0,20150616,75.5,29.9,2015,0.0,2015-06-16,232,6
167,18.4,8.0,2.3,22.7,1.6,17,18.0,20150617,81.0,28.5,2015,0.0,2015-06-17,232,6
168,20.2,6.5,4.7,23.9,1.3,18,0.5,20150618,73.4,28.5,2015,0.0,2015-06-18,232,6
169,20.6,5.3,7.9,24.3,2.2,19,0.0,20150619,65.4,29.0,2015,0.0,2015-06-19,232,6
170,18.0,0.0,0.0,19.7,1.0,20,13.0,20150620,91.5,21.7,2015,0.0,2015-06-20,232,6
171,17.1,0.0,10.7,22.3,1.4,21,0.0,20150621,74.8,28.8,2015,0.0,2015-06-21,232,6
172,17.4,7.0,7.4,22.7,1.5,22,0.5,20150622,75.6,29.2,2015,0.0,2015-06-22,232,6
173,16.7,5.0,12.1,23.3,1.4,23,0.0,20150623,69.8,30.4,2015,0.0,2015-06-23,232,6
174,19.2,8.3,3.6,22.9,1.4,24,3.5,20150624,80.5,30.3,2015,0.0,2015-06-24,232,6
175,18.1,10.0,0.0,21.0,1.8,25,10.5,20150625,86.0,25.5,2015,0.0,2015-06-25,232,6
176,18.4,9.8,0.1,20.8,2.1,26,33.5,20150626,83.3,24.3,2015,0.0,2015-06-26,232,6
177,17.0,0.0,8.6,23.3,1.3,27,0.0,20150627,70.5,29.6,2015,0.0,2015-06-27,232,6
178,17.7,0.0,11.8,23.6,1.7,28,0.0,20150628,74.5,30.0,2015,0.0,2015-06-28,232,6
179,18.3,4.3,9.5,24.2,1.6,29,0.0,20150629,71.5,31.1,2015,0.0,2015-06-29,232,6
180,20.5,9.0,1.3,23.4,1.4,30,0.0,20150630,73.6,29.0,2015,0.0,2015-06-30,232,6
181,18.9,3.8,8.4,22.9,2.6,1,0.0,20150701,72.8,27.8,2015,0.0,2015-07-01,232,7
182,17.0,6.3,8.2,22.7,1.8,2,0.0,20150702,71.3,28.4,2015,0.0,2015-07-02,232,7
183,16.9,3.0,11.1,22.8,2.3,3,0.0,20150703,67.6,28.8,2015,0.0,2015-07-03,232,7
184,13.9,0.0,13.3,21.9,1.5,4,0.0,20150704,65.9,29.1,2015,0.0,2015-07-04,232,7
185,16.6,0.0,8.8,22.8,1.5,5,0.0,20150705,68.6,29.1,2015,0.0,2015-07-05,232,7
186,17.1,6.0,8.6,23.6,1.2,6,0.0,20150706,66.0,29.9,2015,0.0,2015-07-06,232,7
187,18.4,10.0,0.5,20.6,1.8,7,0.3,20150707,76.5,23.9,2015,0.0,2015-07-07,232,7
188,18.1,10.0,0.0,21.3,1.9,8,8.5,20150708,89.9,24.3,2015,0.0,2015-07-08,232,7
189,20.2,10.0,0.0,22.8,2.5,9,2.0,20150709,85.5,25.7,2015,0.0,2015-07-09,232,7
190,21.8,6.3,7.5,26.5,1.7,10,0.0,20150710,75.6,32.3,2015,0.0,2015-07-10,232,7
191,23.4,0.0,7.3,27.5,1.8,11,3.5,20150711,76.4,33.0,2015,0.0,2015-07-11,232,7
192,23.7,10.0,0.0,24.9,3.3,12,21.5,20150712,88.6,27.2,2015,0.0,2015-07-12,232,7
193,22.6,10.0,0.0,23.4,3.2,13,3.5,20150713,87.0,24.6,2015,0.0,2015-07-13,232,7
194,19.9,0.0,8.3,25.6,1.9,14,0.0,20150714,77.3,31.1,2015,0.0,2015-07-14,232,7
195,20.4,0.0,7.0,25.5,1.5,15,0.0,20150715,79.1,32.5,2015,0.0,2015-07-15,232,7
196,19.3,0.0,9.7,24.3,2.8,16,0.0,20150716,62.0,29.1,2015,0.0,2015-07-16,232,7
197,16.3,0.0,3.7,22.6,1.9,17,0.0,20150717,62.8,27.6,2015,0.0,2015-07-17,232,7
198,21.8,0.0,0.1,23.7,1.4,18,0.5,20150718,78.0,26.8,2015,0.0,2015-07-18,232,7
199,21.8,0.0,0.3,24.3,1.2,19,1.0,20150719,86.6,27.8,2015,0.0,2015-07-19,232,7
200,23.3,0.0,0.9,27.0,1.7,20,0.0,20150720,77.1,30.3,2015,0.0,2015-07-20,232,7
201,23.9,0.0,0.7,26.2,1.6,21,2.0,20150721,86.8,29.6,2015,0.0,2015-07-21,232,7
202,24.0,0.0,1.1,26.6,1.4,22,0.0,20150722,84.0,31.3,2015,0.0,2015-07-22,232,7
203,24.2,0.0,0.4,26.2,1.4,23,22.5,20150723,89.5,29.5,2015,0.0,2015-07-23,232,7
204,24.3,0.0,0.0,25.0,1.2,24,49.0,20150724,94.5,26.4,2015,0.0,2015-07-24,232,7
205,24.7,0.0,0.0,27.1,2.5,25,0.0,20150725,79.6,29.2,2015,0.0,2015-07-25,232,7
206,24.2,0.0,7.7,27.5,1.7,26,0.0,20150726,75.1,32.6,2015,0.0,2015-07-26,232,7
207,23.5,0.0,0.6,25.7,1.2,27,0.5,20150727,86.9,28.8,2015,0.0,2015-07-27,232,7
208,24.5,0.0,5.6,27.6,1.3,28,0.0,20150728,80.1,31.5,2015,0.0,2015-07-28,232,7
209,24.9,0.0,2.2,26.9,1.7,29,22.0,20150729,88.3,31.4,2015,0.0,2015-07-29,232,7
210,24.6,0.0,6.4,28.7,1.7,30,0.0,20150730,80.0,33.2,2015,0.0,2015-07-30,232,7
211,24.3,0.0,9.3,28.1,1.7,31,0.0,20150731,79.6,33.0,2015,0.0,2015-07-31,232,7
212,23.6,0.0,6.6,28.0,1.5,1,0.0,20150801,79.9,33.6,2015,0.0,2015-08-01,232,8
213,23.7,0.0,1.2,27.4,1.4,2,4.0,20150802,85.4,30.7,2015,0.0,2015-08-02,232,8
214,25.0,0.0,11.5,28.0,2.2,3,0.0,20150803,73.5,32.9,2015,0.0,2015-08-03,232,8
215,22.5,0.0,11.4,27.7,2.3,4,0.0,20150804,73.1,33.4,2015,0.0,2015-08-04,232,8
216,24.0,0.0,7.4,28.0,1.9,5,0.0,20150805,76.0,33.5,2015,0.0,2015-08-05,232,8
217,22.7,0.0,10.3,28.4,1.2,6,0.0,20150806,77.4,34.4,2015,0.0,2015-08-06,232,8
218,23.9,0.0,8.6,28.7,1.4,7,0.0,20150807,75.9,36.3,2015,0.0,2015-08-07,232,8
219,23.3,0.0,5.0,26.0,1.7,8,10.5,20150808,85.3,34.2,2015,0.0,2015-08-08,232,8
220,22.3,0.0,7.8,26.0,1.6,9,0.0,20150809,80.8,31.0,2015,0.0,2015-08-09,232,8
221,21.8,0.0,0.7,25.1,1.4,10,0.0,20150810,83.3,29.4,2015,0.0,2015-08-10,232,8
222,22.3,0.0,0.0,24.7,0.9,11,0.0,20150811,86.3,27.8,2015,0.0,2015-08-11,232,8
223,20.3,0.0,9.5,25.4,1.6,12,0.0,20150812,75.1,31.8,2015,0.0,2015-08-12,232,8
224,21.6,0.0,5.6,25.0,1.3,13,0.2,20150813,82.6,32.1,2015,0.0,2015-08-13,232,8
225,20.7,0.0,10.7,25.9,1.7,14,0.0,20150814,77.1,31.9,2015,0.0,2015-08-14,232,8
226,21.2,0.0,9.8,26.2,1.5,15,0.0,20150815,78.0,32.8,2015,0.0,2015-08-15,232,8
227,21.6,0.0,0.0,24.7,1.4,16,0.5,20150816,85.6,29.6,2015,0.0,2015-08-16,232,8
228,19.0,0.0,10.8,25.6,1.5,17,0.0,20150817,76.4,31.9,2015,0.0,2015-08-17,232,8
229,22.3,0.0,8.2,26.8,1.4,18,0.0,20150818,71.4,32.4,2015,0.0,2015-08-18,232,8
230,22.5,0.0,0.9,25.7,1.5,19,0.0,20150819,76.5,29.5,2015,0.0,2015-08-19,232,8
231,22.7,0.0,0.5,24.3,1.1,20,1.0,20150820,87.1,28.5,2015,0.0,2015-08-20,232,8
232,21.0,0.0,2.8,24.0,1.4,21,2.0,20150821,85.3,28.9,2015,0.0,2015-08-21,232,8
233,20.0,0.0,1.7,23.6,1.2,22,3.0,20150822,88.3,28.1,2015,0.0,2015-08-22,232,8
234,20.2,0.0,8.2,25.1,1.0,23,0.0,20150823,78.5,31.0,2015,0.0,2015-08-23,232,8
235,22.0,0.0,1.5,26.1,2.4,24,0.0,20150824,70.6,30.6,2015,0.0,2015-08-24,232,8
236,19.7,0.0,0.0,21.2,2.4,25,11.5,20150825,89.5,24.9,2015,0.0,2015-08-25,232,8
237,19.0,0.0,8.1,22.5,2.0,26,0.0,20150826,74.9,27.3,2015,0.0,2015-08-26,232,8
238,18.8,0.0,9.4,23.3,1.9,27,2.0,20150827,76.9,29.0,2015,0.0,2015-08-27,232,8
239,17.8,0.0,4.9,21.7,1.3,28,29.5,20150828,89.1,26.1,2015,0.0,2015-08-28,232,8
240,17.7,0.0,8.7,22.4,1.1,29,0.0,20150829,80.1,29.2,2015,0.0,2015-08-29,232,8
241,17.2,0.0,10.3,23.3,1.0,30,0.0,20150830,76.0,30.6,2015,0.0,2015-08-30,232,8
242,19.1,0.0,8.5,24.8,1.7,31,0.0,20150831,74.5,30.1,2015,0.0,2015-08-31,232,8
243,20.5,0.0,5.2,24.7,1.6,1,0.0,20150901,73.3,29.3,2015,0.0,2015-09-01,232,9
244,20.8,0.0,1.8,23.2,1.4,2,4.5,20150902,83.4,27.5,2015,0.0,2015-09-02,232,9
245,17.8,0.0,7.8,22.4,1.8,3,3.0,20150903,82.3,27.9,2015,0.0,2015-09-03,232,9
246,18.6,0.0,8.1,23.9,1.2,4,0.0,20150904,78.8,30.2,2015,0.0,2015-09-04,232,9
247,19.7,0.0,0.5,21.9,1.4,5,4.5,20150905,89.3,26.5,2015,0.0,2015-09-05,232,9
248,17.7,0.0,3.0,21.6,2.0,6,0.0,20150906,76.0,25.0,2015,0.0,2015-09-06,232,9
249,14.0,0.0,10.5,20.5,1.3,7,0.0,20150907,72.1,28.1,2015,0.0,2015-09-07,232,9
250,14.0,0.0,12.2,19.8,1.7,8,0.0,20150908,68.5,27.5,2015,0.0,2015-09-08,232,9
251,11.0,0.0,12.2,20.6,1.8,9,0.0,20150909,59.3,27.9,2015,0.0,2015-09-09,232,9
252,13.6,0.0,11.9,20.5,1.7,10,0.0,20150910,71.3,27.2,2015,0.0,2015-09-10,232,9
253,15.5,0.0,4.7,19.8,1.2,11,7.5,20150911,88.4,26.8,2015,0.0,2015-09-11,232,9
254,15.0,0.0,1.3,18.0,1.0,12,8.0,20150912,84.8,22.4,2015,0.0,2015-09-12,232,9
255,11.8,0.0,11.0,17.7,1.7,13,1.5,20150913,75.4,24.5,2015,0.0,2015-09-13,232,9
256,12.6,0.0,8.7,19.0,1.1,14,0.0,20150914,74.8,27.1,2015,0.0,2015-09-14,232,9
257,13.0,0.0,10.7,20.3,1.9,15,0.0,20150915,60.8,26.8,2015,0.0,2015-09-15,232,9
258,11.1,0.0,4.3,18.8,1.5,16,0.0,20150916,70.3,23.5,2015,0.0,2015-09-16,232,9
259,12.6,0.0,7.6,19.7,1.4,17,0.0,20150917,72.5,28.1,2015,0.0,2015-09-17,232,9
260,14.0,0.0,9.7,20.1,1.2,18,0.0,20150918,70.9,27.5,2015,0.0,2015-09-18,232,9
261,14.4,0.0,9.9,20.4,1.3,19,0.0,20150919,74.4,28.1,2015,0.0,2015-09-19,232,9
262,14.9,0.0,9.0,20.5,1.1,20,0.0,20150920,78.8,27.3,2015,0.0,2015-09-20,232,9
263,15.2,0.0,9.0,20.3,1.1,21,0.0,20150921,77.4,28.4,2015,0.0,2015-09-21,232,9
264,14.7,0.0,10.9,21.4,1.6,22,0.0,20150922,66.5,30.4,2015,0.0,2015-09-22,232,9
265,15.3,0.0,0.0,19.7,1.4,23,0.0,20150923,78.4,23.5,2015,0.0,2015-09-23,232,9
266,14.6,0.0,3.9,19.9,0.8,24,0.0,20150924,82.4,27.2,2015,0.0,2015-09-24,232,9
267,15.2,0.0,5.9,21.2,1.1,25,0.0,20150925,78.1,27.7,2015,0.0,2015-09-25,232,9
268,14.3,0.0,4.4,19.6,1.3,26,0.0,20150926,80.8,26.5,2015,0.0,2015-09-26,232,9
269,10.6,0.0,11.2,18.8,1.0,27,0.0,20150927,71.8,28.7,2015,0.0,2015-09-27,232,9
270,10.7,0.0,7.4,20.2,1.3,28,0.0,20150928,60.4,30.2,2015,0.0,2015-09-28,232,9
271,12.6,0.0,10.3,21.2,1.5,29,0.0,20150929,56.3,29.0,2015,0.0,2015-09-29,232,9
272,17.6,0.0,0.8,20.6,2.3,30,0.0,20150930,59.9,24.4,2015,0.0,2015-09-30,232,9
273,12.9,0.0,0.0,17.4,3.9,1,29.0,20151001,84.4,22.5,2015,0.0,2015-10-01,232,10
274,6.5,0.0,10.4,15.8,2.2,2,0.0,20151002,64.3,22.2,2015,0.0,2015-10-02,232,10
275,11.9,0.0,7.8,17.7,2.2,3,0.0,20151003,72.9,25.5,2015,0.0,2015-10-03,232,10
276,7.7,0.0,6.2,14.9,1.1,4,0.0,20151004,62.0,23.1,2015,0.0,2015-10-04,232,10
277,8.6,0.0,10.6,15.8,1.1,5,0.0,20151005,67.8,24.9,2015,0.0,2015-10-05,232,10
278,7.7,0.0,10.4,15.8,1.1,6,0.0,20151006,70.1,25.6,2015,0.0,2015-10-06,232,10
279,9.6,0.0,6.7,17.3,0.9,7,0.0,20151007,76.5,25.5,2015,0.0,2015-10-07,232,10
280,12.3,0.0,7.7,18.2,1.3,8,0.0,20151008,75.5,25.5,2015,0.0,2015-10-08,232,10
281,7.8,0.0,10.4,15.3,2.4,9,0.0,20151009,59.3,20.8,2015,0.0,2015-10-09,232,10
282,7.2,0.0,2.0,12.3,1.8,10,11.5,20151010,83.6,18.9,2015,0.0,2015-10-10,232,10
283,6.6,0.0,1.5,10.5,1.3,11,7.5,20151011,90.5,15.8,2015,0.0,2015-10-11,232,10
284,8.8,0.0,7.1,13.0,2.2,12,1.0,20151012,74.3,18.6,2015,0.0,2015-10-12,232,10
285,5.4,0.0,10.6,13.4,1.5,13,0.0,20151013,75.4,21.9,2015,0.0,2015-10-13,232,10
286,9.8,0.0,8.5,15.2,0.9,14,0.0,20151014,77.3,23.7,2015,0.0,2015-10-14,232,10
287,9.2,0.0,8.1,15.7,1.1,15,0.0,20151015,76.5,24.3,2015,0.0,2015-10-15,232,10
288,12.2,0.0,6.9,16.5,1.1,16,0.0,20151016,83.4,23.1,2015,0.0,2015-10-16,232,10
289,8.8,0.0,8.6,15.6,0.9,17,0.0,20151017,80.3,25.1,2015,0.0,2015-10-17,232,10
290,8.0,0.0,7.0,15.1,0.9,18,0.0,20151018,79.9,24.7,2015,0.0,2015-10-18,232,10
291,10.8,0.0,7.5,16.8,1.3,19,0.0,20151019,81.0,24.7,2015,0.0,2015-10-19,232,10
292,12.1,0.0,5.4,16.0,0.7,20,0.0,20151020,87.1,23.0,2015,0.0,2015-10-20,232,10
293,11.0,0.0,6.8,16.3,1.3,21,0.0,20151021,84.1,23.4,2015,0.0,2015-10-21,232,10
294,10.7,0.0,6.0,16.8,1.4,22,0.0,20151022,83.5,23.9,2015,0.0,2015-10-22,232,10
295,11.9,0.0,6.0,16.5,1.2,23,0.0,20151023,80.9,22.6,2015,0.0,2015-10-23,232,10
296,9.6,0.0,4.0,14.9,1.7,24,1.5,20151024,85.8,21.2,2015,0.0,2015-10-24,232,10
297,7.9,0.0,9.6,14.4,1.2,25,0.0,20151025,69.3,22.2,2015,0.0,2015-10-25,232,10
298,10.0,0.0,5.7,16.1,2.3,26,0.0,20151026,63.9,20.9,2015,0.0,2015-10-26,232,10
299,10.2,0.0,2.4,13.1,3.1,27,17.5,20151027,77.0,17.0,2015,0.0,2015-10-27,232,10
300,4.2,0.0,9.0,11.4,1.8,28,0.0,20151028,65.0,17.8,2015,0.0,2015-10-28,232,10
301,3.5,0.0,7.4,10.3,2.0,29,1.0,20151029,53.3,16.0,2015,0.0,2015-10-29,232,10
302,4.8,0.0,9.1,7.4,2.5,30,0.0,20151030,53.6,11.4,2015,0.0,2015-10-30,232,10
303,-1.5,0.0,9.7,4.6,1.6,31,0.0,20151031,66.9,12.2,2015,0.0,2015-10-31,232,10
304,-0.5,0.0,0.9,5.5,1.3,1,0.0,20151101,69.1,10.9,2015,0.0,2015-11-01,232,11
305,3.2,0.0,6.3,10.0,1.2,2,0.0,20151102,72.8,16.4,2015,0.0,2015-11-02,232,11
306,4.9,0.0,8.9,10.1,0.8,3,0.0,20151103,79.0,18.5,2015,0.0,2015-11-03,232,11
307,2.7,0.0,9.0,10.4,1.1,4,0.0,20151104,74.6,20.2,2015,0.0,2015-11-04,232,11
308,6.6,0.0,7.9,11.6,1.0,5,0.0,20151105,77.6,19.4,2015,0.0,2015-11-05,232,11
309,5.2,0.0,5.2,13.6,2.5,6,2.1,20151106,72.8,21.5,2015,0.0,2015-11-06,232,11
310,11.4,0.0,0.0,12.7,3.5,7,27.0,20151107,92.9,13.7,2015,0.0,2015-11-07,232,11
311,12.3,0.0,0.0,12.8,1.5,8,9.5,20151108,96.6,13.5,2015,0.0,2015-11-08,232,11
312,11.6,0.0,2.5,12.8,2.9,9,1.5,20151109,85.5,16.1,2015,0.0,2015-11-09,232,11
313,6.3,0.0,3.6,10.6,1.9,10,0.0,20151110,81.5,14.8,2015,0.0,2015-11-10,232,11
314,5.7,0.0,3.3,10.4,0.8,11,0.0,20151111,86.0,16.7,2015,0.0,2015-11-11,232,11
315,6.7,0.0,6.2,13.2,2.1,12,0.0,20151112,75.9,18.7,2015,0.0,2015-11-12,232,11
316,10.7,0.0,0.0,11.9,2.1,13,28.5,20151113,86.3,13.7,2015,0.0,2015-11-13,232,11
317,11.3,0.0,0.0,13.1,1.1,14,3.0,20151114,94.1,15.1,2015,0.0,2015-11-14,232,11
318,9.0,0.0,2.7,13.3,1.1,15,0.0,20151115,87.0,19.3,2015,0.0,2015-11-15,232,11
319,7.8,0.0,0.2,12.5,1.5,16,16.4,20151116,90.5,16.1,2015,0.0,2015-11-16,232,11
320,10.9,0.0,2.5,13.4,1.2,17,1.0,20151117,92.1,17.9,2015,0.0,2015-11-17,232,11
321,9.5,0.0,0.0,12.3,2.9,18,3.0,20151118,78.1,14.3,2015,0.0,2015-11-18,232,11
322,8.1,0.0,0.0,9.6,2.0,19,0.0,20151119,87.8,11.4,2015,0.0,2015-11-19,232,11
323,8.2,0.0,1.5,10.7,1.2,20,0.0,20151120,85.3,14.8,2015,0.0,2015-11-20,232,11
324,4.4,0.0,1.8,8.4,1.0,21,0.0,20151121,81.5,13.0,2015,0.0,2015-11-21,232,11
325,3.3,0.0,1.7,9.7,0.7,22,1.5,20151122,82.6,15.5,2015,0.0,2015-11-22,232,11
326,9.1,0.0,0.0,10.0,1.4,23,10.5,20151123,91.5,11.7,2015,0.0,2015-11-23,232,11
327,4.3,0.0,0.0,6.7,2.0,24,1.5,20151124,80.0,9.2,2015,0.0,2015-11-24,232,11
328,3.1,0.0,0.0,5.0,2.3,25,8.0,20151125,89.4,6.6,2015,0.0,2015-11-25,232,11
329,-2.6,0.0,0.0,-1.0,2.2,26,15.0,20151126,91.5,3.5,2015,0.0,2015-11-26,232,11
330,-3.8,0.0,0.0,-1.6,0.9,27,0.0,20151127,85.4,0.1,2015,0.0,2015-11-27,232,11
331,-0.2,0.0,1.9,1.8,1.3,28,0.0,20151128,87.4,4.4,2015,0.0,2015-11-28,232,11
332,2.4,0.0,0.0,4.7,1.9,29,0.0,20151129,86.9,6.6,2015,0.0,2015-11-29,232,11
333,-0.6,0.0,3.4,5.1,1.4,30,0.1,20151130,83.9,10.2,2015,0.0,2015-11-30,232,11
334,-2.4,0.0,8.8,3.5,1.2,1,0.0,20151201,73.5,11.3,2015,0.0,2015-12-01,232,12
335,2.5,0.0,0.0,7.3,3.0,2,9.5,20151202,80.0,10.7,2015,0.0,2015-12-02,232,12
336,-1.7,0.0,0.5,0.9,3.0,3,11.0,20151203,89.3,4.4,2015,0.0,2015-12-03,232,12
337,-1.8,0.0,1.8,0.6,0.6,4,1.0,20151204,87.5,2.3,2015,0.0,2015-12-04,232,12
338,1.8,0.0,1.8,5.0,1.6,5,0.0,20151205,70.0,8.8,2015,0.0,2015-12-05,232,12
339,-1.4,0.0,4.2,0.9,1.2,6,0.0,20151206,68.9,5.8,2015,0.0,2015-12-06,232,12
340,-4.8,0.0,7.1,1.0,1.0,7,0.0,20151207,74.9,7.1,2015,0.0,2015-12-07,232,12
341,-2.5,0.0,8.6,1.8,0.9,8,0.0,20151208,75.4,9.2,2015,0.0,2015-12-08,232,12
342,-2.4,0.0,6.8,5.1,1.4,9,0.0,20151209,72.0,12.9,2015,0.0,2015-12-09,232,12
343,7.7,0.0,0.0,8.7,1.8,10,7.5,20151210,84.3,9.8,2015,0.0,2015-12-10,232,12
344,1.1,0.0,1.4,6.1,1.8,11,0.0,20151211,77.4,11.6,2015,0.0,2015-12-11,232,12
345,0.3,0.0,7.1,5.9,1.5,12,0.0,20151212,64.1,11.1,2015,0.0,2015-12-12,232,12
346,2.1,0.0,6.0,6.7,1.1,13,0.0,20151213,70.4,12.3,2015,0.0,2015-12-13,232,12
347,3.4,0.0,0.0,5.9,0.6,14,8.0,20151214,91.1,7.2,2015,0.0,2015-12-14,232,12
348,4.6,0.0,1.3,6.5,2.5,15,0.3,20151215,75.8,8.5,2015,0.0,2015-12-15,232,12
349,-2.0,0.0,2.2,0.5,2.8,16,2.5,20151216,78.5,4.7,2015,0.0,2015-12-16,232,12
350,-5.5,0.0,8.5,-2.8,3.1,17,0.0,20151217,61.0,0.4,2015,0.0,2015-12-17,232,12
351,-6.8,0.0,0.0,-1.4,1.3,18,0.0,20151218,76.1,2.0,2015,0.0,2015-12-18,232,12
352,-3.7,0.0,8.3,0.4,0.9,19,0.0,20151219,82.3,7.1,2015,0.0,2015-12-19,232,12
353,-3.4,0.0,0.0,1.3,0.8,20,0.0,20151220,74.5,5.6,2015,0.0,2015-12-20,232,12
354,-1.2,0.0,0.2,2.8,1.9,21,0.5,20151221,86.1,8.1,2015,0.0,2015-12-21,232,12
355,-2.4,0.0,4.0,2.6,1.2,22,0.0,20151222,85.8,7.3,2015,0.0,2015-12-22,232,12
356,0.2,0.0,0.0,4.9,1.0,23,0.5,20151223,88.9,8.3,2015,0.0,2015-12-23,232,12
357,-2.3,0.0,1.8,2.1,1.7,24,0.0,20151224,80.3,6.6,2015,0.0,2015-12-24,232,12
358,-3.2,0.0,8.5,0.6,2.3,25,0.0,20151225,49.1,4.9,2015,0.0,2015-12-25,232,12
359,-3.1,0.0,4.1,3.0,2.1,26,0.5,20151226,73.4,9.9,2015,0.0,2015-12-26,232,12
360,-5.9,0.0,8.5,-3.2,2.6,27,0.0,20151227,56.8,0.8,2015,0.0,2015-12-27,232,12
361,-7.7,0.0,6.1,-3.6,2.1,28,0.0,20151228,56.1,1.1,2015,0.0,2015-12-28,232,12
362,-9.2,0.0,5.5,-3.4,0.8,29,0.0,20151229,68.9,3.1,2015,0.0,2015-12-29,232,12
363,-4.6,0.0,5.5,1.4,2.1,30,0.5,20151230,70.5,6.9,2015,0.0,2015-12-30,232,12
364,-3.3,0.0,2.9,1.0,1.8,31,0.0,20151231,85.0,5.7,2015,0.0,2015-12-31,232,12
