,year,rainfall,cloud,sunshine,humid,snow,tmax,day,tmin,wind,month,Date,tavg,date,station_id
0,2022,0.0,1.6,9.0,59.3,0.0,1.0,1,-13.2,0.6,1,2022-01-01,-6.5,20220101,232
1,2022,0.3,3.6,6.4,70.3,0.0,4.9,2,-8.6,1.2,1,2022-01-02,-2.3,20220102,232
2,2022,0.0,2.6,8.2,75.1,0.0,3.0,3,-11.9,0.6,1,2022-01-03,-4.2,20220103,232
3,2022,0.0,1.7,9.1,59.3,0.0,2.5,4,-8.0,1.2,1,2022-01-04,-2.2,20220104,232
4,2022,0.0,8.1,0.8,65.8,0.0,3.1,5,-10.7,0.3,1,2022-01-05,-3.7,20220105,232
5,2022,0.0,0.0,9.0,64.9,0.0,4.4,6,-9.0,1.1,1,2022-01-06,-2.7,20220106,232
6,2022,0.0,0.0,9.0,63.6,0.0,5.0,7,-11.1,0.7,1,2022-01-07,-4.1,20220107,232
7,2022,0.0,3.0,5.9,69.8,0.0,6.5,8,-10.4,0.7,1,2022-01-08,-1.2,20220108,232
8,2022,0.0,3.3,7.3,74.4,0.0,5.5,9,-4.8,0.7,1,2022-01-09,0.7,20220109,232
9,2022,0.0,7.6,0.9,73.5,0.0,5.1,10,-7.7,1.0,1,2022-01-10,-1.0,20220110,232
10,2022,0.5,2.4,8.3,60.5,0.0,0.3,11,-8.6,2.7,1,2022-01-11,-5.1,20220111,232
11,2022,0.0,2.9,9.2,62.6,0.0,-1.4,12,-13.8,1.1,1,2022-01-12,-7.3,20220112,232
12,2022,0.0,3.3,7.9,59.4,0.0,-1.5,13,-9.4,2.1,1,2022-01-13,-5.3,20220113,232
13,2022,0.0,3.5,9.2,48.4,0.0,1.4,14,-11.7,0.8,1,2022-01-14,-5.2,20220114,232
14,2022,0.0,7.0,2.3,55.4,0.0,4.2,15,-8.8,0.5,1,2022-01-15,-2.3,20220115,232
15,2022,0.2,2.3,8.7,58.0,0.0,3.2,16,-4.8,1.7,1,2022-01-16,-0.6,20220116,232
16,2022,1.0,4.9,5.2,63.8,0.0,1.7,17,-11.3,1.5,1,2022-01-17,-4.7,20220117,232
17,2022,0.0,0.1,9.3,60.1,0.0,0.1,18,-14.2,0.9,1,2022-01-18,-7.2,20220118,232
18,2022,0.0,5.5,1.8,79.0,0.0,0.4,19,-12.5,0.9,1,2022-01-19,-5.8,20220119,232
19,2022,0.0,0.1,9.4,70.4,0.0,2.5,20,-12.7,0.6,1,2022-01-20,-5.5,20220120,232
20,2022,0.0,1.5,9.5,63.8,0.0,5.3,21,-12.7,0.5,1,2022-01-21,-4.7,20220121,232
21,2022,0.0,8.3,1.6,58.0,0.0,8.5,22,-7.4,0.4,1,2022-01-22,0.7,20220122,232
22,2022,0.0,5.1,5.1,63.3,0.0,9.3,23,-3.2,0.7,1,2022-01-23,2.3,20220123,232
23,2022,0.0,3.1,6.8,63.9,0.0,9.2,24,-5.5,1.9,1,2022-01-24,2.8,20220124,232
24,2022,0.5,8.1,0.0,94.5,0.0,4.4,25,0.5,0.7,1,2022-01-25,2.3,20220125,232
25,2022,0.0,3.6,7.8,74.5,0.0,6.1,26,-2.1,1.0,1,2022-01-26,1.3,20220126,232
26,2022,0.0,4.1,9.6,65.0,0.0,4.5,27,-6.4,1.0,1,2022-01-27,-1.2,20220127,232
27,2022,0.0,4.1,9.4,54.1,0.0,2.9,28,-5.8,1.2,1,2022-01-28,-1.6,20220128,232
28,2022,0.0,2.1,9.4,56.0,0.0,1.6,29,-8.2,1.2,1,2022-01-29,-3.5,20220129,232
29,2022,0.0,1.6,9.4,62.4,0.0,2.5,30,-11.3,0.9,1,2022-01-30,-4.1,20220130,232
30,2022,0.8,3.5,9.6,66.4,0.0,5.5,31,-10.9,0.7,1,2022-01-31,-2.3,20220131,232
31,2022,0.7,7.1,0.6,83.6,0.0,1.0,1,-1.8,2.0,2,2022-02-01,-0.5,20220201,232
32,2022,0.0,5.5,6.5,66.4,0.0,0.7,2,-7.0,1.4,2,2022-02-02,-2.4,20220202,232
33,2022,0.0,2.9,9.7,63.5,0.0,1.8,3,-9.1,1.1,2,2022-02-03,-3.6,20220203,232
34,2022,0.0,5.5,7.4,65.1,0.0,0.9,4,-7.4,1.8,2,2022-02-04,-4.0,20220204,232
35,2022,0.0,3.6,7.9,57.3,0.0,-0.7,5,-8.5,2.1,2,2022-02-05,-5.1,20220205,232
36,2022,0.0,2.1,7.7,64.1,0.0,2.9,6,-11.8,1.4,2,2022-02-06,-4.0,20220206,232
37,2022,0.0,5.9,3.7,52.8,0.0,2.3,7,-10.7,1.0,2,2022-02-07,-3.0,20220207,232
38,2022,0.0,3.3,7.3,62.0,0.0,5.8,8,-8.3,0.9,2,2022-02-08,-1.5,20220208,232
39,2022,0.0,4.9,8.9,57.0,0.0,7.6,9,-9.4,0.5,2,2022-02-09,-0.4,20220209,232
40,2022,0.0,2.4,9.5,59.6,0.0,7.3,10,-4.0,1.1,2,2022-02-10,1.1,20220210,232
41,2022,0.0,3.3,9.0,66.8,0.0,9.8,11,-7.0,0.7,2,2022-02-11,0.7,20220211,232
42,2022,0.0,4.4,8.5,60.5,0.0,11.3,12,-3.3,0.7,2,2022-02-12,2.3,20220212,232
43,2022,0.0,5.6,4.1,65.3,0.0,10.8,13,-3.3,0.6,2,2022-02-13,2.6,20220213,232
44,2022,1.0,4.9,4.9,72.5,0.0,10.7,14,-5.0,1.5,2,2022-02-14,1.9,20220214,232
45,2022,0.0,7.8,2.4,69.0,0.0,0.0,15,-5.5,2.8,2,2022-02-15,-3.1,20220215,232
46,2022,0.0,5.5,5.8,63.3,0.0,-3.5,16,-7.9,2.4,2,2022-02-16,-5.9,20220216,232
47,2022,0.0,0.1,9.8,48.6,0.0,-1.2,17,-10.2,1.5,2,2022-02-17,-6.1,20220217,232
48,2022,0.0,7.0,9.4,52.9,0.0,5.9,18,-12.7,0.6,2,2022-02-18,-2.9,20220218,232
49,2022,0.0,7.5,2.5,59.3,0.0,3.4,19,-4.8,1.8,2,2022-02-19,-0.6,20220219,232
50,2022,0.5,2.9,10.4,45.9,0.0,-0.8,20,-6.6,2.4,2,2022-02-20,-3.7,20220220,232
51,2022,0.0,2.0,7.0,65.8,0.0,5.3,21,-10.2,2.1,2,2022-02-21,-2.1,20220221,232
52,2022,0.5,3.5,8.4,48.8,0.0,2.2,22,-6.7,1.8,2,2022-02-22,-3.0,20220222,232
53,2022,0.0,2.8,10.1,48.8,0.0,-0.2,23,-11.7,1.6,2,2022-02-23,-5.3,20220223,232
54,2022,0.0,0.1,10.6,53.8,0.0,3.6,24,-11.8,1.2,2,2022-02-24,-3.6,20220224,232
55,2022,0.0,0.9,7.6,72.8,0.0,10.4,25,-9.1,1.0,2,2022-02-25,0.7,20220225,232
56,2022,0.6,6.5,5.5,73.4,0.0,12.3,26,-2.5,2.5,2,2022-02-26,5.1,20220226,232
57,2022,0.0,0.0,10.6,57.3,0.0,10.5,27,-3.8,1.7,2,2022-02-27,3.0,20220227,232
58,2022,0.0,6.8,7.1,58.9,0.0,12.5,28,-4.7,0.6,2,2022-02-28,3.9,20220228,232
59,2022,0.9,7.1,2.5,80.4,0.0,9.9,1,0.2,1.3,3,2022-03-01,4.5,20220301,232
60,2022,0.0,0.0,10.8,65.5,0.0,9.8,2,-6.0,1.5,3,2022-03-02,1.9,20220302,232
61,2022,0.0,0.0,10.4,66.0,0.0,13.3,3,-4.4,0.9,3,2022-03-03,3.6,20220303,232
62,2022,0.0,5.3,6.3,60.5,0.0,16.9,4,-3.2,2.6,3,2022-03-04,7.3,20220304,232
63,2022,0.0,0.1,10.4,42.5,0.0,8.3,5,-0.9,3.3,3,2022-03-05,3.0,20220305,232
64,2022,0.0,1.6,10.9,40.0,0.0,6.2,6,-3.3,1.7,3,2022-03-06,1.3,20220306,232
65,2022,0.0,3.4,9.2,53.5,0.0,9.5,7,-5.4,0.9,3,2022-03-07,1.7,20220307,232
66,2022,0.0,2.1,10.0,60.5,0.0,13.2,8,-5.0,1.0,3,2022-03-08,3.8,20220308,232
67,2022,0.0,2.3,7.8,68.0,0.0,15.2,9,-1.6,0.7,3,2022-03-09,5.8,20220309,232
68,2022,0.0,7.1,7.0,53.0,0.0,17.1,10,-1.5,0.7,3,2022-03-10,7.5,20220310,232
69,2022,0.0,7.1,3.1,64.4,0.0,18.2,11,0.2,0.6,3,2022-03-11,9.4,20220311,232
70,2022,0.0,8.0,3.2,73.4,0.0,20.3,12,5.2,1.6,3,2022-03-12,13.7,20220312,232
71,2022,16.9,9.5,0.0,96.0,0.0,16.7,13,11.3,1.1,3,2022-03-13,13.2,20220313,232
72,2022,3.2,9.3,0.0,96.6,0.0,13.5,14,5.3,2.2,3,2022-03-14,9.6,20220314,232
73,2022,0.0,5.5,7.8,74.9,0.0,15.1,15,3.6,1.2,3,2022-03-15,8.2,20220315,232
74,2022,0.0,5.0,8.2,71.0,0.0,17.9,16,0.2,0.9,3,2022-03-16,9.1,20220316,232
75,2022,4.5,10.0,0.0,91.3,0.0,10.7,17,6.8,1.7,3,2022-03-17,8.5,20220317,232
76,2022,2.3,9.6,0.0,78.6,0.0,8.9,18,5.3,3.4,3,2022-03-18,6.9,20220318,232
77,2022,6.7,8.8,0.1,89.4,0.0,6.7,19,1.2,1.5,3,2022-03-19,3.7,20220319,232
78,2022,0.0,8.6,2.7,76.9,0.0,9.9,20,0.5,1.3,3,2022-03-20,4.3,20220320,232
79,2022,0.0,7.5,7.0,59.9,0.0,10.9,21,-2.9,0.9,3,2022-03-21,4.2,20220321,232
80,2022,0.0,2.6,11.1,57.6,0.0,12.5,22,-1.9,1.4,3,2022-03-22,5.7,20220322,232
81,2022,0.0,7.1,0.6,72.4,0.0,9.3,23,0.7,0.9,3,2022-03-23,4.4,20220323,232
82,2022,0.0,7.5,2.2,75.1,0.0,15.0,24,-1.5,1.0,3,2022-03-24,6.7,20220324,232
83,2022,8.0,7.1,2.7,74.0,0.0,18.0,25,2.8,2.0,3,2022-03-25,11.4,20220325,232
84,2022,15.1,7.1,0.8,89.3,0.0,14.6,26,5.7,2.4,3,2022-03-26,11.1,20220326,232
85,2022,0.0,0.8,10.4,56.5,0.0,14.3,27,0.1,1.7,3,2022-03-27,7.1,20220327,232
86,2022,0.0,0.0,11.4,46.4,0.0,14.4,28,-2.5,1.0,3,2022-03-28,6.1,20220328,232
87,2022,0.0,0.9,11.4,63.1,0.0,17.9,29,-1.3,0.9,3,2022-03-29,8.4,20220329,232
88,2022,0.0,7.0,2.3,83.9,0.0,17.5,30,1.8,0.9,3,2022-03-30,10.4,20220330,232
89,2022,0.0,9.5,0.0,81.5,0.0,14.1,31,6.7,1.5,3,2022-03-31,10.2,20220331,232
90,2022,0.0,3.5,10.2,60.1,0.0,15.0,1,1.5,1.3,4,2022-04-01,8.0,20220401,232
91,2022,0.0,0.5,11.6,57.1,0.0,15.2,2,-2.0,1.3,4,2022-04-02,6.2,20220402,232
92,2022,0.0,0.5,11.7,57.9,0.0,16.2,3,-1.5,1.1,4,2022-04-03,7.9,20220403,232
93,2022,0.0,0.0,11.7,53.0,0.0,17.5,4,-0.2,1.1,4,2022-04-04,8.5,20220404,232
94,2022,0.0,5.8,8.5,52.0,0.0,17.9,5,-0.9,0.9,4,2022-04-05,8.6,20220405,232
95,2022,0.0,4.9,8.6,45.9,0.0,18.9,6,2.0,1.1,4,2022-04-06,10.2,20220406,232
96,2022,0.0,3.8,9.2,44.3,0.0,17.5,7,5.3,1.6,4,2022-04-07,10.9,20220407,232
97,2022,0.0,0.8,12.0,45.8,0.0,22.2,8,0.2,1.0,4,2022-04-08,11.9,20220408,232
98,2022,0.0,2.5,9.6,47.5,0.0,25.7,9,7.6,1.5,4,2022-04-09,16.5,20220409,232
99,2022,0.0,3.4,11.5,50.3,0.0,26.3,10,6.3,1.0,4,2022-04-10,16.6,20220410,232
100,2022,0.0,2.1,10.2,64.9,0.0,27.0,11,9.0,1.0,4,2022-04-11,18.4,20220411,232
101,2022,0.0,6.4,8.5,75.0,0.0,27.6,12,11.7,1.3,4,2022-04-12,18.9,20220412,232
102,2022,16.4,10.0,0.0,97.6,0.0,16.2,13,8.4,2.6,4,2022-04-13,11.9,20220413,232
103,2022,9.5,9.8,0.0,82.8,0.0,11.9,14,7.6,3.6,4,2022-04-14,9.8,20220414,232
104,2022,0.0,2.3,11.9,64.3,0.0,18.1,15,3.5,1.5,4,2022-04-15,11.1,20220415,232
105,2022,0.0,1.0,12.2,53.6,0.0,18.2,16,3.0,1.2,4,2022-04-16,10.7,20220416,232
106,2022,0.0,2.3,11.4,55.5,0.0,21.3,17,1.1,1.2,4,2022-04-17,11.7,20220417,232
107,2022,0.0,6.6,9.0,52.9,0.0,22.0,18,6.9,1.2,4,2022-04-18,13.2,20220418,232
108,2022,0.0,1.6,12.0,56.3,0.0,22.8,19,3.7,1.1,4,2022-04-19,13.3,20220419,232
109,2022,0.0,1.1,12.2,57.8,0.0,23.2,20,3.0,0.9,4,2022-04-20,13.0,20220420,232
110,2022,0.0,4.3,8.0,59.1,0.0,21.9,21,4.5,1.3,4,2022-04-21,13.4,20220421,232
111,2022,0.0,5.5,5.1,75.3,0.0,22.6,22,7.8,1.9,4,2022-04-22,15.5,20220422,232
112,2022,0.0,7.5,8.1,63.3,0.0,24.4,23,9.3,0.8,4,2022-04-23,16.3,20220423,232
113,2022,0.0,3.6,7.9,72.0,0.0,26.7,24,9.9,1.0,4,2022-04-24,17.6,20220424,232
114,2022,3.9,9.4,2.0,77.0,0.0,25.2,25,13.4,0.8,4,2022-04-25,19.0,20220425,232
115,2022,9.0,8.1,2.1,80.1,0.0,24.2,26,15.2,1.6,4,2022-04-26,18.6,20220426,232
116,2022,0.0,1.4,11.8,39.5,0.0,22.6,27,9.2,1.2,4,2022-04-27,15.5,20220427,232
117,2022,0.0,5.5,8.1,54.3,0.0,25.0,28,6.7,1.2,4,2022-04-28,15.6,20220428,232
118,2022,12.8,7.3,2.3,78.6,0.0,16.2,29,9.1,2.2,4,2022-04-29,12.2,20220429,232
119,2022,0.0,7.8,3.1,73.5,0.0,18.2,30,7.7,1.3,4,2022-04-30,12.3,20220430,232
120,2022,0.0,1.3,11.0,57.3,0.0,19.1,1,4.4,1.8,5,2022-05-01,11.7,20220501,232
121,2022,0.0,2.6,11.8,59.6,0.0,19.1,2,4.6,1.5,5,2022-05-02,11.8,20220502,232
122,2022,0.0,0.3,12.6,59.4,0.0,22.0,3,3.1,0.9,5,2022-05-03,12.2,20220503,232
123,2022,0.0,1.5,12.4,58.1,0.0,25.8,4,4.7,1.0,5,2022-05-04,15.4,20220504,232
124,2022,0.0,0.0,12.7,63.8,0.0,25.9,5,6.2,0.8,5,2022-05-05,16.7,20220505,232
125,2022,0.0,5.1,9.7,72.1,0.0,25.9,6,9.5,1.1,5,2022-05-06,18.2,20220506,232
126,2022,0.0,7.1,6.6,66.5,0.0,21.7,7,10.8,1.5,5,2022-05-07,16.6,20220507,232
127,2022,1.0,9.6,2.3,54.4,0.0,21.2,8,10.3,1.8,5,2022-05-08,15.3,20220508,232
128,2022,2.2,5.6,10.7,61.0,0.0,23.0,9,10.5,2.0,5,2022-05-09,15.5,20220509,232
129,2022,0.0,5.3,10.6,46.4,0.0,24.5,10,7.4,1.4,5,2022-05-10,16.8,20220510,232
130,2022,0.0,8.1,8.1,53.5,0.0,24.1,11,11.2,1.1,5,2022-05-11,17.8,20220511,232
131,2022,0.0,7.3,6.3,61.6,0.0,26.4,12,12.1,1.0,5,2022-05-12,18.7,20220512,232
132,2022,0.0,7.3,1.7,63.1,0.0,21.7,13,13.3,0.9,5,2022-05-13,17.2,20220513,232
133,2022,0.0,3.8,11.9,53.3,0.0,20.3,14,8.0,2.1,5,2022-05-14,14.2,20220514,232
134,2022,0.0,1.6,11.9,51.4,0.0,20.4,15,6.8,1.4,5,2022-05-15,13.9,20220515,232
135,2022,0.0,0.6,12.9,51.8,0.0,23.9,16,3.9,1.4,5,2022-05-16,14.7,20220516,232
136,2022,0.0,0.9,11.6,56.4,0.0,26.6,17,7.6,1.4,5,2022-05-17,18.3,20220517,232
137,2022,0.0,3.1,11.0,51.5,0.0,27.2,18,10.9,1.7,5,2022-05-18,19.8,20220518,232
138,2022,0.0,7.6,6.1,49.0,0.0,24.6,19,10.2,1.4,5,2022-05-19,17.8,20220519,232
139,2022,0.0,4.6,9.7,61.3,0.0,26.4,20,10.8,1.0,5,2022-05-20,18.7,20220520,232
140,2022,0.0,2.8,9.6,74.0,0.0,26.2,21,14.1,1.3,5,2022-05-21,19.6,20220521,232
141,2022,0.0,1.3,11.9,74.3,0.0,27.4,22,12.3,1.3,5,2022-05-22,19.8,20220522,232
142,2022,0.0,2.8,11.7,64.5,0.0,29.9,23,13.3,1.3,5,2022-05-23,22.0,20220523,232
143,2022,0.0,0.8,13.0,58.9,0.0,29.3,24,11.9,1.0,5,2022-05-24,20.8,20220524,232
144,2022,0.9,5.4,10.2,70.5,0.0,26.9,25,12.2,1.3,5,2022-05-25,19.7,20220525,232
145,2022,5.6,2.8,11.2,60.3,0.0,24.2,26,12.4,1.7,5,2022-05-26,18.0,20220526,232
146,2022,0.0,0.9,12.5,64.4,0.0,24.6,27,11.7,1.9,5,2022-05-27,18.5,20220527,232
147,2022,0.0,2.5,12.4,62.9,0.0,28.9,28,11.1,1.3,5,2022-05-28,19.6,20220528,232
148,2022,0.0,3.1,12.4,62.5,0.0,29.0,29,10.6,1.0,5,2022-05-29,20.5,20220529,232
149,2022,0.1,6.6,0.6,78.5,0.0,24.5,30,16.2,1.1,5,2022-05-30,19.8,20220530,232
150,2022,0.0,2.0,13.2,55.4,0.0,27.5,31,10.6,1.3,5,2022-05-31,18.8,20220531,232
151,2022,0.0,1.3,13.1,48.3,0.0,30.4,1,10.6,1.3,6,2022-06-01,20.0,20220601,232
152,2022,0.0,1.6,13.1,72.5,0.0,28.6,2,9.7,1.2,6,2022-06-02,19.6,20220602,232
153,2022,0.0,2.5,10.7,70.4,0.0,30.8,3,15.9,0.9,6,2022-06-03,22.9,20220603,232
154,2022,0.0,7.0,7.8,65.3,0.0,28.4,4,15.6,1.5,6,2022-06-04,22.6,20220604,232
155,2022,2.4,9.5,0.0,82.9,0.0,22.1,5,15.9,2.3,6,2022-06-05,18.1,20220605,232
156,2022,2.5,6.0,2.8,82.5,0.0,21.6,6,15.6,1.4,6,2022-06-06,17.9,20220606,232
157,2022,0.0,7.4,2.6,78.1,0.0,20.9,7,13.0,1.6,6,2022-06-07,16.7,20220607,232
158,2022,0.0,6.5,5.8,75.8,0.0,25.6,8,12.7,1.2,6,2022-06-08,18.9,20220608,232
159,2022,0.0,6.4,3.2,77.8,0.0,25.4,9,16.4,0.9,6,2022-06-09,20.5,20220609,232
160,2022,0.0,5.6,8.0,73.1,0.0,27.8,10,14.7,1.1,6,2022-06-10,21.5,20220610,232
161,2022,0.0,5.0,10.0,65.0,0.0,30.1,11,14.6,1.5,6,2022-06-11,23.1,20220611,232
162,2022,0.0,6.4,8.3,69.9,0.0,27.8,12,16.2,1.6,6,2022-06-12,22.5,20220612,232
163,2022,0.0,6.9,11.1,60.6,0.0,26.6,13,18.8,3.0,6,2022-06-13,22.5,20220613,232
164,2022,1.2,7.8,0.5,71.6,0.0,20.9,14,15.7,3.1,6,2022-06-14,18.0,20220614,232
165,2022,17.1,8.3,2.3,87.8,0.0,24.9,15,14.3,1.7,6,2022-06-15,18.8,20220615,232
166,2022,0.0,5.1,6.6,74.5,0.0,25.4,16,16.2,1.4,6,2022-06-16,20.4,20220616,232
167,2022,0.0,6.0,4.3,82.3,0.0,26.0,17,14.6,0.7,6,2022-06-17,21.3,20220617,232
168,2022,0.0,5.5,2.1,83.0,0.0,26.6,18,20.1,0.8,6,2022-06-18,23.3,20220618,232
169,2022,0.0,6.6,0.7,84.5,0.0,27.2,19,20.0,0.6,6,2022-06-19,23.6,20220619,232
170,2022,0.0,3.1,6.2,78.3,0.0,30.5,20,21.2,0.8,6,2022-06-20,25.2,20220620,232
171,2022,0.0,1.5,12.5,74.6,0.0,33.1,21,19.5,1.1,6,2022-06-21,25.5,20220621,232
172,2022,0.0,5.0,10.2,77.5,0.0,32.3,22,19.6,1.0,6,2022-06-22,25.0,20220622,232
173,2022,45.3,8.9,0.4,92.4,0.0,29.5,23,19.4,1.5,6,2022-06-23,24.1,20220623,232
174,2022,12.0,7.5,4.2,86.4,0.0,28.1,24,20.9,2.0,6,2022-06-24,24.1,20220624,232
175,2022,0.0,2.1,6.2,79.3,0.0,32.1,25,19.3,1.3,6,2022-06-25,26.1,20220625,232
176,2022,0.0,8.0,1.7,81.0,0.0,29.6,26,24.7,1.4,6,2022-06-26,26.9,20220626,232
177,2022,1.0,10.0,0.1,82.4,0.0,29.3,27,24.0,1.7,6,2022-06-27,27.2,20220627,232
178,2022,0.1,9.6,4.1,70.3,0.0,31.2,28,26.8,3.4,6,2022-06-28,28.5,20220628,232
179,2022,55.5,9.8,0.7,95.6,0.0,29.0,29,24.0,1.9,6,2022-06-29,25.5,20220629,232
180,2022,30.9,7.9,2.7,90.5,0.0,30.2,30,21.0,1.7,6,2022-06-30,25.1,20220630,232
181,2022,0.0,4.1,9.5,80.5,0.0,31.7,1,21.9,1.0,7,2022-07-01,26.8,20220701,232
182,2022,0.0,4.3,12.2,79.4,0.0,33.5,2,21.5,0.7,7,2022-07-02,27.3,20220702,232
183,2022,1.9,5.8,10.2,83.0,0.0,33.2,3,22.8,0.8,7,2022-07-03,26.8,20220703,232
184,2022,2.5,6.3,9.2,80.8,0.0,32.9,4,22.5,0.9,7,2022-07-04,26.9,20220704,232
185,2022,0.0,7.5,4.1,88.1,0.0,32.5,5,23.2,0.7,7,2022-07-05,26.9,20220705,232
186,2022,0.0,6.6,5.5,79.8,0.0,33.9,6,23.5,1.3,7,2022-07-06,28.6,20220706,232
187,2022,4.0,7.9,3.7,84.3,0.0,33.4,7,24.6,1.6,7,2022-07-07,28.2,20220707,232
188,2022,1.0,7.0,5.4,82.4,0.0,30.9,8,24.1,1.5,7,2022-07-08,26.8,20220708,232
189,2022,0.0,6.4,1.2,90.0,0.0,29.6,9,23.2,0.9,7,2022-07-09,25.4,20220709,232
190,2022,2.0,6.1,8.3,81.5,0.0,33.2,10,21.4,0.8,7,2022-07-10,27.2,20220710,232
191,2022,13.3,7.4,2.0,95.6,0.0,27.6,11,21.8,0.8,7,2022-07-11,23.8,20220711,232
192,2022,0.0,8.1,1.6,90.5,0.0,29.0,12,21.7,0.9,7,2022-07-12,25.8,20220712,232
193,2022,36.1,9.3,0.0,95.5,0.0,26.0,13,23.3,1.6,7,2022-07-13,24.3,20220713,232
194,2022,2.8,5.9,2.1,91.5,0.0,28.7,14,23.0,1.3,7,2022-07-14,25.1,20220714,232
195,2022,0.0,2.5,9.2,81.1,0.0,30.0,15,20.9,1.1,7,2022-07-15,25.0,20220715,232
196,2022,0.5,6.0,3.4,85.6,0.0,28.9,16,19.5,0.9,7,2022-07-16,23.9,20220716,232
197,2022,0.0,6.8,5.1,85.3,0.0,29.5,17,19.7,1.0,7,2022-07-17,24.4,20220717,232
198,2022,8.4,7.9,0.1,96.5,0.0,24.8,18,20.4,1.5,7,2022-07-18,22.6,20220718,232
199,2022,0.0,7.3,2.4,89.3,0.0,29.8,19,19.3,0.9,7,2022-07-19,24.1,20220719,232
200,2022,0.0,8.8,7.1,82.3,0.0,31.4,20,21.4,0.7,7,2022-07-20,25.8,20220720,232
201,2022,22.1,8.1,0.0,96.6,0.0,24.1,21,22.0,1.4,7,2022-07-21,23.0,20220721,232
202,2022,0.7,5.8,5.2,87.5,0.0,28.7,22,21.1,1.5,7,2022-07-22,24.2,20220722,232
203,2022,10.3,8.0,0.3,90.5,0.0,27.4,23,19.4,1.1,7,2022-07-23,23.5,20220723,232
204,2022,2.5,5.3,0.5,95.0,0.0,27.0,24,22.2,1.2,7,2022-07-24,24.3,20220724,232
205,2022,0.0,3.0,7.3,84.6,0.0,31.0,25,22.5,1.0,7,2022-07-25,26.0,20220725,232
206,2022,0.0,3.6,11.8,80.4,0.0,33.4,26,20.9,0.8,7,2022-07-26,26.9,20220726,232
207,2022,0.0,6.4,6.9,77.6,0.0,30.3,27,22.8,1.6,7,2022-07-27,26.0,20220727,232
208,2022,0.0,3.9,11.5,79.9,0.0,32.0,28,21.0,2.0,7,2022-07-28,27.1,20220728,232
209,2022,0.0,3.9,10.9,76.1,0.0,34.1,29,23.3,1.5,7,2022-07-29,28.8,20220729,232
210,2022,0.0,5.8,7.1,73.4,0.0,32.5,30,24.0,2.7,7,2022-07-30,28.7,20220730,232
211,2022,8.9,9.8,0.0,92.6,0.0,28.6,31,25.0,2.3,7,2022-07-31,26.5,20220731,232
212,2022,16.5,8.3,2.5,86.1,0.0,32.0,1,24.7,2.5,8,2022-08-01,27.7,20220801,232
213,2022,0.3,8.3,0.3,92.3,0.0,29.6,2,25.4,1.4,8,2022-08-02,27.1,20220802,232
214,2022,3.0,6.1,5.6,90.8,0.0,32.0,3,25.0,1.1,8,2022-08-03,27.6,20220803,232
215,2022,0.0,4.4,6.4,87.3,0.0,31.9,4,24.4,0.9,8,2022-08-04,27.7,20220804,232
216,2022,0.0,5.4,6.1,88.9,0.0,32.4,5,24.2,1.0,8,2022-08-05,27.6,20220805,232
217,2022,0.0,5.0,6.6,87.8,0.0,33.2,6,24.4,0.7,8,2022-08-06,28.3,20220806,232
218,2022,0.0,8.0,2.1,86.6,0.0,32.2,7,25.4,1.1,8,2022-08-07,28.5,20220807,232
219,2022,9.1,10.0,0.0,91.9,0.0,28.9,8,26.0,1.7,8,2022-08-08,27.2,20220808,232
220,2022,18.4,10.0,0.2,92.4,0.0,29.2,9,25.2,1.5,8,2022-08-09,26.9,20220809,232
221,2022,101.5,10.0,0.0,99.0,0.0,27.1,10,22.2,0.9,8,2022-08-10,23.7,20220810,232
222,2022,75.6,9.5,0.0,99.0,0.0,25.7,11,23.8,0.9,8,2022-08-11,24.7,20220811,232
223,2022,0.1,3.8,10.4,84.1,0.0,31.1,12,21.4,0.8,8,2022-08-12,25.6,20220812,232
224,2022,27.7,9.3,0.0,96.9,0.0,26.6,13,21.7,0.7,8,2022-08-13,24.5,20220813,232
225,2022,14.8,7.6,0.0,98.1,0.0,27.3,14,24.3,0.7,8,2022-08-14,25.5,20220814,232
226,2022,10.6,9.4,2.1,86.5,0.0,30.8,15,25.1,2.4,8,2022-08-15,27.6,20220815,232
227,2022,0.5,6.0,5.9,86.8,0.0,30.3,16,21.8,1.0,8,2022-08-16,25.6,20220816,232
228,2022,0.1,6.3,3.4,89.6,0.0,29.8,17,20.2,0.9,8,2022-08-17,24.0,20220817,232
229,2022,0.0,4.8,6.5,85.6,0.0,29.9,18,18.7,0.7,8,2022-08-18,23.3,20220818,232
230,2022,0.0,8.5,0.3,91.5,0.0,28.5,19,19.4,1.2,8,2022-08-19,25.1,20220819,232
231,2022,3.1,4.6,7.4,86.6,0.0,31.1,20,22.3,1.3,8,2022-08-20,26.9,20220820,232
232,2022,0.0,2.6,10.7,82.0,0.0,31.7,21,20.9,0.8,8,2022-08-21,26.0,20220821,232
233,2022,0.0,8.1,4.1,84.6,0.0,30.8,22,22.0,0.9,8,2022-08-22,25.9,20220822,232
234,2022,8.0,7.5,0.2,98.3,0.0,25.9,23,20.9,0.7,8,2022-08-23,23.5,20220823,232
235,2022,0.0,6.5,1.9,84.6,0.0,25.8,24,19.2,1.8,8,2022-08-24,22.8,20220824,232
236,2022,0.5,8.8,0.0,91.4,0.0,26.3,25,17.9,0.6,8,2022-08-25,20.9,20220825,232
237,2022,0.0,3.8,8.0,83.4,0.0,27.7,26,15.5,0.8,8,2022-08-26,21.4,20220826,232
238,2022,0.0,4.6,10.2,72.1,0.0,25.1,27,15.1,1.3,8,2022-08-27,20.6,20220827,232
239,2022,0.0,2.8,12.2,75.0,0.0,27.4,28,12.6,1.0,8,2022-08-28,20.1,20220828,232
240,2022,0.9,7.6,0.0,89.5,0.0,21.1,29,17.2,1.4,8,2022-08-29,19.1,20220829,232
241,2022,70.0,10.0,0.0,99.0,0.0,20.0,30,17.2,1.3,8,2022-08-30,18.9,20220830,232
242,2022,5.9,7.8,0.1,98.0,0.0,22.8,31,18.8,0.6,8,2022-08-31,20.5,20220831,232
243,2022,0.0,6.4,7.4,85.8,0.0,27.9,1,17.5,0.6,9,2022-09-01,21.5,20220901,232
244,2022,0.0,5.0,7.9,73.3,0.0,28.2,2,16.0,2.2,9,2022-09-02,22.5,20220902,232
245,2022,0.0,6.9,3.3,72.1,0.0,27.3,3,19.6,3.1,9,2022-09-03,23.0,20220903,232
246,2022,4.4,9.9,0.0,90.4,0.0,25.9,4,20.7,1.7,9,2022-09-04,23.3,20220904,232
247,2022,76.5,10.0,0.0,99.0,0.0,24.9,5,18.5,0.9,9,2022-09-05,21.8,20220905,232
248,2022,50.2,5.6,5.2,86.3,0.0,24.9,6,14.7,2.1,9,2022-09-06,19.6,20220906,232
249,2022,0.0,2.5,8.5,81.1,0.0,27.6,7,14.0,0.9,9,2022-09-07,19.5,20220907,232
250,2022,0.0,1.6,11.9,78.1,0.0,28.3,8,12.6,0.6,9,2022-09-08,20.1,20220908,232
251,2022,0.0,5.1,9.2,75.3,0.0,28.3,9,15.5,1.0,9,2022-09-09,21.2,20220909,232
252,2022,0.0,8.3,6.9,70.9,0.0,27.0,10,16.6,1.7,9,2022-09-10,20.9,20220910,232
253,2022,0.0,9.0,3.7,80.6,0.0,27.4,11,17.6,1.1,9,2022-09-11,22.3,20220911,232
254,2022,0.0,10.0,1.3,90.8,0.0,26.7,12,19.8,0.8,9,2022-09-12,22.7,20220912,232
255,2022,0.0,9.9,0.3,82.1,0.0,27.2,13,20.5,1.3,9,2022-09-13,23.9,20220913,232
256,2022,0.0,8.5,2.8,59.3,0.0,28.3,14,20.7,2.8,9,2022-09-14,23.9,20220914,232
257,2022,0.0,7.6,7.8,66.6,0.0,28.6,15,21.1,3.1,9,2022-09-15,24.7,20220915,232
258,2022,0.2,6.6,6.6,78.5,0.0,30.3,16,21.5,2.0,9,2022-09-16,25.2,20220916,232
259,2022,0.0,7.4,9.2,86.0,0.0,31.3,17,22.3,0.9,9,2022-09-17,25.8,20220917,232
260,2022,0.0,8.9,4.8,79.6,0.0,31.9,18,22.4,1.7,9,2022-09-18,26.7,20220918,232
261,2022,0.0,4.5,8.6,63.5,0.0,28.8,19,19.0,2.8,9,2022-09-19,24.6,20220919,232
262,2022,0.0,3.1,5.3,76.0,0.0,22.6,20,12.8,1.1,9,2022-09-20,17.3,20220920,232
263,2022,0.0,0.4,11.3,74.1,0.0,23.9,21,10.1,1.1,9,2022-09-21,16.6,20220921,232
264,2022,0.0,6.8,9.4,77.5,0.0,23.5,22,10.2,0.9,9,2022-09-22,16.7,20220922,232
265,2022,2.0,4.0,7.1,78.3,0.0,24.0,23,10.9,1.3,9,2022-09-23,15.9,20220923,232
266,2022,0.0,4.9,10.4,77.3,0.0,23.2,24,8.7,0.9,9,2022-09-24,16.1,20220924,232
267,2022,0.0,8.3,3.1,81.4,0.0,24.1,25,12.9,0.6,9,2022-09-25,16.9,20220925,232
268,2022,0.0,7.8,5.8,78.4,0.0,25.5,26,12.6,0.6,9,2022-09-26,17.2,20220926,232
269,2022,0.0,1.0,10.9,78.5,0.0,26.6,27,9.5,0.6,9,2022-09-27,17.5,20220927,232
270,2022,0.0,5.1,6.3,84.9,0.0,25.2,28,11.6,0.5,9,2022-09-28,17.4,20220928,232
271,2022,0.0,4.1,5.9,90.3,0.0,24.8,29,13.0,0.5,9,2022-09-29,17.2,20220929,232
272,2022,0.0,2.9,7.2,85.5,0.0,26.9,30,11.5,0.5,9,2022-09-30,17.2,20220930,232
273,2022,0.0,6.8,5.9,82.3,0.0,26.9,1,11.5,0.6,10,2022-10-01,18.2,20221001,232
274,2022,2.1,9.5,1.1,84.8,0.0,23.7,2,14.0,1.2,10,2022-10-02,18.7,20221002,232
275,2022,19.5,9.5,0.0,97.1,0.0,25.2,3,18.0,1.3,10,2022-10-03,22.0,20221003,232
276,2022,52.0,9.4,1.7,86.6,0.0,23.4,4,14.2,2.1,10,2022-10-04,18.6,20221004,232
277,2022,0.0,7.6,7.1,76.8,0.0,21.1,5,13.3,0.9,10,2022-10-05,15.9,20221005,232
278,2022,0.0,9.3,3.1,84.9,0.0,20.6,6,13.4,0.8,10,2022-10-06,16.2,20221006,232
279,2022,0.0,5.8,6.9,78.8,0.0,19.2,7,11.1,1.2,10,2022-10-07,14.9,20221007,232
280,2022,0.0,2.3,10.1,70.8,0.0,20.4,8,8.8,1.7,10,2022-10-08,14.7,20221008,232
281,2022,17.3,9.1,0.0,93.5,0.0,14.1,9,10.8,1.1,10,2022-10-09,12.7,20221009,232
282,2022,7.2,6.9,4.5,84.1,0.0,13.0,10,8.3,2.8,10,2022-10-10,10.3,20221010,232
283,2022,0.1,2.6,10.6,81.6,0.0,16.2,11,6.2,1.2,10,2022-10-11,10.4,20221011,232
284,2022,0.0,4.1,7.3,86.8,0.0,19.7,12,4.3,0.8,10,2022-10-12,10.7,20221012,232
285,2022,0.0,1.5,10.4,83.3,0.0,21.6,13,6.8,0.8,10,2022-10-13,13.5,20221013,232
286,2022,0.0,8.3,2.7,88.1,0.0,21.3,14,8.3,0.5,10,2022-10-14,14.2,20221014,232
287,2022,0.0,6.0,6.3,84.5,0.0,24.2,15,10.7,0.5,10,2022-10-15,16.5,20221015,232
288,2022,0.0,8.6,0.4,89.1,0.0,21.4,16,13.6,0.7,10,2022-10-16,16.6,20221016,232
289,2022,0.0,3.3,0.0,53.8,0.0,15.8,17,6.0,2.0,10,2022-10-17,11.3,20221017,232
290,2022,0.0,0.0,10.5,73.6,0.0,13.9,18,1.0,1.0,10,2022-10-18,6.8,20221018,232
291,2022,0.0,0.0,10.4,76.6,0.0,16.2,19,-0.4,0.7,10,2022-10-19,7.3,20221019,232
292,2022,0.0,2.0,10.4,78.1,0.0,19.4,20,1.0,0.6,10,2022-10-20,9.6,20221020,232
293,2022,0.0,8.1,4.1,82.3,0.0,19.3,21,4.8,0.5,10,2022-10-21,11.2,20221021,232
294,2022,0.0,4.0,8.8,81.8,0.0,20.0,22,6.6,0.9,10,2022-10-22,13.1,20221022,232
295,2022,0.0,3.5,5.8,68.9,0.0,18.1,23,9.6,1.3,10,2022-10-23,13.6,20221023,232
296,2022,0.0,1.0,9.4,67.6,0.0,15.0,24,3.0,1.2,10,2022-10-24,8.6,20221024,232
297,2022,0.0,0.0,9.9,74.9,0.0,16.3,25,0.7,1.1,10,2022-10-25,8.1,20221025,232
298,2022,0.0,4.1,9.4,76.9,0.0,17.5,26,2.0,0.6,10,2022-10-26,9.6,20221026,232
299,2022,0.0,2.6,9.5,80.8,0.0,19.6,27,3.8,0.9,10,2022-10-27,11.5,20221027,232
300,2022,0.0,3.4,5.5,87.4,0.0,19.1,28,6.8,0.5,10,2022-10-28,11.1,20221028,232
301,2022,0.0,3.8,8.7,82.0,0.0,20.0,29,4.7,0.6,10,2022-10-29,11.4,20221029,232
302,2022,0.0,3.1,8.3,81.1,0.0,20.1,30,5.5,0.6,10,2022-10-30,11.5,20221030,232
303,2022,0.0,4.0,7.9,80.9,0.0,19.8,31,6.6,0.8,10,2022-10-31,12.2,20221031,232
304,2022,0.0,3.1,4.4,85.8,0.0,18.5,1,6.4,0.7,11,2022-11-01,11.4,20221101,232
305,2022,0.0,3.3,6.7,71.4,0.0,18.1,2,3.1,0.8,11,2022-11-02,8.6,20221102,232
306,2022,0.0,0.0,2.0,71.0,0.0,15.7,3,1.4,1.1,11,2022-11-03,8.3,20221103,232
307,2022,0.0,0.4,9.7,54.5,0.0,9.3,4,-1.4,1.6,11,2022-11-04,4.4,20221104,232
308,2022,0.0,0.0,9.8,66.5,0.0,12.8,5,-4.1,0.8,11,2022-11-05,3.8,20221105,232
309,2022,0.0,2.9,8.7,78.9,0.0,15.5,6,-1.7,0.7,11,2022-11-06,6.1,20221106,232
310,2022,0.0,4.1,7.7,74.1,0.0,16.0,7,0.0,0.6,11,2022-11-07,8.1,20221107,232
311,2022,0.0,3.0,7.6,75.4,0.0,18.2,8,5.1,0.7,11,2022-11-08,10.3,20221108,232
312,2022,0.0,5.6,2.9,89.1,0.0,16.1,9,2.1,0.4,11,2022-11-09,7.7,20221109,232
313,2022,0.0,4.1,6.5,85.0,0.0,18.4,10,3.3,0.5,11,2022-11-10,9.6,20221110,232
314,2022,0.0,1.9,8.9,77.0,0.0,21.4,11,4.8,0.5,11,2022-11-11,11.8,20221111,232
315,2022,14.5,6.9,2.5,82.1,0.0,23.0,12,6.1,1.1,11,2022-11-12,15.4,20221112,232
316,2022,0.4,9.8,0.0,86.3,0.0,18.2,13,9.6,1.9,11,2022-11-13,10.8,20221113,232
317,2022,0.0,5.1,3.3,83.3,0.0,14.8,14,4.2,1.0,11,2022-11-14,9.1,20221114,232
318,2022,4.3,3.1,4.0,90.9,0.0,12.2,15,0.0,0.5,11,2022-11-15,5.9,20221115,232
319,2022,0.1,3.3,5.9,79.9,0.0,14.0,16,2.3,0.7,11,2022-11-16,6.7,20221116,232
320,2022,0.0,2.9,8.8,78.3,0.0,15.5,17,1.8,0.6,11,2022-11-17,7.6,20221117,232
321,2022,0.0,0.0,9.3,76.4,0.0,17.4,18,0.0,0.9,11,2022-11-18,7.3,20221118,232
322,2022,0.0,3.3,9.2,75.3,0.0,18.4,19,0.4,0.8,11,2022-11-19,9.1,20221119,232
323,2022,0.0,3.8,3.7,80.9,0.0,18.8,20,5.9,0.5,11,2022-11-20,10.6,20221120,232
324,2022,0.0,3.4,7.7,77.8,0.0,18.3,21,3.1,0.7,11,2022-11-21,10.0,20221121,232
325,2022,0.5,9.4,0.9,89.0,0.0,15.1,22,5.9,0.5,11,2022-11-22,9.9,20221122,232
326,2022,0.0,4.3,7.3,76.5,0.0,15.5,23,2.9,1.0,11,2022-11-23,9.3,20221123,232
327,2022,0.0,3.5,6.8,82.8,0.0,14.9,24,1.4,0.5,11,2022-11-24,6.5,20221124,232
328,2022,0.0,3.1,8.7,70.8,0.0,16.9,25,0.2,1.0,11,2022-11-25,8.2,20221125,232
329,2022,0.0,0.4,8.7,65.4,0.0,12.6,26,-1.1,1.3,11,2022-11-26,6.7,20221126,232
330,2022,0.0,4.4,8.2,63.6,0.0,13.9,27,-3.9,0.7,11,2022-11-27,3.7,20221127,232
331,2022,20.5,7.1,1.8,89.0,0.0,12.5,28,-0.4,1.1,11,2022-11-28,8.1,20221128,232
332,2022,2.9,9.8,1.8,66.8,0.0,14.5,29,1.0,2.3,11,2022-11-29,8.4,20221129,232
333,2022,0.0,4.1,7.8,48.4,0.0,1.0,30,-5.3,2.6,11,2022-11-30,-3.3,20221130,232
334,2022,0.0,3.9,7.7,53.9,0.0,0.4,1,-8.9,1.0,12,2022-12-01,-4.6,20221201,232
335,2022,0.0,3.1,7.3,71.0,0.0,3.1,2,-8.4,0.8,12,2022-12-02,-3.7,20221202,232
336,2022,0.3,7.4,0.5,82.4,0.0,5.2,3,-3.1,0.8,12,2022-12-03,1.5,20221203,232
337,2022,0.0,8.9,2.3,44.6,0.0,2.2,4,-5.7,1.6,12,2022-12-04,-1.8,20221204,232
338,2022,0.0,3.3,7.6,45.1,0.0,1.9,5,-7.1,1.2,12,2022-12-05,-2.8,20221205,232
339,2022,1.5,7.6,1.2,92.3,0.0,2.6,6,-8.0,0.7,12,2022-12-06,-1.6,20221206,232
340,2022,0.5,4.8,1.9,85.9,0.0,8.1,7,-1.5,0.8,12,2022-12-07,2.2,20221207,232
341,2022,0.0,1.5,8.2,71.8,0.0,9.7,8,-3.3,0.6,12,2022-12-08,1.4,20221208,232
342,2022,0.0,2.8,4.7,79.6,0.0,11.0,9,-4.1,0.6,12,2022-12-09,2.1,20221209,232
343,2022,0.0,6.3,3.1,72.8,0.0,6.4,10,-4.6,0.6,12,2022-12-10,0.8,20221210,232
344,2022,0.0,0.5,9.0,69.3,0.0,7.6,11,-5.3,0.8,12,2022-12-11,-0.1,20221211,232
345,2022,0.7,6.0,4.3,80.8,0.0,7.0,12,-6.3,0.8,12,2022-12-12,0.7,20221212,232
346,2022,11.2,6.8,0.8,94.5,0.0,4.1,13,-4.2,2.4,12,2022-12-13,0.9,20221213,232
347,2022,0.1,1.8,7.0,69.6,0.0,-4.3,14,-12.0,1.4,12,2022-12-14,-8.2,20221214,232
348,2022,2.9,4.1,3.7,88.1,0.0,2.5,15,-12.3,1.0,12,2022-12-15,-3.9,20221215,232
349,2022,0.0,8.0,6.8,67.1,0.0,-2.5,16,-10.5,0.0,12,2022-12-16,-5.8,20221216,232
350,2022,2.0,4.6,5.4,75.1,0.0,-2.7,17,-12.7,0.9,12,2022-12-17,-7.6,20221217,232
351,2022,0.0,2.0,8.9,75.3,0.0,-5.7,18,-16.9,0.9,12,2022-12-18,-11.1,20221218,232
352,2022,0.0,3.1,7.1,76.9,0.0,-1.8,19,-15.5,0.7,12,2022-12-19,-8.4,20221219,232
353,2022,0.0,3.6,8.2,76.1,0.0,2.0,20,-13.1,0.7,12,2022-12-20,-5.2,20221220,232
354,2022,3.4,9.1,0.0,93.6,0.0,1.9,21,-4.1,1.1,12,2022-12-21,-0.1,20221221,232
355,2022,0.3,5.3,4.3,69.1,0.0,-0.4,22,-9.0,3.0,12,2022-12-22,-5.5,20221222,232
356,2022,5.6,7.3,1.5,77.0,0.0,-7.0,23,-10.9,2.5,12,2022-12-23,-9.5,20221223,232
357,2022,0.0,4.6,9.0,76.3,0.0,-4.6,24,-18.1,0.6,12,2022-12-24,-11.7,20221224,232
358,2022,0.0,3.4,9.0,81.3,0.0,0.4,25,-16.6,0.7,12,2022-12-25,-8.5,20221225,232
359,2022,0.0,3.4,7.8,83.5,0.0,0.7,26,-13.6,0.4,12,2022-12-26,-7.3,20221226,232
360,2022,0.0,2.6,8.8,82.5,0.0,3.4,27,-13.3,0.5,12,2022-12-27,-5.6,20221227,232
361,2022,0.1,0.0,6.3,76.1,0.0,1.1,28,-9.1,1.0,12,2022-12-28,-4.2,20221228,232
362,2022,0.0,3.5,6.7,72.3,0.0,1.7,29,-12.6,0.5,12,2022-12-29,-5.5,20221229,232
363,2022,0.2,3.9,5.0,79.0,0.0,2.6,30,-7.5,0.7,12,2022-12-30,-2.9,20221230,232
364,2022,0.0,3.9,2.3,85.4,0.0,4.3,31,-9.8,0.4,12,2022-12-31,-3.9,20221231,232
