,sunshine,station_id,day,humid,tmin,date,wind,snow,Date,tavg,cloud,year,tmax,month,rainfall
0,8.0,232,1,66.1,-8.5,20180101,0.9,0.0,2018-01-01,-2.8,0.0,2018,3.8,1,0.0
1,1.7,232,2,64.4,-8.1,20180102,0.9,0.0,2018-01-02,-2.6,0.0,2018,2.9,1,0.0
2,8.6,232,3,50.3,-7.2,20180103,1.7,0.0,2018-01-03,-3.2,0.0,2018,0.7,1,0.0
3,6.7,232,4,54.1,-8.1,20180104,1.1,0.0,2018-01-04,-3.8,0.0,2018,-0.3,1,0.0
4,7.8,232,5,70.4,-7.0,20180105,1.3,0.0,2018-01-05,-2.6,0.0,2018,2.6,1,0.0
5,8.3,232,6,65.0,-9.0,20180106,1.2,0.0,2018-01-06,-2.8,0.0,2018,3.5,1,0.0
6,2.0,232,7,66.9,-10.4,20180107,0.8,0.0,2018-01-07,-2.8,0.0,2018,2.7,1,0.0
7,0.0,232,8,80.3,-1.1,20180108,1.4,0.0,2018-01-08,0.9,0.0,2018,3.2,1,1.9
8,1.0,232,9,86.6,-5.8,20180109,1.9,0.0,2018-01-09,-3.4,0.0,2018,-0.7,1,3.0
9,3.3,232,10,65.5,-11.4,20180110,1.9,0.0,2018-01-10,-6.8,0.0,2018,-2.2,1,1.7
10,5.0,232,11,71.9,-16.2,20180111,1.4,0.0,2018-01-11,-11.2,0.0,2018,-6.7,1,0.0
11,8.3,232,12,66.3,-20.6,20180112,1.0,0.0,2018-01-12,-11.8,0.0,2018,-5.8,1,0.0
12,1.3,232,13,83.0,-8.8,20180113,1.2,0.0,2018-01-13,-4.7,0.0,2018,1.5,1,0.0
13,7.7,232,14,77.3,-13.0,20180114,0.5,0.0,2018-01-14,-3.4,0.0,2018,5.4,1,0.0
14,6.9,232,15,75.8,-1.5,20180115,0.8,0.0,2018-01-15,2.2,0.0,2018,8.2,1,0.0
15,0.0,232,16,86.5,-2.8,20180116,0.6,0.0,2018-01-16,1.9,0.0,2018,6.5,1,1.2
16,0.0,232,17,94.3,1.6,20180117,0.8,0.0,2018-01-17,3.3,0.0,2018,5.9,1,5.0
17,1.8,232,18,78.9,-0.7,20180118,1.1,0.0,2018-01-18,2.2,0.0,2018,6.0,1,0.0
18,8.2,232,19,66.8,-4.8,20180119,1.0,0.0,2018-01-19,-0.8,0.0,2018,5.3,1,0.0
19,4.9,232,20,77.5,-6.3,20180120,0.9,0.0,2018-01-20,-0.2,0.0,2018,7.7,1,0.0
20,3.8,232,21,70.9,-5.9,20180121,0.7,0.0,2018-01-21,-1.0,0.0,2018,6.1,1,0.0
21,1.7,232,22,67.3,-2.0,20180122,1.9,0.0,2018-01-22,2.0,0.0,2018,7.4,1,1.2
22,8.9,232,23,46.4,-11.8,20180123,3.0,0.0,2018-01-23,-8.8,0.0,2018,-1.9,1,0.0
23,8.5,232,24,33.6,-15.3,20180124,2.6,0.0,2018-01-24,-12.4,0.0,2018,-8.8,1,0.0
24,6.9,232,25,42.3,-17.0,20180125,2.2,0.0,2018-01-25,-12.8,0.0,2018,-8.4,1,0.0
25,8.6,232,26,51.6,-16.8,20180126,2.1,0.0,2018-01-26,-13.7,0.0,2018,-9.5,1,0.0
26,8.4,232,27,53.0,-19.1,20180127,1.1,0.0,2018-01-27,-10.4,0.0,2018,-2.9,1,0.0
27,7.0,232,28,46.4,-8.7,20180128,2.0,0.0,2018-01-28,-4.7,0.0,2018,-0.1,1,0.0
28,8.8,232,29,50.6,-11.0,20180129,1.9,0.0,2018-01-29,-7.9,0.0,2018,-4.1,1,0.0
29,8.2,232,30,64.6,-15.5,20180130,1.3,0.0,2018-01-30,-6.1,0.0,2018,1.3,1,0.0
30,3.9,232,31,49.8,-6.9,20180131,1.0,0.0,2018-01-31,-1.9,0.0,2018,2.4,1,0.0
31,8.6,232,1,50.3,-11.5,20180201,1.3,0.0,2018-02-01,-4.3,0.0,2018,2.3,2,0.0
32,8.4,232,2,57.4,-12.0,20180202,1.1,0.0,2018-02-02,-4.5,0.0,2018,3.7,2,0.0
33,6.1,232,3,60.1,-8.9,20180203,3.0,0.0,2018-02-03,-5.9,0.0,2018,-3.3,2,0.0
34,9.2,232,4,47.1,-12.9,20180204,2.3,0.0,2018-02-04,-8.5,0.0,2018,-4.8,2,0.0
35,9.3,232,5,47.9,-15.8,20180205,2.2,0.0,2018-02-05,-9.0,0.0,2018,-4.2,2,0.0
36,9.2,232,6,51.0,-13.1,20180206,2.3,0.0,2018-02-06,-9.2,0.0,2018,-5.1,2,0.0
37,9.5,232,7,59.3,-19.0,20180207,1.2,0.0,2018-02-07,-9.9,0.0,2018,-1.9,2,0.0
38,8.8,232,8,55.3,-14.6,20180208,0.8,0.0,2018-02-08,-5.8,0.0,2018,3.2,2,0.0
39,3.0,232,9,57.1,-9.3,20180209,0.9,0.0,2018-02-09,-0.4,0.0,2018,7.9,2,0.0
40,5.2,232,10,52.0,-6.4,20180210,2.2,0.0,2018-02-10,-1.0,0.0,2018,5.6,2,0.0
41,5.2,232,11,73.1,-11.1,20180211,1.8,0.0,2018-02-11,-5.4,0.0,2018,-0.2,2,0.0
42,4.3,232,12,78.1,-15.7,20180212,1.1,0.0,2018-02-12,-7.4,0.0,2018,-2.4,2,0.3
43,6.4,232,13,72.3,-12.8,20180213,1.1,0.0,2018-02-13,-2.9,0.0,2018,4.0,2,0.6
44,4.1,232,14,64.5,-6.1,20180214,2.2,0.0,2018-02-14,3.0,0.0,2018,9.6,2,0.0
45,9.2,232,15,44.8,-5.0,20180215,1.7,0.0,2018-02-15,-0.6,0.0,2018,4.7,2,0.0
46,8.8,232,16,53.9,-8.0,20180216,1.3,0.0,2018-02-16,-1.3,0.0,2018,5.6,2,0.0
47,8.5,232,17,32.1,-5.8,20180217,2.1,0.0,2018-02-17,-2.1,0.0,2018,1.8,2,0.0
48,1.6,232,18,46.1,-5.8,20180218,0.7,0.0,2018-02-18,-1.4,0.0,2018,4.2,2,0.0
49,7.2,232,19,59.3,-6.2,20180219,0.9,0.0,2018-02-19,0.4,0.0,2018,7.8,2,0.0
50,5.8,232,20,53.3,-5.7,20180220,1.4,0.0,2018-02-20,0.8,0.0,2018,6.5,2,0.0
51,8.9,232,21,33.8,-4.7,20180221,1.6,0.0,2018-02-21,-0.8,0.0,2018,4.1,2,0.0
52,7.1,232,22,59.0,-8.4,20180222,1.4,0.0,2018-02-22,-0.6,0.0,2018,7.2,2,0.0
53,4.9,232,23,72.1,-1.3,20180223,2.1,0.0,2018-02-23,4.9,0.0,2018,10.1,2,0.7
54,8.0,232,24,47.5,-2.2,20180224,2.0,0.0,2018-02-24,4.4,0.0,2018,10.1,2,0.0
55,5.4,232,25,39.8,-2.4,20180225,1.4,0.0,2018-02-25,2.0,0.0,2018,9.1,2,0.0
56,9.8,232,26,51.4,-7.2,20180226,0.8,0.0,2018-02-26,1.4,0.0,2018,11.3,2,0.0
57,4.7,232,27,56.8,-5.1,20180227,0.8,0.0,2018-02-27,4.1,0.0,2018,13.0,2,0.0
58,0.0,232,28,78.5,1.4,20180228,3.0,0.0,2018-02-28,5.0,0.0,2018,9.0,2,30.0
59,7.2,232,1,67.5,-2.8,20180301,3.7,0.0,2018-03-01,0.9,0.0,2018,5.1,3,1.6
60,10.0,232,2,48.3,-7.8,20180302,1.1,0.0,2018-03-02,-0.4,0.0,2018,7.3,3,0.0
61,9.8,232,3,48.6,-3.2,20180303,1.3,0.0,2018-03-03,7.3,0.0,2018,17.4,3,0.0
62,5.6,232,4,70.3,7.2,20180304,1.7,0.0,2018-03-04,12.9,0.0,2018,20.9,3,13.8
63,1.6,232,5,77.0,0.3,20180305,4.0,0.0,2018-03-05,5.3,0.0,2018,12.2,3,7.1
64,10.3,232,6,65.3,-3.0,20180306,1.1,0.0,2018-03-06,3.9,0.0,2018,12.1,3,0.0
65,3.8,232,7,70.5,-0.2,20180307,2.8,0.0,2018-03-07,5.0,0.0,2018,9.9,3,4.4
66,1.3,232,8,87.0,0.9,20180308,1.8,0.0,2018-03-08,3.4,0.0,2018,7.5,3,6.7
67,2.3,232,9,73.8,-0.1,20180309,1.3,0.0,2018-03-09,3.8,0.0,2018,8.1,3,0.0
68,6.6,232,10,74.8,-3.4,20180310,1.2,0.0,2018-03-10,3.0,0.0,2018,10.9,3,0.0
69,8.7,232,11,62.0,1.1,20180311,1.2,0.0,2018-03-11,6.2,0.0,2018,13.3,3,0.0
70,9.0,232,12,66.1,-2.4,20180312,1.0,0.0,2018-03-12,6.8,0.0,2018,17.5,3,0.0
71,9.9,232,13,66.1,0.0,20180313,1.8,0.0,2018-03-13,11.0,0.0,2018,20.1,3,0.0
72,9.6,232,14,64.4,4.2,20180314,1.2,0.0,2018-03-14,14.0,0.0,2018,24.1,3,0.0
73,0.0,232,15,95.9,8.3,20180315,1.3,0.0,2018-03-15,11.8,0.0,2018,14.9,3,7.6
74,4.7,232,16,67.6,-0.3,20180316,3.5,0.0,2018-03-16,5.5,0.0,2018,9.4,3,0.1
75,9.7,232,17,58.8,-2.9,20180317,1.5,0.0,2018-03-17,5.6,0.0,2018,14.4,3,0.0
76,0.0,232,18,76.5,1.5,20180318,0.7,0.0,2018-03-18,6.8,0.0,2018,11.3,3,3.4
77,0.0,232,19,88.8,5.3,20180319,3.3,0.0,2018-03-19,7.6,0.0,2018,9.8,3,13.7
78,5.5,232,20,48.6,2.7,20180320,5.1,0.0,2018-03-20,5.5,0.0,2018,9.7,3,0.1
79,0.0,232,21,82.8,-0.4,20180321,2.5,0.0,2018-03-21,1.5,0.0,2018,4.8,3,3.6
80,9.9,232,22,67.3,0.5,20180322,1.9,0.0,2018-03-22,4.7,0.0,2018,11.3,3,0.1
81,7.5,232,23,63.8,-2.8,20180323,1.4,0.0,2018-03-23,4.7,0.0,2018,13.1,3,0.0
82,7.0,232,24,70.5,-0.5,20180324,1.3,0.0,2018-03-24,7.1,0.0,2018,15.5,3,0.0
83,7.0,232,25,70.3,3.1,20180325,1.3,0.0,2018-03-25,9.1,0.0,2018,19.1,3,0.0
84,8.4,232,26,72.5,-0.4,20180326,1.4,0.0,2018-03-26,9.6,0.0,2018,19.4,3,0.0
85,7.4,232,27,67.6,2.8,20180327,1.3,0.0,2018-03-27,12.6,0.0,2018,22.2,3,0.0
86,9.6,232,28,63.1,4.5,20180328,1.5,0.0,2018-03-28,13.7,0.0,2018,22.7,3,0.0
87,3.4,232,29,71.9,7.4,20180329,1.1,0.0,2018-03-29,13.9,0.0,2018,21.0,3,0.0
88,7.6,232,30,58.4,6.0,20180330,1.7,0.0,2018-03-30,13.2,0.0,2018,20.5,3,0.0
89,9.1,232,31,58.0,6.6,20180331,1.4,0.0,2018-03-31,14.0,0.0,2018,22.2,3,0.0
90,1.4,232,1,70.8,7.4,20180401,1.0,0.0,2018-04-01,14.3,0.0,2018,21.1,4,0.0
91,7.8,232,2,69.6,9.1,20180402,1.4,0.0,2018-04-02,16.5,0.0,2018,24.8,4,0.0
92,6.2,232,3,68.5,10.5,20180403,1.3,0.0,2018-04-03,17.5,0.0,2018,24.3,4,0.0
93,0.0,232,4,82.4,9.0,20180404,2.9,0.0,2018-04-04,12.1,0.0,2018,16.2,4,13.0
94,0.0,232,5,92.3,7.1,20180405,3.1,0.0,2018-04-05,7.7,0.0,2018,9.0,4,18.9
95,6.5,232,6,70.1,3.0,20180406,3.1,0.0,2018-04-06,6.8,0.0,2018,10.3,4,13.7
96,8.5,232,7,41.5,2.8,20180407,4.3,0.0,2018-04-07,4.8,0.0,2018,8.7,4,0.0
97,6.2,232,8,54.5,-2.2,20180408,3.0,0.0,2018-04-08,7.0,0.0,2018,12.5,4,0.0
98,10.0,232,9,51.3,4.4,20180409,1.4,0.0,2018-04-09,10.1,0.0,2018,17.2,4,0.0
99,7.1,232,10,54.9,2.3,20180410,3.4,0.0,2018-04-10,14.8,0.0,2018,23.0,4,2.4
100,10.0,232,11,51.5,7.0,20180411,2.8,0.0,2018-04-11,13.4,0.0,2018,18.5,4,0.1
101,11.1,232,12,42.8,2.2,20180412,2.0,0.0,2018-04-12,11.5,0.0,2018,20.5,4,0.0
102,2.7,232,13,37.8,2.4,20180413,3.1,0.0,2018-04-13,12.5,0.0,2018,18.4,4,0.0
103,0.0,232,14,83.6,6.8,20180414,2.3,0.0,2018-04-14,8.5,0.0,2018,12.8,4,22.4
104,8.0,232,15,69.3,4.9,20180415,2.5,0.0,2018-04-15,8.9,0.0,2018,14.5,4,0.0
105,10.8,232,16,57.9,0.9,20180416,1.3,0.0,2018-04-16,10.3,0.0,2018,18.1,4,0.0
106,9.1,232,17,51.3,4.6,20180417,1.4,0.0,2018-04-17,11.8,0.0,2018,20.0,4,0.0
107,10.8,232,18,49.1,2.1,20180418,1.4,0.0,2018-04-18,11.3,0.0,2018,20.6,4,0.0
108,10.6,232,19,46.3,2.1,20180419,1.3,0.0,2018-04-19,13.5,0.0,2018,23.4,4,0.0
109,10.5,232,20,54.0,6.8,20180420,0.9,0.0,2018-04-20,17.2,0.0,2018,29.1,4,0.0
110,10.8,232,21,49.4,7.8,20180421,1.3,0.0,2018-04-21,17.5,0.0,2018,28.6,4,0.0
111,1.0,232,22,67.1,9.6,20180422,2.1,0.0,2018-04-22,15.7,0.0,2018,19.3,4,1.1
112,0.0,232,23,90.3,10.0,20180423,4.6,0.0,2018-04-23,10.8,0.0,2018,15.9,4,40.3
113,0.0,232,24,71.6,7.1,20180424,3.2,0.0,2018-04-24,11.7,0.0,2018,15.5,4,5.1
114,11.5,232,25,49.0,2.4,20180425,1.3,0.0,2018-04-25,12.4,0.0,2018,22.4,4,0.0
115,9.6,232,26,57.3,4.3,20180426,1.3,0.0,2018-04-26,13.8,0.0,2018,23.0,4,0.0
116,10.3,232,27,61.3,5.4,20180427,1.3,0.0,2018-04-27,14.0,0.0,2018,22.3,4,0.0
117,9.3,232,28,62.5,6.4,20180428,1.3,0.0,2018-04-28,13.9,0.0,2018,23.6,4,0.0
118,11.3,232,29,54.9,3.9,20180429,1.1,0.0,2018-04-29,14.4,0.0,2018,24.9,4,0.0
119,8.1,232,30,65.1,8.8,20180430,1.2,0.0,2018-04-30,17.9,0.0,2018,25.7,4,0.0
120,4.7,232,1,73.0,15.7,20180501,1.3,0.0,2018-05-01,19.6,0.0,2018,25.0,5,0.0
121,1.2,232,2,81.5,10.1,20180502,2.4,0.0,2018-05-02,16.0,0.0,2018,21.7,5,13.4
122,9.5,232,3,58.1,6.8,20180503,3.4,0.0,2018-05-03,11.4,0.0,2018,16.4,5,0.0
123,11.6,232,4,44.6,5.2,20180504,3.0,0.0,2018-05-04,13.2,0.0,2018,20.9,5,0.0
124,10.2,232,5,49.0,5.4,20180505,1.7,0.0,2018-05-05,16.7,0.0,2018,25.8,5,0.0
125,0.0,232,6,91.3,14.1,20180506,1.9,0.0,2018-05-06,15.3,0.0,2018,18.0,5,15.6
126,3.6,232,7,77.5,12.9,20180507,1.0,0.0,2018-05-07,17.2,0.0,2018,22.6,5,0.0
127,8.6,232,8,60.4,12.3,20180508,3.5,0.0,2018-05-08,16.2,0.0,2018,20.8,5,0.0
128,11.3,232,9,61.1,7.1,20180509,1.8,0.0,2018-05-09,14.3,0.0,2018,21.8,5,0.0
129,10.5,232,10,70.3,7.1,20180510,1.5,0.0,2018-05-10,14.7,0.0,2018,23.0,5,0.0
130,6.3,232,11,57.9,11.5,20180511,1.4,0.0,2018-05-11,16.2,0.0,2018,23.1,5,0.0
131,0.0,232,12,89.8,11.7,20180512,1.2,0.0,2018-05-12,14.3,0.0,2018,16.8,5,18.1
132,4.0,232,13,84.1,12.0,20180513,1.4,0.0,2018-05-13,15.2,0.0,2018,19.5,5,0.4
133,6.2,232,14,75.4,12.0,20180514,1.0,0.0,2018-05-14,18.3,0.0,2018,26.0,5,0.0
134,7.5,232,15,69.5,12.7,20180515,0.8,0.0,2018-05-15,21.5,0.0,2018,28.3,5,0.0
135,0.2,232,16,78.0,20.6,20180516,2.1,0.0,2018-05-16,24.1,0.0,2018,26.7,5,0.0
136,0.9,232,17,77.8,22.9,20180517,1.2,0.0,2018-05-17,24.5,0.0,2018,27.9,5,0.7
137,0.0,232,18,86.1,13.7,20180518,1.6,0.0,2018-05-18,18.6,0.0,2018,22.9,5,16.5
138,8.4,232,19,56.1,12.6,20180519,4.0,0.0,2018-05-19,16.4,0.0,2018,21.2,5,0.0
139,7.4,232,20,37.5,10.6,20180520,3.3,0.0,2018-05-20,16.9,0.0,2018,21.6,5,0.0
140,9.8,232,21,62.4,9.9,20180521,2.9,0.0,2018-05-21,16.0,0.0,2018,21.3,5,0.0
141,5.5,232,22,76.8,11.0,20180522,1.0,0.0,2018-05-22,17.2,0.0,2018,23.4,5,8.7
142,10.9,232,23,64.0,10.8,20180523,1.8,0.0,2018-05-23,17.0,0.0,2018,22.2,5,9.3
143,11.1,232,24,61.4,7.3,20180524,1.6,0.0,2018-05-24,16.7,0.0,2018,25.6,5,0.0
144,9.3,232,25,54.8,8.6,20180525,1.2,0.0,2018-05-25,17.7,0.0,2018,26.1,5,0.0
145,11.3,232,26,55.5,8.1,20180526,1.1,0.0,2018-05-26,19.1,0.0,2018,29.6,5,0.0
146,0.9,232,27,62.9,12.7,20180527,1.0,0.0,2018-05-27,18.3,0.0,2018,24.4,5,0.0
147,11.8,232,28,62.6,10.7,20180528,1.3,0.0,2018-05-28,20.1,0.0,2018,29.4,5,0.0
148,5.6,232,29,69.6,16.4,20180529,1.1,0.0,2018-05-29,21.5,0.0,2018,27.2,5,0.0
149,7.3,232,30,70.5,14.3,20180530,1.6,0.0,2018-05-30,20.0,0.0,2018,27.0,5,0.0
150,11.7,232,31,67.0,10.8,20180531,1.3,0.0,2018-05-31,18.8,0.0,2018,26.4,5,0.0
151,12.1,232,1,54.8,13.3,20180601,1.3,0.0,2018-06-01,21.5,0.0,2018,29.3,6,0.0
152,11.7,232,2,48.5,12.5,20180602,1.2,0.0,2018-06-02,21.2,0.0,2018,29.8,6,0.0
153,11.6,232,3,55.6,11.5,20180603,1.0,0.0,2018-06-03,20.8,0.0,2018,30.0,6,0.0
154,7.9,232,4,62.9,13.6,20180604,1.2,0.0,2018-06-04,20.7,0.0,2018,28.3,6,0.0
155,7.5,232,5,64.3,17.5,20180605,1.2,0.0,2018-06-05,22.2,0.0,2018,28.2,6,0.2
156,11.1,232,6,69.5,15.1,20180606,1.4,0.0,2018-06-06,21.9,0.0,2018,29.1,6,0.0
157,8.3,232,7,69.6,17.5,20180607,1.7,0.0,2018-06-07,22.1,0.0,2018,28.7,6,0.0
158,7.0,232,8,72.5,16.9,20180608,1.8,0.0,2018-06-08,20.5,0.0,2018,25.1,6,0.0
159,7.6,232,9,63.5,15.1,20180609,2.8,0.0,2018-06-09,21.7,0.0,2018,28.3,6,0.0
160,6.7,232,10,58.3,18.2,20180610,3.7,0.0,2018-06-10,20.7,0.0,2018,24.5,6,0.0
161,1.7,232,11,67.0,17.4,20180611,2.1,0.0,2018-06-11,19.6,0.0,2018,22.2,6,0.5
162,7.6,232,12,68.9,16.3,20180612,1.3,0.0,2018-06-12,20.1,0.0,2018,26.3,6,0.0
163,5.9,232,13,67.4,13.3,20180613,1.4,0.0,2018-06-13,21.2,0.0,2018,26.7,6,0.0
164,5.2,232,14,61.9,18.6,20180614,2.9,0.0,2018-06-14,21.6,0.0,2018,26.0,6,0.0
165,10.1,232,15,54.0,16.5,20180615,3.2,0.0,2018-06-15,20.4,0.0,2018,25.1,6,2.1
166,12.3,232,16,58.0,12.9,20180616,1.7,0.0,2018-06-16,20.3,0.0,2018,28.0,6,0.0
167,4.7,232,17,67.3,13.9,20180617,1.2,0.0,2018-06-17,20.9,0.0,2018,28.1,6,0.0
168,9.5,232,18,60.0,17.5,20180618,1.3,0.0,2018-06-18,23.5,0.0,2018,30.3,6,0.0
169,0.4,232,19,76.6,15.8,20180619,0.9,0.0,2018-06-19,19.7,0.0,2018,24.4,6,0.0
170,9.1,232,20,66.5,16.5,20180620,1.4,0.0,2018-06-20,22.1,0.0,2018,28.1,6,0.0
171,10.3,232,21,55.1,16.9,20180621,1.8,0.0,2018-06-21,22.5,0.0,2018,28.7,6,0.0
172,9.6,232,22,52.4,14.2,20180622,1.3,0.0,2018-06-22,23.1,0.0,2018,31.4,6,0.0
173,8.2,232,23,52.3,17.6,20180623,1.7,0.0,2018-06-23,23.1,0.0,2018,30.4,6,0.0
174,10.2,232,24,56.8,17.8,20180624,1.3,0.0,2018-06-24,24.5,0.0,2018,32.4,6,0.0
175,7.5,232,25,58.8,16.2,20180625,0.8,0.0,2018-06-25,24.3,0.0,2018,32.6,6,0.0
176,0.0,232,26,87.0,19.5,20180626,1.9,0.0,2018-06-26,21.8,0.0,2018,25.2,6,77.6
177,7.0,232,27,74.6,20.7,20180627,1.8,0.0,2018-06-27,24.0,0.0,2018,29.8,6,0.0
178,0.0,232,28,80.4,21.4,20180628,1.5,0.0,2018-06-28,23.5,0.0,2018,26.0,6,0.0
179,6.8,232,29,75.1,21.1,20180629,1.2,0.0,2018-06-29,24.3,0.0,2018,30.1,6,0.0
180,1.7,232,30,80.8,19.3,20180630,1.2,0.0,2018-06-30,23.9,0.0,2018,29.3,6,8.5
181,0.0,232,1,90.5,19.7,20180701,2.0,0.0,2018-07-01,20.8,0.0,2018,22.6,7,120.1
182,2.0,232,2,87.8,20.0,20180702,1.9,0.0,2018-07-02,22.4,0.0,2018,26.0,7,27.5
183,9.4,232,3,72.6,21.4,20180703,2.7,0.0,2018-07-03,25.5,0.0,2018,30.0,7,0.5
184,8.6,232,4,73.3,22.2,20180704,1.3,0.0,2018-07-04,25.9,0.0,2018,31.0,7,0.1
185,4.8,232,5,77.5,21.3,20180705,1.5,0.0,2018-07-05,24.7,0.0,2018,30.4,7,18.8
186,2.5,232,6,63.1,21.0,20180706,3.2,0.0,2018-07-06,23.2,0.0,2018,26.6,7,0.0
187,8.6,232,7,57.5,19.5,20180707,2.8,0.0,2018-07-07,22.8,0.0,2018,28.0,7,0.0
188,10.1,232,8,60.0,16.5,20180708,2.6,0.0,2018-07-08,21.7,0.0,2018,26.2,7,0.0
189,0.0,232,9,82.3,18.4,20180709,2.3,0.0,2018-07-09,19.8,0.0,2018,21.8,7,17.9
190,0.8,232,10,78.8,19.7,20180710,1.6,0.0,2018-07-10,24.0,0.0,2018,28.9,7,0.1
191,4.8,232,11,77.1,23.4,20180711,1.2,0.0,2018-07-11,26.7,0.0,2018,31.5,7,0.8
192,6.2,232,12,77.4,23.7,20180712,0.9,0.0,2018-07-12,26.7,0.0,2018,30.9,7,0.0
193,8.0,232,13,73.9,23.8,20180713,0.8,0.0,2018-07-13,26.9,0.0,2018,31.2,7,0.0
194,8.6,232,14,72.6,22.8,20180714,0.9,0.0,2018-07-14,26.8,0.0,2018,32.2,7,0.0
195,11.9,232,15,66.5,21.7,20180715,1.1,0.0,2018-07-15,27.4,0.0,2018,33.3,7,0.0
196,10.5,232,16,65.4,21.2,20180716,1.1,0.0,2018-07-16,27.0,0.0,2018,33.4,7,0.0
197,11.4,232,17,70.3,20.9,20180717,1.1,0.0,2018-07-17,26.3,0.0,2018,32.3,7,0.0
198,10.1,232,18,67.4,21.4,20180718,1.2,0.0,2018-07-18,27.0,0.0,2018,32.6,7,0.0
199,12.1,232,19,66.1,21.4,20180719,1.1,0.0,2018-07-19,26.8,0.0,2018,32.7,7,0.0
200,10.5,232,20,68.3,20.5,20180720,0.8,0.0,2018-07-20,27.4,0.0,2018,34.3,7,0.0
201,11.7,232,21,63.0,22.0,20180721,0.9,0.0,2018-07-21,28.2,0.0,2018,35.1,7,0.0
202,8.7,232,22,63.5,21.3,20180722,0.8,0.0,2018-07-22,28.8,0.0,2018,35.6,7,0.0
203,10.3,232,23,63.0,24.5,20180723,0.9,0.0,2018-07-23,29.0,0.0,2018,34.6,7,0.0
204,11.8,232,24,66.4,23.0,20180724,1.1,0.0,2018-07-24,29.3,0.0,2018,35.7,7,0.0
205,8.2,232,25,69.0,25.5,20180725,1.2,0.0,2018-07-25,28.9,0.0,2018,33.4,7,0.0
206,9.4,232,26,71.4,23.2,20180726,1.0,0.0,2018-07-26,28.2,0.0,2018,34.6,7,0.0
207,10.5,232,27,68.1,24.4,20180727,1.3,0.0,2018-07-27,29.1,0.0,2018,35.4,7,0.0
208,6.3,232,28,72.5,24.1,20180728,1.2,0.0,2018-07-28,28.1,0.0,2018,35.1,7,0.0
209,11.7,232,29,58.8,23.5,20180729,1.8,0.0,2018-07-29,28.9,0.0,2018,34.5,7,0.0
210,11.1,232,30,60.3,22.6,20180730,1.6,0.0,2018-07-30,28.6,0.0,2018,34.9,7,0.0
211,12.1,232,31,58.3,22.0,20180731,1.5,0.0,2018-07-31,29.0,0.0,2018,35.9,7,0.0
212,11.4,232,1,60.0,23.1,20180801,1.2,0.0,2018-08-01,30.2,0.9,2018,37.8,8,0.0
213,11.9,232,2,59.4,23.9,20180802,1.3,0.0,2018-08-02,30.1,2.6,2018,36.9,8,0.0
214,10.9,232,3,57.8,24.3,20180803,1.4,0.0,2018-08-03,30.4,3.4,2018,37.1,8,0.0
215,6.8,232,4,66.1,24.8,20180804,1.2,0.0,2018-08-04,28.5,5.6,2018,34.1,8,0.0
216,9.1,232,5,66.1,24.8,20180805,1.6,0.0,2018-08-05,28.9,5.5,2018,33.6,8,0.0
217,6.1,232,6,68.0,26.3,20180806,1.2,0.0,2018-08-06,29.2,7.3,2018,34.9,8,0.0
218,7.8,232,7,65.1,24.6,20180807,1.5,0.0,2018-08-07,29.0,4.0,2018,34.2,8,0.0
219,11.0,232,8,62.3,24.4,20180808,1.4,0.0,2018-08-08,29.1,3.6,2018,34.9,8,0.0
220,9.7,232,9,70.1,23.8,20180809,1.3,0.0,2018-08-09,28.3,5.3,2018,33.1,8,0.0
221,7.8,232,10,66.5,24.3,20180810,1.4,0.0,2018-08-10,29.0,5.1,2018,35.4,8,0.0
222,7.6,232,11,62.8,24.6,20180811,2.5,0.0,2018-08-11,28.1,4.8,2018,32.6,8,0.0
223,8.3,232,12,63.5,23.2,20180812,2.0,0.0,2018-08-12,28.4,6.5,2018,33.7,8,0.2
224,9.8,232,13,60.9,23.9,20180813,1.3,0.0,2018-08-13,30.2,5.5,2018,36.6,8,0.0
225,10.1,232,14,57.4,25.4,20180814,1.2,0.0,2018-08-14,30.4,5.8,2018,36.6,8,0.0
226,10.8,232,15,52.9,24.3,20180815,1.6,0.0,2018-08-15,30.8,3.9,2018,37.8,8,0.0
227,8.6,232,16,54.9,23.8,20180816,3.1,0.0,2018-08-16,28.1,6.1,2018,33.9,8,0.0
228,10.9,232,17,42.9,21.0,20180817,4.2,0.0,2018-08-17,25.5,1.8,2018,30.6,8,0.0
229,10.9,232,18,51.0,17.0,20180818,1.9,0.0,2018-08-18,23.8,3.6,2018,31.2,8,0.0
230,8.7,232,19,56.1,18.0,20180819,1.0,0.0,2018-08-19,24.9,6.9,2018,32.3,8,0.0
231,7.2,232,20,58.0,20.1,20180820,2.0,0.0,2018-08-20,27.0,4.9,2018,33.5,8,0.0
232,0.8,232,21,65.0,23.9,20180821,1.6,0.0,2018-08-21,26.3,7.6,2018,28.8,8,0.0
233,9.5,232,22,55.3,21.1,20180822,2.7,0.0,2018-08-22,29.4,4.9,2018,36.5,8,0.0
234,1.3,232,23,60.9,24.6,20180823,3.9,0.0,2018-08-23,28.3,9.9,2018,31.6,8,6.0
235,1.3,232,24,80.1,23.0,20180824,3.3,0.0,2018-08-24,24.4,8.0,2018,26.2,8,17.3
236,1.8,232,25,78.6,20.0,20180825,0.9,0.0,2018-08-25,22.8,9.0,2018,26.1,8,0.0
237,1.1,232,26,79.5,18.7,20180826,1.6,0.0,2018-08-26,21.0,9.2,2018,25.4,8,22.0
238,0.3,232,27,89.5,19.4,20180827,1.2,0.0,2018-08-27,22.4,9.3,2018,25.9,8,81.6
239,0.4,232,28,87.1,23.2,20180828,0.7,0.0,2018-08-28,24.6,9.3,2018,27.7,8,34.4
240,4.8,232,29,71.9,23.2,20180829,1.6,0.0,2018-08-29,26.1,8.6,2018,31.0,8,0.0
241,4.5,232,30,83.3,23.0,20180830,1.1,0.0,2018-08-30,25.1,6.8,2018,30.1,8,15.8
242,4.6,232,31,81.5,19.2,20180831,1.1,0.0,2018-08-31,21.9,7.8,2018,27.1,8,105.4
243,10.1,232,1,65.0,16.8,20180901,2.7,0.0,2018-09-01,22.9,3.9,2018,28.8,9,0.0
244,8.1,232,2,64.0,17.1,20180902,2.4,0.0,2018-09-02,22.8,4.8,2018,27.8,9,0.0
245,1.8,232,3,76.8,21.2,20180903,1.6,0.0,2018-09-03,23.8,9.8,2018,28.8,9,72.2
246,9.5,232,4,72.3,18.5,20180904,1.7,0.0,2018-09-04,22.8,4.1,2018,27.2,9,4.6
247,10.3,232,5,66.8,16.0,20180905,1.8,0.0,2018-09-05,21.2,1.9,2018,27.9,9,0.0
248,2.3,232,6,75.8,15.9,20180906,1.3,0.0,2018-09-06,21.4,7.4,2018,27.4,9,3.4
249,6.6,232,7,71.8,14.3,20180907,1.4,0.0,2018-09-07,19.3,7.8,2018,24.8,9,3.6
250,11.6,232,8,63.1,10.9,20180908,1.0,0.0,2018-09-08,18.6,0.3,2018,26.4,9,0.0
251,10.9,232,9,65.5,12.3,20180909,0.9,0.0,2018-09-09,19.3,1.3,2018,26.9,9,0.0
252,9.3,232,10,62.0,13.5,20180910,1.7,0.0,2018-09-10,19.7,1.3,2018,26.3,9,0.0
253,7.6,232,11,58.3,10.4,20180911,2.6,0.0,2018-09-11,18.7,6.5,2018,24.1,9,0.0
254,10.0,232,12,65.6,13.3,20180912,1.8,0.0,2018-09-12,20.0,5.1,2018,26.7,9,0.0
255,2.7,232,13,75.4,17.5,20180913,1.9,0.0,2018-09-13,20.2,9.1,2018,24.3,9,0.0
256,0.0,232,14,80.6,17.3,20180914,2.3,0.0,2018-09-14,20.9,8.9,2018,24.3,9,3.9
257,0.0,232,15,84.6,19.7,20180915,1.2,0.0,2018-09-15,21.0,8.0,2018,22.8,9,1.5
258,0.0,232,16,80.5,19.4,20180916,0.8,0.0,2018-09-16,21.2,9.6,2018,23.7,9,0.0
259,9.5,232,17,67.6,15.4,20180917,0.9,0.0,2018-09-17,20.5,5.0,2018,25.9,9,0.0
260,7.9,232,18,63.6,13.6,20180918,1.0,0.0,2018-09-18,19.4,6.5,2018,26.4,9,0.0
261,0.0,232,19,71.0,14.5,20180919,0.6,0.0,2018-09-19,19.5,9.0,2018,23.9,9,0.0
262,0.0,232,20,76.0,17.1,20180920,2.9,0.0,2018-09-20,19.1,8.9,2018,20.1,9,0.5
263,0.0,232,21,85.0,17.3,20180921,1.7,0.0,2018-09-21,18.5,9.5,2018,19.9,9,30.4
264,9.0,232,22,67.8,12.6,20180922,1.3,0.0,2018-09-22,19.2,3.1,2018,25.4,9,0.0
265,8.0,232,23,73.4,11.9,20180923,1.1,0.0,2018-09-23,16.9,5.9,2018,26.0,9,4.5
266,9.5,232,24,66.0,10.1,20180924,1.1,0.0,2018-09-24,15.0,4.4,2018,21.4,9,0.0
267,10.2,232,25,66.6,7.4,20180925,1.2,0.0,2018-09-25,15.2,2.3,2018,22.6,9,0.0
268,7.2,232,26,64.5,12.5,20180926,2.4,0.0,2018-09-26,16.8,5.6,2018,22.6,9,0.0
269,9.8,232,27,64.6,8.9,20180927,1.3,0.0,2018-09-27,16.2,1.6,2018,23.3,9,0.0
270,3.8,232,28,71.9,9.9,20180928,1.7,0.0,2018-09-28,15.5,6.4,2018,20.7,9,0.0
271,9.5,232,29,67.9,10.4,20180929,1.3,0.0,2018-09-29,17.3,1.8,2018,25.2,9,0.0
272,9.5,232,30,62.5,11.2,20180930,1.6,0.0,2018-09-30,15.7,1.1,2018,22.7,9,0.0
273,5.6,232,1,71.4,10.3,20181001,1.9,0.0,2018-10-01,13.7,6.3,2018,18.3,10,3.8
274,9.6,232,2,70.3,6.9,20181002,1.0,0.0,2018-10-02,13.2,0.1,2018,20.3,10,0.0
275,8.1,232,3,71.3,6.5,20181003,0.8,0.0,2018-10-03,13.4,3.1,2018,22.6,10,0.0
276,9.8,232,4,58.4,9.1,20181004,2.6,0.0,2018-10-04,18.0,6.4,2018,24.3,10,0.0
277,0.0,232,5,81.6,15.1,20181005,2.8,0.0,2018-10-05,16.9,9.3,2018,18.5,10,30.4
278,0.9,232,6,79.4,14.2,20181006,3.0,0.0,2018-10-06,17.6,8.3,2018,21.6,10,50.9
279,8.2,232,7,71.3,8.4,20181007,1.0,0.0,2018-10-07,14.8,2.5,2018,21.2,10,0.0
280,9.6,232,8,63.3,5.1,20181008,1.0,0.0,2018-10-08,11.6,2.5,2018,20.1,10,0.0
281,2.1,232,9,66.9,6.4,20181009,1.1,0.0,2018-10-09,13.2,9.1,2018,19.4,10,0.0
282,7.3,232,10,51.5,8.9,20181010,2.3,0.0,2018-10-10,13.3,7.9,2018,15.9,10,0.0
283,7.8,232,11,61.5,2.4,20181011,1.5,0.0,2018-10-11,8.8,2.6,2018,14.4,10,0.0
284,9.4,232,12,64.5,1.6,20181012,0.9,0.0,2018-10-12,8.6,0.0,2018,16.4,10,0.0
285,9.4,232,13,65.8,1.5,20181013,0.7,0.0,2018-10-13,9.3,0.0,2018,18.8,10,0.0
286,8.7,232,14,65.0,3.5,20181014,0.9,0.0,2018-10-14,11.2,4.5,2018,18.7,10,0.0
287,7.6,232,15,72.1,5.7,20181015,0.8,0.0,2018-10-15,12.4,4.3,2018,20.8,10,0.0
288,3.6,232,16,78.5,7.9,20181016,0.7,0.0,2018-10-16,11.8,6.9,2018,18.9,10,0.0
289,6.9,232,17,69.6,5.0,20181017,1.0,0.0,2018-10-17,10.2,1.5,2018,18.1,10,0.0
290,6.6,232,18,75.8,1.6,20181018,1.5,0.0,2018-10-18,9.4,4.9,2018,16.4,10,0.3
291,9.4,232,19,69.3,3.6,20181019,0.9,0.0,2018-10-19,10.3,0.5,2018,18.4,10,0.0
292,7.9,232,20,71.0,2.8,20181020,0.7,0.0,2018-10-20,9.9,3.1,2018,20.4,10,0.0
293,9.3,232,21,67.0,1.7,20181021,0.7,0.0,2018-10-21,9.8,1.1,2018,20.5,10,0.0
294,3.8,232,22,71.0,4.8,20181022,0.5,0.0,2018-10-22,10.9,6.9,2018,19.7,10,0.0
295,2.9,232,23,88.1,4.4,20181023,0.8,0.0,2018-10-23,9.3,4.8,2018,17.9,10,3.2
296,6.3,232,24,77.4,5.5,20181024,0.9,0.0,2018-10-24,10.0,4.1,2018,17.9,10,0.0
297,8.2,232,25,70.3,2.5,20181025,0.7,0.0,2018-10-25,9.9,3.9,2018,20.9,10,0.0
298,0.2,232,26,81.8,6.6,20181026,1.3,0.0,2018-10-26,10.4,7.1,2018,13.0,10,5.1
299,6.7,232,27,63.3,5.2,20181027,2.1,0.0,2018-10-27,8.7,5.4,2018,12.7,10,1.5
300,4.5,232,28,71.0,3.9,20181028,1.7,0.0,2018-10-28,9.4,5.5,2018,15.6,10,4.4
301,4.8,232,29,69.5,4.1,20181029,1.4,0.0,2018-10-29,8.0,5.3,2018,13.5,10,0.2
302,9.4,232,30,62.3,-1.4,20181030,1.3,0.0,2018-10-30,5.1,1.1,2018,11.4,10,0.0
303,8.9,232,31,64.3,0.4,20181031,1.3,0.0,2018-10-31,6.1,1.3,2018,12.2,10,0.0
304,8.7,232,1,66.3,-1.8,20181101,1.0,0.0,2018-11-01,5.5,0.0,2018,14.5,11,0.0
305,9.1,232,2,63.8,-1.0,20181102,0.8,0.0,2018-11-02,7.1,0.0,2018,18.3,11,0.0
306,7.5,232,3,66.5,0.2,20181103,0.7,0.0,2018-11-03,7.9,0.1,2018,18.7,11,0.0
307,8.6,232,4,62.6,0.4,20181104,0.9,0.0,2018-11-04,8.7,2.3,2018,19.3,11,0.0
308,8.1,232,5,69.9,1.3,20181105,0.8,0.0,2018-11-05,8.6,4.9,2018,18.1,11,0.0
309,5.1,232,6,73.5,3.2,20181106,0.6,0.0,2018-11-06,10.2,6.3,2018,18.6,11,0.0
310,0.0,232,7,88.0,9.4,20181107,0.7,0.0,2018-11-07,11.7,9.0,2018,13.6,11,0.7
311,0.0,232,8,88.5,11.5,20181108,2.5,0.0,2018-11-08,13.3,9.6,2018,16.5,11,39.0
312,5.0,232,9,70.4,5.4,20181109,2.6,0.0,2018-11-09,11.1,5.4,2018,15.6,11,0.2
313,6.3,232,10,76.9,3.8,20181110,0.9,0.0,2018-11-10,9.3,3.1,2018,17.4,11,0.0
314,0.3,232,11,81.3,2.8,20181111,0.7,0.0,2018-11-11,7.3,5.0,2018,11.8,11,0.0
315,9.1,232,12,66.1,0.8,20181112,1.1,0.0,2018-11-12,6.7,0.3,2018,13.5,11,0.0
316,7.5,232,13,71.3,0.1,20181113,0.7,0.0,2018-11-13,6.2,1.5,2018,14.7,11,0.0
317,7.4,232,14,70.1,0.2,20181114,0.4,0.0,2018-11-14,6.6,1.0,2018,15.4,11,0.0
318,7.8,232,15,70.1,-0.1,20181115,0.4,0.0,2018-11-15,6.7,4.1,2018,15.8,11,0.0
319,3.7,232,16,66.5,2.8,20181116,1.0,0.0,2018-11-16,8.4,7.1,2018,14.9,11,0.0
320,7.3,232,17,61.0,-1.4,20181117,0.8,0.0,2018-11-17,4.6,5.5,2018,11.2,11,0.0
321,3.3,232,18,62.3,-2.3,20181118,0.6,0.0,2018-11-18,4.1,8.4,2018,10.9,11,0.0
322,6.1,232,19,61.5,-0.1,20181119,0.8,0.0,2018-11-19,6.2,1.4,2018,12.5,11,0.0
323,8.8,232,20,49.5,-3.1,20181120,0.5,0.0,2018-11-20,3.8,0.1,2018,12.4,11,0.0
324,0.0,232,21,80.8,-1.2,20181121,0.8,0.0,2018-11-21,2.6,9.5,2018,6.5,11,3.4
325,8.2,232,22,62.6,-3.5,20181122,1.0,0.0,2018-11-22,1.6,0.4,2018,6.9,11,0.0
326,8.2,232,23,46.3,-5.5,20181123,0.9,0.0,2018-11-23,0.2,2.8,2018,7.8,11,0.0
327,0.0,232,24,75.0,-2.5,20181124,1.6,0.0,2018-11-24,3.3,8.1,2018,5.5,11,5.0
328,3.4,232,25,78.1,0.5,20181125,0.8,0.0,2018-11-25,5.4,3.5,2018,11.1,11,0.0
329,6.4,232,26,72.4,-1.8,20181126,0.6,0.0,2018-11-26,3.9,3.3,2018,14.1,11,0.0
330,3.4,232,27,72.1,-2.4,20181127,0.6,0.0,2018-11-27,5.9,6.5,2018,13.6,11,0.0
331,4.2,232,28,38.8,-1.4,20181128,0.9,0.0,2018-11-28,4.1,5.0,2018,11.0,11,0.0
332,2.4,232,29,51.5,-3.4,20181129,0.5,0.0,2018-11-29,3.0,2.8,2018,9.5,11,0.0
333,8.2,232,30,61.3,-4.1,20181130,0.7,0.0,2018-11-30,1.6,1.3,2018,8.8,11,0.0
334,5.7,232,1,66.0,-2.4,20181201,0.4,0.0,2018-12-01,2.7,7.4,2018,11.2,12,0.0
335,5.3,232,2,68.4,-2.6,20181202,0.8,0.0,2018-12-02,6.2,6.3,2018,14.5,12,0.0
336,0.0,232,3,88.4,6.5,20181203,1.0,0.0,2018-12-03,11.1,8.9,2018,13.5,12,13.6
337,0.7,232,4,74.0,2.0,20181204,2.1,0.0,2018-12-04,8.2,7.3,2018,12.6,12,9.0
338,3.9,232,5,48.6,-3.2,20181205,1.3,0.0,2018-12-05,0.9,6.1,2018,4.2,12,0.0
339,5.3,232,6,66.9,-0.4,20181206,1.6,0.0,2018-12-06,2.6,8.6,2018,6.4,12,1.3
340,7.5,232,7,43.5,-8.4,20181207,3.2,0.0,2018-12-07,-5.2,5.3,2018,1.6,12,0.0
341,8.0,232,8,48.8,-11.5,20181208,1.5,0.0,2018-12-08,-7.1,1.9,2018,-3.3,12,0.0
342,7.9,232,9,40.4,-13.1,20181209,1.4,0.0,2018-12-09,-7.0,1.4,2018,-1.7,12,0.0
343,8.8,232,10,45.3,-12.0,20181210,0.9,0.0,2018-12-10,-4.3,4.1,2018,4.5,12,0.0
344,0.0,232,11,76.9,-6.3,20181211,0.5,0.0,2018-12-11,-2.1,9.3,2018,0.5,12,0.5
345,8.7,232,12,52.6,-7.4,20181212,1.4,0.0,2018-12-12,-2.2,0.3,2018,2.6,12,0.0
346,3.8,232,13,66.6,-8.9,20181213,1.6,0.0,2018-12-13,-2.6,3.9,2018,3.0,12,1.4
347,8.4,232,14,61.1,-11.3,20181214,1.0,0.0,2018-12-14,-5.8,0.4,2018,0.8,12,0.0
348,7.7,232,15,61.0,-12.3,20181215,0.7,0.0,2018-12-15,-4.8,4.3,2018,3.9,12,0.0
349,2.1,232,16,70.3,-6.5,20181216,0.8,0.0,2018-12-16,-1.3,7.8,2018,3.2,12,0.0
350,7.0,232,17,62.0,-2.7,20181217,1.3,0.0,2018-12-17,1.9,4.1,2018,6.8,12,0.0
351,6.4,232,18,72.4,-5.0,20181218,0.6,0.0,2018-12-18,0.2,1.9,2018,8.0,12,0.0
352,7.1,232,19,64.1,-2.9,20181219,0.7,0.0,2018-12-19,2.6,3.8,2018,10.7,12,0.0
353,4.6,232,20,63.4,-3.4,20181220,0.3,0.0,2018-12-20,1.2,4.8,2018,10.0,12,0.0
354,3.8,232,21,61.0,-6.0,20181221,0.3,0.0,2018-12-21,2.5,5.5,2018,10.6,12,0.0
355,7.0,232,22,59.9,-1.0,20181222,0.8,0.0,2018-12-22,5.1,5.6,2018,11.9,12,0.0
356,8.0,232,23,44.0,-1.6,20181223,2.1,0.0,2018-12-23,4.2,3.4,2018,8.4,12,0.0
357,8.1,232,24,50.6,-8.4,20181224,1.0,0.0,2018-12-24,-3.3,1.1,2018,2.9,12,0.0
358,0.6,232,25,62.8,-9.6,20181225,0.5,0.0,2018-12-25,-2.5,8.3,2018,3.6,12,0.0
359,6.8,232,26,42.1,-3.2,20181226,1.9,0.0,2018-12-26,0.0,6.5,2018,4.1,12,0.0
360,8.1,232,27,32.1,-9.7,20181227,2.9,0.0,2018-12-27,-7.9,1.0,2018,-3.1,12,0.0
361,8.0,232,28,46.0,-14.1,20181228,1.7,0.0,2018-12-28,-10.4,0.8,2018,-6.0,12,0.0
362,7.7,232,29,38.6,-14.5,20181229,2.1,0.0,2018-12-29,-6.6,1.4,2018,-2.6,12,0.0
363,8.3,232,30,42.4,-13.6,20181230,1.1,0.0,2018-12-30,-7.3,3.1,2018,-1.0,12,0.0
364,8.6,232,31,55.1,-15.2,20181231,0.7,0.0,2018-12-31,-7.0,0.1,2018,0.7,12,0.0
