,tmin,cloud,sunshine,tavg,wind,day,rainfall,date,humid,tmax,year,snow,Date,station_id,month
0,-10.1,0.0,8.5,-4.5,1.8,1,0.0,20050101,58.9,1.7,2005,0.0,2005-01-01,232,1
1,-5.4,0.0,2.6,1.8,1.9,2,0.0,20050102,61.5,6.6,2005,0.0,2005-01-02,232,1
2,1.6,0.0,0.9,4.5,3.1,3,0.5,20050103,65.6,9.6,2005,0.0,2005-01-03,232,1
3,-7.0,0.0,8.4,-2.7,3.6,4,0.0,20050104,44.1,1.7,2005,0.0,2005-01-04,232,1
4,-12.5,0.0,7.5,-4.6,0.9,5,0.0,20050105,57.4,2.9,2005,0.0,2005-01-05,232,1
5,-5.8,0.0,4.6,0.4,1.0,6,0.0,20050106,65.8,5.0,2005,0.0,2005-01-06,232,1
6,-7.0,0.0,8.6,-0.9,3.7,7,0.0,20050107,56.4,3.5,2005,0.0,2005-01-07,232,1
7,-11.1,0.0,7.0,-4.1,2.3,8,0.0,20050108,61.9,3.0,2005,0.0,2005-01-08,232,1
8,-11.6,0.0,8.7,-6.2,2.5,9,0.0,20050109,52.8,-1.8,2005,0.0,2005-01-09,232,1
9,-13.1,0.0,4.7,-4.9,1.2,10,0.0,20050110,69.3,0.3,2005,0.0,2005-01-10,232,1
10,-7.8,0.0,5.3,-2.8,3.0,11,0.0,20050111,62.4,0.0,2005,0.0,2005-01-11,232,1
11,-9.3,0.0,8.7,-3.7,2.1,12,0.0,20050112,55.6,0.4,2005,0.0,2005-01-12,232,1
12,-9.0,0.0,6.7,-4.3,1.9,13,0.0,20050113,65.9,1.3,2005,0.0,2005-01-13,232,1
13,-10.8,0.0,5.1,-3.8,1.5,14,0.0,20050114,69.0,2.2,2005,0.0,2005-01-14,232,1
14,-9.5,0.0,8.2,-2.2,1.5,15,0.0,20050115,68.6,3.2,2005,0.0,2005-01-15,232,1
15,-6.6,0.0,3.4,-1.1,2.5,16,0.1,20050116,70.3,5.1,2005,0.3,2005-01-16,232,1
16,-8.6,0.0,6.9,-1.6,0.9,17,0.0,20050117,74.5,6.8,2005,0.0,2005-01-17,232,1
17,-5.4,0.0,0.5,0.9,1.8,18,1.5,20050118,79.0,6.5,2005,0.0,2005-01-18,232,1
18,-3.5,0.0,8.2,-1.1,2.9,19,0.0,20050119,58.4,2.2,2005,0.0,2005-01-19,232,1
19,-5.3,0.0,5.0,-3.1,4.0,20,0.1,20050120,57.5,-0.6,2005,0.3,2005-01-20,232,1
20,-12.1,0.0,9.1,-6.0,1.5,21,0.0,20050121,62.4,1.2,2005,0.0,2005-01-21,232,1
21,-10.5,0.0,5.7,-2.6,0.7,22,0.0,20050122,56.0,4.6,2005,0.0,2005-01-22,232,1
22,-2.0,0.0,8.4,2.3,1.3,23,0.0,20050123,47.6,10.6,2005,0.0,2005-01-23,232,1
23,-5.0,0.0,1.9,0.0,1.1,24,0.0,20050124,73.8,7.3,2005,0.0,2005-01-24,232,1
24,-5.9,0.0,0.0,-0.4,0.8,25,0.0,20050125,83.4,3.7,2005,0.0,2005-01-25,232,1
25,-4.1,0.0,7.1,1.0,1.3,26,0.0,20050126,72.3,7.9,2005,0.0,2005-01-26,232,1
26,-5.9,0.0,6.3,-0.5,1.0,27,0.0,20050127,66.6,6.9,2005,0.0,2005-01-27,232,1
27,-8.1,0.0,8.3,-0.6,0.8,28,0.0,20050128,61.3,11.0,2005,0.0,2005-01-28,232,1
28,-5.8,0.0,1.9,-1.0,2.8,29,0.5,20050129,68.1,2.7,2005,0.3,2005-01-29,232,1
29,-6.6,0.0,6.8,-4.3,3.8,30,0.0,20050130,45.6,-2.0,2005,0.0,2005-01-30,232,1
30,-11.1,0.0,6.2,-5.0,3.0,31,0.3,20050131,55.6,0.6,2005,0.7,2005-01-31,232,1
31,-10.1,0.0,3.7,-7.7,5.8,1,0.1,20050201,59.8,-5.3,2005,0.2,2005-02-01,232,2
32,-11.1,0.0,5.4,-4.8,2.5,2,0.0,20050202,64.8,-0.8,2005,0.0,2005-02-02,232,2
33,-7.5,0.0,9.0,-2.8,1.6,3,0.0,20050203,61.0,1.8,2005,0.0,2005-02-03,232,2
34,-6.5,0.0,8.4,-1.3,1.3,4,0.0,20050204,58.6,4.1,2005,0.0,2005-02-04,232,2
35,-6.3,0.0,7.9,-1.1,1.8,5,0.0,20050205,61.0,3.7,2005,0.0,2005-02-05,232,2
36,-9.8,0.0,7.5,-1.8,0.7,6,0.0,20050206,59.5,8.6,2005,0.0,2005-02-06,232,2
37,-5.0,0.0,0.0,2.4,1.5,7,0.0,20050207,73.8,6.0,2005,0.0,2005-02-07,232,2
38,-5.0,0.0,8.0,1.0,1.7,8,0.7,20050208,78.0,6.4,2005,1.5,2005-02-08,232,2
39,-6.0,0.0,0.0,-1.3,1.9,9,0.0,20050209,74.0,2.2,2005,0.0,2005-02-09,232,2
40,-6.0,0.0,9.6,-3.6,3.9,10,0.0,20050210,44.4,-0.8,2005,0.0,2005-02-10,232,2
41,-12.8,0.0,9.0,-6.2,2.1,11,0.0,20050211,55.5,-0.4,2005,0.0,2005-02-11,232,2
42,-11.1,0.0,2.7,-5.0,1.2,12,0.0,20050212,52.0,1.7,2005,0.0,2005-02-12,232,2
43,-12.1,0.0,9.3,-3.9,1.2,13,0.0,20050213,60.9,5.0,2005,0.0,2005-02-13,232,2
44,-6.9,0.0,1.8,1.5,1.3,14,0.0,20050214,47.6,6.9,2005,0.0,2005-02-14,232,2
45,-2.0,0.0,0.1,5.3,3.1,15,8.5,20050215,56.4,11.6,2005,0.0,2005-02-15,232,2
46,3.2,0.0,0.0,4.7,2.6,16,19.5,20050216,85.8,6.5,2005,0.0,2005-02-16,232,2
47,0.1,0.0,8.4,6.1,1.5,17,0.0,20050217,69.8,12.1,2005,0.0,2005-02-17,232,2
48,0.1,0.0,1.2,4.0,3.2,18,0.0,20050218,69.4,5.8,2005,0.0,2005-02-18,232,2
49,-5.6,0.0,5.6,-1.0,4.6,19,0.9,20050219,63.3,2.0,2005,0.0,2005-02-19,232,2
50,-9.1,0.0,7.2,-4.8,3.5,20,0.0,20050220,47.9,-1.7,2005,0.0,2005-02-20,232,2
51,-10.1,0.0,10.4,-4.9,2.0,21,0.0,20050221,50.9,-0.2,2005,0.0,2005-02-21,232,2
52,-6.8,0.0,0.3,2.2,4.5,22,0.1,20050222,61.1,8.1,2005,0.0,2005-02-22,232,2
53,-3.7,0.0,6.7,0.0,3.3,23,0.0,20050223,57.0,3.0,2005,0.0,2005-02-23,232,2
54,-3.7,0.0,4.7,-0.3,2.0,24,0.0,20050224,50.4,6.4,2005,0.0,2005-02-24,232,2
55,-4.5,0.0,10.3,-2.0,3.9,25,0.0,20050225,39.3,1.3,2005,0.0,2005-02-25,232,2
56,-8.3,0.0,10.6,-4.0,2.9,26,0.0,20050226,47.8,0.8,2005,0.0,2005-02-26,232,2
57,-10.3,0.0,9.7,-2.9,1.4,27,0.0,20050227,58.1,3.5,2005,0.0,2005-02-27,232,2
58,-5.8,0.0,8.0,0.5,2.2,28,0.0,20050228,60.9,7.0,2005,0.0,2005-02-28,232,2
59,-7.8,0.0,9.9,0.2,1.6,1,0.0,20050301,53.0,6.1,2005,0.0,2005-03-01,232,3
60,-2.5,0.0,1.3,0.7,1.6,2,0.5,20050302,67.5,4.6,2005,0.3,2005-03-02,232,3
61,-7.1,0.0,9.5,-1.3,2.2,3,0.0,20050303,58.1,3.5,2005,0.0,2005-03-03,232,3
62,-8.6,0.0,10.0,-0.9,1.8,4,0.0,20050304,57.1,5.4,2005,0.0,2005-03-04,232,3
63,-7.6,0.0,9.8,-1.7,2.3,5,0.0,20050305,61.4,3.7,2005,0.0,2005-03-05,232,3
64,-8.1,0.0,10.4,-0.4,1.4,6,0.0,20050306,64.5,7.9,2005,0.0,2005-03-06,232,3
65,-5.4,0.0,9.6,6.3,3.1,7,0.0,20050307,61.9,14.0,2005,0.0,2005-03-07,232,3
66,-1.1,0.0,6.7,5.2,1.8,8,0.0,20050308,61.8,12.6,2005,0.0,2005-03-08,232,3
67,-4.9,0.0,9.1,7.8,2.0,9,0.0,20050309,61.0,18.3,2005,0.0,2005-03-09,232,3
68,6.3,0.0,0.0,12.4,2.3,10,5.5,20050310,73.3,17.0,2005,0.0,2005-03-10,232,3
69,-1.3,0.0,2.5,1.9,5.2,11,2.5,20050311,70.4,6.4,2005,0.0,2005-03-11,232,3
70,-4.3,0.0,8.7,-1.9,5.8,12,0.0,20050312,41.6,0.3,2005,0.0,2005-03-12,232,3
71,-4.1,0.0,10.1,-0.5,3.6,13,0.0,20050313,45.5,4.3,2005,0.0,2005-03-13,232,3
72,-6.3,0.0,11.0,1.9,1.8,14,0.0,20050314,59.6,9.8,2005,0.0,2005-03-14,232,3
73,-1.0,0.0,1.9,4.5,1.5,15,0.0,20050315,70.0,9.6,2005,0.0,2005-03-15,232,3
74,2.2,0.0,4.9,8.1,1.2,16,0.0,20050316,68.4,14.8,2005,0.0,2005-03-16,232,3
75,4.6,0.0,3.7,7.4,3.1,17,11.0,20050317,77.5,12.6,2005,0.0,2005-03-17,232,3
76,0.6,0.0,11.2,4.5,4.8,18,0.0,20050318,52.3,8.1,2005,0.0,2005-03-18,232,3
77,-3.7,0.0,10.2,4.1,1.3,19,0.0,20050319,60.5,12.6,2005,0.0,2005-03-19,232,3
78,0.4,0.0,10.3,5.7,2.0,20,0.0,20050320,65.1,12.3,2005,0.0,2005-03-20,232,3
79,-1.3,0.0,6.3,7.5,2.1,21,1.0,20050321,64.0,16.2,2005,0.0,2005-03-21,232,3
80,4.9,0.0,5.5,8.0,1.9,22,14.5,20050322,74.3,12.8,2005,0.0,2005-03-22,232,3
81,1.2,0.0,8.5,7.9,2.3,23,0.0,20050323,53.4,14.6,2005,0.0,2005-03-23,232,3
82,1.7,0.0,5.9,3.9,6.1,24,2.0,20050324,55.9,7.4,2005,0.0,2005-03-24,232,3
83,-0.4,0.0,8.6,4.6,3.6,25,0.0,20050325,53.4,9.8,2005,0.0,2005-03-25,232,3
84,0.0,0.0,7.7,7.6,2.1,26,0.0,20050326,69.3,16.0,2005,0.0,2005-03-26,232,3
85,-0.8,0.0,8.6,9.2,1.2,27,0.0,20050327,66.0,20.2,2005,0.0,2005-03-27,232,3
86,4.4,0.0,4.5,7.5,3.1,28,0.0,20050328,68.8,12.3,2005,0.0,2005-03-28,232,3
87,2.2,0.0,10.6,5.7,4.7,29,0.0,20050329,44.5,10.1,2005,0.0,2005-03-29,232,3
88,-2.5,0.0,11.0,6.6,2.5,30,0.0,20050330,50.4,14.6,2005,0.0,2005-03-30,232,3
89,-1.8,0.0,10.3,7.6,1.4,31,0.0,20050331,56.6,17.0,2005,0.0,2005-03-31,232,3
90,-1.7,0.0,2.8,8.0,0.9,1,0.0,20050401,51.3,17.3,2005,0.0,2005-04-01,232,4
91,-0.3,0.0,7.9,9.5,1.8,2,0.0,20050402,52.9,19.2,2005,0.0,2005-04-02,232,4
92,1.6,0.0,4.3,7.2,2.0,3,0.5,20050403,70.6,13.3,2005,0.0,2005-04-03,232,4
93,-2.0,0.0,10.7,8.0,2.0,4,0.0,20050404,48.4,16.0,2005,0.0,2005-04-04,232,4
94,6.5,0.0,10.8,13.9,2.6,5,0.0,20050405,39.0,23.8,2005,0.0,2005-04-05,232,4
95,9.1,0.0,0.0,15.7,3.7,6,1.0,20050406,57.5,21.0,2005,0.0,2005-04-06,232,4
96,8.1,0.0,0.7,14.6,2.7,7,0.0,20050407,73.8,20.0,2005,0.0,2005-04-07,232,4
97,3.0,0.0,10.1,13.3,1.0,8,0.0,20050408,54.5,24.7,2005,0.0,2005-04-08,232,4
98,9.8,0.0,0.1,13.5,3.1,9,19.0,20050409,73.4,16.7,2005,0.0,2005-04-09,232,4
99,7.8,0.0,3.3,10.8,2.9,10,24.5,20050410,77.3,16.7,2005,0.0,2005-04-10,232,4
100,5.8,0.0,6.4,11.6,2.0,11,0.0,20050411,60.5,18.0,2005,0.0,2005-04-11,232,4
101,6.6,0.0,0.5,10.6,1.8,12,0.0,20050412,66.9,15.8,2005,0.0,2005-04-12,232,4
102,2.2,0.0,11.5,8.5,2.3,13,0.0,20050413,58.4,14.8,2005,0.0,2005-04-13,232,4
103,1.7,0.0,10.9,10.5,3.4,14,0.0,20050414,52.3,18.3,2005,0.0,2005-04-14,232,4
104,0.5,0.0,11.9,7.6,2.1,15,0.0,20050415,47.5,14.8,2005,0.0,2005-04-15,232,4
105,-1.3,0.0,11.8,8.6,1.8,16,0.0,20050416,41.8,19.0,2005,0.0,2005-04-16,232,4
106,2.7,0.0,6.2,13.3,1.6,17,0.0,20050417,44.0,22.6,2005,0.0,2005-04-17,232,4
107,9.8,0.0,3.2,16.2,2.0,18,0.0,20050418,57.0,24.0,2005,0.0,2005-04-18,232,4
108,8.6,0.0,1.1,16.2,2.4,19,6.5,20050419,66.1,24.2,2005,0.0,2005-04-19,232,4
109,7.8,0.0,10.3,11.3,4.0,20,2.0,20050420,49.4,15.1,2005,0.0,2005-04-20,232,4
110,4.6,0.0,11.1,11.0,3.4,21,0.0,20050421,46.1,15.8,2005,0.0,2005-04-21,232,4
111,2.2,0.0,11.7,10.7,3.2,22,0.0,20050422,45.1,17.7,2005,0.0,2005-04-22,232,4
112,1.5,0.0,12.3,10.9,1.4,23,0.0,20050423,52.1,19.7,2005,0.0,2005-04-23,232,4
113,3.7,0.0,10.4,13.6,2.5,24,0.0,20050424,51.8,22.8,2005,0.0,2005-04-24,232,4
114,10.3,0.0,11.5,15.2,1.8,25,0.0,20050425,55.4,21.5,2005,0.0,2005-04-25,232,4
115,5.0,0.0,12.2,14.3,1.8,26,0.0,20050426,51.5,22.7,2005,0.0,2005-04-26,232,4
116,8.1,0.0,3.4,17.7,2.9,27,0.2,20050427,42.6,26.5,2005,0.0,2005-04-27,232,4
117,14.0,0.0,10.4,21.0,3.6,28,0.0,20050428,58.9,29.5,2005,0.0,2005-04-28,232,4
118,14.5,0.0,4.4,19.0,1.4,29,0.0,20050429,69.1,25.7,2005,0.0,2005-04-29,232,4
119,14.0,0.0,8.9,23.0,1.8,30,0.0,20050430,65.3,31.2,2005,0.0,2005-04-30,232,4
120,14.5,0.0,3.0,19.5,2.8,1,0.5,20050501,72.3,24.7,2005,0.0,2005-05-01,232,5
121,9.1,0.0,12.0,17.1,2.0,2,0.0,20050502,42.3,25.8,2005,0.0,2005-05-02,232,5
122,5.3,0.0,12.6,16.9,1.6,3,0.0,20050503,39.1,28.0,2005,0.0,2005-05-03,232,5
123,6.5,0.0,11.6,18.1,1.4,4,0.0,20050504,43.4,30.5,2005,0.0,2005-05-04,232,5
124,10.1,0.0,3.3,18.5,2.7,5,4.0,20050505,66.1,26.1,2005,0.0,2005-05-05,232,5
125,10.6,0.0,0.0,14.0,2.3,6,13.0,20050506,89.4,16.7,2005,0.0,2005-05-06,232,5
126,7.4,0.0,9.0,13.7,1.7,7,0.0,20050507,72.1,19.1,2005,0.0,2005-05-07,232,5
127,8.1,0.0,0.0,13.4,1.8,8,0.0,20050508,77.6,16.8,2005,0.0,2005-05-08,232,5
128,4.6,0.0,11.3,11.9,2.4,9,0.0,20050509,60.0,19.1,2005,0.0,2005-05-09,232,5
129,5.7,0.0,12.4,12.8,1.4,10,0.0,20050510,60.3,22.3,2005,0.0,2005-05-10,232,5
130,9.8,0.0,1.8,14.2,1.6,11,10.5,20050511,66.8,20.7,2005,0.0,2005-05-11,232,5
131,10.6,0.0,6.1,13.9,2.1,12,2.5,20050512,76.8,18.3,2005,0.0,2005-05-12,232,5
132,7.5,0.0,9.9,15.7,1.5,13,0.0,20050513,64.6,23.3,2005,0.0,2005-05-13,232,5
133,12.1,0.0,7.6,16.6,1.6,14,0.0,20050514,67.4,22.3,2005,0.0,2005-05-14,232,5
134,9.8,0.0,11.1,18.1,1.2,15,0.0,20050515,64.0,27.0,2005,0.0,2005-05-15,232,5
135,13.0,0.0,10.4,19.5,1.9,16,0.0,20050516,56.9,27.6,2005,0.0,2005-05-16,232,5
136,16.1,0.0,0.6,19.7,2.6,17,16.0,20050517,63.5,24.1,2005,0.0,2005-05-17,232,5
137,11.3,0.0,1.5,15.4,3.2,18,1.0,20050518,80.0,19.0,2005,0.0,2005-05-18,232,5
138,9.3,0.0,11.0,16.4,2.2,19,0.0,20050519,67.6,24.5,2005,0.0,2005-05-19,232,5
139,9.6,0.0,12.7,16.8,2.0,20,0.0,20050520,55.5,24.3,2005,0.0,2005-05-20,232,5
140,9.8,0.0,2.2,16.5,1.0,21,0.0,20050521,57.3,22.7,2005,0.0,2005-05-21,232,5
141,12.0,0.0,0.2,16.3,1.0,22,0.0,20050522,68.5,20.5,2005,0.0,2005-05-22,232,5
142,11.5,0.0,10.3,16.0,3.4,23,0.5,20050523,64.4,20.8,2005,0.0,2005-05-23,232,5
143,8.3,0.0,12.4,16.4,1.5,24,0.0,20050524,59.6,23.7,2005,0.0,2005-05-24,232,5
144,10.1,0.0,8.6,18.1,1.8,25,0.0,20050525,61.5,25.7,2005,0.0,2005-05-25,232,5
145,12.1,0.0,12.5,19.5,1.9,26,0.0,20050526,60.0,26.7,2005,0.0,2005-05-26,232,5
146,11.8,0.0,12.5,20.3,1.1,27,0.0,20050527,55.0,28.6,2005,0.0,2005-05-27,232,5
147,12.8,0.0,7.2,20.2,1.3,28,0.0,20050528,53.5,28.6,2005,0.0,2005-05-28,232,5
148,13.1,0.0,12.0,22.2,1.6,29,0.0,20050529,52.4,30.6,2005,0.0,2005-05-29,232,5
149,15.3,0.0,10.1,20.0,1.8,30,0.0,20050530,55.6,27.3,2005,0.0,2005-05-30,232,5
150,11.1,0.0,12.7,19.6,1.5,31,0.0,20050531,54.1,27.8,2005,0.0,2005-05-31,232,5
151,12.6,0.0,3.1,18.9,2.2,1,15.0,20050601,68.3,24.2,2005,0.0,2005-06-01,232,6
152,17.1,0.0,1.9,18.9,1.9,2,26.0,20050602,83.8,22.1,2005,0.0,2005-06-02,232,6
153,15.0,0.0,9.5,18.9,2.0,3,0.0,20050603,76.4,23.8,2005,0.0,2005-06-03,232,6
154,15.8,0.0,5.6,19.4,1.6,4,0.0,20050604,71.6,25.8,2005,0.0,2005-06-04,232,6
155,14.1,0.0,12.0,21.2,1.5,5,0.0,20050605,61.9,29.1,2005,0.0,2005-06-05,232,6
156,14.6,0.0,5.8,20.9,1.2,6,0.0,20050606,65.9,26.8,2005,0.0,2005-06-06,232,6
157,17.0,0.0,0.0,21.4,1.4,7,0.0,20050607,69.8,27.2,2005,0.0,2005-06-07,232,6
158,16.5,0.0,8.5,22.4,1.4,8,0.0,20050608,66.4,28.3,2005,0.0,2005-06-08,232,6
159,16.6,0.0,6.1,23.0,1.2,9,0.0,20050609,63.6,29.0,2005,0.0,2005-06-09,232,6
160,17.2,0.0,0.0,18.4,1.6,10,37.0,20050610,87.8,21.8,2005,0.0,2005-06-10,232,6
161,16.6,0.0,8.4,20.8,1.9,11,0.0,20050611,75.4,27.2,2005,0.0,2005-06-11,232,6
162,17.2,0.0,8.9,21.8,1.3,12,0.0,20050612,69.9,28.3,2005,0.0,2005-06-12,232,6
163,17.2,0.0,7.5,24.2,1.4,13,0.0,20050613,70.3,31.8,2005,0.0,2005-06-13,232,6
164,19.2,0.0,7.1,24.5,1.7,14,0.0,20050614,64.4,30.7,2005,0.0,2005-06-14,232,6
165,16.7,0.0,1.1,19.9,1.8,15,14.5,20050615,74.5,24.8,2005,0.0,2005-06-15,232,6
166,15.6,0.0,5.2,20.4,1.4,16,12.5,20050616,79.0,27.2,2005,0.0,2005-06-16,232,6
167,18.2,0.0,6.4,22.6,2.0,17,0.0,20050617,70.8,27.7,2005,0.0,2005-06-17,232,6
168,18.7,0.0,2.1,22.5,1.5,18,0.0,20050618,71.0,28.5,2005,0.0,2005-06-18,232,6
169,17.8,0.0,1.8,21.9,1.1,19,1.0,20050619,76.3,27.5,2005,0.0,2005-06-19,232,6
170,17.3,0.0,9.5,23.4,1.5,20,0.0,20050620,71.6,30.2,2005,0.0,2005-06-20,232,6
171,19.7,0.0,5.0,24.0,1.6,21,0.0,20050621,70.8,30.2,2005,0.0,2005-06-21,232,6
172,18.7,0.0,6.3,23.8,1.2,22,0.0,20050622,73.3,29.3,2005,0.0,2005-06-22,232,6
173,19.6,0.0,9.5,24.4,1.5,23,0.0,20050623,71.6,30.6,2005,0.0,2005-06-23,232,6
174,20.2,0.0,8.8,25.5,1.4,24,0.0,20050624,69.1,31.8,2005,0.0,2005-06-24,232,6
175,20.2,0.0,1.6,24.8,1.6,25,0.0,20050625,74.4,30.2,2005,0.0,2005-06-25,232,6
176,21.0,0.0,0.9,25.5,1.5,26,7.0,20050626,78.5,30.1,2005,0.0,2005-06-26,232,6
177,23.5,0.0,0.0,24.7,2.4,27,27.5,20050627,82.8,26.2,2005,0.0,2005-06-27,232,6
178,21.7,0.0,1.4,24.8,1.1,28,0.0,20050628,75.3,29.2,2005,0.0,2005-06-28,232,6
179,22.2,0.0,0.5,24.7,1.8,29,42.5,20050629,83.3,29.3,2005,0.0,2005-06-29,232,6
180,24.2,0.0,5.7,27.5,1.7,30,0.0,20050630,71.6,32.4,2005,0.0,2005-06-30,232,6
181,22.7,0.0,0.3,24.7,2.2,1,21.5,20050701,80.8,27.1,2005,0.0,2005-07-01,232,7
182,23.1,0.0,0.0,24.9,1.4,2,17.5,20050702,85.6,28.0,2005,0.0,2005-07-02,232,7
183,21.1,0.0,0.0,22.6,1.4,3,57.0,20050703,90.1,24.3,2005,0.0,2005-07-03,232,7
184,21.0,0.0,6.4,23.9,1.9,4,2.0,20050704,77.8,29.1,2005,0.0,2005-07-04,232,7
185,20.2,0.0,0.7,22.9,1.4,5,0.0,20050705,79.9,27.8,2005,0.0,2005-07-05,232,7
186,19.7,0.0,5.6,24.6,2.1,6,0.0,20050706,76.4,30.3,2005,0.0,2005-07-06,232,7
187,20.8,0.0,0.0,24.4,1.5,7,0.5,20050707,80.0,27.7,2005,0.0,2005-07-07,232,7
188,20.5,0.0,4.9,24.6,2.1,8,0.5,20050708,74.1,28.8,2005,0.0,2005-07-08,232,7
189,22.0,0.0,0.0,23.0,1.7,9,25.5,20050709,86.6,24.6,2005,0.0,2005-07-09,232,7
190,21.0,0.0,0.0,23.7,0.7,10,0.0,20050710,81.4,26.7,2005,0.0,2005-07-10,232,7
191,19.2,0.0,0.0,20.2,2.3,11,83.0,20050711,87.6,22.7,2005,0.0,2005-07-11,232,7
192,18.1,0.0,9.1,23.6,1.0,12,0.0,20050712,75.0,28.7,2005,0.0,2005-07-12,232,7
193,21.2,0.0,1.1,23.4,1.2,13,9.0,20050713,79.6,27.8,2005,0.0,2005-07-13,232,7
194,20.2,0.0,7.1,25.3,1.5,14,0.0,20050714,74.3,31.8,2005,0.0,2005-07-14,232,7
195,20.5,0.0,6.7,26.1,1.1,15,0.0,20050715,74.6,32.0,2005,0.0,2005-07-15,232,7
196,22.2,0.0,0.4,25.7,0.8,16,2.0,20050716,80.4,30.2,2005,0.0,2005-07-16,232,7
197,21.5,0.0,2.2,24.7,1.6,17,23.0,20050717,82.9,29.7,2005,0.0,2005-07-17,232,7
198,22.3,0.0,8.7,26.0,1.7,18,0.0,20050718,75.9,30.7,2005,0.0,2005-07-18,232,7
199,23.0,0.0,2.0,25.6,1.7,19,0.0,20050719,77.3,29.8,2005,0.0,2005-07-19,232,7
200,21.3,0.0,6.6,26.0,1.5,20,0.0,20050720,75.9,31.2,2005,0.0,2005-07-20,232,7
201,22.1,0.0,5.4,26.1,1.3,21,0.0,20050721,74.8,31.7,2005,0.0,2005-07-21,232,7
202,21.0,0.0,7.5,27.1,1.1,22,0.0,20050722,73.8,33.7,2005,0.0,2005-07-22,232,7
203,22.2,0.0,5.2,28.1,1.1,23,0.0,20050723,74.4,35.4,2005,0.0,2005-07-23,232,7
204,24.0,0.0,6.3,28.7,1.3,24,0.0,20050724,71.3,35.4,2005,0.0,2005-07-24,232,7
205,23.6,0.0,1.8,27.6,1.4,25,0.0,20050725,73.9,34.5,2005,0.0,2005-07-25,232,7
206,23.2,0.0,4.7,27.1,1.6,26,0.0,20050726,73.9,32.5,2005,0.0,2005-07-26,232,7
207,22.6,0.0,0.6,26.4,1.1,27,1.0,20050727,78.8,31.7,2005,0.0,2005-07-27,232,7
208,22.2,0.0,0.0,24.4,2.0,28,71.0,20050728,85.3,26.3,2005,0.0,2005-07-28,232,7
209,21.7,0.0,7.4,25.9,1.2,29,0.0,20050729,75.6,30.6,2005,0.0,2005-07-29,232,7
210,21.7,0.0,3.9,26.3,1.1,30,0.0,20050730,75.3,32.0,2005,0.0,2005-07-30,232,7
211,21.8,0.0,6.3,26.7,1.1,31,0.3,20050731,74.3,33.0,2005,0.0,2005-07-31,232,7
212,23.2,0.0,1.5,25.8,2.1,1,44.0,20050801,82.1,30.1,2005,0.0,2005-08-01,232,8
213,22.7,0.0,1.6,25.9,1.4,2,6.5,20050802,83.8,30.1,2005,0.0,2005-08-02,232,8
214,23.2,0.0,1.5,25.2,1.4,3,14.5,20050803,86.1,29.2,2005,0.0,2005-08-03,232,8
215,23.1,0.0,6.1,27.2,1.6,4,4.5,20050804,79.0,33.7,2005,0.0,2005-08-04,232,8
216,23.5,0.0,8.7,28.7,1.1,5,0.2,20050805,76.3,36.2,2005,0.0,2005-08-05,232,8
217,23.3,0.0,10.5,27.9,1.8,6,8.5,20050806,75.9,35.7,2005,0.0,2005-08-06,232,8
218,22.5,0.0,3.9,26.8,1.3,7,0.3,20050807,78.5,32.2,2005,0.0,2005-08-07,232,8
219,24.5,0.0,0.5,26.5,1.9,8,17.0,20050808,80.9,31.1,2005,0.0,2005-08-08,232,8
220,22.6,0.0,6.0,26.5,2.3,9,0.5,20050809,75.0,31.0,2005,0.0,2005-08-09,232,8
221,22.2,0.0,0.6,25.6,1.4,10,3.0,20050810,84.6,29.7,2005,0.0,2005-08-10,232,8
222,23.2,0.0,0.2,25.1,1.3,11,21.0,20050811,86.8,27.7,2005,0.0,2005-08-11,232,8
223,23.5,0.0,3.7,26.8,1.3,12,0.5,20050812,78.5,31.3,2005,0.0,2005-08-12,232,8
224,23.7,0.0,6.4,27.3,1.6,13,0.0,20050813,76.5,31.6,2005,0.0,2005-08-13,232,8
225,23.0,0.0,8.7,27.2,1.5,14,0.0,20050814,76.0,31.5,2005,0.0,2005-08-14,232,8
226,24.2,0.0,6.1,26.9,1.5,15,0.0,20050815,76.5,31.2,2005,0.0,2005-08-15,232,8
227,23.1,0.0,4.0,26.8,1.1,16,0.0,20050816,78.8,32.7,2005,0.0,2005-08-16,232,8
228,22.6,0.0,6.6,27.5,1.2,17,3.0,20050817,75.9,34.0,2005,0.0,2005-08-17,232,8
229,22.7,0.0,2.6,25.5,1.6,18,3.5,20050818,81.1,32.4,2005,0.0,2005-08-18,232,8
230,21.2,0.0,0.0,23.4,1.2,19,5.0,20050819,85.9,27.6,2005,0.0,2005-08-19,232,8
231,19.7,0.0,0.0,21.5,1.2,20,13.0,20050820,84.9,24.0,2005,0.0,2005-08-20,232,8
232,19.2,0.0,2.0,23.2,1.1,21,7.0,20050821,77.8,29.0,2005,0.0,2005-08-21,232,8
233,20.1,0.0,0.0,21.5,1.5,22,21.5,20050822,84.6,23.7,2005,0.0,2005-08-22,232,8
234,18.0,0.0,12.6,23.1,2.6,23,0.0,20050823,62.9,28.3,2005,0.0,2005-08-23,232,8
235,16.5,0.0,1.0,20.4,2.6,24,7.0,20050824,68.1,24.5,2005,0.0,2005-08-24,232,8
236,17.8,0.0,0.0,20.0,1.5,25,21.0,20050825,89.6,23.7,2005,0.0,2005-08-25,232,8
237,17.8,0.0,5.2,21.1,1.7,26,0.5,20050826,78.6,26.5,2005,0.0,2005-08-26,232,8
238,18.1,0.0,5.7,22.3,0.7,27,0.0,20050827,76.9,29.7,2005,0.0,2005-08-27,232,8
239,17.0,0.0,8.7,21.9,1.5,28,0.0,20050828,79.4,27.8,2005,0.0,2005-08-28,232,8
240,18.3,0.0,7.1,24.1,1.1,29,0.0,20050829,74.5,29.7,2005,0.0,2005-08-29,232,8
241,18.8,0.0,0.0,23.1,1.0,30,0.0,20050830,78.8,27.3,2005,0.0,2005-08-30,232,8
242,17.1,0.0,9.0,24.2,1.2,31,0.0,20050831,75.1,32.5,2005,0.0,2005-08-31,232,8
243,22.0,0.0,8.1,27.2,1.6,1,0.0,20050901,73.4,31.8,2005,0.0,2005-09-01,232,9
244,22.7,0.0,0.5,25.2,1.4,2,0.5,20050902,83.0,29.1,2005,0.0,2005-09-02,232,9
245,19.6,0.0,0.1,22.6,1.0,3,0.5,20050903,74.8,27.0,2005,0.0,2005-09-03,232,9
246,19.1,0.0,1.9,22.7,2.2,4,0.0,20050904,71.9,27.3,2005,0.0,2005-09-04,232,9
247,13.8,0.0,12.1,21.2,3.3,5,0.0,20050905,61.1,27.7,2005,0.0,2005-09-05,232,9
248,18.1,0.0,4.7,22.2,3.3,6,0.0,20050906,57.1,27.2,2005,0.0,2005-09-06,232,9
249,17.6,0.0,8.9,22.3,1.7,7,0.0,20050907,67.8,29.2,2005,0.0,2005-09-07,232,9
250,17.8,0.0,6.6,23.5,1.1,8,0.0,20050908,74.4,30.5,2005,0.0,2005-09-08,232,9
251,20.1,0.0,0.3,22.3,1.9,9,8.0,20050909,78.1,26.3,2005,0.0,2005-09-09,232,9
252,19.7,0.0,5.7,23.6,1.4,10,1.0,20050910,76.8,31.0,2005,0.0,2005-09-10,232,9
253,20.1,0.0,6.4,25.5,1.0,11,0.0,20050911,74.4,32.2,2005,0.0,2005-09-11,232,9
254,20.7,0.0,4.8,25.7,0.9,12,0.0,20050912,75.4,31.1,2005,0.0,2005-09-12,232,9
255,19.2,0.0,1.2,24.0,2.3,13,19.0,20050913,82.8,29.6,2005,0.0,2005-09-13,232,9
256,16.8,0.0,9.1,20.7,1.6,14,0.0,20050914,72.8,26.6,2005,0.0,2005-09-14,232,9
257,15.8,0.0,10.4,21.1,1.7,15,0.0,20050915,70.6,28.0,2005,0.0,2005-09-15,232,9
258,17.7,0.0,8.6,22.5,1.8,16,0.0,20050916,68.6,28.2,2005,0.0,2005-09-16,232,9
259,21.7,0.0,0.2,23.7,2.2,17,162.0,20050917,79.8,28.2,2005,0.0,2005-09-17,232,9
260,19.7,0.0,4.4,22.2,1.2,18,53.0,20050918,82.4,27.3,2005,0.0,2005-09-18,232,9
261,17.2,0.0,0.0,19.7,0.8,19,3.5,20050919,86.0,23.5,2005,0.0,2005-09-19,232,9
262,15.8,0.0,0.0,19.9,0.9,20,0.0,20050920,81.6,23.7,2005,0.0,2005-09-20,232,9
263,14.8,0.0,0.0,16.3,2.7,21,102.5,20050921,87.8,21.1,2005,0.0,2005-09-21,232,9
264,16.3,0.0,0.0,17.3,0.8,22,4.0,20050922,89.5,18.2,2005,0.0,2005-09-22,232,9
265,17.5,0.0,1.9,20.4,1.1,23,0.0,20050923,79.6,25.2,2005,0.0,2005-09-23,232,9
266,14.8,0.0,8.3,20.1,1.7,24,0.0,20050924,73.8,26.3,2005,0.0,2005-09-24,232,9
267,13.6,0.0,4.5,18.9,1.2,25,0.0,20050925,74.9,25.5,2005,0.0,2005-09-25,232,9
268,15.3,0.0,8.4,20.0,1.2,26,0.0,20050926,71.0,27.5,2005,0.0,2005-09-26,232,9
269,13.8,0.0,5.1,18.7,1.6,27,0.0,20050927,72.5,26.1,2005,0.0,2005-09-27,232,9
270,12.0,0.0,7.3,18.3,1.3,28,0.0,20050928,73.0,26.1,2005,0.0,2005-09-28,232,9
271,13.6,0.0,5.8,19.9,2.2,29,0.0,20050929,66.1,26.1,2005,0.0,2005-09-29,232,9
272,16.5,0.0,0.0,18.6,2.2,30,23.5,20050930,87.9,22.0,2005,0.0,2005-09-30,232,9
273,20.0,0.0,0.0,21.2,0.6,1,10.0,20051001,88.5,23.7,2005,0.0,2005-10-01,232,10
274,15.0,0.0,2.4,19.7,2.2,2,0.0,20051002,72.0,24.2,2005,0.0,2005-10-02,232,10
275,13.0,0.0,0.4,15.7,1.0,3,2.0,20051003,74.5,20.2,2005,0.0,2005-10-03,232,10
276,9.1,0.0,1.8,13.9,0.7,4,1.0,20051004,79.1,19.5,2005,0.0,2005-10-04,232,10
277,8.5,0.0,8.5,14.2,0.7,5,0.0,20051005,77.0,24.5,2005,0.0,2005-10-05,232,10
278,7.8,0.0,8.6,15.2,0.8,6,0.0,20051006,74.3,24.8,2005,0.0,2005-10-06,232,10
279,14.3,0.0,0.0,15.3,1.0,7,9.0,20051007,87.3,16.5,2005,0.0,2005-10-07,232,10
280,9.5,0.0,7.1,14.9,1.6,8,0.0,20051008,78.8,20.2,2005,0.0,2005-10-08,232,10
281,8.0,0.0,9.5,14.5,1.2,9,0.0,20051009,78.5,23.7,2005,0.0,2005-10-09,232,10
282,9.3,0.0,9.9,16.3,1.1,10,0.0,20051010,70.1,24.7,2005,0.0,2005-10-10,232,10
283,8.3,0.0,10.6,15.4,1.1,11,0.0,20051011,69.4,24.2,2005,0.0,2005-10-11,232,10
284,7.8,0.0,10.6,15.2,1.4,12,0.0,20051012,73.0,24.8,2005,0.0,2005-10-12,232,10
285,13.1,0.0,3.9,17.8,1.6,13,0.0,20051013,71.6,23.6,2005,0.0,2005-10-13,232,10
286,6.1,0.0,6.5,13.5,2.1,14,0.5,20051014,66.5,18.2,2005,0.0,2005-10-14,232,10
287,7.5,0.0,7.5,12.3,1.3,15,0.0,20051015,68.8,19.7,2005,0.0,2005-10-15,232,10
288,4.4,0.0,10.3,11.6,0.8,16,0.0,20051016,70.8,20.7,2005,0.0,2005-10-16,232,10
289,3.9,0.0,9.7,12.6,0.7,17,0.0,20051017,74.9,22.3,2005,0.0,2005-10-17,232,10
290,6.9,0.0,9.4,12.8,1.1,18,0.0,20051018,71.1,21.0,2005,0.0,2005-10-18,232,10
291,6.1,0.0,7.1,12.9,0.8,19,0.0,20051019,78.1,22.0,2005,0.0,2005-10-19,232,10
292,7.6,0.0,9.0,14.0,0.8,20,0.0,20051020,73.3,22.8,2005,0.0,2005-10-20,232,10
293,8.3,0.0,0.0,12.0,1.8,21,4.0,20051021,80.4,15.3,2005,0.0,2005-10-21,232,10
294,2.0,0.0,10.3,8.1,2.1,22,0.0,20051022,57.9,13.0,2005,0.0,2005-10-22,232,10
295,-1.2,0.0,10.0,7.4,1.3,23,0.0,20051023,69.9,17.1,2005,0.0,2005-10-23,232,10
296,2.7,0.0,6.8,10.2,1.1,24,0.0,20051024,76.0,19.7,2005,0.0,2005-10-24,232,10
297,6.3,0.0,4.5,12.1,0.7,25,0.0,20051025,79.5,20.6,2005,0.0,2005-10-25,232,10
298,7.9,0.0,8.2,13.3,1.2,26,0.0,20051026,74.5,22.3,2005,0.0,2005-10-26,232,10
299,6.1,0.0,6.8,12.4,0.7,27,0.0,20051027,79.0,22.2,2005,0.0,2005-10-27,232,10
300,9.3,0.0,3.9,12.5,2.6,28,0.2,20051028,67.5,17.2,2005,0.0,2005-10-28,232,10
301,5.0,0.0,6.7,10.1,1.9,29,0.0,20051029,64.6,13.5,2005,0.0,2005-10-29,232,10
302,2.5,0.0,2.2,7.1,1.1,30,0.0,20051030,74.9,12.6,2005,0.0,2005-10-30,232,10
303,-0.4,0.0,9.5,6.7,0.9,31,0.0,20051031,71.3,15.6,2005,0.0,2005-10-31,232,10
304,2.0,0.0,4.2,9.7,1.2,1,0.0,20051101,73.5,18.2,2005,0.0,2005-11-01,232,11
305,3.4,0.0,4.5,11.3,0.8,2,0.0,20051102,76.1,19.2,2005,0.0,2005-11-02,232,11
306,9.1,0.0,6.9,14.3,1.0,3,0.0,20051103,70.0,23.7,2005,0.0,2005-11-03,232,11
307,7.0,0.0,3.8,14.6,1.1,4,0.0,20051104,72.9,23.2,2005,0.0,2005-11-04,232,11
308,9.1,0.0,2.9,16.7,1.2,5,1.0,20051105,72.6,22.0,2005,0.0,2005-11-05,232,11
309,8.8,0.0,0.1,14.6,2.6,6,9.0,20051106,76.6,18.2,2005,0.0,2005-11-06,232,11
310,4.5,0.0,8.8,10.6,1.4,7,2.0,20051107,60.1,17.3,2005,0.0,2005-11-07,232,11
311,1.6,0.0,7.8,8.7,2.0,8,0.0,20051108,59.0,14.1,2005,0.0,2005-11-08,232,11
312,1.2,0.0,8.9,7.5,1.0,9,0.0,20051109,70.1,16.6,2005,0.0,2005-11-09,232,11
313,3.2,0.0,5.3,12.9,2.5,10,0.0,20051110,70.5,20.5,2005,0.0,2005-11-10,232,11
314,6.4,0.0,0.0,12.6,1.6,11,0.0,20051111,63.3,17.3,2005,0.0,2005-11-11,232,11
315,-0.5,0.0,8.9,6.4,0.7,12,0.0,20051112,57.5,15.6,2005,0.0,2005-11-12,232,11
316,0.1,0.0,3.2,8.7,1.5,13,0.0,20051113,52.5,16.8,2005,0.0,2005-11-13,232,11
317,3.5,0.0,8.0,6.7,2.6,14,0.0,20051114,38.4,10.6,2005,0.0,2005-11-14,232,11
318,-3.5,0.0,9.2,2.3,2.2,15,0.0,20051115,50.9,7.5,2005,0.0,2005-11-15,232,11
319,-5.6,0.0,9.1,0.3,1.1,16,0.0,20051116,61.0,8.1,2005,0.0,2005-11-16,232,11
320,-6.4,0.0,9.1,1.3,1.3,17,0.0,20051117,61.1,9.3,2005,0.0,2005-11-17,232,11
321,-5.0,0.0,9.1,1.8,1.9,18,0.0,20051118,56.1,8.6,2005,0.0,2005-11-18,232,11
322,-5.6,0.0,6.3,-0.2,1.1,19,0.0,20051119,63.0,7.1,2005,0.0,2005-11-19,232,11
323,-6.9,0.0,9.1,0.1,0.9,20,0.0,20051120,67.6,9.0,2005,0.0,2005-11-20,232,11
324,-2.7,0.0,5.4,5.1,1.9,21,4.5,20051121,66.9,10.8,2005,0.0,2005-11-21,232,11
325,-2.5,0.0,9.1,2.6,1.2,22,0.0,20051122,62.4,9.6,2005,0.0,2005-11-22,232,11
326,0.1,0.0,4.4,6.7,2.1,23,1.5,20051123,67.0,13.3,2005,0.0,2005-11-23,232,11
327,0.6,0.0,3.1,5.5,0.5,24,0.5,20051124,81.5,13.1,2005,0.0,2005-11-24,232,11
328,-0.6,0.0,4.9,4.7,1.1,25,0.0,20051125,79.6,14.1,2005,0.0,2005-11-25,232,11
329,-1.0,0.0,3.8,6.8,1.6,26,0.0,20051126,75.8,14.8,2005,0.0,2005-11-26,232,11
330,0.8,0.0,4.5,6.8,1.7,27,1.0,20051127,73.4,13.6,2005,0.0,2005-11-27,232,11
331,0.4,0.0,0.9,7.4,3.6,28,4.0,20051128,67.6,14.6,2005,0.0,2005-11-28,232,11
332,0.8,0.0,7.1,4.5,2.8,29,0.0,20051129,59.6,9.0,2005,0.0,2005-11-29,232,11
333,-2.7,0.0,8.8,2.9,1.0,30,0.0,20051130,58.9,10.8,2005,0.0,2005-11-30,232,11
334,-1.3,0.0,2.6,5.4,2.3,1,1.0,20051201,67.1,13.3,2005,0.0,2005-12-01,232,12
335,-3.0,0.0,8.6,1.9,2.8,2,0.0,20051202,50.5,5.0,2005,0.0,2005-12-02,232,12
336,-6.4,0.0,7.4,-0.8,1.0,3,1.5,20051203,61.8,5.5,2005,4.6,2005-12-03,232,12
337,-6.0,0.0,5.1,-3.2,3.1,4,2.0,20051204,66.0,-0.5,2005,5.4,2005-12-04,232,12
338,-9.8,0.0,7.8,-6.0,1.9,5,0.0,20051205,60.9,-1.7,2005,0.0,2005-12-05,232,12
339,-10.1,0.0,3.1,-2.0,0.8,6,0.4,20051206,73.4,3.9,2005,1.2,2005-12-06,232,12
340,-6.1,0.0,1.7,-1.6,0.7,7,0.0,20051207,77.6,2.2,2005,0.0,2005-12-07,232,12
341,-6.4,0.0,4.6,-2.4,1.6,8,0.5,20051208,73.5,1.3,2005,1.5,2005-12-08,232,12
342,-7.3,0.0,4.3,-2.0,0.7,9,0.0,20051209,72.1,3.5,2005,0.0,2005-12-09,232,12
343,-5.3,0.0,3.0,-1.1,2.3,10,0.0,20051210,54.4,2.2,2005,0.0,2005-12-10,232,12
344,-7.4,0.0,7.5,-4.9,2.7,11,0.0,20051211,52.9,-2.2,2005,0.0,2005-12-11,232,12
345,-9.6,0.0,4.5,-6.3,2.9,12,0.5,20051212,57.5,-4.0,2005,1.3,2005-12-12,232,12
346,-13.8,0.0,6.5,-7.4,2.1,13,1.8,20051213,66.6,-4.6,2005,4.7,2005-12-13,232,12
347,-17.8,0.0,8.1,-8.3,1.1,14,0.5,20051214,73.3,-0.1,2005,2.0,2005-12-14,232,12
348,-14.3,0.0,8.1,-6.2,0.9,15,0.0,20051215,76.9,-0.2,2005,0.0,2005-12-15,232,12
349,-11.1,0.0,1.8,-4.4,1.0,16,0.0,20051216,72.3,2.4,2005,0.1,2005-12-16,232,12
350,-12.6,0.0,3.0,-9.0,3.7,17,0.0,20051217,46.9,-4.1,2005,0.0,2005-12-17,232,12
351,-17.2,0.0,2.4,-10.8,1.5,18,1.5,20051218,72.4,-3.2,2005,5.3,2005-12-18,232,12
352,-17.2,0.0,8.1,-9.6,0.5,19,0.0,20051219,69.5,0.2,2005,0.0,2005-12-19,232,12
353,-15.3,0.0,7.1,-6.7,0.7,20,0.0,20051220,68.3,2.7,2005,0.0,2005-12-20,232,12
354,-9.3,0.0,1.4,-6.1,3.4,21,1.4,20051221,66.1,-3.0,2005,5.0,2005-12-21,232,12
355,-14.8,0.0,7.4,-6.0,1.7,22,0.0,20051222,64.8,-2.0,2005,0.0,2005-12-22,232,12
356,-6.0,0.0,1.2,-2.4,2.0,23,0.0,20051223,72.0,1.2,2005,0.1,2005-12-23,232,12
357,-13.1,0.0,8.5,-6.7,1.4,24,0.0,20051224,55.5,-0.1,2005,0.0,2005-12-24,232,12
358,-6.4,0.0,3.6,-1.6,3.1,25,0.0,20051225,56.9,3.9,2005,0.0,2005-12-25,232,12
359,-12.3,0.0,8.0,-7.5,2.2,26,0.0,20051226,64.1,-2.9,2005,0.0,2005-12-26,232,12
360,-14.8,0.0,8.5,-9.0,1.5,27,0.0,20051227,67.8,-2.2,2005,0.0,2005-12-27,232,12
361,-14.6,0.0,8.2,-8.1,0.7,28,0.0,20051228,64.8,-0.2,2005,0.0,2005-12-28,232,12
362,-13.1,0.0,6.2,-6.4,0.6,29,0.0,20051229,69.4,2.7,2005,0.0,2005-12-29,232,12
363,-9.6,0.0,0.0,-3.6,0.6,30,0.2,20051230,79.1,2.2,2005,0.2,2005-12-30,232,12
364,-9.1,0.0,3.0,-0.7,1.1,31,0.0,20051231,71.6,6.5,2005,0.0,2005-12-31,232,12
