,cloud,station_id,month,humid,date,snow,Date,wind,rainfall,tmin,sunshine,year,tmax,tavg,day
0,0.0,232,1,83.1,20170101,0.0,2017-01-01,0.6,0.0,-2.1,5.2,2017,8.7,2.3,1
1,0.0,232,1,79.5,20170102,0.0,2017-01-02,1.2,0.0,-0.3,3.3,2017,11.0,4.8,2
2,0.0,232,1,74.3,20170103,0.0,2017-01-03,1.0,0.0,-3.1,7.2,2017,8.8,2.1,3
3,0.0,232,1,68.9,20170104,0.0,2017-01-04,0.9,0.0,-2.7,5.9,2017,10.0,2.8,4
4,0.0,232,1,67.0,20170105,0.0,2017-01-05,1.9,0.0,-2.5,0.2,2017,9.0,3.9,5
5,0.0,232,1,68.3,20170106,0.0,2017-01-06,1.4,0.0,-0.2,6.3,2017,10.8,4.8,6
6,0.0,232,1,78.8,20170107,0.0,2017-01-07,0.4,0.0,-3.6,5.4,2017,9.3,2.4,7
7,0.0,232,1,66.1,20170108,0.0,2017-01-08,1.4,0.0,1.2,5.0,2017,12.4,6.9,8
8,0.0,232,1,68.5,20170109,0.0,2017-01-09,2.2,0.0,-1.8,5.4,2017,6.3,3.0,9
9,0.0,232,1,55.8,20170110,0.0,2017-01-10,1.7,0.0,-4.6,6.3,2017,2.5,-1.2,10
10,0.0,232,1,59.4,20170111,0.0,2017-01-11,1.3,0.0,-11.0,7.4,2017,2.2,-3.9,11
11,0.0,232,1,67.4,20170112,0.0,2017-01-12,1.1,1.0,-4.3,3.1,2017,2.5,-1.6,12
12,0.0,232,1,64.5,20170113,0.0,2017-01-13,1.7,0.1,-10.9,5.6,2017,-0.7,-5.2,13
13,0.0,232,1,37.1,20170114,0.0,2017-01-14,2.7,0.0,-9.2,8.0,2017,-4.3,-6.7,14
14,0.0,232,1,51.1,20170115,0.0,2017-01-15,1.2,0.0,-14.8,8.3,2017,-1.0,-7.7,15
15,0.0,232,1,58.5,20170116,0.0,2017-01-16,0.7,0.0,-14.2,8.3,2017,2.9,-6.2,16
16,0.0,232,1,64.5,20170117,0.0,2017-01-17,0.7,0.0,-11.8,6.0,2017,4.0,-4.6,17
17,0.0,232,1,74.9,20170118,0.0,2017-01-18,0.6,0.0,-6.8,4.6,2017,4.9,-1.2,18
18,0.0,232,1,73.8,20170119,0.0,2017-01-19,1.0,0.0,-6.1,5.2,2017,5.0,-1.5,19
19,0.0,232,1,74.5,20170120,0.0,2017-01-20,2.5,3.7,-7.0,4.1,2017,-1.3,-3.1,20
20,0.0,232,1,81.4,20170121,0.0,2017-01-21,0.8,0.5,-10.6,2.9,2017,0.9,-4.2,21
21,0.0,232,1,61.3,20170122,0.0,2017-01-22,2.4,0.9,-8.5,6.9,2017,-1.0,-5.9,22
22,0.0,232,1,67.0,20170123,0.0,2017-01-23,1.5,0.0,-14.2,9.0,2017,-3.0,-8.7,23
23,0.0,232,1,64.8,20170124,0.0,2017-01-24,0.9,0.0,-15.9,8.4,2017,0.0,-8.3,24
24,0.0,232,1,66.0,20170125,0.0,2017-01-25,0.8,0.0,-15.1,8.5,2017,1.0,-7.2,25
25,0.0,232,1,64.1,20170126,0.0,2017-01-26,0.9,0.0,-13.7,7.3,2017,4.5,-3.0,26
26,0.0,232,1,54.5,20170127,0.0,2017-01-27,2.4,3.1,-7.5,8.0,2017,3.9,-1.2,27
27,0.0,232,1,56.0,20170128,0.0,2017-01-28,0.8,0.0,-11.2,6.6,2017,6.9,-1.7,28
28,0.0,232,1,79.6,20170129,0.0,2017-01-29,0.9,4.1,0.6,0.0,2017,3.7,1.9,29
29,0.0,232,1,69.8,20170130,0.0,2017-01-30,2.3,0.5,-9.9,6.8,2017,0.7,-3.9,30
30,0.0,232,1,61.5,20170131,0.0,2017-01-31,1.0,0.0,-12.4,7.0,2017,0.0,-6.1,31
31,0.0,232,2,52.6,20170201,0.0,2017-02-01,1.7,0.0,-8.5,7.9,2017,1.8,-3.3,1
32,0.0,232,2,51.5,20170202,0.0,2017-02-02,1.4,0.0,-11.1,8.6,2017,3.8,-2.3,2
33,0.0,232,2,67.9,20170203,0.0,2017-02-03,1.0,0.0,-4.1,7.5,2017,7.0,0.6,3
34,0.0,232,2,65.5,20170204,0.0,2017-02-04,0.6,0.0,-5.9,1.1,2017,6.7,1.1,4
35,0.0,232,2,71.1,20170205,0.0,2017-02-05,1.6,0.0,1.3,0.5,2017,5.8,2.5,5
36,0.0,232,2,56.8,20170206,0.0,2017-02-06,2.2,0.0,-4.7,8.7,2017,1.9,-1.0,6
37,0.0,232,2,60.3,20170207,0.0,2017-02-07,0.9,0.0,-7.6,5.7,2017,4.5,-1.9,7
38,0.0,232,2,59.6,20170208,0.0,2017-02-08,1.4,0.0,-6.9,3.4,2017,3.0,-1.5,8
39,0.0,232,2,51.8,20170209,0.0,2017-02-09,3.1,0.0,-5.3,8.5,2017,-0.9,-3.5,9
40,0.0,232,2,49.6,20170210,0.0,2017-02-10,3.0,0.0,-7.1,8.9,2017,-2.2,-5.0,10
41,0.0,232,2,53.4,20170211,0.0,2017-02-11,1.9,0.0,-9.8,8.5,2017,0.9,-3.7,11
42,0.0,232,2,61.3,20170212,0.0,2017-02-12,1.4,0.0,-9.8,9.2,2017,4.6,-2.4,12
43,0.0,232,2,79.3,20170213,0.0,2017-02-13,0.7,1.9,-9.0,3.4,2017,5.0,-1.2,13
44,0.0,232,2,58.1,20170214,0.0,2017-02-14,1.4,0.0,-4.5,8.8,2017,6.4,0.4,14
45,0.0,232,2,59.0,20170215,0.0,2017-02-15,0.6,0.0,-8.1,8.3,2017,9.1,0.1,15
46,0.0,232,2,65.8,20170216,0.0,2017-02-16,1.3,0.0,-6.2,7.2,2017,13.3,5.1,16
47,0.0,232,2,62.6,20170217,0.0,2017-02-17,2.6,2.5,-2.4,7.4,2017,11.2,2.5,17
48,0.0,232,2,46.6,20170218,0.0,2017-02-18,1.8,0.0,-7.9,9.6,2017,3.5,-1.9,18
49,0.0,232,2,68.3,20170219,0.0,2017-02-19,1.7,6.2,-7.3,4.7,2017,8.8,1.8,19
50,0.0,232,2,60.5,20170220,0.0,2017-02-20,2.9,7.7,-4.6,8.0,2017,6.7,0.0,20
51,0.0,232,2,50.0,20170221,0.0,2017-02-21,1.0,0.0,-8.9,8.7,2017,7.8,-1.0,21
52,0.0,232,2,80.5,20170222,0.0,2017-02-22,1.6,13.9,-1.7,0.2,2017,3.9,2.2,22
53,0.0,232,2,55.9,20170223,0.0,2017-02-23,3.3,0.0,-2.6,8.4,2017,3.2,-0.1,23
54,0.0,232,2,54.5,20170224,0.0,2017-02-24,1.4,0.0,-7.6,9.0,2017,4.5,-0.6,24
55,0.0,232,2,57.1,20170225,0.0,2017-02-25,1.3,0.0,-5.5,10.2,2017,9.2,1.7,25
56,0.0,232,2,56.3,20170226,0.0,2017-02-26,1.4,0.0,-1.9,9.3,2017,9.0,2.9,26
57,0.0,232,2,54.8,20170227,0.0,2017-02-27,1.0,0.0,-5.2,10.0,2017,10.3,2.2,27
58,0.0,232,2,50.8,20170228,0.0,2017-02-28,0.9,0.0,-5.5,10.0,2017,12.8,3.5,28
59,0.0,232,3,58.6,20170301,0.0,2017-03-01,1.2,0.2,-0.7,1.3,2017,11.6,5.0,1
60,0.0,232,3,66.8,20170302,0.0,2017-03-02,2.4,2.6,-2.1,7.6,2017,6.2,2.1,2
61,0.0,232,3,55.5,20170303,0.0,2017-03-03,1.2,0.0,-5.5,9.8,2017,12.0,2.7,3
62,0.0,232,3,56.3,20170304,0.0,2017-03-04,0.9,0.0,-4.1,10.3,2017,13.0,4.4,4
63,0.0,232,3,67.1,20170305,0.0,2017-03-05,1.3,0.0,-1.7,7.9,2017,12.9,5.3,5
64,0.0,232,3,43.9,20170306,0.0,2017-03-06,2.8,0.0,-2.0,10.0,2017,5.7,1.5,6
65,0.0,232,3,52.4,20170307,0.0,2017-03-07,3.1,0.7,-2.0,10.1,2017,2.3,-0.5,7
66,0.0,232,3,52.8,20170308,0.0,2017-03-08,2.5,0.0,-6.8,8.5,2017,5.8,0.9,8
67,0.0,232,3,54.0,20170309,0.0,2017-03-09,2.8,0.0,-4.2,10.0,2017,10.7,4.1,9
68,0.0,232,3,45.9,20170310,0.0,2017-03-10,1.4,0.0,-4.2,10.1,2017,12.1,3.7,10
69,0.0,232,3,43.8,20170311,0.0,2017-03-11,1.2,0.0,-4.7,10.1,2017,16.9,5.4,11
70,0.0,232,3,52.1,20170312,0.0,2017-03-12,1.3,0.0,-2.5,6.3,2017,16.0,7.1,12
71,0.0,232,3,54.9,20170313,0.0,2017-03-13,1.9,0.0,0.2,8.6,2017,13.0,6.7,13
72,0.0,232,3,53.6,20170314,0.0,2017-03-14,2.0,0.1,-2.5,10.2,2017,10.4,4.4,14
73,0.0,232,3,47.5,20170315,0.0,2017-03-15,1.2,0.0,-4.1,10.3,2017,12.5,4.1,15
74,0.0,232,3,45.1,20170316,0.0,2017-03-16,1.4,0.0,-3.6,9.8,2017,13.2,4.7,16
75,0.0,232,3,42.0,20170317,0.0,2017-03-17,1.2,0.0,-3.6,8.2,2017,15.4,6.0,17
76,0.0,232,3,35.4,20170318,0.0,2017-03-18,1.4,0.0,1.1,6.9,2017,16.9,7.6,18
77,0.0,232,3,42.0,20170319,0.0,2017-03-19,1.0,0.0,-1.9,10.3,2017,18.6,8.2,19
78,0.0,232,3,50.5,20170320,0.0,2017-03-20,0.9,0.0,-0.5,1.3,2017,14.7,8.5,20
79,0.0,232,3,46.0,20170321,0.0,2017-03-21,2.2,0.0,4.5,8.4,2017,11.5,7.5,21
80,0.0,232,3,39.5,20170322,0.0,2017-03-22,1.6,0.0,-2.0,8.6,2017,13.6,6.7,22
81,0.0,232,3,39.9,20170323,0.0,2017-03-23,1.4,0.0,0.8,7.2,2017,15.3,7.3,23
82,0.0,232,3,49.4,20170324,0.0,2017-03-24,1.0,0.0,-1.2,7.4,2017,14.7,7.1,24
83,0.0,232,3,61.8,20170325,0.0,2017-03-25,1.8,0.0,4.3,0.7,2017,9.7,7.1,25
84,0.0,232,3,54.0,20170326,0.0,2017-03-26,1.5,0.0,1.9,5.3,2017,11.2,6.7,26
85,0.0,232,3,63.4,20170327,0.0,2017-03-27,2.0,0.2,0.6,5.4,2017,11.8,6.2,27
86,0.0,232,3,58.3,20170328,0.0,2017-03-28,1.3,0.0,-2.4,4.7,2017,13.5,6.1,28
87,0.0,232,3,48.0,20170329,0.0,2017-03-29,1.6,0.0,2.1,9.0,2017,15.9,9.0,29
88,0.0,232,3,49.9,20170330,0.0,2017-03-30,1.6,0.0,-1.4,9.9,2017,18.1,9.1,30
89,0.0,232,3,76.1,20170331,0.0,2017-03-31,1.4,2.7,6.5,0.2,2017,13.0,8.5,31
90,0.0,232,4,67.3,20170401,0.0,2017-04-01,1.5,0.0,3.3,6.5,2017,13.7,8.2,1
91,0.0,232,4,49.6,20170402,0.0,2017-04-02,1.6,0.0,-0.8,10.8,2017,15.7,8.0,2
92,0.0,232,4,45.3,20170403,0.0,2017-04-03,1.7,0.0,-1.0,11.3,2017,20.3,9.7,3
93,0.0,232,4,38.6,20170404,0.0,2017-04-04,1.2,0.0,0.7,9.3,2017,23.0,12.7,4
94,0.0,232,4,67.3,20170405,0.0,2017-04-05,1.6,11.1,9.3,0.0,2017,15.4,12.6,5
95,0.0,232,4,79.4,20170406,0.0,2017-04-06,1.6,2.5,10.5,4.6,2017,17.2,13.2,6
96,0.0,232,4,61.9,20170407,0.0,2017-04-07,1.5,0.0,9.6,8.4,2017,24.1,15.1,7
97,0.0,232,4,65.5,20170408,0.0,2017-04-08,1.4,0.0,6.8,8.9,2017,21.8,13.4,8
98,0.0,232,4,56.9,20170409,0.0,2017-04-09,3.0,0.0,9.8,5.3,2017,18.1,13.6,9
99,0.0,232,4,23.6,20170410,0.0,2017-04-10,3.6,0.0,9.2,9.3,2017,20.4,15.0,10
100,0.0,232,4,58.1,20170411,0.0,2017-04-11,2.1,14.7,7.7,7.8,2017,19.0,12.2,11
101,0.0,232,4,16.3,20170412,0.0,2017-04-12,2.6,0.0,6.7,11.5,2017,15.9,11.7,12
102,0.0,232,4,50.1,20170413,0.0,2017-04-13,2.0,0.0,1.2,10.5,2017,21.2,11.6,13
103,0.0,232,4,51.6,20170414,0.0,2017-04-14,2.9,0.0,6.1,5.3,2017,19.8,13.7,14
104,0.0,232,4,57.3,20170415,0.0,2017-04-15,1.4,0.0,7.6,10.6,2017,25.3,16.3,15
105,0.0,232,4,49.9,20170416,0.0,2017-04-16,1.0,0.0,7.7,9.4,2017,27.5,17.7,16
106,0.0,232,4,77.0,20170417,0.0,2017-04-17,1.3,12.7,9.9,1.8,2017,16.2,12.7,17
107,0.0,232,4,75.0,20170418,0.0,2017-04-18,2.5,1.9,7.8,2.5,2017,19.7,12.1,18
108,0.0,232,4,47.5,20170419,0.0,2017-04-19,1.9,0.0,4.8,11.1,2017,18.3,12.2,19
109,0.0,232,4,60.6,20170420,0.0,2017-04-20,0.9,0.0,6.8,0.1,2017,14.8,10.7,20
110,0.0,232,4,57.5,20170421,0.0,2017-04-21,1.5,0.0,3.3,10.0,2017,19.2,11.9,21
111,0.0,232,4,51.5,20170422,0.0,2017-04-22,1.4,0.0,4.6,9.7,2017,20.4,13.1,22
112,0.0,232,4,45.4,20170423,0.0,2017-04-23,1.4,0.0,3.5,11.6,2017,22.7,13.0,23
113,0.0,232,4,45.0,20170424,0.0,2017-04-24,1.7,0.0,2.8,11.1,2017,22.6,13.3,24
114,0.0,232,4,54.9,20170425,0.0,2017-04-25,1.7,0.0,7.0,5.7,2017,22.9,15.6,25
115,0.0,232,4,40.9,20170426,0.0,2017-04-26,2.1,0.0,10.5,9.6,2017,19.7,14.5,26
116,0.0,232,4,43.6,20170427,0.0,2017-04-27,2.2,0.0,3.3,11.4,2017,19.0,11.8,27
117,0.0,232,4,52.3,20170428,0.0,2017-04-28,2.5,0.0,3.4,8.8,2017,22.9,13.4,28
118,0.0,232,4,49.1,20170429,0.0,2017-04-29,1.7,0.0,4.8,9.7,2017,25.3,14.9,29
119,0.0,232,4,57.1,20170430,0.0,2017-04-30,2.0,0.0,7.9,10.3,2017,27.6,18.0,30
120,0.0,232,5,57.5,20170501,0.0,2017-05-01,1.3,0.0,8.9,9.4,2017,27.1,17.6,1
121,0.0,232,5,48.6,20170502,0.0,2017-05-02,1.2,0.0,8.4,10.6,2017,26.8,17.9,2
122,0.0,232,5,47.6,20170503,0.0,2017-05-03,1.2,0.0,8.1,10.9,2017,28.5,19.0,3
123,0.0,232,5,53.1,20170504,0.0,2017-05-04,1.4,0.0,10.4,7.2,2017,26.8,19.1,4
124,0.0,232,5,55.8,20170505,0.0,2017-05-05,1.7,0.0,15.7,8.5,2017,27.3,20.1,5
125,0.0,232,5,36.6,20170506,0.0,2017-05-06,2.7,0.0,7.4,11.0,2017,21.6,14.7,6
126,0.0,232,5,47.0,20170507,0.0,2017-05-07,2.0,0.0,5.6,11.0,2017,23.1,14.9,7
127,0.0,232,5,55.3,20170508,0.0,2017-05-08,1.3,0.0,5.5,3.5,2017,22.9,15.7,8
128,0.0,232,5,70.1,20170509,0.0,2017-05-09,2.3,4.6,13.6,1.9,2017,20.6,15.2,9
129,0.0,232,5,79.4,20170510,0.0,2017-05-10,1.6,2.4,11.8,4.1,2017,19.6,15.2,10
130,0.0,232,5,73.8,20170511,0.0,2017-05-11,1.0,0.0,11.8,4.0,2017,25.5,17.6,11
131,0.0,232,5,75.3,20170512,0.0,2017-05-12,1.4,0.0,14.1,0.2,2017,23.6,18.9,12
132,0.0,232,5,73.9,20170513,0.0,2017-05-13,2.1,1.7,10.0,7.3,2017,23.7,16.0,13
133,0.0,232,5,52.3,20170514,0.0,2017-05-14,2.3,0.0,6.8,11.4,2017,20.7,14.2,14
134,0.0,232,5,61.4,20170515,0.0,2017-05-15,2.1,0.0,6.2,11.2,2017,20.6,14.2,15
135,0.0,232,5,63.3,20170516,0.0,2017-05-16,1.2,0.0,10.9,6.7,2017,22.0,15.5,16
136,0.0,232,5,54.5,20170517,0.0,2017-05-17,1.3,0.0,8.1,11.4,2017,24.6,17.0,17
137,0.0,232,5,54.4,20170518,0.0,2017-05-18,1.3,0.0,8.2,12.0,2017,26.6,18.1,18
138,0.0,232,5,48.8,20170519,0.0,2017-05-19,1.6,0.0,9.4,11.6,2017,28.4,19.2,19
139,0.0,232,5,46.1,20170520,0.0,2017-05-20,1.3,0.0,9.1,10.5,2017,25.9,18.2,20
140,0.0,232,5,51.5,20170521,0.0,2017-05-21,1.3,0.0,10.6,11.7,2017,26.5,18.9,21
141,0.0,232,5,54.1,20170522,0.0,2017-05-22,1.2,0.0,11.0,11.2,2017,27.7,19.7,22
142,0.0,232,5,63.1,20170523,0.0,2017-05-23,1.0,0.2,12.1,4.4,2017,24.4,19.3,23
143,0.0,232,5,71.3,20170524,0.0,2017-05-24,1.3,5.4,15.2,7.7,2017,25.2,19.4,24
144,0.0,232,5,57.3,20170525,0.0,2017-05-25,2.3,0.0,10.5,11.3,2017,25.9,17.7,25
145,0.0,232,5,45.0,20170526,0.0,2017-05-26,2.0,0.0,11.1,11.8,2017,20.6,15.7,26
146,0.0,232,5,53.1,20170527,0.0,2017-05-27,1.3,0.0,7.5,11.9,2017,25.0,16.5,27
147,0.0,232,5,55.0,20170528,0.0,2017-05-28,1.9,0.0,8.6,10.9,2017,29.4,19.3,28
148,0.0,232,5,61.1,20170529,0.0,2017-05-29,1.3,0.0,13.1,11.1,2017,31.0,21.7,29
149,0.0,232,5,57.1,20170530,0.0,2017-05-30,1.1,0.0,13.6,11.4,2017,29.2,21.5,30
150,0.0,232,5,59.8,20170531,0.0,2017-05-31,1.0,0.0,13.2,7.8,2017,28.0,20.6,31
151,0.0,232,6,61.5,20170601,0.0,2017-06-01,2.0,0.0,16.5,7.9,2017,26.5,21.2,1
152,0.0,232,6,43.6,20170602,0.0,2017-06-02,1.8,0.0,10.2,12.3,2017,25.0,18.5,2
153,0.0,232,6,43.1,20170603,0.0,2017-06-03,1.9,0.0,13.7,11.1,2017,24.6,18.8,3
154,0.0,232,6,43.6,20170604,0.0,2017-06-04,1.7,0.0,9.1,12.3,2017,26.7,19.1,4
155,0.0,232,6,38.9,20170605,0.0,2017-06-05,1.4,0.0,10.7,11.2,2017,28.3,20.9,5
156,0.0,232,6,65.3,20170606,0.0,2017-06-06,2.4,4.4,14.8,0.0,2017,21.9,17.4,6
157,0.0,232,6,86.0,20170607,0.0,2017-06-07,2.0,1.1,15.6,0.0,2017,19.3,17.3,7
158,0.0,232,6,65.4,20170608,0.0,2017-06-08,2.1,0.0,14.5,8.0,2017,26.3,19.1,8
159,0.0,232,6,65.6,20170609,0.0,2017-06-09,2.3,0.0,12.3,8.2,2017,28.3,20.3,9
160,0.0,232,6,57.3,20170610,0.0,2017-06-10,1.3,0.0,15.0,7.6,2017,26.1,20.8,10
161,0.0,232,6,42.1,20170611,0.0,2017-06-11,1.4,0.0,10.1,12.2,2017,28.8,20.6,11
162,0.0,232,6,45.6,20170612,0.0,2017-06-12,1.9,0.0,13.2,8.3,2017,26.4,20.1,12
163,0.0,232,6,62.9,20170613,0.0,2017-06-13,1.4,0.0,14.3,6.6,2017,25.7,19.2,13
164,0.0,232,6,61.4,20170614,0.0,2017-06-14,1.6,0.0,13.8,10.8,2017,26.7,20.1,14
165,0.0,232,6,57.3,20170615,0.0,2017-06-15,1.8,0.0,13.4,11.5,2017,29.8,21.8,15
166,0.0,232,6,56.0,20170616,0.0,2017-06-16,1.4,0.0,15.0,9.4,2017,31.8,23.2,16
167,0.0,232,6,47.8,20170617,0.0,2017-06-17,1.3,0.0,13.3,11.6,2017,30.4,22.1,17
168,0.0,232,6,45.6,20170618,0.0,2017-06-18,1.4,0.0,12.5,12.3,2017,31.5,22.3,18
169,0.0,232,6,52.5,20170619,0.0,2017-06-19,1.3,0.0,13.9,11.5,2017,31.5,23.0,19
170,0.0,232,6,49.1,20170620,0.0,2017-06-20,1.1,0.0,15.3,7.4,2017,30.6,23.5,20
171,0.0,232,6,55.8,20170621,0.0,2017-06-21,1.9,0.2,17.5,9.6,2017,30.0,23.6,21
172,0.0,232,6,61.6,20170622,0.0,2017-06-22,1.3,0.0,15.8,11.5,2017,30.8,23.0,22
173,0.0,232,6,52.3,20170623,0.0,2017-06-23,1.4,0.0,16.0,11.3,2017,33.6,24.7,23
174,0.0,232,6,67.6,20170624,0.0,2017-06-24,1.0,6.1,18.3,1.4,2017,29.5,21.9,24
175,0.0,232,6,78.3,20170625,0.0,2017-06-25,1.2,0.5,17.5,5.5,2017,28.9,22.1,25
176,0.0,232,6,70.1,20170626,0.0,2017-06-26,2.2,1.2,20.5,5.5,2017,28.9,23.5,26
177,0.0,232,6,71.9,20170627,0.0,2017-06-27,1.7,0.0,19.1,4.7,2017,29.0,23.3,27
178,0.0,232,6,70.0,20170628,0.0,2017-06-28,1.3,2.1,20.7,7.4,2017,30.9,24.4,28
179,0.0,232,6,66.5,20170629,0.0,2017-06-29,1.3,0.0,18.9,8.3,2017,31.3,24.7,29
180,0.0,232,6,63.0,20170630,0.0,2017-06-30,1.5,0.0,20.9,6.5,2017,31.1,25.2,30
181,0.0,232,7,82.8,20170701,0.0,2017-07-01,0.8,3.9,20.2,0.0,2017,24.9,22.8,1
182,0.0,232,7,81.1,20170702,0.0,2017-07-02,1.7,6.0,22.9,1.0,2017,29.6,25.6,2
183,0.0,232,7,85.3,20170703,0.0,2017-07-03,1.7,8.1,23.2,0.1,2017,27.1,24.7,3
184,0.0,232,7,79.3,20170704,0.0,2017-07-04,1.4,133.8,22.4,6.0,2017,31.5,25.5,4
185,0.0,232,7,68.9,20170705,0.0,2017-07-05,0.9,0.0,21.7,8.6,2017,32.6,26.4,5
186,0.0,232,7,78.1,20170706,0.0,2017-07-06,1.1,0.2,21.4,4.6,2017,32.2,24.9,6
187,0.0,232,7,81.9,20170707,0.0,2017-07-07,1.3,4.4,21.3,0.3,2017,28.7,25.0,7
188,0.0,232,7,82.8,20170708,0.0,2017-07-08,1.1,51.6,23.2,1.3,2017,27.5,24.9,8
189,0.0,232,7,75.5,20170709,0.0,2017-07-09,1.4,37.5,22.4,6.1,2017,31.9,26.1,9
190,0.0,232,7,85.4,20170710,0.0,2017-07-10,1.5,101.6,22.5,0.2,2017,27.0,24.8,10
191,0.0,232,7,78.0,20170711,0.0,2017-07-11,1.4,7.1,22.7,3.4,2017,30.8,25.1,11
192,0.0,232,7,73.9,20170712,0.0,2017-07-12,0.9,0.0,22.7,8.2,2017,31.1,26.1,12
193,0.0,232,7,73.9,20170713,0.0,2017-07-13,0.9,0.0,20.8,7.6,2017,31.6,25.5,13
194,0.0,232,7,75.8,20170714,0.0,2017-07-14,1.4,3.2,22.1,7.5,2017,32.3,26.1,14
195,0.0,232,7,85.5,20170715,0.0,2017-07-15,1.5,32.2,22.4,0.7,2017,27.2,23.9,15
196,0.0,232,7,88.8,20170716,0.0,2017-07-16,1.1,232.7,22.0,0.2,2017,25.9,23.6,16
197,0.0,232,7,86.1,20170717,0.0,2017-07-17,0.9,2.7,21.8,0.1,2017,27.4,24.1,17
198,0.0,232,7,81.0,20170718,0.0,2017-07-18,0.8,2.0,21.6,2.7,2017,29.2,24.8,18
199,0.0,232,7,73.8,20170719,0.0,2017-07-19,0.9,0.0,22.7,6.5,2017,32.1,26.2,19
200,0.0,232,7,75.3,20170720,0.0,2017-07-20,1.0,0.0,22.6,7.7,2017,32.3,27.1,20
201,0.0,232,7,74.0,20170721,0.0,2017-07-21,1.1,0.0,24.1,5.8,2017,33.0,28.2,21
202,0.0,232,7,74.1,20170722,0.0,2017-07-22,1.1,0.0,25.2,3.2,2017,31.3,27.8,22
203,0.0,232,7,85.1,20170723,0.0,2017-07-23,0.7,3.8,24.6,0.0,2017,28.4,26.1,23
204,0.0,232,7,85.5,20170724,0.0,2017-07-24,0.8,66.4,24.6,0.2,2017,29.0,26.4,24
205,0.0,232,7,74.1,20170725,0.0,2017-07-25,1.2,5.1,24.0,6.7,2017,32.3,27.2,25
206,0.0,232,7,61.6,20170726,0.0,2017-07-26,2.3,0.0,21.4,11.2,2017,30.4,25.7,26
207,0.0,232,7,66.0,20170727,0.0,2017-07-27,1.3,0.0,19.4,6.6,2017,31.3,25.4,27
208,0.0,232,7,80.9,20170728,0.0,2017-07-28,0.9,49.8,23.6,0.1,2017,29.0,25.5,28
209,0.0,232,7,73.1,20170729,0.0,2017-07-29,2.3,1.4,23.3,4.5,2017,29.1,25.7,29
210,0.0,232,7,71.1,20170730,0.0,2017-07-30,1.1,0.0,20.9,8.5,2017,31.5,26.0,30
211,0.0,232,7,88.3,20170731,0.0,2017-07-31,1.2,34.6,21.7,0.0,2017,25.4,23.2,31
212,0.0,232,8,77.8,20170801,0.0,2017-08-01,1.0,2.8,21.8,24.0,2017,31.7,25.7,1
213,0.0,232,8,72.5,20170802,0.0,2017-08-02,1.0,0.0,23.0,9.2,2017,33.6,27.9,2
214,0.0,232,8,63.6,20170803,0.0,2017-08-03,2.1,0.0,23.6,11.5,2017,30.8,26.8,3
215,0.0,232,8,66.1,20170804,0.0,2017-08-04,1.3,0.0,21.7,11.9,2017,33.9,27.6,4
216,0.0,232,8,66.9,20170805,0.0,2017-08-05,1.1,0.0,23.8,10.6,2017,35.2,29.0,5
217,0.0,232,8,65.9,20170806,0.0,2017-08-06,1.3,0.0,25.6,7.6,2017,33.9,29.1,6
218,0.0,232,8,64.3,20170807,0.0,2017-08-07,1.3,0.0,23.0,10.5,2017,32.5,27.4,7
219,0.0,232,8,71.5,20170808,0.0,2017-08-08,0.8,0.0,21.2,2.9,2017,30.4,25.7,8
220,0.0,232,8,83.1,20170809,0.0,2017-08-09,1.6,9.0,22.6,0.0,2017,24.9,23.6,9
221,0.0,232,8,82.1,20170810,0.0,2017-08-10,0.7,2.8,23.1,2.5,2017,29.1,24.8,10
222,0.0,232,8,76.9,20170811,0.0,2017-08-11,1.1,1.9,22.4,7.1,2017,31.1,25.2,11
223,0.0,232,8,68.3,20170812,0.0,2017-08-12,1.6,0.0,21.1,9.5,2017,30.4,25.4,12
224,0.0,232,8,66.9,20170813,0.0,2017-08-13,2.3,0.1,21.4,1.3,2017,26.1,24.0,13
225,0.0,232,8,85.0,20170814,0.0,2017-08-14,2.6,44.3,20.6,0.5,2017,24.6,21.9,14
226,0.0,232,8,86.4,20170815,0.0,2017-08-15,1.9,19.3,20.9,0.0,2017,23.1,22.2,15
227,0.0,232,8,81.6,20170816,0.0,2017-08-16,1.6,33.0,21.6,1.6,2017,27.0,23.9,16
228,0.0,232,8,76.6,20170817,0.0,2017-08-17,1.3,4.3,21.6,5.8,2017,28.9,24.2,17
229,0.0,232,8,76.4,20170818,0.0,2017-08-18,0.7,0.5,21.4,4.9,2017,28.4,23.9,18
230,0.0,232,8,76.5,20170819,0.0,2017-08-19,1.3,11.6,20.7,2.2,2017,29.5,23.9,19
231,0.0,232,8,76.0,20170820,0.0,2017-08-20,2.6,21.3,21.9,1.8,2017,27.8,24.3,20
232,0.0,232,8,83.3,20170821,0.0,2017-08-21,1.4,62.0,22.4,1.0,2017,26.4,24.0,21
233,0.0,232,8,74.4,20170822,0.0,2017-08-22,0.9,0.0,22.4,7.9,2017,31.3,26.1,22
234,0.0,232,8,76.0,20170823,0.0,2017-08-23,1.5,6.3,23.5,6.5,2017,31.2,26.8,23
235,0.0,232,8,77.4,20170824,0.0,2017-08-24,2.2,42.1,22.3,3.2,2017,29.5,26.2,24
236,0.0,232,8,60.9,20170825,0.0,2017-08-25,1.0,0.0,18.8,9.1,2017,30.6,24.6,25
237,0.0,232,8,53.9,20170826,0.0,2017-08-26,1.2,0.0,16.5,9.2,2017,28.2,22.0,26
238,0.0,232,8,66.9,20170827,0.0,2017-08-27,0.9,0.0,15.8,5.5,2017,27.9,21.2,27
239,0.0,232,8,74.9,20170828,0.0,2017-08-28,1.0,30.2,17.0,3.9,2017,27.3,22.2,28
240,0.0,232,8,56.1,20170829,0.0,2017-08-29,1.8,0.0,16.0,10.3,2017,23.2,19.4,29
241,0.0,232,8,61.3,20170830,0.0,2017-08-30,0.7,0.0,14.6,1.2,2017,21.4,17.2,30
242,0.0,232,8,65.9,20170831,0.0,2017-08-31,1.2,0.0,14.6,9.9,2017,26.2,20.1,31
243,0.0,232,9,59.9,20170901,0.0,2017-09-01,1.2,0.0,13.1,11.0,2017,26.8,19.9,1
244,0.0,232,9,64.6,20170902,0.0,2017-09-02,1.0,0.0,14.0,11.4,2017,26.6,19.6,2
245,0.0,232,9,63.0,20170903,0.0,2017-09-03,0.8,0.0,13.4,10.1,2017,28.2,20.2,3
246,0.0,232,9,58.9,20170904,0.0,2017-09-04,1.1,0.0,13.4,9.6,2017,27.4,20.5,4
247,0.0,232,9,73.3,20170905,0.0,2017-09-05,0.9,0.5,16.2,0.3,2017,23.1,20.2,5
248,0.0,232,9,79.5,20170906,0.0,2017-09-06,0.6,2.4,17.8,0.2,2017,22.3,19.8,6
249,0.0,232,9,71.0,20170907,0.0,2017-09-07,1.0,0.0,16.9,8.1,2017,26.7,20.8,7
250,0.0,232,9,67.9,20170908,0.0,2017-09-08,0.8,0.0,17.2,7.5,2017,27.6,21.4,8
251,0.0,232,9,69.4,20170909,0.0,2017-09-09,0.7,0.0,15.1,5.6,2017,28.1,20.6,9
252,0.0,232,9,74.3,20170910,0.0,2017-09-10,0.8,0.0,17.2,0.4,2017,25.4,21.1,10
253,0.0,232,9,72.1,20170911,0.0,2017-09-11,1.7,21.5,17.4,1.3,2017,23.6,19.8,11
254,0.0,232,9,63.0,20170912,0.0,2017-09-12,1.2,0.0,14.3,8.2,2017,27.1,20.1,12
255,0.0,232,9,54.8,20170913,0.0,2017-09-13,1.1,0.0,11.5,10.8,2017,26.7,18.4,13
256,0.0,232,9,58.3,20170914,0.0,2017-09-14,1.0,0.0,11.2,11.0,2017,27.0,18.9,14
257,0.0,232,9,49.9,20170915,0.0,2017-09-15,3.2,0.0,14.9,9.8,2017,25.1,20.0,15
258,0.0,232,9,49.0,20170916,0.0,2017-09-16,3.0,0.0,15.4,6.8,2017,24.2,19.8,16
259,0.0,232,9,60.3,20170917,0.0,2017-09-17,1.6,0.0,13.7,8.0,2017,27.1,19.8,17
260,0.0,232,9,62.0,20170918,0.0,2017-09-18,1.0,0.0,13.0,9.6,2017,26.2,19.0,18
261,0.0,232,9,67.3,20170919,0.0,2017-09-19,1.9,0.0,13.8,3.7,2017,26.6,20.9,19
262,0.0,232,9,44.0,20170920,0.0,2017-09-20,1.6,0.0,11.7,10.6,2017,23.3,18.4,20
263,0.0,232,9,57.4,20170921,0.0,2017-09-21,0.7,0.0,9.3,11.1,2017,25.2,16.3,21
264,0.0,232,9,61.4,20170922,0.0,2017-09-22,0.9,0.0,11.0,9.2,2017,26.2,18.3,22
265,0.0,232,9,71.8,20170923,0.0,2017-09-23,0.7,0.0,12.8,4.5,2017,24.9,18.2,23
266,0.0,232,9,70.8,20170924,0.0,2017-09-24,1.1,0.3,15.9,3.9,2017,26.7,21.0,24
267,0.0,232,9,65.4,20170925,0.0,2017-09-25,1.0,0.0,16.8,7.5,2017,28.2,21.2,25
268,0.0,232,9,62.5,20170926,0.0,2017-09-26,1.2,0.9,14.8,7.5,2017,28.3,21.2,26
269,0.0,232,9,74.3,20170927,0.0,2017-09-27,1.2,17.7,16.2,2.3,2017,24.3,19.2,27
270,0.0,232,9,50.8,20170928,0.0,2017-09-28,1.9,0.0,14.6,10.1,2017,23.6,18.9,28
271,0.0,232,9,50.4,20170929,0.0,2017-09-29,1.0,0.0,6.8,9.2,2017,20.9,13.4,29
272,0.0,232,9,68.3,20170930,0.0,2017-09-30,0.9,0.0,7.0,9.8,2017,24.9,15.5,30
273,0.0,232,10,89.6,20171001,0.0,2017-10-01,1.7,5.9,11.8,0.6,2017,18.6,15.3,1
274,0.0,232,10,87.1,20171002,0.0,2017-10-02,1.6,3.0,14.9,5.2,2017,25.3,19.0,2
275,0.0,232,10,73.4,20171003,0.0,2017-10-03,1.2,0.0,11.4,5.0,2017,20.9,16.2,3
276,0.0,232,10,74.3,20171004,0.0,2017-10-04,1.0,0.0,9.3,7.9,2017,22.8,15.8,4
277,0.0,232,10,73.9,20171005,0.0,2017-10-05,1.9,0.0,10.8,4.1,2017,20.7,16.5,5
278,0.0,232,10,89.1,20171006,0.0,2017-10-06,1.3,0.7,10.6,0.3,2017,18.5,15.5,6
279,0.0,232,10,86.3,20171007,0.0,2017-10-07,0.8,0.0,15.6,5.8,2017,24.4,18.8,7
280,0.0,232,10,82.8,20171008,0.0,2017-10-08,0.9,0.0,15.6,8.0,2017,26.3,19.7,8
281,0.0,232,10,82.0,20171009,0.0,2017-10-09,0.9,0.0,15.2,9.6,2017,26.6,20.3,9
282,0.0,232,10,88.4,20171010,0.0,2017-10-10,0.7,0.0,15.3,2.4,2017,25.3,19.7,10
283,0.0,232,10,89.4,20171011,0.0,2017-10-11,1.3,3.8,12.3,0.1,2017,20.5,15.7,11
284,0.0,232,10,91.1,20171012,0.0,2017-10-12,0.8,0.7,6.8,0.0,2017,12.9,11.0,12
285,0.0,232,10,79.4,20171013,0.0,2017-10-13,0.9,0.0,3.2,6.3,2017,16.8,9.6,13
286,0.0,232,10,66.8,20171014,0.0,2017-10-14,1.2,0.0,4.5,8.3,2017,18.6,11.5,14
287,0.0,232,10,76.0,20171015,0.0,2017-10-15,1.3,0.0,6.0,6.5,2017,19.9,12.7,15
288,0.0,232,10,74.6,20171016,0.0,2017-10-16,1.0,0.0,8.9,4.5,2017,20.2,14.0,16
289,0.0,232,10,76.6,20171017,0.0,2017-10-17,0.7,0.0,5.6,9.7,2017,21.9,12.8,17
290,0.0,232,10,70.0,20171018,0.0,2017-10-18,2.1,0.0,9.1,0.0,2017,18.0,14.6,18
291,0.0,232,10,78.0,20171019,0.0,2017-10-19,1.1,0.0,7.2,8.2,2017,20.1,13.0,19
292,0.0,232,10,75.5,20171020,0.0,2017-10-20,0.9,0.0,6.8,9.4,2017,22.0,13.4,20
293,0.0,232,10,74.5,20171021,0.0,2017-10-21,1.1,0.0,5.9,9.1,2017,22.3,13.1,21
294,0.0,232,10,65.3,20171022,0.0,2017-10-22,2.4,0.0,4.5,8.7,2017,22.2,13.6,22
295,0.0,232,10,67.0,20171023,0.0,2017-10-23,1.1,0.0,4.7,9.3,2017,17.9,10.8,23
296,0.0,232,10,76.4,20171024,0.0,2017-10-24,0.7,0.0,4.0,7.7,2017,17.8,10.1,24
297,0.0,232,10,80.3,20171025,0.0,2017-10-25,0.8,0.0,3.4,7.9,2017,18.9,10.2,25
298,0.0,232,10,75.8,20171026,0.0,2017-10-26,0.7,0.0,4.9,6.1,2017,18.8,11.6,26
299,0.0,232,10,71.3,20171027,0.0,2017-10-27,0.8,0.0,7.8,6.8,2017,21.6,13.2,27
300,0.0,232,10,75.0,20171028,0.0,2017-10-28,1.0,0.0,5.6,8.9,2017,22.8,13.2,28
301,0.0,232,10,65.6,20171029,0.0,2017-10-29,2.1,0.0,5.5,8.7,2017,17.1,9.8,29
302,0.0,232,10,49.9,20171030,0.0,2017-10-30,1.3,0.0,-1.2,9.3,2017,11.9,5.3,30
303,0.0,232,10,73.4,20171031,0.0,2017-10-31,0.8,0.0,-3.2,9.2,2017,16.2,6.1,31
304,0.0,232,11,77.5,20171101,0.0,2017-11-01,1.0,0.0,4.7,4.5,2017,17.8,11.6,1
305,0.0,232,11,84.5,20171102,0.0,2017-11-02,0.7,0.0,9.3,2.2,2017,18.2,13.0,2
306,0.0,232,11,76.4,20171103,0.0,2017-11-03,1.6,0.0,6.9,4.0,2017,15.7,10.2,3
307,0.0,232,11,63.8,20171104,0.0,2017-11-04,1.4,0.0,1.1,7.6,2017,12.7,6.4,4
308,0.0,232,11,75.6,20171105,0.0,2017-11-05,0.8,0.0,-2.2,8.6,2017,14.0,5.2,5
309,0.0,232,11,78.3,20171106,0.0,2017-11-06,0.7,0.0,-0.6,7.2,2017,16.2,6.5,6
310,0.0,232,11,75.5,20171107,0.0,2017-11-07,0.8,0.0,3.5,7.4,2017,19.3,11.7,7
311,0.0,232,11,62.3,20171108,0.0,2017-11-08,2.0,0.0,4.7,7.4,2017,17.8,12.7,8
312,0.0,232,11,63.1,20171109,0.0,2017-11-09,0.8,0.0,-1.2,8.5,2017,16.2,6.3,9
313,0.0,232,11,70.0,20171110,0.0,2017-11-10,2.1,5.3,0.6,3.4,2017,17.5,8.4,10
314,0.0,232,11,54.6,20171111,0.0,2017-11-11,1.8,0.0,-1.7,8.9,2017,9.7,4.8,11
315,0.0,232,11,71.8,20171112,0.0,2017-11-12,0.8,0.0,-3.9,8.4,2017,11.6,2.7,12
316,0.0,232,11,70.6,20171113,0.0,2017-11-13,0.7,0.0,-2.2,2.4,2017,12.2,5.8,13
317,0.0,232,11,56.6,20171114,0.0,2017-11-14,1.8,1.1,2.0,8.5,2017,12.1,7.3,14
318,0.0,232,11,55.1,20171115,0.0,2017-11-15,2.0,0.0,-0.2,7.4,2017,8.5,4.2,15
319,0.0,232,11,55.8,20171116,0.0,2017-11-16,1.1,0.0,-5.0,8.7,2017,6.7,0.8,16
320,0.0,232,11,57.4,20171117,0.0,2017-11-17,1.3,0.1,-5.3,2.7,2017,8.1,2.9,17
321,0.0,232,11,44.8,20171118,0.0,2017-11-18,3.0,0.0,-2.9,8.5,2017,4.7,-0.6,18
322,0.0,232,11,45.8,20171119,0.0,2017-11-19,1.4,0.0,-6.8,7.8,2017,3.5,-1.1,19
323,0.0,232,11,60.4,20171120,0.0,2017-11-20,1.2,0.0,-3.9,6.5,2017,8.1,2.3,20
324,0.0,232,11,71.3,20171121,0.0,2017-11-21,0.8,0.0,-6.0,7.4,2017,7.9,-0.1,21
325,0.0,232,11,61.8,20171122,0.0,2017-11-22,1.9,0.0,-3.6,3.1,2017,10.4,3.7,22
326,0.0,232,11,71.3,20171123,0.0,2017-11-23,1.3,0.2,-5.3,5.7,2017,4.8,-0.1,23
327,0.0,232,11,87.5,20171124,0.0,2017-11-24,1.0,6.2,-5.0,2.8,2017,2.7,-0.9,24
328,0.0,232,11,75.5,20171125,0.0,2017-11-25,2.0,1.2,-7.1,6.8,2017,10.1,3.6,25
329,0.0,232,11,78.3,20171126,0.0,2017-11-26,1.5,9.3,-2.5,6.7,2017,10.3,5.0,26
330,0.0,232,11,76.8,20171127,0.0,2017-11-27,0.6,0.0,-5.6,8.4,2017,9.7,0.8,27
331,0.0,232,11,80.8,20171128,0.0,2017-11-28,0.9,0.0,-2.0,6.0,2017,11.8,3.9,28
332,0.0,232,11,52.1,20171129,0.0,2017-11-29,1.9,0.0,0.6,6.8,2017,8.9,5.0,29
333,0.0,232,11,32.9,20171130,0.0,2017-11-30,2.2,0.0,-3.1,7.9,2017,2.7,-0.8,30
334,0.0,232,12,45.5,20171201,0.0,2017-12-01,1.4,0.0,-9.2,8.2,2017,14.6,-1.6,1
335,0.0,232,12,68.3,20171202,0.0,2017-12-02,0.8,0.0,-6.8,7.8,2017,7.3,-0.3,2
336,0.0,232,12,90.1,20171203,0.0,2017-12-03,0.8,0.8,-3.9,2.5,2017,7.1,2.0,3
337,0.0,232,12,62.6,20171204,0.0,2017-12-04,2.4,0.0,-3.6,7.8,2017,4.1,0.5,4
338,0.0,232,12,49.6,20171205,0.0,2017-12-05,1.6,0.0,-7.2,8.0,2017,0.0,-4.3,5
339,0.0,232,12,88.1,20171206,0.0,2017-12-06,1.2,2.6,-6.4,4.1,2017,3.9,-0.9,6
340,0.0,232,12,68.9,20171207,0.0,2017-12-07,1.6,0.8,-1.9,3.6,2017,6.1,1.9,7
341,0.0,232,12,53.3,20171208,0.0,2017-12-08,1.9,0.0,-4.8,8.5,2017,0.5,-2.8,8
342,0.0,232,12,60.0,20171209,0.0,2017-12-09,1.1,0.0,-3.3,4.5,2017,5.2,0.3,9
343,0.0,232,12,74.8,20171210,0.0,2017-12-10,1.9,1.0,-1.7,2.0,2017,8.3,2.5,10
344,0.0,232,12,58.3,20171211,0.0,2017-12-11,2.8,0.0,-9.1,1.3,2017,0.1,-5.1,11
345,0.0,232,12,49.5,20171212,0.0,2017-12-12,1.9,0.0,-13.8,8.5,2017,-3.4,-8.0,12
346,0.0,232,12,54.3,20171213,0.0,2017-12-13,1.5,0.0,-12.3,8.2,2017,-1.7,-8.0,13
347,0.0,232,12,61.9,20171214,0.0,2017-12-14,0.7,0.0,-15.1,5.5,2017,-0.3,-7.3,14
348,0.0,232,12,59.1,20171215,0.0,2017-12-15,0.6,0.0,-11.0,3.7,2017,2.4,-3.2,15
349,0.0,232,12,47.3,20171216,0.0,2017-12-16,2.4,0.0,-6.8,7.7,2017,1.9,-3.5,16
350,0.0,232,12,55.1,20171217,0.0,2017-12-17,1.5,0.0,-11.5,8.7,2017,-1.3,-6.5,17
351,0.0,232,12,66.9,20171218,0.0,2017-12-18,1.9,0.2,-9.3,6.5,2017,6.9,-0.1,18
352,0.0,232,12,57.0,20171219,0.0,2017-12-19,1.7,0.0,-9.4,7.6,2017,2.2,-3.7,19
353,0.0,232,12,78.3,20171220,0.0,2017-12-20,1.1,0.3,-12.1,5.3,2017,3.5,-3.2,20
354,0.0,232,12,73.6,20171221,0.0,2017-12-21,1.0,0.0,-6.3,8.6,2017,4.2,-1.7,21
355,0.0,232,12,77.4,20171222,0.0,2017-12-22,0.9,0.0,-6.8,5.6,2017,8.1,-0.1,22
356,0.0,232,12,83.3,20171223,0.0,2017-12-23,0.8,0.0,-1.3,6.1,2017,10.4,3.1,23
357,0.0,232,12,86.1,20171224,0.0,2017-12-24,1.7,10.7,0.1,0.0,2017,6.0,2.8,24
358,0.0,232,12,55.1,20171225,0.0,2017-12-25,2.3,0.0,-4.1,8.2,2017,1.5,-1.6,25
359,0.0,232,12,59.8,20171226,0.0,2017-12-26,2.0,0.0,-6.5,7.8,2017,1.4,-2.7,26
360,0.0,232,12,49.6,20171227,0.0,2017-12-27,1.3,0.0,-13.0,8.7,2017,-1.4,-6.9,27
361,0.0,232,12,60.3,20171228,0.0,2017-12-28,0.8,0.0,-9.3,6.0,2017,2.9,-2.5,28
362,0.0,232,12,70.5,20171229,0.0,2017-12-29,0.8,0.0,-1.2,0.9,2017,6.9,2.4,29
363,0.0,232,12,80.6,20171230,0.0,2017-12-30,0.9,1.7,-1.9,3.2,2017,6.5,2.4,30
364,0.0,232,12,65.9,20171231,0.0,2017-12-31,1.9,0.7,-4.3,8.0,2017,4.3,0.6,31
