,cloud,tavg,tmax,wind,month,year,day,station_id,Date,tmin,rainfall,humid,snow,date,sunshine
0,6.5,-2.4,1.2,1.1,1,2020,1,232,2020-01-01,-9.2,0.0,80.6,0.0,20200101,0.0
1,0.0,0.4,2.6,0.5,1,2020,2,232,2020-01-02,-1.3,0.0,87.5,0.0,20200102,0.0
2,4.8,0.0,5.4,0.7,1,2020,3,232,2020-01-03,-3.9,0.0,81.4,0.0,20200103,5.2
3,1.9,-0.7,7.5,0.7,1,2020,4,232,2020-01-04,-6.4,0.0,80.4,0.0,20200104,5.7
4,3.5,-0.7,7.0,0.6,1,2020,5,232,2020-01-05,-7.2,0.0,72.6,0.0,20200105,7.3
5,9.8,2.6,5.2,1.5,1,2020,6,232,2020-01-06,-2.4,5.7,87.8,0.0,20200106,0.0
6,10.0,8.3,13.7,1.7,1,2020,7,232,2020-01-07,5.2,44.0,99.1,0.0,20200107,0.0
7,8.0,3.7,11.5,3.6,1,2020,8,232,2020-01-08,1.4,7.8,93.4,0.0,20200108,0.0
8,3.0,-0.1,3.5,1.5,1,2020,9,232,2020-01-09,-4.0,0.0,77.0,0.0,20200109,5.6
9,3.8,-1.3,5.3,0.8,1,2020,10,232,2020-01-10,-5.8,0.0,80.0,0.0,20200110,8.6
10,3.9,-0.4,5.5,0.9,1,2020,11,232,2020-01-11,-5.6,0.0,78.0,0.0,20200111,8.4
11,5.5,0.4,3.7,1.5,1,2020,12,232,2020-01-12,-2.9,0.0,73.6,0.0,20200112,3.9
12,4.4,-1.2,2.0,1.7,1,2020,13,232,2020-01-13,-5.2,0.0,67.9,0.0,20200113,7.8
13,4.5,-1.9,3.7,1.0,1,2020,14,232,2020-01-14,-6.3,0.0,69.6,0.0,20200114,6.2
14,1.3,-2.9,2.5,1.0,1,2020,15,232,2020-01-15,-7.5,0.0,73.5,0.0,20200115,9.1
15,7.5,-2.3,3.9,0.9,1,2020,16,232,2020-01-16,-7.5,0.0,66.1,0.0,20200116,7.7
16,4.8,-1.9,4.5,0.7,1,2020,17,232,2020-01-17,-7.0,0.0,69.5,0.0,20200117,6.8
17,2.4,-1.2,6.2,1.0,1,2020,18,232,2020-01-18,-7.4,0.0,64.9,0.0,20200118,9.1
18,5.1,1.2,7.7,1.2,1,2020,19,232,2020-01-19,-4.9,0.0,74.6,0.0,20200119,2.4
19,4.3,1.5,6.5,1.7,1,2020,20,232,2020-01-20,-1.9,0.3,67.6,0.0,20200120,3.9
20,2.9,-1.2,5.5,0.9,1,2020,21,232,2020-01-21,-7.6,0.0,53.3,0.0,20200121,9.3
21,9.5,1.2,4.4,0.7,1,2020,22,232,2020-01-22,-2.5,0.0,64.4,0.0,20200122,0.0
22,5.9,4.3,11.5,1.3,1,2020,23,232,2020-01-23,-2.1,0.0,66.3,0.0,20200123,8.4
23,5.4,2.2,9.3,0.8,1,2020,24,232,2020-01-24,-3.2,0.0,79.6,0.0,20200124,8.4
24,7.5,2.7,9.8,0.3,1,2020,25,232,2020-01-25,-2.7,0.0,85.6,0.0,20200125,1.9
25,8.8,5.2,11.4,1.9,1,2020,26,232,2020-01-26,-1.8,0.0,70.9,0.0,20200126,4.8
26,9.9,5.7,8.0,3.5,1,2020,27,232,2020-01-27,2.6,1.9,69.4,0.0,20200127,0.0
27,8.5,6.1,10.6,1.1,1,2020,28,232,2020-01-28,2.1,0.0,74.4,0.0,20200128,2.0
28,6.8,5.8,10.1,1.4,1,2020,29,232,2020-01-29,1.7,0.0,66.0,0.0,20200129,4.7
29,4.9,4.0,10.4,0.8,1,2020,30,232,2020-01-30,-1.3,0.0,67.6,0.0,20200130,4.7
30,3.3,2.5,8.2,1.1,1,2020,31,232,2020-01-31,-2.0,0.0,75.8,0.0,20200131,4.5
31,4.8,0.5,7.0,0.6,2,2020,1,232,2020-02-01,-4.3,0.0,85.6,0.0,20200201,0.8
32,2.3,0.4,6.7,0.8,2,2020,2,232,2020-02-02,-4.9,0.0,73.3,0.0,20200202,6.8
33,2.6,0.1,4.3,1.7,2,2020,3,232,2020-02-03,-4.0,0.0,61.8,0.0,20200203,9.4
34,2.6,-1.0,5.5,1.4,2,2020,4,232,2020-02-04,-8.5,0.6,69.5,0.0,20200204,9.4
35,0.0,-6.1,-0.9,2.3,2,2020,5,232,2020-02-05,-8.7,0.0,48.1,0.0,20200205,9.8
36,2.9,-6.6,0.1,0.9,2,2020,6,232,2020-02-06,-12.8,0.0,53.9,0.0,20200206,9.1
37,6.4,-2.7,2.5,1.0,2,2020,7,232,2020-02-07,-10.1,0.0,66.9,0.0,20200207,4.3
38,2.3,0.2,4.2,1.8,2,2020,8,232,2020-02-08,-4.5,0.0,61.9,0.0,20200208,9.2
39,2.0,-2.0,4.7,1.0,2,2020,9,232,2020-02-09,-9.2,0.0,67.0,0.0,20200209,9.7
40,1.5,2.8,10.6,1.1,2,2020,10,232,2020-02-10,-2.3,0.0,63.5,0.0,20200210,8.7
41,3.6,4.6,14.7,0.8,2,2020,11,232,2020-02-11,-5.3,0.0,56.5,0.0,20200211,8.8
42,7.8,6.6,9.0,1.2,2,2020,12,232,2020-02-12,3.5,7.9,94.9,0.0,20200212,0.0
43,7.6,6.8,12.0,1.2,2,2020,13,232,2020-02-13,1.4,0.1,91.5,0.0,20200213,1.7
44,5.8,5.4,13.7,0.6,2,2020,14,232,2020-02-14,1.1,0.0,89.3,0.0,20200214,4.7
45,6.6,8.0,16.0,1.4,2,2020,15,232,2020-02-15,-0.9,0.5,78.9,0.0,20200215,4.1
46,9.0,-0.2,6.5,3.7,2,2020,16,232,2020-02-16,-3.3,7.5,88.8,0.0,20200216,1.0
47,8.6,-5.0,-2.4,1.9,2,2020,17,232,2020-02-17,-7.8,1.2,83.5,0.0,20200217,0.7
48,1.4,-4.9,2.1,1.1,2,2020,18,232,2020-02-18,-13.2,0.0,71.0,0.0,20200218,9.9
49,7.8,-0.3,7.3,0.7,2,2020,19,232,2020-02-19,-7.6,0.0,78.5,0.0,20200219,6.0
50,3.0,3.3,11.8,0.7,2,2020,20,232,2020-02-20,-3.0,0.0,76.9,0.0,20200220,9.4
51,8.8,5.9,13.1,1.2,2,2020,21,232,2020-02-21,-1.9,0.8,78.5,0.0,20200221,3.1
52,5.9,5.3,9.5,3.7,2,2020,22,232,2020-02-22,1.4,3.6,64.5,0.0,20200222,5.6
53,0.0,2.2,8.5,1.2,2,2020,23,232,2020-02-23,-4.4,0.0,61.0,0.0,20200223,10.4
54,4.5,5.4,14.4,0.7,2,2020,24,232,2020-02-24,-4.0,0.0,62.9,0.0,20200224,9.2
55,8.8,6.6,8.2,2.9,2,2020,25,232,2020-02-25,5.2,35.5,89.9,0.0,20200225,0.0
56,2.6,6.1,12.0,1.5,2,2020,26,232,2020-02-26,1.5,0.0,78.8,0.0,20200226,5.8
57,3.3,4.4,10.7,0.7,2,2020,27,232,2020-02-27,0.1,0.0,76.8,0.0,20200227,6.2
58,8.5,3.8,5.4,1.0,2,2020,28,232,2020-02-28,-0.3,5.4,93.1,0.0,20200228,0.0
59,4.0,6.9,13.0,0.7,2,2020,29,232,2020-02-29,2.6,0.0,84.8,0.0,20200229,4.2
60,8.0,5.5,11.5,1.6,3,2020,1,232,2020-03-01,0.2,0.0,82.9,0.0,20200301,1.3
61,3.1,3.9,7.5,2.2,3,2020,2,232,2020-03-02,0.9,0.0,62.8,0.0,20200302,10.3
62,8.0,4.8,12.9,1.4,3,2020,3,232,2020-03-03,-2.0,0.0,72.6,0.0,20200303,3.5
63,7.1,2.6,7.1,2.7,3,2020,4,232,2020-03-04,0.2,0.0,66.8,0.0,20200304,4.5
64,0.0,1.1,7.2,1.8,3,2020,5,232,2020-03-05,-3.7,0.0,55.1,0.0,20200305,10.8
65,3.3,2.3,11.1,0.8,3,2020,6,232,2020-03-06,-6.4,0.0,57.4,0.0,20200306,10.8
66,6.3,4.1,10.2,0.8,3,2020,7,232,2020-03-07,-2.2,0.0,69.5,0.0,20200307,0.4
67,0.8,6.8,17.3,0.9,3,2020,8,232,2020-03-08,-2.7,0.0,63.9,0.0,20200308,10.7
68,8.5,8.7,16.6,0.9,3,2020,9,232,2020-03-09,-0.7,1.1,66.0,0.0,20200309,4.5
69,7.4,6.4,8.0,2.1,3,2020,10,232,2020-03-10,2.5,7.6,87.1,0.0,20200310,0.0
70,0.0,3.4,8.0,2.2,3,2020,11,232,2020-03-11,-1.3,0.0,55.6,0.0,20200311,11.2
71,0.4,5.0,15.4,1.3,3,2020,12,232,2020-03-12,-4.4,0.0,55.9,0.0,20200312,10.9
72,6.3,5.0,10.5,1.9,3,2020,13,232,2020-03-13,0.6,0.0,51.9,0.0,20200313,6.0
73,3.1,4.3,10.7,2.3,3,2020,14,232,2020-03-14,-4.0,0.0,51.6,0.0,20200314,10.6
74,4.4,3.5,10.4,2.6,3,2020,15,232,2020-03-15,-1.9,0.0,59.0,0.0,20200315,6.0
75,0.0,3.2,10.7,1.4,3,2020,16,232,2020-03-16,-3.3,0.0,51.3,0.0,20200316,11.3
76,5.0,4.2,12.7,1.2,3,2020,17,232,2020-03-17,-3.1,0.0,78.9,0.0,20200317,2.4
77,1.8,8.2,18.4,1.0,3,2020,18,232,2020-03-18,-1.8,0.0,60.3,0.0,20200318,8.5
78,3.4,10.0,14.0,4.3,3,2020,19,232,2020-03-19,6.1,0.0,51.8,0.0,20200319,5.6
79,0.4,7.9,15.9,1.8,3,2020,20,232,2020-03-20,-0.4,0.0,48.1,0.0,20200320,11.1
80,5.1,11.9,22.2,1.6,3,2020,21,232,2020-03-21,0.7,0.0,62.6,0.0,20200321,6.9
81,2.0,11.3,17.6,2.2,3,2020,22,232,2020-03-22,6.8,0.0,56.5,0.0,20200322,10.4
82,0.0,9.2,17.6,1.6,3,2020,23,232,2020-03-23,-0.4,0.0,53.6,0.0,20200323,9.3
83,0.0,9.3,18.2,1.1,3,2020,24,232,2020-03-24,0.4,0.0,54.1,0.0,20200324,11.2
84,2.5,11.0,20.8,0.9,3,2020,25,232,2020-03-25,0.2,0.0,52.9,0.0,20200325,10.4
85,9.3,13.3,19.8,1.4,3,2020,26,232,2020-03-26,4.8,0.1,69.9,0.0,20200326,1.3
86,6.8,10.5,14.2,1.7,3,2020,27,232,2020-03-27,4.7,12.9,78.3,0.0,20200327,4.8
87,7.6,6.8,11.9,1.5,3,2020,28,232,2020-03-28,2.3,0.0,41.4,0.0,20200328,4.9
88,3.8,6.9,15.7,1.1,3,2020,29,232,2020-03-29,-2.6,0.0,57.6,0.0,20200329,10.3
89,2.3,9.6,17.3,1.1,3,2020,30,232,2020-03-30,2.0,0.0,49.9,0.0,20200330,11.5
90,4.1,10.0,19.1,1.2,3,2020,31,232,2020-03-31,0.0,0.0,46.3,0.0,20200331,10.4
91,4.6,10.1,17.2,2.0,4,2020,1,232,2020-04-01,4.2,0.0,49.1,0.0,20200401,7.4
92,2.0,8.2,16.5,1.4,4,2020,2,232,2020-04-02,-0.6,0.0,51.4,0.0,20200402,11.1
93,0.4,8.4,16.5,1.6,4,2020,3,232,2020-04-03,-0.7,0.0,48.5,0.0,20200403,11.7
94,1.3,7.1,14.0,2.1,4,2020,4,232,2020-04-04,-0.5,0.0,49.4,0.0,20200404,10.5
95,0.0,6.0,13.2,1.8,4,2020,5,232,2020-04-05,-1.0,0.0,41.0,0.0,20200405,12.1
96,3.3,7.8,16.6,1.4,4,2020,6,232,2020-04-06,-2.5,0.0,49.9,0.0,20200406,10.6
97,1.9,10.5,18.8,1.6,4,2020,7,232,2020-04-07,1.2,0.0,53.5,0.0,20200407,10.0
98,0.0,8.6,14.2,2.1,4,2020,8,232,2020-04-08,0.9,0.0,42.0,0.0,20200408,12.1
99,2.4,8.2,14.5,1.8,4,2020,9,232,2020-04-09,0.5,0.0,55.0,0.0,20200409,11.7
100,5.5,9.5,17.1,1.4,4,2020,10,232,2020-04-10,1.5,0.0,59.0,0.0,20200410,9.1
101,6.0,7.4,14.3,1.0,4,2020,11,232,2020-04-11,0.8,0.0,67.1,0.0,20200411,3.9
102,2.4,8.3,15.7,2.4,4,2020,12,232,2020-04-12,-0.6,0.4,64.6,0.0,20200412,8.3
103,2.1,10.6,17.5,2.3,4,2020,13,232,2020-04-13,5.0,0.0,41.8,0.0,20200413,10.5
104,1.5,11.0,20.7,1.3,4,2020,14,232,2020-04-14,0.7,0.0,44.9,0.0,20200414,12.2
105,6.3,11.3,19.9,1.0,4,2020,15,232,2020-04-15,1.1,0.0,42.6,0.0,20200415,11.1
106,3.9,14.6,22.6,1.8,4,2020,16,232,2020-04-16,2.8,0.0,44.5,0.0,20200416,10.9
107,7.0,13.2,18.5,2.5,4,2020,17,232,2020-04-17,9.3,2.4,73.1,0.0,20200417,2.3
108,4.0,13.2,19.4,1.9,4,2020,18,232,2020-04-18,8.9,0.0,69.3,0.0,20200418,7.4
109,9.4,10.8,14.4,2.3,4,2020,19,232,2020-04-19,7.6,12.0,83.5,0.0,20200419,0.5
110,6.3,10.4,15.6,2.1,4,2020,20,232,2020-04-20,6.7,0.0,80.4,0.0,20200420,1.4
111,6.6,7.2,12.2,3.4,4,2020,21,232,2020-04-21,2.1,0.0,54.3,0.0,20200421,10.4
112,4.5,6.4,10.1,3.3,4,2020,22,232,2020-04-22,3.8,0.1,48.4,0.0,20200422,6.5
113,1.5,7.3,14.0,2.5,4,2020,23,232,2020-04-23,-0.9,0.0,51.1,0.0,20200423,10.3
114,0.0,9.3,15.9,2.7,4,2020,24,232,2020-04-24,-0.8,0.0,52.0,0.0,20200424,12.4
115,1.6,14.4,21.4,3.4,4,2020,25,232,2020-04-25,8.2,0.0,46.4,0.0,20200425,11.0
116,1.6,11.4,18.5,1.8,4,2020,26,232,2020-04-26,2.7,0.0,49.8,0.0,20200426,12.2
117,2.3,11.1,18.2,1.8,4,2020,27,232,2020-04-27,2.8,0.2,51.4,0.0,20200427,11.2
118,0.0,12.5,21.6,1.5,4,2020,28,232,2020-04-28,2.3,0.0,52.4,0.0,20200428,12.5
119,0.0,13.6,23.3,1.1,4,2020,29,232,2020-04-29,4.9,0.0,58.5,0.0,20200429,12.3
120,1.5,16.2,25.7,1.4,4,2020,30,232,2020-04-30,3.6,0.0,62.0,0.0,20200430,12.1
121,3.8,21.7,29.1,1.9,5,2020,1,232,2020-05-01,14.8,0.0,68.0,0.0,20200501,8.7
122,8.5,21.3,26.8,1.1,5,2020,2,232,2020-05-02,18.0,0.0,74.5,0.0,20200502,3.0
123,7.8,18.2,22.5,1.8,5,2020,3,232,2020-05-03,14.9,0.5,85.4,0.0,20200503,1.5
124,5.6,19.3,26.1,1.5,5,2020,4,232,2020-05-04,12.3,0.0,73.6,0.0,20200504,8.6
125,7.1,13.8,20.5,0.7,5,2020,5,232,2020-05-05,9.8,5.0,91.9,0.0,20200505,1.3
126,2.8,16.9,26.8,1.1,5,2020,6,232,2020-05-06,9.5,0.0,71.8,0.0,20200506,9.0
127,3.5,18.5,24.9,2.4,5,2020,7,232,2020-05-07,9.5,0.0,39.9,0.0,20200507,11.2
128,7.5,17.3,24.0,1.6,5,2020,8,232,2020-05-08,10.9,4.8,48.6,0.0,20200508,8.4
129,8.9,15.5,17.6,2.5,5,2020,9,232,2020-05-09,13.1,12.8,96.3,0.0,20200509,0.0
130,6.0,14.3,18.9,1.4,5,2020,10,232,2020-05-10,10.6,0.8,92.3,0.0,20200510,0.8
131,6.4,16.7,24.1,1.4,5,2020,11,232,2020-05-11,9.4,0.1,66.3,0.0,20200511,8.9
132,2.0,15.1,20.4,2.5,5,2020,12,232,2020-05-12,9.8,0.0,67.1,0.0,20200512,10.8
133,0.6,14.8,22.7,1.9,5,2020,13,232,2020-05-13,6.7,0.0,56.0,0.0,20200513,12.9
134,8.6,18.0,26.6,0.8,5,2020,14,232,2020-05-14,8.5,0.0,52.3,0.0,20200514,7.6
135,9.0,15.6,18.0,1.9,5,2020,15,232,2020-05-15,14.4,11.8,91.3,0.0,20200515,0.0
136,8.1,16.9,19.9,0.9,5,2020,16,232,2020-05-16,15.1,0.1,95.0,0.0,20200516,0.1
137,6.1,20.3,26.4,1.1,5,2020,17,232,2020-05-17,15.3,0.0,78.3,0.0,20200517,8.2
138,8.3,18.9,26.0,2.5,5,2020,18,232,2020-05-18,13.6,37.5,84.0,0.0,20200518,4.7
139,7.8,13.2,18.0,1.5,5,2020,19,232,2020-05-19,10.8,4.1,82.8,0.0,20200519,2.1
140,4.0,13.5,19.7,1.2,5,2020,20,232,2020-05-20,7.3,0.0,71.3,0.0,20200520,8.7
141,4.0,15.9,22.0,0.7,5,2020,21,232,2020-05-21,7.7,0.0,72.9,0.0,20200521,9.4
142,7.6,18.3,23.1,1.5,5,2020,22,232,2020-05-22,12.9,0.0,74.8,0.0,20200522,4.3
143,4.9,19.5,25.6,1.2,5,2020,23,232,2020-05-23,13.9,0.0,73.5,0.0,20200523,11.8
144,6.4,18.4,22.7,1.6,5,2020,24,232,2020-05-24,14.8,8.9,83.6,0.0,20200524,6.4
145,7.9,16.3,20.4,0.8,5,2020,25,232,2020-05-25,13.6,0.0,84.8,0.0,20200525,1.3
146,7.4,17.1,24.4,1.2,5,2020,26,232,2020-05-26,12.0,0.0,75.9,0.0,20200526,7.0
147,5.3,17.3,23.9,1.3,5,2020,27,232,2020-05-27,11.9,0.0,68.9,0.0,20200527,11.7
148,3.8,17.3,24.5,1.0,5,2020,28,232,2020-05-28,10.0,0.0,73.8,0.0,20200528,9.7
149,3.5,19.1,26.6,0.8,5,2020,29,232,2020-05-29,11.4,0.0,72.0,0.0,20200529,10.8
150,3.0,21.1,28.3,0.8,5,2020,30,232,2020-05-30,12.6,0.0,63.6,0.0,20200530,12.2
151,6.5,20.1,26.6,1.0,5,2020,31,232,2020-05-31,12.9,0.0,70.3,0.0,20200531,6.3
152,5.0,19.6,25.4,2.2,6,2020,1,232,2020-06-01,13.5,0.7,64.0,0.0,20200601,11.3
153,9.3,17.9,23.0,0.8,6,2020,2,232,2020-06-02,11.5,0.0,66.9,0.0,20200602,1.1
154,6.0,21.7,27.9,0.9,6,2020,3,232,2020-06-03,17.4,0.0,78.6,0.0,20200603,7.7
155,4.6,23.9,29.9,1.3,6,2020,4,232,2020-06-04,18.5,0.0,76.3,0.0,20200604,8.9
156,6.5,23.5,28.8,1.2,6,2020,5,232,2020-06-05,19.2,0.0,67.3,0.0,20200605,9.3
157,4.0,23.4,30.2,1.1,6,2020,6,232,2020-06-06,15.4,0.0,66.0,0.0,20200606,10.4
158,4.4,22.6,28.1,1.0,6,2020,7,232,2020-06-07,18.9,0.0,76.0,0.0,20200607,6.0
159,0.1,23.8,31.1,1.2,6,2020,8,232,2020-06-08,16.6,0.0,71.0,0.0,20200608,12.3
160,3.0,24.8,32.7,1.0,6,2020,9,232,2020-06-09,16.6,0.0,61.3,0.0,20200609,12.3
161,7.4,24.4,32.4,0.9,6,2020,10,232,2020-06-10,17.0,45.7,70.5,0.0,20200610,8.7
162,4.8,24.5,30.2,1.1,6,2020,11,232,2020-06-11,20.7,1.9,79.3,0.0,20200611,6.8
163,9.5,22.8,26.6,0.4,6,2020,12,232,2020-06-12,19.2,2.5,91.4,0.0,20200612,0.2
164,7.5,24.7,30.7,1.2,6,2020,13,232,2020-06-13,20.1,1.8,80.8,0.0,20200613,7.4
165,5.6,23.3,27.8,1.8,6,2020,14,232,2020-06-14,20.2,1.1,82.1,0.0,20200614,4.7
166,4.9,21.5,28.0,1.3,6,2020,15,232,2020-06-15,15.2,0.0,71.6,0.0,20200615,11.6
167,6.5,22.5,29.0,0.8,6,2020,16,232,2020-06-16,15.5,0.0,72.5,0.0,20200616,8.3
168,9.3,22.1,26.5,1.0,6,2020,17,232,2020-06-17,18.3,0.0,76.3,0.0,20200617,4.2
169,9.3,20.1,23.5,0.9,6,2020,18,232,2020-06-18,17.1,0.0,79.9,0.0,20200618,0.0
170,5.9,22.5,28.1,0.9,6,2020,19,232,2020-06-19,17.1,0.0,74.0,0.0,20200619,6.9
171,2.9,22.7,29.5,1.0,6,2020,20,232,2020-06-20,16.7,0.0,79.3,0.0,20200620,10.7
172,2.5,24.3,31.2,1.0,6,2020,21,232,2020-06-21,18.5,0.0,71.4,0.0,20200621,11.3
173,0.8,25.6,32.9,0.9,6,2020,22,232,2020-06-22,17.5,0.0,66.5,0.0,20200622,12.9
174,9.0,24.4,30.0,0.7,6,2020,23,232,2020-06-23,17.7,0.0,75.0,0.0,20200623,4.7
175,9.5,21.7,24.4,2.0,6,2020,24,232,2020-06-24,20.2,3.8,88.4,0.0,20200624,0.0
176,9.1,21.5,24.2,1.2,6,2020,25,232,2020-06-25,20.3,2.5,91.4,0.0,20200625,0.1
177,7.8,22.1,26.3,1.8,6,2020,26,232,2020-06-26,19.1,0.0,81.0,0.0,20200626,5.0
178,7.9,22.9,28.3,0.8,6,2020,27,232,2020-06-27,18.2,0.0,78.8,0.0,20200627,3.6
179,3.1,22.6,28.7,1.2,6,2020,28,232,2020-06-28,17.1,0.0,77.8,0.0,20200628,9.5
180,8.3,21.2,26.1,2.5,6,2020,29,232,2020-06-29,16.5,37.5,87.9,0.0,20200629,0.4
181,0.0,19.8,20.8,1.8,6,2020,30,232,2020-06-30,18.0,24.4,95.4,0.0,20200630,0.0
182,8.0,19.9,24.2,0.8,7,2020,1,232,2020-07-01,16.7,3.0,91.9,0.0,20200701,1.2
183,7.0,22.4,28.1,0.7,7,2020,2,232,2020-07-02,16.9,0.0,82.4,0.0,20200702,6.6
184,9.3,21.5,25.3,1.8,7,2020,3,232,2020-07-03,18.5,0.0,79.9,0.0,20200703,1.0
185,6.6,21.5,26.8,0.9,7,2020,4,232,2020-07-04,17.6,0.0,79.8,0.0,20200704,5.4
186,6.4,21.9,26.5,0.6,7,2020,5,232,2020-07-05,17.6,0.0,83.9,0.0,20200705,5.2
187,6.7,23.8,28.8,0.9,7,2020,6,232,2020-07-06,18.2,0.0,80.1,0.0,20200706,5.9
188,5.1,23.7,27.1,1.1,7,2020,7,232,2020-07-07,20.4,0.0,79.4,0.0,20200707,3.6
189,6.1,23.4,29.6,1.0,7,2020,8,232,2020-07-08,18.1,0.0,80.4,0.0,20200708,8.2
190,4.3,25.4,30.6,1.7,7,2020,9,232,2020-07-09,19.0,0.0,73.0,0.0,20200709,10.6
191,8.6,24.7,28.6,2.0,7,2020,10,232,2020-07-10,22.1,1.7,83.1,0.0,20200710,6.4
192,0.0,25.0,28.8,1.2,7,2020,11,232,2020-07-11,20.8,0.0,76.5,0.0,20200711,5.1
193,0.0,21.7,24.1,2.2,7,2020,12,232,2020-07-12,18.8,10.2,88.5,0.0,20200712,0.0
194,10.0,18.7,20.2,3.5,7,2020,13,232,2020-07-13,17.7,71.1,97.1,0.0,20200713,0.0
195,0.0,19.5,21.7,2.3,7,2020,14,232,2020-07-14,17.6,8.8,93.4,0.0,20200714,0.0
196,5.8,21.0,26.1,1.0,7,2020,15,232,2020-07-15,18.1,1.4,87.4,0.0,20200715,6.0
197,5.0,22.3,28.1,0.7,7,2020,16,232,2020-07-16,17.6,0.0,83.5,0.0,20200716,5.3
198,4.1,23.8,29.6,0.8,7,2020,17,232,2020-07-17,18.7,0.0,79.6,0.0,20200717,9.4
199,6.1,23.6,28.4,1.0,7,2020,18,232,2020-07-18,19.6,0.0,76.1,0.0,20200718,5.9
200,9.4,24.6,27.9,2.5,7,2020,19,232,2020-07-19,20.1,11.6,82.9,0.0,20200719,0.2
201,9.4,23.8,27.2,1.8,7,2020,20,232,2020-07-20,21.5,6.5,92.5,0.0,20200720,0.1
202,6.5,24.3,29.1,0.6,7,2020,21,232,2020-07-21,20.8,0.0,80.3,0.0,20200721,9.0
203,10.0,22.3,24.0,0.4,7,2020,22,232,2020-07-22,21.3,40.1,98.9,0.0,20200722,0.0
204,9.5,21.3,22.5,3.0,7,2020,23,232,2020-07-23,20.2,56.7,97.1,0.0,20200723,0.0
205,8.6,21.4,24.3,2.4,7,2020,24,232,2020-07-24,19.1,15.2,90.8,0.0,20200724,0.2
206,8.1,22.5,26.9,0.7,7,2020,25,232,2020-07-25,20.0,0.8,92.3,0.0,20200725,0.4
207,8.0,23.1,26.7,0.6,7,2020,26,232,2020-07-26,20.1,0.2,90.9,0.0,20200726,2.1
208,10.0,23.6,26.7,1.1,7,2020,27,232,2020-07-27,21.4,1.3,92.1,0.0,20200727,0.2
209,9.8,23.5,25.9,1.1,7,2020,28,232,2020-07-28,21.6,4.5,94.1,0.0,20200728,0.0
210,9.6,23.9,25.1,1.2,7,2020,29,232,2020-07-29,22.9,71.3,99.3,0.0,20200729,0.0
211,7.9,24.5,27.3,0.7,7,2020,30,232,2020-07-30,23.0,52.0,97.5,0.0,20200730,0.2
212,8.4,25.5,29.3,0.6,7,2020,31,232,2020-07-31,22.8,0.0,92.3,0.0,20200731,2.9
213,8.9,25.3,29.6,1.0,8,2020,1,232,2020-08-01,22.9,17.4,92.5,0.0,20200801,2.2
214,9.0,25.7,29.0,1.2,8,2020,2,232,2020-08-02,22.8,6.7,92.6,0.0,20200802,0.5
215,9.0,24.4,26.5,1.3,8,2020,3,232,2020-08-03,22.5,182.9,96.3,0.0,20200803,0.0
216,8.5,26.2,30.8,1.0,8,2020,4,232,2020-08-04,22.2,1.3,90.6,0.0,20200804,2.6
217,8.7,25.8,27.6,1.4,8,2020,5,232,2020-08-05,24.0,15.8,95.1,0.0,20200805,1.2
218,9.6,24.4,27.6,2.1,8,2020,6,232,2020-08-06,21.6,19.1,96.1,0.0,20200806,0.5
219,7.9,22.1,23.7,0.6,8,2020,7,232,2020-08-07,20.5,5.9,98.3,0.0,20200807,0.0
220,9.3,23.5,25.8,1.2,8,2020,8,232,2020-08-08,21.8,27.2,99.0,0.0,20200808,0.0
221,9.0,25.1,27.7,1.4,8,2020,9,232,2020-08-09,23.7,39.0,94.5,0.0,20200809,0.0
222,8.6,25.6,29.2,1.1,8,2020,10,232,2020-08-10,23.0,13.5,95.1,0.0,20200810,1.2
223,8.8,24.1,25.8,0.8,8,2020,11,232,2020-08-11,22.8,30.7,98.6,0.0,20200811,0.0
224,8.4,25.5,29.1,0.6,8,2020,12,232,2020-08-12,22.6,24.5,97.3,0.0,20200812,0.6
225,6.3,27.6,31.8,1.3,8,2020,13,232,2020-08-13,23.7,0.0,88.5,0.0,20200813,4.5
226,0.0,28.0,31.8,1.9,8,2020,14,232,2020-08-14,25.7,0.0,84.5,0.0,20200814,3.8
227,7.3,27.8,31.0,1.1,8,2020,15,232,2020-08-15,25.1,0.0,87.1,0.0,20200815,2.1
228,5.8,26.8,31.8,1.1,8,2020,16,232,2020-08-16,23.2,0.0,86.1,0.0,20200816,6.6
229,5.4,26.5,32.0,0.5,8,2020,17,232,2020-08-17,22.0,0.0,86.1,0.0,20200817,6.6
230,2.4,26.3,31.7,0.8,8,2020,18,232,2020-08-18,22.4,0.0,87.3,0.0,20200818,8.7
231,2.1,26.3,32.5,0.9,8,2020,19,232,2020-08-19,21.3,0.0,83.4,0.0,20200819,10.4
232,2.4,26.6,32.0,0.7,8,2020,20,232,2020-08-20,21.9,0.0,82.4,0.0,20200820,9.2
233,5.3,26.6,32.3,0.7,8,2020,21,232,2020-08-21,21.2,0.0,85.0,0.0,20200821,8.6
234,8.8,24.8,28.5,1.0,8,2020,22,232,2020-08-22,22.6,6.6,93.1,0.0,20200822,0.4
235,4.9,24.9,30.3,0.7,8,2020,23,232,2020-08-23,20.8,0.0,85.0,0.0,20200823,7.6
236,4.4,26.2,31.8,0.8,8,2020,24,232,2020-08-24,20.8,0.0,82.9,0.0,20200824,10.9
237,4.8,27.8,34.1,1.0,8,2020,25,232,2020-08-25,22.4,0.0,81.8,0.0,20200825,10.2
238,7.4,27.7,32.6,3.4,8,2020,26,232,2020-08-26,24.1,2.1,82.4,0.0,20200826,5.5
239,8.3,27.5,31.5,3.0,8,2020,27,232,2020-08-27,24.6,19.1,84.9,0.0,20200827,3.9
240,8.5,27.0,32.5,0.9,8,2020,28,232,2020-08-28,24.1,44.8,88.6,0.0,20200828,4.4
241,7.3,26.0,30.9,0.9,8,2020,29,232,2020-08-29,23.6,25.1,94.6,0.0,20200829,1.4
242,6.3,27.1,31.3,0.5,8,2020,30,232,2020-08-30,24.4,0.0,87.3,0.0,20200830,4.2
243,6.4,26.3,29.8,2.1,8,2020,31,232,2020-08-31,23.8,0.0,81.0,0.0,20200831,2.0
244,6.8,25.6,30.3,1.4,9,2020,1,232,2020-09-01,21.3,0.3,80.1,0.0,20200901,4.8
245,10.0,23.9,24.8,1.5,9,2020,2,232,2020-09-02,23.0,31.7,97.1,0.0,20200902,0.0
246,6.5,22.8,26.0,3.6,9,2020,3,232,2020-09-03,20.4,56.6,84.8,0.0,20200903,4.9
247,3.4,22.7,27.8,1.2,9,2020,4,232,2020-09-04,18.4,0.0,76.6,0.0,20200904,9.2
248,9.0,20.6,24.9,0.9,9,2020,5,232,2020-09-05,17.2,0.0,86.0,0.0,20200905,0.1
249,10.0,20.3,24.9,1.8,9,2020,6,232,2020-09-06,18.0,10.9,89.4,0.0,20200906,0.3
250,7.5,18.8,21.9,3.3,9,2020,7,232,2020-09-07,16.7,42.1,94.6,0.0,20200907,0.0
251,4.1,22.4,26.6,2.0,9,2020,8,232,2020-09-08,18.4,0.0,79.8,0.0,20200908,8.8
252,7.7,20.7,25.7,1.0,9,2020,9,232,2020-09-09,17.3,3.2,87.5,0.0,20200909,3.6
253,5.4,20.9,26.9,0.5,9,2020,10,232,2020-09-10,16.1,0.0,85.8,0.0,20200910,6.8
254,9.1,20.7,25.2,1.4,9,2020,11,232,2020-09-11,17.7,4.9,85.6,0.0,20200911,0.5
255,7.4,18.7,20.2,0.8,9,2020,12,232,2020-09-12,17.2,12.5,96.3,0.0,20200912,0.0
256,3.4,20.0,25.4,0.8,9,2020,13,232,2020-09-13,16.0,0.0,82.3,0.0,20200913,9.2
257,4.4,20.0,25.7,0.8,9,2020,14,232,2020-09-14,14.6,0.0,85.8,0.0,20200914,8.9
258,6.1,21.2,27.3,0.7,9,2020,15,232,2020-09-15,16.7,0.0,85.1,0.0,20200915,6.4
259,7.6,20.3,23.5,0.6,9,2020,16,232,2020-09-16,19.2,4.8,96.6,0.0,20200916,0.3
260,9.9,20.2,23.4,0.4,9,2020,17,232,2020-09-17,16.8,0.0,91.5,0.0,20200917,0.0
261,5.3,18.7,24.4,1.6,9,2020,18,232,2020-09-18,13.8,0.0,79.5,0.0,20200918,7.2
262,3.0,17.0,24.4,0.8,9,2020,19,232,2020-09-19,12.4,0.2,86.9,0.0,20200919,6.7
263,0.3,16.4,24.2,0.9,9,2020,20,232,2020-09-20,10.9,0.0,79.1,0.0,20200920,9.6
264,4.8,16.1,23.3,0.5,9,2020,21,232,2020-09-21,9.8,0.0,79.8,0.0,20200921,9.6
265,5.4,17.5,23.6,1.5,9,2020,22,232,2020-09-22,12.2,0.0,77.9,0.0,20200922,7.4
266,8.9,18.0,23.3,1.9,9,2020,23,232,2020-09-23,12.8,0.0,69.8,0.0,20200923,3.8
267,5.9,19.5,25.3,2.5,9,2020,24,232,2020-09-24,14.5,0.0,67.0,0.0,20200924,8.0
268,5.5,19.0,25.3,1.6,9,2020,25,232,2020-09-25,12.6,0.0,75.0,0.0,20200925,5.6
269,3.4,17.5,23.6,1.4,9,2020,26,232,2020-09-26,12.4,0.0,77.5,0.0,20200926,8.5
270,0.5,17.4,24.2,0.9,9,2020,27,232,2020-09-27,11.4,0.0,79.1,0.0,20200927,10.7
271,1.0,17.0,25.0,0.6,9,2020,28,232,2020-09-28,10.9,0.0,81.3,0.0,20200928,10.7
272,5.9,16.7,24.1,0.6,9,2020,29,232,2020-09-29,10.6,0.0,81.6,0.0,20200929,5.8
273,5.0,18.0,24.3,0.5,9,2020,30,232,2020-09-30,11.8,0.0,83.3,0.0,20200930,7.8
274,5.3,18.2,24.2,1.0,10,2020,1,232,2020-10-01,13.0,0.0,83.1,0.0,20201001,6.4
275,7.1,18.8,24.2,1.0,10,2020,2,232,2020-10-02,14.2,0.8,82.5,0.0,20201002,4.2
276,9.5,18.1,21.3,0.2,10,2020,3,232,2020-10-03,16.2,18.1,96.3,0.0,20201003,1.2
277,9.0,16.8,21.7,1.6,10,2020,4,232,2020-10-04,12.1,0.0,78.3,0.0,20201004,1.1
278,2.6,11.9,18.4,1.3,10,2020,5,232,2020-10-05,5.0,0.0,71.0,0.0,20201005,10.0
279,2.0,11.9,19.0,0.8,10,2020,6,232,2020-10-06,5.3,0.0,77.8,0.0,20201006,10.9
280,6.1,14.7,20.8,1.2,10,2020,7,232,2020-10-07,7.9,0.0,71.9,0.0,20201007,7.9
281,0.6,15.4,21.7,1.9,10,2020,8,232,2020-10-08,8.5,0.0,66.9,0.0,20201008,9.8
282,1.8,14.9,22.5,1.7,10,2020,9,232,2020-10-09,7.3,0.0,71.6,0.0,20201009,10.5
283,5.0,15.0,21.7,1.0,10,2020,10,232,2020-10-10,8.1,0.0,75.0,0.0,20201010,9.4
284,4.5,14.7,19.4,0.8,10,2020,11,232,2020-10-11,9.0,0.0,87.4,0.0,20201011,4.7
285,4.3,15.4,21.8,0.8,10,2020,12,232,2020-10-12,9.9,0.0,81.9,0.0,20201012,4.1
286,5.4,10.7,17.3,0.6,10,2020,13,232,2020-10-13,5.2,0.0,75.4,0.0,20201013,5.3
287,6.9,10.7,19.0,0.8,10,2020,14,232,2020-10-14,5.4,0.0,72.4,0.0,20201014,4.0
288,6.8,9.0,17.2,0.6,10,2020,15,232,2020-10-15,3.0,0.0,72.3,0.0,20201015,5.2
289,7.1,9.8,16.2,0.3,10,2020,16,232,2020-10-16,3.8,0.0,82.8,0.0,20201016,0.3
290,1.9,10.6,19.2,0.6,10,2020,17,232,2020-10-17,5.3,0.0,78.5,0.0,20201017,9.6
291,0.6,10.4,19.2,0.7,10,2020,18,232,2020-10-18,1.8,0.0,79.5,0.0,20201018,9.9
292,1.8,11.8,20.8,0.6,10,2020,19,232,2020-10-19,4.6,0.0,80.6,0.0,20201019,9.6
293,3.0,11.8,21.2,0.5,10,2020,20,232,2020-10-20,7.3,0.0,81.4,0.0,20201020,7.2
294,8.6,11.3,15.9,0.5,10,2020,21,232,2020-10-21,6.8,0.0,90.0,0.0,20201021,0.0
295,3.8,11.7,17.5,1.4,10,2020,22,232,2020-10-22,7.2,0.0,76.0,0.0,20201022,3.6
296,0.3,8.9,13.3,1.7,10,2020,23,232,2020-10-23,4.3,0.0,60.1,0.0,20201023,10.0
297,0.9,6.5,13.1,1.4,10,2020,24,232,2020-10-24,-0.9,0.0,66.3,0.0,20201024,9.9
298,4.5,8.8,18.6,0.7,10,2020,25,232,2020-10-25,0.5,0.0,76.4,0.0,20201025,8.5
299,1.9,9.6,18.8,0.6,10,2020,26,232,2020-10-26,2.5,0.0,81.6,0.0,20201026,8.3
300,2.3,10.6,19.8,0.6,10,2020,27,232,2020-10-27,3.7,0.0,82.1,0.0,20201027,8.7
301,2.9,12.5,19.0,1.1,10,2020,28,232,2020-10-28,6.4,0.0,64.9,0.0,20201028,7.6
302,4.0,7.8,16.7,0.8,10,2020,29,232,2020-10-29,0.0,0.0,64.0,0.0,20201029,9.1
303,0.9,8.4,18.4,0.6,10,2020,30,232,2020-10-30,0.6,0.0,68.0,0.0,20201030,9.7
304,4.4,10.3,18.5,0.5,10,2020,31,232,2020-10-31,1.8,0.0,76.6,0.0,20201031,7.5
305,9.8,11.6,12.7,0.5,11,2020,1,232,2020-11-01,10.4,5.6,96.6,0.0,20201101,0.0
306,0.0,9.8,16.3,0.6,11,2020,2,232,2020-11-02,3.6,0.0,71.1,0.0,20201102,7.4
307,2.9,5.6,9.1,2.1,11,2020,3,232,2020-11-03,0.6,1.2,58.0,0.0,20201103,7.6
308,0.0,3.1,10.7,1.0,11,2020,4,232,2020-11-04,-3.5,0.0,65.4,0.0,20201104,9.8
309,5.5,6.6,14.5,0.6,11,2020,5,232,2020-11-05,-2.5,0.0,72.0,0.0,20201105,7.0
310,9.1,11.0,15.6,0.7,11,2020,6,232,2020-11-06,7.1,0.0,73.0,0.0,20201106,0.1
311,3.9,11.2,18.1,0.8,11,2020,7,232,2020-11-07,5.2,0.0,77.4,0.0,20201107,7.1
312,0.3,7.6,13.2,1.7,11,2020,8,232,2020-11-08,2.6,0.0,55.9,0.0,20201108,9.4
313,3.1,5.9,10.8,1.3,11,2020,9,232,2020-11-09,-2.3,0.0,46.9,0.0,20201109,8.3
314,0.0,5.6,13.2,1.0,11,2020,10,232,2020-11-10,-1.1,0.0,65.6,0.0,20201110,9.7
315,0.0,6.0,15.5,0.5,11,2020,11,232,2020-11-11,-1.4,0.0,72.0,0.0,20201111,9.7
316,0.4,7.2,17.9,0.5,11,2020,12,232,2020-11-12,-1.0,0.0,69.5,0.0,20201112,9.6
317,2.6,7.7,18.1,0.5,11,2020,13,232,2020-11-13,0.8,0.0,81.8,0.0,20201113,5.6
318,0.0,9.3,18.3,0.6,11,2020,14,232,2020-11-14,3.7,0.0,79.0,0.0,20201114,6.0
319,2.5,9.3,18.1,0.5,11,2020,15,232,2020-11-15,2.1,0.0,83.0,0.0,20201115,7.4
320,3.1,9.1,18.3,0.7,11,2020,16,232,2020-11-16,3.2,0.0,81.8,0.0,20201116,7.6
321,6.4,13.6,19.5,1.2,11,2020,17,232,2020-11-17,5.8,2.7,83.4,0.0,20201117,1.9
322,8.9,15.7,19.0,1.1,11,2020,18,232,2020-11-18,11.1,3.8,93.4,0.0,20201118,0.0
323,9.5,15.1,20.6,2.6,11,2020,19,232,2020-11-19,9.5,28.8,90.1,0.0,20201119,0.0
324,9.4,5.3,9.5,2.3,11,2020,20,232,2020-11-20,3.3,0.0,78.3,0.0,20201120,0.0
325,4.3,6.9,13.1,1.6,11,2020,21,232,2020-11-21,-1.4,0.0,72.8,0.0,20201121,8.3
326,8.8,7.0,8.9,1.6,11,2020,22,232,2020-11-22,3.8,3.8,82.6,0.0,20201122,0.0
327,1.5,2.0,6.7,1.5,11,2020,23,232,2020-11-23,-2.0,0.0,70.0,0.0,20201123,9.3
328,8.1,2.9,9.6,0.8,11,2020,24,232,2020-11-24,-2.6,0.0,62.9,0.0,20201124,3.1
329,2.6,3.0,11.2,0.8,11,2020,25,232,2020-11-25,-3.3,0.0,74.5,0.0,20201125,9.2
330,7.0,4.5,11.5,0.7,11,2020,26,232,2020-11-26,-0.7,0.0,75.6,0.0,20201126,6.7
331,6.0,4.3,8.4,1.7,11,2020,27,232,2020-11-27,1.8,0.0,70.0,0.0,20201127,1.5
332,4.9,1.8,4.4,1.9,11,2020,28,232,2020-11-28,-0.3,0.0,55.4,0.0,20201128,8.6
333,6.0,0.6,4.0,0.9,11,2020,29,232,2020-11-29,-2.4,0.0,74.8,0.0,20201129,1.1
334,2.4,-0.7,4.6,1.1,11,2020,30,232,2020-11-30,-5.5,0.0,74.5,0.0,20201130,8.4
335,5.1,-0.3,7.3,0.8,12,2020,1,232,2020-12-01,-6.8,0.0,64.4,0.0,20201201,9.0
336,5.8,2.9,8.1,0.9,12,2020,2,232,2020-12-02,-1.2,0.0,52.1,0.0,20201202,5.8
337,3.9,0.5,6.3,1.3,12,2020,3,232,2020-12-03,-3.2,0.0,61.0,0.0,20201203,9.0
338,0.8,-1.2,5.0,1.0,12,2020,4,232,2020-12-04,-7.2,0.0,69.8,0.0,20201204,8.6
339,6.3,-1.2,4.4,0.4,12,2020,5,232,2020-12-05,-6.0,0.0,90.8,0.0,20201205,1.0
340,3.4,1.6,9.2,0.6,12,2020,6,232,2020-12-06,-3.2,0.0,83.0,0.0,20201206,5.7
341,5.6,2.7,7.4,1.1,12,2020,7,232,2020-12-07,-1.9,0.0,69.9,0.0,20201207,0.1
342,1.6,-0.8,4.4,1.2,12,2020,8,232,2020-12-08,-5.8,0.0,59.6,0.0,20201208,8.9
343,4.8,-0.3,6.6,0.7,12,2020,9,232,2020-12-09,-8.3,0.0,66.5,0.0,20201209,5.9
344,7.6,4.3,9.5,0.5,12,2020,10,232,2020-12-10,0.9,0.0,72.8,0.0,20201210,1.1
345,7.5,4.7,10.7,0.6,12,2020,11,232,2020-12-11,0.9,0.0,79.8,0.0,20201211,4.3
346,2.1,2.6,7.6,1.2,12,2020,12,232,2020-12-12,-3.3,0.0,57.3,0.0,20201212,8.7
347,6.6,-1.2,3.4,1.6,12,2020,13,232,2020-12-13,-4.5,3.4,80.5,0.0,20201213,0.5
348,3.8,-5.6,-2.9,2.1,12,2020,14,232,2020-12-14,-7.7,0.0,47.3,0.0,20201214,9.0
349,2.3,-6.6,-2.3,1.7,12,2020,15,232,2020-12-15,-12.2,0.0,51.5,0.0,20201215,9.0
350,0.0,-7.0,-2.1,1.4,12,2020,16,232,2020-12-16,-12.2,0.0,52.3,0.0,20201216,9.1
351,1.3,-6.2,0.8,0.8,12,2020,17,232,2020-12-17,-12.9,0.0,65.0,0.0,20201217,9.0
352,5.1,-1.4,2.7,1.7,12,2020,18,232,2020-12-18,-5.2,1.3,67.9,0.0,20201218,3.7
353,2.4,-5.1,-0.2,1.2,12,2020,19,232,2020-12-19,-11.1,0.0,54.4,0.0,20201219,9.0
354,0.4,-4.7,2.1,0.9,12,2020,20,232,2020-12-20,-10.9,0.0,66.9,0.0,20201220,8.9
355,3.4,-1.8,4.4,0.6,12,2020,21,232,2020-12-21,-8.2,0.0,75.3,0.0,20201221,4.0
356,1.8,-0.7,7.7,0.7,12,2020,22,232,2020-12-22,-6.5,0.0,79.0,0.0,20201222,7.3
357,5.8,1.5,8.3,0.7,12,2020,23,232,2020-12-23,-5.2,0.0,85.0,0.0,20201223,1.5
358,2.8,2.2,8.2,1.7,12,2020,24,232,2020-12-24,-1.2,0.0,71.0,0.0,20201224,6.5
359,1.6,-0.4,4.1,1.2,12,2020,25,232,2020-12-25,-4.9,0.0,67.4,0.0,20201225,7.7
360,6.3,0.1,7.4,0.8,12,2020,26,232,2020-12-26,-5.9,0.0,84.8,0.0,20201226,2.7
361,7.1,1.7,8.4,0.5,12,2020,27,232,2020-12-27,-3.9,0.0,85.8,0.0,20201227,4.9
362,4.5,3.3,11.4,0.5,12,2020,28,232,2020-12-28,-2.0,0.0,82.6,0.0,20201228,5.7
363,9.5,0.0,4.4,1.4,12,2020,29,232,2020-12-29,-3.9,0.8,86.9,0.0,20201229,0.2
364,4.4,-8.8,-3.9,3.3,12,2020,30,232,2020-12-30,-11.6,0.0,66.0,0.0,20201230,5.3
365,4.5,-9.6,-4.2,1.0,12,2020,31,232,2020-12-31,-16.0,0.0,76.1,0.0,20201231,4.9
