,Date,tavg,year,tmax,snow,humid,sunshine,day,rainfall,month,tmin,wind,station_id,cloud,date
0,2023-01-01,-2.3,2023,4.5,0.0,65.0,7.9,1,0.0,1,-8.8,1.0,232,3.3,20230101
1,2023-01-02,-4.8,2023,0.0,0.0,54.8,9.1,2,0.0,1,-9.9,1.1,232,0.0,20230102
2,2023-01-03,-6.3,2023,1.5,0.0,66.5,9.1,3,0.0,1,-13.6,0.9,232,7.0,20230103
3,2023-01-04,-3.9,2023,4.0,0.0,69.1,6.6,4,0.0,1,-11.1,0.7,232,1.4,20230104
4,2023-01-05,-3.7,2023,3.4,0.0,82.6,4.3,5,0.0,1,-10.0,0.4,232,4.4,20230105
5,2023-01-06,-1.2,2023,5.5,0.0,85.8,7.4,6,5.4,1,-8.1,0.7,232,4.1,20230106
6,2023-01-07,1.6,2023,4.8,0.0,83.4,4.4,7,0.7,1,-3.3,1.7,232,4.6,20230107
7,2023-01-08,-0.9,2023,5.9,0.0,84.4,7.6,8,0.0,1,-6.7,0.5,232,0.5,20230108
8,2023-01-09,1.7,2023,7.9,0.0,74.9,5.0,9,0.0,1,-3.5,0.9,232,2.5,20230109
9,2023-01-10,-0.7,2023,8.3,0.0,79.4,8.6,10,0.0,1,-7.3,0.5,232,2.0,20230110
10,2023-01-11,-0.2,2023,8.9,0.0,76.5,8.9,11,0.0,1,-6.2,0.4,232,1.0,20230111
11,2023-01-12,2.8,2023,13.8,0.0,70.5,9.1,12,0.1,1,-5.3,0.6,232,2.6,20230112
12,2023-01-13,8.6,2023,11.2,0.0,100.0,0.0,13,14.9,1,4.2,0.9,232,8.8,20230113
13,2023-01-14,6.6,2023,9.2,0.0,100.0,0.0,14,5.0,1,4.5,1.0,232,7.9,20230114
14,2023-01-15,0.2,2023,4.6,0.0,93.6,0.0,15,1.8,1,-3.1,1.4,232,7.5,20230115
15,2023-01-16,-3.7,2023,-0.5,0.0,70.9,8.9,16,0.2,1,-7.8,1.5,232,4.5,20230116
16,2023-01-17,-3.1,2023,2.2,0.0,72.1,5.8,17,0.0,1,-8.5,0.8,232,7.9,20230117
17,2023-01-18,-1.9,2023,3.6,0.0,71.4,8.0,18,0.0,1,-6.2,0.8,232,2.0,20230118
18,2023-01-19,-0.4,2023,5.2,0.0,68.6,6.1,19,0.0,1,-7.6,0.8,232,4.6,20230119
19,2023-01-20,-2.1,2023,3.5,0.0,62.0,7.9,20,1.2,1,-8.2,2.2,232,1.4,20230120
20,2023-01-21,-5.0,2023,1.4,0.0,70.8,9.3,21,0.0,1,-11.1,0.8,232,1.8,20230121
21,2023-01-22,-1.0,2023,3.0,0.0,67.0,0.0,22,0.0,1,-4.7,1.0,232,8.6,20230122
22,2023-01-23,-0.4,2023,6.5,0.0,73.6,6.5,23,0.0,1,-4.6,1.5,232,6.3,20230123
23,2023-01-24,-11.9,2023,-4.2,0.0,55.3,8.0,24,0.0,1,-15.4,3.5,232,4.6,20230124
24,2023-01-25,-12.1,2023,-5.9,0.0,56.6,9.5,25,0.0,1,-18.0,1.1,232,3.8,20230125
25,2023-01-26,-6.4,2023,-3.9,0.0,87.6,0.0,26,1.7,1,-11.8,1.0,232,9.6,20230126
26,2023-01-27,-8.0,2023,-3.4,0.0,63.0,7.9,27,0.0,1,-14.1,2.0,232,2.1,20230127
27,2023-01-28,-5.7,2023,-0.1,0.0,63.1,7.8,28,0.0,1,-13.5,1.5,232,1.4,20230128
28,2023-01-29,-1.9,2023,4.7,0.0,70.4,4.3,29,0.0,1,-10.6,1.5,232,3.3,20230129
29,2023-01-30,-1.6,2023,3.9,0.0,58.3,9.7,30,0.0,1,-7.5,1.3,232,0.0,20230130
30,2023-01-31,0.1,2023,9.2,0.0,73.5,9.4,31,0.0,1,-8.8,1.0,232,0.8,20230131
31,2023-02-01,1.3,2023,5.9,0.0,66.1,8.5,1,0.0,2,-2.8,1.6,232,3.3,20230201
32,2023-02-02,-2.6,2023,2.7,0.0,61.4,7.1,2,0.0,2,-7.0,1.3,232,5.9,20230202
33,2023-02-03,-1.9,2023,2.9,0.0,57.9,5.5,3,0.0,2,-5.8,1.0,232,5.0,20230203
34,2023-02-04,-2.4,2023,5.7,0.0,70.4,8.8,4,0.0,2,-8.9,0.8,232,2.1,20230204
35,2023-02-05,-1.2,2023,7.6,0.0,77.0,8.8,5,0.0,2,-8.4,0.7,232,1.1,20230205
36,2023-02-06,0.5,2023,8.7,0.0,67.9,4.9,6,0.0,2,-6.8,0.6,232,0.0,20230206
37,2023-02-07,1.5,2023,9.6,0.0,73.4,5.2,7,0.0,2,-5.3,1.0,232,4.3,20230207
38,2023-02-08,0.3,2023,7.7,0.0,68.6,9.0,8,0.0,2,-5.5,1.1,232,0.0,20230208
39,2023-02-09,2.4,2023,10.3,0.0,66.6,6.4,9,1.1,2,-7.0,1.7,232,7.4,20230209
40,2023-02-10,3.1,2023,7.3,0.0,93.1,1.0,10,1.4,2,-0.8,1.0,232,4.8,20230210
41,2023-02-11,0.2,2023,5.9,0.0,93.3,1.7,11,0.0,2,-2.7,0.6,232,5.5,20230211
42,2023-02-12,0.9,2023,6.8,0.0,89.3,0.1,12,0.0,2,-4.5,0.7,232,8.3,20230212
43,2023-02-13,5.7,2023,9.6,0.0,71.6,0.4,13,0.0,2,2.8,1.4,232,7.5,20230213
44,2023-02-14,1.1,2023,5.9,0.0,64.6,9.7,14,0.0,2,-3.2,1.7,232,0.6,20230214
45,2023-02-15,2.3,2023,8.1,0.0,64.6,6.4,15,0.0,2,-3.9,1.4,232,5.3,20230215
46,2023-02-16,2.2,2023,6.9,0.0,73.3,2.8,16,0.0,2,-2.6,1.1,232,4.1,20230216
47,2023-02-17,3.4,2023,10.7,0.0,66.9,7.0,17,0.0,2,-3.3,0.8,232,4.9,20230217
48,2023-02-18,5.5,2023,9.3,0.0,65.8,0.0,18,0.5,2,2.8,0.4,232,8.6,20230218
49,2023-02-19,3.1,2023,6.4,0.0,64.5,5.8,19,0.1,2,-1.9,2.2,232,4.9,20230219
50,2023-02-20,-1.3,2023,4.6,0.0,57.6,9.9,20,0.0,2,-5.7,2.0,232,0.4,20230220
51,2023-02-21,-2.0,2023,4.2,0.0,51.9,9.6,21,0.0,2,-8.1,1.0,232,0.8,20230221
52,2023-02-22,0.2,2023,9.2,0.0,62.8,6.8,22,0.0,2,-8.5,0.9,232,4.5,20230222
53,2023-02-23,2.0,2023,8.9,0.0,63.6,9.7,23,0.0,2,-4.8,1.1,232,3.3,20230223
54,2023-02-24,2.6,2023,9.5,0.0,62.3,7.6,24,0.0,2,-2.2,1.5,232,2.0,20230224
55,2023-02-25,-0.1,2023,5.4,0.0,53.6,10.6,25,0.0,2,-5.3,1.7,232,0.8,20230225
56,2023-02-26,0.2,2023,8.8,0.0,52.8,10.5,26,0.0,2,-7.6,1.1,232,0.0,20230226
57,2023-02-27,2.2,2023,13.1,0.0,54.1,10.6,27,0.0,2,-6.8,0.8,232,0.3,20230227
58,2023-02-28,4.2,2023,13.3,0.0,61.6,10.7,28,0.0,2,-6.1,1.1,232,1.0,20230228
59,2023-03-01,5.7,2023,9.9,0.0,61.1,3.1,1,0.0,3,2.9,1.7,232,4.6,20230301
60,2023-03-02,1.5,2023,5.9,0.0,36.8,10.6,2,0.0,3,-3.4,1.9,232,0.9,20230302
61,2023-03-03,2.6,2023,12.0,0.0,63.3,10.6,3,0.0,3,-6.7,1.1,232,0.8,20230303
62,2023-03-04,4.7,2023,13.3,0.0,70.3,5.5,4,0.0,3,-2.0,0.8,232,4.4,20230304
63,2023-03-05,5.8,2023,16.2,0.0,55.5,10.1,5,0.0,3,-2.8,0.8,232,0.4,20230305
64,2023-03-06,6.4,2023,17.4,0.0,47.0,10.3,6,0.0,3,-3.4,0.8,232,0.5,20230306
65,2023-03-07,10.1,2023,20.5,0.0,58.4,9.3,7,0.0,3,0.6,1.4,232,1.4,20230307
66,2023-03-08,12.0,2023,21.1,0.0,60.3,8.1,8,0.0,3,3.3,1.2,232,5.5,20230308
67,2023-03-09,12.6,2023,20.4,0.0,68.6,8.0,9,0.2,3,4.8,1.6,232,3.1,20230309
68,2023-03-10,12.3,2023,23.3,0.0,60.1,9.7,10,0.0,3,1.2,1.0,232,0.3,20230310
69,2023-03-11,14.9,2023,24.7,0.0,46.0,7.9,11,0.0,3,5.0,1.1,232,6.5,20230311
70,2023-03-12,6.0,2023,11.8,0.0,70.3,0.6,12,10.2,3,1.4,2.2,232,8.1,20230312
71,2023-03-13,3.2,2023,9.1,0.0,35.6,10.6,13,0.0,3,-1.8,2.0,232,3.1,20230313
72,2023-03-14,7.8,2023,17.2,0.0,46.5,10.8,14,0.0,3,-1.5,1.8,232,3.0,20230314
73,2023-03-15,9.4,2023,18.5,0.0,65.4,6.3,15,0.0,3,0.9,2.4,232,5.0,20230315
74,2023-03-16,5.1,2023,10.7,0.0,38.1,7.0,16,0.0,3,-1.9,1.6,232,5.5,20230316
75,2023-03-17,6.5,2023,13.0,0.0,44.8,2.3,17,0.0,3,-1.1,0.8,232,8.1,20230317
76,2023-03-18,7.8,2023,13.7,0.0,46.0,9.5,18,0.0,3,3.2,1.8,232,3.1,20230318
77,2023-03-19,6.3,2023,15.9,0.0,60.1,10.9,19,0.0,3,-2.2,1.0,232,0.0,20230319
78,2023-03-20,8.1,2023,18.3,0.0,46.6,9.9,20,0.0,3,-1.2,0.9,232,4.9,20230320
79,2023-03-21,11.3,2023,22.2,0.0,43.1,10.7,21,0.0,3,-0.2,0.7,232,1.1,20230321
80,2023-03-22,15.4,2023,24.9,0.0,49.6,9.4,22,0.0,3,3.3,1.1,232,4.9,20230322
81,2023-03-23,14.2,2023,20.9,0.0,70.5,0.8,23,6.0,3,9.3,1.3,232,8.0,20230323
82,2023-03-24,10.8,2023,16.3,0.0,49.1,4.6,24,0.0,3,4.5,1.4,232,7.5,20230324
83,2023-03-25,11.4,2023,14.5,0.0,65.5,4.1,25,0.0,3,9.2,1.9,232,6.0,20230325
84,2023-03-26,9.2,2023,14.7,0.0,44.6,9.8,26,0.0,3,4.2,2.1,232,1.8,20230326
85,2023-03-27,5.7,2023,13.8,0.0,49.9,10.5,27,0.0,3,-2.3,1.4,232,0.8,20230327
86,2023-03-28,7.1,2023,16.1,0.0,55.0,7.5,28,0.0,3,-2.2,0.8,232,1.9,20230328
87,2023-03-29,10.0,2023,20.4,0.0,55.1,10.7,29,0.0,3,-0.4,1.0,232,0.9,20230329
88,2023-03-30,11.6,2023,21.9,0.0,38.6,10.9,30,0.0,3,0.8,1.1,232,3.5,20230330
89,2023-03-31,12.5,2023,23.0,0.0,46.4,11.3,31,0.0,3,1.0,1.2,232,0.1,20230331
90,2023-04-01,14.6,2023,25.0,0.0,44.1,10.6,1,0.0,4,3.3,1.0,232,2.5,20230401
91,2023-04-02,15.1,2023,22.7,0.0,36.4,11.5,2,0.0,4,5.4,2.6,232,0.3,20230402
92,2023-04-03,15.6,2023,23.1,0.0,36.3,11.2,3,0.0,4,4.1,2.6,232,2.6,20230403
93,2023-04-04,15.6,2023,22.1,0.0,49.0,2.9,4,8.9,4,10.6,2.3,232,9.8,20230404
94,2023-04-05,13.0,2023,16.4,0.0,97.8,0.0,5,10.2,4,8.8,2.7,232,9.9,20230405
95,2023-04-06,9.3,2023,11.4,0.0,95.3,0.0,6,2.9,4,7.4,1.7,232,9.9,20230406
96,2023-04-07,0.0,2023,0.0,0.0,69.0,7.7,7,0.0,4,0.0,2.1,232,0.8,20230407
97,2023-04-08,7.2,2023,15.2,0.0,53.8,12.0,8,0.0,4,-1.5,1.9,232,0.0,20230408
98,2023-04-09,8.8,2023,19.8,0.0,59.6,10.0,9,0.0,4,-1.2,1.3,232,0.0,20230409
99,2023-04-10,11.0,2023,21.4,0.0,57.0,11.1,10,0.0,4,0.2,1.5,232,1.8,20230410
100,2023-04-11,14.7,2023,20.4,0.0,70.4,1.2,11,0.5,4,7.4,2.4,232,6.5,20230411
101,2023-04-12,9.3,2023,17.2,0.0,46.1,11.2,12,0.0,4,1.6,1.6,232,0.0,20230412
102,2023-04-13,11.7,2023,22.5,0.0,45.3,8.3,13,0.0,4,0.0,0.8,232,4.5,20230413
103,2023-04-14,15.1,2023,23.3,0.0,51.9,8.4,14,0.0,4,6.3,1.1,232,0.0,20230414
104,2023-04-15,12.5,2023,17.1,0.0,88.0,0.9,15,3.4,4,8.2,1.0,232,7.5,20230415
105,2023-04-16,10.9,2023,17.6,0.0,70.6,6.4,16,0.0,4,6.7,1.3,232,5.4,20230416
106,2023-04-17,12.4,2023,19.8,0.0,60.5,9.6,17,0.0,4,2.1,1.0,232,4.8,20230417
107,2023-04-18,13.7,2023,15.8,0.0,84.3,0.0,18,1.6,4,11.3,1.3,232,8.3,20230418
108,2023-04-19,19.5,2023,27.2,0.0,64.6,10.1,19,0.0,4,13.0,2.1,232,2.9,20230419
109,2023-04-20,18.1,2023,25.0,0.0,87.9,3.0,20,0.3,4,14.3,1.2,232,7.4,20230420
110,2023-04-21,16.9,2023,23.2,0.0,66.8,4.8,21,0.0,4,12.6,1.6,232,7.1,20230421
111,2023-04-22,15.5,2023,21.3,0.0,40.3,7.6,22,0.0,4,9.0,1.9,232,0.0,20230422
112,2023-04-23,14.9,2023,20.7,0.0,45.4,3.2,23,0.0,4,6.9,1.0,232,8.6,20230423
113,2023-04-24,13.7,2023,19.2,0.0,52.0,4.6,24,0.0,4,7.9,1.9,232,7.0,20230424
114,2023-04-25,8.8,2023,11.5,0.0,82.3,0.0,25,0.2,4,6.2,1.0,232,9.3,20230425
115,2023-04-26,7.4,2023,13.3,0.0,82.1,3.1,26,0.0,4,2.8,1.4,232,6.3,20230426
116,2023-04-27,11.1,2023,21.7,0.0,67.1,12.0,27,0.0,4,0.0,1.0,232,1.6,20230427
117,2023-04-28,15.3,2023,23.2,0.0,65.8,9.0,28,0.0,4,4.4,1.4,232,4.3,20230428
118,2023-04-29,13.4,2023,18.2,0.0,91.0,0.0,29,1.6,4,9.4,1.9,232,9.5,20230429
119,2023-04-30,13.7,2023,20.8,0.0,61.8,11.8,30,0.0,4,5.8,2.3,232,4.4,20230430
120,2023-05-01,13.3,2023,20.6,0.0,58.8,11.3,1,0.0,5,6.7,1.3,232,2.6,20230501
121,2023-05-02,15.4,2023,25.9,0.0,51.0,10.3,2,0.0,5,3.7,0.9,232,6.4,20230502
122,2023-05-03,18.5,2023,25.9,0.0,54.4,9.1,3,0.0,5,9.8,1.1,232,7.1,20230503
123,2023-05-04,19.8,2023,26.2,0.0,72.5,4.0,4,1.1,5,12.9,2.3,232,6.6,20230504
124,2023-05-05,19.3,2023,21.1,0.0,99.0,0.0,5,18.7,5,16.8,1.5,232,8.5,20230505
125,2023-05-06,14.2,2023,20.2,0.0,92.1,0.0,6,32.6,5,12.0,4.4,232,7.6,20230506
126,2023-05-07,11.8,2023,15.5,0.0,77.1,0.3,7,0.3,5,6.6,2.0,232,7.4,20230507
127,2023-05-08,12.4,2023,21.9,0.0,65.9,12.4,8,0.0,5,3.6,1.1,232,2.6,20230508
128,2023-05-09,14.7,2023,24.3,0.0,66.9,12.6,9,0.0,5,4.6,1.0,232,0.9,20230509
129,2023-05-10,16.4,2023,25.3,0.0,60.9,11.7,10,0.0,5,7.0,1.0,232,3.9,20230510
130,2023-05-11,17.0,2023,26.6,0.0,59.9,12.5,11,0.0,5,7.6,0.9,232,3.3,20230511
131,2023-05-12,17.3,2023,23.6,0.0,55.3,3.2,12,0.0,5,9.1,0.8,232,8.9,20230512
132,2023-05-13,16.7,2023,23.9,0.0,66.0,11.9,13,0.0,5,9.3,1.2,232,4.0,20230513
133,2023-05-14,16.4,2023,24.9,0.0,65.5,12.9,14,0.0,5,7.8,1.1,232,0.8,20230514
134,2023-05-15,19.0,2023,27.3,0.0,63.5,12.8,15,0.0,5,8.5,1.1,232,2.1,20230515
135,2023-05-16,21.4,2023,31.2,0.0,60.8,11.8,16,0.0,5,12.6,1.1,232,1.9,20230516
136,2023-05-17,21.8,2023,30.2,0.0,62.8,12.7,17,0.0,5,12.2,1.8,232,3.0,20230517
137,2023-05-18,19.7,2023,23.8,0.0,73.0,2.1,18,0.0,5,16.6,2.0,232,8.3,20230518
138,2023-05-19,19.6,2023,25.8,0.0,71.1,5.4,19,0.0,5,13.5,1.4,232,3.1,20230519
139,2023-05-20,20.0,2023,27.5,0.0,73.8,10.0,20,0.0,5,12.8,1.4,232,3.9,20230520
140,2023-05-21,18.3,2023,23.3,0.0,71.8,5.8,21,0.0,5,14.9,1.4,232,7.6,20230521
141,2023-05-22,17.7,2023,23.0,0.0,71.3,4.5,22,1.7,5,12.9,1.0,232,6.3,20230522
142,2023-05-23,17.6,2023,25.1,0.0,65.8,12.0,23,0.0,5,9.3,1.1,232,0.4,20230523
143,2023-05-24,18.6,2023,25.8,0.0,62.9,6.7,24,0.0,5,9.6,0.9,232,6.5,20230524
144,2023-05-25,19.6,2023,26.9,0.0,57.0,10.4,25,0.0,5,12.2,1.2,232,5.6,20230525
145,2023-05-26,20.2,2023,25.9,0.0,64.8,7.7,26,0.4,5,13.3,1.1,232,7.4,20230526
146,2023-05-27,18.9,2023,20.6,0.0,96.8,0.0,27,7.5,5,17.2,1.0,232,9.5,20230527
147,2023-05-28,19.7,2023,21.2,0.0,99.0,0.0,28,35.5,5,17.9,0.7,232,10.0,20230528
148,2023-05-29,20.6,2023,22.5,0.0,99.0,0.0,29,19.1,5,19.4,0.7,232,7.8,20230529
149,2023-05-30,21.6,2023,25.8,0.0,80.9,4.5,30,0.0,5,16.8,1.8,232,7.1,20230530
150,2023-05-31,20.9,2023,27.5,0.0,62.6,11.7,31,0.0,5,13.6,1.5,232,4.4,20230531
151,2023-06-01,21.5,2023,26.4,0.0,78.6,2.7,1,0.0,6,16.2,0.9,232,8.3,20230601
152,2023-06-02,20.2,2023,23.9,0.0,82.0,8.9,2,0.0,6,16.6,1.4,232,4.9,20230602
153,2023-06-03,20.8,2023,27.2,0.0,60.9,12.7,3,0.0,6,14.3,1.5,232,1.4,20230603
154,2023-06-04,20.7,2023,27.5,0.0,59.3,11.7,4,0.0,6,12.3,1.3,232,5.6,20230604
155,2023-06-05,20.2,2023,26.5,0.0,70.6,10.8,5,0.0,6,13.1,1.7,232,5.3,20230605
156,2023-06-06,19.8,2023,27.1,0.0,74.5,10.2,6,0.0,6,13.9,1.1,232,3.8,20230606
157,2023-06-07,21.0,2023,25.6,0.0,80.1,3.1,7,0.0,6,16.3,1.0,232,7.4,20230607
158,2023-06-08,21.4,2023,25.0,0.0,83.3,3.8,8,0.0,6,17.6,1.2,232,8.1,20230608
159,2023-06-09,22.4,2023,28.6,0.0,63.4,9.9,9,0.1,6,17.6,1.3,232,2.8,20230609
160,2023-06-10,22.7,2023,29.6,0.0,69.1,6.4,10,0.0,6,16.6,1.3,232,7.9,20230610
161,2023-06-11,22.2,2023,27.7,0.0,77.4,7.6,11,0.0,6,17.2,1.2,232,5.8,20230611
162,2023-06-12,21.9,2023,29.2,0.0,71.4,7.0,12,0.0,6,16.0,0.9,232,5.5,20230612
163,2023-06-13,21.6,2023,28.0,0.0,72.4,10.7,13,0.0,6,17.0,1.3,232,4.5,20230613
164,2023-06-14,20.8,2023,27.2,0.0,72.5,8.1,14,0.0,6,14.8,1.0,232,6.1,20230614
165,2023-06-15,21.3,2023,26.9,0.0,71.3,8.4,15,0.0,6,14.7,1.0,232,3.1,20230615
166,2023-06-16,22.4,2023,29.8,0.0,70.5,12.6,16,0.0,6,14.6,1.1,232,1.3,20230616
167,2023-06-17,23.0,2023,30.9,0.0,59.4,10.9,17,0.0,6,14.5,1.1,232,4.8,20230617
168,2023-06-18,24.2,2023,32.2,0.0,63.8,11.4,18,0.0,6,16.9,1.0,232,3.3,20230618
169,2023-06-19,26.1,2023,33.0,0.0,68.6,11.7,19,0.0,6,17.9,1.6,232,4.4,20230619
170,2023-06-20,23.1,2023,26.5,0.0,66.4,1.2,20,8.9,6,19.3,1.8,232,8.5,20230620
171,2023-06-21,20.5,2023,22.8,0.0,99.0,0.1,21,17.9,6,19.1,1.3,232,6.5,20230621
172,2023-06-22,22.4,2023,26.9,0.0,82.5,7.3,22,2.0,6,19.4,1.7,232,5.9,20230622
173,2023-06-23,23.8,2023,29.6,0.0,78.6,9.6,23,0.0,6,18.9,0.9,232,3.3,20230623
174,2023-06-24,25.3,2023,31.5,0.0,74.4,9.0,24,0.0,6,19.1,1.0,232,3.8,20230624
175,2023-06-25,26.0,2023,31.5,0.0,68.1,9.5,25,0.0,6,19.3,2.0,232,5.9,20230625
176,2023-06-26,23.8,2023,26.3,0.0,94.9,0.0,26,53.5,6,21.1,1.5,232,9.5,20230626
177,2023-06-27,25.5,2023,29.6,0.0,79.4,8.2,27,1.1,6,21.6,1.5,232,4.3,20230627
178,2023-06-28,24.3,2023,27.9,0.0,85.6,3.9,28,0.0,6,20.4,1.3,232,8.3,20230628
179,2023-06-29,24.2,2023,25.5,0.0,98.6,0.0,29,92.9,6,23.2,1.1,232,9.1,20230629
180,2023-06-30,24.9,2023,28.0,0.0,95.0,0.6,30,2.5,6,23.3,0.6,232,7.6,20230630
181,2023-07-01,26.4,2023,32.2,0.0,84.9,6.8,1,0.0,7,22.5,0.8,232,3.4,20230701
182,2023-07-02,25.9,2023,30.4,0.0,88.0,4.6,2,0.0,7,22.1,0.8,232,6.0,20230702
183,2023-07-03,27.4,2023,33.0,0.0,78.8,10.6,3,0.0,7,22.2,0.9,232,5.3,20230703
184,2023-07-04,24.1,2023,27.7,0.0,97.4,0.1,4,69.2,7,22.7,1.7,232,8.8,20230704
185,2023-07-05,23.8,2023,27.7,0.0,89.8,5.1,5,13.0,7,20.9,2.2,232,4.5,20230705
186,2023-07-06,25.2,2023,31.6,0.0,76.9,9.0,6,0.0,7,20.1,1.0,232,7.3,20230706
187,2023-07-07,21.5,2023,26.5,0.0,95.5,0.3,7,13.8,7,19.3,1.6,232,8.6,20230707
188,2023-07-08,24.1,2023,29.5,0.0,92.1,4.1,8,0.4,7,19.9,1.1,232,6.6,20230708
189,2023-07-09,25.0,2023,28.8,0.0,95.3,2.0,9,4.7,7,22.3,1.2,232,6.9,20230709
190,2023-07-10,25.8,2023,30.7,0.0,86.6,7.7,10,15.5,7,21.2,1.6,232,6.0,20230710
191,2023-07-11,23.7,2023,26.0,0.0,98.3,0.0,11,11.6,7,22.1,1.0,232,8.5,20230711
192,2023-07-12,26.2,2023,29.9,0.0,91.5,3.3,12,0.1,7,22.7,0.7,232,8.0,20230712
193,2023-07-13,25.0,2023,26.1,0.0,99.0,0.0,13,35.1,7,24.3,1.3,232,10.0,20230713
194,2023-07-14,24.7,2023,25.7,0.0,99.0,0.0,14,165.3,7,23.9,1.8,232,9.6,20230714
195,2023-07-15,23.1,2023,24.2,0.0,99.0,0.0,15,158.2,7,22.0,0.8,232,9.9,20230715
196,2023-07-16,24.0,2023,27.0,0.0,97.4,0.8,16,0.7,7,22.0,0.8,232,9.4,20230716
197,2023-07-17,25.3,2023,29.4,0.0,94.4,2.4,17,4.6,7,23.0,0.9,232,9.0,20230717
198,2023-07-18,23.7,2023,25.0,0.0,99.0,0.1,18,25.9,7,22.7,1.0,232,8.4,20230718
199,2023-07-19,25.1,2023,32.0,0.0,0.0,7.9,19,0.0,7,20.9,0.8,232,2.4,20230719
200,2023-07-20,25.4,2023,31.3,0.0,81.4,10.4,20,0.0,7,20.2,0.7,232,3.1,20230720
201,2023-07-21,27.2,2023,33.6,0.0,76.1,11.9,21,0.0,7,21.0,0.8,232,1.6,20230721
202,2023-07-22,25.5,2023,29.6,0.0,79.9,4.7,22,0.1,7,22.7,2.0,232,7.1,20230722
203,2023-07-23,24.9,2023,25.6,0.0,91.4,0.0,23,46.8,7,24.1,1.1,232,9.9,20230723
204,2023-07-24,25.8,2023,29.8,0.0,88.0,4.3,24,0.8,7,23.9,0.9,232,8.1,20230724
205,2023-07-25,25.7,2023,28.7,0.0,88.3,1.2,25,0.5,7,23.5,1.0,232,8.3,20230725
206,2023-07-26,25.9,2023,31.4,0.0,87.3,6.3,26,6.8,7,22.7,1.2,232,8.3,20230726
207,2023-07-27,26.9,2023,32.2,0.0,81.4,10.1,27,1.8,7,22.2,0.9,232,5.0,20230727
208,2023-07-28,27.8,2023,33.4,0.0,80.0,10.8,28,0.0,7,23.3,0.9,232,3.3,20230728
209,2023-07-29,28.1,2023,33.4,0.0,79.6,10.3,29,0.0,7,23.6,0.8,232,3.4,20230729
210,2023-07-30,27.4,2023,33.7,0.0,79.8,8.6,30,0.0,7,23.3,0.9,232,5.6,20230730
211,2023-07-31,27.5,2023,31.7,0.0,80.8,6.5,31,0.0,7,24.2,0.8,232,5.9,20230731
212,2023-08-01,28.3,2023,33.8,0.0,79.0,10.7,1,0.0,8,23.2,0.7,232,4.4,20230801
213,2023-08-02,27.8,2023,33.5,0.0,77.1,9.7,2,0.0,8,23.6,0.8,232,5.4,20230802
214,2023-08-03,27.9,2023,33.6,0.0,74.8,11.6,3,0.0,8,21.7,0.9,232,3.9,20230803
215,2023-08-04,28.8,2023,34.2,0.0,74.4,10.2,4,0.0,8,23.9,0.7,232,5.0,20230804
216,2023-08-05,28.8,2023,34.1,0.0,72.5,10.6,5,0.0,8,24.2,0.9,232,4.1,20230805
217,2023-08-06,29.1,2023,35.0,0.0,74.4,10.2,6,0.0,8,23.3,0.9,232,4.9,20230806
218,2023-08-07,28.2,2023,34.9,0.0,80.9,8.2,7,0.0,8,25.5,1.5,232,6.6,20230807
219,2023-08-08,29.4,2023,34.2,0.0,71.0,10.5,8,0.0,8,24.4,2.0,232,5.5,20230808
220,2023-08-09,26.8,2023,30.9,0.0,76.5,4.4,9,10.5,8,23.4,2.7,232,7.5,20230809
221,2023-08-10,22.0,2023,23.6,0.0,92.3,0.0,10,122.3,8,21.0,2.6,232,9.4,20230810
222,2023-08-11,24.8,2023,29.0,0.0,86.3,0.1,11,7.4,8,21.4,1.3,232,8.5,20230811
223,2023-08-12,24.1,2023,28.1,0.0,85.6,3.6,12,1.1,8,21.6,1.2,232,7.3,20230812
224,2023-08-13,26.1,2023,30.8,0.0,83.3,3.8,13,0.0,8,22.8,0.8,232,7.5,20230813
225,2023-08-14,27.3,2023,33.0,0.0,78.3,10.3,14,0.0,8,22.5,0.9,232,3.5,20230814
226,2023-08-15,27.5,2023,32.7,0.0,77.1,10.1,15,0.0,8,22.8,1.1,232,4.5,20230815
227,2023-08-16,25.9,2023,31.4,0.0,83.3,6.3,16,4.0,8,23.1,0.9,232,5.9,20230816
228,2023-08-17,26.1,2023,31.4,0.0,83.0,6.1,17,0.5,8,21.0,0.9,232,5.9,20230817
229,2023-08-18,27.1,2023,33.0,0.0,80.4,8.0,18,0.0,8,23.2,0.9,232,5.1,20230818
230,2023-08-19,27.2,2023,32.8,0.0,76.4,8.4,19,0.0,8,22.9,0.9,232,4.8,20230819
231,2023-08-20,27.3,2023,32.6,0.0,76.6,9.2,20,0.0,8,23.5,0.8,232,5.5,20230820
232,2023-08-21,27.5,2023,33.1,0.0,79.8,6.5,21,0.0,8,23.4,1.1,232,6.1,20230821
233,2023-08-22,26.4,2023,31.1,0.0,84.0,4.1,22,12.0,8,23.2,1.2,232,6.8,20230822
234,2023-08-23,25.9,2023,30.8,0.0,88.9,1.6,23,5.5,8,23.9,1.3,232,9.4,20230823
235,2023-08-24,25.4,2023,30.2,0.0,92.4,1.1,24,20.1,8,23.5,1.2,232,8.9,20230824
236,2023-08-25,25.4,2023,30.3,0.0,81.0,9.1,25,0.0,8,21.6,1.4,232,2.3,20230825
237,2023-08-26,24.0,2023,29.8,0.0,84.4,7.9,26,0.0,8,20.7,0.8,232,5.1,20230826
238,2023-08-27,25.1,2023,29.8,0.0,80.5,3.6,27,0.0,8,19.6,0.9,232,0.0,20230827
239,2023-08-28,25.5,2023,27.8,0.0,76.9,0.0,28,0.0,8,23.0,2.4,232,9.9,20230828
240,2023-08-29,24.4,2023,27.1,0.0,87.8,0.0,29,2.3,8,20.9,1.6,232,9.5,20230829
241,2023-08-30,21.4,2023,23.2,0.0,96.3,0.0,30,10.8,8,20.7,0.5,232,8.6,20230830
242,2023-08-31,22.1,2023,27.2,0.0,85.1,4.3,31,0.0,8,18.7,0.5,232,6.5,20230831
243,2023-09-01,22.1,2023,29.4,0.0,81.9,8.3,1,0.0,9,17.3,0.9,232,2.4,20230901
244,2023-09-02,23.8,2023,30.4,0.0,74.9,11.2,2,0.0,9,16.9,0.8,232,2.1,20230902
245,2023-09-03,26.1,2023,31.2,0.0,81.9,7.4,3,0.3,9,22.0,1.2,232,6.3,20230903
246,2023-09-04,26.7,2023,30.8,0.0,83.4,2.9,4,0.0,9,23.3,0.9,232,9.1,20230904
247,2023-09-05,25.6,2023,30.6,0.0,78.9,4.8,5,0.0,9,21.7,1.0,232,6.8,20230905
248,2023-09-06,25.2,2023,30.8,0.0,75.4,10.9,6,0.0,9,20.3,1.3,232,2.3,20230906
249,2023-09-07,23.2,2023,29.8,0.0,69.3,11.9,7,0.0,9,16.6,1.2,232,0.0,20230907
250,2023-09-08,21.8,2023,28.9,0.0,72.4,11.9,8,0.0,9,15.4,0.9,232,0.1,20230908
251,2023-09-09,23.2,2023,30.2,0.0,76.8,9.6,9,0.0,9,16.3,0.7,232,2.5,20230909
252,2023-09-10,23.6,2023,30.4,0.0,74.9,8.4,10,0.0,9,17.6,0.8,232,4.9,20230910
253,2023-09-11,24.0,2023,29.9,0.0,75.3,9.4,11,0.0,9,19.2,0.8,232,5.3,20230911
254,2023-09-12,23.7,2023,29.4,0.0,76.3,9.6,12,0.0,9,19.2,0.7,232,7.4,20230912
255,2023-09-13,20.6,2023,21.9,0.0,94.8,0.0,13,32.3,9,19.4,0.6,232,10.0,20230913
256,2023-09-14,22.2,2023,24.7,0.0,88.1,0.3,14,4.4,9,19.4,1.5,232,9.5,20230914
257,2023-09-15,22.0,2023,24.4,0.0,94.4,0.0,15,10.7,9,20.4,1.5,232,9.9,20230915
258,2023-09-16,23.1,2023,26.4,0.0,95.1,1.2,16,26.0,9,21.8,1.1,232,9.5,20230916
259,2023-09-17,24.1,2023,28.3,0.0,88.1,2.8,17,0.0,9,21.6,0.7,232,7.0,20230917
260,2023-09-18,23.8,2023,27.9,0.0,86.1,5.3,18,0.0,9,20.1,0.8,232,4.9,20230918
261,2023-09-19,22.2,2023,27.1,0.0,88.1,2.2,19,0.0,9,18.9,0.6,232,7.4,20230919
262,2023-09-20,20.8,2023,22.2,0.0,93.0,0.0,20,61.7,9,19.6,2.5,232,8.3,20230920
263,2023-09-21,18.9,2023,22.5,0.0,82.0,0.5,21,0.1,9,14.6,1.3,232,7.3,20230921
264,2023-09-22,17.6,2023,24.6,0.0,83.0,8.2,22,0.0,9,12.9,0.7,232,3.0,20230922
265,2023-09-23,19.4,2023,25.4,0.0,76.6,7.6,23,0.0,9,13.3,1.1,232,6.6,20230923
266,2023-09-24,20.2,2023,25.0,0.0,64.4,9.2,24,0.0,9,15.0,2.6,232,5.0,20230924
267,2023-09-25,21.0,2023,25.9,0.0,76.9,4.2,25,4.8,9,17.5,1.3,232,8.8,20230925
268,2023-09-26,20.5,2023,21.7,0.0,96.3,0.0,26,34.8,9,19.1,1.3,232,0.0,20230926
269,2023-09-27,21.2,2023,23.9,0.0,95.1,0.0,27,2.8,9,20.1,1.2,232,9.4,20230927
270,2023-09-28,21.4,2023,26.5,0.0,85.5,5.3,28,0.0,9,17.8,0.9,232,4.9,20230928
271,2023-09-29,19.2,2023,24.3,0.0,82.4,0.9,29,0.0,9,16.2,0.6,232,8.5,20230929
272,2023-09-30,18.5,2023,23.1,0.0,84.0,5.1,30,2.2,9,15.6,1.0,232,6.9,20230930
273,2023-10-01,16.6,2023,23.0,0.0,71.3,10.9,1,0.0,10,11.5,1.2,232,0.1,20231001
274,2023-10-02,15.4,2023,23.6,0.0,71.9,10.2,2,0.0,10,9.0,0.9,232,3.6,20231002
275,2023-10-03,14.6,2023,20.9,0.0,83.9,2.5,3,0.0,10,9.4,0.7,232,6.0,20231003
276,2023-10-04,16.8,2023,23.6,0.0,77.9,6.5,4,0.4,10,9.8,1.1,232,5.5,20231004
277,2023-10-05,14.1,2023,18.5,0.0,48.0,10.9,5,0.0,10,9.6,1.9,232,2.1,20231005
278,2023-10-06,12.9,2023,20.4,0.0,72.0,8.9,6,0.0,10,6.3,0.7,232,7.3,20231006
279,2023-10-07,14.9,2023,20.5,0.0,75.6,2.7,7,0.0,10,8.5,1.3,232,9.4,20231007
280,2023-10-08,16.7,2023,20.1,0.0,74.4,0.0,8,0.1,10,14.2,2.0,232,8.1,20231008
281,2023-10-09,16.6,2023,22.1,0.0,77.5,4.5,9,0.0,10,11.9,0.9,232,6.4,20231009
282,2023-10-10,15.5,2023,22.5,0.0,79.6,9.9,10,0.0,10,10.0,0.9,232,2.5,20231010
283,2023-10-11,14.7,2023,22.7,0.0,75.8,9.4,11,0.0,10,9.4,0.8,232,2.3,20231011
284,2023-10-12,14.5,2023,22.8,0.0,74.1,10.4,12,0.0,10,7.7,0.7,232,4.4,20231012
285,2023-10-13,14.8,2023,21.4,0.0,80.9,1.5,13,0.0,10,10.6,0.5,232,7.5,20231013
286,2023-10-14,13.0,2023,21.1,0.0,91.3,3.0,14,18.2,10,9.4,0.8,232,7.0,20231014
287,2023-10-15,14.0,2023,20.7,0.0,84.8,5.6,15,0.0,10,10.2,0.9,232,4.0,20231015
288,2023-10-16,12.6,2023,19.4,0.0,76.5,9.1,16,0.0,10,6.2,1.0,232,1.5,20231016
289,2023-10-17,11.0,2023,20.3,0.0,75.0,10.6,17,0.0,10,3.1,0.6,232,0.0,20231017
290,2023-10-18,13.1,2023,22.6,0.0,76.6,9.6,18,0.0,10,5.2,0.8,232,3.9,20231018
291,2023-10-19,14.1,2023,17.3,0.0,95.1,0.0,19,8.9,10,9.3,0.6,232,7.9,20231019
292,2023-10-20,12.3,2023,15.3,0.0,53.0,8.6,20,0.0,10,9.6,2.3,232,3.5,20231020
293,2023-10-21,8.7,2023,17.2,0.0,74.1,6.5,21,1.1,10,1.7,1.1,232,1.4,20231021
294,2023-10-22,10.2,2023,18.8,0.0,77.4,7.7,22,0.0,10,1.6,0.7,232,3.8,20231022
295,2023-10-23,12.8,2023,20.3,0.0,82.6,5.4,23,0.0,10,6.6,0.5,232,4.0,20231023
296,2023-10-24,12.3,2023,18.5,0.0,90.9,1.1,24,0.0,10,7.3,0.6,232,5.6,20231024
297,2023-10-25,13.7,2023,21.4,0.0,87.0,7.2,25,0.0,10,8.8,0.5,232,3.6,20231025
298,2023-10-26,16.1,2023,22.4,0.0,84.3,4.8,26,0.0,10,9.6,0.9,232,6.4,20231026
299,2023-10-27,13.8,2023,18.6,0.0,78.5,3.2,27,0.0,10,9.2,1.1,232,4.3,20231027
300,2023-10-28,11.5,2023,19.7,0.0,77.6,5.9,28,0.0,10,6.8,0.6,232,1.5,20231028
301,2023-10-29,11.3,2023,20.5,0.0,77.5,9.7,29,0.0,10,3.9,0.5,232,0.3,20231029
302,2023-10-30,12.2,2023,21.3,0.0,78.8,9.6,30,0.0,10,5.8,0.7,232,3.4,20231030
303,2023-10-31,13.5,2023,20.8,0.0,80.5,6.5,31,0.0,10,8.1,0.6,232,4.9,20231031
304,2023-11-01,17.1,2023,23.4,0.0,81.8,2.0,1,0.0,11,10.1,1.2,232,6.3,20231101
305,2023-11-02,18.4,2023,25.8,0.0,68.4,9.4,2,0.0,11,12.2,1.0,232,1.4,20231102
306,2023-11-03,18.2,2023,24.1,0.0,79.9,4.0,3,0.0,11,11.6,1.2,232,6.4,20231103
307,2023-11-04,17.8,2023,21.3,0.0,87.8,0.0,4,0.0,11,15.5,0.8,232,7.9,20231104
308,2023-11-05,19.0,2023,23.7,0.0,81.5,1.0,5,16.9,11,15.6,2.6,232,9.4,20231105
309,2023-11-06,14.9,2023,20.5,0.0,75.4,2.2,6,21.0,11,7.7,4.2,232,7.9,20231106
310,2023-11-07,6.9,2023,10.7,0.0,67.6,8.4,7,0.4,11,1.3,2.3,232,0.5,20231107
311,2023-11-08,6.6,2023,16.6,0.0,73.6,0.0,8,0.0,11,-1.1,0.6,232,2.0,20231108
312,2023-11-09,11.2,2023,19.2,0.0,79.5,0.0,9,0.5,11,2.3,1.0,232,7.4,20231109
313,2023-11-10,5.3,2023,12.5,0.0,49.0,9.3,10,0.0,11,-0.1,2.0,232,2.1,20231110
314,2023-11-11,1.3,2023,6.4,0.0,63.6,6.1,11,0.0,11,-2.5,1.0,232,3.9,20231111
315,2023-11-12,0.8,2023,6.0,0.0,69.0,4.9,12,0.0,11,-3.4,1.0,232,3.3,20231112
316,2023-11-13,1.6,2023,8.0,0.0,68.9,9.7,13,0.0,11,-4.3,1.1,232,0.3,20231113
317,2023-11-14,4.6,2023,11.2,0.0,73.5,0.0,14,0.0,11,-1.7,0.8,232,2.3,20231114
318,2023-11-15,5.2,2023,13.1,0.0,77.6,0.0,15,0.0,11,0.1,0.8,232,2.9,20231115
319,2023-11-16,5.1,2023,7.5,0.0,93.5,0.0,16,8.8,11,1.3,0.7,232,8.3,20231116
320,2023-11-17,2.4,2023,6.7,0.0,76.3,4.1,17,3.2,11,-1.0,1.6,232,6.3,20231117
321,2023-11-18,1.7,2023,6.8,0.0,68.5,0.0,18,0.0,11,-2.7,1.8,232,3.1,20231118
322,2023-11-19,7.2,2023,13.6,0.0,73.8,0.0,19,0.0,11,-0.9,1.6,232,3.4,20231119
323,2023-11-20,4.4,2023,12.6,0.0,66.6,0.0,20,0.0,11,-1.2,0.9,232,0.0,20231120
324,2023-11-21,4.3,2023,14.9,0.0,70.6,9.4,21,0.0,11,-3.2,0.5,232,0.0,20231121
325,2023-11-22,6.7,2023,15.2,0.0,77.8,9.1,22,0.0,11,-2.1,0.7,232,2.9,20231122
326,2023-11-23,10.3,2023,16.3,0.0,67.9,8.0,23,0.0,11,4.3,2.1,232,2.9,20231123
327,2023-11-24,0.6,2023,4.3,0.0,51.5,0.0,24,0.0,11,-2.5,2.6,232,1.4,20231124
328,2023-11-25,-1.9,2023,4.3,0.0,53.1,9.4,25,0.0,11,-7.4,1.0,232,0.9,20231125
329,2023-11-26,3.4,2023,7.7,0.0,57.0,3.0,26,0.0,11,-4.0,0.8,232,5.5,20231126
330,2023-11-27,6.7,2023,10.4,0.0,88.8,0.8,27,5.0,11,4.1,1.4,232,6.1,20231127
331,2023-11-28,2.6,2023,7.1,0.0,68.6,0.0,28,0.0,11,-1.1,1.6,232,3.0,20231128
332,2023-11-29,1.3,2023,5.5,0.0,73.6,0.0,29,1.1,11,-2.3,1.3,232,7.1,20231129
333,2023-11-30,-2.5,2023,0.9,0.0,57.1,0.0,30,0.0,11,-6.1,1.9,232,0.0,20231130
334,2023-12-01,-2.6,2023,2.1,0.0,65.4,0.0,1,0.0,12,-7.4,1.4,232,0.5,20231201
335,2023-12-02,1.3,2023,9.0,0.0,73.3,0.0,2,0.0,12,-6.8,1.1,232,3.4,20231202
336,2023-12-03,0.8,2023,6.8,0.0,60.8,0.0,3,0.0,12,-4.0,1.1,232,0.0,20231203
337,2023-12-04,0.2,2023,9.0,0.0,74.3,0.0,4,0.0,12,-6.2,0.6,232,2.0,20231204
338,2023-12-05,2.5,2023,11.3,0.0,75.1,5.9,5,0.0,12,-3.4,0.6,232,3.6,20231205
339,2023-12-06,5.2,2023,10.9,0.0,82.3,0.0,6,5.1,12,-1.8,1.2,232,5.1,20231206
340,2023-12-07,5.4,2023,12.3,0.0,64.9,8.2,7,0.0,12,-0.8,1.6,232,1.0,20231207
341,2023-12-08,10.4,2023,18.5,0.0,70.8,0.0,8,0.0,12,-0.3,2.0,232,0.8,20231208
342,2023-12-09,13.4,2023,19.1,0.0,79.6,5.8,9,0.0,12,8.2,1.3,232,4.4,20231209
343,2023-12-10,12.3,2023,17.6,0.0,82.3,3.7,10,0.0,12,7.3,0.9,232,8.0,20231210
344,2023-12-11,11.7,2023,14.0,0.0,83.0,0.0,11,21.3,12,8.4,3.3,232,8.1,20231211
345,2023-12-12,7.0,2023,9.8,0.0,73.3,0.2,12,0.0,12,2.6,1.9,232,4.6,20231212
346,2023-12-13,7.9,2023,12.5,0.0,76.1,2.1,13,0.0,12,1.0,1.1,232,7.1,20231213
347,2023-12-14,9.8,2023,10.7,0.0,82.1,0.0,14,19.1,12,8.9,2.6,232,8.8,20231214
348,2023-12-15,7.5,2023,10.1,0.0,96.0,0.0,15,35.0,12,5.6,1.9,232,7.1,20231215
349,2023-12-16,-2.2,2023,5.7,0.0,85.5,0.0,16,1.9,12,-7.9,3.5,232,8.6,20231216
350,2023-12-17,-9.4,2023,-6.0,0.0,65.8,0.0,17,0.0,12,-12.6,1.3,232,0.8,20231217
351,2023-12-18,-7.8,2023,-3.5,0.0,69.9,3.2,18,0.0,12,-13.5,0.7,232,8.6,20231218
352,2023-12-19,-3.4,2023,0.6,0.0,69.8,2.0,19,0.0,12,-9.0,0.5,232,8.4,20231219
353,2023-12-20,-5.6,2023,-1.2,0.0,67.1,0.0,20,0.6,12,-9.6,2.0,232,4.1,20231220
354,2023-12-21,-9.7,2023,-6.6,0.0,60.4,0.0,21,0.0,12,-12.2,1.8,232,1.9,20231221
355,2023-12-22,-10.2,2023,-6.2,0.0,59.0,0.0,22,0.0,12,-14.3,1.6,232,0.1,20231222
356,2023-12-23,-7.5,2023,-2.2,0.0,67.1,0.0,23,0.0,12,-14.7,0.7,232,5.8,20231223
357,2023-12-24,-1.9,2023,2.6,0.0,73.4,6.1,24,0.0,12,-5.0,0.9,232,5.0,20231224
358,2023-12-25,-1.9,2023,1.9,0.0,89.5,3.2,25,0.3,12,-5.6,0.4,232,5.3,20231225
359,2023-12-26,0.8,2023,7.2,0.0,85.6,4.5,26,0.0,12,-2.6,0.6,232,5.9,20231226
360,2023-12-27,0.6,2023,7.7,0.0,85.5,7.9,27,0.0,12,-3.9,0.4,232,1.8,20231227
361,2023-12-28,-0.4,2023,5.8,0.0,90.8,1.7,28,0.0,12,-3.7,0.6,232,4.1,20231228
362,2023-12-29,0.6,2023,6.2,0.0,84.0,3.5,29,0.0,12,-3.0,0.6,232,4.0,20231229
363,2023-12-30,0.1,2023,2.7,0.0,93.0,0.0,30,2.9,12,-4.3,0.9,232,6.5,20231230
364,2023-12-31,3.4,2023,5.1,0.0,90.4,0.0,31,3.3,12,2.1,1.4,232,4.5,20231231
