,month,tavg,rainfall,year,date,tmin,cloud,tmax,day,snow,wind,station_id,Date,sunshine,humid
0,1,-8.8,0.0,2011,20110101,-14.8,2.8,-2.2,1,0.0,1.7,232,2011-01-01,7.3,75.1
1,1,-7.2,0.0,2011,20110102,-14.0,1.5,0.1,2,0.0,1.3,232,2011-01-02,8.3,77.1
2,1,-6.0,0.0,2011,20110103,-13.2,4.3,-0.5,3,0.0,1.3,232,2011-01-03,4.3,75.1
3,1,-4.1,0.0,2011,20110104,-10.9,6.8,1.0,4,0.0,1.0,232,2011-01-04,0.8,81.6
4,1,-1.5,0.2,2011,20110105,-4.2,7.9,0.8,5,0.5,3.4,232,2011-01-05,0.5,70.6
5,1,-5.9,0.0,2011,20110106,-8.8,2.9,-3.3,6,0.2,3.0,232,2011-01-06,8.6,60.3
6,1,-8.2,0.0,2011,20110107,-15.0,0.0,-1.4,7,0.0,1.4,232,2011-01-07,8.7,69.8
7,1,-4.6,0.0,2011,20110108,-12.4,5.0,3.5,8,0.0,1.2,232,2011-01-08,2.8,81.6
8,1,-4.8,0.0,2011,20110109,-10.2,3.0,-0.2,9,0.0,4.0,232,2011-01-09,6.6,57.8
9,1,-9.1,0.0,2011,20110110,-15.9,2.1,-3.5,10,0.0,1.8,232,2011-01-10,7.4,57.3
10,1,-4.3,1.3,2011,20110111,-10.5,6.6,0.9,11,2.4,2.0,232,2011-01-11,2.8,62.9
11,1,-7.2,0.0,2011,20110112,-12.4,0.8,-3.4,12,0.0,3.3,232,2011-01-12,8.9,51.9
12,1,-8.1,0.0,2011,20110113,-15.9,0.3,1.0,13,0.0,0.8,232,2011-01-13,8.9,63.4
13,1,-2.8,0.0,2011,20110114,-9.7,7.0,3.0,14,0.0,3.0,232,2011-01-14,2.0,56.6
14,1,-9.9,0.4,2011,20110115,-14.2,4.9,-3.4,15,0.7,5.3,232,2011-01-15,4.3,47.1
15,1,-12.4,0.0,2011,20110116,-16.2,3.4,-7.7,16,0.0,2.8,232,2011-01-16,6.7,64.3
16,1,-10.5,0.0,2011,20110117,-18.3,0.0,-2.8,17,0.0,1.4,232,2011-01-17,9.0,69.4
17,1,-7.3,0.0,2011,20110118,-13.8,4.5,1.0,18,0.0,1.5,232,2011-01-18,6.2,65.6
18,1,-6.3,0.0,2011,20110119,-10.7,3.3,-1.5,19,0.0,1.6,232,2011-01-19,8.9,63.9
19,1,-7.4,0.0,2011,20110120,-12.3,3.0,-3.3,20,0.0,2.3,232,2011-01-20,8.9,60.1
20,1,-7.7,0.0,2011,20110121,-12.1,3.6,-1.8,21,0.0,1.7,232,2011-01-21,7.8,65.4
21,1,-4.8,0.0,2011,20110122,-11.7,3.3,1.3,22,0.0,2.0,232,2011-01-22,6.2,58.6
22,1,-3.4,3.9,2011,20110123,-9.8,8.0,1.7,23,5.3,2.7,232,2011-01-23,2.0,69.3
23,1,-7.1,1.7,2011,20110124,-9.9,7.5,-3.5,24,2.6,2.4,232,2011-01-24,3.2,76.6
24,1,-9.0,0.0,2011,20110125,-15.4,2.5,-2.8,25,0.0,1.2,232,2011-01-25,8.3,76.5
25,1,-8.8,0.0,2011,20110126,-14.6,1.9,-3.3,26,0.0,2.0,232,2011-01-26,8.6,70.9
26,1,-8.0,0.0,2011,20110127,-14.8,4.0,-3.8,27,0.0,2.5,232,2011-01-27,8.1,54.6
27,1,-6.6,0.0,2011,20110128,-11.4,4.1,-3.0,28,0.0,2.4,232,2011-01-28,8.6,50.8
28,1,-7.9,0.4,2011,20110129,-13.2,3.8,-4.0,29,0.9,2.9,232,2011-01-29,8.3,60.6
29,1,-7.9,0.0,2011,20110130,-13.0,1.6,-4.1,30,0.0,3.5,232,2011-01-30,9.3,49.6
30,1,-7.1,0.0,2011,20110131,-16.1,1.0,1.0,31,0.0,1.8,232,2011-01-31,7.7,64.9
31,2,-2.5,0.0,2011,20110201,-10.5,2.0,7.8,1,0.0,1.2,232,2011-02-01,8.6,72.9
32,2,-0.2,0.0,2011,20110202,-6.1,1.6,8.1,2,0.0,0.9,232,2011-02-02,8.6,70.4
33,2,0.3,0.0,2011,20110203,-5.9,1.6,7.8,3,0.0,1.2,232,2011-02-03,5.2,76.9
34,2,0.7,0.0,2011,20110204,-3.7,5.0,6.7,4,0.0,1.3,232,2011-02-04,3.9,79.8
35,2,1.1,0.0,2011,20110205,-2.7,5.8,6.6,5,0.0,1.3,232,2011-02-05,5.8,71.5
36,2,1.3,0.0,2011,20110206,-2.9,7.5,5.0,6,0.0,1.2,232,2011-02-06,0.5,72.3
37,2,1.5,0.0,2011,20110207,-0.7,5.4,5.8,7,0.0,1.8,232,2011-02-07,1.6,70.4
38,2,3.0,0.0,2011,20110208,-1.2,5.9,9.0,8,0.0,1.7,232,2011-02-08,2.0,59.9
39,2,-0.7,0.0,2011,20110209,-3.6,2.6,1.7,9,0.0,3.8,232,2011-02-09,7.2,61.1
40,2,-2.6,0.0,2011,20110210,-5.9,4.6,2.0,10,0.0,1.6,232,2011-02-10,2.6,58.4
41,2,-2.5,0.0,2011,20110211,-6.8,0.6,3.2,11,0.0,2.9,232,2011-02-11,9.4,58.5
42,2,-4.8,0.0,2011,20110212,-9.0,0.8,-1.4,12,0.0,3.7,232,2011-02-12,8.8,55.1
43,2,-4.8,0.0,2011,20110213,-11.6,4.1,1.3,13,0.0,1.6,232,2011-02-13,8.4,56.9
44,2,-3.3,0.0,2011,20110214,-7.4,7.1,-0.4,14,0.0,1.8,232,2011-02-14,0.7,61.5
45,2,-2.3,0.0,2011,20110215,-8.3,0.0,4.9,15,0.0,1.5,232,2011-02-15,9.2,61.4
46,2,-1.2,0.0,2011,20110216,-8.9,6.4,5.2,16,0.0,1.5,232,2011-02-16,2.6,67.1
47,2,0.0,2.0,2011,20110217,-1.7,6.6,3.0,17,2.2,2.2,232,2011-02-17,0.0,79.5
48,2,0.2,0.0,2011,20110218,-6.2,0.0,8.1,18,0.0,1.2,232,2011-02-18,9.3,67.9
49,2,0.2,0.0,2011,20110219,-6.0,4.3,7.6,19,0.0,1.5,232,2011-02-19,9.2,58.3
50,2,3.6,0.0,2011,20110220,-5.8,2.5,13.2,20,0.0,1.2,232,2011-02-20,8.8,54.8
51,2,5.2,0.0,2011,20110221,-1.2,1.1,12.7,21,0.0,2.3,232,2011-02-21,10.2,47.8
52,2,3.9,0.0,2011,20110222,-4.1,1.5,13.9,22,0.0,1.4,232,2011-02-22,9.2,58.9
53,2,4.1,0.0,2011,20110223,-3.5,1.4,12.9,23,0.0,1.7,232,2011-02-23,8.8,63.9
54,2,5.4,0.0,2011,20110224,-2.7,2.3,13.4,24,0.0,1.7,232,2011-02-24,9.1,71.9
55,2,2.0,0.0,2011,20110225,-3.9,3.6,6.5,25,0.0,3.6,232,2011-02-25,7.7,57.4
56,2,5.4,0.0,2011,20110226,-4.8,5.0,13.5,26,0.0,2.2,232,2011-02-26,8.4,47.4
57,2,6.4,28.5,2011,20110227,4.8,10.0,8.1,27,0.0,3.0,232,2011-02-27,0.0,84.9
58,2,5.5,0.5,2011,20110228,3.6,10.0,8.4,28,0.0,2.4,232,2011-02-28,0.0,80.8
59,3,1.0,3.0,2011,20110301,-1.2,7.1,4.5,1,0.3,4.0,232,2011-03-01,0.0,83.5
60,3,-0.8,0.0,2011,20110302,-3.2,0.3,2.1,2,0.0,4.2,232,2011-03-02,10.2,50.1
61,3,-1.2,0.0,2011,20110303,-6.7,0.0,1.9,3,0.0,3.6,232,2011-03-03,10.6,49.5
62,3,0.0,0.0,2011,20110304,-6.1,0.0,5.1,4,0.0,2.9,232,2011-03-04,10.8,55.0
63,3,1.0,0.0,2011,20110305,-5.2,4.0,7.8,5,0.0,1.5,232,2011-03-05,4.3,64.9
64,3,3.5,0.0,2011,20110306,-2.2,7.3,9.9,6,0.0,1.8,232,2011-03-06,6.2,70.8
65,3,1.9,0.0,2011,20110307,-0.6,0.4,5.5,7,0.0,4.7,232,2011-03-07,10.5,57.8
66,3,2.1,0.0,2011,20110308,-4.4,0.9,8.0,8,0.0,3.3,232,2011-03-08,9.1,50.0
67,3,1.3,0.0,2011,20110309,-2.4,1.4,5.5,9,0.0,4.4,232,2011-03-09,9.6,47.6
68,3,1.8,0.0,2011,20110310,-6.0,0.9,7.7,10,0.0,2.5,232,2011-03-10,8.6,59.9
69,3,3.4,0.0,2011,20110311,-4.4,1.1,11.3,11,0.0,2.2,232,2011-03-11,10.2,50.9
70,3,7.4,0.0,2011,20110312,-1.2,2.5,15.7,12,0.0,2.9,232,2011-03-12,9.9,46.6
71,3,9.6,0.0,2011,20110313,1.3,4.3,18.8,13,0.0,1.4,232,2011-03-13,7.1,57.6
72,3,7.1,0.0,2011,20110314,4.3,8.3,10.3,14,0.0,2.2,232,2011-03-14,0.0,78.4
73,3,2.5,0.0,2011,20110315,-0.9,3.6,6.8,15,0.0,5.6,232,2011-03-15,8.9,48.1
74,3,1.0,0.0,2011,20110316,-1.1,2.1,5.1,16,0.0,4.7,232,2011-03-16,10.2,37.8
75,3,0.7,0.0,2011,20110317,-6.3,0.0,7.1,17,0.0,2.7,232,2011-03-17,11.1,45.4
76,3,5.9,0.0,2011,20110318,-5.0,3.4,14.7,18,0.0,2.2,232,2011-03-18,5.8,37.5
77,3,10.4,0.0,2011,20110319,6.6,6.9,15.2,19,0.0,3.0,232,2011-03-19,6.1,40.6
78,3,5.4,14.5,2011,20110320,1.9,8.6,8.7,20,0.0,1.8,232,2011-03-20,0.7,77.4
79,3,7.2,0.0,2011,20110321,2.5,8.3,13.2,21,0.0,2.9,232,2011-03-21,4.3,60.8
80,3,2.4,0.0,2011,20110322,-0.2,2.8,5.6,22,0.0,5.1,232,2011-03-22,10.4,39.0
81,3,1.7,0.0,2011,20110323,-5.2,0.5,7.3,23,0.0,2.5,232,2011-03-23,10.9,44.8
82,3,3.3,9.0,2011,20110324,-2.0,5.8,10.3,24,1.5,2.4,232,2011-03-24,6.3,64.9
83,3,2.4,0.0,2011,20110325,0.1,1.1,5.8,25,0.0,5.0,232,2011-03-25,11.0,54.8
84,3,2.5,0.0,2011,20110326,-3.8,1.0,8.4,26,0.0,2.6,232,2011-03-26,10.5,54.3
85,3,5.1,0.0,2011,20110327,-4.0,5.4,11.4,27,0.0,2.2,232,2011-03-27,7.8,45.1
86,3,5.6,0.0,2011,20110328,0.0,4.0,10.7,28,0.0,2.9,232,2011-03-28,8.4,58.5
87,3,3.8,0.0,2011,20110329,-3.5,0.9,10.1,29,0.0,2.4,232,2011-03-29,10.4,61.4
88,3,6.4,0.0,2011,20110330,-2.3,0.0,15.1,30,0.0,2.2,232,2011-03-30,11.1,61.3
89,3,7.8,0.0,2011,20110331,-0.7,0.3,19.0,31,0.0,2.3,232,2011-03-31,9.0,59.0
90,4,8.0,0.0,2011,20110401,-1.3,1.0,18.4,1,0.0,2.0,232,2011-04-01,11.0,48.3
91,4,7.9,0.0,2011,20110402,0.6,8.8,13.6,2,0.0,1.2,232,2011-04-02,0.0,52.1
92,4,9.0,0.0,2011,20110403,3.8,5.4,14.7,3,0.0,2.3,232,2011-04-03,4.5,61.3
93,4,8.5,0.0,2011,20110404,1.0,0.0,16.8,4,0.0,2.0,232,2011-04-04,10.9,47.1
94,4,8.7,0.0,2011,20110405,-0.9,0.0,18.5,5,0.0,1.8,232,2011-04-05,11.8,36.6
95,4,9.8,0.0,2011,20110406,-1.2,6.0,19.1,6,0.0,1.9,232,2011-04-06,6.9,40.8
96,4,10.6,14.0,2011,20110407,7.9,10.0,14.7,7,0.0,2.2,232,2011-04-07,0.0,90.0
97,4,10.6,0.0,2011,20110408,4.7,5.4,17.6,8,0.0,2.6,232,2011-04-08,7.0,65.0
98,4,9.7,0.0,2011,20110409,1.0,0.6,18.3,9,0.0,1.9,232,2011-04-09,10.5,52.4
99,4,12.1,0.5,2011,20110410,7.0,6.9,18.9,10,0.0,3.1,232,2011-04-10,0.3,47.3
100,4,9.5,0.0,2011,20110411,4.4,1.3,14.5,11,0.0,4.4,232,2011-04-11,11.8,42.8
101,4,8.8,0.0,2011,20110412,-0.9,0.0,18.0,12,0.0,2.3,232,2011-04-12,12.0,37.4
102,4,9.8,0.0,2011,20110413,0.2,0.0,19.6,13,0.0,2.4,232,2011-04-13,11.4,43.9
103,4,11.2,0.0,2011,20110414,1.2,3.8,20.2,14,0.0,1.6,232,2011-04-14,9.9,44.1
104,4,14.7,0.0,2011,20110415,7.5,5.8,25.0,15,0.0,3.1,232,2011-04-15,8.6,66.4
105,4,10.7,0.0,2011,20110416,4.4,0.0,19.1,16,0.0,2.5,232,2011-04-16,12.1,42.1
106,4,12.5,0.0,2011,20110417,4.8,3.5,21.3,17,0.0,2.9,232,2011-04-17,10.7,49.5
107,4,7.7,0.4,2011,20110418,4.8,9.3,11.3,18,0.0,3.3,232,2011-04-18,0.3,70.1
108,4,10.6,0.0,2011,20110419,3.9,2.9,16.2,19,0.0,2.8,232,2011-04-19,10.8,47.0
109,4,10.9,0.0,2011,20110420,3.1,0.8,18.8,20,0.0,2.7,232,2011-04-20,10.8,52.0
110,4,12.5,0.0,2011,20110421,4.4,8.1,19.1,21,0.0,2.0,232,2011-04-21,2.5,38.4
111,4,10.0,20.5,2011,20110422,8.5,10.0,12.3,22,0.0,2.6,232,2011-04-22,0.0,86.0
112,4,9.6,0.0,2011,20110423,3.5,1.4,14.8,23,0.0,4.2,232,2011-04-23,12.0,56.9
113,4,9.6,0.1,2011,20110424,2.3,3.3,15.2,24,0.0,3.3,232,2011-04-24,9.5,57.3
114,4,11.7,0.5,2011,20110425,3.3,5.4,18.6,25,0.0,3.0,232,2011-04-25,7.8,54.5
115,4,11.6,0.5,2011,20110426,9.6,10.0,13.7,26,0.0,2.7,232,2011-04-26,0.0,79.5
116,4,11.8,0.2,2011,20110427,6.1,6.5,16.0,27,0.0,3.4,232,2011-04-27,2.3,70.5
117,4,10.1,1.0,2011,20110428,4.8,3.5,15.4,28,0.0,3.5,232,2011-04-28,8.5,57.8
118,4,14.3,3.0,2011,20110429,4.5,7.0,20.8,29,0.0,2.9,232,2011-04-29,2.6,45.9
119,4,16.7,92.5,2011,20110430,14.0,10.0,20.9,30,0.0,3.6,232,2011-04-30,0.0,83.6
120,5,13.8,3.5,2011,20110501,10.3,3.6,16.2,1,0.0,4.0,232,2011-05-01,8.2,69.8
121,5,14.5,0.0,2011,20110502,7.9,3.6,21.4,2,0.0,1.7,232,2011-05-02,9.9,60.8
122,5,15.3,0.0,2011,20110503,10.0,2.9,21.1,3,0.0,2.6,232,2011-05-03,9.8,54.9
123,5,15.0,0.0,2011,20110504,6.4,4.4,22.9,4,0.0,1.5,232,2011-05-04,9.5,53.0
124,5,17.2,0.0,2011,20110505,10.8,0.5,24.9,5,0.0,2.6,232,2011-05-05,11.7,45.9
125,5,16.6,0.1,2011,20110506,10.4,7.9,21.4,6,0.0,2.6,232,2011-05-06,0.2,61.5
126,5,17.5,0.1,2011,20110507,13.5,5.4,25.5,7,0.0,2.5,232,2011-05-07,6.3,75.5
127,5,19.1,0.0,2011,20110508,12.5,6.5,25.4,8,0.0,1.3,232,2011-05-08,5.4,53.9
128,5,22.2,0.1,2011,20110509,15.3,9.8,28.2,9,0.0,3.8,232,2011-05-09,0.2,69.0
129,5,18.8,54.5,2011,20110510,17.1,10.0,20.6,10,0.0,1.5,232,2011-05-10,0.0,91.0
130,5,17.1,27.5,2011,20110511,15.0,7.1,20.0,11,0.0,3.7,232,2011-05-11,1.0,80.6
131,5,16.0,1.0,2011,20110512,12.7,6.4,21.4,12,0.0,2.9,232,2011-05-12,1.0,69.0
132,5,15.7,0.0,2011,20110513,9.0,0.0,21.1,13,0.0,3.6,232,2011-05-13,12.4,51.1
133,5,16.9,0.0,2011,20110514,9.7,0.0,23.5,14,0.0,3.0,232,2011-05-14,12.2,41.8
134,5,19.0,0.0,2011,20110515,11.3,2.9,26.0,15,0.0,3.7,232,2011-05-15,11.0,43.3
135,5,16.7,0.0,2011,20110516,10.9,1.6,22.8,16,0.0,2.3,232,2011-05-16,12.3,53.1
136,5,16.2,0.0,2011,20110517,7.3,1.0,24.2,17,0.0,1.8,232,2011-05-17,11.4,50.1
137,5,20.7,0.0,2011,20110518,11.1,4.6,26.8,18,0.0,3.4,232,2011-05-18,8.1,45.5
138,5,21.4,0.0,2011,20110519,17.2,4.4,27.6,19,0.0,3.2,232,2011-05-19,7.7,57.1
139,5,20.1,3.0,2011,20110520,17.0,9.1,23.9,20,0.0,2.3,232,2011-05-20,0.3,79.3
140,5,15.5,7.0,2011,20110521,14.0,10.0,17.3,21,0.0,1.6,232,2011-05-21,0.0,87.8
141,5,17.7,0.0,2011,20110522,12.5,8.4,23.5,22,0.0,1.7,232,2011-05-22,6.5,62.5
142,5,17.9,0.0,2011,20110523,12.8,5.5,24.9,23,0.0,1.3,232,2011-05-23,5.5,63.4
143,5,18.9,0.0,2011,20110524,9.5,5.0,27.9,24,0.0,1.4,232,2011-05-24,8.6,56.6
144,5,20.9,0.0,2011,20110525,14.4,8.8,27.8,25,0.0,1.6,232,2011-05-25,1.8,54.8
145,5,18.0,5.0,2011,20110526,15.4,9.0,22.2,26,0.0,2.8,232,2011-05-26,0.2,61.4
146,5,18.3,0.0,2011,20110527,14.9,7.4,22.7,27,0.0,1.4,232,2011-05-27,0.8,69.3
147,5,19.9,0.0,2011,20110528,13.1,5.3,27.7,28,0.0,1.7,232,2011-05-28,9.3,65.4
148,5,21.7,0.0,2011,20110529,13.7,1.4,29.9,29,0.0,1.8,232,2011-05-29,11.3,57.3
149,5,21.9,0.0,2011,20110530,15.4,6.4,29.5,30,0.0,1.7,232,2011-05-30,7.7,50.8
150,5,20.1,1.5,2011,20110531,16.2,10.0,23.4,31,0.0,2.3,232,2011-05-31,0.0,64.6
151,6,18.3,36.5,2011,20110601,15.3,8.1,23.9,1,0.0,2.0,232,2011-06-01,2.6,83.0
152,6,19.7,0.0,2011,20110602,15.6,4.3,25.7,2,0.0,2.0,232,2011-06-02,7.7,74.4
153,6,20.1,0.0,2011,20110603,14.3,2.8,27.0,3,0.0,2.3,232,2011-06-03,10.6,66.0
154,6,20.4,0.0,2011,20110604,17.4,6.9,24.7,4,0.0,2.6,232,2011-06-04,5.1,75.1
155,6,21.4,0.0,2011,20110605,16.2,4.1,28.0,5,0.0,1.8,232,2011-06-05,11.6,62.3
156,6,20.7,0.0,2011,20110606,13.1,6.0,28.2,6,0.0,1.5,232,2011-06-06,7.7,57.3
157,6,21.1,0.0,2011,20110607,13.2,3.3,29.0,7,0.0,1.6,232,2011-06-07,9.2,60.0
158,6,22.3,0.0,2011,20110608,15.7,3.1,28.9,8,0.0,2.0,232,2011-06-08,9.4,61.5
159,6,21.1,0.0,2011,20110609,16.8,7.8,26.0,9,0.0,1.8,232,2011-06-09,4.7,76.5
160,6,22.1,0.0,2011,20110610,19.2,9.6,26.1,10,0.0,1.6,232,2011-06-10,0.2,74.9
161,6,23.6,0.0,2011,20110611,17.5,3.5,30.9,11,0.0,1.8,232,2011-06-11,12.2,60.1
162,6,23.2,0.0,2011,20110612,16.4,4.8,31.2,12,0.0,1.7,232,2011-06-12,10.0,54.5
163,6,21.8,0.1,2011,20110613,18.4,4.3,27.0,13,0.0,2.1,232,2011-06-13,8.9,66.0
164,6,22.3,0.0,2011,20110614,16.3,4.8,29.8,14,0.0,1.6,232,2011-06-14,9.4,65.4
165,6,23.9,0.0,2011,20110615,16.5,5.3,30.8,15,0.0,1.8,232,2011-06-15,11.0,57.9
166,6,24.6,0.0,2011,20110616,16.6,0.8,31.2,16,0.0,2.3,232,2011-06-16,12.8,50.6
167,6,23.2,0.0,2011,20110617,18.5,7.5,30.5,17,0.0,2.4,232,2011-06-17,5.2,53.8
168,6,23.0,0.0,2011,20110618,17.9,7.3,28.6,18,0.0,1.8,232,2011-06-18,5.1,61.8
169,6,24.9,0.0,2011,20110619,17.0,0.9,32.5,19,0.0,1.7,232,2011-06-19,12.0,59.5
170,6,24.9,0.0,2011,20110620,19.4,0.4,31.8,20,0.0,2.1,232,2011-06-20,12.4,60.9
171,6,24.1,0.0,2011,20110621,17.5,2.4,31.0,21,0.0,1.7,232,2011-06-21,11.7,64.9
172,6,23.8,5.0,2011,20110622,20.3,9.9,27.8,22,0.0,1.8,232,2011-06-22,1.8,84.3
173,6,24.6,28.0,2011,20110623,23.0,10.0,27.3,23,0.0,2.5,232,2011-06-23,0.0,85.6
174,6,21.1,157.5,2011,20110624,19.7,10.0,23.5,24,0.0,1.4,232,2011-06-24,0.0,92.3
175,6,20.1,34.5,2011,20110625,19.3,10.0,21.3,25,0.0,3.2,232,2011-06-25,0.0,87.5
176,6,22.4,12.5,2011,20110626,18.9,9.6,27.2,26,0.0,4.1,232,2011-06-26,0.6,79.0
177,6,21.1,3.5,2011,20110627,19.9,9.4,23.2,27,0.0,3.1,232,2011-06-27,0.0,81.6
178,6,24.5,1.0,2011,20110628,17.1,5.8,31.9,28,0.0,1.8,232,2011-06-28,9.6,72.6
179,6,23.6,69.0,2011,20110629,22.0,9.6,28.3,29,0.0,2.2,232,2011-06-29,0.0,86.5
180,6,25.3,27.0,2011,20110630,22.2,9.6,27.9,30,0.0,1.9,232,2011-06-30,0.2,83.9
181,7,25.4,0.0,2011,20110701,22.7,7.6,30.6,1,0.0,1.2,232,2011-07-01,2.7,82.0
182,7,26.1,13.0,2011,20110702,22.8,8.5,31.2,2,0.0,1.0,232,2011-07-02,1.1,84.1
183,7,24.3,85.0,2011,20110703,22.0,10.0,26.7,3,0.0,2.3,232,2011-07-03,0.0,89.8
184,7,24.1,4.0,2011,20110704,19.8,4.0,29.3,4,0.0,2.3,232,2011-07-04,10.8,77.3
185,7,23.9,0.0,2011,20110705,18.1,2.9,31.3,5,0.0,1.7,232,2011-07-05,10.2,74.9
186,7,24.2,0.0,2011,20110706,18.4,7.6,30.3,6,0.0,1.2,232,2011-07-06,3.8,75.4
187,7,24.1,59.5,2011,20110707,22.6,10.0,25.8,7,0.0,2.0,232,2011-07-07,0.0,88.3
188,7,23.3,37.5,2011,20110708,22.2,10.0,25.3,8,0.0,1.2,232,2011-07-08,0.0,91.3
189,7,24.7,23.5,2011,20110709,22.4,9.3,27.7,9,0.0,1.6,232,2011-07-09,0.4,86.8
190,7,22.6,30.0,2011,20110710,21.1,10.0,24.6,10,0.0,1.9,232,2011-07-10,0.0,89.9
191,7,21.3,68.5,2011,20110711,20.4,10.0,22.8,11,0.0,2.1,232,2011-07-11,0.0,91.8
192,7,23.3,68.0,2011,20110712,21.0,10.0,25.5,12,0.0,1.7,232,2011-07-12,0.0,91.3
193,7,25.0,1.5,2011,20110713,23.1,10.0,26.6,13,0.0,2.0,232,2011-07-13,0.0,87.9
194,7,25.7,25.0,2011,20110714,24.0,10.0,30.2,14,0.0,2.0,232,2011-07-14,0.1,86.9
195,7,25.5,18.0,2011,20110715,23.2,9.9,29.9,15,0.0,2.2,232,2011-07-15,0.8,86.8
196,7,26.3,8.5,2011,20110716,23.8,8.3,30.5,16,0.0,1.5,232,2011-07-16,2.6,86.3
197,7,27.1,0.0,2011,20110717,24.5,7.8,32.3,17,0.0,1.8,232,2011-07-17,2.8,81.6
198,7,28.2,0.0,2011,20110718,22.6,3.1,33.7,18,0.0,2.1,232,2011-07-18,10.7,71.4
199,7,28.4,0.0,2011,20110719,22.7,2.3,33.1,19,0.0,3.5,232,2011-07-19,11.9,63.3
200,7,27.9,0.0,2011,20110720,21.8,1.1,33.1,20,0.0,2.3,232,2011-07-20,13.0,59.0
201,7,27.0,0.0,2011,20110721,21.7,5.5,33.1,21,0.0,2.0,232,2011-07-21,9.0,69.1
202,7,24.2,1.0,2011,20110722,22.2,9.6,27.0,22,0.0,1.7,232,2011-07-22,0.0,87.0
203,7,26.0,0.1,2011,20110723,22.8,7.6,30.2,23,0.0,1.0,232,2011-07-23,1.8,82.0
204,7,24.6,49.0,2011,20110724,23.2,9.9,27.2,24,0.0,1.4,232,2011-07-24,0.2,90.4
205,7,26.3,0.0,2011,20110725,23.0,8.4,30.3,25,0.0,1.7,232,2011-07-25,1.7,81.1
206,7,26.6,15.5,2011,20110726,23.9,9.0,30.9,26,0.0,2.6,232,2011-07-26,1.1,80.9
207,7,27.9,56.0,2011,20110727,24.8,8.6,30.5,27,0.0,2.2,232,2011-07-27,0.7,79.3
208,7,27.9,0.0,2011,20110728,25.3,7.9,31.4,28,0.0,2.8,232,2011-07-28,2.7,74.1
209,7,26.4,57.5,2011,20110729,24.4,9.1,30.2,29,0.0,1.2,232,2011-07-29,1.3,86.6
210,7,27.5,13.5,2011,20110730,24.6,8.3,32.2,30,0.0,1.4,232,2011-07-30,4.7,82.4
211,7,26.4,10.5,2011,20110731,24.3,9.4,29.1,31,0.0,1.7,232,2011-07-31,0.3,86.3
212,8,26.4,1.0,2011,20110801,24.2,9.3,29.4,1,0.0,1.8,232,2011-08-01,0.2,84.9
213,8,27.4,0.0,2011,20110802,24.0,6.4,31.9,2,0.0,1.6,232,2011-08-02,4.6,79.8
214,8,26.5,19.0,2011,20110803,23.6,7.9,31.6,3,0.0,2.2,232,2011-08-03,3.1,81.4
215,8,27.0,0.0,2011,20110804,23.9,8.0,32.1,4,0.0,1.9,232,2011-08-04,1.1,83.4
216,8,29.0,0.0,2011,20110805,23.8,2.5,34.3,5,0.0,1.5,232,2011-08-05,10.8,72.5
217,8,28.5,0.0,2011,20110806,24.6,6.9,31.5,6,0.0,2.6,232,2011-08-06,3.2,72.9
218,8,28.0,20.5,2011,20110807,24.1,8.4,32.3,7,0.0,4.8,232,2011-08-07,2.9,72.8
219,8,26.2,27.0,2011,20110808,24.0,8.9,28.1,8,0.0,5.0,232,2011-08-08,0.0,78.5
220,8,24.2,16.0,2011,20110809,22.6,8.8,26.6,9,0.0,2.0,232,2011-08-09,0.5,89.4
221,8,26.1,0.0,2011,20110810,24.2,9.1,28.5,10,0.0,1.7,232,2011-08-10,0.5,87.0
222,8,27.1,0.5,2011,20110811,24.1,8.3,31.7,11,0.0,1.8,232,2011-08-11,5.8,84.1
223,8,25.4,53.5,2011,20110812,24.0,9.6,29.9,12,0.0,1.4,232,2011-08-12,0.1,89.9
224,8,26.0,13.0,2011,20110813,24.2,8.5,28.5,13,0.0,1.6,232,2011-08-13,0.3,85.9
225,8,26.4,9.5,2011,20110814,23.9,8.3,31.1,14,0.0,1.8,232,2011-08-14,2.5,86.0
226,8,25.9,0.0,2011,20110815,22.8,7.6,30.5,15,0.0,1.1,232,2011-08-15,1.0,86.0
227,8,26.7,27.0,2011,20110816,23.9,8.9,30.4,16,0.0,1.7,232,2011-08-16,1.4,86.9
228,8,25.4,73.5,2011,20110817,23.7,10.0,27.0,17,0.0,1.2,232,2011-08-17,0.0,91.9
229,8,25.1,1.5,2011,20110818,23.1,7.8,29.7,18,0.0,2.0,232,2011-08-18,3.3,85.0
230,8,24.0,1.0,2011,20110819,21.4,9.4,27.8,19,0.0,1.4,232,2011-08-19,0.0,85.4
231,8,21.4,3.0,2011,20110820,19.0,8.0,24.7,20,0.0,0.9,232,2011-08-20,0.9,88.3
232,8,22.9,0.0,2011,20110821,18.3,5.8,29.6,21,0.0,1.0,232,2011-08-21,6.4,80.9
233,8,22.7,0.0,2011,20110822,18.5,5.5,27.7,22,0.0,1.8,232,2011-08-22,5.3,78.1
234,8,22.2,0.0,2011,20110823,16.7,4.9,28.2,23,0.0,1.6,232,2011-08-23,8.7,74.1
235,8,22.5,0.2,2011,20110824,18.0,8.6,27.2,24,0.0,1.7,232,2011-08-24,2.3,75.1
236,8,24.0,2.0,2011,20110825,20.3,8.0,29.1,25,0.0,1.5,232,2011-08-25,2.8,79.4
237,8,24.7,0.0,2011,20110826,21.1,8.4,28.0,26,0.0,2.5,232,2011-08-26,1.7,75.1
238,8,25.9,0.0,2011,20110827,22.0,6.1,30.1,27,0.0,2.4,232,2011-08-27,6.9,74.5
239,8,26.1,0.0,2011,20110828,22.8,4.8,32.3,28,0.0,1.8,232,2011-08-28,9.3,75.8
240,8,26.1,0.0,2011,20110829,21.9,5.9,33.0,29,0.0,1.6,232,2011-08-29,5.4,79.4
241,8,25.6,0.0,2011,20110830,22.8,9.0,30.7,30,0.0,1.3,232,2011-08-30,0.6,82.5
242,8,26.4,0.0,2011,20110831,21.5,3.5,32.8,31,0.0,1.4,232,2011-08-31,9.8,74.1
243,9,25.1,0.0,2011,20110901,19.2,0.4,31.5,1,0.0,1.9,232,2011-09-01,10.9,76.9
244,9,26.2,0.0,2011,20110902,20.6,0.8,32.0,2,0.0,1.8,232,2011-09-02,9.1,68.6
245,9,25.0,0.0,2011,20110903,19.1,1.5,30.3,3,0.0,3.1,232,2011-09-03,10.6,57.8
246,9,23.1,0.0,2011,20110904,17.5,3.5,29.3,4,0.0,2.1,232,2011-09-04,6.0,59.3
247,9,21.6,0.0,2011,20110905,16.7,1.4,28.7,5,0.0,2.1,232,2011-09-05,10.9,67.0
248,9,21.3,0.0,2011,20110906,15.3,0.1,29.0,6,0.0,1.9,232,2011-09-06,12.1,67.6
249,9,20.9,0.0,2011,20110907,13.8,4.6,27.4,7,0.0,1.2,232,2011-09-07,4.7,70.4
250,9,20.5,0.2,2011,20110908,19.1,9.1,24.1,8,0.0,1.0,232,2011-09-08,0.6,80.8
251,9,19.1,0.5,2011,20110909,17.1,10.0,20.6,9,0.0,0.9,232,2011-09-09,0.0,86.9
252,9,19.4,4.0,2011,20110910,17.5,10.0,21.2,10,0.0,1.7,232,2011-09-10,0.0,87.9
253,9,20.8,81.0,2011,20110911,18.8,10.0,23.6,11,0.0,1.7,232,2011-09-11,0.1,91.3
254,9,23.7,0.5,2011,20110912,20.9,7.9,29.3,12,0.0,1.3,232,2011-09-12,4.2,81.6
255,9,24.4,0.0,2011,20110913,20.5,7.9,29.7,13,0.0,1.2,232,2011-09-13,3.9,81.8
256,9,24.6,0.0,2011,20110914,21.0,3.5,30.0,14,0.0,1.2,232,2011-09-14,4.8,81.1
257,9,24.7,0.0,2011,20110915,20.4,3.1,31.5,15,0.0,1.4,232,2011-09-15,7.5,78.8
258,9,24.8,0.0,2011,20110916,20.1,2.6,31.1,16,0.0,1.2,232,2011-09-16,9.4,76.9
259,9,24.7,47.5,2011,20110917,20.2,5.1,32.5,17,0.0,1.7,232,2011-09-17,5.5,81.1
260,9,21.8,0.5,2011,20110918,19.0,8.9,25.0,18,0.0,2.9,232,2011-09-18,0.2,75.9
261,9,17.3,0.5,2011,20110919,15.2,8.9,19.2,19,0.0,3.7,232,2011-09-19,0.0,63.4
262,9,17.1,0.0,2011,20110920,11.4,5.8,21.9,20,0.0,1.9,232,2011-09-20,4.1,60.8
263,9,16.8,0.0,2011,20110921,10.2,2.9,23.7,21,0.0,2.0,232,2011-09-21,10.0,63.1
264,9,16.0,0.0,2011,20110922,8.8,0.0,23.7,22,0.0,1.7,232,2011-09-22,11.5,66.8
265,9,17.3,0.0,2011,20110923,10.2,0.8,25.9,23,0.0,1.1,232,2011-09-23,10.0,67.4
266,9,17.8,0.0,2011,20110924,12.6,0.6,26.2,24,0.0,2.1,232,2011-09-24,10.4,66.0
267,9,17.3,0.0,2011,20110925,10.4,1.8,26.3,25,0.0,1.0,232,2011-09-25,10.8,67.6
268,9,17.6,0.0,2011,20110926,9.9,0.4,27.0,26,0.0,1.0,232,2011-09-26,11.0,67.4
269,9,18.6,0.0,2011,20110927,11.4,0.0,26.5,27,0.0,2.3,232,2011-09-27,11.3,60.8
270,9,18.6,0.0,2011,20110928,14.8,8.0,22.8,28,0.0,2.1,232,2011-09-28,0.4,72.3
271,9,17.0,18.5,2011,20110929,16.1,9.6,18.5,29,0.0,2.1,232,2011-09-29,0.0,87.0
272,9,15.7,0.0,2011,20110930,10.9,1.9,19.1,30,0.0,4.0,232,2011-09-30,10.4,55.9
273,10,11.3,0.0,2011,20111001,6.0,3.6,18.0,1,0.0,1.9,232,2011-10-01,8.1,67.9
274,10,10.9,0.0,2011,20111002,5.7,4.5,18.1,2,0.0,1.9,232,2011-10-02,4.2,66.1
275,10,11.2,0.0,2011,20111003,3.1,0.8,20.5,3,0.0,1.0,232,2011-10-03,11.0,62.6
276,10,12.9,0.0,2011,20111004,4.7,2.5,21.6,4,0.0,1.4,232,2011-10-04,10.3,64.3
277,10,14.1,0.0,2011,20111005,9.6,5.3,21.5,5,0.0,1.1,232,2011-10-05,3.7,65.9
278,10,14.1,0.0,2011,20111006,8.8,1.9,22.0,6,0.0,2.2,232,2011-10-06,6.4,69.4
279,10,13.8,0.0,2011,20111007,6.2,0.6,21.5,7,0.0,1.4,232,2011-10-07,9.7,71.5
280,10,13.4,0.0,2011,20111008,6.7,1.3,22.3,8,0.0,1.0,232,2011-10-08,9.9,72.9
281,10,14.3,0.0,2011,20111009,8.0,5.4,22.3,9,0.0,1.2,232,2011-10-09,3.1,77.1
282,10,15.2,0.0,2011,20111010,8.1,5.3,23.5,10,0.0,1.0,232,2011-10-10,7.9,75.1
283,10,15.1,0.0,2011,20111011,7.5,2.8,22.6,11,0.0,1.4,232,2011-10-11,6.5,71.4
284,10,12.9,0.0,2011,20111012,6.3,6.3,20.6,12,0.0,1.0,232,2011-10-12,1.6,72.9
285,10,14.3,0.0,2011,20111013,6.4,2.0,24.9,13,0.0,0.8,232,2011-10-13,9.9,65.6
286,10,14.1,5.0,2011,20111014,11.3,8.9,15.9,14,0.0,1.6,232,2011-10-14,0.0,82.0
287,10,14.5,9.0,2011,20111015,9.6,6.8,20.7,15,0.0,2.2,232,2011-10-15,2.4,80.9
288,10,14.4,1.0,2011,20111016,8.9,3.3,20.6,16,0.0,2.5,232,2011-10-16,5.2,70.3
289,10,11.1,0.0,2011,20111017,5.9,0.6,17.2,17,0.0,2.4,232,2011-10-17,10.4,54.9
290,10,7.6,0.0,2011,20111018,0.1,0.0,16.3,18,0.0,1.2,232,2011-10-18,10.3,55.6
291,10,10.7,0.0,2011,20111019,1.2,1.0,21.6,19,0.0,1.4,232,2011-10-19,10.2,67.6
292,10,14.9,0.0,2011,20111020,9.8,6.1,20.8,20,0.0,2.1,232,2011-10-20,5.9,66.6
293,10,15.9,1.0,2011,20111021,10.6,8.1,21.0,21,0.0,1.6,232,2011-10-21,1.4,70.4
294,10,15.1,6.5,2011,20111022,10.1,5.9,20.3,22,0.0,1.3,232,2011-10-22,4.1,80.0
295,10,15.1,0.0,2011,20111023,8.6,7.9,21.9,23,0.0,1.2,232,2011-10-23,4.2,76.8
296,10,13.8,0.0,2011,20111024,9.9,8.9,17.9,24,0.0,3.0,232,2011-10-24,0.0,68.0
297,10,7.4,0.0,2011,20111025,1.6,0.0,12.3,25,0.0,3.2,232,2011-10-25,10.2,48.4
298,10,6.8,0.0,2011,20111026,-0.9,1.8,16.5,26,0.0,0.9,232,2011-10-26,10.2,61.3
299,10,10.4,0.0,2011,20111027,2.5,4.4,20.1,27,0.0,1.4,232,2011-10-27,8.7,58.9
300,10,12.3,0.0,2011,20111028,7.4,6.3,19.6,28,0.0,0.8,232,2011-10-28,3.4,67.8
301,10,12.0,4.0,2011,20111029,10.2,9.3,13.9,29,0.0,1.0,232,2011-10-29,0.0,85.9
302,10,13.5,0.0,2011,20111030,8.3,2.4,20.2,30,0.0,1.8,232,2011-10-30,8.0,74.0
303,10,11.8,0.0,2011,20111031,4.8,3.1,21.7,31,0.0,0.8,232,2011-10-31,8.4,66.1
304,11,14.4,0.0,2011,20111101,6.9,2.8,23.4,1,0.0,1.2,232,2011-11-01,9.7,59.4
305,11,15.2,0.0,2011,20111102,10.0,5.9,23.4,2,0.0,1.1,232,2011-11-02,2.8,60.9
306,11,15.8,0.0,2011,20111103,8.0,1.1,25.3,3,0.0,1.0,232,2011-11-03,8.6,71.5
307,11,19.9,2.0,2011,20111104,14.2,7.4,25.2,4,0.0,2.0,232,2011-11-04,5.8,69.8
308,11,18.8,5.5,2011,20111105,15.8,8.6,22.8,5,0.0,1.0,232,2011-11-05,0.8,81.6
309,11,16.1,2.5,2011,20111106,14.3,10.0,18.7,6,0.0,1.4,232,2011-11-06,0.0,87.1
310,11,14.5,0.0,2011,20111107,11.3,7.9,18.9,7,0.0,1.2,232,2011-11-07,0.6,83.1
311,11,14.6,0.4,2011,20111108,10.1,7.9,19.4,8,0.0,1.3,232,2011-11-08,2.9,79.6
312,11,14.6,0.0,2011,20111109,10.7,7.3,17.6,9,0.0,2.3,232,2011-11-09,1.5,66.5
313,11,13.9,0.0,2011,20111110,8.1,6.8,17.5,10,0.0,2.4,232,2011-11-10,4.6,61.1
314,11,12.4,1.5,2011,20111111,9.4,7.6,18.9,11,0.0,1.3,232,2011-11-11,1.4,77.6
315,11,11.2,0.0,2011,20111112,7.4,5.8,16.6,12,0.0,1.3,232,2011-11-12,4.0,75.4
316,11,11.3,0.0,2011,20111113,7.2,4.1,15.9,13,0.0,2.2,232,2011-11-13,4.7,60.5
317,11,6.2,0.0,2011,20111114,1.3,0.5,12.0,14,0.0,2.2,232,2011-11-14,9.4,57.6
318,11,5.0,0.0,2011,20111115,-0.7,1.5,12.8,15,0.0,1.0,232,2011-11-15,8.6,65.3
319,11,8.0,0.0,2011,20111116,-0.1,4.0,17.3,16,0.0,1.5,232,2011-11-16,6.7,59.3
320,11,13.2,0.0,2011,20111117,6.8,8.3,17.5,17,0.0,2.0,232,2011-11-17,0.5,52.4
321,11,16.1,14.0,2011,20111118,11.6,8.9,20.9,18,0.0,2.5,232,2011-11-18,3.6,82.1
322,11,11.9,1.5,2011,20111119,6.4,7.1,16.6,19,0.0,4.1,232,2011-11-19,0.5,79.3
323,11,2.7,0.0,2011,20111120,-0.3,2.8,6.7,20,0.0,4.7,232,2011-11-20,7.4,47.4
324,11,0.7,0.0,2011,20111121,-4.1,0.6,7.0,21,0.0,1.5,232,2011-11-21,9.3,56.1
325,11,5.5,0.0,2011,20111122,-1.0,9.1,8.4,22,0.0,2.5,232,2011-11-22,0.9,50.6
326,11,5.0,3.5,2011,20111123,1.4,8.5,9.4,23,0.0,4.1,232,2011-11-23,0.7,71.3
327,11,0.7,0.0,2011,20111124,-2.2,3.5,4.0,24,0.0,3.1,232,2011-11-24,9.1,54.9
328,11,2.6,0.0,2011,20111125,-1.3,2.3,9.4,25,0.0,0.9,232,2011-11-25,6.4,65.0
329,11,6.4,0.0,2011,20111126,-1.1,7.9,11.6,26,0.0,2.8,232,2011-11-26,0.1,64.3
330,11,12.5,0.0,2011,20111127,8.9,6.5,18.8,27,0.0,3.0,232,2011-11-27,0.7,69.4
331,11,13.3,0.0,2011,20111128,9.1,2.4,21.5,28,0.0,2.1,232,2011-11-28,6.1,77.6
332,11,11.7,0.4,2011,20111129,7.8,8.1,15.3,29,0.0,1.3,232,2011-11-29,0.0,91.8
333,11,6.7,34.5,2011,20111130,4.3,9.5,12.1,30,0.0,2.8,232,2011-11-30,0.0,85.1
334,12,6.6,0.0,2011,20111201,4.8,8.3,8.8,1,0.0,2.6,232,2011-12-01,0.3,65.6
335,12,6.5,0.4,2011,20111202,2.4,9.4,9.5,2,0.0,2.5,232,2011-12-02,0.0,65.0
336,12,5.9,5.0,2011,20111203,2.9,6.1,10.1,3,0.0,2.0,232,2011-12-03,2.8,82.9
337,12,4.7,0.0,2011,20111204,-0.4,5.1,7.6,4,0.0,2.2,232,2011-12-04,3.2,62.0
338,12,1.4,0.0,2011,20111205,-3.3,4.6,6.7,5,0.0,1.6,232,2011-12-05,7.0,49.3
339,12,3.5,0.0,2011,20111206,0.2,7.1,8.2,6,0.0,1.5,232,2011-12-06,2.9,54.0
340,12,4.8,0.0,2011,20111207,1.5,10.0,7.8,7,0.0,1.7,232,2011-12-07,0.0,65.4
341,12,2.2,0.0,2011,20111208,-1.9,8.8,5.3,8,0.0,4.0,232,2011-12-08,0.5,61.8
342,12,-1.9,0.1,2011,20111209,-4.3,5.4,0.8,9,0.2,1.9,232,2011-12-09,1.7,72.1
343,12,-1.6,0.1,2011,20111210,-5.7,6.8,2.8,10,0.2,1.6,232,2011-12-10,2.7,75.4
344,12,3.2,0.0,2011,20111211,-0.2,8.0,6.4,11,0.0,1.5,232,2011-12-11,1.4,78.6
345,12,4.6,0.0,2011,20111212,-1.4,4.8,9.1,12,0.0,1.7,232,2011-12-12,5.4,59.6
346,12,0.2,0.0,2011,20111213,-5.2,1.1,8.5,13,0.0,1.0,232,2011-12-13,8.3,68.4
347,12,2.2,0.0,2011,20111214,-4.6,5.3,8.3,14,0.0,1.8,232,2011-12-14,2.3,67.8
348,12,-1.6,0.0,2011,20111215,-3.4,4.8,2.5,15,0.0,3.8,232,2011-12-15,8.0,46.1
349,12,-4.8,0.5,2011,20111216,-6.5,4.5,-2.0,16,1.0,3.6,232,2011-12-16,4.8,54.0
350,12,-4.8,0.0,2011,20111217,-9.2,3.4,0.1,17,0.0,1.8,232,2011-12-17,7.4,59.8
351,12,-1.6,0.0,2011,20111218,-6.4,4.0,2.5,18,0.0,1.9,232,2011-12-18,6.2,64.8
352,12,-3.9,0.0,2011,20111219,-8.5,1.8,2.1,19,0.0,0.8,232,2011-12-19,3.2,70.5
353,12,-1.7,0.0,2011,20111220,-8.6,3.1,5.0,20,0.0,0.9,232,2011-12-20,6.7,65.4
354,12,2.8,0.0,2011,20111221,0.0,9.0,7.3,21,0.0,2.2,232,2011-12-21,0.6,64.9
355,12,-3.3,0.5,2011,20111222,-6.8,2.4,1.9,22,0.0,4.6,232,2011-12-22,8.3,42.8
356,12,-5.5,0.3,2011,20111223,-11.6,1.3,0.0,23,0.7,2.1,232,2011-12-23,8.3,44.5
357,12,-3.9,3.5,2011,20111224,-7.9,3.9,-1.2,24,5.8,3.0,232,2011-12-24,5.3,62.6
358,12,-5.5,0.0,2011,20111225,-9.9,0.3,-2.1,25,0.0,2.7,232,2011-12-25,8.4,45.8
359,12,-7.6,0.0,2011,20111226,-13.4,0.0,-1.9,26,0.0,2.4,232,2011-12-26,8.4,55.0
360,12,-5.6,0.0,2011,20111227,-12.3,1.3,1.8,27,0.0,0.8,232,2011-12-27,8.1,58.5
361,12,-1.3,0.0,2011,20111228,-8.5,5.9,5.2,28,0.0,1.1,232,2011-12-28,5.4,64.1
362,12,-0.7,0.1,2011,20111229,-6.5,3.9,2.8,29,0.0,2.1,232,2011-12-29,6.3,71.9
363,12,-4.7,0.0,2011,20111230,-9.4,0.0,2.2,30,0.0,1.1,232,2011-12-30,7.8,76.6
364,12,-2.5,0.0,2011,20111231,-9.6,5.3,2.5,31,0.0,0.7,232,2011-12-31,3.6,70.1
