,Date,rainfall,tmin,station_id,humid,snow,sunshine,date,cloud,month,day,tavg,wind,tmax,year
0,2004-01-01,0.0,-4.5,232,77.5,0.0,1.7,20040101,0.0,1,1,1.5,0.9,8.1,2004
1,2004-01-02,3.5,-4.0,232,79.1,0.0,3.6,20040102,0.0,1,2,1.1,1.6,5.5,2004
2,2004-01-03,0.0,-5.0,232,73.9,0.0,7.6,20040103,0.0,1,3,-0.2,1.1,8.1,2004
3,2004-01-04,0.0,-6.9,232,68.5,0.0,8.6,20040104,0.0,1,4,-1.6,0.7,7.3,2004
4,2004-01-05,0.0,-7.5,232,70.3,0.0,8.1,20040105,0.0,1,5,-1.3,0.4,9.5,2004
5,2004-01-06,0.0,-4.1,232,73.4,0.0,2.3,20040106,0.0,1,6,1.8,0.9,8.5,2004
6,2004-01-07,0.0,-2.7,232,72.6,0.0,4.2,20040107,0.0,1,7,0.7,2.0,6.1,2004
7,2004-01-08,0.0,-8.3,232,68.8,0.0,8.0,20040108,0.0,1,8,-2.4,0.7,7.4,2004
8,2004-01-09,0.0,-5.5,232,74.6,0.0,7.6,20040109,0.0,1,9,-0.8,1.1,6.0,2004
9,2004-01-10,0.0,-4.6,232,62.3,0.0,7.4,20040110,0.0,1,10,-0.8,2.4,2.7,2004
10,2004-01-11,0.0,-8.8,232,65.6,0.0,5.0,20040111,0.0,1,11,-2.6,0.9,6.1,2004
11,2004-01-12,0.5,-8.1,232,80.4,0.5,1.3,20040112,0.0,1,12,-2.1,2.5,3.5,2004
12,2004-01-13,3.1,-11.6,232,74.9,5.7,5.0,20040113,0.0,1,13,-5.5,4.1,-2.5,2004
13,2004-01-14,0.0,-16.6,232,69.6,0.0,8.6,20040114,0.0,1,14,-7.8,0.7,1.7,2004
14,2004-01-15,0.0,-10.6,232,74.0,0.0,2.8,20040115,0.0,1,15,-4.2,0.8,3.9,2004
15,2004-01-16,0.0,-8.8,232,79.1,0.0,1.3,20040116,0.0,1,16,-1.6,0.6,5.4,2004
16,2004-01-17,4.7,-3.2,232,92.1,5.2,0.3,20040117,0.0,1,17,0.3,0.9,3.2,2004
17,2004-01-18,1.5,-2.4,232,89.8,0.7,0.0,20040118,0.0,1,18,-0.2,1.8,3.0,2004
18,2004-01-19,0.6,-4.3,232,73.4,1.5,7.8,20040119,0.0,1,19,-1.1,2.0,2.2,2004
19,2004-01-20,0.2,-9.1,232,57.9,0.5,8.7,20040120,0.0,1,20,-3.8,1.9,2.0,2004
20,2004-01-21,0.0,-14.6,232,59.0,0.3,4.3,20040121,0.0,1,21,-12.4,3.0,-7.4,2004
21,2004-01-22,0.2,-14.6,232,65.4,0.5,9.0,20040122,0.0,1,22,-11.4,2.9,-7.1,2004
22,2004-01-23,0.0,-16.3,232,70.0,0.0,8.8,20040123,0.0,1,23,-9.7,1.4,-3.0,2004
23,2004-01-24,0.9,-16.5,232,70.9,2.0,8.7,20040124,0.0,1,24,-8.4,1.6,-2.0,2004
24,2004-01-25,1.2,-12.1,232,76.1,1.6,3.6,20040125,0.0,1,25,-6.9,1.5,-2.5,2004
25,2004-01-26,0.0,-16.2,232,69.6,0.0,7.4,20040126,0.0,1,26,-6.0,1.1,0.8,2004
26,2004-01-27,0.0,-13.6,232,74.4,0.0,7.3,20040127,0.0,1,27,-6.3,1.3,0.6,2004
27,2004-01-28,0.0,-11.3,232,76.9,0.0,4.5,20040128,0.0,1,28,-2.7,1.1,5.0,2004
28,2004-01-29,0.0,-6.4,232,74.3,0.0,2.2,20040129,0.0,1,29,0.8,1.1,7.0,2004
29,2004-01-30,0.0,-6.1,232,78.1,0.0,8.3,20040130,0.0,1,30,-0.8,1.0,6.4,2004
30,2004-01-31,0.0,-7.5,232,73.8,0.0,8.7,20040131,0.0,1,31,-0.7,1.0,9.0,2004
31,2004-02-01,0.0,-5.1,232,67.1,0.0,6.4,20040201,0.0,2,1,1.3,1.1,9.5,2004
32,2004-02-02,0.0,-3.7,232,53.3,0.0,8.0,20040202,0.0,2,2,-0.7,4.0,2.2,2004
33,2004-02-03,0.0,-6.5,232,56.9,0.0,7.0,20040203,0.0,2,3,-3.3,2.4,0.3,2004
34,2004-02-04,0.7,-8.1,232,70.3,2.2,6.6,20040204,0.0,2,4,-2.2,1.6,3.7,2004
35,2004-02-05,0.8,-6.1,232,58.3,2.4,9.2,20040205,0.0,2,5,-3.8,3.1,-0.8,2004
36,2004-02-06,0.9,-11.6,232,72.6,2.7,6.5,20040206,0.0,2,6,-4.2,2.3,1.2,2004
37,2004-02-07,0.8,-7.4,232,68.9,2.2,7.8,20040207,0.0,2,7,-3.7,2.7,-0.5,2004
38,2004-02-08,0.0,-7.5,232,62.9,0.0,7.9,20040208,0.0,2,8,0.4,2.8,6.8,2004
39,2004-02-09,0.0,-9.1,232,64.1,0.0,9.8,20040209,0.0,2,9,-3.0,1.4,3.2,2004
40,2004-02-10,0.0,-10.3,232,63.8,0.0,9.5,20040210,0.0,2,10,-2.6,0.9,4.9,2004
41,2004-02-11,0.0,-5.6,232,71.6,0.0,4.6,20040211,0.0,2,11,1.2,2.1,9.0,2004
42,2004-02-12,0.0,-5.1,232,70.1,0.0,9.7,20040212,0.0,2,12,-0.3,1.4,6.6,2004
43,2004-02-13,0.0,-5.1,232,57.9,0.0,3.7,20040213,0.0,2,13,2.4,1.7,8.5,2004
44,2004-02-14,0.5,-0.4,232,58.0,0.0,3.4,20040214,0.0,2,14,3.6,5.3,8.5,2004
45,2004-02-15,0.0,-6.0,232,61.0,0.0,9.7,20040215,0.0,2,15,1.8,2.2,9.3,2004
46,2004-02-16,0.0,-4.5,232,64.0,0.0,8.1,20040216,0.0,2,16,3.5,1.8,12.3,2004
47,2004-02-17,0.0,-3.4,232,56.0,0.0,7.8,20040217,0.0,2,17,3.7,2.7,8.6,2004
48,2004-02-18,0.0,-5.3,232,51.5,0.0,9.8,20040218,0.0,2,18,3.1,1.6,13.8,2004
49,2004-02-19,0.0,-5.3,232,48.1,0.0,9.9,20040219,0.0,2,19,5.0,1.1,18.2,2004
50,2004-02-20,0.0,-3.7,232,54.0,0.0,9.2,20040220,0.0,2,20,7.3,1.6,20.6,2004
51,2004-02-21,8.6,5.5,232,77.0,0.0,1.4,20040221,0.0,2,21,12.7,2.5,17.8,2004
52,2004-02-22,8.0,2.0,232,83.0,0.0,0.0,20040222,0.0,2,22,5.2,4.4,15.8,2004
53,2004-02-23,0.0,-3.0,232,60.8,0.0,9.0,20040223,0.0,2,23,1.5,3.4,6.5,2004
54,2004-02-24,0.0,-4.0,232,70.1,0.0,4.5,20040224,0.0,2,24,2.9,2.3,9.3,2004
55,2004-02-25,0.0,1.2,232,64.3,0.0,4.9,20040225,0.0,2,25,6.5,3.3,12.8,2004
56,2004-02-26,0.0,-3.2,232,59.6,0.0,6.5,20040226,0.0,2,26,1.2,2.6,5.5,2004
57,2004-02-27,0.0,-3.7,232,58.3,0.0,10.1,20040227,0.0,2,27,0.9,1.8,7.5,2004
58,2004-02-28,0.5,-3.0,232,62.0,0.0,1.1,20040228,0.0,2,28,6.3,2.8,14.1,2004
59,2004-02-29,0.5,1.2,232,54.3,0.0,7.3,20040229,0.0,2,29,3.5,3.8,7.9,2004
60,2004-03-01,0.0,-3.7,232,42.1,0.0,9.9,20040301,0.0,3,1,2.1,3.0,7.0,2004
61,2004-03-02,0.0,-4.8,232,38.3,0.0,10.6,20040302,0.0,3,2,-1.4,3.8,2.4,2004
62,2004-03-03,0.0,-6.1,232,43.4,0.0,4.1,20040303,0.0,3,3,-1.8,1.7,2.4,2004
63,2004-03-04,2.5,-8.8,232,56.5,0.1,7.5,20040304,0.0,3,4,0.0,2.4,4.8,2004
64,2004-03-05,14.8,-3.0,232,88.9,13.2,0.0,20040305,0.0,3,5,0.4,1.4,1.7,2004
65,2004-03-06,0.2,-4.8,232,60.3,0.5,4.5,20040306,0.0,3,6,-2.8,4.1,-0.8,2004
66,2004-03-07,0.0,-8.6,232,59.8,0.0,10.6,20040307,0.0,3,7,-3.1,2.5,2.4,2004
67,2004-03-08,0.0,-9.5,232,78.1,0.0,4.1,20040308,0.0,3,8,-0.5,1.4,7.0,2004
68,2004-03-09,0.0,-1.7,232,66.9,0.0,9.4,20040309,0.0,3,9,6.4,2.5,12.8,2004
69,2004-03-10,0.0,6.0,232,66.0,0.0,1.8,20040310,0.0,3,10,11.2,3.5,17.0,2004
70,2004-03-11,0.0,0.5,232,45.4,0.0,5.1,20040311,0.0,3,11,4.7,2.7,8.8,2004
71,2004-03-12,0.0,-1.0,232,47.9,0.0,9.5,20040312,0.0,3,12,5.2,1.5,13.6,2004
72,2004-03-13,0.0,-0.6,232,62.0,0.0,6.7,20040313,0.0,3,13,6.8,1.2,14.6,2004
73,2004-03-14,0.0,2.4,232,83.6,0.0,0.6,20040314,0.0,3,14,5.7,1.4,10.3,2004
74,2004-03-15,0.0,-1.1,232,65.0,0.0,8.6,20040315,0.0,3,15,7.9,1.6,17.1,2004
75,2004-03-16,0.0,4.0,232,43.6,0.0,5.8,20040316,0.0,3,16,14.9,3.0,21.7,2004
76,2004-03-17,3.0,-0.2,232,67.8,0.0,0.1,20040317,0.0,3,17,6.1,5.2,19.0,2004
77,2004-03-18,0.0,-2.0,232,43.3,0.0,11.3,20040318,0.0,3,18,1.7,3.0,6.5,2004
78,2004-03-19,0.0,-5.1,232,57.4,0.0,7.7,20040319,0.0,3,19,2.9,1.4,10.1,2004
79,2004-03-20,0.0,-1.7,232,53.1,0.0,9.7,20040320,0.0,3,20,4.9,1.5,12.8,2004
80,2004-03-21,0.0,0.4,232,51.5,0.0,6.5,20040321,0.0,3,21,8.6,1.6,17.5,2004
81,2004-03-22,0.5,1.8,232,56.4,0.0,8.6,20040322,0.0,3,22,8.9,1.7,15.6,2004
82,2004-03-23,0.0,-2.9,232,46.9,0.0,9.6,20040323,0.0,3,23,6.6,1.4,16.2,2004
83,2004-03-24,0.5,-0.8,232,61.5,0.0,6.0,20040324,0.0,3,24,6.5,1.8,13.5,2004
84,2004-03-25,0.0,0.4,232,60.5,0.0,6.6,20040325,0.0,3,25,5.7,1.5,13.5,2004
85,2004-03-26,0.0,-2.7,232,53.6,0.0,11.2,20040326,0.0,3,26,7.1,1.2,17.0,2004
86,2004-03-27,0.0,-2.2,232,49.3,0.0,8.8,20040327,0.0,3,27,7.7,1.3,18.6,2004
87,2004-03-28,0.0,-3.0,232,45.6,0.0,11.2,20040328,0.0,3,28,8.8,1.7,20.2,2004
88,2004-03-29,0.0,5.0,232,54.4,0.0,3.0,20040329,0.0,3,29,13.6,1.5,21.6,2004
89,2004-03-30,0.0,1.2,232,49.1,0.0,8.2,20040330,0.0,3,30,9.5,3.8,13.6,2004
90,2004-03-31,0.0,-3.0,232,51.6,0.0,10.2,20040331,0.0,3,31,6.1,1.9,14.3,2004
91,2004-04-01,6.0,-1.0,232,56.4,0.0,4.9,20040401,0.0,4,1,9.0,2.2,18.5,2004
92,2004-04-02,0.5,4.5,232,64.8,0.0,1.9,20040402,0.0,4,2,6.7,4.1,9.6,2004
93,2004-04-03,0.0,-0.3,232,62.4,0.0,10.2,20040403,0.0,4,3,5.2,2.5,10.6,2004
94,2004-04-04,0.0,-2.0,232,52.4,0.0,11.5,20040404,0.0,4,4,5.3,2.1,12.6,2004
95,2004-04-05,0.0,-2.7,232,44.4,0.0,12.0,20040405,0.0,4,5,7.3,2.3,16.3,2004
96,2004-04-06,2.0,0.8,232,56.5,0.0,0.4,20040406,0.0,4,6,6.9,1.3,14.1,2004
97,2004-04-07,0.0,3.5,232,53.9,0.0,8.1,20040407,0.0,4,7,8.7,3.1,14.3,2004
98,2004-04-08,0.0,-1.8,232,45.9,0.0,11.9,20040408,0.0,4,8,8.2,2.0,17.7,2004
99,2004-04-09,0.0,2.7,232,42.6,0.0,10.9,20040409,0.0,4,9,12.5,2.2,22.5,2004
100,2004-04-10,0.0,3.7,232,45.6,0.0,10.1,20040410,0.0,4,10,14.0,1.8,23.7,2004
101,2004-04-11,0.0,6.6,232,55.9,0.0,8.9,20040411,0.0,4,11,14.2,1.5,23.1,2004
102,2004-04-12,0.0,5.3,232,66.3,0.0,6.9,20040412,0.0,4,12,14.0,1.3,23.5,2004
103,2004-04-13,0.0,9.1,232,50.3,0.0,8.8,20040413,0.0,4,13,15.2,2.5,23.1,2004
104,2004-04-14,0.0,6.5,232,50.0,0.0,10.2,20040414,0.0,4,14,13.7,1.8,23.3,2004
105,2004-04-15,0.0,2.4,232,50.9,0.0,6.5,20040415,0.0,4,15,12.4,1.1,23.3,2004
106,2004-04-16,0.0,5.4,232,47.9,0.0,10.6,20040416,0.0,4,16,15.4,2.3,24.3,2004
107,2004-04-17,0.0,8.0,232,40.4,0.0,11.3,20040417,0.0,4,17,16.5,2.7,25.6,2004
108,2004-04-18,2.0,4.8,232,52.1,0.0,5.3,20040418,0.0,4,18,17.2,1.7,27.3,2004
109,2004-04-19,6.5,11.5,232,85.3,0.0,0.0,20040419,0.0,4,19,14.4,2.2,16.8,2004
110,2004-04-20,0.0,9.1,232,66.6,0.0,10.0,20040420,0.0,4,20,15.3,1.8,23.7,2004
111,2004-04-21,0.0,8.6,232,55.3,0.0,9.3,20040421,0.0,4,21,19.3,2.2,29.1,2004
112,2004-04-22,0.5,10.8,232,73.5,0.0,2.0,20040422,0.0,4,22,15.3,2.1,24.1,2004
113,2004-04-23,0.0,7.9,232,37.9,0.0,11.7,20040423,0.0,4,23,11.6,4.0,15.8,2004
114,2004-04-24,0.0,1.7,232,48.0,0.0,11.1,20040424,0.0,4,24,9.7,2.4,16.0,2004
115,2004-04-25,0.0,-0.2,232,38.9,0.0,11.9,20040425,0.0,4,25,11.0,1.8,20.2,2004
116,2004-04-26,33.5,6.9,232,61.8,0.0,0.0,20040426,0.0,4,26,10.1,1.9,13.8,2004
117,2004-04-27,16.5,3.2,232,82.8,0.0,0.5,20040427,0.0,4,27,7.4,2.4,10.6,2004
118,2004-04-28,0.0,1.0,232,64.9,0.0,12.2,20040428,0.0,4,28,10.1,1.7,18.7,2004
119,2004-04-29,0.0,4.1,232,52.0,0.0,12.1,20040429,0.0,4,29,13.8,1.9,22.7,2004
120,2004-04-30,0.0,9.6,232,66.3,0.0,1.3,20040430,0.0,4,30,16.1,1.3,23.1,2004
121,2004-05-01,0.0,12.6,232,55.4,0.0,9.7,20040501,0.0,5,1,18.8,2.7,25.0,2004
122,2004-05-02,0.1,13.0,232,65.8,0.0,0.0,20040502,0.0,5,2,16.3,2.8,21.1,2004
123,2004-05-03,21.5,10.0,232,91.9,0.0,0.0,20040503,0.0,5,3,14.5,2.3,18.2,2004
124,2004-05-04,2.0,8.5,232,60.4,0.0,11.1,20040504,0.0,5,4,13.5,2.9,20.1,2004
125,2004-05-05,0.0,5.4,232,58.0,0.0,11.7,20040505,0.0,5,5,14.8,2.8,23.5,2004
126,2004-05-06,0.0,9.5,232,51.5,0.0,11.5,20040506,0.0,5,6,16.4,2.1,23.7,2004
127,2004-05-07,0.0,6.0,232,51.1,0.0,10.8,20040507,0.0,5,7,16.3,1.1,26.5,2004
128,2004-05-08,2.0,9.8,232,61.4,0.0,0.0,20040508,0.0,5,8,17.0,1.5,22.0,2004
129,2004-05-09,43.5,13.3,232,88.5,0.0,0.0,20040509,0.0,5,9,15.2,2.3,16.6,2004
130,2004-05-10,9.5,14.3,232,86.1,0.0,0.0,20040510,0.0,5,10,16.1,1.8,17.5,2004
131,2004-05-11,0.0,11.5,232,74.8,0.0,5.9,20040511,0.0,5,11,16.9,1.1,23.0,2004
132,2004-05-12,20.0,13.1,232,88.5,0.0,0.0,20040512,0.0,5,12,16.0,1.2,18.1,2004
133,2004-05-13,0.5,12.3,232,80.9,0.0,3.6,20040513,0.0,5,13,15.1,2.6,18.3,2004
134,2004-05-14,0.0,10.1,232,67.4,0.0,8.1,20040514,0.0,5,14,17.5,1.4,27.0,2004
135,2004-05-15,2.0,12.8,232,82.6,0.0,0.0,20040515,0.0,5,15,15.0,1.2,16.7,2004
136,2004-05-16,0.0,11.8,232,73.1,0.0,3.5,20040516,0.0,5,16,15.6,1.3,21.2,2004
137,2004-05-17,0.0,10.6,232,71.6,0.0,5.5,20040517,0.0,5,17,14.7,2.5,18.3,2004
138,2004-05-18,0.0,10.1,232,60.6,0.0,6.3,20040518,0.0,5,18,18.0,2.7,25.0,2004
139,2004-05-19,0.0,16.8,232,45.4,0.0,10.9,20040519,0.0,5,19,20.9,3.3,26.6,2004
140,2004-05-20,0.0,14.8,232,62.3,0.0,8.1,20040520,0.0,5,20,19.5,3.0,25.8,2004
141,2004-05-21,1.5,10.3,232,63.0,0.0,9.6,20040521,0.0,5,21,16.4,3.1,22.1,2004
142,2004-05-22,0.0,9.1,232,50.5,0.0,13.0,20040522,0.0,5,22,17.3,1.9,24.5,2004
143,2004-05-23,0.0,10.6,232,61.0,0.0,12.0,20040523,0.0,5,23,16.5,2.2,22.0,2004
144,2004-05-24,0.0,9.6,232,57.4,0.0,13.2,20040524,0.0,5,24,17.2,2.0,25.1,2004
145,2004-05-25,0.0,10.1,232,51.6,0.0,12.2,20040525,0.0,5,25,18.3,1.6,26.7,2004
146,2004-05-26,0.0,12.1,232,66.8,0.0,0.0,20040526,0.0,5,26,16.7,0.9,20.7,2004
147,2004-05-27,0.5,14.1,232,66.5,0.0,3.5,20040527,0.0,5,27,20.6,1.6,28.1,2004
148,2004-05-28,24.5,18.0,232,84.5,0.0,0.0,20040528,0.0,5,28,20.1,1.9,22.7,2004
149,2004-05-29,0.0,15.8,232,75.0,0.0,7.3,20040529,0.0,5,29,20.3,1.4,25.7,2004
150,2004-05-30,0.0,16.0,232,73.6,0.0,3.6,20040530,0.0,5,30,20.3,1.8,26.7,2004
151,2004-05-31,0.0,12.8,232,53.1,0.0,12.5,20040531,0.0,5,31,18.9,2.7,24.3,2004
152,2004-06-01,0.0,9.5,232,52.8,0.0,12.7,20040601,0.0,6,1,19.5,1.3,28.7,2004
153,2004-06-02,0.0,13.0,232,53.5,0.0,11.8,20040602,0.0,6,2,21.3,1.4,30.0,2004
154,2004-06-03,0.0,13.8,232,54.5,0.0,12.1,20040603,0.0,6,3,23.5,1.4,32.0,2004
155,2004-06-04,0.0,16.8,232,53.3,0.0,8.3,20040604,0.0,6,4,23.5,1.4,31.7,2004
156,2004-06-05,0.0,15.3,232,51.0,0.0,4.6,20040605,0.0,6,5,23.3,1.4,31.0,2004
157,2004-06-06,0.0,18.7,232,50.1,0.0,2.0,20040606,0.0,6,6,23.3,1.4,29.1,2004
158,2004-06-07,0.5,17.5,232,68.8,0.0,0.0,20040607,0.0,6,7,19.4,1.4,21.2,2004
159,2004-06-08,2.0,15.5,232,76.8,0.0,0.5,20040608,0.0,6,8,18.2,1.4,21.2,2004
160,2004-06-09,0.0,15.3,232,68.4,0.0,10.9,20040609,0.0,6,9,20.3,1.6,26.0,2004
161,2004-06-10,0.0,14.3,232,68.0,0.0,10.4,20040610,0.0,6,10,21.8,1.3,29.3,2004
162,2004-06-11,0.0,17.2,232,56.1,0.0,11.5,20040611,0.0,6,11,23.5,1.8,30.7,2004
163,2004-06-12,0.0,16.7,232,62.3,0.0,10.0,20040612,0.0,6,12,22.8,2.0,28.7,2004
164,2004-06-13,0.0,12.8,232,55.9,0.0,13.1,20040613,0.0,6,13,21.1,2.0,27.0,2004
165,2004-06-14,0.0,12.6,232,52.5,0.0,12.1,20040614,0.0,6,14,20.8,1.3,28.7,2004
166,2004-06-15,0.0,12.8,232,51.0,0.0,10.7,20040615,0.0,6,15,22.2,0.9,32.5,2004
167,2004-06-16,0.0,14.6,232,53.1,0.0,7.1,20040616,0.0,6,16,23.0,1.4,31.2,2004
168,2004-06-17,39.5,16.8,232,84.5,0.0,0.0,20040617,0.0,6,17,17.7,2.0,20.0,2004
169,2004-06-18,0.5,16.5,232,79.4,0.0,1.9,20040618,0.0,6,18,21.5,1.9,26.7,2004
170,2004-06-19,97.5,19.5,232,89.1,0.0,0.0,20040619,0.0,6,19,20.0,2.0,21.7,2004
171,2004-06-20,66.0,19.2,232,88.9,0.0,0.0,20040620,0.0,6,20,21.4,2.0,23.7,2004
172,2004-06-21,8.5,18.7,232,79.5,0.0,1.4,20040621,0.0,6,21,22.0,1.5,25.8,2004
173,2004-06-22,19.0,18.0,232,77.8,0.0,2.6,20040622,0.0,6,22,21.2,1.6,26.6,2004
174,2004-06-23,1.5,18.8,232,78.5,0.0,4.3,20040623,0.0,6,23,22.5,1.7,27.3,2004
175,2004-06-24,0.0,18.7,232,75.9,0.0,1.3,20040624,0.0,6,24,23.3,1.5,28.1,2004
176,2004-06-25,0.0,18.5,232,72.6,0.0,2.5,20040625,0.0,6,25,22.5,2.1,25.8,2004
177,2004-06-26,0.0,20.2,232,71.6,0.0,5.2,20040626,0.0,6,26,23.7,1.5,29.7,2004
178,2004-06-27,0.0,18.7,232,76.1,0.0,1.6,20040627,0.0,6,27,22.6,1.4,28.1,2004
179,2004-06-28,0.0,18.5,232,79.4,0.0,0.0,20040628,0.0,6,28,21.3,0.8,25.5,2004
180,2004-06-29,0.0,17.3,232,74.9,0.0,2.2,20040629,0.0,6,29,21.9,1.3,25.6,2004
181,2004-06-30,0.0,20.1,232,78.5,0.0,0.0,20040630,0.0,6,30,23.1,0.8,27.2,2004
182,2004-07-01,9.0,20.0,232,79.1,0.0,2.4,20040701,0.0,7,1,23.3,1.8,29.0,2004
183,2004-07-02,4.5,21.2,232,86.3,0.0,0.0,20040702,0.0,7,2,22.8,1.6,24.5,2004
184,2004-07-03,13.5,19.7,232,87.8,0.0,0.0,20040703,0.0,7,3,22.9,1.1,25.5,2004
185,2004-07-04,26.0,19.3,232,83.5,0.0,0.0,20040704,0.0,7,4,22.4,3.1,25.8,2004
186,2004-07-05,5.5,18.7,232,74.0,0.0,3.1,20040705,0.0,7,5,23.1,2.8,27.7,2004
187,2004-07-06,0.2,22.1,232,76.6,0.0,1.5,20040706,0.0,7,6,24.5,2.2,28.2,2004
188,2004-07-07,56.5,18.5,232,90.1,0.0,0.0,20040707,0.0,7,7,20.9,0.9,22.7,2004
189,2004-07-08,1.5,19.6,232,83.3,0.0,0.0,20040708,0.0,7,8,21.9,1.3,24.3,2004
190,2004-07-09,0.0,18.5,232,75.0,0.0,6.8,20040709,0.0,7,9,22.7,1.2,28.8,2004
191,2004-07-10,0.0,18.7,232,75.3,0.0,6.8,20040710,0.0,7,10,22.8,1.2,29.1,2004
192,2004-07-11,15.5,17.8,232,84.4,0.0,0.0,20040711,0.0,7,11,21.3,1.5,25.1,2004
193,2004-07-12,47.5,20.7,232,80.5,0.0,0.0,20040712,0.0,7,12,24.2,2.2,27.3,2004
194,2004-07-13,3.0,21.1,232,84.3,0.0,0.0,20040713,0.0,7,13,23.3,1.3,26.2,2004
195,2004-07-14,1.0,20.3,232,82.3,0.0,0.5,20040714,0.0,7,14,23.3,1.1,25.7,2004
196,2004-07-15,63.0,21.7,232,86.6,0.0,0.0,20040715,0.0,7,15,22.8,1.8,24.7,2004
197,2004-07-16,63.0,21.6,232,87.8,0.0,0.0,20040716,0.0,7,16,23.7,1.6,26.1,2004
198,2004-07-17,54.0,21.8,232,84.0,0.0,0.1,20040717,0.0,7,17,23.7,2.1,25.7,2004
199,2004-07-18,0.0,22.7,232,75.3,0.0,3.2,20040718,0.0,7,18,26.4,2.4,30.2,2004
200,2004-07-19,0.0,23.2,232,74.0,0.0,0.9,20040719,0.0,7,19,26.4,1.9,29.7,2004
201,2004-07-20,0.0,23.0,232,77.1,0.0,2.5,20040720,0.0,7,20,26.4,1.7,30.5,2004
202,2004-07-21,0.0,22.7,232,76.1,0.0,5.6,20040721,0.0,7,21,27.1,0.8,32.4,2004
203,2004-07-22,0.0,23.0,232,74.9,0.0,10.5,20040722,0.0,7,22,27.1,1.5,32.7,2004
204,2004-07-23,0.0,23.2,232,72.3,0.0,11.6,20040723,0.0,7,23,27.6,1.4,34.0,2004
205,2004-07-24,0.0,21.7,232,72.4,0.0,5.2,20040724,0.0,7,24,26.3,1.2,32.5,2004
206,2004-07-25,1.5,20.7,232,77.9,0.0,3.8,20040725,0.0,7,25,25.4,1.6,29.8,2004
207,2004-07-26,0.0,23.2,232,76.0,0.0,4.6,20040726,0.0,7,26,26.5,1.7,31.7,2004
208,2004-07-27,0.0,23.7,232,74.0,0.0,4.5,20040727,0.0,7,27,27.1,1.6,31.5,2004
209,2004-07-28,0.0,22.0,232,74.4,0.0,6.4,20040728,0.0,7,28,27.3,1.2,33.7,2004
210,2004-07-29,0.0,23.6,232,71.1,0.0,11.1,20040729,0.0,7,29,28.0,1.2,33.7,2004
211,2004-07-30,0.0,23.2,232,69.9,0.0,11.6,20040730,0.0,7,30,27.8,1.4,34.2,2004
212,2004-07-31,0.0,21.7,232,74.3,0.0,10.5,20040731,0.0,7,31,27.2,1.7,34.7,2004
213,2004-08-01,0.0,21.7,232,63.3,0.0,10.8,20040801,0.0,8,1,28.2,2.1,33.9,2004
214,2004-08-02,0.0,20.7,232,66.6,0.0,11.7,20040802,0.0,8,2,27.1,1.3,33.5,2004
215,2004-08-03,0.0,23.1,232,69.6,0.0,7.8,20040803,0.0,8,3,27.9,1.5,33.7,2004
216,2004-08-04,0.2,23.2,232,76.9,0.0,5.7,20040804,0.0,8,4,26.8,1.4,34.0,2004
217,2004-08-05,0.0,24.0,232,74.1,0.0,5.3,20040805,0.0,8,5,27.2,1.7,33.7,2004
218,2004-08-06,0.0,22.8,232,75.4,0.0,5.9,20040806,0.0,8,6,27.4,1.4,33.2,2004
219,2004-08-07,0.0,22.5,232,70.6,0.0,11.0,20040807,0.0,8,7,27.7,1.2,33.9,2004
220,2004-08-08,0.0,21.8,232,74.1,0.0,7.0,20040808,0.0,8,8,27.3,1.3,33.0,2004
221,2004-08-09,0.0,24.2,232,73.5,0.0,6.4,20040809,0.0,8,9,27.8,1.3,32.5,2004
222,2004-08-10,0.0,22.2,232,72.9,0.0,7.7,20040810,0.0,8,10,28.0,1.2,36.7,2004
223,2004-08-11,0.0,22.6,232,66.9,0.0,11.4,20040811,0.0,8,11,28.0,1.5,35.5,2004
224,2004-08-12,0.0,21.2,232,67.3,0.0,10.9,20040812,0.0,8,12,27.4,1.6,35.0,2004
225,2004-08-13,0.0,21.2,232,71.6,0.0,10.0,20040813,0.0,8,13,27.0,1.4,33.2,2004
226,2004-08-14,0.0,22.7,232,76.3,0.0,2.2,20040814,0.0,8,14,25.7,1.2,31.7,2004
227,2004-08-15,0.1,21.3,232,73.4,0.0,2.6,20040815,0.0,8,15,25.8,1.1,32.5,2004
228,2004-08-16,83.0,21.7,232,77.5,0.0,4.5,20040816,0.0,8,16,24.4,1.9,29.7,2004
229,2004-08-17,35.5,22.0,232,84.0,0.0,1.9,20040817,0.0,8,17,26.2,1.3,30.2,2004
230,2004-08-18,61.5,21.3,232,89.9,0.0,0.0,20040818,0.0,8,18,23.4,2.0,25.1,2004
231,2004-08-19,38.0,19.7,232,82.1,0.0,1.3,20040819,0.0,8,19,21.9,2.1,25.3,2004
232,2004-08-20,0.0,19.7,232,79.0,0.0,2.0,20040820,0.0,8,20,22.1,1.7,25.7,2004
233,2004-08-21,0.0,19.5,232,79.3,0.0,0.9,20040821,0.0,8,21,22.4,1.9,27.3,2004
234,2004-08-22,0.5,20.3,232,80.8,0.0,0.0,20040822,0.0,8,22,21.4,2.2,23.2,2004
235,2004-08-23,1.0,18.7,232,81.3,0.0,0.0,20040823,0.0,8,23,21.3,1.3,24.1,2004
236,2004-08-24,0.0,19.0,232,73.6,0.0,6.4,20040824,0.0,8,24,23.7,0.8,30.2,2004
237,2004-08-25,0.0,18.5,232,78.1,0.0,2.5,20040825,0.0,8,25,23.5,1.3,28.8,2004
238,2004-08-26,9.5,20.5,232,86.0,0.0,0.1,20040826,0.0,8,26,22.2,1.7,24.5,2004
239,2004-08-27,0.0,19.7,232,75.8,0.0,5.9,20040827,0.0,8,27,23.6,2.0,29.1,2004
240,2004-08-28,0.0,19.2,232,63.0,0.0,6.9,20040828,0.0,8,28,23.7,2.2,29.2,2004
241,2004-08-29,0.0,20.0,232,67.3,0.0,9.6,20040829,0.0,8,29,24.7,1.8,31.1,2004
242,2004-08-30,0.0,21.1,232,73.6,0.0,3.1,20040830,0.0,8,30,24.6,2.0,30.2,2004
243,2004-08-31,0.0,15.3,232,72.1,0.0,8.7,20040831,0.0,8,31,22.7,1.3,29.2,2004
244,2004-09-01,0.0,14.8,232,69.8,0.0,8.3,20040901,0.0,9,1,21.7,1.5,28.6,2004
245,2004-09-02,0.0,13.5,232,67.5,0.0,10.6,20040902,0.0,9,2,20.5,1.5,28.7,2004
246,2004-09-03,0.0,13.5,232,73.6,0.0,5.8,20040903,0.0,9,3,20.7,1.2,28.1,2004
247,2004-09-04,0.0,16.7,232,71.5,0.0,7.1,20040904,0.0,9,4,22.1,1.0,31.3,2004
248,2004-09-05,0.5,16.1,232,69.6,0.0,6.7,20040905,0.0,9,5,22.5,1.5,29.7,2004
249,2004-09-06,15.0,17.7,232,75.9,0.0,6.9,20040906,0.0,9,6,21.7,2.8,27.0,2004
250,2004-09-07,14.0,18.2,232,84.0,0.0,0.0,20040907,0.0,9,7,19.7,2.4,21.6,2004
251,2004-09-08,0.0,16.3,232,74.1,0.0,9.1,20040908,0.0,9,8,20.7,1.4,26.2,2004
252,2004-09-09,0.0,14.1,232,76.6,0.0,7.3,20040909,0.0,9,9,19.5,0.8,28.5,2004
253,2004-09-10,0.0,12.3,232,72.6,0.0,4.2,20040910,0.0,9,10,19.6,1.0,25.8,2004
254,2004-09-11,43.0,16.2,232,86.6,0.0,0.0,20040911,0.0,9,11,17.3,1.9,20.1,2004
255,2004-09-12,29.0,17.6,232,82.1,0.0,0.0,20040912,0.0,9,12,21.3,2.7,23.1,2004
256,2004-09-13,16.5,15.8,232,85.6,0.0,0.3,20040913,0.0,9,13,20.1,1.0,22.8,2004
257,2004-09-14,0.0,14.5,232,76.4,0.0,6.2,20040914,0.0,9,14,21.1,2.0,27.7,2004
258,2004-09-15,0.0,19.8,232,68.4,0.0,6.2,20040915,0.0,9,15,23.2,3.0,27.2,2004
259,2004-09-16,25.0,17.8,232,77.9,0.0,6.0,20040916,0.0,9,16,22.3,1.3,28.8,2004
260,2004-09-17,2.5,17.7,232,79.8,0.0,4.8,20040917,0.0,9,17,23.0,1.2,29.1,2004
261,2004-09-18,11.5,16.2,232,84.3,0.0,0.4,20040918,0.0,9,18,20.9,1.5,24.7,2004
262,2004-09-19,0.0,11.1,232,71.8,0.0,10.4,20040919,0.0,9,19,18.4,0.9,25.6,2004
263,2004-09-20,31.0,12.8,232,87.4,0.0,0.0,20040920,0.0,9,20,15.0,1.3,17.8,2004
264,2004-09-21,1.0,11.8,232,81.6,0.0,5.4,20040921,0.0,9,21,15.4,1.3,20.7,2004
265,2004-09-22,0.0,10.6,232,80.0,0.0,7.3,20040922,0.0,9,22,16.2,1.1,25.6,2004
266,2004-09-23,0.0,13.5,232,79.3,0.0,4.6,20040923,0.0,9,23,18.1,1.1,25.3,2004
267,2004-09-24,0.0,12.0,232,76.0,0.0,10.2,20040924,0.0,9,24,18.3,0.8,27.2,2004
268,2004-09-25,0.0,12.8,232,68.8,0.0,6.1,20040925,0.0,9,25,18.8,1.9,24.2,2004
269,2004-09-26,0.0,15.3,232,76.1,0.0,0.1,20040926,0.0,9,26,18.1,1.7,21.8,2004
270,2004-09-27,0.0,12.3,232,73.4,0.0,10.2,20040927,0.0,9,27,18.8,1.1,27.0,2004
271,2004-09-28,0.0,12.5,232,79.3,0.0,1.1,20040928,0.0,9,28,18.1,1.2,25.5,2004
272,2004-09-29,0.0,12.6,232,69.9,0.0,10.2,20040929,0.0,9,29,19.4,1.3,26.6,2004
273,2004-09-30,0.0,10.8,232,70.6,0.0,8.4,20040930,0.0,9,30,18.8,1.1,27.8,2004
274,2004-10-01,1.0,12.0,232,72.8,0.0,1.6,20041001,0.0,10,1,16.1,2.2,23.1,2004
275,2004-10-02,0.0,5.3,232,53.4,0.0,11.0,20041002,0.0,10,2,11.3,2.4,17.1,2004
276,2004-10-03,0.0,2.2,232,68.3,0.0,11.1,20041003,0.0,10,3,9.6,0.9,18.8,2004
277,2004-10-04,0.0,4.0,232,73.0,0.0,7.8,20041004,0.0,10,4,11.9,0.7,21.8,2004
278,2004-10-05,0.0,4.5,232,70.8,0.0,10.7,20041005,0.0,10,5,12.9,0.8,22.7,2004
279,2004-10-06,0.0,7.6,232,78.3,0.0,7.0,20041006,0.0,10,6,14.3,0.9,24.3,2004
280,2004-10-07,0.0,8.1,232,76.9,0.0,3.2,20041007,0.0,10,7,15.2,0.6,23.3,2004
281,2004-10-08,0.0,9.6,232,82.0,0.0,5.7,20041008,0.0,10,8,15.7,0.6,24.6,2004
282,2004-10-09,0.0,9.6,232,71.5,0.0,8.0,20041009,0.0,10,9,15.9,1.4,24.6,2004
283,2004-10-10,0.0,8.6,232,69.3,0.0,9.6,20041010,0.0,10,10,15.7,1.3,24.8,2004
284,2004-10-11,0.0,8.1,232,74.3,0.0,6.1,20041011,0.0,10,11,14.8,1.0,23.7,2004
285,2004-10-12,0.0,5.4,232,58.3,0.0,9.2,20041012,0.0,10,12,13.7,2.8,18.2,2004
286,2004-10-13,3.5,2.4,232,66.4,0.0,9.0,20041013,0.0,10,13,11.1,1.5,20.2,2004
287,2004-10-14,0.0,5.1,232,60.5,0.0,10.6,20041014,0.0,10,14,10.1,2.2,16.2,2004
288,2004-10-15,0.0,3.5,232,74.0,0.0,10.1,20041015,0.0,10,15,11.6,1.3,20.8,2004
289,2004-10-16,0.0,5.1,232,71.5,0.0,7.7,20041016,0.0,10,16,14.4,1.6,24.6,2004
290,2004-10-17,0.0,6.8,232,63.6,0.0,8.1,20041017,0.0,10,17,14.8,2.1,21.7,2004
291,2004-10-18,0.0,10.3,232,70.0,0.0,1.7,20041018,0.0,10,18,15.6,1.3,22.7,2004
292,2004-10-19,0.0,7.8,232,75.6,0.0,7.8,20041019,0.0,10,19,14.8,0.9,24.6,2004
293,2004-10-20,0.0,8.5,232,72.8,0.0,6.2,20041020,0.0,10,20,15.0,1.7,24.2,2004
294,2004-10-21,0.0,5.1,232,65.8,0.0,8.9,20041021,0.0,10,21,15.2,1.7,23.7,2004
295,2004-10-22,0.0,5.5,232,53.3,0.0,10.2,20041022,0.0,10,22,12.5,2.4,18.2,2004
296,2004-10-23,0.0,1.8,232,64.1,0.0,8.0,20041023,0.0,10,23,9.2,0.7,20.5,2004
297,2004-10-24,0.0,7.5,232,60.9,0.0,5.3,20041024,0.0,10,24,14.2,1.9,21.8,2004
298,2004-10-25,0.0,7.8,232,74.8,0.0,1.6,20041025,0.0,10,25,13.3,0.7,20.2,2004
299,2004-10-26,0.0,3.5,232,55.4,0.0,9.3,20041026,0.0,10,26,11.5,2.8,16.7,2004
300,2004-10-27,0.0,-0.5,232,67.6,0.0,9.6,20041027,0.0,10,27,8.1,0.9,19.5,2004
301,2004-10-28,0.0,2.2,232,74.9,0.0,6.6,20041028,0.0,10,28,10.3,0.8,18.7,2004
302,2004-10-29,0.0,5.3,232,76.3,0.0,7.8,20041029,0.0,10,29,12.2,1.0,21.1,2004
303,2004-10-30,0.0,7.3,232,72.4,0.0,8.7,20041030,0.0,10,30,14.1,0.8,24.3,2004
304,2004-10-31,0.0,5.5,232,69.0,0.0,9.4,20041031,0.0,10,31,13.4,1.0,25.7,2004
305,2004-11-01,14.5,7.0,232,76.1,0.0,4.8,20041101,0.0,11,1,14.3,1.6,21.2,2004
306,2004-11-02,2.0,10.3,232,84.8,0.0,0.1,20041102,0.0,11,2,12.1,1.7,14.1,2004
307,2004-11-03,2.5,7.0,232,80.6,0.0,4.3,20041103,0.0,11,3,10.8,1.6,15.8,2004
308,2004-11-04,0.0,5.9,232,80.3,0.0,8.4,20041104,0.0,11,4,10.9,0.8,18.2,2004
309,2004-11-05,8.0,4.4,232,77.6,0.0,4.0,20041105,0.0,11,5,11.5,1.8,17.3,2004
310,2004-11-06,0.0,2.0,232,63.1,0.0,9.7,20041106,0.0,11,6,8.3,1.7,14.1,2004
311,2004-11-07,0.0,0.0,232,75.4,0.0,9.4,20041107,0.0,11,7,8.0,1.0,19.6,2004
312,2004-11-08,0.0,4.5,232,75.3,0.0,8.4,20041108,0.0,11,8,12.2,1.3,21.6,2004
313,2004-11-09,0.0,7.3,232,66.1,0.0,6.0,20041109,0.0,11,9,14.6,1.4,24.1,2004
314,2004-11-10,8.5,10.6,232,78.3,0.0,0.0,20041110,0.0,11,10,15.8,2.0,18.5,2004
315,2004-11-11,1.0,10.3,232,86.6,0.0,0.0,20041111,0.0,11,11,14.1,2.1,16.2,2004
316,2004-11-12,0.0,-0.5,232,60.9,0.0,6.6,20041112,0.0,11,12,6.5,3.4,11.1,2004
317,2004-11-13,0.0,-2.7,232,70.1,0.0,0.4,20041113,0.0,11,13,3.0,0.8,8.0,2004
318,2004-11-14,0.0,0.6,232,74.8,0.0,6.8,20041114,0.0,11,14,6.2,0.9,13.3,2004
319,2004-11-15,0.0,-0.3,232,58.3,0.0,9.1,20041115,0.0,11,15,5.1,3.1,8.6,2004
320,2004-11-16,0.0,-0.4,232,66.1,0.0,6.9,20041116,0.0,11,16,6.3,1.1,13.3,2004
321,2004-11-17,0.0,1.1,232,77.4,0.0,6.8,20041117,0.0,11,17,7.7,0.8,15.6,2004
322,2004-11-18,0.0,4.1,232,77.8,0.0,3.0,20041118,0.0,11,18,9.0,0.9,15.8,2004
323,2004-11-19,0.0,1.0,232,81.8,0.0,6.3,20041119,0.0,11,19,6.4,0.7,15.8,2004
324,2004-11-20,0.0,0.5,232,75.8,0.0,2.9,20041120,0.0,11,20,6.3,2.1,12.6,2004
325,2004-11-21,0.0,-1.3,232,77.9,0.0,8.9,20041121,0.0,11,21,4.6,0.9,12.6,2004
326,2004-11-22,0.0,-1.2,232,80.5,0.0,8.4,20041122,0.0,11,22,4.8,0.8,14.1,2004
327,2004-11-23,0.0,-1.2,232,79.9,0.0,8.2,20041123,0.0,11,23,5.6,0.7,15.8,2004
328,2004-11-24,0.0,0.6,232,80.6,0.0,2.7,20041124,0.0,11,24,6.7,0.7,16.0,2004
329,2004-11-25,0.0,1.0,232,77.6,0.0,4.9,20041125,0.0,11,25,7.7,0.7,17.2,2004
330,2004-11-26,16.5,3.7,232,78.9,0.0,1.9,20041126,0.0,11,26,7.3,4.4,11.1,2004
331,2004-11-27,0.0,2.4,232,76.5,0.0,0.2,20041127,0.0,11,27,7.3,1.4,10.8,2004
332,2004-11-28,0.0,2.0,232,73.5,0.0,6.0,20041128,0.0,11,28,6.9,1.0,12.1,2004
333,2004-11-29,0.0,-1.6,232,71.1,0.0,8.6,20041129,0.0,11,29,3.4,1.0,11.5,2004
334,2004-11-30,0.0,-2.0,232,80.0,0.0,2.6,20041130,0.0,11,30,2.9,0.7,10.3,2004
335,2004-12-01,0.0,-2.5,232,78.5,0.0,5.4,20041201,0.0,12,1,3.1,0.9,10.3,2004
336,2004-12-02,0.0,-2.2,232,69.8,0.0,8.7,20041202,0.0,12,2,6.8,1.7,16.1,2004
337,2004-12-03,0.0,3.0,232,73.1,0.0,8.6,20041203,0.0,12,3,9.6,1.4,18.2,2004
338,2004-12-04,24.5,8.6,232,89.1,0.0,0.0,20041204,0.0,12,4,10.9,2.6,12.8,2004
339,2004-12-05,0.0,-0.6,232,66.4,0.0,1.5,20041205,0.0,12,5,4.1,4.7,8.6,2004
340,2004-12-06,5.0,-3.0,232,73.8,0.0,6.9,20041206,0.0,12,6,4.3,1.8,10.0,2004
341,2004-12-07,0.5,-0.4,232,73.4,0.0,8.0,20041207,0.0,12,7,3.8,1.5,9.0,2004
342,2004-12-08,0.0,0.3,232,68.1,0.0,2.7,20041208,0.0,12,8,5.7,2.0,11.5,2004
343,2004-12-09,0.0,1.7,232,69.6,0.0,8.4,20041209,0.0,12,9,6.7,2.2,13.5,2004
344,2004-12-10,0.0,1.7,232,61.5,0.0,5.0,20041210,0.0,12,10,7.3,2.7,11.8,2004
345,2004-12-11,0.0,-3.2,232,66.9,0.0,7.2,20041211,0.0,12,11,2.2,0.7,10.6,2004
346,2004-12-12,0.0,1.2,232,65.1,0.0,5.4,20041212,0.0,12,12,6.8,2.2,12.3,2004
347,2004-12-13,0.0,-3.0,232,71.9,0.0,8.5,20041213,0.0,12,13,1.3,1.0,8.1,2004
348,2004-12-14,0.0,-3.5,232,61.0,0.0,6.2,20041214,0.0,12,14,3.1,1.5,10.3,2004
349,2004-12-15,1.5,2.2,232,69.0,0.0,0.3,20041215,0.0,12,15,8.0,1.4,13.6,2004
350,2004-12-16,0.0,-1.7,232,74.6,0.0,8.1,20041216,0.0,12,16,4.7,2.1,9.1,2004
351,2004-12-17,0.0,-3.0,232,76.6,0.0,4.6,20041217,0.0,12,17,3.0,1.2,10.1,2004
352,2004-12-18,0.0,-1.7,232,77.0,0.0,3.4,20041218,0.0,12,18,3.9,1.1,9.0,2004
353,2004-12-19,1.0,-3.2,232,76.5,0.0,4.3,20041219,0.0,12,19,4.8,1.6,12.1,2004
354,2004-12-20,0.5,-4.0,232,62.1,0.0,8.3,20041220,0.0,12,20,-0.4,3.6,7.5,2004
355,2004-12-21,0.0,-6.3,232,64.8,0.0,7.2,20041221,0.0,12,21,-2.5,1.2,3.0,2004
356,2004-12-22,0.0,-4.5,232,55.4,0.0,4.5,20041222,0.0,12,22,-1.7,1.9,2.7,2004
357,2004-12-23,0.0,-8.8,232,64.8,0.0,7.9,20041223,0.0,12,23,-4.6,1.0,1.3,2004
358,2004-12-24,0.0,-8.1,232,69.4,0.0,5.7,20041224,0.0,12,24,-1.1,0.7,4.6,2004
359,2004-12-25,0.0,-0.6,232,65.8,0.0,2.8,20041225,0.0,12,25,1.4,2.1,3.7,2004
360,2004-12-26,0.0,-5.1,232,59.8,0.0,8.4,20041226,0.0,12,26,-1.2,1.9,2.9,2004
361,2004-12-27,0.0,-7.6,232,66.5,0.0,8.1,20041227,0.0,12,27,-3.2,1.6,2.2,2004
362,2004-12-28,0.0,-9.5,232,55.5,0.0,3.0,20041228,0.0,12,28,-4.0,1.6,-0.6,2004
363,2004-12-29,0.0,-8.6,232,58.6,0.0,8.4,20041229,0.0,12,29,-4.6,2.2,-0.1,2004
364,2004-12-30,0.0,-9.3,232,66.6,0.0,6.2,20041230,0.0,12,30,-3.3,1.1,1.7,2004
365,2004-12-31,0.0,-7.5,232,55.9,0.0,6.0,20041231,0.0,12,31,-2.7,2.5,0.2,2004
