,cloud,tavg,tmax,wind,month,year,day,station_id,Date,tmin,rainfall,humid,snow,date,sunshine
0,3.5,-8.8,-1.4,0.7,1,2011,1,203,2011-01-01,-16.3,0.0,72.4,0.0,20110101,7.0
1,0.0,-7.9,1.5,0.7,1,2011,2,203,2011-01-02,-15.0,0.0,71.5,0.0,20110102,7.3
2,5.1,-6.4,0.3,0.9,1,2011,3,203,2011-01-03,-15.5,0.0,73.1,0.0,20110103,4.3
3,5.6,-5.3,-1.1,0.8,1,2011,4,203,2011-01-04,-13.7,0.0,77.4,0.0,20110104,0.2
4,5.3,-3.7,0.1,2.1,1,2011,5,203,2011-01-05,-7.8,0.0,69.6,0.0,20110105,3.7
5,0.0,-7.9,-2.5,1.4,1,2011,6,203,2011-01-06,-13.7,0.0,59.8,0.0,20110106,8.7
6,0.1,-9.4,-1.4,1.0,1,2011,7,203,2011-01-07,-16.8,0.0,63.6,0.0,20110107,8.5
7,6.3,-8.9,-3.9,0.6,1,2011,8,203,2011-01-08,-15.4,0.1,85.3,0.1,20110108,0.7
8,2.3,-6.1,-2.9,2.2,1,2011,9,203,2011-01-09,-11.3,0.1,55.0,0.1,20110109,8.5
9,2.3,-10.1,-3.5,1.1,1,2011,10,203,2011-01-10,-17.6,0.0,56.9,0.0,20110110,8.1
10,0.0,-7.7,-2.2,0.8,1,2011,11,203,2011-01-11,-13.3,2.7,72.4,0.0,20110111,2.0
11,0.0,-8.4,-3.6,2.0,1,2011,12,203,2011-01-12,-11.2,0.0,51.0,0.0,20110112,8.8
12,0.0,-10.3,-2.2,0.6,1,2011,13,203,2011-01-13,-18.6,0.0,63.4,0.0,20110113,8.8
13,0.0,-7.1,-1.3,0.7,1,2011,14,203,2011-01-14,-14.4,1.6,69.9,0.0,20110114,3.0
14,0.0,-11.1,-5.4,3.3,1,2011,15,203,2011-01-15,-16.2,0.0,40.0,0.0,20110115,8.1
15,0.0,-14.2,-8.7,1.8,1,2011,16,203,2011-01-16,-18.7,0.0,47.8,0.0,20110116,8.9
16,0.0,-11.8,-3.2,1.1,1,2011,17,203,2011-01-17,-20.6,0.0,62.8,0.0,20110117,8.9
17,0.0,-8.9,-0.9,1.1,1,2011,18,203,2011-01-18,-17.9,0.0,60.0,0.0,20110118,7.8
18,0.0,-7.8,-1.5,1.3,1,2011,19,203,2011-01-19,-14.5,0.0,56.5,0.0,20110119,8.8
19,0.0,-8.3,-3.2,1.5,1,2011,20,203,2011-01-20,-13.7,0.0,52.9,0.0,20110120,8.8
20,0.0,-8.5,-1.0,1.3,1,2011,21,203,2011-01-21,-15.0,0.0,60.0,0.0,20110121,7.1
21,0.0,-6.0,1.3,1.0,1,2011,22,203,2011-01-22,-12.2,0.0,68.5,0.0,20110122,4.7
22,0.0,-6.4,-1.4,0.8,1,2011,23,203,2011-01-23,-12.2,3.3,82.5,0.0,20110123,1.1
23,0.0,-8.3,-3.7,1.7,1,2011,24,203,2011-01-24,-13.1,0.0,67.8,0.0,20110124,4.2
24,0.0,-11.0,-3.2,0.9,1,2011,25,203,2011-01-25,-20.0,0.0,73.9,0.0,20110125,5.4
25,0.0,-10.1,-1.9,1.4,1,2011,26,203,2011-01-26,-18.8,0.0,64.6,0.0,20110126,7.9
26,0.0,-9.2,-2.8,1.7,1,2011,27,203,2011-01-27,-16.8,0.0,52.3,0.0,20110127,8.6
27,0.0,-7.5,-1.3,1.4,1,2011,28,203,2011-01-28,-12.9,0.0,49.6,0.0,20110128,8.3
28,0.0,-9.3,-4.6,2.1,1,2011,29,203,2011-01-29,-14.6,0.0,47.6,0.0,20110129,8.5
29,0.0,-9.7,-4.2,1.9,1,2011,30,203,2011-01-30,-14.9,0.0,46.4,0.0,20110130,9.2
30,0.0,-8.4,-0.4,1.2,1,2011,31,203,2011-01-31,-17.8,0.0,67.4,0.0,20110131,6.6
31,0.0,-3.2,4.9,0.5,2,2011,1,203,2011-02-01,-9.2,0.0,75.6,0.0,20110201,8.6
32,0.0,-1.3,7.3,0.6,2,2011,2,203,2011-02-02,-8.0,0.0,69.4,0.0,20110202,8.3
33,0.0,-1.8,5.6,0.5,2,2011,3,203,2011-02-03,-6.7,0.0,80.8,0.0,20110203,3.3
34,0.0,-1.1,4.6,0.5,2,2011,4,203,2011-02-04,-4.9,0.0,83.8,0.0,20110204,0.0
35,0.0,-0.9,5.9,0.5,2,2011,5,203,2011-02-05,-6.2,0.0,77.6,0.0,20110205,4.6
36,0.0,-2.1,1.1,0.5,2,2011,6,203,2011-02-06,-5.8,0.0,84.9,0.0,20110206,0.0
37,0.0,-3.7,-0.3,0.6,2,2011,7,203,2011-02-07,-8.6,0.0,91.4,0.0,20110207,0.0
38,0.0,1.0,8.4,0.7,2,2011,8,203,2011-02-08,-5.7,0.0,64.5,0.0,20110208,5.9
39,0.0,-0.4,4.1,2.4,2,2011,9,203,2011-02-09,-4.2,0.0,54.6,0.0,20110209,8.3
40,0.0,-2.8,2.6,1.1,2,2011,10,203,2011-02-10,-8.2,0.0,60.1,0.0,20110210,2.0
41,0.0,-2.4,4.0,1.8,2,2011,11,203,2011-02-11,-8.7,0.0,53.8,0.0,20110211,7.5
42,0.0,-5.0,0.0,2.2,2,2011,12,203,2011-02-12,-8.1,0.0,49.3,0.0,20110212,8.4
43,0.0,-5.6,0.9,0.9,2,2011,13,203,2011-02-13,-12.8,0.0,58.1,0.0,20110213,7.2
44,0.0,-3.8,0.0,0.9,2,2011,14,203,2011-02-14,-8.8,0.0,63.4,0.0,20110214,0.1
45,0.0,-2.3,4.7,1.3,2,2011,15,203,2011-02-15,-9.6,0.0,60.6,0.0,20110215,8.8
46,0.0,-2.0,4.7,0.7,2,2011,16,203,2011-02-16,-10.2,0.0,55.6,0.0,20110216,4.7
47,0.0,0.3,5.0,1.4,2,2011,17,203,2011-02-17,-2.1,1.3,77.5,0.0,20110217,0.0
48,0.0,0.0,8.1,1.0,2,2011,18,203,2011-02-18,-6.9,0.0,67.4,0.0,20110218,6.6
49,0.0,0.5,9.3,1.1,2,2011,19,203,2011-02-19,-7.1,0.0,57.3,0.0,20110219,8.8
50,0.0,2.7,13.6,1.1,2,2011,20,203,2011-02-20,-6.4,0.0,54.5,0.0,20110220,9.4
51,0.0,3.2,12.6,0.9,2,2011,21,203,2011-02-21,-3.5,0.0,56.3,0.0,20110221,9.8
52,0.0,3.7,14.2,0.7,2,2011,22,203,2011-02-22,-5.7,0.0,56.6,0.0,20110222,9.7
53,0.0,4.4,14.2,1.1,2,2011,23,203,2011-02-23,-4.7,0.0,60.5,0.0,20110223,9.3
54,0.0,5.3,13.5,1.2,2,2011,24,203,2011-02-24,-3.1,0.0,65.9,0.0,20110224,7.0
55,0.0,3.6,9.4,2.4,2,2011,25,203,2011-02-25,-2.3,0.0,46.1,0.0,20110225,7.7
56,0.0,3.6,13.4,0.9,2,2011,26,203,2011-02-26,-6.8,0.0,53.0,0.0,20110226,9.4
57,0.0,3.0,5.1,2.1,2,2011,27,203,2011-02-27,1.1,57.0,89.9,0.0,20110227,0.0
58,0.0,3.0,6.4,2.6,2,2011,28,203,2011-02-28,0.6,0.5,80.6,0.0,20110228,0.0
59,0.0,1.4,4.1,1.9,3,2011,1,203,2011-03-01,-1.8,3.5,80.6,0.0,20110301,0.3
60,0.0,-1.5,2.7,2.5,3,2011,2,203,2011-03-02,-4.8,0.0,44.3,0.0,20110302,8.1
61,0.0,-1.7,3.3,2.1,3,2011,3,203,2011-03-03,-7.9,0.0,45.6,0.0,20110303,10.3
62,0.0,0.0,6.2,2.2,3,2011,4,203,2011-03-04,-5.8,0.0,51.6,0.0,20110304,10.3
63,0.0,0.9,7.8,1.2,3,2011,5,203,2011-03-05,-6.3,0.0,63.4,0.0,20110305,5.6
64,0.0,2.9,9.3,1.4,3,2011,6,203,2011-03-06,-2.4,0.0,69.3,0.0,20110306,4.1
65,0.0,2.4,7.5,3.1,3,2011,7,203,2011-03-07,-0.9,0.0,52.4,0.0,20110307,10.1
66,0.0,1.7,8.7,2.9,3,2011,8,203,2011-03-08,-3.6,0.0,46.9,0.0,20110308,7.9
67,0.0,0.7,5.9,3.0,3,2011,9,203,2011-03-09,-3.0,0.0,43.3,0.0,20110309,7.4
68,0.0,1.1,7.6,2.3,3,2011,10,203,2011-03-10,-6.0,0.0,58.0,0.0,20110310,7.4
69,0.0,4.1,11.2,2.2,3,2011,11,203,2011-03-11,-4.2,0.0,46.9,0.0,20110311,9.5
70,0.0,5.6,15.5,1.4,3,2011,12,203,2011-03-12,-3.9,0.0,47.4,0.0,20110312,9.3
71,0.0,8.8,17.5,1.0,3,2011,13,203,2011-03-13,1.0,0.0,59.6,0.0,20110313,5.6
72,0.0,7.9,11.5,1.9,3,2011,14,203,2011-03-14,3.9,0.0,79.0,0.0,20110314,0.0
73,0.0,2.3,8.3,3.4,3,2011,15,203,2011-03-15,-2.5,0.0,48.0,0.0,20110315,8.6
74,0.0,0.2,5.8,3.0,3,2011,16,203,2011-03-16,-3.5,0.0,32.5,0.0,20110316,10.0
75,0.0,1.2,8.3,2.1,3,2011,17,203,2011-03-17,-5.7,0.0,39.6,0.0,20110317,10.8
76,0.0,4.0,14.0,1.5,3,2011,18,203,2011-03-18,-6.3,0.0,41.1,0.0,20110318,9.4
77,0.0,9.9,16.6,2.1,3,2011,19,203,2011-03-19,0.7,0.0,40.3,0.0,20110319,7.5
78,0.0,5.0,8.2,1.2,3,2011,20,203,2011-03-20,2.7,15.0,80.0,0.0,20110320,0.1
79,0.0,7.4,15.0,1.8,3,2011,21,203,2011-03-21,1.9,0.0,59.0,0.0,20110321,5.6
80,0.0,2.7,8.3,3.0,3,2011,22,203,2011-03-22,-0.8,0.0,32.0,0.0,20110322,10.2
81,0.0,1.6,8.8,1.8,3,2011,23,203,2011-03-23,-5.2,0.0,39.3,0.0,20110323,11.1
82,0.0,2.6,10.4,1.8,3,2011,24,203,2011-03-24,-2.2,15.7,67.8,0.0,20110324,6.3
83,0.0,1.8,6.6,2.7,3,2011,25,203,2011-03-25,-3.2,0.1,56.1,0.0,20110325,9.4
84,0.0,3.1,9.7,2.2,3,2011,26,203,2011-03-26,-4.0,0.0,50.9,0.0,20110326,10.7
85,0.0,4.6,11.3,2.0,3,2011,27,203,2011-03-27,-4.0,0.0,54.4,0.0,20110327,8.9
86,0.0,5.4,11.2,1.9,3,2011,28,203,2011-03-28,0.7,0.0,59.5,0.0,20110328,6.8
87,0.0,3.7,10.4,1.8,3,2011,29,203,2011-03-29,-2.3,0.0,68.1,0.0,20110329,3.1
88,0.0,6.9,15.7,2.2,3,2011,30,203,2011-03-30,-2.2,0.0,58.6,0.0,20110330,10.4
89,0.0,8.4,19.2,1.5,3,2011,31,203,2011-03-31,-1.3,0.0,57.9,0.0,20110331,7.1
90,0.0,8.7,19.1,1.9,4,2011,1,203,2011-04-01,-1.2,0.0,47.1,0.0,20110401,10.6
91,0.0,7.6,14.1,1.1,4,2011,2,203,2011-04-02,0.1,0.0,53.6,0.0,20110402,0.0
92,0.0,8.4,16.6,1.3,4,2011,3,203,2011-04-03,-0.2,0.0,55.8,0.0,20110403,8.4
93,0.0,9.1,18.0,1.4,4,2011,4,203,2011-04-04,0.6,0.0,49.8,0.0,20110404,9.2
94,0.0,9.5,19.9,1.5,4,2011,5,203,2011-04-05,-0.2,0.0,35.6,0.0,20110405,11.6
95,0.0,9.7,19.3,1.5,4,2011,6,203,2011-04-06,-1.4,0.0,41.8,0.0,20110406,6.6
96,0.0,8.9,10.5,0.7,4,2011,7,203,2011-04-07,6.8,18.5,93.3,0.0,20110407,0.0
97,0.0,11.8,17.9,1.9,4,2011,8,203,2011-04-08,6.5,0.0,56.5,0.0,20110408,7.6
98,0.0,10.3,18.2,1.7,4,2011,9,203,2011-04-09,1.3,0.0,47.3,0.0,20110409,10.1
99,0.0,9.9,18.6,1.8,4,2011,10,203,2011-04-10,2.5,0.5,63.9,0.0,20110410,1.3
100,0.0,10.4,16.2,3.1,4,2011,11,203,2011-04-11,6.3,0.0,38.6,0.0,20110411,11.7
101,0.0,9.5,18.4,2.2,4,2011,12,203,2011-04-12,-0.8,0.0,38.1,0.0,20110412,12.0
102,0.0,10.4,20.2,1.7,4,2011,13,203,2011-04-13,-1.3,0.0,45.6,0.0,20110413,11.2
103,0.0,11.6,21.4,1.4,4,2011,14,203,2011-04-14,1.3,0.0,44.8,0.0,20110414,10.8
104,0.0,13.7,23.7,2.2,4,2011,15,203,2011-04-15,9.0,0.0,65.1,0.0,20110415,4.8
105,0.0,12.1,20.7,2.0,4,2011,16,203,2011-04-16,4.1,0.0,40.6,0.0,20110416,11.7
106,0.0,11.6,21.4,1.9,4,2011,17,203,2011-04-17,2.5,0.0,52.1,0.0,20110417,11.1
107,0.0,7.1,10.6,2.1,4,2011,18,203,2011-04-18,4.4,1.0,70.0,0.0,20110418,0.1
108,0.0,10.1,16.8,2.3,4,2011,19,203,2011-04-19,4.4,0.0,44.4,0.0,20110419,10.9
109,0.0,11.0,19.1,2.2,4,2011,20,203,2011-04-20,2.7,0.0,51.9,0.0,20110420,10.2
110,0.0,12.0,20.1,1.1,4,2011,21,203,2011-04-21,3.5,0.0,45.9,0.0,20110421,3.7
111,0.0,8.6,11.6,1.5,4,2011,22,203,2011-04-22,7.3,37.0,89.8,0.0,20110422,0.0
112,0.0,9.5,15.3,3.3,4,2011,23,203,2011-04-23,5.5,0.0,60.4,0.0,20110423,10.2
113,0.0,9.3,15.8,3.5,4,2011,24,203,2011-04-24,4.6,0.0,60.1,0.0,20110424,9.7
114,0.0,11.9,18.9,3.2,4,2011,25,203,2011-04-25,6.3,0.0,56.1,0.0,20110425,6.4
115,0.0,9.1,10.2,1.2,4,2011,26,203,2011-04-26,8.0,7.0,92.8,0.0,20110426,0.0
116,0.0,10.8,15.2,1.8,4,2011,27,203,2011-04-27,7.4,2.0,79.6,0.0,20110427,1.0
117,0.0,9.5,15.9,2.1,4,2011,28,203,2011-04-28,6.3,0.3,64.0,0.0,20110428,4.7
118,0.0,11.4,19.1,1.1,4,2011,29,203,2011-04-29,2.1,0.5,61.8,0.0,20110429,1.7
119,0.0,13.2,16.9,1.6,4,2011,30,203,2011-04-30,10.2,92.0,93.3,0.0,20110430,0.0
120,0.0,13.6,17.3,3.3,5,2011,1,203,2011-05-01,10.0,0.0,69.6,0.0,20110501,8.9
121,0.0,14.6,22.7,1.4,5,2011,2,203,2011-05-02,7.1,0.0,58.5,0.0,20110502,9.7
122,0.0,14.9,21.9,2.2,5,2011,3,203,2011-05-03,8.7,0.0,54.6,0.0,20110503,9.5
123,0.0,14.1,22.3,0.9,5,2011,4,203,2011-05-04,6.3,0.0,51.9,0.0,20110504,5.6
124,0.0,16.7,23.8,1.6,5,2011,5,203,2011-05-05,7.6,0.0,47.4,0.0,20110505,11.8
125,0.0,15.3,19.8,1.1,5,2011,6,203,2011-05-06,9.7,0.0,62.9,0.0,20110506,0.4
126,0.0,17.0,23.8,2.4,5,2011,7,203,2011-05-07,12.4,2.0,72.4,0.0,20110507,7.8
127,0.0,17.1,25.5,1.1,5,2011,8,203,2011-05-08,9.3,0.0,59.0,0.0,20110508,8.2
128,0.0,19.0,26.1,2.1,5,2011,9,203,2011-05-09,13.6,5.0,76.3,0.0,20110509,0.0
129,0.0,17.3,19.6,1.3,5,2011,10,203,2011-05-10,14.5,17.5,90.8,0.0,20110510,0.0
130,0.0,16.2,19.5,1.8,5,2011,11,203,2011-05-11,13.9,52.5,84.0,0.0,20110511,0.0
131,0.0,14.8,20.9,1.6,5,2011,12,203,2011-05-12,10.6,1.0,73.6,0.0,20110512,0.7
132,0.0,15.0,21.3,3.2,5,2011,13,203,2011-05-13,8.4,0.0,53.0,0.0,20110513,12.3
133,0.0,16.7,23.9,2.5,5,2011,14,203,2011-05-14,9.3,0.0,40.4,0.0,20110514,12.2
134,0.0,17.8,26.2,2.5,5,2011,15,203,2011-05-15,8.8,0.0,51.1,0.0,20110515,10.5
135,0.0,16.8,23.8,1.9,5,2011,16,203,2011-05-16,10.7,0.0,48.3,0.0,20110516,11.8
136,0.0,16.1,24.2,1.4,5,2011,17,203,2011-05-17,6.0,0.0,46.5,0.0,20110517,11.7
137,0.0,19.1,27.0,1.5,5,2011,18,203,2011-05-18,8.4,0.0,53.6,0.0,20110518,9.6
138,0.0,20.9,26.6,2.1,5,2011,19,203,2011-05-19,15.4,0.0,56.9,0.0,20110519,5.5
139,0.0,18.4,22.4,1.4,5,2011,20,203,2011-05-20,16.8,3.5,84.1,0.0,20110520,0.0
140,0.0,14.9,17.3,0.8,5,2011,21,203,2011-05-21,12.4,10.0,88.6,0.0,20110521,0.0
141,0.0,17.3,24.2,0.7,5,2011,22,203,2011-05-22,11.0,0.0,63.3,0.0,20110522,9.2
142,0.0,17.7,25.0,0.7,5,2011,23,203,2011-05-23,12.5,0.0,62.3,0.0,20110523,7.5
143,0.0,19.4,28.3,0.9,5,2011,24,203,2011-05-24,9.7,0.0,56.1,0.0,20110524,10.5
144,0.0,20.4,27.9,0.6,5,2011,25,203,2011-05-25,13.9,0.0,63.1,0.0,20110525,2.1
145,0.0,17.1,20.5,1.7,5,2011,26,203,2011-05-26,13.0,0.2,70.1,0.0,20110526,6.4
146,0.0,17.9,23.3,1.0,5,2011,27,203,2011-05-27,13.3,0.0,69.0,0.0,20110527,1.9
147,0.0,20.6,29.0,0.7,5,2011,28,203,2011-05-28,12.4,0.0,63.8,0.0,20110528,9.7
148,0.0,21.9,29.9,1.4,5,2011,29,203,2011-05-29,13.9,0.0,49.9,0.0,20110529,11.1
149,0.0,21.1,28.0,1.2,5,2011,30,203,2011-05-30,13.9,0.0,52.4,0.0,20110530,6.8
150,0.0,18.4,22.7,1.5,5,2011,31,203,2011-05-31,15.8,3.0,72.3,0.0,20110531,0.1
151,0.0,16.4,21.3,1.2,6,2011,1,203,2011-06-01,14.5,32.0,85.9,0.0,20110601,2.5
152,0.0,19.7,26.3,0.8,6,2011,2,203,2011-06-02,14.6,0.0,70.5,0.0,20110602,7.5
153,0.0,19.9,26.0,1.6,6,2011,3,203,2011-06-03,14.4,0.0,62.1,0.0,20110603,9.3
154,0.0,20.0,25.2,2.0,6,2011,4,203,2011-06-04,17.3,0.0,70.0,0.0,20110604,5.8
155,0.0,21.2,28.9,1.6,6,2011,5,203,2011-06-05,16.5,0.0,59.4,0.0,20110605,9.2
156,0.0,20.6,27.7,1.1,6,2011,6,203,2011-06-06,12.7,0.0,56.5,0.0,20110606,7.8
157,0.0,20.4,28.0,1.1,6,2011,7,203,2011-06-07,12.0,0.1,57.5,0.0,20110607,8.4
158,0.0,22.0,28.5,1.6,6,2011,8,203,2011-06-08,16.1,0.0,56.6,0.0,20110608,7.8
159,0.0,19.3,23.5,1.3,6,2011,9,203,2011-06-09,17.2,0.0,77.8,0.0,20110609,1.5
160,0.0,20.4,24.9,0.7,6,2011,10,203,2011-06-10,16.5,0.0,78.6,0.0,20110610,0.4
161,0.0,23.7,32.0,1.1,6,2011,11,203,2011-06-11,17.3,0.0,56.3,0.0,20110611,11.8
162,0.0,22.9,30.5,1.3,6,2011,12,203,2011-06-12,15.2,0.0,53.6,0.0,20110612,9.8
163,0.0,21.2,27.3,1.8,6,2011,13,203,2011-06-13,18.1,0.0,65.8,0.0,20110613,6.6
164,0.0,22.8,30.3,1.1,6,2011,14,203,2011-06-14,15.8,0.0,62.1,0.0,20110614,11.8
165,0.0,24.0,31.3,1.1,6,2011,15,203,2011-06-15,16.8,0.0,57.1,0.0,20110615,8.7
166,0.0,24.7,32.2,1.4,6,2011,16,203,2011-06-16,16.3,0.0,49.5,0.0,20110616,12.5
167,0.0,23.1,30.1,1.2,6,2011,17,203,2011-06-17,15.7,0.0,54.8,0.0,20110617,7.6
168,0.0,23.5,29.5,1.1,6,2011,18,203,2011-06-18,17.3,0.0,59.0,0.0,20110618,7.7
169,0.0,25.4,32.9,0.9,6,2011,19,203,2011-06-19,17.2,0.0,56.9,0.0,20110619,11.8
170,0.0,25.2,32.8,1.6,6,2011,20,203,2011-06-20,18.3,0.0,56.3,0.0,20110620,11.9
171,0.0,24.3,31.5,1.7,6,2011,21,203,2011-06-21,17.7,0.0,58.0,0.0,20110621,12.5
172,0.0,22.9,27.0,1.5,6,2011,22,203,2011-06-22,18.6,7.0,82.4,0.0,20110622,0.3
173,0.0,23.4,25.6,2.6,6,2011,23,203,2011-06-23,21.9,35.5,87.9,0.0,20110623,0.0
174,0.0,19.5,22.4,1.8,6,2011,24,203,2011-06-24,16.7,70.5,91.0,0.0,20110624,0.0
175,0.0,17.6,19.1,1.9,6,2011,25,203,2011-06-25,16.5,36.0,90.9,0.0,20110625,0.0
176,0.0,19.0,21.6,2.8,6,2011,26,203,2011-06-26,16.9,27.5,85.8,0.0,20110626,0.0
177,0.0,20.4,21.9,2.7,6,2011,27,203,2011-06-27,19.6,2.0,82.1,0.0,20110627,0.0
178,0.0,24.4,30.6,1.0,6,2011,28,203,2011-06-28,17.8,0.1,67.8,0.0,20110628,9.7
179,0.0,21.9,27.1,1.6,6,2011,29,203,2011-06-29,20.1,66.5,89.0,0.0,20110629,0.0
180,0.0,24.7,29.6,1.3,6,2011,30,203,2011-06-30,21.2,63.5,81.9,0.0,20110630,1.9
181,0.0,25.7,29.7,0.8,7,2011,1,203,2011-07-01,22.9,0.1,78.0,0.0,20110701,1.4
182,0.0,25.6,28.9,0.4,7,2011,2,203,2011-07-02,23.1,0.0,80.9,0.0,20110702,0.0
183,0.0,22.8,25.2,1.3,7,2011,3,203,2011-07-03,20.7,158.5,91.6,0.0,20110703,0.0
184,0.0,23.4,28.2,1.8,7,2011,4,203,2011-07-04,20.3,0.0,74.8,0.0,20110704,7.5
185,0.0,23.3,30.4,1.1,7,2011,5,203,2011-07-05,17.5,0.0,72.1,0.0,20110705,7.3
186,0.0,23.3,30.5,0.5,7,2011,6,203,2011-07-06,17.7,0.0,73.5,0.0,20110706,4.6
187,0.0,22.6,24.4,1.1,7,2011,7,203,2011-07-07,21.0,44.0,88.1,0.0,20110707,0.0
188,0.0,22.5,24.1,0.9,7,2011,8,203,2011-07-08,21.6,45.0,89.1,0.0,20110708,0.0
189,0.0,22.7,26.4,0.8,7,2011,9,203,2011-07-09,19.9,62.5,88.9,0.0,20110709,0.2
190,0.0,22.2,23.9,1.0,7,2011,10,203,2011-07-10,20.5,14.5,89.3,0.0,20110710,0.0
191,9.6,20.7,23.0,0.8,7,2011,11,203,2011-07-11,19.5,45.5,91.8,0.0,20110711,0.0
192,0.0,22.4,24.8,0.6,7,2011,12,203,2011-07-12,20.1,57.0,91.8,0.0,20110712,0.0
193,0.0,24.0,26.4,0.8,7,2011,13,203,2011-07-13,22.0,7.5,88.4,0.0,20110713,0.0
194,0.0,24.3,27.3,1.1,7,2011,14,203,2011-07-14,22.8,38.0,89.8,0.0,20110714,0.1
195,0.0,24.6,29.3,1.6,7,2011,15,203,2011-07-15,23.1,26.5,85.8,0.0,20110715,0.2
196,0.0,24.3,30.4,0.8,7,2011,16,203,2011-07-16,22.9,38.0,87.9,0.0,20110716,1.5
197,0.0,26.7,32.2,0.5,7,2011,17,203,2011-07-17,22.8,0.2,80.6,0.0,20110717,2.6
198,0.0,27.8,34.7,1.2,7,2011,18,203,2011-07-18,23.1,0.0,72.0,0.0,20110718,9.5
199,0.0,27.5,32.0,3.6,7,2011,19,203,2011-07-19,23.8,0.0,62.5,0.0,20110719,11.8
200,0.0,26.5,32.0,2.7,7,2011,20,203,2011-07-20,21.9,0.0,58.1,0.0,20110720,13.0
201,0.0,25.6,32.3,1.1,7,2011,21,203,2011-07-21,18.4,0.0,59.0,0.0,20110721,13.0
202,0.0,23.4,27.4,0.8,7,2011,22,203,2011-07-22,19.4,0.2,76.3,0.0,20110722,0.0
203,0.0,25.9,30.5,0.9,7,2011,23,203,2011-07-23,22.4,0.0,74.3,0.0,20110723,2.9
204,0.0,25.0,28.6,1.4,7,2011,24,203,2011-07-24,23.1,0.5,79.4,0.0,20110724,2.0
205,0.0,24.9,28.7,1.1,7,2011,25,203,2011-07-25,22.4,5.5,82.9,0.0,20110725,0.9
206,0.0,25.8,30.3,1.5,7,2011,26,203,2011-07-26,22.3,50.5,80.3,0.0,20110726,2.3
207,0.0,23.5,25.5,1.4,7,2011,27,203,2011-07-27,22.2,206.0,91.1,0.0,20110727,0.0
208,0.0,26.2,29.1,2.4,7,2011,28,203,2011-07-28,23.3,5.0,80.3,0.0,20110728,0.9
209,0.0,26.6,31.0,1.5,7,2011,29,203,2011-07-29,24.2,3.0,79.5,0.0,20110729,2.0
210,0.0,26.4,31.3,0.7,7,2011,30,203,2011-07-30,24.1,10.5,82.5,0.0,20110730,2.2
211,0.0,24.4,26.4,0.9,7,2011,31,203,2011-07-31,22.8,42.5,89.1,0.0,20110731,0.1
212,0.0,25.2,29.0,1.0,8,2011,1,203,2011-08-01,22.9,13.5,86.4,0.0,20110801,0.2
213,0.0,25.1,28.5,1.5,8,2011,2,203,2011-08-02,23.3,0.5,85.6,0.0,20110802,2.5
214,0.0,25.3,31.1,1.1,8,2011,3,203,2011-08-03,21.9,11.5,82.8,0.0,20110803,1.5
215,0.0,25.6,29.8,0.6,8,2011,4,203,2011-08-04,23.1,0.5,85.5,0.0,20110804,0.1
216,0.0,28.1,34.5,0.6,8,2011,5,203,2011-08-05,22.8,0.0,72.1,0.0,20110805,11.6
217,0.0,27.1,32.1,1.1,8,2011,6,203,2011-08-06,23.3,0.0,75.8,0.0,20110806,2.2
218,0.0,27.2,32.0,2.6,8,2011,7,203,2011-08-07,23.4,4.5,71.5,0.0,20110807,4.0
219,0.0,26.0,28.0,4.1,8,2011,8,203,2011-08-08,23.3,34.0,74.9,0.0,20110808,0.1
220,0.0,24.3,26.4,2.0,8,2011,9,203,2011-08-09,22.9,5.0,81.8,0.0,20110809,0.5
221,0.0,26.2,30.8,1.4,8,2011,10,203,2011-08-10,23.4,1.5,79.3,0.0,20110810,5.5
222,0.0,27.2,32.0,1.2,8,2011,11,203,2011-08-11,23.8,0.0,76.0,0.0,20110811,4.9
223,0.0,25.2,28.4,0.8,8,2011,12,203,2011-08-12,23.4,42.5,87.3,0.0,20110812,0.0
224,0.0,24.9,29.5,1.0,8,2011,13,203,2011-08-13,22.9,17.5,87.1,0.0,20110813,1.2
225,0.0,24.9,30.1,0.8,8,2011,14,203,2011-08-14,23.5,25.0,86.8,0.0,20110814,0.4
226,0.0,25.2,29.0,0.8,8,2011,15,203,2011-08-15,23.0,1.5,83.8,0.0,20110815,0.1
227,0.0,25.5,29.6,1.2,8,2011,16,203,2011-08-16,23.4,40.5,85.6,0.0,20110816,0.0
228,0.0,24.2,25.9,1.0,8,2011,17,203,2011-08-17,21.7,90.5,91.8,0.0,20110817,0.0
229,0.0,25.2,30.6,0.7,8,2011,18,203,2011-08-18,20.9,0.0,76.0,0.0,20110818,5.6
230,0.0,23.7,27.8,0.9,8,2011,19,203,2011-08-19,21.4,0.0,81.3,0.0,20110819,0.2
231,0.0,22.0,25.6,1.1,8,2011,20,203,2011-08-20,18.6,0.0,80.3,0.0,20110820,1.8
232,0.0,23.6,30.2,0.8,8,2011,21,203,2011-08-21,17.7,0.0,72.4,0.0,20110821,10.0
233,0.0,22.7,29.1,0.9,8,2011,22,203,2011-08-22,18.4,0.0,73.9,0.0,20110822,4.9
234,0.0,21.8,29.2,0.6,8,2011,23,203,2011-08-23,16.1,0.0,74.8,0.0,20110823,6.2
235,0.0,22.0,27.2,0.7,8,2011,24,203,2011-08-24,16.9,0.0,74.1,0.0,20110824,2.3
236,0.0,23.5,28.5,0.9,8,2011,25,203,2011-08-25,19.1,0.4,73.3,0.0,20110825,1.8
237,0.0,24.0,28.6,1.5,8,2011,26,203,2011-08-26,19.7,0.0,70.8,0.0,20110826,6.4
238,0.0,25.4,30.8,1.3,8,2011,27,203,2011-08-27,20.7,0.0,71.3,0.0,20110827,9.0
239,0.0,25.9,32.6,0.6,8,2011,28,203,2011-08-28,20.3,0.0,71.0,0.0,20110828,9.6
240,0.0,26.4,32.3,0.6,8,2011,29,203,2011-08-29,21.6,0.0,73.9,0.0,20110829,5.7
241,0.0,25.9,31.0,0.5,8,2011,30,203,2011-08-30,22.8,0.0,78.6,0.0,20110830,0.6
242,0.0,26.3,33.5,0.8,8,2011,31,203,2011-08-31,20.6,0.0,67.4,0.0,20110831,10.3
243,0.0,25.0,32.3,0.8,9,2011,1,203,2011-09-01,19.4,0.0,71.1,0.0,20110901,8.3
244,0.0,25.0,32.1,1.7,9,2011,2,203,2011-09-02,19.7,0.0,66.6,0.0,20110902,10.7
245,0.0,23.2,29.5,2.1,9,2011,3,203,2011-09-03,17.7,0.0,59.8,0.0,20110903,8.9
246,0.0,22.2,29.2,1.6,9,2011,4,203,2011-09-04,17.4,0.0,57.3,0.0,20110904,5.3
247,0.0,22.3,29.4,0.9,9,2011,5,203,2011-09-05,16.1,0.0,62.9,0.0,20110905,9.1
248,0.0,21.3,29.0,1.4,9,2011,6,203,2011-09-06,14.6,0.0,62.5,0.0,20110906,8.7
249,0.0,20.4,27.8,0.9,9,2011,7,203,2011-09-07,12.6,0.0,66.4,0.0,20110907,5.9
250,0.0,20.3,24.9,0.7,9,2011,8,203,2011-09-08,17.8,0.4,72.8,0.0,20110908,1.6
251,0.0,17.8,19.9,0.5,9,2011,9,203,2011-09-09,16.6,2.0,86.1,0.0,20110909,0.0
252,0.0,18.6,21.1,0.8,9,2011,10,203,2011-09-10,16.5,1.0,86.1,0.0,20110910,0.0
253,0.0,18.9,20.7,0.8,9,2011,11,203,2011-09-11,17.2,51.5,91.5,0.0,20110911,0.0
254,0.0,22.7,27.5,0.4,9,2011,12,203,2011-09-12,19.8,1.0,78.5,0.0,20110912,1.9
255,0.0,23.9,29.0,0.6,9,2011,13,203,2011-09-13,20.3,0.0,76.1,0.0,20110913,3.7
256,0.0,24.1,30.3,0.7,9,2011,14,203,2011-09-14,20.7,0.0,76.8,0.0,20110914,3.6
257,0.0,24.0,30.6,0.8,9,2011,15,203,2011-09-15,19.7,0.0,76.5,0.0,20110915,5.8
258,0.0,23.6,30.3,0.5,9,2011,16,203,2011-09-16,19.6,0.0,77.8,0.0,20110916,6.0
259,0.0,23.4,30.4,1.0,9,2011,17,203,2011-09-17,19.5,16.0,79.1,0.0,20110917,4.5
260,0.0,19.4,23.9,2.4,9,2011,18,203,2011-09-18,16.0,1.0,71.6,0.0,20110918,0.0
261,0.0,15.4,17.2,1.6,9,2011,19,203,2011-09-19,13.7,0.5,70.5,0.0,20110919,0.0
262,0.0,16.0,22.7,2.0,9,2011,20,203,2011-09-20,10.9,0.0,58.8,0.0,20110920,6.6
263,0.0,16.2,23.9,1.3,9,2011,21,203,2011-09-21,9.7,0.0,56.9,0.0,20110921,8.6
264,0.0,15.7,24.4,0.9,9,2011,22,203,2011-09-22,7.7,0.0,64.5,0.0,20110922,10.7
265,0.0,16.4,25.1,0.7,9,2011,23,203,2011-09-23,8.7,0.0,65.9,0.0,20110923,9.5
266,0.0,17.0,25.7,0.9,9,2011,24,203,2011-09-24,10.0,0.0,66.8,0.0,20110924,9.8
267,0.0,16.4,25.6,0.5,9,2011,25,203,2011-09-25,9.6,0.0,68.6,0.0,20110925,9.4
268,0.0,16.9,27.5,0.5,9,2011,26,203,2011-09-26,9.2,0.0,67.1,0.0,20110926,10.2
269,0.0,16.7,26.7,0.8,9,2011,27,203,2011-09-27,8.6,0.0,66.0,0.0,20110927,9.5
270,0.0,15.5,21.5,0.5,9,2011,28,203,2011-09-28,9.7,0.0,76.4,0.0,20110928,0.5
271,0.0,15.0,15.8,1.0,9,2011,29,203,2011-09-29,14.5,19.5,91.0,0.0,20110929,0.0
272,0.0,14.9,19.8,1.8,9,2011,30,203,2011-09-30,10.0,0.0,55.1,0.0,20110930,9.7
273,0.0,10.4,17.7,1.4,10,2011,1,203,2011-10-01,3.7,0.0,66.3,0.0,20111001,9.3
274,0.0,9.9,18.4,1.1,10,2011,2,203,2011-10-02,2.4,0.0,62.5,0.0,20111002,8.5
275,0.0,9.9,19.3,0.8,10,2011,3,203,2011-10-03,1.7,0.0,64.5,0.0,20111003,10.2
276,0.0,11.2,20.7,0.7,10,2011,4,203,2011-10-04,2.3,0.0,67.9,0.0,20111004,9.4
277,0.0,14.1,21.2,1.0,10,2011,5,203,2011-10-05,8.8,0.0,64.9,0.0,20111005,2.3
278,0.0,14.3,22.2,1.7,10,2011,6,203,2011-10-06,8.6,0.0,62.4,0.0,20111006,5.5
279,0.0,12.9,22.0,1.1,10,2011,7,203,2011-10-07,4.2,0.0,67.4,0.0,20111007,9.7
280,0.0,12.3,22.3,0.7,10,2011,8,203,2011-10-08,6.2,0.0,75.9,0.0,20111008,7.0
281,0.0,12.4,21.0,0.5,10,2011,9,203,2011-10-09,6.2,0.0,81.3,0.0,20111009,4.1
282,0.0,13.8,23.2,0.7,10,2011,10,203,2011-10-10,9.1,0.0,82.1,0.0,20111010,5.0
283,0.0,13.4,22.6,0.9,10,2011,11,203,2011-10-11,7.4,0.0,72.3,0.0,20111011,6.9
284,0.0,11.3,18.5,0.6,10,2011,12,203,2011-10-12,5.0,0.0,79.1,0.0,20111012,0.6
285,0.0,12.8,22.6,0.6,10,2011,13,203,2011-10-13,7.1,0.0,78.9,0.0,20111013,6.5
286,0.0,12.7,15.1,0.6,10,2011,14,203,2011-10-14,9.8,7.0,89.9,0.0,20111014,0.0
287,0.0,13.2,19.3,1.8,10,2011,15,203,2011-10-15,9.3,18.0,83.6,0.0,20111015,2.7
288,0.0,13.7,19.5,2.2,10,2011,16,203,2011-10-16,8.8,0.5,68.1,0.0,20111016,6.6
289,0.0,10.2,18.1,1.6,10,2011,17,203,2011-10-17,4.7,0.0,50.3,0.0,20111017,9.9
290,0.0,6.6,17.1,0.8,10,2011,18,203,2011-10-18,-1.3,0.0,58.3,0.0,20111018,10.0
291,0.0,9.6,21.5,0.5,10,2011,19,203,2011-10-19,-0.7,0.0,67.9,0.0,20111019,9.9
292,0.0,12.2,20.8,0.8,10,2011,20,203,2011-10-20,4.8,0.0,72.4,0.0,20111020,7.0
293,0.0,14.5,20.6,0.6,10,2011,21,203,2011-10-21,6.8,1.0,73.9,0.0,20111021,4.4
294,0.0,14.2,20.8,0.7,10,2011,22,203,2011-10-22,9.9,3.5,81.1,0.0,20111022,2.7
295,0.0,12.6,20.1,0.7,10,2011,23,203,2011-10-23,6.8,0.1,84.9,0.0,20111023,2.8
296,0.0,12.9,16.8,1.6,10,2011,24,203,2011-10-24,8.0,0.3,72.4,0.0,20111024,0.0
297,0.0,6.5,12.9,1.7,10,2011,25,203,2011-10-25,1.5,0.0,46.4,0.0,20111025,9.7
298,0.0,5.7,15.7,0.7,10,2011,26,203,2011-10-26,-2.6,0.0,64.0,0.0,20111026,9.5
299,0.0,9.1,19.0,0.6,10,2011,27,203,2011-10-27,0.5,0.0,62.0,0.0,20111027,9.0
300,0.0,10.5,18.9,0.6,10,2011,28,203,2011-10-28,5.6,0.0,69.3,0.0,20111028,5.8
301,0.0,10.8,13.6,0.4,10,2011,29,203,2011-10-29,7.8,7.0,87.3,0.0,20111029,0.0
302,0.0,13.5,21.2,0.7,10,2011,30,203,2011-10-30,7.8,0.0,69.0,0.0,20111030,8.0
303,0.0,10.8,21.9,0.5,10,2011,31,203,2011-10-31,3.4,0.0,69.3,0.0,20111031,7.1
304,0.0,13.3,22.7,0.5,11,2011,1,203,2011-11-01,4.1,0.0,67.9,0.0,20111101,9.4
305,0.0,15.0,23.0,0.8,11,2011,2,203,2011-11-02,9.1,0.0,64.9,0.0,20111102,5.8
306,0.0,14.9,24.4,0.4,11,2011,3,203,2011-11-03,7.2,0.0,71.4,0.0,20111103,9.2
307,0.0,17.6,25.4,0.5,11,2011,4,203,2011-11-04,10.2,0.1,73.0,0.0,20111104,5.2
308,0.0,19.5,25.3,0.9,11,2011,5,203,2011-11-05,14.2,0.3,71.3,0.0,20111105,4.9
309,0.0,13.7,18.0,1.6,11,2011,6,203,2011-11-06,12.6,15.0,87.9,0.0,20111106,0.0
310,0.0,13.9,17.6,0.4,11,2011,7,203,2011-11-07,11.2,0.0,80.8,0.0,20111107,0.1
311,0.0,13.7,19.0,0.8,11,2011,8,203,2011-11-08,10.2,0.2,78.0,0.0,20111108,4.0
312,0.0,12.6,17.6,1.6,11,2011,9,203,2011-11-09,8.3,0.5,73.8,0.0,20111109,5.2
313,0.0,11.7,17.0,1.1,11,2011,10,203,2011-11-10,5.8,0.0,70.4,0.0,20111110,3.7
314,0.0,11.6,16.0,0.7,11,2011,11,203,2011-11-11,9.3,3.0,78.0,0.0,20111111,0.7
315,0.0,10.6,16.8,1.1,11,2011,12,203,2011-11-12,6.3,0.0,71.6,0.0,20111112,5.2
316,0.0,10.8,16.6,1.4,11,2011,13,203,2011-11-13,6.8,0.0,55.9,0.0,20111113,4.5
317,0.0,6.5,12.7,1.5,11,2011,14,203,2011-11-14,0.8,0.0,41.9,0.0,20111114,9.1
318,0.0,4.7,13.0,1.0,11,2011,15,203,2011-11-15,-1.9,0.0,56.3,0.0,20111115,8.6
319,0.0,6.7,14.9,0.6,11,2011,16,203,2011-11-16,-1.6,0.0,63.8,0.0,20111116,6.1
320,0.0,10.2,16.2,0.7,11,2011,17,203,2011-11-17,4.6,0.0,66.9,0.0,20111117,0.6
321,0.0,12.9,18.4,0.5,11,2011,18,203,2011-11-18,9.6,4.0,87.4,0.0,20111118,2.5
322,0.0,11.5,15.3,1.9,11,2011,19,203,2011-11-19,4.5,0.1,73.9,0.0,20111119,1.6
323,0.0,1.2,4.9,2.6,11,2011,20,203,2011-11-20,-1.8,0.0,40.0,0.0,20111120,9.2
324,0.0,0.3,6.9,1.1,11,2011,21,203,2011-11-21,-6.2,0.0,46.1,0.0,20111121,9.1
325,0.0,3.2,7.1,1.0,11,2011,22,203,2011-11-22,-1.9,0.0,58.8,0.0,20111122,0.7
326,0.0,3.0,9.0,2.5,11,2011,23,203,2011-11-23,-1.6,2.0,69.8,0.0,20111123,3.7
327,0.0,-1.0,4.2,1.6,11,2011,24,203,2011-11-24,-4.9,0.0,45.9,0.0,20111124,9.1
328,0.0,1.0,8.2,0.9,11,2011,25,203,2011-11-25,-3.8,0.0,61.1,0.0,20111125,8.8
329,0.0,2.5,5.9,0.6,11,2011,26,203,2011-11-26,-4.2,0.0,71.8,0.0,20111126,0.9
330,0.0,9.6,13.8,0.5,11,2011,27,203,2011-11-27,5.4,0.0,72.4,0.0,20111127,0.5
331,0.0,12.8,20.7,0.7,11,2011,28,203,2011-11-28,7.0,0.0,78.1,0.0,20111128,6.1
332,0.0,10.1,13.5,1.1,11,2011,29,203,2011-11-29,8.0,0.3,87.0,0.0,20111129,0.0
333,0.0,3.8,8.2,3.0,11,2011,30,203,2011-11-30,1.9,33.0,86.6,0.0,20111130,0.0
334,0.0,5.2,8.9,2.0,12,2011,1,203,2011-12-01,3.1,0.0,63.1,0.0,20111201,2.8
335,0.0,4.8,9.2,1.2,12,2011,2,203,2011-12-02,-0.3,0.1,66.9,0.0,20111202,0.6
336,0.0,4.7,9.0,1.1,12,2011,3,203,2011-12-03,1.7,9.0,81.8,0.0,20111203,1.5
337,0.0,1.8,7.6,1.6,12,2011,4,203,2011-12-04,-2.9,0.0,63.1,0.0,20111204,8.1
338,0.0,0.1,4.6,1.0,12,2011,5,203,2011-12-05,-5.7,0.0,53.1,0.0,20111205,7.8
339,0.0,3.1,9.9,1.0,12,2011,6,203,2011-12-06,-2.3,0.0,51.6,0.0,20111206,4.7
340,0.0,3.6,7.2,1.0,12,2011,7,203,2011-12-07,-0.9,0.0,60.0,0.0,20111207,0.0
341,0.0,1.4,5.0,2.1,12,2011,8,203,2011-12-08,-2.6,0.0,58.0,0.0,20111208,7.5
342,0.0,-2.2,0.5,1.3,12,2011,9,203,2011-12-09,-4.4,0.0,59.6,0.0,20111209,2.6
343,0.0,-3.0,1.5,1.1,12,2011,10,203,2011-12-10,-8.6,0.0,64.6,0.0,20111210,5.2
344,0.0,1.6,7.2,0.9,12,2011,11,203,2011-12-11,-3.2,0.2,74.3,0.0,20111211,3.8
345,0.0,2.9,9.6,1.2,12,2011,12,203,2011-12-12,-2.8,0.0,61.9,0.0,20111212,6.7
346,0.0,-0.8,7.2,0.7,12,2011,13,203,2011-12-13,-7.2,0.0,65.4,0.0,20111213,8.3
347,0.0,-1.0,3.9,0.8,12,2011,14,203,2011-12-14,-6.5,0.0,73.5,0.0,20111214,3.2
348,0.0,-3.2,0.9,2.1,12,2011,15,203,2011-12-15,-6.5,0.0,41.0,0.0,20111215,8.4
349,0.0,-6.0,-1.5,2.2,12,2011,16,203,2011-12-16,-9.2,0.0,37.0,0.0,20111216,8.9
350,0.0,-6.4,-0.5,1.1,12,2011,17,203,2011-12-17,-13.3,0.0,55.5,0.0,20111217,8.9
351,0.0,-2.6,2.7,1.3,12,2011,18,203,2011-12-18,-8.1,0.0,50.5,0.0,20111218,8.5
352,0.0,-3.8,3.4,1.0,12,2011,19,203,2011-12-19,-11.4,0.0,52.6,0.0,20111219,8.4
353,0.0,-3.7,3.7,0.7,12,2011,20,203,2011-12-20,-11.3,0.0,66.9,0.0,20111220,8.0
354,0.0,0.1,4.0,1.1,12,2011,21,203,2011-12-21,-3.0,0.3,76.8,0.0,20111221,2.3
355,0.0,-4.4,1.2,2.9,12,2011,22,203,2011-12-22,-8.7,0.0,34.0,0.0,20111222,8.9
356,0.5,-6.1,0.2,1.2,12,2011,23,203,2011-12-23,-12.2,0.5,43.5,0.0,20111223,8.6
357,0.0,-5.4,-1.1,1.9,12,2011,24,203,2011-12-24,-8.8,0.8,57.5,0.0,20111224,8.7
358,0.0,-6.8,-2.3,1.8,12,2011,25,203,2011-12-25,-12.1,0.0,39.6,0.0,20111225,9.0
359,0.0,-6.8,-1.4,1.7,12,2011,26,203,2011-12-26,-11.3,0.0,35.8,0.0,20111226,9.0
360,0.0,-7.3,0.4,0.8,12,2011,27,203,2011-12-27,-13.6,0.0,54.3,0.0,20111227,7.5
361,0.0,-3.7,2.0,0.5,12,2011,28,203,2011-12-28,-10.7,0.3,66.1,0.0,20111228,3.3
362,0.0,-1.4,3.7,1.1,12,2011,29,203,2011-12-29,-5.9,0.0,64.4,0.0,20111229,7.9
363,0.0,-4.9,2.7,0.8,12,2011,30,203,2011-12-30,-11.4,0.0,71.4,0.0,20111230,7.4
364,0.0,-5.2,0.8,0.5,12,2011,31,203,2011-12-31,-10.8,0.0,75.1,0.0,20111231,3.9
