,tmin,cloud,sunshine,tavg,wind,day,rainfall,date,humid,tmax,year,snow,Date,station_id,month
0,-2.2,0.0,0.0,0.5,0.7,1,0.0,20060101,88.8,3.0,2006,0.0,2006-01-01,203,1
1,-2.0,0.0,4.8,1.3,1.5,2,0.0,20060102,75.1,5.6,2006,0.0,2006-01-02,203,1
2,-5.6,0.0,7.9,-1.2,1.9,3,0.0,20060103,46.6,3.2,2006,0.0,2006-01-03,203,1
3,-7.8,0.0,0.0,-4.7,2.1,4,0.0,20060104,47.5,-2.0,2006,0.0,2006-01-04,203,1
4,-13.6,0.0,7.8,-6.7,1.1,5,0.0,20060105,58.5,-0.1,2006,0.0,2006-01-05,203,1
5,-13.3,0.0,6.1,-7.9,1.3,6,0.0,20060106,62.5,-1.7,2006,0.0,2006-01-06,203,1
6,-14.8,0.0,8.3,-7.6,1.2,7,0.0,20060107,62.4,-1.2,2006,0.0,2006-01-07,203,1
7,-14.6,0.0,7.0,-6.9,0.6,8,0.0,20060108,71.1,1.6,2006,0.0,2006-01-08,203,1
8,-13.0,0.0,7.1,-3.9,0.5,9,0.0,20060109,70.6,3.7,2006,0.0,2006-01-09,203,1
9,-4.6,0.0,3.8,-0.8,1.1,10,0.0,20060110,76.9,5.0,2006,0.0,2006-01-10,203,1
10,-9.8,0.0,5.5,-3.9,0.5,11,0.0,20060111,78.0,4.5,2006,0.0,2006-01-11,203,1
11,-10.5,0.0,3.2,-1.0,0.9,12,7.0,20060112,74.8,7.0,2006,0.0,2006-01-12,203,1
12,1.7,0.0,0.0,4.1,0.7,13,21.5,20060113,97.1,5.6,2006,0.0,2006-01-13,203,1
13,0.5,0.0,4.3,4.1,0.9,14,0.0,20060114,83.6,10.3,2006,0.0,2006-01-14,203,1
14,-1.1,0.0,4.4,2.8,0.8,15,0.0,20060115,83.8,9.6,2006,0.0,2006-01-15,203,1
15,-3.0,0.0,0.0,-1.1,0.7,16,0.0,20060116,97.1,1.2,2006,0.0,2006-01-16,203,1
16,-3.5,0.0,3.0,-0.7,0.5,17,0.0,20060117,91.5,4.5,2006,0.0,2006-01-17,203,1
17,-3.7,0.0,6.0,0.1,0.4,18,0.0,20060118,78.5,6.6,2006,0.0,2006-01-18,203,1
18,-5.0,0.0,6.4,1.0,1.1,19,0.0,20060119,75.9,7.5,2006,0.0,2006-01-19,203,1
19,-3.7,0.0,6.4,1.5,0.7,20,0.0,20060120,71.3,8.0,2006,0.0,2006-01-20,203,1
20,-5.5,0.0,6.2,0.1,0.8,21,0.0,20060121,69.5,6.0,2006,0.0,2006-01-21,203,1
21,-5.8,0.0,8.6,-2.0,2.2,22,0.0,20060122,45.5,1.6,2006,0.0,2006-01-22,203,1
22,-11.6,0.0,8.5,-4.7,1.3,23,0.0,20060123,63.4,2.7,2006,0.0,2006-01-23,203,1
23,-11.3,0.0,8.2,-3.9,0.9,24,0.0,20060124,68.4,3.5,2006,0.0,2006-01-24,203,1
24,-9.3,0.0,6.2,-2.6,0.7,25,0.0,20060125,73.9,4.5,2006,0.0,2006-01-25,203,1
25,-6.6,0.0,5.5,-1.3,0.9,26,0.0,20060126,80.6,5.9,2006,0.0,2006-01-26,203,1
26,-4.0,0.0,5.6,0.7,1.3,27,0.0,20060127,72.9,7.6,2006,0.0,2006-01-27,203,1
27,-7.4,0.0,5.5,-1.0,0.6,28,0.0,20060128,76.3,7.1,2006,0.0,2006-01-28,203,1
28,-6.3,0.0,5.1,2.5,0.4,29,0.5,20060129,74.5,10.3,2006,0.0,2006-01-29,203,1
29,1.5,0.0,2.2,5.0,0.7,30,0.0,20060130,81.8,9.0,2006,0.0,2006-01-30,203,1
30,0.8,0.0,0.0,3.1,0.9,31,5.0,20060131,91.5,5.6,2006,0.0,2006-01-31,203,1
31,-2.0,0.0,2.4,2.3,1.5,1,2.0,20060201,72.9,6.5,2006,0.0,2006-02-01,203,2
32,-4.8,0.0,8.1,-1.3,2.4,2,0.0,20060202,54.9,3.5,2006,0.0,2006-02-02,203,2
33,-12.6,0.0,8.7,-10.0,2.1,3,0.0,20060203,52.6,-4.5,2006,0.0,2006-02-03,203,2
34,-14.3,0.0,9.1,-8.7,1.7,4,0.0,20060204,57.5,-2.4,2006,0.0,2006-02-04,203,2
35,-12.6,0.0,6.2,-5.7,0.7,5,0.0,20060205,57.5,-1.0,2006,0.0,2006-02-05,203,2
36,-5.0,0.0,6.8,-0.7,0.7,6,0.0,20060206,61.6,5.5,2006,0.0,2006-02-06,203,2
37,-3.2,0.0,0.1,-0.4,1.5,7,7.6,20060207,89.8,2.0,2006,9.5,2006-02-07,203,2
38,-10.0,0.0,6.9,-6.7,2.3,8,0.2,20060208,68.4,-2.5,2006,0.5,2006-02-08,203,2
39,-15.5,0.0,7.8,-6.1,1.3,9,0.0,20060209,77.8,-0.3,2006,0.0,2006-02-09,203,2
40,-4.1,0.0,5.6,0.2,1.5,10,0.0,20060210,71.9,4.9,2006,0.0,2006-02-10,203,2
41,-4.2,0.0,7.2,0.7,1.4,11,0.0,20060211,63.9,6.3,2006,0.0,2006-02-11,203,2
42,-7.3,0.0,9.5,-1.5,1.6,12,0.0,20060212,51.5,4.7,2006,0.0,2006-02-12,203,2
43,-7.6,0.0,7.3,1.0,0.6,13,0.0,20060213,66.8,10.2,2006,0.0,2006-02-13,203,2
44,0.4,0.0,0.0,3.2,0.8,14,10.5,20060214,95.3,6.5,2006,0.0,2006-02-14,203,2
45,1.7,0.0,0.0,3.3,0.7,15,0.0,20060215,93.4,4.9,2006,0.0,2006-02-15,203,2
46,-3.6,0.0,4.0,1.1,1.8,16,0.0,20060216,67.3,8.6,2006,0.0,2006-02-16,203,2
47,-7.6,0.0,9.6,-4.1,2.4,17,0.0,20060217,46.6,0.5,2006,0.0,2006-02-17,203,2
48,-8.9,0.0,6.7,-2.0,1.0,18,0.0,20060218,67.5,5.8,2006,0.0,2006-02-18,203,2
49,-4.3,0.0,7.0,0.8,0.7,19,0.0,20060219,76.5,7.5,2006,0.0,2006-02-19,203,2
50,-4.4,0.0,7.9,2.5,0.8,20,0.0,20060220,71.6,11.4,2006,0.0,2006-02-20,203,2
51,-4.5,0.0,6.7,3.4,0.9,21,0.0,20060221,67.1,12.0,2006,0.0,2006-02-21,203,2
52,-1.2,0.0,4.0,3.5,1.9,22,0.0,20060222,69.4,10.3,2006,0.0,2006-02-22,203,2
53,-6.4,0.0,9.0,1.3,1.4,23,0.0,20060223,56.6,8.8,2006,0.0,2006-02-23,203,2
54,-4.8,0.0,9.6,3.2,0.7,24,0.0,20060224,52.1,11.9,2006,0.0,2006-02-24,203,2
55,-4.2,0.0,5.2,3.7,0.5,25,0.0,20060225,61.9,10.8,2006,0.0,2006-02-25,203,2
56,-2.7,0.0,7.7,2.5,2.3,26,0.0,20060226,53.3,5.8,2006,0.0,2006-02-26,203,2
57,-5.9,0.0,9.2,0.1,1.4,27,0.0,20060227,49.9,6.0,2006,0.0,2006-02-27,203,2
58,-0.9,0.0,0.2,1.9,0.5,28,0.5,20060228,78.9,4.3,2006,0.0,2006-02-28,203,2
59,-1.5,0.0,7.7,1.2,2.2,1,1.2,20060301,75.6,4.9,2006,0.6,2006-03-01,203,3
60,-3.8,0.0,4.7,-0.7,1.9,2,0.1,20060302,61.5,3.2,2006,0.2,2006-03-02,203,3
61,-6.6,0.0,9.9,0.2,1.8,3,0.0,20060303,56.8,7.0,2006,0.0,2006-03-03,203,3
62,-6.5,0.0,8.1,2.7,1.4,4,0.0,20060304,68.3,10.5,2006,0.0,2006-03-04,203,3
63,1.7,0.0,7.9,8.5,1.5,5,0.0,20060305,61.1,16.8,2006,0.0,2006-03-05,203,3
64,-1.9,0.0,7.8,5.8,1.0,6,0.0,20060306,59.4,15.1,2006,0.0,2006-03-06,203,3
65,-3.6,0.0,7.7,5.1,1.4,7,0.0,20060307,61.5,14.5,2006,0.0,2006-03-07,203,3
66,-2.2,0.0,6.0,5.9,0.9,8,0.0,20060308,64.0,13.3,2006,0.0,2006-03-08,203,3
67,2.7,0.0,5.3,9.2,1.0,9,0.0,20060309,58.0,16.1,2006,0.0,2006-03-09,203,3
68,2.2,0.0,7.6,9.9,1.6,10,0.0,20060310,68.9,18.5,2006,0.0,2006-03-10,203,3
69,3.3,0.0,1.4,8.1,2.1,11,0.0,20060311,63.5,11.9,2006,0.0,2006-03-11,203,3
70,-6.8,0.0,9.3,-2.7,3.6,12,0.0,20060312,43.9,3.3,2006,0.0,2006-03-12,203,3
71,-8.9,0.0,5.7,-2.7,2.0,13,1.3,20060313,64.4,4.0,2006,1.6,2006-03-13,203,3
72,-5.0,0.0,9.9,0.7,2.3,14,0.0,20060314,53.5,7.6,2006,0.0,2006-03-14,203,3
73,-5.1,0.0,8.2,4.9,1.2,15,0.0,20060315,62.8,13.9,2006,0.0,2006-03-15,203,3
74,2.2,0.0,0.0,4.4,1.4,16,3.5,20060316,84.4,6.8,2006,0.0,2006-03-16,203,3
75,2.7,0.0,5.2,7.0,0.8,17,0.0,20060317,77.6,13.4,2006,0.0,2006-03-17,203,3
76,3.7,0.0,4.0,7.9,1.7,18,0.0,20060318,69.1,15.8,2006,0.0,2006-03-18,203,3
77,1.2,0.0,10.5,4.8,2.7,19,0.0,20060319,37.5,10.9,2006,0.0,2006-03-19,203,3
78,-4.4,0.0,5.3,4.1,1.0,20,0.0,20060320,57.5,10.3,2006,0.0,2006-03-20,203,3
79,-0.1,0.0,9.6,8.7,0.9,21,0.0,20060321,44.5,17.2,2006,0.0,2006-03-21,203,3
80,2.1,0.0,6.3,9.7,1.5,22,0.0,20060322,53.8,18.9,2006,0.0,2006-03-22,203,3
81,1.0,0.0,10.0,7.4,2.9,23,0.0,20060323,48.3,13.8,2006,0.0,2006-03-23,203,3
82,-4.1,0.0,10.6,5.4,1.2,24,0.0,20060324,49.3,14.2,2006,0.0,2006-03-24,203,3
83,-1.4,0.0,8.7,9.0,2.8,25,0.0,20060325,52.8,17.9,2006,0.0,2006-03-25,203,3
84,1.5,0.0,9.5,8.3,1.9,26,0.0,20060326,31.1,14.7,2006,0.0,2006-03-26,203,3
85,-1.2,0.0,8.6,7.3,1.7,27,0.0,20060327,42.5,15.2,2006,0.0,2006-03-27,203,3
86,1.1,0.0,3.0,3.4,3.0,28,0.0,20060328,61.3,6.1,2006,0.0,2006-03-28,203,3
87,-2.1,0.0,9.8,4.2,2.5,29,4.0,20060329,53.9,9.9,2006,0.0,2006-03-29,203,3
88,0.4,0.0,10.9,4.9,2.5,30,0.0,20060330,53.8,11.3,2006,0.0,2006-03-30,203,3
89,-3.8,0.0,9.2,6.4,0.8,31,0.0,20060331,49.8,15.8,2006,0.0,2006-03-31,203,3
90,2.6,0.0,0.0,8.0,0.7,1,18.0,20060401,78.9,11.7,2006,0.0,2006-04-01,203,4
91,2.6,0.0,0.0,7.3,2.4,2,1.0,20060402,83.1,11.2,2006,0.0,2006-04-02,203,4
92,2.0,0.0,7.0,10.3,1.1,3,0.0,20060403,72.6,19.2,2006,0.0,2006-04-03,203,4
93,7.5,0.0,0.0,10.2,1.0,4,1.5,20060404,74.8,13.0,2006,0.0,2006-04-04,203,4
94,6.5,0.0,8.6,11.9,1.7,5,0.0,20060405,51.5,20.2,2006,0.0,2006-04-05,203,4
95,0.5,0.0,1.0,8.7,0.9,6,0.0,20060406,65.1,13.6,2006,0.0,2006-04-06,203,4
96,8.1,0.0,7.4,12.1,3.1,7,0.0,20060407,55.0,17.7,2006,0.0,2006-04-07,203,4
97,6.1,0.0,7.0,10.9,2.4,8,0.0,20060408,43.5,19.7,2006,0.0,2006-04-08,203,4
98,8.3,0.0,6.2,15.0,2.4,9,0.0,20060409,46.9,22.1,2006,0.0,2006-04-09,203,4
99,11.1,0.0,0.2,13.5,2.1,10,22.5,20060410,70.9,16.8,2006,0.0,2006-04-10,203,4
100,11.0,0.0,1.9,14.6,3.1,11,2.5,20060411,57.6,18.2,2006,0.0,2006-04-11,203,4
101,8.1,0.0,9.6,15.0,1.8,12,0.0,20060412,56.9,24.0,2006,0.0,2006-04-12,203,4
102,4.0,0.0,0.0,7.8,2.0,13,0.0,20060413,45.5,10.3,2006,0.0,2006-04-13,203,4
103,3.4,0.0,9.6,11.3,0.9,14,0.0,20060414,45.5,18.8,2006,0.0,2006-04-14,203,4
104,4.0,0.0,3.8,9.8,1.0,15,0.0,20060415,41.1,16.3,2006,0.0,2006-04-15,203,4
105,3.0,0.0,11.2,7.8,3.2,16,0.0,20060416,41.6,14.1,2006,0.0,2006-04-16,203,4
106,2.5,0.0,5.2,10.2,1.8,17,0.0,20060417,44.4,17.7,2006,0.0,2006-04-17,203,4
107,7.0,0.0,7.2,16.1,2.2,18,0.0,20060418,42.0,23.2,2006,0.0,2006-04-18,203,4
108,4.0,0.0,0.6,10.6,3.8,19,47.5,20060419,73.0,17.2,2006,0.0,2006-04-19,203,4
109,3.2,0.0,0.1,7.0,3.4,20,3.0,20060420,62.1,9.3,2006,0.0,2006-04-20,203,4
110,5.4,0.0,11.3,11.6,2.4,21,0.0,20060421,44.6,19.8,2006,0.0,2006-04-21,203,4
111,5.0,0.0,8.2,11.8,1.6,22,0.0,20060422,40.0,20.7,2006,0.0,2006-04-22,203,4
112,6.3,0.0,4.5,9.0,2.4,23,2.5,20060423,52.5,18.0,2006,0.0,2006-04-23,203,4
113,3.7,0.0,10.0,10.2,2.7,24,0.0,20060424,52.4,17.2,2006,0.0,2006-04-24,203,4
114,4.5,0.0,10.9,11.8,2.1,25,0.0,20060425,35.5,20.3,2006,0.0,2006-04-25,203,4
115,6.4,0.0,2.8,11.5,1.1,26,0.0,20060426,46.6,18.7,2006,0.0,2006-04-26,203,4
116,9.0,0.0,7.8,13.2,1.9,27,0.0,20060427,48.0,20.7,2006,0.0,2006-04-27,203,4
117,3.4,0.0,8.5,12.8,1.4,28,0.0,20060428,46.6,21.7,2006,0.0,2006-04-28,203,4
118,8.8,0.0,9.1,14.8,1.4,29,0.0,20060429,55.1,21.6,2006,0.0,2006-04-29,203,4
119,11.0,0.0,4.5,17.5,2.1,30,0.0,20060430,61.0,24.2,2006,0.0,2006-04-30,203,4
120,11.3,0.0,7.8,18.5,1.0,1,0.0,20060501,50.4,27.0,2006,0.0,2006-05-01,203,5
121,10.1,0.0,11.6,16.5,3.4,2,0.0,20060502,38.0,24.0,2006,0.0,2006-05-02,203,5
122,6.0,0.0,10.3,15.1,1.4,3,0.0,20060503,49.1,23.7,2006,0.0,2006-05-03,203,5
123,8.3,0.0,8.6,17.8,1.3,4,0.0,20060504,50.1,27.3,2006,0.0,2006-05-04,203,5
124,14.1,0.0,1.8,20.6,1.0,5,0.0,20060505,59.0,25.2,2006,0.0,2006-05-05,203,5
125,14.1,0.0,0.0,15.8,2.8,6,67.0,20060506,81.3,21.1,2006,0.0,2006-05-06,203,5
126,12.3,0.0,12.0,19.8,1.8,7,0.0,20060507,62.3,26.5,2006,0.0,2006-05-07,203,5
127,13.3,0.0,11.7,19.5,1.9,8,0.0,20060508,57.5,26.0,2006,0.0,2006-05-08,203,5
128,11.6,0.0,10.9,20.6,1.7,9,0.0,20060509,59.0,27.6,2006,0.0,2006-05-09,203,5
129,16.2,0.0,2.2,18.4,1.3,10,1.5,20060510,74.8,23.2,2006,0.0,2006-05-10,203,5
130,13.8,0.0,6.6,18.2,1.3,11,0.0,20060511,63.8,23.3,2006,0.0,2006-05-11,203,5
131,12.6,0.0,2.2,16.3,0.9,12,0.0,20060512,51.8,20.7,2006,0.0,2006-05-12,203,5
132,7.8,0.0,9.2,14.5,1.8,13,0.5,20060513,61.0,22.0,2006,0.0,2006-05-13,203,5
133,10.3,0.0,10.1,15.9,1.7,14,0.0,20060514,53.9,22.8,2006,0.0,2006-05-14,203,5
134,6.5,0.0,10.9,17.2,1.2,15,0.0,20060515,52.4,26.7,2006,0.0,2006-05-15,203,5
135,10.1,0.0,10.7,18.7,1.1,16,0.0,20060516,49.6,26.5,2006,0.0,2006-05-16,203,5
136,9.6,0.0,7.6,18.4,0.9,17,0.0,20060517,49.5,26.7,2006,0.0,2006-05-17,203,5
137,12.3,0.0,6.9,19.8,0.5,18,0.0,20060518,55.8,26.1,2006,0.0,2006-05-18,203,5
138,15.1,0.0,1.3,18.0,1.2,19,0.0,20060519,64.3,22.0,2006,0.0,2006-05-19,203,5
139,10.0,0.0,9.7,18.9,1.5,20,0.0,20060520,63.4,27.0,2006,0.0,2006-05-20,203,5
140,13.5,0.0,8.4,22.4,1.3,21,0.0,20060521,59.1,30.1,2006,0.0,2006-05-21,203,5
141,15.8,0.0,0.4,19.9,1.7,22,18.5,20060522,75.1,24.0,2006,0.0,2006-05-22,203,5
142,13.0,0.0,2.1,16.1,1.5,23,1.5,20060523,78.3,20.5,2006,0.0,2006-05-23,203,5
143,14.8,0.0,8.1,18.9,1.0,24,0.0,20060524,64.4,25.3,2006,0.0,2006-05-24,203,5
144,12.6,0.0,4.1,17.6,1.0,25,0.0,20060525,62.1,22.3,2006,0.0,2006-05-25,203,5
145,14.1,0.0,9.1,20.9,1.3,26,0.0,20060526,53.0,27.6,2006,0.0,2006-05-26,203,5
146,15.5,0.0,0.1,17.8,1.7,27,8.0,20060527,73.1,21.0,2006,0.0,2006-05-27,203,5
147,13.6,0.0,7.0,17.7,1.3,28,0.0,20060528,67.8,21.8,2006,0.0,2006-05-28,203,5
148,13.8,0.0,7.4,19.1,1.1,29,0.0,20060529,64.9,24.5,2006,0.0,2006-05-29,203,5
149,15.1,0.0,10.4,21.3,1.4,30,0.0,20060530,59.5,28.5,2006,0.0,2006-05-30,203,5
150,13.1,0.0,8.0,21.1,0.8,31,0.0,20060531,58.5,28.7,2006,0.0,2006-05-31,203,5
151,14.6,0.0,10.8,22.5,0.6,1,0.0,20060601,58.9,29.1,2006,0.0,2006-06-01,203,6
152,16.8,0.0,9.8,24.4,0.9,2,0.0,20060602,56.1,32.9,2006,0.0,2006-06-02,203,6
153,14.1,0.0,11.1,22.4,1.4,3,0.0,20060603,51.1,29.7,2006,0.0,2006-06-03,203,6
154,17.6,0.0,9.2,21.6,1.4,4,0.0,20060604,58.6,28.6,2006,0.0,2006-06-04,203,6
155,14.1,0.0,9.3,21.8,1.1,5,0.0,20060605,60.9,29.6,2006,0.0,2006-06-05,203,6
156,16.3,0.0,7.1,22.7,1.3,6,0.0,20060606,57.1,30.1,2006,0.0,2006-06-06,203,6
157,16.6,0.0,5.3,22.3,0.7,7,0.0,20060607,59.0,28.2,2006,0.0,2006-06-07,203,6
158,16.6,0.0,2.5,19.0,1.0,8,33.5,20060608,72.1,25.2,2006,0.0,2006-06-08,203,6
159,16.3,0.0,7.0,20.2,1.2,9,9.0,20060609,66.1,27.2,2006,0.0,2006-06-09,203,6
160,14.5,0.0,0.1,16.2,1.7,10,24.5,20060610,85.6,19.2,2006,0.0,2006-06-10,203,6
161,13.1,0.0,2.2,17.2,1.3,11,1.5,20060611,78.4,21.7,2006,0.0,2006-06-11,203,6
162,13.5,0.0,9.4,20.6,0.6,12,0.0,20060612,67.6,28.1,2006,0.0,2006-06-12,203,6
163,16.5,0.0,10.7,22.7,0.7,13,0.0,20060613,64.8,29.7,2006,0.0,2006-06-13,203,6
164,16.7,0.0,0.0,18.0,0.8,14,87.0,20060614,81.9,21.3,2006,0.0,2006-06-14,203,6
165,16.8,0.0,7.7,19.9,1.9,15,2.5,20060615,65.1,24.3,2006,0.0,2006-06-15,203,6
166,15.0,0.0,10.5,21.6,1.1,16,0.0,20060616,61.4,29.1,2006,0.0,2006-06-16,203,6
167,15.6,0.0,9.8,22.3,1.1,17,0.0,20060617,58.8,29.8,2006,0.0,2006-06-17,203,6
168,17.1,0.0,8.1,21.7,1.4,18,0.0,20060618,68.8,28.7,2006,0.0,2006-06-18,203,6
169,15.6,0.0,8.3,22.4,0.9,19,0.0,20060619,67.9,29.1,2006,0.0,2006-06-19,203,6
170,17.3,0.0,5.0,23.0,1.2,20,0.0,20060620,66.9,28.5,2006,0.0,2006-06-20,203,6
171,18.2,0.0,0.0,19.5,0.8,21,5.5,20060621,87.9,20.7,2006,0.0,2006-06-21,203,6
172,18.0,0.0,5.7,22.0,0.6,22,0.0,20060622,78.3,28.3,2006,0.0,2006-06-22,203,6
173,18.7,0.0,6.4,23.7,0.6,23,0.0,20060623,73.0,30.0,2006,0.0,2006-06-23,203,6
174,18.7,0.0,9.7,25.3,0.7,24,0.0,20060624,69.6,31.7,2006,0.0,2006-06-24,203,6
175,19.2,0.0,7.9,23.5,1.9,25,0.5,20060625,72.0,28.7,2006,0.0,2006-06-25,203,6
176,19.5,0.0,0.5,21.6,1.2,26,7.0,20060626,87.3,24.7,2006,0.0,2006-06-26,203,6
177,20.1,0.0,3.3,23.0,1.2,27,0.5,20060627,80.3,26.7,2006,0.0,2006-06-27,203,6
178,22.0,0.0,5.7,25.0,0.9,28,0.0,20060628,74.9,29.5,2006,0.0,2006-06-28,203,6
179,22.1,0.0,5.7,26.2,1.2,29,2.0,20060629,73.0,31.5,2006,0.0,2006-06-29,203,6
180,22.2,0.0,2.2,24.7,2.4,30,17.0,20060630,82.6,27.7,2006,0.0,2006-06-30,203,6
181,22.0,0.0,0.0,23.3,1.0,1,15.0,20060701,87.8,25.2,2006,0.0,2006-07-01,203,7
182,20.7,0.0,8.8,23.9,1.2,2,2.0,20060702,74.1,29.0,2006,0.0,2006-07-02,203,7
183,17.7,0.0,9.2,23.9,0.6,3,0.0,20060703,74.5,29.5,2006,0.0,2006-07-03,203,7
184,20.1,0.0,0.2,22.2,1.3,4,5.5,20060704,88.0,24.2,2006,0.0,2006-07-04,203,7
185,18.8,0.0,4.5,21.4,2.4,5,1.0,20060705,75.9,23.2,2006,0.0,2006-07-05,203,7
186,18.5,0.0,1.2,20.9,0.8,6,9.5,20060706,82.9,23.3,2006,0.0,2006-07-06,203,7
187,19.7,0.0,6.2,22.9,0.8,7,4.0,20060707,80.6,28.3,2006,0.0,2006-07-07,203,7
188,20.3,0.0,6.5,24.8,0.8,8,0.0,20060708,77.8,29.3,2006,0.0,2006-07-08,203,7
189,22.1,0.0,3.6,24.7,1.2,9,3.5,20060709,83.4,28.3,2006,0.0,2006-07-09,203,7
190,21.8,0.0,0.0,22.8,1.8,10,26.5,20060710,88.5,24.6,2006,0.0,2006-07-10,203,7
191,21.5,0.0,2.6,24.5,1.6,11,1.5,20060711,81.0,27.8,2006,0.0,2006-07-11,203,7
192,23.2,0.0,0.0,25.3,1.3,12,92.5,20060712,89.5,27.8,2006,0.0,2006-07-12,203,7
193,25.2,0.0,3.9,27.3,1.7,13,31.5,20060713,83.5,31.6,2006,0.0,2006-07-13,203,7
194,24.8,0.0,6.2,27.8,1.0,14,1.0,20060714,81.0,32.0,2006,0.0,2006-07-14,203,7
195,21.3,0.0,3.0,25.0,2.2,15,40.5,20060715,86.3,29.8,2006,0.0,2006-07-15,203,7
196,18.2,0.0,0.0,19.3,1.1,16,207.5,20060716,92.6,22.0,2006,0.0,2006-07-16,203,7
197,19.0,0.0,0.0,19.6,0.9,17,41.5,20060717,90.6,21.2,2006,0.0,2006-07-17,203,7
198,18.2,0.0,0.0,19.4,1.6,18,44.5,20060718,92.8,20.3,2006,0.0,2006-07-18,203,7
199,18.7,0.0,0.6,21.7,1.3,19,6.0,20060719,83.4,24.5,2006,0.0,2006-07-19,203,7
200,19.1,0.0,3.5,21.3,1.6,20,3.5,20060720,79.3,25.7,2006,0.0,2006-07-20,203,7
201,18.8,0.0,2.8,22.1,0.8,21,2.5,20060721,83.8,25.8,2006,0.0,2006-07-21,203,7
202,20.6,0.0,8.9,24.2,1.9,22,2.0,20060722,73.0,29.3,2006,0.0,2006-07-22,203,7
203,19.6,0.0,5.6,23.2,0.5,23,0.0,20060723,76.0,27.8,2006,0.0,2006-07-23,203,7
204,20.2,0.0,2.6,23.0,0.6,24,0.0,20060724,80.3,26.5,2006,0.0,2006-07-24,203,7
205,20.0,0.0,6.7,24.0,0.3,25,0.0,20060725,74.6,29.7,2006,0.0,2006-07-25,203,7
206,20.5,0.0,0.0,21.4,0.9,26,29.0,20060726,89.3,22.8,2006,0.0,2006-07-26,203,7
207,21.2,0.0,0.1,23.0,0.8,27,64.5,20060727,88.6,26.3,2006,0.0,2006-07-27,203,7
208,21.8,0.0,0.0,22.4,0.8,28,146.5,20060728,90.5,23.0,2006,0.0,2006-07-28,203,7
209,21.9,0.0,0.0,24.0,0.1,29,39.5,20060729,90.3,26.5,2006,0.0,2006-07-29,203,7
210,23.7,0.0,3.7,26.3,0.3,30,0.0,20060730,84.6,31.6,2006,0.0,2006-07-30,203,7
211,23.7,0.0,8.8,27.3,1.4,31,0.0,20060731,75.1,32.2,2006,0.0,2006-07-31,203,7
212,21.7,0.0,8.6,27.1,0.9,1,0.0,20060801,74.6,33.2,2006,0.0,2006-08-01,203,8
213,22.2,0.0,9.7,27.6,1.1,2,0.0,20060802,71.4,33.5,2006,0.0,2006-08-02,203,8
214,22.5,0.0,10.7,28.1,0.7,3,0.0,20060803,72.5,33.9,2006,0.0,2006-08-03,203,8
215,23.2,0.0,10.9,28.8,0.7,4,0.0,20060804,70.4,35.2,2006,0.0,2006-08-04,203,8
216,23.2,0.0,8.8,28.7,0.9,5,1.5,20060805,71.9,34.9,2006,0.0,2006-08-05,203,8
217,23.2,0.0,7.4,27.9,1.1,6,0.0,20060806,69.4,33.2,2006,0.0,2006-08-06,203,8
218,22.8,0.0,7.5,27.6,0.7,7,0.0,20060807,73.0,34.0,2006,0.0,2006-08-07,203,8
219,22.5,0.0,8.9,28.2,0.7,8,0.0,20060808,73.0,35.2,2006,0.0,2006-08-08,203,8
220,23.6,0.0,8.5,28.5,0.8,9,0.0,20060809,74.6,35.4,2006,0.0,2006-08-09,203,8
221,23.5,0.0,7.5,28.1,0.8,10,0.0,20060810,70.3,35.0,2006,0.0,2006-08-10,203,8
222,20.8,0.0,3.4,25.2,0.7,11,0.0,20060811,77.9,29.8,2006,0.0,2006-08-11,203,8
223,21.3,0.0,6.4,26.6,0.7,12,0.0,20060812,77.1,33.2,2006,0.0,2006-08-12,203,8
224,23.0,0.0,5.9,27.6,0.6,13,0.0,20060813,75.0,33.5,2006,0.0,2006-08-13,203,8
225,23.8,0.0,8.0,28.6,0.7,14,0.0,20060814,70.4,34.4,2006,0.0,2006-08-14,203,8
226,23.7,0.0,7.7,29.2,0.8,15,0.0,20060815,72.1,35.5,2006,0.0,2006-08-15,203,8
227,25.6,0.0,8.4,29.5,0.9,16,0.0,20060816,69.8,35.2,2006,0.0,2006-08-16,203,8
228,23.7,0.0,3.3,26.0,2.1,17,31.5,20060817,75.4,29.5,2006,0.0,2006-08-17,203,8
229,21.2,0.0,8.2,25.2,3.3,18,0.0,20060818,60.8,29.8,2006,0.0,2006-08-18,203,8
230,20.7,0.0,7.4,23.4,3.8,19,0.0,20060819,57.3,28.7,2006,0.0,2006-08-19,203,8
231,19.1,0.0,3.7,22.9,1.2,20,0.5,20060820,75.3,26.0,2006,0.0,2006-08-20,203,8
232,21.8,0.0,6.0,26.2,0.4,21,0.0,20060821,77.4,32.0,2006,0.0,2006-08-21,203,8
233,23.2,0.0,7.5,27.7,1.2,22,0.0,20060822,71.6,32.7,2006,0.0,2006-08-22,203,8
234,24.7,0.0,5.3,27.7,0.7,23,0.0,20060823,72.4,32.7,2006,0.0,2006-08-23,203,8
235,22.7,0.0,7.0,26.9,0.7,24,0.0,20060824,72.1,32.5,2006,0.0,2006-08-24,203,8
236,22.7,0.0,3.2,24.9,0.8,25,36.5,20060825,81.6,30.7,2006,0.0,2006-08-25,203,8
237,22.2,0.0,6.3,25.4,1.1,26,16.0,20060826,79.0,31.6,2006,0.0,2006-08-26,203,8
238,22.3,0.0,0.1,24.7,1.0,27,21.5,20060827,81.1,28.0,2006,0.0,2006-08-27,203,8
239,21.7,0.0,7.9,25.9,1.2,28,0.0,20060828,71.0,31.2,2006,0.0,2006-08-28,203,8
240,21.2,0.0,0.0,23.1,0.8,29,1.0,20060829,83.3,26.1,2006,0.0,2006-08-29,203,8
241,21.1,0.0,6.3,24.4,1.3,30,0.0,20060830,70.8,29.2,2006,0.0,2006-08-30,203,8
242,19.7,0.0,8.6,23.8,1.2,31,0.0,20060831,65.1,30.0,2006,0.0,2006-08-31,203,8
243,15.5,0.0,9.7,22.4,1.0,1,0.0,20060901,67.8,29.3,2006,0.0,2006-09-01,203,9
244,18.0,0.0,11.0,23.7,0.7,2,0.0,20060902,68.1,30.2,2006,0.0,2006-09-02,203,9
245,17.5,0.0,9.4,23.2,0.5,3,0.0,20060903,73.8,29.5,2006,0.0,2006-09-03,203,9
246,18.3,0.0,2.1,21.7,0.9,4,0.0,20060904,72.6,26.2,2006,0.0,2006-09-04,203,9
247,15.8,0.0,5.6,20.1,1.9,5,0.0,20060905,64.6,25.2,2006,0.0,2006-09-05,203,9
248,14.8,0.0,8.1,18.9,0.9,6,8.0,20060906,73.5,25.1,2006,0.0,2006-09-06,203,9
249,12.0,0.0,8.1,18.5,0.6,7,0.0,20060907,74.1,27.1,2006,0.0,2006-09-07,203,9
250,13.1,0.0,5.3,20.5,1.2,8,0.0,20060908,71.8,26.3,2006,0.0,2006-09-08,203,9
251,11.1,0.0,0.0,18.4,1.0,9,0.0,20060909,77.3,21.1,2006,0.0,2006-09-09,203,9
252,8.6,0.0,10.5,13.8,1.2,10,0.0,20060910,63.0,21.2,2006,0.0,2006-09-10,203,9
253,7.0,0.0,5.7,13.0,0.5,11,0.0,20060911,72.6,19.6,2006,0.0,2006-09-11,203,9
254,9.8,0.0,8.3,17.3,0.8,12,0.0,20060912,72.3,25.2,2006,0.0,2006-09-12,203,9
255,14.5,0.0,9.9,19.2,0.9,13,0.0,20060913,69.1,25.2,2006,0.0,2006-09-13,203,9
256,13.5,0.0,7.4,18.7,0.7,14,0.0,20060914,73.9,25.2,2006,0.0,2006-09-14,203,9
257,15.3,0.0,5.6,19.6,1.2,15,0.0,20060915,71.3,23.6,2006,0.0,2006-09-15,203,9
258,18.6,0.0,3.4,20.8,1.3,16,0.0,20060916,73.1,23.6,2006,0.0,2006-09-16,203,9
259,17.2,0.0,0.0,18.8,2.2,17,1.5,20060917,74.9,21.2,2006,0.0,2006-09-17,203,9
260,16.2,0.0,0.1,17.8,1.2,18,1.5,20060918,82.6,20.1,2006,0.0,2006-09-18,203,9
261,13.8,0.0,5.9,18.1,0.5,19,0.0,20060919,87.9,24.2,2006,0.0,2006-09-19,203,9
262,16.2,0.0,4.8,19.6,0.4,20,0.0,20060920,84.4,25.1,2006,0.0,2006-09-20,203,9
263,15.8,0.0,9.7,20.8,0.5,21,0.0,20060921,72.0,26.7,2006,0.0,2006-09-21,203,9
264,15.8,0.0,9.5,20.4,0.7,22,0.0,20060922,75.9,26.0,2006,0.0,2006-09-22,203,9
265,14.3,0.0,10.3,19.4,0.9,23,0.0,20060923,63.0,24.7,2006,0.0,2006-09-23,203,9
266,11.8,0.0,10.3,17.8,0.6,24,0.0,20060924,65.0,24.5,2006,0.0,2006-09-24,203,9
267,10.8,0.0,8.6,17.7,0.5,25,0.0,20060925,68.9,25.2,2006,0.0,2006-09-25,203,9
268,14.1,0.0,5.5,18.4,0.4,26,0.0,20060926,70.9,24.2,2006,0.0,2006-09-26,203,9
269,14.1,0.0,9.1,19.4,0.6,27,0.0,20060927,70.6,25.3,2006,0.0,2006-09-27,203,9
270,15.0,0.0,1.0,18.4,0.8,28,0.0,20060928,84.8,22.7,2006,0.0,2006-09-28,203,9
271,15.3,0.0,6.9,19.6,0.9,29,0.0,20060929,75.8,25.0,2006,0.0,2006-09-29,203,9
272,13.5,0.0,7.6,18.7,0.6,30,0.0,20060930,72.4,24.6,2006,0.0,2006-09-30,203,9
273,14.6,0.0,7.5,19.3,0.7,1,0.0,20061001,68.8,24.5,2006,0.0,2006-10-01,203,10
274,13.8,0.0,9.8,19.0,0.7,2,0.0,20061002,69.8,25.3,2006,0.0,2006-10-02,203,10
275,11.8,0.0,8.8,18.6,0.7,3,0.0,20061003,73.1,26.2,2006,0.0,2006-10-03,203,10
276,13.0,0.0,7.9,18.5,0.5,4,0.0,20061004,74.9,25.3,2006,0.0,2006-10-04,203,10
277,13.1,0.0,9.4,19.4,1.5,5,0.0,20061005,63.0,26.2,2006,0.0,2006-10-05,203,10
278,14.1,0.0,9.9,19.7,2.0,6,0.0,20061006,54.1,26.0,2006,0.0,2006-10-06,203,10
279,11.0,0.0,9.1,17.9,0.9,7,0.0,20061007,68.3,25.7,2006,0.0,2006-10-07,203,10
280,13.1,0.0,4.9,18.0,0.5,8,0.0,20061008,84.0,23.2,2006,0.0,2006-10-08,203,10
281,15.0,0.0,3.3,19.2,0.6,9,0.0,20061009,85.0,23.8,2006,0.0,2006-10-09,203,10
282,15.1,0.0,4.7,18.9,0.8,10,0.0,20061010,81.5,25.2,2006,0.0,2006-10-10,203,10
283,13.8,0.0,0.5,17.4,0.8,11,0.0,20061011,81.6,23.0,2006,0.0,2006-10-11,203,10
284,7.9,0.0,6.9,14.6,0.9,12,0.0,20061012,65.4,23.2,2006,0.0,2006-10-12,203,10
285,8.1,0.0,8.1,15.1,0.5,13,0.0,20061013,68.5,23.7,2006,0.0,2006-10-13,203,10
286,10.0,0.0,8.8,16.5,0.6,14,0.0,20061014,70.8,24.1,2006,0.0,2006-10-14,203,10
287,11.1,0.0,7.1,17.1,0.5,15,0.0,20061015,75.8,24.0,2006,0.0,2006-10-15,203,10
288,12.3,0.0,6.6,18.0,0.6,16,0.0,20061016,80.5,24.5,2006,0.0,2006-10-16,203,10
289,13.6,0.0,0.8,17.0,0.6,17,0.0,20061017,88.9,21.3,2006,0.0,2006-10-17,203,10
290,14.0,0.0,6.8,18.4,0.5,18,0.0,20061018,80.0,24.0,2006,0.0,2006-10-18,203,10
291,13.8,0.0,2.4,18.1,0.7,19,0.0,20061019,83.1,22.7,2006,0.0,2006-10-19,203,10
292,13.3,0.0,4.7,18.0,0.8,20,0.0,20061020,80.6,23.6,2006,0.0,2006-10-20,203,10
293,12.8,0.0,7.1,18.0,0.6,21,0.0,20061021,74.3,24.1,2006,0.0,2006-10-21,203,10
294,12.3,0.0,0.4,15.9,0.6,22,11.0,20061022,93.3,19.0,2006,0.0,2006-10-22,203,10
295,13.0,0.0,0.7,14.6,2.4,23,5.5,20061023,70.8,16.7,2006,0.0,2006-10-23,203,10
296,11.0,0.0,9.6,14.4,2.5,24,0.0,20061024,60.4,19.2,2006,0.0,2006-10-24,203,10
297,8.0,0.0,4.3,13.2,0.5,25,0.0,20061025,73.6,18.8,2006,0.0,2006-10-25,203,10
298,11.8,0.0,4.3,15.2,0.6,26,0.0,20061026,74.9,19.7,2006,0.0,2006-10-26,203,10
299,10.1,0.0,7.7,14.7,0.9,27,0.0,20061027,70.5,19.7,2006,0.0,2006-10-27,203,10
300,7.3,0.0,6.4,13.5,0.5,28,0.0,20061028,80.0,20.1,2006,0.0,2006-10-28,203,10
301,8.8,0.0,4.7,14.4,0.6,29,0.0,20061029,75.3,19.8,2006,0.0,2006-10-29,203,10
302,4.9,0.0,6.2,11.6,0.5,30,0.0,20061030,74.0,20.1,2006,0.0,2006-10-30,203,10
303,5.4,0.0,7.5,12.5,0.5,31,0.0,20061031,77.8,19.6,2006,0.0,2006-10-31,203,10
304,8.1,0.0,6.3,13.6,0.4,1,0.0,20061101,81.1,20.0,2006,0.0,2006-11-01,203,11
305,9.1,0.0,6.0,13.9,0.9,2,0.0,20061102,73.4,19.7,2006,0.0,2006-11-02,203,11
306,6.8,0.0,5.6,13.0,0.6,3,0.0,20061103,81.5,19.7,2006,0.0,2006-11-03,203,11
307,10.6,0.0,5.6,15.1,0.9,4,0.0,20061104,75.9,20.5,2006,0.0,2006-11-04,203,11
308,7.0,0.0,6.8,14.1,1.8,5,10.5,20061105,64.9,19.1,2006,0.0,2006-11-05,203,11
309,4.5,0.0,1.4,7.0,1.4,6,16.0,20061106,89.3,10.0,2006,0.0,2006-11-06,203,11
310,-1.0,0.0,9.0,4.3,1.7,7,0.0,20061107,62.9,8.6,2006,0.0,2006-11-07,203,11
311,1.6,0.0,5.7,10.4,2.1,8,0.0,20061108,71.3,15.1,2006,0.0,2006-11-08,203,11
312,6.8,0.0,5.0,13.6,2.3,9,0.5,20061109,50.1,20.3,2006,0.0,2006-11-09,203,11
313,0.4,0.0,4.1,6.5,0.7,10,0.0,20061110,54.1,13.5,2006,0.0,2006-11-10,203,11
314,0.6,0.0,8.9,6.2,1.6,11,0.0,20061111,48.0,12.5,2006,0.0,2006-11-11,203,11
315,-4.0,0.0,9.1,3.8,1.0,12,0.0,20061112,53.0,12.3,2006,0.0,2006-11-12,203,11
316,-1.7,0.0,2.6,7.6,1.0,13,0.0,20061113,74.5,14.1,2006,0.0,2006-11-13,203,11
317,1.7,0.0,8.6,5.8,2.0,14,0.0,20061114,47.0,10.5,2006,0.0,2006-11-14,203,11
318,-0.5,0.0,3.5,4.4,1.9,15,5.0,20061115,73.6,11.1,2006,0.0,2006-11-15,203,11
319,-4.4,0.0,6.3,1.5,1.0,16,0.0,20061116,57.3,8.1,2006,0.0,2006-11-16,203,11
320,-5.1,0.0,7.5,2.1,0.6,17,0.0,20061117,70.6,10.6,2006,0.0,2006-11-17,203,11
321,-3.2,0.0,6.6,3.3,0.4,18,0.0,20061118,70.0,12.1,2006,0.0,2006-11-18,203,11
322,-2.7,0.0,2.5,4.5,0.4,19,0.0,20061119,72.6,12.0,2006,0.0,2006-11-19,203,11
323,-0.3,0.0,6.4,5.9,0.7,20,0.0,20061120,73.4,14.1,2006,0.0,2006-11-20,203,11
324,-2.7,0.0,1.2,3.1,0.4,21,0.0,20061121,88.3,6.9,2006,0.0,2006-11-21,203,11
325,-2.2,0.0,2.4,3.4,0.5,22,0.0,20061122,81.8,10.8,2006,0.0,2006-11-22,203,11
326,1.8,0.0,3.4,6.0,2.7,23,0.0,20061123,63.0,11.1,2006,0.0,2006-11-23,203,11
327,1.3,0.0,5.7,5.0,1.5,24,0.0,20061124,61.0,10.5,2006,0.0,2006-11-24,203,11
328,-0.3,0.0,7.7,6.5,0.9,25,0.0,20061125,63.0,15.0,2006,0.0,2006-11-25,203,11
329,3.4,0.0,0.7,9.3,1.3,26,0.0,20061126,66.8,14.6,2006,0.0,2006-11-26,203,11
330,4.5,0.0,0.0,7.1,2.4,27,15.0,20061127,89.9,11.0,2006,0.0,2006-11-27,203,11
331,0.8,0.0,1.0,5.0,1.2,28,0.0,20061128,80.5,10.1,2006,0.0,2006-11-28,203,11
332,-2.2,0.0,5.9,1.0,1.0,29,0.0,20061129,59.5,6.3,2006,0.0,2006-11-29,203,11
333,-4.4,0.0,2.0,-0.6,0.7,30,0.0,20061130,87.8,3.0,2006,0.0,2006-11-30,203,11
334,-2.0,0.0,1.2,0.3,0.7,1,1.6,20061201,93.0,5.0,2006,1.9,2006-12-01,203,12
335,-7.4,0.0,6.6,-2.6,2.2,2,0.1,20061202,61.5,0.8,2006,0.3,2006-12-02,203,12
336,-9.8,0.0,8.5,-5.1,1.2,3,0.0,20061203,53.4,0.0,2006,0.0,2006-12-03,203,12
337,-10.1,0.0,8.3,-3.9,0.9,4,0.0,20061204,62.6,2.7,2006,0.0,2006-12-04,203,12
338,-6.4,0.0,4.1,-1.7,0.6,5,0.0,20061205,80.8,3.5,2006,0.0,2006-12-05,203,12
339,-6.4,0.0,1.9,-1.5,0.3,6,0.0,20061206,90.8,4.0,2006,0.0,2006-12-06,203,12
340,-0.8,0.0,0.0,2.2,0.3,7,0.0,20061207,89.9,6.0,2006,0.0,2006-12-07,203,12
341,2.9,0.0,0.0,5.3,1.4,8,2.0,20061208,72.1,7.4,2006,0.0,2006-12-08,203,12
342,-0.8,0.0,2.0,3.0,1.4,9,3.5,20061209,76.9,7.3,2006,0.0,2006-12-09,203,12
343,-4.8,0.0,7.5,-1.0,1.2,10,0.0,20061210,58.6,4.4,2006,0.0,2006-12-10,203,12
344,-7.4,0.0,7.1,-1.2,0.5,11,0.0,20061211,72.9,5.1,2006,0.0,2006-12-11,203,12
345,-3.4,0.0,2.8,1.4,0.5,12,0.0,20061212,78.5,7.8,2006,0.0,2006-12-12,203,12
346,-1.1,0.0,1.5,2.9,0.9,13,0.0,20061213,81.1,10.0,2006,0.0,2006-12-13,203,12
347,-3.7,0.0,1.1,-0.3,0.6,14,0.0,20061214,80.6,5.9,2006,0.0,2006-12-14,203,12
348,-5.4,0.0,1.5,-1.2,0.5,15,0.0,20061215,89.6,3.0,2006,0.0,2006-12-15,203,12
349,-2.9,0.0,3.4,0.4,1.1,16,0.0,20061216,78.6,6.5,2006,0.0,2006-12-16,203,12
350,-4.0,0.0,1.9,-1.1,1.4,17,2.7,20061217,83.8,3.0,2006,5.0,2006-12-17,203,12
351,-9.6,0.0,8.6,-4.0,0.9,18,0.0,20061218,69.4,1.7,2006,0.0,2006-12-18,203,12
352,-10.0,0.0,7.9,-3.0,0.5,19,0.0,20061219,73.9,3.4,2006,0.0,2006-12-19,203,12
353,-2.7,0.0,2.7,0.6,0.3,20,0.0,20061220,74.6,6.6,2006,0.0,2006-12-20,203,12
354,-4.5,0.0,7.3,0.3,0.5,21,0.0,20061221,80.5,7.5,2006,0.0,2006-12-21,203,12
355,-4.0,0.0,3.4,0.7,0.8,22,0.0,20061222,80.9,6.9,2006,0.0,2006-12-22,203,12
356,-7.4,0.0,5.0,-0.7,0.7,23,0.0,20061223,81.1,7.9,2006,0.0,2006-12-23,203,12
357,-5.8,0.0,4.8,-0.2,0.5,24,0.0,20061224,77.4,6.8,2006,0.0,2006-12-24,203,12
358,-4.4,0.0,7.4,2.3,0.3,25,0.0,20061225,81.3,11.6,2006,0.0,2006-12-25,203,12
359,-4.3,0.0,6.4,2.8,0.4,26,0.0,20061226,81.4,12.6,2006,0.0,2006-12-26,203,12
360,-3.9,0.0,1.8,0.5,2.1,27,0.0,20061227,73.0,5.5,2006,0.0,2006-12-27,203,12
361,-11.5,0.0,8.1,-7.6,3.2,28,0.0,20061228,41.5,-3.4,2006,0.0,2006-12-28,203,12
362,-15.1,0.0,8.8,-8.5,1.3,29,0.0,20061229,44.8,-2.0,2006,0.0,2006-12-29,203,12
363,-14.3,0.0,7.1,-6.4,0.5,30,0.0,20061230,60.9,-0.2,2006,0.0,2006-12-30,203,12
364,-8.1,0.0,7.8,-1.8,0.5,31,0.0,20061231,52.0,5.9,2006,0.0,2006-12-31,203,12
