,Date,rainfall,tmin,station_id,humid,snow,sunshine,date,cloud,month,day,tavg,wind,tmax,year
0,2015-01-01,0.0,-9.9,203,36.5,0.0,8.5,20150101,0.0,1,1,-7.4,2.5,-3.6,2015
1,2015-01-02,0.0,-11.7,203,45.0,0.0,7.6,20150102,0.0,1,2,-6.2,1.8,-1.4,2015
2,2015-01-03,0.0,-14.0,203,57.3,0.0,8.0,20150103,0.0,1,3,-5.8,0.8,1.0,2015
3,2015-01-04,0.0,-4.3,203,68.9,0.0,3.9,20150104,0.0,1,4,-0.5,0.6,5.7,2015
4,2015-01-05,1.8,-6.1,203,81.4,0.0,2.9,20150105,0.0,1,5,-0.2,0.6,6.4,2015
5,2015-01-06,3.3,-6.9,203,49.4,0.0,8.1,20150106,0.0,1,6,-1.8,2.6,2.1,2015
6,2015-01-07,0.0,-9.5,203,35.3,0.0,8.8,20150107,0.0,1,7,-5.7,1.5,0.0,2015
7,2015-01-08,0.0,-13.3,203,55.4,0.0,8.7,20150108,0.0,1,8,-6.2,1.0,1.2,2015
8,2015-01-09,0.0,-11.8,203,68.3,0.0,6.2,20150109,0.0,1,9,-4.3,0.9,2.2,2015
9,2015-01-10,0.0,-10.1,203,57.4,0.0,8.9,20150110,0.0,1,10,-1.4,1.3,5.3,2015
10,2015-01-11,0.4,-4.3,203,53.9,0.0,8.7,20150111,0.0,1,11,-0.9,2.0,3.8,2015
11,2015-01-12,0.0,-11.1,203,47.3,0.0,8.9,20150112,0.0,1,12,-4.0,0.9,3.6,2015
12,2015-01-13,0.0,-10.6,203,58.5,0.0,7.3,20150113,0.0,1,13,-2.7,0.6,5.4,2015
13,2015-01-14,0.0,-3.4,203,56.1,0.0,0.0,20150114,0.0,1,14,0.3,0.5,4.3,2015
14,2015-01-15,0.0,-0.8,203,56.8,0.0,5.0,20150115,0.0,1,15,2.6,1.1,9.2,2015
15,2015-01-16,1.1,-2.8,203,71.5,0.0,0.3,20150116,0.0,1,16,-0.3,2.0,3.1,2015
16,2015-01-17,0.0,-6.7,203,42.4,0.0,8.9,20150117,0.0,1,17,-3.5,2.5,1.1,2015
17,2015-01-18,4.4,-11.5,203,70.6,0.0,4.3,20150118,0.0,1,18,-3.5,1.1,3.0,2015
18,2015-01-19,0.0,-4.6,203,62.1,0.0,6.7,20150119,0.0,1,19,0.5,2.1,5.7,2015
19,2015-01-20,0.0,-9.5,203,64.6,0.0,8.0,20150120,0.0,1,20,-2.2,0.7,4.4,2015
20,2015-01-21,4.1,-3.8,203,69.0,0.0,1.4,20150121,0.0,1,21,1.1,0.5,7.1,2015
21,2015-01-22,0.7,-1.4,203,71.4,0.0,1.4,20150122,6.5,1,22,2.2,0.7,7.5,2015
22,2015-01-23,0.0,-4.9,203,81.4,0.0,0.2,20150123,8.5,1,23,-1.2,0.6,1.8,2015
23,2015-01-24,0.0,-2.2,203,72.9,0.0,3.6,20150124,0.0,1,24,1.3,0.8,7.2,2015
24,2015-01-25,4.6,-3.3,203,85.4,0.0,0.0,20150125,0.0,1,25,0.5,0.6,3.3,2015
25,2015-01-26,2.2,-0.1,203,86.9,0.0,0.0,20150126,9.3,1,26,3.0,0.7,6.0,2015
26,2015-01-27,0.0,-5.8,203,54.1,0.0,8.8,20150127,1.0,1,27,-1.6,2.0,2.3,2015
27,2015-01-28,0.0,-9.9,203,53.4,0.0,8.3,20150128,2.3,1,28,-4.2,1.1,2.4,2015
28,2015-01-29,0.0,-6.7,203,68.9,0.0,0.0,20150129,8.3,1,29,-1.6,0.6,2.8,2015
29,2015-01-30,0.0,-5.8,203,42.6,0.0,8.3,20150130,1.5,1,30,-1.7,2.2,1.4,2015
30,2015-01-31,0.0,-10.1,203,48.1,0.0,9.2,20150131,0.0,1,31,-4.7,1.4,1.3,2015
31,2015-02-01,0.0,-10.9,203,54.9,0.0,9.1,20150201,0.0,2,1,-4.0,1.0,3.1,2015
32,2015-02-02,0.0,-9.1,203,55.9,0.0,6.5,20150202,2.5,2,2,-2.9,0.7,5.4,2015
33,2015-02-03,0.0,-8.7,203,55.8,0.0,8.7,20150203,6.0,2,3,-1.4,0.9,6.8,2015
34,2015-02-04,0.0,-7.3,203,66.5,0.0,6.9,20150204,1.5,2,4,-1.1,1.1,5.4,2015
35,2015-02-05,0.0,-6.2,203,69.0,0.0,5.6,20150205,3.3,2,5,-0.8,1.5,5.9,2015
36,2015-02-06,0.0,-7.1,203,62.0,0.0,9.0,20150206,0.3,2,6,-0.2,1.4,6.0,2015
37,2015-02-07,0.0,-5.8,203,63.6,0.0,3.9,20150207,0.0,2,7,-0.2,1.3,5.7,2015
38,2015-02-08,0.0,-11.4,203,26.3,0.0,9.4,20150208,0.0,2,8,-8.3,3.6,0.6,2015
39,2015-02-09,0.8,-13.6,203,47.9,0.0,7.6,20150209,5.3,2,9,-5.4,2.4,0.3,2015
40,2015-02-10,0.0,-2.6,203,59.0,0.0,7.2,20150210,3.3,2,10,2.0,2.1,6.4,2015
41,2015-02-11,0.0,-0.4,203,50.5,0.0,7.6,20150211,3.0,2,11,3.1,1.5,8.6,2015
42,2015-02-12,0.0,-4.6,203,29.5,0.0,9.6,20150212,0.0,2,12,-1.5,2.4,3.4,2015
43,2015-02-13,0.0,-7.1,203,37.3,0.0,9.8,20150213,0.0,2,13,-1.6,2.2,4.6,2015
44,2015-02-14,0.0,-8.2,203,72.1,0.0,1.1,20150214,0.0,2,14,-2.0,0.8,3.5,2015
45,2015-02-15,0.0,-3.0,203,62.0,0.0,6.4,20150215,0.0,2,15,5.0,1.1,12.3,2015
46,2015-02-16,12.4,2.5,203,87.1,0.0,0.0,20150216,10.0,2,16,3.7,1.3,7.3,2015
47,2015-02-17,0.5,0.4,203,70.0,0.0,2.0,20150217,6.5,2,17,2.2,2.2,4.1,2015
48,2015-02-18,0.0,-4.3,203,74.9,0.0,0.0,20150218,0.0,2,18,0.0,1.3,2.6,2015
49,2015-02-19,0.0,-4.7,203,74.3,0.0,4.7,20150219,0.0,2,19,-0.4,0.7,7.1,2015
50,2015-02-20,0.0,-5.4,203,62.4,0.0,7.1,20150220,0.0,2,20,2.6,0.7,9.7,2015
51,2015-02-21,11.0,1.5,203,79.1,0.0,0.0,20150221,0.0,2,21,4.2,0.8,6.0,2015
52,2015-02-22,1.7,-0.3,203,72.4,0.0,2.0,20150222,4.8,2,22,3.2,2.5,6.6,2015
53,2015-02-23,0.0,-2.4,203,52.6,0.0,7.3,20150223,3.1,2,23,1.1,1.7,6.5,2015
54,2015-02-24,0.0,-4.1,203,58.9,0.0,7.5,20150224,3.5,2,24,1.6,1.3,8.0,2015
55,2015-02-25,0.0,-3.0,203,47.8,0.0,7.9,20150225,6.0,2,25,4.6,1.7,12.1,2015
56,2015-02-26,0.7,-3.4,203,50.3,0.0,8.6,20150226,2.5,2,26,1.7,3.4,6.5,2015
57,2015-02-27,0.0,-5.5,203,33.0,0.0,9.8,20150227,3.3,2,27,-1.4,1.9,4.2,2015
58,2015-02-28,0.0,-5.6,203,52.1,0.0,1.1,20150228,0.0,2,28,0.8,0.7,6.4,2015
59,2015-03-01,0.0,-0.9,203,56.0,0.0,4.9,20150301,0.0,3,1,2.3,2.5,6.3,2015
60,2015-03-02,0.0,-5.6,203,47.0,0.0,9.9,20150302,0.0,3,2,2.3,1.4,10.3,2015
61,2015-03-03,0.9,-0.7,203,61.8,0.0,1.6,20150303,9.5,3,3,2.8,1.9,10.0,2015
62,2015-03-04,0.0,-4.6,203,34.3,0.0,10.0,20150304,1.0,3,4,-1.5,3.1,3.6,2015
63,2015-03-05,0.0,-8.6,203,45.5,0.0,9.0,20150305,4.5,3,5,-1.4,1.0,5.9,2015
64,2015-03-06,0.0,-6.6,203,44.8,0.0,10.4,20150306,0.0,3,6,1.9,1.2,10.6,2015
65,2015-03-07,0.0,-5.6,203,43.1,0.0,10.3,20150307,0.0,3,7,3.3,1.2,12.8,2015
66,2015-03-08,0.0,-4.2,203,44.0,0.0,8.8,20150308,0.0,3,8,6.3,1.0,15.8,2015
67,2015-03-09,0.0,-5.0,203,38.0,0.0,8.5,20150309,1.3,3,9,2.9,3.6,8.6,2015
68,2015-03-10,0.0,-6.8,203,24.9,0.0,10.6,20150310,0.0,3,10,-3.2,3.7,2.5,2015
69,2015-03-11,0.0,-6.8,203,35.0,0.0,10.1,20150311,2.5,3,11,0.4,3.0,8.2,2015
70,2015-03-12,0.0,-4.8,203,30.0,0.0,10.5,20150312,0.3,3,12,2.1,2.2,8.2,2015
71,2015-03-13,2.8,-0.8,203,45.0,0.0,7.1,20150313,2.5,3,13,4.6,1.9,11.5,2015
72,2015-03-14,0.0,-4.2,203,31.5,0.0,9.8,20150314,0.0,3,14,3.9,1.4,11.9,2015
73,2015-03-15,0.0,-3.9,203,39.5,0.0,9.6,20150315,0.0,3,15,4.2,1.1,14.0,2015
74,2015-03-16,0.0,-2.7,203,35.4,0.0,10.1,20150316,0.3,3,16,7.6,0.9,18.8,2015
75,2015-03-17,0.0,0.3,203,41.9,0.0,2.2,20150317,8.3,3,17,9.7,0.6,18.0,2015
76,2015-03-18,17.5,5.9,203,74.8,0.0,0.0,20150318,10.0,3,18,7.8,1.5,9.3,2015
77,2015-03-19,0.0,4.1,203,56.6,0.0,10.6,20150319,0.0,3,19,12.0,1.5,20.7,2015
78,2015-03-20,0.0,4.3,203,39.1,0.0,7.7,20150320,4.3,3,20,12.4,1.2,21.8,2015
79,2015-03-21,0.0,1.7,203,33.0,0.0,9.6,20150321,0.0,3,21,11.0,1.6,18.9,2015
80,2015-03-22,0.0,1.9,203,38.1,0.0,10.5,20150322,0.0,3,22,8.2,2.7,16.5,2015
81,2015-03-23,0.0,-1.7,203,23.0,0.0,11.1,20150323,0.5,3,23,4.8,2.7,11.1,2015
82,2015-03-24,0.0,-4.0,203,30.6,0.0,11.0,20150324,0.0,3,24,4.4,1.9,13.0,2015
83,2015-03-25,0.0,-4.6,203,37.0,0.0,11.1,20150325,0.0,3,25,5.3,1.4,14.9,2015
84,2015-03-26,0.0,-3.5,203,39.4,0.0,11.3,20150326,0.0,3,26,7.3,2.0,17.5,2015
85,2015-03-27,0.0,-1.9,203,38.9,0.0,10.9,20150327,1.5,3,27,8.4,1.7,18.7,2015
86,2015-03-28,0.0,-2.2,203,32.5,0.0,10.8,20150328,0.0,3,28,8.8,1.8,19.1,2015
87,2015-03-29,0.0,5.5,203,47.1,0.0,7.6,20150329,0.0,3,29,11.0,1.7,17.8,2015
88,2015-03-30,0.0,2.5,203,55.3,0.0,9.8,20150330,2.3,3,30,12.6,1.5,22.5,2015
89,2015-03-31,2.0,5.7,203,76.8,0.0,0.0,20150331,10.0,3,31,10.8,0.7,14.8,2015
90,2015-04-01,1.7,8.9,203,67.6,0.0,3.8,20150401,7.5,4,1,11.1,2.6,15.2,2015
91,2015-04-02,17.2,6.9,203,63.8,0.0,7.1,20150402,6.5,4,2,14.2,3.3,19.8,2015
92,2015-04-03,15.5,7.1,203,79.6,0.0,1.9,20150403,7.8,4,3,10.2,2.0,17.8,2015
93,2015-04-04,0.5,4.8,203,64.5,0.0,6.4,20150404,0.0,4,4,11.2,2.0,18.6,2015
94,2015-04-05,1.7,8.4,203,84.1,0.0,0.0,20150405,0.0,4,5,9.2,1.1,10.0,2015
95,2015-04-06,0.0,6.3,203,65.9,0.0,0.0,20150406,9.5,4,6,10.1,1.6,15.2,2015
96,2015-04-07,0.1,5.1,203,62.6,0.0,1.1,20150407,8.5,4,7,7.8,1.3,12.8,2015
97,2015-04-08,0.0,4.5,203,54.5,0.0,3.9,20150408,6.5,4,8,8.4,1.6,13.5,2015
98,2015-04-09,0.0,2.7,203,51.6,0.0,8.8,20150409,4.8,4,9,9.2,1.3,16.1,2015
99,2015-04-10,0.0,1.4,203,45.3,0.0,11.7,20150410,0.0,4,10,10.6,1.6,20.1,2015
100,2015-04-11,0.0,2.1,203,40.9,0.0,11.3,20150411,0.0,4,11,12.2,1.2,21.4,2015
101,2015-04-12,0.0,3.9,203,37.9,0.0,2.4,20150412,0.0,4,12,12.6,2.1,19.4,2015
102,2015-04-13,2.3,6.2,203,57.3,0.0,4.1,20150413,8.5,4,13,10.4,3.0,17.0,2015
103,2015-04-14,17.7,5.1,203,80.3,0.0,0.1,20150414,10.0,4,14,6.4,1.2,8.7,2015
104,2015-04-15,4.8,4.7,203,65.5,0.0,7.9,20150415,5.0,4,15,11.1,1.9,18.3,2015
105,2015-04-16,6.7,3.4,203,73.5,0.0,2.2,20150416,8.3,4,16,8.6,1.9,17.8,2015
106,2015-04-17,0.0,1.5,203,48.5,0.0,11.9,20150417,0.5,4,17,10.1,2.0,18.3,2015
107,2015-04-18,0.0,0.8,203,43.5,0.0,8.8,20150418,0.0,4,18,12.8,0.7,23.0,2015
108,2015-04-19,25.8,10.5,203,83.1,0.0,0.0,20150419,0.0,4,19,12.2,1.6,14.3,2015
109,2015-04-20,10.2,6.2,203,74.8,0.0,3.0,20150420,8.0,4,20,10.5,2.2,15.0,2015
110,2015-04-21,0.0,3.7,203,56.0,0.0,8.2,20150421,3.3,4,21,11.5,1.5,22.0,2015
111,2015-04-22,0.0,5.1,203,48.0,0.0,10.3,20150422,1.8,4,22,13.0,1.8,20.6,2015
112,2015-04-23,0.0,3.9,203,41.0,0.0,10.3,20150423,4.3,4,23,14.0,1.8,22.4,2015
113,2015-04-24,0.0,8.2,203,32.5,0.0,12.1,20150424,0.8,4,24,15.7,1.8,24.3,2015
114,2015-04-25,0.0,4.9,203,32.3,0.0,12.6,20150425,0.0,4,25,15.0,1.6,24.6,2015
115,2015-04-26,0.0,5.5,203,41.4,0.0,12.0,20150426,0.0,4,26,16.7,1.5,27.1,2015
116,2015-04-27,0.0,9.0,203,39.9,0.0,12.2,20150427,0.0,4,27,17.8,1.5,27.3,2015
117,2015-04-28,0.0,8.0,203,43.5,0.0,9.0,20150428,6.0,4,28,18.4,1.0,26.7,2015
118,2015-04-29,5.1,13.6,203,83.4,0.0,0.0,20150429,10.0,4,29,15.7,1.1,18.6,2015
119,2015-04-30,0.0,11.5,203,60.0,0.0,11.9,20150430,2.0,4,30,19.9,1.3,27.2,2015
120,2015-05-01,0.0,12.9,203,57.5,0.0,11.7,20150501,0.8,5,1,20.9,1.5,29.3,2015
121,2015-05-02,0.4,13.7,203,59.9,0.0,4.9,20150502,0.0,5,2,20.6,1.2,26.4,2015
122,2015-05-03,4.6,16.7,203,88.8,0.0,0.0,20150503,0.0,5,3,17.7,0.9,20.0,2015
123,2015-05-04,0.0,10.0,203,50.1,0.0,12.0,20150504,1.8,5,4,15.7,2.9,21.2,2015
124,2015-05-05,0.0,5.1,203,43.9,0.0,12.9,20150505,0.0,5,5,13.3,2.0,21.4,2015
125,2015-05-06,0.0,5.8,203,43.5,0.0,4.2,20150506,8.0,5,6,14.0,1.0,22.2,2015
126,2015-05-07,0.0,7.2,203,37.9,0.0,9.8,20150507,6.0,5,7,15.7,1.6,25.1,2015
127,2015-05-08,0.0,7.9,203,50.5,0.0,5.7,20150508,8.0,5,8,16.3,1.3,22.6,2015
128,2015-05-09,0.0,13.2,203,46.5,0.0,10.3,20150509,0.0,5,9,18.3,1.9,25.1,2015
129,2015-05-10,0.0,11.6,203,49.0,0.0,12.2,20150510,0.0,5,10,18.6,1.4,26.0,2015
130,2015-05-11,14.4,11.0,203,65.1,0.0,1.9,20150511,9.3,5,11,17.1,2.0,22.8,2015
131,2015-05-12,10.9,10.1,203,66.0,0.0,8.2,20150512,6.3,5,12,13.8,4.1,18.7,2015
132,2015-05-13,0.0,9.5,203,53.5,0.0,12.4,20150513,0.8,5,13,18.0,3.1,24.5,2015
133,2015-05-14,0.0,10.2,203,58.8,0.0,11.2,20150514,3.3,5,14,20.4,1.5,28.7,2015
134,2015-05-15,0.0,16.2,203,69.0,0.0,0.9,20150515,8.5,5,15,19.8,1.7,23.8,2015
135,2015-05-16,0.0,10.7,203,48.6,0.0,10.1,20150516,0.0,5,16,18.3,1.9,27.1,2015
136,2015-05-17,0.0,8.1,203,44.0,0.0,11.8,20150517,0.0,5,17,17.3,1.2,26.5,2015
137,2015-05-18,0.0,11.1,203,56.0,0.0,1.2,20150518,9.0,5,18,17.0,1.2,24.0,2015
138,2015-05-19,0.7,11.6,203,78.0,0.0,0.8,20150519,10.0,5,19,15.9,1.6,20.3,2015
139,2015-05-20,0.0,8.6,203,58.8,0.0,10.5,20150520,2.3,5,20,15.8,1.7,22.7,2015
140,2015-05-21,0.0,8.6,203,51.3,0.0,12.8,20150521,1.5,5,21,18.0,1.9,27.4,2015
141,2015-05-22,0.0,10.7,203,41.5,0.0,11.9,20150522,1.8,5,22,19.8,1.8,28.4,2015
142,2015-05-23,0.0,10.0,203,42.0,0.0,12.6,20150523,0.0,5,23,19.5,1.3,28.5,2015
143,2015-05-24,0.0,9.6,203,34.9,0.0,12.9,20150524,0.0,5,24,19.9,1.6,29.3,2015
144,2015-05-25,0.0,10.4,203,45.8,0.0,12.9,20150525,0.0,5,25,19.6,1.7,29.8,2015
145,2015-05-26,0.0,10.7,203,42.3,0.0,12.9,20150526,0.3,5,26,21.1,1.7,31.6,2015
146,2015-05-27,0.0,9.9,203,38.1,0.0,12.9,20150527,0.8,5,27,21.9,1.1,31.6,2015
147,2015-05-28,0.0,13.7,203,39.3,0.0,12.3,20150528,2.0,5,28,23.0,1.1,31.6,2015
148,2015-05-29,0.0,14.7,203,42.4,0.0,8.9,20150529,8.5,5,29,22.6,1.4,29.9,2015
149,2015-05-30,1.1,14.9,203,68.1,0.0,2.6,20150530,0.0,5,30,18.4,1.7,22.8,2015
150,2015-05-31,0.0,13.9,203,57.0,0.0,8.1,20150531,0.0,5,31,20.2,1.2,28.7,2015
151,2015-06-01,0.0,13.0,203,53.6,0.0,11.2,20150601,0.0,6,1,21.2,1.2,28.2,2015
152,2015-06-02,0.0,15.9,203,47.1,0.0,10.6,20150602,0.0,6,2,22.7,1.5,29.9,2015
153,2015-06-03,0.0,16.5,203,33.6,0.0,11.7,20150603,0.0,6,3,22.4,2.4,28.6,2015
154,2015-06-04,0.0,12.0,203,38.8,0.0,10.0,20150604,0.0,6,4,22.0,1.4,30.4,2015
155,2015-06-05,0.8,12.5,203,65.4,0.0,0.3,20150605,0.0,6,5,16.7,1.2,21.0,2015
156,2015-06-06,0.0,12.1,203,57.0,0.0,11.0,20150606,0.0,6,6,20.2,1.3,27.4,2015
157,2015-06-07,0.0,15.1,203,47.9,0.0,10.8,20150607,0.0,6,7,22.6,1.2,30.4,2015
158,2015-06-08,0.0,15.9,203,53.0,0.0,3.7,20150608,0.0,6,8,21.4,1.1,26.3,2015
159,2015-06-09,0.0,17.5,203,57.8,0.0,11.6,20150609,0.0,6,9,22.3,1.7,28.5,2015
160,2015-06-10,0.0,15.1,203,52.9,0.0,11.2,20150610,0.0,6,10,24.3,1.4,34.3,2015
161,2015-06-11,1.2,17.0,203,58.6,0.0,3.4,20150611,0.0,6,11,23.3,1.9,29.6,2015
162,2015-06-12,1.6,19.5,203,56.9,0.0,11.2,20150612,0.0,6,12,23.6,2.0,29.7,2015
163,2015-06-13,2.6,17.4,203,60.9,0.0,6.9,20150613,0.0,6,13,23.5,1.8,30.4,2015
164,2015-06-14,11.0,16.5,203,67.5,0.0,8.1,20150614,0.0,6,14,22.2,1.4,28.6,2015
165,2015-06-15,0.0,18.0,203,63.4,0.0,8.4,20150615,0.0,6,15,23.7,1.3,30.9,2015
166,2015-06-16,2.7,19.1,203,67.6,0.0,10.1,20150616,0.0,6,16,23.4,1.5,31.4,2015
167,2015-06-17,17.1,18.3,203,73.3,0.0,5.8,20150617,0.0,6,17,22.5,1.2,30.2,2015
168,2015-06-18,0.0,18.4,203,62.6,0.0,7.5,20150618,0.0,6,18,23.2,1.6,30.2,2015
169,2015-06-19,0.0,17.6,203,56.3,0.0,9.7,20150619,0.0,6,19,23.4,1.4,29.8,2015
170,2015-06-20,38.7,16.2,203,87.9,0.0,0.0,20150620,0.0,6,20,18.6,1.0,21.9,2015
171,2015-06-21,0.0,14.7,203,64.8,0.0,9.7,20150621,0.0,6,21,21.7,1.0,29.3,2015
172,2015-06-22,0.0,17.0,203,59.3,0.0,11.1,20150622,0.0,6,22,23.5,1.4,30.2,2015
173,2015-06-23,0.0,18.3,203,58.6,0.0,12.1,20150623,0.0,6,23,24.4,1.5,30.7,2015
174,2015-06-24,0.8,19.0,203,63.0,0.0,9.2,20150624,0.0,6,24,24.6,1.3,31.1,2015
175,2015-06-25,1.0,19.5,203,73.6,0.0,0.5,20150625,0.0,6,25,22.6,1.2,26.6,2015
176,2015-06-26,22.5,17.5,203,71.5,0.0,0.1,20150626,0.0,6,26,20.5,2.2,24.8,2015
177,2015-06-27,0.0,19.1,203,58.4,0.0,12.2,20150627,0.0,6,27,23.7,1.4,29.6,2015
178,2015-06-28,0.0,17.1,203,64.5,0.0,12.5,20150628,0.0,6,28,23.7,1.4,30.5,2015
179,2015-06-29,0.0,18.3,203,58.8,0.0,10.5,20150629,0.0,6,29,25.0,1.4,30.6,2015
180,2015-06-30,0.0,20.4,203,67.0,0.0,3.7,20150630,0.0,6,30,23.4,1.3,29.7,2015
181,2015-07-01,0.0,19.1,203,59.9,0.0,10.1,20150701,0.0,7,1,23.2,2.2,28.3,2015
182,2015-07-02,0.0,18.6,203,61.0,0.0,8.9,20150702,0.0,7,2,22.7,2.0,28.4,2015
183,2015-07-03,0.0,16.8,203,58.4,0.0,10.2,20150703,0.0,7,3,22.1,1.5,28.9,2015
184,2015-07-04,0.0,12.9,203,53.3,0.0,12.9,20150704,0.0,7,4,22.2,1.2,29.3,2015
185,2015-07-05,0.0,17.8,203,53.0,0.0,11.2,20150705,0.0,7,5,23.7,1.4,30.3,2015
186,2015-07-06,0.0,16.6,203,54.5,0.0,11.4,20150706,0.0,7,6,24.2,1.2,31.1,2015
187,2015-07-07,0.2,18.3,203,65.8,0.0,0.7,20150707,0.0,7,7,21.5,1.3,26.2,2015
188,2015-07-08,3.2,17.5,203,80.6,0.0,0.0,20150708,0.0,7,8,20.9,1.3,24.0,2015
189,2015-07-09,0.0,19.5,203,71.6,0.0,2.2,20150709,0.0,7,9,24.0,1.5,29.3,2015
190,2015-07-10,0.0,20.5,203,64.9,0.0,10.9,20150710,0.0,7,10,26.9,0.9,33.0,2015
191,2015-07-11,0.0,21.5,203,64.3,0.0,9.9,20150711,0.0,7,11,28.1,1.4,34.3,2015
192,2015-07-12,25.0,22.9,203,88.8,0.0,0.0,20150712,0.0,7,12,23.9,1.8,25.3,2015
193,2015-07-13,6.6,21.7,203,79.9,0.0,0.1,20150713,0.0,7,13,23.3,3.6,24.6,2015
194,2015-07-14,0.0,22.1,203,67.9,0.0,9.1,20150714,0.0,7,14,25.5,2.0,30.9,2015
195,2015-07-15,0.0,19.5,203,67.0,0.0,8.2,20150715,0.0,7,15,25.2,1.3,34.4,2015
196,2015-07-16,0.0,17.8,203,53.4,0.0,11.8,20150716,0.0,7,16,22.8,2.8,28.6,2015
197,2015-07-17,0.0,16.4,203,52.0,0.0,6.9,20150717,0.0,7,17,21.8,2.1,27.2,2015
198,2015-07-18,0.4,19.7,203,60.6,0.0,3.1,20150718,0.0,7,18,23.5,0.8,28.5,2015
199,2015-07-19,2.3,21.0,203,79.1,0.0,0.7,20150719,0.0,7,19,23.8,0.8,28.2,2015
200,2015-07-20,0.0,22.4,203,72.1,0.0,0.5,20150720,0.0,7,20,26.3,0.9,30.2,2015
201,2015-07-21,1.1,23.3,203,78.8,0.0,3.1,20150721,0.0,7,21,26.1,1.1,30.8,2015
202,2015-07-22,2.1,24.1,203,75.3,0.0,3.8,20150722,0.0,7,22,27.6,1.1,32.6,2015
203,2015-07-23,29.9,24.3,203,79.0,0.0,2.6,20150723,0.0,7,23,26.4,1.6,31.2,2015
204,2015-07-24,56.0,23.8,203,88.8,0.0,0.0,20150724,0.0,7,24,24.7,1.6,25.8,2015
205,2015-07-25,52.4,22.9,203,84.8,0.0,0.1,20150725,0.0,7,25,25.0,1.6,28.3,2015
206,2015-07-26,1.3,23.3,203,69.8,0.0,9.6,20150726,0.0,7,26,27.2,1.2,32.3,2015
207,2015-07-27,0.2,23.9,203,76.0,0.0,2.6,20150727,0.0,7,27,26.0,1.1,29.1,2015
208,2015-07-28,0.0,23.1,203,71.4,0.0,8.3,20150728,0.0,7,28,27.3,1.1,31.4,2015
209,2015-07-29,24.8,23.0,203,83.3,0.0,0.0,20150729,0.0,7,29,25.4,1.0,28.8,2015
210,2015-07-30,0.0,24.1,203,76.0,0.0,8.4,20150730,0.0,7,30,28.0,1.4,33.3,2015
211,2015-07-31,0.0,24.1,203,72.4,0.0,9.0,20150731,0.0,7,31,27.8,1.2,33.9,2015
212,2015-08-01,0.0,22.7,203,70.0,0.0,8.3,20150801,0.0,8,1,27.6,1.2,33.1,2015
213,2015-08-02,21.6,22.6,203,86.3,0.0,0.8,20150802,0.0,8,2,24.9,1.0,27.1,2015
214,2015-08-03,0.0,23.6,203,73.1,0.0,9.4,20150803,0.0,8,3,27.1,1.4,32.2,2015
215,2015-08-04,0.0,21.7,203,70.0,0.0,10.4,20150804,0.0,8,4,27.0,1.7,32.1,2015
216,2015-08-05,0.0,23.5,203,67.0,0.0,9.0,20150805,0.0,8,5,28.2,1.4,34.0,2015
217,2015-08-06,0.0,23.3,203,66.8,0.0,10.7,20150806,0.0,8,6,29.0,0.8,35.7,2015
218,2015-08-07,0.0,23.6,203,68.1,0.0,9.3,20150807,0.0,8,7,28.8,0.7,36.3,2015
219,2015-08-08,5.9,22.1,203,81.1,0.0,7.6,20150808,0.0,8,8,25.4,0.9,35.0,2015
220,2015-08-09,0.0,22.0,203,71.9,0.0,7.3,20150809,0.0,8,9,26.6,1.0,32.2,2015
221,2015-08-10,0.0,21.9,203,74.4,0.0,2.4,20150810,0.0,8,10,25.4,1.4,31.5,2015
222,2015-08-11,0.0,20.6,203,75.3,0.0,1.5,20150811,0.0,8,11,25.1,1.1,30.7,2015
223,2015-08-12,0.0,21.2,203,65.9,0.0,11.5,20150812,0.0,8,12,26.8,0.9,33.3,2015
224,2015-08-13,1.4,21.5,203,77.4,0.0,5.7,20150813,0.0,8,13,24.1,1.0,32.2,2015
225,2015-08-14,0.0,21.3,203,68.4,0.0,7.0,20150814,0.0,8,14,25.9,1.2,31.8,2015
226,2015-08-15,0.0,20.6,203,70.0,0.0,6.7,20150815,0.0,8,15,26.0,0.9,32.7,2015
227,2015-08-16,9.8,19.9,203,80.3,0.0,0.5,20150816,0.0,8,16,23.8,1.0,30.1,2015
228,2015-08-17,6.6,18.4,203,77.4,0.0,10.3,20150817,0.0,8,17,24.0,0.9,33.1,2015
229,2015-08-18,0.0,19.9,203,66.9,0.0,11.0,20150818,0.0,8,18,26.0,0.8,32.7,2015
230,2015-08-19,0.0,21.6,203,73.0,0.0,1.9,20150819,0.0,8,19,25.2,0.8,29.9,2015
231,2015-08-20,1.0,22.2,203,80.4,0.0,2.7,20150820,0.0,8,20,24.1,1.1,29.8,2015
232,2015-08-21,2.1,21.6,203,77.8,0.0,3.5,20150821,0.0,8,21,24.3,1.0,28.4,2015
233,2015-08-22,0.0,20.4,203,75.6,0.0,1.4,20150822,0.0,8,22,24.1,1.1,29.0,2015
234,2015-08-23,0.0,19.8,203,70.4,0.0,8.4,20150823,0.0,8,23,24.4,0.7,31.8,2015
235,2015-08-24,0.0,19.7,203,67.4,0.0,5.8,20150824,0.0,8,24,25.0,1.5,31.5,2015
236,2015-08-25,10.2,19.0,203,77.9,0.0,0.0,20150825,0.0,8,25,21.0,2.3,23.3,2015
237,2015-08-26,0.0,19.0,203,63.5,0.0,6.0,20150826,0.0,8,26,22.3,1.6,27.6,2015
238,2015-08-27,2.4,17.8,203,60.5,0.0,11.2,20150827,0.0,8,27,23.8,1.8,29.8,2015
239,2015-08-28,1.0,15.2,203,79.0,0.0,4.8,20150828,0.0,8,28,21.0,0.7,28.1,2015
240,2015-08-29,0.0,17.4,203,71.6,0.0,7.5,20150829,0.0,8,29,22.4,0.8,30.3,2015
241,2015-08-30,0.0,16.2,203,66.6,0.0,11.3,20150830,0.0,8,30,23.5,0.8,31.8,2015
242,2015-08-31,0.0,18.0,203,67.8,0.0,9.5,20150831,0.0,8,31,24.3,1.1,31.2,2015
243,2015-09-01,0.0,20.3,203,67.0,0.0,5.4,20150901,0.0,9,1,24.2,1.4,30.4,2015
244,2015-09-02,9.5,19.4,203,81.6,0.0,4.2,20150902,0.0,9,2,22.0,1.1,29.3,2015
245,2015-09-03,0.1,19.3,203,78.9,0.0,5.9,20150903,0.0,9,3,22.5,1.2,27.2,2015
246,2015-09-04,0.0,18.9,203,68.5,0.0,6.4,20150904,0.0,9,4,23.9,1.0,30.2,2015
247,2015-09-05,0.2,19.2,203,80.4,0.0,0.5,20150905,0.0,9,5,21.5,1.0,25.3,2015
248,2015-09-06,0.0,16.4,203,68.8,0.0,1.2,20150906,0.0,9,6,20.5,1.7,26.3,2015
249,2015-09-07,0.0,13.5,203,61.5,0.0,11.3,20150907,0.0,9,7,20.5,1.3,29.1,2015
250,2015-09-08,0.0,11.6,203,54.5,0.0,11.4,20150908,0.0,9,8,19.5,1.2,29.1,2015
251,2015-09-09,0.0,10.7,203,51.4,0.0,11.4,20150909,0.0,9,9,20.2,1.7,29.4,2015
252,2015-09-10,0.0,12.5,203,60.5,0.0,11.1,20150910,0.0,9,10,21.0,1.2,28.9,2015
253,2015-09-11,6.2,16.5,203,76.4,0.0,1.4,20150911,0.0,9,11,20.3,1.3,26.0,2015
254,2015-09-12,0.3,15.2,203,71.8,0.0,2.2,20150912,0.0,9,12,18.1,1.0,22.5,2015
255,2015-09-13,0.0,11.2,203,56.1,0.0,11.0,20150913,0.0,9,13,18.5,1.3,25.8,2015
256,2015-09-14,0.0,10.8,203,64.8,0.0,11.0,20150914,0.0,9,14,18.8,0.8,27.9,2015
257,2015-09-15,0.0,12.7,203,58.9,0.0,11.0,20150915,0.0,9,15,19.9,1.1,27.4,2015
258,2015-09-16,0.0,10.7,203,60.5,0.0,7.2,20150916,0.0,9,16,18.4,1.1,24.9,2015
259,2015-09-17,0.0,14.4,203,55.0,0.0,9.5,20150917,0.0,9,17,19.5,1.6,27.2,2015
260,2015-09-18,0.0,11.2,203,62.6,0.0,10.4,20150918,0.0,9,18,19.4,0.9,27.3,2015
261,2015-09-19,0.0,12.8,203,62.0,0.0,10.4,20150919,0.0,9,19,20.5,1.1,28.6,2015
262,2015-09-20,0.0,13.1,203,70.0,0.0,5.4,20150920,0.0,9,20,19.2,0.8,27.3,2015
263,2015-09-21,0.0,13.3,203,64.9,0.0,8.2,20150921,0.0,9,21,19.5,0.7,28.9,2015
264,2015-09-22,0.0,12.0,203,62.9,0.0,10.4,20150922,0.0,9,22,19.9,0.8,30.0,2015
265,2015-09-23,0.0,13.4,203,73.0,0.0,0.1,20150923,0.0,9,23,18.7,0.6,23.7,2015
266,2015-09-24,0.0,14.4,203,69.8,0.0,8.0,20150924,0.0,9,24,20.5,0.8,28.6,2015
267,2015-09-25,0.0,14.7,203,64.4,0.0,9.1,20150925,0.0,9,25,20.9,0.7,28.7,2015
268,2015-09-26,0.0,14.1,203,72.1,0.0,5.1,20150926,0.0,9,26,19.3,0.9,28.3,2015
269,2015-09-27,0.0,11.0,203,61.5,0.0,10.1,20150927,0.0,9,27,18.8,0.7,28.8,2015
270,2015-09-28,0.0,9.9,203,55.3,0.0,6.6,20150928,0.0,9,28,19.2,0.9,28.8,2015
271,2015-09-29,0.0,12.1,203,48.9,0.0,10.0,20150929,0.0,9,29,20.3,1.5,28.6,2015
272,2015-09-30,0.0,15.4,203,55.1,0.0,2.5,20150930,0.0,9,30,19.1,1.5,25.8,2015
273,2015-10-01,23.3,11.0,203,81.1,0.0,0.0,20151001,0.0,10,1,15.5,1.8,19.9,2015
274,2015-10-02,0.0,4.6,203,60.9,0.0,9.3,20151002,0.0,10,2,14.3,2.1,21.7,2015
275,2015-10-03,0.0,12.1,203,56.1,0.0,8.8,20151003,0.0,10,3,17.9,2.2,25.1,2015
276,2015-10-04,0.0,7.5,203,50.9,0.0,8.1,20151004,0.0,10,4,14.3,0.9,24.1,2015
277,2015-10-05,0.0,7.5,203,62.1,0.0,10.1,20151005,0.0,10,5,15.3,0.8,25.1,2015
278,2015-10-06,0.0,6.1,203,65.4,0.0,9.2,20151006,0.0,10,6,15.8,0.8,25.8,2015
279,2015-10-07,0.0,8.4,203,70.6,0.0,6.7,20151007,0.0,10,7,16.6,0.7,25.6,2015
280,2015-10-08,0.0,11.4,203,65.9,0.0,8.6,20151008,0.0,10,8,18.0,1.1,25.8,2015
281,2015-10-09,0.0,8.7,203,46.1,0.0,10.2,20151009,0.0,10,9,15.1,1.9,21.1,2015
282,2015-10-10,9.7,4.7,203,81.9,0.0,2.6,20151010,0.0,10,10,10.4,1.3,17.1,2015
283,2015-10-11,0.6,5.7,203,82.0,0.0,2.3,20151011,0.0,10,11,9.8,1.2,13.9,2015
284,2015-10-12,0.0,6.2,203,63.0,0.0,9.6,20151012,0.0,10,12,12.0,1.6,18.1,2015
285,2015-10-13,0.0,2.1,203,67.1,0.0,9.2,20151013,0.0,10,13,12.7,1.2,21.8,2015
286,2015-10-14,0.0,8.1,203,70.9,0.0,6.7,20151014,0.0,10,14,14.2,0.7,23.9,2015
287,2015-10-15,0.0,6.5,203,70.3,0.0,8.5,20151015,0.0,10,15,14.2,0.7,24.9,2015
288,2015-10-16,0.0,7.8,203,71.8,0.0,7.0,20151016,0.0,10,16,15.0,0.8,24.8,2015
289,2015-10-17,0.0,9.7,203,73.3,0.0,6.5,20151017,0.0,10,17,15.4,0.7,26.3,2015
290,2015-10-18,0.0,7.6,203,73.5,0.0,6.0,20151018,0.0,10,18,14.8,0.8,24.6,2015
291,2015-10-19,0.0,8.0,203,70.5,0.0,7.3,20151019,0.0,10,19,15.4,0.8,23.9,2015
292,2015-10-20,0.0,9.6,203,74.1,0.0,6.1,20151020,0.0,10,20,16.1,0.7,24.4,2015
293,2015-10-21,0.0,10.1,203,75.8,0.0,5.6,20151021,0.0,10,21,15.7,0.8,23.2,2015
294,2015-10-22,0.0,9.3,203,75.0,0.0,6.7,20151022,0.0,10,22,15.4,0.8,23.3,2015
295,2015-10-23,0.0,12.6,203,71.1,0.0,2.7,20151023,0.0,10,23,16.0,0.9,21.2,2015
296,2015-10-24,4.7,8.4,203,70.3,0.0,5.3,20151024,0.0,10,24,15.2,1.2,22.2,2015
297,2015-10-25,0.0,5.9,203,63.6,0.0,9.4,20151025,0.0,10,25,12.7,0.8,21.9,2015
298,2015-10-26,0.0,6.2,203,65.0,0.0,3.9,20151026,0.0,10,26,13.8,1.0,20.5,2015
299,2015-10-27,12.3,6.0,203,65.6,0.0,4.8,20151027,0.0,10,27,12.1,1.8,17.4,2015
300,2015-10-28,0.0,1.0,203,55.5,0.0,9.6,20151028,0.0,10,28,9.2,1.6,16.7,2015
301,2015-10-29,5.7,0.4,203,51.4,0.0,8.8,20151029,0.0,10,29,7.8,1.7,14.2,2015
302,2015-10-30,0.0,-0.9,203,49.9,0.0,9.4,20151030,0.0,10,30,5.0,1.4,11.2,2015
303,2015-10-31,0.0,-3.6,203,50.0,0.0,9.5,20151031,0.0,10,31,4.1,1.1,12.7,2015
304,2015-11-01,0.0,-3.6,203,64.0,0.0,3.7,20151101,0.0,11,1,3.7,0.7,10.1,2015
305,2015-11-02,0.0,3.0,203,64.9,0.0,7.2,20151102,0.0,11,2,8.6,0.9,16.1,2015
306,2015-11-03,0.0,1.5,203,80.3,0.0,5.0,20151103,0.0,11,3,7.6,0.6,17.5,2015
307,2015-11-04,0.0,1.6,203,75.4,0.0,6.0,20151104,0.0,11,4,7.7,0.6,18.5,2015
308,2015-11-05,0.0,3.5,203,68.1,0.0,7.5,20151105,0.0,11,5,10.4,0.8,19.7,2015
309,2015-11-06,5.4,2.6,203,70.3,0.0,6.5,20151106,0.0,11,6,11.1,1.7,20.3,2015
310,2015-11-07,27.1,8.6,203,90.6,0.0,0.0,20151107,0.0,11,7,10.1,1.6,11.5,2015
311,2015-11-08,16.2,9.8,203,89.6,0.0,0.0,20151108,0.0,11,8,10.6,1.8,11.4,2015
312,2015-11-09,4.7,9.8,203,83.4,0.0,0.4,20151109,0.0,11,9,10.9,1.1,13.0,2015
313,2015-11-10,0.0,6.0,203,76.0,0.0,2.6,20151110,0.0,11,10,9.9,1.0,13.7,2015
314,2015-11-11,0.0,4.8,203,75.9,0.0,5.0,20151111,0.0,11,11,9.5,0.6,18.2,2015
315,2015-11-12,0.0,4.9,203,74.5,0.0,6.1,20151112,0.0,11,12,11.2,1.0,18.4,2015
316,2015-11-13,23.4,7.7,203,88.5,0.0,0.0,20151113,0.0,11,13,9.7,1.2,10.7,2015
317,2015-11-14,14.1,10.1,203,90.4,0.0,0.0,20151114,0.0,11,14,12.1,0.8,13.8,2015
318,2015-11-15,0.0,8.7,203,76.8,0.0,3.5,20151115,0.0,11,15,13.2,1.0,18.4,2015
319,2015-11-16,17.7,6.4,203,89.5,0.0,0.0,20151116,0.0,11,16,10.0,0.8,12.5,2015
320,2015-11-17,1.0,10.8,203,82.3,0.0,4.3,20151117,0.0,11,17,13.1,0.8,18.6,2015
321,2015-11-18,3.6,7.0,203,74.9,0.0,0.0,20151118,0.0,11,18,9.9,1.8,13.0,2015
322,2015-11-19,0.7,4.8,203,79.5,0.0,0.0,20151119,0.0,11,19,8.5,0.8,11.5,2015
323,2015-11-20,0.0,5.9,203,80.0,0.0,2.0,20151120,0.0,11,20,9.4,0.9,14.0,2015
324,2015-11-21,0.0,2.2,203,74.1,0.0,5.5,20151121,0.0,11,21,8.2,0.7,13.7,2015
325,2015-11-22,3.9,4.6,203,68.0,0.0,2.0,20151122,0.0,11,22,10.0,1.1,14.9,2015
326,2015-11-23,13.1,6.6,203,82.8,0.0,0.0,20151123,0.0,11,23,8.0,1.6,9.7,2015
327,2015-11-24,0.0,2.9,203,68.5,0.0,0.3,20151124,0.0,11,24,6.7,1.4,9.7,2015
328,2015-11-25,12.0,1.6,203,84.8,0.0,0.0,20151125,0.0,11,25,3.0,1.3,4.8,2015
329,2015-11-26,0.0,-3.3,203,59.6,0.0,3.8,20151126,0.0,11,26,-1.3,2.5,1.8,2015
330,2015-11-27,0.0,-6.7,203,60.6,0.0,5.0,20151127,0.0,11,27,-2.0,1.5,2.7,2015
331,2015-11-28,0.1,-2.8,203,74.0,0.0,0.0,20151128,0.0,11,28,-0.3,0.8,1.3,2015
332,2015-11-29,3.8,-0.4,203,85.5,0.0,0.0,20151129,0.0,11,29,1.7,0.6,2.8,2015
333,2015-11-30,0.2,-1.9,203,72.9,0.0,7.0,20151130,0.0,11,30,4.0,1.1,9.7,2015
334,2015-12-01,0.0,-4.3,203,69.5,0.0,8.6,20151201,0.0,12,1,1.6,0.5,10.0,2015
335,2015-12-02,12.5,-0.1,203,78.5,0.0,0.0,20151202,0.0,12,2,3.9,1.3,8.0,2015
336,2015-12-03,14.9,-3.1,203,79.5,0.0,0.0,20151203,0.0,12,3,-0.8,2.1,2.3,2015
337,2015-12-04,0.0,-6.5,203,73.1,0.0,4.3,20151204,0.0,12,4,-1.8,1.5,0.4,2015
338,2015-12-05,0.0,-1.4,203,61.0,0.0,7.6,20151205,0.0,12,5,2.5,1.0,8.2,2015
339,2015-12-06,0.0,-3.5,203,65.5,0.0,6.7,20151206,0.0,12,6,0.2,0.6,6.5,2015
340,2015-12-07,0.0,-6.9,203,72.5,0.0,3.2,20151207,0.0,12,7,-0.2,0.7,5.5,2015
341,2015-12-08,0.0,-4.4,203,71.8,0.0,8.2,20151208,0.0,12,8,0.8,0.6,9.0,2015
342,2015-12-09,0.0,-4.6,203,73.8,0.0,6.4,20151209,0.0,12,9,1.3,0.5,9.9,2015
343,2015-12-10,1.1,1.5,203,84.4,0.0,0.0,20151210,0.0,12,10,5.0,0.4,7.1,2015
344,2015-12-11,0.0,0.0,203,55.8,0.0,6.3,20151211,0.0,12,11,6.5,1.9,12.6,2015
345,2015-12-12,0.0,-4.0,203,62.0,0.0,8.8,20151212,0.0,12,12,2.7,0.9,11.1,2015
346,2015-12-13,0.0,-1.5,203,65.1,0.0,8.1,20151213,0.0,12,13,3.4,0.8,11.8,2015
347,2015-12-14,5.5,-0.4,203,83.6,0.0,0.0,20151214,0.0,12,14,3.6,0.5,5.4,2015
348,2015-12-15,0.2,1.9,203,68.5,0.0,2.2,20151215,0.0,12,15,5.2,1.8,7.7,2015
349,2015-12-16,0.0,-4.1,203,48.0,0.0,8.3,20151216,0.0,12,16,0.0,2.5,3.6,2015
350,2015-12-17,0.0,-7.6,203,43.9,0.0,8.8,20151217,0.0,12,17,-4.3,1.6,-0.1,2015
351,2015-12-18,0.0,-10.3,203,68.5,0.0,0.3,20151218,0.0,12,18,-5.1,0.6,-1.6,2015
352,2015-12-19,0.0,-6.6,203,74.5,0.0,3.9,20151219,0.0,12,19,-3.0,0.6,4.3,2015
353,2015-12-20,0.0,-7.4,203,70.6,0.0,1.6,20151220,0.0,12,20,-2.3,0.5,3.1,2015
354,2015-12-21,4.0,-1.3,203,85.5,0.0,0.0,20151221,0.0,12,21,0.3,0.5,2.2,2015
355,2015-12-22,0.0,-1.9,203,74.8,0.0,5.4,20151222,0.0,12,22,2.2,0.8,7.7,2015
356,2015-12-23,0.8,2.0,203,87.5,0.0,2.0,20151223,0.0,12,23,3.3,0.5,6.9,2015
357,2015-12-24,0.0,-0.5,203,74.1,0.0,3.0,20151224,0.0,12,24,1.4,1.0,6.1,2015
358,2015-12-25,0.0,-3.5,203,44.4,0.0,8.8,20151225,0.0,12,25,-0.5,1.5,4.9,2015
359,2015-12-26,0.1,-2.7,203,66.1,0.0,5.6,20151226,0.0,12,26,1.5,1.3,8.2,2015
360,2015-12-27,0.0,-7.0,203,32.6,0.0,8.8,20151227,0.0,12,27,-3.6,2.0,1.0,2015
361,2015-12-28,0.0,-9.6,203,36.6,0.0,8.9,20151228,0.0,12,28,-5.2,1.5,0.0,2015
362,2015-12-29,0.0,-12.2,203,61.6,0.0,8.4,20151229,0.0,12,29,-5.8,0.5,1.7,2015
363,2015-12-30,1.0,-9.6,203,70.6,0.0,6.9,20151230,0.0,12,30,-2.3,0.6,5.5,2015
