,snow,month,sunshine,date,station_id,year,cloud,wind,tmax,rainfall,day,tavg,humid,Date,tmin
0,0.0,1,1.4,20170101,203,2017,0.0,0.5,5.2,0.0,1,0.4,80.3,2017-01-01,-5.6
1,0.0,1,2.7,20170102,203,2017,0.0,1.1,10.0,0.2,2,3.6,78.4,2017-01-02,-0.2
2,0.0,1,8.5,20170103,203,2017,0.0,1.3,8.8,0.0,3,2.2,64.1,2017-01-03,-2.9
3,0.0,1,7.3,20170104,203,2017,0.0,0.8,11.4,0.0,4,3.0,63.4,2017-01-04,-2.3
4,0.0,1,0.0,20170105,203,2017,0.0,0.8,8.3,0.0,5,2.6,66.9,2017-01-05,-3.4
5,0.0,1,7.9,20170106,203,2017,0.0,0.8,11.4,0.0,6,4.1,64.4,2017-01-06,-0.7
6,0.0,1,6.8,20170107,203,2017,0.0,0.5,10.6,0.0,7,1.9,74.8,2017-01-07,-4.5
7,0.0,1,5.5,20170108,203,2017,0.0,1.1,12.9,0.0,8,6.3,63.0,2017-01-08,-0.2
8,0.0,1,6.4,20170109,203,2017,0.0,2.6,7.0,0.0,9,3.1,56.9,2017-01-09,-2.4
9,0.0,1,7.8,20170110,203,2017,0.0,2.0,2.7,0.0,10,-2.4,45.0,2017-01-10,-5.8
10,0.0,1,8.4,20170111,203,2017,0.0,1.7,1.8,0.0,11,-3.9,41.9,2017-01-11,-9.2
11,0.0,1,6.5,20170112,203,2017,0.0,1.8,4.1,0.0,12,-1.6,51.1,2017-01-12,-5.3
12,0.0,1,2.9,20170113,203,2017,0.0,2.0,-1.3,0.0,13,-5.7,49.1,2017-01-13,-8.6
13,0.0,1,8.9,20170114,203,2017,0.0,2.2,-3.8,0.0,14,-7.4,31.8,2017-01-14,-10.6
14,0.0,1,8.9,20170115,203,2017,0.0,0.1,0.1,0.0,15,-7.0,40.8,2017-01-15,-15.0
15,0.0,1,8.9,20170116,203,2017,0.0,0.0,3.7,0.0,16,-6.4,55.1,2017-01-16,-14.3
16,0.0,1,8.5,20170117,203,2017,0.0,1.0,3.7,0.0,17,-4.5,54.9,2017-01-17,-12.0
17,0.0,1,4.0,20170118,203,2017,0.0,0.6,3.0,0.0,18,-2.6,70.4,2017-01-18,-8.3
18,0.0,1,2.8,20170119,203,2017,0.0,0.7,3.0,0.0,19,-3.1,76.9,2017-01-19,-7.6
19,0.0,1,3.8,20170120,203,2017,0.0,2.0,-1.3,0.0,20,-4.3,68.3,2017-01-20,-8.8
20,0.0,1,3.0,20170121,203,2017,0.0,1.0,-1.0,0.0,21,-6.7,79.4,2017-01-21,-14.8
21,0.0,1,8.6,20170122,203,2017,0.0,2.5,-2.3,0.0,22,-7.0,44.8,2017-01-22,-10.5
22,0.0,1,8.9,20170123,203,2017,0.0,1.5,-2.6,0.0,23,-8.8,52.0,2017-01-23,-16.0
23,0.0,1,8.9,20170124,203,2017,0.0,1.2,1.0,0.0,24,-8.3,55.6,2017-01-24,-17.4
24,0.0,1,8.8,20170125,203,2017,0.0,0.7,1.3,0.0,25,-7.4,60.8,2017-01-25,-15.2
25,0.0,1,7.3,20170126,203,2017,0.0,0.7,2.2,0.0,26,-5.5,65.3,2017-01-26,-14.7
26,0.0,1,8.7,20170127,203,2017,0.0,2.4,2.8,0.0,27,-1.4,51.8,2017-01-27,-6.2
27,0.0,1,7.0,20170128,203,2017,0.0,0.7,3.4,0.0,28,-3.6,53.9,2017-01-28,-11.8
28,0.0,1,0.0,20170129,203,2017,0.0,0.6,1.2,8.4,29,-0.2,71.6,2017-01-29,-1.1
29,0.0,1,5.3,20170130,203,2017,0.0,2.1,0.4,0.1,30,-4.2,65.1,2017-01-30,-9.1
30,0.0,1,7.4,20170131,203,2017,0.0,0.9,0.1,0.0,31,-7.1,64.9,2017-01-31,-14.8
31,0.0,2,8.9,20170201,203,2017,0.0,1.7,2.4,0.0,1,-4.6,53.3,2017-02-01,-10.9
32,0.0,2,9.4,20170202,203,2017,0.0,1.7,4.3,0.0,2,-2.3,48.1,2017-02-02,-12.8
33,0.0,2,7.5,20170203,203,2017,0.0,0.9,7.2,0.0,3,0.4,67.3,2017-02-03,-5.5
34,0.0,2,1.1,20170204,203,2017,0.0,0.5,3.3,0.0,4,-0.9,73.9,2017-02-04,-7.2
35,0.0,2,0.0,20170205,203,2017,0.0,1.3,4.5,0.4,5,1.5,71.4,2017-02-05,-0.2
36,0.0,2,9.2,20170206,203,2017,0.0,2.0,3.3,0.0,6,-0.9,49.8,2017-02-06,-3.5
37,0.0,2,3.2,20170207,203,2017,0.0,0.8,2.7,0.0,7,-2.6,62.4,2017-02-07,-8.4
38,0.0,2,0.6,20170208,203,2017,0.0,1.3,3.0,0.0,8,-2.0,58.3,2017-02-08,-7.3
39,0.0,2,8.4,20170209,203,2017,0.0,2.6,0.3,0.0,9,-4.1,47.0,2017-02-09,-6.8
40,0.0,2,9.7,20170210,203,2017,0.0,2.8,-1.1,0.0,10,-5.8,41.6,2017-02-10,-8.7
41,0.0,2,9.7,20170211,203,2017,0.0,2.0,0.8,0.0,11,-4.6,48.1,2017-02-11,-10.1
42,0.0,2,10.0,20170212,203,2017,0.0,1.6,4.9,0.0,12,-2.5,54.0,2017-02-12,-10.9
43,0.0,2,6.1,20170213,203,2017,0.0,1.0,5.5,0.0,13,-1.7,71.0,2017-02-13,-9.0
44,0.0,2,9.0,20170214,203,2017,0.0,1.3,7.1,0.0,14,-1.3,64.8,2017-02-14,-6.2
45,0.0,2,9.0,20170215,203,2017,0.0,0.8,8.8,0.0,15,-0.2,53.6,2017-02-15,-8.2
46,0.0,2,7.9,20170216,203,2017,0.0,1.4,13.7,0.1,16,5.1,60.6,2017-02-16,-6.0
47,0.0,2,8.0,20170217,203,2017,0.0,2.9,10.2,3.2,17,3.3,56.0,2017-02-17,-3.5
48,0.0,2,9.8,20170218,203,2017,0.0,2.3,4.5,0.0,18,-1.6,44.3,2017-02-18,-7.6
49,0.0,2,2.8,20170219,203,2017,0.0,1.5,6.7,3.1,19,1.3,64.0,2017-02-19,-6.3
50,0.0,2,7.5,20170220,203,2017,0.0,2.5,5.5,2.9,20,0.4,53.1,2017-02-20,-4.6
51,0.0,2,9.8,20170221,203,2017,0.0,1.0,6.9,0.0,21,-1.3,49.0,2017-02-21,-8.9
52,0.0,2,0.0,20170222,203,2017,0.0,1.0,2.8,11.2,22,1.0,77.8,2017-02-22,-2.7
53,0.0,2,9.2,20170223,203,2017,0.0,3.1,4.6,0.0,23,0.0,52.4,2017-02-23,-3.4
54,0.0,2,9.6,20170224,203,2017,0.0,2.0,5.7,0.0,24,0.0,46.8,2017-02-24,-7.0
55,0.0,2,9.5,20170225,203,2017,0.0,1.7,9.5,0.0,25,2.1,54.3,2017-02-25,-5.6
56,0.0,2,8.2,20170226,203,2017,0.0,1.1,10.4,0.0,26,2.4,56.3,2017-02-26,-4.7
57,0.0,2,9.9,20170227,203,2017,0.0,1.2,12.0,0.0,27,2.9,50.9,2017-02-27,-4.9
58,0.0,2,10.0,20170228,203,2017,0.0,1.2,13.4,0.0,28,4.1,49.8,2017-02-28,-5.4
59,0.0,3,0.5,20170301,203,2017,0.0,1.0,11.2,4.1,1,4.0,63.8,2017-03-01,-0.9
60,0.0,3,3.8,20170302,203,2017,0.0,2.4,7.6,0.6,2,2.5,66.3,2017-03-02,-0.7
61,0.0,3,9.4,20170303,203,2017,0.0,1.3,11.1,0.0,3,2.5,55.6,2017-03-03,-5.8
62,0.0,3,10.0,20170304,203,2017,0.0,1.0,13.4,0.0,4,4.4,54.0,2017-03-04,-4.2
63,0.0,3,7.0,20170305,203,2017,0.0,1.3,13.2,0.9,5,4.5,64.6,2017-03-05,-3.0
64,0.0,3,10.5,20170306,203,2017,0.0,2.8,5.6,0.0,6,1.2,38.1,2017-03-06,-2.5
65,0.0,3,10.6,20170307,203,2017,0.0,3.0,4.6,0.0,7,-0.5,36.5,2017-03-07,-2.9
66,0.0,3,9.8,20170308,203,2017,0.0,2.7,6.5,0.0,8,0.4,45.3,2017-03-08,-5.4
67,0.0,3,10.0,20170309,203,2017,0.0,2.7,10.3,0.0,9,3.3,43.1,2017-03-09,-5.1
68,0.0,3,10.4,20170310,203,2017,0.0,1.9,12.7,0.0,10,4.7,38.0,2017-03-10,-2.6
69,0.0,3,10.2,20170311,203,2017,0.0,1.1,16.5,0.0,11,5.9,37.1,2017-03-11,-5.0
70,0.0,3,5.8,20170312,203,2017,0.0,1.5,15.4,0.0,12,7.3,49.1,2017-03-12,-1.1
71,0.0,3,10.0,20170313,203,2017,0.0,1.8,14.5,0.0,13,7.2,46.1,2017-03-13,1.3
72,0.0,3,10.4,20170314,203,2017,0.0,1.8,13.3,0.0,14,5.1,50.0,2017-03-14,-2.2
73,0.0,3,10.5,20170315,203,2017,0.0,1.4,13.1,0.0,15,4.8,47.4,2017-03-15,-3.8
74,0.0,3,10.2,20170316,203,2017,0.0,1.6,14.4,0.0,16,5.6,40.9,2017-03-16,-3.4
75,0.0,3,10.4,20170317,203,2017,0.0,1.3,16.8,0.0,17,7.0,39.3,2017-03-17,-3.4
76,0.0,3,8.0,20170318,203,2017,0.0,1.6,17.9,0.0,18,8.8,29.8,2017-03-18,2.1
77,0.0,3,10.5,20170319,203,2017,0.0,1.0,19.0,0.0,19,8.7,35.3,2017-03-19,-1.8
78,0.0,3,1.0,20170320,203,2017,0.0,1.1,16.3,0.0,20,8.5,42.8,2017-03-20,-0.1
79,0.0,3,8.0,20170321,203,2017,0.0,2.2,13.5,0.0,21,7.7,49.0,2017-03-21,4.3
80,0.0,3,10.0,20170322,203,2017,0.0,1.9,15.8,0.0,22,7.5,38.6,2017-03-22,-2.6
81,0.0,3,7.7,20170323,203,2017,0.0,1.8,16.4,0.0,23,8.3,37.1,2017-03-23,1.7
82,0.0,3,7.4,20170324,203,2017,0.0,1.0,16.0,0.0,24,7.5,47.4,2017-03-24,-1.5
83,0.0,3,1.5,20170325,203,2017,0.0,1.6,10.4,0.2,25,5.8,67.8,2017-03-25,1.6
84,0.0,3,2.5,20170326,203,2017,0.0,1.4,12.2,0.0,26,5.8,60.9,2017-03-26,-1.5
85,0.0,3,3.4,20170327,203,2017,0.0,2.1,10.0,1.8,27,4.9,68.6,2017-03-27,-0.3
86,0.0,3,3.1,20170328,203,2017,0.0,1.1,12.3,0.0,28,5.5,60.4,2017-03-28,-1.2
87,0.0,3,9.0,20170329,203,2017,0.0,1.4,15.8,0.0,29,8.4,46.0,2017-03-29,-1.4
88,0.0,3,9.6,20170330,203,2017,0.0,1.5,19.6,0.0,30,9.6,46.4,2017-03-30,-1.5
89,0.0,3,0.2,20170331,203,2017,0.0,1.7,12.2,6.0,31,7.1,74.5,2017-03-31,5.4
90,0.0,4,3.9,20170401,203,2017,0.0,1.2,13.0,0.0,1,7.0,72.3,2017-04-01,4.0
91,0.0,4,6.2,20170402,203,2017,0.0,1.5,15.8,0.0,2,6.6,65.8,2017-04-02,0.1
92,0.0,4,11.2,20170403,203,2017,0.0,1.8,21.1,0.0,3,10.6,44.6,2017-04-03,-1.1
93,0.0,4,11.2,20170404,203,2017,0.0,1.4,23.0,0.0,4,12.7,36.6,2017-04-04,0.7
94,0.0,4,0.0,20170405,203,2017,0.0,1.3,15.8,19.1,5,11.6,62.0,2017-04-05,8.6
95,0.0,4,5.2,20170406,203,2017,0.0,2.5,16.4,2.7,6,12.3,78.4,2017-04-06,8.6
96,0.0,4,7.8,20170407,203,2017,0.0,1.3,24.3,0.0,7,14.3,65.6,2017-04-07,4.2
97,0.0,4,9.3,20170408,203,2017,0.0,2.3,23.4,0.0,8,14.7,59.5,2017-04-08,7.8
98,0.0,4,0.7,20170409,203,2017,0.0,1.9,15.9,0.7,9,12.2,63.3,2017-04-09,9.9
99,0.0,4,11.1,20170410,203,2017,0.0,2.2,21.9,0.0,10,14.4,27.0,2017-04-10,5.8
100,0.0,4,8.9,20170411,203,2017,0.0,2.5,19.9,4.2,11,13.1,48.3,2017-04-11,7.5
101,0.0,4,11.3,20170412,203,2017,0.0,2.8,17.5,0.0,12,11.5,15.6,2017-04-12,5.6
102,0.0,4,10.8,20170413,203,2017,0.0,2.0,20.9,0.0,13,11.8,46.6,2017-04-13,1.2
103,0.0,4,5.2,20170414,203,2017,0.0,2.6,19.5,0.0,14,12.7,53.6,2017-04-14,4.5
104,0.0,4,10.8,20170415,203,2017,0.0,1.5,25.6,0.0,15,15.7,57.3,2017-04-15,6.6
105,0.0,4,7.3,20170416,203,2017,0.0,1.1,27.7,0.0,16,17.7,47.0,2017-04-16,8.3
106,0.0,4,1.6,20170417,203,2017,0.0,1.2,16.1,8.8,17,12.4,73.9,2017-04-17,9.1
107,0.0,4,3.1,20170418,203,2017,0.0,2.5,17.8,6.8,18,11.0,79.0,2017-04-18,6.8
108,0.0,4,12.1,20170419,203,2017,0.0,2.4,18.6,0.0,19,12.3,43.1,2017-04-19,6.0
109,0.0,4,0.4,20170420,203,2017,0.0,1.5,16.8,0.0,20,12.0,46.8,2017-04-20,8.2
110,0.0,4,9.6,20170421,203,2017,0.0,1.6,20.0,0.0,21,12.2,52.4,2017-04-21,3.4
111,0.0,4,11.8,20170422,203,2017,0.0,1.5,22.4,0.0,22,13.7,45.6,2017-04-22,4.6
112,0.0,4,12.5,20170423,203,2017,0.0,1.8,23.2,0.0,23,14.2,38.5,2017-04-23,4.5
113,0.0,4,11.7,20170424,203,2017,0.0,1.7,23.4,0.0,24,13.7,42.9,2017-04-24,4.0
114,0.0,4,5.2,20170425,203,2017,0.0,2.0,22.6,0.0,25,15.7,51.4,2017-04-25,8.3
115,0.0,4,12.2,20170426,203,2017,0.0,2.3,21.6,0.0,26,15.1,32.4,2017-04-26,10.3
116,0.0,4,12.3,20170427,203,2017,0.0,2.4,20.7,0.0,27,13.3,32.4,2017-04-27,6.9
117,0.0,4,11.5,20170428,203,2017,0.0,2.4,23.3,0.0,28,14.2,48.4,2017-04-28,4.3
118,0.0,4,11.8,20170429,203,2017,0.0,2.0,25.7,0.0,29,16.1,42.9,2017-04-29,5.8
119,0.0,4,11.2,20170430,203,2017,0.0,1.9,28.9,0.0,30,18.6,45.9,2017-04-30,8.3
120,0.0,5,11.6,20170501,203,2017,0.0,1.3,27.9,0.0,1,19.2,48.8,2017-05-01,9.8
121,0.0,5,9.7,20170502,203,2017,0.0,1.1,28.0,0.0,2,19.0,45.1,2017-05-02,10.7
122,0.0,5,12.1,20170503,203,2017,0.0,1.3,29.7,0.0,3,20.3,42.9,2017-05-03,10.2
123,0.0,5,8.4,20170504,203,2017,0.0,1.4,28.1,0.0,4,20.3,45.3,2017-05-04,10.9
124,0.0,5,10.3,20170505,203,2017,0.0,2.3,28.2,0.0,5,20.6,50.4,2017-05-05,16.2
125,0.0,5,12.0,20170506,203,2017,0.0,3.0,21.8,0.0,6,14.7,30.4,2017-05-06,9.2
126,0.0,5,12.0,20170507,203,2017,0.0,2.2,23.6,0.0,7,15.2,41.0,2017-05-07,6.7
127,0.0,5,6.6,20170508,203,2017,0.0,1.5,24.5,0.0,8,16.2,49.6,2017-05-08,5.7
128,0.0,5,1.2,20170509,203,2017,0.0,1.3,19.8,4.9,9,15.1,67.8,2017-05-09,13.2
129,0.0,5,3.6,20170510,203,2017,0.0,1.3,20.7,4.0,10,15.1,75.8,2017-05-10,11.7
130,0.0,5,3.6,20170511,203,2017,0.0,1.0,23.6,0.2,11,16.5,74.0,2017-05-11,10.3
131,0.0,5,0.0,20170512,203,2017,0.0,1.4,23.8,0.2,12,18.2,73.1,2017-05-12,13.8
132,0.0,5,4.4,20170513,203,2017,0.0,2.4,24.3,0.9,13,15.9,75.3,2017-05-13,11.3
133,0.0,5,12.8,20170514,203,2017,0.0,2.9,20.7,0.0,14,15.1,53.0,2017-05-14,9.7
134,0.0,5,10.4,20170515,203,2017,0.0,2.5,21.9,0.0,15,15.6,56.8,2017-05-15,9.6
135,0.0,5,6.8,20170516,203,2017,0.0,1.6,22.7,0.0,16,16.6,56.6,2017-05-16,12.2
136,0.0,5,12.8,20170517,203,2017,0.0,1.5,26.8,0.0,17,18.3,50.0,2017-05-17,9.2
137,0.0,5,12.5,20170518,203,2017,0.0,1.5,27.7,0.0,18,19.2,46.5,2017-05-18,10.0
138,0.0,5,12.7,20170519,203,2017,0.0,1.6,29.2,0.0,19,20.1,43.6,2017-05-19,10.9
139,0.0,5,11.3,20170520,203,2017,0.0,1.6,29.5,0.0,20,19.5,43.3,2017-05-20,10.6
140,0.0,5,12.3,20170521,203,2017,0.0,1.6,28.3,0.0,21,20.1,44.3,2017-05-21,11.9
141,0.0,5,12.5,20170522,203,2017,0.0,1.3,28.7,0.0,22,20.3,50.0,2017-05-22,11.1
142,0.0,5,3.8,20170523,203,2017,0.0,1.3,25.1,1.0,23,19.4,58.9,2017-05-23,13.1
143,0.0,5,9.8,20170524,203,2017,0.0,1.2,27.7,3.5,24,20.9,61.3,2017-05-24,15.5
144,0.0,5,12.5,20170525,203,2017,0.0,2.7,25.3,0.0,25,18.8,46.9,2017-05-25,11.8
145,0.0,5,10.2,20170526,203,2017,0.0,1.9,22.9,0.0,26,16.7,39.0,2017-05-26,10.5
146,0.0,5,12.5,20170527,203,2017,0.0,1.4,26.5,0.0,27,18.5,47.4,2017-05-27,9.7
147,0.0,5,14.0,20170528,203,2017,0.0,1.7,28.9,0.0,28,19.9,54.1,2017-05-28,10.1
148,0.0,5,11.7,20170529,203,2017,0.0,1.5,30.8,0.0,29,22.3,59.6,2017-05-29,14.7
149,0.0,5,11.9,20170530,203,2017,0.0,1.6,30.6,0.0,30,22.8,44.9,2017-05-30,15.6
150,0.0,5,8.2,20170531,203,2017,0.0,1.2,29.0,0.0,31,22.2,50.6,2017-05-31,14.1
151,0.0,6,7.9,20170601,203,2017,0.0,1.9,27.2,0.0,1,21.5,60.0,2017-06-01,16.8
152,0.0,6,12.9,20170602,203,2017,0.0,1.8,27.5,0.0,2,19.8,43.6,2017-06-02,11.9
153,0.0,6,12.6,20170603,203,2017,0.0,2.2,26.5,0.0,3,19.9,41.9,2017-06-03,14.6
154,0.0,6,12.9,20170604,203,2017,0.0,1.7,29.2,0.0,4,20.4,41.0,2017-06-04,10.7
155,0.0,6,12.9,20170605,203,2017,0.0,1.2,29.8,0.0,5,22.0,36.8,2017-06-05,12.5
156,0.0,6,0.0,20170606,203,2017,0.0,1.6,22.8,10.2,6,17.6,60.9,2017-06-06,13.6
157,0.0,6,0.0,20170607,203,2017,0.0,1.3,19.0,6.7,7,16.9,89.3,2017-06-07,14.1
158,0.0,6,8.6,20170608,203,2017,0.0,1.9,26.7,0.0,8,19.7,64.0,2017-06-08,14.0
159,0.0,6,7.9,20170609,203,2017,0.0,2.5,27.6,0.0,9,20.8,66.0,2017-06-09,13.1
160,0.0,6,8.9,20170610,203,2017,0.0,1.4,27.3,1.2,10,20.8,53.4,2017-06-10,14.4
161,0.0,6,12.9,20170611,203,2017,0.0,1.2,30.3,0.0,11,20.9,45.0,2017-06-11,10.5
162,0.0,6,11.3,20170612,203,2017,0.0,1.5,28.0,0.0,12,20.9,43.6,2017-06-12,12.4
163,0.0,6,7.6,20170613,203,2017,0.0,1.2,26.5,0.0,13,19.3,65.5,2017-06-13,14.6
164,0.0,6,9.7,20170614,203,2017,0.0,1.6,28.2,0.0,14,20.9,61.6,2017-06-14,14.5
165,0.0,6,11.9,20170615,203,2017,0.0,1.7,31.2,0.0,15,22.8,53.9,2017-06-15,15.3
166,0.0,6,12.1,20170616,203,2017,0.0,1.4,32.7,0.0,16,24.5,52.5,2017-06-16,15.8
167,0.0,6,12.4,20170617,203,2017,0.0,1.5,31.8,0.0,17,23.4,45.3,2017-06-17,15.9
168,0.0,6,12.8,20170618,203,2017,0.0,1.5,34.3,0.0,18,24.0,43.0,2017-06-18,15.0
169,0.0,6,12.1,20170619,203,2017,0.0,1.2,33.4,0.0,19,24.4,46.1,2017-06-19,15.4
170,0.0,6,9.0,20170620,203,2017,0.0,1.2,32.7,0.0,20,25.2,43.6,2017-06-20,16.3
171,0.0,6,10.2,20170621,203,2017,0.0,2.0,31.1,0.0,21,24.8,47.1,2017-06-21,19.9
172,0.0,6,10.7,20170622,203,2017,0.0,1.4,31.9,0.0,22,24.9,52.9,2017-06-22,18.1
173,0.0,6,12.0,20170623,203,2017,0.0,1.4,34.7,0.0,23,26.1,47.0,2017-06-23,17.1
174,0.0,6,0.1,20170624,203,2017,0.0,0.7,28.2,0.9,24,22.7,67.5,2017-06-24,19.4
175,0.0,6,3.8,20170625,203,2017,0.0,1.0,29.0,0.4,25,21.8,76.8,2017-06-25,18.7
176,0.0,6,3.6,20170626,203,2017,0.0,1.5,29.6,23.3,26,22.5,71.6,2017-06-26,18.5
177,0.0,6,8.0,20170627,203,2017,0.0,1.2,29.2,4.4,27,23.4,69.5,2017-06-27,17.8
178,0.0,6,8.7,20170628,203,2017,0.0,1.3,31.0,0.1,28,24.9,64.6,2017-06-28,20.1
179,0.0,6,9.0,20170629,203,2017,0.0,1.2,31.3,0.0,29,24.9,62.4,2017-06-29,19.6
180,0.0,6,6.7,20170630,203,2017,0.0,1.4,30.9,0.0,30,25.4,60.4,2017-06-30,21.0
181,0.0,7,0.4,20170701,203,2017,0.0,1.2,27.3,24.1,1,22.7,77.6,2017-07-01,20.8
182,0.0,7,0.7,20170702,203,2017,0.0,1.6,28.6,18.9,2,25.0,83.4,2017-07-02,21.8
183,0.0,7,0.2,20170703,203,2017,0.0,2.3,26.8,23.0,3,23.8,86.3,2017-07-03,22.6
184,0.0,7,9.6,20170704,203,2017,0.0,1.4,31.1,54.6,4,25.6,74.1,2017-07-04,21.9
185,0.0,7,9.9,20170705,203,2017,0.0,0.9,32.4,0.0,5,26.2,66.3,2017-07-05,20.9
186,0.0,7,9.3,20170706,203,2017,0.0,1.3,33.3,0.0,6,26.3,69.8,2017-07-06,20.7
187,0.0,7,1.7,20170707,203,2017,0.0,1.2,27.9,6.5,7,25.1,83.1,2017-07-07,21.8
188,0.0,7,0.3,20170708,203,2017,0.0,1.4,27.7,14.3,8,24.8,85.8,2017-07-08,23.2
189,0.0,7,1.8,20170709,203,2017,0.0,1.1,31.0,7.3,9,25.0,82.6,2017-07-09,21.1
190,0.0,7,0.0,20170710,203,2017,0.0,1.5,25.9,73.9,10,23.8,91.4,2017-07-10,21.4
191,0.0,7,6.7,20170711,203,2017,0.0,1.4,30.8,17.4,11,25.4,78.0,2017-07-11,21.5
192,0.0,7,9.7,20170712,203,2017,0.0,1.4,31.4,0.0,12,26.6,72.6,2017-07-12,22.6
193,0.0,7,8.3,20170713,203,2017,0.0,0.9,31.8,0.0,13,25.8,73.1,2017-07-13,20.6
194,0.0,7,6.2,20170714,203,2017,0.0,1.1,32.3,0.2,14,25.6,77.3,2017-07-14,22.3
195,0.0,7,0.4,20170715,203,2017,0.0,1.3,25.9,25.9,15,23.4,88.3,2017-07-15,21.9
196,0.0,7,0.0,20170716,203,2017,0.0,1.1,26.4,62.8,16,23.8,86.5,2017-07-16,20.6
197,0.0,7,0.2,20170717,203,2017,0.0,1.4,28.7,0.0,17,25.3,80.1,2017-07-17,23.1
198,0.0,7,3.1,20170718,203,2017,0.0,0.9,29.3,1.9,18,25.0,80.1,2017-07-18,21.7
199,0.0,7,6.5,20170719,203,2017,0.0,1.0,32.7,0.0,19,27.1,72.6,2017-07-19,23.1
200,0.0,7,8.8,20170720,203,2017,0.0,1.0,34.3,0.0,20,28.3,70.9,2017-07-20,23.0
201,0.0,7,3.1,20170721,203,2017,0.0,1.1,32.8,0.8,21,28.1,77.9,2017-07-21,24.6
202,0.0,7,2.1,20170722,203,2017,0.0,0.7,32.5,0.1,22,28.1,79.9,2017-07-22,25.4
203,0.0,7,0.0,20170723,203,2017,0.0,0.9,28.0,44.6,23,26.2,89.4,2017-07-23,25.1
204,0.0,7,0.4,20170724,203,2017,0.0,0.7,27.0,36.7,24,25.6,89.0,2017-07-24,24.6
205,0.0,7,9.9,20170725,203,2017,0.0,1.1,34.7,0.1,25,28.6,71.1,2017-07-25,24.6
206,0.0,7,11.9,20170726,203,2017,0.0,1.6,31.5,0.0,26,26.3,64.5,2017-07-26,20.8
207,0.0,7,4.5,20170727,203,2017,0.0,0.7,29.3,0.0,27,25.1,69.3,2017-07-27,20.0
208,0.0,7,0.0,20170728,203,2017,0.0,0.6,24.9,12.2,28,23.7,92.0,2017-07-28,22.7
209,0.0,7,2.6,20170729,203,2017,0.0,1.5,28.8,0.0,29,25.1,81.8,2017-07-29,22.3
210,0.0,7,6.5,20170730,203,2017,0.0,0.7,32.1,0.0,30,26.3,75.4,2017-07-30,21.9
211,0.0,7,0.0,20170731,203,2017,0.0,0.7,24.7,29.6,31,23.4,90.9,2017-07-31,22.5
212,0.0,8,7.5,20170801,203,2017,0.0,0.8,33.2,2.2,1,26.6,80.8,2017-08-01,22.2
213,0.0,8,6.5,20170802,203,2017,0.0,0.5,33.2,0.0,2,28.0,78.6,2017-08-02,23.5
214,0.0,8,12.6,20170803,203,2017,0.0,1.4,32.2,0.0,3,27.1,70.8,2017-08-03,23.3
215,0.0,8,12.0,20170804,203,2017,0.0,0.7,34.7,0.0,4,27.8,71.9,2017-08-04,21.2
216,0.0,8,12.1,20170805,203,2017,0.0,0.7,37.1,0.0,5,29.5,71.0,2017-08-05,23.6
217,0.0,8,5.8,20170806,203,2017,0.0,0.9,34.5,0.0,6,29.0,74.9,2017-08-06,25.5
218,0.0,8,10.5,20170807,203,2017,0.0,1.6,33.1,0.0,7,28.4,67.1,2017-08-07,24.7
219,0.0,8,5.2,20170808,203,2017,0.0,1.0,31.5,0.0,8,26.3,71.9,2017-08-08,22.2
220,0.0,8,0.1,20170809,203,2017,0.0,1.0,27.3,18.4,9,24.1,84.6,2017-08-09,22.6
221,0.0,8,0.0,20170810,203,2017,0.0,1.0,25.0,11.9,10,23.5,93.3,2017-08-10,22.4
222,0.0,8,7.0,20170811,203,2017,0.0,1.1,31.9,0.0,11,25.8,76.8,2017-08-11,22.5
223,0.0,8,10.2,20170812,203,2017,0.0,1.0,32.0,0.0,12,25.4,70.5,2017-08-12,19.8
224,0.0,8,1.9,20170813,203,2017,0.0,1.3,27.6,0.0,13,24.1,73.6,2017-08-13,20.9
225,0.0,8,0.1,20170814,203,2017,0.0,1.1,25.9,2.8,14,22.1,87.3,2017-08-14,20.4
226,0.0,8,0.0,20170815,203,2017,0.0,1.3,22.3,53.1,15,21.4,93.6,2017-08-15,20.3
227,0.0,8,0.0,20170816,203,2017,0.0,1.1,24.9,8.5,16,21.8,91.5,2017-08-16,19.9
228,0.0,8,2.5,20170817,203,2017,0.0,1.0,29.6,20.4,17,23.3,87.6,2017-08-17,20.0
229,0.0,8,4.1,20170818,203,2017,0.0,0.7,29.6,0.0,18,24.4,82.8,2017-08-18,21.0
230,0.0,8,0.5,20170819,203,2017,0.0,0.6,28.8,3.4,19,24.3,85.4,2017-08-19,20.3
231,0.0,8,0.1,20170820,203,2017,0.0,1.4,26.4,43.7,20,22.9,93.5,2017-08-20,21.3
232,0.0,8,1.0,20170821,203,2017,0.0,1.6,27.7,45.4,21,23.4,94.0,2017-08-21,22.0
233,0.0,8,9.4,20170822,203,2017,0.0,1.1,32.0,0.0,22,26.4,78.0,2017-08-22,22.2
234,0.0,8,2.0,20170823,203,2017,0.0,1.6,30.8,29.4,23,26.2,89.1,2017-08-23,22.6
235,0.0,8,1.6,20170824,203,2017,0.0,2.8,29.6,45.5,24,25.9,87.8,2017-08-24,22.4
236,0.0,8,8.4,20170825,203,2017,0.0,1.1,30.9,0.0,25,24.0,72.0,2017-08-25,18.8
237,0.0,8,11.1,20170826,203,2017,0.0,1.2,29.6,0.0,26,21.5,63.8,2017-08-26,14.6
238,0.0,8,1.0,20170827,203,2017,0.0,0.6,24.6,0.0,27,19.5,81.0,2017-08-27,15.0
239,0.0,8,0.7,20170828,203,2017,0.0,0.9,25.7,19.1,28,20.5,87.5,2017-08-28,16.7
240,0.0,8,10.3,20170829,203,2017,0.0,1.7,25.2,0.0,29,19.7,59.5,2017-08-29,16.6
241,0.0,8,1.5,20170830,203,2017,0.0,0.6,22.3,0.0,30,17.4,66.4,2017-08-30,13.6
242,0.0,8,10.0,20170831,203,2017,0.0,0.9,27.3,0.0,31,19.5,70.8,2017-08-31,12.5
243,0.0,9,11.7,20170901,203,2017,0.0,1.0,28.5,0.0,1,20.2,65.4,2017-09-01,12.6
244,0.0,9,11.7,20170902,203,2017,0.0,0.7,28.1,0.0,2,20.5,68.4,2017-09-02,13.8
245,0.0,9,10.4,20170903,203,2017,0.0,0.6,29.4,0.0,3,20.6,70.3,2017-09-03,13.4
246,0.0,9,9.2,20170904,203,2017,0.0,0.8,28.9,0.0,4,21.1,65.9,2017-09-04,14.0
247,0.0,9,0.0,20170905,203,2017,0.0,0.5,22.6,0.0,5,19.1,80.4,2017-09-05,15.8
248,0.0,9,0.0,20170906,203,2017,0.0,0.4,22.3,1.4,6,19.3,89.1,2017-09-06,17.4
249,0.0,9,7.4,20170907,203,2017,0.0,0.8,27.2,0.0,7,21.3,77.9,2017-09-07,16.3
250,0.0,9,11.5,20170908,203,2017,0.0,1.0,30.0,0.0,8,22.4,72.9,2017-09-08,16.4
251,0.0,9,5.2,20170909,203,2017,0.0,0.7,29.2,0.0,9,21.1,80.6,2017-09-09,15.2
252,0.0,9,12.5,20170910,203,2017,0.0,0.6,24.3,0.0,10,20.5,89.0,2017-09-10,17.0
253,0.0,9,11.7,20170911,203,2017,0.0,1.1,22.7,10.6,11,19.8,87.4,2017-09-11,17.2
254,0.0,9,1.2,20170912,203,2017,0.0,1.0,28.2,0.0,12,20.2,69.9,2017-09-12,15.6
255,0.0,9,4.6,20170913,203,2017,0.0,1.0,28.6,0.0,13,19.0,62.3,2017-09-13,10.7
256,0.0,9,10.5,20170914,203,2017,0.0,0.8,28.6,0.0,14,19.3,69.1,2017-09-14,11.1
257,0.0,9,9.4,20170915,203,2017,0.0,1.7,27.9,0.0,15,20.0,60.5,2017-09-15,14.4
258,0.0,9,5.9,20170916,203,2017,0.0,1.6,27.1,0.0,16,18.6,66.3,2017-09-16,12.1
259,0.0,9,9.2,20170917,203,2017,0.0,1.9,29.0,0.0,17,21.3,61.8,2017-09-17,15.3
260,0.0,9,9.7,20170918,203,2017,0.0,1.1,27.6,0.0,18,19.8,68.1,2017-09-18,13.2
261,0.0,9,1.2,20170919,203,2017,0.0,1.5,24.7,14.2,19,19.3,83.6,2017-09-19,14.4
262,0.0,9,10.6,20170920,203,2017,0.0,1.6,25.7,0.0,20,18.2,55.5,2017-09-20,11.7
263,0.0,9,10.6,20170921,203,2017,0.0,0.7,25.8,0.0,21,16.7,71.8,2017-09-21,9.3
264,0.0,9,9.8,20170922,203,2017,0.0,0.9,26.5,0.0,22,18.3,71.3,2017-09-22,10.8
265,0.0,9,3.7,20170923,203,2017,0.0,1.0,25.9,0.0,23,18.7,81.6,2017-09-23,12.6
266,0.0,9,2.3,20170924,203,2017,0.0,0.8,26.6,0.0,24,20.3,84.0,2017-09-24,15.4
267,0.0,9,6.9,20170925,203,2017,0.0,0.8,29.1,0.0,25,21.2,78.4,2017-09-25,17.1
268,0.0,9,8.5,20170926,203,2017,0.0,0.6,29.1,0.1,26,21.6,75.1,2017-09-26,14.6
269,0.0,9,1.6,20170927,203,2017,0.0,0.9,25.9,1.6,27,19.8,80.0,2017-09-27,16.2
270,0.0,9,10.1,20170928,203,2017,0.0,1.8,25.0,0.0,28,18.9,55.3,2017-09-28,13.3
271,0.0,9,9.7,20170929,203,2017,0.0,1.2,22.1,0.0,29,14.0,55.3,2017-09-29,5.7
272,0.0,9,6.4,20170930,203,2017,0.0,0.8,25.3,0.0,30,15.7,74.8,2017-09-30,7.7
273,0.0,10,1.0,20171001,203,2017,0.0,1.0,18.4,9.8,1,15.2,89.5,2017-10-01,11.4
274,0.0,10,7.9,20171002,203,2017,0.0,1.3,28.0,3.5,2,19.7,80.8,2017-10-02,14.4
275,0.0,10,2.3,20171003,203,2017,0.0,1.0,23.2,0.0,3,17.4,74.9,2017-10-03,12.9
276,0.0,10,7.8,20171004,203,2017,0.0,1.0,23.7,0.0,4,15.9,68.9,2017-10-04,11.1
277,0.0,10,4.6,20171005,203,2017,0.0,1.3,22.2,0.0,5,16.3,68.9,2017-10-05,9.9
278,0.0,10,0.4,20171006,203,2017,0.0,0.8,20.0,0.7,6,15.7,85.8,2017-10-06,11.5
279,0.0,10,6.9,20171007,203,2017,0.0,0.7,26.0,0.1,7,19.8,78.1,2017-10-07,15.6
280,0.0,10,7.4,20171008,203,2017,0.0,0.9,27.6,0.0,8,21.4,74.0,2017-10-08,16.4
281,0.0,10,8.7,20171009,203,2017,0.0,1.1,27.9,0.0,9,21.0,72.1,2017-10-09,15.9
282,0.0,10,1.4,20171010,203,2017,0.0,0.7,24.1,0.0,10,20.2,81.6,2017-10-10,15.4
283,0.0,10,1.1,20171011,203,2017,0.0,2.0,21.6,3.5,11,16.1,80.3,2017-10-11,12.5
284,0.0,10,0.0,20171012,203,2017,0.0,0.9,13.7,0.9,12,11.4,83.3,2017-10-12,7.3
285,0.0,10,5.8,20171013,203,2017,0.0,0.9,18.5,0.0,13,10.6,73.8,2017-10-13,4.0
286,0.0,10,7.7,20171014,203,2017,0.0,1.1,20.8,0.0,14,11.6,59.4,2017-10-14,2.9
287,0.0,10,7.6,20171015,203,2017,0.0,0.8,22.7,0.0,15,13.2,67.0,2017-10-15,6.3
288,0.0,10,3.8,20171016,203,2017,0.0,0.7,22.2,0.0,16,14.8,68.0,2017-10-16,10.8
289,0.0,10,9.6,20171017,203,2017,0.0,0.7,22.9,0.0,17,14.1,69.8,2017-10-17,6.4
290,0.0,10,0.0,20171018,203,2017,0.0,1.0,18.5,0.2,18,14.1,75.9,2017-10-18,10.4
291,0.0,10,8.3,20171019,203,2017,0.0,0.9,22.1,0.0,19,14.8,68.6,2017-10-19,9.9
292,0.0,10,9.2,20171020,203,2017,0.0,0.6,24.0,0.0,20,13.8,70.8,2017-10-20,6.8
293,0.0,10,9.3,20171021,203,2017,0.0,0.8,25.0,0.0,21,13.7,68.5,2017-10-21,4.9
294,0.0,10,7.3,20171022,203,2017,0.0,2.2,24.3,0.0,22,13.6,62.4,2017-10-22,4.4
295,0.0,10,9.6,20171023,203,2017,0.0,1.0,19.2,0.0,23,11.5,59.3,2017-10-23,5.1
296,0.0,10,6.3,20171024,203,2017,0.0,0.7,19.6,0.0,24,10.6,67.8,2017-10-24,5.2
297,0.0,10,8.9,20171025,203,2017,0.0,0.8,20.6,0.0,25,10.5,72.5,2017-10-25,2.1
298,0.0,10,4.8,20171026,203,2017,0.0,0.6,18.8,0.0,26,11.6,67.3,2017-10-26,5.1
299,0.0,10,7.6,20171027,203,2017,0.0,0.7,23.4,0.0,27,13.8,61.0,2017-10-27,8.3
300,0.0,10,9.2,20171028,203,2017,0.0,0.7,24.4,0.0,28,13.6,67.1,2017-10-28,5.2
301,0.0,10,7.5,20171029,203,2017,0.0,1.9,18.7,0.0,29,10.1,60.4,2017-10-29,4.2
302,0.0,10,9.3,20171030,203,2017,0.0,1.4,14.0,0.0,30,6.1,39.5,2017-10-30,-1.7
303,0.0,10,9.3,20171031,203,2017,0.0,0.9,16.2,0.0,31,6.3,63.9,2017-10-31,-3.4
304,0.0,11,2.0,20171101,203,2017,0.0,0.7,17.7,0.0,1,11.3,74.0,2017-11-01,4.7
305,0.0,11,0.7,20171102,203,2017,0.0,0.8,18.2,0.0,2,13.9,77.9,2017-11-02,10.9
306,0.0,11,3.1,20171103,203,2017,0.0,2.0,16.6,3.1,3,10.7,74.4,2017-11-03,4.5
307,0.0,11,8.1,20171104,203,2017,0.0,1.3,14.2,0.0,4,6.6,59.9,2017-11-04,1.6
308,0.0,11,7.0,20171105,203,2017,0.0,0.7,14.9,0.0,5,5.0,72.3,2017-11-05,-2.5
309,0.0,11,8.6,20171106,203,2017,0.0,0.8,16.2,0.0,6,7.5,73.0,2017-11-06,-0.7
310,0.0,11,6.2,20171107,203,2017,0.0,0.6,19.8,0.0,7,11.2,70.0,2017-11-07,1.9
311,0.0,11,7.8,20171108,203,2017,0.0,1.8,19.5,0.0,8,13.0,55.4,2017-11-08,5.9
312,0.0,11,9.0,20171109,203,2017,0.0,0.8,16.5,0.0,9,6.4,55.3,2017-11-09,-1.7
313,0.0,11,1.7,20171110,203,2017,0.0,1.7,14.8,4.4,10,7.3,67.1,2017-11-10,0.1
314,0.0,11,8.9,20171111,203,2017,0.0,1.6,10.9,0.0,11,4.9,48.0,2017-11-11,-1.8
315,0.0,11,8.8,20171112,203,2017,0.0,0.6,11.7,0.0,12,2.2,69.1,2017-11-12,-4.3
316,0.0,11,1.4,20171113,203,2017,0.0,1.0,10.6,1.0,13,5.2,69.5,2017-11-13,-2.7
317,0.0,11,8.4,20171114,203,2017,0.0,1.9,12.7,0.0,14,7.0,52.9,2017-11-14,2.0
318,0.0,11,8.2,20171115,203,2017,0.0,2.0,7.8,0.0,15,3.3,47.6,2017-11-15,-0.4
319,0.0,11,8.9,20171116,203,2017,0.0,1.2,8.0,0.0,16,0.6,40.0,2017-11-16,-6.1
320,0.0,11,0.1,20171117,203,2017,0.0,0.6,3.7,0.0,17,-0.1,56.9,2017-11-17,-6.4
321,0.0,11,8.9,20171118,203,2017,0.0,2.6,3.4,0.0,18,-0.9,37.9,2017-11-18,-4.6
322,0.0,11,9.0,20171119,203,2017,0.0,1.8,4.3,0.0,19,-1.7,36.4,2017-11-19,-8.7
323,0.0,11,5.6,20171120,203,2017,0.0,1.2,5.6,0.0,20,-0.3,58.4,2017-11-20,-6.0
324,0.0,11,3.8,20171121,203,2017,0.0,0.7,5.6,0.0,21,-2.6,75.5,2017-11-21,-7.4
325,0.0,11,3.0,20171122,203,2017,0.0,1.3,6.5,1.1,22,0.9,66.5,2017-11-22,-5.0
326,0.0,11,6.4,20171123,203,2017,0.0,1.9,6.5,0.2,23,0.1,55.8,2017-11-23,-5.0
327,0.0,11,4.9,20171124,203,2017,0.0,1.3,4.4,1.6,24,-0.8,71.9,2017-11-24,-5.1
328,0.0,11,4.9,20171125,203,2017,0.0,1.9,9.1,16.2,25,2.4,74.6,2017-11-25,-7.8
329,0.0,11,5.5,20171126,203,2017,0.0,1.2,9.8,1.0,26,3.7,77.8,2017-11-26,-3.0
330,0.0,11,8.8,20171127,203,2017,0.0,0.6,9.0,0.0,27,0.5,73.0,2017-11-27,-6.3
331,0.0,11,4.3,20171128,203,2017,0.0,0.8,11.1,0.0,28,3.4,73.8,2017-11-28,-2.9
332,0.0,11,8.1,20171129,203,2017,0.0,1.9,9.4,0.0,29,4.7,44.9,2017-11-29,-0.2
333,0.0,11,8.6,20171130,203,2017,0.0,2.6,3.9,0.0,30,-1.0,23.5,2017-11-30,-4.3
334,0.0,12,8.4,20171201,203,2017,0.0,1.4,4.1,0.0,1,-1.9,42.1,2017-12-01,-8.3
335,0.0,12,8.7,20171202,203,2017,0.0,0.7,7.1,0.0,2,-0.7,66.3,2017-12-02,-8.0
336,0.0,12,0.6,20171203,203,2017,0.0,0.5,4.7,2.8,3,0.2,86.9,2017-12-03,-3.8
337,0.0,12,8.1,20171204,203,2017,0.0,2.2,3.7,0.5,4,-0.4,54.6,2017-12-04,-5.5
338,0.0,12,8.9,20171205,203,2017,0.0,1.9,0.3,0.0,5,-4.3,38.4,2017-12-05,-9.2
339,0.0,12,4.5,20171206,203,2017,0.0,1.3,3.9,2.3,6,-1.2,71.5,2017-12-06,-5.3
340,0.0,12,4.7,20171207,203,2017,0.0,1.3,5.5,0.9,7,0.3,68.3,2017-12-07,-3.5
341,0.0,12,8.9,20171208,203,2017,0.0,1.8,0.3,0.0,8,-3.5,42.3,2017-12-08,-7.0
342,0.0,12,6.2,20171209,203,2017,0.0,0.7,3.3,0.0,9,-2.3,59.0,2017-12-09,-8.5
343,0.0,12,1.1,20171210,203,2017,0.0,1.6,4.3,4.8,10,-0.4,71.0,2017-12-10,-3.2
344,0.0,12,8.6,20171211,203,2017,0.0,3.7,-1.6,0.0,11,-6.0,34.6,2017-12-11,-10.6
345,0.0,12,8.8,20171212,203,2017,0.0,1.8,-3.4,0.0,12,-9.0,41.8,2017-12-12,-13.6
346,0.0,12,8.8,20171213,203,2017,0.0,1.6,-2.1,0.0,13,-8.7,43.3,2017-12-13,-13.0
347,0.0,12,5.6,20171214,203,2017,0.0,0.8,-1.8,0.0,14,-8.9,59.5,2017-12-14,-15.3
348,0.0,12,2.8,20171215,203,2017,0.0,0.6,0.2,0.0,15,-5.3,61.1,2017-12-15,-12.0
349,0.0,12,8.1,20171216,203,2017,0.0,2.4,-1.5,0.0,16,-5.1,42.6,2017-12-16,-9.2
350,0.0,12,8.7,20171217,203,2017,0.0,1.5,-1.4,0.0,17,-6.7,40.9,2017-12-17,-12.5
351,0.0,12,3.0,20171218,203,2017,0.0,0.9,0.6,1.8,18,-4.5,78.6,2017-12-18,-9.4
352,0.0,12,4.2,20171220,203,2017,0.0,0.7,-1.0,0.7,20,-7.0,71.8,2017-12-20,-15.5
353,0.0,12,8.5,20171221,203,2017,0.0,1.2,4.4,0.0,21,-2.4,70.3,2017-12-21,-8.2
354,0.0,12,3.8,20171222,203,2017,0.0,0.6,4.9,0.0,22,-1.0,72.1,2017-12-22,-7.2
355,0.0,12,3.6,20171223,203,2017,0.0,0.5,8.4,0.0,23,2.0,79.5,2017-12-23,-1.8
356,0.0,12,0.0,20171224,203,2017,0.0,1.5,3.0,13.5,24,1.2,83.8,2017-12-24,-0.3
357,0.0,12,8.8,20171225,203,2017,0.0,2.4,1.8,0.0,25,-2.3,45.1,2017-12-25,-4.8
358,0.0,12,8.6,20171226,203,2017,0.0,2.3,0.8,0.0,26,-3.7,45.1,2017-12-26,-8.1
359,0.0,12,8.8,20171227,203,2017,0.0,1.7,-1.1,0.0,27,-7.0,36.9,2017-12-27,-11.7
360,0.0,12,6.8,20171228,203,2017,0.0,1.0,1.9,0.0,28,-3.9,56.5,2017-12-28,-11.0
361,0.0,12,3.3,20171229,203,2017,0.0,0.9,6.5,0.0,29,0.7,69.4,2017-12-29,-3.6
362,0.0,12,1.3,20171230,203,2017,0.0,0.6,4.3,1.4,30,0.0,81.8,2017-12-30,-4.9
363,0.0,12,8.3,20171231,203,2017,0.0,2.0,4.9,1.5,31,-0.1,53.6,2017-12-31,-4.3
