,Date,rainfall,tmin,station_id,humid,snow,sunshine,date,cloud,month,day,tavg,wind,tmax,year
0,2005-01-01,0.0,-11.0,203,51.9,0.0,8.4,20050101,0.0,1,1,-5.8,1.1,0.4,2005
1,2005-01-02,0.0,-9.8,203,63.0,0.0,4.1,20050102,0.0,1,2,-1.3,0.9,5.5,2005
2,2005-01-03,0.5,-0.8,203,71.1,0.0,0.0,20050103,0.0,1,3,2.7,2.0,7.0,2005
3,2005-01-04,0.0,-8.0,203,45.9,0.0,7.8,20050104,0.0,1,4,-4.2,2.1,0.1,2005
4,2005-01-05,0.0,-14.3,203,66.8,0.0,7.5,20050105,0.0,1,5,-6.2,0.4,1.0,2005
5,2005-01-06,0.0,-6.5,203,69.0,0.0,4.1,20050106,0.0,1,6,-0.7,0.8,5.0,2005
6,2005-01-07,0.0,-6.3,203,52.4,0.0,7.8,20050107,0.0,1,7,-1.6,2.3,2.2,2005
7,2005-01-08,0.0,-12.5,203,62.4,0.0,6.8,20050108,0.0,1,8,-5.6,1.5,3.0,2005
8,2005-01-09,0.0,-11.1,203,51.0,0.0,8.2,20050109,0.0,1,9,-6.8,1.7,-1.0,2005
9,2005-01-10,0.0,-15.1,203,71.9,0.0,6.9,20050110,0.0,1,10,-6.4,0.8,-0.3,2005
10,2005-01-11,0.0,-10.1,203,59.5,0.0,8.2,20050111,0.0,1,11,-5.4,1.6,-0.5,2005
11,2005-01-12,0.0,-10.3,203,53.4,0.0,8.2,20050112,0.0,1,12,-6.0,1.3,-0.2,2005
12,2005-01-13,0.0,-13.8,203,70.1,0.0,7.7,20050113,0.0,1,13,-6.4,0.9,1.0,2005
13,2005-01-14,0.0,-11.8,203,67.3,0.0,5.4,20050114,0.0,1,14,-4.5,0.4,1.2,2005
14,2005-01-15,0.0,-11.1,203,64.0,0.0,7.7,20050115,0.0,1,15,-2.8,1.2,3.4,2005
15,2005-01-16,0.0,-4.3,203,66.1,0.0,3.5,20050116,0.0,1,16,-0.4,1.6,6.1,2005
16,2005-01-17,0.0,-9.5,203,68.9,0.0,7.2,20050117,0.0,1,17,-1.3,0.9,6.8,2005
17,2005-01-18,0.8,-4.9,203,80.9,0.3,0.4,20050118,0.0,1,18,-0.7,0.8,2.9,2005
18,2005-01-19,0.0,-6.5,203,56.8,0.0,8.6,20050119,0.0,1,19,-3.0,2.0,1.8,2005
19,2005-01-20,0.0,-8.3,203,56.5,0.0,8.3,20050120,0.0,1,20,-5.3,2.0,-0.3,2005
20,2005-01-21,0.0,-13.8,203,61.8,0.0,8.3,20050121,0.0,1,21,-6.2,0.9,1.3,2005
21,2005-01-22,0.0,-12.1,203,58.4,0.0,6.9,20050122,0.0,1,22,-4.3,0.2,3.7,2005
22,2005-01-23,0.0,-4.5,203,46.3,0.0,7.9,20050123,0.0,1,23,2.0,0.6,10.0,2005
23,2005-01-24,0.0,-4.9,203,69.3,0.0,1.8,20050124,0.0,1,24,0.0,0.8,6.4,2005
24,2005-01-25,0.0,-6.5,203,78.8,0.0,0.0,20050125,0.0,1,25,-1.5,0.3,3.5,2005
25,2005-01-26,0.0,-1.7,203,70.4,0.0,5.5,20050126,0.0,1,26,1.5,0.9,8.0,2005
26,2005-01-27,0.0,-6.0,203,62.4,0.0,6.3,20050127,0.0,1,27,-0.3,0.6,7.0,2005
27,2005-01-28,0.0,-8.8,203,63.6,0.0,6.9,20050128,0.0,1,28,-1.1,0.3,8.1,2005
28,2005-01-29,0.9,-5.6,203,67.5,1.5,2.7,20050129,0.0,1,29,-2.4,1.6,3.0,2005
29,2005-01-30,0.0,-9.3,203,46.5,0.0,6.4,20050130,0.0,1,30,-5.6,2.3,-1.1,2005
30,2005-01-31,0.0,-11.5,203,51.8,0.0,7.1,20050131,0.0,1,31,-6.5,2.3,0.4,2005
31,2005-02-01,0.0,-12.8,203,51.8,0.0,8.3,20050201,0.0,2,1,-9.5,3.1,-5.0,2005
32,2005-02-02,0.0,-15.1,203,66.0,0.0,8.4,20050202,0.0,2,2,-7.3,1.6,-0.4,2005
33,2005-02-03,0.0,-12.6,203,60.5,0.0,8.4,20050203,0.0,2,3,-4.8,1.0,2.5,2005
34,2005-02-04,0.0,-8.1,203,56.4,0.0,7.3,20050204,0.0,2,4,-1.9,1.0,4.5,2005
35,2005-02-05,0.0,-6.4,203,46.0,0.0,7.9,20050205,0.0,2,5,-0.6,1.5,5.0,2005
36,2005-02-06,0.0,-10.6,203,50.0,0.0,6.6,20050206,0.0,2,6,-2.3,0.5,6.4,2005
37,2005-02-07,0.0,-3.5,203,66.4,0.0,0.0,20050207,0.0,2,7,0.5,0.2,2.7,2005
38,2005-02-08,0.5,-2.7,203,66.4,0.0,7.2,20050208,0.0,2,8,1.6,1.9,6.9,2005
39,2005-02-09,0.0,-7.0,203,63.8,0.0,0.2,20050209,0.0,2,9,-2.2,1.0,2.5,2005
40,2005-02-10,0.0,-8.1,203,40.8,0.0,8.8,20050210,0.0,2,10,-4.7,1.8,0.4,2005
41,2005-02-11,0.0,-11.8,203,38.0,0.0,8.9,20050211,0.0,2,11,-5.9,1.5,0.5,2005
42,2005-02-12,0.0,-12.1,203,45.8,0.0,5.6,20050212,0.0,2,12,-5.6,1.0,1.7,2005
43,2005-02-13,0.0,-13.3,203,55.0,0.0,8.2,20050213,0.0,2,13,-4.0,0.9,5.0,2005
44,2005-02-14,0.0,-7.5,203,54.6,0.0,3.9,20050214,0.0,2,14,-0.3,0.4,5.6,2005
45,2005-02-15,3.0,-4.8,203,56.8,0.0,0.8,20050215,0.0,2,15,3.3,1.8,11.8,2005
46,2005-02-16,14.0,0.6,203,78.0,2.1,0.2,20050216,0.0,2,16,2.3,2.3,4.0,2005
47,2005-02-17,0.0,-2.0,203,65.5,0.0,8.0,20050217,0.0,2,17,3.8,1.4,10.8,2005
48,2005-02-18,0.0,1.1,203,62.4,0.0,0.0,20050218,0.0,2,18,2.8,1.4,4.5,2005
49,2005-02-19,0.5,-8.0,203,55.6,0.4,6.1,20050219,0.0,2,19,-1.6,2.4,2.9,2005
50,2005-02-20,0.0,-10.8,203,45.0,0.0,8.6,20050220,0.0,2,20,-6.1,2.3,-0.6,2005
51,2005-02-21,0.0,-11.8,203,49.5,0.0,9.7,20050221,0.0,2,21,-6.0,1.5,-0.1,2005
52,2005-02-22,2.0,-8.6,203,77.5,0.0,0.0,20050222,0.0,2,22,-0.7,2.9,6.3,2005
53,2005-02-23,0.0,-4.5,203,61.4,0.0,6.8,20050223,0.0,2,23,-0.7,2.6,3.5,2005
54,2005-02-24,0.0,-5.4,203,54.1,0.0,6.7,20050224,0.0,2,24,-1.3,0.9,5.9,2005
55,2005-02-25,0.0,-7.0,203,49.9,0.0,9.9,20050225,0.0,2,25,-3.4,2.3,1.2,2005
56,2005-02-26,0.0,-10.3,203,54.9,0.0,10.0,20050226,0.0,2,26,-4.8,1.7,1.3,2005
57,2005-02-27,0.0,-12.0,203,61.0,0.0,9.4,20050227,0.0,2,27,-2.9,1.2,5.0,2005
58,2005-02-28,0.0,-6.5,203,70.0,0.0,8.9,20050228,0.0,2,28,-0.1,1.6,7.1,2005
59,2005-03-01,0.0,-7.0,203,57.9,0.0,8.9,20050301,0.0,3,1,0.2,1.5,6.5,2005
60,2005-03-02,4.0,-2.2,203,75.4,4.5,7.1,20050302,0.0,3,2,0.5,1.2,5.5,2005
61,2005-03-03,0.0,-6.0,203,58.4,0.0,9.9,20050303,0.0,3,3,-0.9,1.6,5.0,2005
62,2005-03-04,0.0,-6.5,203,57.6,0.0,9.8,20050304,0.0,3,4,-0.5,1.2,5.9,2005
63,2005-03-05,0.0,-7.6,203,80.1,0.0,5.7,20050305,0.0,3,5,-1.5,1.0,5.0,2005
64,2005-03-06,0.0,-7.5,203,70.1,0.0,7.2,20050306,0.0,3,6,-0.1,1.2,8.1,2005
65,2005-03-07,0.0,-3.2,203,75.9,0.0,7.7,20050307,0.0,3,7,5.0,2.3,13.5,2005
66,2005-03-08,0.0,1.6,203,62.3,0.0,7.1,20050308,0.0,3,8,6.3,2.0,12.6,2005
67,2005-03-09,0.0,-5.0,203,72.3,0.0,8.1,20050309,0.0,3,9,5.9,0.6,16.2,2005
68,2005-03-10,8.0,6.4,203,84.1,0.0,0.2,20050310,0.0,3,10,10.3,1.7,15.0,2005
69,2005-03-11,4.0,-3.0,203,82.1,0.0,4.5,20050311,0.0,3,11,1.9,3.4,6.4,2005
70,2005-03-12,0.0,-6.5,203,49.6,0.0,9.7,20050312,0.0,3,12,-2.9,3.1,1.3,2005
71,2005-03-13,0.0,-7.1,203,51.4,0.0,9.6,20050313,0.0,3,13,-1.1,2.5,4.5,2005
72,2005-03-14,0.0,-6.5,203,60.4,0.0,10.2,20050314,0.0,3,14,2.4,1.5,10.0,2005
73,2005-03-15,0.0,-2.2,203,80.1,0.0,6.3,20050315,0.0,3,15,3.3,1.1,10.3,2005
74,2005-03-16,0.0,1.1,203,71.6,0.0,6.2,20050316,0.0,3,16,7.4,0.7,13.6,2005
75,2005-03-17,6.5,3.5,203,86.9,0.0,5.1,20050317,0.0,3,17,6.7,2.1,12.0,2005
76,2005-03-18,0.0,1.3,203,58.0,0.0,10.3,20050318,0.0,3,18,4.5,3.0,10.3,2005
77,2005-03-19,0.0,-4.1,203,65.8,0.0,10.0,20050319,0.0,3,19,4.4,1.6,12.8,2005
78,2005-03-20,0.0,1.6,203,70.5,0.0,9.4,20050320,0.0,3,20,6.0,2.3,12.0,2005
79,2005-03-21,0.0,-2.7,203,68.6,0.0,8.0,20050321,0.0,3,21,6.8,1.2,16.2,2005
80,2005-03-22,5.0,2.9,203,78.3,0.0,6.8,20050322,0.0,3,22,7.8,1.5,16.5,2005
81,2005-03-23,0.0,3.7,203,61.1,0.0,7.4,20050323,0.0,3,23,8.2,2.1,15.1,2005
82,2005-03-24,1.0,0.0,203,68.9,0.0,7.2,20050324,0.0,3,24,2.9,3.3,8.3,2005
83,2005-03-25,0.0,-2.2,203,58.8,0.0,10.2,20050325,0.0,3,25,3.7,2.8,9.8,2005
84,2005-03-26,0.0,-1.6,203,82.3,0.0,4.4,20050326,0.0,3,26,6.0,1.0,15.6,2005
85,2005-03-27,0.0,-1.8,203,70.5,0.0,8.6,20050327,0.0,3,27,8.6,0.7,18.2,2005
86,2005-03-28,0.0,0.6,203,74.5,0.0,9.7,20050328,0.0,3,28,7.3,2.6,11.3,2005
87,2005-03-29,0.0,2.0,203,43.3,0.0,10.3,20050329,0.0,3,29,6.3,2.7,12.3,2005
88,2005-03-30,0.0,-0.3,203,58.4,0.0,10.0,20050330,0.0,3,30,7.5,2.9,15.3,2005
89,2005-03-31,0.0,-1.0,203,57.3,0.0,9.2,20050331,0.0,3,31,9.0,1.5,18.1,2005
90,2005-04-01,0.0,1.1,203,51.3,0.0,6.2,20050401,0.0,4,1,9.1,0.9,17.1,2005
91,2005-04-02,0.0,-0.2,203,57.6,0.0,8.0,20050402,0.0,4,2,9.9,1.5,19.7,2005
92,2005-04-03,2.0,5.0,203,73.3,0.0,6.8,20050403,0.0,4,3,8.5,2.2,14.3,2005
93,2005-04-04,0.0,-1.1,203,57.4,0.0,9.7,20050404,0.0,4,4,8.7,1.9,17.1,2005
94,2005-04-05,0.0,1.3,203,53.3,0.0,9.6,20050405,0.0,4,5,12.6,1.4,24.0,2005
95,2005-04-06,2.0,2.4,203,81.4,0.0,0.2,20050406,0.0,4,6,12.1,1.7,21.5,2005
96,2005-04-07,0.0,9.8,203,83.3,0.0,0.4,20050407,0.0,4,7,14.0,1.9,16.1,2005
97,2005-04-08,0.0,3.5,203,67.0,0.0,7.8,20050408,0.0,4,8,13.3,0.7,23.7,2005
98,2005-04-09,21.0,6.4,203,84.4,0.0,0.3,20050409,0.0,4,9,12.0,1.2,15.6,2005
99,2005-04-10,22.5,9.0,203,83.3,0.0,4.2,20050410,0.0,4,10,12.4,2.0,18.3,2005
100,2005-04-11,0.0,7.1,203,66.3,0.0,9.6,20050411,0.0,4,11,12.5,1.1,17.8,2005
101,2005-04-12,0.0,6.8,203,73.8,0.0,5.1,20050412,0.0,4,12,11.0,1.4,16.6,2005
102,2005-04-13,0.0,5.5,203,60.6,0.0,10.4,20050413,0.0,4,13,10.8,2.3,17.7,2005
103,2005-04-14,0.0,1.7,203,60.6,0.0,9.2,20050414,0.0,4,14,10.5,2.8,19.0,2005
104,2005-04-15,0.0,2.0,203,48.5,0.0,11.2,20050415,0.0,4,15,9.9,1.8,17.8,2005
105,2005-04-16,0.0,-0.1,203,47.1,0.0,11.1,20050416,0.0,4,16,10.0,1.6,20.1,2005
106,2005-04-17,0.0,1.6,203,52.8,0.0,8.7,20050417,0.0,4,17,13.2,0.9,22.2,2005
107,2005-04-18,2.5,9.3,203,75.5,0.0,4.3,20050418,0.0,4,18,14.8,1.1,21.5,2005
108,2005-04-19,14.0,9.6,203,75.4,0.0,5.1,20050419,0.0,4,19,16.1,1.4,24.7,2005
109,2005-04-20,6.5,8.6,203,58.1,0.0,10.1,20050420,0.0,4,20,11.8,3.6,15.6,2005
110,2005-04-21,0.0,5.9,203,60.9,0.0,10.3,20050421,0.0,4,21,11.0,2.9,17.0,2005
111,2005-04-22,0.0,3.7,203,53.8,0.0,11.1,20050422,0.0,4,22,11.6,2.6,19.2,2005
112,2005-04-23,0.0,2.7,203,59.9,0.0,11.3,20050423,0.0,4,23,12.4,1.4,21.5,2005
113,2005-04-24,0.0,5.0,203,59.6,0.0,9.2,20050424,0.0,4,24,14.0,1.7,23.1,2005
114,2005-04-25,0.0,8.3,203,60.9,0.0,10.7,20050425,0.0,4,25,14.8,1.9,22.2,2005
115,2005-04-26,0.0,6.8,203,55.5,0.0,11.2,20050426,0.0,4,26,15.7,1.9,23.2,2005
116,2005-04-27,0.0,7.0,203,59.3,0.0,5.7,20050427,0.0,4,27,16.8,2.3,25.2,2005
117,2005-04-28,0.0,16.2,203,67.3,0.0,9.1,20050428,0.0,4,28,21.1,3.0,29.6,2005
118,2005-04-29,0.0,15.3,203,67.1,0.0,8.9,20050429,0.0,4,29,20.4,1.5,27.8,2005
119,2005-04-30,0.0,17.0,203,63.8,0.0,7.6,20050430,0.0,4,30,24.2,1.1,32.5,2005
120,2005-05-01,1.5,17.7,203,76.5,0.0,4.3,20050501,0.0,5,1,21.8,1.4,27.2,2005
121,2005-05-02,0.0,11.0,203,44.5,0.0,11.3,20050502,0.0,5,2,19.2,1.5,27.3,2005
122,2005-05-03,0.0,6.9,203,41.9,0.0,11.9,20050503,0.0,5,3,18.4,1.4,29.7,2005
123,2005-05-04,0.0,7.8,203,39.6,0.0,10.8,20050504,0.0,5,4,19.2,0.9,29.2,2005
124,2005-05-05,7.5,9.8,203,70.1,0.0,5.9,20050505,0.0,5,5,18.8,1.6,27.2,2005
125,2005-05-06,21.5,9.3,203,96.3,0.0,0.0,20050506,0.0,5,6,12.4,3.5,16.0,2005
126,2005-05-07,0.0,5.1,203,78.0,0.0,10.6,20050507,0.0,5,7,13.2,1.6,18.7,2005
127,2005-05-08,0.0,9.6,203,85.9,0.0,0.4,20050508,0.0,5,8,13.5,1.4,16.5,2005
128,2005-05-09,0.0,6.8,203,67.6,0.0,12.1,20050509,0.0,5,9,13.0,2.3,20.2,2005
129,2005-05-10,0.0,5.4,203,64.8,0.0,11.1,20050510,0.0,5,10,13.6,1.3,21.2,2005
130,2005-05-11,6.0,9.4,203,80.8,0.0,3.0,20050511,0.0,5,11,14.1,1.0,22.0,2005
131,2005-05-12,5.5,11.3,203,85.3,0.0,5.5,20050512,0.0,5,12,14.4,1.2,22.6,2005
132,2005-05-13,0.0,8.3,203,68.3,0.0,10.6,20050513,0.0,5,13,16.1,1.0,23.2,2005
133,2005-05-14,0.0,10.6,203,75.4,0.0,9.4,20050514,0.0,5,14,16.9,1.3,24.2,2005
134,2005-05-15,0.0,10.6,203,65.5,0.0,11.1,20050515,0.0,5,15,19.0,1.2,26.3,2005
135,2005-05-16,0.0,11.8,203,60.4,0.0,9.5,20050516,0.0,5,16,20.1,1.0,27.2,2005
136,2005-05-17,12.0,15.6,203,74.5,0.0,3.0,20050517,0.0,5,17,19.3,1.3,25.3,2005
137,2005-05-18,6.0,13.1,203,92.3,0.0,0.5,20050518,0.0,5,18,15.5,2.7,19.2,2005
138,2005-05-19,0.0,9.8,203,72.8,0.0,10.4,20050519,0.0,5,19,16.9,1.8,25.5,2005
139,2005-05-20,0.0,9.1,203,57.1,0.0,11.6,20050520,0.0,5,20,18.0,1.6,26.7,2005
140,2005-05-21,0.0,9.6,203,58.5,0.0,9.3,20050521,0.0,5,21,17.2,0.9,24.2,2005
141,2005-05-22,0.5,12.0,203,81.8,0.0,1.9,20050522,0.0,5,22,15.3,0.8,20.7,2005
142,2005-05-23,0.0,12.5,203,72.8,0.0,9.2,20050523,0.0,5,23,16.4,2.0,22.3,2005
143,2005-05-24,0.0,9.8,203,68.6,0.0,9.6,20050524,0.0,5,24,17.1,1.6,23.8,2005
144,2005-05-25,0.0,9.6,203,65.1,0.0,10.0,20050525,0.0,5,25,18.6,1.5,26.7,2005
145,2005-05-26,0.0,13.1,203,65.8,0.0,11.3,20050526,0.0,5,26,20.3,1.8,27.2,2005
146,2005-05-27,0.0,12.3,203,61.1,0.0,10.3,20050527,0.0,5,27,20.6,1.2,29.0,2005
147,2005-05-28,0.0,12.1,203,61.6,0.0,9.5,20050528,0.0,5,28,20.9,0.9,29.8,2005
148,2005-05-29,0.0,13.6,203,60.4,0.0,11.2,20050529,0.0,5,29,22.8,0.9,30.8,2005
149,2005-05-30,0.0,15.5,203,60.0,0.0,10.6,20050530,0.0,5,30,21.8,1.2,28.7,2005
150,2005-05-31,0.0,11.6,203,59.9,0.0,11.0,20050531,0.0,5,31,20.0,1.1,29.2,2005
151,2005-06-01,1.5,11.0,203,72.8,0.0,6.6,20050601,0.0,6,1,19.2,1.8,25.7,2005
152,2005-06-02,13.5,16.2,203,92.9,0.0,2.6,20050602,0.0,6,2,18.8,1.0,23.1,2005
153,2005-06-03,0.0,15.6,203,80.9,0.0,8.9,20050603,0.0,6,3,19.5,1.6,24.7,2005
154,2005-06-04,0.0,15.5,203,78.4,0.0,6.6,20050604,0.0,6,4,20.0,1.1,26.3,2005
155,2005-06-05,0.0,13.3,203,62.6,0.0,12.3,20050605,0.0,6,5,22.6,1.0,30.1,2005
156,2005-06-06,0.0,15.8,203,71.3,0.0,8.2,20050606,0.0,6,6,22.3,0.8,28.6,2005
157,2005-06-07,0.0,17.8,203,79.1,0.0,2.5,20050607,0.0,6,7,21.9,0.8,27.3,2005
158,2005-06-08,0.0,16.7,203,68.4,0.0,9.3,20050608,0.0,6,8,23.4,1.0,29.7,2005
159,2005-06-09,0.0,16.7,203,74.1,0.0,7.0,20050609,0.0,6,9,23.4,0.7,28.8,2005
160,2005-06-10,14.5,17.5,203,94.6,0.0,0.0,20050610,0.0,6,10,19.0,1.1,22.7,2005
161,2005-06-11,0.0,15.6,203,76.1,0.0,11.3,20050611,0.0,6,11,22.1,1.5,29.5,2005
162,2005-06-12,0.0,17.6,203,75.8,0.0,8.8,20050612,0.0,6,12,22.7,1.6,29.1,2005
163,2005-06-13,0.0,17.1,203,73.6,0.0,8.2,20050613,0.0,6,13,24.1,0.7,31.8,2005
164,2005-06-14,0.0,19.2,203,75.0,0.0,8.7,20050614,0.0,6,14,24.7,1.3,32.0,2005
165,2005-06-15,21.0,16.2,203,80.5,0.0,5.4,20050615,0.0,6,15,20.7,1.5,26.1,2005
166,2005-06-16,0.5,15.3,203,84.0,0.0,8.4,20050616,0.0,6,16,21.0,0.9,27.0,2005
167,2005-06-17,0.0,19.6,203,77.0,0.0,8.0,20050617,0.0,6,17,23.4,1.4,28.5,2005
168,2005-06-18,0.0,20.0,203,76.9,0.0,7.3,20050618,0.0,6,18,23.7,1.2,28.6,2005
169,2005-06-19,0.0,18.3,203,78.1,0.0,7.0,20050619,0.0,6,19,23.0,1.0,28.7,2005
170,2005-06-20,0.0,18.1,203,77.6,0.0,7.5,20050620,0.0,6,20,23.9,1.2,30.3,2005
171,2005-06-21,0.0,19.8,203,74.5,0.0,8.8,20050621,0.0,6,21,24.7,1.2,30.5,2005
172,2005-06-22,0.0,21.2,203,77.8,0.0,8.1,20050622,0.0,6,22,24.9,1.4,30.1,2005
173,2005-06-23,0.0,21.5,203,75.0,0.0,7.5,20050623,0.0,6,23,25.6,1.5,31.2,2005
174,2005-06-24,0.0,20.3,203,75.6,0.0,8.1,20050624,0.0,6,24,26.2,1.2,33.2,2005
175,2005-06-25,0.0,20.7,203,75.0,0.0,6.4,20050625,0.0,6,25,26.2,0.9,31.7,2005
176,2005-06-26,37.0,21.1,203,89.9,0.0,3.5,20050626,0.0,6,26,24.8,1.1,30.2,2005
177,2005-06-27,42.0,22.7,203,94.5,0.0,0.0,20050627,0.0,6,27,24.4,2.4,25.7,2005
178,2005-06-28,0.0,21.1,203,82.3,0.0,4.9,20050628,0.0,6,28,24.5,1.0,29.2,2005
179,2005-06-29,23.5,21.5,203,93.9,0.0,0.5,20050629,0.0,6,29,24.0,1.1,27.1,2005
180,2005-06-30,0.0,24.5,203,80.0,0.0,7.2,20050630,0.0,6,30,27.9,1.7,32.2,2005
181,2005-07-01,72.5,21.6,203,92.3,0.0,0.5,20050701,0.0,7,1,22.9,1.5,26.2,2005
182,2005-07-02,0.0,22.1,203,93.1,0.0,0.2,20050702,0.0,7,2,24.5,0.8,26.7,2005
183,2005-07-03,26.0,21.0,203,97.6,0.0,0.0,20050703,0.0,7,3,22.0,1.0,24.8,2005
184,2005-07-04,0.5,20.8,203,81.6,0.0,9.1,20050704,0.0,7,4,24.9,1.4,30.1,2005
185,2005-07-05,0.0,20.3,203,85.6,0.0,2.1,20050705,0.0,7,5,23.7,1.2,27.0,2005
186,2005-07-06,0.0,21.7,203,82.9,0.0,5.8,20050706,0.0,7,6,25.1,1.1,30.2,2005
187,2005-07-07,27.5,21.5,203,87.6,0.0,5.7,20050707,0.0,7,7,24.0,1.6,29.2,2005
188,2005-07-08,0.5,21.3,203,83.5,0.0,8.2,20050708,0.0,7,8,25.0,1.4,29.7,2005
189,2005-07-09,16.5,22.0,203,97.0,0.0,0.0,20050709,0.0,7,9,22.8,1.1,23.7,2005
190,2005-07-10,0.0,21.2,203,91.3,0.0,1.7,20050710,0.0,7,10,23.8,0.6,26.8,2005
191,2005-07-11,53.0,19.3,203,98.8,0.0,0.0,20050711,0.0,7,11,20.3,1.5,22.7,2005
192,2005-07-12,0.0,19.0,203,85.0,0.0,6.2,20050712,0.0,7,12,23.4,0.5,28.7,2005
193,2005-07-13,2.0,21.2,203,87.9,0.0,4.1,20050713,0.0,7,13,24.0,1.2,28.0,2005
194,2005-07-14,0.0,20.7,203,81.3,0.0,7.7,20050714,0.0,7,14,25.6,1.1,30.3,2005
195,2005-07-15,0.0,21.1,203,81.1,0.0,9.3,20050715,0.0,7,15,26.5,1.0,31.8,2005
196,2005-07-16,0.0,23.3,203,85.1,0.0,4.1,20050716,0.0,7,16,26.7,0.9,31.1,2005
197,2005-07-17,1.0,22.2,203,92.5,0.0,3.1,20050717,0.0,7,17,24.6,0.8,28.8,2005
198,2005-07-18,0.0,22.7,203,81.9,0.0,8.7,20050718,0.0,7,18,27.1,1.1,32.7,2005
199,2005-07-19,0.0,24.0,203,82.0,0.0,8.9,20050719,0.0,7,19,27.6,1.2,32.5,2005
200,2005-07-20,0.0,23.2,203,84.5,0.0,7.8,20050720,0.0,7,20,27.4,1.3,33.0,2005
201,2005-07-21,0.0,22.2,203,85.9,0.0,6.2,20050721,0.0,7,21,27.1,1.3,33.4,2005
202,2005-07-22,0.0,20.8,203,77.0,0.0,7.8,20050722,0.0,7,22,28.3,0.8,34.7,2005
203,2005-07-23,0.0,24.2,203,74.0,0.0,8.4,20050723,0.0,7,23,29.9,0.7,35.7,2005
204,2005-07-24,2.5,24.5,203,73.1,0.0,8.3,20050724,0.0,7,24,28.7,1.0,34.2,2005
205,2005-07-25,0.5,23.2,203,76.4,0.0,7.9,20050725,0.0,7,25,27.6,0.6,32.5,2005
206,2005-07-26,1.5,22.7,203,76.0,0.0,6.3,20050726,0.0,7,26,26.5,1.0,32.7,2005
207,2005-07-27,0.0,23.3,203,75.1,0.0,3.8,20050727,0.0,7,27,27.0,1.1,31.7,2005
208,2005-07-28,87.0,22.7,203,87.1,0.0,0.0,20050728,0.0,7,28,24.2,1.3,26.7,2005
209,2005-07-29,0.0,22.0,203,75.5,0.0,9.3,20050729,0.0,7,29,26.1,1.4,30.7,2005
210,2005-07-30,0.0,23.3,203,74.0,0.0,7.2,20050730,0.0,7,30,27.0,1.3,31.5,2005
211,2005-07-31,0.5,21.7,203,79.0,0.0,5.1,20050731,0.0,7,31,26.0,0.6,31.1,2005
212,2005-08-01,43.5,23.6,203,84.5,0.0,3.0,20050801,0.0,8,1,25.8,1.8,29.6,2005
213,2005-08-02,2.5,23.2,203,84.9,0.0,0.9,20050802,0.0,8,2,26.0,1.0,30.1,2005
214,2005-08-03,27.5,23.7,203,87.1,0.0,0.3,20050803,0.0,8,3,25.1,1.2,28.1,2005
215,2005-08-04,2.0,22.6,203,80.8,0.0,6.6,20050804,0.0,8,4,27.5,0.8,34.2,2005
216,2005-08-05,0.0,24.6,203,74.5,0.0,9.3,20050805,0.0,8,5,28.8,0.7,35.2,2005
217,2005-08-06,24.5,22.6,203,72.9,0.0,10.8,20050806,0.0,8,6,28.5,1.2,35.0,2005
218,2005-08-07,0.0,22.3,203,80.1,0.0,5.8,20050807,0.0,8,7,26.6,0.7,31.8,2005
219,2005-08-08,3.0,23.2,203,81.9,0.0,4.6,20050808,0.0,8,8,26.4,1.2,30.6,2005
220,2005-08-09,0.0,24.3,203,75.6,0.0,4.2,20050809,0.0,8,9,27.1,2.1,31.3,2005
221,2005-08-10,25.5,22.2,203,87.9,0.0,1.8,20050810,0.0,8,10,24.2,1.3,29.2,2005
222,2005-08-11,72.5,23.2,203,89.5,0.0,0.8,20050811,0.0,8,11,24.0,1.2,26.0,2005
223,2005-08-12,8.0,23.7,203,80.9,0.0,2.3,20050812,0.0,8,12,26.6,1.5,29.8,2005
224,2005-08-13,0.0,23.8,203,76.0,0.0,7.3,20050813,0.0,8,13,28.0,1.3,33.0,2005
225,2005-08-14,0.0,25.2,203,74.0,0.0,8.8,20050814,0.0,8,14,28.3,1.4,32.9,2005
226,2005-08-15,0.0,25.2,203,80.6,0.0,4.3,20050815,0.0,8,15,27.2,1.0,30.7,2005
227,2005-08-16,0.0,23.8,203,77.5,0.0,6.1,20050816,0.0,8,16,27.9,1.0,33.4,2005
228,2005-08-17,3.5,23.2,203,80.1,0.0,5.0,20050817,0.0,8,17,27.3,0.9,34.2,2005
229,2005-08-18,0.5,22.5,203,85.1,0.0,4.0,20050818,0.0,8,18,24.1,0.9,30.7,2005
230,2005-08-19,15.5,19.7,203,86.5,0.0,0.0,20050819,0.0,8,19,22.2,2.1,24.5,2005
231,2005-08-20,0.5,18.8,203,71.9,0.0,4.2,20050820,0.0,8,20,22.5,2.4,27.5,2005
232,2005-08-21,0.0,20.2,203,68.5,0.0,7.1,20050821,0.0,8,21,23.9,1.8,29.2,2005
233,2005-08-22,36.5,19.6,203,83.9,0.0,1.3,20050822,0.0,8,22,21.4,1.1,25.2,2005
234,2005-08-23,0.0,16.2,203,64.6,0.0,11.7,20050823,0.0,8,23,22.5,1.4,29.6,2005
235,2005-08-24,7.0,15.0,203,73.5,0.0,2.8,20050824,0.0,8,24,19.8,1.7,24.8,2005
236,2005-08-25,34.0,17.3,203,88.5,0.0,0.0,20050825,0.0,8,25,18.7,2.1,19.6,2005
237,2005-08-26,0.0,16.5,203,74.8,0.0,8.9,20050826,0.0,8,26,21.9,1.3,27.0,2005
238,2005-08-27,0.0,18.7,203,73.3,0.0,7.9,20050827,0.0,8,27,23.1,0.8,29.6,2005
239,2005-08-28,0.0,17.2,203,78.5,0.0,5.2,20050828,0.0,8,28,22.2,0.9,28.1,2005
240,2005-08-29,0.0,18.7,203,75.9,0.0,7.3,20050829,0.0,8,29,24.1,0.7,29.7,2005
241,2005-08-30,0.0,20.8,203,80.4,0.0,1.9,20050830,0.0,8,30,23.7,0.8,27.8,2005
242,2005-08-31,0.0,18.7,203,78.3,0.0,6.7,20050831,0.0,8,31,24.3,0.4,31.3,2005
243,2005-09-01,0.0,22.1,203,76.0,0.0,7.0,20050901,0.0,9,1,27.2,1.3,32.9,2005
244,2005-09-02,1.0,23.3,203,81.1,0.0,1.9,20050902,0.0,9,2,25.8,1.4,28.3,2005
245,2005-09-03,0.5,20.2,203,76.8,0.0,4.0,20050903,0.0,9,3,23.4,1.0,27.3,2005
246,2005-09-04,0.0,18.2,203,69.5,0.0,5.0,20050904,0.0,9,4,22.0,2.0,27.0,2005
247,2005-09-05,0.0,15.6,203,55.8,0.0,11.5,20050905,0.0,9,5,21.6,3.1,27.6,2005
248,2005-09-06,0.0,18.8,203,57.5,0.0,5.0,20050906,0.0,9,6,22.0,4.6,25.0,2005
249,2005-09-07,0.0,19.2,203,62.4,0.0,8.2,20050907,0.0,9,7,23.7,1.7,29.0,2005
250,2005-09-08,0.0,17.7,203,73.4,0.0,8.7,20050908,0.0,9,8,23.5,0.4,29.7,2005
251,2005-09-09,3.0,19.8,203,80.9,0.0,0.2,20050909,0.0,9,9,22.0,1.0,25.1,2005
252,2005-09-10,9.0,19.2,203,80.6,0.0,6.9,20050910,0.0,9,10,23.1,0.8,28.7,2005
253,2005-09-11,0.0,20.2,203,75.8,0.0,7.8,20050911,0.0,9,11,25.1,0.5,31.7,2005
254,2005-09-12,0.0,21.7,203,76.8,0.0,5.0,20050912,0.0,9,12,25.6,0.3,30.7,2005
255,2005-09-13,77.0,17.3,203,82.3,0.0,1.0,20050913,0.0,9,13,21.8,2.3,27.8,2005
256,2005-09-14,0.5,16.2,203,73.3,0.0,8.2,20050914,0.0,9,14,20.4,1.1,25.7,2005
257,2005-09-15,0.0,14.1,203,70.8,0.0,10.7,20050915,0.0,9,15,19.7,1.0,26.7,2005
258,2005-09-16,0.0,15.3,203,71.8,0.0,9.0,20050916,0.0,9,16,21.3,1.0,27.3,2005
259,2005-09-17,25.5,20.0,203,83.6,0.0,0.0,20050917,0.0,9,17,22.5,1.3,24.2,2005
260,2005-09-18,15.0,20.2,203,77.3,0.0,7.4,20050918,0.0,9,18,23.0,1.0,28.5,2005
261,2005-09-19,0.5,18.0,203,84.3,0.0,0.0,20050919,0.0,9,19,20.5,0.7,23.2,2005
262,2005-09-20,0.0,15.8,203,81.4,0.0,1.7,20050920,0.0,9,20,19.5,0.7,23.2,2005
263,2005-09-21,75.0,13.8,203,88.5,0.0,0.0,20050921,0.0,9,21,15.6,2.3,19.7,2005
264,2005-09-22,14.0,15.1,203,87.5,0.0,0.0,20050922,0.0,9,22,17.3,1.1,19.3,2005
265,2005-09-23,6.0,16.2,203,78.4,0.0,5.3,20050923,0.0,9,23,19.7,0.8,25.1,2005
266,2005-09-24,0.0,14.6,203,73.4,0.0,9.1,20050924,0.0,9,24,20.1,1.0,26.2,2005
267,2005-09-25,0.0,14.8,203,70.6,0.0,8.1,20050925,0.0,9,25,19.5,0.8,25.5,2005
268,2005-09-26,0.0,16.2,203,71.5,0.0,8.8,20050926,0.0,9,26,20.1,0.6,26.3,2005
269,2005-09-27,0.0,14.8,203,75.3,0.0,7.9,20050927,0.0,9,27,18.8,0.6,25.7,2005
270,2005-09-28,0.0,12.3,203,73.4,0.0,7.6,20050928,0.0,9,28,17.6,0.6,26.1,2005
271,2005-09-29,0.0,11.5,203,73.5,0.0,5.6,20050929,0.0,9,29,18.5,0.8,25.8,2005
272,2005-09-30,47.5,15.8,203,90.0,0.0,0.0,20050930,0.0,9,30,17.5,0.9,20.3,2005
273,2005-10-01,18.0,19.5,203,86.3,0.0,0.1,20051001,0.0,10,1,21.0,0.7,23.3,2005
274,2005-10-02,0.0,14.6,203,65.9,0.0,4.9,20051002,0.0,10,2,20.0,1.2,25.7,2005
275,2005-10-03,0.5,12.6,203,71.9,0.0,3.1,20051003,0.0,10,3,16.2,0.8,21.6,2005
276,2005-10-04,0.0,10.3,203,79.1,0.0,6.3,20051004,0.0,10,4,14.4,0.8,20.2,2005
277,2005-10-05,0.5,9.1,203,82.9,0.0,5.4,20051005,0.0,10,5,12.8,0.5,21.7,2005
278,2005-10-06,0.0,7.3,203,77.9,0.0,7.4,20051006,0.0,10,6,14.2,0.5,23.2,2005
279,2005-10-07,12.0,13.1,203,91.6,0.0,0.0,20051007,0.0,10,7,14.0,0.4,14.6,2005
280,2005-10-08,0.0,11.3,203,79.3,0.0,5.0,20051008,0.0,10,8,15.7,0.7,21.7,2005
281,2005-10-09,0.0,10.8,203,84.6,0.0,5.8,20051009,0.0,10,9,14.2,0.6,21.2,2005
282,2005-10-10,0.0,9.8,203,77.5,0.0,7.0,20051010,0.0,10,10,15.3,0.5,23.2,2005
283,2005-10-11,0.0,9.6,203,76.4,0.0,7.8,20051011,0.0,10,11,14.6,0.6,22.7,2005
284,2005-10-12,0.0,9.0,203,77.3,0.0,7.8,20051012,0.0,10,12,14.6,0.7,23.2,2005
285,2005-10-13,0.0,8.8,203,78.4,0.0,5.3,20051013,0.0,10,13,15.8,0.6,22.2,2005
286,2005-10-14,0.5,7.0,203,62.4,0.0,7.4,20051014,0.0,10,14,14.5,1.4,20.1,2005
287,2005-10-15,0.0,6.8,203,67.1,0.0,7.8,20051015,0.0,10,15,12.6,1.1,20.3,2005
288,2005-10-16,0.0,5.1,203,74.3,0.0,7.0,20051016,0.0,10,16,11.4,0.7,20.7,2005
289,2005-10-17,0.0,4.6,203,77.6,0.0,7.6,20051017,0.0,10,17,12.8,0.6,21.6,2005
290,2005-10-18,0.0,10.1,203,78.6,0.0,5.1,20051018,0.0,10,18,14.3,0.5,20.3,2005
291,2005-10-19,0.0,8.3,203,78.8,0.0,7.0,20051019,0.0,10,19,13.9,0.5,22.2,2005
292,2005-10-20,0.0,8.8,203,77.9,0.0,6.4,20051020,0.0,10,20,13.3,0.4,21.7,2005
293,2005-10-21,15.5,8.5,203,89.5,0.0,0.0,20051021,0.0,10,21,10.9,1.0,13.8,2005
294,2005-10-22,0.0,3.0,203,59.4,0.0,9.6,20051022,0.0,10,22,7.9,1.5,13.3,2005
295,2005-10-23,0.0,-0.6,203,71.9,0.0,7.4,20051023,0.0,10,23,6.7,0.7,16.2,2005
296,2005-10-24,0.0,1.1,203,76.9,0.0,7.6,20051024,0.0,10,24,9.6,0.6,19.3,2005
297,2005-10-25,0.0,5.6,203,77.6,0.0,6.6,20051025,0.0,10,25,11.0,0.3,18.7,2005
298,2005-10-26,0.0,4.9,203,77.6,0.0,7.7,20051026,0.0,10,26,12.4,0.4,21.2,2005
299,2005-10-27,0.0,6.6,203,84.1,0.0,4.4,20051027,0.0,10,27,11.5,0.4,19.7,2005
300,2005-10-28,0.0,8.5,203,72.6,0.0,4.5,20051028,0.0,10,28,11.7,1.3,18.2,2005
301,2005-10-29,0.0,3.4,203,63.9,0.0,8.6,20051029,0.0,10,29,9.3,1.2,14.8,2005
302,2005-10-30,0.0,2.2,203,72.5,0.0,4.3,20051030,0.0,10,30,6.8,0.8,12.6,2005
303,2005-10-31,0.0,-1.2,203,72.1,0.0,7.2,20051031,0.0,10,31,6.7,0.7,16.5,2005
304,2005-11-01,0.0,2.5,203,76.5,0.0,4.1,20051101,0.0,11,1,9.3,0.5,17.2,2005
305,2005-11-02,0.0,7.5,203,70.8,0.0,5.6,20051102,0.0,11,2,12.5,0.7,19.2,2005
306,2005-11-03,0.0,8.3,203,73.1,0.0,5.8,20051103,0.0,11,3,14.2,0.5,21.6,2005
307,2005-11-04,0.0,7.3,203,80.5,0.0,5.2,20051104,0.0,11,4,13.1,0.3,20.6,2005
308,2005-11-05,7.0,7.5,203,80.5,0.0,3.1,20051105,0.0,11,5,13.9,0.3,19.7,2005
309,2005-11-06,22.5,8.6,203,79.8,0.0,1.6,20051106,0.0,11,6,14.5,1.5,19.8,2005
310,2005-11-07,0.0,2.4,203,56.1,0.0,8.6,20051107,0.0,11,7,10.1,1.1,16.5,2005
311,2005-11-08,0.0,3.7,203,48.4,0.0,7.5,20051108,0.0,11,8,9.4,2.1,14.8,2005
312,2005-11-09,0.0,0.2,203,65.3,0.0,8.4,20051109,0.0,11,9,8.1,0.8,16.2,2005
313,2005-11-10,0.0,3.0,203,76.8,0.0,3.3,20051110,0.0,11,10,11.2,0.9,19.1,2005
314,2005-11-11,0.0,4.6,203,57.4,0.0,0.7,20051111,0.0,11,11,12.1,1.1,17.0,2005
315,2005-11-12,0.0,2.0,203,46.1,0.0,8.4,20051112,0.0,11,12,8.1,1.0,15.6,2005
316,2005-11-13,0.0,-0.1,203,62.3,0.0,2.9,20051113,0.0,11,13,7.3,0.6,12.6,2005
317,2005-11-14,0.0,2.2,203,43.6,0.0,8.0,20051114,0.0,11,14,6.7,1.3,12.3,2005
318,2005-11-15,0.0,-3.9,203,49.1,0.0,8.8,20051115,0.0,11,15,2.9,1.3,9.5,2005
319,2005-11-16,0.0,-5.3,203,60.8,0.0,8.3,20051116,0.0,11,16,1.0,0.7,9.6,2005
320,2005-11-17,0.0,-6.3,203,59.5,0.0,8.2,20051117,0.0,11,17,1.8,1.0,10.0,2005
321,2005-11-18,0.0,-1.7,203,47.6,0.0,8.7,20051118,0.0,11,18,3.4,1.4,9.8,2005
322,2005-11-19,0.0,-5.4,203,62.8,0.0,8.0,20051119,0.0,11,19,0.5,0.7,8.0,2005
323,2005-11-20,0.0,-6.5,203,68.5,0.0,8.0,20051120,0.0,11,20,0.9,0.6,9.8,2005
324,2005-11-21,1.0,-2.4,203,74.0,0.0,4.9,20051121,0.0,11,21,3.6,1.2,11.3,2005
325,2005-11-22,0.0,-3.2,203,59.0,0.0,8.4,20051122,0.0,11,22,3.5,1.1,10.3,2005
326,2005-11-23,0.0,0.1,203,68.9,0.0,4.6,20051123,0.0,11,23,6.7,1.1,13.8,2005
327,2005-11-24,0.0,0.0,203,85.5,0.0,2.5,20051124,0.0,11,24,4.4,0.5,11.3,2005
328,2005-11-25,0.0,-3.0,203,79.6,0.0,4.4,20051125,0.0,11,25,3.9,0.6,13.1,2005
329,2005-11-26,0.5,-3.2,203,88.5,0.0,4.9,20051126,0.0,11,26,4.0,0.4,12.0,2005
330,2005-11-27,4.0,1.7,203,84.8,0.0,2.0,20051127,0.0,11,27,6.2,0.8,13.3,2005
331,2005-11-28,6.0,-0.3,203,80.1,0.0,1.8,20051128,0.0,11,28,5.1,1.7,12.3,2005
332,2005-11-29,0.0,-1.5,203,63.8,0.0,6.0,20051129,0.0,11,29,3.4,1.7,7.9,2005
333,2005-11-30,0.0,-2.2,203,61.3,0.0,8.5,20051130,0.0,11,30,2.2,0.8,8.8,2005
334,2005-12-01,0.0,-3.4,203,83.9,0.0,3.5,20051201,0.0,12,1,2.2,0.5,8.1,2005
335,2005-12-02,0.0,-2.4,203,56.3,0.0,7.9,20051202,0.0,12,2,1.7,1.9,6.3,2005
336,2005-12-03,0.2,-6.3,203,56.1,0.5,6.0,20051203,0.0,12,3,-0.3,1.1,5.0,2005
337,2005-12-04,4.0,-8.6,203,65.4,4.7,8.0,20051204,0.0,12,4,-3.7,2.2,-0.8,2005
338,2005-12-05,0.0,-11.3,203,69.3,0.0,7.9,20051205,0.0,12,5,-6.2,1.0,-0.8,2005
339,2005-12-06,0.0,-12.1,203,79.0,0.0,5.2,20051206,0.0,12,6,-5.0,0.5,2.2,2005
340,2005-12-07,0.0,-10.3,203,81.5,0.0,4.5,20051207,0.0,12,7,-3.6,0.9,2.4,2005
341,2005-12-08,0.0,-9.8,203,71.1,0.0,7.5,20051208,0.0,12,8,-3.6,1.1,2.0,2005
342,2005-12-09,0.0,-10.6,203,74.5,0.0,5.8,20051209,0.0,12,9,-3.7,0.6,3.2,2005
343,2005-12-10,0.0,-6.3,203,57.0,0.0,5.4,20051210,0.0,12,10,-1.7,1.4,4.1,2005
344,2005-12-11,0.0,-8.6,203,51.0,0.0,7.6,20051211,0.0,12,11,-5.5,1.6,-0.8,2005
345,2005-12-12,0.0,-10.6,203,57.1,0.0,8.2,20051212,0.0,12,12,-7.2,1.9,-3.2,2005
346,2005-12-13,0.0,-12.6,203,58.8,0.0,8.2,20051213,0.0,12,13,-7.8,1.5,-2.9,2005
347,2005-12-14,0.0,-13.0,203,68.0,0.0,8.0,20051214,0.0,12,14,-6.4,1.3,0.2,2005
348,2005-12-15,0.0,-13.1,203,73.0,0.0,7.7,20051215,0.0,12,15,-5.2,1.2,1.2,2005
349,2005-12-16,0.0,-11.8,203,69.5,0.0,5.3,20051216,0.0,12,16,-4.6,0.9,1.7,2005
350,2005-12-17,0.0,-13.3,203,43.9,0.0,6.8,20051217,0.0,12,17,-8.8,2.8,-4.5,2005
351,2005-12-18,0.6,-17.5,203,84.6,1.0,0.5,20051218,0.0,12,18,-12.9,0.7,-7.4,2005
352,2005-12-19,0.1,-16.2,203,86.3,0.3,6.1,20051219,0.0,12,19,-9.0,0.3,-0.8,2005
353,2005-12-20,0.0,-14.1,203,72.6,0.0,5.9,20051220,0.0,12,20,-5.8,0.4,1.3,2005
354,2005-12-21,1.6,-10.0,203,70.1,2.5,5.7,20051221,0.0,12,21,-6.0,1.9,-1.3,2005
355,2005-12-22,0.7,-12.1,203,69.6,1.2,7.0,20051222,0.0,12,22,-6.3,1.4,-1.2,2005
356,2005-12-23,0.1,-5.8,203,73.9,0.3,2.8,20051223,0.0,12,23,-2.7,1.3,2.4,2005
357,2005-12-24,0.0,-9.8,203,55.1,0.0,8.1,20051224,0.0,12,24,-4.5,1.4,0.6,2005
358,2005-12-25,0.1,-6.3,203,61.0,0.3,3.9,20051225,0.0,12,25,-2.7,1.5,4.8,2005
359,2005-12-26,0.0,-9.6,203,51.4,0.0,8.3,20051226,0.0,12,26,-6.4,1.8,-2.0,2005
360,2005-12-27,0.0,-14.8,203,62.5,0.0,8.2,20051227,0.0,12,27,-7.6,1.1,0.1,2005
361,2005-12-28,0.0,-15.3,203,72.4,0.0,7.5,20051228,0.0,12,28,-7.4,0.6,0.6,2005
362,2005-12-29,0.0,-13.1,203,76.9,0.0,5.4,20051229,0.0,12,29,-6.9,0.2,1.1,2005
363,2005-12-30,0.2,-9.5,203,89.4,0.4,0.9,20051230,0.0,12,30,-4.2,0.3,1.2,2005
364,2005-12-31,0.0,-9.8,203,78.6,0.0,3.9,20051231,0.0,12,31,-1.7,0.5,6.4,2005
