,year,rainfall,cloud,sunshine,humid,snow,tmax,day,tmin,wind,month,Date,tavg,date,station_id
0,2013,3.4,0.0,3.5,80.8,0.0,-0.8,1,-13.9,0.7,1,2013-01-01,-6.5,20130101,203
1,2013,0.1,0.0,8.8,41.0,0.0,-1.8,2,-13.9,2.3,1,2013-01-02,-10.1,20130102,203
2,2013,0.0,0.0,8.9,47.9,0.0,-6.8,3,-17.7,1.6,1,2013-01-03,-13.1,20130103,203
3,2013,0.0,0.0,8.6,61.8,0.0,-6.0,4,-22.5,0.6,1,2013-01-04,-14.5,20130104,203
4,2013,0.0,0.0,7.7,66.4,0.0,-4.0,5,-20.5,0.5,1,2013-01-05,-11.6,20130105,203
5,2013,0.0,0.0,7.5,66.9,0.0,0.4,6,-15.5,0.8,1,2013-01-06,-8.3,20130106,203
6,2013,0.0,0.0,5.8,67.0,0.0,0.1,7,-14.9,0.8,1,2013-01-07,-7.5,20130107,203
7,2013,0.0,0.0,6.8,59.6,0.0,1.7,8,-12.7,0.8,1,2013-01-08,-6.3,20130108,203
8,2013,0.0,0.0,8.9,40.9,0.0,-3.5,9,-12.2,1.4,1,2013-01-09,-8.5,20130109,203
9,2013,0.0,0.0,8.9,53.4,0.0,-1.7,10,-19.0,1.1,1,2013-01-10,-10.6,20130110,203
10,2013,0.0,0.0,7.8,63.3,0.0,0.1,11,-13.4,0.6,1,2013-01-11,-6.6,20130111,203
11,2013,0.0,0.0,0.1,72.3,0.0,3.4,12,-8.4,0.7,1,2013-01-12,-2.2,20130112,203
12,2013,0.0,0.0,0.0,76.3,0.0,3.1,13,-8.4,0.5,1,2013-01-13,-3.4,20130113,203
13,2013,0.0,0.0,4.8,70.9,0.0,3.1,14,-13.7,0.9,1,2013-01-14,-5.0,20130114,203
14,2013,0.0,0.0,4.9,74.3,0.0,2.3,15,-11.2,0.5,1,2013-01-15,-5.0,20130115,203
15,2013,0.0,0.0,0.7,76.5,0.0,1.4,16,-8.8,1.0,1,2013-01-16,-3.8,20130116,203
16,2013,0.0,0.0,4.5,66.0,0.0,-1.1,17,-8.3,1.4,1,2013-01-17,-5.1,20130117,203
17,2013,0.0,0.0,7.3,65.6,0.0,0.8,18,-14.9,1.0,1,2013-01-18,-6.5,20130118,203
18,2013,0.0,0.0,6.0,70.0,0.0,4.7,19,-6.8,0.6,1,2013-01-19,-2.5,20130119,203
19,2013,0.0,0.0,0.8,67.5,0.0,5.0,20,-8.4,0.7,1,2013-01-20,-1.2,20130120,203
20,2013,20.5,0.0,0.0,86.9,0.0,1.9,21,0.3,1.2,1,2013-01-21,1.4,20130121,203
21,2013,1.0,0.0,0.0,85.6,0.0,4.8,22,1.3,0.5,1,2013-01-22,2.5,20130122,203
22,2013,0.8,0.0,0.0,86.4,0.0,2.2,23,0.0,0.9,1,2013-01-23,1.0,20130123,203
23,2013,0.4,0.0,1.5,62.5,0.0,2.9,24,-5.5,2.5,1,2013-01-24,-0.7,20130124,203
24,2013,0.0,0.0,9.1,37.5,0.0,-4.6,25,-9.5,2.9,1,2013-01-25,-8.0,20130125,203
25,2013,0.0,0.0,9.2,45.1,0.0,-3.2,26,-12.7,1.8,1,2013-01-26,-8.9,20130126,203
26,2013,0.0,0.0,9.0,55.0,0.0,-2.2,27,-14.2,1.4,1,2013-01-27,-7.9,20130127,203
27,2013,0.0,0.0,5.5,63.9,0.0,0.4,28,-13.4,0.8,1,2013-01-28,-5.2,20130128,203
28,2013,0.0,0.0,0.0,66.5,0.0,3.5,29,-3.1,0.4,1,2013-01-29,0.4,20130129,203
29,2013,0.0,0.0,2.3,74.5,0.0,9.5,30,0.1,0.6,1,2013-01-30,3.1,20130130,203
30,2013,0.0,0.0,6.7,70.8,0.0,12.2,31,-2.9,0.6,1,2013-01-31,4.1,20130131,203
31,2013,36.5,0.0,0.0,88.3,0.0,8.7,1,3.3,1.1,2,2013-02-01,5.8,20130201,203
32,2013,0.0,0.0,8.6,61.6,0.0,5.6,2,-3.8,2.7,2,2013-02-02,-0.1,20130202,203
33,2013,2.0,0.0,0.0,66.0,0.0,-0.8,3,-7.2,0.9,2,2013-02-03,-3.3,20130203,203
34,2013,4.1,0.0,7.0,75.3,0.0,3.7,4,-4.3,1.4,2,2013-02-04,-0.4,20130204,203
35,2013,3.9,0.0,0.0,82.0,0.0,1.8,5,-7.0,0.4,2,2013-02-05,-2.3,20130205,203
36,2013,3.3,0.0,4.4,76.5,0.0,0.9,6,-2.7,1.7,2,2013-02-06,-0.8,20130206,203
37,2013,0.0,0.0,9.5,43.5,0.0,-2.5,7,-13.9,3.1,2,2013-02-07,-9.5,20130207,203
38,2013,0.0,0.0,9.4,42.5,0.0,-6.6,8,-16.8,1.3,2,2013-02-08,-11.3,20130208,203
39,2013,0.0,0.0,9.4,63.8,0.0,-2.1,9,-17.0,0.9,2,2013-02-09,-9.3,20130209,203
40,2013,0.0,0.0,5.9,58.6,0.0,1.4,10,-9.4,1.2,2,2013-02-10,-4.5,20130210,203
41,2013,0.0,0.0,9.7,48.6,0.0,-0.3,11,-12.9,1.1,2,2013-02-11,-6.3,20130211,203
42,2013,0.0,0.0,0.4,61.3,0.0,1.0,12,-6.7,1.2,2,2013-02-12,-3.9,20130212,203
43,2013,0.0,0.0,9.4,65.8,0.0,2.9,13,-9.7,1.0,2,2013-02-13,-3.0,20130213,203
44,2013,0.0,0.0,8.6,63.1,0.0,5.9,14,-7.3,0.8,2,2013-02-14,-0.8,20130214,203
45,2013,0.0,0.0,9.4,46.4,0.0,3.8,15,-5.0,2.0,2,2013-02-15,-0.3,20130215,203
46,2013,0.0,0.0,9.9,44.5,0.0,2.1,16,-10.4,1.0,2,2013-02-16,-3.3,20130216,203
47,2013,0.0,0.0,5.8,51.1,0.0,6.6,17,-4.7,0.8,2,2013-02-17,1.2,20130217,203
48,2013,0.0,0.0,3.9,47.1,0.0,5.6,18,-1.2,1.9,2,2013-02-18,2.2,20130218,203
49,2013,0.0,0.0,8.4,30.5,0.0,2.5,19,-5.2,2.4,2,2013-02-19,-1.8,20130219,203
50,2013,0.0,0.0,9.9,36.6,0.0,2.2,20,-10.0,1.9,2,2013-02-20,-4.1,20130220,203
51,2013,0.0,0.0,9.5,48.6,0.0,3.5,21,-7.0,1.5,2,2013-02-21,-2.1,20130221,203
52,2013,2.2,0.0,6.8,53.6,0.0,6.2,22,-4.7,1.7,2,2013-02-22,-0.1,20130222,203
53,2013,0.0,0.0,9.2,45.9,0.0,3.7,23,-6.1,2.1,2,2013-02-23,-1.2,20130223,203
54,2013,0.0,0.0,8.9,49.1,0.0,6.5,24,-6.1,1.2,2,2013-02-24,0.4,20130224,203
55,2013,0.0,0.0,6.5,52.4,0.0,8.0,25,-5.3,0.8,2,2013-02-25,0.8,20130225,203
56,2013,0.0,0.0,0.2,62.3,0.0,7.7,26,-2.9,0.6,2,2013-02-26,2.9,20130226,203
57,2013,0.0,0.0,9.6,60.8,0.0,12.2,27,0.6,1.7,2,2013-02-27,5.1,20130227,203
58,2013,0.0,0.0,5.7,59.0,0.0,13.2,28,-5.8,0.7,2,2013-02-28,4.4,20130228,203
59,2013,7.0,0.0,8.3,57.3,0.0,9.4,1,-2.4,2.9,3,2013-03-01,2.0,20130301,203
60,2013,0.0,0.0,10.0,44.0,0.0,5.0,2,-4.4,1.9,3,2013-03-02,-0.5,20130302,203
61,2013,0.0,0.0,10.0,55.9,0.0,6.3,3,-4.4,1.8,3,2013-03-03,0.1,20130303,203
62,2013,0.0,0.0,4.7,63.0,0.0,8.6,4,-4.7,1.3,3,2013-03-04,1.6,20130304,203
63,2013,0.0,0.0,7.4,60.6,0.0,10.7,5,-3.7,1.6,3,2013-03-05,2.7,20130305,203
64,2013,0.0,0.0,7.5,53.0,0.0,14.0,6,-4.0,0.7,3,2013-03-06,4.6,20130306,203
65,2013,0.5,0.0,0.9,78.6,0.0,12.0,7,1.4,1.1,3,2013-03-07,5.5,20130307,203
66,2013,0.0,0.0,6.2,69.4,0.0,16.3,8,3.2,1.5,3,2013-03-08,8.0,20130308,203
67,2013,0.0,0.0,8.0,59.3,0.0,24.7,9,-2.2,1.8,3,2013-03-09,11.1,20130309,203
68,2013,0.0,0.0,10.7,35.5,0.0,9.9,10,-1.9,3.0,3,2013-03-10,2.9,20130310,203
69,2013,0.0,0.0,10.8,42.6,0.0,13.0,11,-6.1,1.1,3,2013-03-11,3.2,20130311,203
70,2013,2.0,0.0,4.3,65.3,0.0,12.4,12,-3.5,0.8,3,2013-03-12,5.3,20130312,203
71,2013,15.0,0.0,5.4,70.3,0.0,10.7,13,2.9,2.0,3,2013-03-13,6.4,20130313,203
72,2013,0.0,0.0,8.0,54.4,0.0,10.5,14,0.0,1.7,3,2013-03-14,4.4,20130314,203
73,2013,0.0,0.0,10.5,49.3,0.0,12.4,15,-4.2,1.4,3,2013-03-15,4.1,20130315,203
74,2013,0.0,0.0,10.1,50.6,0.0,14.7,16,-2.8,1.2,3,2013-03-16,5.6,20130316,203
75,2013,8.0,0.0,6.5,66.1,0.0,18.1,17,-2.1,1.5,3,2013-03-17,6.7,20130317,203
76,2013,5.5,0.0,6.9,77.8,0.0,14.6,18,4.4,1.9,3,2013-03-18,8.1,20130318,203
77,2013,0.0,0.0,3.4,60.0,0.0,13.0,19,4.3,1.1,3,2013-03-19,9.4,20130319,203
78,2013,0.5,0.0,5.3,57.3,0.0,10.7,20,-2.4,2.9,3,2013-03-20,4.3,20130320,203
79,2013,0.0,0.0,10.8,40.1,0.0,8.5,21,-5.7,1.5,3,2013-03-21,1.2,20130321,203
80,2013,0.0,0.0,2.0,67.4,0.0,7.6,22,-4.0,1.2,3,2013-03-22,2.5,20130322,203
81,2013,0.0,0.0,9.9,55.8,0.0,14.5,23,-2.7,1.3,3,2013-03-23,5.4,20130323,203
82,2013,0.0,0.0,10.6,54.3,0.0,12.2,24,0.3,2.4,3,2013-03-24,5.1,20130324,203
83,2013,0.0,0.0,11.0,44.6,0.0,9.1,25,-1.8,2.3,3,2013-03-25,3.0,20130325,203
84,2013,0.0,0.0,11.1,48.6,0.0,12.0,26,-4.9,1.3,3,2013-03-26,3.6,20130326,203
85,2013,0.0,0.0,10.9,38.8,0.0,17.4,27,-2.5,1.7,3,2013-03-27,7.5,20130327,203
86,2013,0.0,0.0,2.9,44.3,0.0,13.6,28,-0.8,1.4,3,2013-03-28,6.8,20130328,203
87,2013,0.0,0.0,11.4,29.9,0.0,12.7,29,-0.1,2.1,3,2013-03-29,6.1,20130329,203
88,2013,1.0,0.0,3.5,52.9,0.0,11.0,30,-0.6,1.2,3,2013-03-30,4.0,20130330,203
89,2013,0.1,0.0,8.4,56.9,0.0,13.8,31,-1.7,1.2,3,2013-03-31,5.9,20130331,203
90,2013,0.0,0.0,4.8,46.3,0.0,16.7,1,-1.8,0.8,4,2013-04-01,8.1,20130401,203
91,2013,3.0,0.0,0.0,86.4,0.0,10.1,2,4.5,1.6,4,2013-04-02,6.2,20130402,203
92,2013,0.0,0.0,7.7,58.0,0.0,15.8,3,3.7,2.1,4,2013-04-03,8.2,20130403,203
93,2013,0.0,0.0,10.6,46.5,0.0,22.3,4,1.5,1.0,4,2013-04-04,11.4,20130404,203
94,2013,0.0,0.0,8.1,44.8,0.0,23.4,5,4.1,1.1,4,2013-04-05,14.4,20130405,203
95,2013,17.0,0.0,0.0,79.8,0.0,14.2,6,2.9,1.7,4,2013-04-06,8.3,20130406,203
96,2013,0.0,0.0,7.9,63.1,0.0,9.1,7,1.6,2.9,4,2013-04-07,4.6,20130407,203
97,2013,0.5,0.0,8.5,56.1,0.0,15.8,8,-1.7,2.4,4,2013-04-08,7.0,20130408,203
98,2013,0.5,0.0,10.7,49.1,0.0,11.5,9,2.8,3.9,4,2013-04-09,6.4,20130409,203
99,2013,0.0,0.0,10.1,48.5,0.0,10.1,10,-0.4,2.6,4,2013-04-10,4.9,20130410,203
100,2013,0.0,0.0,10.6,49.9,0.0,10.8,11,2.2,3.5,4,2013-04-11,5.7,20130411,203
101,2013,0.0,0.0,10.8,45.0,0.0,12.6,12,-0.5,2.2,4,2013-04-12,6.1,20130412,203
102,2013,0.0,0.0,11.0,41.9,0.0,20.7,13,-2.8,1.9,4,2013-04-13,10.6,20130413,203
103,2013,1.0,0.0,9.0,46.5,0.0,14.5,14,2.8,3.2,4,2013-04-14,9.4,20130414,203
104,2013,0.0,0.0,1.1,46.5,0.0,10.3,15,-1.6,0.9,4,2013-04-15,5.2,20130415,203
105,2013,0.0,0.0,9.4,56.4,0.0,25.3,16,2.7,2.1,4,2013-04-16,13.7,20130416,203
106,2013,0.0,0.0,0.0,68.8,0.0,15.3,17,10.5,2.0,4,2013-04-17,12.2,20130417,203
107,2013,0.0,0.0,6.9,45.6,0.0,18.3,18,7.0,2.4,4,2013-04-18,12.1,20130418,203
108,2013,0.0,0.0,11.0,32.4,0.0,16.7,19,2.4,1.9,4,2013-04-19,9.9,20130419,203
109,2013,10.0,0.0,0.0,77.8,0.0,9.1,20,2.9,1.0,4,2013-04-20,5.6,20130420,203
110,2013,0.0,0.0,11.4,54.8,0.0,15.8,21,2.9,2.3,4,2013-04-21,8.8,20130421,203
111,2013,0.0,0.0,10.7,46.0,0.0,19.4,22,1.5,1.5,4,2013-04-22,11.3,20130422,203
112,2013,11.5,0.0,0.0,73.6,0.0,12.6,23,7.8,1.2,4,2013-04-23,10.2,20130423,203
113,2013,2.0,0.0,12.1,62.6,0.0,20.4,24,8.4,2.4,4,2013-04-24,13.4,20130424,203
114,2013,3.0,0.0,2.7,78.0,0.0,13.6,25,7.0,2.0,4,2013-04-25,9.1,20130425,203
115,2013,0.0,0.0,10.2,57.4,0.0,17.3,26,5.6,2.5,4,2013-04-26,10.7,20130426,203
116,2013,0.0,0.0,12.1,59.3,0.0,20.1,27,3.1,1.8,4,2013-04-27,11.1,20130427,203
117,2013,0.0,0.0,7.3,59.0,0.0,23.1,28,4.6,1.0,4,2013-04-28,14.6,20130428,203
118,2013,12.5,0.0,6.3,59.9,0.0,19.0,29,8.8,2.9,4,2013-04-29,14.5,20130429,203
119,2013,0.0,0.0,11.2,51.0,0.0,20.8,30,4.0,2.0,4,2013-04-30,12.7,20130430,203
120,2013,0.0,0.0,7.3,50.4,0.0,18.8,1,8.0,1.7,5,2013-05-01,13.0,20130501,203
121,2013,0.3,0.0,4.0,69.3,0.0,19.0,3,6.5,1.5,5,2013-05-03,11.9,20130503,203
122,2013,0.0,0.0,9.4,56.4,0.0,21.5,4,6.5,1.6,5,2013-05-04,13.3,20130504,203
123,2013,0.0,0.0,12.4,46.5,0.0,23.6,5,6.6,2.0,5,2013-05-05,14.8,20130505,203
124,2013,0.0,0.0,11.8,43.0,0.0,25.3,6,7.5,1.5,5,2013-05-06,15.8,20130506,203
125,2013,0.0,0.0,10.9,49.4,0.0,26.9,7,8.3,1.3,5,2013-05-07,17.8,20130507,203
126,2013,0.0,0.0,11.7,40.5,0.0,28.7,8,9.6,1.3,5,2013-05-08,19.2,20130508,203
127,2013,2.0,0.0,4.2,64.6,0.0,22.8,9,10.0,0.8,5,2013-05-09,16.7,20130509,203
128,2013,25.5,0.0,0.1,85.5,0.0,16.5,10,12.4,1.9,5,2013-05-10,14.5,20130510,203
129,2013,0.0,0.0,10.3,54.5,0.0,25.4,11,11.7,1.7,5,2013-05-11,17.7,20130511,203
130,2013,0.0,0.0,9.8,60.0,0.0,26.2,12,13.0,2.7,5,2013-05-12,20.0,20130512,203
131,2013,0.0,0.0,10.9,50.6,0.0,29.7,13,12.5,1.3,5,2013-05-13,20.9,20130513,203
132,2013,0.0,0.0,6.5,49.8,0.0,26.7,14,12.0,1.4,5,2013-05-14,19.4,20130514,203
133,2013,0.0,0.0,11.2,54.9,0.0,25.7,15,15.7,1.8,5,2013-05-15,19.9,20130515,203
134,2013,0.0,0.0,12.9,42.9,0.0,28.4,16,12.3,1.8,5,2013-05-16,19.8,20130516,203
135,2013,0.0,0.0,12.7,48.0,0.0,25.8,17,10.5,1.3,5,2013-05-17,18.0,20130517,203
136,2013,6.5,0.0,2.9,62.3,0.0,25.0,18,13.3,1.1,5,2013-05-18,17.9,20130518,203
137,2013,33.5,0.0,0.1,81.3,0.0,20.1,19,12.9,1.8,5,2013-05-19,16.1,20130519,203
138,2013,0.0,0.0,6.0,73.6,0.0,19.8,20,11.2,1.8,5,2013-05-20,15.1,20130520,203
139,2013,0.0,0.0,8.7,58.8,0.0,25.6,21,8.4,1.0,5,2013-05-21,16.0,20130521,203
140,2013,0.0,0.0,3.5,64.4,0.0,26.3,22,9.4,0.8,5,2013-05-22,18.0,20130522,203
141,2013,0.0,0.0,10.8,61.6,0.0,30.5,23,13.2,1.1,5,2013-05-23,21.4,20130523,203
142,2013,0.0,0.0,8.2,62.1,0.0,30.0,24,14.5,1.3,5,2013-05-24,21.5,20130524,203
143,2013,0.0,0.0,9.7,55.4,0.0,31.4,25,15.8,0.9,5,2013-05-25,23.6,20130525,203
144,2013,0.0,0.0,4.2,49.9,0.0,28.9,26,18.3,1.1,5,2013-05-26,23.6,20130526,203
145,2013,52.5,0.0,0.0,82.4,0.0,22.1,27,16.8,1.6,5,2013-05-27,18.9,20130527,203
146,2013,10.0,0.0,0.0,87.8,0.0,20.8,28,17.1,0.9,5,2013-05-28,18.8,20130528,203
147,2013,0.4,0.0,0.0,85.3,0.0,17.9,29,13.8,1.5,5,2013-05-29,16.0,20130529,203
148,2013,0.0,0.0,9.0,61.5,0.0,26.2,30,11.9,1.2,5,2013-05-30,18.3,20130530,203
149,2013,0.0,0.0,11.5,54.4,0.0,29.1,31,10.0,0.8,5,2013-05-31,19.9,20130531,203
150,2013,0.0,0.0,5.8,55.6,0.0,28.8,1,15.4,1.1,6,2013-06-01,20.8,20130601,203
151,2013,0.0,0.0,12.7,51.0,0.0,30.4,2,11.8,0.8,6,2013-06-02,21.6,20130602,203
152,2013,0.0,0.0,11.4,59.8,0.0,28.3,3,14.7,1.3,6,2013-06-03,21.3,20130603,203
153,2013,0.0,0.0,9.9,62.4,0.0,29.7,4,14.2,1.0,6,2013-06-04,21.8,20130604,203
154,2013,0.0,0.0,10.3,58.9,0.0,31.1,5,16.5,1.0,6,2013-06-05,23.8,20130605,203
155,2013,0.0,0.0,7.2,59.1,0.0,30.0,6,19.2,0.9,6,2013-06-06,24.2,20130606,203
156,2013,0.0,0.0,11.3,56.9,0.0,31.4,7,17.4,0.8,6,2013-06-07,24.5,20130607,203
157,2013,0.0,0.0,4.8,58.0,0.0,29.7,8,17.8,1.3,6,2013-06-08,24.0,20130608,203
158,2013,0.0,0.0,12.8,48.4,0.0,30.8,9,17.4,1.4,6,2013-06-09,24.3,20130609,203
159,2013,0.0,0.0,13.0,48.8,0.0,32.0,10,15.4,1.3,6,2013-06-10,24.5,20130610,203
160,2013,3.0,0.0,1.6,65.1,0.0,26.6,11,18.0,1.6,6,2013-06-11,21.8,20130611,203
161,2013,3.5,0.0,0.0,84.8,0.0,22.6,12,19.1,1.0,6,2013-06-12,20.3,20130612,203
162,2013,0.0,0.0,5.9,67.1,0.0,28.7,13,18.8,0.8,6,2013-06-13,23.0,20130613,203
163,2013,0.0,0.0,4.3,68.6,0.0,29.8,14,20.3,1.1,6,2013-06-14,24.2,20130614,203
164,2013,0.0,0.0,8.4,60.9,0.0,29.7,15,19.9,1.3,6,2013-06-15,24.3,20130615,203
165,2013,0.0,0.0,11.0,64.5,0.0,30.1,16,17.5,1.5,6,2013-06-16,23.3,20130616,203
166,2013,0.0,0.0,3.4,68.1,0.0,27.9,17,18.8,1.2,6,2013-06-17,22.9,20130617,203
167,2013,74.5,0.0,0.0,89.4,0.0,22.4,18,20.2,0.7,6,2013-06-18,20.9,20130618,203
168,2013,2.0,0.0,4.8,78.1,0.0,29.0,19,18.7,0.7,6,2013-06-19,23.0,20130619,203
169,2013,0.0,0.0,7.7,65.6,0.0,31.9,20,20.0,0.8,6,2013-06-20,25.3,20130620,203
170,2013,0.0,0.0,4.4,67.0,0.0,30.9,21,20.8,1.0,6,2013-06-21,24.9,20130621,203
171,2013,0.0,0.0,4.3,70.0,0.0,29.6,22,20.2,1.2,6,2013-06-22,23.9,20130622,203
172,2013,0.1,0.0,2.6,70.3,0.0,25.2,23,19.0,1.6,6,2013-06-23,21.8,20130623,203
173,2013,0.0,0.0,9.8,67.9,0.0,29.0,24,16.3,1.1,6,2013-06-24,22.7,20130624,203
174,2013,8.5,0.0,4.4,74.0,0.0,29.2,25,19.1,1.0,6,2013-06-25,22.8,20130625,203
175,2013,2.5,0.0,10.3,68.5,0.0,29.9,26,18.8,1.2,6,2013-06-26,23.7,20130626,203
176,2013,19.5,0.0,10.9,68.0,0.0,30.5,27,17.9,1.4,6,2013-06-27,23.9,20130627,203
177,2013,1.5,0.0,7.5,76.5,0.0,30.1,28,20.0,1.0,6,2013-06-28,23.2,20130628,203
178,2013,0.0,0.0,8.7,69.1,0.0,32.1,29,18.9,0.7,6,2013-06-29,24.9,20130629,203
179,2013,0.0,0.0,11.0,67.5,0.0,32.5,30,19.6,0.7,6,2013-06-30,25.9,20130630,203
180,2013,0.0,0.0,8.5,64.5,0.0,31.3,1,20.3,1.1,7,2013-07-01,25.8,20130701,203
181,2013,21.0,0.0,0.0,79.4,0.0,28.7,2,21.7,2.6,7,2013-07-02,24.5,20130702,203
182,2013,0.0,0.0,9.2,70.1,0.0,31.3,3,19.4,1.9,7,2013-07-03,25.1,20130703,203
183,2013,0.5,0.0,0.0,80.8,0.0,28.0,4,23.4,1.8,7,2013-07-04,25.1,20130704,203
184,2013,3.0,0.0,2.9,78.0,0.0,29.0,5,22.1,1.1,7,2013-07-05,24.5,20130705,203
185,2013,0.0,0.0,7.7,70.5,0.0,30.8,6,21.2,1.4,7,2013-07-06,25.5,20130706,203
186,2013,7.0,0.0,1.3,82.4,0.0,28.0,7,20.8,1.4,7,2013-07-07,24.0,20130707,203
187,2013,35.0,0.0,0.2,84.1,0.0,26.6,8,23.0,1.8,7,2013-07-08,24.5,20130708,203
188,2013,4.5,0.0,0.9,80.0,0.0,29.0,9,23.6,1.7,7,2013-07-09,25.5,20130709,203
189,2013,1.5,0.0,0.2,79.3,0.0,29.3,10,23.7,1.0,7,2013-07-10,26.3,20130710,203
190,2013,3.0,0.0,0.0,81.5,0.0,27.1,11,23.3,0.9,7,2013-07-11,25.3,20130711,203
191,2013,2.0,0.0,0.0,77.8,0.0,25.1,12,23.6,1.9,7,2013-07-12,24.3,20130712,203
192,2013,36.0,0.0,0.0,86.6,0.0,27.6,13,22.0,0.8,7,2013-07-13,24.3,20130713,203
193,2013,38.5,0.0,0.0,85.0,0.0,27.5,14,22.2,1.9,7,2013-07-14,24.3,20130714,203
194,2013,20.0,0.0,3.3,84.3,0.0,30.6,15,22.3,0.9,7,2013-07-15,25.0,20130715,203
195,2013,0.2,0.0,4.8,66.5,0.0,30.2,16,23.0,2.6,7,2013-07-16,27.0,20130716,203
196,2013,37.5,0.0,0.0,87.4,0.0,26.6,17,22.8,1.9,7,2013-07-17,23.9,20130717,203
197,2013,3.0,0.0,0.8,84.9,0.0,28.8,18,23.3,0.9,7,2013-07-18,24.7,20130718,203
198,2013,0.0,0.0,5.8,77.6,0.0,31.5,19,22.9,0.9,7,2013-07-19,25.9,20130719,203
199,2013,1.0,0.0,7.3,76.4,0.0,31.0,20,21.4,1.4,7,2013-07-20,25.9,20130720,203
200,2013,1.0,0.0,5.1,74.5,0.0,30.6,21,23.8,2.1,7,2013-07-21,26.8,20130721,203
201,2013,202.0,0.0,2.1,85.1,0.0,30.2,22,22.9,1.1,7,2013-07-22,25.3,20130722,203
202,2013,40.0,0.0,0.0,86.1,0.0,26.9,23,23.9,1.8,7,2013-07-23,25.1,20130723,203
203,2013,10.5,0.0,4.4,78.5,0.0,28.5,24,21.4,2.0,7,2013-07-24,24.8,20130724,203
204,2013,0.0,0.0,10.1,69.8,0.0,30.7,25,21.2,1.6,7,2013-07-25,25.7,20130725,203
205,2013,0.0,0.0,11.0,67.1,0.0,32.0,26,22.4,1.5,7,2013-07-26,26.4,20130726,203
206,2013,0.4,0.0,6.6,72.4,0.0,31.2,27,20.2,1.1,7,2013-07-27,25.2,20130727,203
207,2013,9.5,0.0,0.0,86.3,0.0,26.3,28,22.3,1.0,7,2013-07-28,24.4,20130728,203
208,2013,18.0,0.0,9.0,77.1,0.0,30.6,29,23.7,1.7,7,2013-07-29,26.6,20130729,203
209,2013,2.5,0.0,5.1,78.5,0.0,30.0,30,22.4,1.1,7,2013-07-30,24.9,20130730,203
210,2013,30.5,0.0,10.6,75.0,0.0,31.2,31,22.9,1.5,7,2013-07-31,26.7,20130731,203
211,2013,0.0,0.0,9.6,72.6,0.0,33.0,1,21.2,0.7,8,2013-08-01,26.3,20130801,203
212,2013,16.5,0.0,2.0,84.5,0.0,30.5,2,22.8,1.0,8,2013-08-02,25.1,20130802,203
213,2013,6.5,0.0,5.4,82.1,0.0,31.3,3,22.3,1.1,8,2013-08-03,25.3,20130803,203
214,2013,7.0,0.0,4.3,81.8,0.0,29.7,4,23.6,1.1,8,2013-08-04,25.9,20130804,203
215,2013,21.0,0.0,5.8,83.9,0.0,30.7,5,23.5,1.2,8,2013-08-05,25.5,20130805,203
216,2013,9.5,0.0,2.5,83.9,0.0,28.0,6,20.9,1.2,8,2013-08-06,24.6,20130806,203
217,2013,0.0,0.0,4.0,78.0,0.0,33.4,7,22.1,0.6,8,2013-08-07,27.5,20130807,203
218,2013,0.0,0.0,6.9,75.0,0.0,33.3,8,23.9,1.1,8,2013-08-08,28.5,20130808,203
219,2013,0.0,0.0,3.3,77.8,0.0,32.2,9,25.2,1.4,8,2013-08-09,28.8,20130809,203
220,2013,22.0,0.0,2.0,83.9,0.0,28.1,10,22.2,1.1,8,2013-08-10,25.6,20130810,203
221,2013,0.0,0.0,7.1,77.6,0.0,33.6,11,21.8,0.7,8,2013-08-11,26.5,20130811,203
222,2013,0.0,0.0,9.1,73.6,0.0,34.0,12,23.4,0.8,8,2013-08-12,27.7,20130812,203
223,2013,0.0,0.0,12.0,71.0,0.0,33.7,13,22.8,1.0,8,2013-08-13,27.7,20130813,203
224,2013,0.0,0.0,9.5,73.1,0.0,34.3,14,22.2,0.8,8,2013-08-14,27.3,20130814,203
225,2013,0.0,0.0,7.2,75.9,0.0,33.7,15,22.5,1.1,8,2013-08-15,27.2,20130815,203
226,2013,0.0,0.0,8.4,71.3,0.0,33.4,16,22.8,1.2,8,2013-08-16,27.3,20130816,203
227,2013,0.0,0.0,8.5,70.6,0.0,32.4,17,23.0,1.7,8,2013-08-17,27.3,20130817,203
228,2013,0.0,0.0,5.6,72.1,0.0,33.0,18,23.5,1.4,8,2013-08-18,27.8,20130818,203
229,2013,0.1,0.0,8.6,68.9,0.0,33.5,19,21.3,1.4,8,2013-08-19,27.3,20130819,203
230,2013,0.0,0.0,12.2,68.6,0.0,33.6,20,18.4,0.7,8,2013-08-20,25.2,20130820,203
231,2013,0.0,0.0,8.7,73.4,0.0,33.1,21,20.5,0.9,8,2013-08-21,26.4,20130821,203
232,2013,6.0,0.0,8.2,77.5,0.0,34.1,22,24.4,1.1,8,2013-08-22,27.8,20130822,203
233,2013,28.5,0.0,0.0,85.6,0.0,26.2,23,22.3,1.0,8,2013-08-23,24.5,20130823,203
234,2013,0.0,0.0,7.3,71.8,0.0,33.1,24,20.8,0.8,8,2013-08-24,25.3,20130824,203
235,2013,0.0,0.0,10.3,71.8,0.0,32.0,25,18.8,0.6,8,2013-08-25,24.3,20130825,203
236,2013,0.0,0.0,10.3,68.3,0.0,31.6,26,18.3,0.8,8,2013-08-26,24.3,20130826,203
237,2013,0.0,0.0,9.2,72.0,0.0,30.4,27,18.1,1.0,8,2013-08-27,23.8,20130827,203
238,2013,0.0,0.0,8.2,71.0,0.0,31.1,28,19.9,0.9,8,2013-08-28,24.4,20130828,203
239,2013,23.5,0.0,0.0,86.3,0.0,25.5,29,20.4,1.9,8,2013-08-29,23.4,20130829,203
240,2013,0.0,0.0,9.7,72.1,0.0,29.7,30,19.9,1.5,8,2013-08-30,24.5,20130830,203
241,2013,0.0,0.0,6.6,73.8,0.0,29.3,31,18.5,0.8,8,2013-08-31,22.6,20130831,203
242,2013,0.0,0.0,8.1,74.3,0.0,28.7,1,17.2,0.7,9,2013-09-01,22.0,20130901,203
243,2013,0.0,0.0,7.5,71.8,0.0,27.3,2,14.3,0.7,9,2013-09-02,19.5,20130902,203
244,2013,0.0,0.0,10.1,69.9,0.0,27.1,3,13.2,0.6,9,2013-09-03,18.8,20130903,203
245,2013,0.0,0.0,11.8,63.4,0.0,28.1,4,12.1,1.1,9,2013-09-04,19.9,20130904,203
246,2013,0.0,0.0,4.3,70.5,0.0,24.1,5,12.7,0.9,9,2013-09-05,19.0,20130905,203
247,2013,1.0,0.0,0.0,79.9,0.0,22.6,6,16.8,0.9,9,2013-09-06,18.8,20130906,203
248,2013,0.0,0.0,8.0,72.4,0.0,26.8,7,16.3,0.7,9,2013-09-07,20.4,20130907,203
249,2013,0.0,0.0,6.6,76.1,0.0,27.3,8,14.9,0.7,9,2013-09-08,19.8,20130908,203
250,2013,0.0,0.0,6.3,72.4,0.0,28.3,9,14.9,0.6,9,2013-09-09,21.0,20130909,203
251,2013,9.5,0.0,0.0,81.3,0.0,25.4,10,17.5,0.7,9,2013-09-10,20.2,20130910,203
252,2013,29.0,0.0,0.0,89.8,0.0,21.8,11,17.7,0.8,9,2013-09-11,19.7,20130911,203
253,2013,0.4,0.0,0.7,82.4,0.0,26.2,12,19.9,0.6,9,2013-09-12,22.4,20130912,203
254,2013,27.5,0.0,0.1,85.5,0.0,25.5,13,20.1,1.3,9,2013-09-13,22.6,20130913,203
255,2013,83.0,0.0,1.5,85.8,0.0,24.6,14,20.0,1.2,9,2013-09-14,21.6,20130914,203
256,2013,0.0,0.0,7.6,69.3,0.0,28.2,15,16.1,1.1,9,2013-09-15,22.3,20130915,203
257,2013,0.0,0.0,10.9,62.5,0.0,27.9,16,12.2,1.0,9,2013-09-16,19.4,20130916,203
258,2013,0.0,0.0,9.7,71.5,0.0,28.8,17,13.0,0.6,9,2013-09-17,19.8,20130917,203
259,2013,0.0,0.0,10.1,71.6,0.0,29.9,18,14.3,0.6,9,2013-09-18,21.5,20130918,203
260,2013,0.0,0.0,10.5,70.3,0.0,29.2,19,16.2,0.9,9,2013-09-19,21.9,20130919,203
261,2013,0.0,0.0,6.4,76.5,0.0,28.2,20,16.7,0.7,9,2013-09-20,21.0,20130920,203
262,2013,0.0,0.0,5.4,76.9,0.0,29.2,21,15.9,0.7,9,2013-09-21,21.1,20130921,203
263,2013,0.0,0.0,5.7,67.3,0.0,26.8,22,16.0,1.7,9,2013-09-22,20.9,20130922,203
264,2013,0.0,0.0,9.7,71.0,0.0,28.4,23,14.1,0.8,9,2013-09-23,20.6,20130923,203
265,2013,3.7,0.0,0.0,85.0,0.0,22.2,24,18.0,1.1,9,2013-09-24,20.2,20130924,203
266,2013,0.0,0.0,8.4,58.8,0.0,25.6,25,16.0,1.6,9,2013-09-25,20.0,20130925,203
267,2013,0.0,0.0,10.5,49.8,0.0,23.2,26,9.8,1.0,9,2013-09-26,15.9,20130926,203
268,2013,0.0,0.0,10.3,64.1,0.0,24.0,27,7.2,0.8,9,2013-09-27,15.2,20130927,203
269,2013,2.2,0.0,0.0,78.1,0.0,18.7,28,11.8,0.8,9,2013-09-28,15.0,20130928,203
270,2013,23.5,0.0,0.0,89.6,0.0,18.5,29,14.1,0.9,9,2013-09-29,16.1,20130929,203
271,2013,3.5,0.0,8.0,74.8,0.0,26.7,30,16.9,1.5,9,2013-09-30,20.1,20130930,203
272,2013,0.0,0.0,8.9,74.0,0.0,27.4,1,14.0,1.0,10,2013-10-01,19.8,20131001,203
273,2013,0.0,0.0,5.5,68.1,0.0,24.0,2,14.0,1.4,10,2013-10-02,18.4,20131002,203
274,2013,0.0,0.0,10.5,59.5,0.0,22.0,3,7.5,1.0,10,2013-10-03,14.9,20131003,203
275,2013,0.0,0.0,8.7,70.6,0.0,24.8,4,6.7,0.7,10,2013-10-04,14.2,20131004,203
276,2013,0.0,0.0,10.3,66.9,0.0,27.3,5,8.0,0.8,10,2013-10-05,16.9,20131005,203
277,2013,0.0,0.0,6.2,70.8,0.0,26.1,6,10.8,1.6,10,2013-10-06,18.7,20131006,203
278,2013,0.0,0.0,1.6,74.5,0.0,26.1,7,16.8,0.7,10,2013-10-07,21.1,20131007,203
279,2013,8.6,0.0,0.0,85.4,0.0,20.7,8,17.9,1.4,10,2013-10-08,19.2,20131008,203
280,2013,0.0,0.0,9.8,71.1,0.0,26.6,9,15.3,0.8,10,2013-10-09,19.9,20131009,203
281,2013,0.0,0.0,6.1,79.3,0.0,25.3,10,14.1,0.8,10,2013-10-10,18.8,20131010,203
282,2013,3.4,0.0,8.7,60.5,0.0,21.3,11,10.9,2.9,10,2013-10-11,17.4,20131011,203
283,2013,0.0,0.0,10.2,58.6,0.0,22.3,12,6.2,1.2,10,2013-10-12,14.5,20131012,203
284,2013,0.0,0.0,8.9,73.6,0.0,22.7,13,7.3,0.5,10,2013-10-13,13.9,20131013,203
285,2013,0.0,0.0,8.3,72.6,0.0,24.3,14,7.6,0.7,10,2013-10-14,15.6,20131014,203
286,2013,0.0,0.0,0.0,73.8,0.0,16.3,15,7.9,2.1,10,2013-10-15,12.2,20131015,203
287,2013,0.0,0.0,10.0,56.5,0.0,16.9,16,5.3,1.2,10,2013-10-16,10.1,20131016,203
288,2013,0.0,0.0,8.5,70.8,0.0,17.6,17,1.6,0.7,10,2013-10-17,8.8,20131017,203
289,2013,0.0,0.0,8.8,70.3,0.0,19.8,18,2.4,0.7,10,2013-10-18,10.2,20131018,203
290,2013,0.0,0.0,6.1,73.8,0.0,19.7,19,4.7,0.7,10,2013-10-19,11.8,20131019,203
291,2013,0.0,0.0,9.8,68.5,0.0,22.4,20,8.2,0.7,10,2013-10-20,14.3,20131020,203
292,2013,0.0,0.0,9.7,62.8,0.0,22.1,21,7.7,1.2,10,2013-10-21,13.8,20131021,203
293,2013,0.0,0.0,8.7,58.3,0.0,22.1,22,6.8,1.4,10,2013-10-22,13.6,20131022,203
294,2013,0.0,0.0,9.7,65.3,0.0,22.2,23,8.0,0.9,10,2013-10-23,13.7,20131023,203
295,2013,0.0,0.0,9.4,58.6,0.0,20.1,24,6.6,1.2,10,2013-10-24,12.5,20131024,203
296,2013,0.0,0.0,9.6,50.4,0.0,15.8,25,3.2,1.8,10,2013-10-25,8.8,20131025,203
297,2013,0.0,0.0,9.1,65.9,0.0,16.4,26,0.0,0.9,10,2013-10-26,8.0,20131026,203
298,2013,0.0,0.0,6.7,72.1,0.0,18.2,27,0.6,0.6,10,2013-10-27,7.8,20131027,203
299,2013,0.0,0.0,3.9,79.9,0.0,15.6,28,1.7,0.6,10,2013-10-28,7.1,20131028,203
300,2013,0.1,0.0,5.7,75.6,0.0,18.2,29,2.5,1.0,10,2013-10-29,10.5,20131029,203
301,2013,0.1,0.0,9.3,64.4,0.0,17.1,30,5.1,1.2,10,2013-10-30,10.3,20131030,203
302,2013,0.0,0.0,6.7,69.1,0.0,19.0,31,1.9,0.5,10,2013-10-31,8.9,20131031,203
303,2013,0.0,0.0,9.0,67.0,0.0,21.2,1,4.6,0.6,11,2013-11-01,11.8,20131101,203
304,2013,4.7,0.0,0.0,87.0,0.0,12.3,2,6.1,0.5,11,2013-11-02,10.4,20131102,203
305,2013,0.1,0.0,2.1,87.0,0.0,13.3,3,6.6,0.7,11,2013-11-03,9.4,20131103,203
306,2013,0.1,0.0,5.8,79.4,0.0,17.5,4,6.6,0.7,11,2013-11-04,10.5,20131104,203
307,2013,0.1,0.0,4.6,79.1,0.0,17.4,5,3.7,0.7,11,2013-11-05,8.3,20131105,203
308,2013,0.9,0.0,0.1,85.3,0.0,12.9,6,4.0,0.5,11,2013-11-06,8.9,20131106,203
309,2013,0.1,0.0,8.5,60.4,0.0,16.6,7,6.9,2.2,11,2013-11-07,11.6,20131107,203
310,2013,0.1,0.0,5.7,65.8,0.0,12.2,8,-1.2,0.7,11,2013-11-08,5.7,20131108,203
311,2013,3.8,0.0,2.5,75.4,0.0,15.8,9,4.3,0.7,11,2013-11-09,9.7,20131109,203
312,2013,0.2,0.0,8.8,45.5,0.0,10.7,10,1.2,2.4,11,2013-11-10,6.5,20131110,203
313,2013,0.0,0.0,9.3,37.0,0.0,8.5,11,-1.3,1.8,11,2013-11-11,3.2,20131111,203
314,2013,0.0,0.0,9.3,44.6,0.0,9.7,12,-3.3,1.5,11,2013-11-12,2.9,20131112,203
315,2013,0.0,0.0,8.9,61.4,0.0,10.9,13,-4.9,0.6,11,2013-11-13,2.2,20131113,203
316,2013,0.0,0.0,0.8,70.5,0.0,8.7,14,-1.4,0.5,11,2013-11-14,3.4,20131114,203
317,2013,1.4,0.0,2.9,82.9,0.0,11.7,15,1.4,0.6,11,2013-11-15,5.6,20131115,203
318,2013,0.7,0.0,1.7,87.6,0.0,8.2,16,1.7,0.7,11,2013-11-16,3.7,20131116,203
319,2013,3.4,0.0,7.1,55.8,0.0,8.7,17,2.0,2.8,11,2013-11-17,5.2,20131117,203
320,2013,0.0,0.0,9.0,45.9,0.0,6.5,18,-0.9,3.4,11,2013-11-18,1.9,20131118,203
321,2013,0.0,0.0,6.7,50.6,0.0,5.6,19,-1.8,2.9,11,2013-11-19,1.5,20131119,203
322,2013,0.0,0.0,9.0,48.6,0.0,6.9,20,-3.7,1.5,11,2013-11-20,0.9,20131120,203
323,2013,0.0,0.0,6.1,65.3,0.0,7.6,21,-6.1,1.3,11,2013-11-21,0.4,20131121,203
324,2013,0.0,0.0,7.8,69.3,0.0,10.5,22,-6.4,0.8,11,2013-11-22,2.5,20131122,203
325,2013,0.0,0.0,6.0,76.8,0.0,11.7,23,-2.9,0.5,11,2013-11-23,3.0,20131123,203
326,2013,15.5,0.0,2.0,82.4,0.0,10.4,24,-3.4,0.8,11,2013-11-24,3.8,20131124,203
327,2013,10.3,0.0,1.2,65.9,0.0,10.6,25,0.9,4.2,11,2013-11-25,5.1,20131125,203
328,2013,1.1,0.0,6.9,67.1,0.0,5.1,26,-3.7,1.7,11,2013-11-26,0.9,20131126,203
329,2013,8.5,0.0,1.0,74.4,0.0,2.3,27,-3.7,2.0,11,2013-11-27,-0.5,20131127,203
330,2013,0.0,0.0,8.8,61.0,0.0,0.3,28,-7.6,1.4,11,2013-11-28,-4.1,20131128,203
331,2013,0.0,0.0,8.8,64.5,0.0,5.7,29,-7.2,1.1,11,2013-11-29,-1.4,20131129,203
332,2013,0.0,0.0,7.0,73.0,0.0,9.7,30,-4.6,0.6,11,2013-11-30,1.8,20131130,203
333,2013,0.0,0.0,6.1,69.8,0.0,8.9,1,-2.3,1.2,12,2013-12-01,2.2,20131201,203
334,2013,0.0,0.0,0.5,80.1,0.0,3.0,2,-5.0,0.6,12,2013-12-02,-0.2,20131202,203
335,2013,0.0,0.0,6.9,70.5,0.0,10.4,3,-0.1,0.8,12,2013-12-03,4.2,20131203,203
336,2013,0.0,0.0,2.0,86.9,0.0,7.0,4,-3.6,0.4,12,2013-12-04,0.6,20131204,203
337,2013,0.0,0.0,0.0,91.0,0.0,4.2,5,-1.5,0.5,12,2013-12-05,1.1,20131205,203
338,2013,0.0,0.0,8.9,50.5,0.0,7.5,6,-3.1,1.5,12,2013-12-06,2.5,20131206,203
339,2013,0.0,0.0,5.7,65.5,0.0,10.5,7,-1.2,0.9,12,2013-12-07,4.0,20131207,203
340,2013,0.0,0.0,2.4,82.3,0.0,7.9,8,-3.0,0.5,12,2013-12-08,1.4,20131208,203
341,2013,14.6,0.0,0.0,85.8,0.0,4.4,9,0.6,1.1,12,2013-12-09,2.7,20131209,203
342,2013,0.0,0.0,6.7,62.6,0.0,4.5,10,-3.4,1.9,12,2013-12-10,0.8,20131210,203
343,2013,1.7,0.0,7.4,62.4,0.0,1.6,11,-4.5,2.4,12,2013-12-11,-1.5,20131211,203
344,2013,7.3,0.0,4.2,71.9,0.0,2.1,12,-8.0,1.7,12,2013-12-12,-2.7,20131212,203
345,2013,0.0,0.0,8.2,56.1,0.0,-2.5,13,-11.3,1.3,12,2013-12-13,-7.1,20131213,203
346,2013,1.2,0.0,1.8,82.1,0.0,-2.0,14,-12.5,0.6,12,2013-12-14,-7.9,20131214,203
347,2013,0.0,0.0,8.2,64.0,0.0,2.4,15,-16.6,0.6,12,2013-12-15,-7.3,20131215,203
348,2013,0.0,0.0,2.0,70.8,0.0,-1.1,16,-13.0,0.4,12,2013-12-16,-6.7,20131216,203
349,2013,0.0,0.0,4.7,71.0,0.0,3.3,17,-9.1,0.4,12,2013-12-17,-2.9,20131217,203
350,2013,0.1,0.0,6.1,65.4,0.0,8.7,18,-2.0,0.9,12,2013-12-18,2.7,20131218,203
351,2013,1.0,0.0,4.8,66.4,0.0,0.8,19,-5.9,2.1,12,2013-12-19,-2.8,20131219,203
352,2013,0.0,0.0,7.5,61.1,0.0,0.6,20,-8.0,1.8,12,2013-12-20,-3.9,20131220,203
353,2013,0.0,0.0,7.9,67.3,0.0,2.7,21,-8.8,1.1,12,2013-12-21,-3.5,20131221,203
354,2013,0.0,0.0,7.7,71.3,0.0,1.6,22,-10.9,0.6,12,2013-12-22,-4.6,20131222,203
355,2013,0.0,0.0,6.3,64.6,0.0,4.2,23,-5.1,1.1,12,2013-12-23,-1.3,20131223,203
356,2013,0.0,0.0,8.4,73.1,0.0,3.1,24,-9.1,0.5,12,2013-12-24,-4.2,20131224,203
357,2013,0.0,0.0,7.8,71.8,0.0,3.5,25,-10.6,0.6,12,2013-12-25,-3.1,20131225,203
358,2013,0.9,0.0,0.9,74.1,0.0,3.3,26,-3.9,1.3,12,2013-12-26,-1.3,20131226,203
359,2013,0.0,0.0,8.4,51.1,0.0,-2.0,27,-8.4,2.1,12,2013-12-27,-5.5,20131227,203
360,2013,0.0,0.0,9.0,51.6,0.0,-1.2,28,-11.5,1.5,12,2013-12-28,-6.5,20131228,203
361,2013,0.3,0.0,6.6,72.4,0.0,1.6,29,-12.3,1.0,12,2013-12-29,-5.1,20131229,203
362,2013,0.0,0.0,6.7,72.9,0.0,7.2,30,-7.5,1.3,12,2013-12-30,-1.0,20131230,203
363,2013,0.0,0.0,7.7,62.5,0.0,7.9,31,-4.6,2.0,12,2013-12-31,2.9,20131231,203
