,month,tavg,rainfall,year,date,tmin,cloud,tmax,day,snow,wind,station_id,Date,sunshine,humid
0,1,-3.5,0.0,2012,20120101,-7.8,0.0,0.8,1,0.0,1.5,203,2012-01-01,2.1,64.8
1,1,-6.4,0.0,2012,20120102,-12.8,0.0,-0.7,2,0.0,0.8,203,2012-01-02,6.7,71.0
2,1,-5.8,1.1,2012,20120103,-11.5,0.0,0.3,3,0.0,1.0,203,2012-01-03,3.7,74.1
3,1,-6.8,0.1,2012,20120104,-9.7,0.0,-2.3,4,0.0,1.6,203,2012-01-04,8.1,58.3
4,1,-7.3,0.0,2012,20120105,-14.6,0.0,-0.1,5,0.0,1.0,203,2012-01-05,8.4,59.6
5,1,-4.3,0.0,2012,20120106,-10.4,0.0,3.5,6,0.0,1.0,203,2012-01-06,7.9,57.0
6,1,-6.0,0.0,2012,20120107,-13.7,0.0,2.4,7,0.0,0.6,203,2012-01-07,8.6,61.1
7,1,-5.0,0.0,2012,20120108,-11.8,0.0,1.4,8,0.0,0.9,203,2012-01-08,4.3,64.8
8,1,-1.7,0.0,2012,20120109,-5.0,0.0,3.0,9,0.0,1.0,203,2012-01-09,3.0,71.6
9,1,-3.2,0.0,2012,20120110,-9.3,0.0,3.2,10,0.0,1.2,203,2012-01-10,8.4,64.0
10,1,-5.6,0.0,2012,20120111,-10.4,0.0,-1.2,11,0.0,1.6,203,2012-01-11,8.7,45.5
11,1,-6.9,0.0,2012,20120112,-15.6,0.0,-0.4,12,0.0,0.9,203,2012-01-12,6.0,70.0
12,1,-3.1,0.0,2012,20120113,-8.8,0.0,4.5,13,0.0,1.0,203,2012-01-13,4.1,60.4
13,1,-3.1,0.0,2012,20120114,-12.1,0.0,4.0,14,0.0,1.2,203,2012-01-14,8.8,50.5
14,1,-2.9,0.0,2012,20120115,-8.8,0.0,2.3,15,0.0,1.0,203,2012-01-15,5.5,52.8
15,1,-0.9,0.0,2012,20120116,-9.1,0.0,9.1,16,0.0,0.7,203,2012-01-16,8.8,61.4
16,1,1.6,0.0,2012,20120117,-3.8,0.0,8.6,17,0.0,0.9,203,2012-01-17,4.3,67.6
17,1,-1.1,0.0,2012,20120118,-7.5,0.0,6.2,18,0.0,0.6,203,2012-01-18,5.2,66.3
18,1,3.9,0.5,2012,20120119,-2.4,0.0,9.1,19,0.0,1.3,203,2012-01-19,0.0,68.6
19,1,4.6,0.5,2012,20120120,1.6,0.0,9.0,20,0.0,1.7,203,2012-01-20,0.2,68.8
20,1,2.1,0.5,2012,20120121,0.2,0.0,5.1,21,0.0,0.9,203,2012-01-21,0.0,77.0
21,1,-5.0,0.0,2012,20120122,-9.8,0.0,0.2,22,0.0,2.7,203,2012-01-22,8.7,39.5
22,1,-9.2,0.0,2012,20120123,-13.6,0.0,-3.9,23,0.0,1.8,203,2012-01-23,9.1,41.0
23,1,-8.0,0.0,2012,20120124,-14.8,0.0,-2.3,24,0.0,1.3,203,2012-01-24,8.9,41.8
24,1,-7.8,0.3,2012,20120125,-11.8,0.0,-3.6,25,0.0,2.0,203,2012-01-25,9.1,42.1
25,1,-5.7,0.0,2012,20120126,-13.6,0.0,2.7,26,0.0,1.0,203,2012-01-26,8.3,65.1
26,1,-3.2,0.8,2012,20120127,-7.2,0.0,0.8,27,0.0,0.6,203,2012-01-27,0.0,87.0
27,1,-1.9,0.0,2012,20120128,-9.6,0.0,4.4,28,0.0,0.9,203,2012-01-28,7.7,39.6
28,1,-2.5,0.0,2012,20120129,-9.9,0.0,3.6,29,0.0,1.6,203,2012-01-29,8.0,29.6
29,1,-4.8,0.0,2012,20120130,-9.5,0.0,1.8,30,0.0,2.0,203,2012-01-30,9.2,25.4
30,1,-5.7,6.9,2012,20120131,-14.3,0.0,0.8,31,0.0,1.8,203,2012-01-31,2.8,67.9
31,2,-11.3,0.0,2012,20120201,-15.6,0.0,-5.9,1,0.0,2.0,203,2012-02-01,9.2,53.0
32,2,-13.4,0.0,2012,20120202,-17.8,0.0,-7.7,2,0.0,1.6,203,2012-02-02,9.3,48.8
33,2,-12.3,0.0,2012,20120203,-22.8,0.0,-4.0,3,0.0,0.9,203,2012-02-03,9.2,64.5
34,2,-5.1,0.0,2012,20120204,-12.8,0.0,3.1,4,0.0,1.2,203,2012-02-04,7.3,56.4
35,2,-2.5,0.0,2012,20120205,-6.9,0.0,5.1,5,0.0,0.7,203,2012-02-05,8.2,51.3
36,2,-1.0,0.0,2012,20120206,-7.9,0.0,5.9,6,0.0,0.6,203,2012-02-06,3.0,58.3
37,2,-6.7,0.0,2012,20120207,-11.7,0.0,1.9,7,0.0,2.8,203,2012-02-07,9.4,40.6
38,2,-8.2,0.0,2012,20120208,-14.3,0.0,-2.5,8,0.0,1.7,203,2012-02-08,9.5,47.4
39,2,-4.9,0.1,2012,20120209,-13.0,0.0,1.0,9,0.0,1.5,203,2012-02-09,9.2,62.1
40,2,-3.7,0.0,2012,20120210,-10.9,0.0,2.9,10,0.0,1.6,203,2012-02-10,7.2,56.9
41,2,-4.4,0.0,2012,20120211,-10.7,0.0,2.7,11,0.0,1.7,203,2012-02-11,9.6,42.9
42,2,-1.6,0.0,2012,20120212,-9.1,0.0,6.0,12,0.0,0.8,203,2012-02-12,8.9,48.9
43,2,1.2,0.0,2012,20120213,-3.3,0.0,7.7,13,0.0,0.8,203,2012-02-13,2.4,52.4
44,2,2.5,0.0,2012,20120214,-4.2,0.0,10.1,14,0.0,1.4,203,2012-02-14,7.9,54.5
45,2,0.6,0.0,2012,20120215,-3.2,0.0,6.1,15,0.0,1.7,203,2012-02-15,6.9,35.8
46,2,-1.9,0.0,2012,20120216,-6.2,0.0,4.1,16,0.0,2.7,203,2012-02-16,9.7,30.0
47,2,-5.8,0.0,2012,20120217,-8.5,0.0,-1.7,17,0.0,2.8,203,2012-02-17,9.6,34.6
48,2,-6.9,0.0,2012,20120218,-13.6,0.0,-0.8,18,0.0,1.8,203,2012-02-18,9.9,44.8
49,2,-5.0,0.0,2012,20120219,-13.5,0.0,2.3,19,0.0,1.6,203,2012-02-19,10.1,40.4
50,2,-2.5,0.0,2012,20120220,-12.1,0.0,6.9,20,0.0,1.1,203,2012-02-20,9.7,54.5
51,2,-0.4,0.0,2012,20120221,-7.3,0.0,6.9,21,0.0,0.6,203,2012-02-21,3.5,61.0
52,2,2.8,0.0,2012,20120222,-7.5,0.0,12.0,22,0.0,1.2,203,2012-02-22,9.5,61.0
53,2,4.7,0.0,2012,20120223,-1.7,0.0,9.8,23,0.0,2.0,203,2012-02-23,6.0,62.9
54,2,3.0,0.4,2012,20120224,-4.7,0.0,10.2,24,0.0,1.3,203,2012-02-24,5.0,70.0
55,2,1.9,0.0,2012,20120225,-1.4,0.0,6.2,25,0.0,1.9,203,2012-02-25,1.5,61.6
56,2,-0.8,0.0,2012,20120226,-4.4,0.0,4.8,26,0.0,1.5,203,2012-02-26,5.1,39.3
57,2,-0.9,0.0,2012,20120227,-8.8,0.0,6.6,27,0.0,1.2,203,2012-02-27,10.1,34.9
58,2,-0.4,0.0,2012,20120228,-7.9,0.0,7.3,28,0.0,0.6,203,2012-02-28,2.5,49.5
59,2,4.1,0.0,2012,20120229,-6.6,0.0,13.5,29,0.0,1.0,203,2012-02-29,9.3,43.3
60,3,7.8,0.0,2012,20120301,-0.3,0.0,16.1,1,0.0,0.8,203,2012-03-01,8.0,30.8
61,3,5.4,0.4,2012,20120302,3.4,0.0,7.9,2,0.0,1.7,203,2012-03-02,0.9,60.5
62,3,5.8,0.0,2012,20120303,1.5,0.0,11.8,3,0.0,1.9,203,2012-03-03,6.2,56.8
63,3,4.9,0.0,2012,20120304,-1.0,0.0,10.0,4,0.0,2.1,203,2012-03-04,1.4,57.0
64,3,3.8,9.0,2012,20120305,2.1,0.0,6.1,5,0.0,1.6,203,2012-03-05,0.0,84.1
65,3,3.1,7.0,2012,20120306,1.9,0.0,4.9,6,0.0,2.5,203,2012-03-06,0.1,79.3
66,3,3.4,0.0,2012,20120307,0.5,0.0,8.9,7,0.0,1.8,203,2012-03-07,6.4,64.0
67,3,1.3,0.0,2012,20120308,-3.4,0.0,8.0,8,0.0,1.4,203,2012-03-08,3.1,55.5
68,3,2.8,0.0,2012,20120309,-4.8,0.0,10.0,9,0.0,1.0,203,2012-03-09,7.0,56.6
69,3,4.1,0.0,2012,20120310,0.7,0.0,9.4,10,0.0,1.8,203,2012-03-10,5.9,55.5
70,3,-1.4,0.5,2012,20120311,-4.1,0.0,2.2,11,0.0,3.6,203,2012-03-11,10.7,41.1
71,3,-1.4,0.0,2012,20120312,-5.6,0.0,4.4,12,0.0,2.6,203,2012-03-12,10.5,39.4
72,3,0.8,0.0,2012,20120313,-7.2,0.0,7.9,13,0.0,1.5,203,2012-03-13,10.2,55.4
73,3,2.7,0.0,2012,20120314,-3.3,0.0,7.4,14,0.0,2.0,203,2012-03-14,1.9,69.3
74,3,3.3,0.0,2012,20120315,-4.9,0.0,11.6,15,0.0,1.0,203,2012-03-15,8.1,56.1
75,3,6.1,6.5,2012,20120316,0.8,0.0,12.7,16,0.0,1.2,203,2012-03-16,0.2,63.6
76,3,9.8,4.5,2012,20120317,5.9,0.0,15.6,17,0.0,1.3,203,2012-03-17,4.3,81.5
77,3,7.6,0.0,2012,20120318,2.3,0.0,14.2,18,0.0,2.2,203,2012-03-18,8.6,70.3
78,3,3.2,0.0,2012,20120319,-2.4,0.0,8.9,19,0.0,1.7,203,2012-03-19,9.6,46.9
79,3,2.6,0.0,2012,20120320,-4.2,0.0,10.0,20,0.0,2.2,203,2012-03-20,10.6,38.5
80,3,4.5,0.0,2012,20120321,-3.7,0.0,11.9,21,0.0,2.0,203,2012-03-21,10.9,33.1
81,3,7.0,0.0,2012,20120322,2.0,0.0,11.4,22,0.0,1.2,203,2012-03-22,3.3,52.4
82,3,4.2,21.0,2012,20120323,1.9,0.0,7.9,23,0.0,1.4,203,2012-03-23,0.0,88.5
83,3,3.2,2.0,2012,20120324,0.4,0.0,8.1,24,0.0,3.8,203,2012-03-24,6.7,61.1
84,3,3.5,0.0,2012,20120325,0.1,0.0,7.9,25,0.0,3.4,203,2012-03-25,9.1,42.3
85,3,3.5,0.0,2012,20120326,-2.3,0.0,9.9,26,0.0,2.5,203,2012-03-26,11.3,38.0
86,3,5.6,0.0,2012,20120327,-4.8,0.0,14.2,27,0.0,1.6,203,2012-03-27,7.2,54.6
87,3,9.6,0.0,2012,20120328,3.4,0.0,16.2,28,0.0,1.0,203,2012-03-28,7.4,55.4
88,3,10.8,0.0,2012,20120329,-0.3,0.0,18.2,29,0.0,1.9,203,2012-03-29,6.9,58.4
89,3,10.2,6.0,2012,20120330,6.0,0.0,14.4,30,0.0,2.2,203,2012-03-30,0.0,76.6
90,3,5.8,0.0,2012,20120331,1.5,0.0,10.8,31,0.0,2.9,203,2012-03-31,10.7,39.4
91,4,4.5,0.0,2012,20120401,-0.8,0.0,11.4,1,0.0,1.8,203,2012-04-01,11.0,30.5
92,4,6.4,22.0,2012,20120402,-1.8,0.0,13.7,2,0.0,0.7,203,2012-04-02,1.9,65.4
93,4,5.5,48.0,2012,20120403,2.0,0.0,9.1,3,0.0,3.1,203,2012-04-03,3.6,68.9
94,4,7.3,0.0,2012,20120404,0.6,0.0,15.3,4,0.0,3.3,203,2012-04-04,10.4,60.5
95,4,6.6,0.0,2012,20120405,1.5,0.0,12.9,5,0.0,3.2,203,2012-04-05,11.8,45.8
96,4,5.5,0.0,2012,20120406,0.3,0.0,11.2,6,0.0,3.0,203,2012-04-06,10.8,44.3
97,4,6.4,0.0,2012,20120407,-1.0,0.0,13.9,7,0.0,1.5,203,2012-04-07,12.0,33.6
98,4,11.0,0.0,2012,20120408,-0.4,0.0,19.7,8,0.0,2.1,203,2012-04-08,10.9,49.3
99,4,16.4,0.0,2012,20120409,12.0,0.0,23.9,9,0.0,1.6,203,2012-04-09,9.2,52.1
100,4,12.2,6.5,2012,20120410,7.9,0.0,17.6,10,0.0,0.4,203,2012-04-10,0.0,78.5
101,4,12.0,1.5,2012,20120411,6.8,0.0,17.8,11,0.0,2.0,203,2012-04-11,3.9,79.9
102,4,9.0,0.0,2012,20120412,2.4,0.0,15.4,12,0.0,2.0,203,2012-04-12,6.3,48.5
103,4,9.7,0.0,2012,20120413,4.6,0.0,16.2,13,0.0,1.2,203,2012-04-13,0.9,52.3
104,4,11.4,0.0,2012,20120414,3.1,0.0,20.3,14,0.0,1.4,203,2012-04-14,9.0,62.0
105,4,14.3,0.0,2012,20120415,5.2,0.0,24.4,15,0.0,0.7,203,2012-04-15,10.3,50.1
106,4,12.5,0.0,2012,20120416,6.1,0.0,20.4,16,0.0,2.1,203,2012-04-16,11.4,56.9
107,4,12.9,0.0,2012,20120417,3.2,0.0,20.9,17,0.0,0.7,203,2012-04-17,11.5,47.3
108,4,14.4,0.0,2012,20120418,4.9,0.0,22.2,18,0.0,0.4,203,2012-04-18,7.4,41.9
109,4,15.5,0.0,2012,20120419,7.8,0.0,24.6,19,0.0,1.1,203,2012-04-19,7.5,45.4
110,4,17.0,0.0,2012,20120420,11.8,0.0,23.1,20,0.0,2.0,203,2012-04-20,7.6,47.5
111,4,11.1,48.5,2012,20120421,9.9,0.0,14.0,21,0.0,2.0,203,2012-04-21,0.0,79.1
112,4,10.1,6.0,2012,20120422,8.5,0.0,12.2,22,0.0,2.3,203,2012-04-22,0.0,87.9
113,4,12.5,0.0,2012,20120423,9.2,0.0,16.7,23,0.0,0.7,203,2012-04-23,0.0,81.6
114,4,17.4,0.0,2012,20120424,9.3,0.0,27.3,24,0.0,0.2,203,2012-04-24,7.5,62.9
115,4,14.0,27.5,2012,20120425,12.1,0.0,19.9,25,0.0,1.3,203,2012-04-25,0.0,77.8
116,4,12.0,0.5,2012,20120426,7.9,0.0,17.8,26,0.0,3.3,203,2012-04-26,12.0,50.9
117,4,14.0,0.0,2012,20120427,2.8,0.0,24.3,27,0.0,1.5,203,2012-04-27,12.2,42.5
118,4,16.5,0.0,2012,20120428,6.8,0.0,25.3,28,0.0,0.9,203,2012-04-28,10.7,47.3
119,4,17.7,0.0,2012,20120429,9.7,0.0,25.1,29,0.0,0.3,203,2012-04-29,6.8,59.1
120,4,19.7,0.0,2012,20120430,10.3,0.0,27.7,30,0.0,1.6,203,2012-04-30,12.6,52.4
121,5,20.2,0.0,2012,20120501,12.2,0.0,26.4,1,0.0,0.2,203,2012-05-01,2.3,61.1
122,5,22.1,0.0,2012,20120502,16.8,0.0,29.7,2,0.0,1.0,203,2012-05-02,10.3,55.0
123,5,18.2,2.0,2012,20120503,13.1,0.0,25.1,3,0.0,1.4,203,2012-05-03,9.3,62.1
124,5,19.0,0.0,2012,20120504,10.5,0.0,28.1,4,0.0,1.5,203,2012-05-04,12.5,54.3
125,5,18.5,0.0,2012,20120505,12.0,0.0,26.7,5,0.0,2.2,203,2012-05-05,12.2,41.8
126,5,17.4,0.0,2012,20120506,9.5,0.0,24.7,6,0.0,1.8,203,2012-05-06,12.3,37.0
127,5,17.1,0.0,2012,20120507,6.9,0.0,26.6,7,0.0,0.8,203,2012-05-07,11.1,44.1
128,5,18.4,0.0,2012,20120508,9.7,0.0,26.5,8,0.0,0.4,203,2012-05-08,6.2,43.6
129,5,19.0,0.0,2012,20120509,10.2,0.0,28.5,9,0.0,0.4,203,2012-05-09,8.9,56.9
130,5,18.5,0.0,2012,20120510,11.5,0.0,26.2,10,0.0,0.8,203,2012-05-10,10.4,57.0
131,5,15.0,0.0,2012,20120511,12.0,0.0,19.0,11,0.0,1.0,203,2012-05-11,0.9,63.6
132,5,16.9,0.0,2012,20120512,10.7,0.0,22.7,12,0.0,0.6,203,2012-05-12,8.3,58.4
133,5,18.8,0.0,2012,20120513,13.8,0.0,25.1,13,0.0,0.7,203,2012-05-13,8.3,58.8
134,5,15.4,15.0,2012,20120514,14.6,0.0,17.6,14,0.0,0.2,203,2012-05-14,0.0,86.5
135,5,17.5,0.1,2012,20120515,12.3,0.0,23.5,15,0.0,1.3,203,2012-05-15,10.7,64.5
136,5,16.9,0.0,2012,20120516,10.8,0.0,23.1,16,0.0,1.1,203,2012-05-16,6.2,57.3
137,5,14.2,6.5,2012,20120517,10.1,0.0,21.0,17,0.0,0.6,203,2012-05-17,6.5,74.0
138,5,15.8,0.0,2012,20120518,9.2,0.0,24.4,18,0.0,0.5,203,2012-05-18,8.2,64.4
139,5,17.9,0.0,2012,20120519,8.7,0.0,26.4,19,0.0,0.3,203,2012-05-19,11.8,50.1
140,5,19.6,0.0,2012,20120520,10.0,0.0,29.6,20,0.0,0.3,203,2012-05-20,12.5,54.9
141,5,20.2,0.0,2012,20120521,12.1,0.0,28.8,21,0.0,0.2,203,2012-05-21,12.6,52.1
142,5,21.3,0.0,2012,20120522,11.8,0.0,29.4,22,0.0,0.3,203,2012-05-22,12.8,46.8
143,5,21.5,0.0,2012,20120523,14.6,0.0,29.0,23,0.0,0.7,203,2012-05-23,10.9,44.9
144,5,19.5,0.0,2012,20120524,13.5,0.0,24.8,24,0.0,0.2,203,2012-05-24,4.1,54.1
145,5,20.4,0.0,2012,20120525,13.7,0.0,28.0,25,0.0,0.8,203,2012-05-25,11.1,46.8
146,5,18.6,0.0,2012,20120526,9.5,0.0,26.5,26,0.0,0.3,203,2012-05-26,9.2,50.3
147,5,19.0,0.4,2012,20120527,12.5,0.0,25.8,27,0.0,0.6,203,2012-05-27,7.3,61.5
148,5,18.5,9.5,2012,20120528,13.6,0.0,24.8,28,0.0,0.3,203,2012-05-28,4.0,79.4
149,5,20.6,0.0,2012,20120529,16.4,0.0,26.3,29,0.0,0.3,203,2012-05-29,5.6,58.3
150,5,17.3,1.0,2012,20120530,14.2,0.0,20.8,30,0.0,0.6,203,2012-05-30,0.0,76.6
151,5,19.2,0.2,2012,20120531,13.2,0.0,26.2,31,0.0,0.3,203,2012-05-31,7.8,68.8
152,6,19.7,0.0,2012,20120601,12.8,0.0,26.7,1,0.0,0.1,203,2012-06-01,7.1,62.8
153,6,21.8,0.0,2012,20120602,15.5,0.0,28.6,2,0.0,0.5,203,2012-06-02,9.0,56.0
154,6,21.9,0.0,2012,20120603,13.9,0.0,29.5,3,0.0,0.3,203,2012-06-03,12.2,51.6
155,6,22.8,0.0,2012,20120604,14.3,0.0,29.8,4,0.0,0.6,203,2012-06-04,11.5,48.8
156,6,23.1,0.0,2012,20120605,19.2,0.0,29.3,5,0.0,1.2,203,2012-06-05,9.9,57.4
157,6,23.0,0.0,2012,20120606,18.4,0.0,29.5,6,0.0,0.7,203,2012-06-06,7.7,63.4
158,6,23.3,0.0,2012,20120607,17.2,0.0,30.0,7,0.0,0.8,203,2012-06-07,7.6,64.4
159,6,21.4,0.0,2012,20120608,16.9,0.0,27.6,8,0.0,1.2,203,2012-06-08,1.0,70.9
160,6,23.0,0.0,2012,20120609,16.2,0.0,29.8,9,0.0,0.9,203,2012-06-09,8.0,65.1
161,6,24.0,0.0,2012,20120610,18.2,0.0,30.2,10,0.0,1.3,203,2012-06-10,7.7,63.1
162,6,22.8,0.0,2012,20120611,18.9,0.0,27.3,11,0.0,1.0,203,2012-06-11,1.0,67.5
163,6,21.8,0.4,2012,20120612,17.2,0.0,30.7,12,0.0,1.3,203,2012-06-12,8.3,68.3
164,6,22.2,0.0,2012,20120613,16.2,0.0,28.5,13,0.0,1.2,203,2012-06-13,7.1,63.5
165,6,23.0,0.0,2012,20120614,16.3,0.0,29.6,14,0.0,2.2,203,2012-06-14,11.7,56.3
166,6,21.4,0.0,2012,20120615,17.9,0.0,25.3,15,0.0,1.9,203,2012-06-15,2.9,64.6
167,6,23.3,0.0,2012,20120616,16.8,0.0,30.9,16,0.0,1.4,203,2012-06-16,12.4,62.9
168,6,24.2,0.0,2012,20120617,17.6,0.0,31.0,17,0.0,1.4,203,2012-06-17,12.5,51.5
169,6,23.9,0.0,2012,20120618,17.0,0.0,31.3,18,0.0,1.0,203,2012-06-18,6.6,52.6
170,6,25.1,0.0,2012,20120619,18.7,0.0,34.0,19,0.0,1.4,203,2012-06-19,10.3,51.9
171,6,23.2,10.0,2012,20120620,17.1,0.0,31.5,20,0.0,1.2,203,2012-06-20,10.1,63.8
172,6,25.0,0.0,2012,20120621,17.5,0.0,33.2,21,0.0,1.0,203,2012-06-21,12.0,59.8
173,6,24.4,0.0,2012,20120622,18.9,0.0,30.8,22,0.0,1.3,203,2012-06-22,5.7,61.0
174,6,25.8,0.0,2012,20120623,19.1,0.0,32.4,23,0.0,1.0,203,2012-06-23,9.1,61.4
175,6,25.0,0.0,2012,20120624,20.4,0.0,30.3,24,0.0,1.3,203,2012-06-24,2.8,63.0
176,6,23.3,0.0,2012,20120625,16.8,0.0,31.0,25,0.0,2.0,203,2012-06-25,9.9,53.9
177,6,22.7,0.0,2012,20120626,17.2,0.0,29.4,26,0.0,2.2,203,2012-06-26,12.3,53.9
178,6,22.7,0.0,2012,20120627,17.0,0.0,29.5,27,0.0,2.5,203,2012-06-27,11.1,56.1
179,6,23.7,0.0,2012,20120628,17.0,0.0,29.4,28,0.0,0.9,203,2012-06-28,4.6,59.5
180,6,25.6,7.5,2012,20120629,19.8,0.0,33.1,29,0.0,1.5,203,2012-06-29,6.2,60.1
181,6,22.4,66.5,2012,20120630,20.7,0.0,24.7,30,0.0,2.2,203,2012-06-30,0.0,86.3
182,7,23.2,0.0,2012,20120701,20.5,0.0,28.2,1,0.0,1.7,203,2012-07-01,5.5,74.9
183,7,24.1,0.0,2012,20120702,20.0,0.0,29.4,2,0.0,1.0,203,2012-07-02,6.3,67.0
184,7,24.3,0.1,2012,20120703,17.9,0.0,29.4,3,0.0,1.1,203,2012-07-03,6.8,71.1
185,7,25.8,0.0,2012,20120704,22.6,0.0,30.9,4,0.0,1.5,203,2012-07-04,5.6,71.8
186,7,23.4,13.5,2012,20120705,21.5,0.0,26.7,5,0.0,1.3,203,2012-07-05,0.0,83.4
187,7,20.5,247.5,2012,20120706,19.0,0.0,21.6,6,0.0,1.8,203,2012-07-06,0.0,89.9
188,7,24.0,0.0,2012,20120707,17.0,0.0,31.1,7,0.0,0.9,203,2012-07-07,13.1,66.9
189,7,24.9,0.0,2012,20120708,18.6,0.0,32.6,8,0.0,1.2,203,2012-07-08,11.2,67.5
190,7,26.1,0.0,2012,20120709,18.8,0.0,32.5,9,0.0,0.8,203,2012-07-09,10.1,66.0
191,7,24.9,1.5,2012,20120710,20.9,0.0,29.4,10,0.0,1.3,203,2012-07-10,1.7,72.4
192,7,23.7,9.5,2012,20120711,20.5,0.0,28.7,11,0.0,1.2,203,2012-07-11,2.3,81.8
193,7,25.2,0.0,2012,20120712,20.1,0.0,29.4,12,0.0,1.2,203,2012-07-12,5.5,70.4
194,7,26.1,13.0,2012,20120713,22.0,0.0,30.4,13,0.0,1.5,203,2012-07-13,6.5,74.4
195,7,22.7,3.0,2012,20120714,20.0,0.0,24.9,14,0.0,1.4,203,2012-07-14,0.0,82.6
196,7,20.0,90.5,2012,20120715,18.7,0.0,21.2,15,0.0,1.6,203,2012-07-15,0.0,89.8
197,7,21.9,0.2,2012,20120716,19.6,0.0,25.9,16,0.0,0.9,203,2012-07-16,0.4,80.0
198,7,24.0,0.1,2012,20120717,20.1,0.0,29.2,17,0.0,0.8,203,2012-07-17,1.3,81.1
199,7,26.0,2.5,2012,20120718,22.3,0.0,30.4,18,0.0,1.1,203,2012-07-18,1.5,79.4
200,7,24.7,72.5,2012,20120719,23.1,0.0,27.9,19,0.0,2.9,203,2012-07-19,4.1,80.1
201,7,26.0,0.2,2012,20120720,22.6,0.0,30.7,20,0.0,0.9,203,2012-07-20,5.7,74.3
202,7,27.2,0.0,2012,20120721,22.6,0.0,33.8,21,0.0,0.6,203,2012-07-21,9.4,71.5
203,7,24.9,30.5,2012,20120722,22.9,0.0,30.1,22,0.0,1.1,203,2012-07-22,2.8,84.9
204,7,26.8,0.0,2012,20120723,23.0,0.0,31.4,23,0.0,1.1,203,2012-07-23,2.3,77.3
205,7,28.0,0.0,2012,20120724,24.0,0.0,34.0,24,0.0,1.1,203,2012-07-24,11.2,68.4
206,7,27.4,0.0,2012,20120725,22.3,0.0,33.7,25,0.0,1.0,203,2012-07-25,9.4,70.3
207,7,27.4,0.0,2012,20120726,21.8,0.0,33.9,26,0.0,1.0,203,2012-07-26,10.7,69.1
208,7,27.3,0.0,2012,20120727,21.8,0.0,33.2,27,0.0,1.2,203,2012-07-27,11.9,68.5
209,7,27.5,0.0,2012,20120728,21.8,0.0,33.7,28,0.0,0.9,203,2012-07-28,9.2,70.6
210,7,28.2,0.0,2012,20120729,22.4,0.0,34.4,29,0.0,1.4,203,2012-07-29,10.8,69.0
211,7,28.2,0.0,2012,20120730,23.3,0.0,34.2,30,0.0,1.5,203,2012-07-30,8.5,70.4
212,7,28.5,0.0,2012,20120731,24.2,0.0,34.5,31,0.0,0.8,203,2012-07-31,7.5,71.3
213,8,29.2,0.0,2012,20120801,23.8,0.0,36.2,1,0.0,0.8,203,2012-08-01,11.0,68.5
214,8,29.5,0.0,2012,20120802,23.6,0.0,35.4,2,0.0,1.8,203,2012-08-02,12.8,60.3
215,8,29.4,0.0,2012,20120803,23.9,0.0,35.5,3,0.0,1.7,203,2012-08-03,12.1,63.3
216,8,29.4,0.0,2012,20120804,23.2,0.0,36.6,4,0.0,0.8,203,2012-08-04,12.8,64.6
217,8,29.8,0.0,2012,20120805,23.1,0.0,37.7,5,0.0,0.6,203,2012-08-05,13.0,64.4
218,8,30.0,0.0,2012,20120806,24.1,0.0,36.9,6,0.0,0.9,203,2012-08-06,12.4,63.3
219,8,28.9,0.0,2012,20120807,23.4,0.0,35.9,7,0.0,1.2,203,2012-08-07,11.1,58.0
220,8,27.6,0.0,2012,20120808,21.0,0.0,33.8,8,0.0,1.0,203,2012-08-08,12.5,60.1
221,8,27.7,0.0,2012,20120809,22.9,0.0,32.8,9,0.0,1.0,203,2012-08-09,5.2,69.9
222,8,25.0,1.5,2012,20120810,22.3,0.0,28.6,10,0.0,0.7,203,2012-08-10,0.3,81.5
223,8,26.5,0.0,2012,20120811,22.0,0.0,32.4,11,0.0,0.6,203,2012-08-11,5.9,73.3
224,8,23.7,71.5,2012,20120812,20.7,0.0,26.8,12,0.0,1.0,203,2012-08-12,0.0,88.4
225,8,24.8,1.0,2012,20120813,20.7,0.0,30.8,13,0.0,0.8,203,2012-08-13,4.9,75.8
226,8,25.7,0.5,2012,20120814,20.2,0.0,31.1,14,0.0,1.9,203,2012-08-14,8.1,67.9
227,8,24.5,57.5,2012,20120815,22.9,0.0,27.9,15,0.0,2.3,203,2012-08-15,0.0,84.8
228,8,24.2,0.0,2012,20120816,22.2,0.0,27.7,16,0.0,0.6,203,2012-08-16,0.2,84.1
229,8,26.2,6.0,2012,20120817,22.8,0.0,32.8,17,0.0,0.8,203,2012-08-17,7.6,80.3
230,8,26.9,0.5,2012,20120818,23.4,0.0,30.3,18,0.0,0.8,203,2012-08-18,1.2,83.0
231,8,28.1,0.1,2012,20120819,25.4,0.0,32.5,19,0.0,1.8,203,2012-08-19,4.2,76.1
232,8,25.9,51.5,2012,20120820,24.8,0.0,29.4,20,0.0,1.8,203,2012-08-20,0.0,86.6
233,8,24.9,21.5,2012,20120821,23.8,0.0,30.6,21,0.0,1.0,203,2012-08-21,0.7,87.4
234,8,22.2,21.0,2012,20120822,20.2,0.0,24.2,22,0.0,1.0,203,2012-08-22,0.0,87.1
235,8,21.4,1.5,2012,20120823,19.6,0.0,25.5,23,0.0,1.1,203,2012-08-23,0.8,84.3
236,8,22.2,2.5,2012,20120824,18.8,0.0,26.1,24,0.0,1.1,203,2012-08-24,0.0,82.3
237,8,24.6,2.5,2012,20120825,21.3,0.0,31.5,25,0.0,1.0,203,2012-08-25,3.6,82.9
238,8,27.0,1.0,2012,20120826,22.6,0.0,34.2,26,0.0,0.7,203,2012-08-26,8.9,79.0
239,8,26.6,0.0,2012,20120827,21.1,0.0,32.9,27,0.0,1.4,203,2012-08-27,8.4,71.1
240,8,26.8,2.5,2012,20120828,22.2,0.0,29.8,28,0.0,5.5,203,2012-08-28,0.0,66.0
241,8,25.8,2.5,2012,20120829,22.1,0.0,31.0,29,0.0,2.6,203,2012-08-29,8.7,71.5
242,8,20.3,107.0,2012,20120830,18.3,0.0,23.3,30,0.0,1.8,203,2012-08-30,0.0,87.9
243,8,23.4,0.0,2012,20120831,18.3,0.0,29.9,31,0.0,1.6,203,2012-08-31,11.6,67.5
244,9,23.1,0.0,2012,20120901,19.9,0.0,29.8,1,0.0,0.8,203,2012-09-01,5.6,77.8
245,9,23.2,0.0,2012,20120902,17.7,0.0,29.8,2,0.0,0.6,203,2012-09-02,8.6,77.4
246,9,24.8,0.0,2012,20120903,20.1,0.0,31.1,3,0.0,0.7,203,2012-09-03,7.2,73.5
247,9,21.0,100.5,2012,20120904,19.0,0.0,24.3,4,0.0,1.1,203,2012-09-04,0.5,88.0
248,9,21.4,6.5,2012,20120905,15.0,0.0,27.5,5,0.0,1.3,203,2012-09-05,9.6,71.0
249,9,18.9,0.0,2012,20120906,12.2,0.0,27.8,6,0.0,0.8,203,2012-09-06,9.8,71.4
250,9,20.1,7.0,2012,20120907,13.1,0.0,27.7,7,0.0,0.8,203,2012-09-07,6.7,77.1
251,9,21.0,23.0,2012,20120908,17.4,0.0,25.1,8,0.0,2.4,203,2012-09-08,6.2,72.0
252,9,19.4,0.0,2012,20120909,16.1,0.0,25.0,9,0.0,0.7,203,2012-09-09,1.9,78.3
253,9,21.1,0.0,2012,20120910,16.6,0.0,28.7,10,0.0,0.8,203,2012-09-10,8.0,74.5
254,9,20.1,0.0,2012,20120911,14.1,0.0,28.3,11,0.0,0.8,203,2012-09-11,10.5,71.0
255,9,19.6,0.5,2012,20120912,15.0,0.0,26.3,12,0.0,0.6,203,2012-09-12,2.4,82.6
256,9,19.5,8.0,2012,20120913,18.3,0.0,20.7,13,0.0,0.5,203,2012-09-13,0.0,90.0
257,9,18.9,3.5,2012,20120914,16.0,0.0,23.5,14,0.0,0.6,203,2012-09-14,0.3,80.9
258,9,19.5,0.0,2012,20120915,15.3,0.0,25.4,15,0.0,0.9,203,2012-09-15,4.3,74.1
259,9,17.8,7.0,2012,20120916,16.7,0.0,20.2,16,0.0,1.7,203,2012-09-16,0.0,76.4
260,9,17.2,53.5,2012,20120917,16.2,0.0,18.7,17,0.0,2.6,203,2012-09-17,0.0,86.0
261,9,20.6,0.5,2012,20120918,17.3,0.0,25.7,18,0.0,1.8,203,2012-09-18,8.3,73.9
262,9,17.6,3.0,2012,20120919,13.9,0.0,24.2,19,0.0,0.9,203,2012-09-19,3.7,82.6
263,9,18.1,0.0,2012,20120920,12.2,0.0,26.1,20,0.0,0.6,203,2012-09-20,5.5,78.4
264,9,18.4,0.0,2012,20120921,14.5,0.0,25.2,21,0.0,0.8,203,2012-09-21,3.8,80.4
265,9,18.3,0.0,2012,20120922,14.4,0.0,26.3,22,0.0,0.7,203,2012-09-22,5.4,80.3
266,9,18.9,0.0,2012,20120923,12.9,0.0,27.5,23,0.0,0.7,203,2012-09-23,9.1,70.1
267,9,18.2,0.0,2012,20120924,11.4,0.0,28.0,24,0.0,0.6,203,2012-09-24,10.4,66.8
268,9,18.6,0.0,2012,20120925,11.4,0.0,27.6,25,0.0,0.7,203,2012-09-25,9.5,68.0
269,9,18.2,0.0,2012,20120926,12.0,0.0,25.7,26,0.0,0.6,203,2012-09-26,6.3,76.9
270,9,17.5,0.0,2012,20120927,14.2,0.0,22.9,27,0.0,0.6,203,2012-09-27,0.7,79.6
271,9,17.0,0.5,2012,20120928,12.0,0.0,24.1,28,0.0,1.2,203,2012-09-28,4.6,78.5
272,9,15.4,0.1,2012,20120929,9.9,0.0,21.0,29,0.0,1.5,203,2012-09-29,7.0,68.0
273,9,14.1,0.0,2012,20120930,8.0,0.0,22.5,30,0.0,0.8,203,2012-09-30,6.9,74.3
274,10,14.9,0.0,2012,20121001,8.1,0.0,25.3,1,0.0,0.6,203,2012-10-01,7.7,72.1
275,10,16.6,0.0,2012,20121002,9.5,0.0,26.3,2,0.0,0.5,203,2012-10-02,8.8,72.0
276,10,16.9,0.0,2012,20121003,10.6,0.0,25.7,3,0.0,0.6,203,2012-10-03,8.9,71.8
277,10,16.5,0.0,2012,20121004,8.0,0.0,25.0,4,0.0,0.7,203,2012-10-04,9.1,70.4
278,10,15.9,0.0,2012,20121005,10.7,0.0,22.8,5,0.0,0.6,203,2012-10-05,2.5,80.1
279,10,16.9,0.0,2012,20121006,11.9,0.0,25.1,6,0.0,0.7,203,2012-10-06,6.5,73.6
280,10,16.2,0.0,2012,20121007,8.9,0.0,25.5,7,0.0,0.6,203,2012-10-07,9.8,69.3
281,10,14.9,0.0,2012,20121008,9.2,0.0,23.7,8,0.0,0.7,203,2012-10-08,9.9,70.3
282,10,13.5,0.0,2012,20121009,7.1,0.0,21.5,9,0.0,0.7,203,2012-10-09,4.8,76.8
283,10,13.0,0.5,2012,20121010,8.6,0.0,19.3,10,0.0,0.9,203,2012-10-10,2.5,81.1
284,10,11.1,0.0,2012,20121011,3.7,0.0,19.8,11,0.0,1.0,203,2012-10-11,8.7,69.4
285,10,10.6,0.0,2012,20121012,2.9,0.0,21.6,12,0.0,0.7,203,2012-10-12,7.9,71.6
286,10,12.3,0.0,2012,20121013,5.4,0.0,22.4,13,0.0,0.6,203,2012-10-13,8.9,69.8
287,10,12.6,0.0,2012,20121014,5.6,0.0,23.1,14,0.0,0.8,203,2012-10-14,5.6,61.8
288,10,11.0,0.0,2012,20121015,2.4,0.0,21.4,15,0.0,0.9,203,2012-10-15,9.8,58.3
289,10,14.1,0.0,2012,20121016,3.0,0.0,23.6,16,0.0,1.0,203,2012-10-16,9.6,62.4
290,10,12.1,2.5,2012,20121017,5.8,0.0,15.9,17,0.0,1.9,203,2012-10-17,5.5,59.3
291,10,8.6,0.0,2012,20121018,-0.5,0.0,17.6,18,0.0,1.1,203,2012-10-18,10.0,56.6
292,10,11.0,0.0,2012,20121019,3.2,0.0,20.3,19,0.0,0.8,203,2012-10-19,8.9,63.4
293,10,13.1,0.0,2012,20121020,3.5,0.0,22.0,20,0.0,1.1,203,2012-10-20,7.6,68.5
294,10,15.4,0.0,2012,20121021,10.6,0.0,23.6,21,0.0,0.8,203,2012-10-21,6.9,72.0
295,10,11.8,28.5,2012,20121022,8.9,0.0,16.5,22,0.0,1.9,203,2012-10-22,0.0,81.3
296,10,9.2,0.0,2012,20121023,3.5,0.0,14.5,23,0.0,2.0,203,2012-10-23,10.0,51.5
297,10,10.3,0.0,2012,20121024,4.6,0.0,17.9,24,0.0,1.0,203,2012-10-24,6.0,71.8
298,10,11.5,0.0,2012,20121025,5.8,0.0,19.2,25,0.0,0.6,203,2012-10-25,4.7,79.1
299,10,11.2,0.0,2012,20121026,7.1,0.0,21.3,26,0.0,0.5,203,2012-10-26,4.6,81.8
300,10,12.1,31.5,2012,20121027,8.0,0.0,15.8,27,0.0,0.9,203,2012-10-27,0.0,89.4
301,10,14.4,0.0,2012,20121028,8.6,0.0,19.5,28,0.0,2.0,203,2012-10-28,9.0,64.0
302,10,9.4,0.0,2012,20121029,3.5,0.0,16.3,29,0.0,0.8,203,2012-10-29,5.0,74.9
303,10,8.9,0.0,2012,20121030,3.9,0.0,14.5,30,0.0,1.4,203,2012-10-30,9.4,57.1
304,10,5.5,0.5,2012,20121031,-1.7,0.0,12.5,31,0.0,1.1,203,2012-10-31,4.9,68.3
305,11,5.0,0.0,2012,20121101,-0.1,0.0,10.5,1,0.0,2.0,203,2012-11-01,9.5,45.4
306,11,3.7,0.0,2012,20121102,-3.6,0.0,12.8,2,0.0,0.8,203,2012-11-02,9.6,58.8
307,11,5.6,0.0,2012,20121103,-2.3,0.0,16.1,3,0.0,0.5,203,2012-11-03,9.5,60.8
308,11,9.6,4.0,2012,20121104,1.3,0.0,15.0,4,0.0,1.6,203,2012-11-04,2.5,69.0
309,11,8.2,4.5,2012,20121105,4.2,0.0,11.9,5,0.0,1.0,203,2012-11-05,1.0,87.5
310,11,7.2,5.0,2012,20121106,4.4,0.0,9.5,6,0.0,1.2,203,2012-11-06,0.4,81.1
311,11,7.1,0.0,2012,20121107,2.8,0.0,13.7,7,0.0,1.3,203,2012-11-07,6.3,74.0
312,11,5.6,0.0,2012,20121108,2.2,0.0,9.6,8,0.0,0.6,203,2012-11-08,0.0,86.4
313,11,5.8,0.0,2012,20121109,2.7,0.0,14.4,9,0.0,0.6,203,2012-11-09,3.7,83.5
314,11,9.2,0.0,2012,20121110,1.9,0.0,15.1,10,0.0,1.9,203,2012-11-10,8.7,63.5
315,11,8.2,22.0,2012,20121111,3.8,0.0,13.0,11,0.0,2.9,203,2012-11-11,0.6,77.8
316,11,7.1,4.5,2012,20121112,5.3,0.0,8.5,12,0.0,3.1,203,2012-11-12,0.2,73.9
317,11,5.0,4.0,2012,20121113,2.2,0.0,9.6,13,0.0,2.6,203,2012-11-13,4.6,69.4
318,11,2.6,0.0,2012,20121114,-0.1,0.0,7.8,14,0.0,2.2,203,2012-11-14,9.1,56.1
319,11,2.5,0.0,2012,20121115,-3.7,0.0,10.7,15,0.0,0.8,203,2012-11-15,9.1,64.1
320,11,1.2,4.0,2012,20121116,-4.0,0.0,4.3,16,0.0,0.5,203,2012-11-16,1.2,84.4
321,11,5.2,0.5,2012,20121117,1.7,0.0,9.1,17,0.0,1.8,203,2012-11-17,7.6,62.8
322,11,2.0,0.0,2012,20121118,-4.3,0.0,9.6,18,0.0,0.8,203,2012-11-18,9.2,58.6
323,11,1.9,3.0,2012,20121119,-2.3,0.0,9.4,19,0.0,1.7,203,2012-11-19,3.3,71.8
324,11,1.0,0.0,2012,20121120,-3.5,0.0,7.4,20,0.0,1.3,203,2012-11-20,8.5,58.1
325,11,0.5,0.0,2012,20121121,-5.1,0.0,7.3,21,0.0,0.6,203,2012-11-21,6.2,73.0
326,11,3.8,0.0,2012,20121122,-3.1,0.0,10.2,22,0.0,0.7,203,2012-11-22,6.7,73.5
327,11,4.1,0.0,2012,20121123,1.4,0.0,7.3,23,0.0,1.6,203,2012-11-23,3.1,64.9
328,11,1.1,0.0,2012,20121124,-4.4,0.0,8.2,24,0.0,1.3,203,2012-11-24,8.7,55.8
329,11,0.7,1.0,2012,20121125,-5.8,0.0,6.8,25,0.0,0.6,203,2012-11-25,5.9,68.1
330,11,1.7,0.5,2012,20121126,-3.2,0.0,6.6,26,0.0,2.1,203,2012-11-26,6.7,58.5
331,11,-0.6,0.0,2012,20121127,-6.9,0.0,6.3,27,0.0,0.8,203,2012-11-27,9.0,53.4
332,11,3.2,4.5,2012,20121128,-2.7,0.0,9.3,28,0.0,1.6,203,2012-11-28,0.8,65.5
333,11,0.3,0.0,2012,20121129,-3.7,0.0,5.8,29,0.0,1.3,203,2012-11-29,7.4,44.8
334,11,0.7,0.0,2012,20121130,-5.0,0.0,7.0,30,0.0,1.1,203,2012-11-30,7.9,58.3
335,12,-2.0,0.0,2012,20121201,-7.4,0.0,4.6,1,0.0,1.1,203,2012-12-01,8.9,56.6
336,12,1.3,0.0,2012,20121202,-3.1,0.0,8.1,2,0.0,1.0,203,2012-12-02,6.9,66.4
337,12,-0.2,5.5,2012,20121203,-4.0,0.0,4.4,3,0.0,1.7,203,2012-12-03,0.0,79.5
338,12,-2.8,0.0,2012,20121204,-5.3,0.0,1.7,4,0.0,2.4,203,2012-12-04,8.9,49.4
339,12,-4.0,6.0,2012,20121205,-8.2,0.0,0.4,5,0.0,1.4,203,2012-12-05,2.7,75.1
340,12,-7.2,0.0,2012,20121206,-11.3,0.0,-4.0,6,0.0,1.8,203,2012-12-06,7.3,55.0
341,12,-6.0,2.5,2012,20121207,-11.4,0.0,-2.3,7,0.0,0.9,203,2012-12-07,0.0,83.8
342,12,-7.8,0.0,2012,20121208,-12.2,0.0,-2.6,8,0.0,1.8,203,2012-12-08,8.7,50.8
343,12,-11.0,0.0,2012,20121209,-14.9,0.0,-5.2,9,0.0,1.5,203,2012-12-09,7.5,55.5
344,12,-10.7,0.0,2012,20121210,-19.1,0.0,-2.6,10,0.0,0.7,203,2012-12-10,8.7,65.4
345,12,-11.1,0.0,2012,20121211,-18.3,0.0,-2.3,11,0.0,0.5,203,2012-12-11,8.5,69.6
346,12,-9.8,0.0,2012,20121212,-17.5,0.0,-1.0,12,0.0,0.4,203,2012-12-12,7.8,74.5
347,12,-7.5,0.0,2012,20121213,-16.7,0.0,1.6,13,0.0,0.4,203,2012-12-13,7.7,69.3
348,12,-0.4,21.0,2012,20121214,-5.7,0.0,2.9,14,0.0,0.7,203,2012-12-14,0.0,87.1
349,12,3.5,0.5,2012,20121215,-1.3,0.0,8.1,15,0.0,0.8,203,2012-12-15,1.4,86.3
350,12,-0.2,0.0,2012,20121216,-3.9,0.0,3.5,16,0.0,0.5,203,2012-12-16,1.6,88.0
351,12,-0.6,0.0,2012,20121217,-3.7,0.0,4.6,17,0.0,1.6,203,2012-12-17,5.7,74.6
352,12,-5.8,0.0,2012,20121218,-9.0,0.0,-1.6,18,0.0,1.9,203,2012-12-18,8.8,54.3
353,12,-7.1,0.0,2012,20121219,-12.4,0.0,-1.3,19,0.0,1.0,203,2012-12-19,8.9,58.4
354,12,-5.5,0.0,2012,20121220,-11.6,0.0,1.8,20,0.0,0.8,203,2012-12-20,7.8,69.1
355,12,-1.8,0.5,2012,20121221,-5.0,0.0,0.4,21,0.0,0.7,203,2012-12-21,0.0,77.9
356,12,-2.4,0.0,2012,20121222,-5.8,0.0,0.5,22,0.0,1.8,203,2012-12-22,5.0,71.1
357,12,-7.6,0.0,2012,20121223,-11.5,0.0,-4.5,23,0.0,2.3,203,2012-12-23,8.7,50.1
358,12,-9.9,0.0,2012,20121224,-16.2,0.0,-4.0,24,0.0,0.8,203,2012-12-24,9.0,61.0
359,12,-8.7,0.5,2012,20121225,-13.0,0.0,-4.2,25,0.0,1.8,203,2012-12-25,7.4,52.4
360,12,-11.9,0.0,2012,20121226,-16.7,0.0,-5.4,26,0.0,1.1,203,2012-12-26,9.0,47.6
361,12,-8.1,0.0,2012,20121227,-15.9,0.0,-1.0,27,0.0,0.6,203,2012-12-27,7.4,60.8
362,12,-3.1,0.9,2012,20121228,-5.9,0.0,0.0,28,0.0,0.6,203,2012-12-28,0.0,78.3
363,12,-2.2,1.8,2012,20121229,-6.6,0.0,1.5,29,0.0,0.7,203,2012-12-29,0.0,88.9
364,12,-7.2,1.0,2012,20121230,-11.6,0.0,-0.2,30,0.0,2.0,203,2012-12-30,8.1,56.8
365,12,-9.1,0.0,2012,20121231,-15.7,0.0,-2.1,31,0.0,0.9,203,2012-12-31,8.8,56.3
