,tmin,cloud,sunshine,tavg,wind,day,rainfall,date,humid,tmax,year,snow,Date,station_id,month
0,-1.5,0.0,3.5,2.9,0.5,2,0.0,20160102,76.1,10.2,2016,0.0,2016-01-02,203,1
1,-1.5,0.0,2.7,3.9,0.6,3,0.0,20160103,80.8,9.9,2016,0.0,2016-01-03,203,1
2,-0.3,0.0,8.1,3.7,2.1,4,0.0,20160104,44.0,7.2,2016,0.0,2016-01-04,203,1
3,-4.6,0.0,6.6,-1.5,1.7,5,0.0,20160105,31.9,2.5,2016,0.0,2016-01-05,203,1
4,-7.8,0.0,2.5,-2.2,1.0,6,0.0,20160106,58.3,3.3,2016,0.0,2016-01-06,203,1
5,-7.1,0.0,8.8,-2.5,1.5,7,0.0,20160107,48.6,3.2,2016,0.0,2016-01-07,203,1
6,-9.9,0.0,8.8,-3.8,1.3,8,0.0,20160108,49.8,2.1,2016,0.0,2016-01-08,203,1
7,-5.8,0.0,7.8,-1.2,1.4,9,0.0,20160109,54.6,3.6,2016,0.0,2016-01-09,203,1
8,-2.6,0.0,7.4,0.7,1.7,10,0.0,20160110,42.4,5.7,2016,0.0,2016-01-10,203,1
9,-6.6,0.0,8.8,-2.6,1.5,11,0.0,20160111,31.4,3.3,2016,0.0,2016-01-11,203,1
10,-12.2,0.0,8.6,-5.3,1.3,12,0.0,20160112,52.3,1.9,2016,0.0,2016-01-12,203,1
11,-9.7,0.0,6.4,-3.8,1.4,13,1.2,20160113,60.8,1.3,2016,0.0,2016-01-13,203,1
12,-11.7,0.0,7.2,-4.1,1.1,14,0.5,20160114,55.1,0.7,2016,0.0,2016-01-14,203,1
13,-6.1,0.0,4.4,-2.5,0.5,15,1.1,20160115,76.9,3.0,2016,0.0,2016-01-15,203,1
14,-7.7,0.0,2.5,-2.6,0.5,16,0.0,20160116,73.5,3.7,2016,0.0,2016-01-16,203,1
15,-4.5,0.0,0.0,-0.1,0.6,17,0.0,20160117,71.8,4.2,2016,0.0,2016-01-17,203,1
16,-11.2,0.0,5.2,-5.0,3.4,18,0.2,20160118,53.0,0.7,2016,0.0,2016-01-18,203,1
17,-13.9,0.0,8.9,-11.0,3.3,19,0.0,20160119,37.9,-6.5,2016,0.0,2016-01-19,203,1
18,-16.9,0.0,7.5,-11.4,0.5,20,0.0,20160120,57.8,-4.7,2016,0.0,2016-01-20,203,1
19,-12.9,0.0,5.5,-7.6,0.8,21,0.0,20160121,55.9,-1.2,2016,0.0,2016-01-21,203,1
20,-14.7,0.0,7.9,-7.5,1.0,22,0.0,20160122,48.0,-1.2,2016,0.0,2016-01-22,203,1
21,-14.2,0.0,8.2,-9.8,2.9,23,0.0,20160123,31.4,-5.8,2016,0.0,2016-01-23,203,1
22,-18.1,0.0,8.9,-13.5,1.8,24,0.0,20160124,38.8,-8.1,2016,0.0,2016-01-24,203,1
23,-18.5,0.0,9.0,-9.5,1.3,25,0.0,20160125,50.8,-1.7,2016,0.0,2016-01-25,203,1
24,-10.4,0.0,2.1,-6.4,0.6,26,0.6,20160126,77.4,-0.9,2016,0.0,2016-01-26,203,1
25,-9.9,0.0,8.0,-3.4,1.0,27,0.0,20160127,65.3,4.4,2016,0.0,2016-01-27,203,1
26,-10.3,0.0,1.2,-2.3,0.6,28,0.0,20160128,59.4,3.7,2016,0.0,2016-01-28,203,1
27,-1.9,0.0,0.2,2.0,1.5,29,0.0,20160129,47.8,6.0,2016,0.0,2016-01-29,203,1
28,-4.6,0.0,6.4,0.9,1.4,30,0.0,20160130,60.6,7.9,2016,0.0,2016-01-30,203,1
29,-5.2,0.0,8.5,-2.6,2.3,31,0.0,20160131,43.8,1.6,2016,0.0,2016-01-31,203,1
30,-10.7,0.0,8.4,-5.3,2.0,1,0.0,20160201,37.0,0.6,2016,0.0,2016-02-01,203,2
31,-14.2,0.0,9.3,-5.9,1.3,2,0.0,20160202,46.6,1.9,2016,0.0,2016-02-02,203,2
32,-14.0,0.0,9.0,-4.4,1.0,3,0.0,20160203,56.6,4.2,2016,0.0,2016-02-03,203,2
33,-6.9,0.0,8.7,-1.0,1.7,4,0.0,20160204,53.9,6.1,2016,0.0,2016-02-04,203,2
34,-10.2,0.0,8.0,-2.5,1.5,5,0.0,20160205,40.9,4.8,2016,0.0,2016-02-05,203,2
35,-7.6,0.0,9.4,-2.7,1.8,6,0.0,20160206,45.5,4.1,2016,0.0,2016-02-06,203,2
36,-12.8,0.0,9.5,-4.3,1.1,7,0.0,20160207,50.1,3.8,2016,0.0,2016-02-07,203,2
37,-7.3,0.0,4.7,-0.5,2.0,8,0.8,20160208,65.4,5.4,2016,0.0,2016-02-08,203,2
38,-3.9,0.0,9.0,0.6,2.7,9,0.0,20160209,46.3,7.0,2016,0.0,2016-02-09,203,2
39,-8.3,0.0,9.8,0.2,0.7,10,0.0,20160210,49.1,10.2,2016,0.0,2016-02-10,203,2
40,-6.1,0.0,5.5,4.1,0.6,11,0.2,20160211,44.3,13.9,2016,0.0,2016-02-11,203,2
41,3.8,0.0,0.0,6.5,0.6,12,15.0,20160212,90.0,8.4,2016,0.0,2016-02-12,203,2
42,6.2,0.0,0.4,9.7,0.9,13,16.2,20160213,90.4,14.2,2016,0.0,2016-02-13,203,2
43,-5.3,0.0,0.2,-1.6,3.8,14,0.3,20160214,70.0,8.8,2016,0.0,2016-02-14,203,2
44,-8.9,0.0,9.8,-5.1,2.5,15,0.0,20160215,49.3,-1.5,2016,0.0,2016-02-15,203,2
45,-11.1,0.0,3.6,-2.8,1.9,16,0.9,20160216,67.3,2.0,2016,0.0,2016-02-16,203,2
46,-7.5,0.0,9.8,-0.5,1.5,17,0.0,20160217,53.1,5.8,2016,0.0,2016-02-17,203,2
47,-5.0,0.0,5.7,2.5,1.9,18,0.1,20160218,63.8,8.2,2016,0.0,2016-02-18,203,2
48,-1.3,0.0,0.0,1.9,1.2,19,0.0,20160219,63.8,5.1,2016,0.0,2016-02-19,203,2
49,-3.7,0.0,8.6,1.6,2.0,20,0.0,20160220,46.9,8.2,2016,0.0,2016-02-20,203,2
50,-5.6,0.0,9.9,0.0,2.1,21,0.0,20160221,32.9,5.8,2016,0.0,2016-02-21,203,2
51,-3.7,0.0,0.0,0.8,0.7,22,0.0,20160222,39.8,4.7,2016,0.0,2016-02-22,203,2
52,-2.9,0.0,7.8,1.2,2.0,23,0.3,20160223,47.5,6.8,2016,0.0,2016-02-23,203,2
53,-7.3,0.0,10.0,-2.4,2.2,24,0.0,20160224,43.4,3.2,2016,0.0,2016-02-24,203,2
54,-8.7,0.0,8.5,-0.5,2.2,25,0.0,20160225,51.3,5.2,2016,0.0,2016-02-25,203,2
55,-2.8,0.0,9.6,2.7,2.1,26,0.5,20160226,46.8,7.9,2016,0.0,2016-02-26,203,2
56,-0.9,0.0,5.2,1.6,0.9,27,8.9,20160227,74.8,6.7,2016,0.0,2016-02-27,203,2
57,-3.7,0.0,0.0,-0.5,0.8,28,9.0,20160228,83.9,3.6,2016,0.0,2016-02-28,203,2
58,-6.1,0.0,8.9,-3.6,2.3,29,0.0,20160229,51.6,-0.3,2016,0.0,2016-02-29,203,2
59,-10.9,0.0,9.8,-2.8,1.7,1,0.0,20160301,50.9,2.7,2016,0.0,2016-03-01,203,3
60,-4.7,0.0,5.0,1.3,1.7,2,0.0,20160302,68.1,9.0,2016,0.0,2016-03-02,203,3
61,-1.4,0.0,4.7,4.8,0.9,3,0.0,20160303,69.4,12.3,2016,0.0,2016-03-03,203,3
62,0.4,0.0,6.2,9.7,1.2,4,1.9,20160304,66.9,17.8,2016,0.0,2016-03-04,203,3
63,7.7,0.0,0.0,11.6,1.3,5,56.3,20160305,84.9,16.0,2016,0.0,2016-03-05,203,3
64,3.2,0.0,8.1,8.8,1.9,6,0.0,20160306,56.0,14.0,2016,0.0,2016-03-06,203,3
65,0.8,0.0,0.7,6.6,0.9,7,0.0,20160307,55.0,11.5,2016,0.0,2016-03-07,203,3
66,0.9,0.0,0.3,4.0,2.1,8,0.0,20160308,34.6,6.8,2016,0.0,2016-03-08,203,3
67,-1.8,0.0,8.9,1.9,2.1,9,0.0,20160309,34.3,8.3,2016,0.0,2016-03-09,203,3
68,-2.8,0.0,9.8,0.2,2.5,10,0.0,20160310,31.3,4.8,2016,0.0,2016-03-10,203,3
69,-4.9,0.0,10.7,-0.1,1.8,11,0.0,20160311,38.8,6.1,2016,0.0,2016-03-11,203,3
70,-5.9,0.0,7.5,1.5,1.4,12,0.0,20160312,53.3,8.0,2016,0.0,2016-03-12,203,3
71,-1.0,0.0,0.6,2.3,0.8,13,0.0,20160313,64.6,6.6,2016,0.0,2016-03-13,203,3
72,-2.4,0.0,7.3,3.6,1.4,14,0.0,20160314,58.9,11.0,2016,0.0,2016-03-14,203,3
73,-4.1,0.0,9.1,5.0,1.7,15,0.0,20160315,47.3,13.4,2016,0.0,2016-03-15,203,3
74,0.6,0.0,9.4,7.6,1.6,16,0.0,20160316,40.1,15.6,2016,0.0,2016-03-16,203,3
75,-2.1,0.0,7.1,7.8,0.9,17,0.0,20160317,42.5,17.3,2016,0.0,2016-03-17,203,3
76,6.0,0.0,3.9,11.8,1.1,18,0.0,20160318,51.0,17.7,2016,0.0,2016-03-18,203,3
77,1.6,0.0,9.4,10.1,1.9,19,0.0,20160319,59.3,17.6,2016,0.0,2016-03-19,203,3
78,0.6,0.0,6.4,8.9,1.3,20,0.0,20160320,55.0,16.5,2016,0.0,2016-03-20,203,3
79,0.5,0.0,10.3,9.0,1.6,21,0.0,20160321,52.4,17.6,2016,0.0,2016-03-21,203,3
80,-0.6,0.0,10.4,8.5,2.2,22,0.0,20160322,43.8,16.1,2016,0.0,2016-03-22,203,3
81,2.9,0.0,8.1,7.6,1.8,23,0.0,20160323,53.4,14.0,2016,0.0,2016-03-23,203,3
82,-1.9,0.0,10.9,6.1,1.7,24,0.0,20160324,44.1,13.6,2016,0.0,2016-03-24,203,3
83,-1.0,0.0,8.3,5.7,1.5,25,0.0,20160325,46.9,12.4,2016,0.0,2016-03-25,203,3
84,-1.9,0.0,10.0,5.9,1.5,26,0.0,20160326,46.1,13.5,2016,0.0,2016-03-26,203,3
85,-2.2,0.0,10.5,6.4,2.1,27,0.0,20160327,44.4,14.8,2016,0.0,2016-03-27,203,3
86,-2.8,0.0,11.0,8.2,1.3,28,0.0,20160328,36.3,17.8,2016,0.0,2016-03-28,203,3
87,1.8,0.0,3.3,10.8,2.2,29,0.0,20160329,51.0,19.8,2016,0.0,2016-03-29,203,3
88,3.9,0.0,9.1,11.4,1.9,30,0.0,20160330,44.3,20.1,2016,0.0,2016-03-30,203,3
89,1.0,0.0,7.8,11.8,0.9,31,0.0,20160331,32.9,22.4,2016,0.0,2016-03-31,203,3
90,1.3,0.0,10.7,13.7,1.3,1,0.0,20160401,33.5,25.2,2016,0.0,2016-04-01,203,4
91,4.3,0.0,10.7,14.3,1.9,2,0.0,20160402,35.4,24.1,2016,0.0,2016-04-02,203,4
92,7.9,0.0,0.0,11.1,1.4,3,0.0,20160403,65.5,15.1,2016,0.0,2016-04-03,203,4
93,5.5,0.0,10.4,12.8,1.9,4,0.0,20160404,44.4,20.3,2016,0.0,2016-04-04,203,4
94,4.2,0.0,11.4,11.7,2.3,5,0.0,20160405,29.4,20.6,2016,0.0,2016-04-05,203,4
95,2.2,0.0,6.6,13.1,1.4,6,2.7,20160406,40.3,22.8,2016,0.0,2016-04-06,203,4
96,9.7,0.0,7.4,13.6,2.1,7,14.4,20160407,69.4,21.2,2016,0.0,2016-04-07,203,4
97,8.3,0.0,8.1,12.7,2.1,8,0.0,20160408,67.6,21.3,2016,0.0,2016-04-08,203,4
98,7.7,0.0,1.0,13.5,1.4,9,0.0,20160409,73.9,19.4,2016,0.0,2016-04-09,203,4
99,8.8,0.0,5.7,14.6,2.2,10,0.0,20160410,63.0,22.9,2016,0.0,2016-04-10,203,4
100,5.8,0.0,10.9,12.1,2.1,11,0.0,20160411,43.1,19.2,2016,0.0,2016-04-11,203,4
101,4.9,0.0,7.0,13.3,1.6,12,0.0,20160412,44.4,20.7,2016,0.0,2016-04-12,203,4
102,10.0,0.0,4.4,13.6,0.9,13,4.7,20160413,77.8,20.8,2016,0.0,2016-04-13,203,4
103,8.5,0.0,9.4,13.4,2.3,14,0.0,20160414,68.5,19.2,2016,0.0,2016-04-14,203,4
104,5.0,0.0,11.5,14.2,1.6,15,0.0,20160415,48.1,24.6,2016,0.0,2016-04-15,203,4
105,5.7,0.0,3.6,13.6,1.6,16,28.6,20160416,62.4,21.8,2016,0.0,2016-04-16,203,4
106,8.0,0.0,8.4,11.8,4.3,17,15.1,20160417,57.9,15.7,2016,0.0,2016-04-17,203,4
107,5.8,0.0,10.2,11.4,2.5,18,4.0,20160418,57.5,19.6,2016,0.0,2016-04-18,203,4
108,6.6,0.0,10.2,12.1,2.0,19,0.0,20160419,55.8,18.3,2016,0.0,2016-04-19,203,4
109,7.7,0.0,3.9,12.9,1.2,20,0.9,20160420,65.5,20.1,2016,0.0,2016-04-20,203,4
110,9.8,0.0,1.6,13.7,1.4,21,15.8,20160421,81.9,18.8,2016,0.0,2016-04-21,203,4
111,11.4,0.0,8.5,16.1,2.4,22,0.0,20160422,69.1,25.0,2016,0.0,2016-04-22,203,4
112,8.7,0.0,3.5,13.8,1.5,23,0.0,20160423,49.3,20.7,2016,0.0,2016-04-23,203,4
113,5.1,0.0,10.8,14.4,1.0,24,0.0,20160424,39.3,23.6,2016,0.0,2016-04-24,203,4
114,6.6,0.0,11.5,16.7,1.2,25,0.0,20160425,42.6,27.1,2016,0.0,2016-04-25,203,4
115,8.4,0.0,9.5,19.4,1.3,26,0.0,20160426,42.8,29.8,2016,0.0,2016-04-26,203,4
116,11.9,0.0,0.0,13.8,1.6,27,0.5,20160427,52.0,17.4,2016,0.0,2016-04-27,203,4
117,9.7,0.0,8.1,15.5,1.5,28,0.0,20160428,40.3,22.7,2016,0.0,2016-04-28,203,4
118,9.0,0.0,11.4,15.5,1.6,29,0.0,20160429,49.1,23.5,2016,0.0,2016-04-29,203,4
119,8.0,0.0,5.2,16.2,2.1,30,0.0,20160430,50.1,23.9,2016,0.0,2016-04-30,203,4
120,8.2,0.0,8.9,17.9,1.3,1,0.0,20160501,45.1,28.3,2016,0.0,2016-05-01,203,5
121,11.9,0.0,7.9,19.1,1.5,2,10.1,20160502,62.1,28.8,2016,0.0,2016-05-02,203,5
122,9.4,0.0,0.0,13.5,3.7,3,26.6,20160503,81.8,17.9,2016,0.0,2016-05-03,203,5
123,10.4,0.0,12.9,16.1,4.5,4,0.0,20160504,37.6,21.1,2016,0.0,2016-05-04,203,5
124,7.3,0.0,11.1,18.2,1.7,5,0.9,20160505,45.8,26.9,2016,0.0,2016-05-05,203,5
125,12.8,0.0,0.0,16.0,1.3,6,0.4,20160506,78.8,19.2,2016,0.0,2016-05-06,203,5
126,10.2,0.0,12.3,16.2,2.2,7,0.0,20160507,55.4,23.4,2016,0.0,2016-05-07,203,5
127,8.1,0.0,11.3,18.3,1.4,8,0.0,20160508,47.4,27.6,2016,0.0,2016-05-08,203,5
128,12.9,0.0,3.9,19.6,1.1,9,0.0,20160509,44.6,26.8,2016,0.0,2016-05-09,203,5
129,12.5,0.0,0.0,13.8,1.5,10,15.5,20160510,80.1,18.7,2016,0.0,2016-05-10,203,5
130,9.5,0.0,12.7,16.6,1.5,11,0.0,20160511,59.4,24.4,2016,0.0,2016-05-11,203,5
131,9.2,0.0,12.5,17.7,1.9,12,0.0,20160512,58.8,25.5,2016,0.0,2016-05-12,203,5
132,13.0,0.0,9.2,17.6,1.7,13,0.0,20160513,61.5,24.8,2016,0.0,2016-05-13,203,5
133,11.4,0.0,11.9,19.3,1.8,14,0.0,20160514,47.9,27.2,2016,0.0,2016-05-14,203,5
134,12.8,0.0,7.0,17.7,2.5,15,17.5,20160515,67.9,26.6,2016,0.0,2016-05-15,203,5
135,9.5,0.0,11.0,15.5,2.3,16,3.5,20160516,51.4,22.7,2016,0.0,2016-05-16,203,5
136,7.1,0.0,12.8,17.6,1.2,17,0.0,20160517,53.1,28.0,2016,0.0,2016-05-17,203,5
137,10.1,0.0,12.7,20.6,0.9,18,0.0,20160518,49.0,30.7,2016,0.0,2016-05-18,203,5
138,12.3,0.0,12.9,22.6,0.8,19,0.0,20160519,45.3,32.4,2016,0.0,2016-05-19,203,5
139,12.9,0.0,12.7,21.8,0.8,20,0.0,20160520,46.4,31.2,2016,0.0,2016-05-20,203,5
140,11.0,0.0,12.1,21.1,1.0,21,0.0,20160521,42.6,30.3,2016,0.0,2016-05-21,203,5
141,12.4,0.0,12.5,21.6,1.2,22,0.0,20160522,45.6,30.7,2016,0.0,2016-05-22,203,5
142,12.8,0.0,9.4,21.9,1.1,23,0.0,20160523,45.9,29.3,2016,0.0,2016-05-23,203,5
143,13.1,0.0,4.3,16.5,1.6,24,23.4,20160524,82.8,22.0,2016,0.0,2016-05-24,203,5
144,12.3,0.0,6.9,18.8,1.4,25,0.0,20160525,69.1,24.7,2016,0.0,2016-05-25,203,5
145,15.7,0.0,2.5,19.7,1.1,26,0.0,20160526,67.3,24.5,2016,0.0,2016-05-26,203,5
146,13.2,0.0,5.8,20.3,1.0,27,0.0,20160527,61.6,28.0,2016,0.0,2016-05-27,203,5
147,14.3,0.0,11.8,21.1,1.5,28,0.0,20160528,55.3,28.5,2016,0.0,2016-05-28,203,5
148,15.5,0.0,6.6,20.4,1.5,29,0.0,20160529,55.1,27.6,2016,0.0,2016-05-29,203,5
149,13.0,0.0,12.0,21.1,1.6,30,0.0,20160530,56.9,29.2,2016,0.0,2016-05-30,203,5
150,14.6,0.0,10.8,21.2,1.8,31,0.0,20160531,62.3,28.0,2016,0.0,2016-05-31,203,5
151,15.3,0.0,10.3,21.9,1.3,1,0.0,20160601,51.1,29.1,2016,0.0,2016-06-01,203,6
152,13.0,0.0,11.9,21.7,1.3,2,0.0,20160602,46.8,29.4,2016,0.0,2016-06-02,203,6
153,15.2,0.0,11.9,21.8,1.5,3,0.0,20160603,48.3,28.7,2016,0.0,2016-06-03,203,6
154,16.2,0.0,0.0,19.9,1.1,4,0.0,20160604,60.8,24.3,2016,0.0,2016-06-04,203,6
155,14.5,0.0,10.9,23.2,1.2,5,0.0,20160605,50.8,31.1,2016,0.0,2016-06-05,203,6
156,16.5,0.0,5.0,21.0,2.1,6,0.0,20160606,55.8,26.1,2016,0.0,2016-06-06,203,6
157,18.2,0.0,5.6,21.9,1.3,7,0.0,20160607,62.5,26.9,2016,0.0,2016-06-07,203,6
158,16.7,0.0,8.8,21.5,1.7,8,0.0,20160608,65.0,27.1,2016,0.0,2016-06-08,203,6
159,15.3,0.0,10.9,23.2,1.1,9,0.0,20160609,60.8,32.0,2016,0.0,2016-06-09,203,6
160,17.5,0.0,11.3,24.5,1.4,10,0.0,20160610,60.3,32.0,2016,0.0,2016-06-10,203,6
161,20.5,0.0,3.9,24.6,1.3,11,0.0,20160611,65.1,29.8,2016,0.0,2016-06-11,203,6
162,21.4,0.0,4.3,24.4,1.6,12,0.1,20160612,72.4,29.2,2016,0.0,2016-06-12,203,6
163,19.5,0.0,8.0,23.7,1.7,13,0.0,20160613,65.1,30.6,2016,0.0,2016-06-13,203,6
164,17.8,0.0,7.2,24.0,1.5,14,0.0,20160614,62.8,30.0,2016,0.0,2016-06-14,203,6
165,17.2,0.0,3.2,21.7,1.8,15,2.1,20160615,71.5,26.7,2016,0.0,2016-06-15,203,6
166,18.2,0.0,5.6,21.2,1.9,16,0.0,20160616,68.3,26.7,2016,0.0,2016-06-16,203,6
167,16.7,0.0,10.9,23.4,1.7,17,0.0,20160617,58.6,29.8,2016,0.0,2016-06-17,203,6
168,16.7,0.0,11.7,24.1,1.1,18,0.0,20160618,59.5,32.2,2016,0.0,2016-06-18,203,6
169,18.6,0.0,10.1,23.9,1.4,19,0.0,20160619,62.3,30.4,2016,0.0,2016-06-19,203,6
170,17.3,0.0,7.7,24.0,1.1,20,0.0,20160620,64.0,31.4,2016,0.0,2016-06-20,203,6
171,18.1,0.0,8.4,25.2,0.9,21,0.0,20160621,61.4,32.3,2016,0.0,2016-06-21,203,6
172,20.9,0.0,5.3,24.5,1.7,22,0.7,20160622,68.1,32.0,2016,0.0,2016-06-22,203,6
173,20.0,0.0,6.8,25.2,1.2,23,0.5,20160623,66.4,32.3,2016,0.0,2016-06-23,203,6
174,19.8,0.0,2.3,22.0,1.7,24,15.5,20160624,80.9,27.5,2016,0.0,2016-06-24,203,6
175,18.1,0.0,9.4,22.2,2.9,25,0.0,20160625,60.8,27.8,2016,0.0,2016-06-25,203,6
176,16.5,0.0,12.1,23.6,1.8,26,0.0,20160626,57.8,31.4,2016,0.0,2016-06-26,203,6
177,16.2,0.0,4.7,22.9,0.9,27,0.0,20160627,62.6,29.6,2016,0.0,2016-06-27,203,6
178,16.4,0.0,9.6,24.3,1.6,28,0.0,20160628,58.0,31.7,2016,0.0,2016-06-28,203,6
179,19.2,0.0,8.2,24.4,1.6,29,0.0,20160629,60.8,28.9,2016,0.0,2016-06-29,203,6
180,21.9,0.0,4.9,25.3,1.8,30,0.0,20160630,70.9,29.2,2016,0.0,2016-06-30,203,6
181,22.7,0.0,0.0,24.2,1.8,1,40.8,20160701,84.0,28.2,2016,0.0,2016-07-01,203,7
182,21.7,0.0,0.9,23.6,1.7,2,0.7,20160702,78.3,27.5,2016,0.0,2016-07-02,203,7
183,19.7,0.0,0.8,22.7,0.9,3,0.0,20160703,76.5,25.2,2016,0.0,2016-07-03,203,7
184,19.5,0.0,0.0,20.5,1.2,4,83.2,20160704,91.6,21.1,2016,0.0,2016-07-04,203,7
185,20.1,0.0,0.2,24.1,1.9,5,31.8,20160705,87.6,28.2,2016,0.0,2016-07-05,203,7
186,20.8,0.0,3.8,23.4,1.1,6,1.5,20160706,77.9,28.3,2016,0.0,2016-07-06,203,7
187,20.1,0.0,0.8,23.9,0.8,7,0.0,20160707,75.6,28.4,2016,0.0,2016-07-07,203,7
188,19.6,0.0,11.0,26.4,0.7,8,0.0,20160708,69.0,34.1,2016,0.0,2016-07-08,203,7
189,20.1,0.0,12.1,26.8,1.2,9,0.0,20160709,65.3,33.6,2016,0.0,2016-07-09,203,7
190,20.5,0.0,8.1,26.5,1.0,10,0.0,20160710,66.3,33.4,2016,0.0,2016-07-10,203,7
191,21.8,0.0,5.7,27.5,1.1,11,0.1,20160711,64.1,34.5,2016,0.0,2016-07-11,203,7
192,22.0,0.0,2.7,25.2,1.1,12,12.6,20160712,78.0,29.9,2016,0.0,2016-07-12,203,7
193,21.0,0.0,4.5,25.5,1.2,13,0.0,20160713,69.4,30.7,2016,0.0,2016-07-13,203,7
194,22.4,0.0,6.7,26.2,1.5,14,0.0,20160714,67.3,30.6,2016,0.0,2016-07-14,203,7
195,19.5,0.0,4.6,24.7,1.1,15,1.1,20160715,67.5,29.1,2016,0.0,2016-07-15,203,7
196,19.2,0.0,0.0,20.3,1.8,16,74.9,20160716,92.1,22.2,2016,0.0,2016-07-16,203,7
197,20.5,0.0,0.8,21.8,1.8,17,2.1,20160717,84.4,24.5,2016,0.0,2016-07-17,203,7
198,19.5,0.0,4.8,23.5,0.8,18,0.0,20160718,75.1,28.5,2016,0.0,2016-07-18,203,7
199,19.0,0.0,7.8,24.9,0.7,19,0.0,20160719,74.5,32.5,2016,0.0,2016-07-19,203,7
200,21.4,0.0,8.8,26.6,1.4,20,0.0,20160720,68.3,32.0,2016,0.0,2016-07-20,203,7
201,21.3,0.0,5.4,25.8,1.0,21,0.0,20160721,69.1,31.3,2016,0.0,2016-07-21,203,7
202,22.4,0.0,11.0,27.6,1.3,22,0.0,20160722,64.3,33.5,2016,0.0,2016-07-22,203,7
203,23.9,0.0,5.1,28.2,1.1,23,0.0,20160723,68.1,32.3,2016,0.0,2016-07-23,203,7
204,25.7,0.0,2.2,28.3,0.8,24,0.3,20160724,75.0,31.9,2016,0.0,2016-07-24,203,7
205,25.8,0.0,3.0,28.3,1.0,25,0.0,20160725,75.3,32.3,2016,0.0,2016-07-25,203,7
206,23.2,0.0,6.9,27.6,1.3,26,0.0,20160726,71.3,32.7,2016,0.0,2016-07-26,203,7
207,23.1,0.0,3.7,27.1,1.4,27,0.0,20160727,76.1,30.3,2016,0.0,2016-07-27,203,7
208,24.7,0.0,10.3,28.0,1.9,28,0.0,20160728,68.5,32.2,2016,0.0,2016-07-28,203,7
209,23.0,0.0,0.6,24.8,0.4,29,17.0,20160729,86.1,27.7,2016,0.0,2016-07-29,203,7
210,24.2,0.0,6.2,27.8,0.9,30,16.2,20160730,78.5,32.4,2016,0.0,2016-07-30,203,7
211,23.8,0.0,8.7,27.2,0.9,31,1.7,20160731,77.8,33.2,2016,0.0,2016-07-31,203,7
212,23.2,0.0,3.3,26.3,0.8,1,0.0,20160801,78.9,31.3,2016,0.0,2016-08-01,203,8
213,22.9,0.0,1.7,26.6,0.7,2,0.0,20160802,75.4,30.1,2016,0.0,2016-08-02,203,8
214,22.6,0.0,12.0,27.9,0.9,3,0.0,20160803,69.4,34.4,2016,0.0,2016-08-03,203,8
215,23.3,0.0,11.7,28.7,0.7,4,0.0,20160804,69.1,34.7,2016,0.0,2016-08-04,203,8
216,23.7,0.0,12.6,29.1,0.7,5,0.0,20160805,69.1,35.6,2016,0.0,2016-08-05,203,8
217,23.5,0.0,10.4,29.2,0.8,6,0.0,20160806,68.6,36.3,2016,0.0,2016-08-06,203,8
218,24.8,0.0,10.9,29.6,1.2,7,0.0,20160807,61.4,35.3,2016,0.0,2016-08-07,203,8
219,22.5,0.0,10.1,28.9,0.9,8,0.0,20160808,66.3,35.7,2016,0.0,2016-08-08,203,8
220,24.0,0.0,8.8,28.7,1.1,9,0.0,20160809,67.5,34.5,2016,0.0,2016-08-09,203,8
221,24.0,0.0,9.4,28.9,1.1,10,0.0,20160810,64.6,34.3,2016,0.0,2016-08-10,203,8
222,22.7,0.0,11.9,29.5,1.0,11,0.0,20160811,61.5,36.0,2016,0.0,2016-08-11,203,8
223,23.4,0.0,11.5,29.2,1.3,12,0.0,20160812,67.8,35.7,2016,0.0,2016-08-12,203,8
224,24.5,0.0,8.2,29.2,1.4,13,0.0,20160813,67.3,34.9,2016,0.0,2016-08-13,203,8
225,24.9,0.0,3.3,28.1,1.0,14,2.9,20160814,76.4,33.5,2016,0.0,2016-08-14,203,8
226,25.3,0.0,5.4,28.8,1.1,15,0.0,20160815,66.5,33.5,2016,0.0,2016-08-15,203,8
227,23.9,0.0,10.4,29.0,1.0,16,0.0,20160816,62.9,34.8,2016,0.0,2016-08-16,203,8
228,22.8,0.0,10.6,28.0,0.8,17,0.0,20160817,67.4,34.4,2016,0.0,2016-08-17,203,8
229,23.5,0.0,5.6,28.6,0.8,18,0.0,20160818,67.8,35.9,2016,0.0,2016-08-18,203,8
230,24.0,0.0,3.1,28.7,0.9,19,0.0,20160819,69.3,34.3,2016,0.0,2016-08-19,203,8
231,24.1,0.0,8.0,29.3,0.9,20,0.0,20160820,61.8,35.7,2016,0.0,2016-08-20,203,8
232,24.5,0.0,7.1,29.1,0.8,21,0.0,20160821,61.9,35.1,2016,0.0,2016-08-21,203,8
233,23.4,0.0,8.6,28.8,0.9,22,0.0,20160822,63.1,34.0,2016,0.0,2016-08-22,203,8
234,22.7,0.0,6.8,28.2,1.2,23,0.0,20160823,63.3,34.1,2016,0.0,2016-08-23,203,8
235,24.1,0.0,8.3,28.3,1.1,24,0.0,20160824,58.8,33.8,2016,0.0,2016-08-24,203,8
236,21.7,0.0,7.8,27.2,1.2,25,0.2,20160825,65.1,34.2,2016,0.0,2016-08-25,203,8
237,15.4,0.0,4.0,20.0,1.9,26,26.0,20160826,77.3,24.3,2016,0.0,2016-08-26,203,8
238,12.1,0.0,10.7,21.2,1.4,27,0.0,20160827,57.0,29.1,2016,0.0,2016-08-27,203,8
239,16.4,0.0,0.5,19.2,1.5,28,11.4,20160828,72.1,23.8,2016,0.0,2016-08-28,203,8
240,16.1,0.0,3.4,19.8,1.4,29,0.0,20160829,68.1,25.2,2016,0.0,2016-08-29,203,8
241,14.3,0.0,5.5,19.5,1.5,30,0.0,20160830,69.0,24.7,2016,0.0,2016-08-30,203,8
242,16.1,0.0,0.0,18.4,3.0,31,19.4,20160831,78.8,21.1,2016,0.0,2016-08-31,203,8
243,15.8,0.0,9.2,22.8,1.9,1,0.1,20160901,70.8,29.9,2016,0.0,2016-09-01,203,9
244,19.4,0.0,4.9,21.9,1.8,2,3.5,20160902,78.5,26.7,2016,0.0,2016-09-02,203,9
245,19.3,0.0,5.8,23.3,1.0,3,0.7,20160903,77.6,29.8,2016,0.0,2016-09-03,203,9
246,20.0,0.0,3.3,24.8,0.8,4,0.0,20160904,75.0,29.3,2016,0.0,2016-09-04,203,9
247,22.3,0.0,7.6,26.0,1.0,5,0.0,20160905,71.1,31.8,2016,0.0,2016-09-05,203,9
248,19.0,0.0,3.2,23.2,1.0,6,0.0,20160906,74.4,28.6,2016,0.0,2016-09-06,203,9
249,18.5,0.0,3.4,23.3,1.0,7,0.0,20160907,73.9,29.4,2016,0.0,2016-09-07,203,9
250,19.7,0.0,4.7,22.9,1.1,8,1.6,20160908,73.8,28.0,2016,0.0,2016-09-08,203,9
251,18.3,0.0,6.4,23.1,0.9,9,0.0,20160909,72.6,29.5,2016,0.0,2016-09-09,203,9
252,17.7,0.0,4.8,22.8,0.8,10,0.0,20160910,73.8,29.2,2016,0.0,2016-09-10,203,9
253,18.1,0.0,6.7,23.0,0.9,11,0.0,20160911,68.3,29.1,2016,0.0,2016-09-11,203,9
254,19.7,0.0,6.3,23.5,0.8,12,0.0,20160912,71.8,29.7,2016,0.0,2016-09-12,203,9
255,18.0,0.0,10.5,23.2,0.8,13,0.0,20160913,68.4,30.5,2016,0.0,2016-09-13,203,9
256,19.0,0.0,4.7,23.4,0.9,14,0.0,20160914,71.0,29.2,2016,0.0,2016-09-14,203,9
257,16.1,0.0,5.2,21.8,0.5,15,0.0,20160915,73.9,29.6,2016,0.0,2016-09-15,203,9
258,16.9,0.0,3.6,23.0,0.8,16,0.0,20160916,72.0,28.7,2016,0.0,2016-09-16,203,9
259,18.1,0.0,0.6,19.8,1.3,17,34.6,20160917,86.3,22.4,2016,0.0,2016-09-17,203,9
260,17.3,0.0,4.3,21.6,1.7,18,0.0,20160918,63.9,28.3,2016,0.0,2016-09-18,203,9
261,14.4,0.0,6.5,19.4,1.7,19,0.0,20160919,64.0,27.2,2016,0.0,2016-09-19,203,9
262,12.9,0.0,10.6,18.6,1.8,20,0.0,20160920,51.8,26.4,2016,0.0,2016-09-20,203,9
263,9.5,0.0,7.5,16.7,0.8,21,0.0,20160921,66.9,24.8,2016,0.0,2016-09-21,203,9
264,13.5,0.0,8.9,19.1,0.7,22,0.0,20160922,63.0,27.1,2016,0.0,2016-09-22,203,9
265,12.4,0.0,9.8,18.9,0.6,23,0.0,20160923,67.9,28.0,2016,0.0,2016-09-23,203,9
266,12.7,0.0,9.5,19.8,0.6,24,0.0,20160924,70.1,28.5,2016,0.0,2016-09-24,203,9
267,14.7,0.0,2.8,19.8,0.6,25,0.0,20160925,74.8,27.4,2016,0.0,2016-09-25,203,9
268,15.8,0.0,1.6,20.5,0.6,26,0.0,20160926,79.0,25.8,2016,0.0,2016-09-26,203,9
269,18.5,0.0,0.0,20.0,0.5,27,0.6,20160927,87.6,22.4,2016,0.0,2016-09-27,203,9
270,17.9,0.0,0.3,20.4,0.8,28,0.0,20160928,79.8,24.3,2016,0.0,2016-09-28,203,9
271,16.4,0.0,0.0,18.7,1.8,29,0.0,20160929,68.8,21.8,2016,0.0,2016-09-29,203,9
272,15.7,0.0,0.1,18.7,0.8,30,0.0,20160930,76.1,22.5,2016,0.0,2016-09-30,203,9
273,15.7,0.0,0.2,18.7,0.6,1,0.0,20161001,81.8,23.3,2016,0.0,2016-10-01,203,10
274,16.2,0.0,0.0,17.6,0.9,2,6.7,20161002,88.1,20.0,2016,0.0,2016-10-02,203,10
275,16.4,0.0,5.8,22.4,1.4,3,11.0,20161003,78.0,28.9,2016,0.0,2016-10-03,203,10
276,13.4,0.0,6.7,20.2,1.4,4,0.0,20161004,72.4,29.1,2016,0.0,2016-10-04,203,10
277,15.5,0.0,4.5,19.2,1.5,5,9.5,20161005,77.8,26.7,2016,0.0,2016-10-05,203,10
278,13.0,0.0,9.4,17.4,0.9,6,0.0,20161006,71.8,24.7,2016,0.0,2016-10-06,203,10
279,12.8,0.0,5.9,17.8,1.5,7,5.8,20161007,76.1,25.2,2016,0.0,2016-10-07,203,10
280,12.5,0.0,5.5,16.7,1.6,8,6.6,20161008,67.9,23.0,2016,0.0,2016-10-08,203,10
281,5.9,0.0,10.1,11.2,1.4,9,0.0,20161009,50.5,17.8,2016,0.0,2016-10-09,203,10
282,5.2,0.0,9.7,11.6,0.8,10,0.0,20161010,66.5,20.0,2016,0.0,2016-10-10,203,10
283,7.6,0.0,5.6,13.2,0.7,11,0.0,20161011,71.3,21.2,2016,0.0,2016-10-11,203,10
284,6.9,0.0,7.6,13.4,0.8,12,0.0,20161012,66.6,22.2,2016,0.0,2016-10-12,203,10
285,7.2,0.0,9.1,13.0,0.8,13,0.0,20161013,65.3,20.8,2016,0.0,2016-10-13,203,10
286,6.1,0.0,8.9,13.5,0.5,14,0.0,20161014,72.3,23.0,2016,0.0,2016-10-14,203,10
287,8.0,0.0,6.3,15.6,0.5,15,0.0,20161015,72.9,25.9,2016,0.0,2016-10-15,203,10
288,12.4,0.0,0.1,15.2,0.6,16,2.2,20161016,85.3,19.7,2016,0.0,2016-10-16,203,10
289,12.9,0.0,6.3,16.8,0.7,17,0.3,20161017,79.3,22.8,2016,0.0,2016-10-17,203,10
290,10.9,0.0,4.1,14.4,0.6,18,0.0,20161018,86.9,22.2,2016,0.0,2016-10-18,203,10
291,10.6,0.0,6.5,15.6,0.8,19,0.0,20161019,77.1,23.9,2016,0.0,2016-10-19,203,10
292,8.7,0.0,4.5,15.1,0.8,20,0.0,20161020,79.4,24.4,2016,0.0,2016-10-20,203,10
293,12.3,0.0,0.7,15.7,1.4,21,0.0,20161021,69.6,19.7,2016,0.0,2016-10-21,203,10
294,11.1,0.0,2.4,15.9,0.7,22,0.0,20161022,72.0,22.0,2016,0.0,2016-10-22,203,10
295,9.4,0.0,0.0,12.3,1.9,23,3.6,20161023,76.4,15.8,2016,0.0,2016-10-23,203,10
296,6.4,0.0,9.6,13.1,1.1,24,0.0,20161024,68.6,20.0,2016,0.0,2016-10-24,203,10
297,9.8,0.0,1.0,12.2,1.0,25,43.1,20161025,91.1,16.6,2016,0.0,2016-10-25,203,10
298,7.4,0.0,0.0,11.6,0.6,26,0.0,20161026,89.6,14.7,2016,0.0,2016-10-26,203,10
299,7.9,0.0,5.0,13.4,0.9,27,0.0,20161027,81.3,19.7,2016,0.0,2016-10-27,203,10
300,11.5,0.0,0.2,13.6,0.9,28,2.0,20161028,73.3,16.8,2016,0.0,2016-10-28,203,10
301,4.1,0.0,0.0,8.7,1.2,29,0.0,20161029,55.0,12.3,2016,0.0,2016-10-29,203,10
302,-2.6,0.0,9.4,5.5,0.9,30,0.0,20161030,52.9,14.9,2016,0.0,2016-10-30,203,10
303,1.5,0.0,0.0,5.1,1.1,31,0.0,20161031,65.4,9.6,2016,0.0,2016-10-31,203,10
304,-3.0,0.0,9.5,2.2,1.5,1,0.0,20161101,43.1,9.2,2016,0.0,2016-11-01,203,11
305,-6.2,0.0,8.7,3.0,1.0,2,0.0,20161102,60.5,11.4,2016,0.0,2016-11-02,203,11
306,2.3,0.0,5.6,7.2,1.0,3,0.1,20161103,67.9,14.3,2016,0.0,2016-11-03,203,11
307,1.9,0.0,3.6,10.2,1.2,4,0.0,20161104,67.3,16.3,2016,0.0,2016-11-04,203,11
308,7.5,0.0,1.2,13.2,1.2,5,0.0,20161105,76.9,18.6,2016,0.0,2016-11-05,203,11
309,9.7,0.0,5.3,13.4,2.0,6,0.0,20161106,62.9,18.4,2016,0.0,2016-11-06,203,11
310,9.7,0.0,2.9,13.4,1.6,7,3.0,20161107,65.6,18.7,2016,0.0,2016-11-07,203,11
311,0.6,0.0,6.7,6.0,2.0,8,0.3,20161108,57.9,10.3,2016,0.0,2016-11-08,203,11
312,-4.0,0.0,9.1,2.2,0.9,9,0.0,20161109,51.5,10.0,2016,0.0,2016-11-09,203,11
313,-1.0,0.0,0.4,4.7,0.7,10,3.9,20161110,76.5,10.4,2016,0.0,2016-11-10,203,11
314,2.6,0.0,7.4,8.1,1.5,11,3.2,20161111,66.5,15.1,2016,0.0,2016-11-11,203,11
315,0.1,0.0,8.2,8.8,1.0,12,0.0,20161112,66.4,17.8,2016,0.0,2016-11-12,203,11
316,6.8,0.0,2.1,11.2,0.5,13,1.8,20161113,84.5,17.7,2016,0.0,2016-11-13,203,11
317,6.7,0.0,1.3,12.4,0.9,14,0.2,20161114,84.5,19.0,2016,0.0,2016-11-14,203,11
318,0.5,0.0,9.0,7.0,1.8,15,0.0,20161115,44.6,13.0,2016,0.0,2016-11-15,203,11
319,-3.5,0.0,8.7,3.8,0.7,16,0.0,20161116,58.6,11.9,2016,0.0,2016-11-16,203,11
320,-0.7,0.0,8.1,6.0,0.6,17,0.0,20161117,65.5,15.5,2016,0.0,2016-11-17,203,11
321,-0.3,0.0,4.4,7.1,0.6,18,2.7,20161118,78.3,14.1,2016,0.0,2016-11-18,203,11
322,8.0,0.0,1.3,12.0,1.1,19,0.0,20161119,83.9,15.3,2016,0.0,2016-11-19,203,11
323,3.8,0.0,8.5,11.3,1.5,20,0.0,20161120,54.6,17.9,2016,0.0,2016-11-20,203,11
324,1.4,0.0,0.1,6.7,0.6,21,0.0,20161121,67.1,11.2,2016,0.0,2016-11-21,203,11
325,0.0,0.0,4.6,4.5,2.3,22,0.2,20161122,46.3,9.2,2016,0.0,2016-11-22,203,11
326,-4.7,0.0,7.5,0.1,1.4,23,0.0,20161123,37.9,6.0,2016,0.0,2016-11-23,203,11
327,-7.2,0.0,8.9,-1.9,1.5,24,0.0,20161124,41.4,4.2,2016,0.0,2016-11-24,203,11
328,-7.7,0.0,6.3,-1.5,0.9,25,0.0,20161125,60.5,7.1,2016,0.0,2016-11-25,203,11
329,-6.2,0.0,0.0,-2.1,0.6,26,2.0,20161126,83.8,0.0,2016,0.0,2016-11-26,203,11
330,-0.6,0.0,0.4,1.6,0.6,27,0.0,20161127,88.6,6.2,2016,0.0,2016-11-27,203,11
331,-2.1,0.0,8.3,2.0,1.4,28,0.0,20161128,60.9,7.7,2016,0.0,2016-11-28,203,11
332,-6.6,0.0,8.9,0.0,0.8,29,0.0,20161129,54.3,8.1,2016,0.0,2016-11-29,203,11
333,-3.8,0.0,1.0,4.4,0.9,30,0.4,20161130,66.4,10.5,2016,0.0,2016-11-30,203,11
334,-1.4,0.0,8.0,4.8,2.4,1,0.0,20161201,48.6,9.2,2016,0.0,2016-12-01,203,12
335,-7.3,0.0,8.9,0.3,1.1,2,0.0,20161202,47.9,8.6,2016,0.0,2016-12-02,203,12
336,-6.8,0.0,8.7,1.3,0.7,3,0.0,20161203,63.4,10.2,2016,0.0,2016-12-03,203,12
337,-2.8,0.0,1.3,1.6,0.5,4,0.0,20161204,74.1,7.9,2016,0.0,2016-12-04,203,12
338,1.7,0.0,1.4,5.5,1.7,5,0.1,20161205,65.9,12.9,2016,0.0,2016-12-05,203,12
339,-6.3,0.0,8.8,-0.5,1.8,6,0.0,20161206,38.5,5.8,2016,0.0,2016-12-06,203,12
340,-7.5,0.0,3.8,-1.9,0.7,7,0.1,20161207,71.0,4.5,2016,0.0,2016-12-07,203,12
341,-7.0,0.0,0.1,-1.5,0.5,8,1.8,20161208,85.6,2.6,2016,0.0,2016-12-08,203,12
342,-1.8,0.0,6.0,2.1,1.7,9,1.4,20161209,64.5,7.2,2016,0.0,2016-12-09,203,12
343,-8.2,0.0,8.8,-1.4,1.1,10,0.0,20161210,52.8,6.2,2016,0.0,2016-12-10,203,12
344,-9.1,0.0,8.8,-2.9,0.8,11,0.0,20161211,57.8,6.0,2016,0.0,2016-12-11,203,12
345,-7.4,0.0,3.7,-0.3,0.6,12,0.0,20161212,58.6,5.8,2016,0.0,2016-12-12,203,12
346,-3.6,0.0,4.5,2.2,1.0,13,0.0,20161213,64.1,8.9,2016,0.0,2016-12-13,203,12
347,-1.1,0.0,0.0,-0.5,1.5,14,0.7,20161214,75.8,0.6,2016,0.0,2016-12-14,203,12
348,-6.6,0.0,8.7,-2.8,2.0,15,0.0,20161215,42.4,1.2,2016,0.0,2016-12-15,203,12
349,-11.4,0.0,8.7,-4.6,1.4,16,0.0,20161216,44.9,1.9,2016,0.0,2016-12-16,203,12
350,-4.1,0.0,5.5,0.5,0.7,17,0.0,20161217,57.6,7.6,2016,0.0,2016-12-17,203,12
351,-2.1,0.0,0.0,1.9,0.7,18,0.0,20161218,76.3,7.1,2016,0.0,2016-12-18,203,12
352,0.2,0.0,1.3,4.6,0.6,19,0.5,20161219,78.0,11.2,2016,0.0,2016-12-19,203,12
353,0.4,0.0,7.8,5.5,0.6,20,0.0,20161220,76.0,14.3,2016,0.0,2016-12-20,203,12
354,-2.9,0.0,3.5,5.6,0.9,21,34.1,20161221,82.8,12.9,2016,0.0,2016-12-21,203,12
355,3.0,0.0,0.0,6.7,2.8,22,18.2,20161222,83.8,13.1,2016,0.0,2016-12-22,203,12
356,-2.4,0.0,1.2,-0.5,2.6,23,0.5,20161223,66.1,3.0,2016,0.0,2016-12-23,203,12
357,-4.3,0.0,1.6,-2.1,0.9,24,0.0,20161224,64.5,1.0,2016,0.0,2016-12-24,203,12
358,-6.7,0.0,5.7,-0.6,0.6,25,0.0,20161225,78.0,6.2,2016,0.0,2016-12-25,203,12
359,-0.5,0.0,0.0,1.7,0.6,26,1.1,20161226,84.9,3.1,2016,0.0,2016-12-26,203,12
360,-6.2,0.0,6.7,-0.8,2.3,27,0.5,20161227,56.5,3.1,2016,0.0,2016-12-27,203,12
361,-9.4,0.0,8.7,-3.5,1.2,28,0.0,20161228,54.5,3.0,2016,0.0,2016-12-28,203,12
362,-6.1,0.0,8.1,-3.2,1.8,29,0.2,20161229,51.3,0.5,2016,0.0,2016-12-29,203,12
363,-11.3,0.0,7.3,-4.4,0.8,30,0.0,20161230,56.5,2.2,2016,0.0,2016-12-30,203,12
364,-7.1,0.0,1.7,-2.5,0.6,31,0.0,20161231,75.5,3.5,2016,0.0,2016-12-31,203,12
