,cloud,station_id,month,humid,date,snow,Date,wind,rainfall,tmin,sunshine,year,tmax,tavg,day
0,0.0,203,1,54.8,20080101,0.0,2008-01-01,2.0,0.0,-9.1,7.7,2008,-2.6,-6.5,1
1,0.0,203,1,65.3,20080102,0.0,2008-01-02,1.3,0.0,-12.8,8.8,2008,2.3,-5.3,2
2,0.0,203,1,69.0,20080103,0.0,2008-01-03,1.3,0.0,-8.1,6.0,2008,7.4,-0.8,3
3,0.0,203,1,69.8,20080104,0.0,2008-01-04,0.9,0.0,-9.6,6.4,2008,6.1,-1.2,4
4,0.0,203,1,78.4,20080105,0.0,2008-01-05,0.9,0.0,-7.6,8.2,2008,6.8,-0.9,5
5,0.0,203,1,86.6,20080106,0.0,2008-01-06,0.4,0.0,-4.8,0.0,2008,4.6,-0.2,6
6,0.0,203,1,94.1,20080107,0.0,2008-01-07,0.8,0.0,-4.6,0.0,2008,3.7,-0.4,7
7,0.0,203,1,77.6,20080108,0.0,2008-01-08,0.8,0.0,-5.4,0.3,2008,5.2,-0.5,8
8,0.0,203,1,68.5,20080109,0.0,2008-01-09,0.8,0.0,-5.1,4.3,2008,6.1,-0.7,9
9,0.0,203,1,65.1,20080110,0.0,2008-01-10,0.7,0.0,-6.2,7.1,2008,6.2,-0.5,10
10,0.0,203,1,89.1,20080111,2.9,2008-01-11,1.4,11.5,-1.0,0.0,2008,1.5,0.0,11
11,0.0,203,1,78.9,20080112,0.0,2008-01-12,0.9,0.0,-1.8,0.5,2008,6.5,2.2,12
12,0.0,203,1,56.5,20080113,0.0,2008-01-13,1.5,0.0,-6.4,3.4,2008,-0.3,-2.7,13
13,0.0,203,1,62.1,20080114,0.0,2008-01-14,1.4,0.0,-4.8,7.5,2008,4.3,-1.3,14
14,0.0,203,1,52.8,20080115,0.0,2008-01-15,1.4,0.0,-9.9,6.8,2008,1.5,-3.6,15
15,0.0,203,1,40.0,20080116,0.0,2008-01-16,2.4,0.0,-9.7,8.9,2008,-1.7,-6.2,16
16,0.0,203,1,57.0,20080117,0.0,2008-01-17,0.8,0.0,-14.3,3.0,2008,-4.1,-8.4,17
17,0.0,203,1,58.0,20080118,0.0,2008-01-18,0.9,0.0,-12.3,8.5,2008,0.8,-6.2,18
18,0.0,203,1,53.6,20080119,0.0,2008-01-19,0.8,0.0,-11.5,6.8,2008,2.6,-3.8,19
19,0.0,203,1,62.9,20080120,0.0,2008-01-20,1.7,0.0,-3.1,0.0,2008,4.6,1.3,20
20,0.0,203,1,85.4,20080121,3.5,2008-01-21,2.7,2.0,-0.8,0.0,2008,3.2,0.5,21
21,0.0,203,1,92.6,20080122,0.0,2008-01-22,1.3,2.0,-1.2,0.0,2008,1.8,0.4,22
22,0.0,203,1,66.6,20080123,0.0,2008-01-23,2.7,0.0,-8.1,6.4,2008,1.4,-1.6,23
23,0.0,203,1,46.4,20080124,0.0,2008-01-24,2.1,0.0,-10.6,8.9,2008,-3.3,-7.2,24
24,0.0,203,1,63.0,20080125,0.0,2008-01-25,1.0,0.0,-13.6,7.2,2008,-1.1,-7.0,25
25,0.0,203,1,63.6,20080126,0.0,2008-01-26,0.8,0.0,-11.0,8.3,2008,3.9,-4.5,26
26,0.0,203,1,66.3,20080127,0.0,2008-01-27,0.7,0.0,-11.7,9.0,2008,4.6,-3.8,27
27,0.0,203,1,68.4,20080128,0.0,2008-01-28,1.0,0.0,-7.3,0.1,2008,2.3,-2.5,28
28,0.0,203,1,61.8,20080129,0.0,2008-01-29,1.5,0.0,-4.7,6.1,2008,5.1,-0.9,29
29,0.0,203,1,56.4,20080130,1.3,2008-01-30,2.3,0.3,-5.1,8.5,2008,1.4,-2.0,30
30,0.0,203,1,56.3,20080131,0.0,2008-01-31,1.6,0.0,-10.4,9.1,2008,0.8,-4.8,31
31,0.0,203,2,57.3,20080201,0.0,2008-02-01,1.4,0.0,-13.5,9.1,2008,3.2,-4.6,1
32,0.0,203,2,60.6,20080202,0.0,2008-02-02,0.9,0.0,-10.0,8.6,2008,4.6,-3.2,2
33,0.0,203,2,71.0,20080203,0.0,2008-02-03,1.2,0.0,-8.2,4.2,2008,4.1,-2.7,3
34,0.0,203,2,59.4,20080204,0.0,2008-02-04,1.9,0.0,-10.8,7.9,2008,2.4,-3.5,4
35,0.0,203,2,57.3,20080205,0.0,2008-02-05,1.2,0.0,-11.3,6.7,2008,1.5,-4.6,5
36,0.0,203,2,54.5,20080206,0.0,2008-02-06,1.8,0.0,-8.1,8.9,2008,3.1,-3.4,6
37,0.0,203,2,60.8,20080207,0.0,2008-02-07,1.5,0.0,-13.0,9.1,2008,2.1,-5.2,7
38,0.0,203,2,66.3,20080208,0.0,2008-02-08,0.8,0.0,-12.6,4.7,2008,0.9,-5.4,8
39,0.0,203,2,67.1,20080209,0.2,2008-02-09,1.6,0.1,-7.8,6.5,2008,1.7,-3.7,9
40,0.0,203,2,62.0,20080210,0.0,2008-02-10,1.1,0.0,-10.5,8.2,2008,4.4,-2.9,10
41,0.0,203,2,59.3,20080211,0.0,2008-02-11,1.7,0.0,-8.9,4.6,2008,5.1,-2.4,11
42,0.0,203,2,29.4,20080212,0.0,2008-02-12,2.7,0.0,-9.0,8.9,2008,-1.9,-5.8,12
43,0.0,203,2,41.5,20080213,0.0,2008-02-13,1.8,0.0,-14.2,9.5,2008,0.3,-6.5,13
44,0.0,203,2,55.3,20080214,0.0,2008-02-14,1.4,0.0,-13.7,9.6,2008,4.0,-4.0,14
45,0.0,203,2,41.4,20080215,0.0,2008-02-15,2.8,0.0,-6.2,9.6,2008,1.9,-3.0,15
46,0.0,203,2,46.8,20080216,0.0,2008-02-16,2.0,0.0,-13.1,9.7,2008,1.7,-4.6,16
47,0.0,203,2,42.8,20080217,0.0,2008-02-17,1.7,0.0,-11.8,9.9,2008,3.6,-3.5,17
48,0.0,203,2,51.6,20080218,0.0,2008-02-18,1.3,0.0,-11.9,8.8,2008,5.6,-3.3,18
49,0.0,203,2,63.6,20080219,0.0,2008-02-19,1.4,0.0,-10.7,8.9,2008,6.3,-1.2,19
50,0.0,203,2,52.3,20080220,0.0,2008-02-20,2.1,0.0,-1.7,9.3,2008,8.4,2.6,20
51,0.0,203,2,47.3,20080221,0.0,2008-02-21,1.0,0.0,-7.6,8.7,2008,10.7,1.3,21
52,0.0,203,2,61.6,20080222,0.0,2008-02-22,1.8,1.5,-4.4,5.7,2008,11.9,4.0,22
53,0.0,203,2,44.5,20080223,0.0,2008-02-23,3.5,0.0,-4.8,9.3,2008,3.4,-1.8,23
54,0.0,203,2,49.4,20080224,0.0,2008-02-24,1.2,0.0,-9.7,10.1,2008,4.8,-2.3,24
55,0.0,203,2,86.0,20080225,3.2,2008-02-25,0.6,2.5,-8.4,0.3,2008,2.9,-2.6,25
56,0.0,203,2,72.1,20080226,4.8,2008-02-26,2.1,2.5,-2.7,4.8,2008,2.4,-0.5,26
57,0.0,203,2,55.3,20080227,0.0,2008-02-27,2.1,0.0,-6.5,8.4,2008,7.7,0.5,27
58,0.0,203,2,66.9,20080228,0.0,2008-02-28,1.7,0.0,-7.1,9.7,2008,9.0,1.6,28
59,0.0,203,2,70.0,20080229,0.0,2008-02-29,1.8,0.0,-3.9,2.0,2008,11.2,2.2,29
60,0.0,203,3,51.6,20080301,0.0,2008-03-01,2.1,0.0,-2.2,10.1,2008,9.3,2.4,1
61,0.0,203,3,78.9,20080302,0.0,2008-03-02,0.8,0.1,-3.9,0.2,2008,4.7,0.0,2
62,0.0,203,3,73.3,20080303,0.0,2008-03-03,1.5,0.0,-4.3,3.2,2008,7.3,1.1,3
63,0.0,203,3,83.9,20080304,5.1,2008-03-04,1.0,2.5,-3.3,4.1,2008,4.7,-0.4,4
64,0.0,203,3,70.1,20080305,0.0,2008-03-05,1.2,0.0,-4.1,5.5,2008,8.6,0.9,5
65,0.0,203,3,81.5,20080306,0.2,2008-03-06,1.3,0.5,-3.6,2.5,2008,7.6,1.0,6
66,0.0,203,3,58.6,20080307,0.0,2008-03-07,1.6,0.0,-3.2,8.6,2008,9.8,3.4,7
67,0.0,203,3,60.1,20080308,0.0,2008-03-08,1.3,0.0,-5.4,10.0,2008,12.9,3.5,8
68,0.0,203,3,62.8,20080309,0.0,2008-03-09,1.5,0.0,-2.7,9.2,2008,13.8,4.6,9
69,0.0,203,3,69.8,20080310,0.0,2008-03-10,1.7,0.0,0.9,6.3,2008,12.8,6.2,10
70,0.0,203,3,72.3,20080311,0.0,2008-03-11,0.9,0.0,2.4,4.8,2008,15.7,7.7,11
71,0.0,203,3,67.3,20080312,0.0,2008-03-12,1.0,0.0,-0.4,7.6,2008,18.4,9.2,12
72,0.0,203,3,79.5,20080313,0.0,2008-03-13,1.3,1.0,3.0,0.0,2008,14.1,8.4,13
73,0.0,203,3,67.4,20080314,0.0,2008-03-14,1.4,0.0,3.1,8.3,2008,15.6,8.1,14
74,0.0,203,3,64.0,20080315,0.0,2008-03-15,2.0,0.0,-1.8,8.4,2008,15.8,7.3,15
75,0.0,203,3,55.4,20080316,0.0,2008-03-16,2.2,0.0,2.7,9.8,2008,15.0,7.3,16
76,0.0,203,3,50.4,20080317,0.0,2008-03-17,0.9,0.0,-3.2,10.1,2008,16.3,6.4,17
77,0.0,203,3,48.0,20080318,0.0,2008-03-18,1.0,0.0,-1.3,7.5,2008,19.5,10.0,18
78,0.0,203,3,56.5,20080319,0.0,2008-03-19,2.6,0.0,3.1,6.4,2008,17.4,8.9,19
79,0.0,203,3,38.0,20080320,0.0,2008-03-20,1.3,0.0,-0.7,10.8,2008,18.3,8.0,20
80,0.0,203,3,42.8,20080321,0.0,2008-03-21,0.9,0.0,-1.6,9.2,2008,20.6,9.1,21
81,0.0,203,3,52.6,20080322,0.0,2008-03-22,1.2,5.5,2.3,3.8,2008,17.9,9.8,22
82,0.0,203,3,97.3,20080323,0.0,2008-03-23,2.0,36.0,6.0,0.0,2008,9.2,7.6,23
83,0.0,203,3,72.8,20080324,0.0,2008-03-24,2.9,2.0,2.2,3.6,2008,14.0,7.0,24
84,0.0,203,3,75.3,20080325,0.0,2008-03-25,2.6,0.0,-0.6,1.0,2008,8.9,4.0,25
85,0.0,203,3,65.9,20080326,0.0,2008-03-26,2.4,0.0,1.6,4.3,2008,11.1,5.6,26
86,0.0,203,3,65.0,20080327,0.0,2008-03-27,2.4,0.0,1.1,6.4,2008,11.6,6.3,27
87,0.0,203,3,67.3,20080328,0.0,2008-03-28,1.3,0.0,-1.6,6.1,2008,12.4,5.8,28
88,0.0,203,3,91.9,20080329,0.0,2008-03-29,1.1,9.5,4.1,0.0,2008,6.9,5.2,29
89,0.0,203,3,85.5,20080330,0.0,2008-03-30,1.4,0.5,4.2,0.3,2008,9.6,6.4,30
90,0.0,203,3,74.5,20080331,0.0,2008-03-31,2.5,0.5,3.0,4.3,2008,12.4,6.8,31
91,0.0,203,4,65.5,20080401,0.0,2008-04-01,2.3,0.0,-2.1,5.3,2008,15.3,7.6,1
92,0.0,203,4,72.8,20080402,0.0,2008-04-02,2.0,1.0,4.1,0.6,2008,10.4,7.1,2
93,0.0,203,4,52.4,20080403,0.0,2008-04-03,2.6,0.0,1.7,10.8,2008,15.1,8.3,3
94,0.0,203,4,50.8,20080404,0.0,2008-04-04,1.8,0.0,-2.7,10.8,2008,18.6,8.8,4
95,0.0,203,4,54.0,20080405,0.0,2008-04-05,1.2,0.0,1.9,9.1,2008,21.4,11.5,5
96,0.0,203,4,53.9,20080406,0.0,2008-04-06,1.8,2.0,3.2,7.3,2008,22.9,13.1,6
97,0.0,203,4,72.5,20080407,0.0,2008-04-07,1.2,0.0,7.9,5.9,2008,19.6,12.6,7
98,0.0,203,4,52.5,20080408,0.0,2008-04-08,1.0,0.0,3.2,11.0,2008,24.1,14.4,8
99,0.0,203,4,68.3,20080409,0.0,2008-04-09,2.8,10.5,7.5,0.0,2008,16.3,10.3,9
100,0.0,203,4,60.6,20080410,0.0,2008-04-10,3.0,3.5,8.3,8.9,2008,20.3,13.3,10
101,0.0,203,4,62.8,20080411,0.0,2008-04-11,1.7,0.0,4.0,8.7,2008,21.3,12.6,11
102,0.0,203,4,67.3,20080412,0.0,2008-04-12,1.9,0.0,4.6,2.6,2008,18.2,11.6,12
103,0.0,203,4,78.8,20080413,0.0,2008-04-13,1.3,0.4,8.4,1.5,2008,16.3,11.0,13
104,0.0,203,4,63.8,20080414,0.0,2008-04-14,1.5,0.0,1.5,8.7,2008,22.5,11.4,14
105,0.0,203,4,53.8,20080415,0.0,2008-04-15,1.1,0.0,4.0,9.2,2008,24.0,14.6,15
106,0.0,203,4,52.5,20080416,0.0,2008-04-16,1.2,0.0,6.8,8.7,2008,25.5,16.5,16
107,0.0,203,4,60.3,20080417,0.0,2008-04-17,2.2,0.0,7.9,10.0,2008,22.6,15.5,17
108,0.0,203,4,56.0,20080418,0.0,2008-04-18,1.6,0.0,6.8,11.5,2008,26.8,16.3,18
109,0.0,203,4,47.4,20080419,0.0,2008-04-19,1.1,0.0,6.9,11.3,2008,29.0,17.8,19
110,0.0,203,4,40.0,20080420,0.0,2008-04-20,1.5,0.0,6.8,8.9,2008,26.7,17.9,20
111,0.0,203,4,39.1,20080421,0.0,2008-04-21,1.8,0.0,11.3,0.1,2008,23.9,17.4,21
112,0.0,203,4,63.8,20080422,0.0,2008-04-22,1.1,6.5,11.0,0.0,2008,20.4,15.3,22
113,0.0,203,4,78.9,20080423,0.0,2008-04-23,2.6,2.5,7.1,1.8,2008,13.6,10.7,23
114,0.0,203,4,45.1,20080424,0.0,2008-04-24,2.4,0.0,3.8,11.4,2008,15.7,9.2,24
115,0.0,203,4,63.5,20080425,0.0,2008-04-25,1.9,4.5,3.2,3.8,2008,20.2,11.4,25
116,0.0,203,4,79.4,20080426,0.0,2008-04-26,3.3,7.5,6.8,1.5,2008,13.6,9.5,26
117,0.0,203,4,80.6,20080427,0.0,2008-04-27,1.2,1.0,3.4,3.2,2008,14.5,8.1,27
118,0.0,203,4,65.6,20080428,0.0,2008-04-28,1.2,0.0,2.1,7.9,2008,21.9,10.9,28
119,0.0,203,4,72.8,20080429,0.0,2008-04-29,0.9,0.0,5.4,6.8,2008,23.0,14.4,29
120,0.0,203,4,71.6,20080430,0.0,2008-04-30,1.4,0.0,9.8,7.6,2008,26.0,17.2,30
121,0.0,203,5,68.8,20080501,0.0,2008-05-01,1.4,0.0,10.8,10.9,2008,27.1,19.0,1
122,0.0,203,5,68.3,20080502,0.0,2008-05-02,1.2,0.0,12.0,10.3,2008,28.3,19.5,2
123,0.0,203,5,61.9,20080503,0.0,2008-05-03,0.9,0.0,12.2,9.5,2008,29.9,20.9,3
124,0.0,203,5,78.1,20080504,0.0,2008-05-04,1.0,0.0,14.4,0.0,2008,21.0,17.8,4
125,0.0,203,5,48.0,20080505,0.0,2008-05-05,3.0,0.2,10.4,11.5,2008,23.2,16.4,5
126,0.0,203,5,41.3,20080506,0.0,2008-05-06,1.9,0.0,4.6,11.3,2008,25.6,15.7,6
127,0.0,203,5,51.5,20080507,0.0,2008-05-07,1.5,0.0,7.0,4.2,2008,24.9,16.0,7
128,0.0,203,5,67.5,20080508,0.0,2008-05-08,1.1,0.0,12.3,1.4,2008,23.8,16.7,8
129,0.0,203,5,47.0,20080509,0.0,2008-05-09,2.6,0.0,10.2,5.1,2008,22.8,16.5,9
130,0.0,203,5,50.0,20080510,0.0,2008-05-10,2.5,0.0,7.9,9.0,2008,21.0,13.4,10
131,0.0,203,5,52.4,20080511,0.0,2008-05-11,1.3,0.0,4.5,11.5,2008,22.5,14.4,11
132,0.0,203,5,47.4,20080512,0.0,2008-05-12,2.8,0.0,6.4,6.4,2008,21.6,14.7,12
133,0.0,203,5,77.0,20080513,0.0,2008-05-13,2.1,2.0,8.8,1.5,2008,16.1,10.8,13
134,0.0,203,5,62.9,20080514,0.0,2008-05-14,1.4,0.0,5.4,7.0,2008,19.3,12.4,14
135,0.0,203,5,61.5,20080515,0.0,2008-05-15,1.3,0.0,4.9,11.6,2008,22.0,13.5,15
136,0.0,203,5,59.5,20080516,0.0,2008-05-16,1.3,0.0,5.8,9.9,2008,23.9,14.7,16
137,0.0,203,5,57.3,20080517,0.0,2008-05-17,1.1,0.0,6.7,9.8,2008,24.6,16.4,17
138,0.0,203,5,91.8,20080518,0.0,2008-05-18,1.0,49.5,10.3,0.0,2008,14.9,12.7,18
139,0.0,203,5,72.8,20080519,0.0,2008-05-19,2.5,1.6,8.0,9.5,2008,20.0,13.0,19
140,0.0,203,5,74.6,20080520,0.0,2008-05-20,1.3,0.0,5.3,8.9,2008,21.6,13.5,20
141,0.0,203,5,68.0,20080521,0.0,2008-05-21,1.4,0.0,8.4,1.1,2008,22.8,16.2,21
142,0.0,203,5,70.0,20080522,0.0,2008-05-22,1.4,0.0,9.9,9.1,2008,27.1,19.5,22
143,0.0,203,5,75.6,20080523,0.0,2008-05-23,0.6,0.0,15.6,0.8,2008,25.8,20.5,23
144,0.0,203,5,67.9,20080524,0.0,2008-05-24,1.1,0.0,15.2,7.4,2008,29.3,22.0,24
145,0.0,203,5,72.3,20080525,0.0,2008-05-25,2.0,0.0,16.3,9.7,2008,28.2,20.9,25
146,0.0,203,5,75.6,20080526,0.0,2008-05-26,1.5,0.0,14.1,4.6,2008,25.2,18.7,26
147,0.0,203,5,66.5,20080527,0.0,2008-05-27,1.1,0.0,13.0,5.2,2008,29.1,20.9,27
148,0.0,203,5,92.4,20080528,0.0,2008-05-28,0.7,33.5,17.0,0.0,2008,21.4,18.8,28
149,0.0,203,5,72.3,20080529,0.0,2008-05-29,1.8,0.0,17.6,7.3,2008,28.6,22.6,29
150,0.0,203,5,71.6,20080530,0.0,2008-05-30,1.6,0.0,11.8,1.1,2008,21.7,17.9,30
151,0.0,203,5,62.5,20080531,0.0,2008-05-31,1.6,0.0,7.9,12.1,2008,24.6,16.5,31
152,0.0,203,6,62.9,20080601,0.0,2008-06-01,1.1,0.0,9.7,7.0,2008,26.8,18.5,1
153,0.0,203,6,80.6,20080602,0.0,2008-06-02,1.5,26.0,12.9,2.8,2008,24.2,17.6,2
154,0.0,203,6,72.4,20080603,0.0,2008-06-03,2.0,2.5,14.1,6.3,2008,25.7,19.2,3
155,0.0,203,6,78.6,20080604,0.0,2008-06-04,2.1,0.5,12.4,0.4,2008,20.0,16.5,4
156,0.0,203,6,93.5,20080605,0.0,2008-06-05,1.6,5.5,12.5,0.0,2008,15.7,13.8,5
157,0.0,203,6,81.5,20080606,0.0,2008-06-06,1.4,0.0,12.7,2.8,2008,22.5,17.0,6
158,0.0,203,6,78.1,20080607,0.0,2008-06-07,0.8,0.0,15.0,3.0,2008,24.1,18.7,7
159,0.0,203,6,90.1,20080608,0.0,2008-06-08,0.8,6.0,13.5,2.2,2008,25.4,17.8,8
160,0.0,203,6,76.8,20080609,0.0,2008-06-09,0.8,0.0,14.9,7.9,2008,28.0,20.7,9
161,0.0,203,6,76.3,20080610,0.0,2008-06-10,1.1,0.0,16.7,6.1,2008,28.7,22.5,10
162,0.0,203,6,63.6,20080611,0.0,2008-06-11,1.5,0.0,17.3,4.2,2008,28.7,22.4,11
163,0.0,203,6,64.1,20080612,0.0,2008-06-12,1.2,0.0,12.9,12.5,2008,30.4,21.6,12
164,0.0,203,6,75.1,20080613,0.0,2008-06-13,1.2,0.0,14.9,7.9,2008,29.9,21.7,13
165,0.0,203,6,67.0,20080614,0.0,2008-06-14,2.0,0.0,16.6,7.3,2008,28.7,22.9,14
166,0.0,203,6,61.4,20080615,0.0,2008-06-15,2.3,0.0,16.0,8.3,2008,27.1,20.9,15
167,0.0,203,6,54.1,20080616,0.0,2008-06-16,1.5,0.0,10.9,10.2,2008,28.6,20.4,16
168,0.0,203,6,62.4,20080617,0.0,2008-06-17,2.1,0.5,17.1,1.4,2008,27.9,22.5,17
169,0.0,203,6,94.5,20080618,0.0,2008-06-18,1.8,80.5,17.3,0.0,2008,22.3,19.2,18
170,0.0,203,6,82.5,20080619,0.0,2008-06-19,1.1,0.0,17.3,1.5,2008,26.1,20.8,19
171,0.0,203,6,74.8,20080620,0.0,2008-06-20,0.8,0.0,17.4,7.2,2008,30.0,23.2,20
172,0.0,203,6,77.3,20080621,0.0,2008-06-21,1.5,0.5,20.4,0.0,2008,26.0,22.6,21
173,0.0,203,6,71.8,20080622,0.0,2008-06-22,2.5,0.0,17.7,0.5,2008,26.1,21.3,22
174,0.0,203,6,62.9,20080623,0.0,2008-06-23,1.4,0.0,14.2,8.3,2008,26.9,21.0,23
175,0.0,203,6,61.0,20080624,0.0,2008-06-24,1.6,0.0,17.0,8.1,2008,27.4,22.1,24
176,0.0,203,6,63.5,20080625,0.0,2008-06-25,1.4,0.0,17.5,10.6,2008,28.9,22.8,25
177,0.0,203,6,68.4,20080626,0.0,2008-06-26,1.5,0.0,17.2,8.6,2008,29.6,22.6,26
178,0.0,203,6,71.8,20080627,0.0,2008-06-27,1.2,0.0,17.7,9.4,2008,28.8,23.1,27
179,0.0,203,6,89.3,20080628,0.0,2008-06-28,1.1,9.5,18.6,0.0,2008,23.0,20.4,28
180,0.0,203,6,82.5,20080629,0.0,2008-06-29,2.0,12.5,17.3,0.0,2008,24.9,20.0,29
181,0.0,203,6,76.6,20080630,0.0,2008-06-30,1.0,0.0,15.5,6.3,2008,28.0,21.8,30
182,0.0,203,7,77.5,20080701,0.0,2008-07-01,1.2,0.0,19.0,1.7,2008,28.8,23.0,1
183,0.0,203,7,84.3,20080702,0.0,2008-07-02,1.6,1.5,19.8,0.0,2008,26.2,22.8,2
184,0.0,203,7,83.9,20080703,0.0,2008-07-03,2.2,2.0,20.6,3.3,2008,27.3,23.0,3
185,0.0,203,7,79.6,20080704,0.0,2008-07-04,1.2,0.0,20.8,2.1,2008,30.5,25.1,4
186,0.0,203,7,87.8,20080705,0.0,2008-07-05,0.6,2.0,21.4,0.9,2008,29.1,24.2,5
187,0.0,203,7,79.6,20080706,0.0,2008-07-06,1.5,0.0,22.6,6.9,2008,32.2,27.5,6
188,0.0,203,7,84.1,20080707,0.0,2008-07-07,1.2,0.0,24.0,1.0,2008,30.5,26.2,7
189,0.0,203,7,73.3,20080708,0.0,2008-07-08,0.9,0.0,23.2,9.2,2008,33.2,27.7,8
190,0.0,203,7,69.8,20080709,0.0,2008-07-09,1.2,0.0,22.3,11.3,2008,34.3,27.9,9
191,0.0,203,7,71.3,20080710,0.0,2008-07-10,1.2,0.0,21.1,5.7,2008,32.3,26.3,10
192,0.0,203,7,73.1,20080711,0.0,2008-07-11,1.0,0.0,22.2,1.8,2008,30.4,26.1,11
193,0.0,203,7,85.3,20080712,0.0,2008-07-12,1.3,0.5,22.5,0.2,2008,29.1,25.0,12
194,0.0,203,7,83.9,20080713,0.0,2008-07-13,1.5,66.5,23.1,4.2,2008,30.9,25.9,13
195,0.0,203,7,79.8,20080714,0.0,2008-07-14,0.7,0.0,21.8,5.4,2008,33.0,27.0,14
196,0.0,203,7,83.8,20080715,0.0,2008-07-15,0.9,2.5,23.2,1.3,2008,31.8,26.7,15
197,0.0,203,7,88.8,20080716,0.0,2008-07-16,1.9,28.5,22.2,0.4,2008,28.3,24.6,16
198,0.0,203,7,76.1,20080717,0.0,2008-07-17,1.1,0.0,21.0,10.4,2008,31.6,25.2,17
199,0.0,203,7,80.1,20080718,0.0,2008-07-18,0.7,0.0,19.9,3.2,2008,30.9,25.2,18
200,0.0,203,7,95.0,20080719,0.0,2008-07-19,1.3,46.5,22.3,0.0,2008,24.3,23.0,19
201,0.0,203,7,88.3,20080720,0.0,2008-07-20,1.6,84.0,22.9,1.4,2008,30.5,25.4,20
202,0.0,203,7,84.3,20080721,0.0,2008-07-21,2.3,1.5,22.9,0.2,2008,25.8,23.8,21
203,0.0,203,7,79.8,20080722,0.0,2008-07-22,1.1,0.0,21.7,3.7,2008,29.7,24.4,22
204,0.0,203,7,87.0,20080723,0.0,2008-07-23,0.6,3.0,20.3,0.0,2008,27.4,23.2,23
205,0.0,203,7,94.8,20080724,0.0,2008-07-24,1.1,162.5,20.6,0.0,2008,25.0,22.5,24
206,0.0,203,7,93.1,20080725,0.0,2008-07-25,1.1,4.5,21.4,0.2,2008,26.8,23.3,25
207,0.0,203,7,93.1,20080726,0.0,2008-07-26,1.4,23.0,21.2,0.5,2008,25.3,22.2,26
208,0.0,203,7,88.9,20080727,0.0,2008-07-27,0.4,0.0,21.6,1.6,2008,30.1,24.8,27
209,0.0,203,7,76.5,20080728,0.0,2008-07-28,0.7,0.0,23.2,6.4,2008,32.5,26.8,28
210,0.0,203,7,74.1,20080729,0.0,2008-07-29,1.2,0.0,22.7,10.2,2008,33.8,27.8,29
211,0.0,203,7,87.5,20080730,0.0,2008-07-30,0.7,21.5,22.2,0.2,2008,28.7,24.4,30
212,0.0,203,7,85.4,20080731,0.0,2008-07-31,0.5,0.4,22.0,0.5,2008,29.8,25.4,31
213,0.0,203,8,72.6,20080801,0.0,2008-08-01,1.9,0.0,23.6,4.3,2008,32.2,27.3,1
214,0.0,203,8,82.4,20080802,0.0,2008-08-02,2.6,7.0,24.1,1.0,2008,29.8,26.1,2
215,0.0,203,8,76.3,20080803,0.0,2008-08-03,1.9,1.5,21.9,5.2,2008,30.5,25.1,3
216,0.0,203,8,75.1,20080804,0.0,2008-08-04,0.7,0.0,18.7,6.2,2008,31.2,23.7,4
217,0.0,203,8,74.0,20080805,0.0,2008-08-05,0.6,0.0,18.5,8.5,2008,32.9,24.8,5
218,0.0,203,8,72.8,20080806,0.0,2008-08-06,0.7,0.0,20.0,9.7,2008,34.0,26.2,6
219,0.0,203,8,68.0,20080807,0.0,2008-08-07,0.9,0.0,20.9,11.4,2008,33.4,26.4,7
220,0.0,203,8,67.4,20080808,0.0,2008-08-08,0.8,0.0,21.2,11.2,2008,35.0,27.7,8
221,0.0,203,8,74.9,20080809,0.0,2008-08-09,1.2,2.5,21.5,8.2,2008,33.0,26.6,9
222,0.0,203,8,67.4,20080810,0.0,2008-08-10,1.4,0.0,22.8,11.4,2008,34.0,28.3,10
223,0.0,203,8,73.8,20080811,0.0,2008-08-11,1.0,0.0,21.5,5.1,2008,32.8,27.1,11
224,0.0,203,8,87.3,20080812,0.0,2008-08-12,1.0,14.5,23.1,0.0,2008,26.4,24.6,12
225,0.0,203,8,81.6,20080813,0.0,2008-08-13,0.9,1.0,23.1,0.8,2008,30.6,26.1,13
226,0.0,203,8,73.8,20080814,0.0,2008-08-14,1.2,0.5,23.9,5.2,2008,32.5,26.9,14
227,0.0,203,8,85.1,20080815,0.0,2008-08-15,0.9,11.5,21.4,0.4,2008,29.9,24.3,15
228,0.0,203,8,86.5,20080816,0.0,2008-08-16,1.6,25.0,17.9,0.5,2008,22.9,20.0,16
229,0.0,203,8,76.1,20080817,0.0,2008-08-17,1.3,0.3,18.6,1.5,2008,27.4,23.0,17
230,0.0,203,8,86.4,20080818,0.0,2008-08-18,2.0,39.0,19.8,0.2,2008,26.2,22.3,18
231,0.0,203,8,70.0,20080819,0.0,2008-08-19,2.8,0.0,21.1,7.4,2008,27.8,23.7,19
232,0.0,203,8,77.3,20080820,0.0,2008-08-20,1.2,0.1,18.1,4.1,2008,26.4,21.8,20
233,0.0,203,8,65.3,20080821,0.0,2008-08-21,1.9,0.0,15.1,11.5,2008,27.9,21.4,21
234,0.0,203,8,88.4,20080822,0.0,2008-08-22,2.0,74.0,15.7,0.0,2008,19.2,17.5,22
235,0.0,203,8,84.8,20080823,0.0,2008-08-23,0.9,7.5,18.2,0.1,2008,25.0,20.7,23
236,0.0,203,8,74.1,20080824,0.0,2008-08-24,0.8,0.0,15.8,11.3,2008,28.9,22.1,24
237,0.0,203,8,72.1,20080825,0.0,2008-08-25,1.0,0.0,18.7,9.0,2008,29.6,23.3,25
238,0.0,203,8,66.5,20080826,0.0,2008-08-26,1.4,0.0,17.9,10.1,2008,28.4,22.1,26
239,0.0,203,8,70.0,20080827,0.0,2008-08-27,0.9,0.0,14.2,8.5,2008,28.7,21.6,27
240,0.0,203,8,70.6,20080828,0.0,2008-08-28,0.9,0.0,16.2,11.7,2008,29.9,22.7,28
241,0.0,203,8,75.5,20080829,0.0,2008-08-29,0.7,0.0,17.7,6.7,2008,30.7,22.7,29
242,0.0,203,8,70.9,20080830,0.0,2008-08-30,1.1,0.0,18.7,10.3,2008,29.9,23.2,30
243,0.0,203,8,68.3,20080831,0.0,2008-08-31,1.3,0.0,16.1,10.3,2008,29.2,22.5,31
244,0.0,203,9,86.9,20080901,0.0,2008-09-01,1.7,37.5,18.2,0.0,2008,21.3,19.8,1
245,0.0,203,9,80.0,20080902,0.0,2008-09-02,1.7,12.0,17.5,1.3,2008,26.3,20.6,2
246,0.0,203,9,80.9,20080903,0.0,2008-09-03,0.7,0.0,15.9,5.3,2008,28.6,20.6,3
247,0.0,203,9,79.1,20080904,0.0,2008-09-04,0.6,0.0,16.6,2.7,2008,26.9,21.0,4
248,0.0,203,9,81.4,20080905,0.0,2008-09-05,0.6,0.0,18.1,0.2,2008,25.2,20.5,5
249,0.0,203,9,75.3,20080906,0.0,2008-09-06,0.7,0.4,17.2,6.9,2008,28.9,21.7,6
250,0.0,203,9,77.3,20080907,0.0,2008-09-07,0.6,0.0,15.6,7.8,2008,30.2,21.9,7
251,0.0,203,9,76.0,20080908,0.0,2008-09-08,0.7,0.0,17.7,5.8,2008,30.6,22.7,8
252,0.0,203,9,73.4,20080909,0.0,2008-09-09,0.7,0.0,16.6,9.4,2008,29.0,22.0,9
253,0.0,203,9,73.3,20080910,0.0,2008-09-10,0.9,0.0,16.1,7.9,2008,29.4,21.5,10
254,0.0,203,9,78.0,20080911,0.0,2008-09-11,0.7,0.0,16.4,3.5,2008,27.1,21.4,11
255,0.0,203,9,78.6,20080912,0.0,2008-09-12,0.7,0.0,16.8,3.6,2008,28.7,21.4,12
256,0.0,203,9,74.8,20080913,0.0,2008-09-13,0.6,0.0,14.2,6.3,2008,29.9,20.3,13
257,0.0,203,9,74.4,20080914,0.0,2008-09-14,0.6,0.0,14.2,8.7,2008,30.2,21.9,14
258,0.0,203,9,75.8,20080915,0.0,2008-09-15,0.8,0.0,18.5,6.6,2008,30.4,23.1,15
259,0.0,203,9,76.6,20080916,0.0,2008-09-16,0.6,0.0,17.9,5.6,2008,30.7,21.7,16
260,0.0,203,9,70.6,20080917,0.0,2008-09-17,0.5,0.0,13.5,9.9,2008,31.1,21.3,17
261,0.0,203,9,69.0,20080918,0.0,2008-09-18,0.6,0.0,15.1,10.5,2008,31.6,22.0,18
262,0.0,203,9,71.4,20080919,0.0,2008-09-19,0.5,0.0,14.4,6.3,2008,30.9,21.5,19
263,0.0,203,9,84.9,20080920,0.0,2008-09-20,0.7,44.0,17.2,0.7,2008,24.7,19.7,20
264,0.0,203,9,75.3,20080921,0.0,2008-09-21,0.9,0.1,16.7,8.8,2008,28.7,21.8,21
265,0.0,203,9,81.3,20080922,0.0,2008-09-22,0.7,3.9,16.7,0.2,2008,24.3,20.7,22
266,0.0,203,9,83.9,20080923,0.0,2008-09-23,0.5,3.5,19.0,0.0,2008,25.3,21.3,23
267,0.0,203,9,78.5,20080924,0.0,2008-09-24,1.6,0.0,18.3,0.0,2008,24.1,20.8,24
268,0.0,203,9,81.9,20080925,0.0,2008-09-25,1.2,5.0,12.7,0.0,2008,19.7,16.6,25
269,0.0,203,9,45.1,20080926,0.0,2008-09-26,2.1,0.0,10.1,10.0,2008,19.4,14.5,26
270,0.0,203,9,60.4,20080927,0.0,2008-09-27,0.9,0.0,6.1,7.7,2008,20.0,12.0,27
271,0.0,203,9,69.8,20080928,0.0,2008-09-28,0.7,0.0,8.6,2.4,2008,20.0,13.0,28
272,0.0,203,9,67.3,20080929,0.0,2008-09-29,0.7,0.0,9.9,8.7,2008,24.0,15.5,29
273,0.0,203,9,76.8,20080930,0.0,2008-09-30,0.5,0.0,8.7,2.5,2008,22.7,14.5,30
274,0.0,203,10,74.5,20081001,0.0,2008-10-01,0.9,0.0,10.0,6.5,2008,26.3,16.4,1
275,0.0,203,10,71.3,20081002,0.0,2008-10-02,0.9,0.0,10.4,9.9,2008,26.0,17.5,2
276,0.0,203,10,76.1,20081003,0.0,2008-10-03,0.9,0.0,11.7,7.3,2008,25.5,17.7,3
277,0.0,203,10,75.4,20081004,0.0,2008-10-04,0.8,0.0,12.6,3.6,2008,23.8,17.1,4
278,0.0,203,10,69.4,20081005,0.0,2008-10-05,0.8,0.0,12.6,2.8,2008,23.8,17.6,5
279,0.0,203,10,74.6,20081006,0.0,2008-10-06,1.1,0.0,11.1,6.4,2008,23.6,16.1,6
280,0.0,203,10,72.0,20081007,0.0,2008-10-07,0.8,0.0,10.2,7.5,2008,22.3,15.6,7
281,0.0,203,10,71.8,20081008,0.0,2008-10-08,0.9,0.0,9.3,4.5,2008,23.0,16.4,8
282,0.0,203,10,71.3,20081009,0.0,2008-10-09,0.6,0.0,11.1,6.4,2008,24.9,15.8,9
283,0.0,203,10,73.1,20081010,0.0,2008-10-10,1.2,0.0,11.5,1.1,2008,21.0,15.7,10
284,0.0,203,10,56.1,20081011,0.0,2008-10-11,1.3,0.0,5.1,9.8,2008,20.2,12.2,11
285,0.0,203,10,69.1,20081012,0.0,2008-10-12,0.7,0.0,3.5,8.6,2008,20.7,10.9,12
286,0.0,203,10,76.6,20081013,0.0,2008-10-13,0.6,0.0,3.3,5.2,2008,20.4,11.3,13
287,0.0,203,10,78.0,20081014,0.0,2008-10-14,0.8,0.0,7.5,5.2,2008,22.2,12.5,14
288,0.0,203,10,81.6,20081015,0.0,2008-10-15,0.6,0.0,6.7,5.6,2008,21.7,12.9,15
289,0.0,203,10,86.1,20081016,0.0,2008-10-16,0.6,0.0,10.0,3.7,2008,21.6,13.7,16
290,0.0,203,10,78.1,20081017,0.0,2008-10-17,0.4,0.0,10.1,6.7,2008,24.6,15.5,17
291,0.0,203,10,75.6,20081018,0.0,2008-10-18,0.5,0.0,8.9,6.4,2008,27.1,15.4,18
292,0.0,203,10,77.9,20081019,0.0,2008-10-19,0.5,0.0,7.7,2.7,2008,22.5,14.7,19
293,0.0,203,10,74.4,20081020,0.0,2008-10-20,0.4,0.0,9.5,6.6,2008,26.5,15.1,20
294,0.0,203,10,69.3,20081021,0.0,2008-10-21,0.5,0.0,8.2,5.1,2008,25.2,16.0,21
295,0.0,203,10,88.8,20081022,0.0,2008-10-22,1.2,20.5,13.5,0.0,2008,17.1,14.8,22
296,0.0,203,10,84.8,20081023,0.0,2008-10-23,1.1,4.5,13.8,0.0,2008,19.6,16.5,23
297,0.0,203,10,62.6,20081024,0.0,2008-10-24,1.7,0.0,5.7,5.2,2008,15.7,9.9,24
298,0.0,203,10,76.8,20081025,0.0,2008-10-25,1.2,2.0,3.0,4.0,2008,16.2,9.8,25
299,0.0,203,10,55.3,20081026,0.0,2008-10-26,1.8,0.0,7.0,7.6,2008,17.0,11.8,26
300,0.0,203,10,58.5,20081027,0.0,2008-10-27,1.5,0.0,3.0,4.7,2008,16.2,9.4,27
301,4.3,203,10,66.1,20081028,0.0,2008-10-28,1.2,0.0,0.5,8.5,2008,17.4,8.6,28
302,6.4,203,10,62.0,20081029,0.0,2008-10-29,1.2,0.0,4.8,6.5,2008,18.7,10.0,29
303,3.0,203,10,66.4,20081030,0.0,2008-10-30,1.0,0.0,2.1,7.6,2008,16.6,9.2,30
304,8.8,203,10,89.3,20081031,0.0,2008-10-31,0.8,10.0,4.5,0.1,2008,12.3,7.6,31
305,5.6,203,11,77.0,20081101,0.0,2008-11-01,0.9,0.0,6.7,4.3,2008,15.8,9.5,1
306,6.0,203,11,72.5,20081102,0.0,2008-11-02,1.3,0.0,6.0,2.3,2008,16.9,10.6,2
307,2.0,203,11,56.9,20081103,0.0,2008-11-03,1.3,0.0,3.0,6.2,2008,18.8,9.4,3
308,0.1,203,11,51.8,20081104,0.0,2008-11-04,0.8,0.0,-2.6,9.5,2008,15.2,5.6,4
309,3.0,203,11,61.0,20081105,0.0,2008-11-05,0.5,0.0,-1.6,8.2,2008,17.5,7.7,5
310,8.8,203,11,69.5,20081106,0.0,2008-11-06,0.6,0.0,6.2,2.4,2008,19.8,13.1,6
311,9.8,203,11,71.1,20081107,0.0,2008-11-07,0.9,0.0,7.1,0.0,2008,16.2,11.4,7
312,6.3,203,11,60.3,20081108,0.0,2008-11-08,1.3,0.0,4.4,4.7,2008,18.3,11.0,8
313,7.1,203,11,72.6,20081109,0.0,2008-11-09,1.6,0.2,6.3,0.6,2008,13.2,9.2,9
314,1.5,203,11,63.9,20081110,0.0,2008-11-10,1.2,0.0,2.7,9.0,2008,15.5,8.2,10
315,0.1,203,11,63.3,20081111,0.0,2008-11-11,0.7,0.0,0.7,9.1,2008,15.4,7.1,11
316,0.1,203,11,68.5,20081112,0.0,2008-11-12,0.7,0.0,-2.0,8.5,2008,15.7,6.0,12
317,3.0,203,11,67.5,20081113,0.0,2008-11-13,0.9,0.0,-1.9,7.8,2008,17.3,7.2,13
318,6.5,203,11,73.5,20081114,0.0,2008-11-14,0.6,0.0,0.5,4.3,2008,16.2,7.9,14
319,9.5,203,11,79.9,20081115,0.0,2008-11-15,0.3,0.5,4.2,0.1,2008,13.7,8.5,15
320,3.8,203,11,60.5,20081116,0.0,2008-11-16,1.1,0.0,2.2,6.9,2008,14.4,7.3,16
321,3.3,203,11,51.3,20081117,0.0,2008-11-17,1.7,0.0,-2.5,2.6,2008,10.0,2.8,17
322,1.3,203,11,35.4,20081118,0.0,2008-11-18,2.1,0.0,-6.3,7.2,2008,3.0,-2.5,18
323,0.0,203,11,39.8,20081119,0.0,2008-11-19,1.8,0.0,-9.4,9.1,2008,1.1,-4.4,19
324,5.8,203,11,77.0,20081120,0.0,2008-11-20,1.0,0.5,-9.9,2.2,2008,4.5,-2.8,20
325,0.8,203,11,55.3,20081121,0.0,2008-11-21,2.0,0.5,-4.6,8.9,2008,8.1,2.1,21
326,4.8,203,11,66.6,20081122,0.0,2008-11-22,0.6,0.0,-6.6,1.9,2008,8.5,0.4,22
327,3.5,203,11,69.4,20081123,0.0,2008-11-23,0.6,0.0,-3.2,8.3,2008,12.5,4.1,23
328,6.5,203,11,70.4,20081124,0.0,2008-11-24,0.9,0.0,0.9,1.6,2008,10.5,5.2,24
329,5.9,203,11,75.0,20081125,0.0,2008-11-25,0.7,0.0,-1.0,2.8,2008,9.8,3.7,25
330,8.6,203,11,79.5,20081126,0.0,2008-11-26,0.6,0.0,-0.4,1.3,2008,9.7,3.7,26
331,9.5,203,11,87.4,20081127,0.0,2008-11-27,0.9,11.5,0.8,0.0,2008,4.4,3.2,27
332,7.4,203,11,76.3,20081128,0.0,2008-11-28,1.1,1.5,1.6,1.5,2008,8.9,5.2,28
333,4.6,203,11,55.5,20081129,0.0,2008-11-29,3.0,3.5,-0.7,4.4,2008,6.4,3.1,29
334,2.6,203,11,52.6,20081130,0.0,2008-11-30,1.0,0.0,-5.0,8.8,2008,7.2,1.4,30
335,4.9,203,12,62.5,20081201,0.0,2008-12-01,0.7,0.0,-2.1,3.6,2008,11.1,4.8,1
336,2.0,203,12,57.1,20081202,0.0,2008-12-02,1.2,0.0,-0.5,6.4,2008,13.9,6.5,2
337,2.6,203,12,61.1,20081203,0.0,2008-12-03,0.7,0.0,-4.6,8.3,2008,12.4,3.4,3
338,8.9,203,12,76.4,20081204,0.0,2008-12-04,1.3,7.0,-0.1,0.0,2008,7.5,3.4,4
339,1.5,203,12,37.0,20081205,0.0,2008-12-05,3.4,0.0,-11.6,6.9,2008,0.0,-6.2,5
340,0.0,203,12,44.8,20081206,0.0,2008-12-06,1.6,0.0,-13.6,8.8,2008,-3.7,-9.1,6
341,6.8,203,12,72.6,20081207,0.5,2008-12-07,0.8,0.6,-12.2,2.7,2008,-0.4,-5.4,7
342,5.1,203,12,86.3,20081208,0.4,2008-12-08,0.8,2.2,-3.6,3.1,2008,9.4,1.4,8
343,3.8,203,12,83.0,20081209,0.0,2008-12-09,0.6,1.0,-1.6,4.6,2008,11.1,4.1,9
344,5.3,203,12,82.1,20081210,0.0,2008-12-10,0.5,0.0,0.0,4.8,2008,13.3,5.2,10
345,4.4,203,12,65.1,20081211,0.0,2008-12-11,2.2,3.0,-3.2,4.8,2008,7.6,3.4,11
346,5.9,203,12,70.0,20081212,0.0,2008-12-12,0.8,0.0,-4.4,6.9,2008,9.2,1.7,12
347,4.8,203,12,65.6,20081213,0.0,2008-12-13,1.2,0.0,-3.7,3.3,2008,7.0,0.3,13
348,0.0,203,12,45.8,20081214,0.0,2008-12-14,1.5,0.0,-8.1,8.7,2008,3.9,-1.8,14
349,2.6,203,12,59.4,20081215,0.0,2008-12-15,0.8,0.0,-5.7,7.4,2008,8.0,-0.6,15
350,2.9,203,12,68.4,20081216,0.0,2008-12-16,0.6,0.0,-7.5,7.9,2008,7.3,0.2,16
351,7.8,203,12,78.5,20081217,0.0,2008-12-17,1.1,3.5,-0.6,0.0,2008,7.9,3.4,17
352,0.0,203,12,58.1,20081218,0.0,2008-12-18,1.5,0.0,-4.5,8.7,2008,5.0,-0.2,18
353,5.3,203,12,74.9,20081219,0.0,2008-12-19,0.7,0.0,-8.1,2.1,2008,4.7,-2.3,19
354,9.5,203,12,58.8,20081220,0.0,2008-12-20,1.2,5.0,-1.2,0.8,2008,4.8,1.3,20
355,8.3,203,12,67.4,20081221,0.0,2008-12-21,1.2,0.0,-1.7,2.4,2008,2.9,-0.2,21
356,2.8,203,12,49.5,20081222,0.8,2008-12-22,2.5,0.2,-6.6,8.5,2008,-0.3,-3.9,22
357,5.3,203,12,72.9,20081223,2.1,2008-12-23,0.7,1.0,-7.8,5.2,2008,2.8,-3.2,23
358,8.0,203,12,73.4,20081224,0.0,2008-12-24,0.8,0.0,-5.8,2.4,2008,4.5,0.0,24
359,2.1,203,12,36.8,20081225,0.0,2008-12-25,3.3,0.0,-5.8,8.3,2008,3.6,-0.6,25
360,0.0,203,12,37.3,20081226,0.0,2008-12-26,1.8,0.0,-9.8,8.7,2008,-0.3,-5.7,26
361,2.6,203,12,59.9,20081227,0.0,2008-12-27,0.7,0.0,-12.8,6.1,2008,0.8,-5.8,27
362,6.8,203,12,63.6,20081228,0.0,2008-12-28,0.7,0.0,-8.0,6.2,2008,4.8,-1.4,28
363,9.1,203,12,77.0,20081229,0.0,2008-12-29,1.3,0.1,-4.2,1.3,2008,2.9,-0.5,29
364,2.1,203,12,42.4,20081230,0.2,2008-12-30,2.5,0.0,-7.4,7.3,2008,0.8,-3.3,30
365,0.0,203,12,52.0,20081231,0.0,2008-12-31,1.7,0.0,-11.6,8.6,2008,-0.3,-6.2,31
