,snow,month,sunshine,date,station_id,year,cloud,wind,tmax,rainfall,day,tavg,humid,Date,tmin
0,0.0,1,1.6,20070101,203,2007,0.0,0.4,5.5,0.0,1,0.7,52.6,2007-01-01,-5.1
1,0.0,1,1.0,20070102,203,2007,0.0,0.5,7.3,0.0,2,2.0,74.4,2007-01-02,-3.0
2,0.0,1,0.6,20070103,203,2007,0.0,0.9,9.0,0.0,3,3.1,73.5,2007-01-03,-3.0
3,0.0,1,8.3,20070104,203,2007,0.0,0.5,10.5,0.0,4,3.2,64.9,2007-01-04,-2.7
4,0.0,1,3.3,20070105,203,2007,0.0,0.6,8.3,0.0,5,1.2,75.4,2007-01-05,-5.0
5,6.3,1,0.8,20070106,203,2007,0.0,3.2,3.0,7.5,6,-1.0,76.8,2007-01-06,-3.7
6,0.0,1,6.6,20070107,203,2007,0.0,1.9,1.0,0.0,7,-3.7,64.8,2007-01-07,-8.3
7,0.0,1,8.8,20070108,203,2007,0.0,1.4,1.5,0.0,8,-3.8,62.6,2007-01-08,-8.5
8,0.0,1,7.8,20070109,203,2007,0.0,0.7,1.6,0.0,9,-4.2,71.6,2007-01-09,-10.8
9,0.0,1,5.2,20070110,203,2007,0.0,0.7,3.7,0.0,10,-3.1,77.4,2007-01-10,-9.3
10,0.0,1,4.8,20070111,203,2007,0.0,0.6,2.2,0.0,11,-4.4,71.4,2007-01-11,-9.6
11,0.0,1,8.6,20070112,203,2007,0.0,1.4,1.3,0.0,12,-3.5,53.9,2007-01-12,-9.1
12,0.0,1,8.8,20070113,203,2007,0.0,1.3,0.5,0.0,13,-5.7,49.8,2007-01-13,-12.1
13,0.0,1,8.5,20070114,203,2007,0.0,0.7,2.2,0.0,14,-5.7,61.1,2007-01-14,-14.1
14,0.0,1,6.8,20070115,203,2007,0.0,0.4,3.5,0.0,15,-3.8,67.1,2007-01-15,-10.5
15,0.0,1,2.3,20070116,203,2007,0.0,0.7,6.4,0.0,16,-0.3,69.6,2007-01-16,-5.5
16,0.0,1,6.2,20070117,203,2007,0.0,0.8,6.0,0.0,17,-0.5,71.3,2007-01-17,-6.4
17,0.0,1,8.5,20070118,203,2007,0.0,1.3,5.5,0.0,18,0.1,60.1,2007-01-18,-4.9
18,0.0,1,8.1,20070119,203,2007,0.0,0.6,4.8,0.0,19,-3.4,67.6,2007-01-19,-9.8
19,0.0,1,7.5,20070120,203,2007,0.0,0.5,6.8,0.0,20,-2.1,61.6,2007-01-20,-8.5
20,0.0,1,7.7,20070121,203,2007,0.0,0.4,7.0,0.0,21,-1.7,63.8,2007-01-21,-9.5
21,0.0,1,7.2,20070122,203,2007,0.0,0.9,6.5,0.0,22,0.8,69.5,2007-01-22,-4.5
22,0.0,1,3.9,20070123,203,2007,0.0,0.5,5.4,0.0,23,-1.6,79.8,2007-01-23,-7.4
23,0.0,1,7.7,20070124,203,2007,0.0,1.2,7.5,0.0,24,-0.5,68.5,2007-01-24,-6.6
24,0.0,1,5.8,20070125,203,2007,0.0,0.6,5.6,0.0,25,-2.6,74.4,2007-01-25,-8.8
25,1.3,1,0.5,20070126,203,2007,0.0,0.7,3.2,0.6,26,-1.0,82.1,2007-01-26,-5.3
26,0.0,1,1.7,20070127,203,2007,0.0,0.9,2.2,0.0,27,-0.4,84.8,2007-01-27,-4.0
27,0.0,1,3.4,20070128,203,2007,0.0,0.8,4.3,0.0,28,-1.7,76.6,2007-01-28,-6.0
28,0.0,1,8.7,20070129,203,2007,0.0,1.0,6.0,0.0,29,-0.6,68.3,2007-01-29,-6.8
29,0.3,1,6.0,20070130,203,2007,0.0,2.4,4.6,0.1,30,-1.2,64.3,2007-01-30,-4.5
30,0.0,1,6.4,20070131,203,2007,0.0,1.8,1.7,0.0,31,-3.7,55.8,2007-01-31,-7.6
31,0.0,2,8.7,20070201,203,2007,0.0,1.8,-0.3,0.0,1,-5.2,53.8,2007-02-01,-9.6
32,0.0,2,9.3,20070202,203,2007,0.0,1.3,1.1,0.0,2,-5.7,58.4,2007-02-02,-12.8
33,0.0,2,2.5,20070203,203,2007,0.0,1.5,6.3,0.0,3,-1.1,68.6,2007-02-03,-10.0
34,0.0,2,9.1,20070204,203,2007,0.0,0.8,9.5,0.0,4,0.6,53.4,2007-02-04,-8.0
35,0.0,2,5.2,20070205,203,2007,0.0,0.5,8.8,0.0,5,0.9,68.6,2007-02-05,-7.9
36,0.0,2,4.9,20070206,203,2007,0.0,0.4,12.3,0.0,6,4.2,75.5,2007-02-06,-0.8
37,0.0,2,4.3,20070207,203,2007,0.0,0.4,12.0,0.0,7,1.8,80.8,2007-02-07,-3.2
38,0.0,2,0.0,20070208,203,2007,0.0,0.5,5.8,3.0,8,2.9,92.8,2007-02-08,-1.3
39,0.0,2,2.0,20070209,203,2007,0.0,1.9,8.0,0.0,9,4.4,79.6,2007-02-09,3.4
40,0.0,2,3.5,20070210,203,2007,0.0,2.4,8.5,0.0,10,3.3,62.6,2007-02-10,-1.5
41,0.0,2,9.3,20070211,203,2007,0.0,1.7,7.4,0.0,11,0.6,57.1,2007-02-11,-3.9
42,0.0,2,7.7,20070212,203,2007,0.0,0.6,8.8,0.0,12,0.5,69.0,2007-02-12,-6.4
43,0.0,2,0.0,20070213,203,2007,0.0,0.8,4.0,14.5,13,0.8,82.9,2007-02-13,-4.0
44,0.0,2,6.5,20070214,203,2007,0.0,3.3,4.5,0.0,14,0.8,62.1,2007-02-14,-3.5
45,0.0,2,9.7,20070215,203,2007,0.0,2.5,6.0,0.0,15,-0.1,34.1,2007-02-15,-4.5
46,0.0,2,9.7,20070216,203,2007,0.0,0.6,9.3,0.0,16,0.5,54.1,2007-02-16,-7.5
47,0.0,2,0.6,20070217,203,2007,0.0,0.6,9.8,0.0,17,2.5,66.8,2007-02-17,-2.7
48,0.0,2,9.2,20070218,203,2007,0.0,1.1,13.1,0.0,18,3.6,61.8,2007-02-18,-4.3
49,0.0,2,5.8,20070219,203,2007,0.0,0.9,10.6,0.0,19,2.6,70.8,2007-02-19,-3.0
50,0.0,2,9.4,20070220,203,2007,0.0,0.8,13.3,0.0,20,3.5,57.4,2007-02-20,-4.6
51,0.0,2,7.3,20070221,203,2007,0.0,0.8,12.1,0.0,21,3.2,67.0,2007-02-21,-4.1
52,0.0,2,1.9,20070222,203,2007,0.0,1.0,13.3,0.0,22,4.7,72.6,2007-02-22,-3.4
53,0.0,2,10.0,20070223,203,2007,0.0,2.4,9.6,0.0,23,4.5,41.1,2007-02-23,0.0
54,0.0,2,5.3,20070224,203,2007,0.0,0.9,9.3,0.0,24,1.6,50.0,2007-02-24,-6.6
55,0.0,2,2.3,20070225,203,2007,0.0,0.9,10.8,0.0,25,5.0,62.0,2007-02-25,1.0
56,0.0,2,10.1,20070226,203,2007,0.0,0.8,14.3,0.0,26,5.5,59.8,2007-02-26,-3.0
57,0.0,2,6.6,20070227,203,2007,0.0,1.2,14.3,0.0,27,5.3,66.9,2007-02-27,-3.4
58,0.0,2,10.1,20070228,203,2007,0.0,1.3,14.1,0.0,28,5.6,50.3,2007-02-28,-1.5
59,0.0,3,4.5,20070301,203,2007,0.0,0.6,15.8,0.0,1,6.3,50.1,2007-03-01,-3.7
60,0.0,3,0.0,20070302,203,2007,0.0,0.6,7.8,20.5,2,6.4,90.4,2007-03-02,4.0
61,0.0,3,0.0,20070303,203,2007,0.0,0.4,14.1,0.5,3,9.5,91.4,2007-03-03,6.5
62,0.0,3,0.6,20070304,203,2007,0.0,2.6,14.8,24.0,4,11.2,82.9,2007-03-04,7.0
63,0.0,3,0.0,20070305,203,2007,0.0,4.7,7.1,2.5,5,-1.6,75.3,2007-03-05,-5.4
64,0.0,3,9.7,20070306,203,2007,0.0,2.9,0.6,0.0,6,-4.1,45.3,2007-03-06,-7.6
65,1.5,3,7.3,20070307,203,2007,0.0,1.9,2.7,0.6,7,-2.9,64.0,2007-03-07,-9.1
66,0.0,3,6.2,20070308,203,2007,0.0,1.7,4.4,0.0,8,-0.4,70.3,2007-03-08,-7.3
67,0.0,3,8.1,20070309,203,2007,0.0,1.1,11.1,0.0,9,3.3,63.1,2007-03-09,-3.2
68,0.0,3,2.2,20070310,203,2007,0.0,2.4,9.8,1.0,10,1.3,62.0,2007-03-10,-3.5
69,0.0,3,7.6,20070311,203,2007,0.0,2.8,5.5,0.0,11,0.2,40.4,2007-03-11,-5.9
70,0.0,3,10.3,20070312,203,2007,0.0,2.1,10.3,0.0,12,3.3,41.8,2007-03-12,-3.5
71,0.0,3,8.8,20070313,203,2007,0.0,1.4,11.6,0.0,13,3.4,55.9,2007-03-13,-4.5
72,0.0,3,6.9,20070314,203,2007,0.0,1.0,12.6,0.0,14,5.3,59.3,2007-03-14,-3.2
73,0.0,3,8.2,20070315,203,2007,0.0,1.1,15.0,0.0,15,7.5,50.9,2007-03-15,0.8
74,0.0,3,5.6,20070316,203,2007,0.0,1.7,13.1,0.0,16,7.5,50.5,2007-03-16,2.2
75,0.0,3,3.1,20070317,203,2007,0.0,2.1,11.3,0.0,17,5.9,63.8,2007-03-17,3.0
76,0.0,3,8.9,20070318,203,2007,0.0,1.4,12.8,0.0,18,4.9,56.0,2007-03-18,-2.9
77,0.0,3,8.0,20070319,203,2007,0.0,1.5,12.8,0.0,19,4.4,55.1,2007-03-19,-3.7
78,0.0,3,4.0,20070320,203,2007,0.0,1.7,11.1,0.0,20,4.2,59.1,2007-03-20,-2.2
79,0.0,3,0.0,20070321,203,2007,0.0,0.9,7.8,0.0,21,4.9,78.3,2007-03-21,0.8
80,0.0,3,2.5,20070322,203,2007,0.0,1.3,15.1,0.0,22,7.6,73.1,2007-03-22,1.7
81,0.0,3,6.4,20070323,203,2007,0.0,1.0,18.0,0.5,23,10.2,63.3,2007-03-23,3.0
82,0.0,3,0.0,20070324,203,2007,0.0,1.2,11.8,16.0,24,8.8,92.4,2007-03-24,7.4
83,0.0,3,8.1,20070325,203,2007,0.0,2.4,15.3,0.0,25,8.6,66.3,2007-03-25,5.0
84,0.0,3,4.6,20070326,203,2007,0.0,1.4,13.6,0.0,26,6.8,75.5,2007-03-26,-1.7
85,0.0,3,2.9,20070327,203,2007,0.0,1.6,16.5,0.0,27,9.1,76.5,2007-03-27,4.0
86,0.0,3,0.0,20070328,203,2007,0.0,1.5,11.8,24.0,28,5.9,85.3,2007-03-28,-0.6
87,0.0,3,0.8,20070329,203,2007,0.0,1.8,11.3,10.5,29,5.4,83.8,2007-03-29,-0.8
88,0.0,3,9.7,20070330,203,2007,0.0,1.0,16.6,0.0,30,9.5,68.8,2007-03-30,1.3
89,0.0,3,0.0,20070331,203,2007,0.0,1.9,11.6,30.5,31,8.5,86.9,2007-03-31,5.9
90,0.0,4,0.9,20070401,203,2007,0.0,1.5,14.3,0.0,1,8.4,67.5,2007-04-01,5.0
91,0.0,4,8.8,20070402,203,2007,0.0,2.2,11.1,0.0,2,6.0,49.6,2007-04-02,1.2
92,0.0,4,9.9,20070403,203,2007,0.0,2.8,10.3,0.0,3,5.5,46.1,2007-04-03,-0.5
93,0.0,4,11.5,20070404,203,2007,0.0,2.3,12.8,0.0,4,6.6,47.4,2007-04-04,2.0
94,0.0,4,9.4,20070405,203,2007,0.0,1.2,15.3,0.0,5,7.1,50.5,2007-04-05,-2.2
95,0.0,4,8.5,20070406,203,2007,0.0,1.5,17.7,0.0,6,9.6,49.3,2007-04-06,3.4
96,0.0,4,4.2,20070407,203,2007,0.0,1.5,15.6,0.0,7,8.3,62.1,2007-04-07,1.5
97,0.0,4,6.0,20070408,203,2007,0.0,1.6,15.1,0.5,8,9.3,65.4,2007-04-08,3.5
98,0.0,4,10.4,20070409,203,2007,0.0,1.8,18.0,0.0,9,9.3,52.9,2007-04-09,-0.4
99,0.0,4,3.0,20070410,203,2007,0.0,1.3,18.2,0.0,10,9.1,58.4,2007-04-10,1.5
100,0.0,4,8.6,20070411,203,2007,0.0,1.5,20.0,1.0,11,11.4,60.6,2007-04-11,4.6
101,0.0,4,0.9,20070412,203,2007,0.0,1.1,17.5,3.5,12,11.5,69.4,2007-04-12,7.4
102,0.0,4,0.0,20070413,203,2007,0.0,2.6,12.6,4.0,13,9.0,84.6,2007-04-13,5.8
103,0.0,4,8.9,20070414,203,2007,0.0,1.7,18.2,0.0,14,9.8,62.6,2007-04-14,0.8
104,0.0,4,7.2,20070415,203,2007,0.0,1.5,18.3,0.0,15,12.0,50.5,2007-04-15,7.5
105,0.0,4,2.1,20070416,203,2007,0.0,1.6,12.5,2.5,16,8.3,78.4,2007-04-16,5.8
106,0.0,4,3.7,20070417,203,2007,0.0,1.5,15.3,0.0,17,9.1,63.8,2007-04-17,3.7
107,0.0,4,7.5,20070418,203,2007,0.0,1.2,16.7,0.0,18,10.5,51.8,2007-04-18,2.7
108,0.0,4,8.8,20070419,203,2007,0.0,1.8,19.6,0.0,19,11.4,41.5,2007-04-19,2.7
109,0.0,4,1.4,20070420,203,2007,0.0,1.7,18.7,5.5,20,12.1,72.0,2007-04-20,4.4
110,0.0,4,6.6,20070421,203,2007,0.0,1.7,25.0,0.0,21,17.8,72.5,2007-04-21,12.1
111,0.0,4,0.0,20070422,203,2007,0.0,2.1,18.3,0.0,22,14.2,57.3,2007-04-22,9.8
112,0.0,4,10.3,20070423,203,2007,0.0,1.1,21.0,0.0,23,13.5,39.3,2007-04-23,4.9
113,0.0,4,1.4,20070424,203,2007,0.0,1.5,17.2,0.0,24,11.7,50.3,2007-04-24,6.9
114,0.0,4,10.3,20070425,203,2007,0.0,2.6,20.2,0.0,25,13.4,59.8,2007-04-25,7.8
115,0.0,4,10.2,20070426,203,2007,0.0,1.7,23.0,0.0,26,14.5,51.6,2007-04-26,6.0
116,0.0,4,10.0,20070427,203,2007,0.0,1.9,23.2,0.0,27,14.1,43.6,2007-04-27,6.5
117,0.0,4,11.6,20070428,203,2007,0.0,2.2,23.6,0.0,28,13.8,44.4,2007-04-28,4.4
118,0.0,4,11.7,20070429,203,2007,0.0,1.6,24.0,0.0,29,15.0,38.4,2007-04-29,4.5
119,0.0,4,0.2,20070430,203,2007,0.0,0.8,17.6,1.0,30,12.0,58.8,2007-04-30,5.5
120,0.0,5,0.0,20070501,203,2007,0.0,1.2,14.5,13.5,1,12.3,89.9,2007-05-01,10.1
121,0.0,5,8.4,20070502,203,2007,0.0,1.9,23.2,0.0,2,15.2,62.1,2007-05-02,10.1
122,0.0,5,1.8,20070503,203,2007,0.0,1.5,21.7,0.0,3,15.1,75.5,2007-05-03,10.8
123,0.0,5,6.5,20070504,203,2007,0.0,2.0,24.6,0.0,4,17.4,69.0,2007-05-04,13.3
124,0.0,5,7.8,20070505,203,2007,0.0,0.7,26.8,1.0,5,18.5,67.9,2007-05-05,10.3
125,0.0,5,1.3,20070506,203,2007,0.0,1.5,24.6,0.0,6,18.3,63.3,2007-05-06,14.0
126,0.0,5,11.8,20070507,203,2007,0.0,1.7,27.3,0.0,7,19.1,51.9,2007-05-07,10.1
127,0.0,5,7.8,20070508,203,2007,0.0,1.6,27.2,0.0,8,19.6,52.1,2007-05-08,12.3
128,0.0,5,3.2,20070509,203,2007,0.0,1.9,23.0,15.5,9,15.1,68.5,2007-05-09,9.8
129,0.0,5,10.5,20070510,203,2007,0.0,1.5,22.0,0.0,10,14.6,65.3,2007-05-10,7.0
130,0.0,5,7.5,20070511,203,2007,0.0,0.8,25.5,0.0,11,17.4,55.1,2007-05-11,8.5
131,0.0,5,0.0,20070512,203,2007,0.0,1.9,17.7,14.0,12,13.6,81.5,2007-05-12,10.6
132,0.0,5,11.9,20070513,203,2007,0.0,2.1,23.7,0.0,13,16.2,54.4,2007-05-13,7.8
133,0.0,5,6.8,20070514,203,2007,0.0,2.8,24.0,1.0,14,17.4,60.4,2007-05-14,11.5
134,0.0,5,8.5,20070515,203,2007,0.0,0.8,24.6,0.0,15,17.8,63.3,2007-05-15,10.8
135,0.0,5,0.1,20070516,203,2007,0.0,1.3,21.2,38.5,16,15.4,82.9,2007-05-16,12.3
136,0.0,5,8.5,20070517,203,2007,0.0,2.5,25.0,2.0,17,18.1,61.5,2007-05-17,12.8
137,0.0,5,0.3,20070518,203,2007,0.0,1.6,17.6,3.0,18,14.6,79.6,2007-05-18,12.8
138,0.0,5,2.0,20070519,203,2007,0.0,0.8,20.7,0.0,19,14.8,75.0,2007-05-19,11.3
139,0.0,5,11.4,20070520,203,2007,0.0,1.1,24.3,0.0,20,16.5,66.8,2007-05-20,9.0
140,0.0,5,6.8,20070521,203,2007,0.0,1.1,24.6,0.0,21,16.5,59.0,2007-05-21,10.6
141,0.0,5,11.8,20070522,203,2007,0.0,0.9,26.1,0.0,22,17.9,58.6,2007-05-22,7.3
142,0.0,5,2.9,20070523,203,2007,0.0,0.7,25.1,0.0,23,19.1,59.1,2007-05-23,12.3
143,0.0,5,0.9,20070524,203,2007,0.0,1.2,26.1,46.5,24,19.1,79.5,2007-05-24,14.8
144,0.0,5,10.4,20070525,203,2007,0.0,1.9,25.2,0.5,25,20.4,65.6,2007-05-25,17.1
145,0.0,5,11.4,20070526,203,2007,0.0,2.0,26.7,0.0,26,20.1,51.4,2007-05-26,14.0
146,0.0,5,11.1,20070527,203,2007,0.0,1.3,29.6,0.0,27,20.7,57.8,2007-05-27,12.1
147,0.0,5,11.2,20070528,203,2007,0.0,1.8,26.0,0.0,28,20.0,60.8,2007-05-28,13.5
148,0.0,5,1.5,20070529,203,2007,0.0,1.3,23.0,0.0,29,18.3,76.8,2007-05-29,15.3
149,0.0,5,6.7,20070530,203,2007,0.0,1.5,24.7,0.0,30,19.0,67.8,2007-05-30,14.1
150,0.0,5,8.6,20070531,203,2007,0.0,1.1,27.0,0.0,31,19.9,63.1,2007-05-31,14.1
151,0.0,6,0.8,20070601,203,2007,0.0,0.7,23.6,0.0,1,19.3,69.6,2007-06-01,14.8
152,0.0,6,10.0,20070602,203,2007,0.0,1.1,27.7,0.0,2,22.0,60.1,2007-06-02,16.7
153,0.0,6,10.6,20070603,203,2007,0.0,0.9,28.6,0.0,3,22.4,59.9,2007-06-03,15.3
154,0.0,6,6.2,20070604,203,2007,0.0,1.1,27.5,0.0,4,21.9,66.4,2007-06-04,16.5
155,0.0,6,0.3,20070605,203,2007,0.0,1.7,23.2,0.0,5,20.4,72.8,2007-06-05,17.7
156,0.0,6,4.3,20070606,203,2007,0.0,1.5,24.8,0.0,6,20.1,75.1,2007-06-06,16.7
157,0.0,6,0.9,20070607,203,2007,0.0,1.0,23.8,0.0,7,19.5,77.5,2007-06-07,15.3
158,0.0,6,3.4,20070608,203,2007,0.0,1.7,25.7,0.0,8,19.6,71.1,2007-06-08,15.3
159,0.0,6,10.3,20070609,203,2007,0.0,1.6,25.2,0.0,9,18.5,62.1,2007-06-09,11.8
160,0.0,6,12.5,20070610,203,2007,0.0,1.1,29.6,0.0,10,21.3,58.5,2007-06-10,12.5
161,0.0,6,10.8,20070611,203,2007,0.0,1.2,30.5,0.0,11,22.6,58.1,2007-06-11,15.3
162,0.0,6,10.9,20070612,203,2007,0.0,1.2,29.7,0.0,12,22.7,56.4,2007-06-12,15.3
163,0.0,6,5.6,20070613,203,2007,0.0,1.0,28.8,0.0,13,22.3,62.6,2007-06-13,15.3
164,0.0,6,3.2,20070614,203,2007,0.0,1.9,26.2,2.0,14,21.3,63.9,2007-06-14,18.1
165,0.0,6,5.8,20070615,203,2007,0.0,1.8,27.2,0.0,15,20.4,44.8,2007-06-15,14.6
166,0.0,6,12.6,20070616,203,2007,0.0,1.6,31.3,0.0,16,22.1,37.6,2007-06-16,11.8
167,0.0,6,8.9,20070617,203,2007,0.0,1.4,29.7,0.0,17,21.3,45.8,2007-06-17,11.1
168,0.0,6,13.0,20070618,203,2007,0.0,0.8,32.5,0.0,18,23.8,50.3,2007-06-18,14.8
169,0.0,6,12.1,20070619,203,2007,0.0,0.9,32.4,0.0,19,24.3,52.8,2007-06-19,15.3
170,0.0,6,5.4,20070620,203,2007,0.0,1.2,30.7,0.0,20,24.3,63.5,2007-06-20,18.3
171,0.0,6,0.0,20070621,203,2007,0.0,1.0,23.6,25.0,21,20.6,87.9,2007-06-21,18.7
172,0.0,6,9.5,20070622,203,2007,0.0,0.9,30.5,2.0,22,24.0,72.1,2007-06-22,18.6
173,0.0,6,3.8,20070623,203,2007,0.0,1.1,28.8,1.0,23,23.1,72.5,2007-06-23,18.1
174,0.0,6,0.4,20070624,203,2007,0.0,1.0,22.7,14.5,24,19.5,87.5,2007-06-24,16.2
175,0.0,6,0.5,20070625,203,2007,0.0,1.0,24.7,0.5,25,21.5,81.4,2007-06-25,18.7
176,0.0,6,8.9,20070626,203,2007,0.0,1.0,31.2,0.0,26,24.8,69.6,2007-06-26,20.2
177,0.0,6,5.0,20070627,203,2007,0.0,0.8,30.5,0.0,27,24.9,71.6,2007-06-27,18.6
178,0.0,6,0.0,20070628,203,2007,0.0,0.8,27.1,17.0,28,24.0,90.1,2007-06-28,22.0
179,0.0,6,0.5,20070629,203,2007,0.0,1.6,25.3,2.0,29,22.2,82.9,2007-06-29,20.2
180,0.0,6,3.5,20070630,203,2007,0.0,1.0,28.7,0.0,30,23.7,74.6,2007-06-30,18.7
181,0.0,7,0.0,20070701,203,2007,0.0,1.5,22.3,40.5,1,20.0,89.6,2007-07-01,18.8
182,0.0,7,0.0,20070702,203,2007,0.0,1.2,21.7,20.5,2,20.2,90.8,2007-07-02,18.6
183,0.0,7,0.0,20070703,203,2007,0.0,0.3,27.7,0.0,3,23.9,80.1,2007-07-03,20.6
184,0.0,7,2.9,20070704,203,2007,0.0,0.9,25.6,27.0,4,21.6,86.6,2007-07-04,19.6
185,0.0,7,4.5,20070705,203,2007,0.0,1.3,28.1,0.0,5,22.8,79.5,2007-07-05,19.7
186,0.0,7,7.1,20070706,203,2007,0.0,0.6,31.2,0.0,6,24.6,72.9,2007-07-06,19.3
187,0.0,7,6.5,20070707,203,2007,0.0,0.9,31.2,0.0,7,25.4,70.4,2007-07-07,20.2
188,0.0,7,5.7,20070708,203,2007,0.0,1.0,32.0,0.0,8,25.7,70.6,2007-07-08,21.3
189,0.0,7,6.9,20070709,203,2007,0.0,2.1,28.2,2.0,9,23.6,70.5,2007-07-09,19.7
190,0.0,7,0.1,20070710,203,2007,0.0,2.0,24.5,14.0,10,20.6,79.5,2007-07-10,18.1
191,0.0,7,0.2,20070711,203,2007,0.0,1.4,22.2,7.0,11,19.2,87.0,2007-07-11,17.5
192,0.0,7,8.9,20070712,203,2007,0.0,0.8,30.0,0.5,12,23.9,71.9,2007-07-12,18.8
193,0.0,7,5.4,20070713,203,2007,0.0,1.8,28.6,0.0,13,23.7,71.5,2007-07-13,19.2
194,0.0,7,3.7,20070714,203,2007,0.0,3.1,26.6,0.0,14,22.3,62.4,2007-07-14,19.5
195,0.0,7,7.3,20070715,203,2007,0.0,1.2,28.6,0.0,15,23.4,63.5,2007-07-15,17.3
196,0.0,7,0.0,20070716,203,2007,0.0,2.1,23.7,30.5,16,20.3,86.5,2007-07-16,18.1
197,0.0,7,1.0,20070717,203,2007,0.0,1.1,26.1,14.5,17,21.6,83.8,2007-07-17,18.8
198,0.0,7,6.3,20070718,203,2007,0.0,0.9,30.6,0.0,18,24.0,76.6,2007-07-18,17.8
199,0.0,7,0.0,20070719,203,2007,0.0,1.2,24.5,54.5,19,23.3,91.4,2007-07-19,22.5
200,0.0,7,2.5,20070720,203,2007,0.0,0.9,29.6,0.5,20,25.2,78.8,2007-07-20,23.1
201,0.0,7,0.0,20070721,203,2007,0.0,0.5,25.8,0.0,21,22.5,80.5,2007-07-21,20.5
202,0.0,7,3.6,20070722,203,2007,0.0,0.8,29.6,0.0,22,24.1,72.6,2007-07-22,20.2
203,0.0,7,2.2,20070723,203,2007,0.0,0.9,29.6,0.0,23,24.2,68.1,2007-07-23,19.6
204,0.0,7,0.0,20070724,203,2007,0.0,0.6,25.7,40.0,24,22.7,88.3,2007-07-24,20.6
205,0.0,7,0.0,20070725,203,2007,0.0,0.8,25.7,0.5,25,23.5,87.3,2007-07-25,21.7
206,0.0,7,6.8,20070726,203,2007,0.0,0.7,32.0,0.0,26,26.0,76.9,2007-07-26,21.2
207,0.0,7,2.4,20070727,203,2007,0.0,1.1,31.6,0.0,27,26.7,77.4,2007-07-27,23.6
208,0.0,7,0.0,20070728,203,2007,0.0,1.3,28.7,0.0,28,25.9,81.0,2007-07-28,23.8
209,0.0,7,1.4,20070729,203,2007,0.0,1.1,26.3,22.0,29,23.8,84.4,2007-07-29,20.7
210,0.0,7,8.2,20070730,203,2007,0.0,0.6,31.5,0.0,30,24.9,74.6,2007-07-30,20.1
211,0.0,7,4.7,20070731,203,2007,0.0,0.8,30.8,0.0,31,25.2,75.4,2007-07-31,20.5
212,0.0,8,1.8,20070801,203,2007,0.0,1.6,30.2,0.0,1,26.1,79.8,2007-08-01,22.1
213,0.0,8,2.5,20070802,203,2007,0.0,1.3,32.5,0.0,2,27.9,76.5,2007-08-02,25.2
214,0.0,8,6.2,20070803,203,2007,0.0,0.8,33.0,10.0,3,26.1,78.5,2007-08-03,23.6
215,0.0,8,0.0,20070804,203,2007,0.0,0.8,25.3,87.5,4,23.5,90.6,2007-08-04,22.3
216,0.0,8,0.3,20070805,203,2007,0.0,1.1,27.2,12.0,5,23.9,85.9,2007-08-05,22.5
217,0.0,8,0.1,20070806,203,2007,0.0,0.7,26.0,4.0,6,23.3,86.9,2007-08-06,21.2
218,0.0,8,0.0,20070807,203,2007,0.0,0.5,24.6,25.5,7,22.5,91.0,2007-08-07,20.7
219,0.0,8,0.0,20070808,203,2007,0.0,1.5,25.7,56.0,8,23.2,89.8,2007-08-08,21.1
220,0.0,8,0.6,20070809,203,2007,0.0,1.7,29.2,19.0,9,24.8,86.6,2007-08-09,22.1
221,0.0,8,5.0,20070810,203,2007,0.0,1.3,31.7,47.0,10,25.1,84.8,2007-08-10,21.7
222,0.0,8,8.0,20070811,203,2007,0.0,1.2,32.2,0.0,11,26.8,75.4,2007-08-11,22.2
223,0.0,8,0.2,20070812,203,2007,0.0,1.9,27.1,3.5,12,24.9,82.4,2007-08-12,22.7
224,0.0,8,2.7,20070813,203,2007,0.0,1.5,31.5,4.5,13,26.5,79.6,2007-08-13,23.8
225,0.0,8,1.2,20070814,203,2007,0.0,2.0,30.6,8.0,14,25.8,85.4,2007-08-14,23.7
226,0.0,8,2.3,20070815,203,2007,0.0,0.9,31.0,0.5,15,26.7,79.4,2007-08-15,23.1
227,0.0,8,4.3,20070816,203,2007,0.0,0.7,32.9,1.5,16,27.5,77.8,2007-08-16,24.2
228,0.0,8,6.8,20070817,203,2007,0.0,0.6,34.2,0.0,17,26.7,77.1,2007-08-17,22.6
229,0.0,8,4.3,20070818,203,2007,0.0,0.7,32.2,0.0,18,26.8,75.8,2007-08-18,22.5
230,0.0,8,6.8,20070819,203,2007,0.0,0.8,32.9,0.0,19,26.6,73.9,2007-08-19,22.5
231,0.0,8,8.0,20070820,203,2007,0.0,1.0,32.2,0.0,20,26.6,72.8,2007-08-20,21.0
232,0.0,8,3.8,20070821,203,2007,0.0,1.6,32.0,0.0,21,27.5,75.4,2007-08-21,24.7
233,0.0,8,4.9,20070822,203,2007,0.0,1.3,30.7,19.0,22,25.3,80.4,2007-08-22,20.7
234,0.0,8,8.3,20070823,203,2007,0.0,0.6,32.5,0.0,23,23.9,75.4,2007-08-23,18.3
235,0.0,8,7.4,20070824,203,2007,0.0,0.5,33.0,0.0,24,25.5,74.4,2007-08-24,18.5
236,0.0,8,10.0,20070825,203,2007,0.0,0.8,33.9,0.0,25,27.4,72.4,2007-08-25,21.8
237,0.0,8,1.1,20070826,203,2007,0.0,0.7,30.7,0.0,26,25.5,81.6,2007-08-26,22.0
238,0.0,8,4.1,20070827,203,2007,0.0,1.4,30.6,26.5,27,26.0,83.3,2007-08-27,23.6
239,0.0,8,5.3,20070828,203,2007,0.0,0.9,31.1,0.0,28,25.8,76.5,2007-08-28,23.0
240,0.0,8,0.0,20070829,203,2007,0.0,1.4,23.6,36.5,29,20.3,90.3,2007-08-29,18.7
241,0.0,8,0.0,20070830,203,2007,0.0,1.0,22.2,2.5,30,19.1,84.5,2007-08-30,17.3
242,0.0,8,1.8,20070831,203,2007,0.0,0.3,26.0,0.0,31,20.9,82.4,2007-08-31,15.8
243,0.0,9,0.0,20070901,203,2007,0.0,1.1,20.5,18.0,1,18.8,91.4,2007-09-01,17.0
244,0.0,9,0.0,20070902,203,2007,0.0,1.6,21.5,19.0,2,18.8,88.3,2007-09-02,17.2
245,0.0,9,0.5,20070903,203,2007,0.0,1.0,23.1,15.5,3,19.4,88.9,2007-09-03,17.3
246,0.0,9,0.2,20070904,203,2007,0.0,0.3,23.8,5.0,4,20.8,86.6,2007-09-04,18.3
247,0.0,9,0.0,20070905,203,2007,0.0,1.4,21.2,18.0,5,18.3,89.3,2007-09-05,17.0
248,0.0,9,0.0,20070906,203,2007,0.0,1.7,17.5,37.5,6,16.6,90.5,2007-09-06,15.3
249,0.0,9,5.5,20070907,203,2007,0.0,0.7,27.1,0.0,7,20.4,79.5,2007-09-07,15.3
250,0.0,9,7.2,20070908,203,2007,0.0,1.4,26.0,0.0,8,20.9,70.8,2007-09-08,16.7
251,0.0,9,7.8,20070909,203,2007,0.0,0.8,28.2,0.0,9,20.1,74.1,2007-09-09,13.6
252,0.0,9,6.1,20070910,203,2007,0.0,0.9,29.3,0.0,10,21.6,75.4,2007-09-10,15.6
253,0.0,9,1.0,20070911,203,2007,0.0,0.3,27.6,0.0,11,21.3,82.8,2007-09-11,16.7
254,0.0,9,4.9,20070912,203,2007,0.0,0.2,28.5,0.0,12,21.4,82.6,2007-09-12,17.0
255,0.0,9,0.8,20070913,203,2007,0.0,0.3,27.6,0.0,13,21.6,84.8,2007-09-13,17.7
256,0.0,9,0.3,20070914,203,2007,0.0,1.3,24.5,85.0,14,19.7,86.5,2007-09-14,17.5
257,0.0,9,0.0,20070915,203,2007,0.0,0.4,23.0,31.0,15,19.7,90.8,2007-09-15,17.3
258,0.0,9,0.1,20070916,203,2007,0.0,1.6,20.8,10.5,16,19.0,89.5,2007-09-16,18.0
259,0.0,9,6.3,20070917,203,2007,0.0,1.6,27.2,6.5,17,21.4,75.5,2007-09-17,17.5
260,0.0,9,0.2,20070918,203,2007,0.0,1.3,22.3,38.0,18,19.3,87.8,2007-09-18,17.2
261,0.0,9,3.3,20070919,203,2007,0.0,1.1,29.8,19.0,19,23.7,84.1,2007-09-19,18.7
262,0.0,9,6.7,20070920,203,2007,0.0,1.8,31.5,3.0,20,26.5,71.0,2007-09-20,21.0
263,0.0,9,1.7,20070921,203,2007,0.0,1.5,27.0,0.5,21,22.7,79.3,2007-09-21,19.3
264,0.0,9,0.0,20070922,203,2007,0.0,1.6,19.8,8.0,22,17.7,89.6,2007-09-22,15.6
265,0.0,9,2.1,20070923,203,2007,0.0,1.1,24.1,0.5,23,19.5,78.4,2007-09-23,15.6
266,0.0,9,6.8,20070924,203,2007,0.0,0.5,26.8,0.5,24,20.7,77.9,2007-09-24,17.0
267,0.0,9,3.8,20070925,203,2007,0.0,0.2,26.2,0.0,25,19.9,84.8,2007-09-25,17.5
268,0.0,9,3.8,20070926,203,2007,0.0,0.5,27.0,0.0,26,20.4,79.6,2007-09-26,14.6
269,0.0,9,0.2,20070927,203,2007,0.0,1.7,25.6,5.5,27,21.4,82.4,2007-09-27,18.7
270,0.0,9,0.1,20070928,203,2007,0.0,0.8,20.0,6.0,28,16.9,78.6,2007-09-28,12.5
271,0.0,9,0.5,20070929,203,2007,0.0,0.5,21.2,0.5,29,16.7,82.9,2007-09-29,11.3
272,0.0,9,0.0,20070930,203,2007,0.0,0.4,17.8,3.5,30,16.4,91.3,2007-09-30,15.5
273,0.0,10,0.1,20071001,203,2007,0.0,0.2,21.2,0.0,1,17.3,86.6,2007-10-01,15.1
274,0.0,10,2.3,20071002,203,2007,0.0,0.3,24.3,0.0,2,18.5,79.6,2007-10-02,15.3
275,0.0,10,0.0,20071003,203,2007,0.0,0.2,19.6,0.5,3,17.8,86.3,2007-10-03,16.6
276,0.0,10,2.8,20071004,203,2007,0.0,0.4,23.7,3.5,4,18.6,85.4,2007-10-04,15.3
277,0.0,10,10.0,20071005,203,2007,0.0,0.8,25.5,0.0,5,18.1,73.0,2007-10-05,12.3
278,0.0,10,6.7,20071006,203,2007,0.0,1.1,25.5,0.0,6,18.5,72.4,2007-10-06,14.6
279,0.0,10,7.6,20071007,203,2007,0.0,0.9,26.2,0.5,7,19.0,74.6,2007-10-07,12.3
280,0.0,10,5.3,20071008,203,2007,0.0,1.3,20.5,0.0,8,14.8,64.6,2007-10-08,10.0
281,0.0,10,8.9,20071009,203,2007,0.0,0.7,22.5,0.0,9,12.7,72.3,2007-10-09,5.4
282,0.0,10,3.3,20071010,203,2007,0.0,0.5,23.2,0.0,10,15.1,77.9,2007-10-10,8.3
283,0.0,10,3.7,20071011,203,2007,0.0,1.1,22.3,0.0,11,16.1,62.9,2007-10-11,12.8
284,0.0,10,4.4,20071012,203,2007,0.0,0.8,23.8,0.0,12,15.6,62.6,2007-10-12,10.6
285,0.0,10,4.4,20071013,203,2007,0.0,0.5,20.0,0.0,13,13.3,70.5,2007-10-13,8.6
286,0.0,10,7.6,20071014,203,2007,0.0,0.6,22.7,0.0,14,13.7,69.8,2007-10-14,8.5
287,0.0,10,8.2,20071015,203,2007,0.0,0.6,21.1,0.0,15,13.4,70.3,2007-10-15,5.9
288,0.0,10,6.8,20071016,203,2007,0.0,0.5,20.6,0.0,16,12.9,73.0,2007-10-16,8.6
289,0.0,10,7.6,20071017,203,2007,0.0,0.9,20.0,0.0,17,11.9,71.4,2007-10-17,5.9
290,0.0,10,9.4,20071018,203,2007,0.0,0.4,20.8,0.0,18,12.0,72.0,2007-10-18,4.6
291,0.0,10,3.8,20071019,203,2007,0.0,1.2,15.6,2.5,19,9.2,71.9,2007-10-19,3.7
292,0.0,10,9.7,20071020,203,2007,0.0,2.1,11.5,0.0,20,6.0,49.4,2007-10-20,2.2
293,0.0,10,8.8,20071021,203,2007,0.0,0.7,17.1,0.0,21,7.7,73.6,2007-10-21,-1.5
294,0.0,10,7.4,20071022,203,2007,0.0,0.6,20.5,0.0,22,12.0,77.8,2007-10-22,5.4
295,0.0,10,7.5,20071023,203,2007,0.0,0.4,21.2,0.0,23,12.9,78.8,2007-10-23,7.5
296,0.0,10,6.3,20071024,203,2007,0.0,0.3,22.0,0.0,24,12.4,78.6,2007-10-24,5.8
297,0.0,10,0.8,20071025,203,2007,0.0,0.2,17.7,6.0,25,11.7,87.1,2007-10-25,6.6
298,0.0,10,8.9,20071026,203,2007,0.0,1.2,21.6,1.5,26,15.0,71.5,2007-10-26,10.8
299,0.0,10,9.5,20071027,203,2007,0.0,0.6,21.2,0.0,27,12.6,66.1,2007-10-27,6.6
300,0.0,10,2.2,20071028,203,2007,0.0,1.4,17.7,0.5,28,11.8,79.5,2007-10-28,5.0
301,0.0,10,5.4,20071029,203,2007,0.0,1.6,15.3,0.0,29,10.0,63.9,2007-10-29,6.6
302,0.0,10,7.2,20071030,203,2007,0.0,0.7,16.3,0.0,30,8.8,68.5,2007-10-30,3.2
303,0.0,10,4.0,20071031,203,2007,0.0,0.6,16.0,0.0,31,8.8,73.3,2007-10-31,2.7
304,0.0,11,7.4,20071101,203,2007,0.0,1.8,13.1,0.0,1,9.0,44.1,2007-11-01,6.1
305,0.0,11,6.3,20071102,203,2007,0.0,1.0,14.5,0.0,2,7.4,61.4,2007-11-02,2.9
306,0.0,11,8.5,20071103,203,2007,0.0,0.7,17.6,0.0,3,8.5,59.1,2007-11-03,1.6
307,0.0,11,9.5,20071104,203,2007,0.0,0.6,16.7,0.0,4,6.9,61.5,2007-11-04,-1.5
308,0.0,11,0.4,20071105,203,2007,0.0,0.3,13.0,0.0,5,5.8,73.9,2007-11-05,0.6
309,0.0,11,6.5,20071106,203,2007,0.0,0.3,17.8,0.0,6,6.7,69.4,2007-11-06,-1.2
310,0.0,11,9.0,20071107,203,2007,0.0,0.3,19.3,0.0,7,8.1,65.9,2007-11-07,0.0
311,0.0,11,8.2,20071108,203,2007,0.0,0.3,18.8,0.0,8,8.4,70.6,2007-11-08,0.0
312,0.0,11,7.8,20071109,203,2007,0.0,0.9,19.2,0.0,9,9.4,73.1,2007-11-09,1.2
313,0.0,11,1.6,20071110,203,2007,0.0,1.4,12.8,0.0,10,8.8,65.6,2007-11-10,4.8
314,0.0,11,0.4,20071111,203,2007,0.0,0.8,10.3,0.0,11,6.0,70.6,2007-11-11,1.7
315,0.0,11,5.9,20071112,203,2007,0.0,0.6,14.3,0.0,12,4.8,73.6,2007-11-12,-2.0
316,0.0,11,1.6,20071113,203,2007,0.0,0.4,10.3,0.0,13,3.6,82.5,2007-11-13,-2.5
317,0.0,11,2.6,20071114,203,2007,0.0,0.4,13.8,0.0,14,6.5,81.9,2007-11-14,0.4
318,0.0,11,5.7,20071115,203,2007,0.0,1.1,15.1,0.0,15,7.8,68.5,2007-11-15,3.4
319,0.0,11,9.0,20071116,203,2007,0.0,1.1,11.1,0.0,16,3.9,62.9,2007-11-16,-2.0
320,0.0,11,1.2,20071117,203,2007,0.0,1.2,9.1,0.0,17,2.5,73.6,2007-11-17,-4.3
321,0.0,11,8.8,20071118,203,2007,0.0,2.5,4.0,0.0,18,-1.0,29.4,2007-11-18,-5.6
322,3.8,11,7.5,20071119,203,2007,0.0,0.9,3.5,5.2,19,-2.2,56.9,2007-11-19,-9.6
323,0.0,11,9.0,20071120,203,2007,0.0,1.8,4.3,0.0,20,0.0,52.9,2007-11-20,-5.5
324,5.3,11,6.5,20071121,203,2007,0.0,1.1,7.5,5.1,21,0.5,67.4,2007-11-21,-5.4
325,0.0,11,7.9,20071122,203,2007,0.0,0.5,6.6,0.0,22,0.2,64.3,2007-11-22,-7.9
326,0.0,11,0.5,20071123,203,2007,0.0,0.8,7.0,36.5,23,3.9,87.5,2007-11-23,0.9
327,0.0,11,6.9,20071124,203,2007,0.0,0.8,11.8,0.0,24,6.3,76.4,2007-11-24,0.6
328,0.0,11,1.6,20071125,203,2007,0.0,0.4,4.8,0.0,25,0.3,94.3,2007-11-25,-1.6
329,0.0,11,0.0,20071126,203,2007,0.0,0.4,3.7,0.0,26,1.1,95.0,2007-11-26,-1.6
330,0.0,11,8.8,20071127,203,2007,0.0,1.0,8.0,0.0,27,0.5,59.3,2007-11-27,-4.0
331,0.0,11,8.9,20071128,203,2007,0.0,0.3,10.8,0.0,28,1.4,70.5,2007-11-28,-6.4
332,0.0,11,8.3,20071129,203,2007,0.0,1.3,15.0,0.0,29,7.1,55.5,2007-11-29,1.2
333,0.0,11,8.9,20071130,203,2007,0.0,1.4,8.6,0.0,30,1.8,51.0,2007-11-30,-2.4
334,0.0,12,4.7,20071201,203,2007,0.0,0.6,8.0,0.0,1,2.1,69.5,2007-12-01,-5.9
335,0.0,12,0.0,20071202,203,2007,0.0,1.1,7.3,0.0,2,3.3,76.0,2007-12-02,-0.3
336,0.0,12,5.7,20071203,203,2007,0.0,1.8,7.0,0.0,3,0.6,56.9,2007-12-03,-5.1
337,0.0,12,8.8,20071204,203,2007,0.0,1.6,2.0,0.0,4,-2.7,47.4,2007-12-04,-6.0
338,0.0,12,8.9,20071205,203,2007,0.0,1.1,4.3,0.0,5,-2.8,51.8,2007-12-05,-8.6
339,1.9,12,0.0,20071206,203,2007,0.0,0.5,0.8,1.3,6,-2.5,74.6,2007-12-06,-7.6
340,4.4,12,4.8,20071207,203,2007,0.0,0.8,7.0,4.3,7,1.3,80.4,2007-12-07,-2.0
341,0.0,12,4.9,20071208,203,2007,0.0,0.8,4.6,0.0,8,-2.2,76.8,2007-12-08,-5.4
342,0.0,12,7.6,20071209,203,2007,0.0,0.5,5.1,0.0,9,-2.3,78.4,2007-12-09,-7.9
343,0.0,12,0.0,20071210,203,2007,0.0,0.7,2.5,0.0,10,-0.9,81.4,2007-12-10,-5.6
344,0.0,12,0.0,20071211,203,2007,0.0,0.3,5.8,1.0,11,2.7,90.6,2007-12-11,1.1
345,0.0,12,1.0,20071212,203,2007,0.0,0.5,4.6,0.0,12,2.2,90.5,2007-12-12,1.0
346,0.0,12,6.2,20071213,203,2007,0.0,1.6,6.5,0.0,13,1.3,62.4,2007-12-13,-2.4
347,0.5,12,8.8,20071214,203,2007,0.0,1.0,5.3,0.2,14,-0.7,60.9,2007-12-14,-6.6
348,3.6,12,4.1,20071215,203,2007,0.0,1.4,5.5,2.0,15,0.7,70.0,2007-12-15,-2.0
349,0.0,12,7.2,20071216,203,2007,0.0,0.7,4.5,0.0,16,-2.2,73.6,2007-12-16,-7.5
350,0.0,12,0.0,20071217,203,2007,0.0,0.5,1.2,0.3,17,-1.5,89.4,2007-12-17,-3.5
351,0.0,12,2.3,20071218,203,2007,0.0,0.6,1.7,0.0,18,-2.8,88.3,2007-12-18,-5.6
352,0.0,12,3.4,20071219,203,2007,0.0,0.4,2.7,0.0,19,-2.5,87.3,2007-12-19,-4.9
353,0.2,12,0.0,20071220,203,2007,0.0,0.4,3.5,0.1,20,-0.8,84.4,2007-12-20,-4.8
354,0.0,12,0.8,20071221,203,2007,0.0,0.3,3.4,0.0,21,-2.0,91.1,2007-12-21,-4.8
355,0.0,12,5.1,20071222,203,2007,0.0,0.3,8.8,0.0,22,0.5,76.8,2007-12-22,-5.1
356,0.0,12,0.8,20071223,203,2007,0.0,0.8,5.5,0.0,23,-0.2,80.1,2007-12-23,-5.0
357,0.0,12,7.4,20071224,203,2007,0.0,0.6,7.1,0.0,24,-0.1,77.1,2007-12-24,-5.5
358,0.0,12,3.4,20071225,203,2007,0.0,0.3,9.6,0.0,25,1.6,76.8,2007-12-25,-4.4
359,0.0,12,8.6,20071226,203,2007,0.0,0.4,14.1,0.0,26,3.7,76.3,2007-12-26,-2.9
360,0.0,12,0.0,20071227,203,2007,0.0,0.4,6.1,0.5,27,1.5,87.8,2007-12-27,-2.7
361,0.0,12,0.0,20071228,203,2007,0.0,0.8,7.5,0.5,28,3.3,88.5,2007-12-28,0.5
362,0.0,12,3.6,20071229,203,2007,0.0,2.3,2.5,0.5,29,-0.2,63.5,2007-12-29,-3.0
363,0.0,12,7.1,20071230,203,2007,0.0,2.7,-3.0,0.0,30,-6.1,50.1,2007-12-30,-8.3
364,0.0,12,5.8,20071231,203,2007,0.0,2.6,-1.2,0.0,31,-5.4,50.6,2007-12-31,-8.0
