,Date,tavg,year,tmax,snow,humid,sunshine,day,rainfall,month,tmin,wind,station_id,cloud,date
0,2004-01-01,3.4,2004,7.5,0.0,70.6,1.5,1,0.0,1,1.2,1.5,203,0.0,20040101
1,2004-01-02,2.0,2004,6.6,0.0,69.3,6.1,2,2.5,1,-0.1,1.5,203,0.0,20040102
2,2004-01-03,1.0,2004,8.3,0.0,65.0,7.2,3,0.0,1,-5.3,1.0,203,0.0,20040103
3,2004-01-04,-1.3,2004,6.8,0.0,70.0,7.7,4,0.0,1,-7.5,0.4,203,0.0,20040104
4,2004-01-05,-2.2,2004,5.9,0.0,70.9,6.9,5,0.0,1,-8.5,0.2,203,0.0,20040105
5,2004-01-06,0.2,2004,6.5,0.0,73.9,4.9,6,0.0,1,-5.0,0.4,203,0.0,20040106
6,2004-01-07,0.5,2004,6.8,0.0,68.4,4.8,7,0.0,1,-4.9,1.6,203,0.0,20040107
7,2004-01-08,-2.6,2004,4.5,0.0,65.9,7.4,8,0.0,1,-9.3,0.5,203,0.0,20040108
8,2004-01-09,-1.3,2004,6.4,0.0,74.6,6.5,9,0.0,1,-7.5,0.8,203,0.0,20040109
9,2004-01-10,-0.6,2004,4.5,0.0,55.4,7.3,10,0.0,1,-5.1,1.6,203,0.0,20040110
10,2004-01-11,-2.2,2004,5.6,0.0,64.1,6.3,11,0.0,1,-9.0,0.6,203,0.0,20040111
11,2004-01-12,-2.3,2004,2.0,7.9,85.5,0.9,12,4.1,1,-7.0,1.8,203,0.0,20040112
12,2004-01-13,-6.2,2004,-3.0,0.6,70.3,5.4,13,0.3,1,-10.3,2.4,203,0.0,20040113
13,2004-01-14,-9.0,2004,-2.0,0.0,77.3,7.3,14,0.0,1,-16.7,0.4,203,0.0,20040114
14,2004-01-15,-2.8,2004,4.3,0.0,80.1,3.3,15,0.0,1,-11.1,0.3,203,0.0,20040115
15,2004-01-16,-2.8,2004,4.3,0.0,80.1,3.3,16,0.0,1,-11.1,0.3,203,0.0,20040116
16,2004-01-17,0.2,2004,1.5,2.2,94.1,0.0,17,4.5,1,-0.8,0.7,203,0.0,20040117
17,2004-01-18,-0.6,2004,1.8,1.0,93.6,0.1,18,1.5,1,-1.7,1.1,203,0.0,20040118
18,2004-01-19,-1.3,2004,2.5,0.0,66.6,7.2,19,0.0,1,-3.7,1.9,203,0.0,20040119
19,2004-01-20,-3.7,2004,0.6,0.3,55.5,8.3,20,0.1,1,-8.1,1.7,203,0.0,20040120
20,2004-01-21,-13.3,2004,-7.8,0.0,57.1,8.5,21,0.0,1,-16.7,3.3,203,0.0,20040121
21,2004-01-22,-12.7,2004,-7.5,0.0,51.6,8.2,22,0.0,1,-16.3,2.2,203,0.0,20040122
22,2004-01-23,-10.7,2004,-2.9,0.0,61.8,7.9,23,0.0,1,-18.0,0.8,203,0.0,20040123
23,2004-01-24,-8.9,2004,-1.6,0.0,64.9,8.3,24,0.0,1,-16.7,1.1,203,0.0,20040124
24,2004-01-25,-8.2,2004,-1.5,0.0,72.3,8.1,25,0.0,1,-15.1,1.2,203,0.0,20040125
25,2004-01-26,-7.6,2004,-0.5,0.0,72.3,6.7,26,0.0,1,-15.8,0.6,203,0.0,20040126
26,2004-01-27,-6.2,2004,1.2,0.0,73.4,7.5,27,0.0,1,-14.5,1.3,203,0.0,20040127
27,2004-01-28,-3.3,2004,4.0,0.0,80.5,5.2,28,0.0,1,-10.1,0.7,203,0.0,20040128
28,2004-01-29,-0.5,2004,5.9,0.0,77.9,2.9,29,0.0,1,-6.6,0.4,203,0.0,20040129
29,2004-01-30,-1.0,2004,7.4,0.0,73.5,6.3,30,0.0,1,-7.5,0.9,203,0.0,20040130
30,2004-01-31,-1.2,2004,7.6,0.0,73.3,6.9,31,0.0,1,-8.5,0.2,203,0.0,20040131
31,2004-02-01,0.9,2004,9.8,0.0,67.6,6.4,1,0.0,2,-6.5,0.6,203,0.0,20040201
32,2004-02-02,-0.9,2004,3.5,0.0,52.8,7.4,2,0.0,2,-5.5,2.8,203,0.0,20040202
33,2004-02-03,-4.3,2004,1.0,0.0,55.4,7.4,3,0.0,2,-10.1,2.0,203,0.0,20040203
34,2004-02-04,-2.1,2004,3.5,0.7,62.8,7.3,4,0.4,2,-9.1,1.9,203,0.0,20040204
35,2004-02-05,-4.3,2004,-0.2,0.0,49.0,6.7,5,0.0,2,-8.1,3.1,203,0.0,20040205
36,2004-02-06,-5.2,2004,0.8,0.7,72.6,5.2,6,0.4,2,-13.0,1.4,203,0.0,20040206
37,2004-02-07,-3.6,2004,0.8,0.0,62.9,8.2,7,0.0,2,-7.3,2.6,203,0.0,20040207
38,2004-02-08,-1.6,2004,7.6,0.0,66.9,7.8,8,0.0,2,-9.3,2.0,203,0.0,20040208
39,2004-02-09,-3.0,2004,4.4,0.0,55.6,9.1,9,0.0,2,-10.3,1.2,203,0.0,20040209
40,2004-02-10,-2.6,2004,5.9,0.0,63.6,8.2,10,0.0,2,-12.0,0.6,203,0.0,20040210
41,2004-02-11,0.2,2004,7.8,0.0,74.8,3.2,11,0.0,2,-4.5,1.3,203,0.0,20040211
42,2004-02-12,-0.5,2004,7.9,0.0,69.4,6.2,12,0.0,2,-6.8,1.2,203,0.0,20040212
43,2004-02-13,1.0,2004,7.8,0.0,60.8,5.2,13,0.0,2,-6.6,0.9,203,0.0,20040213
44,2004-02-14,3.5,2004,6.0,0.0,57.9,6.0,14,3.0,2,0.2,4.0,203,0.0,20040214
45,2004-02-15,2.2,2004,10.0,0.0,63.1,8.7,15,0.0,2,-3.7,2.0,203,0.0,20040215
46,2004-02-16,3.2,2004,11.6,0.0,66.9,8.1,16,0.0,2,-5.5,1.2,203,0.0,20040216
47,2004-02-17,4.7,2004,9.8,0.0,54.1,7.8,17,0.0,2,0.1,2.3,203,0.0,20040217
48,2004-02-18,2.8,2004,13.3,0.0,55.1,8.4,18,0.0,2,-5.9,0.9,203,0.0,20040218
49,2004-02-19,4.5,2004,16.7,0.0,51.0,8.7,19,0.0,2,-5.5,0.5,203,0.0,20040219
50,2004-02-20,7.7,2004,19.5,0.0,49.6,8.5,20,0.0,2,-3.7,0.5,203,0.0,20040220
51,2004-02-21,8.1,2004,12.3,0.0,81.5,0.0,21,24.0,2,4.5,0.3,203,0.0,20040221
52,2004-02-22,4.9,2004,14.1,0.0,86.6,0.0,22,9.0,2,1.3,3.1,203,0.0,20040222
53,2004-02-23,1.9,2004,8.0,0.0,58.0,9.4,23,0.0,2,-2.0,2.4,203,0.0,20040223
54,2004-02-24,2.6,2004,8.6,0.0,74.9,4.7,24,0.0,2,-4.5,1.6,203,0.0,20040224
55,2004-02-25,6.4,2004,13.0,0.0,61.6,3.7,25,0.0,2,1.8,3.0,203,0.0,20040225
56,2004-02-26,1.4,2004,6.1,0.0,49.8,8.8,26,0.0,2,-2.2,2.8,203,0.0,20040226
57,2004-02-27,0.9,2004,7.5,0.7,57.6,9.3,27,0.3,2,-4.3,1.5,203,0.0,20040227
58,2004-02-28,2.3,2004,10.6,0.0,73.6,1.6,28,2.0,2,-5.4,0.5,203,0.0,20040228
59,2004-02-29,4.8,2004,9.6,0.0,48.6,7.6,29,0.0,2,1.7,2.5,203,0.0,20040229
60,2004-03-01,3.0,2004,9.5,0.0,38.5,9.3,1,0.0,3,-2.2,1.9,203,0.0,20040301
61,2004-03-02,-1.1,2004,3.5,0.0,33.0,10.2,2,0.0,3,-4.5,2.5,203,0.0,20040302
62,2004-03-03,-1.9,2004,2.7,0.0,40.8,4.6,3,0.0,3,-5.6,1.3,203,0.0,20040303
63,2004-03-04,-1.1,2004,4.6,12.4,63.9,7.4,4,10.2,3,-7.5,1.7,203,0.0,20040304
64,2004-03-05,-1.2,2004,1.2,0.0,92.9,0.0,5,3.6,3,-3.4,1.4,203,0.0,20040305
65,2004-03-06,-3.7,2004,0.8,0.0,62.9,8.5,6,0.0,3,-6.9,2.4,203,0.0,20040306
66,2004-03-07,-2.9,2004,3.2,0.0,62.5,10.0,7,0.0,3,-12.1,2.0,203,0.0,20040307
67,2004-03-08,0.4,2004,5.9,0.0,78.9,6.4,8,0.0,3,-7.9,1.1,203,0.0,20040308
68,2004-03-09,3.8,2004,11.6,0.0,76.8,7.0,9,0.0,3,-3.5,0.9,203,0.0,20040309
69,2004-03-10,8.5,2004,17.0,0.0,75.4,2.0,10,0.0,3,-0.6,2.2,203,0.0,20040310
70,2004-03-11,5.7,2004,11.1,0.0,33.1,5.9,11,0.0,3,2.2,2.1,203,0.0,20040311
71,2004-03-12,5.8,2004,14.0,0.0,43.9,8.9,12,0.0,3,-1.2,1.4,203,0.0,20040312
72,2004-03-13,6.4,2004,14.5,0.0,57.1,6.8,13,0.0,3,-1.6,1.1,203,0.0,20040313
73,2004-03-14,6.0,2004,11.8,0.0,77.5,4.0,14,0.0,3,2.7,1.5,203,0.0,20040314
74,2004-03-15,5.8,2004,15.6,0.0,72.4,5.5,15,0.0,3,-1.7,0.6,203,0.0,20040315
75,2004-03-16,12.2,2004,22.5,0.0,50.3,7.3,16,0.0,3,1.3,1.2,203,0.0,20040316
76,2004-03-17,7.2,2004,17.2,0.0,61.6,1.2,17,5.5,3,-0.6,2.7,203,0.0,20040317
77,2004-03-18,2.4,2004,9.5,0.0,42.3,10.7,18,0.0,3,-2.7,1.8,203,0.0,20040318
78,2004-03-19,3.3,2004,10.8,0.0,51.0,9.7,19,0.0,3,-5.4,1.1,203,0.0,20040319
79,2004-03-20,6.0,2004,14.5,0.0,50.8,9.3,20,0.0,3,-2.0,1.4,203,0.0,20040320
80,2004-03-21,8.7,2004,16.2,0.0,43.0,7.2,21,0.0,3,-0.2,0.8,203,0.0,20040321
81,2004-03-22,10.3,2004,17.2,0.0,50.9,7.1,22,0.0,3,6.1,1.6,203,0.0,20040322
82,2004-03-23,8.1,2004,17.5,0.0,44.6,9.2,23,0.0,3,-1.8,1.5,203,0.0,20040323
83,2004-03-24,8.3,2004,15.5,0.0,53.5,7.3,24,0.0,3,4.5,2.0,203,0.0,20040324
84,2004-03-25,7.1,2004,15.3,0.0,57.3,7.3,25,0.0,3,1.0,1.3,203,0.0,20040325
85,2004-03-26,8.7,2004,18.0,0.0,48.9,10.0,26,0.0,3,-1.3,1.2,203,0.0,20040326
86,2004-03-27,9.1,2004,18.7,0.0,45.0,10.3,27,0.0,3,-1.1,1.4,203,0.0,20040327
87,2004-03-28,10.2,2004,21.0,0.0,41.0,10.3,28,0.0,3,-2.2,1.4,203,0.0,20040328
88,2004-03-29,13.1,2004,19.3,0.0,56.4,3.9,29,0.5,3,6.8,1.4,203,0.0,20040329
89,2004-03-30,10.4,2004,16.8,0.0,51.3,7.8,30,0.0,3,3.2,3.2,203,0.0,20040330
90,2004-03-31,7.7,2004,15.1,0.0,39.8,10.3,31,0.0,3,1.2,2.3,203,0.0,20040331
91,2004-04-01,8.0,2004,17.3,0.0,58.0,5.8,1,8.0,4,-1.3,1.3,203,0.0,20040401
92,2004-04-02,6.0,2004,9.6,0.0,71.9,5.9,2,1.0,4,4.0,3.6,203,0.0,20040402
93,2004-04-03,5.7,2004,11.8,0.0,66.4,4.9,3,0.0,4,1.0,1.6,203,0.0,20040403
94,2004-04-04,6.2,2004,14.1,0.0,57.6,8.9,4,0.0,4,-1.7,1.6,203,0.0,20040404
95,2004-04-05,8.4,2004,17.2,0.0,44.4,11.1,5,0.0,4,-1.2,1.7,203,0.0,20040405
96,2004-04-06,6.0,2004,11.1,0.0,67.5,0.1,6,0.5,4,1.0,0.6,203,0.0,20040406
97,2004-04-07,9.7,2004,16.2,0.0,52.3,8.9,7,0.0,4,5.3,1.8,203,0.0,20040407
98,2004-04-08,8.7,2004,18.2,0.0,44.4,11.2,8,0.0,4,-0.8,1.7,203,0.0,20040408
99,2004-04-09,11.5,2004,22.3,0.0,53.5,9.6,9,0.0,4,0.0,1.7,203,0.0,20040409
100,2004-04-10,14.4,2004,24.1,0.0,48.4,9.5,10,0.0,4,3.5,1.0,203,0.0,20040410
101,2004-04-11,16.2,2004,24.6,0.0,44.8,10.1,11,0.0,4,8.8,1.7,203,0.0,20040411
102,2004-04-12,15.6,2004,24.3,0.0,62.5,7.7,12,0.0,4,6.0,1.0,203,0.0,20040412
103,2004-04-13,16.0,2004,24.2,0.0,52.5,9.2,13,0.0,4,7.4,1.5,203,0.0,20040413
104,2004-04-14,15.7,2004,25.1,0.0,47.6,10.5,14,0.0,4,6.8,1.5,203,0.0,20040414
105,2004-04-15,13.6,2004,24.0,0.0,47.0,9.4,15,0.0,4,3.5,1.5,203,0.0,20040415
106,2004-04-16,14.8,2004,24.1,0.0,54.9,9.5,16,0.0,4,3.7,2.0,203,0.0,20040416
107,2004-04-17,16.8,2004,26.2,0.0,47.6,10.4,17,0.0,4,6.5,1.6,203,0.0,20040417
108,2004-04-18,17.4,2004,27.2,0.0,53.3,7.4,18,6.0,4,5.4,1.2,203,0.0,20040418
109,2004-04-19,14.9,2004,17.8,0.0,86.5,0.0,19,7.0,4,12.3,1.4,203,0.0,20040419
110,2004-04-20,16.1,2004,24.0,0.0,57.6,8.8,20,0.0,4,11.8,2.0,203,0.0,20040420
111,2004-04-21,17.1,2004,28.2,0.0,64.9,7.6,21,0.0,4,6.5,1.2,203,0.0,20040421
112,2004-04-22,15.0,2004,20.7,0.0,78.9,1.2,22,0.0,4,10.8,1.4,203,0.0,20040422
113,2004-04-23,12.4,2004,18.7,0.0,36.9,11.0,23,0.0,4,7.5,2.5,203,0.0,20040423
114,2004-04-24,10.9,2004,18.7,0.0,42.6,10.5,24,0.0,4,2.9,2.1,203,0.0,20040424
115,2004-04-25,11.8,2004,20.7,0.0,39.4,10.7,25,0.0,4,1.8,1.8,203,0.0,20040425
116,2004-04-26,8.3,2004,13.3,0.0,75.4,0.0,26,38.0,4,6.5,2.2,203,0.0,20040426
117,2004-04-27,7.2,2004,10.6,0.0,79.8,0.8,27,9.0,4,3.4,3.5,203,0.0,20040427
118,2004-04-28,9.6,2004,19.8,0.0,64.6,8.8,28,0.0,4,0.1,1.2,203,0.0,20040428
119,2004-04-29,13.7,2004,23.6,0.0,54.1,11.2,29,0.0,4,3.4,1.4,203,0.0,20040429
120,2004-04-30,15.3,2004,21.7,0.0,68.5,4.4,30,0.0,4,9.8,0.9,203,0.0,20040430
121,2004-05-01,18.2,2004,25.6,0.0,52.1,9.9,1,0.0,5,11.8,2.6,203,0.0,20040501
122,2004-05-02,17.4,2004,22.0,0.0,61.4,3.9,2,0.0,5,13.0,1.7,203,0.0,20040502
123,2004-05-03,15.3,2004,18.1,0.0,91.4,0.0,3,14.0,5,11.3,1.3,203,0.0,20040503
124,2004-05-04,14.1,2004,22.0,0.0,57.1,10.4,4,0.5,5,7.8,2.3,203,0.0,20040504
125,2004-05-05,14.1,2004,23.7,0.0,60.8,10.6,5,0.0,5,5.4,2.2,203,0.0,20040505
126,2004-05-06,15.9,2004,23.8,0.0,54.0,9.9,6,0.0,5,8.3,1.7,203,0.0,20040506
127,2004-05-07,15.3,2004,24.2,0.0,57.5,9.9,7,0.0,5,5.0,0.8,203,0.0,20040507
128,2004-05-08,15.5,2004,20.2,0.0,67.1,0.4,8,0.0,5,8.5,0.6,203,0.0,20040508
129,2004-05-09,14.5,2004,16.0,0.0,92.9,0.0,9,32.5,5,12.6,1.9,203,0.0,20040509
130,2004-05-10,15.0,2004,16.7,0.0,90.4,0.1,10,4.0,5,14.1,1.3,203,0.0,20040510
131,2004-05-11,16.8,2004,23.5,0.0,76.5,7.3,11,0.0,5,11.1,1.0,203,0.0,20040511
132,2004-05-12,15.6,2004,17.5,0.0,92.5,0.0,12,18.5,5,13.6,0.6,203,0.0,20040512
133,2004-05-13,16.1,2004,19.5,0.0,79.9,3.5,13,1.0,5,12.8,1.8,203,0.0,20040513
134,2004-05-14,17.0,2004,25.5,0.0,72.4,8.1,14,0.0,5,8.8,0.8,203,0.0,20040514
135,2004-05-15,15.5,2004,18.0,0.0,82.5,0.3,15,0.0,5,12.6,1.0,203,0.0,20040515
136,2004-05-16,15.9,2004,22.1,0.0,73.8,7.7,16,0.0,5,10.6,1.3,203,0.0,20040516
137,2004-05-17,15.4,2004,19.8,0.0,71.0,6.5,17,0.0,5,11.5,2.1,203,0.0,20040517
138,2004-05-18,17.2,2004,25.3,0.0,70.4,7.0,18,4.0,5,11.6,1.5,203,0.0,20040518
139,2004-05-19,20.0,2004,27.3,0.0,56.3,10.2,19,0.0,5,13.1,2.4,203,0.0,20040519
140,2004-05-20,19.8,2004,26.5,0.0,65.0,8.3,20,0.5,5,15.1,2.2,203,0.0,20040520
141,2004-05-21,17.6,2004,22.7,0.0,61.5,10.1,21,2.0,5,13.1,2.3,203,0.0,20040521
142,2004-05-22,17.2,2004,24.7,0.0,53.6,12.5,22,0.0,5,8.3,1.7,203,0.0,20040522
143,2004-05-23,17.2,2004,23.1,0.0,60.5,11.6,23,0.0,5,11.3,1.8,203,0.0,20040523
144,2004-05-24,18.2,2004,26.2,0.0,57.0,11.9,24,0.0,5,9.8,1.5,203,0.0,20040524
145,2004-05-25,18.9,2004,27.3,0.0,54.1,10.6,25,0.0,5,9.5,1.1,203,0.0,20040525
146,2004-05-26,17.4,2004,22.5,0.0,66.3,2.5,26,0.0,5,12.0,0.9,203,0.0,20040526
147,2004-05-27,20.2,2004,26.6,0.0,71.8,5.3,27,1.5,5,15.0,0.7,203,0.0,20040527
148,2004-05-28,19.7,2004,22.2,0.0,89.0,0.0,28,27.5,5,18.1,1.3,203,0.0,20040528
149,2004-05-29,21.2,2004,26.6,0.0,74.5,7.4,29,0.0,5,17.2,1.0,203,0.0,20040529
150,2004-05-30,21.5,2004,28.7,0.0,74.4,4.8,30,0.0,5,16.7,1.1,203,0.0,20040530
151,2004-05-31,20.7,2004,26.5,0.0,46.5,12.0,31,0.0,5,16.0,1.9,203,0.0,20040531
152,2004-06-01,19.7,2004,28.2,0.0,54.1,12.0,1,0.0,6,9.1,1.1,203,0.0,20040601
153,2004-06-02,22.3,2004,31.2,0.0,52.9,11.7,2,0.0,6,12.3,1.1,203,0.0,20040602
154,2004-06-03,25.0,2004,33.7,0.0,56.8,11.1,3,0.0,6,15.1,0.7,203,0.0,20040603
155,2004-06-04,24.5,2004,33.5,0.0,63.0,8.8,4,0.0,6,17.0,0.7,203,0.0,20040604
156,2004-06-05,23.9,2004,32.0,0.0,53.9,6.2,5,0.0,6,16.8,1.3,203,0.0,20040605
157,2004-06-06,22.0,2004,27.0,0.0,56.1,3.2,6,0.0,6,18.6,1.0,203,0.0,20040606
158,2004-06-07,19.3,2004,23.3,0.0,73.6,0.3,7,0.5,6,16.2,0.8,203,0.0,20040607
159,2004-06-08,18.8,2004,24.0,0.0,75.8,5.9,8,0.0,6,15.0,0.9,203,0.0,20040608
160,2004-06-09,20.9,2004,27.3,0.0,63.5,10.9,9,0.0,6,14.6,1.4,203,0.0,20040609
161,2004-06-10,22.7,2004,30.3,0.0,68.3,9.2,10,0.0,6,14.8,0.8,203,0.0,20040610
162,2004-06-11,24.4,2004,31.8,0.0,63.1,9.6,11,0.0,6,17.6,1.1,203,0.0,20040611
163,2004-06-12,22.9,2004,29.7,0.0,51.5,9.9,12,0.0,6,16.3,2.2,203,0.0,20040612
164,2004-06-13,21.2,2004,29.6,0.0,55.4,12.6,13,0.0,6,11.8,1.4,203,0.0,20040613
165,2004-06-14,21.9,2004,30.5,0.0,51.5,11.2,14,0.0,6,13.1,1.1,203,0.0,20040614
166,2004-06-15,22.9,2004,31.1,0.0,53.8,10.3,15,0.0,6,14.0,0.7,203,0.0,20040615
167,2004-06-16,24.7,2004,31.7,0.0,52.5,9.4,16,0.0,6,16.2,1.3,203,0.0,20040616
168,2004-06-17,18.4,2004,24.6,0.0,83.9,0.0,17,23.0,6,16.8,1.4,203,0.0,20040617
169,2004-06-18,20.5,2004,25.5,0.0,85.3,3.2,18,0.0,6,16.5,0.7,203,0.0,20040618
170,2004-06-19,20.3,2004,21.7,0.0,92.0,0.0,19,101.5,6,19.5,1.5,203,0.0,20040619
171,2004-06-20,21.4,2004,23.7,0.0,91.3,0.3,20,14.5,6,19.3,1.1,203,0.0,20040620
172,2004-06-21,21.7,2004,25.7,0.0,82.8,3.7,21,0.0,6,19.3,1.4,203,0.0,20040621
173,2004-06-22,21.6,2004,25.5,0.0,81.6,3.5,22,0.0,6,18.7,1.6,203,0.0,20040622
174,2004-06-23,23.2,2004,27.8,0.0,80.6,4.3,23,0.0,6,18.7,1.3,203,0.0,20040623
175,2004-06-24,24.4,2004,29.2,0.0,75.1,6.5,24,0.0,6,20.0,1.1,203,0.0,20040624
176,2004-06-25,24.0,2004,29.1,0.0,69.5,7.5,25,0.0,6,18.5,1.4,203,0.0,20040625
177,2004-06-26,24.7,2004,28.7,0.0,70.8,8.3,26,0.5,6,21.1,0.8,203,0.0,20040626
178,2004-06-27,24.2,2004,29.5,0.0,72.8,8.0,27,0.0,6,20.3,1.2,203,0.0,20040627
179,2004-06-28,22.4,2004,26.8,0.0,78.5,4.1,28,0.0,6,19.1,0.9,203,0.0,20040628
180,2004-06-29,22.2,2004,25.3,0.0,77.8,1.4,29,0.0,6,19.7,1.0,203,0.0,20040629
181,2004-06-30,24.3,2004,29.3,0.0,74.4,7.3,30,0.0,6,20.2,0.7,203,0.0,20040630
182,2004-07-01,22.1,2004,26.1,0.0,83.5,4.6,1,3.5,7,18.6,1.2,203,0.0,20040701
183,2004-07-02,22.3,2004,23.2,0.0,93.9,0.0,2,6.5,7,21.1,0.9,203,0.0,20040702
184,2004-07-03,23.5,2004,26.3,0.0,92.0,0.1,3,7.0,7,20.3,0.5,203,0.0,20040703
185,2004-07-04,21.2,2004,23.6,0.0,89.9,0.0,4,18.0,7,19.7,2.9,203,0.0,20040704
186,2004-07-05,22.2,2004,27.1,0.0,83.5,2.0,5,2.5,7,19.2,2.2,203,0.0,20040705
187,2004-07-06,24.3,2004,27.3,0.0,84.3,2.6,6,0.0,7,20.8,1.1,203,0.0,20040706
188,2004-07-07,21.3,2004,23.2,0.0,94.5,0.0,7,39.0,7,19.3,0.8,203,0.0,20040707
189,2004-07-08,21.8,2004,24.5,0.0,88.3,0.3,8,0.0,7,20.2,0.9,203,0.0,20040708
190,2004-07-09,23.0,2004,28.6,0.0,78.4,7.4,9,0.0,7,20.0,0.7,203,0.0,20040709
191,2004-07-10,22.5,2004,28.5,0.0,84.6,4.4,10,0.0,7,19.0,0.4,203,0.0,20040710
192,2004-07-11,21.9,2004,26.7,0.0,88.3,2.3,11,9.0,7,18.7,0.6,203,0.0,20040711
193,2004-07-12,23.7,2004,27.2,0.0,87.3,1.3,12,44.5,7,20.3,2.3,203,0.0,20040712
194,2004-07-13,21.4,2004,23.7,0.0,91.4,0.0,13,11.5,7,19.5,0.9,203,0.0,20040713
195,2004-07-14,23.6,2004,26.6,0.0,85.8,0.9,14,2.0,7,20.7,0.9,203,0.0,20040714
196,2004-07-15,22.5,2004,23.2,0.0,92.3,0.0,15,58.5,7,22.0,1.2,203,0.0,20040715
197,2004-07-16,23.4,2004,25.1,0.0,91.0,0.0,16,85.0,7,21.5,1.7,203,0.0,20040716
198,2004-07-17,23.7,2004,26.2,0.0,86.5,1.0,17,0.0,7,21.3,2.1,203,0.0,20040717
199,2004-07-18,26.0,2004,30.1,0.0,81.6,2.9,18,0.0,7,21.7,1.2,203,0.0,20040718
200,2004-07-19,26.7,2004,29.1,0.0,77.1,3.0,19,0.0,7,24.7,2.0,203,0.0,20040719
201,2004-07-20,25.8,2004,29.3,0.0,86.3,0.9,20,0.0,7,23.3,0.9,203,0.0,20040720
202,2004-07-21,27.2,2004,31.2,0.0,81.3,5.8,21,0.0,7,24.0,1.0,203,0.0,20040721
203,2004-07-22,27.7,2004,33.4,0.0,75.9,9.4,22,0.0,7,23.1,1.2,203,0.0,20040722
204,2004-07-23,27.7,2004,33.9,0.0,74.9,9.7,23,0.0,7,22.0,0.9,203,0.0,20040723
205,2004-07-24,26.5,2004,32.0,0.0,73.8,7.4,24,0.0,7,20.5,0.7,203,0.0,20040724
206,2004-07-25,23.8,2004,26.7,0.0,83.4,2.1,25,12.0,7,20.8,1.0,203,0.0,20040725
207,2004-07-26,25.6,2004,30.0,0.0,80.6,3.9,26,0.0,7,22.0,0.7,203,0.0,20040726
208,2004-07-27,26.4,2004,31.2,0.0,79.0,5.1,27,0.0,7,22.7,0.8,203,0.0,20040727
209,2004-07-28,27.6,2004,33.2,0.0,73.9,8.2,28,0.0,7,22.6,0.7,203,0.0,20040728
210,2004-07-29,27.4,2004,34.2,0.0,75.9,8.6,29,0.0,7,21.6,0.5,203,0.0,20040729
211,2004-07-30,28.1,2004,34.5,0.0,71.6,9.3,30,0.0,7,22.7,0.8,203,0.0,20040730
212,2004-07-31,28.2,2004,35.9,0.0,70.3,11.1,31,0.0,7,22.5,0.8,203,0.0,20040731
213,2004-08-01,27.6,2004,33.0,0.0,64.6,11.5,1,0.0,8,23.5,3.0,203,0.0,20040801
214,2004-08-02,27.4,2004,32.9,0.0,67.5,8.8,2,0.0,8,21.1,0.8,203,0.0,20040802
215,2004-08-03,27.9,2004,32.7,0.0,72.3,6.9,3,0.0,8,23.6,0.9,203,0.0,20040803
216,2004-08-04,26.8,2004,33.2,0.0,76.5,7.2,4,1.5,8,22.6,0.8,203,0.0,20040804
217,2004-08-05,26.1,2004,32.9,0.0,81.8,5.6,5,27.0,8,22.6,0.7,203,0.0,20040805
218,2004-08-06,27.3,2004,33.2,0.0,78.0,6.8,6,0.0,8,22.7,0.7,203,0.0,20040806
219,2004-08-07,27.6,2004,32.9,0.0,76.9,8.7,7,0.0,8,22.8,0.9,203,0.0,20040807
220,2004-08-08,27.0,2004,32.0,0.0,78.9,5.4,8,0.5,8,22.2,0.7,203,0.0,20040808
221,2004-08-09,26.9,2004,32.7,0.0,78.0,6.5,9,0.0,8,23.1,0.8,203,0.0,20040809
222,2004-08-10,28.2,2004,34.9,0.0,75.4,9.2,10,0.0,8,23.3,0.6,203,0.0,20040810
223,2004-08-11,27.6,2004,34.0,0.0,68.5,10.5,11,0.0,8,21.5,0.7,203,0.0,20040811
224,2004-08-12,27.9,2004,34.5,0.0,67.3,9.7,12,0.0,8,21.6,0.8,203,0.0,20040812
225,2004-08-13,27.5,2004,34.0,0.0,70.0,10.5,13,0.0,8,21.0,1.1,203,0.0,20040813
226,2004-08-14,24.3,2004,27.0,0.0,88.0,2.0,14,17.5,8,22.5,0.6,203,0.0,20040814
227,2004-08-15,25.5,2004,30.5,0.0,75.6,7.5,15,0.0,8,21.2,0.7,203,0.0,20040815
228,2004-08-16,24.4,2004,30.7,0.0,80.1,5.5,16,35.5,8,21.1,1.4,203,0.0,20040816
229,2004-08-17,23.4,2004,27.2,0.0,91.5,1.6,17,87.0,8,20.8,0.8,203,0.0,20040817
230,2004-08-18,23.1,2004,24.6,0.0,92.5,0.0,18,37.5,8,21.6,1.0,203,0.0,20040818
231,2004-08-19,21.3,2004,25.7,0.0,82.4,3.7,19,26.5,8,19.2,2.5,203,0.0,20040819
232,2004-08-20,21.3,2004,25.7,0.0,76.8,5.7,20,0.0,8,18.6,1.6,203,0.0,20040820
233,2004-08-21,21.7,2004,25.3,0.0,83.3,1.4,21,0.0,8,18.5,0.6,203,0.0,20040821
234,2004-08-22,21.3,2004,24.0,0.0,82.6,0.1,22,0.0,8,19.5,0.9,203,0.0,20040822
235,2004-08-23,20.8,2004,23.8,0.0,78.1,3.4,23,0.5,8,18.1,1.4,203,0.0,20040823
236,2004-08-24,22.8,2004,28.6,0.0,73.1,10.8,24,0.0,8,18.2,0.5,203,0.0,20040824
237,2004-08-25,22.3,2004,27.1,0.0,84.5,3.6,25,0.0,8,17.5,0.5,203,0.0,20040825
238,2004-08-26,21.6,2004,25.2,0.0,88.1,1.2,26,10.0,8,19.8,0.7,203,0.0,20040826
239,2004-08-27,22.7,2004,28.8,0.0,77.6,6.4,27,0.0,8,18.5,1.1,203,0.0,20040827
240,2004-08-28,22.3,2004,28.0,0.0,71.9,4.9,28,0.0,8,18.0,1.5,203,0.0,20040828
241,2004-08-29,24.5,2004,31.1,0.0,72.1,9.6,29,0.0,8,18.2,0.9,203,0.0,20040829
242,2004-08-30,24.5,2004,29.2,0.0,75.1,5.6,30,0.0,8,21.1,1.8,203,0.0,20040830
243,2004-08-31,23.6,2004,29.1,0.0,69.9,9.7,31,0.0,8,17.1,1.6,203,0.0,20040831
244,2004-09-01,23.3,2004,29.7,0.0,63.8,8.2,1,0.0,9,18.2,1.4,203,0.0,20040901
245,2004-09-02,21.5,2004,29.7,0.0,61.5,9.1,2,0.0,9,14.1,0.7,203,0.0,20040902
246,2004-09-03,20.9,2004,26.7,0.0,71.5,6.1,3,0.0,9,14.1,0.3,203,0.0,20040903
247,2004-09-04,21.5,2004,28.7,0.0,74.1,6.6,4,0.0,9,17.2,0.3,203,0.0,20040904
248,2004-09-05,22.8,2004,30.2,0.0,71.8,8.3,5,1.0,9,15.8,0.4,203,0.0,20040905
249,2004-09-06,22.1,2004,28.1,0.0,76.8,7.6,6,18.5,9,17.7,1.1,203,0.0,20040906
250,2004-09-07,19.7,2004,22.2,0.0,82.1,0.0,7,7.5,9,18.5,2.5,203,0.0,20040907
251,2004-09-08,21.2,2004,27.1,0.0,73.0,8.6,8,5.5,9,17.2,0.7,203,0.0,20040908
252,2004-09-09,19.6,2004,27.1,0.0,77.4,5.9,9,0.0,9,15.5,0.5,203,0.0,20040909
253,2004-09-10,19.3,2004,26.2,0.0,73.5,5.6,10,0.0,9,13.6,1.1,203,0.0,20040910
254,2004-09-11,16.5,2004,18.2,0.0,86.4,0.0,11,30.5,9,15.3,2.3,203,0.0,20040911
255,2004-09-12,21.1,2004,24.7,0.0,83.8,0.9,12,40.0,9,15.8,1.4,203,0.0,20040912
256,2004-09-13,20.8,2004,24.2,0.0,82.4,2.9,13,6.5,9,16.1,0.6,203,0.0,20040913
257,2004-09-14,21.9,2004,27.3,0.0,74.9,6.0,14,0.0,9,16.1,1.3,203,0.0,20040914
258,2004-09-15,23.9,2004,29.0,0.0,69.0,6.1,15,0.0,9,19.3,1.6,203,0.0,20040915
259,2004-09-16,22.3,2004,28.7,0.0,80.8,6.4,16,24.5,9,19.5,0.5,203,0.0,20040916
260,2004-09-17,22.2,2004,29.1,0.0,85.4,4.6,17,10.5,9,18.3,0.3,203,0.0,20040917
261,2004-09-18,21.6,2004,24.2,0.0,86.5,0.7,18,9.0,9,18.1,1.1,203,0.0,20040918
262,2004-09-19,18.6,2004,25.7,0.0,73.1,9.1,19,0.0,9,12.6,0.4,203,0.0,20040919
263,2004-09-20,15.3,2004,17.2,0.0,89.3,0.0,20,18.0,9,13.8,0.4,203,0.0,20040920
264,2004-09-21,14.7,2004,19.8,0.0,88.0,3.7,21,9.0,9,11.3,0.4,203,0.0,20040921
265,2004-09-22,15.9,2004,23.7,0.0,79.6,6.8,22,0.0,9,11.1,0.2,203,0.0,20040922
266,2004-09-23,17.3,2004,24.0,0.0,79.8,6.9,23,0.0,9,12.1,0.2,203,0.0,20040923
267,2004-09-24,18.4,2004,26.8,0.0,75.8,9.3,24,0.0,9,12.1,0.2,203,0.0,20040924
268,2004-09-25,18.2,2004,25.6,0.0,75.3,8.5,25,0.0,9,10.8,0.4,203,0.0,20040925
269,2004-09-26,17.9,2004,21.8,0.0,77.3,1.5,26,0.0,9,14.6,0.5,203,0.0,20040926
270,2004-09-27,19.0,2004,26.5,0.0,77.1,8.2,27,0.0,9,13.5,0.1,203,0.0,20040927
271,2004-09-28,17.9,2004,23.5,0.0,81.6,3.4,28,0.0,9,13.5,0.2,203,0.0,20040928
272,2004-09-29,19.6,2004,26.7,0.0,68.5,9.6,29,0.0,9,14.5,1.6,203,0.0,20040929
273,2004-09-30,18.7,2004,27.1,0.0,73.9,8.1,30,0.0,9,11.1,0.2,203,0.0,20040930
274,2004-10-01,16.0,2004,22.2,0.0,75.5,0.3,1,2.0,10,10.6,1.2,203,0.0,20041001
275,2004-10-02,10.9,2004,18.0,0.0,58.6,10.2,2,0.0,10,5.3,0.9,203,0.0,20041002
276,2004-10-03,9.5,2004,19.2,0.0,73.9,8.4,3,0.0,10,1.7,0.3,203,0.0,20041003
277,2004-10-04,11.6,2004,20.8,0.0,72.3,7.4,4,0.0,10,4.6,0.4,203,0.0,20041004
278,2004-10-05,13.1,2004,22.8,0.0,70.3,9.5,5,0.0,10,4.4,0.3,203,0.0,20041005
279,2004-10-06,14.6,2004,23.8,0.0,72.3,8.7,6,0.0,10,5.9,0.2,203,0.0,20041006
280,2004-10-07,15.2,2004,22.2,0.0,80.6,5.0,7,0.0,10,9.3,0.1,203,0.0,20041007
281,2004-10-08,16.6,2004,24.7,0.0,76.9,6.4,8,0.0,10,11.6,0.2,203,0.0,20041008
282,2004-10-09,17.6,2004,24.2,0.0,61.1,9.0,9,0.0,10,13.3,1.9,203,0.0,20041009
283,2004-10-10,16.8,2004,25.0,0.0,67.1,8.9,10,0.0,10,10.0,0.9,203,0.0,20041010
284,2004-10-11,15.2,2004,23.3,0.0,72.5,7.2,11,0.0,10,8.5,0.4,203,0.0,20041011
285,2004-10-12,13.9,2004,19.6,0.0,57.1,8.4,12,0.0,10,6.0,1.4,203,0.0,20041012
286,2004-10-13,10.3,2004,18.8,0.0,58.3,10.1,13,0.0,10,1.7,1.0,203,0.0,20041013
287,2004-10-14,9.1,2004,15.6,0.0,56.6,9.9,14,0.0,10,3.5,1.2,203,0.0,20041014
288,2004-10-15,10.3,2004,20.2,0.0,73.9,9.1,15,0.0,10,1.0,0.4,203,0.0,20041015
289,2004-10-16,12.0,2004,21.7,0.0,74.0,6.2,16,0.0,10,6.1,1.6,203,0.0,20041016
290,2004-10-17,13.1,2004,20.3,0.0,64.6,8.0,17,0.0,10,6.8,0.7,203,0.0,20041017
291,2004-10-18,13.8,2004,21.2,0.0,74.8,5.0,18,0.0,10,8.8,0.3,203,0.0,20041018
292,2004-10-19,13.4,2004,22.8,0.0,78.6,6.7,19,0.0,10,6.6,0.3,203,0.0,20041019
293,2004-10-20,14.1,2004,22.4,0.0,68.8,6.4,20,0.0,10,7.8,2.3,203,0.0,20041020
294,2004-10-21,14.3,2004,23.1,0.0,64.5,8.3,21,0.0,10,5.1,1.3,203,0.0,20041021
295,2004-10-22,12.0,2004,18.3,0.0,50.0,9.5,22,0.0,10,5.5,1.6,203,0.0,20041022
296,2004-10-23,9.0,2004,18.2,0.0,62.8,7.6,23,0.0,10,1.5,0.4,203,0.0,20041023
297,2004-10-24,12.1,2004,21.1,0.0,62.8,7.5,24,0.0,10,3.7,0.5,203,0.0,20041024
298,2004-10-25,14.4,2004,21.0,0.0,60.6,7.0,25,0.0,10,9.5,0.3,203,0.0,20041025
299,2004-10-26,11.7,2004,18.6,0.0,50.8,8.5,26,0.0,10,5.1,1.3,203,0.0,20041026
300,2004-10-27,8.5,2004,18.0,0.0,61.6,8.7,27,0.0,10,-0.2,0.4,203,0.0,20041027
301,2004-10-28,9.3,2004,19.1,0.0,68.4,8.3,28,0.0,10,1.5,0.5,203,0.0,20041028
302,2004-10-29,12.1,2004,20.6,0.0,67.5,7.0,29,0.0,10,3.7,0.3,203,0.0,20041029
303,2004-10-30,13.5,2004,23.1,0.0,62.0,8.1,30,0.0,10,7.4,0.2,203,0.0,20041030
304,2004-10-31,12.5,2004,23.7,0.0,61.8,8.6,31,0.0,10,4.0,0.2,203,0.0,20041031
305,2004-11-01,12.9,2004,21.2,0.0,71.4,5.8,1,8.0,11,4.8,0.5,203,0.0,20041101
306,2004-11-02,11.0,2004,13.6,0.0,79.5,0.8,2,2.0,11,9.0,1.2,203,0.0,20041102
307,2004-11-03,10.9,2004,15.6,0.0,72.0,6.1,3,1.5,11,7.1,1.0,203,0.0,20041103
308,2004-11-04,10.8,2004,17.5,0.0,75.5,6.2,4,0.0,11,5.6,0.4,203,0.0,20041104
309,2004-11-05,9.0,2004,14.8,0.0,84.3,1.9,5,6.5,11,3.5,0.2,203,0.0,20041105
310,2004-11-06,8.4,2004,15.1,0.0,58.4,9.4,6,0.0,11,1.5,1.1,203,0.0,20041106
311,2004-11-07,7.4,2004,17.7,0.0,70.9,8.3,7,0.0,11,-1.7,0.1,203,0.0,20041107
312,2004-11-08,10.2,2004,19.7,0.0,75.4,7.0,8,0.0,11,2.2,0.1,203,0.0,20041108
313,2004-11-09,12.0,2004,21.7,0.0,73.4,5.8,9,0.0,11,4.5,0.1,203,0.0,20041109
314,2004-11-10,13.0,2004,17.2,0.0,83.5,0.0,10,10.0,11,8.6,0.2,203,0.0,20041110
315,2004-11-11,13.9,2004,15.8,0.0,83.8,0.0,11,2.0,11,11.1,1.2,203,0.0,20041111
316,2004-11-12,5.7,2004,11.1,0.0,56.1,8.2,12,0.0,11,-1.1,1.8,203,0.0,20041112
317,2004-11-13,1.8,2004,7.0,0.0,73.4,0.4,13,0.0,11,-3.5,0.0,203,0.0,20041113
318,2004-11-14,5.8,2004,13.8,0.0,71.5,6.9,14,0.0,11,-0.5,0.3,203,0.0,20041114
319,2004-11-15,4.6,2004,8.1,0.0,51.1,8.6,15,0.5,11,-1.7,1.7,203,0.0,20041115
320,2004-11-16,5.5,2004,13.6,0.0,64.0,7.9,16,0.0,11,-3.5,0.5,203,0.0,20041116
321,2004-11-17,6.9,2004,15.8,0.0,72.8,6.7,17,0.0,11,-0.8,0.2,203,0.0,20041117
322,2004-11-18,7.4,2004,14.5,0.0,77.1,3.7,18,0.0,11,3.2,0.1,203,0.0,20041118
323,2004-11-19,5.5,2004,13.8,0.0,85.4,2.8,19,0.0,11,0.6,0.1,203,0.0,20041119
324,2004-11-20,5.1,2004,12.1,0.0,77.8,2.4,20,0.0,11,0.3,0.7,203,0.0,20041120
325,2004-11-21,4.8,2004,12.8,0.0,68.9,7.8,21,0.0,11,-1.7,0.7,203,0.0,20041121
326,2004-11-22,3.6,2004,13.1,0.0,76.1,6.6,22,0.0,11,-3.2,0.1,203,0.0,20041122
327,2004-11-23,4.0,2004,13.3,0.0,79.9,5.8,23,0.0,11,-3.0,0.1,203,0.0,20041123
328,2004-11-24,6.0,2004,14.5,0.0,77.9,3.7,24,0.0,11,-0.6,0.1,203,0.0,20041124
329,2004-11-25,6.8,2004,14.8,0.0,77.1,4.5,25,0.0,11,-0.2,0.0,203,0.0,20041125
330,2004-11-26,5.1,2004,8.8,0.0,77.4,1.1,26,13.0,11,1.5,2.5,203,0.0,20041126
331,2004-11-27,5.6,2004,10.0,0.0,71.6,1.0,27,0.0,11,0.6,0.8,203,0.0,20041127
332,2004-11-28,6.5,2004,12.6,0.0,71.6,3.1,28,0.0,11,0.8,0.3,203,0.0,20041128
333,2004-11-29,1.7,2004,9.8,0.0,77.9,3.8,29,0.0,11,-2.7,0.3,203,0.0,20041129
334,2004-11-30,2.1,2004,9.1,0.0,77.5,4.0,30,0.0,11,-3.5,0.2,203,0.0,20041130
335,2004-12-01,1.3,2004,8.3,0.0,84.9,2.6,1,0.0,12,-3.9,0.0,203,0.0,20041201
336,2004-12-02,4.9,2004,14.6,0.0,73.6,7.5,2,0.0,12,-2.5,0.2,203,0.0,20041202
337,2004-12-03,6.5,2004,15.6,0.0,75.8,7.3,3,0.0,12,-1.7,0.2,203,0.0,20041203
338,2004-12-04,8.0,2004,10.0,0.0,85.5,0.0,4,18.5,12,6.0,0.3,203,0.0,20041204
339,2004-12-05,2.8,2004,9.1,0.0,63.4,5.4,5,0.0,12,-1.0,2.5,203,0.0,20041205
340,2004-12-06,2.2,2004,7.0,0.0,73.8,5.9,6,3.0,12,-5.5,0.9,203,0.0,20041206
341,2004-12-07,3.8,2004,9.1,0.0,58.0,7.5,7,0.0,12,-1.8,1.4,203,0.0,20041207
342,2004-12-08,3.0,2004,9.1,0.0,72.5,5.0,8,0.0,12,-3.4,0.1,203,0.0,20041208
343,2004-12-09,5.4,2004,13.1,0.0,72.6,6.9,9,0.0,12,-0.4,0.4,203,0.0,20041209
344,2004-12-10,5.9,2004,12.8,0.0,55.0,6.3,10,0.0,12,0.6,1.3,203,0.0,20041210
345,2004-12-11,1.6,2004,8.6,0.0,58.3,6.8,11,0.0,12,-5.4,0.3,203,0.0,20041211
346,2004-12-12,4.3,2004,12.3,0.0,65.8,4.5,12,0.0,12,-0.6,0.6,203,0.0,20041212
347,2004-12-13,1.0,2004,8.0,0.0,71.1,7.4,13,0.0,12,-4.9,0.6,203,0.0,20041213
348,2004-12-14,0.5,2004,8.1,0.0,69.4,6.2,14,0.0,12,-5.8,0.2,203,0.0,20041214
349,2004-12-15,4.3,2004,9.3,0.0,69.1,1.6,15,0.0,12,-1.1,0.2,203,0.0,20041215
350,2004-12-16,5.2,2004,11.0,0.0,64.6,7.7,16,0.0,12,-1.5,1.3,203,0.0,20041216
351,2004-12-17,1.9,2004,9.1,0.0,74.4,5.9,17,0.0,12,-3.7,0.3,203,0.0,20041217
352,2004-12-18,3.4,2004,10.0,0.0,70.4,3.6,18,0.0,12,-1.7,0.6,203,0.0,20041218
353,2004-12-19,3.9,2004,10.8,0.0,70.9,5.0,19,0.0,12,-4.3,0.6,203,0.0,20041219
354,2004-12-20,-1.3,2004,7.6,0.0,49.8,8.2,20,0.0,12,-5.4,2.0,203,0.0,20041220
355,2004-12-21,-4.1,2004,2.5,0.0,69.8,7.0,21,0.0,12,-9.0,0.1,203,0.0,20041221
356,2004-12-22,-3.3,2004,2.5,0.0,61.3,5.0,22,0.0,12,-7.0,0.1,203,0.0,20041222
357,2004-12-23,-4.6,2004,1.6,0.0,66.0,7.4,23,0.0,12,-10.8,0.0,203,0.0,20041223
358,2004-12-24,-2.0,2004,4.0,0.0,73.1,3.4,24,0.0,12,-8.6,0.1,203,0.0,20041224
359,2004-12-25,-0.4,2004,3.7,0.0,62.0,7.1,25,0.0,12,-4.5,0.5,203,0.0,20041225
360,2004-12-26,-2.8,2004,3.2,0.0,56.4,7.9,26,0.0,12,-7.5,0.4,203,0.0,20041226
361,2004-12-27,-4.2,2004,3.0,0.0,57.9,7.8,27,0.0,12,-11.1,0.1,203,0.0,20041227
362,2004-12-28,-5.5,2004,-0.6,0.0,53.5,4.7,28,0.0,12,-11.5,0.3,203,0.0,20041228
363,2004-12-29,-5.6,2004,0.5,0.0,54.5,7.9,29,0.0,12,-10.8,1.2,203,0.0,20041229
364,2004-12-30,-6.0,2004,0.1,0.0,69.1,6.3,30,0.0,12,-13.3,0.5,203,0.0,20041230
365,2004-12-31,-4.7,2004,0.3,0.0,57.0,6.8,31,0.0,12,-9.8,1.2,203,0.0,20041231
