,Date,tavg,year,tmax,snow,humid,sunshine,day,rainfall,month,tmin,wind,station_id,cloud,date
0,2014-01-01,3.4,2014,8.1,0.0,60.0,7.5,1,0.0,1,-3.5,2.4,203,0.0,20140101
1,2014-01-02,1.2,2014,7.6,0.0,42.8,8.7,2,0.0,1,-4.1,1.4,203,0.0,20140102
2,2014-01-03,-0.2,2014,7.0,0.0,64.4,5.3,3,0.0,1,-5.7,0.6,203,0.0,20140103
3,2014-01-04,-0.1,2014,5.2,0.0,60.4,8.0,4,0.0,1,-5.0,1.0,203,0.0,20140104
4,2014-01-05,-1.0,2014,5.3,0.0,57.6,8.5,5,0.0,1,-6.5,0.9,203,0.0,20140105
5,2014-01-06,-1.9,2014,5.9,0.0,64.6,8.5,6,0.0,1,-7.7,0.7,203,0.0,20140106
6,2014-01-07,-1.0,2014,2.9,0.0,70.3,0.0,7,0.0,1,-5.3,0.4,203,0.0,20140107
7,2014-01-08,0.5,2014,5.5,0.0,54.9,3.3,8,0.0,1,-4.7,1.8,203,0.0,20140108
8,2014-01-09,-6.8,2014,-2.9,0.0,29.0,9.0,9,0.0,1,-9.7,2.3,203,0.0,20140109
9,2014-01-10,-6.4,2014,-0.6,0.0,63.9,6.3,10,0.0,1,-12.5,0.9,203,0.0,20140110
10,2014-01-11,-3.0,2014,2.5,0.0,58.4,4.5,11,0.0,1,-9.3,0.9,203,0.0,20140111
11,2014-01-12,-3.2,2014,3.1,0.0,51.6,4.8,12,0.0,1,-7.1,1.7,203,0.0,20140112
12,2014-01-13,-6.0,2014,0.6,0.0,31.3,9.0,13,0.0,1,-11.6,1.7,203,0.0,20140113
13,2014-01-14,-5.6,2014,2.3,0.0,46.9,8.9,14,0.0,1,-13.2,0.9,203,0.0,20140114
14,2014-01-15,-4.5,2014,2.8,0.0,54.0,9.0,15,0.0,1,-12.5,1.0,203,0.0,20140115
15,2014-01-16,-3.5,2014,1.1,0.0,69.0,0.1,16,0.0,1,-9.2,0.6,203,0.0,20140116
16,2014-01-17,-2.8,2014,3.7,0.0,69.3,4.8,17,0.0,1,-8.7,0.6,203,0.0,20140117
17,2014-01-18,-2.0,2014,2.7,0.0,43.3,7.9,18,0.0,1,-4.8,2.0,203,0.0,20140118
18,2014-01-19,-4.1,2014,2.1,0.0,48.0,7.1,19,0.0,1,-12.3,0.8,203,0.0,20140119
19,2014-01-20,-2.3,2014,1.5,0.0,80.0,0.0,20,7.6,1,-4.3,1.2,203,0.0,20140120
20,2014-01-21,-4.7,2014,-1.6,0.0,63.4,5.1,21,0.0,1,-6.4,1.7,203,0.0,20140121
21,2014-01-22,-6.0,2014,1.8,0.0,66.3,7.6,22,0.0,1,-12.5,0.9,203,0.0,20140122
22,2014-01-23,-5.2,2014,3.1,0.0,71.4,8.6,23,0.0,1,-13.1,0.5,203,0.0,20140123
23,2014-01-24,-0.9,2014,3.1,0.0,74.5,0.1,24,0.0,1,-7.0,0.6,203,0.0,20140124
24,2014-01-25,2.3,2014,4.8,0.0,81.1,0.0,25,3.0,1,0.5,0.8,203,0.0,20140125
25,2014-01-26,-1.3,2014,4.3,0.0,50.0,9.0,26,0.0,1,-4.9,2.0,203,0.0,20140126
26,2014-01-27,-2.2,2014,6.4,0.0,57.6,8.9,27,0.0,1,-9.7,0.8,203,0.0,20140127
27,2014-01-28,0.5,2014,7.6,0.0,53.3,7.5,28,0.2,1,-4.9,1.5,203,0.0,20140128
28,2014-01-29,-1.1,2014,6.0,0.0,57.3,7.3,29,0.0,1,-9.5,0.7,203,0.0,20140129
29,2014-01-30,0.8,2014,4.6,0.0,66.8,0.0,30,3.3,1,-1.9,0.8,203,0.0,20140130
30,2014-01-31,-0.1,2014,6.2,0.0,48.6,9.1,31,0.0,1,-7.0,0.7,203,0.0,20140131
31,2014-02-01,2.0,2014,3.3,0.0,71.0,0.0,1,23.0,2,-0.4,0.5,203,0.0,20140201
32,2014-02-02,4.3,2014,6.1,0.0,89.6,0.0,2,1.9,2,2.7,0.6,203,0.0,20140202
33,2014-02-03,-1.7,2014,3.5,0.0,44.5,4.3,3,0.0,2,-7.6,2.6,203,0.0,20140203
34,2014-02-04,-6.9,2014,-3.0,0.0,28.5,9.6,4,0.0,2,-10.2,2.3,203,0.0,20140204
35,2014-02-05,-6.0,2014,-1.4,0.0,39.6,5.9,5,0.0,2,-9.2,0.9,203,0.0,20140205
36,2014-02-06,-3.1,2014,4.0,0.0,48.3,6.0,6,0.0,2,-8.0,0.6,203,0.0,20140206
37,2014-02-07,1.6,2014,8.2,0.0,55.1,6.2,7,0.0,2,-5.3,2.0,203,0.0,20140207
38,2014-02-08,0.6,2014,3.7,0.0,78.5,0.0,8,4.7,2,-0.9,1.6,203,0.0,20140208
39,2014-02-09,-0.8,2014,2.5,0.0,77.5,0.6,9,0.7,2,-2.1,1.3,203,0.0,20140209
40,2014-02-10,-0.2,2014,4.1,0.0,59.6,5.4,10,0.3,2,-3.3,1.5,203,0.0,20140210
41,2014-02-11,-1.2,2014,4.7,0.0,53.3,9.7,11,0.0,2,-6.7,1.3,203,0.0,20140211
42,2014-02-12,-0.3,2014,5.8,0.0,60.9,6.0,12,0.0,2,-5.0,0.8,203,0.0,20140212
43,2014-02-13,0.8,2014,6.0,0.0,58.5,6.7,13,0.0,2,-4.1,0.8,203,0.0,20140213
44,2014-02-14,1.3,2014,6.4,0.0,55.8,6.9,14,0.0,2,-3.2,1.0,203,0.0,20140214
45,2014-02-15,1.7,2014,8.9,0.0,59.9,9.6,15,0.0,2,-5.0,1.0,203,0.0,20140215
46,2014-02-16,1.5,2014,9.1,0.0,60.8,6.4,16,0.0,2,-4.5,0.8,203,0.0,20140216
47,2014-02-17,3.4,2014,9.8,0.0,53.0,4.9,17,0.0,2,-1.9,1.1,203,0.0,20140217
48,2014-02-18,1.7,2014,6.2,0.0,50.4,5.6,18,0.0,2,-2.6,1.7,203,0.0,20140218
49,2014-02-19,0.1,2014,6.2,0.0,56.3,8.7,19,0.0,2,-5.9,0.9,203,0.0,20140219
50,2014-02-20,-0.6,2014,5.9,0.0,64.1,5.3,20,0.0,2,-5.3,1.5,203,0.0,20140220
51,2014-02-21,-0.3,2014,6.9,0.0,57.3,9.1,21,0.0,2,-6.4,1.2,203,0.0,20140221
52,2014-02-22,0.3,2014,7.7,0.0,59.5,9.1,22,0.0,2,-6.3,1.0,203,0.0,20140222
53,2014-02-23,1.8,2014,8.8,0.0,55.3,8.1,23,0.0,2,-5.2,0.7,203,0.0,20140223
54,2014-02-24,2.8,2014,10.7,0.0,61.1,6.0,24,0.0,2,-4.5,0.9,203,0.0,20140224
55,2014-02-25,4.2,2014,13.3,0.0,63.8,7.5,25,0.0,2,-3.7,1.0,203,0.0,20140225
56,2014-02-26,5.1,2014,14.1,0.0,61.0,6.8,26,0.0,2,-3.1,0.8,203,0.0,20140226
57,2014-02-27,6.2,2014,15.8,0.0,58.1,6.8,27,0.0,2,-2.3,1.7,203,0.0,20140227
58,2014-02-28,6.5,2014,13.3,0.0,63.6,5.6,28,0.0,2,-0.7,1.0,203,0.0,20140228
59,2014-03-01,6.8,2014,10.5,0.0,60.1,0.6,1,0.0,3,3.4,1.6,203,0.0,20140301
60,2014-03-02,4.4,2014,10.7,0.0,46.5,9.9,2,0.0,3,-2.3,1.9,203,0.0,20140302
61,2014-03-03,3.5,2014,12.4,0.0,43.9,10.1,3,0.0,3,-5.0,1.2,203,0.0,20140303
62,2014-03-04,4.1,2014,12.3,0.0,51.3,6.6,4,0.0,3,-3.8,1.4,203,0.0,20140304
63,2014-03-05,2.3,2014,6.9,0.0,37.0,10.3,5,0.1,3,-1.6,3.0,203,0.0,20140305
64,2014-03-06,0.4,2014,5.8,0.0,37.6,10.3,6,0.0,3,-5.0,2.4,203,0.0,20140306
65,2014-03-07,-0.5,2014,6.3,0.0,31.3,10.3,7,0.0,3,-6.4,2.2,203,0.0,20140307
66,2014-03-08,1.3,2014,7.7,0.0,45.9,9.0,8,0.0,3,-6.1,1.6,203,0.0,20140308
67,2014-03-09,1.1,2014,5.7,0.0,50.3,8.8,9,4.7,3,-2.2,2.2,203,0.0,20140309
68,2014-03-10,1.6,2014,8.9,0.0,39.5,10.6,10,0.0,3,-4.5,2.2,203,0.0,20140310
69,2014-03-11,3.4,2014,13.1,0.0,45.5,8.6,11,0.0,3,-5.5,1.3,203,0.0,20140311
70,2014-03-12,3.4,2014,7.0,0.0,67.6,1.9,12,8.0,3,-2.5,0.6,203,0.0,20140312
71,2014-03-13,4.4,2014,8.0,0.0,55.6,0.2,13,0.0,3,1.0,2.8,203,0.0,20140313
72,2014-03-14,2.4,2014,9.3,0.0,53.5,10.0,14,0.0,3,-3.7,1.8,203,0.0,20140314
73,2014-03-15,4.9,2014,14.0,0.0,60.9,7.6,15,0.0,3,-4.4,2.0,203,0.0,20140315
74,2014-03-16,9.4,2014,18.3,0.0,62.0,7.4,16,0.0,3,-0.1,1.3,203,0.0,20140316
75,2014-03-17,11.8,2014,20.5,0.0,67.8,7.0,17,0.0,3,0.8,1.8,203,0.0,20140317
76,2014-03-18,11.4,2014,17.3,0.0,63.8,7.2,18,0.0,3,7.3,2.7,203,0.0,20140318
77,2014-03-19,7.1,2014,10.7,0.0,72.4,0.0,19,0.9,3,5.1,1.1,203,0.0,20140319
78,2014-03-20,5.3,2014,11.9,0.0,73.0,3.6,20,2.4,3,1.9,1.9,203,0.0,20140320
79,2014-03-21,4.1,2014,11.3,0.0,55.5,9.0,21,0.0,3,-3.2,2.0,203,0.0,20140321
80,2014-03-22,7.3,2014,16.4,0.0,51.8,10.4,22,0.0,3,-3.2,1.5,203,0.0,20140322
81,2014-03-23,9.0,2014,18.2,0.0,52.8,9.6,23,0.0,3,-0.3,1.7,203,0.0,20140323
82,2014-03-24,10.0,2014,18.4,0.0,52.0,9.5,24,0.0,3,-0.5,1.6,203,0.0,20140324
83,2014-03-25,14.1,2014,19.1,0.0,60.9,1.5,25,0.0,3,9.5,1.1,203,0.0,20140325
84,2014-03-26,14.8,2014,23.5,0.0,59.3,5.5,26,0.2,3,10.6,1.7,203,0.0,20140326
85,2014-03-27,13.2,2014,22.1,0.0,56.5,9.4,27,0.0,3,4.3,1.5,203,0.0,20140327
86,2014-03-28,15.7,2014,24.8,0.0,49.1,6.5,28,0.0,3,8.6,1.2,203,0.0,20140328
87,2014-03-29,12.9,2014,16.1,0.0,70.0,0.0,29,2.6,3,9.5,0.8,203,0.0,20140329
88,2014-03-30,13.8,2014,20.5,0.0,57.3,9.8,30,0.5,3,8.5,2.1,203,0.0,20140330
89,2014-03-31,13.0,2014,21.7,0.0,48.5,9.0,31,0.0,3,3.4,1.4,203,0.0,20140331
90,2014-04-01,14.1,2014,24.2,0.0,36.3,10.7,1,0.0,4,3.2,1.1,203,0.0,20140401
91,2014-04-02,14.8,2014,24.2,0.0,31.3,10.1,2,0.0,4,4.9,1.5,203,0.0,20140402
92,2014-04-03,9.0,2014,15.8,0.0,57.5,0.0,3,5.6,4,2.3,1.8,203,0.0,20140403
93,2014-04-04,6.5,2014,11.9,0.0,47.1,10.3,4,0.0,4,1.8,2.3,203,0.0,20140404
94,2014-04-05,5.5,2014,12.6,0.0,55.3,10.4,5,0.0,4,-0.8,2.1,203,0.0,20140405
95,2014-04-06,7.2,2014,14.1,0.0,36.6,12.0,6,0.0,4,1.6,2.6,203,0.0,20140406
96,2014-04-07,9.6,2014,19.3,0.0,49.8,9.1,7,0.0,4,0.3,1.8,203,0.0,20140407
97,2014-04-08,11.6,2014,21.6,0.0,41.6,11.6,8,0.0,4,0.6,1.4,203,0.0,20140408
98,2014-04-09,11.9,2014,21.5,0.0,64.0,8.4,9,0.0,4,5.1,2.0,203,0.0,20140409
99,2014-04-10,12.7,2014,20.0,0.0,57.5,5.5,10,0.0,4,5.5,1.2,203,0.0,20140410
100,2014-04-11,13.6,2014,19.6,0.0,52.3,6.0,11,0.0,4,7.5,1.4,203,0.0,20140411
101,2014-04-12,13.5,2014,17.3,0.0,66.5,0.0,12,0.0,4,9.7,0.8,203,0.0,20140412
102,2014-04-13,14.9,2014,23.2,0.0,63.0,5.4,13,1.7,4,10.6,1.1,203,0.0,20140413
103,2014-04-14,14.5,2014,24.7,0.0,49.8,10.8,14,0.0,4,5.2,1.7,203,0.0,20140414
104,2014-04-15,14.6,2014,22.3,0.0,58.4,8.6,15,0.0,4,7.0,1.8,203,0.0,20140415
105,2014-04-16,14.0,2014,20.6,0.0,70.4,2.2,16,0.0,4,10.5,1.4,203,0.0,20140416
106,2014-04-17,13.3,2014,20.3,0.0,62.1,4.7,17,4.0,4,4.9,1.1,203,0.0,20140417
107,2014-04-18,15.0,2014,21.9,0.0,56.5,7.8,18,0.0,4,10.2,1.5,203,0.0,20140418
108,2014-04-19,12.7,2014,18.2,0.0,53.5,2.0,19,0.0,4,9.1,2.3,203,0.0,20140419
109,2014-04-20,13.7,2014,21.6,0.0,44.9,10.8,20,0.0,4,6.0,1.8,203,0.0,20140420
110,2014-04-21,14.9,2014,22.5,0.0,45.5,10.1,21,0.0,4,8.0,1.7,203,0.0,20140421
111,2014-04-22,15.1,2014,23.6,0.0,36.1,11.2,22,0.0,4,5.5,1.5,203,0.0,20140422
112,2014-04-23,16.0,2014,25.4,0.0,41.6,11.5,23,0.0,4,5.2,1.5,203,0.0,20140423
113,2014-04-24,17.0,2014,26.2,0.0,45.4,9.7,24,0.0,4,7.8,1.0,203,0.0,20140424
114,2014-04-25,16.7,2014,27.0,0.0,37.4,11.2,25,0.0,4,7.0,1.1,203,0.0,20140425
115,2014-04-26,16.8,2014,24.7,0.0,43.1,5.1,26,0.0,4,8.4,1.1,203,0.0,20140426
116,2014-04-27,14.5,2014,16.9,0.0,78.5,0.0,27,10.0,4,12.6,1.1,203,0.0,20140427
117,2014-04-28,12.3,2014,14.3,0.0,85.1,0.0,28,31.4,4,11.4,2.0,203,0.0,20140428
118,2014-04-29,14.6,2014,19.8,0.0,62.3,6.2,29,1.9,4,11.3,3.2,203,0.0,20140429
119,2014-04-30,16.0,2014,21.5,0.0,56.8,6.2,30,0.0,4,11.9,1.4,203,0.0,20140430
120,2014-05-01,16.1,2014,23.3,0.0,49.9,12.2,1,0.0,5,9.5,2.1,203,0.0,20140501
121,2014-05-02,14.7,2014,24.9,0.0,66.4,8.7,2,0.2,5,7.9,2.3,203,0.0,20140502
122,2014-05-03,13.7,2014,20.9,0.0,40.3,12.8,3,0.0,5,7.7,2.6,203,0.0,20140503
123,2014-05-04,11.3,2014,20.2,0.0,53.4,5.4,4,0.0,5,5.4,2.1,203,0.0,20140504
124,2014-05-05,10.8,2014,16.1,0.0,44.6,12.6,5,0.0,5,5.1,2.9,203,0.0,20140505
125,2014-05-06,12.1,2014,19.5,0.0,47.5,12.4,6,0.0,5,4.9,1.9,203,0.0,20140506
126,2014-05-07,14.4,2014,23.5,0.0,49.5,12.0,7,0.2,5,3.4,1.7,203,0.0,20140507
127,2014-05-08,13.0,2014,16.1,0.0,76.6,8.2,8,3.7,5,10.0,2.5,203,0.0,20140508
128,2014-05-09,14.1,2014,22.9,0.0,64.0,8.0,9,0.0,5,7.3,1.0,203,0.0,20140509
129,2014-05-10,18.0,2014,27.2,0.0,44.5,12.5,10,0.0,5,7.7,1.0,203,0.0,20140510
130,2014-05-11,16.3,2014,24.1,0.0,58.9,3.3,11,35.7,5,8.9,2.1,203,0.0,20140511
131,2014-05-12,16.3,2014,20.4,0.0,67.5,8.3,12,10.5,5,13.5,2.9,203,0.0,20140512
132,2014-05-13,18.5,2014,27.3,0.0,60.3,9.1,13,0.0,5,9.4,2.0,203,0.0,20140513
133,2014-05-14,19.6,2014,27.5,0.0,51.1,10.3,14,0.0,5,12.9,1.6,203,0.0,20140514
134,2014-05-15,17.8,2014,24.3,0.0,53.4,10.6,15,0.0,5,13.9,2.6,203,0.0,20140515
135,2014-05-16,18.4,2014,26.6,0.0,43.4,11.7,16,0.0,5,10.0,1.5,203,0.0,20140516
136,2014-05-17,18.5,2014,25.7,0.0,49.4,11.4,17,0.0,5,10.4,1.2,203,0.0,20140517
137,2014-05-18,18.8,2014,26.7,0.0,48.3,12.2,18,0.0,5,9.6,1.1,203,0.0,20140518
138,2014-05-19,18.8,2014,27.1,0.0,46.0,8.7,19,0.0,5,9.9,1.3,203,0.0,20140519
139,2014-05-20,19.7,2014,27.6,0.0,47.0,5.5,20,0.0,5,13.1,0.9,203,0.0,20140520
140,2014-05-21,18.6,2014,25.0,0.0,55.8,11.5,21,0.0,5,13.1,2.7,203,0.0,20140521
141,2014-05-22,20.3,2014,28.2,0.0,55.3,12.4,22,0.0,5,12.0,1.5,203,0.0,20140522
142,2014-05-23,21.6,2014,27.3,0.0,56.8,8.6,23,0.0,5,16.8,1.5,203,0.0,20140523
143,2014-05-24,20.6,2014,27.0,0.0,63.9,3.9,24,0.0,5,15.9,1.4,203,0.0,20140524
144,2014-05-25,19.4,2014,25.7,0.0,75.6,0.6,25,7.0,5,17.0,1.1,203,0.0,20140525
145,2014-05-26,19.5,2014,24.3,0.0,55.1,8.9,26,3.2,5,15.9,2.3,203,0.0,20140526
146,2014-05-27,20.9,2014,29.5,0.0,46.4,12.4,27,0.0,5,10.6,2.2,203,0.0,20140527
147,2014-05-28,22.3,2014,29.4,0.0,54.4,9.6,28,0.0,5,14.6,1.6,203,0.0,20140528
148,2014-05-29,22.8,2014,30.5,0.0,52.9,11.9,29,0.0,5,14.9,1.4,203,0.0,20140529
149,2014-05-30,23.1,2014,31.5,0.0,48.3,12.5,30,0.0,5,13.4,1.1,203,0.0,20140530
150,2014-05-31,24.6,2014,33.2,0.0,52.0,11.2,31,0.0,5,15.7,1.3,203,0.0,20140531
151,2014-06-01,23.9,2014,30.0,0.0,55.4,5.3,1,0.0,6,16.8,1.0,203,0.0,20140601
152,2014-06-02,20.8,2014,23.6,0.0,73.9,0.0,2,1.2,6,18.3,1.2,203,0.0,20140602
153,2014-06-03,18.7,2014,22.4,0.0,81.4,0.1,3,27.4,6,16.5,1.4,203,0.0,20140603
154,2014-06-04,21.6,2014,27.3,0.0,59.8,5.3,4,0.0,6,16.0,1.9,203,0.0,20140604
155,2014-06-05,20.9,2014,25.2,0.0,60.5,2.0,5,0.0,6,17.4,1.5,203,0.0,20140605
156,2014-06-06,22.6,2014,30.1,0.0,53.8,12.4,6,0.0,6,13.9,1.1,203,0.0,20140606
157,2014-06-07,22.7,2014,28.4,0.0,60.4,5.8,7,0.0,6,16.3,1.1,203,0.0,20140607
158,2014-06-08,21.8,2014,26.5,0.0,62.3,7.1,8,0.0,6,19.0,1.7,203,0.0,20140608
159,2014-06-09,22.3,2014,28.6,0.0,62.1,9.2,9,0.0,6,17.1,1.2,203,0.0,20140609
160,2014-06-10,21.4,2014,28.7,0.0,70.8,6.4,10,4.2,6,17.1,1.4,203,0.0,20140610
161,2014-06-11,20.1,2014,26.6,0.0,72.4,4.8,11,6.0,6,17.1,0.9,203,0.0,20140611
162,2014-06-12,20.2,2014,28.4,0.0,63.8,11.5,12,0.0,6,14.3,1.5,203,0.0,20140612
163,2014-06-13,20.1,2014,25.8,0.0,71.9,3.7,13,0.0,6,16.4,1.4,203,0.0,20140613
164,2014-06-14,21.8,2014,27.9,0.0,62.0,10.0,14,0.0,6,16.8,1.7,203,0.0,20140614
165,2014-06-15,22.2,2014,28.6,0.0,59.1,10.7,15,0.0,6,17.1,1.9,203,0.0,20140615
166,2014-06-16,22.7,2014,29.2,0.0,54.8,10.3,16,0.0,6,15.3,1.3,203,0.0,20140616
167,2014-06-17,23.2,2014,28.7,0.0,59.9,4.5,17,0.0,6,18.0,1.0,203,0.0,20140617
168,2014-06-18,22.9,2014,29.5,0.0,63.4,8.9,18,0.4,6,16.8,1.3,203,0.0,20140618
169,2014-06-19,21.9,2014,26.6,0.0,68.0,4.3,19,0.0,6,18.8,1.6,203,0.0,20140619
170,2014-06-20,23.0,2014,28.6,0.0,68.4,2.8,20,0.0,6,16.8,1.0,203,0.0,20140620
171,2014-06-21,22.1,2014,28.4,0.0,72.5,3.6,21,2.2,6,18.5,1.6,203,0.0,20140621
172,2014-06-22,22.2,2014,30.0,0.0,68.4,8.8,22,0.3,6,17.5,1.0,203,0.0,20140622
173,2014-06-23,21.0,2014,25.7,0.0,77.6,5.4,23,21.9,6,18.0,1.1,203,0.0,20140623
174,2014-06-24,21.6,2014,26.9,0.0,69.9,6.2,24,2.1,6,16.6,0.9,203,0.0,20140624
175,2014-06-25,22.5,2014,29.4,0.0,66.0,7.8,25,0.0,6,16.0,1.1,203,0.0,20140625
176,2014-06-26,24.2,2014,30.3,0.0,60.3,10.3,26,0.0,6,18.4,1.2,203,0.0,20140626
177,2014-06-27,24.3,2014,30.5,0.0,60.9,10.7,27,0.0,6,19.1,1.6,203,0.0,20140627
178,2014-06-28,23.8,2014,30.1,0.0,60.4,9.9,28,0.0,6,19.7,2.1,203,0.0,20140628
179,2014-06-29,23.3,2014,29.2,0.0,61.5,6.6,29,0.0,6,17.9,1.0,203,0.0,20140629
180,2014-06-30,24.0,2014,30.8,0.0,61.6,10.1,30,0.0,6,18.6,1.2,203,0.0,20140630
181,2014-07-01,25.2,2014,32.3,0.0,61.8,9.6,1,0.0,7,17.7,1.1,203,0.0,20140701
182,2014-07-02,24.6,2014,29.5,0.0,70.8,1.0,2,0.8,7,20.4,1.5,203,0.0,20140702
183,2014-07-03,21.7,2014,24.1,0.0,80.0,0.1,3,6.9,7,19.5,1.5,203,0.0,20140703
184,2014-07-04,25.7,2014,32.5,0.0,56.5,10.1,4,0.0,7,19.8,1.1,203,0.0,20140704
185,2014-07-05,24.3,2014,29.7,0.0,65.9,2.6,5,0.0,7,18.1,0.6,203,0.0,20140705
186,2014-07-06,22.2,2014,26.2,0.0,71.4,0.8,6,0.0,7,18.0,1.3,203,0.0,20140706
187,2014-07-07,25.6,2014,33.5,0.0,58.6,12.4,7,0.0,7,16.7,1.3,203,0.0,20140707
188,2014-07-08,26.3,2014,31.7,0.0,64.8,5.1,8,2.4,7,21.9,1.2,203,0.0,20140708
189,2014-07-09,25.8,2014,32.9,0.0,80.0,2.4,9,3.6,7,23.0,1.1,203,0.0,20140709
190,2014-07-10,27.9,2014,33.9,0.0,57.5,11.4,10,0.0,7,23.0,1.5,203,0.0,20140710
191,2014-07-11,26.3,2014,33.7,0.0,57.4,11.6,11,0.0,7,21.0,2.3,203,0.0,20140711
192,2014-07-12,24.3,2014,29.1,0.0,67.1,3.0,12,0.0,7,18.8,1.2,203,0.0,20140712
193,2014-07-13,24.7,2014,29.9,0.0,68.1,7.6,13,0.3,7,20.8,1.6,203,0.0,20140713
194,2014-07-14,25.4,2014,31.7,0.0,63.0,9.1,14,0.0,7,19.8,1.4,203,0.0,20140714
195,2014-07-15,25.0,2014,31.5,0.0,67.4,3.4,15,0.0,7,19.7,1.1,203,0.0,20140715
196,2014-07-16,25.5,2014,30.3,0.0,63.3,5.1,16,0.0,7,20.8,1.1,203,0.0,20140716
197,2014-07-17,25.1,2014,29.8,0.0,70.3,3.4,17,0.0,7,21.0,1.5,203,0.0,20140717
198,2014-07-18,24.7,2014,30.5,0.0,73.4,5.8,18,6.0,7,19.9,1.6,203,0.0,20140718
199,2014-07-19,25.8,2014,30.2,0.0,74.1,0.1,19,0.7,7,22.3,1.1,203,0.0,20140719
200,2014-07-20,27.5,2014,34.0,0.0,66.9,7.4,20,0.0,7,22.6,1.3,203,0.0,20140720
201,2014-07-21,26.8,2014,32.1,0.0,69.1,6.5,21,0.0,7,22.3,1.4,203,0.0,20140721
202,2014-07-22,25.5,2014,29.8,0.0,73.0,1.2,22,2.7,7,22.7,1.9,203,0.0,20140722
203,2014-07-23,22.4,2014,24.7,0.0,86.4,0.0,23,39.7,7,19.6,1.6,203,0.0,20140723
204,2014-07-24,21.5,2014,26.0,0.0,84.0,2.6,24,21.8,7,18.8,0.9,203,0.0,20140724
205,2014-07-25,27.3,2014,34.3,0.0,74.0,9.1,25,3.5,7,21.5,2.0,203,0.0,20140725
206,2014-07-26,23.4,2014,27.8,0.0,71.6,1.3,26,0.6,7,19.9,3.4,203,0.0,20140726
207,2014-07-27,23.9,2014,30.1,0.0,67.4,6.9,27,0.0,7,20.1,1.1,203,0.0,20140727
208,2014-07-28,24.5,2014,30.4,0.0,68.4,6.5,28,0.0,7,17.9,0.7,203,0.0,20140728
209,2014-07-29,22.9,2014,27.0,0.0,78.0,1.7,29,3.7,7,19.4,1.1,203,0.0,20140729
210,2014-07-30,26.8,2014,33.1,0.0,69.5,9.9,30,0.0,7,20.0,0.8,203,0.0,20140730
211,2014-07-31,27.0,2014,34.6,0.0,76.4,7.7,31,15.4,7,23.1,1.0,203,0.0,20140731
212,2014-08-01,27.9,2014,34.7,0.0,70.0,6.2,1,0.0,8,21.8,0.9,203,0.0,20140801
213,2014-08-02,29.0,2014,34.3,0.0,58.8,6.2,2,1.1,8,24.2,2.6,203,0.0,20140802
214,2014-08-03,24.8,2014,28.6,0.0,85.8,0.0,3,25.6,8,22.6,1.7,203,0.0,20140803
215,2014-08-04,25.2,2014,27.9,0.0,87.9,0.0,4,3.2,8,23.6,1.0,203,0.0,20140804
216,2014-08-05,26.8,2014,31.5,0.0,76.5,3.9,5,0.0,8,23.8,1.4,203,0.0,20140805
217,2014-08-06,24.4,2014,27.6,0.0,83.4,0.0,6,23.0,8,22.0,1.1,203,0.0,20140806
218,2014-08-07,22.0,2014,24.4,0.0,85.5,0.2,7,2.6,8,19.0,0.9,203,0.0,20140807
219,2014-08-08,23.5,2014,29.6,0.0,69.3,5.6,8,0.0,8,18.0,1.6,203,0.0,20140808
220,2014-08-09,24.4,2014,30.9,0.0,51.8,10.8,9,0.0,8,18.5,2.5,203,0.0,20140809
221,2014-08-10,23.0,2014,29.1,0.0,73.5,1.9,10,37.3,8,19.0,1.6,203,0.0,20140810
222,2014-08-11,22.5,2014,28.5,0.0,74.5,9.0,11,0.0,8,17.1,1.3,203,0.0,20140811
223,2014-08-12,24.5,2014,30.7,0.0,69.1,8.4,12,0.0,8,19.6,1.3,203,0.0,20140812
224,2014-08-13,21.9,2014,25.8,0.0,83.3,0.0,13,3.1,8,19.4,0.6,203,0.0,20140813
225,2014-08-14,20.1,2014,22.2,0.0,89.6,0.0,14,5.9,8,19.3,0.9,203,0.0,20140814
226,2014-08-15,24.2,2014,30.0,0.0,75.1,5.0,15,0.2,8,19.4,0.8,203,0.0,20140815
227,2014-08-16,25.3,2014,31.9,0.0,69.6,5.3,16,0.0,8,21.3,1.1,203,0.0,20140816
228,2014-08-17,22.0,2014,24.3,0.0,88.4,0.0,17,4.8,8,20.0,0.8,203,0.0,20140817
229,2014-08-18,21.0,2014,23.6,0.0,89.0,0.0,18,10.4,8,19.2,1.4,203,0.0,20140818
230,2014-08-19,22.0,2014,25.2,0.0,89.1,0.2,19,6.5,8,19.8,0.8,203,0.0,20140819
231,2014-08-20,24.4,2014,29.2,0.0,81.4,2.1,20,0.5,8,21.8,0.8,203,0.0,20140820
232,2014-08-21,22.3,2014,23.6,0.0,90.5,0.2,21,47.3,8,20.3,1.4,203,0.0,20140821
233,2014-08-22,24.6,2014,29.3,0.0,72.0,9.3,22,4.6,8,21.0,1.5,203,0.0,20140822
234,2014-08-23,24.0,2014,29.3,0.0,75.0,4.0,23,0.0,8,20.6,1.0,203,0.0,20140823
235,2014-08-24,24.0,2014,30.4,0.0,77.8,4.1,24,0.2,8,20.1,0.8,203,0.0,20140824
236,2014-08-25,23.2,2014,27.3,0.0,80.9,0.2,25,0.3,8,21.7,1.1,203,0.0,20140825
237,2014-08-26,24.1,2014,29.9,0.0,69.4,2.8,26,0.0,8,20.0,1.3,203,0.0,20140826
238,2014-08-27,23.1,2014,28.5,0.0,67.9,8.4,27,0.0,8,18.4,1.2,203,0.0,20140827
239,2014-08-28,22.9,2014,29.6,0.0,66.3,11.0,28,0.0,8,17.1,1.0,203,0.0,20140828
240,2014-08-29,22.6,2014,30.2,0.0,70.9,10.3,29,0.0,8,17.2,1.1,203,0.0,20140829
241,2014-08-30,22.5,2014,29.6,0.0,69.3,11.2,30,0.0,8,16.5,0.8,203,0.0,20140830
242,2014-08-31,20.8,2014,26.7,0.0,72.9,5.1,31,0.0,8,16.3,0.7,203,0.0,20140831
243,2014-09-01,22.5,2014,30.6,0.0,68.9,9.7,1,0.0,9,15.7,0.7,203,0.0,20140901
244,2014-09-02,21.9,2014,27.6,0.0,73.9,3.3,2,6.5,9,18.2,1.2,203,0.0,20140902
245,2014-09-03,19.5,2014,23.5,0.0,90.4,0.0,3,58.1,9,17.3,1.6,203,0.0,20140903
246,2014-09-04,22.4,2014,28.4,0.0,71.8,10.7,4,0.1,9,18.7,1.5,203,0.0,20140904
247,2014-09-05,22.5,2014,30.0,0.0,74.3,7.7,5,0.0,9,15.8,0.9,203,0.0,20140905
248,2014-09-06,23.4,2014,32.0,0.0,68.8,8.9,6,0.0,9,17.9,0.8,203,0.0,20140906
249,2014-09-07,23.0,2014,31.8,0.0,72.8,6.2,7,0.0,9,17.1,0.7,203,0.0,20140907
250,2014-09-08,22.6,2014,30.1,0.0,74.9,5.9,8,0.0,9,18.0,1.0,203,0.0,20140908
251,2014-09-09,21.4,2014,28.6,0.0,66.9,5.3,9,0.0,9,14.7,1.1,203,0.0,20140909
252,2014-09-10,19.2,2014,29.0,0.0,69.0,9.5,10,0.0,9,11.5,0.7,203,0.0,20140910
253,2014-09-11,20.2,2014,29.7,0.0,70.0,10.5,11,0.0,9,13.6,0.7,203,0.0,20140911
254,2014-09-12,19.7,2014,25.4,0.0,77.6,1.2,12,0.0,9,14.1,0.6,203,0.0,20140912
255,2014-09-13,21.2,2014,28.8,0.0,70.6,9.2,13,0.0,9,15.7,0.9,203,0.0,20140913
256,2014-09-14,20.5,2014,28.1,0.0,61.1,10.8,14,0.0,9,13.3,0.8,203,0.0,20140914
257,2014-09-15,21.5,2014,27.6,0.0,66.8,2.9,15,0.0,9,17.0,1.0,203,0.0,20140915
258,2014-09-16,20.6,2014,27.9,0.0,54.6,9.8,16,0.0,9,13.7,0.9,203,0.0,20140916
259,2014-09-17,18.6,2014,23.0,0.0,70.1,0.0,17,0.0,9,15.7,0.6,203,0.0,20140917
260,2014-09-18,17.5,2014,23.4,0.0,69.5,4.9,18,0.0,9,12.6,0.9,203,0.0,20140918
261,2014-09-19,17.4,2014,27.7,0.0,64.3,9.6,19,0.0,9,9.3,0.6,203,0.0,20140919
262,2014-09-20,17.7,2014,28.0,0.0,58.6,10.9,20,0.0,9,9.1,0.8,203,0.0,20140920
263,2014-09-21,17.3,2014,25.6,0.0,69.6,4.7,21,0.0,9,11.4,0.7,203,0.0,20140921
264,2014-09-22,18.6,2014,28.4,0.0,66.3,9.6,22,0.0,9,9.6,0.7,203,0.0,20140922
265,2014-09-23,20.1,2014,28.7,0.0,65.0,7.9,23,1.0,9,11.7,0.9,203,0.0,20140923
266,2014-09-24,17.7,2014,23.2,0.0,85.0,1.2,24,26.4,9,15.1,1.4,203,0.0,20140924
267,2014-09-25,19.2,2014,28.0,0.0,71.3,9.3,25,0.0,9,14.2,0.7,203,0.0,20140925
268,2014-09-26,19.4,2014,25.4,0.0,73.5,4.1,26,0.0,9,14.2,1.0,203,0.0,20140926
269,2014-09-27,20.3,2014,25.9,0.0,71.8,7.9,27,0.0,9,14.9,1.1,203,0.0,20140927
270,2014-09-28,19.8,2014,24.5,0.0,81.4,0.9,28,0.0,9,15.5,0.5,203,0.0,20140928
271,2014-09-29,18.8,2014,20.8,0.0,88.6,0.0,29,10.7,9,16.6,0.6,203,0.0,20140929
272,2014-09-30,18.4,2014,24.6,0.0,73.1,7.0,30,0.0,9,14.5,1.5,203,0.0,20140930
273,2014-10-01,18.0,2014,24.6,0.0,71.3,5.2,1,0.0,10,13.5,1.1,203,0.0,20141001
274,2014-10-02,17.4,2014,22.0,0.0,79.4,0.3,2,0.6,10,13.2,1.2,203,0.0,20141002
275,2014-10-03,15.9,2014,20.4,0.0,68.4,8.2,3,0.0,10,10.5,1.5,203,0.0,20141003
276,2014-10-04,14.7,2014,23.3,0.0,68.6,7.6,4,0.0,10,8.5,1.4,203,0.0,20141004
277,2014-10-05,14.5,2014,23.6,0.0,60.6,10.4,5,0.0,10,8.0,1.4,203,0.0,20141005
278,2014-10-06,13.8,2014,22.2,0.0,62.6,9.3,6,0.0,10,7.1,0.9,203,0.0,20141006
279,2014-10-07,13.9,2014,22.4,0.0,66.9,9.5,7,0.0,10,5.8,0.9,203,0.0,20141007
280,2014-10-08,13.0,2014,23.4,0.0,71.3,8.1,8,0.0,10,5.1,0.6,203,0.0,20141008
281,2014-10-09,15.0,2014,26.3,0.0,68.9,8.6,9,0.0,10,6.6,0.6,203,0.0,20141009
282,2014-10-10,16.5,2014,28.3,0.0,66.4,10.1,10,0.0,10,7.0,1.6,203,0.0,20141010
283,2014-10-11,16.9,2014,26.3,0.0,62.9,10.2,11,0.0,10,9.7,1.2,203,0.0,20141011
284,2014-10-12,17.0,2014,25.6,0.0,64.0,7.9,12,0.0,10,7.9,0.7,203,0.0,20141012
285,2014-10-13,15.5,2014,21.4,0.0,57.9,7.4,13,0.0,10,8.3,2.9,203,0.0,20141013
286,2014-10-14,11.7,2014,19.9,0.0,56.9,10.0,14,0.0,10,4.7,1.0,203,0.0,20141014
287,2014-10-15,10.9,2014,19.9,0.0,65.0,9.0,15,0.0,10,2.5,0.9,203,0.0,20141015
288,2014-10-16,11.1,2014,18.6,0.0,54.3,6.7,16,3.5,10,4.8,1.6,203,0.0,20141016
289,2014-10-17,9.4,2014,20.2,0.0,59.9,9.8,17,0.0,10,0.4,0.9,203,0.0,20141017
290,2014-10-18,11.4,2014,21.4,0.0,68.4,9.6,18,0.0,10,2.8,0.6,203,0.0,20141018
291,2014-10-19,12.8,2014,20.6,0.0,72.9,3.4,19,0.0,10,4.7,0.5,203,0.0,20141019
292,2014-10-20,13.2,2014,14.3,0.0,91.3,0.0,20,38.4,10,11.8,0.6,203,0.0,20141020
293,2014-10-21,12.7,2014,14.5,0.0,90.3,0.0,21,57.2,10,10.4,1.8,203,0.0,20141021
294,2014-10-22,11.9,2014,18.2,0.0,70.9,5.5,22,0.0,10,7.0,1.7,203,0.0,20141022
295,2014-10-23,9.9,2014,19.1,0.0,76.9,7.9,23,0.0,10,3.4,0.6,203,0.0,20141023
296,2014-10-24,10.5,2014,19.6,0.0,81.5,5.4,24,0.0,10,4.8,0.6,203,0.0,20141024
297,2014-10-25,11.0,2014,19.9,0.0,85.3,4.1,25,0.0,10,7.0,0.5,203,0.0,20141025
298,2014-10-26,13.1,2014,19.9,0.0,77.6,3.8,26,0.2,10,6.4,1.2,203,0.0,20141026
299,2014-10-27,10.6,2014,18.3,0.0,44.8,9.6,27,0.0,10,3.5,1.5,203,0.0,20141027
300,2014-10-28,7.0,2014,18.0,0.0,63.1,9.5,28,0.0,10,-1.1,0.6,203,0.0,20141028
301,2014-10-29,8.5,2014,20.1,0.0,63.6,9.2,29,0.0,10,0.0,0.5,203,0.0,20141029
302,2014-10-30,10.3,2014,20.1,0.0,61.3,7.2,30,0.0,10,1.9,0.6,203,0.0,20141030
303,2014-10-31,11.0,2014,14.0,0.0,84.8,0.0,31,7.3,10,8.7,0.7,203,0.0,20141031
304,2014-11-01,14.0,2014,17.0,0.0,84.3,0.0,1,0.2,11,11.8,0.7,203,0.0,20141101
305,2014-11-02,11.4,2014,15.3,0.0,51.5,5.4,2,4.3,11,7.0,2.7,203,0.0,20141102
306,2014-11-03,7.6,2014,14.2,0.0,41.6,9.5,3,0.0,11,1.9,1.9,203,0.0,20141103
307,2014-11-04,7.6,2014,17.2,0.0,66.6,9.4,4,0.0,11,-1.0,0.7,203,0.0,20141104
308,2014-11-05,8.4,2014,18.0,0.0,70.4,7.4,5,0.0,11,-0.5,0.7,203,0.0,20141105
309,2014-11-06,11.1,2014,18.2,0.0,66.9,5.2,6,0.2,11,6.8,0.9,203,0.0,20141106
310,2014-11-07,7.6,2014,16.9,0.0,67.1,6.8,7,0.0,11,-0.4,0.7,203,0.0,20141107
311,2014-11-08,9.0,2014,14.2,0.0,73.0,0.0,8,0.0,11,4.1,0.6,203,0.0,20141108
312,2014-11-09,9.0,2014,15.9,0.0,52.5,8.7,9,0.0,11,2.7,1.4,203,0.0,20141109
313,2014-11-10,6.1,2014,17.1,0.0,61.9,8.9,10,0.0,11,-2.0,0.7,203,0.0,20141110
314,2014-11-11,6.6,2014,14.5,0.0,69.9,7.0,11,0.0,11,-1.4,0.7,203,0.0,20141111
315,2014-11-12,6.6,2014,10.7,0.0,49.3,7.2,12,3.5,11,-0.6,3.4,203,0.0,20141112
316,2014-11-13,0.3,2014,5.1,0.0,35.4,8.8,13,0.0,11,-2.8,2.3,203,0.0,20141113
317,2014-11-14,3.6,2014,10.3,0.0,57.6,8.8,14,0.0,11,-4.0,1.3,203,0.0,20141114
318,2014-11-15,3.9,2014,11.4,0.0,44.9,8.8,15,0.0,11,-3.1,1.2,203,0.0,20141115
319,2014-11-16,5.6,2014,12.4,0.0,46.9,7.5,16,0.1,11,-0.3,0.8,203,0.0,20141116
320,2014-11-17,4.9,2014,10.7,0.0,73.0,4.3,17,1.2,11,1.4,1.2,203,0.0,20141117
321,2014-11-18,2.8,2014,11.7,0.0,61.1,6.1,18,0.0,11,-5.4,0.9,203,0.0,20141118
322,2014-11-19,2.3,2014,11.4,0.0,64.0,8.9,19,0.0,11,-5.6,0.7,203,0.0,20141119
323,2014-11-20,3.8,2014,13.5,0.0,65.4,8.7,20,0.0,11,-3.8,0.5,203,0.0,20141120
324,2014-11-21,6.9,2014,16.1,0.0,60.5,7.8,21,0.0,11,-1.6,0.7,203,0.0,20141121
325,2014-11-22,7.0,2014,9.9,0.0,82.9,0.0,22,2.9,11,5.1,0.8,203,0.0,20141122
326,2014-11-23,6.2,2014,9.3,0.0,90.4,0.3,23,0.0,11,4.8,0.7,203,0.0,20141123
327,2014-11-24,6.6,2014,9.2,0.0,86.4,0.0,24,0.0,11,4.9,0.4,203,0.0,20141124
328,2014-11-25,9.4,2014,15.5,0.0,60.3,2.9,25,0.0,11,4.6,1.7,203,0.0,20141125
329,2014-11-26,8.8,2014,15.7,0.0,60.6,5.5,26,0.0,11,3.6,1.0,203,0.0,20141126
330,2014-11-27,7.2,2014,14.7,0.0,75.6,4.1,27,0.0,11,3.2,0.6,203,0.0,20141127
331,2014-11-28,6.3,2014,9.4,0.0,89.6,0.0,28,12.3,11,1.7,0.8,203,0.0,20141128
332,2014-11-29,6.0,2014,10.3,0.0,84.3,1.5,29,0.0,11,1.9,1.1,203,0.0,20141129
333,2014-11-30,7.3,2014,10.7,0.0,87.5,0.0,30,7.5,11,2.6,1.1,203,0.0,20141130
334,2014-12-01,-0.3,2014,8.9,0.0,52.9,4.0,1,0.5,12,-6.4,4.1,203,0.0,20141201
335,2014-12-02,-5.4,2014,-1.5,0.0,36.8,8.7,2,0.0,12,-7.9,2.8,203,0.0,20141202
336,2014-12-03,-3.3,2014,0.8,0.0,72.4,1.6,3,1.5,12,-7.8,1.0,203,0.0,20141203
337,2014-12-04,-3.6,2014,1.4,0.0,46.6,8.9,4,0.0,12,-8.1,1.4,203,0.0,20141204
338,2014-12-05,-6.0,2014,-1.3,0.0,39.6,8.9,5,0.0,12,-9.1,2.0,203,0.0,20141205
339,2014-12-06,-5.4,2014,0.9,0.0,51.4,8.8,6,0.0,12,-11.9,1.7,203,0.0,20141206
340,2014-12-07,-4.7,2014,-0.4,0.0,53.6,4.7,7,0.0,12,-9.2,0.7,203,0.0,20141207
341,2014-12-08,-2.2,2014,4.1,0.0,61.0,6.2,8,1.7,12,-5.4,1.3,203,0.0,20141208
342,2014-12-09,-4.4,2014,3.1,0.0,54.6,8.8,9,0.0,12,-11.1,0.9,203,0.0,20141209
343,2014-12-10,-1.6,2014,2.6,0.0,68.4,1.3,10,0.4,12,-6.7,0.7,203,0.0,20141210
344,2014-12-11,-0.7,2014,3.1,0.0,57.4,6.8,11,0.5,12,-4.6,1.9,203,0.0,20141211
345,2014-12-12,-3.4,2014,2.6,0.0,62.9,6.0,12,0.5,12,-8.0,1.1,203,0.0,20141212
346,2014-12-13,-5.3,2014,-1.5,0.0,46.3,8.7,13,0.0,12,-8.5,1.7,203,0.0,20141213
347,2014-12-14,-4.7,2014,0.5,0.0,63.5,5.0,14,0.0,12,-11.6,1.0,203,0.0,20141214
348,2014-12-15,-1.3,2014,1.4,0.0,81.6,0.1,15,6.0,12,-5.1,0.6,203,0.0,20141215
349,2014-12-16,-4.1,2014,1.0,0.0,53.9,8.5,16,4.3,12,-9.1,2.9,203,0.0,20141216
350,2014-12-17,-8.9,2014,-5.3,0.0,35.3,8.9,17,0.0,12,-12.9,3.0,203,0.0,20141217
351,2014-12-18,-9.6,2014,-3.1,0.0,43.6,8.9,18,0.0,12,-13.7,1.2,203,0.0,20141218
352,2014-12-19,-7.6,2014,-3.2,0.0,62.6,1.5,19,0.1,12,-14.4,0.5,203,0.0,20141219
353,2014-12-20,-2.6,2014,1.8,0.0,59.0,6.0,20,2.7,12,-6.8,1.7,203,0.0,20141220
354,2014-12-21,-7.7,2014,-0.3,0.0,61.8,6.7,21,0.0,12,-14.9,0.9,203,0.0,20141221
355,2014-12-22,-7.7,2014,-1.6,0.0,68.8,2.9,22,0.9,12,-14.6,0.8,203,0.0,20141222
356,2014-12-23,-6.2,2014,-0.5,0.0,71.1,2.4,23,0.0,12,-14.3,0.4,203,0.0,20141223
357,2014-12-24,0.4,2014,7.1,0.0,62.3,5.1,24,0.0,12,-3.2,1.3,203,0.0,20141224
358,2014-12-25,-2.7,2014,2.3,0.0,47.6,8.9,25,0.0,12,-7.4,1.8,203,0.0,20141225
359,2014-12-26,-5.3,2014,0.9,0.0,54.9,8.8,26,0.0,12,-11.3,1.0,203,0.0,20141226
360,2014-12-27,-5.1,2014,3.8,0.0,61.6,8.6,27,0.0,12,-11.9,0.5,203,0.0,20141227
361,2014-12-28,-4.5,2014,-0.3,0.0,69.5,0.7,28,0.0,12,-10.6,0.5,203,0.0,20141228
362,2014-12-29,-0.3,2014,4.6,0.0,73.5,0.9,29,0.0,12,-3.2,0.4,203,0.0,20141229
363,2014-12-30,-0.8,2014,7.8,0.0,63.3,7.3,30,0.0,12,-7.3,1.1,203,0.0,20141230
364,2014-12-31,-2.5,2014,2.7,0.0,56.5,5.4,31,0.6,12,-6.5,2.1,203,0.0,20141231
