,cloud,date,rainfall,snow,tmin,day,tavg,tmax,humid,Date,sunshine,station_id,wind,year,month
0,2.3,20040101,0.0,0.0,1.5,1,4.8,8.9,58.5,2004-01-01,3.5,137,2.0,2004,1
1,5.0,20040102,0.4,0.0,0.6,2,2.9,7.9,69.5,2004-01-02,2.7,137,2.4,2004,1
2,0.3,20040103,0.0,0.0,-1.9,3,2.9,9.2,51.4,2004-01-03,6.5,137,2.3,2004,1
3,0.0,20040104,0.0,0.0,-5.3,4,0.7,9.3,56.5,2004-01-04,8.1,137,0.9,2004,1
4,2.4,20040105,0.0,0.0,-7.2,5,-1.0,8.6,59.8,2004-01-05,6.6,137,0.2,2004,1
5,4.4,20040106,0.0,0.0,-5.0,6,1.1,7.2,61.5,2004-01-06,4.1,137,0.6,2004,1
6,1.5,20040107,0.0,0.0,-2.1,7,2.7,8.3,59.1,2004-01-07,6.2,137,2.9,2004,1
7,1.5,20040108,0.0,0.0,-6.6,8,-1.4,5.4,61.4,2004-01-08,7.2,137,0.6,2004,1
8,1.1,20040109,0.0,0.0,-6.2,9,0.5,9.0,62.9,2004-01-09,4.9,137,1.6,2004,1
9,3.6,20040110,0.0,0.0,-1.9,10,2.2,7.2,43.0,2004-01-10,6.7,137,3.2,2004,1
10,4.3,20040111,0.0,0.0,-6.3,11,-0.9,5.6,57.6,2004-01-11,4.7,137,0.6,2004,1
11,4.4,20040112,2.7,2.9,-5.3,12,0.0,5.4,68.3,2004-01-12,4.4,137,2.5,2004,1
12,2.1,20040113,0.2,0.2,-5.4,13,-3.6,-0.6,61.9,2004-01-13,6.3,137,5.0,2004,1
13,1.1,20040114,0.0,0.0,-7.2,14,-3.2,2.2,46.8,2004-01-14,8.7,137,2.8,2004,1
14,3.5,20040115,0.0,0.0,-7.7,15,-1.2,5.2,51.5,2004-01-15,7.0,137,1.6,2004,1
15,7.4,20040116,0.0,0.0,-6.4,16,-0.3,4.8,71.0,2004-01-16,1.1,137,0.7,2004,1
16,10.0,20040117,2.5,0.0,-0.5,17,1.5,3.5,87.5,2004-01-17,0.0,137,1.1,2004,1
17,9.6,20040118,0.4,0.0,-0.5,18,0.8,4.7,79.5,2004-01-18,0.8,137,2.1,2004,1
18,4.3,20040119,0.3,0.7,-2.5,19,0.1,4.2,56.0,2004-01-19,6.7,137,3.4,2004,1
19,2.1,20040120,0.0,0.0,-4.9,20,-1.5,2.7,44.0,2004-01-20,8.6,137,2.4,2004,1
20,3.0,20040121,0.0,0.0,-14.0,21,-9.8,-2.6,38.3,2004-01-21,8.3,137,4.3,2004,1
21,0.3,20040122,0.0,0.0,-14.2,22,-10.0,-5.0,43.9,2004-01-22,8.7,137,5.0,2004,1
22,0.8,20040123,0.0,0.0,-9.8,23,-6.1,0.0,44.1,2004-01-23,8.7,137,3.3,2004,1
23,0.0,20040124,0.0,0.0,-8.9,24,-5.2,0.3,44.9,2004-01-24,8.9,137,2.9,2004,1
24,1.1,20040125,0.0,0.0,-8.8,25,-5.4,-0.6,53.3,2004-01-25,7.5,137,3.7,2004,1
25,2.1,20040126,0.0,0.0,-7.9,26,-3.4,2.4,54.9,2004-01-26,8.8,137,2.9,2004,1
26,1.1,20040127,0.0,0.0,-6.8,27,-2.6,3.2,52.4,2004-01-27,8.8,137,3.6,2004,1
27,1.4,20040128,0.0,0.0,-4.4,28,0.3,5.8,60.3,2004-01-28,7.0,137,3.1,2004,1
28,2.1,20040129,0.0,0.0,-3.1,29,1.5,8.4,61.1,2004-01-29,5.8,137,1.7,2004,1
29,0.1,20040130,0.0,0.0,-6.6,30,1.7,9.4,53.0,2004-01-30,8.6,137,1.6,2004,1
30,0.0,20040131,0.0,0.0,-7.1,31,1.1,11.4,49.5,2004-01-31,8.9,137,0.8,2004,1
31,3.3,20040201,0.0,0.0,-6.6,1,1.7,10.2,56.5,2004-02-01,4.8,137,0.7,2004,2
32,3.3,20040202,0.0,0.0,-4.0,2,0.6,5.1,45.4,2004-02-02,5.9,137,3.5,2004,2
33,1.0,20040203,0.0,0.0,-5.9,3,-2.7,1.8,47.4,2004-02-03,8.6,137,3.6,2004,2
34,3.6,20040204,6.0,7.4,-6.0,4,-1.6,3.2,61.1,2004-02-04,7.4,137,2.6,2004,2
35,4.9,20040205,1.0,1.3,-6.4,5,-3.5,0.4,57.5,2004-02-05,8.7,137,3.8,2004,2
36,3.0,20040206,1.5,1.8,-10.4,6,-3.8,1.4,65.8,2004-02-06,7.2,137,2.7,2004,2
37,2.9,20040207,0.2,0.5,-5.4,7,-2.5,0.7,56.5,2004-02-07,7.8,137,3.4,2004,2
38,1.3,20040208,0.0,0.0,-7.0,8,0.7,8.1,51.4,2004-02-08,5.9,137,2.5,2004,2
39,0.0,20040209,0.0,0.0,-5.4,9,-1.1,5.3,46.3,2004-02-09,9.3,137,2.1,2004,2
40,0.0,20040210,0.0,0.0,-8.8,10,-0.6,7.7,46.5,2004-02-10,9.3,137,1.3,2004,2
41,2.1,20040211,0.0,0.0,-6.3,11,2.2,10.8,53.3,2004-02-11,7.4,137,2.2,2004,2
42,0.9,20040212,0.0,0.0,-2.7,12,2.5,9.1,52.8,2004-02-12,9.3,137,2.0,2004,2
43,3.5,20040213,0.0,0.0,-5.0,13,1.2,9.4,53.8,2004-02-13,5.9,137,0.6,2004,2
44,4.6,20040214,2.5,0.0,-1.0,14,2.7,6.8,53.1,2004-02-14,6.9,137,4.7,2004,2
45,0.0,20040215,0.0,0.0,-0.2,15,4.2,10.6,37.4,2004-02-15,9.5,137,3.9,2004,2
46,1.0,20040216,0.0,0.0,-3.9,16,4.7,12.2,51.3,2004-02-16,9.2,137,1.2,2004,2
47,2.5,20040217,0.0,0.0,1.4,17,6.7,11.7,31.8,2004-02-17,9.0,137,3.4,2004,2
48,0.0,20040218,0.0,0.0,-4.9,18,4.3,15.3,40.4,2004-02-18,9.3,137,1.3,2004,2
49,0.0,20040219,0.0,0.0,-4.1,19,6.6,19.5,39.4,2004-02-19,9.4,137,0.9,2004,2
50,0.6,20040220,0.0,0.0,-2.6,20,6.9,17.6,50.3,2004-02-20,9.2,137,0.5,2004,2
51,9.8,20040221,1.5,0.0,4.7,21,8.9,13.4,75.3,2004-02-21,2.2,137,1.0,2004,2
52,10.0,20040222,8.5,0.0,2.1,22,7.0,13.1,83.9,2004-02-22,0.0,137,3.5,2004,2
53,2.8,20040223,0.0,0.0,-0.6,23,3.5,8.8,49.6,2004-02-23,9.8,137,4.0,2004,2
54,4.0,20040224,0.0,0.0,-2.8,24,4.5,12.4,52.1,2004-02-24,8.8,137,2.0,2004,2
55,2.9,20040225,0.0,0.0,-0.6,25,7.3,15.5,53.5,2004-02-25,8.4,137,3.1,2004,2
56,2.5,20040226,0.0,0.0,-0.1,26,2.4,6.7,43.6,2004-02-26,6.3,137,4.0,2004,2
57,0.6,20040227,0.0,0.0,-1.1,27,2.8,8.9,42.5,2004-02-27,10.0,137,2.8,2004,2
58,7.4,20040228,2.0,0.0,-4.0,28,1.4,5.6,72.6,2004-02-28,1.1,137,0.7,2004,2
59,6.6,20040229,0.0,0.0,2.8,29,6.9,12.6,51.0,2004-02-29,8.1,137,2.6,2004,2
60,1.6,20040301,0.0,0.0,0.0,1,4.9,13.0,28.6,2004-03-01,9.7,137,2.7,2004,3
61,0.9,20040302,0.0,0.0,-2.6,2,1.2,6.5,25.4,2004-03-02,10.1,137,3.9,2004,3
62,5.0,20040303,0.1,0.0,-4.5,3,-2.6,0.6,52.5,2004-03-03,2.0,137,2.3,2004,3
63,3.4,20040304,0.0,0.0,-5.3,4,0.5,5.6,42.1,2004-03-04,9.8,137,2.6,2004,3
64,8.5,20040305,25.5,30.6,-1.0,5,-0.3,3.8,91.3,2004-03-05,0.0,137,0.3,2004,3
65,4.5,20040306,0.5,0.8,-5.6,6,-3.6,-0.4,70.8,2004-03-06,4.0,137,2.5,2004,3
66,0.0,20040307,0.0,0.0,-7.9,7,-2.4,2.1,53.6,2004-03-07,10.3,137,3.3,2004,3
67,3.4,20040308,0.0,0.0,-5.6,8,2.3,7.9,63.6,2004-03-08,6.6,137,2.2,2004,3
68,0.0,20040309,0.0,0.0,-4.0,9,3.1,11.2,71.3,2004-03-09,9.8,137,0.5,2004,3
69,5.4,20040310,0.0,0.0,-1.9,10,8.6,18.7,70.3,2004-03-10,5.0,137,1.8,2004,3
70,6.0,20040311,0.0,0.0,3.3,11,7.0,11.3,30.0,2004-03-11,2.7,137,3.0,2004,3
71,2.6,20040312,0.0,0.0,1.0,12,8.2,15.8,24.4,2004-03-12,10.1,137,1.9,2004,3
72,2.1,20040313,0.0,0.0,0.8,13,9.1,16.5,32.6,2004-03-13,8.7,137,1.8,2004,3
73,1.1,20040314,0.0,0.0,1.6,14,8.7,16.1,58.0,2004-03-14,7.6,137,1.9,2004,3
74,1.8,20040315,0.0,0.0,-0.3,15,7.7,16.9,65.6,2004-03-15,8.6,137,0.9,2004,3
75,3.3,20040316,0.0,0.0,1.0,16,11.8,20.3,59.1,2004-03-16,6.4,137,1.3,2004,3
76,9.0,20040317,3.0,0.0,0.6,17,7.8,14.9,69.3,2004-03-17,0.0,137,3.2,2004,3
77,0.0,20040318,0.0,0.0,-2.3,18,3.1,10.4,39.1,2004-03-18,11.1,137,3.3,2004,3
78,3.3,20040319,0.0,0.0,-2.2,19,5.4,12.6,34.4,2004-03-19,10.0,137,1.3,2004,3
79,4.0,20040320,0.0,0.0,2.7,20,8.3,16.0,37.1,2004-03-20,9.3,137,1.8,2004,3
80,8.1,20040321,0.0,0.0,2.5,21,9.3,16.4,49.8,2004-03-21,6.3,137,1.6,2004,3
81,5.1,20040322,0.5,0.0,5.6,22,9.5,16.0,64.1,2004-03-22,7.3,137,1.3,2004,3
82,2.9,20040323,0.0,0.0,0.7,23,10.0,18.0,45.4,2004-03-23,9.4,137,1.7,2004,3
83,3.8,20040324,0.0,0.0,4.9,24,9.5,14.3,39.9,2004-03-24,4.7,137,2.6,2004,3
84,4.3,20040325,0.0,0.0,3.6,25,8.4,15.6,45.5,2004-03-25,4.2,137,1.3,2004,3
85,0.0,20040326,0.0,0.0,-0.6,26,8.3,18.0,50.4,2004-03-26,11.0,137,1.1,2004,3
86,1.4,20040327,0.0,0.0,-0.2,27,10.1,19.6,45.0,2004-03-27,8.6,137,1.6,2004,3
87,0.0,20040328,0.0,0.0,1.6,28,12.8,23.3,39.6,2004-03-28,10.9,137,2.0,2004,3
88,8.1,20040329,0.0,0.0,6.9,29,14.5,22.1,53.3,2004-03-29,4.0,137,1.5,2004,3
89,4.6,20040330,0.0,0.0,5.3,30,12.6,18.7,38.8,2004-03-30,8.1,137,4.5,2004,3
90,0.0,20040331,0.0,0.0,3.5,31,9.4,16.4,32.0,2004-03-31,10.5,137,3.7,2004,3
91,5.5,20040401,19.0,0.0,0.4,1,8.5,17.2,58.6,2004-04-01,5.0,137,1.5,2004,4
92,3.8,20040402,3.5,0.0,4.9,2,8.0,12.4,57.3,2004-04-02,10.1,137,5.1,2004,4
93,3.6,20040403,0.0,0.0,3.1,3,6.9,10.9,51.4,2004-04-03,5.5,137,2.9,2004,4
94,0.8,20040404,0.0,0.0,2.6,4,8.2,14.4,43.4,2004-04-04,10.5,137,2.5,2004,4
95,0.3,20040405,0.0,0.0,1.6,5,10.6,18.3,26.5,2004-04-05,11.8,137,3.1,2004,4
96,7.1,20040406,0.0,0.0,3.3,6,10.7,17.3,37.0,2004-04-06,3.3,137,1.5,2004,4
97,5.8,20040407,0.0,0.0,6.6,7,10.4,16.1,50.4,2004-04-07,5.5,137,2.4,2004,4
98,0.0,20040408,0.0,0.0,3.6,8,12.2,19.8,30.5,2004-04-08,11.6,137,3.0,2004,4
99,0.0,20040409,0.0,0.0,3.6,9,15.1,23.4,30.3,2004-04-09,10.9,137,2.7,2004,4
100,4.0,20040410,0.0,0.0,7.0,10,17.5,25.9,34.8,2004-04-10,10.1,137,2.3,2004,4
101,3.1,20040411,0.0,0.0,12.9,11,18.5,25.3,29.0,2004-04-11,10.7,137,2.8,2004,4
102,3.6,20040412,0.0,0.0,10.2,12,17.3,25.8,48.8,2004-04-12,8.1,137,1.9,2004,4
103,0.3,20040413,0.0,0.0,6.1,13,14.9,23.6,53.5,2004-04-13,10.9,137,1.3,2004,4
104,2.8,20040414,0.0,0.0,9.3,14,16.4,24.7,45.4,2004-04-14,10.7,137,1.9,2004,4
105,2.4,20040415,0.0,0.0,7.4,15,17.1,24.1,30.0,2004-04-15,8.6,137,2.1,2004,4
106,0.1,20040416,0.0,0.0,8.7,16,18.8,25.8,33.6,2004-04-16,11.4,137,2.9,2004,4
107,1.8,20040417,0.0,0.0,10.4,17,20.9,28.8,29.6,2004-04-17,11.0,137,2.3,2004,4
108,7.1,20040418,12.5,0.0,8.5,18,16.6,27.1,58.0,2004-04-18,5.8,137,1.5,2004,4
109,7.8,20040419,1.5,0.0,13.7,19,16.1,21.1,85.3,2004-04-19,2.2,137,2.1,2004,4
110,1.1,20040420,0.0,0.0,12.6,20,18.6,25.3,53.6,2004-04-20,11.2,137,3.6,2004,4
111,1.5,20040421,0.0,0.0,9.6,21,20.2,30.5,50.6,2004-04-21,9.6,137,2.0,2004,4
112,5.3,20040422,0.5,0.0,11.3,22,18.9,30.3,66.0,2004-04-22,7.3,137,2.0,2004,4
113,0.8,20040423,0.0,0.0,9.4,23,13.7,19.6,32.6,2004-04-23,11.3,137,3.1,2004,4
114,2.6,20040424,0.0,0.0,6.0,24,12.7,19.5,35.8,2004-04-24,10.3,137,2.4,2004,4
115,2.5,20040425,0.0,0.0,3.8,25,14.0,21.9,26.9,2004-04-25,11.8,137,2.4,2004,4
116,9.5,20040426,38.0,0.0,7.4,26,9.4,13.1,72.3,2004-04-26,0.0,137,1.5,2004,4
117,8.8,20040427,14.5,0.0,4.9,27,8.6,11.5,84.9,2004-04-27,0.0,137,1.4,2004,4
118,0.5,20040428,0.0,0.0,4.4,28,12.3,21.0,57.1,2004-04-28,11.9,137,2.5,2004,4
119,1.9,20040429,0.0,0.0,6.7,29,17.0,25.1,40.0,2004-04-29,11.6,137,2.1,2004,4
120,8.5,20040430,0.0,0.0,11.3,30,16.1,22.1,61.3,2004-04-30,0.1,137,0.9,2004,4
121,4.9,20040501,0.0,0.0,11.4,1,15.9,23.9,60.9,2004-05-01,7.4,137,2.0,2004,5
122,9.0,20040502,1.0,0.0,10.6,2,14.4,20.1,80.5,2004-05-02,0.6,137,1.4,2004,5
123,10.0,20040503,5.5,0.0,14.5,3,16.5,20.1,91.1,2004-05-03,0.0,137,1.4,2004,5
124,5.4,20040504,0.5,0.0,9.7,4,14.2,21.1,55.3,2004-05-04,7.4,137,2.9,2004,5
125,1.4,20040505,0.0,0.0,8.6,5,17.3,24.6,40.5,2004-05-05,12.0,137,2.4,2004,5
126,0.0,20040506,0.0,0.0,13.8,6,19.3,25.8,40.9,2004-05-06,11.8,137,2.8,2004,5
127,2.9,20040507,0.0,0.0,7.3,7,17.8,27.4,45.1,2004-05-07,11.4,137,1.2,2004,5
128,8.9,20040508,2.5,0.0,9.0,8,15.6,21.4,70.5,2004-05-08,0.8,137,0.7,2004,5
129,10.0,20040509,36.0,0.0,12.4,9,14.2,15.4,94.0,2004-05-09,0.0,137,1.0,2004,5
130,7.5,20040510,10.5,0.0,15.0,10,17.2,21.5,85.4,2004-05-10,3.6,137,2.0,2004,5
131,4.0,20040511,0.0,0.0,14.2,11,19.3,25.2,71.8,2004-05-11,9.9,137,2.0,2004,5
132,9.9,20040512,7.5,0.0,13.7,12,16.2,18.0,90.1,2004-05-12,0.0,137,0.5,2004,5
133,6.5,20040513,2.0,0.0,13.9,13,17.7,21.8,72.4,2004-05-13,5.1,137,2.5,2004,5
134,1.6,20040514,0.0,0.0,12.0,14,19.4,26.8,62.4,2004-05-14,11.2,137,1.2,2004,5
135,9.5,20040515,2.0,0.0,13.3,15,14.3,17.2,85.3,2004-05-15,0.0,137,0.8,2004,5
136,9.6,20040516,0.0,0.0,13.1,16,17.0,21.8,73.5,2004-05-16,1.9,137,1.5,2004,5
137,5.6,20040517,0.0,0.0,13.0,17,16.5,20.5,64.8,2004-05-17,4.7,137,2.6,2004,5
138,1.9,20040518,0.0,0.0,9.5,18,19.3,27.3,56.4,2004-05-18,10.4,137,1.8,2004,5
139,4.6,20040519,0.0,0.0,15.7,19,20.9,26.7,49.0,2004-05-19,6.8,137,2.1,2004,5
140,3.5,20040520,19.5,0.0,10.9,20,19.1,28.2,70.0,2004-05-20,7.8,137,1.0,2004,5
141,4.9,20040521,5.5,0.0,14.4,21,17.8,23.0,61.1,2004-05-21,7.5,137,2.4,2004,5
142,1.4,20040522,0.0,0.0,11.6,22,18.7,24.7,40.4,2004-05-22,12.3,137,2.6,2004,5
143,3.0,20040523,0.0,0.0,13.7,23,18.2,23.7,50.0,2004-05-23,8.4,137,2.3,2004,5
144,0.8,20040524,0.0,0.0,13.0,24,19.5,26.9,50.4,2004-05-24,11.0,137,2.1,2004,5
145,1.6,20040525,0.0,0.0,12.5,25,20.9,28.3,46.1,2004-05-25,11.6,137,1.6,2004,5
146,8.5,20040526,0.0,0.0,15.2,26,18.5,23.3,66.4,2004-05-26,0.1,137,0.9,2004,5
147,8.9,20040527,0.0,0.0,15.6,27,21.5,28.5,67.5,2004-05-27,4.6,137,0.6,2004,5
148,9.9,20040528,21.5,0.0,19.0,28,22.0,27.1,84.0,2004-05-28,0.4,137,1.0,2004,5
149,5.4,20040529,1.0,0.0,19.4,29,23.7,28.9,71.9,2004-05-29,9.4,137,2.2,2004,5
150,7.3,20040530,1.0,0.0,15.9,30,20.9,28.0,80.4,2004-05-30,2.1,137,1.1,2004,5
151,6.0,20040531,0.0,0.0,15.7,31,20.9,26.7,52.9,2004-05-31,9.2,137,2.4,2004,5
152,2.9,20040601,0.0,0.0,10.8,1,20.8,29.5,51.6,2004-06-01,11.7,137,1.1,2004,6
153,2.6,20040602,0.0,0.0,13.2,2,21.6,30.5,57.4,2004-06-02,11.7,137,0.8,2004,6
154,0.0,20040603,0.0,0.0,12.9,3,22.2,32.5,58.8,2004-06-03,12.3,137,0.7,2004,6
155,4.1,20040604,0.0,0.0,14.5,4,23.6,34.1,63.8,2004-06-04,10.8,137,0.5,2004,6
156,5.5,20040605,0.0,0.0,16.5,5,24.2,32.6,56.9,2004-06-05,9.2,137,0.8,2004,6
157,8.6,20040606,0.0,0.0,17.8,6,24.0,31.9,45.6,2004-06-06,7.8,137,0.9,2004,6
158,9.5,20040607,0.5,0.0,15.0,7,19.0,23.1,71.9,2004-06-07,0.0,137,0.9,2004,6
159,8.8,20040608,1.5,0.0,14.3,8,17.5,20.6,83.9,2004-06-08,0.3,137,1.0,2004,6
160,3.4,20040609,0.0,0.0,17.4,9,22.0,27.1,62.8,2004-06-09,9.1,137,2.1,2004,6
161,1.0,20040610,0.0,0.0,18.1,10,24.3,32.7,52.1,2004-06-10,11.5,137,1.9,2004,6
162,3.0,20040611,0.0,0.0,14.1,11,23.2,31.3,53.5,2004-06-11,10.0,137,1.1,2004,6
163,3.9,20040612,0.0,0.0,15.8,12,23.5,28.7,50.4,2004-06-12,3.2,137,1.9,2004,6
164,0.0,20040613,0.0,0.0,9.9,13,21.5,31.6,52.5,2004-06-13,12.3,137,1.4,2004,6
165,1.4,20040614,0.0,0.0,15.6,14,23.9,31.6,50.0,2004-06-14,11.8,137,1.7,2004,6
166,3.4,20040615,0.0,0.0,15.2,15,24.0,33.4,47.3,2004-06-15,11.8,137,0.8,2004,6
167,6.6,20040616,0.0,0.0,15.5,16,23.9,31.0,55.4,2004-06-16,6.8,137,1.1,2004,6
168,10.0,20040617,41.0,0.0,14.6,17,16.4,21.6,90.5,2004-06-17,0.0,137,1.1,2004,6
169,9.5,20040618,0.2,0.0,15.2,18,20.2,25.8,87.5,2004-06-18,1.8,137,0.6,2004,6
170,10.0,20040619,68.5,0.0,18.4,19,19.4,21.4,94.1,2004-06-19,0.0,137,0.9,2004,6
171,10.0,20040620,32.5,0.0,19.4,20,20.8,21.7,94.0,2004-06-20,0.0,137,0.9,2004,6
172,8.9,20040621,58.0,0.0,18.9,21,21.4,25.9,85.6,2004-06-21,1.6,137,1.4,2004,6
173,8.6,20040622,16.5,0.0,19.4,22,23.5,29.1,74.5,2004-06-22,6.0,137,1.6,2004,6
174,8.3,20040623,1.5,0.0,19.1,23,24.9,30.9,78.6,2004-06-23,4.5,137,0.9,2004,6
175,9.5,20040624,0.5,0.0,19.2,24,23.5,27.5,83.0,2004-06-24,0.6,137,1.0,2004,6
176,10.0,20040625,0.1,0.0,19.0,25,21.9,24.5,80.5,2004-06-25,0.0,137,1.5,2004,6
177,7.4,20040626,0.0,0.0,19.8,26,23.0,27.8,80.1,2004-06-26,3.9,137,0.7,2004,6
178,7.5,20040627,2.0,0.0,20.4,27,24.2,30.3,81.3,2004-06-27,4.5,137,0.9,2004,6
179,4.6,20040628,0.0,0.0,19.8,28,24.1,30.0,75.5,2004-06-28,5.5,137,1.3,2004,6
180,5.6,20040629,0.0,0.0,20.2,29,23.8,28.5,71.9,2004-06-29,5.2,137,1.8,2004,6
181,8.8,20040630,0.0,0.0,21.0,30,24.4,28.7,74.5,2004-06-30,0.0,137,0.9,2004,6
182,9.9,20040701,0.0,0.0,20.4,1,23.4,27.3,77.0,2004-07-01,0.0,137,0.7,2004,7
183,9.8,20040702,6.0,0.0,20.7,2,22.4,24.5,92.0,2004-07-02,0.0,137,0.4,2004,7
184,9.6,20040703,55.5,0.0,20.5,3,22.8,26.1,93.3,2004-07-03,0.0,137,0.6,2004,7
185,9.8,20040704,26.0,0.0,20.4,4,22.8,25.7,88.9,2004-07-04,0.0,137,2.5,2004,7
186,7.5,20040705,1.0,0.0,19.5,5,23.6,28.0,79.4,2004-07-05,5.0,137,2.6,2004,7
187,4.8,20040706,0.0,0.0,20.5,6,26.1,32.2,78.8,2004-07-06,7.4,137,0.6,2004,7
188,10.0,20040707,28.5,0.0,19.1,7,21.6,24.7,93.8,2004-07-07,0.0,137,0.6,2004,7
189,7.5,20040708,0.1,0.0,21.4,8,23.2,27.3,83.4,2004-07-08,1.9,137,1.6,2004,7
190,3.9,20040709,0.0,0.0,20.1,9,24.6,31.2,73.1,2004-07-09,12.1,137,1.4,2004,7
191,3.5,20040710,0.0,0.0,19.0,10,24.8,31.2,72.6,2004-07-10,9.7,137,1.0,2004,7
192,7.9,20040711,9.0,0.0,19.8,11,23.0,27.7,86.1,2004-07-11,0.2,137,0.7,2004,7
193,7.5,20040712,21.5,0.0,20.5,12,25.0,31.1,85.3,2004-07-12,3.4,137,1.3,2004,7
194,7.6,20040713,0.5,0.0,22.9,13,25.5,30.9,82.9,2004-07-13,3.5,137,1.3,2004,7
195,9.0,20040714,23.5,0.0,21.4,14,22.8,25.7,93.4,2004-07-14,0.4,137,0.4,2004,7
196,10.0,20040715,14.0,0.0,21.1,15,22.7,25.1,92.1,2004-07-15,0.0,137,0.6,2004,7
197,10.0,20040716,55.5,0.0,21.6,16,24.5,28.0,86.9,2004-07-16,0.0,137,1.1,2004,7
198,9.5,20040717,37.0,0.0,21.6,17,23.9,26.6,85.3,2004-07-17,0.2,137,1.8,2004,7
199,6.1,20040718,0.0,0.0,21.3,18,26.2,32.9,82.9,2004-07-18,2.7,137,0.7,2004,7
200,5.4,20040719,0.0,0.0,22.4,19,27.4,32.4,76.0,2004-07-19,6.6,137,1.6,2004,7
201,5.0,20040720,0.0,0.0,23.4,20,27.8,32.1,75.9,2004-07-20,4.8,137,1.5,2004,7
202,4.8,20040721,0.0,0.0,25.9,21,28.8,33.2,75.1,2004-07-21,5.6,137,1.6,2004,7
203,2.8,20040722,0.0,0.0,25.7,22,29.6,34.5,71.6,2004-07-22,10.0,137,1.7,2004,7
204,0.5,20040723,0.0,0.0,24.9,23,29.4,35.1,70.0,2004-07-23,12.3,137,1.8,2004,7
205,1.9,20040724,0.0,0.0,22.6,24,28.8,34.3,66.9,2004-07-24,11.6,137,1.5,2004,7
206,5.9,20040725,0.0,0.0,23.2,25,27.0,32.3,76.5,2004-07-25,7.4,137,0.9,2004,7
207,6.5,20040726,0.0,0.0,22.7,26,27.4,33.4,77.6,2004-07-26,5.0,137,0.7,2004,7
208,6.1,20040727,0.0,0.0,23.6,27,27.5,32.8,78.3,2004-07-27,3.1,137,0.5,2004,7
209,2.3,20040728,0.0,0.0,23.6,28,28.7,34.8,71.3,2004-07-28,10.9,137,0.8,2004,7
210,0.1,20040729,0.0,0.0,23.6,29,29.2,35.5,70.3,2004-07-29,12.2,137,0.8,2004,7
211,0.3,20040730,0.0,0.0,22.9,30,29.0,35.8,74.0,2004-07-30,11.8,137,0.7,2004,7
212,0.9,20040731,0.0,0.0,23.7,31,29.1,36.3,63.5,2004-07-31,11.2,137,1.0,2004,7
213,4.5,20040801,0.0,0.0,23.0,1,28.2,34.1,65.3,2004-08-01,8.7,137,1.1,2004,8
214,4.3,20040802,0.0,0.0,22.9,2,28.3,35.1,66.4,2004-08-02,9.4,137,1.0,2004,8
215,6.6,20040803,0.0,0.0,23.3,3,27.1,32.8,77.3,2004-08-03,5.1,137,1.0,2004,8
216,7.1,20040804,48.0,0.0,22.9,4,27.1,34.1,81.6,2004-08-04,6.8,137,1.1,2004,8
217,8.1,20040805,0.0,0.0,23.1,5,25.8,31.2,86.9,2004-08-05,2.1,137,0.7,2004,8
218,3.6,20040806,0.0,0.0,23.9,6,28.0,34.2,77.9,2004-08-06,9.3,137,0.8,2004,8
219,1.8,20040807,0.0,0.0,24.3,7,28.9,34.5,68.6,2004-08-07,11.6,137,1.6,2004,8
220,2.9,20040808,0.0,0.0,23.7,8,28.6,33.8,67.3,2004-08-08,10.8,137,2.0,2004,8
221,6.5,20040809,16.0,0.0,23.0,9,27.4,33.8,79.6,2004-08-09,3.4,137,1.1,2004,8
222,2.8,20040810,0.0,0.0,22.9,10,28.1,34.1,74.1,2004-08-10,8.6,137,0.7,2004,8
223,1.3,20040811,0.0,0.0,21.7,11,27.3,33.9,72.9,2004-08-11,11.7,137,0.9,2004,8
224,0.3,20040812,0.0,0.0,19.5,12,26.5,34.9,71.5,2004-08-12,11.4,137,0.7,2004,8
225,2.4,20040813,0.0,0.0,21.5,13,27.8,34.7,71.0,2004-08-13,9.1,137,0.8,2004,8
226,8.1,20040814,4.5,0.0,24.0,14,26.5,32.8,80.9,2004-08-14,3.3,137,0.7,2004,8
227,8.8,20040815,0.5,0.0,22.4,15,25.4,31.3,77.9,2004-08-15,3.2,137,1.0,2004,8
228,9.9,20040816,3.0,0.0,21.7,16,23.4,26.8,85.1,2004-08-16,0.0,137,0.8,2004,8
229,10.0,20040817,4.5,0.0,22.2,17,25.7,32.5,88.4,2004-08-17,1.4,137,0.4,2004,8
230,10.0,20040818,131.0,0.0,20.8,18,22.5,24.2,95.5,2004-08-18,0.0,137,0.8,2004,8
231,7.6,20040819,34.5,0.0,19.7,19,21.8,25.4,88.1,2004-08-19,2.3,137,2.1,2004,8
232,9.6,20040820,6.0,0.0,17.9,20,19.1,20.4,93.3,2004-08-20,0.0,137,0.8,2004,8
233,9.8,20040821,0.3,0.0,19.0,21,20.6,23.8,88.9,2004-08-21,0.0,137,0.6,2004,8
234,10.0,20040822,21.0,0.0,17.9,22,19.0,20.4,95.0,2004-08-22,0.0,137,1.0,2004,8
235,9.9,20040823,37.0,0.0,17.5,23,19.9,23.0,90.5,2004-08-23,0.0,137,0.8,2004,8
236,5.8,20040824,0.4,0.0,18.3,24,21.8,27.6,85.8,2004-08-24,4.9,137,0.6,2004,8
237,8.8,20040825,0.4,0.0,19.2,25,21.9,26.5,90.4,2004-08-25,0.2,137,0.5,2004,8
238,9.6,20040826,13.5,0.0,18.1,26,20.1,21.9,93.4,2004-08-26,0.0,137,0.6,2004,8
239,7.0,20040827,0.0,0.0,19.9,27,22.5,27.3,81.6,2004-08-27,0.0,137,0.9,2004,8
240,3.6,20040828,0.0,0.0,16.7,28,22.2,29.2,73.8,2004-08-28,10.2,137,1.1,2004,8
241,3.5,20040829,0.0,0.0,16.7,29,23.7,31.0,77.6,2004-08-29,10.4,137,0.9,2004,8
242,7.9,20040830,0.1,0.0,20.8,30,24.2,28.2,83.8,2004-08-30,0.2,137,0.9,2004,8
243,2.3,20040831,0.0,0.0,20.3,31,24.7,29.9,62.9,2004-08-31,9.8,137,2.5,2004,8
244,3.6,20040901,0.0,0.0,17.5,1,22.9,29.2,68.8,2004-09-01,7.2,137,1.3,2004,9
245,0.0,20040902,0.0,0.0,14.5,2,21.6,29.5,61.0,2004-09-02,11.7,137,1.7,2004,9
246,4.1,20040903,0.0,0.0,14.0,3,20.9,29.0,73.9,2004-09-03,6.9,137,0.8,2004,9
247,3.8,20040904,0.0,0.0,16.7,4,22.2,29.9,75.0,2004-09-04,10.1,137,0.8,2004,9
248,6.9,20040905,1.0,0.0,15.8,5,21.4,28.3,80.8,2004-09-05,2.9,137,0.8,2004,9
249,10.0,20040906,13.5,0.0,17.8,6,20.0,22.5,88.3,2004-09-06,0.3,137,1.3,2004,9
250,8.5,20040907,4.5,0.0,19.1,7,21.1,24.0,84.3,2004-09-07,0.0,137,1.9,2004,9
251,6.1,20040908,0.5,0.0,18.5,8,21.9,27.9,71.3,2004-09-08,7.8,137,1.8,2004,9
252,7.8,20040909,0.0,0.0,16.8,9,19.9,25.7,83.4,2004-09-09,1.5,137,0.5,2004,9
253,7.8,20040910,1.0,0.0,14.7,10,19.5,25.2,84.8,2004-09-10,0.8,137,0.6,2004,9
254,10.0,20040911,40.5,0.0,16.6,11,17.8,19.1,91.8,2004-09-11,0.0,137,1.6,2004,9
255,10.0,20040912,10.0,0.0,16.6,12,20.5,24.0,93.4,2004-09-12,0.0,137,1.0,2004,9
256,8.3,20040913,10.5,0.0,18.9,13,22.0,27.7,90.5,2004-09-13,0.5,137,1.4,2004,9
257,8.8,20040914,0.0,0.0,17.5,14,20.2,23.0,86.4,2004-09-14,0.1,137,1.1,2004,9
258,9.5,20040915,0.0,0.0,19.0,15,22.2,27.2,78.3,2004-09-15,1.6,137,1.2,2004,9
259,5.8,20040916,16.5,0.0,19.3,16,22.4,29.4,84.1,2004-09-16,4.9,137,1.1,2004,9
260,7.0,20040917,2.5,0.0,18.9,17,22.7,30.0,87.4,2004-09-17,4.7,137,1.0,2004,9
261,7.3,20040918,15.5,0.0,20.1,18,21.8,24.9,89.6,2004-09-18,1.1,137,1.1,2004,9
262,1.6,20040919,0.0,0.0,15.7,19,20.4,26.6,66.0,2004-09-19,10.3,137,1.7,2004,9
263,9.6,20040920,33.0,0.0,13.7,20,16.1,19.5,87.1,2004-09-20,0.1,137,0.9,2004,9
264,6.6,20040921,0.0,0.0,13.7,21,17.1,23.2,78.8,2004-09-21,5.3,137,1.6,2004,9
265,2.6,20040922,0.0,0.0,11.0,22,17.0,25.1,81.5,2004-09-22,7.5,137,0.7,2004,9
266,4.9,20040923,0.0,0.0,13.3,23,17.8,24.7,83.0,2004-09-23,4.5,137,0.7,2004,9
267,2.6,20040924,0.0,0.0,13.6,24,18.5,26.7,80.4,2004-09-24,7.3,137,0.7,2004,9
268,6.3,20040925,0.0,0.0,12.5,25,18.2,25.7,76.1,2004-09-25,6.0,137,1.0,2004,9
269,9.5,20040926,0.5,0.0,14.9,26,17.4,19.7,85.8,2004-09-26,0.1,137,0.7,2004,9
270,5.1,20040927,0.0,0.0,15.1,27,18.7,25.3,86.1,2004-09-27,6.5,137,0.6,2004,9
271,9.8,20040928,0.0,0.0,14.5,28,19.3,25.8,80.0,2004-09-28,1.3,137,1.2,2004,9
272,4.4,20040929,0.0,0.0,14.8,29,19.5,26.9,73.6,2004-09-29,6.4,137,1.0,2004,9
273,4.1,20040930,0.0,0.0,11.1,30,17.5,26.5,79.1,2004-09-30,7.7,137,0.7,2004,9
274,7.8,20041001,0.0,0.0,12.5,1,17.8,25.0,74.9,2004-10-01,5.4,137,2.2,2004,10
275,2.0,20041002,0.0,0.0,7.7,2,12.5,18.2,47.0,2004-10-02,9.7,137,2.0,2004,10
276,1.1,20041003,0.0,0.0,3.6,3,11.6,21.3,68.0,2004-10-03,9.7,137,0.9,2004,10
277,3.0,20041004,0.0,0.0,7.1,4,13.2,21.9,79.0,2004-10-04,6.2,137,0.7,2004,10
278,1.4,20041005,0.0,0.0,7.5,5,14.0,22.7,80.0,2004-10-05,5.9,137,0.7,2004,10
279,4.8,20041006,0.0,0.0,8.2,6,13.7,24.2,78.6,2004-10-06,6.2,137,0.6,2004,10
280,8.3,20041007,0.0,0.0,8.2,7,15.0,22.0,82.8,2004-10-07,4.2,137,0.6,2004,10
281,6.9,20041008,0.0,0.0,13.1,8,16.8,24.5,83.4,2004-10-08,2.9,137,0.8,2004,10
282,8.1,20041009,1.0,0.0,12.7,9,15.4,21.2,87.0,2004-10-09,0.8,137,0.6,2004,10
283,2.1,20041010,0.0,0.0,11.3,10,16.6,25.5,71.5,2004-10-10,7.3,137,0.8,2004,10
284,2.8,20041011,0.0,0.0,7.7,11,16.2,24.5,72.1,2004-10-11,7.4,137,1.2,2004,10
285,2.6,20041012,0.0,0.0,8.4,12,15.0,20.6,57.3,2004-10-12,7.1,137,2.7,2004,10
286,1.3,20041013,0.0,0.0,3.7,13,11.7,20.0,54.4,2004-10-13,9.3,137,1.4,2004,10
287,0.4,20041014,1.0,0.0,5.2,14,9.8,15.6,58.1,2004-10-14,9.0,137,2.4,2004,10
288,0.0,20041015,0.0,0.0,2.7,15,12.1,21.4,66.3,2004-10-15,9.2,137,1.4,2004,10
289,1.8,20041016,0.0,0.0,7.3,16,14.6,24.1,70.1,2004-10-16,8.0,137,1.6,2004,10
290,3.9,20041017,0.0,0.0,5.7,17,12.9,20.4,69.5,2004-10-17,8.2,137,1.4,2004,10
291,8.9,20041018,0.0,0.0,11.0,18,14.2,18.6,81.6,2004-10-18,0.9,137,0.7,2004,10
292,8.3,20041019,0.0,0.0,10.0,19,12.5,16.2,93.9,2004-10-19,0.1,137,0.5,2004,10
293,6.8,20041020,0.0,0.0,8.9,20,14.7,22.4,75.4,2004-10-20,1.3,137,1.3,2004,10
294,2.0,20041021,0.0,0.0,4.2,21,14.1,22.8,69.3,2004-10-21,8.5,137,1.2,2004,10
295,1.3,20041022,0.0,0.0,6.2,22,12.8,18.7,48.6,2004-10-22,9.1,137,2.1,2004,10
296,1.3,20041023,0.0,0.0,3.0,23,10.2,18.8,68.5,2004-10-23,8.8,137,0.8,2004,10
297,1.6,20041024,0.0,0.0,3.7,24,11.0,20.7,75.4,2004-10-24,8.2,137,0.3,2004,10
298,7.6,20041025,0.0,0.0,5.2,25,10.9,17.4,84.5,2004-10-25,0.7,137,0.4,2004,10
299,3.5,20041026,0.0,0.0,7.6,26,12.7,19.2,56.6,2004-10-26,6.5,137,2.2,2004,10
300,0.3,20041027,0.0,0.0,2.2,27,9.4,17.8,65.4,2004-10-27,8.9,137,0.6,2004,10
301,0.4,20041028,0.0,0.0,2.4,28,9.5,19.7,78.6,2004-10-28,7.7,137,0.6,2004,10
302,1.1,20041029,0.0,0.0,4.2,29,11.1,21.2,79.5,2004-10-29,8.4,137,0.4,2004,10
303,1.3,20041030,0.0,0.0,5.9,30,12.6,22.5,76.5,2004-10-30,8.8,137,0.5,2004,10
304,2.0,20041031,0.0,0.0,3.9,31,11.3,20.8,78.6,2004-10-31,8.7,137,0.5,2004,10
305,4.8,20041101,3.5,0.0,3.7,1,11.8,20.0,83.4,2004-11-01,6.2,137,0.6,2004,11
306,8.0,20041102,2.5,0.0,9.8,2,12.1,15.5,81.0,2004-11-02,1.8,137,2.1,2004,11
307,5.3,20041103,0.5,0.0,8.2,3,10.4,14.7,76.5,2004-11-03,3.5,137,2.2,2004,11
308,1.6,20041104,0.0,0.0,5.6,4,11.4,18.4,74.1,2004-11-04,8.2,137,1.0,2004,11
309,5.5,20041105,0.0,0.0,2.2,5,8.3,15.7,87.6,2004-11-05,2.9,137,0.5,2004,11
310,2.5,20041106,0.5,0.0,2.3,6,10.0,16.6,60.8,2004-11-06,8.7,137,2.0,2004,11
311,0.0,20041107,0.0,0.0,-0.6,7,7.8,17.6,76.4,2004-11-07,8.6,137,0.6,2004,11
312,1.9,20041108,0.0,0.0,2.6,8,10.1,20.3,82.3,2004-11-08,6.2,137,0.3,2004,11
313,4.0,20041109,0.0,0.0,3.2,9,10.9,20.1,79.3,2004-11-09,7.9,137,0.6,2004,11
314,8.9,20041110,6.5,0.0,8.9,10,12.9,15.8,91.9,2004-11-10,0.1,137,0.8,2004,11
315,7.3,20041111,0.1,0.0,11.4,11,14.8,17.2,85.0,2004-11-11,0.4,137,2.3,2004,11
316,0.9,20041112,0.0,0.0,1.1,12,7.1,11.6,53.9,2004-11-12,7.2,137,3.9,2004,11
317,6.4,20041113,0.1,0.0,-3.1,13,2.8,6.3,71.8,2004-11-13,1.8,137,0.7,2004,11
318,4.5,20041114,0.0,0.0,2.3,14,8.1,15.2,62.6,2004-11-14,6.5,137,1.3,2004,11
319,1.5,20041115,0.0,0.0,1.6,15,6.3,9.8,50.5,2004-11-15,8.3,137,3.5,2004,11
320,0.3,20041116,0.0,0.0,0.8,16,6.9,12.8,55.5,2004-11-16,8.6,137,2.7,2004,11
321,3.8,20041117,0.0,0.0,-0.9,17,7.2,14.9,75.0,2004-11-17,7.3,137,1.1,2004,11
322,2.0,20041118,0.0,0.0,2.4,18,8.4,16.6,76.3,2004-11-18,7.7,137,0.5,2004,11
323,1.9,20041119,0.0,0.0,0.1,19,7.3,15.7,78.0,2004-11-19,5.5,137,1.0,2004,11
324,1.9,20041120,0.0,0.0,1.8,20,7.5,13.0,72.3,2004-11-20,5.1,137,1.8,2004,11
325,0.0,20041121,0.0,0.0,1.9,21,6.4,12.4,62.3,2004-11-21,8.6,137,2.8,2004,11
326,0.0,20041122,0.0,0.0,-1.5,22,6.4,13.9,69.1,2004-11-22,8.6,137,1.5,2004,11
327,1.6,20041123,0.0,0.0,-0.5,23,7.0,16.1,68.4,2004-11-23,8.5,137,1.1,2004,11
328,1.9,20041124,0.0,0.0,-0.9,24,5.1,13.8,76.0,2004-11-24,4.6,137,0.5,2004,11
329,2.1,20041125,0.0,0.0,-0.8,25,5.8,14.1,83.8,2004-11-25,7.4,137,0.8,2004,11
330,8.1,20041126,10.0,0.0,3.8,26,5.7,9.1,82.0,2004-11-26,0.8,137,3.5,2004,11
331,4.5,20041127,0.0,0.0,5.4,27,7.4,9.8,66.9,2004-11-27,1.4,137,3.5,2004,11
332,0.1,20041128,0.0,0.0,1.5,28,6.6,12.7,70.4,2004-11-28,8.5,137,2.0,2004,11
333,0.1,20041129,0.0,0.0,-1.2,29,4.9,11.9,58.0,2004-11-29,8.5,137,1.9,2004,11
334,0.0,20041130,0.0,0.0,-2.3,30,3.5,10.4,69.0,2004-11-30,8.0,137,1.5,2004,11
335,2.8,20041201,0.0,0.0,-0.4,1,5.2,11.2,66.6,2004-12-01,5.9,137,2.0,2004,12
336,1.4,20041202,0.0,0.0,-2.6,2,4.8,14.0,78.0,2004-12-02,8.5,137,0.7,2004,12
337,4.0,20041203,0.0,0.0,-0.9,3,6.3,15.5,82.0,2004-12-03,6.5,137,0.7,2004,12
338,10.0,20041204,16.5,0.0,6.7,4,8.0,10.3,95.3,2004-12-04,0.0,137,0.8,2004,12
339,4.6,20041205,1.0,0.0,0.6,5,3.8,10.0,68.8,2004-12-05,4.2,137,4.8,2004,12
340,4.3,20041206,0.0,0.0,-3.3,6,3.3,9.4,67.9,2004-12-06,7.9,137,1.9,2004,12
341,2.0,20041207,1.0,0.0,-1.7,7,4.6,9.2,60.3,2004-12-07,7.6,137,2.3,2004,12
342,0.6,20041208,0.0,0.0,-4.4,8,1.2,8.9,77.5,2004-12-08,7.7,137,0.7,2004,12
343,0.0,20041209,0.0,0.0,-3.0,9,2.5,11.0,83.1,2004-12-09,7.7,137,0.6,2004,12
344,1.6,20041210,0.0,0.0,-1.9,10,4.4,12.8,67.9,2004-12-10,4.7,137,1.9,2004,12
345,3.0,20041211,0.0,0.0,-2.2,11,2.9,9.4,56.0,2004-12-11,8.3,137,1.2,2004,12
346,4.6,20041212,0.0,0.0,-0.3,12,5.7,13.0,62.9,2004-12-12,5.8,137,1.7,2004,12
347,0.1,20041213,0.0,0.0,-2.3,13,3.7,9.7,50.6,2004-12-13,8.5,137,2.1,2004,12
348,2.9,20041214,0.0,0.0,-6.0,14,0.5,8.4,68.3,2004-12-14,7.2,137,0.7,2004,12
349,7.1,20041215,2.5,0.0,-0.6,15,4.5,9.7,73.9,2004-12-15,2.6,137,0.6,2004,12
350,1.1,20041216,0.5,0.0,-1.2,16,5.4,10.9,71.5,2004-12-16,8.2,137,2.2,2004,12
351,4.1,20041217,0.0,0.0,-3.9,17,0.5,7.0,86.0,2004-12-17,4.0,137,0.5,2004,12
352,3.1,20041218,0.0,0.0,-1.1,18,4.8,11.1,63.8,2004-12-18,5.6,137,1.4,2004,12
353,4.5,20041219,0.2,0.0,-3.6,19,2.3,8.2,84.0,2004-12-19,4.4,137,0.7,2004,12
354,2.4,20041220,0.5,0.0,-3.6,20,0.9,6.7,58.6,2004-12-20,8.4,137,3.6,2004,12
355,3.5,20041221,0.0,0.0,-4.8,21,-0.8,5.3,51.5,2004-12-21,6.2,137,1.9,2004,12
356,5.3,20041222,0.0,0.0,-2.7,22,0.1,3.7,41.1,2004-12-22,3.0,137,2.8,2004,12
357,1.6,20041223,0.0,0.0,-6.0,23,-2.3,3.3,50.5,2004-12-23,8.4,137,1.5,2004,12
358,8.3,20041224,0.0,0.0,-4.5,24,-1.4,0.8,72.6,2004-12-24,0.0,137,1.1,2004,12
359,2.8,20041225,0.0,0.0,-0.7,25,0.8,3.6,59.9,2004-12-25,8.2,137,3.6,2004,12
360,0.9,20041226,0.0,0.0,-3.3,26,-0.8,2.9,50.4,2004-12-26,8.3,137,4.0,2004,12
361,3.1,20041227,0.0,0.0,-4.1,27,-1.4,2.7,45.5,2004-12-27,7.8,137,3.6,2004,12
362,5.6,20041228,0.0,0.0,-7.0,28,-3.0,0.1,40.4,2004-12-28,4.5,137,3.6,2004,12
363,1.1,20041229,0.0,0.0,-6.5,29,-3.8,0.0,45.3,2004-12-29,8.4,137,3.2,2004,12
364,6.0,20041230,0.0,0.0,-8.0,30,-2.7,2.3,52.6,2004-12-30,5.4,137,1.8,2004,12
365,4.1,20041231,0.0,0.0,-5.0,31,-2.7,0.6,52.6,2004-12-31,8.3,137,3.8,2004,12
