,year,station_id,month,sunshine,snow,tmin,tavg,Date,tmax,cloud,date,day,humid,rainfall,wind
0,2022,137,1,8.0,0.0,-8.2,-3.3,2022-01-01,2.4,1.9,20220101,1,41.6,0.0,1.6
1,2022,137,1,5.3,0.0,-8.2,-1.3,2022-01-02,6.5,2.4,20220102,2,57.3,0.0,1.8
2,2022,137,1,8.0,0.0,-5.5,-1.1,2022-01-03,3.6,1.3,20220103,3,55.3,0.0,2.1
3,2022,137,1,8.1,0.0,-3.1,0.9,2022-01-04,5.1,1.5,20220104,4,42.0,0.0,2.4
4,2022,137,1,2.8,0.0,-6.9,-1.7,2022-01-05,2.9,9.3,20220105,5,53.5,0.0,0.6
5,2022,137,1,7.9,0.0,-4.0,0.8,2022-01-06,6.7,0.1,20220106,6,45.6,0.0,2.0
6,2022,137,1,8.0,0.0,-8.7,-0.9,2022-01-07,7.3,0.0,20220107,7,48.1,0.0,1.2
7,2022,137,1,7.9,0.0,-3.7,2.2,2022-01-08,6.8,4.0,20220108,8,46.1,0.0,2.1
8,2022,137,1,4.9,0.0,-3.0,2.6,2022-01-09,7.0,5.1,20220109,9,67.8,0.0,1.4
9,2022,137,1,7.4,0.0,-6.5,0.9,2022-01-10,8.5,5.0,20220110,10,61.6,0.0,1.4
10,2022,137,1,8.2,0.0,-7.4,-3.8,2022-01-11,1.7,0.0,20220111,11,53.8,0.1,3.4
11,2022,137,1,8.2,0.0,-9.7,-5.5,2022-01-12,-0.8,2.1,20220112,12,45.4,0.0,3.0
12,2022,137,1,8.1,0.0,-7.1,-4.7,2022-01-13,-0.7,2.0,20220113,13,47.8,0.0,4.0
13,2022,137,1,8.1,0.0,-8.4,-3.6,2022-01-14,2.1,1.8,20220114,14,37.4,0.0,2.5
14,2022,137,1,5.0,0.0,-6.1,0.5,2022-01-15,7.4,7.9,20220115,15,44.6,0.0,1.1
15,2022,137,1,6.4,0.0,-4.3,1.1,2022-01-16,4.1,2.1,20220116,16,50.1,0.0,2.7
16,2022,137,1,7.2,0.0,-6.2,-2.6,2022-01-17,2.7,4.4,20220117,17,53.6,0.1,3.2
17,2022,137,1,8.2,0.0,-8.3,-4.1,2022-01-18,1.1,0.0,20220118,18,39.4,0.0,2.7
18,2022,137,1,6.5,0.0,-7.3,-2.0,2022-01-19,5.1,5.1,20220119,19,51.0,0.0,1.9
19,2022,137,1,8.3,0.0,-8.2,-3.2,2022-01-20,3.5,0.0,20220120,20,54.1,0.0,1.4
20,2022,137,1,8.2,0.0,-11.7,-4.2,2022-01-21,4.7,2.1,20220121,21,54.5,0.0,0.7
21,2022,137,1,3.1,0.0,-7.4,0.2,2022-01-22,6.5,8.6,20220122,22,55.1,0.0,0.7
22,2022,137,1,6.3,0.0,0.5,4.9,2022-01-23,11.6,7.4,20220123,23,59.5,0.0,0.8
23,2022,137,1,0.9,0.0,0.1,3.8,2022-01-24,7.2,4.8,20220124,24,62.6,0.0,1.4
24,2022,137,1,0.0,0.0,-0.5,1.3,2022-01-25,3.2,8.1,20220125,25,87.1,1.4,0.7
25,2022,137,1,7.4,0.0,-1.4,2.6,2022-01-26,6.2,6.1,20220126,26,61.5,0.0,2.0
26,2022,137,1,8.2,0.0,-2.6,1.4,2022-01-27,6.9,1.9,20220127,27,45.9,0.0,1.9
27,2022,137,1,8.3,0.0,-3.6,-0.3,2022-01-28,4.7,3.8,20220128,28,42.8,0.0,3.0
28,2022,137,1,8.4,0.0,-5.0,-1.5,2022-01-29,3.9,4.5,20220129,29,43.9,0.0,3.1
29,2022,137,1,8.4,0.0,-5.1,-1.0,2022-01-30,5.3,2.3,20220130,30,42.8,0.0,2.3
30,2022,137,1,8.6,0.0,-4.2,-0.1,2022-01-31,5.7,1.6,20220131,31,42.1,0.0,2.5
31,2022,137,2,7.1,0.0,-2.7,0.3,2022-02-01,3.0,5.1,20220201,1,62.5,0.1,3.2
32,2022,137,2,7.5,0.0,-3.3,-0.4,2022-02-02,4.2,4.4,20220202,2,46.1,0.0,2.5
33,2022,137,2,8.7,0.0,-3.8,-1.0,2022-02-03,4.4,2.9,20220203,3,44.1,0.0,2.4
34,2022,137,2,8.5,0.0,-5.2,-2.6,2022-02-04,2.5,4.1,20220204,4,51.4,0.1,3.5
35,2022,137,2,7.8,0.0,-8.4,-5.1,2022-02-05,0.4,2.9,20220205,5,52.3,0.0,3.9
36,2022,137,2,7.1,0.0,-6.9,-2.6,2022-02-06,2.1,1.9,20220206,6,47.6,0.0,2.9
37,2022,137,2,4.3,0.0,-5.7,-1.2,2022-02-07,3.6,6.6,20220207,7,41.3,0.0,2.1
38,2022,137,2,6.3,0.0,-5.8,0.7,2022-02-08,7.3,3.8,20220208,8,44.3,0.0,1.6
39,2022,137,2,8.3,0.0,-9.0,0.1,2022-02-09,7.8,5.1,20220209,9,48.4,0.0,0.7
40,2022,137,2,8.8,0.0,-1.3,3.2,2022-02-10,9.0,3.3,20220210,10,40.6,0.0,1.8
41,2022,137,2,8.8,0.0,-4.9,2.6,2022-02-11,11.4,2.9,20220211,11,46.8,0.0,1.2
42,2022,137,2,8.7,0.0,-2.5,4.2,2022-02-12,11.8,4.3,20220212,12,46.1,0.0,1.0
43,2022,137,2,7.5,0.0,-2.3,3.6,2022-02-13,11.4,6.1,20220213,13,66.5,0.0,0.9
44,2022,137,2,8.5,0.0,-2.0,4.5,2022-02-14,12.2,6.9,20220214,14,61.0,0.0,2.2
45,2022,137,2,7.5,0.0,-6.0,-2.3,2022-02-15,1.6,5.4,20220215,15,54.1,0.0,4.2
46,2022,137,2,7.9,0.0,-7.9,-5.7,2022-02-16,-1.8,2.9,20220216,16,50.0,0.0,4.2
47,2022,137,2,9.2,0.0,-9.9,-5.3,2022-02-17,1.1,0.8,20220217,17,37.0,0.0,2.3
48,2022,137,2,9.0,0.0,-12.2,-3.2,2022-02-18,5.6,4.0,20220218,18,46.5,0.0,0.8
49,2022,137,2,4.4,0.0,-3.6,0.4,2022-02-19,5.6,7.3,20220219,19,44.5,0.0,2.1
50,2022,137,2,9.3,0.0,-6.7,-3.7,2022-02-20,1.2,1.1,20220220,20,37.9,0.0,3.6
51,2022,137,2,7.6,0.0,-7.3,-0.7,2022-02-21,5.6,3.1,20220221,21,52.6,0.0,3.0
52,2022,137,2,9.4,0.0,-5.1,-1.8,2022-02-22,2.8,3.3,20220222,22,41.3,0.1,3.4
53,2022,137,2,9.2,0.0,-8.2,-4.2,2022-02-23,1.6,3.3,20220223,23,37.5,0.0,3.1
54,2022,137,2,9.6,0.0,-7.0,-1.4,2022-02-24,4.6,0.9,20220224,24,36.9,0.0,3.1
55,2022,137,2,7.8,0.0,-1.8,4.1,2022-02-25,10.4,1.3,20220225,25,53.9,0.0,2.7
56,2022,137,2,8.1,0.0,0.6,6.8,2022-02-26,13.7,3.8,20220226,26,49.9,1.8,2.5
57,2022,137,2,9.7,0.0,-0.3,5.4,2022-02-27,11.1,0.0,20220227,27,39.0,0.0,2.7
58,2022,137,2,8.7,0.0,-2.8,5.4,2022-02-28,15.0,5.4,20220228,28,44.4,0.0,0.9
59,2022,137,3,4.0,0.0,0.8,5.9,2022-03-01,13.6,5.3,20220301,1,61.4,0.6,1.8
60,2022,137,3,9.8,0.0,-1.1,4.2,2022-03-02,10.7,1.0,20220302,2,45.3,0.0,2.9
61,2022,137,3,9.7,0.0,1.1,7.1,2022-03-03,14.5,0.1,20220303,3,46.8,0.0,2.1
62,2022,137,3,8.1,0.0,-2.8,7.7,2022-03-04,18.0,4.9,20220304,4,47.4,0.0,1.7
63,2022,137,3,9.9,0.0,0.0,4.2,2022-03-05,10.5,0.8,20220305,5,33.9,0.0,5.1
64,2022,137,3,10.0,0.0,-2.1,2.9,2022-03-06,9.9,2.0,20220306,6,27.6,0.0,2.5
65,2022,137,3,9.3,0.0,-4.5,3.6,2022-03-07,12.4,5.1,20220307,7,31.6,0.0,1.3
66,2022,137,3,9.9,0.0,-2.7,6.4,2022-03-08,14.4,1.4,20220308,8,41.4,0.0,1.4
67,2022,137,3,9.8,0.0,0.9,8.2,2022-03-09,17.3,0.8,20220309,9,46.6,0.0,1.3
68,2022,137,3,6.9,0.0,-0.7,8.3,2022-03-10,18.5,6.5,20220310,10,41.1,0.0,1.2
69,2022,137,3,5.6,0.0,1.2,11.1,2022-03-11,19.8,4.3,20220311,11,51.6,0.0,1.1
70,2022,137,3,6.0,0.0,8.3,14.5,2022-03-12,21.0,7.9,20220312,12,65.5,0.0,1.0
71,2022,137,3,0.0,0.0,11.3,12.5,2022-03-13,15.9,9.1,20220313,13,92.8,37.3,0.7
72,2022,137,3,0.0,0.0,7.4,9.6,2022-03-14,12.1,8.8,20220314,14,88.1,2.2,2.1
73,2022,137,3,10.1,0.0,4.3,10.0,2022-03-15,16.5,1.6,20220315,15,59.8,0.0,1.6
74,2022,137,3,9.3,0.0,3.5,13.5,2022-03-16,21.0,4.1,20220316,16,49.1,0.0,1.5
75,2022,137,3,0.0,0.0,4.6,7.6,2022-03-17,11.3,10.0,20220317,17,85.6,9.0,1.5
76,2022,137,3,0.0,0.0,3.4,4.9,2022-03-18,8.0,8.9,20220318,18,83.9,7.5,1.9
77,2022,137,3,0.9,0.0,0.0,2.7,2022-03-19,5.9,9.8,20220319,19,90.4,11.1,0.7
78,2022,137,3,1.1,0.0,2.2,5.4,2022-03-20,10.1,8.3,20220320,20,71.4,0.0,1.5
79,2022,137,3,9.4,0.0,-0.2,6.6,2022-03-21,12.4,7.9,20220321,21,52.5,0.0,1.1
80,2022,137,3,9.6,0.0,2.8,7.9,2022-03-22,14.1,4.0,20220322,22,42.4,0.0,1.4
81,2022,137,3,3.2,0.0,1.0,4.7,2022-03-23,10.7,5.3,20220323,23,64.9,0.0,1.2
82,2022,137,3,5.0,0.0,-0.5,6.9,2022-03-24,14.4,3.4,20220324,24,65.6,0.0,1.1
83,2022,137,3,3.5,0.0,2.7,10.5,2022-03-25,17.8,8.1,20220325,25,74.3,10.9,1.3
84,2022,137,3,0.0,0.0,10.8,12.0,2022-03-26,14.5,8.4,20220326,26,85.8,16.2,2.1
85,2022,137,3,10.5,0.0,4.4,10.2,2022-03-27,17.9,4.0,20220327,27,43.1,0.0,3.1
86,2022,137,3,11.0,0.0,-0.4,7.3,2022-03-28,14.7,1.6,20220328,28,42.6,0.0,1.1
87,2022,137,3,11.0,0.0,-0.5,9.7,2022-03-29,19.7,0.1,20220329,29,52.9,0.0,1.2
88,2022,137,3,4.8,0.0,2.7,12.1,2022-03-30,19.6,6.8,20220330,30,66.4,0.5,1.1
89,2022,137,3,0.0,0.0,4.9,10.8,2022-03-31,15.1,9.6,20220331,31,74.4,0.4,1.9
90,2022,137,4,8.0,0.0,1.1,7.1,2022-04-01,14.5,6.0,20220401,1,66.0,0.0,1.0
91,2022,137,4,10.7,0.0,0.2,8.6,2022-04-02,16.7,0.0,20220402,2,49.1,0.0,1.6
92,2022,137,4,10.7,0.0,1.5,10.3,2022-04-03,18.0,0.0,20220403,3,37.3,0.0,1.3
93,2022,137,4,10.8,0.0,1.8,11.4,2022-04-04,20.3,0.0,20220404,4,41.1,0.0,1.4
94,2022,137,4,9.5,0.0,3.5,12.3,2022-04-05,19.8,6.1,20220405,5,31.1,0.0,2.0
95,2022,137,4,10.9,0.0,8.1,14.9,2022-04-06,22.6,0.6,20220406,6,24.9,0.0,1.9
96,2022,137,4,7.8,0.0,9.3,13.4,2022-04-07,19.6,3.5,20220407,7,34.3,0.0,2.5
97,2022,137,4,11.3,0.0,2.9,14.2,2022-04-08,23.5,0.0,20220408,8,34.8,0.0,1.5
98,2022,137,4,10.8,0.0,6.6,17.9,2022-04-09,28.4,0.4,20220409,9,44.4,0.0,1.5
99,2022,137,4,10.4,0.0,8.6,19.4,2022-04-10,28.7,4.0,20220410,10,44.5,0.0,1.2
100,2022,137,4,10.6,0.0,11.1,20.8,2022-04-11,28.3,2.9,20220411,11,53.1,0.0,1.3
101,2022,137,4,10.1,0.0,12.3,21.5,2022-04-12,30.1,3.3,20220412,12,57.6,0.0,1.5
102,2022,137,4,0.0,0.0,7.0,12.4,2022-04-13,20.1,9.3,20220413,13,87.9,16.1,1.5
103,2022,137,4,0.0,0.0,7.0,9.5,2022-04-14,12.2,9.3,20220414,14,78.1,2.2,1.4
104,2022,137,4,7.2,0.0,7.4,12.1,2022-04-15,19.6,6.5,20220415,15,58.6,0.0,1.1
105,2022,137,4,11.3,0.0,3.4,12.6,2022-04-16,20.6,1.1,20220416,16,44.5,0.0,1.5
106,2022,137,4,11.3,0.0,8.1,15.3,2022-04-17,23.2,1.6,20220417,17,27.5,0.0,1.5
107,2022,137,4,6.4,0.0,9.6,16.1,2022-04-18,24.1,7.5,20220418,18,36.4,0.0,1.2
108,2022,137,4,10.9,0.0,6.5,16.8,2022-04-19,24.7,1.3,20220419,19,32.4,0.0,1.6
109,2022,137,4,11.7,0.0,7.3,17.4,2022-04-20,25.3,0.4,20220420,20,29.1,0.0,1.7
110,2022,137,4,2.7,0.0,6.7,12.9,2022-04-21,20.2,5.9,20220421,21,54.4,0.0,0.8
111,2022,137,4,9.6,0.0,6.3,16.9,2022-04-22,26.8,5.4,20220422,22,63.9,0.0,1.8
112,2022,137,4,9.9,0.0,13.3,18.8,2022-04-23,26.1,8.0,20220423,23,53.9,0.0,1.2
113,2022,137,4,9.8,0.0,10.8,20.0,2022-04-24,28.8,3.4,20220424,24,58.0,0.0,1.6
114,2022,137,4,6.3,0.0,15.5,20.3,2022-04-25,27.1,8.8,20220425,25,65.4,2.6,1.2
115,2022,137,4,1.2,0.0,14.3,17.9,2022-04-26,22.0,8.5,20220426,26,85.8,24.1,1.2
116,2022,137,4,11.5,0.0,13.1,17.5,2022-04-27,24.1,3.8,20220427,27,51.6,0.0,1.5
117,2022,137,4,10.1,0.0,9.1,16.2,2022-04-28,23.6,5.4,20220428,28,61.9,0.0,1.2
118,2022,137,4,0.7,0.0,8.1,11.4,2022-04-29,14.4,9.6,20220429,29,73.0,10.0,1.1
119,2022,137,4,3.4,0.0,9.1,13.0,2022-04-30,18.6,8.1,20220430,30,64.6,0.0,1.1
120,2022,137,5,10.9,0.0,7.8,13.7,2022-05-01,20.0,1.9,20220501,1,44.0,0.0,2.2
121,2022,137,5,8.9,0.0,7.9,13.5,2022-05-02,19.8,3.6,20220502,2,54.8,0.0,1.5
122,2022,137,5,12.0,0.0,4.0,14.1,2022-05-03,22.8,1.6,20220503,3,51.6,0.0,1.4
123,2022,137,5,12.3,0.0,6.9,18.4,2022-05-04,27.2,0.8,20220504,4,43.0,0.0,1.5
124,2022,137,5,12.3,0.0,9.1,19.2,2022-05-05,28.0,0.0,20220505,5,46.6,0.0,1.0
125,2022,137,5,11.7,0.0,10.8,20.0,2022-05-06,27.7,1.0,20220506,6,57.1,0.0,1.2
126,2022,137,5,8.8,0.0,14.1,18.6,2022-05-07,24.7,4.8,20220507,7,61.0,0.0,1.7
127,2022,137,5,9.2,0.0,11.6,16.1,2022-05-08,22.0,7.6,20220508,8,58.4,0.2,1.2
128,2022,137,5,10.7,0.0,10.4,16.2,2022-05-09,24.2,5.8,20220509,9,54.0,0.7,1.3
129,2022,137,5,9.4,0.0,7.6,16.6,2022-05-10,25.2,7.3,20220510,10,48.3,0.0,0.9
130,2022,137,5,7.9,0.0,12.1,19.2,2022-05-11,25.8,7.5,20220511,11,50.1,0.0,0.9
131,2022,137,5,4.0,0.0,16.1,21.0,2022-05-12,26.7,9.0,20220512,12,57.8,0.0,0.8
132,2022,137,5,1.0,0.0,13.7,16.6,2022-05-13,19.6,8.5,20220513,13,73.9,0.8,0.8
133,2022,137,5,11.4,0.0,11.4,16.6,2022-05-14,23.1,4.6,20220514,14,40.0,0.0,2.4
134,2022,137,5,11.1,0.0,9.8,16.0,2022-05-15,22.8,3.8,20220515,15,37.3,0.0,1.7
135,2022,137,5,12.3,0.0,8.3,17.4,2022-05-16,24.8,0.7,20220516,16,35.4,0.0,1.9
136,2022,137,5,11.1,0.0,8.3,19.0,2022-05-17,28.6,2.3,20220517,17,47.1,0.0,0.9
137,2022,137,5,12.1,0.0,11.6,21.4,2022-05-18,29.4,1.3,20220518,18,45.6,0.0,1.5
138,2022,137,5,3.0,0.0,12.8,20.6,2022-05-19,25.2,7.5,20220519,19,33.3,0.0,1.4
139,2022,137,5,10.6,0.0,15.1,21.6,2022-05-20,27.9,5.3,20220520,20,44.0,0.0,1.5
140,2022,137,5,12.1,0.0,14.6,21.9,2022-05-21,28.7,0.6,20220521,21,58.1,0.0,1.7
141,2022,137,5,12.3,0.0,16.6,22.9,2022-05-22,29.8,0.8,20220522,22,54.9,0.0,2.2
142,2022,137,5,11.3,0.0,14.9,23.8,2022-05-23,31.5,3.0,20220523,23,58.3,0.0,1.4
143,2022,137,5,12.4,0.0,17.7,24.7,2022-05-24,32.4,0.9,20220524,24,43.8,0.0,1.5
144,2022,137,5,10.9,0.0,16.3,23.8,2022-05-25,31.6,4.8,20220525,25,50.0,0.0,1.7
145,2022,137,5,12.3,0.0,14.1,19.8,2022-05-26,26.6,2.6,20220526,26,52.1,1.0,2.1
146,2022,137,5,11.9,0.0,14.2,21.6,2022-05-27,27.8,2.1,20220527,27,44.0,0.0,2.5
147,2022,137,5,11.2,0.0,13.0,22.5,2022-05-28,30.4,3.3,20220528,28,43.6,0.0,1.5
148,2022,137,5,12.5,0.0,13.1,23.5,2022-05-29,31.1,3.9,20220529,29,41.1,0.0,1.0
149,2022,137,5,3.7,0.0,18.7,21.9,2022-05-30,27.2,0.0,20220530,30,60.5,0.1,1.4
150,2022,137,5,12.2,0.0,15.1,22.5,2022-05-31,29.5,1.4,20220531,31,39.1,0.0,1.8
151,2022,137,6,12.0,0.0,14.1,23.6,2022-06-01,33.0,1.9,20220601,1,36.4,0.0,1.2
152,2022,137,6,12.2,0.0,13.8,23.7,2022-06-02,31.6,1.4,20220602,2,45.5,0.0,1.5
153,2022,137,6,11.8,0.0,17.9,24.4,2022-06-03,33.1,1.1,20220603,3,53.8,0.0,1.1
154,2022,137,6,9.3,0.0,15.8,22.6,2022-06-04,29.6,5.6,20220604,4,60.4,0.0,0.9
155,2022,137,6,0.0,0.0,15.6,16.8,2022-06-05,19.7,9.6,20220605,5,90.3,19.5,0.9
156,2022,137,6,3.4,0.0,15.2,17.6,2022-06-06,24.1,7.4,20220606,6,87.1,14.7,0.8
157,2022,137,6,2.8,0.0,11.6,16.3,2022-06-07,20.4,6.6,20220607,7,80.8,0.1,0.9
158,2022,137,6,6.2,0.0,14.5,17.9,2022-06-08,23.8,6.5,20220608,8,72.3,0.0,0.7
159,2022,137,6,6.5,0.0,13.6,19.6,2022-06-09,26.9,5.9,20220609,9,73.9,0.0,0.8
160,2022,137,6,9.8,0.0,14.6,21.8,2022-06-10,28.2,5.8,20220610,10,70.9,0.0,0.7
161,2022,137,6,8.3,0.0,17.1,21.8,2022-06-11,29.9,7.1,20220611,11,77.5,0.5,1.0
162,2022,137,6,10.1,0.0,14.3,21.6,2022-06-12,27.7,5.8,20220612,12,67.4,0.0,0.9
163,2022,137,6,6.4,0.0,17.3,20.6,2022-06-13,27.1,7.4,20220613,13,63.8,0.0,1.4
164,2022,137,6,0.0,0.0,15.1,16.4,2022-06-14,18.3,6.8,20220614,14,87.6,9.3,0.9
165,2022,137,6,3.6,0.0,14.6,18.4,2022-06-15,24.0,7.1,20220615,15,88.9,7.3,0.7
166,2022,137,6,9.6,0.0,17.0,21.3,2022-06-16,27.1,4.8,20220616,16,70.8,0.0,1.3
167,2022,137,6,11.6,0.0,14.8,24.1,2022-06-17,30.8,3.0,20220617,17,70.0,0.0,1.0
168,2022,137,6,10.4,0.0,21.7,26.0,2022-06-18,31.3,4.9,20220618,18,67.5,0.0,1.5
169,2022,137,6,8.5,0.0,21.6,26.0,2022-06-19,31.6,4.4,20220619,19,69.3,0.0,1.1
170,2022,137,6,10.4,0.0,21.5,27.5,2022-06-20,33.4,2.6,20220620,20,67.9,0.0,0.8
171,2022,137,6,12.3,0.0,21.2,28.8,2022-06-21,36.1,1.5,20220621,21,63.3,0.0,0.8
172,2022,137,6,12.5,0.0,23.8,29.3,2022-06-22,35.4,2.8,20220622,22,55.8,0.0,1.6
173,2022,137,6,1.7,0.0,21.3,25.2,2022-06-23,28.3,7.8,20220623,23,83.6,16.0,0.9
174,2022,137,6,8.0,0.0,23.2,26.2,2022-06-24,30.7,6.0,20220624,24,73.8,16.8,2.2
175,2022,137,6,8.6,0.0,22.1,26.3,2022-06-25,33.8,3.9,20220625,25,76.4,3.3,1.2
176,2022,137,6,2.8,0.0,21.8,26.0,2022-06-26,30.7,7.4,20220626,26,87.0,0.0,0.6
177,2022,137,6,0.9,0.0,23.6,26.5,2022-06-27,31.0,9.5,20220627,27,84.0,0.9,0.9
178,2022,137,6,2.1,0.0,23.7,28.0,2022-06-28,33.9,8.3,20220628,28,74.9,0.0,1.2
179,2022,137,6,3.7,0.0,25.4,28.2,2022-06-29,33.7,9.3,20220629,29,74.1,0.2,1.6
180,2022,137,6,3.6,0.0,24.7,28.0,2022-06-30,32.9,6.6,20220630,30,78.0,0.3,0.9
181,2022,137,7,10.7,0.0,22.2,28.3,2022-07-01,34.2,2.6,20220701,1,74.4,0.0,0.7
182,2022,137,7,10.9,0.0,22.2,28.8,2022-07-02,35.9,3.9,20220702,2,68.6,0.0,0.7
183,2022,137,7,10.6,0.0,23.0,29.1,2022-07-03,36.0,6.8,20220703,3,67.3,0.0,0.9
184,2022,137,7,8.7,0.0,23.6,28.9,2022-07-04,35.1,7.0,20220704,4,71.1,0.0,0.8
185,2022,137,7,4.7,0.0,24.2,28.8,2022-07-05,35.0,7.4,20220705,5,74.6,0.0,0.7
186,2022,137,7,5.4,0.0,24.0,28.3,2022-07-06,33.2,7.5,20220706,6,79.4,18.9,0.8
187,2022,137,7,4.2,0.0,24.6,28.8,2022-07-07,34.5,7.5,20220707,7,78.3,0.4,0.9
188,2022,137,7,4.9,0.0,25.3,28.2,2022-07-08,33.2,6.9,20220708,8,75.6,0.5,1.3
189,2022,137,7,5.3,0.0,24.2,27.5,2022-07-09,32.6,6.1,20220709,9,73.6,0.0,1.7
190,2022,137,7,8.2,0.0,23.2,28.4,2022-07-10,35.8,6.4,20220710,10,76.4,67.5,1.0
191,2022,137,7,0.7,0.0,22.8,24.6,2022-07-11,27.5,8.1,20220711,11,93.1,7.2,0.4
192,2022,137,7,0.6,0.0,23.7,25.9,2022-07-12,29.1,8.0,20220712,12,85.4,2.5,0.6
193,2022,137,7,0.0,0.0,22.6,23.3,2022-07-13,24.6,9.3,20220713,13,90.4,22.5,0.7
194,2022,137,7,3.9,0.0,22.7,26.4,2022-07-14,31.2,7.0,20220714,14,82.1,0.2,1.3
195,2022,137,7,10.3,0.0,22.5,26.4,2022-07-15,31.7,3.1,20220715,15,72.5,0.0,1.4
196,2022,137,7,7.3,0.0,20.6,24.8,2022-07-16,31.2,5.5,20220716,16,80.0,1.8,1.0
197,2022,137,7,8.2,0.0,21.5,25.8,2022-07-17,30.9,6.6,20220717,17,75.0,0.0,1.4
198,2022,137,7,0.0,0.0,21.3,22.0,2022-07-18,23.7,7.8,20220718,18,96.1,41.5,0.5
199,2022,137,7,6.2,0.0,21.1,25.8,2022-07-19,31.6,7.3,20220719,19,80.5,0.0,1.3
200,2022,137,7,8.9,0.0,23.6,27.4,2022-07-20,32.8,7.4,20220720,20,74.0,0.0,1.1
201,2022,137,7,0.2,0.0,21.2,23.1,2022-07-21,25.0,8.4,20220721,21,91.5,21.6,1.4
202,2022,137,7,2.9,0.0,22.2,24.9,2022-07-22,30.2,7.8,20220722,22,78.5,0.6,1.4
203,2022,137,7,0.5,0.0,21.2,24.4,2022-07-23,28.6,9.1,20220723,23,83.3,2.2,0.6
204,2022,137,7,1.3,0.0,21.5,24.3,2022-07-24,28.4,5.4,20220724,24,92.0,12.0,0.6
205,2022,137,7,11.1,0.0,23.7,27.6,2022-07-25,33.3,3.3,20220725,25,77.1,0.0,1.1
206,2022,137,7,7.2,0.0,22.2,27.3,2022-07-26,33.3,3.3,20220726,26,77.4,0.0,0.6
207,2022,137,7,8.3,0.0,21.2,26.0,2022-07-27,31.1,5.4,20220727,27,74.9,0.0,0.9
208,2022,137,7,2.0,0.0,22.5,26.0,2022-07-28,30.7,7.5,20220728,28,82.6,0.0,0.7
209,2022,137,7,9.0,0.0,25.0,29.1,2022-07-29,34.3,5.3,20220729,29,74.9,0.0,0.8
210,2022,137,7,3.0,0.0,24.2,27.8,2022-07-30,30.3,7.3,20220730,30,78.3,0.0,0.8
211,2022,137,7,0.0,0.0,24.8,25.9,2022-07-31,28.5,10.0,20220731,31,91.8,12.3,0.8
212,2022,137,8,0.0,0.0,24.6,26.4,2022-08-01,29.7,8.0,20220801,1,91.0,4.1,1.0
213,2022,137,8,3.4,0.0,25.2,27.6,2022-08-02,31.7,7.9,20220802,2,87.3,8.7,0.8
214,2022,137,8,8.0,0.0,23.8,28.8,2022-08-03,33.9,4.9,20220803,3,80.1,0.0,1.1
215,2022,137,8,7.1,0.0,25.8,29.3,2022-08-04,33.7,4.5,20220804,4,75.1,0.0,1.6
216,2022,137,8,5.3,0.0,25.1,28.8,2022-08-05,33.7,4.9,20220805,5,79.4,0.6,1.3
217,2022,137,8,8.9,0.0,26.1,29.7,2022-08-06,34.6,4.3,20220806,6,76.4,0.0,1.2
218,2022,137,8,7.4,0.0,25.2,29.1,2022-08-07,35.0,5.9,20220807,7,79.6,0.6,1.0
219,2022,137,8,0.3,0.0,24.7,28.2,2022-08-08,31.0,9.6,20220808,8,77.8,0.0,1.1
220,2022,137,8,0.0,0.0,24.0,27.8,2022-08-09,30.2,10.0,20220809,9,78.9,3.8,1.0
221,2022,137,8,0.0,0.0,23.7,25.6,2022-08-10,28.3,10.0,20220810,10,92.8,38.1,0.7
222,2022,137,8,0.0,0.0,24.0,24.4,2022-08-11,25.7,9.0,20220811,11,97.5,31.6,1.0
223,2022,137,8,9.3,0.0,23.5,27.4,2022-08-12,32.7,3.8,20220812,12,82.3,0.8,1.0
224,2022,137,8,1.2,0.0,22.2,25.1,2022-08-13,29.6,7.9,20220813,13,93.8,13.9,0.5
225,2022,137,8,0.5,0.0,24.2,26.9,2022-08-14,31.0,8.9,20220814,14,92.3,10.1,0.3
226,2022,137,8,1.9,0.0,24.4,28.4,2022-08-15,31.6,9.4,20220815,15,77.3,0.0,1.5
227,2022,137,8,3.2,0.0,23.1,25.1,2022-08-16,29.2,8.3,20220816,16,89.6,21.7,1.5
228,2022,137,8,3.8,0.0,22.1,25.4,2022-08-17,30.6,6.5,20220817,17,86.9,3.8,0.6
229,2022,137,8,8.6,0.0,20.6,25.0,2022-08-18,30.4,5.4,20220818,18,78.3,0.0,0.7
230,2022,137,8,3.9,0.0,20.5,26.3,2022-08-19,30.5,8.5,20220819,19,81.3,0.0,1.0
231,2022,137,8,4.6,0.0,24.0,26.8,2022-08-20,30.2,7.0,20220820,20,86.6,19.4,1.3
232,2022,137,8,10.6,0.0,22.7,26.2,2022-08-21,31.6,3.6,20220821,21,75.5,0.0,0.7
233,2022,137,8,9.3,0.0,18.8,26.1,2022-08-22,32.2,5.1,20220822,22,76.6,0.0,0.8
234,2022,137,8,0.0,0.0,22.5,23.9,2022-08-23,26.7,8.5,20220823,23,92.3,11.9,0.5
235,2022,137,8,0.0,0.0,19.6,21.8,2022-08-24,24.1,7.0,20220824,24,89.3,4.8,0.7
236,2022,137,8,3.8,0.0,20.2,23.2,2022-08-25,29.5,9.1,20220825,25,81.5,0.0,0.7
237,2022,137,8,9.8,0.0,18.3,23.6,2022-08-26,29.3,3.3,20220826,26,70.8,0.0,1.3
238,2022,137,8,7.5,0.0,17.5,22.4,2022-08-27,27.5,4.4,20220827,27,65.9,0.0,1.6
239,2022,137,8,10.9,0.0,13.3,20.8,2022-08-28,27.7,2.9,20220828,28,68.6,0.0,0.8
240,2022,137,8,0.0,0.0,18.0,18.9,2022-08-29,20.7,9.9,20220829,29,87.6,6.7,0.4
241,2022,137,8,0.0,0.0,17.3,18.9,2022-08-30,19.8,9.9,20220830,30,97.1,22.4,0.5
242,2022,137,8,0.6,0.0,19.7,21.0,2022-08-31,24.3,8.8,20220831,31,95.6,17.3,0.3
243,2022,137,9,1.4,0.0,18.7,21.2,2022-09-01,25.0,8.5,20220901,1,91.4,0.0,0.4
244,2022,137,9,1.9,0.0,18.6,22.1,2022-09-02,26.7,7.6,20220902,2,81.3,0.0,0.9
245,2022,137,9,0.0,0.0,19.6,21.5,2022-09-03,24.7,5.1,20220903,3,83.1,0.4,0.8
246,2022,137,9,1.3,0.0,19.2,22.5,2022-09-04,26.3,9.5,20220904,4,90.3,0.7,0.6
247,2022,137,9,0.0,0.0,21.6,23.4,2022-09-05,25.0,10.0,20220905,5,100.0,38.0,0.7
248,2022,137,9,4.9,0.0,18.2,21.1,2022-09-06,26.0,5.4,20220906,6,80.6,70.1,2.3
249,2022,137,9,10.4,0.0,17.2,22.1,2022-09-07,28.8,2.0,20220907,7,65.6,0.0,1.4
250,2022,137,9,10.2,0.0,13.1,20.5,2022-09-08,28.6,3.1,20220908,8,73.4,0.0,0.5
251,2022,137,9,9.7,0.0,15.3,21.1,2022-09-09,27.7,5.6,20220909,9,74.3,0.0,0.8
252,2022,137,9,4.4,0.0,16.7,20.3,2022-09-10,25.6,9.3,20220910,10,76.9,0.0,0.6
253,2022,137,9,6.3,0.0,18.0,22.3,2022-09-11,28.1,7.9,20220911,11,79.1,0.0,0.6
254,2022,137,9,0.7,0.0,19.2,22.0,2022-09-12,25.0,9.9,20220912,12,85.5,0.0,0.5
255,2022,137,9,3.3,0.0,20.0,23.5,2022-09-13,28.2,9.8,20220913,13,75.5,0.0,0.7
256,2022,137,9,7.0,0.0,19.1,23.3,2022-09-14,29.3,8.0,20220914,14,63.6,0.0,1.1
257,2022,137,9,8.7,0.0,19.2,23.5,2022-09-15,29.4,6.3,20220915,15,72.6,0.0,1.1
258,2022,137,9,3.0,0.0,19.8,22.9,2022-09-16,27.6,7.4,20220916,16,83.3,0.0,0.5
259,2022,137,9,7.6,0.0,22.2,25.9,2022-09-17,32.0,6.6,20220917,17,82.4,0.0,0.5
260,2022,137,9,2.9,0.0,22.6,26.2,2022-09-18,31.2,9.1,20220918,18,81.3,0.0,1.1
261,2022,137,9,7.4,0.0,16.7,25.1,2022-09-19,30.7,6.3,20220919,19,64.3,0.0,2.3
262,2022,137,9,6.3,0.0,13.5,18.0,2022-09-20,24.0,5.1,20220920,20,71.1,0.0,0.7
263,2022,137,9,8.9,0.0,10.3,16.6,2022-09-21,23.8,1.6,20220921,21,69.6,0.0,0.8
264,2022,137,9,8.2,0.0,9.5,16.6,2022-09-22,23.6,7.6,20220922,22,75.5,0.0,0.5
265,2022,137,9,7.4,0.0,13.1,18.0,2022-09-23,24.7,6.1,20220923,23,69.8,0.0,1.5
266,2022,137,9,9.2,0.0,12.5,17.9,2022-09-24,24.6,5.8,20220924,24,60.3,0.0,1.5
267,2022,137,9,2.6,0.0,12.8,17.2,2022-09-25,22.8,9.4,20220925,25,78.4,0.0,0.6
268,2022,137,9,2.4,0.0,13.3,17.5,2022-09-26,23.2,8.6,20220926,26,82.1,0.0,0.4
269,2022,137,9,7.2,0.0,13.4,18.1,2022-09-27,26.2,2.6,20220927,27,82.6,0.0,0.6
270,2022,137,9,5.6,0.0,11.6,17.3,2022-09-28,24.3,5.3,20220928,28,83.3,0.0,0.5
271,2022,137,9,6.7,0.0,12.1,18.3,2022-09-29,27.5,2.9,20220929,29,83.1,0.0,0.5
272,2022,137,9,6.2,0.0,12.6,18.3,2022-09-30,28.7,3.9,20220930,30,76.9,0.0,0.5
273,2022,137,10,8.2,0.0,10.5,18.9,2022-10-01,28.7,5.9,20221001,1,73.4,0.0,0.5
274,2022,137,10,1.9,0.0,13.6,18.5,2022-10-02,23.4,8.4,20221002,2,82.3,2.1,0.6
275,2022,137,10,1.6,0.0,17.8,21.1,2022-10-03,24.9,9.0,20221003,3,94.9,19.9,0.5
276,2022,137,10,2.6,0.0,15.5,20.2,2022-10-04,24.4,9.3,20221004,4,90.0,31.9,1.3
277,2022,137,10,4.2,0.0,14.5,16.2,2022-10-05,21.1,8.1,20221005,5,79.1,0.0,1.0
278,2022,137,10,3.5,0.0,13.5,16.9,2022-10-06,21.9,9.3,20221006,6,77.1,0.1,0.8
279,2022,137,10,2.9,0.0,11.6,14.9,2022-10-07,20.8,7.8,20221007,7,80.3,1.4,1.3
280,2022,137,10,7.1,0.0,9.6,14.2,2022-10-08,20.8,4.6,20221008,8,76.1,0.0,0.9
281,2022,137,10,0.0,0.0,10.6,12.2,2022-10-09,14.0,9.6,20221009,9,88.9,4.5,0.6
282,2022,137,10,5.9,0.0,8.0,10.8,2022-10-10,14.9,5.5,20221010,10,71.9,2.0,2.9
283,2022,137,10,7.7,0.0,8.6,12.1,2022-10-11,18.0,3.3,20221011,11,68.4,0.1,1.8
284,2022,137,10,8.0,0.0,4.0,11.5,2022-10-12,20.6,2.5,20221012,12,81.8,0.0,0.8
285,2022,137,10,8.8,0.0,7.2,13.6,2022-10-13,21.6,3.6,20221013,13,81.1,0.0,0.7
286,2022,137,10,5.5,0.0,8.1,14.0,2022-10-14,21.4,6.6,20221014,14,85.1,0.0,0.6
287,2022,137,10,8.5,0.0,11.5,16.9,2022-10-15,23.8,6.8,20221015,15,77.8,0.0,0.5
288,2022,137,10,4.9,0.0,13.5,18.3,2022-10-16,23.9,9.3,20221016,16,76.8,0.0,0.8
289,2022,137,10,6.8,0.0,6.8,13.5,2022-10-17,17.5,4.0,20221017,17,52.3,0.0,2.6
290,2022,137,10,8.7,0.0,3.7,9.2,2022-10-18,15.6,0.0,20221018,18,54.3,0.0,1.6
291,2022,137,10,8.6,0.0,2.7,9.2,2022-10-19,17.7,0.0,20221019,19,58.3,0.0,1.2
292,2022,137,10,8.7,0.0,1.2,10.7,2022-10-20,21.3,1.8,20221020,20,65.9,0.0,0.9
293,2022,137,10,1.3,0.0,5.5,12.6,2022-10-21,17.7,8.0,20221021,21,65.0,0.0,1.0
294,2022,137,10,6.9,0.0,11.3,15.6,2022-10-22,21.8,4.0,20221022,22,61.1,0.0,1.7
295,2022,137,10,7.6,0.0,8.8,14.7,2022-10-23,20.7,3.1,20221023,23,65.9,0.0,1.4
296,2022,137,10,5.4,0.0,5.5,10.7,2022-10-24,16.2,2.8,20221024,24,55.4,0.0,1.5
297,2022,137,10,7.5,0.0,1.2,8.5,2022-10-25,16.9,1.3,20221025,25,70.0,0.0,0.7
298,2022,137,10,8.4,0.0,1.2,9.5,2022-10-26,17.9,3.9,20221026,26,75.0,0.0,0.5
299,2022,137,10,8.3,0.0,5.6,13.5,2022-10-27,21.7,2.1,20221027,27,66.1,0.0,0.9
300,2022,137,10,8.3,0.0,4.9,12.6,2022-10-28,20.5,3.8,20221028,28,73.8,0.0,0.7
301,2022,137,10,6.4,0.0,9.6,13.6,2022-10-29,19.8,6.1,20221029,29,73.9,0.0,0.6
302,2022,137,10,8.1,0.0,5.8,12.0,2022-10-30,19.5,5.5,20221030,30,77.1,0.0,0.6
303,2022,137,10,7.5,0.0,5.9,11.2,2022-10-31,18.9,6.6,20221031,31,77.0,0.0,0.5
304,2022,137,11,8.2,0.0,4.7,11.8,2022-11-01,20.4,1.5,20221101,1,71.9,0.0,0.7
305,2022,137,11,8.4,0.0,4.5,11.1,2022-11-02,20.6,2.3,20221102,2,61.8,0.0,0.9
306,2022,137,11,3.7,0.0,2.9,10.2,2022-11-03,17.4,0.0,20221103,3,56.6,0.0,1.4
307,2022,137,11,8.5,0.0,3.9,6.9,2022-11-04,11.6,0.8,20221104,4,40.8,0.0,2.3
308,2022,137,11,8.5,0.0,0.9,7.1,2022-11-05,15.2,0.0,20221105,5,39.6,0.0,1.5
309,2022,137,11,8.4,0.0,-0.9,6.8,2022-11-06,16.3,0.8,20221106,6,65.0,0.0,0.7
310,2022,137,11,7.2,0.0,0.6,8.4,2022-11-07,17.3,3.8,20221107,7,65.3,0.0,0.5
311,2022,137,11,8.3,0.0,4.0,10.9,2022-11-08,19.1,1.4,20221108,8,63.3,0.0,0.9
312,2022,137,11,7.9,0.0,2.5,10.1,2022-11-09,18.9,4.8,20221109,9,65.4,0.0,1.0
313,2022,137,11,8.3,0.0,4.0,11.6,2022-11-10,20.3,3.1,20221110,10,67.9,0.0,0.7
314,2022,137,11,8.1,0.0,5.0,11.6,2022-11-11,20.3,2.6,20221111,11,75.3,0.0,0.6
315,2022,137,11,5.6,0.0,5.8,13.5,2022-11-12,20.0,8.0,20221112,12,80.8,0.1,0.6
316,2022,137,11,3.5,0.0,10.3,13.2,2022-11-13,18.7,8.1,20221113,13,76.1,5.7,1.9
317,2022,137,11,2.5,0.0,6.8,9.8,2022-11-14,14.4,6.0,20221114,14,71.9,0.0,1.2
318,2022,137,11,6.0,0.0,2.5,7.9,2022-11-15,13.7,3.5,20221115,15,71.8,0.0,1.3
319,2022,137,11,7.6,0.0,3.7,8.9,2022-11-16,15.2,3.8,20221116,16,68.5,0.1,1.5
320,2022,137,11,8.2,0.0,1.7,7.6,2022-11-17,16.3,3.3,20221117,17,68.6,0.0,0.6
321,2022,137,11,8.2,0.0,-0.2,7.0,2022-11-18,18.2,0.0,20221118,18,67.1,0.0,0.6
322,2022,137,11,7.8,0.0,0.6,8.6,2022-11-19,17.5,4.4,20221119,19,73.4,0.0,0.7
323,2022,137,11,7.0,0.0,5.5,10.7,2022-11-20,18.2,4.5,20221120,20,76.4,0.0,0.6
324,2022,137,11,8.2,0.0,3.2,10.3,2022-11-21,20.3,4.5,20221121,21,68.8,0.0,0.7
325,2022,137,11,0.7,0.0,6.5,9.7,2022-11-22,12.6,9.3,20221122,22,79.8,0.4,0.6
326,2022,137,11,5.7,0.0,7.9,11.8,2022-11-23,18.2,5.0,20221123,23,67.4,0.3,1.3
327,2022,137,11,4.8,0.0,3.2,8.7,2022-11-24,15.6,4.3,20221124,24,56.8,0.0,1.2
328,2022,137,11,8.1,0.0,-0.9,6.1,2022-11-25,14.3,2.6,20221125,25,74.1,0.0,0.5
329,2022,137,11,8.1,0.0,3.2,9.9,2022-11-26,16.1,1.3,20221126,26,45.9,0.0,2.3
330,2022,137,11,7.9,0.0,-2.3,4.5,2022-11-27,12.1,3.5,20221127,27,50.6,0.0,0.9
331,2022,137,11,1.4,0.0,-1.8,4.7,2022-11-28,9.1,7.9,20221128,28,75.4,12.6,0.5
332,2022,137,11,0.0,0.0,3.4,9.2,2022-11-29,14.5,9.0,20221129,29,67.3,10.6,2.4
333,2022,137,11,7.6,0.0,-5.1,-2.3,2022-11-30,3.4,6.8,20221130,30,36.0,0.0,3.0
334,2022,137,12,6.8,0.0,-6.6,-3.2,2022-12-01,2.3,4.6,20221201,1,39.0,0.0,1.4
335,2022,137,12,8.0,0.0,-7.9,-2.3,2022-12-02,4.8,2.3,20221202,2,57.8,0.0,1.2
336,2022,137,12,0.9,0.0,-4.7,0.2,2022-12-03,4.1,9.5,20221203,3,69.8,0.0,0.8
337,2022,137,12,1.4,0.0,-2.3,0.3,2022-12-04,4.0,9.8,20221204,4,32.6,0.0,2.5
338,2022,137,12,6.1,0.0,-3.1,-0.7,2022-12-05,5.2,4.5,20221205,5,30.6,0.0,2.5
339,2022,137,12,0.0,0.0,-5.5,0.6,2022-12-06,4.2,5.4,20221206,6,61.0,0.0,1.8
340,2022,137,12,4.4,0.0,2.2,5.5,2022-12-07,9.6,4.6,20221207,7,56.0,0.0,2.2
341,2022,137,12,9.0,0.0,-0.9,5.1,2022-12-08,11.3,1.8,20221208,8,52.5,0.0,1.6
342,2022,137,12,7.9,0.0,-4.4,1.5,2022-12-09,8.6,1.6,20221209,9,65.3,0.0,0.7
343,2022,137,12,3.6,0.0,-3.8,2.2,2022-12-10,7.4,4.8,20221210,10,68.1,0.0,1.0
344,2022,137,12,8.7,0.0,-2.5,3.2,2022-12-11,10.2,0.0,20221211,11,43.6,0.0,1.4
345,2022,137,12,4.5,0.0,-3.6,1.8,2022-12-12,7.6,8.0,20221212,12,59.5,0.0,1.1
346,2022,137,12,2.5,0.0,-1.3,2.5,2022-12-13,5.9,5.0,20221213,13,70.5,3.9,2.8
347,2022,137,12,8.7,0.0,-8.7,-6.4,2022-12-14,-1.3,0.6,20221214,14,54.5,0.0,2.6
348,2022,137,12,4.6,0.0,-10.7,-4.0,2022-12-15,1.6,5.6,20221215,15,74.0,0.7,1.1
349,2022,137,12,3.6,0.0,-5.9,-3.1,2022-12-16,1.0,8.1,20221216,16,48.3,0.0,2.5
350,2022,137,12,3.0,0.0,-8.4,-4.9,2022-12-17,-0.6,5.6,20221217,17,53.9,0.3,2.1
351,2022,137,12,8.6,0.0,-10.7,-7.9,2022-12-18,-3.4,0.3,20221218,18,46.9,0.0,2.5
352,2022,137,12,8.6,0.0,-11.0,-5.0,2022-12-19,0.6,1.3,20221219,19,55.8,0.0,1.7
353,2022,137,12,8.3,0.0,-10.2,-3.3,2022-12-20,4.4,2.8,20221220,20,64.8,0.0,0.9
354,2022,137,12,0.0,0.0,-4.0,-1.7,2022-12-21,1.7,8.4,20221221,21,86.0,6.5,0.7
355,2022,137,12,6.8,0.0,-9.0,-5.1,2022-12-22,1.2,2.1,20221222,22,58.9,0.4,4.4
356,2022,137,12,6.0,0.0,-10.2,-8.4,2022-12-23,-5.8,3.4,20221223,23,60.8,0.3,4.2
357,2022,137,12,8.7,0.0,-12.4,-7.3,2022-12-24,-1.9,0.5,20221224,24,49.1,0.0,2.3
358,2022,137,12,8.5,0.0,-6.9,-3.1,2022-12-25,1.1,0.8,20221225,25,56.9,0.0,3.1
359,2022,137,12,7.0,0.0,-4.4,-1.7,2022-12-26,2.1,5.2,20221226,26,57.1,0.0,2.6
360,2022,137,12,8.6,0.0,-5.5,-0.5,2022-12-27,3.9,2.3,20221227,27,54.0,0.0,2.0
361,2022,137,12,5.3,0.0,-3.6,-0.7,2022-12-28,2.7,3.3,20221228,28,58.5,0.0,2.4
362,2022,137,12,7.9,0.0,-5.9,-2.2,2022-12-29,3.2,2.4,20221229,29,55.3,0.0,1.7
363,2022,137,12,2.8,0.0,-6.0,-0.3,2022-12-30,3.2,5.8,20221230,30,62.5,0.0,2.0
364,2022,137,12,6.8,0.0,-3.8,-0.1,2022-12-31,4.9,2.3,20221231,31,58.3,0.0,2.7
