,cloud,date,rainfall,snow,tmin,day,tavg,tmax,humid,Date,sunshine,station_id,wind,year,month
0,0.0,20140101,0.0,0.0,1.7,1,5.3,8.7,45.3,2014-01-01,7.9,137,3.8,2014,1
1,0.0,20140102,0.0,0.0,-2.4,2,3.3,8.8,38.1,2014-01-02,8.4,137,2.4,2014,1
2,0.0,20140103,0.0,0.0,-5.9,3,0.4,8.7,52.8,2014-01-03,5.9,137,0.8,2014,1
3,0.0,20140104,0.0,0.0,-2.9,4,1.5,7.2,55.8,2014-01-04,8.1,137,1.4,2014,1
4,0.0,20140105,0.0,0.0,-4.2,5,0.7,6.5,48.4,2014-01-05,7.8,137,1.8,2014,1
5,0.0,20140106,0.0,0.0,-6.1,6,-0.6,7.0,51.6,2014-01-06,8.3,137,0.9,2014,1
6,0.0,20140107,0.0,0.0,-7.5,7,-0.1,6.7,62.1,2014-01-07,3.2,137,0.9,2014,1
7,0.0,20140108,0.0,0.0,-2.6,8,1.9,5.4,57.1,2014-01-08,0.0,137,2.2,2014,1
8,0.0,20140109,0.0,0.0,-8.5,9,-5.6,-1.7,26.1,2014-01-09,8.4,137,3.3,2014,1
9,0.0,20140110,0.0,0.0,-11.0,10,-4.0,1.0,48.9,2014-01-10,8.2,137,2.1,2014,1
10,0.0,20140111,0.0,0.0,-5.2,11,-0.8,3.7,54.5,2014-01-11,8.1,137,2.1,2014,1
11,0.0,20140112,0.0,0.0,-4.6,12,0.2,4.3,49.8,2014-01-12,3.1,137,3.2,2014,1
12,0.0,20140113,0.0,0.0,-8.9,13,-4.3,0.7,26.1,2014-01-13,8.4,137,2.5,2014,1
13,0.0,20140114,0.0,0.0,-8.0,14,-2.9,4.0,29.6,2014-01-14,8.4,137,1.9,2014,1
14,0.0,20140115,0.0,0.0,-9.1,15,-2.2,4.0,42.9,2014-01-15,8.4,137,2.1,2014,1
15,0.0,20140116,0.0,0.0,-7.9,16,-1.0,5.0,58.0,2014-01-16,7.0,137,1.4,2014,1
16,0.0,20140117,0.0,0.0,-5.6,17,0.2,5.9,54.6,2014-01-17,6.8,137,1.5,2014,1
17,0.0,20140118,0.0,0.0,-4.1,18,-0.6,3.7,43.1,2014-01-18,7.0,137,2.8,2014,1
18,0.0,20140119,0.0,0.0,-8.9,19,-2.6,3.0,41.8,2014-01-19,8.5,137,1.4,2014,1
19,0.0,20140120,4.7,0.0,-4.3,20,-1.3,3.6,72.4,2014-01-20,1.6,137,1.6,2014,1
20,0.0,20140121,0.0,0.0,-5.2,21,-3.8,-1.7,61.6,2014-01-21,7.7,137,2.8,2014,1
21,0.0,20140122,0.0,0.0,-7.1,22,-2.7,2.1,52.5,2014-01-22,8.6,137,2.5,2014,1
22,0.0,20140123,0.0,0.0,-8.9,23,-1.4,6.9,56.8,2014-01-23,8.7,137,1.3,2014,1
23,0.0,20140124,0.0,0.0,-5.2,24,1.5,10.4,65.9,2014-01-24,5.9,137,0.9,2014,1
24,0.0,20140125,1.8,0.0,-0.5,25,3.6,8.1,79.8,2014-01-25,0.0,137,1.3,2014,1
25,0.0,20140126,0.0,0.0,-3.8,26,0.3,5.7,48.3,2014-01-26,8.8,137,2.6,2014,1
26,0.0,20140127,0.0,0.0,-9.5,27,-0.4,8.7,48.6,2014-01-27,8.7,137,1.2,2014,1
27,0.0,20140128,0.0,0.0,-2.0,28,3.9,9.5,39.0,2014-01-28,7.5,137,2.5,2014,1
28,0.0,20140129,0.0,0.0,-8.6,29,0.7,8.5,43.6,2014-01-29,6.6,137,0.9,2014,1
29,0.0,20140130,1.2,0.0,0.5,30,5.0,10.5,70.0,2014-01-30,0.6,137,2.6,2014,1
30,0.0,20140131,0.0,0.0,-2.9,31,2.4,9.4,38.8,2014-01-31,8.8,137,1.6,2014,1
31,0.0,20140201,0.0,0.0,-2.1,1,5.2,11.0,47.9,2014-02-01,3.1,137,0.9,2014,2
32,0.0,20140202,0.2,0.0,5.3,2,8.7,12.2,74.0,2014-02-02,0.9,137,1.9,2014,2
33,0.0,20140203,0.0,0.0,-6.3,3,1.2,7.9,48.0,2014-02-03,4.3,137,3.7,2014,2
34,0.0,20140204,0.0,0.0,-9.4,4,-6.2,-0.7,29.0,2014-02-04,9.0,137,3.4,2014,2
35,0.0,20140205,0.0,0.0,-8.8,5,-4.9,0.4,31.6,2014-02-05,5.1,137,1.5,2014,2
36,0.0,20140206,0.0,0.0,-7.3,6,-2.4,2.5,46.1,2014-02-06,1.7,137,0.7,2014,2
37,0.0,20140207,0.8,0.0,-5.5,7,0.0,5.4,68.4,2014-02-07,0.5,137,1.6,2014,2
38,0.0,20140208,4.0,0.0,-0.3,8,1.6,5.1,81.6,2014-02-08,0.6,137,1.3,2014,2
39,0.0,20140209,1.2,0.0,-1.7,9,-0.3,2.0,79.3,2014-02-09,1.6,137,1.3,2014,2
40,0.0,20140210,0.7,0.0,-4.0,10,-1.0,3.1,74.4,2014-02-10,3.4,137,1.1,2014,2
41,0.0,20140211,0.0,0.0,-6.6,11,-1.3,4.4,61.1,2014-02-11,8.3,137,1.4,2014,2
42,0.0,20140212,0.0,0.0,-5.0,12,0.0,6.2,59.6,2014-02-12,8.5,137,1.0,2014,2
43,0.0,20140213,0.0,0.0,-4.6,13,0.3,5.6,65.6,2014-02-13,3.8,137,1.3,2014,2
44,0.0,20140214,0.0,0.0,-4.1,14,0.1,5.0,65.4,2014-02-14,2.7,137,1.3,2014,2
45,0.0,20140215,0.0,0.0,-6.1,15,1.2,9.7,56.4,2014-02-15,9.2,137,1.1,2014,2
46,0.0,20140216,0.0,0.0,-5.7,16,0.5,7.3,63.5,2014-02-16,2.1,137,0.7,2014,2
47,0.0,20140217,0.0,0.0,-1.5,17,2.7,7.4,63.4,2014-02-17,0.6,137,1.4,2014,2
48,0.0,20140218,0.0,0.0,-2.8,18,1.4,6.4,54.0,2014-02-18,5.1,137,2.1,2014,2
49,0.0,20140219,0.0,0.0,-5.5,19,0.0,7.2,60.6,2014-02-19,8.4,137,1.0,2014,2
50,0.0,20140220,0.0,0.0,-5.9,20,0.6,8.0,59.6,2014-02-20,8.7,137,1.9,2014,2
51,0.0,20140221,0.0,0.0,-4.0,21,1.4,8.2,48.9,2014-02-21,9.1,137,1.8,2014,2
52,0.0,20140222,0.0,0.0,-5.7,22,1.9,9.7,43.5,2014-02-22,9.3,137,1.2,2014,2
53,0.0,20140223,0.0,0.0,-4.9,23,2.5,10.2,49.6,2014-02-23,8.5,137,0.9,2014,2
54,0.0,20140224,0.0,0.0,-3.8,24,4.3,12.5,50.4,2014-02-24,8.0,137,1.5,2014,2
55,0.0,20140225,0.0,0.0,-1.6,25,6.8,14.6,49.0,2014-02-25,8.0,137,1.2,2014,2
56,0.0,20140226,0.5,0.0,-1.4,26,3.8,8.9,75.0,2014-02-26,0.0,137,0.7,2014,2
57,0.0,20140227,0.0,0.0,5.0,27,10.1,16.4,62.5,2014-02-27,8.5,137,2.3,2014,2
58,0.0,20140228,0.0,0.0,3.9,28,7.7,12.0,58.8,2014-02-28,1.6,137,1.8,2014,2
59,0.0,20140301,0.7,0.0,5.4,1,7.0,10.0,71.0,2014-03-01,0.0,137,1.1,2014,3
60,0.0,20140302,0.0,0.0,0.3,2,5.4,11.1,42.5,2014-03-02,8.4,137,2.4,2014,3
61,0.0,20140303,0.0,0.0,-5.1,3,2.9,11.9,48.8,2014-03-03,10.0,137,1.1,2014,3
62,0.0,20140304,0.0,0.0,-3.6,4,3.3,9.6,51.5,2014-03-04,4.1,137,1.0,2014,3
63,0.0,20140305,0.0,0.0,-0.7,5,3.1,8.7,39.5,2014-03-05,9.7,137,3.7,2014,3
64,0.0,20140306,0.0,0.0,-4.7,6,1.4,6.4,32.9,2014-03-06,9.5,137,2.9,2014,3
65,0.0,20140307,0.0,0.0,-3.9,7,0.9,6.0,26.8,2014-03-07,10.1,137,3.8,2014,3
66,0.0,20140308,0.0,0.0,-4.1,8,2.2,8.4,37.0,2014-03-08,6.5,137,2.5,2014,3
67,0.0,20140309,1.2,0.0,-1.4,9,1.8,6.4,54.1,2014-03-09,7.4,137,3.5,2014,3
68,0.0,20140310,0.0,0.0,-3.2,10,2.6,8.9,33.6,2014-03-10,10.4,137,2.7,2014,3
69,0.0,20140311,0.0,0.0,-2.1,11,6.2,14.7,31.9,2014-03-11,9.6,137,2.2,2014,3
70,0.0,20140312,21.5,0.0,-2.3,12,1.5,4.4,76.5,2014-03-12,0.0,137,0.6,2014,3
71,0.0,20140313,16.9,0.0,-0.2,13,2.0,4.6,90.4,2014-03-13,0.0,137,1.3,2014,3
72,0.0,20140314,0.0,0.0,-1.9,14,2.2,7.2,69.6,2014-03-14,6.6,137,1.5,2014,3
73,0.0,20140315,0.0,0.0,-2.0,15,7.2,14.7,46.5,2014-03-15,9.6,137,2.5,2014,3
74,0.0,20140316,0.0,0.0,7.0,16,12.4,19.8,45.8,2014-03-16,9.5,137,1.9,2014,3
75,0.0,20140317,0.0,0.0,1.7,17,12.1,22.0,61.1,2014-03-17,8.9,137,1.4,2014,3
76,0.0,20140318,0.0,0.0,8.1,18,14.0,18.7,53.4,2014-03-18,8.1,137,3.2,2014,3
77,0.0,20140319,0.0,0.0,6.1,19,9.5,13.4,54.5,2014-03-19,1.9,137,1.8,2014,3
78,0.0,20140320,4.8,0.0,1.2,20,5.2,10.9,74.1,2014-03-20,3.5,137,2.3,2014,3
79,0.0,20140321,0.0,0.0,0.3,21,4.6,10.3,55.4,2014-03-21,9.0,137,2.2,2014,3
80,0.0,20140322,0.0,0.0,-2.3,22,8.1,16.3,45.5,2014-03-22,10.8,137,2.2,2014,3
81,0.0,20140323,0.0,0.0,5.0,23,12.0,18.7,36.1,2014-03-23,10.0,137,2.9,2014,3
82,0.0,20140324,0.0,0.0,0.3,24,10.7,18.4,37.8,2014-03-24,10.2,137,2.3,2014,3
83,0.0,20140325,6.5,0.0,8.6,25,13.8,19.9,64.0,2014-03-25,2.0,137,1.2,2014,3
84,0.0,20140326,10.0,0.0,11.8,26,14.5,18.9,73.9,2014-03-26,1.0,137,1.3,2014,3
85,0.0,20140327,0.0,0.0,8.4,27,15.5,22.4,49.4,2014-03-27,9.8,137,2.3,2014,3
86,0.0,20140328,0.0,0.0,5.8,28,15.8,25.5,52.1,2014-03-28,7.6,137,1.2,2014,3
87,0.0,20140329,19.7,0.0,12.2,29,12.8,16.8,80.1,2014-03-29,0.0,137,1.3,2014,3
88,0.0,20140330,6.9,0.0,9.4,30,13.8,18.3,68.0,2014-03-30,7.3,137,1.6,2014,3
89,0.0,20140331,0.0,0.0,5.5,31,13.1,20.4,52.9,2014-03-31,9.5,137,1.5,2014,3
90,0.0,20140401,0.0,0.0,4.0,1,13.0,23.0,48.0,2014-04-01,10.6,137,1.1,2014,4
91,0.0,20140402,0.0,0.0,5.0,2,14.7,24.4,43.8,2014-04-02,10.4,137,1.2,2014,4
92,0.0,20140403,0.7,0.0,5.7,3,12.6,21.8,42.8,2014-04-03,7.6,137,2.5,2014,4
93,0.0,20140404,0.0,0.0,2.1,4,7.0,12.6,45.5,2014-04-04,10.1,137,2.6,2014,4
94,0.0,20140405,0.0,0.0,-0.6,5,5.3,12.3,51.8,2014-04-05,9.4,137,2.3,2014,4
95,0.0,20140406,0.0,0.0,2.4,6,7.8,13.9,37.3,2014-04-06,11.7,137,3.4,2014,4
96,0.0,20140407,0.0,0.0,5.5,7,12.2,19.2,39.3,2014-04-07,10.4,137,3.4,2014,4
97,0.0,20140408,0.0,0.0,6.0,8,14.4,22.1,23.1,2014-04-08,11.2,137,2.0,2014,4
98,0.0,20140409,0.0,0.0,7.5,9,16.0,23.9,40.1,2014-04-09,11.0,137,1.8,2014,4
99,0.0,20140410,0.0,0.0,9.3,10,14.6,24.3,43.5,2014-04-10,10.1,137,1.9,2014,4
100,0.0,20140411,0.0,0.0,7.8,11,10.9,15.5,56.6,2014-04-11,0.2,137,0.8,2014,4
101,0.0,20140412,0.1,0.0,8.4,12,10.9,14.6,72.9,2014-04-12,0.0,137,0.6,2014,4
102,0.0,20140413,0.1,0.0,7.7,13,13.1,20.7,51.4,2014-04-13,5.7,137,1.1,2014,4
103,0.0,20140414,0.0,0.0,1.7,14,14.4,24.1,40.6,2014-04-14,11.2,137,1.4,2014,4
104,0.0,20140415,0.0,0.0,12.0,15,17.9,25.3,44.3,2014-04-15,9.6,137,3.0,2014,4
105,0.0,20140416,0.0,0.0,14.5,16,18.6,25.2,45.6,2014-04-16,8.4,137,2.2,2014,4
106,0.0,20140417,10.2,0.0,7.5,17,14.2,21.8,51.8,2014-04-17,5.3,137,1.3,2014,4
107,0.0,20140418,0.2,0.0,10.0,18,13.0,19.2,78.3,2014-04-18,4.4,137,0.8,2014,4
108,0.0,20140419,0.0,0.0,8.4,19,11.8,16.3,56.6,2014-04-19,2.7,137,1.8,2014,4
109,0.0,20140420,0.0,0.0,6.8,20,13.7,20.7,51.0,2014-04-20,11.4,137,1.2,2014,4
110,0.0,20140421,0.0,0.0,10.3,21,16.3,23.3,39.6,2014-04-21,10.2,137,1.8,2014,4
111,0.0,20140422,0.0,0.0,9.7,22,15.6,22.3,33.4,2014-04-22,8.7,137,1.5,2014,4
112,0.0,20140423,0.0,0.0,5.4,23,15.5,25.2,41.0,2014-04-23,11.5,137,1.1,2014,4
113,0.0,20140424,0.0,0.0,6.7,24,16.9,26.0,41.0,2014-04-24,8.5,137,1.1,2014,4
114,0.0,20140425,0.0,0.0,8.6,25,17.7,27.2,41.1,2014-04-25,10.9,137,0.9,2014,4
115,0.0,20140426,0.0,0.0,8.4,26,16.3,24.2,48.9,2014-04-26,3.3,137,0.6,2014,4
116,0.0,20140427,5.7,0.0,12.5,27,14.9,19.1,72.1,2014-04-27,0.0,137,0.7,2014,4
117,0.0,20140428,34.9,0.0,11.2,28,11.9,13.2,90.5,2014-04-28,0.0,137,1.8,2014,4
118,0.0,20140429,21.4,0.0,11.3,29,13.2,17.0,86.8,2014-04-29,0.5,137,1.5,2014,4
119,0.0,20140430,0.0,0.0,9.8,30,14.7,20.8,77.0,2014-04-30,2.2,137,0.7,2014,4
120,0.0,20140501,0.0,0.0,11.1,1,17.4,23.7,56.5,2014-05-01,11.8,137,2.1,2014,5
121,0.0,20140502,0.0,0.0,9.4,2,18.3,26.9,49.5,2014-05-02,10.2,137,2.0,2014,5
122,0.0,20140503,0.0,0.0,9.1,3,14.3,22.0,40.6,2014-05-03,12.7,137,2.5,2014,5
123,0.0,20140504,0.6,0.0,6.3,4,12.3,21.1,56.1,2014-05-04,3.9,137,1.7,2014,5
124,0.0,20140505,0.0,0.0,5.3,5,11.2,17.2,40.5,2014-05-05,12.6,137,2.6,2014,5
125,0.0,20140506,0.0,0.0,6.7,6,13.2,20.3,40.3,2014-05-06,12.6,137,1.8,2014,5
126,0.0,20140507,0.0,0.0,3.7,7,14.9,24.9,45.8,2014-05-07,12.5,137,1.3,2014,5
127,0.0,20140508,1.5,0.0,11.0,8,15.6,21.2,57.9,2014-05-08,10.9,137,2.1,2014,5
128,0.0,20140509,0.0,0.0,8.6,9,16.6,24.9,48.8,2014-05-09,12.0,137,1.3,2014,5
129,0.0,20140510,0.0,0.0,6.8,10,16.5,25.0,45.3,2014-05-10,12.4,137,1.4,2014,5
130,0.0,20140511,9.3,0.0,8.2,11,17.0,24.0,57.3,2014-05-11,5.4,137,1.9,2014,5
131,0.0,20140512,10.8,0.0,14.1,12,17.7,22.2,62.3,2014-05-12,11.1,137,2.3,2014,5
132,0.0,20140513,0.0,0.0,13.0,13,21.3,29.2,47.8,2014-05-13,11.9,137,2.0,2014,5
133,0.0,20140514,0.0,0.0,14.3,14,19.3,26.5,57.5,2014-05-14,7.5,137,1.1,2014,5
134,0.0,20140515,0.0,0.0,15.1,15,19.3,25.2,42.9,2014-05-15,9.9,137,2.6,2014,5
135,0.0,20140516,0.0,0.0,13.5,16,20.0,26.3,39.4,2014-05-16,12.0,137,2.2,2014,5
136,0.0,20140517,0.0,0.0,13.5,17,20.1,27.2,43.0,2014-05-17,12.0,137,1.5,2014,5
137,0.0,20140518,0.0,0.0,11.4,18,19.5,28.4,45.9,2014-05-18,11.8,137,1.0,2014,5
138,0.0,20140519,0.0,0.0,11.3,19,20.2,29.2,43.0,2014-05-19,9.8,137,1.0,2014,5
139,0.0,20140520,0.0,0.0,14.4,20,18.9,24.1,58.6,2014-05-20,2.0,137,0.7,2014,5
140,0.0,20140521,0.0,0.0,15.4,21,19.9,25.1,54.0,2014-05-21,10.1,137,2.1,2014,5
141,0.0,20140522,0.0,0.0,14.4,22,21.2,29.3,51.6,2014-05-22,12.9,137,1.7,2014,5
142,0.0,20140523,0.0,0.0,15.2,23,19.1,25.1,67.0,2014-05-23,5.3,137,1.0,2014,5
143,0.0,20140524,0.0,0.0,18.6,24,24.5,31.1,56.6,2014-05-24,8.8,137,1.8,2014,5
144,0.0,20140525,1.0,0.0,17.5,25,21.3,26.9,64.4,2014-05-25,4.5,137,1.5,2014,5
145,0.0,20140526,2.3,0.0,16.5,26,20.8,25.9,50.0,2014-05-26,10.5,137,2.5,2014,5
146,0.0,20140527,0.0,0.0,10.4,27,21.3,30.7,42.1,2014-05-27,12.3,137,1.5,2014,5
147,0.0,20140528,0.1,0.0,13.9,28,21.8,30.1,55.1,2014-05-28,9.3,137,1.3,2014,5
148,0.0,20140529,0.0,0.0,16.3,29,24.9,32.8,41.5,2014-05-29,13.0,137,1.7,2014,5
149,0.0,20140530,0.0,0.0,15.1,30,24.5,33.6,42.1,2014-05-30,12.7,137,1.1,2014,5
150,0.0,20140531,0.0,0.0,16.8,31,26.2,35.8,41.9,2014-05-31,11.8,137,1.2,2014,5
151,0.0,20140601,0.0,0.0,19.0,1,24.7,29.4,48.6,2014-06-01,3.2,137,1.4,2014,6
152,0.0,20140602,0.8,0.0,16.7,2,20.8,24.1,66.0,2014-06-02,0.2,137,1.6,2014,6
153,0.0,20140603,2.2,0.0,16.2,3,18.4,20.9,82.5,2014-06-03,0.0,137,1.2,2014,6
154,0.0,20140604,0.0,0.0,18.3,4,20.9,26.0,66.1,2014-06-04,1.6,137,1.4,2014,6
155,0.0,20140605,0.0,0.0,18.7,5,20.8,24.1,63.1,2014-06-05,0.6,137,1.1,2014,6
156,0.0,20140606,0.0,0.0,16.3,6,21.9,29.1,60.1,2014-06-06,10.2,137,0.9,2014,6
157,0.0,20140607,0.3,0.0,15.2,7,21.7,29.9,66.1,2014-06-07,7.4,137,0.9,2014,6
158,0.0,20140608,0.4,0.0,17.1,8,21.2,27.9,70.3,2014-06-08,4.5,137,1.0,2014,6
159,0.0,20140609,0.0,0.0,18.3,9,21.0,25.8,70.5,2014-06-09,1.2,137,1.0,2014,6
160,0.0,20140610,0.0,0.0,18.1,10,20.8,24.1,67.5,2014-06-10,0.5,137,1.2,2014,6
161,0.0,20140611,9.0,0.0,16.4,11,19.8,25.6,73.5,2014-06-11,5.6,137,1.0,2014,6
162,0.0,20140612,14.5,0.0,14.8,12,18.7,27.0,75.3,2014-06-12,3.9,137,0.9,2014,6
163,0.0,20140613,0.0,0.0,15.6,13,20.1,25.5,73.1,2014-06-13,6.7,137,1.2,2014,6
164,0.0,20140614,0.0,0.0,17.1,14,22.9,28.9,57.1,2014-06-14,11.8,137,2.0,2014,6
165,0.0,20140615,0.0,0.0,17.2,15,23.1,29.5,54.1,2014-06-15,13.1,137,2.1,2014,6
166,0.0,20140616,0.0,0.0,17.7,16,24.2,30.5,50.8,2014-06-16,9.1,137,1.7,2014,6
167,0.0,20140617,0.0,0.0,20.4,17,23.2,28.4,60.0,2014-06-17,2.7,137,1.2,2014,6
168,0.0,20140618,0.0,0.0,16.2,18,23.2,30.1,57.6,2014-06-18,10.7,137,0.9,2014,6
169,0.0,20140619,0.0,0.0,19.6,19,23.4,28.8,60.8,2014-06-19,6.1,137,1.4,2014,6
170,0.0,20140620,0.3,0.0,17.4,20,22.1,28.6,69.3,2014-06-20,0.3,137,1.0,2014,6
171,0.0,20140621,0.0,0.0,18.2,21,20.7,24.8,69.0,2014-06-21,0.0,137,0.9,2014,6
172,0.0,20140622,18.4,0.0,16.8,22,21.9,29.5,66.0,2014-06-22,12.0,137,1.1,2014,6
173,0.0,20140623,26.1,0.0,17.3,23,19.4,26.2,83.0,2014-06-23,1.9,137,0.7,2014,6
174,0.0,20140624,0.2,0.0,16.6,24,20.8,28.4,78.8,2014-06-24,5.3,137,0.7,2014,6
175,0.0,20140625,0.0,0.0,17.1,25,23.4,29.7,68.1,2014-06-25,8.4,137,0.9,2014,6
176,0.0,20140626,0.0,0.0,20.6,26,25.8,31.9,56.9,2014-06-26,10.4,137,1.0,2014,6
177,0.0,20140627,0.0,0.0,19.7,27,25.5,31.7,57.1,2014-06-27,11.3,137,1.1,2014,6
178,0.0,20140628,0.0,0.0,20.8,28,24.6,30.0,55.1,2014-06-28,10.3,137,2.1,2014,6
179,0.0,20140629,0.0,0.0,19.0,29,23.7,29.1,61.8,2014-06-29,7.2,137,1.0,2014,6
180,0.0,20140630,7.7,0.0,19.6,30,24.1,31.4,65.4,2014-06-30,8.4,137,0.8,2014,6
181,0.0,20140701,18.2,0.0,18.3,1,24.2,32.7,71.1,2014-07-01,10.5,137,0.9,2014,7
182,0.0,20140702,2.1,0.0,20.1,2,22.9,28.1,82.3,2014-07-02,0.1,137,0.7,2014,7
183,0.0,20140703,22.6,0.0,19.2,3,20.3,23.4,88.9,2014-07-03,0.1,137,1.1,2014,7
184,0.0,20140704,0.0,0.0,19.3,4,23.7,30.5,70.8,2014-07-04,9.4,137,0.7,2014,7
185,0.0,20140705,0.0,0.0,19.2,5,23.3,28.0,75.8,2014-07-05,0.0,137,0.6,2014,7
186,0.0,20140706,1.2,0.0,19.3,6,20.8,23.8,80.1,2014-07-06,0.0,137,0.7,2014,7
187,0.0,20140707,0.0,0.0,18.0,7,23.0,28.5,75.4,2014-07-07,6.2,137,0.9,2014,7
188,0.0,20140708,0.0,0.0,21.5,8,25.2,29.8,74.9,2014-07-08,4.8,137,0.8,2014,7
189,0.0,20140709,3.4,0.0,23.3,9,25.1,27.8,83.3,2014-07-09,0.1,137,1.1,2014,7
190,0.0,20140710,0.0,0.0,23.3,10,27.8,33.2,59.3,2014-07-10,11.8,137,1.7,2014,7
191,0.0,20140711,0.0,0.0,23.2,11,26.7,32.5,50.4,2014-07-11,11.2,137,2.4,2014,7
192,0.0,20140712,0.0,0.0,19.3,12,23.8,28.3,64.0,2014-07-12,2.4,137,0.8,2014,7
193,0.0,20140713,2.5,0.0,19.3,13,23.9,29.6,73.1,2014-07-13,5.3,137,1.3,2014,7
194,0.0,20140714,0.0,0.0,20.6,14,26.0,32.0,58.6,2014-07-14,11.6,137,1.8,2014,7
195,0.0,20140715,0.0,0.0,20.0,15,23.7,27.8,73.4,2014-07-15,0.1,137,0.6,2014,7
196,0.0,20140716,0.3,0.0,21.7,16,25.5,30.6,68.5,2014-07-16,6.2,137,1.2,2014,7
197,0.0,20140717,3.5,0.0,20.3,17,24.0,29.1,74.4,2014-07-17,2.9,137,1.1,2014,7
198,0.0,20140718,46.0,0.0,19.9,18,24.0,29.9,79.6,2014-07-18,6.3,137,1.0,2014,7
199,0.0,20140719,0.2,0.0,21.9,19,25.9,31.5,74.1,2014-07-19,6.5,137,1.1,2014,7
200,0.0,20140720,0.0,0.0,23.3,20,27.4,33.5,65.1,2014-07-20,10.9,137,1.0,2014,7
201,0.0,20140721,0.0,0.0,22.2,21,27.4,32.3,68.3,2014-07-21,9.0,137,1.2,2014,7
202,0.0,20140722,0.0,0.0,24.0,22,26.6,30.7,67.5,2014-07-22,6.8,137,1.7,2014,7
203,0.0,20140723,0.5,0.0,24.7,23,26.3,29.9,69.4,2014-07-23,2.4,137,1.5,2014,7
204,0.0,20140724,4.2,0.0,23.4,24,27.2,31.4,75.5,2014-07-24,6.6,137,1.1,2014,7
205,0.0,20140725,0.0,0.0,24.5,25,29.0,34.4,69.6,2014-07-25,10.4,137,1.6,2014,7
206,0.0,20140726,0.3,0.0,21.4,26,25.4,29.0,63.3,2014-07-26,3.3,137,2.6,2014,7
207,0.0,20140727,0.0,0.0,19.4,27,24.3,31.1,62.9,2014-07-27,12.4,137,1.3,2014,7
208,0.0,20140728,0.0,0.0,17.5,28,23.8,29.8,67.1,2014-07-28,8.4,137,0.8,2014,7
209,0.0,20140729,2.0,0.0,19.6,29,23.4,29.4,76.9,2014-07-29,6.0,137,0.9,2014,7
210,0.0,20140730,0.0,0.0,20.3,30,26.8,34.2,71.6,2014-07-30,9.5,137,0.7,2014,7
211,0.0,20140731,0.1,0.0,22.7,31,26.9,34.5,74.1,2014-07-31,8.1,137,0.9,2014,7
212,0.0,20140801,0.0,0.0,22.4,1,27.2,33.0,69.8,2014-08-01,4.4,137,1.1,2014,8
213,0.0,20140802,22.3,0.0,22.5,2,27.0,31.5,68.5,2014-08-02,4.4,137,1.9,2014,8
214,0.0,20140803,35.4,0.0,22.3,3,24.3,25.7,86.9,2014-08-03,0.0,137,2.0,2014,8
215,0.0,20140804,4.5,0.0,23.3,4,24.6,26.8,88.3,2014-08-04,0.0,137,0.8,2014,8
216,0.0,20140805,0.0,0.0,24.1,5,27.4,32.0,72.3,2014-08-05,8.3,137,2.0,2014,8
217,0.0,20140806,0.0,0.0,24.3,6,26.9,30.9,69.9,2014-08-06,5.1,137,1.6,2014,8
218,0.0,20140807,29.2,0.0,18.9,7,21.0,25.3,85.9,2014-08-07,0.0,137,1.2,2014,8
219,0.0,20140808,8.4,0.0,18.2,8,21.5,26.2,79.1,2014-08-08,0.1,137,1.3,2014,8
220,0.0,20140809,0.0,0.0,21.0,9,23.7,28.3,67.1,2014-08-09,3.4,137,1.3,2014,8
221,0.0,20140810,30.9,0.0,19.5,10,22.3,29.1,81.1,2014-08-10,3.0,137,1.0,2014,8
222,0.0,20140811,0.0,0.0,18.7,11,23.2,28.1,68.4,2014-08-11,12.5,137,1.6,2014,8
223,0.0,20140812,0.0,0.0,18.9,12,24.2,29.8,65.9,2014-08-12,11.5,137,1.3,2014,8
224,0.0,20140813,1.9,0.0,19.7,13,21.9,25.3,83.6,2014-08-13,0.0,137,0.6,2014,8
225,0.0,20140814,13.3,0.0,18.2,14,19.5,20.6,89.4,2014-08-14,0.0,137,0.8,2014,8
226,0.0,20140815,0.4,0.0,19.3,15,23.3,28.3,79.9,2014-08-15,4.6,137,0.7,2014,8
227,0.0,20140816,0.3,0.0,20.9,16,23.8,29.3,78.6,2014-08-16,3.9,137,0.8,2014,8
228,0.0,20140817,9.9,0.0,18.9,17,22.2,27.4,82.4,2014-08-17,0.8,137,0.8,2014,8
229,0.0,20140818,86.8,0.0,18.4,18,19.9,21.2,90.6,2014-08-18,0.0,137,0.9,2014,8
230,0.0,20140819,22.9,0.0,20.4,19,22.6,26.6,88.1,2014-08-19,0.3,137,0.6,2014,8
231,0.0,20140820,55.5,0.0,21.5,20,22.9,25.3,89.1,2014-08-20,0.0,137,0.6,2014,8
232,0.0,20140821,20.6,0.0,20.8,21,24.1,29.8,80.3,2014-08-21,4.8,137,1.8,2014,8
233,0.0,20140822,0.7,0.0,20.0,22,24.3,29.3,70.8,2014-08-22,9.7,137,1.6,2014,8
234,0.0,20140823,0.0,0.0,19.7,23,24.1,29.8,71.0,2014-08-23,8.7,137,1.2,2014,8
235,0.0,20140824,0.2,0.0,19.9,24,23.3,27.8,80.1,2014-08-24,0.5,137,0.5,2014,8
236,0.0,20140825,90.1,0.0,19.5,25,21.0,22.7,91.1,2014-08-25,0.0,137,1.0,2014,8
237,0.0,20140826,0.0,0.0,20.3,26,23.9,30.1,75.4,2014-08-26,7.4,137,1.2,2014,8
238,0.0,20140827,0.0,0.0,19.9,27,22.4,26.0,71.1,2014-08-27,2.1,137,0.8,2014,8
239,0.0,20140828,0.0,0.0,17.6,28,21.5,27.3,73.1,2014-08-28,7.2,137,0.7,2014,8
240,0.0,20140829,0.0,0.0,17.1,29,21.0,27.1,74.3,2014-08-29,7.1,137,0.8,2014,8
241,0.0,20140830,0.0,0.0,16.0,30,21.0,27.0,71.1,2014-08-30,11.0,137,0.8,2014,8
242,0.0,20140831,0.0,0.0,13.8,31,18.9,24.4,77.3,2014-08-31,6.2,137,0.6,2014,8
243,0.0,20140901,0.0,0.0,15.0,1,21.1,28.2,71.5,2014-09-01,9.8,137,0.9,2014,9
244,0.0,20140902,9.4,0.0,16.4,2,19.8,24.5,80.4,2014-09-02,1.4,137,0.8,2014,9
245,0.0,20140903,8.2,0.0,17.6,3,19.7,22.1,86.1,2014-09-03,0.0,137,1.1,2014,9
246,0.0,20140904,0.0,0.0,19.3,4,22.5,27.4,70.1,2014-09-04,8.7,137,1.4,2014,9
247,0.0,20140905,0.0,0.0,17.4,5,23.1,29.8,70.0,2014-09-05,10.7,137,1.1,2014,9
248,0.0,20140906,0.0,0.0,17.2,6,21.5,29.9,76.5,2014-09-06,5.0,137,0.5,2014,9
249,0.0,20140907,0.0,0.0,16.8,7,22.0,29.4,80.9,2014-09-07,5.6,137,0.6,2014,9
250,0.0,20140908,0.0,0.0,18.8,8,23.3,29.8,73.1,2014-09-08,6.4,137,0.9,2014,9
251,0.0,20140909,0.0,0.0,18.1,9,22.2,27.3,71.8,2014-09-09,5.9,137,1.4,2014,9
252,0.0,20140910,0.0,0.0,15.4,10,20.7,28.0,69.0,2014-09-10,10.2,137,0.8,2014,9
253,0.0,20140911,0.0,0.0,14.6,11,20.6,28.1,72.0,2014-09-11,9.8,137,0.7,2014,9
254,0.0,20140912,0.0,0.0,16.1,12,19.8,23.7,77.3,2014-09-12,0.0,137,0.5,2014,9
255,0.0,20140913,0.0,0.0,16.5,13,21.1,27.5,67.5,2014-09-13,10.3,137,0.8,2014,9
256,0.0,20140914,0.0,0.0,13.0,14,19.5,26.8,69.4,2014-09-14,10.7,137,0.7,2014,9
257,0.0,20140915,0.0,0.0,16.9,15,21.6,27.6,66.5,2014-09-15,4.1,137,1.1,2014,9
258,0.0,20140916,0.0,0.0,16.0,16,21.2,27.4,64.4,2014-09-16,8.6,137,0.9,2014,9
259,0.0,20140917,0.0,0.0,17.2,17,19.7,24.3,75.4,2014-09-17,0.9,137,0.7,2014,9
260,0.0,20140918,0.0,0.0,14.4,18,18.4,24.4,72.9,2014-09-18,6.4,137,0.9,2014,9
261,0.0,20140919,0.0,0.0,11.5,19,16.3,25.1,69.1,2014-09-19,7.8,137,0.7,2014,9
262,0.0,20140920,0.0,0.0,9.1,20,16.6,25.7,68.1,2014-09-20,9.5,137,0.9,2014,9
263,0.0,20140921,0.0,0.0,10.6,21,17.5,26.5,65.0,2014-09-21,10.2,137,0.6,2014,9
264,0.0,20140922,0.0,0.0,10.6,22,18.7,26.9,67.3,2014-09-22,10.0,137,0.8,2014,9
265,0.0,20140923,7.1,0.0,12.2,23,19.3,27.4,74.0,2014-09-23,6.6,137,0.9,2014,9
266,0.0,20140924,85.4,0.0,16.5,24,17.4,18.6,91.1,2014-09-24,0.0,137,1.3,2014,9
267,0.0,20140925,0.0,0.0,15.7,25,19.7,26.6,74.3,2014-09-25,8.2,137,1.0,2014,9
268,0.0,20140926,0.0,0.0,15.3,26,19.2,23.9,75.1,2014-09-26,3.8,137,0.8,2014,9
269,0.0,20140927,0.0,0.0,13.1,27,18.9,25.2,76.4,2014-09-27,5.9,137,0.8,2014,9
270,0.0,20140928,0.0,0.0,14.3,28,19.4,26.6,78.9,2014-09-28,6.2,137,0.7,2014,9
271,0.0,20140929,6.6,0.0,17.5,29,18.6,19.9,86.5,2014-09-29,0.0,137,0.5,2014,9
272,0.0,20140930,0.0,0.0,14.8,30,16.7,20.8,80.3,2014-09-30,1.1,137,1.0,2014,9
273,0.0,20141001,0.0,0.0,14.1,1,16.6,21.7,75.9,2014-10-01,3.7,137,0.7,2014,10
274,0.0,20141002,0.0,0.0,12.8,2,17.2,22.8,78.3,2014-10-02,3.5,137,0.8,2014,10
275,0.0,20141003,0.0,0.0,11.4,3,16.7,21.8,64.6,2014-10-03,6.4,137,1.7,2014,10
276,0.0,20141004,0.0,0.0,9.3,4,14.7,22.4,69.1,2014-10-04,7.5,137,1.1,2014,10
277,0.0,20141005,0.0,0.0,7.6,5,14.2,22.9,64.6,2014-10-05,8.9,137,1.0,2014,10
278,0.0,20141006,0.0,0.0,8.4,6,14.0,21.5,67.1,2014-10-06,9.6,137,0.8,2014,10
279,0.0,20141007,0.0,0.0,6.4,7,13.2,22.2,69.5,2014-10-07,9.8,137,0.6,2014,10
280,0.0,20141008,0.0,0.0,7.2,8,13.4,22.4,71.4,2014-10-08,9.8,137,0.7,2014,10
281,0.0,20141009,0.0,0.0,7.4,9,14.2,23.5,71.1,2014-10-09,8.6,137,0.6,2014,10
282,0.0,20141010,0.0,0.0,7.6,10,16.0,25.6,69.0,2014-10-10,7.6,137,1.2,2014,10
283,0.0,20141011,0.0,0.0,11.9,11,17.1,24.7,62.8,2014-10-11,9.2,137,1.3,2014,10
284,0.0,20141012,0.0,0.0,9.4,12,15.8,20.4,73.4,2014-10-12,2.5,137,0.8,2014,10
285,0.0,20141013,15.2,0.0,8.7,13,14.6,18.8,76.8,2014-10-13,2.4,137,1.7,2014,10
286,0.0,20141014,0.0,0.0,5.8,14,10.8,18.8,72.9,2014-10-14,9.6,137,0.6,2014,10
287,0.0,20141015,0.0,0.0,4.9,15,10.9,19.8,69.9,2014-10-15,7.3,137,0.7,2014,10
288,0.0,20141016,0.1,0.0,5.7,16,11.8,19.1,54.6,2014-10-16,7.9,137,1.9,2014,10
289,0.0,20141017,0.0,0.0,2.9,17,10.8,21.3,54.9,2014-10-17,9.3,137,1.0,2014,10
290,0.0,20141018,0.0,0.0,2.3,18,10.8,22.1,65.4,2014-10-18,9.3,137,0.5,2014,10
291,0.0,20141019,0.0,0.0,3.9,19,11.7,19.8,73.9,2014-10-19,7.0,137,0.6,2014,10
292,0.0,20141020,18.4,0.0,11.3,20,12.6,13.6,91.4,2014-10-20,0.0,137,0.3,2014,10
293,0.0,20141021,78.8,0.0,11.4,21,13.3,14.8,91.5,2014-10-21,0.0,137,1.3,2014,10
294,0.0,20141022,8.4,0.0,8.3,22,12.1,18.4,81.5,2014-10-22,1.8,137,0.8,2014,10
295,0.0,20141023,0.0,0.0,5.9,23,10.4,19.3,80.1,2014-10-23,6.2,137,0.5,2014,10
296,0.0,20141024,0.0,0.0,6.4,24,11.6,21.8,78.6,2014-10-24,6.0,137,0.7,2014,10
297,0.0,20141025,0.0,0.0,7.6,25,11.7,22.9,79.6,2014-10-25,5.0,137,0.7,2014,10
298,0.0,20141026,0.0,0.0,4.6,26,14.4,22.5,67.9,2014-10-26,8.9,137,1.4,2014,10
299,0.0,20141027,0.0,0.0,9.5,27,13.9,19.4,51.0,2014-10-27,9.0,137,2.2,2014,10
300,0.0,20141028,0.0,0.0,1.8,28,8.8,18.8,59.8,2014-10-28,9.0,137,0.8,2014,10
301,0.0,20141029,0.0,0.0,1.4,29,9.1,20.2,69.5,2014-10-29,8.9,137,0.5,2014,10
302,0.0,20141030,0.0,0.0,2.9,30,10.2,18.0,74.1,2014-10-30,5.5,137,0.4,2014,10
303,0.0,20141031,40.5,0.0,9.8,31,11.0,12.2,90.4,2014-10-31,0.0,137,1.0,2014,10
304,0.0,20141101,12.5,0.0,12.1,1,14.4,16.8,86.5,2014-11-01,0.0,137,0.9,2014,11
305,0.0,20141102,1.2,0.0,8.6,2,12.0,15.2,59.0,2014-11-02,3.9,137,2.9,2014,11
306,0.0,20141103,0.0,0.0,4.8,3,9.2,13.3,36.9,2014-11-03,9.0,137,2.9,2014,11
307,0.0,20141104,0.0,0.0,2.6,4,9.5,18.5,62.3,2014-11-04,9.1,137,0.9,2014,11
308,0.0,20141105,0.0,0.0,1.1,5,9.5,19.7,62.9,2014-11-05,8.8,137,0.9,2014,11
309,0.0,20141106,0.0,0.0,7.4,6,13.0,19.2,63.4,2014-11-06,4.5,137,1.1,2014,11
310,0.0,20141107,0.0,0.0,5.5,7,11.3,16.3,74.3,2014-11-07,6.8,137,1.0,2014,11
311,0.0,20141108,0.0,0.0,9.3,8,12.2,15.5,80.4,2014-11-08,0.0,137,0.5,2014,11
312,0.0,20141109,0.0,0.0,7.7,9,11.8,17.2,50.1,2014-11-09,8.9,137,2.0,2014,11
313,0.0,20141110,0.0,0.0,0.8,10,7.4,17.4,61.1,2014-11-10,8.8,137,0.8,2014,11
314,0.0,20141111,0.0,0.0,0.4,11,8.8,16.6,61.5,2014-11-11,8.6,137,1.3,2014,11
315,0.0,20141112,0.7,0.0,3.1,12,8.6,12.3,53.5,2014-11-12,6.6,137,4.3,2014,11
316,0.0,20141113,0.0,0.0,-0.7,13,2.3,6.4,40.1,2014-11-13,8.8,137,3.6,2014,11
317,0.0,20141114,0.0,0.0,-1.3,14,5.6,11.1,49.3,2014-11-14,8.4,137,2.2,2014,11
318,0.0,20141115,0.0,0.0,2.0,15,7.0,12.3,47.4,2014-11-15,8.1,137,2.1,2014,11
319,0.0,20141116,0.0,0.0,3.4,16,8.7,14.6,36.4,2014-11-16,5.6,137,1.5,2014,11
320,0.0,20141117,0.0,0.0,3.4,17,7.5,12.0,51.8,2014-11-17,7.4,137,1.9,2014,11
321,0.0,20141118,0.0,0.0,1.4,18,6.0,12.0,48.0,2014-11-18,8.7,137,1.7,2014,11
322,0.0,20141119,0.0,0.0,-2.7,19,4.3,13.6,53.5,2014-11-19,8.7,137,0.9,2014,11
323,0.0,20141120,0.0,0.0,-2.3,20,5.3,15.1,55.6,2014-11-20,8.7,137,0.7,2014,11
324,0.0,20141121,0.0,0.0,-1.3,21,4.7,13.7,67.1,2014-11-21,7.2,137,0.5,2014,11
325,0.0,20141122,0.1,0.0,-0.6,22,6.4,13.4,74.0,2014-11-22,3.7,137,0.7,2014,11
326,0.0,20141123,0.0,0.0,0.9,23,5.9,10.5,83.0,2014-11-23,1.2,137,0.4,2014,11
327,0.0,20141124,36.2,0.0,7.0,24,7.8,8.3,91.3,2014-11-24,0.0,137,0.7,2014,11
328,0.0,20141125,0.1,0.0,7.7,25,9.5,12.6,77.5,2014-11-25,0.7,137,1.4,2014,11
329,0.0,20141126,0.0,0.0,4.0,26,7.9,13.5,75.6,2014-11-26,2.6,137,0.6,2014,11
330,0.0,20141127,0.0,0.0,1.5,27,5.6,13.1,86.4,2014-11-27,5.1,137,0.7,2014,11
331,0.0,20141128,4.2,0.0,2.8,28,5.6,8.5,92.0,2014-11-28,0.0,137,0.6,2014,11
332,0.0,20141129,0.1,0.0,5.3,29,10.7,16.2,68.6,2014-11-29,8.4,137,1.7,2014,11
333,0.0,20141130,9.4,0.0,5.4,30,8.7,11.0,88.4,2014-11-30,0.0,137,1.1,2014,11
334,0.0,20141201,1.4,0.0,-3.7,1,2.2,10.7,57.1,2014-12-01,6.4,137,6.3,2014,12
335,0.0,20141202,0.2,0.0,-5.2,2,-3.3,-0.4,38.0,2014-12-02,8.4,137,5.2,2014,12
336,0.0,20141203,2.3,0.0,-4.7,3,0.0,2.9,73.0,2014-12-03,3.3,137,2.5,2014,12
337,0.0,20141204,0.0,0.0,-3.3,4,-1.0,2.0,61.1,2014-12-04,6.8,137,2.0,2014,12
338,0.0,20141205,0.0,0.0,-6.2,5,-3.4,0.6,46.8,2014-12-05,8.5,137,3.2,2014,12
339,0.0,20141206,0.0,0.0,-6.2,6,-2.1,1.6,49.1,2014-12-06,8.5,137,3.4,2014,12
340,0.0,20141207,0.0,0.0,-4.4,7,-1.8,3.1,58.1,2014-12-07,3.9,137,1.7,2014,12
341,0.0,20141208,2.0,0.0,-4.5,8,-0.5,4.5,65.9,2014-12-08,7.3,137,1.9,2014,12
342,0.0,20141209,0.0,0.0,-4.8,9,-1.0,5.6,47.4,2014-12-09,8.6,137,1.7,2014,12
343,0.0,20141210,0.0,0.0,-4.4,10,1.1,5.0,65.0,2014-12-10,2.7,137,1.7,2014,12
344,0.0,20141211,0.2,0.0,-2.3,11,2.2,5.2,54.9,2014-12-11,6.6,137,3.6,2014,12
345,0.0,20141212,0.4,0.0,-3.4,12,-0.2,3.5,54.5,2014-12-12,7.8,137,2.8,2014,12
346,0.0,20141213,0.0,0.0,-4.6,13,-2.6,-0.2,46.6,2014-12-13,8.6,137,3.4,2014,12
347,0.0,20141214,0.0,0.0,-5.8,14,-1.0,3.2,49.8,2014-12-14,8.4,137,2.6,2014,12
348,0.0,20141215,0.2,0.0,-2.1,15,0.3,2.9,73.3,2014-12-15,0.0,137,0.8,2014,12
349,0.0,20141216,9.2,0.0,-7.3,16,-2.1,2.4,57.0,2014-12-16,7.8,137,4.5,2014,12
350,0.0,20141217,0.0,0.0,-9.2,17,-6.7,-4.3,36.5,2014-12-17,8.3,137,5.1,2014,12
351,0.0,20141218,0.0,0.0,-8.7,18,-5.5,-0.1,37.1,2014-12-18,8.6,137,3.3,2014,12
352,0.0,20141219,0.0,0.0,-11.7,19,-6.1,-2.4,59.3,2014-12-19,2.5,137,0.5,2014,12
353,0.0,20141220,1.4,0.0,-3.8,20,-1.0,3.6,55.1,2014-12-20,5.8,137,2.8,2014,12
354,0.0,20141221,0.0,0.0,-6.0,21,-3.1,0.8,48.5,2014-12-21,6.7,137,2.2,2014,12
355,0.0,20141222,0.2,0.0,-8.3,22,-2.1,1.9,60.3,2014-12-22,3.9,137,2.8,2014,12
356,0.0,20141223,0.0,0.0,-7.6,23,-0.8,5.6,66.9,2014-12-23,3.5,137,1.0,2014,12
357,0.0,20141224,0.7,0.0,-0.8,24,2.6,6.1,65.9,2014-12-24,3.9,137,2.1,2014,12
358,0.0,20141225,0.0,0.0,-2.9,25,-0.2,4.5,41.8,2014-12-25,8.7,137,2.9,2014,12
359,0.0,20141226,0.0,0.0,-5.3,26,-1.9,3.4,44.1,2014-12-26,8.6,137,2.2,2014,12
360,0.0,20141227,0.0,0.0,-8.4,27,-3.2,4.4,60.0,2014-12-27,7.7,137,0.6,2014,12
361,0.0,20141228,0.0,0.0,-7.7,28,-1.0,4.9,64.1,2014-12-28,2.7,137,0.9,2014,12
362,0.0,20141229,0.0,0.0,-2.7,29,3.1,7.6,66.4,2014-12-29,5.9,137,1.3,2014,12
363,0.0,20141230,0.0,0.0,-0.4,30,5.1,9.2,50.8,2014-12-30,7.7,137,2.6,2014,12
364,0.0,20141231,1.7,0.0,-4.0,31,-1.1,3.0,67.5,2014-12-31,3.8,137,2.7,2014,12
