,Date,station_id,month,rainfall,tmax,date,year,cloud,sunshine,tavg,humid,snow,tmin,day,wind
0,2018-01-01,137,1,0.0,4.9,20180101,2018,0.0,8.2,0.5,34.6,0.0,-3.9,1,2.4
1,2018-01-02,137,1,0.0,5.0,20180102,2018,0.0,4.4,0.8,51.5,0.0,-5.1,2,2.8
2,2018-01-03,137,1,0.0,2.6,20180103,2018,0.0,8.2,-1.7,37.9,0.0,-4.7,3,3.1
3,2018-01-04,137,1,0.0,2.4,20180104,2018,0.0,7.0,-1.5,44.5,0.0,-5.4,4,1.6
4,2018-01-05,137,1,0.0,4.2,20180105,2018,0.0,7.4,0.0,43.1,0.0,-2.8,5,2.6
5,2018-01-06,137,1,0.0,5.5,20180106,2018,0.0,8.3,0.0,44.1,0.0,-4.0,6,2.7
6,2018-01-07,137,1,0.0,1.7,20180107,2018,0.0,1.5,-2.3,52.9,0.0,-8.6,7,0.9
7,2018-01-08,137,1,2.6,4.3,20180108,2018,0.0,0.5,1.0,69.1,0.0,-1.9,8,1.6
8,2018-01-09,137,1,0.3,1.8,20180109,2018,0.0,6.3,-1.8,65.6,0.0,-3.3,9,3.5
9,2018-01-10,137,1,3.3,-0.9,20180110,2018,0.0,6.0,-4.7,54.5,0.0,-8.6,10,2.9
10,2018-01-11,137,1,0.0,-5.0,20180111,2018,0.0,8.3,-8.8,51.1,0.0,-11.9,11,2.9
11,2018-01-12,137,1,0.0,-5.8,20180112,2018,0.0,8.3,-9.0,46.3,0.0,-12.9,12,3.6
12,2018-01-13,137,1,0.6,2.3,20180113,2018,0.0,3.2,-2.8,70.3,0.0,-7.1,13,1.9
13,2018-01-14,137,1,0.0,3.5,20180114,2018,0.0,6.6,-3.5,75.3,0.0,-9.8,14,0.7
14,2018-01-15,137,1,0.0,10.6,20180115,2018,0.0,6.3,2.6,66.5,0.0,-3.2,15,1.5
15,2018-01-16,137,1,4.1,9.1,20180116,2018,0.0,1.1,2.4,79.4,0.0,-2.3,16,0.9
16,2018-01-17,137,1,12.3,7.4,20180117,2018,0.0,0.9,3.9,87.9,0.0,1.0,17,1.3
17,2018-01-18,137,1,0.0,7.9,20180118,2018,0.0,2.8,4.6,60.8,0.0,0.5,18,2.2
18,2018-01-19,137,1,0.0,6.1,20180119,2018,0.0,8.1,1.8,39.8,0.0,-2.2,19,2.1
19,2018-01-20,137,1,0.0,6.7,20180120,2018,0.0,5.9,1.5,56.4,0.0,-4.6,20,1.3
20,2018-01-21,137,1,0.0,8.2,20180121,2018,0.0,7.5,1.8,57.1,0.0,-3.2,21,1.0
21,2018-01-22,137,1,0.8,8.9,20180122,2018,0.0,1.3,3.0,57.0,0.0,-0.3,22,1.6
22,2018-01-23,137,1,0.0,0.9,20180123,2018,0.0,8.6,-7.0,38.6,0.0,-10.7,23,5.1
23,2018-01-24,137,1,0.0,-7.3,20180124,2018,0.0,8.7,-11.0,27.3,0.0,-13.9,24,4.0
24,2018-01-25,137,1,0.0,-5.8,20180125,2018,0.0,8.3,-11.0,34.9,0.0,-14.9,25,3.6
25,2018-01-26,137,1,0.0,-6.0,20180126,2018,0.0,8.6,-11.5,37.9,0.0,-14.8,26,3.8
26,2018-01-27,137,1,0.0,1.3,20180127,2018,0.0,8.7,-6.6,30.8,0.0,-14.0,27,2.0
27,2018-01-28,137,1,0.0,1.6,20180128,2018,0.0,7.9,-3.3,30.5,0.0,-6.2,28,3.6
28,2018-01-29,137,1,0.0,-2.8,20180129,2018,0.0,8.7,-6.2,36.8,0.0,-8.4,29,3.2
29,2018-01-30,137,1,0.0,1.6,20180130,2018,0.0,8.5,-4.0,44.9,0.0,-10.2,30,2.6
30,2018-01-31,137,1,0.0,5.2,20180131,2018,0.0,5.8,0.3,43.5,0.0,-3.4,31,2.0
31,2018-02-01,137,2,0.0,5.0,20180201,2018,0.0,8.7,-1.5,35.9,0.0,-7.5,1,1.4
32,2018-02-02,137,2,0.0,5.0,20180202,2018,0.0,8.7,-1.3,31.9,0.0,-8.2,2,2.0
33,2018-02-03,137,2,0.0,-1.3,20180203,2018,0.0,8.7,-4.5,40.3,0.0,-8.0,3,3.7
34,2018-02-04,137,2,0.0,-3.6,20180204,2018,0.0,8.8,-7.7,34.9,0.0,-10.8,4,3.5
35,2018-02-05,137,2,0.0,-3.1,20180205,2018,0.0,8.7,-7.8,33.3,0.0,-10.9,5,3.5
36,2018-02-06,137,2,0.0,-4.0,20180206,2018,0.0,8.8,-8.3,39.1,0.0,-11.6,6,2.8
37,2018-02-07,137,2,0.0,-0.7,20180207,2018,0.0,8.9,-7.2,33.5,0.0,-13.2,7,2.3
38,2018-02-08,137,2,0.0,5.2,20180208,2018,0.0,8.9,-4.6,40.8,0.0,-12.5,8,1.1
39,2018-02-09,137,2,0.0,9.7,20180209,2018,0.0,7.5,1.3,42.9,0.0,-8.5,9,1.3
40,2018-02-10,137,2,0.0,7.6,20180210,2018,0.0,1.9,2.0,39.8,0.0,-4.5,10,3.2
41,2018-02-11,137,2,0.6,-0.9,20180211,2018,0.0,5.7,-4.1,51.0,0.0,-7.2,11,3.3
42,2018-02-12,137,2,0.7,-0.9,20180212,2018,0.0,7.0,-5.0,53.1,0.0,-9.1,12,2.9
43,2018-02-13,137,2,0.2,4.7,20180213,2018,0.0,9.0,-1.1,48.0,0.0,-5.4,13,2.5
44,2018-02-14,137,2,0.0,12.7,20180214,2018,0.0,6.7,2.4,59.1,0.0,-8.0,14,2.0
45,2018-02-15,137,2,0.0,8.5,20180215,2018,0.0,8.7,2.8,28.5,0.0,-0.9,15,2.6
46,2018-02-16,137,2,0.0,8.2,20180216,2018,0.0,8.9,2.0,25.1,0.0,-3.2,16,2.6
47,2018-02-17,137,2,0.0,5.2,20180217,2018,0.0,8.9,-0.3,22.9,0.0,-3.9,17,3.9
48,2018-02-18,137,2,0.0,6.5,20180218,2018,0.0,3.6,1.5,24.1,0.0,-2.9,18,1.9
49,2018-02-19,137,2,0.0,10.8,20180219,2018,0.0,7.1,3.8,28.8,0.0,-2.4,19,1.3
50,2018-02-20,137,2,0.0,10.0,20180220,2018,0.0,6.9,3.6,35.0,0.0,-2.9,20,2.1
51,2018-02-21,137,2,0.0,7.0,20180221,2018,0.0,6.2,1.1,22.8,0.0,-2.3,21,2.4
52,2018-02-22,137,2,0.0,8.6,20180222,2018,0.0,8.9,1.0,34.3,0.0,-6.8,22,1.8
53,2018-02-23,137,2,2.0,10.4,20180223,2018,0.0,3.0,4.5,60.3,0.0,-3.1,23,1.6
54,2018-02-24,137,2,0.0,12.7,20180224,2018,0.0,5.8,6.8,46.4,0.0,2.2,24,2.3
55,2018-02-25,137,2,0.0,12.4,20180225,2018,0.0,5.6,5.4,44.9,0.0,1.8,25,1.7
56,2018-02-26,137,2,0.0,13.9,20180226,2018,0.0,9.9,4.9,22.8,0.0,-1.8,26,1.7
57,2018-02-27,137,2,0.0,15.3,20180227,2018,0.0,6.9,5.6,35.4,0.0,-4.0,27,1.4
58,2018-02-28,137,2,33.4,7.6,20180228,2018,0.0,0.0,4.8,74.1,0.0,2.1,28,2.3
59,2018-03-01,137,3,1.6,5.9,20180301,2018,0.0,8.6,2.7,52.9,0.0,-2.2,1,5.6
60,2018-03-02,137,3,0.0,10.1,20180302,2018,0.0,10.0,2.0,34.5,0.0,-4.9,2,2.1
61,2018-03-03,137,3,0.0,15.6,20180303,2018,0.0,9.7,6.0,45.3,0.0,-3.0,3,1.2
62,2018-03-04,137,3,16.2,21.6,20180304,2018,0.0,6.4,13.0,63.3,0.0,4.6,4,1.4
63,2018-03-05,137,3,23.2,12.8,20180305,2018,0.0,0.1,5.0,82.4,0.0,3.0,5,2.1
64,2018-03-06,137,3,0.0,11.9,20180306,2018,0.0,9.7,4.5,62.6,0.0,-1.7,6,1.3
65,2018-03-07,137,3,4.8,7.2,20180307,2018,0.0,0.1,3.9,72.4,0.0,0.4,7,1.5
66,2018-03-08,137,3,18.9,6.6,20180308,2018,0.0,0.4,2.7,85.4,0.0,0.2,8,1.3
67,2018-03-09,137,3,0.0,8.1,20180309,2018,0.0,0.9,3.8,70.0,0.0,1.0,9,1.7
68,2018-03-10,137,3,0.0,12.6,20180310,2018,0.0,9.0,5.3,57.8,0.0,-1.0,10,1.8
69,2018-03-11,137,3,0.0,14.6,20180311,2018,0.0,9.3,7.8,46.4,0.0,3.1,11,2.4
70,2018-03-12,137,3,0.0,19.4,20180312,2018,0.0,9.7,9.0,49.9,0.0,-1.2,12,1.2
71,2018-03-13,137,3,0.0,22.5,20180313,2018,0.0,9.1,13.2,48.0,0.0,1.2,13,1.8
72,2018-03-14,137,3,0.0,25.0,20180314,2018,0.0,8.6,15.9,55.8,0.0,6.5,14,1.4
73,2018-03-15,137,3,8.7,15.2,20180315,2018,0.0,0.0,13.2,88.8,0.0,10.7,15,0.8
74,2018-03-16,137,3,0.3,14.3,20180316,2018,0.0,0.0,4.2,65.5,0.0,0.4,16,2.4
75,2018-03-17,137,3,0.0,12.2,20180317,2018,0.0,10.2,4.1,61.8,0.0,-3.3,17,1.1
76,2018-03-18,137,3,2.2,12.7,20180318,2018,0.0,0.6,7.2,72.5,0.0,0.5,18,0.7
77,2018-03-19,137,3,29.6,9.9,20180319,2018,0.0,0.0,6.9,88.3,0.0,3.5,19,2.6
78,2018-03-20,137,3,0.0,9.1,20180320,2018,0.0,2.6,4.8,49.1,0.0,2.3,20,3.8
79,2018-03-21,137,3,17.6,3.9,20180321,2018,0.0,0.0,0.7,91.5,0.0,-0.7,21,1.3
80,2018-03-22,137,3,0.0,11.7,20180322,2018,0.0,10.1,5.5,60.3,0.0,0.7,22,2.8
81,2018-03-23,137,3,0.0,14.8,20180323,2018,0.0,10.3,7.8,46.4,0.0,1.6,23,2.3
82,2018-03-24,137,3,0.0,16.8,20180324,2018,0.0,9.5,10.5,47.3,0.0,4.4,24,3.0
83,2018-03-25,137,3,0.0,20.0,20180325,2018,0.0,10.6,13.8,38.5,0.0,7.0,25,2.8
84,2018-03-26,137,3,0.0,21.5,20180326,2018,0.0,10.3,14.9,41.5,0.0,6.6,26,2.7
85,2018-03-27,137,3,0.0,23.5,20180327,2018,0.0,10.2,15.5,49.0,0.0,6.0,27,2.3
86,2018-03-28,137,3,0.0,23.5,20180328,2018,0.0,9.8,16.7,45.9,0.0,8.6,28,2.6
87,2018-03-29,137,3,0.0,23.2,20180329,2018,0.0,3.8,16.1,52.0,0.0,10.0,29,2.0
88,2018-03-30,137,3,0.0,19.8,20180330,2018,0.0,8.7,13.0,46.5,0.0,7.3,30,1.8
89,2018-03-31,137,3,0.0,24.3,20180331,2018,0.0,9.8,14.9,48.6,0.0,5.3,31,1.5
90,2018-04-01,137,4,0.0,23.8,20180401,2018,0.0,2.0,17.7,51.3,0.0,10.7,1,1.5
91,2018-04-02,137,4,0.0,27.0,20180402,2018,0.0,9.8,19.3,56.6,0.0,11.1,2,1.7
92,2018-04-03,137,4,0.0,26.6,20180403,2018,0.0,9.0,20.1,53.9,0.0,11.4,3,1.9
93,2018-04-04,137,4,15.9,19.6,20180404,2018,0.0,0.0,11.3,85.4,0.0,7.1,4,1.7
94,2018-04-05,137,4,25.6,7.2,20180405,2018,0.0,0.0,6.4,94.9,0.0,5.7,5,1.8
95,2018-04-06,137,4,22.4,13.9,20180406,2018,0.0,5.4,7.8,64.3,0.0,3.5,6,3.0
96,2018-04-07,137,4,0.0,9.9,20180407,2018,0.0,9.1,5.2,35.4,0.0,2.6,7,4.2
97,2018-04-08,137,4,0.0,14.9,20180408,2018,0.0,8.6,8.7,38.5,0.0,0.7,8,2.6
98,2018-04-09,137,4,0.0,19.4,20180409,2018,0.0,10.6,11.9,44.5,0.0,6.8,9,1.9
99,2018-04-10,137,4,0.0,25.3,20180410,2018,0.0,9.8,14.5,48.8,0.0,2.2,10,1.5
100,2018-04-11,137,4,4.7,21.4,20180411,2018,0.0,11.0,16.6,42.4,0.0,10.9,11,3.6
101,2018-04-12,137,4,0.0,22.4,20180412,2018,0.0,11.4,14.7,25.5,0.0,5.0,12,2.8
102,2018-04-13,137,4,0.0,19.9,20180413,2018,0.0,4.0,12.6,35.5,0.0,4.7,13,2.1
103,2018-04-14,137,4,21.9,11.4,20180414,2018,0.0,0.0,9.0,84.9,0.0,6.9,14,1.9
104,2018-04-15,137,4,0.0,16.7,20180415,2018,0.0,9.4,11.3,54.9,0.0,7.2,15,3.1
105,2018-04-16,137,4,0.0,18.7,20180416,2018,0.0,11.0,12.3,51.3,0.0,5.1,16,1.5
106,2018-04-17,137,4,0.0,22.0,20180417,2018,0.0,10.8,13.9,50.9,0.0,6.3,17,1.2
107,2018-04-18,137,4,0.0,23.6,20180418,2018,0.0,11.5,15.8,37.0,0.0,7.0,18,2.0
108,2018-04-19,137,4,0.0,26.2,20180419,2018,0.0,11.4,18.0,22.9,0.0,9.6,19,2.7
109,2018-04-20,137,4,0.0,30.0,20180420,2018,0.0,11.5,20.0,38.1,0.0,9.4,20,1.1
110,2018-04-21,137,4,0.0,32.0,20180421,2018,0.0,10.7,21.4,39.6,0.0,11.2,21,1.2
111,2018-04-22,137,4,0.5,19.4,20180422,2018,0.0,1.3,15.6,57.3,0.0,11.1,22,0.8
112,2018-04-23,137,4,37.3,13.7,20180423,2018,0.0,0.0,9.9,94.0,0.0,9.5,23,1.3
113,2018-04-24,137,4,13.1,14.3,20180424,2018,0.0,0.0,11.0,85.5,0.0,7.8,24,0.9
114,2018-04-25,137,4,0.0,22.4,20180425,2018,0.0,12.3,13.2,54.6,0.0,3.9,25,0.8
115,2018-04-26,137,4,0.0,25.4,20180426,2018,0.0,10.1,15.9,49.9,0.0,5.0,26,1.3
116,2018-04-27,137,4,0.0,24.4,20180427,2018,0.0,10.8,17.4,41.6,0.0,11.4,27,2.1
117,2018-04-28,137,4,0.0,25.6,20180428,2018,0.0,12.0,17.3,42.5,0.0,8.6,28,1.7
118,2018-04-29,137,4,0.0,27.6,20180429,2018,0.0,12.2,18.2,29.1,0.0,7.0,29,1.7
119,2018-04-30,137,4,0.0,28.2,20180430,2018,0.0,10.9,21.1,47.4,0.0,12.7,30,1.3
120,2018-05-01,137,5,1.7,27.1,20180501,2018,0.0,5.9,19.7,76.0,0.0,13.9,1,1.0
121,2018-05-02,137,5,22.7,18.2,20180502,2018,0.0,0.0,15.2,90.3,0.0,11.1,2,1.5
122,2018-05-03,137,5,0.0,17.7,20180503,2018,0.0,11.1,12.6,53.3,0.0,8.9,3,3.8
123,2018-05-04,137,5,0.0,22.0,20180504,2018,0.0,12.5,15.1,33.1,0.0,8.8,4,3.9
124,2018-05-05,137,5,0.0,27.2,20180505,2018,0.0,11.1,18.7,34.5,0.0,7.5,5,1.8
125,2018-05-06,137,5,26.6,20.0,20180506,2018,0.0,0.0,14.8,95.1,0.0,13.6,6,1.0
126,2018-05-07,137,5,4.2,20.5,20180507,2018,0.0,1.0,16.3,88.6,0.0,13.4,7,0.7
127,2018-05-08,137,5,0.0,18.7,20180508,2018,0.0,2.2,14.6,67.9,0.0,10.0,8,1.5
128,2018-05-09,137,5,0.0,20.7,20180509,2018,0.0,10.6,13.4,66.3,0.0,6.3,9,1.1
129,2018-05-10,137,5,0.0,24.5,20180510,2018,0.0,11.0,16.5,59.3,0.0,9.1,10,1.3
130,2018-05-11,137,5,0.0,25.7,20180511,2018,0.0,10.9,18.8,45.8,0.0,11.8,11,2.0
131,2018-05-12,137,5,16.4,17.2,20180512,2018,0.0,0.0,14.2,85.3,0.0,13.1,12,0.6
132,2018-05-13,137,5,2.9,23.8,20180513,2018,0.0,7.7,18.3,74.4,0.0,14.5,13,1.6
133,2018-05-14,137,5,0.0,28.5,20180514,2018,0.0,11.8,20.9,60.6,0.0,13.2,14,1.4
134,2018-05-15,137,5,0.0,32.2,20180515,2018,0.0,9.3,23.4,61.3,0.0,15.0,15,0.7
135,2018-05-16,137,5,0.2,26.2,20180516,2018,0.0,0.2,23.0,85.8,0.0,19.7,16,0.6
136,2018-05-17,137,5,0.0,29.9,20180517,2018,0.0,2.3,25.1,78.5,0.0,20.8,17,1.1
137,2018-05-18,137,5,6.7,24.8,20180518,2018,0.0,0.3,20.8,88.1,0.0,13.8,18,1.6
138,2018-05-19,137,5,0.0,21.3,20180519,2018,0.0,6.1,15.8,59.3,0.0,12.1,19,1.4
139,2018-05-20,137,5,0.0,23.5,20180520,2018,0.0,7.2,15.0,57.0,0.0,7.6,20,1.6
140,2018-05-21,137,5,0.0,19.5,20180521,2018,0.0,0.1,15.6,69.6,0.0,11.5,21,0.9
141,2018-05-22,137,5,3.5,25.4,20180522,2018,0.0,3.8,17.1,81.6,0.0,11.4,22,0.7
142,2018-05-23,137,5,16.5,25.8,20180523,2018,0.0,10.9,19.6,56.4,0.0,15.3,23,1.7
143,2018-05-24,137,5,0.0,27.4,20180524,2018,0.0,12.2,19.8,46.5,0.0,10.1,24,1.8
144,2018-05-25,137,5,0.0,28.1,20180525,2018,0.0,9.5,20.7,43.1,0.0,14.0,25,1.5
145,2018-05-26,137,5,0.0,30.4,20180526,2018,0.0,12.7,21.8,52.4,0.0,11.5,26,0.9
146,2018-05-27,137,5,0.0,26.8,20180527,2018,0.0,1.9,21.5,58.3,0.0,15.5,27,0.9
147,2018-05-28,137,5,0.0,29.5,20180528,2018,0.0,11.7,23.6,54.9,0.0,15.7,28,1.4
148,2018-05-29,137,5,0.0,29.9,20180529,2018,0.0,9.0,23.9,62.5,0.0,18.1,29,1.0
149,2018-05-30,137,5,3.7,28.6,20180530,2018,0.0,6.1,21.9,67.3,0.0,17.5,30,1.2
150,2018-05-31,137,5,0.0,27.9,20180531,2018,0.0,12.8,21.1,55.5,0.0,15.2,31,1.7
151,2018-06-01,137,6,0.0,32.2,20180601,2018,0.0,12.6,24.4,51.4,0.0,15.4,1,1.1
152,2018-06-02,137,6,0.0,32.6,20180602,2018,0.0,12.5,25.6,36.1,0.0,17.2,2,1.6
153,2018-06-03,137,6,0.0,32.0,20180603,2018,0.0,10.8,23.6,43.9,0.0,15.8,3,1.1
154,2018-06-04,137,6,0.0,30.8,20180604,2018,0.0,8.8,24.8,43.5,0.0,18.4,4,1.5
155,2018-06-05,137,6,0.3,27.2,20180605,2018,0.0,5.4,21.7,72.1,0.0,18.3,5,0.8
156,2018-06-06,137,6,0.0,31.8,20180606,2018,0.0,10.6,24.8,59.0,0.0,17.6,6,1.4
157,2018-06-07,137,6,0.0,33.0,20180607,2018,0.0,12.3,25.8,55.0,0.0,19.8,7,1.7
158,2018-06-08,137,6,0.0,29.2,20180608,2018,0.0,10.2,23.5,61.1,0.0,19.4,8,2.1
159,2018-06-09,137,6,0.0,27.1,20180609,2018,0.0,3.7,21.2,63.6,0.0,16.6,9,1.2
160,2018-06-10,137,6,0.0,22.5,20180610,2018,0.0,0.0,19.4,63.0,0.0,17.9,10,1.3
161,2018-06-11,137,6,0.1,22.2,20180611,2018,0.0,0.4,18.5,74.9,0.0,15.6,11,0.6
162,2018-06-12,137,6,0.0,26.5,20180612,2018,0.0,6.1,20.5,69.9,0.0,16.6,12,1.0
163,2018-06-13,137,6,0.0,26.5,20180613,2018,0.0,4.5,20.7,63.1,0.0,17.2,13,1.0
164,2018-06-14,137,6,0.1,24.9,20180614,2018,0.0,1.6,20.1,66.1,0.0,17.5,14,1.1
165,2018-06-15,137,6,0.0,25.8,20180615,2018,0.0,6.4,19.5,57.9,0.0,15.7,15,1.2
166,2018-06-16,137,6,0.0,26.7,20180616,2018,0.0,8.0,19.5,60.9,0.0,12.8,16,1.0
167,2018-06-17,137,6,0.0,27.6,20180617,2018,0.0,6.1,20.7,69.0,0.0,13.2,17,0.7
168,2018-06-18,137,6,0.0,32.9,20180618,2018,0.0,10.5,25.4,57.1,0.0,17.8,18,0.9
169,2018-06-19,137,6,0.9,26.5,20180619,2018,0.0,0.0,22.1,73.3,0.0,19.2,19,1.5
170,2018-06-20,137,6,0.0,30.1,20180620,2018,0.0,10.6,24.0,58.5,0.0,18.2,20,2.1
171,2018-06-21,137,6,0.0,30.5,20180621,2018,0.0,12.6,24.5,46.5,0.0,19.0,21,2.1
172,2018-06-22,137,6,0.0,33.2,20180622,2018,0.0,9.3,25.4,40.8,0.0,17.8,22,1.2
173,2018-06-23,137,6,0.0,31.8,20180623,2018,0.0,8.4,26.0,40.4,0.0,20.3,23,2.1
174,2018-06-24,137,6,0.0,35.2,20180624,2018,0.0,12.1,27.4,47.6,0.0,20.9,24,2.1
175,2018-06-25,137,6,0.0,33.7,20180625,2018,0.0,6.8,26.8,51.9,0.0,19.6,25,0.8
176,2018-06-26,137,6,17.9,26.5,20180626,2018,0.0,0.0,22.0,89.9,0.0,20.6,26,0.7
177,2018-06-27,137,6,56.7,32.2,20180627,2018,0.0,7.8,26.6,72.8,0.0,23.1,27,1.9
178,2018-06-28,137,6,0.0,27.2,20180628,2018,0.0,0.4,24.2,81.6,0.0,22.1,28,1.0
179,2018-06-29,137,6,0.9,31.5,20180629,2018,0.0,6.6,25.6,76.5,0.0,20.6,29,1.0
180,2018-06-30,137,6,0.0,26.6,20180630,2018,0.0,0.1,24.0,84.1,0.0,21.4,30,0.9
181,2018-07-01,137,7,49.3,24.7,20180701,2018,0.0,0.0,21.6,94.1,0.0,19.8,1,0.8
182,2018-07-02,137,7,44.7,22.5,20180702,2018,0.0,0.0,21.7,97.9,0.0,20.4,2,0.7
183,2018-07-03,137,7,11.5,27.1,20180703,2018,0.0,0.9,23.8,90.5,0.0,22.0,3,1.5
184,2018-07-04,137,7,0.0,33.3,20180704,2018,0.0,8.3,26.9,76.0,0.0,22.0,4,1.7
185,2018-07-05,137,7,1.6,28.0,20180705,2018,0.0,1.1,23.8,90.9,0.0,22.6,5,0.8
186,2018-07-06,137,7,4.5,23.4,20180706,2018,0.0,0.1,21.4,82.8,0.0,18.8,6,0.9
187,2018-07-07,137,7,0.0,27.0,20180707,2018,0.0,9.6,20.9,69.3,0.0,15.7,7,1.0
188,2018-07-08,137,7,0.0,24.3,20180708,2018,0.0,0.2,19.9,73.5,0.0,15.8,8,0.9
189,2018-07-09,137,7,12.0,19.5,20180709,2018,0.0,0.0,18.9,95.5,0.0,18.2,9,0.8
190,2018-07-10,137,7,0.1,26.9,20180710,2018,0.0,0.2,22.9,90.4,0.0,18.4,10,0.6
191,2018-07-11,137,7,0.0,33.5,20180711,2018,0.0,4.1,26.9,86.8,0.0,21.9,11,0.7
192,2018-07-12,137,7,0.0,33.6,20180712,2018,0.0,10.7,28.8,73.9,0.0,23.9,12,1.2
193,2018-07-13,137,7,0.0,33.8,20180713,2018,0.0,10.1,29.1,68.0,0.0,26.0,13,1.4
194,2018-07-14,137,7,0.0,33.6,20180714,2018,0.0,12.6,29.0,67.3,0.0,25.1,14,1.5
195,2018-07-15,137,7,0.0,35.2,20180715,2018,0.0,12.8,29.6,65.3,0.0,24.4,15,1.4
196,2018-07-16,137,7,0.0,35.7,20180716,2018,0.0,12.7,29.9,65.8,0.0,24.3,16,1.2
197,2018-07-17,137,7,0.0,34.4,20180717,2018,0.0,11.9,29.1,64.8,0.0,25.1,17,1.6
198,2018-07-18,137,7,0.0,35.0,20180718,2018,0.0,12.0,29.0,68.5,0.0,23.3,18,0.9
199,2018-07-19,137,7,0.0,35.8,20180719,2018,0.0,11.7,29.7,67.4,0.0,24.8,19,0.9
200,2018-07-20,137,7,0.0,36.8,20180720,2018,0.0,12.6,29.6,67.8,0.0,23.3,20,0.8
201,2018-07-21,137,7,0.0,36.9,20180721,2018,0.0,12.3,30.2,68.3,0.0,24.0,21,0.8
202,2018-07-22,137,7,0.0,35.7,20180722,2018,0.0,9.2,30.1,71.4,0.0,25.0,22,0.8
203,2018-07-23,137,7,0.0,36.4,20180723,2018,0.0,10.9,30.4,66.4,0.0,25.2,23,0.6
204,2018-07-24,137,7,0.0,37.5,20180724,2018,0.0,11.7,30.8,66.5,0.0,24.9,24,0.6
205,2018-07-25,137,7,0.0,36.5,20180725,2018,0.0,11.8,31.3,60.3,0.0,28.0,25,1.5
206,2018-07-26,137,7,0.0,37.1,20180726,2018,0.0,12.1,31.6,58.8,0.0,26.4,26,1.4
207,2018-07-27,137,7,0.0,38.0,20180727,2018,0.0,11.6,32.2,61.9,0.0,26.3,27,1.1
208,2018-07-28,137,7,0.0,36.5,20180728,2018,0.0,5.6,29.2,75.1,0.0,26.3,28,0.8
209,2018-07-29,137,7,0.0,36.8,20180729,2018,0.0,11.4,29.8,61.1,0.0,24.0,29,1.2
210,2018-07-30,137,7,7.6,35.9,20180730,2018,0.0,5.7,29.1,64.6,0.0,24.9,30,0.8
211,2018-07-31,137,7,0.0,36.8,20180731,2018,3.0,11.9,29.4,63.9,0.0,22.3,31,0.8
212,2018-08-01,137,8,0.0,38.0,20180801,2018,0.9,12.4,30.9,57.5,0.0,23.0,1,0.8
213,2018-08-02,137,8,0.0,38.0,20180802,2018,1.9,12.5,30.9,57.1,0.0,23.6,2,0.8
214,2018-08-03,137,8,0.0,37.8,20180803,2018,2.3,12.2,31.3,57.9,0.0,24.5,3,1.1
215,2018-08-04,137,8,0.0,37.7,20180804,2018,3.5,12.3,31.6,56.6,0.0,27.2,4,2.1
216,2018-08-05,137,8,0.0,35.6,20180805,2018,5.3,8.7,30.5,61.3,0.0,26.8,5,1.8
217,2018-08-06,137,8,0.0,35.9,20180806,2018,6.4,5.2,30.1,68.1,0.0,26.1,6,1.3
218,2018-08-07,137,8,0.0,35.2,20180807,2018,5.9,7.0,29.6,65.9,0.0,25.5,7,1.0
219,2018-08-08,137,8,0.0,37.2,20180808,2018,4.0,8.9,30.0,64.6,0.0,24.1,8,1.0
220,2018-08-09,137,8,2.9,36.9,20180809,2018,6.1,6.9,29.8,68.3,0.0,24.5,9,1.1
221,2018-08-10,137,8,1.4,33.2,20180810,2018,7.4,4.5,27.6,81.1,0.0,24.6,10,1.0
222,2018-08-11,137,8,0.0,31.2,20180811,2018,7.1,1.0,27.3,74.6,0.0,24.6,11,0.8
223,2018-08-12,137,8,0.0,34.0,20180812,2018,7.0,3.6,28.1,73.5,0.0,24.3,12,0.8
224,2018-08-13,137,8,0.0,38.0,20180813,2018,5.6,10.1,30.6,67.3,0.0,24.3,13,0.8
225,2018-08-14,137,8,0.0,38.4,20180814,2018,4.9,12.0,31.1,60.4,0.0,24.9,14,0.7
226,2018-08-15,137,8,0.0,38.5,20180815,2018,4.4,11.4,30.3,61.0,0.0,24.6,15,1.3
227,2018-08-16,137,8,7.3,33.2,20180816,2018,7.4,6.4,26.6,68.1,0.0,23.3,16,1.2
228,2018-08-17,137,8,0.0,30.1,20180817,2018,5.5,5.5,24.5,53.6,0.0,20.4,17,1.4
229,2018-08-18,137,8,0.0,31.5,20180818,2018,4.9,10.2,23.7,59.5,0.0,16.6,18,1.0
230,2018-08-19,137,8,0.0,33.8,20180819,2018,5.8,11.6,25.3,57.9,0.0,17.6,19,0.8
231,2018-08-20,137,8,0.0,34.8,20180820,2018,4.7,10.8,27.0,57.8,0.0,19.7,20,1.2
232,2018-08-21,137,8,0.0,35.8,20180821,2018,5.8,8.3,27.5,64.6,0.0,21.3,21,1.0
233,2018-08-22,137,8,0.0,36.0,20180822,2018,5.6,8.3,28.8,63.1,0.0,22.1,22,1.2
234,2018-08-23,137,8,17.4,33.6,20180823,2018,9.3,1.6,28.3,69.0,0.0,24.9,23,1.8
235,2018-08-24,137,8,46.7,29.7,20180824,2018,7.8,3.3,26.2,80.3,0.0,23.8,24,2.6
236,2018-08-25,137,8,0.2,29.1,20180825,2018,9.1,2.3,24.9,73.9,0.0,21.4,25,0.8
237,2018-08-26,137,8,83.9,23.4,20180826,2018,10.0,0.0,19.4,96.8,0.0,18.2,26,0.5
238,2018-08-27,137,8,60.3,24.2,20180827,2018,9.4,0.0,21.3,99.4,0.0,18.7,27,0.5
239,2018-08-28,137,8,22.4,28.0,20180828,2018,9.6,0.3,24.9,95.3,0.0,22.6,28,0.5
240,2018-08-29,137,8,0.0,33.7,20180829,2018,8.3,7.4,27.2,80.8,0.0,23.3,29,0.7
241,2018-08-30,137,8,33.8,31.4,20180830,2018,7.4,3.0,25.9,88.0,0.0,23.8,30,1.2
242,2018-08-31,137,8,66.5,25.7,20180831,2018,8.5,2.6,22.0,95.3,0.0,19.4,31,0.9
243,2018-09-01,137,9,0.0,29.1,20180901,2018,6.8,8.3,23.9,75.3,0.0,20.0,1,1.0
244,2018-09-02,137,9,0.0,26.4,20180902,2018,4.5,4.6,21.6,80.0,0.0,16.7,2,0.8
245,2018-09-03,137,9,8.4,26.1,20180903,2018,9.5,0.1,22.6,93.5,0.0,19.9,3,0.7
246,2018-09-04,137,9,59.9,29.6,20180904,2018,4.3,8.9,24.0,71.8,0.0,20.8,4,1.6
247,2018-09-05,137,9,0.0,28.3,20180905,2018,2.9,9.9,23.6,58.5,0.0,19.5,5,2.3
248,2018-09-06,137,9,0.0,28.3,20180906,2018,8.0,3.6,22.8,75.0,0.0,17.6,6,0.9
249,2018-09-07,137,9,0.0,26.3,20180907,2018,9.3,1.2,22.2,63.6,0.0,18.8,7,1.5
250,2018-09-08,137,9,0.0,26.2,20180908,2018,3.8,8.3,19.6,68.4,0.0,14.8,8,0.9
251,2018-09-09,137,9,0.0,27.6,20180909,2018,1.4,10.2,20.3,69.1,0.0,13.1,9,0.7
252,2018-09-10,137,9,0.0,26.4,20180910,2018,3.8,8.8,20.1,66.6,0.0,15.1,10,0.9
253,2018-09-11,137,9,0.0,25.2,20180911,2018,6.5,6.4,18.6,67.5,0.0,12.0,11,1.1
254,2018-09-12,137,9,0.0,27.3,20180912,2018,7.6,5.7,20.8,72.6,0.0,15.1,12,0.7
255,2018-09-13,137,9,0.9,20.8,20180913,2018,9.3,0.0,19.2,90.3,0.0,17.7,13,0.4
256,2018-09-14,137,9,15.3,22.2,20180914,2018,8.1,0.0,20.3,97.5,0.0,18.6,14,0.9
257,2018-09-15,137,9,2.8,23.5,20180915,2018,8.5,0.0,20.8,97.3,0.0,18.9,15,0.5
258,2018-09-16,137,9,0.0,27.1,20180916,2018,8.1,1.4,22.8,83.3,0.0,20.5,16,1.0
259,2018-09-17,137,9,0.0,28.3,20180917,2018,5.8,8.2,22.0,71.8,0.0,17.1,17,1.3
260,2018-09-18,137,9,0.0,28.5,20180918,2018,5.0,9.8,21.0,70.0,0.0,14.7,18,0.9
261,2018-09-19,137,9,0.0,23.5,20180919,2018,9.4,0.6,19.9,80.0,0.0,15.1,19,0.6
262,2018-09-20,137,9,11.0,20.3,20180920,2018,7.3,0.0,18.2,99.4,0.0,17.3,20,1.1
263,2018-09-21,137,9,35.5,19.2,20180921,2018,8.4,0.0,18.2,99.9,0.0,17.6,21,0.9
264,2018-09-22,137,9,0.0,26.4,20180922,2018,3.5,9.3,20.4,74.4,0.0,14.8,22,1.5
265,2018-09-23,137,9,0.0,25.7,20180923,2018,6.4,6.9,17.8,76.0,0.0,12.0,23,0.7
266,2018-09-24,137,9,0.0,22.0,20180924,2018,6.4,5.1,16.7,67.5,0.0,11.6,24,0.9
267,2018-09-25,137,9,0.0,23.9,20180925,2018,3.9,9.5,15.6,71.6,0.0,8.0,25,0.8
268,2018-09-26,137,9,0.0,23.1,20180926,2018,5.8,4.3,16.2,75.8,0.0,12.1,26,0.9
269,2018-09-27,137,9,0.0,24.1,20180927,2018,2.0,8.7,16.1,70.8,0.0,8.9,27,0.7
270,2018-09-28,137,9,0.0,20.6,20180928,2018,7.9,3.1,15.8,78.8,0.0,9.4,28,0.7
271,2018-09-29,137,9,0.0,24.9,20180929,2018,8.9,6.8,18.3,75.8,0.0,12.9,29,0.7
272,2018-09-30,137,9,0.0,26.5,20180930,2018,2.6,9.2,19.1,58.0,0.0,14.4,30,1.8
273,2018-10-01,137,10,3.4,19.1,20181001,2018,6.3,6.3,15.1,65.8,0.0,11.6,1,2.4
274,2018-10-02,137,10,0.0,22.2,20181002,2018,1.1,9.2,15.3,67.9,0.0,10.2,2,1.5
275,2018-10-03,137,10,0.0,24.0,20181003,2018,1.4,9.2,14.9,72.8,0.0,8.4,3,0.8
276,2018-10-04,137,10,0.0,25.5,20181004,2018,6.9,8.0,17.4,70.9,0.0,10.1,4,0.9
277,2018-10-05,137,10,61.9,17.7,20181005,2018,10.0,0.0,16.8,98.8,0.0,15.5,5,1.2
278,2018-10-06,137,10,91.6,22.3,20181006,2018,8.0,1.0,18.7,87.8,0.0,17.0,6,2.5
279,2018-10-07,137,10,0.0,24.3,20181007,2018,1.9,9.1,18.7,63.8,0.0,13.4,7,1.9
280,2018-10-08,137,10,0.0,21.1,20181008,2018,5.3,8.6,14.5,57.4,0.0,9.6,8,1.1
281,2018-10-09,137,10,0.0,19.7,20181009,2018,9.1,1.9,13.4,81.1,0.0,8.8,9,0.5
282,2018-10-10,137,10,0.1,18.4,20181010,2018,6.5,6.8,13.7,61.0,0.0,9.6,10,2.0
283,2018-10-11,137,10,0.0,16.0,20181011,2018,1.3,9.3,10.5,52.5,0.0,4.9,11,2.1
284,2018-10-12,137,10,0.0,17.8,20181012,2018,0.0,9.2,9.9,67.4,0.0,3.5,12,0.6
285,2018-10-13,137,10,0.0,19.9,20181013,2018,2.9,8.9,10.9,75.0,0.0,3.2,13,0.5
286,2018-10-14,137,10,0.0,21.2,20181014,2018,6.0,8.1,12.3,70.9,0.0,5.6,14,0.7
287,2018-10-15,137,10,0.0,21.4,20181015,2018,2.8,8.8,14.3,67.8,0.0,8.0,15,1.2
288,2018-10-16,137,10,0.0,17.8,20181016,2018,7.9,1.4,12.9,80.3,0.0,8.5,16,0.7
289,2018-10-17,137,10,0.0,19.7,20181017,2018,3.4,7.3,11.7,70.8,0.0,6.7,17,1.0
290,2018-10-18,137,10,1.2,18.6,20181018,2018,5.8,3.2,10.9,74.8,0.0,4.6,18,1.2
291,2018-10-19,137,10,0.0,19.6,20181019,2018,0.0,8.9,11.9,72.6,0.0,5.5,19,0.7
292,2018-10-20,137,10,0.0,20.7,20181020,2018,2.8,7.4,10.0,74.1,0.0,3.3,20,0.6
293,2018-10-21,137,10,0.0,20.6,20181021,2018,3.8,8.7,9.8,69.6,0.0,2.7,21,0.6
294,2018-10-22,137,10,0.0,19.0,20181022,2018,7.8,4.7,11.2,77.0,0.0,4.9,22,0.4
295,2018-10-23,137,10,0.0,19.4,20181023,2018,4.0,5.3,13.8,73.9,0.0,7.6,23,1.2
296,2018-10-24,137,10,0.0,20.5,20181024,2018,1.1,8.8,13.0,64.8,0.0,7.6,24,1.2
297,2018-10-25,137,10,0.0,20.5,20181025,2018,4.6,8.6,10.4,74.1,0.0,4.3,25,0.7
298,2018-10-26,137,10,8.8,12.2,20181026,2018,8.9,0.0,10.2,89.6,0.0,6.9,26,0.9
299,2018-10-27,137,10,0.0,14.3,20181027,2018,4.4,7.5,10.4,53.9,0.0,7.5,27,2.8
300,2018-10-28,137,10,13.3,16.4,20181028,2018,6.1,4.8,9.2,75.5,0.0,3.1,28,1.8
301,2018-10-29,137,10,0.0,14.2,20181029,2018,3.3,4.2,9.5,69.1,0.0,5.1,29,1.6
302,2018-10-30,137,10,0.0,12.6,20181030,2018,0.3,8.8,7.2,52.5,0.0,2.3,30,2.2
303,2018-10-31,137,10,0.0,14.6,20181031,2018,0.3,8.8,8.0,55.5,0.0,2.2,31,1.6
304,2018-11-01,137,11,0.0,16.7,20181101,2018,0.0,8.8,8.1,59.4,0.0,0.7,1,1.2
305,2018-11-02,137,11,0.0,18.3,20181102,2018,0.0,8.8,7.5,66.3,0.0,0.3,2,0.5
306,2018-11-03,137,11,0.0,20.2,20181103,2018,0.3,8.7,8.3,64.9,0.0,-0.1,3,0.3
307,2018-11-04,137,11,0.0,21.1,20181104,2018,1.5,8.7,9.1,62.6,0.0,0.8,4,0.6
308,2018-11-05,137,11,0.0,18.4,20181105,2018,5.6,8.3,8.9,66.6,0.0,1.5,5,0.4
309,2018-11-06,137,11,0.0,19.2,20181106,2018,5.1,8.1,10.5,76.3,0.0,3.0,6,0.5
310,2018-11-07,137,11,1.4,14.3,20181107,2018,9.4,0.0,11.9,94.6,0.0,9.2,7,0.2
311,2018-11-08,137,11,23.2,16.4,20181108,2018,9.0,0.0,13.5,94.3,0.0,12.2,8,1.0
312,2018-11-09,137,11,0.1,15.7,20181109,2018,5.4,2.4,12.1,69.1,0.0,7.6,9,2.4
313,2018-11-10,137,11,0.0,18.7,20181110,2018,3.3,5.8,11.6,74.3,0.0,6.2,10,1.2
314,2018-11-11,137,11,0.0,13.0,20181111,2018,7.8,1.4,8.6,87.6,0.0,4.0,11,0.6
315,2018-11-12,137,11,0.0,16.2,20181112,2018,4.3,8.3,9.6,61.8,0.0,4.9,12,0.9
316,2018-11-13,137,11,0.0,16.6,20181113,2018,4.6,4.5,8.7,73.5,0.0,4.0,13,0.6
317,2018-11-14,137,11,0.0,15.9,20181114,2018,2.0,8.3,7.9,76.1,0.0,2.7,14,0.6
318,2018-11-15,137,11,0.0,15.9,20181115,2018,4.0,8.1,7.3,79.4,0.0,0.8,15,0.6
319,2018-11-16,137,11,0.0,14.6,20181116,2018,7.3,0.5,8.2,75.6,0.0,3.1,16,0.7
320,2018-11-17,137,11,0.0,15.2,20181117,2018,3.3,8.3,8.7,50.3,0.0,3.1,17,1.7
321,2018-11-18,137,11,0.0,10.2,20181118,2018,8.8,0.2,7.1,44.3,0.0,2.2,18,2.0
322,2018-11-19,137,11,0.0,14.4,20181119,2018,1.9,7.7,8.0,54.3,0.0,1.8,19,1.1
323,2018-11-20,137,11,0.0,14.0,20181120,2018,0.0,8.5,6.5,39.8,0.0,1.4,20,1.2
324,2018-11-21,137,11,0.0,10.6,20181121,2018,8.3,1.8,4.5,61.3,0.0,-1.3,21,1.1
325,2018-11-22,137,11,0.0,8.6,20181122,2018,0.6,8.4,4.4,40.9,0.0,1.3,22,2.7
326,2018-11-23,137,11,0.0,8.7,20181123,2018,1.0,7.7,2.0,40.3,0.0,-2.5,23,1.7
327,2018-11-24,137,11,5.1,1.1,20181124,2018,8.8,0.0,-0.6,82.8,0.0,-3.3,24,0.8
328,2018-11-25,137,11,0.0,7.6,20181125,2018,7.0,1.9,2.5,95.0,0.0,0.4,25,0.5
329,2018-11-26,137,11,0.0,6.3,20181126,2018,7.0,2.1,0.9,96.0,0.0,-1.9,26,0.6
330,2018-11-27,137,11,0.0,14.1,20181127,2018,8.0,2.5,5.8,86.9,0.0,-2.2,27,1.0
331,2018-11-28,137,11,0.0,12.6,20181128,2018,3.9,3.0,6.6,41.0,0.0,0.4,28,1.6
332,2018-11-29,137,11,0.0,10.6,20181129,2018,2.8,5.1,4.6,46.3,0.0,-2.3,29,1.0
333,2018-11-30,137,11,0.0,12.0,20181130,2018,1.0,8.2,6.3,45.6,0.0,-0.1,30,1.4
334,2018-12-01,137,12,0.0,11.8,20181201,2018,7.8,4.8,5.4,55.4,0.0,0.7,1,1.0
335,2018-12-02,137,12,0.0,12.3,20181202,2018,5.9,5.5,5.1,73.9,0.0,-1.6,2,0.6
336,2018-12-03,137,12,9.3,11.7,20181203,2018,9.0,0.0,9.2,94.3,0.0,6.2,3,0.4
337,2018-12-04,137,12,16.0,14.0,20181204,2018,9.4,1.3,10.1,79.1,0.0,5.0,4,2.2
338,2018-12-05,137,12,0.0,7.3,20181205,2018,5.6,4.8,3.4,51.9,0.0,-0.7,5,1.5
339,2018-12-06,137,12,0.4,6.8,20181206,2018,8.6,2.5,3.7,65.9,0.0,1.9,6,2.6
340,2018-12-07,137,12,0.0,3.0,20181207,2018,3.5,8.1,-3.5,34.0,0.0,-6.8,7,4.2
341,2018-12-08,137,12,0.0,-2.0,20181208,2018,4.1,6.4,-5.7,40.4,0.0,-8.9,8,2.4
342,2018-12-09,137,12,0.0,0.2,20181209,2018,2.4,7.6,-4.7,33.3,0.0,-9.2,9,3.0
343,2018-12-10,137,12,0.0,4.7,20181210,2018,1.5,8.2,-2.8,39.9,0.0,-8.6,10,1.0
344,2018-12-11,137,12,5.8,1.5,20181211,2018,9.5,0.0,-1.2,81.1,0.0,-5.1,11,0.8
345,2018-12-12,137,12,0.0,2.0,20181212,2018,0.1,8.2,-1.1,55.6,0.0,-3.8,12,2.5
346,2018-12-13,137,12,0.2,4.2,20181213,2018,3.5,4.6,-1.3,59.8,0.0,-6.5,13,2.3
347,2018-12-14,137,12,0.0,2.5,20181214,2018,0.4,8.3,-2.4,43.1,0.0,-5.8,14,2.4
348,2018-12-15,137,12,0.0,4.8,20181215,2018,3.4,7.5,-3.2,55.3,0.0,-10.5,15,0.9
349,2018-12-16,137,12,0.1,4.2,20181216,2018,7.0,2.5,-0.6,72.0,0.0,-5.4,16,0.7
350,2018-12-17,137,12,0.0,7.3,20181217,2018,2.4,7.5,4.2,51.1,0.0,2.2,17,2.8
351,2018-12-18,137,12,0.0,7.8,20181218,2018,2.5,6.2,2.9,58.6,0.0,-0.9,18,2.0
352,2018-12-19,137,12,0.0,12.0,20181219,2018,4.9,7.5,5.5,60.0,0.0,-2.0,19,1.9
353,2018-12-20,137,12,0.0,8.9,20181220,2018,6.0,2.7,2.3,67.3,0.0,-2.3,20,0.6
354,2018-12-21,137,12,0.0,8.8,20181221,2018,2.6,5.6,2.5,64.6,0.0,-4.9,21,0.7
355,2018-12-22,137,12,0.0,13.5,20181222,2018,3.5,8.0,5.6,63.5,0.0,-0.1,22,0.8
356,2018-12-23,137,12,0.0,10.6,20181223,2018,3.5,7.7,6.3,40.9,0.0,0.9,23,3.3
357,2018-12-24,137,12,0.0,4.6,20181224,2018,0.6,8.4,-0.8,38.9,0.0,-4.4,24,2.3
358,2018-12-25,137,12,0.0,5.7,20181225,2018,7.0,2.9,0.1,54.5,0.0,-5.7,25,1.3
359,2018-12-26,137,12,0.0,7.7,20181226,2018,6.4,6.9,3.2,38.0,0.0,-1.0,26,2.7
360,2018-12-27,137,12,0.0,-1.0,20181227,2018,2.1,8.4,-5.8,24.5,0.0,-8.7,27,4.3
361,2018-12-28,137,12,0.0,-4.0,20181228,2018,1.0,8.1,-7.9,39.3,0.0,-10.9,28,3.4
362,2018-12-29,137,12,0.0,-1.5,20181229,2018,0.0,8.3,-5.6,35.1,0.0,-9.1,29,3.4
363,2018-12-30,137,12,0.0,1.1,20181230,2018,3.4,8.3,-4.6,34.8,0.0,-8.9,30,2.3
364,2018-12-31,137,12,0.0,4.4,20181231,2018,2.4,8.3,-4.6,41.8,0.0,-12.8,31,1.6
