,tmax,year,tmin,humid,cloud,sunshine,date,day,rainfall,station_id,Date,wind,month,tavg,snow
0,-1.0,2021,-8.5,79.8,5.3,1.1,20210101,1,0.5,137,2021-01-01,1.6,1,-4.2,0.0
1,0.5,2021,-5.5,56.5,1.6,7.5,20210102,2,0.0,137,2021-01-02,2.1,1,-3.1,0.0
2,1.0,2021,-7.0,47.8,4.8,7.0,20210103,3,0.0,137,2021-01-03,2.6,1,-3.2,0.0
3,4.0,2021,-7.4,59.8,3.4,8.0,20210104,4,0.0,137,2021-01-04,1.5,1,-2.0,0.0
4,1.3,2021,-7.6,51.8,3.1,6.1,20210105,5,0.0,137,2021-01-05,2.4,1,-2.7,0.0
5,-0.3,2021,-10.1,57.0,1.1,8.0,20210106,6,0.3,137,2021-01-06,2.0,1,-5.6,0.0
6,-4.0,2021,-15.4,42.3,1.9,7.9,20210107,7,2.0,137,2021-01-07,4.3,1,-11.8,0.0
7,-7.8,2021,-16.3,45.0,0.9,8.1,20210108,8,0.0,137,2021-01-08,2.8,1,-12.8,0.0
8,-5.7,2021,-14.7,51.0,1.3,8.1,20210109,9,0.0,137,2021-01-09,2.7,1,-10.6,0.0
9,-0.4,2021,-10.9,48.9,1.0,7.8,20210110,10,0.0,137,2021-01-10,2.3,1,-6.9,0.0
10,-3.0,2021,-11.1,65.5,7.9,0.2,20210111,11,0.0,137,2021-01-11,0.9,1,-6.8,0.0
11,2.9,2021,-9.0,64.1,4.0,6.4,20210112,12,0.0,137,2021-01-12,1.2,1,-2.3,0.0
12,10.6,2021,-6.1,71.9,1.1,7.9,20210113,13,0.0,137,2021-01-13,1.3,1,2.6,0.0
13,9.8,2021,-2.6,46.6,0.0,8.2,20210114,14,0.0,137,2021-01-14,1.3,1,3.2,0.0
14,12.7,2021,-4.4,59.8,6.9,3.5,20210115,15,0.0,137,2021-01-15,1.4,1,3.7,0.0
15,3.9,2021,-5.2,52.9,2.8,6.0,20210116,16,0.0,137,2021-01-16,3.3,1,-1.2,0.0
16,0.2,2021,-8.0,50.4,3.5,8.3,20210117,17,0.1,137,2021-01-17,1.9,1,-3.7,0.0
17,2.8,2021,-6.2,67.6,5.1,1.9,20210118,18,1.7,137,2021-01-18,2.5,1,-2.6,0.0
18,1.6,2021,-10.2,50.1,0.6,8.4,20210119,19,0.0,137,2021-01-19,1.4,1,-5.1,0.0
19,5.2,2021,-11.9,57.6,0.8,8.3,20210120,20,0.0,137,2021-01-20,0.6,1,-4.1,0.0
20,8.0,2021,-5.5,67.0,9.5,4.0,20210121,21,3.4,137,2021-01-21,0.5,1,2.0,0.0
21,9.3,2021,2.4,96.3,6.8,1.5,20210122,22,2.7,137,2021-01-22,0.3,1,5.3,0.0
22,10.5,2021,4.8,81.1,8.1,0.0,20210123,23,0.0,137,2021-01-23,1.5,1,7.5,0.0
23,12.1,2021,-0.7,75.3,4.3,6.9,20210124,24,0.0,137,2021-01-24,1.0,1,5.6,0.0
24,11.5,2021,-1.2,76.5,7.1,7.3,20210125,25,0.0,137,2021-01-25,1.1,1,4.8,0.0
25,7.1,2021,1.5,88.9,8.8,0.7,20210126,26,3.9,137,2021-01-26,1.4,1,4.2,0.0
26,9.4,2021,-1.0,52.6,6.5,7.9,20210127,27,0.0,137,2021-01-27,2.0,1,3.5,0.0
27,8.3,2021,-7.0,60.6,5.8,3.6,20210128,28,1.9,137,2021-01-28,3.5,1,-1.9,0.0
28,-2.0,2021,-9.7,39.5,0.8,8.7,20210129,29,0.0,137,2021-01-29,4.1,1,-6.3,0.0
29,7.8,2021,-9.2,47.8,4.1,4.3,20210130,30,0.0,137,2021-01-30,1.7,1,-1.2,0.0
30,8.6,2021,-7.2,55.9,3.3,8.5,20210131,31,0.0,137,2021-01-31,0.9,1,0.3,0.0
31,12.5,2021,-1.0,79.4,7.1,2.9,20210201,1,7.9,137,2021-02-01,1.8,2,4.7,0.0
32,3.8,2021,-5.1,39.1,1.0,8.8,20210202,2,0.0,137,2021-02-02,4.1,2,-2.9,0.0
33,3.1,2021,-8.2,45.8,2.1,8.8,20210203,3,0.0,137,2021-02-03,2.3,2,-2.6,0.0
34,3.0,2021,-3.0,40.6,0.8,8.9,20210204,4,0.2,137,2021-02-04,3.2,2,-0.2,0.0
35,8.2,2021,-6.9,44.8,5.9,5.9,20210205,5,0.0,137,2021-02-05,1.4,2,0.8,0.0
36,11.9,2021,-3.0,65.4,3.6,5.0,20210206,6,0.0,137,2021-02-06,1.4,2,4.0,0.0
37,12.0,2021,0.9,53.3,1.0,8.6,20210207,7,0.0,137,2021-02-07,2.8,2,6.9,0.0
38,3.2,2021,-4.0,40.1,0.0,9.0,20210208,8,0.0,137,2021-02-08,3.3,2,-1.5,0.0
39,7.0,2021,-5.5,38.8,0.0,9.0,20210209,9,0.0,137,2021-02-09,2.6,2,0.2,0.0
40,8.9,2021,-5.3,60.0,0.8,8.7,20210210,10,0.0,137,2021-02-10,1.9,2,2.7,0.0
41,10.6,2021,-2.5,67.3,6.0,7.3,20210211,11,0.0,137,2021-02-11,0.9,2,3.7,0.0
42,16.1,2021,-2.1,56.1,5.0,8.0,20210212,12,0.0,137,2021-02-12,0.9,2,5.7,0.0
43,17.6,2021,-2.8,49.0,0.5,9.0,20210213,13,0.0,137,2021-02-13,0.7,2,6.4,0.0
44,13.5,2021,0.6,62.3,8.6,2.3,20210214,14,0.5,137,2021-02-14,0.5,2,6.8,0.0
45,8.3,2021,-3.0,65.8,5.9,4.6,20210215,15,0.4,137,2021-02-15,4.1,2,3.1,0.0
46,2.9,2021,-5.9,54.1,2.8,6.8,20210216,16,0.4,137,2021-02-16,3.3,2,-2.8,0.0
47,-4.8,2021,-8.5,49.8,4.0,8.1,20210217,17,0.0,137,2021-02-17,6.0,2,-7.1,0.0
48,-0.6,2021,-9.7,49.1,2.1,9.0,20210218,18,0.0,137,2021-02-18,3.4,2,-5.3,0.0
49,10.5,2021,-4.9,54.4,0.4,9.2,20210219,19,0.0,137,2021-02-19,2.9,2,3.1,0.0
50,16.7,2021,4.6,53.8,1.3,9.0,20210220,20,0.0,137,2021-02-20,2.4,2,10.7,0.0
51,24.0,2021,0.3,45.3,0.3,9.4,20210221,21,0.0,137,2021-02-21,2.2,2,13.1,0.0
52,20.2,2021,3.0,41.1,0.9,9.4,20210222,22,0.0,137,2021-02-22,2.8,2,11.7,0.0
53,8.9,2021,-1.5,31.3,2.6,9.6,20210223,23,0.0,137,2021-02-23,2.9,2,2.7,0.0
54,10.6,2021,-1.4,37.0,6.8,8.4,20210224,24,0.0,137,2021-02-24,1.1,2,3.4,0.0
55,7.7,2021,-2.5,70.3,9.8,0.0,20210225,25,0.1,137,2021-02-25,0.5,2,3.3,0.0
56,13.9,2021,-0.7,62.1,7.8,9.0,20210226,26,0.0,137,2021-02-26,1.6,2,6.9,0.0
57,10.3,2021,2.7,57.9,6.5,3.6,20210227,27,0.0,137,2021-02-27,2.1,2,6.3,0.0
58,10.0,2021,-1.3,72.0,6.8,3.9,20210228,28,0.2,137,2021-02-28,0.9,2,5.4,0.0
59,9.6,2021,1.9,97.0,9.4,0.0,20210301,1,44.1,137,2021-03-01,1.4,3,6.4,0.0
60,5.6,2021,-2.3,85.3,6.4,1.6,20210302,2,2.8,137,2021-03-02,1.0,3,1.9,0.0
61,7.8,2021,-3.8,79.8,8.5,5.6,20210303,3,0.0,137,2021-03-03,0.8,3,1.9,0.0
62,9.3,2021,-1.7,87.0,8.8,0.2,20210304,4,2.2,137,2021-03-04,0.7,3,3.6,0.0
63,17.2,2021,2.2,78.1,6.1,6.2,20210305,5,0.0,137,2021-03-05,1.0,3,8.9,0.0
64,10.1,2021,2.9,71.0,4.6,1.9,20210306,6,0.0,137,2021-03-06,2.0,3,5.9,0.0
65,9.1,2021,2.2,73.4,7.8,3.8,20210307,7,0.0,137,2021-03-07,1.0,3,4.7,0.0
66,14.2,2021,-1.2,70.9,1.3,8.6,20210308,8,0.0,137,2021-03-08,1.1,3,5.9,0.0
67,15.2,2021,1.0,59.1,6.6,6.8,20210309,9,0.0,137,2021-03-09,1.7,3,7.7,0.0
68,16.7,2021,2.4,53.6,0.0,9.8,20210310,10,0.0,137,2021-03-10,1.7,3,8.6,0.0
69,18.5,2021,-0.5,59.9,5.8,8.2,20210311,11,0.0,137,2021-03-11,0.9,3,8.8,0.0
70,9.3,2021,5.9,93.4,7.5,0.0,20210312,12,20.5,137,2021-03-12,0.9,3,7.2,0.0
71,16.2,2021,2.2,72.5,5.9,7.7,20210313,13,0.0,137,2021-03-13,1.5,3,8.6,0.0
72,16.0,2021,6.0,65.0,4.9,8.0,20210314,14,0.0,137,2021-03-14,1.7,3,9.7,0.0
73,18.9,2021,2.0,64.8,6.1,8.3,20210315,15,0.0,137,2021-03-15,1.2,3,11.0,0.0
74,17.6,2021,6.3,51.8,2.4,9.5,20210316,16,0.3,137,2021-03-16,3.2,3,12.0,0.0
75,17.7,2021,1.4,49.1,0.0,10.3,20210317,17,0.0,137,2021-03-17,1.5,3,9.5,0.0
76,17.0,2021,3.0,69.3,5.6,9.4,20210318,18,0.0,137,2021-03-18,1.5,3,10.2,0.0
77,17.0,2021,7.4,62.4,6.0,7.5,20210319,19,0.0,137,2021-03-19,1.9,3,11.3,0.0
78,10.1,2021,6.5,87.5,8.3,0.0,20210320,20,2.1,137,2021-03-20,1.2,3,8.2,0.0
79,10.3,2021,3.5,62.4,7.0,5.0,20210321,21,0.0,137,2021-03-21,4.0,3,6.6,0.0
80,11.8,2021,1.4,45.3,1.6,10.4,20210322,22,0.0,137,2021-03-22,0.0,3,6.6,0.0
81,18.4,2021,1.3,46.6,0.0,11.0,20210323,23,0.0,137,2021-03-23,2.5,3,10.2,0.0
82,19.6,2021,1.7,44.0,5.3,9.3,20210324,24,0.0,137,2021-03-24,1.4,3,11.0,0.0
83,21.7,2021,4.0,47.5,0.4,11.0,20210325,25,0.0,137,2021-03-25,1.6,3,14.0,0.0
84,23.8,2021,4.6,45.3,4.1,10.8,20210326,26,0.0,137,2021-03-26,1.2,3,14.6,0.0
85,15.1,2021,6.5,81.9,9.9,0.1,20210327,27,23.3,137,2021-03-27,1.2,3,10.4,0.0
86,14.6,2021,8.8,85.4,7.3,0.8,20210328,28,3.1,137,2021-03-28,2.1,3,11.0,0.0
87,17.8,2021,8.8,50.3,5.1,9.1,20210329,29,0.0,137,2021-03-29,2.9,3,13.0,0.0
88,21.6,2021,6.7,33.4,1.8,11.2,20210330,30,0.0,137,2021-03-30,1.7,3,13.5,0.0
89,22.9,2021,2.2,47.6,4.1,10.9,20210331,31,0.0,137,2021-03-31,1.2,3,13.1,0.0
90,19.8,2021,6.0,52.4,6.3,9.1,20210401,1,0.0,137,2021-04-01,2.2,4,13.1,0.0
91,21.8,2021,10.3,57.4,8.5,5.9,20210402,2,0.0,137,2021-04-02,1.7,4,15.7,0.0
92,14.8,2021,12.0,88.3,8.6,0.0,20210403,3,27.5,137,2021-04-03,1.1,4,13.4,0.0
93,13.3,2021,5.8,91.5,8.7,0.0,20210404,4,19.2,137,2021-04-04,1.4,4,9.5,0.0
94,17.4,2021,1.7,67.3,1.7,9.7,20210405,5,0.0,137,2021-04-05,1.0,4,9.0,0.0
95,21.7,2021,2.2,51.5,0.0,8.9,20210406,6,0.0,137,2021-04-06,1.7,4,12.4,0.0
96,23.5,2021,9.0,34.4,1.5,11.0,20210407,7,0.0,137,2021-04-07,2.1,4,15.9,0.0
97,20.1,2021,9.1,32.0,1.4,11.0,20210408,8,0.0,137,2021-04-08,2.2,4,14.4,0.0
98,15.8,2021,3.1,56.4,4.1,8.2,20210409,9,0.0,137,2021-04-09,1.9,4,9.8,0.0
99,18.9,2021,1.6,59.5,0.9,10.8,20210410,10,0.0,137,2021-04-10,0.9,4,10.0,0.0
100,22.2,2021,2.9,58.1,2.1,10.9,20210411,11,0.0,137,2021-04-11,0.9,4,12.7,0.0
101,12.8,2021,9.3,79.1,9.8,0.0,20210412,12,22.3,137,2021-04-12,1.0,4,10.8,0.0
102,18.2,2021,6.0,71.6,6.5,5.9,20210413,13,0.8,137,2021-04-13,2.4,4,12.0,0.0
103,17.2,2021,3.5,44.5,2.3,11.1,20210414,14,0.0,137,2021-04-14,2.8,4,10.1,0.0
104,18.3,2021,2.0,47.0,5.1,10.6,20210415,15,0.0,137,2021-04-15,1.1,4,10.3,0.0
105,18.0,2021,4.9,66.8,7.3,1.7,20210416,16,0.0,137,2021-04-16,1.3,4,11.4,0.0
106,17.6,2021,5.5,54.4,3.3,8.9,20210417,17,0.0,137,2021-04-17,2.2,4,10.7,0.0
107,17.6,2021,6.2,50.5,3.3,8.6,20210418,18,0.0,137,2021-04-18,2.5,4,11.2,0.0
108,22.1,2021,6.0,43.1,0.1,11.8,20210419,19,0.0,137,2021-04-19,2.6,4,14.6,0.0
109,26.7,2021,8.5,38.5,2.9,11.2,20210420,20,0.0,137,2021-04-20,1.5,4,18.5,0.0
110,29.0,2021,9.3,48.9,4.9,11.0,20210421,21,0.0,137,2021-04-21,0.9,4,19.3,0.0
111,28.5,2021,14.1,42.6,8.4,8.0,20210422,22,0.0,137,2021-04-22,1.4,4,20.8,0.0
112,20.4,2021,14.1,40.9,9.6,0.8,20210423,23,0.0,137,2021-04-23,1.5,4,16.6,0.0
113,22.8,2021,10.3,52.8,8.0,6.4,20210424,24,0.0,137,2021-04-24,0.9,4,16.5,0.0
114,23.1,2021,8.3,54.3,1.8,11.2,20210425,25,0.0,137,2021-04-25,1.3,4,15.3,0.0
115,21.2,2021,4.5,54.8,3.4,11.8,20210426,26,0.0,137,2021-04-26,1.0,4,13.0,0.0
116,21.6,2021,7.6,59.3,8.4,4.2,20210427,27,0.0,137,2021-04-27,0.8,4,15.0,0.0
117,22.0,2021,12.8,51.4,7.5,5.9,20210428,28,0.0,137,2021-04-28,1.6,4,16.9,0.0
118,22.2,2021,10.9,53.1,7.3,7.9,20210429,29,0.6,137,2021-04-29,1.4,4,15.6,0.0
119,19.1,2021,11.1,57.9,7.6,4.8,20210430,30,0.1,137,2021-04-30,2.6,4,14.2,0.0
120,14.9,2021,8.6,76.4,8.3,2.7,20210501,1,2.0,137,2021-05-01,1.9,5,10.3,0.0
121,19.7,2021,7.3,64.3,4.9,9.0,20210502,2,2.4,137,2021-05-02,1.8,5,12.9,0.0
122,23.8,2021,5.9,50.4,2.5,11.6,20210503,3,0.0,137,2021-05-03,1.6,5,15.9,0.0
123,20.9,2021,10.1,81.3,9.4,0.0,20210504,4,7.4,137,2021-05-04,1.0,5,15.2,0.0
124,21.6,2021,11.3,50.5,2.0,12.2,20210505,5,2.2,137,2021-05-05,2.6,5,16.1,0.0
125,23.7,2021,4.6,54.4,5.6,9.4,20210506,6,0.0,137,2021-05-06,0.9,5,14.7,0.0
126,21.3,2021,7.9,63.6,4.0,8.4,20210507,7,0.8,137,2021-05-07,1.7,5,14.4,0.0
127,25.2,2021,6.1,54.1,1.1,10.8,20210508,8,0.0,137,2021-05-08,2.2,5,16.3,0.0
128,23.3,2021,10.9,44.0,0.0,12.4,20210509,9,0.0,137,2021-05-09,2.7,5,16.9,0.0
129,13.1,2021,9.0,88.1,8.0,0.0,20210510,10,15.1,137,2021-05-10,0.7,5,10.6,0.0
130,18.5,2021,10.5,82.5,9.4,0.3,20210511,11,6.2,137,2021-05-11,0.7,5,13.5,0.0
131,24.5,2021,8.0,61.0,2.0,12.0,20210512,12,0.0,137,2021-05-12,1.0,5,16.7,0.0
132,29.2,2021,9.7,67.8,2.1,12.3,20210513,13,0.0,137,2021-05-13,0.7,5,19.8,0.0
133,29.8,2021,13.8,69.1,6.6,11.3,20210514,14,0.0,137,2021-05-14,0.9,5,22.3,0.0
134,21.4,2021,16.6,90.5,8.8,0.0,20210515,15,3.9,137,2021-05-15,0.7,5,19.4,0.0
135,22.9,2021,18.7,99.8,9.8,0.0,20210516,16,53.0,137,2021-05-16,0.5,5,20.6,0.0
136,18.7,2021,14.6,98.0,9.4,0.0,20210517,17,8.6,137,2021-05-17,1.0,5,15.9,0.0
137,24.1,2021,14.0,79.8,6.4,6.2,20210518,18,0.0,137,2021-05-18,1.0,5,18.4,0.0
138,28.9,2021,14.5,62.8,5.1,11.5,20210519,19,0.0,137,2021-05-19,1.3,5,21.2,0.0
139,17.7,2021,14.5,93.6,9.6,0.0,20210520,20,25.2,137,2021-05-20,0.9,5,15.4,0.0
140,16.7,2021,13.8,91.8,8.0,0.0,20210521,21,0.8,137,2021-05-21,1.6,5,15.0,0.0
141,26.7,2021,13.3,68.4,0.1,12.3,20210522,22,0.0,137,2021-05-22,1.9,5,19.7,0.0
142,27.8,2021,15.5,61.9,6.4,8.9,20210523,23,0.0,137,2021-05-23,1.4,5,21.7,0.0
143,26.2,2021,16.6,51.8,5.9,6.7,20210524,24,0.0,137,2021-05-24,1.8,5,20.9,0.0
144,22.3,2021,11.0,57.1,3.1,8.2,20210525,25,0.6,137,2021-05-25,2.1,5,15.8,0.0
145,19.8,2021,9.7,77.4,9.4,1.5,20210526,26,0.0,137,2021-05-26,0.6,5,14.7,0.0
146,22.1,2021,12.8,80.4,5.6,5.1,20210527,27,1.3,137,2021-05-27,1.2,5,16.3,0.0
147,21.6,2021,9.0,90.0,6.4,4.1,20210528,28,25.5,137,2021-05-28,1.1,5,13.3,0.0
148,25.1,2021,13.6,68.5,4.5,8.4,20210529,29,0.0,137,2021-05-29,1.8,5,17.9,0.0
149,27.0,2021,10.0,72.8,3.1,11.3,20210530,30,5.0,137,2021-05-30,0.8,5,18.7,0.0
150,24.4,2021,14.3,85.8,6.4,4.4,20210531,31,6.5,137,2021-05-31,0.9,5,18.4,0.0
151,27.8,2021,14.6,75.9,7.0,9.7,20210601,1,0.0,137,2021-06-01,0.8,6,20.7,0.0
152,30.0,2021,16.7,68.6,3.6,11.5,20210602,2,0.0,137,2021-06-02,0.8,6,22.8,0.0
153,18.7,2021,14.5,96.3,9.3,0.3,20210603,3,26.6,137,2021-06-03,0.6,6,17.4,0.0
154,25.3,2021,14.1,66.4,4.9,9.2,20210604,4,1.0,137,2021-06-04,1.8,6,19.0,0.0
155,28.8,2021,12.1,65.5,1.9,11.8,20210605,5,0.0,137,2021-06-05,1.2,6,21.6,0.0
156,28.8,2021,17.2,72.6,2.6,10.0,20210606,6,0.0,137,2021-06-06,1.1,6,22.9,0.0
157,28.7,2021,15.3,73.3,4.6,7.9,20210607,7,0.0,137,2021-06-07,0.6,6,22.2,0.0
158,31.5,2021,17.3,67.3,4.8,11.0,20210608,8,0.0,137,2021-06-08,0.7,6,24.3,0.0
159,31.7,2021,18.6,68.8,4.3,11.5,20210609,9,0.0,137,2021-06-09,0.9,6,24.5,0.0
160,29.7,2021,18.2,74.4,8.6,5.9,20210610,10,1.8,137,2021-06-10,1.0,6,23.1,0.0
161,27.6,2021,18.7,90.5,8.0,4.3,20210611,11,18.1,137,2021-06-11,0.7,6,22.1,0.0
162,29.7,2021,19.5,81.9,6.5,7.2,20210612,12,0.0,137,2021-06-12,0.6,6,24.4,0.0
163,31.7,2021,20.0,74.3,4.0,11.6,20210613,13,0.0,137,2021-06-13,0.7,6,25.4,0.0
164,28.3,2021,21.0,80.9,7.8,3.4,20210614,14,0.0,137,2021-06-14,0.8,6,23.9,0.0
165,23.0,2021,18.8,88.1,8.1,0.0,20210615,15,1.4,137,2021-06-15,0.9,6,21.1,0.0
166,25.9,2021,18.8,79.8,6.8,4.0,20210616,16,0.0,137,2021-06-16,1.2,6,21.3,0.0
167,22.2,2021,18.2,82.3,9.6,0.0,20210617,17,0.0,137,2021-06-17,0.5,6,20.1,0.0
168,25.1,2021,18.2,88.1,8.0,0.4,20210618,18,0.6,137,2021-06-18,0.9,6,21.3,0.0
169,29.7,2021,17.8,68.0,3.6,11.6,20210619,19,0.0,137,2021-06-19,1.2,6,23.3,0.0
170,32.0,2021,16.3,60.9,5.1,10.9,20210620,20,0.0,137,2021-06-20,1.3,6,24.3,0.0
171,30.4,2021,19.8,64.8,2.5,8.9,20210621,21,0.0,137,2021-06-21,1.6,6,24.2,0.0
172,25.5,2021,16.0,85.4,8.0,5.0,20210622,22,5.9,137,2021-06-22,0.8,6,20.2,0.0
173,21.6,2021,17.2,90.1,8.5,0.0,20210623,23,0.0,137,2021-06-23,0.8,6,19.0,0.0
174,28.2,2021,18.1,77.6,7.4,8.3,20210624,24,0.0,137,2021-06-24,0.8,6,22.2,0.0
175,29.8,2021,17.8,76.3,5.3,11.1,20210625,25,0.0,137,2021-06-25,0.8,6,23.9,0.0
176,27.7,2021,19.7,82.4,8.3,5.1,20210626,26,1.6,137,2021-06-26,0.9,6,22.9,0.0
177,28.4,2021,19.3,74.8,5.5,8.1,20210627,27,0.0,137,2021-06-27,0.8,6,23.7,0.0
178,29.3,2021,18.8,75.1,6.8,8.1,20210628,28,0.0,137,2021-06-28,0.8,6,23.8,0.0
179,30.2,2021,18.2,75.8,6.3,9.3,20210629,29,0.0,137,2021-06-29,0.9,6,24.1,0.0
180,28.2,2021,21.3,81.4,7.1,4.7,20210630,30,0.0,137,2021-06-30,0.7,6,23.9,0.0
181,31.5,2021,19.6,69.3,4.9,10.2,20210701,1,0.0,137,2021-07-01,0.8,7,25.6,0.0
182,30.2,2021,19.0,72.8,5.6,6.3,20210702,2,0.0,137,2021-07-02,0.9,7,24.5,0.0
183,25.0,2021,20.2,90.6,8.4,0.3,20210703,3,33.7,137,2021-07-03,1.2,7,21.5,0.0
184,29.5,2021,20.2,83.0,7.8,4.1,20210704,4,6.1,137,2021-07-04,1.5,7,24.3,0.0
185,25.8,2021,20.5,84.6,9.9,0.0,20210705,5,5.5,137,2021-07-05,1.0,7,22.8,0.0
186,28.3,2021,20.5,94.5,9.4,0.6,20210706,6,13.6,137,2021-07-06,0.7,7,23.3,0.0
187,27.3,2021,21.8,95.5,9.9,0.4,20210707,7,4.7,137,2021-07-07,0.5,7,24.3,0.0
188,29.8,2021,20.8,88.9,9.0,5.7,20210708,8,47.1,137,2021-07-08,0.8,7,25.1,0.0
189,29.9,2021,21.5,86.8,5.9,5.7,20210709,9,1.3,137,2021-07-09,0.8,7,25.1,0.0
190,32.0,2021,21.7,85.9,6.9,7.3,20210710,10,22.2,137,2021-07-10,0.9,7,25.2,0.0
191,31.2,2021,21.0,89.8,7.4,5.5,20210711,11,17.6,137,2021-07-11,0.9,7,24.6,0.0
192,32.9,2021,21.1,88.1,4.6,7.8,20210712,12,0.0,137,2021-07-12,0.5,7,26.3,0.0
193,33.4,2021,22.7,85.0,5.9,9.4,20210713,13,0.0,137,2021-07-13,0.5,7,27.5,0.0
194,34.1,2021,24.0,81.1,5.0,9.5,20210714,14,0.0,137,2021-07-14,0.6,7,28.8,0.0
195,33.2,2021,22.2,90.5,6.5,3.6,20210715,15,2.7,137,2021-07-15,0.6,7,25.8,0.0
196,32.7,2021,22.3,81.0,5.0,8.2,20210716,16,0.0,137,2021-07-16,0.7,7,26.8,0.0
197,29.8,2021,22.6,81.9,7.1,4.9,20210717,17,0.5,137,2021-07-17,0.9,7,26.0,0.0
198,32.4,2021,21.7,84.3,7.5,8.2,20210718,18,2.8,137,2021-07-18,0.8,7,25.7,0.0
199,30.5,2021,22.6,87.8,9.3,3.7,20210719,19,0.0,137,2021-07-19,0.4,7,26.0,0.0
200,31.8,2021,23.7,84.9,8.8,5.9,20210720,20,0.0,137,2021-07-20,0.5,7,27.1,0.0
201,33.2,2021,22.2,74.8,6.6,11.1,20210721,21,0.0,137,2021-07-21,0.9,7,27.6,0.0
202,32.6,2021,21.2,79.5,6.6,8.9,20210722,22,0.0,137,2021-07-22,0.7,7,26.9,0.0
203,32.9,2021,22.1,79.9,6.6,10.7,20210723,23,0.0,137,2021-07-23,0.8,7,27.2,0.0
204,33.0,2021,23.2,80.4,6.6,9.6,20210724,24,0.0,137,2021-07-24,0.7,7,27.4,0.0
205,31.5,2021,22.0,81.1,7.0,8.1,20210725,25,0.0,137,2021-07-25,0.7,7,27.0,0.0
206,33.2,2021,22.6,77.3,3.4,10.9,20210726,26,0.0,137,2021-07-26,0.9,7,27.5,0.0
207,34.0,2021,21.3,81.8,3.4,12.1,20210727,27,51.2,137,2021-07-27,0.7,7,27.1,0.0
208,33.5,2021,22.7,79.1,3.3,10.7,20210728,28,0.0,137,2021-07-28,0.6,7,27.8,0.0
209,33.7,2021,22.8,80.6,5.5,10.4,20210729,29,0.0,137,2021-07-29,0.6,7,28.0,0.0
210,34.5,2021,24.2,80.9,5.4,9.8,20210730,30,0.0,137,2021-07-30,0.6,7,28.7,0.0
211,34.7,2021,24.0,78.6,6.1,10.3,20210731,31,7.1,137,2021-07-31,0.8,7,29.2,0.0
212,34.2,2021,23.7,84.9,8.3,6.3,20210801,1,47.8,137,2021-08-01,1.0,8,27.6,0.0
213,30.5,2021,23.6,95.0,8.9,2.1,20210802,2,38.1,137,2021-08-02,0.7,8,25.3,0.0
214,31.5,2021,23.2,91.6,7.8,5.4,20210803,3,0.3,137,2021-08-03,0.5,8,26.6,0.0
215,33.7,2021,23.8,83.5,4.7,8.4,20210804,4,0.0,137,2021-08-04,0.6,8,28.2,0.0
216,34.4,2021,24.2,79.3,4.3,11.2,20210805,5,0.0,137,2021-08-05,0.8,8,29.1,0.0
217,34.5,2021,24.3,80.3,4.3,11.3,20210806,6,0.0,137,2021-08-06,0.9,8,28.6,0.0
218,34.5,2021,22.8,78.0,5.1,9.6,20210807,7,0.0,137,2021-08-07,0.8,8,27.9,0.0
219,28.5,2021,22.7,94.9,9.5,0.2,20210808,8,15.0,137,2021-08-08,0.6,8,24.1,0.0
220,32.3,2021,22.1,80.3,5.7,7.4,20210809,9,0.0,137,2021-08-09,0.8,8,26.2,0.0
221,26.2,2021,20.0,87.1,7.6,1.6,20210810,10,43.8,137,2021-08-10,0.9,8,23.6,0.0
222,31.3,2021,20.5,84.0,2.8,10.6,20210811,11,0.0,137,2021-08-11,0.7,8,25.3,0.0
223,30.8,2021,20.7,85.8,7.8,6.9,20210812,12,12.3,137,2021-08-12,0.7,8,25.5,0.0
224,28.6,2021,21.7,87.3,9.0,2.6,20210813,13,0.3,137,2021-08-13,0.7,8,24.5,0.0
225,27.9,2021,21.0,90.6,9.1,2.8,20210814,14,1.4,137,2021-08-14,0.6,8,23.1,0.0
226,28.2,2021,19.2,85.4,7.0,5.4,20210815,15,0.0,137,2021-08-15,0.7,8,23.4,0.0
227,27.8,2021,20.7,79.4,7.3,3.5,20210816,16,0.0,137,2021-08-16,0.8,8,23.8,0.0
228,28.2,2021,20.2,80.3,8.2,3.2,20210817,17,0.0,137,2021-08-17,0.7,8,23.5,0.0
229,28.5,2021,19.8,86.3,7.6,3.3,20210818,18,0.3,137,2021-08-18,0.7,8,22.7,0.0
230,26.6,2021,19.5,88.3,7.1,3.7,20210819,19,2.6,137,2021-08-19,0.6,8,22.9,0.0
231,30.1,2021,20.7,84.4,4.9,5.1,20210820,20,0.0,137,2021-08-20,0.6,8,24.4,0.0
232,24.8,2021,21.7,95.8,9.0,0.0,20210821,21,24.8,137,2021-08-21,1.1,8,23.2,0.0
233,29.0,2021,21.7,82.0,8.3,3.1,20210822,22,0.0,137,2021-08-22,1.3,8,25.0,0.0
234,23.2,2021,20.2,99.3,9.9,0.0,20210823,23,56.5,137,2021-08-23,0.9,8,21.5,0.0
235,26.1,2021,20.2,95.0,9.3,0.5,20210824,24,32.1,137,2021-08-24,1.0,8,23.0,0.0
236,25.6,2021,20.8,97.5,8.1,0.0,20210825,25,14.7,137,2021-08-25,0.6,8,22.9,0.0
237,30.7,2021,19.9,87.0,7.1,7.6,20210826,26,0.0,137,2021-08-26,0.8,8,24.9,0.0
238,24.4,2021,20.0,98.6,8.6,0.3,20210827,27,17.6,137,2021-08-27,0.6,8,21.3,0.0
239,28.7,2021,19.0,83.5,8.1,6.0,20210828,28,0.0,137,2021-08-28,1.0,8,23.3,0.0
240,23.7,2021,18.8,93.9,8.5,0.7,20210829,29,16.1,137,2021-08-29,0.8,8,21.3,0.0
241,25.7,2021,19.5,90.0,7.6,0.8,20210830,30,0.0,137,2021-08-30,0.5,8,22.2,0.0
242,26.1,2021,19.2,92.9,8.4,1.6,20210831,31,1.2,137,2021-08-31,0.6,8,21.5,0.0
243,20.9,2021,19.0,99.9,9.4,0.0,20210901,1,51.8,137,2021-09-01,0.8,9,20.0,0.0
244,23.6,2021,19.7,90.6,7.8,1.5,20210902,2,0.0,137,2021-09-02,0.5,9,21.3,0.0
245,26.2,2021,18.1,83.4,6.9,4.5,20210903,3,0.0,137,2021-09-03,0.7,9,21.6,0.0
246,27.1,2021,15.3,81.8,7.1,9.5,20210904,4,0.0,137,2021-09-04,0.7,9,20.8,0.0
247,25.4,2021,15.6,89.4,8.4,2.8,20210905,5,0.6,137,2021-09-05,0.6,9,20.1,0.0
248,25.0,2021,18.1,89.9,9.6,0.5,20210906,6,18.7,137,2021-09-06,0.7,9,20.4,0.0
249,20.6,2021,17.7,100.0,9.9,0.0,20210907,7,15.6,137,2021-09-07,0.7,9,19.0,0.0
250,26.2,2021,18.2,83.5,3.6,7.6,20210908,8,0.0,137,2021-09-08,1.4,9,22.3,0.0
251,27.4,2021,16.1,87.4,6.8,6.8,20210909,9,0.0,137,2021-09-09,0.5,9,21.0,0.0
252,27.3,2021,18.0,87.5,7.1,3.8,20210910,10,0.0,137,2021-09-10,0.7,9,22.2,0.0
253,29.4,2021,17.5,81.5,0.9,10.0,20210911,11,0.0,137,2021-09-11,0.8,9,22.5,0.0
254,29.1,2021,16.6,85.9,5.3,7.6,20210912,12,0.0,137,2021-09-12,0.7,9,22.5,0.0
255,26.6,2021,18.5,83.0,8.8,4.3,20210913,13,0.0,137,2021-09-13,0.8,9,21.7,0.0
256,24.7,2021,17.2,80.6,7.4,0.4,20210914,14,0.0,137,2021-09-14,1.0,9,20.6,0.0
257,27.6,2021,15.6,74.8,3.4,7.2,20210915,15,0.0,137,2021-09-15,1.2,9,20.8,0.0
258,26.1,2021,14.5,81.6,7.9,3.1,20210916,16,0.5,137,2021-09-16,0.8,9,20.2,0.0
259,19.6,2021,17.2,97.9,7.8,0.1,20210917,17,54.7,137,2021-09-17,0.9,9,18.3,0.0
260,26.7,2021,15.6,87.8,3.9,7.6,20210918,18,0.0,137,2021-09-18,0.5,9,20.0,0.0
261,26.7,2021,16.4,85.8,2.8,7.6,20210919,19,0.0,137,2021-09-19,0.6,9,20.3,0.0
262,25.4,2021,15.1,83.0,6.9,5.0,20210920,20,0.0,137,2021-09-20,0.9,9,21.0,0.0
263,27.0,2021,18.7,89.8,6.1,2.8,20210921,21,12.6,137,2021-09-21,1.0,9,21.5,0.0
264,27.8,2021,17.6,79.6,3.9,6.0,20210922,22,0.4,137,2021-09-22,1.3,9,21.3,0.0
265,25.6,2021,16.2,75.1,5.4,6.2,20210923,23,0.0,137,2021-09-23,1.5,9,20.0,0.0
266,25.9,2021,13.3,83.0,3.4,7.8,20210924,24,0.0,137,2021-09-24,0.7,9,19.3,0.0
267,23.2,2021,15.2,87.6,7.0,0.3,20210925,25,0.0,137,2021-09-25,0.7,9,19.1,0.0
268,24.7,2021,15.6,81.4,9.0,3.8,20210926,26,0.0,137,2021-09-26,0.6,9,19.6,0.0
269,24.6,2021,15.5,82.5,9.0,4.3,20210927,27,0.2,137,2021-09-27,0.6,9,19.7,0.0
270,23.8,2021,17.1,89.6,7.1,0.3,20210928,28,0.8,137,2021-09-28,0.6,9,20.0,0.0
271,21.7,2021,18.8,99.6,9.8,0.0,20210929,29,32.6,137,2021-09-29,0.5,9,20.1,0.0
272,27.0,2021,16.7,85.9,1.4,9.1,20210930,30,0.3,137,2021-09-30,0.7,9,21.2,0.0
273,27.6,2021,15.8,83.9,0.0,6.8,20211001,1,0.0,137,2021-10-01,0.8,10,20.6,0.0
274,27.5,2021,16.1,75.8,1.9,8.7,20211002,2,0.0,137,2021-10-02,1.1,10,20.6,0.0
275,27.0,2021,13.6,91.6,4.1,5.3,20211003,3,0.0,137,2021-10-03,0.5,10,19.3,0.0
276,28.3,2021,15.3,90.0,5.3,5.5,20211004,4,0.0,137,2021-10-04,0.5,10,20.6,0.0
277,29.1,2021,16.6,81.4,2.9,8.0,20211005,5,0.0,137,2021-10-05,1.1,10,21.9,0.0
278,24.3,2021,16.1,89.6,8.3,1.6,20211006,6,0.0,137,2021-10-06,0.7,10,19.8,0.0
279,26.7,2021,16.7,87.3,7.9,4.4,20211007,7,0.0,137,2021-10-07,0.7,10,20.2,0.0
280,21.1,2021,16.2,96.1,8.8,0.0,20211008,8,0.4,137,2021-10-08,0.5,10,18.9,0.0
281,28.0,2021,18.6,88.3,7.1,4.3,20211009,9,0.1,137,2021-10-09,0.7,10,21.9,0.0
282,29.2,2021,18.2,83.4,6.5,6.9,20211010,10,0.0,137,2021-10-10,1.0,10,23.1,0.0
283,21.2,2021,12.7,97.1,9.8,0.0,20211011,11,17.7,137,2021-10-11,1.1,10,14.5,0.0
284,14.9,2021,13.6,99.4,6.8,0.0,20211012,12,5.3,137,2021-10-12,0.8,10,14.2,0.0
285,20.8,2021,13.8,90.9,8.6,0.6,20211013,13,0.0,137,2021-10-13,0.4,10,16.9,0.0
286,25.1,2021,14.3,85.6,5.4,5.7,20211014,14,0.0,137,2021-10-14,0.6,10,18.2,0.0
287,21.0,2021,15.8,91.4,8.8,0.1,20211015,15,7.1,137,2021-10-15,0.7,10,17.7,0.0
288,16.5,2021,5.7,66.4,9.8,0.0,20211016,16,9.5,137,2021-10-16,1.7,10,12.5,0.0
289,12.9,2021,1.0,50.5,0.0,8.6,20211017,17,0.0,137,2021-10-17,1.6,10,6.4,0.0
290,16.7,2021,-0.4,70.4,2.3,8.6,20211018,18,0.0,137,2021-10-18,0.7,10,7.8,0.0
291,16.8,2021,6.4,80.6,4.8,4.6,20211019,19,1.3,137,2021-10-19,1.3,10,10.1,0.0
292,16.0,2021,3.0,75.8,1.3,8.7,20211020,20,0.0,137,2021-10-20,0.7,10,8.7,0.0
293,17.2,2021,1.8,78.9,4.6,7.6,20211021,21,0.0,137,2021-10-21,0.7,10,9.0,0.0
294,17.2,2021,5.7,71.3,1.1,8.5,20211022,22,0.0,137,2021-10-22,1.3,10,10.4,0.0
295,18.4,2021,2.4,76.1,2.5,8.4,20211023,23,0.0,137,2021-10-23,0.5,10,9.0,0.0
296,18.6,2021,2.2,75.0,4.5,8.4,20211024,24,0.0,137,2021-10-24,0.6,10,9.0,0.0
297,18.7,2021,2.7,77.3,3.1,8.2,20211025,25,0.0,137,2021-10-25,0.6,10,9.6,0.0
298,19.3,2021,2.7,76.1,6.8,8.4,20211026,26,0.0,137,2021-10-26,0.9,10,11.0,0.0
299,19.7,2021,9.0,62.5,2.0,7.9,20211027,27,0.0,137,2021-10-27,1.8,10,13.8,0.0
300,19.6,2021,7.3,62.3,0.9,8.4,20211028,28,0.0,137,2021-10-28,1.0,10,12.1,0.0
301,18.8,2021,4.5,77.1,4.0,7.9,20211029,29,0.0,137,2021-10-29,0.6,10,10.8,0.0
302,16.1,2021,5.3,84.4,6.9,2.6,20211030,30,0.0,137,2021-10-30,0.3,10,10.1,0.0
303,20.2,2021,4.0,83.0,4.5,6.5,20211031,31,0.0,137,2021-10-31,0.5,10,10.7,0.0
304,19.1,2021,7.1,75.0,2.9,7.0,20211101,1,0.0,137,2021-11-01,1.2,11,13.0,0.0
305,18.3,2021,6.5,67.6,2.9,7.5,20211102,2,0.0,137,2021-11-02,1.2,11,12.2,0.0
306,18.7,2021,7.4,65.5,0.9,8.4,20211103,3,0.0,137,2021-11-03,1.3,11,12.3,0.0
307,18.8,2021,5.5,72.3,2.3,7.5,20211104,4,0.0,137,2021-11-04,0.7,11,11.8,0.0
308,18.7,2021,4.1,82.9,5.0,7.9,20211105,5,0.0,137,2021-11-05,0.6,11,10.7,0.0
309,19.6,2021,4.0,81.5,3.6,7.9,20211106,6,0.0,137,2021-11-06,0.6,11,10.9,0.0
310,20.6,2021,5.0,75.1,5.9,6.9,20211107,7,0.0,137,2021-11-07,0.9,11,12.1,0.0
311,13.1,2021,6.9,81.9,8.1,0.7,20211108,8,18.5,137,2021-11-08,2.0,11,9.4,0.0
312,10.8,2021,5.1,75.4,6.3,2.7,20211109,9,1.0,137,2021-11-09,1.8,11,7.4,0.0
313,7.1,2021,3.2,83.0,5.5,0.3,20211110,10,2.2,137,2021-11-10,1.7,11,5.5,0.0
314,10.4,2021,4.4,68.6,3.8,4.5,20211111,11,1.0,137,2021-11-11,2.5,11,6.5,0.0
315,10.3,2021,3.4,65.0,0.0,5.3,20211112,12,0.2,137,2021-11-12,2.5,11,5.8,0.0
316,14.4,2021,-0.3,70.1,1.4,7.9,20211113,13,0.0,137,2021-11-13,1.5,11,7.9,0.0
317,17.8,2021,1.7,73.0,2.0,6.9,20211114,14,0.0,137,2021-11-14,1.1,11,8.8,0.0
318,16.7,2021,3.7,70.9,3.3,7.6,20211115,15,0.0,137,2021-11-15,0.9,11,9.2,0.0
319,16.8,2021,1.5,64.8,0.6,8.2,20211116,16,0.0,137,2021-11-16,1.0,11,8.2,0.0
320,14.3,2021,-0.2,63.3,2.9,8.2,20211117,17,0.0,137,2021-11-17,1.1,11,7.2,0.0
321,16.8,2021,3.5,70.1,5.3,5.4,20211118,18,0.0,137,2021-11-18,1.5,11,10.3,0.0
322,17.7,2021,5.7,78.0,5.8,6.5,20211119,19,0.0,137,2021-11-19,1.4,11,11.7,0.0
323,16.3,2021,4.0,89.5,4.1,4.3,20211120,20,0.0,137,2021-11-20,0.6,11,8.3,0.0
324,12.6,2021,4.0,87.4,9.6,0.5,20211121,21,0.0,137,2021-11-21,0.5,11,8.0,0.0
325,12.8,2021,1.9,67.6,7.8,2.1,20211122,22,0.1,137,2021-11-22,3.2,11,5.1,0.0
326,5.0,2021,-1.4,61.9,3.4,6.7,20211123,23,0.0,137,2021-11-23,2.9,11,2.3,0.0
327,11.9,2021,0.5,53.0,2.9,7.4,20211124,24,0.0,137,2021-11-24,2.6,11,5.9,0.0
328,14.1,2021,2.5,56.6,1.9,6.8,20211125,25,0.0,137,2021-11-25,2.4,11,8.9,0.0
329,11.7,2021,1.8,50.0,0.1,8.0,20211126,26,0.0,137,2021-11-26,2.2,11,6.4,0.0
330,10.7,2021,-1.7,58.5,0.0,8.2,20211127,27,0.0,137,2021-11-27,0.9,11,3.7,0.0
331,11.8,2021,-4.9,64.4,3.8,7.1,20211128,28,0.0,137,2021-11-28,0.5,11,2.8,0.0
332,13.6,2021,-2.8,69.9,5.6,7.3,20211129,29,0.0,137,2021-11-29,0.7,11,4.3,0.0
333,9.6,2021,0.2,86.1,8.4,0.0,20211130,30,16.8,137,2021-11-30,1.9,11,3.7,0.0
334,3.4,2021,-2.3,45.4,0.4,8.1,20211201,1,0.2,137,2021-12-01,4.9,12,0.6,0.0
335,6.9,2021,-3.3,57.0,1.1,7.0,20211202,2,0.0,137,2021-12-02,2.0,12,1.4,0.0
336,8.4,2021,0.3,58.8,2.8,7.6,20211203,3,0.4,137,2021-12-03,2.8,12,3.9,0.0
337,7.3,2021,-0.9,59.6,1.8,4.5,20211204,4,0.0,137,2021-12-04,2.2,12,2.1,0.0
338,9.2,2021,-4.5,77.4,0.3,8.0,20211205,5,0.0,137,2021-12-05,0.6,12,1.0,0.0
339,11.3,2021,-2.8,78.6,4.4,6.2,20211206,6,0.0,137,2021-12-06,0.5,12,3.4,0.0
340,13.8,2021,-1.3,72.0,1.6,7.9,20211207,7,0.0,137,2021-12-07,0.7,12,5.5,0.0
341,12.2,2021,-1.8,78.4,1.0,8.0,20211208,8,0.0,137,2021-12-08,0.5,12,4.0,0.0
342,9.3,2021,-2.5,85.0,7.0,2.8,20211209,9,0.0,137,2021-12-09,0.5,12,3.4,0.0
343,0.0,2021,0.0,88.0,8.3,0.0,20211210,10,0.0,137,2021-12-10,1.0,12,0.0,0.0
344,12.1,2021,6.0,72.5,7.8,6.5,20211211,11,0.0,137,2021-12-11,2.1,12,8.8,0.0
345,9.8,2021,-2.5,54.6,3.1,7.7,20211212,12,0.0,137,2021-12-12,3.7,12,4.4,0.0
346,3.4,2021,-5.3,40.1,0.0,8.0,20211213,13,0.0,137,2021-12-13,2.9,12,-1.5,0.0
347,8.5,2021,-4.1,61.9,5.6,5.1,20211214,14,0.0,137,2021-12-14,1.5,12,3.1,0.0
348,12.8,2021,3.2,73.6,4.3,4.5,20211215,15,0.0,137,2021-12-15,1.3,12,7.5,0.0
349,12.1,2021,2.5,71.9,9.6,1.9,20211216,16,0.0,137,2021-12-16,1.3,12,6.4,0.0
350,7.0,2021,-8.4,40.1,2.3,6.6,20211217,17,0.0,137,2021-12-17,5.2,12,-1.8,0.0
351,1.1,2021,-10.2,50.1,2.6,7.9,20211218,18,0.0,137,2021-12-18,2.2,12,-4.1,0.0
352,5.0,2021,-2.6,59.1,1.3,7.9,20211219,19,0.1,137,2021-12-19,2.6,12,1.2,0.0
353,11.1,2021,-3.5,67.9,5.8,2.3,20211220,20,0.0,137,2021-12-20,1.0,12,4.6,0.0
354,13.9,2021,4.1,63.8,3.1,5.4,20211221,21,0.0,137,2021-12-21,1.7,12,8.2,0.0
355,11.2,2021,-0.6,40.3,0.0,8.0,20211222,22,0.0,137,2021-12-22,1.5,12,4.7,0.0
356,10.2,2021,-4.9,59.9,2.1,7.9,20211223,23,0.0,137,2021-12-23,0.6,12,1.8,0.0
357,9.1,2021,-2.5,68.8,7.5,3.4,20211224,24,0.0,137,2021-12-24,1.6,12,1.8,0.0
358,-1.4,2021,-10.7,41.4,0.0,8.0,20211225,25,0.0,137,2021-12-25,3.6,12,-7.3,0.0
359,-4.2,2021,-13.0,41.0,0.0,8.0,20211226,26,0.0,137,2021-12-26,2.8,12,-9.2,0.0
360,0.0,2021,-10.7,51.9,2.1,7.2,20211227,27,0.0,137,2021-12-27,3.0,12,-4.3,0.0
361,4.8,2021,-4.0,69.8,5.6,1.3,20211228,28,0.0,137,2021-12-28,1.6,12,0.8,0.0
362,7.3,2021,-3.6,71.6,4.5,1.6,20211229,29,0.1,137,2021-12-29,1.5,12,1.6,0.0
363,2.5,2021,-3.5,52.0,2.9,6.3,20211230,30,0.4,137,2021-12-30,3.9,12,-1.3,0.0
364,-0.6,2021,-6.8,39.5,0.0,8.0,20211231,31,0.0,137,2021-12-31,3.4,12,-4.7,0.0
