,station_id,humid,month,tmin,Date,tmax,rainfall,sunshine,tavg,snow,wind,day,year,date,cloud
0,137,54.1,1,-4.3,2019-01-01,1.2,0.0,4.6,-1.8,0.0,2.9,1,2019,20190101,3.8
1,137,39.9,1,-5.4,2019-01-02,2.4,0.0,8.2,-2.1,0.0,3.0,2,2019,20190102,0.1
2,137,33.1,1,-4.9,2019-01-03,4.7,0.0,8.2,-0.7,0.0,2.5,3,2019,20190103,0.1
3,137,37.9,1,-8.0,2019-01-04,5.1,0.0,6.2,0.6,0.0,2.0,4,2019,20190104,1.5
4,137,38.6,1,-3.7,2019-01-05,4.8,0.0,7.9,1.0,0.0,2.8,5,2019,20190105,1.6
5,137,33.0,1,-7.5,2019-01-06,5.8,0.0,7.4,-1.0,0.0,1.7,6,2019,20190106,3.6
6,137,47.3,1,-5.3,2019-01-07,5.2,0.0,7.8,0.2,0.0,2.6,7,2019,20190107,3.4
7,137,38.8,1,-4.0,2019-01-08,3.9,0.0,8.2,-0.3,0.0,3.8,8,2019,20190108,2.3
8,137,32.9,1,-8.7,2019-01-09,2.1,0.0,6.0,-3.4,0.0,1.2,9,2019,20190109,5.8
9,137,40.9,1,-4.5,2019-01-10,5.3,0.0,4.3,0.5,0.0,2.9,10,2019,20190110,4.6
10,137,57.6,1,-4.3,2019-01-11,6.7,0.0,7.6,1.3,0.0,1.2,11,2019,20190111,6.6
11,137,73.9,1,-1.6,2019-01-12,8.2,1.9,3.0,2.7,0.0,1.1,12,2019,20190112,6.6
12,137,87.5,1,-5.2,2019-01-13,4.2,0.0,3.9,-1.8,0.0,0.7,13,2019,20190113,5.8
13,137,86.6,1,-5.8,2019-01-14,3.3,0.0,2.4,-1.6,0.0,0.8,14,2019,20190114,9.3
14,137,56.4,1,-4.5,2019-01-15,6.1,0.0,5.2,0.8,0.0,3.1,15,2019,20190115,6.0
15,137,43.5,1,-7.4,2019-01-16,0.8,0.0,8.0,-3.7,0.0,3.1,16,2019,20190116,2.9
16,137,48.3,1,-2.6,2019-01-17,4.1,0.0,5.8,0.8,0.0,3.0,17,2019,20190117,4.5
17,137,50.4,1,-1.9,2019-01-18,7.5,0.0,8.3,1.7,0.0,2.5,18,2019,20190118,2.6
18,137,46.9,1,-3.8,2019-01-19,9.5,0.0,3.7,2.6,0.0,0.9,19,2019,20190119,8.5
19,137,36.8,1,-2.7,2019-01-20,5.5,0.0,8.4,1.9,0.0,3.3,20,2019,20190120,1.6
20,137,45.1,1,-4.9,2019-01-21,6.1,0.0,8.0,0.8,0.0,3.0,21,2019,20190121,1.4
21,137,50.1,1,-0.8,2019-01-22,9.2,0.0,8.0,4.1,0.0,2.3,22,2019,20190122,0.6
22,137,41.9,1,1.1,2019-01-23,9.5,0.0,6.7,4.7,0.0,3.0,23,2019,20190123,0.3
23,137,26.0,1,-2.9,2019-01-24,8.4,0.0,8.6,2.3,0.0,2.2,24,2019,20190124,0.6
24,137,28.9,1,-2.6,2019-01-25,5.6,0.0,8.5,0.5,0.0,3.0,25,2019,20190125,1.4
25,137,27.1,1,-5.2,2019-01-26,4.1,0.0,8.6,-1.3,0.0,2.7,26,2019,20190126,0.0
26,137,40.9,1,-4.6,2019-01-27,6.6,0.0,8.6,0.6,0.0,2.6,27,2019,20190127,2.0
27,137,42.3,1,-1.8,2019-01-28,6.9,0.0,8.1,2.9,0.0,3.3,28,2019,20190128,3.4
28,137,41.8,1,-6.6,2019-01-29,7.6,0.0,8.6,-0.3,0.0,1.1,29,2019,20190129,2.4
29,137,30.3,1,-2.1,2019-01-30,10.3,0.0,6.1,4.6,0.0,2.0,30,2019,20190130,8.3
30,137,48.9,1,-4.0,2019-01-31,4.7,0.6,2.0,0.9,0.0,3.1,31,2019,20190131,6.3
31,137,43.6,2,-5.4,2019-02-01,4.2,0.0,8.7,-0.9,0.0,3.4,1,2019,20190201,0.5
32,137,51.3,2,-2.6,2019-02-02,8.9,0.0,8.7,2.9,0.0,2.0,2,2019,20190202,3.5
33,137,84.1,2,0.8,2019-02-03,7.9,15.4,0.0,3.7,0.0,1.5,3,2019,20190203,9.1
34,137,30.6,2,-1.3,2019-02-04,7.2,0.0,8.7,2.7,0.0,3.1,4,2019,20190204,2.8
35,137,49.4,2,-5.6,2019-02-05,9.8,0.0,8.0,1.5,0.0,0.8,5,2019,20190205,4.6
36,137,54.3,2,-2.7,2019-02-06,12.8,0.0,6.2,5.4,0.0,1.3,6,2019,20190206,6.5
37,137,45.3,2,-4.7,2019-02-07,8.5,0.0,6.4,2.9,0.0,3.6,7,2019,20190207,6.0
38,137,30.5,2,-6.3,2019-02-08,4.1,0.0,7.9,-1.7,0.0,2.2,8,2019,20190208,7.6
39,137,28.6,2,-4.3,2019-02-09,2.1,0.0,8.9,-1.8,0.0,3.0,9,2019,20190209,4.8
40,137,27.4,2,-6.6,2019-02-10,3.4,0.0,2.6,-1.4,0.0,1.7,10,2019,20190210,7.0
41,137,31.0,2,-4.4,2019-02-11,4.1,0.0,9.1,-0.9,0.0,2.9,11,2019,20190211,1.3
42,137,43.8,2,-6.4,2019-02-12,5.9,0.0,7.7,0.2,0.0,1.8,12,2019,20190212,5.4
43,137,33.5,2,-2.5,2019-02-13,5.5,0.0,8.8,0.7,0.0,2.3,13,2019,20190213,2.9
44,137,49.4,2,-3.7,2019-02-14,6.8,0.0,6.4,0.8,0.0,1.1,14,2019,20190214,7.5
45,137,64.8,2,-2.1,2019-02-15,6.0,0.0,4.0,1.6,0.0,1.8,15,2019,20190215,9.5
46,137,59.8,2,-3.5,2019-02-16,2.1,0.0,6.0,-0.9,0.0,2.6,16,2019,20190216,4.9
47,137,45.4,2,-5.0,2019-02-17,7.3,0.0,9.2,-0.1,0.0,2.8,17,2019,20190217,0.4
48,137,41.3,2,-3.0,2019-02-18,7.6,0.0,5.3,2.9,0.0,1.3,18,2019,20190218,8.9
49,137,94.5,2,-0.3,2019-02-19,4.5,22.3,0.0,1.6,0.0,1.5,19,2019,20190219,8.5
50,137,70.6,2,-0.3,2019-02-20,6.0,0.0,2.9,2.5,0.0,2.2,20,2019,20190220,7.6
51,137,68.4,2,-2.3,2019-02-21,8.6,0.0,9.1,2.8,0.0,1.0,21,2019,20190221,1.8
52,137,62.9,2,-3.0,2019-02-22,11.7,0.0,7.2,4.4,0.0,0.9,22,2019,20190222,7.4
53,137,65.6,2,-2.3,2019-02-23,12.8,0.0,8.4,4.8,0.0,1.1,23,2019,20190223,4.4
54,137,66.1,2,-3.1,2019-02-24,15.1,0.0,9.5,5.5,0.0,1.3,24,2019,20190224,1.1
55,137,46.4,2,3.5,2019-02-25,14.2,0.0,9.1,7.7,0.0,2.5,25,2019,20190225,3.1
56,137,39.6,2,-2.0,2019-02-26,13.9,0.0,9.7,6.6,0.0,1.4,26,2019,20190226,3.8
57,137,76.6,2,3.2,2019-02-27,10.4,0.1,1.5,6.6,0.0,0.9,27,2019,20190227,9.5
58,137,59.0,2,1.6,2019-02-28,14.0,0.0,8.4,7.6,0.0,1.6,28,2019,20190228,5.5
59,137,45.8,3,2.5,2019-03-01,14.9,0.0,9.6,7.5,0.0,1.6,1,2019,20190301,0.0
60,137,55.9,3,-2.6,2019-03-02,14.7,0.0,7.7,5.9,0.0,0.8,2,2019,20190302,5.3
61,137,59.3,3,-0.9,2019-03-03,15.0,0.0,7.5,7.6,0.0,0.7,3,2019,20190303,6.3
62,137,50.1,3,4.5,2019-03-04,16.1,0.0,7.9,10.2,0.0,1.3,4,2019,20190304,4.1
63,137,50.8,3,1.1,2019-03-05,15.6,0.0,6.8,9.7,0.0,1.5,5,2019,20190305,6.1
64,137,49.1,3,6.5,2019-03-06,16.3,0.0,5.5,10.6,0.0,1.7,6,2019,20190306,6.4
65,137,60.8,3,4.5,2019-03-07,13.0,0.1,5.5,7.9,0.0,2.0,7,2019,20190307,2.9
66,137,47.1,3,-0.2,2019-03-08,16.0,0.0,10.0,8.0,0.0,1.7,8,2019,20190308,0.1
67,137,42.4,3,-2.3,2019-03-09,17.3,0.0,8.8,7.8,0.0,1.0,9,2019,20190309,5.3
68,137,73.1,3,2.5,2019-03-10,9.1,2.5,0.0,6.4,0.0,1.0,10,2019,20190310,8.8
69,137,80.0,3,-0.9,2019-03-11,11.2,0.1,2.9,5.8,0.0,1.9,11,2019,20190311,7.9
70,137,74.8,3,-0.5,2019-03-12,12.3,2.5,5.0,5.3,0.0,2.8,12,2019,20190312,3.9
71,137,40.9,3,-1.4,2019-03-13,9.1,0.0,9.6,3.4,0.0,4.0,13,2019,20190313,1.6
72,137,40.9,3,-2.7,2019-03-14,12.4,0.0,9.1,5.4,0.0,1.8,14,2019,20190314,3.8
73,137,68.6,3,1.2,2019-03-15,13.1,2.1,5.4,5.4,0.0,2.1,15,2019,20190315,5.5
74,137,62.0,3,1.2,2019-03-16,11.5,0.0,8.5,5.7,0.0,2.2,16,2019,20190316,5.1
75,137,49.0,3,1.9,2019-03-17,13.8,0.0,9.3,6.9,0.0,2.0,17,2019,20190317,0.8
76,137,42.8,3,-2.5,2019-03-18,16.1,0.0,7.5,7.3,0.0,1.3,18,2019,20190318,8.6
77,137,35.9,3,3.3,2019-03-19,20.5,0.0,10.3,12.8,0.0,2.0,19,2019,20190319,2.2
78,137,70.9,3,4.5,2019-03-20,16.8,6.4,0.7,10.7,0.0,1.4,20,2019,20190320,8.5
79,137,76.4,3,3.4,2019-03-21,12.6,3.3,0.3,9.0,0.0,2.8,21,2019,20190321,9.9
80,137,50.4,3,1.2,2019-03-22,10.9,0.0,9.6,4.8,0.0,2.7,22,2019,20190322,5.9
81,137,60.3,3,0.0,2019-03-23,10.8,3.6,7.6,3.3,0.0,2.8,23,2019,20190323,3.3
82,137,47.4,3,-1.5,2019-03-24,11.5,0.0,11.1,5.0,0.0,2.3,24,2019,20190324,1.4
83,137,57.1,3,-1.3,2019-03-25,16.5,0.0,9.6,7.7,0.0,1.9,25,2019,20190325,4.0
84,137,44.5,3,4.7,2019-03-26,19.9,0.0,9.7,11.2,0.0,2.1,26,2019,20190326,0.3
85,137,48.3,3,3.0,2019-03-27,23.6,0.0,8.1,14.1,0.0,2.8,27,2019,20190327,5.1
86,137,57.1,3,7.3,2019-03-28,19.3,0.0,8.8,12.5,0.0,1.8,28,2019,20190328,5.6
87,137,49.3,3,4.6,2019-03-29,18.7,0.0,6.8,11.4,0.0,1.5,29,2019,20190329,4.8
88,137,74.0,3,3.0,2019-03-30,12.8,5.9,3.5,5.8,0.0,2.8,30,2019,20190330,8.6
89,137,52.8,3,2.2,2019-03-31,9.7,0.3,4.2,4.6,0.0,3.4,31,2019,20190331,6.3
90,137,46.0,4,1.1,2019-04-01,11.4,0.0,9.5,5.2,0.0,2.7,1,2019,20190401,2.5
91,137,38.5,4,-2.9,2019-04-02,14.3,0.0,11.0,6.7,0.0,2.3,2,2019,20190402,0.4
92,137,34.1,4,-0.8,2019-04-03,15.0,0.0,10.9,8.2,0.0,2.0,3,2019,20190403,0.0
93,137,31.1,4,3.2,2019-04-04,18.7,0.0,11.0,10.7,0.0,3.1,4,2019,20190404,1.4
94,137,38.9,4,8.0,2019-04-05,19.7,0.0,5.8,12.5,0.0,2.9,5,2019,20190405,4.4
95,137,31.8,4,3.4,2019-04-06,22.2,0.0,9.5,13.6,0.0,1.7,6,2019,20190406,4.1
96,137,42.3,4,9.5,2019-04-07,21.3,0.0,6.6,15.5,0.0,1.3,7,2019,20190407,4.8
97,137,28.6,4,7.3,2019-04-08,20.2,0.0,10.6,13.4,0.0,2.4,8,2019,20190408,3.1
98,137,61.3,4,1.6,2019-04-09,15.9,35.0,3.2,7.8,0.0,2.4,9,2019,20190409,8.5
99,137,82.1,4,1.6,2019-04-10,10.2,11.6,0.0,6.4,0.0,1.2,10,2019,20190410,8.3
100,137,72.0,4,2.6,2019-04-11,15.2,0.0,7.1,8.9,0.0,0.8,11,2019,20190411,7.3
101,137,48.9,4,3.9,2019-04-12,19.5,0.0,9.6,11.5,0.0,1.4,12,2019,20190412,3.9
102,137,42.1,4,2.7,2019-04-13,20.2,0.0,10.7,12.3,0.0,1.4,13,2019,20190413,5.5
103,137,49.8,4,7.4,2019-04-14,15.4,0.2,3.5,10.7,0.0,2.2,14,2019,20190414,6.0
104,137,35.1,4,4.5,2019-04-15,21.7,0.0,11.6,13.3,0.0,2.2,15,2019,20190415,0.0
105,137,36.5,4,3.7,2019-04-16,24.8,0.0,10.4,14.6,0.0,1.3,16,2019,20190416,4.9
106,137,36.0,4,8.8,2019-04-17,25.1,0.0,11.7,17.7,0.0,1.3,17,2019,20190417,3.5
107,137,53.4,4,9.0,2019-04-18,23.2,0.0,9.3,17.2,0.0,2.2,18,2019,20190418,6.8
108,137,71.5,4,9.7,2019-04-19,15.6,0.0,0.0,12.1,0.0,1.5,19,2019,20190419,9.4
109,137,60.3,4,5.9,2019-04-20,24.9,0.0,10.6,15.6,0.0,1.5,20,2019,20190420,4.6
110,137,65.1,4,15.5,2019-04-21,24.1,0.0,3.2,18.6,0.0,1.7,21,2019,20190421,8.3
111,137,62.5,4,10.6,2019-04-22,27.7,0.0,11.4,19.3,0.0,1.4,22,2019,20190422,2.8
112,137,74.8,4,11.9,2019-04-23,21.7,3.1,2.4,16.5,0.0,0.9,23,2019,20190423,9.6
113,137,89.9,4,14.3,2019-04-24,22.0,17.0,3.5,17.3,0.0,1.0,24,2019,20190424,7.0
114,137,85.4,4,10.1,2019-04-25,17.8,5.8,0.0,14.3,0.0,0.9,25,2019,20190425,8.4
115,137,94.8,4,7.5,2019-04-26,11.4,18.2,0.0,9.0,0.0,0.9,26,2019,20190426,8.9
116,137,67.6,4,4.5,2019-04-27,18.2,0.0,9.6,11.7,0.0,0.8,27,2019,20190427,4.0
117,137,77.6,4,7.8,2019-04-28,16.6,0.0,2.4,11.2,0.0,0.6,28,2019,20190428,7.8
118,137,97.0,4,5.3,2019-04-29,12.6,21.3,0.0,9.2,0.0,0.5,29,2019,20190429,8.8
119,137,86.1,4,10.3,2019-04-30,21.2,0.0,6.3,14.8,0.0,0.6,30,2019,20190430,6.5
120,137,55.1,5,11.6,2019-05-01,23.5,0.0,9.0,17.1,0.0,2.2,1,2019,20190501,3.4
121,137,44.3,5,10.9,2019-05-02,24.5,0.0,12.4,17.8,0.0,2.4,2,2019,20190502,0.0
122,137,42.0,5,7.5,2019-05-03,29.2,0.0,12.1,19.1,0.0,1.3,3,2019,20190503,0.6
123,137,41.9,5,12.0,2019-05-04,29.0,0.0,11.2,20.6,0.0,1.2,4,2019,20190504,3.9
124,137,42.3,5,11.3,2019-05-05,28.9,0.0,10.8,20.3,0.0,1.4,5,2019,20190505,4.0
125,137,49.6,5,8.3,2019-05-06,21.8,0.0,10.7,15.1,0.0,1.9,6,2019,20190506,1.5
126,137,47.9,5,4.4,2019-05-07,23.1,0.0,12.4,14.6,0.0,1.3,7,2019,20190507,0.0
127,137,31.1,5,8.5,2019-05-08,24.1,0.0,10.3,16.9,0.0,2.3,8,2019,20190508,7.0
128,137,36.3,5,12.6,2019-05-09,25.5,0.0,11.7,18.1,0.0,1.7,9,2019,20190509,4.4
129,137,40.1,5,8.8,2019-05-10,28.3,0.0,11.7,19.2,0.0,0.9,10,2019,20190510,2.3
130,137,50.3,5,11.5,2019-05-11,29.8,0.0,12.1,20.7,0.0,0.9,11,2019,20190511,0.9
131,137,52.6,5,11.1,2019-05-12,27.9,0.0,11.9,19.3,0.0,0.9,12,2019,20190512,1.8
132,137,56.4,5,9.6,2019-05-13,26.2,0.0,8.8,18.4,0.0,1.0,13,2019,20190513,7.3
133,137,54.4,5,14.5,2019-05-14,28.5,0.0,11.3,21.7,0.0,1.0,14,2019,20190514,2.4
134,137,59.0,5,16.1,2019-05-15,29.6,0.0,9.6,22.1,0.0,0.9,15,2019,20190515,5.5
135,137,61.8,5,15.1,2019-05-16,29.7,0.0,9.6,22.4,0.0,0.9,16,2019,20190516,4.9
136,137,60.4,5,16.0,2019-05-17,27.2,0.0,4.9,22.2,0.0,0.6,17,2019,20190517,8.0
137,137,91.3,5,15.3,2019-05-18,20.5,24.7,0.0,17.5,0.0,1.0,18,2019,20190518,8.8
138,137,85.8,5,16.2,2019-05-19,23.8,0.2,0.6,19.5,0.0,0.8,19,2019,20190519,7.4
139,137,65.9,5,11.7,2019-05-20,21.2,0.6,5.6,16.8,0.0,2.0,20,2019,20190520,9.0
140,137,48.9,5,7.5,2019-05-21,24.9,0.0,12.5,17.5,0.0,2.2,21,2019,20190521,0.0
141,137,46.5,5,10.3,2019-05-22,28.1,0.0,12.6,19.5,0.0,1.5,22,2019,20190522,0.0
142,137,55.0,5,11.3,2019-05-23,29.6,0.0,12.6,21.0,0.0,1.2,23,2019,20190523,1.3
143,137,58.1,5,12.1,2019-05-24,33.2,0.0,12.1,23.8,0.0,0.9,24,2019,20190524,0.4
144,137,43.8,5,19.0,2019-05-25,30.5,0.0,10.0,24.6,0.0,2.0,25,2019,20190525,7.4
145,137,49.3,5,14.3,2019-05-26,32.4,0.0,10.2,23.1,0.0,1.2,26,2019,20190526,5.5
146,137,89.9,5,15.5,2019-05-27,21.5,20.7,0.0,18.4,0.0,1.5,27,2019,20190527,10.0
147,137,56.5,5,13.1,2019-05-28,23.1,0.0,7.3,17.9,0.0,2.2,28,2019,20190528,3.6
148,137,42.9,5,14.3,2019-05-29,27.7,0.0,12.7,21.3,0.0,1.9,29,2019,20190529,0.0
149,137,44.9,5,13.1,2019-05-30,27.6,0.0,8.0,20.9,0.0,2.0,30,2019,20190530,6.9
150,137,60.4,5,14.7,2019-05-31,25.1,0.1,10.2,19.5,0.0,2.1,31,2019,20190531,4.1
151,137,65.9,6,13.0,2019-06-01,23.7,0.0,9.2,18.4,0.0,1.2,1,2019,20190601,5.9
152,137,60.0,6,12.5,2019-06-02,28.7,0.0,11.6,21.1,0.0,1.2,2,2019,20190602,3.5
153,137,59.0,6,14.3,2019-06-03,31.3,0.0,12.1,22.8,0.0,0.9,3,2019,20190603,0.1
154,137,51.1,6,17.2,2019-06-04,32.6,0.0,11.4,25.3,0.0,1.3,4,2019,20190604,1.5
155,137,56.9,6,18.8,2019-06-05,33.4,0.0,11.7,26.1,0.0,1.4,5,2019,20190605,2.5
156,137,79.0,6,16.1,2019-06-06,28.9,19.8,1.3,22.2,0.0,0.8,6,2019,20190606,9.0
157,137,98.5,6,16.2,2019-06-07,19.8,37.6,0.0,17.9,0.0,1.0,7,2019,20190607,6.5
158,137,76.6,6,16.2,2019-06-08,27.2,0.0,9.6,20.9,0.0,0.8,8,2019,20190608,6.0
159,137,72.9,6,15.6,2019-06-09,26.7,0.0,10.1,20.1,0.0,1.0,9,2019,20190609,5.5
160,137,79.6,6,13.8,2019-06-10,22.1,2.8,1.8,17.6,0.0,0.6,10,2019,20190610,9.0
161,137,69.4,6,15.1,2019-06-11,25.2,0.0,9.5,19.3,0.0,0.7,11,2019,20190611,3.6
162,137,71.0,6,12.5,2019-06-12,27.7,0.0,12.5,20.2,0.0,0.8,12,2019,20190612,1.5
163,137,70.8,6,14.6,2019-06-13,29.3,0.0,11.9,22.1,0.0,0.6,13,2019,20190613,3.1
164,137,79.9,6,17.0,2019-06-14,25.3,0.0,0.9,20.6,0.0,0.5,14,2019,20190614,9.1
165,137,71.0,6,16.5,2019-06-15,27.8,0.0,9.3,21.9,0.0,1.2,15,2019,20190615,5.8
166,137,67.4,6,15.3,2019-06-16,27.3,0.0,8.7,21.8,0.0,0.8,16,2019,20190616,3.9
167,137,65.3,6,17.2,2019-06-17,28.6,0.0,10.8,22.8,0.0,1.3,17,2019,20190617,5.0
168,137,75.4,6,16.2,2019-06-18,26.5,5.1,1.6,20.9,0.0,1.1,18,2019,20190618,7.9
169,137,76.9,6,19.3,2019-06-19,27.0,0.0,2.2,22.5,0.0,0.9,19,2019,20190619,6.9
170,137,68.0,6,18.8,2019-06-20,29.7,0.0,10.3,24.2,0.0,1.3,20,2019,20190620,4.3
171,137,66.4,6,19.7,2019-06-21,30.7,0.0,11.7,24.8,0.0,1.4,21,2019,20190621,3.4
172,137,65.4,6,18.7,2019-06-22,28.4,0.0,9.7,23.0,0.0,0.9,22,2019,20190622,4.3
173,137,64.9,6,14.8,2019-06-23,28.4,0.0,11.7,21.8,0.0,0.8,23,2019,20190623,2.1
174,137,66.4,6,17.2,2019-06-24,30.8,0.1,10.6,23.5,0.0,0.9,24,2019,20190624,4.0
175,137,64.1,6,16.7,2019-06-25,32.4,0.0,11.9,25.3,0.0,0.8,25,2019,20190625,2.1
176,137,91.3,6,18.2,2019-06-26,23.8,13.8,0.5,20.1,0.0,0.7,26,2019,20190626,9.6
177,137,90.0,6,19.6,2019-06-27,29.0,10.5,3.6,23.4,0.0,0.6,27,2019,20190627,8.5
178,137,86.4,6,21.5,2019-06-28,29.1,2.2,3.2,24.6,0.0,0.7,28,2019,20190628,8.6
179,137,93.5,6,20.0,2019-06-29,23.8,17.6,0.0,21.3,0.0,0.7,29,2019,20190629,9.1
180,137,80.6,6,20.1,2019-06-30,29.1,0.0,5.5,24.4,0.0,1.6,30,2019,20190630,8.3
181,137,76.8,7,19.5,2019-07-01,26.3,0.0,0.5,23.3,0.0,1.2,1,2019,20190701,7.1
182,137,69.5,7,16.5,2019-07-02,29.2,0.0,11.4,23.7,0.0,1.4,2,2019,20190702,2.0
183,137,76.6,7,18.5,2019-07-03,28.1,0.0,7.1,23.2,0.0,0.9,3,2019,20190703,7.0
184,137,70.3,7,18.9,2019-07-04,31.7,0.0,10.8,25.3,0.0,1.1,4,2019,20190704,3.1
185,137,69.0,7,19.3,2019-07-05,32.7,0.0,12.4,25.4,0.0,0.7,5,2019,20190705,3.6
186,137,64.8,7,17.2,2019-07-06,31.8,0.0,12.8,24.8,0.0,1.0,6,2019,20190706,0.6
187,137,67.1,7,18.2,2019-07-07,28.3,0.0,9.0,23.3,0.0,1.1,7,2019,20190707,7.1
188,137,72.0,7,18.1,2019-07-08,27.6,0.0,5.4,21.9,0.0,0.9,8,2019,20190708,7.0
189,137,72.4,7,15.5,2019-07-09,27.0,0.0,6.2,21.9,0.0,1.0,9,2019,20190709,7.1
190,137,88.6,7,18.6,2019-07-10,23.6,28.1,0.0,20.1,0.0,1.0,10,2019,20190710,8.5
191,137,90.1,7,19.2,2019-07-11,25.8,16.6,1.7,22.3,0.0,1.7,11,2019,20190711,8.0
192,137,74.5,7,20.3,2019-07-12,28.6,0.0,6.8,23.7,0.0,2.0,12,2019,20190712,7.8
193,137,77.9,7,19.8,2019-07-13,28.9,0.0,3.7,24.2,0.0,0.8,13,2019,20190713,7.5
194,137,85.4,7,21.3,2019-07-14,30.4,12.7,3.5,24.0,0.0,0.8,14,2019,20190714,5.8
195,137,93.9,7,20.3,2019-07-15,25.7,3.6,0.7,22.3,0.0,0.6,15,2019,20190715,8.9
196,137,83.8,7,20.7,2019-07-16,29.5,1.6,3.8,24.3,0.0,0.8,16,2019,20190716,7.1
197,137,82.4,7,21.5,2019-07-17,28.5,0.0,2.6,24.4,0.0,0.6,17,2019,20190717,8.4
198,137,90.4,7,21.2,2019-07-18,27.4,19.2,3.3,23.5,0.0,0.5,18,2019,20190718,8.4
199,137,90.8,7,21.7,2019-07-19,26.7,0.1,0.0,24.6,0.0,0.6,19,2019,20190719,9.0
200,137,99.3,7,22.6,2019-07-20,24.9,36.5,0.0,23.7,0.0,1.5,20,2019,20190720,10.0
201,137,93.4,7,22.9,2019-07-21,27.5,45.6,0.4,24.7,0.0,1.5,21,2019,20190721,8.0
202,137,76.0,7,24.1,2019-07-22,32.2,0.0,9.1,28.1,0.0,1.5,22,2019,20190722,5.6
203,137,76.3,7,25.7,2019-07-23,33.5,0.0,4.6,29.3,0.0,1.2,23,2019,20190723,6.3
204,137,87.9,7,25.0,2019-07-24,29.8,0.0,0.0,27.0,0.0,0.5,24,2019,20190724,7.6
205,137,98.8,7,24.5,2019-07-25,27.2,40.9,0.0,25.5,0.0,0.2,25,2019,20190725,8.9
206,137,93.1,7,25.0,2019-07-26,30.2,1.1,0.9,26.9,0.0,0.4,26,2019,20190726,7.5
207,137,92.6,7,24.7,2019-07-27,31.2,0.4,2.4,27.0,0.0,0.5,27,2019,20190727,8.9
208,137,97.0,7,24.7,2019-07-28,30.4,14.8,1.4,26.0,0.0,0.4,28,2019,20190728,8.5
209,137,83.0,7,23.9,2019-07-29,33.0,0.0,4.7,27.9,0.0,0.7,29,2019,20190729,5.8
210,137,79.9,7,22.6,2019-07-30,33.7,0.0,2.2,28.2,0.0,1.2,30,2019,20190730,4.5
211,137,74.0,7,25.2,2019-07-31,33.3,0.0,1.2,29.6,0.0,1.3,31,2019,20190731,4.3
212,137,75.9,8,25.5,2019-08-01,33.7,0.0,0.8,29.1,0.0,1.1,1,2019,20190801,4.9
213,137,75.6,8,25.0,2019-08-02,34.5,0.0,0.0,29.6,0.0,0.8,2,2019,20190802,2.6
214,137,83.0,8,24.8,2019-08-03,34.1,0.0,7.0,28.6,0.0,0.6,3,2019,20190803,5.9
215,137,81.3,8,23.3,2019-08-04,34.8,0.0,12.0,28.7,0.0,0.5,4,2019,20190804,2.5
216,137,74.8,8,25.2,2019-08-05,35.2,0.0,11.6,30.0,0.0,0.6,5,2019,20190805,4.4
217,137,81.4,8,22.6,2019-08-06,30.5,6.7,5.4,26.4,0.0,0.9,6,2019,20190806,8.4
218,137,84.3,8,23.2,2019-08-07,32.9,15.1,7.0,27.4,0.0,1.6,7,2019,20190807,5.9
219,137,90.1,8,22.8,2019-08-08,33.8,3.1,6.8,26.2,0.0,0.7,8,2019,20190808,6.8
220,137,86.1,8,22.8,2019-08-09,33.6,0.4,9.1,27.7,0.0,0.6,9,2019,20190809,6.3
221,137,79.3,8,24.7,2019-08-10,33.4,0.0,10.2,28.3,0.0,0.9,10,2019,20190810,5.3
222,137,74.8,8,24.2,2019-08-11,33.0,0.0,6.9,28.3,0.0,1.4,11,2019,20190811,8.1
223,137,79.9,8,25.4,2019-08-12,32.3,0.0,4.8,28.5,0.0,1.0,12,2019,20190812,6.4
224,137,79.8,8,23.7,2019-08-13,34.0,0.0,10.3,28.8,0.0,0.7,13,2019,20190813,4.0
225,137,77.5,8,24.3,2019-08-14,32.7,0.0,4.1,28.4,0.0,1.0,14,2019,20190814,7.6
226,137,88.4,8,23.4,2019-08-15,28.4,3.5,0.3,26.2,0.0,1.1,15,2019,20190815,7.4
227,137,79.4,8,24.5,2019-08-16,31.3,0.0,5.6,26.8,0.0,2.1,16,2019,20190816,6.6
228,137,74.0,8,23.2,2019-08-17,31.8,1.7,10.2,26.8,0.0,1.6,17,2019,20190817,4.0
229,137,74.0,8,20.1,2019-08-18,30.8,0.0,11.6,25.1,0.0,1.0,18,2019,20190818,3.3
230,137,79.3,8,19.0,2019-08-19,30.2,0.0,8.9,25.0,0.0,0.6,19,2019,20190819,7.0
231,137,70.6,8,21.8,2019-08-20,30.5,0.0,7.0,25.7,0.0,0.9,20,2019,20190820,6.1
232,137,80.8,8,20.6,2019-08-21,31.2,4.2,4.8,25.7,0.0,0.8,21,2019,20190821,8.3
233,137,86.4,8,23.2,2019-08-22,29.6,42.1,3.8,25.3,0.0,1.0,22,2019,20190822,8.4
234,137,74.4,8,20.2,2019-08-23,29.2,0.0,4.8,24.5,0.0,1.5,23,2019,20190823,6.6
235,137,81.1,8,18.8,2019-08-24,26.5,0.0,2.0,22.6,0.0,1.2,24,2019,20190824,7.6
236,137,75.3,8,18.2,2019-08-25,30.1,0.0,10.7,23.6,0.0,1.0,25,2019,20190825,3.3
237,137,76.3,8,18.2,2019-08-26,30.2,0.0,11.1,24.2,0.0,0.8,26,2019,20190826,3.1
238,137,95.4,8,18.5,2019-08-27,22.5,19.5,0.1,20.6,0.0,0.7,27,2019,20190827,8.8
239,137,89.6,8,19.3,2019-08-28,27.1,1.6,1.9,23.1,0.0,0.8,28,2019,20190828,8.0
240,137,90.8,8,18.6,2019-08-29,26.5,8.8,0.8,22.0,0.0,0.9,29,2019,20190829,9.6
241,137,73.9,8,18.2,2019-08-30,28.2,0.0,10.1,22.9,0.0,1.6,30,2019,20190830,3.6
242,137,75.6,8,17.2,2019-08-31,27.8,0.0,9.9,22.4,0.0,1.3,31,2019,20190831,3.6
243,137,85.6,9,17.2,2019-09-01,26.2,0.0,2.6,22.0,0.0,0.5,1,2019,20190901,7.9
244,137,92.8,9,19.0,2019-09-02,23.2,5.9,0.0,20.7,0.0,0.4,2,2019,20190902,8.6
245,137,99.8,9,19.0,2019-09-03,21.7,5.2,0.0,20.7,0.0,0.5,3,2019,20190903,10.0
246,137,99.0,9,20.8,2019-09-04,24.3,4.2,0.0,22.3,0.0,0.7,4,2019,20190904,9.8
247,137,94.4,9,22.3,2019-09-05,30.7,2.9,2.3,24.2,0.0,0.5,5,2019,20190905,8.9
248,137,94.1,9,22.3,2019-09-06,27.8,0.0,0.0,24.7,0.0,0.7,6,2019,20190906,9.6
249,137,81.9,9,23.8,2019-09-07,29.7,3.8,0.8,26.0,0.0,2.5,7,2019,20190907,7.9
250,137,85.6,9,20.7,2019-09-08,29.4,0.0,4.3,25.1,0.0,0.7,8,2019,20190908,8.0
251,137,94.5,9,21.2,2019-09-09,26.2,5.4,0.3,23.5,0.0,0.6,9,2019,20190909,9.8
252,137,87.1,9,22.6,2019-09-10,31.2,2.7,7.4,25.7,0.0,0.7,10,2019,20190910,5.5
253,137,88.9,9,21.1,2019-09-11,27.6,0.0,0.8,23.2,0.0,0.9,11,2019,20190911,8.5
254,137,86.8,9,17.2,2019-09-12,22.1,2.4,0.0,19.8,0.0,0.7,12,2019,20190912,8.0
255,137,83.8,9,15.6,2019-09-13,26.5,0.0,7.9,20.3,0.0,0.7,13,2019,20190913,3.4
256,137,84.5,9,14.8,2019-09-14,27.3,0.0,4.4,21.7,0.0,0.6,14,2019,20190914,7.9
257,137,81.1,9,19.8,2019-09-15,29.6,0.0,7.3,23.9,0.0,0.7,15,2019,20190915,7.4
258,137,76.4,9,17.4,2019-09-16,28.0,0.0,9.0,22.1,0.0,0.7,16,2019,20190916,4.6
259,137,76.6,9,13.1,2019-09-17,27.3,0.0,9.5,20.1,0.0,0.6,17,2019,20190917,2.6
260,137,63.1,9,16.1,2019-09-18,29.5,0.0,9.6,21.6,0.0,1.2,18,2019,20190918,2.4
261,137,71.6,9,13.8,2019-09-19,25.2,0.0,9.1,19.2,0.0,0.7,19,2019,20190919,4.3
262,137,81.4,9,14.8,2019-09-20,22.1,0.0,0.6,18.2,0.0,0.7,20,2019,20190920,9.9
263,137,95.9,9,14.3,2019-09-21,19.3,45.3,0.0,16.3,0.0,1.1,21,2019,20190921,9.3
264,137,98.9,9,14.3,2019-09-22,16.7,81.7,0.0,15.5,0.0,2.0,22,2019,20190922,10.0
265,137,86.1,9,13.8,2019-09-23,21.8,0.0,1.4,17.2,0.0,0.9,23,2019,20190923,5.6
266,137,83.8,9,11.3,2019-09-24,25.7,0.0,7.9,17.3,0.0,0.6,24,2019,20190924,2.1
267,137,88.8,9,11.3,2019-09-25,22.6,0.0,3.5,16.5,0.0,0.5,25,2019,20190925,8.1
268,137,88.0,9,15.1,2019-09-26,24.8,0.0,3.6,19.1,0.0,0.7,26,2019,20190926,7.8
269,137,82.0,9,14.6,2019-09-27,27.0,0.0,9.1,20.7,0.0,0.6,27,2019,20190927,5.5
270,137,85.8,9,19.7,2019-09-28,28.2,0.0,5.4,22.7,0.0,0.6,28,2019,20190928,6.1
271,137,83.9,9,17.5,2019-09-29,28.8,0.0,8.8,22.0,0.0,0.6,29,2019,20190929,2.4
272,137,84.1,9,14.3,2019-09-30,28.2,0.0,9.2,21.1,0.0,0.5,30,2019,20190930,2.5
273,137,92.0,10,19.7,2019-10-01,24.2,0.0,0.0,21.8,0.0,0.3,1,2019,20191001,9.1
274,137,100.0,10,19.6,2019-10-02,20.7,132.2,0.0,20.1,0.0,1.4,2,2019,20191002,10.0
275,137,87.3,10,19.0,2019-10-03,27.1,37.6,3.5,21.6,0.0,1.8,3,2019,20191003,6.6
276,137,87.0,10,16.0,2019-10-04,28.2,0.0,6.5,21.1,0.0,0.5,4,2019,20191004,4.6
277,137,80.8,10,16.5,2019-10-05,24.2,0.9,3.6,20.0,0.0,1.3,5,2019,20191005,8.4
278,137,75.6,10,13.8,2019-10-06,20.0,0.0,3.3,16.3,0.0,0.8,6,2019,20191006,8.1
279,137,95.0,10,12.3,2019-10-07,15.3,6.5,0.0,14.0,0.0,0.8,7,2019,20191007,7.4
280,137,67.6,10,10.9,2019-10-08,22.8,0.0,7.1,15.9,0.0,2.2,8,2019,20191008,3.9
281,137,62.3,10,6.5,2019-10-09,21.0,0.0,8.8,13.3,0.0,1.1,9,2019,20191009,2.3
282,137,79.1,10,6.6,2019-10-10,21.1,0.0,3.8,13.8,0.0,0.6,10,2019,20191010,7.3
283,137,70.4,10,11.5,2019-10-11,24.2,0.0,8.3,17.2,0.0,0.9,11,2019,20191011,3.3
284,137,71.3,10,10.6,2019-10-12,23.4,0.0,8.8,16.3,0.0,1.1,12,2019,20191012,2.1
285,137,77.8,10,7.5,2019-10-13,21.3,0.0,8.9,14.0,0.0,0.7,13,2019,20191013,2.7
286,137,77.3,10,8.4,2019-10-14,22.7,0.0,7.5,14.3,0.0,1.0,14,2019,20191014,4.5
287,137,78.9,10,8.5,2019-10-15,18.5,0.0,3.2,12.8,0.0,0.8,15,2019,20191015,5.0
288,137,87.5,10,5.6,2019-10-16,19.7,0.0,5.8,11.3,0.0,0.5,16,2019,20191016,7.8
289,137,89.8,10,7.6,2019-10-17,18.0,0.0,3.0,12.0,0.0,0.6,17,2019,20191017,6.5
290,137,90.1,10,8.6,2019-10-18,18.8,1.1,0.6,13.8,0.0,0.7,18,2019,20191018,7.8
291,137,84.8,10,11.0,2019-10-19,23.2,0.1,7.9,15.8,0.0,0.8,19,2019,20191019,2.0
292,137,83.5,10,8.3,2019-10-20,22.2,0.0,7.5,13.2,0.0,0.5,20,2019,20191020,2.6
293,137,85.8,10,6.3,2019-10-21,22.0,0.0,7.8,13.0,0.0,0.6,21,2019,20191021,5.0
294,137,83.8,10,7.5,2019-10-22,22.6,0.0,8.3,14.1,0.0,0.7,22,2019,20191022,4.6
295,137,86.5,10,9.1,2019-10-23,17.8,0.0,0.2,13.7,0.0,0.5,23,2019,20191023,9.1
296,137,75.6,10,12.6,2019-10-24,22.3,0.0,6.5,16.5,0.0,0.8,24,2019,20191024,7.6
297,137,69.3,10,10.8,2019-10-25,24.2,0.0,6.1,17.2,0.0,1.1,25,2019,20191025,5.4
298,137,62.6,10,9.3,2019-10-26,16.6,0.0,8.2,13.0,0.0,2.0,26,2019,20191026,7.4
299,137,64.5,10,5.6,2019-10-27,17.2,0.0,8.4,10.5,0.0,1.4,27,2019,20191027,0.6
300,137,75.8,10,2.2,2019-10-28,18.0,0.0,8.1,9.7,0.0,0.6,28,2019,20191028,4.4
301,137,68.1,10,6.8,2019-10-29,18.4,0.0,6.5,13.0,0.0,1.5,29,2019,20191029,3.8
302,137,65.6,10,6.3,2019-10-30,17.5,0.0,8.6,11.4,0.0,1.7,30,2019,20191030,1.1
303,137,72.9,10,5.2,2019-10-31,20.0,0.0,8.5,13.8,0.0,1.7,31,2019,20191031,1.5
304,137,71.0,11,9.5,2019-11-01,22.5,0.0,8.5,15.4,0.0,1.3,1,2019,20191101,1.9
305,137,85.6,11,6.0,2019-11-02,18.1,0.0,3.5,12.1,0.0,0.4,2,2019,20191102,6.6
306,137,76.9,11,8.7,2019-11-03,20.7,0.0,7.3,13.9,0.0,0.8,3,2019,20191103,6.5
307,137,77.5,11,7.0,2019-11-04,18.2,0.0,7.4,12.3,0.0,0.7,4,2019,20191104,4.1
308,137,80.4,11,3.7,2019-11-05,18.3,0.0,6.5,10.5,0.0,1.0,5,2019,20191105,2.5
309,137,68.6,11,5.4,2019-11-06,18.9,0.0,8.3,12.2,0.0,1.1,6,2019,20191106,4.0
310,137,56.6,11,6.8,2019-11-07,17.5,0.0,7.2,11.9,0.0,2.0,7,2019,20191107,4.0
311,137,43.5,11,2.7,2019-11-08,15.1,0.0,8.6,8.4,0.0,1.8,8,2019,20191108,0.0
312,137,46.4,11,0.4,2019-11-09,17.8,0.0,8.6,9.4,0.0,1.2,9,2019,20191109,0.0
313,137,76.9,11,0.6,2019-11-10,12.0,7.7,2.5,6.4,0.0,0.9,10,2019,20191110,8.4
314,137,77.8,11,6.9,2019-11-11,15.8,0.7,3.1,11.5,0.0,2.3,11,2019,20191111,6.3
315,137,75.5,11,4.8,2019-11-12,16.7,0.0,7.8,9.9,0.0,0.9,12,2019,20191112,1.9
316,137,77.5,11,1.4,2019-11-13,14.6,2.5,1.5,7.4,0.0,1.0,13,2019,20191113,7.6
317,137,41.8,11,-2.9,2019-11-14,7.9,0.0,8.3,2.4,0.0,2.0,14,2019,20191114,1.0
318,137,66.5,11,-4.5,2019-11-15,11.5,0.0,6.7,3.5,0.0,0.7,15,2019,20191115,3.4
319,137,89.1,11,5.0,2019-11-16,16.5,0.8,4.3,9.0,0.0,0.5,16,2019,20191116,4.0
320,137,100.0,11,3.5,2019-11-17,8.1,13.3,0.0,6.0,0.0,0.4,17,2019,20191117,9.4
321,137,70.1,11,2.4,2019-11-18,13.6,7.7,3.2,8.2,0.0,2.7,18,2019,20191118,8.4
322,137,60.8,11,0.7,2019-11-19,6.7,0.0,7.6,3.0,0.0,2.4,19,2019,20191119,2.5
323,137,48.8,11,-2.8,2019-11-20,9.0,0.0,8.3,2.5,0.0,1.3,20,2019,20191120,0.1
324,137,61.1,11,-5.0,2019-11-21,10.1,0.0,6.4,2.5,0.0,0.7,21,2019,20191121,5.9
325,137,73.8,11,-0.5,2019-11-22,15.6,0.0,8.2,6.7,0.0,0.7,22,2019,20191122,2.8
326,137,85.3,11,0.5,2019-11-23,16.1,0.0,8.0,7.7,0.0,0.7,23,2019,20191123,7.8
327,137,78.9,11,4.5,2019-11-24,21.2,1.5,8.1,12.1,0.0,1.4,24,2019,20191124,5.5
328,137,73.0,11,3.2,2019-11-25,10.0,0.0,1.5,5.3,0.0,2.0,25,2019,20191125,9.5
329,137,75.4,11,4.5,2019-11-26,14.1,0.0,5.4,7.5,0.0,0.7,26,2019,20191126,5.6
330,137,60.1,11,3.1,2019-11-27,8.8,0.0,3.5,6.1,0.0,1.8,27,2019,20191127,7.3
331,137,72.8,11,-1.0,2019-11-28,11.3,0.0,4.9,4.2,0.0,0.7,28,2019,20191128,2.5
332,137,51.4,11,-1.3,2019-11-29,10.1,0.0,3.3,4.0,0.0,1.8,29,2019,20191129,0.9
333,137,66.3,11,-4.0,2019-11-30,10.9,0.0,2.6,3.8,0.0,0.7,30,2019,20191130,4.3
334,137,76.4,12,4.9,2019-12-01,9.0,12.5,0.0,6.4,0.0,0.9,1,2019,20191201,9.7
335,137,59.1,12,-0.9,2019-12-02,6.0,0.0,7.0,2.9,0.0,3.6,2,2019,20191202,3.3
336,137,70.1,12,-2.8,2019-12-03,6.7,0.5,4.5,1.9,0.0,1.9,3,2019,20191203,3.6
337,137,56.9,12,1.2,2019-12-04,9.4,0.0,7.4,5.0,0.0,1.7,4,2019,20191204,3.4
338,137,41.4,12,-5.1,2019-12-05,4.1,0.0,8.0,-0.3,0.0,2.5,5,2019,20191205,0.5
339,137,40.3,12,-8.0,2019-12-06,2.5,0.0,8.1,-3.6,0.0,2.5,6,2019,20191206,0.0
340,137,60.1,12,-6.1,2019-12-07,6.3,0.0,6.1,0.0,0.0,2.0,7,2019,20191207,1.6
341,137,61.9,12,-3.8,2019-12-08,8.1,0.0,8.0,1.2,0.0,1.5,8,2019,20191208,0.0
342,137,75.0,12,-6.0,2019-12-09,8.1,0.0,7.9,0.1,0.0,0.7,9,2019,20191209,1.6
343,137,82.8,12,-2.8,2019-12-10,8.6,0.0,4.4,1.6,0.0,0.5,10,2019,20191210,6.1
344,137,73.4,12,-1.8,2019-12-11,12.8,0.0,2.5,3.6,0.0,2.2,11,2019,20191211,5.4
345,137,43.9,12,-3.0,2019-12-12,5.3,0.0,8.0,1.1,0.0,2.8,12,2019,20191212,0.1
346,137,54.6,12,-6.9,2019-12-13,7.5,0.0,7.8,-0.6,0.0,0.7,13,2019,20191213,2.4
347,137,61.5,12,-2.4,2019-12-14,8.3,1.0,8.0,3.0,0.0,1.8,14,2019,20191214,4.3
348,137,75.3,12,-4.1,2019-12-15,10.3,0.0,7.7,2.1,0.0,0.7,15,2019,20191215,4.0
349,137,80.5,12,-2.8,2019-12-16,11.1,0.0,7.9,3.9,0.0,0.6,16,2019,20191216,4.3
350,137,88.5,12,0.8,2019-12-17,10.8,1.5,0.3,5.9,0.0,1.3,17,2019,20191217,8.4
351,137,68.0,12,1.8,2019-12-18,7.2,0.0,7.3,3.8,0.0,2.9,18,2019,20191218,5.8
352,137,46.6,12,-1.3,2019-12-19,5.7,0.0,8.0,1.4,0.0,2.9,19,2019,20191219,4.3
353,137,55.4,12,-1.5,2019-12-20,5.5,0.0,6.0,1.2,0.0,1.8,20,2019,20191220,4.8
354,137,62.9,12,-3.6,2019-12-21,5.4,0.0,6.0,0.2,0.0,1.3,21,2019,20191221,4.7
355,137,78.1,12,-3.7,2019-12-22,7.1,0.0,4.7,0.1,0.0,0.6,22,2019,20191222,5.9
356,137,73.8,12,-2.8,2019-12-23,8.8,0.0,4.1,2.6,0.0,1.6,23,2019,20191223,4.9
357,137,69.5,12,-3.3,2019-12-24,8.5,0.0,8.0,1.2,0.0,0.9,24,2019,20191224,2.3
358,137,57.6,12,-6.4,2019-12-25,10.3,0.0,6.4,1.9,0.0,0.9,25,2019,20191225,4.1
359,137,65.9,12,0.6,2019-12-26,5.1,0.7,0.0,2.6,0.0,1.9,26,2019,20191226,7.6
360,137,52.9,12,-3.6,2019-12-27,4.3,0.0,8.0,-0.5,0.0,2.6,27,2019,20191227,0.0
361,137,61.4,12,-7.4,2019-12-28,6.8,0.0,8.0,-1.2,0.0,0.7,28,2019,20191228,0.0
362,137,80.0,12,-5.7,2019-12-29,3.0,8.4,0.0,-1.1,0.0,0.4,29,2019,20191229,8.6
363,137,85.9,12,-1.3,2019-12-30,8.2,2.8,0.3,3.2,0.0,1.8,30,2019,20191230,7.5
364,137,46.8,12,-7.5,2019-12-31,-1.2,0.0,8.1,-5.1,0.0,4.1,31,2019,20191231,1.4
