,station_id,tmin,date,rainfall,wind,sunshine,tmax,year,month,cloud,day,humid,Date,tavg,snow
0,137,-5.6,20060101,0.0,1.7,0.0,4.7,2006,1,7.9,1,78.3,2006-01-01,0.4,0.0
1,137,0.0,20060102,0.0,3.7,6.3,6.7,2006,1,4.6,2,60.6,2006-01-02,2.5,0.0
2,137,-2.9,20060103,0.0,3.7,8.3,4.0,2006,1,2.5,3,30.3,2006-01-03,-0.5,0.0
3,137,-6.4,20060104,0.0,3.7,0.0,-1.7,2006,1,9.8,4,37.6,2006-01-04,-3.5,0.0
4,137,-9.7,20060105,0.0,3.4,7.9,-0.2,2006,1,4.6,5,42.8,2006-01-05,-5.5,0.0
5,137,-7.9,20060106,0.0,4.0,5.9,-1.7,2006,1,3.6,6,41.6,2006-01-06,-5.6,0.0
6,137,-9.5,20060107,0.0,3.9,8.5,-0.9,2006,1,0.0,7,36.9,2006-01-07,-5.5,0.0
7,137,-6.2,20060108,0.0,2.8,8.5,3.0,2006,1,2.8,8,41.9,2006-01-08,-2.6,0.0
8,137,-9.9,20060109,0.0,1.4,8.2,5.3,2006,1,4.1,9,55.1,2006-01-09,-1.4,0.0
9,137,-2.0,20060110,0.0,2.2,5.2,6.0,2006,1,3.1,10,56.4,2006-01-10,1.3,0.0
10,137,-8.2,20060111,0.0,1.1,6.7,6.3,2006,1,1.4,11,56.4,2006-01-11,-1.9,0.0
11,137,-10.7,20060112,0.1,0.9,4.4,6.0,2006,1,5.9,12,61.0,2006-01-12,-1.3,0.0
12,137,1.7,20060113,12.0,1.1,0.0,4.2,2006,1,10.0,13,96.1,2006-01-13,3.0,0.0
13,137,0.9,20060114,0.0,1.1,0.4,9.1,2006,1,9.4,14,85.1,2006-01-14,4.3,0.0
14,137,0.1,20060115,0.0,1.4,1.9,7.5,2006,1,4.8,15,79.4,2006-01-15,2.6,0.0
15,137,-2.3,20060116,0.0,1.1,0.0,3.5,2006,1,7.8,16,85.1,2006-01-16,1.0,0.0
16,137,-2.5,20060117,0.0,1.1,5.2,8.3,2006,1,4.5,17,62.1,2006-01-17,1.8,0.0
17,137,-2.4,20060118,0.0,0.9,2.4,6.9,2006,1,5.3,18,64.0,2006-01-18,1.8,0.0
18,137,-0.6,20060119,0.0,1.8,0.0,5.9,2006,1,8.0,19,72.8,2006-01-19,2.4,0.0
19,137,-1.2,20060120,0.0,0.9,6.7,7.4,2006,1,7.3,20,64.4,2006-01-20,2.1,0.0
20,137,-3.7,20060121,0.0,1.4,5.4,7.5,2006,1,2.9,21,61.0,2006-01-21,1.1,0.0
21,137,-4.9,20060122,0.0,4.2,8.7,2.9,2006,1,0.0,22,40.8,2006-01-22,-1.2,0.0
22,137,-7.7,20060123,0.0,3.7,8.7,2.9,2006,1,0.0,23,43.4,2006-01-23,-2.9,0.0
23,137,-6.3,20060124,0.0,2.9,8.7,4.4,2006,1,1.4,24,45.8,2006-01-24,-1.9,0.0
24,137,-4.7,20060125,0.0,2.6,8.1,5.5,2006,1,2.6,25,40.6,2006-01-25,0.4,0.0
25,137,-1.0,20060126,0.0,2.8,7.7,6.6,2006,1,3.1,26,59.4,2006-01-26,1.9,0.0
26,137,-0.6,20060127,0.0,3.3,7.0,7.2,2006,1,1.8,27,48.6,2006-01-27,2.4,0.0
27,137,-6.7,20060128,0.0,1.2,7.7,7.4,2006,1,3.1,28,62.6,2006-01-28,-0.1,0.0
28,137,-6.7,20060129,0.0,0.8,8.2,10.7,2006,1,4.9,29,63.9,2006-01-29,2.3,0.0
29,137,4.2,20060130,0.2,1.4,2.6,13.2,2006,1,8.9,30,67.8,2006-01-30,7.7,0.0
30,137,0.0,20060131,14.0,1.0,0.0,5.0,2006,1,10.0,31,96.1,2006-01-31,2.3,0.5
31,137,-0.9,20060201,6.0,3.2,2.2,4.0,2006,2,6.4,1,78.8,2006-02-01,1.9,0.0
32,137,-3.3,20060202,0.0,3.8,8.5,4.4,2006,2,2.5,2,49.0,2006-02-02,0.0,0.0
33,137,-11.8,20060203,0.0,4.8,8.9,-1.6,2006,2,0.0,3,43.1,2006-02-03,-8.1,0.0
34,137,-12.4,20060204,0.0,4.5,8.9,-1.8,2006,2,0.0,4,46.4,2006-02-04,-7.9,0.0
35,137,-9.0,20060205,0.0,2.1,4.7,0.8,2006,2,6.3,5,42.0,2006-02-05,-3.7,0.0
36,137,-4.8,20060206,1.5,0.8,0.9,0.8,2006,2,9.4,6,80.6,2006-02-06,-1.8,1.8
37,137,-1.7,20060207,4.6,2.8,0.2,3.1,2006,2,9.0,7,84.8,2006-02-07,-0.1,8.0
38,137,-7.5,20060208,0.3,5.1,4.7,-1.7,2006,2,4.1,8,61.9,2006-02-08,-5.5,0.4
39,137,-9.4,20060209,0.0,3.7,9.1,0.7,2006,2,0.4,9,52.8,2006-02-09,-4.1,0.0
40,137,-2.5,20060210,0.0,2.3,1.7,4.1,2006,2,7.6,10,66.0,2006-02-10,1.1,0.0
41,137,-0.2,20060211,0.0,2.4,4.7,7.3,2006,2,6.0,11,54.0,2006-02-11,2.8,0.0
42,137,-4.1,20060212,0.0,3.4,9.2,4.7,2006,2,0.0,12,36.3,2006-02-12,-0.3,0.0
43,137,-3.6,20060213,0.0,1.7,9.2,15.0,2006,2,2.4,13,38.5,2006-02-13,5.3,0.0
44,137,1.3,20060214,8.5,1.3,0.0,10.6,2006,2,9.0,14,88.6,2006-02-14,5.3,0.0
45,137,1.1,20060215,6.5,1.3,0.0,7.2,2006,2,8.4,15,91.3,2006-02-15,2.9,0.0
46,137,-1.1,20060216,0.0,2.9,4.9,8.9,2006,2,5.4,16,64.6,2006-02-16,3.0,0.0
47,137,-6.5,20060217,0.0,3.9,9.5,0.5,2006,2,0.9,17,38.3,2006-02-17,-3.5,0.0
48,137,-5.5,20060218,0.0,2.8,8.2,5.7,2006,2,3.9,18,49.0,2006-02-18,-0.1,0.0
49,137,-2.5,20060219,0.0,1.2,5.7,10.6,2006,2,5.8,19,53.3,2006-02-19,3.0,0.0
50,137,0.0,20060220,0.0,1.5,9.1,13.3,2006,2,3.5,20,49.3,2006-02-20,5.4,0.0
51,137,-3.7,20060221,0.0,1.6,8.4,15.4,2006,2,3.4,21,51.8,2006-02-21,5.6,0.0
52,137,0.0,20060222,0.0,3.6,2.4,8.4,2006,2,8.1,22,54.8,2006-02-22,4.7,0.0
53,137,-2.7,20060223,0.0,2.8,9.1,10.7,2006,2,2.3,23,38.6,2006-02-23,3.1,0.0
54,137,-1.0,20060224,0.0,1.7,9.6,12.9,2006,2,1.0,24,37.0,2006-02-24,4.9,0.0
55,137,-3.0,20060225,0.5,1.1,2.8,9.7,2006,2,7.1,25,71.6,2006-02-25,4.0,0.0
56,137,-2.4,20060226,1.0,3.6,7.1,8.0,2006,2,4.9,26,59.5,2006-02-26,3.4,0.0
57,137,-4.7,20060227,0.0,2.0,5.6,6.2,2006,2,6.9,27,45.4,2006-02-27,0.5,0.0
58,137,0.1,20060228,2.5,1.0,0.0,4.3,2006,2,9.9,28,79.0,2006-02-28,1.5,0.0
59,137,-0.9,20060301,1.0,2.6,2.4,5.1,2006,3,6.9,1,71.1,2006-03-01,1.0,0.3
60,137,-1.9,20060302,0.7,4.0,5.1,3.6,2006,3,5.4,2,55.0,2006-03-02,0.0,1.1
61,137,-4.1,20060303,0.0,3.1,9.6,6.4,2006,3,0.6,3,51.1,2006-03-03,0.9,0.0
62,137,-5.0,20060304,0.0,1.4,8.7,12.1,2006,3,3.1,4,51.3,2006-03-04,3.8,0.0
63,137,2.9,20060305,0.0,1.8,7.1,17.5,2006,3,4.4,5,53.9,2006-03-05,9.8,0.0
64,137,5.0,20060306,0.0,1.6,8.0,17.6,2006,3,4.9,6,63.6,2006-03-06,9.4,0.0
65,137,3.1,20060307,0.0,2.8,7.9,15.8,2006,3,2.5,7,61.3,2006-03-07,9.1,0.0
66,137,0.8,20060308,0.0,1.9,9.2,17.2,2006,3,3.5,8,48.0,2006-03-08,8.7,0.0
67,137,1.2,20060309,0.0,1.4,0.3,14.6,2006,3,6.3,9,64.4,2006-03-09,7.4,0.0
68,137,-0.2,20060310,0.0,2.0,9.0,20.1,2006,3,3.3,10,63.5,2006-03-10,9.6,0.0
69,137,5.1,20060311,0.0,2.9,0.0,10.8,2006,3,9.5,11,67.5,2006-03-11,9.1,0.0
70,137,-6.6,20060312,0.0,5.4,7.6,5.2,2006,3,5.4,12,32.9,2006-03-12,-1.8,0.0
71,137,-7.8,20060313,2.5,3.0,5.0,2.0,2006,3,4.0,13,57.4,2006-03-13,-2.5,3.0
72,137,-3.6,20060314,0.4,4.6,10.0,6.1,2006,3,1.5,14,47.9,2006-03-14,0.9,0.6
73,137,-0.2,20060315,0.0,3.3,8.4,14.0,2006,3,3.6,15,42.5,2006-03-15,7.1,0.0
74,137,1.3,20060316,3.5,2.4,0.0,7.7,2006,3,8.6,16,77.5,2006-03-16,4.3,0.0
75,137,1.8,20060317,0.0,2.0,10.0,19.5,2006,3,3.0,17,55.3,2006-03-17,9.6,0.0
76,137,3.9,20060318,0.4,2.2,2.4,15.7,2006,3,7.3,18,60.8,2006-03-18,8.6,0.0
77,137,0.7,20060319,0.0,4.3,10.8,11.1,2006,3,0.0,19,32.4,2006-03-19,5.0,0.0
78,137,-1.1,20060320,0.0,2.2,2.7,11.9,2006,3,6.3,20,33.8,2006-03-20,6.2,0.0
79,137,2.9,20060321,0.0,1.7,9.6,18.7,2006,3,3.5,21,33.8,2006-03-21,10.6,0.0
80,137,2.3,20060322,0.0,1.7,6.3,17.6,2006,3,6.4,22,48.5,2006-03-22,10.2,0.0
81,137,3.1,20060323,0.0,4.1,9.7,14.4,2006,3,2.1,23,39.5,2006-03-23,8.4,0.0
82,137,-0.5,20060324,0.0,2.4,11.1,14.7,2006,3,1.0,24,34.6,2006-03-24,6.6,0.0
83,137,-0.9,20060325,0.0,2.6,9.8,19.0,2006,3,2.3,25,35.3,2006-03-25,10.3,0.0
84,137,6.9,20060326,0.0,2.8,10.1,16.2,2006,3,2.8,26,31.6,2006-03-26,10.7,0.0
85,137,-0.8,20060327,0.0,2.1,10.0,17.3,2006,3,0.3,27,31.3,2006-03-27,8.7,0.0
86,137,0.0,20060328,0.4,5.3,4.4,8.0,2006,3,5.0,28,53.6,2006-03-28,3.1,0.0
87,137,-1.0,20060329,0.2,3.5,10.2,10.9,2006,3,3.3,29,43.4,2006-03-29,4.9,0.0
88,137,2.1,20060330,1.0,4.3,10.9,11.0,2006,3,1.8,30,42.4,2006-03-30,5.4,0.0
89,137,-3.3,20060331,0.0,1.2,10.8,17.9,2006,3,0.9,31,35.3,2006-03-31,7.7,0.0
90,137,2.3,20060401,8.5,0.9,0.0,11.9,2006,4,8.9,1,75.8,2006-04-01,8.2,0.0
91,137,6.3,20060402,1.5,3.6,0.0,12.8,2006,4,6.8,2,78.9,2006-04-02,9.0,0.0
92,137,3.3,20060403,0.0,2.8,9.1,22.6,2006,4,3.1,3,52.8,2006-04-03,13.4,0.0
93,137,8.4,20060404,7.5,1.3,0.0,12.2,2006,4,10.0,4,88.1,2006-04-04,9.4,0.0
94,137,7.5,20060405,0.0,2.0,8.1,20.4,2006,4,4.1,5,65.3,2006-04-05,12.3,0.0
95,137,2.3,20060406,0.0,1.6,0.7,14.5,2006,4,7.3,6,73.5,2006-04-06,8.6,0.0
96,137,3.7,20060407,0.0,2.8,7.2,19.4,2006,4,4.4,7,61.4,2006-04-07,12.1,0.0
97,137,7.9,20060408,0.0,3.5,3.2,18.3,2006,4,1.1,8,34.3,2006-04-08,12.2,0.0
98,137,7.4,20060409,1.5,2.2,3.6,18.7,2006,4,8.9,9,60.5,2006-04-09,13.0,0.0
99,137,9.7,20060410,42.0,2.2,0.0,12.7,2006,4,10.0,10,96.1,2006-04-10,11.3,0.0
100,137,10.5,20060411,7.5,1.8,0.3,16.6,2006,4,7.9,11,84.5,2006-04-11,13.2,0.0
101,137,10.8,20060412,0.0,2.6,10.5,25.5,2006,4,4.0,12,65.0,2006-04-12,16.9,0.0
102,137,5.8,20060413,0.0,1.9,0.0,11.2,2006,4,9.0,13,70.4,2006-04-13,8.9,0.0
103,137,3.6,20060414,0.0,1.9,10.3,17.7,2006,4,4.9,14,45.4,2006-04-14,9.7,0.0
104,137,1.5,20060415,0.0,1.3,1.4,13.5,2006,4,5.8,15,57.1,2006-04-15,7.9,0.0
105,137,4.7,20060416,0.0,4.2,11.9,14.1,2006,4,0.1,16,31.5,2006-04-16,8.5,0.0
106,137,1.6,20060417,0.0,2.2,6.3,22.1,2006,4,4.0,17,36.4,2006-04-17,11.8,0.0
107,137,6.7,20060418,0.0,1.8,4.3,25.1,2006,4,4.4,18,45.3,2006-04-18,15.9,0.0
108,137,6.1,20060419,47.5,3.4,0.5,17.0,2006,4,8.5,19,79.5,2006-04-19,10.9,0.0
109,137,3.2,20060420,3.0,5.5,1.4,9.6,2006,4,9.4,20,67.6,2006-04-20,6.6,0.0
110,137,5.9,20060421,0.0,3.8,11.9,19.8,2006,4,1.4,21,49.0,2006-04-21,12.3,0.0
111,137,8.3,20060422,0.0,1.7,4.6,20.9,2006,4,5.4,22,41.5,2006-04-22,13.4,0.0
112,137,6.4,20060423,0.2,3.7,9.3,20.8,2006,4,1.8,23,48.1,2006-04-23,12.1,0.0
113,137,5.2,20060424,0.0,4.1,11.1,17.8,2006,4,0.0,24,41.6,2006-04-24,11.5,0.0
114,137,6.6,20060425,0.0,3.5,13.5,20.5,2006,4,1.8,25,29.4,2006-04-25,13.7,0.0
115,137,9.8,20060426,0.0,1.5,0.0,18.2,2006,4,9.8,26,52.0,2006-04-26,13.0,0.0
116,137,8.4,20060427,0.0,2.0,5.6,19.8,2006,4,4.6,27,58.8,2006-04-27,13.4,0.0
117,137,6.1,20060428,0.0,2.1,10.3,23.1,2006,4,2.1,28,41.4,2006-04-28,15.8,0.0
118,137,7.1,20060429,0.0,1.5,4.0,20.4,2006,4,5.8,29,59.3,2006-04-29,13.6,0.0
119,137,8.7,20060430,0.0,2.9,8.8,28.5,2006,4,4.5,30,62.9,2006-04-30,19.0,0.0
120,137,14.4,20060501,0.0,1.8,7.5,30.0,2006,5,2.4,1,52.3,2006-05-01,21.5,0.0
121,137,8.9,20060502,0.0,2.8,12.2,23.1,2006,5,0.8,2,41.6,2006-05-02,16.1,0.0
122,137,4.8,20060503,0.0,1.2,11.5,24.3,2006,5,1.9,3,54.3,2006-05-03,14.9,0.0
123,137,10.0,20060504,0.0,1.7,9.6,29.5,2006,5,1.8,4,45.4,2006-05-04,20.6,0.0
124,137,12.1,20060505,0.0,1.2,3.1,27.4,2006,5,8.9,5,66.0,2006-05-05,19.7,0.0
125,137,14.8,20060506,41.0,1.5,0.0,19.1,2006,5,10.0,6,95.6,2006-05-06,16.5,0.0
126,137,14.5,20060507,0.0,1.1,3.0,25.7,2006,5,8.5,7,77.3,2006-05-07,18.7,0.0
127,137,11.6,20060508,0.0,1.1,0.3,21.9,2006,5,5.4,8,79.4,2006-05-08,16.1,0.0
128,137,10.5,20060509,0.0,1.1,4.0,25.5,2006,5,7.6,9,75.9,2006-05-09,17.2,0.0
129,137,14.1,20060510,13.0,1.3,0.5,22.8,2006,5,9.1,10,89.1,2006-05-10,17.2,0.0
130,137,11.3,20060511,0.0,1.7,7.5,23.1,2006,5,5.6,11,63.4,2006-05-11,17.3,0.0
131,137,8.7,20060512,0.0,1.0,0.2,18.8,2006,5,9.1,12,61.1,2006-05-12,13.5,0.0
132,137,7.8,20060513,0.0,2.2,8.3,22.3,2006,5,5.9,13,53.8,2006-05-13,15.2,0.0
133,137,11.0,20060514,0.0,2.8,12.2,23.0,2006,5,2.3,14,53.0,2006-05-14,16.6,0.0
134,137,8.5,20060515,0.0,1.6,8.8,25.9,2006,5,6.5,15,49.3,2006-05-15,18.4,0.0
135,137,13.9,20060516,0.0,1.8,11.2,27.3,2006,5,3.5,16,43.5,2006-05-16,20.3,0.0
136,137,13.1,20060517,0.0,0.8,3.4,27.3,2006,5,8.9,17,53.0,2006-05-17,19.7,0.0
137,137,13.7,20060518,1.0,0.7,0.9,25.2,2006,5,10.0,18,61.9,2006-05-18,19.2,0.0
138,137,13.9,20060519,21.0,1.2,0.0,17.7,2006,5,9.6,19,89.0,2006-05-19,15.5,0.0
139,137,14.2,20060520,0.0,2.4,10.8,27.1,2006,5,1.8,20,61.0,2006-05-20,20.4,0.0
140,137,14.8,20060521,0.0,0.8,9.8,31.1,2006,5,1.8,21,65.1,2006-05-21,22.9,0.0
141,137,14.9,20060522,13.0,1.5,4.1,26.5,2006,5,7.3,22,79.8,2006-05-22,20.6,0.0
142,137,15.1,20060523,0.1,3.4,9.8,23.4,2006,5,3.3,23,72.1,2006-05-23,18.7,0.0
143,137,14.8,20060524,0.0,1.5,9.9,27.8,2006,5,1.6,24,63.9,2006-05-24,19.9,0.0
144,137,12.0,20060525,0.0,1.1,2.7,22.5,2006,5,9.3,25,70.9,2006-05-25,16.8,0.0
145,137,13.4,20060526,0.0,1.4,7.5,25.7,2006,5,7.0,26,64.8,2006-05-26,18.9,0.0
146,137,14.2,20060527,8.5,1.2,0.0,18.2,2006,5,10.0,27,92.4,2006-05-27,16.0,0.0
147,137,14.2,20060528,4.0,1.8,4.2,23.6,2006,5,6.8,28,71.0,2006-05-28,18.5,0.0
148,137,15.7,20060529,0.3,1.9,5.6,26.0,2006,5,7.0,29,71.9,2006-05-29,19.5,0.0
149,137,14.4,20060530,0.0,1.7,11.7,29.7,2006,5,1.4,30,56.9,2006-05-30,21.8,0.0
150,137,13.3,20060531,0.0,1.2,11.6,30.0,2006,5,1.4,31,58.0,2006-05-31,22.1,0.0
151,137,16.4,20060601,0.0,0.8,10.8,31.7,2006,6,2.9,1,60.5,2006-06-01,23.5,0.0
152,137,15.9,20060602,0.0,1.2,10.8,32.2,2006,6,3.3,2,59.0,2006-06-02,22.8,0.0
153,137,13.2,20060603,0.0,1.1,10.9,28.8,2006,6,4.4,3,65.8,2006-06-03,20.3,0.0
154,137,14.8,20060604,0.0,0.7,5.3,28.8,2006,6,5.0,4,71.6,2006-06-04,20.8,0.0
155,137,17.1,20060605,0.0,1.4,10.6,31.1,2006,6,1.9,5,63.4,2006-06-05,23.2,0.0
156,137,15.9,20060606,0.0,1.1,9.7,31.4,2006,6,2.5,6,63.9,2006-06-06,23.8,0.0
157,137,16.8,20060607,0.0,0.9,5.0,28.9,2006,6,6.5,7,74.8,2006-06-07,22.7,0.0
158,137,16.4,20060608,5.0,1.1,0.2,24.2,2006,6,10.0,8,80.5,2006-06-08,19.5,0.0
159,137,15.2,20060609,0.5,1.4,11.4,29.2,2006,6,3.3,9,67.1,2006-06-09,21.2,0.0
160,137,14.2,20060610,13.0,1.7,6.5,30.2,2006,6,8.4,10,71.4,2006-06-10,20.1,0.0
161,137,15.3,20060611,0.5,2.0,9.2,25.9,2006,6,4.5,11,68.8,2006-06-11,20.2,0.0
162,137,14.5,20060612,0.0,1.3,12.4,30.7,2006,6,0.4,12,62.9,2006-06-12,22.5,0.0
163,137,14.7,20060613,0.0,1.1,11.0,31.1,2006,6,3.6,13,64.5,2006-06-13,22.7,0.0
164,137,16.1,20060614,29.5,1.1,0.0,21.0,2006,6,9.1,14,87.1,2006-06-14,18.3,0.0
165,137,18.6,20060615,2.0,2.7,8.6,27.3,2006,6,5.3,15,69.9,2006-06-15,21.4,0.0
166,137,13.9,20060616,0.0,1.0,10.6,30.9,2006,6,2.5,16,67.8,2006-06-16,21.9,0.0
167,137,14.9,20060617,0.0,1.2,11.9,32.7,2006,6,2.0,17,63.5,2006-06-17,23.6,0.0
168,137,18.8,20060618,0.0,2.5,11.5,29.2,2006,6,1.1,18,62.6,2006-06-18,23.5,0.0
169,137,17.9,20060619,0.0,1.6,10.4,31.3,2006,6,3.5,19,59.8,2006-06-19,24.1,0.0
170,137,16.9,20060620,0.0,1.1,6.7,32.2,2006,6,7.3,20,60.0,2006-06-20,24.9,0.0
171,137,19.6,20060621,3.0,1.1,0.2,27.8,2006,6,10.0,21,81.9,2006-06-21,22.5,0.0
172,137,19.5,20060622,24.5,0.7,0.9,27.2,2006,6,8.8,22,88.5,2006-06-22,22.3,0.0
173,137,19.0,20060623,0.0,0.7,1.7,29.5,2006,6,8.6,23,81.6,2006-06-23,23.5,0.0
174,137,19.0,20060624,0.0,1.1,4.5,29.9,2006,6,8.4,24,74.3,2006-06-24,23.6,0.0
175,137,18.9,20060625,0.5,0.8,0.0,21.5,2006,6,9.4,25,85.0,2006-06-25,20.1,0.0
176,137,18.1,20060626,0.5,0.7,0.5,25.1,2006,6,8.8,26,85.6,2006-06-26,21.4,0.0
177,137,19.8,20060627,0.0,1.8,8.1,30.4,2006,6,6.4,27,73.5,2006-06-27,24.6,0.0
178,137,21.9,20060628,0.0,1.5,5.8,32.1,2006,6,5.4,28,71.4,2006-06-28,26.5,0.0
179,137,19.8,20060629,0.3,1.0,4.4,32.2,2006,6,7.9,29,76.8,2006-06-29,25.6,0.0
180,137,22.6,20060630,4.5,1.4,0.6,30.3,2006,6,9.4,30,77.5,2006-06-30,26.5,0.0
181,137,21.4,20060701,16.0,1.1,0.0,25.6,2006,7,9.8,1,91.9,2006-07-01,22.7,0.0
182,137,21.5,20060702,0.5,1.7,4.2,28.9,2006,7,7.6,2,82.0,2006-07-02,24.0,0.0
183,137,19.9,20060703,0.0,0.8,4.8,30.8,2006,7,7.0,3,79.1,2006-07-03,24.3,0.0
184,137,19.5,20060704,26.0,1.0,0.0,22.3,2006,7,10.0,4,94.6,2006-07-04,21.1,0.0
185,137,18.7,20060705,4.5,0.5,0.0,27.4,2006,7,10.0,5,88.8,2006-07-05,21.4,0.0
186,137,17.0,20060706,6.5,0.2,0.0,20.8,2006,7,10.0,6,91.3,2006-07-06,18.8,0.0
187,137,18.4,20060707,0.2,0.2,0.0,25.6,2006,7,9.5,7,90.9,2006-07-07,21.2,0.0
188,137,20.2,20060708,6.0,0.3,0.3,28.3,2006,7,9.8,8,87.3,2006-07-08,23.7,0.0
189,137,21.4,20060709,32.5,0.4,0.0,24.0,2006,7,9.9,9,96.0,2006-07-09,22.2,0.0
190,137,21.1,20060710,117.0,2.4,0.0,23.2,2006,7,10.0,10,95.1,2006-07-10,21.9,0.0
191,137,22.0,20060711,2.5,1.2,0.1,28.6,2006,7,9.9,11,87.5,2006-07-11,24.2,0.0
192,137,22.8,20060712,23.0,0.6,0.9,32.5,2006,7,9.6,12,91.9,2006-07-12,25.6,0.0
193,137,24.2,20060713,0.1,1.1,2.7,34.0,2006,7,7.8,13,82.3,2006-07-13,28.1,0.0
194,137,23.6,20060714,0.5,0.7,6.4,34.2,2006,7,7.3,14,86.5,2006-07-14,26.7,0.0
195,137,23.0,20060715,13.0,1.5,2.0,30.8,2006,7,8.1,15,89.0,2006-07-15,25.4,0.0
196,137,18.5,20060716,65.5,1.2,0.0,24.9,2006,7,9.5,16,94.9,2006-07-16,20.6,0.0
197,137,17.9,20060717,83.0,0.7,0.0,20.0,2006,7,10.0,17,96.0,2006-07-17,18.7,0.0
198,137,18.1,20060718,67.5,0.7,0.0,19.1,2006,7,10.0,18,95.3,2006-07-18,18.7,0.0
199,137,18.0,20060719,13.5,0.6,0.0,20.9,2006,7,9.8,19,94.3,2006-07-19,19.1,0.0
200,137,17.5,20060720,12.0,0.6,0.0,21.5,2006,7,10.0,20,93.8,2006-07-20,18.8,0.0
201,137,17.8,20060721,2.5,0.3,0.8,26.1,2006,7,9.0,21,91.4,2006-07-21,20.9,0.0
202,137,18.7,20060722,0.0,1.7,3.7,29.1,2006,7,6.3,22,78.1,2006-07-22,23.9,0.0
203,137,18.1,20060723,0.0,1.0,3.0,27.4,2006,7,8.5,23,80.3,2006-07-23,22.3,0.0
204,137,19.0,20060724,0.0,0.3,0.0,26.7,2006,7,9.9,24,88.4,2006-07-24,22.1,0.0
205,137,19.1,20060725,5.5,0.4,2.8,29.2,2006,7,9.0,25,83.3,2006-07-25,23.4,0.0
206,137,19.7,20060726,71.0,0.7,0.0,22.4,2006,7,10.0,26,94.6,2006-07-26,20.8,0.0
207,137,20.4,20060727,2.5,0.6,0.5,29.0,2006,7,9.3,27,91.6,2006-07-27,23.5,0.0
208,137,22.6,20060728,27.5,1.6,0.1,27.6,2006,7,9.1,28,89.4,2006-07-28,24.2,0.0
209,137,22.5,20060729,9.0,0.5,0.5,27.8,2006,7,8.6,29,93.0,2006-07-29,24.4,0.0
210,137,22.6,20060730,0.0,1.0,7.4,32.2,2006,7,6.4,30,82.3,2006-07-30,27.0,0.0
211,137,22.8,20060731,0.0,1.7,9.7,31.9,2006,7,1.4,31,74.8,2006-07-31,26.8,0.0
212,137,21.4,20060801,0.0,0.6,9.6,34.0,2006,8,1.9,1,75.4,2006-08-01,27.4,0.0
213,137,22.0,20060802,0.0,0.4,7.3,34.4,2006,8,2.8,2,80.4,2006-08-02,27.5,0.0
214,137,22.6,20060803,0.0,0.5,12.2,35.0,2006,8,0.9,3,77.5,2006-08-03,28.2,0.0
215,137,22.4,20060804,0.0,0.6,12.0,35.3,2006,8,1.6,4,77.8,2006-08-04,28.2,0.0
216,137,22.7,20060805,0.0,0.9,9.3,35.4,2006,8,2.6,5,77.5,2006-08-05,27.8,0.0
217,137,22.3,20060806,0.0,1.6,10.7,35.4,2006,8,3.0,6,70.3,2006-08-06,28.0,0.0
218,137,22.6,20060807,0.0,1.0,11.4,35.5,2006,8,4.1,7,73.9,2006-08-07,28.4,0.0
219,137,22.9,20060808,0.0,0.7,11.9,36.6,2006,8,1.8,8,73.3,2006-08-08,28.8,0.0
220,137,22.8,20060809,0.0,0.5,9.2,35.5,2006,8,3.5,9,78.5,2006-08-09,28.4,0.0
221,137,23.7,20060810,0.0,0.9,8.4,35.6,2006,8,4.3,10,76.4,2006-08-10,28.7,0.0
222,137,23.5,20060811,0.0,1.4,3.8,32.7,2006,8,6.1,11,77.1,2006-08-11,26.9,0.0
223,137,22.3,20060812,0.0,1.2,8.4,34.8,2006,8,5.0,12,77.9,2006-08-12,27.7,0.0
224,137,23.9,20060813,0.0,0.8,6.7,33.6,2006,8,5.4,13,78.3,2006-08-13,28.3,0.0
225,137,22.6,20060814,0.0,0.5,9.7,34.3,2006,8,1.8,14,78.9,2006-08-14,28.1,0.0
226,137,24.0,20060815,0.0,0.9,10.7,35.7,2006,8,1.4,15,73.1,2006-08-15,29.4,0.0
227,137,23.6,20060816,0.0,0.8,10.4,34.0,2006,8,3.3,16,72.9,2006-08-16,28.7,0.0
228,137,22.2,20060817,0.0,1.4,8.2,33.4,2006,8,4.1,17,70.1,2006-08-17,26.9,0.0
229,137,22.5,20060818,0.0,1.4,0.7,29.4,2006,8,8.8,18,75.1,2006-08-18,24.6,0.0
230,137,18.1,20060819,8.0,1.1,0.1,24.1,2006,8,9.9,19,85.8,2006-08-19,21.4,0.0
231,137,19.2,20060820,16.5,0.5,0.0,24.2,2006,8,9.1,20,94.0,2006-08-20,21.4,0.0
232,137,21.7,20060821,1.5,0.5,2.3,31.9,2006,8,9.0,21,88.1,2006-08-21,25.2,0.0
233,137,22.9,20060822,0.5,0.6,0.0,25.1,2006,8,10.0,22,96.1,2006-08-22,23.9,0.0
234,137,22.0,20060823,3.0,0.6,2.6,30.3,2006,8,8.1,23,88.9,2006-08-23,24.9,0.0
235,137,22.5,20060824,0.0,0.8,6.8,31.7,2006,8,7.1,24,80.8,2006-08-24,26.0,0.0
236,137,22.4,20060825,4.0,0.6,0.5,29.1,2006,8,9.9,25,89.8,2006-08-25,24.3,0.0
237,137,22.5,20060826,0.0,0.8,3.7,31.6,2006,8,7.5,26,86.4,2006-08-26,25.6,0.0
238,137,22.6,20060827,6.0,0.9,1.0,28.5,2006,8,7.9,27,89.6,2006-08-27,24.6,0.0
239,137,22.5,20060828,0.0,1.7,8.9,30.8,2006,8,4.4,28,79.5,2006-08-28,25.9,0.0
240,137,19.6,20060829,9.5,0.6,5.5,31.3,2006,8,6.5,29,85.8,2006-08-29,24.0,0.0
241,137,19.6,20060830,24.0,0.8,0.0,25.4,2006,8,8.6,30,88.1,2006-08-30,21.8,0.0
242,137,19.3,20060831,0.0,1.0,7.4,28.3,2006,8,5.3,31,69.8,2006-08-31,23.2,0.0
243,137,15.4,20060901,0.0,0.8,7.9,28.5,2006,9,3.0,1,75.8,2006-09-01,21.4,0.0
244,137,16.5,20060902,0.0,0.7,11.0,29.3,2006,9,2.1,2,74.9,2006-09-02,22.2,0.0
245,137,17.2,20060903,0.0,0.6,8.8,28.5,2006,9,4.9,3,78.3,2006-09-03,21.9,0.0
246,137,16.8,20060904,0.0,1.1,5.4,29.0,2006,9,5.8,4,76.9,2006-09-04,22.6,0.0
247,137,14.9,20060905,2.0,1.1,0.2,22.1,2006,9,9.8,5,77.1,2006-09-05,19.0,0.0
248,137,13.6,20060906,8.5,0.6,3.8,23.7,2006,9,5.5,6,86.8,2006-09-06,17.0,0.0
249,137,13.7,20060907,0.0,0.7,6.8,27.1,2006,9,3.3,7,77.8,2006-09-07,19.2,0.0
250,137,13.6,20060908,0.0,0.3,0.0,21.9,2006,9,8.8,8,85.3,2006-09-08,18.2,0.0
251,137,15.3,20060909,0.0,1.7,0.8,23.3,2006,9,8.6,9,82.1,2006-09-09,18.4,0.0
252,137,8.5,20060910,0.0,1.9,8.8,21.5,2006,9,4.8,10,64.9,2006-09-10,14.4,0.0
253,137,7.3,20060911,0.0,0.5,0.0,17.3,2006,9,8.8,11,79.6,2006-09-11,12.3,0.0
254,137,10.4,20060912,0.0,0.7,1.7,24.4,2006,9,7.6,12,80.8,2006-09-12,16.6,0.0
255,137,13.7,20060913,0.0,0.8,2.8,25.9,2006,9,4.6,13,78.8,2006-09-13,18.1,0.0
256,137,11.9,20060914,0.0,0.9,8.6,26.8,2006,9,4.4,14,71.9,2006-09-14,18.7,0.0
257,137,14.3,20060915,0.0,0.6,1.3,23.2,2006,9,10.0,15,84.0,2006-09-15,18.3,0.0
258,137,16.6,20060916,2.0,0.6,0.0,22.9,2006,9,9.8,16,85.8,2006-09-16,19.1,0.0
259,137,15.0,20060917,18.5,1.2,0.0,17.9,2006,9,10.0,17,94.1,2006-09-17,16.2,0.0
260,137,15.0,20060918,3.5,1.6,0.0,20.7,2006,9,10.0,18,85.8,2006-09-18,17.1,0.0
261,137,13.7,20060919,0.0,1.1,9.8,27.3,2006,9,2.5,19,76.5,2006-09-19,19.8,0.0
262,137,13.5,20060920,0.0,0.5,4.4,25.8,2006,9,6.5,20,84.0,2006-09-20,18.1,0.0
263,137,13.8,20060921,0.0,0.7,8.7,27.3,2006,9,3.6,21,79.4,2006-09-21,19.3,0.0
264,137,13.8,20060922,0.0,0.8,9.9,26.4,2006,9,0.6,22,73.6,2006-09-22,19.0,0.0
265,137,10.0,20060923,0.0,0.7,9.8,25.5,2006,9,1.0,23,74.3,2006-09-23,16.8,0.0
266,137,8.6,20060924,0.0,0.6,9.7,25.0,2006,9,0.1,24,75.1,2006-09-24,16.2,0.0
267,137,9.5,20060925,0.0,0.7,6.7,25.5,2006,9,3.8,25,79.6,2006-09-25,16.2,0.0
268,137,10.6,20060926,0.0,0.7,8.0,25.0,2006,9,5.3,26,79.8,2006-09-26,17.0,0.0
269,137,11.4,20060927,0.0,0.5,8.2,26.9,2006,9,2.3,27,77.6,2006-09-27,17.5,0.0
270,137,12.3,20060928,0.0,0.8,2.1,24.5,2006,9,6.9,28,76.3,2006-09-28,17.9,0.0
271,137,13.4,20060929,0.0,0.9,4.1,26.1,2006,9,6.1,29,77.0,2006-09-29,18.5,0.0
272,137,11.1,20060930,0.0,0.5,7.8,25.3,2006,9,4.5,30,72.6,2006-09-30,18.1,0.0
273,137,13.6,20061001,0.0,0.7,6.4,25.7,2006,10,7.1,1,76.3,2006-10-01,18.7,0.0
274,137,13.4,20061002,0.0,0.6,8.8,27.6,2006,10,1.3,2,77.0,2006-10-02,18.4,0.0
275,137,10.0,20061003,0.0,0.5,9.0,27.7,2006,10,0.1,3,75.3,2006-10-03,17.2,0.0
276,137,10.7,20061004,0.0,0.6,5.6,27.0,2006,10,4.4,4,73.3,2006-10-04,17.6,0.0
277,137,9.7,20061005,0.0,0.9,9.4,26.6,2006,10,0.4,5,70.6,2006-10-05,17.6,0.0
278,137,10.2,20061006,0.0,0.9,9.2,27.3,2006,10,0.4,6,67.0,2006-10-06,17.4,0.0
279,137,7.7,20061007,0.0,0.8,9.2,27.7,2006,10,0.0,7,63.6,2006-10-07,17.6,0.0
280,137,10.5,20061008,0.0,0.8,7.9,26.6,2006,10,2.5,8,76.9,2006-10-08,17.7,0.0
281,137,13.0,20061009,0.0,0.6,4.5,26.2,2006,10,4.5,9,82.9,2006-10-09,18.3,0.0
282,137,12.8,20061010,0.0,0.8,4.6,27.1,2006,10,6.9,10,75.9,2006-10-10,17.8,0.0
283,137,10.0,20061011,0.0,1.3,4.6,24.7,2006,10,5.4,11,75.8,2006-10-11,18.1,0.0
284,137,10.2,20061012,0.0,1.1,9.0,26.3,2006,10,1.1,12,55.5,2006-10-12,17.0,0.0
285,137,6.5,20061013,0.0,0.9,8.9,24.6,2006,10,2.3,13,64.3,2006-10-13,15.2,0.0
286,137,7.9,20061014,0.0,0.7,8.7,25.8,2006,10,0.4,14,73.4,2006-10-14,15.6,0.0
287,137,8.6,20061015,0.0,0.4,8.5,27.3,2006,10,0.0,15,73.6,2006-10-15,16.5,0.0
288,137,10.2,20061016,0.0,0.4,6.9,25.1,2006,10,0.0,16,82.9,2006-10-16,16.7,0.0
289,137,10.3,20061017,0.0,0.6,1.3,23.4,2006,10,7.0,17,85.8,2006-10-17,15.4,0.0
290,137,10.3,20061018,0.0,0.5,5.8,25.2,2006,10,4.8,18,82.6,2006-10-18,16.4,0.0
291,137,11.9,20061019,0.0,0.7,1.6,24.1,2006,10,9.1,19,77.5,2006-10-19,17.2,0.0
292,137,12.7,20061020,0.0,1.0,6.9,27.1,2006,10,3.9,20,69.8,2006-10-20,18.8,0.0
293,137,14.1,20061021,0.0,0.9,3.8,24.0,2006,10,6.4,21,77.3,2006-10-21,17.6,0.0
294,137,11.5,20061022,26.5,0.8,0.3,19.1,2006,10,8.3,22,91.8,2006-10-22,14.9,0.0
295,137,9.0,20061023,1.0,3.0,1.4,18.3,2006,10,6.5,23,70.9,2006-10-23,13.4,0.0
296,137,6.3,20061024,0.0,1.2,9.1,20.3,2006,10,0.5,24,69.1,2006-10-24,12.4,0.0
297,137,3.6,20061025,0.0,0.9,4.7,20.2,2006,10,5.9,25,74.8,2006-10-25,12.2,0.0
298,137,10.0,20061026,1.0,0.4,0.0,17.5,2006,10,9.3,26,88.5,2006-10-26,13.2,0.0
299,137,7.4,20061027,0.0,1.5,8.4,19.8,2006,10,2.3,27,72.5,2006-10-27,13.6,0.0
300,137,2.9,20061028,0.0,1.0,7.5,22.0,2006,10,2.4,28,69.8,2006-10-28,11.6,0.0
301,137,8.6,20061029,0.0,1.3,7.5,21.9,2006,10,1.5,29,73.8,2006-10-29,13.8,0.0
302,137,4.0,20061030,0.0,0.7,8.6,21.6,2006,10,1.1,30,72.1,2006-10-30,11.0,0.0
303,137,2.9,20061031,0.0,0.8,8.6,22.6,2006,10,0.9,31,68.1,2006-10-31,11.4,0.0
304,137,5.9,20061101,0.0,0.7,7.0,20.7,2006,11,4.1,1,77.0,2006-11-01,12.3,0.0
305,137,7.2,20061102,0.0,1.7,7.5,19.5,2006,11,1.9,2,66.1,2006-11-02,12.8,0.0
306,137,4.8,20061103,0.0,1.2,6.2,21.7,2006,11,2.0,3,72.4,2006-11-03,12.2,0.0
307,137,5.8,20061104,0.0,0.5,6.4,20.4,2006,11,4.3,4,81.6,2006-11-04,11.8,0.0
308,137,5.8,20061105,8.0,1.7,5.8,19.0,2006,11,3.8,5,71.0,2006-11-05,11.2,0.0
309,137,2.3,20061106,7.0,2.3,1.6,11.0,2006,11,6.9,6,83.9,2006-11-06,5.2,0.0
310,137,-0.3,20061107,0.0,2.6,6.9,8.7,2006,11,4.0,7,67.1,2006-11-07,3.6,0.0
311,137,-0.5,20061108,0.0,1.1,7.5,19.5,2006,11,2.1,8,72.8,2006-11-08,8.6,0.0
312,137,5.9,20061109,1.5,1.1,1.8,18.5,2006,11,4.8,9,84.9,2006-11-09,10.7,0.0
313,137,3.6,20061110,0.5,1.0,1.3,15.1,2006,11,7.0,10,63.5,2006-11-10,8.1,0.0
314,137,3.6,20061111,1.0,2.6,7.6,13.9,2006,11,3.0,11,54.8,2006-11-11,7.5,0.0
315,137,0.6,20061112,0.0,2.3,8.6,12.9,2006,11,0.0,12,47.5,2006-11-12,5.5,0.0
316,137,-0.6,20061113,0.5,1.2,4.2,16.7,2006,11,6.1,13,72.8,2006-11-13,8.2,0.0
317,137,3.2,20061114,0.0,3.7,8.6,12.9,2006,11,2.1,14,45.6,2006-11-14,7.8,0.0
318,137,2.4,20061115,3.5,2.8,5.0,13.8,2006,11,3.1,15,65.6,2006-11-15,7.1,0.0
319,137,0.6,20061116,0.0,2.8,3.0,9.9,2006,11,4.1,16,41.6,2006-11-16,4.4,0.0
320,137,-0.6,20061117,0.0,1.2,7.5,13.9,2006,11,0.8,17,52.9,2006-11-17,5.2,0.0
321,137,-0.3,20061118,0.0,0.7,6.9,13.5,2006,11,3.0,18,70.5,2006-11-18,4.7,0.0
322,137,-1.4,20061119,0.0,0.7,3.8,15.3,2006,11,7.1,19,74.8,2006-11-19,6.7,0.0
323,137,3.8,20061120,0.0,2.2,8.5,16.3,2006,11,1.5,20,51.6,2006-11-20,9.4,0.0
324,137,-1.4,20061121,0.0,1.3,6.7,15.9,2006,11,2.4,21,62.8,2006-11-21,8.4,0.0
325,137,5.2,20061122,0.0,1.1,0.0,13.1,2006,11,7.3,22,65.5,2006-11-22,8.7,0.0
326,137,5.8,20061123,0.0,2.6,0.0,9.5,2006,11,8.6,23,68.3,2006-11-23,7.8,0.0
327,137,4.9,20061124,0.0,2.1,0.0,9.4,2006,11,8.8,24,56.8,2006-11-24,6.6,0.0
328,137,0.4,20061125,0.0,1.0,8.1,16.2,2006,11,3.6,25,68.5,2006-11-25,7.5,0.0
329,137,4.6,20061126,1.5,0.4,0.0,9.4,2006,11,9.5,26,88.8,2006-11-26,7.6,0.0
330,137,4.9,20061127,19.5,0.8,0.0,9.7,2006,11,10.0,27,94.0,2006-11-27,7.5,0.0
331,137,4.1,20061128,0.5,0.9,0.2,8.9,2006,11,7.8,28,83.5,2006-11-28,5.7,0.0
332,137,1.3,20061129,0.0,2.7,4.9,8.6,2006,11,6.0,29,50.1,2006-11-29,3.9,0.0
333,137,-1.9,20061130,0.5,1.6,5.5,6.7,2006,11,3.4,30,72.5,2006-11-30,1.5,0.0
334,137,-1.0,20061201,0.0,1.7,3.5,8.4,2006,12,5.0,1,80.1,2006-12-01,2.3,0.0
335,137,-3.7,20061202,0.5,4.6,7.7,2.5,2006,12,3.6,2,58.1,2006-12-02,-0.3,0.0
336,137,-6.5,20061203,0.0,3.0,8.6,0.8,2006,12,0.4,3,46.4,2006-12-03,-3.1,0.0
337,137,-5.5,20061204,0.0,2.0,8.5,4.3,2006,12,1.5,4,52.5,2006-12-04,-1.6,0.0
338,137,-5.6,20061205,0.0,1.1,3.6,4.6,2006,12,4.6,5,74.0,2006-12-05,-1.0,0.0
339,137,-4.5,20061206,0.0,0.6,3.2,4.6,2006,12,7.0,6,90.3,2006-12-06,-1.3,0.0
340,137,-1.6,20061207,1.0,0.5,0.0,4.3,2006,12,10.0,7,90.4,2006-12-07,1.7,0.0
341,137,2.5,20061208,7.5,1.0,0.0,4.6,2006,12,10.0,8,94.0,2006-12-08,3.5,0.0
342,137,0.6,20061209,4.0,2.0,0.9,7.5,2006,12,7.6,9,80.4,2006-12-09,3.5,0.0
343,137,-3.2,20061210,0.0,2.8,6.3,5.1,2006,12,2.6,10,55.3,2006-12-10,0.3,0.0
344,137,-6.6,20061211,0.0,1.0,7.1,7.0,2006,12,4.5,11,64.5,2006-12-11,0.0,0.0
345,137,-2.2,20061212,0.0,1.3,8.3,11.5,2006,12,2.3,12,65.3,2006-12-12,4.0,0.0
346,137,-1.3,20061213,0.0,1.6,3.0,11.1,2006,12,7.1,13,75.8,2006-12-13,4.9,0.0
347,137,-1.2,20061214,0.0,1.6,2.1,7.8,2006,12,5.9,14,67.1,2006-12-14,3.6,0.0
348,137,-3.7,20061215,0.0,1.2,5.3,10.3,2006,12,4.3,15,69.6,2006-12-15,3.7,0.0
349,137,-2.2,20061216,0.0,1.6,1.1,6.4,2006,12,4.0,16,78.1,2006-12-16,1.5,0.0
350,137,-3.9,20061217,0.8,2.4,3.1,2.2,2006,12,7.0,17,80.0,2006-12-17,-0.7,0.9
351,137,-5.9,20061218,0.0,2.8,7.5,3.5,2006,12,2.4,18,53.9,2006-12-18,-0.9,0.0
352,137,-7.5,20061219,0.0,0.8,7.0,5.6,2006,12,1.4,19,66.9,2006-12-19,-1.9,0.0
353,137,-7.1,20061220,0.0,0.5,7.9,7.5,2006,12,2.1,20,71.0,2006-12-20,-1.1,0.0
354,137,-5.4,20061221,0.0,0.8,8.0,9.8,2006,12,0.4,21,73.8,2006-12-21,0.6,0.0
355,137,-4.6,20061222,0.0,1.4,4.0,8.1,2006,12,4.0,22,72.3,2006-12-22,1.5,0.0
356,137,0.8,20061223,0.0,2.8,8.3,8.1,2006,12,0.1,23,61.9,2006-12-23,4.0,0.0
357,137,-5.5,20061224,0.0,0.6,4.5,6.3,2006,12,4.1,24,78.4,2006-12-24,-0.2,0.0
358,137,-3.7,20061225,0.0,0.5,6.0,11.5,2006,12,2.5,25,83.5,2006-12-25,2.1,0.0
359,137,-2.7,20061226,0.0,0.6,4.4,11.5,2006,12,2.5,26,84.5,2006-12-26,3.1,0.0
360,137,-0.8,20061227,0.0,3.7,2.9,6.5,2006,12,4.6,27,64.1,2006-12-27,3.5,0.0
361,137,-10.6,20061228,0.0,7.2,5.3,-0.8,2006,12,3.8,28,55.0,2006-12-28,-6.3,0.0
362,137,-12.5,20061229,0.0,3.5,8.3,-1.2,2006,12,0.0,29,37.8,2006-12-29,-7.2,0.0
363,137,-7.8,20061230,0.0,1.9,7.8,4.3,2006,12,4.3,30,37.0,2006-12-30,-2.0,0.0
364,137,-7.6,20061231,0.0,0.7,8.3,7.8,2006,12,0.5,31,47.9,2006-12-31,-1.4,0.0
