,day,year,Date,date,sunshine,wind,snow,tmin,rainfall,tmax,station_id,tavg,cloud,humid,month
0,1,2007,2007-01-01,20070101,4.6,0.9,0.0,-5.5,0.0,9.0,137,1.4,7.5,54.5,1
1,2,2007,2007-01-02,20070102,3.1,0.8,0.0,-0.6,0.0,12.1,137,3.9,7.3,66.4,1
2,3,2007,2007-01-03,20070103,1.5,1.2,0.0,-0.4,0.0,10.3,137,4.4,7.9,69.6,1
3,4,2007,2007-01-04,20070104,6.1,0.9,0.0,-2.9,0.0,11.1,137,2.9,2.9,72.4,1
4,5,2007,2007-01-05,20070105,2.3,0.7,0.0,-3.7,0.0,8.3,137,1.6,6.9,79.6,1
5,6,2007,2007-01-06,20070106,1.5,4.5,6.5,-2.9,6.7,3.7,137,-0.4,7.1,76.3,1
6,7,2007,2007-01-07,20070107,6.2,3.9,0.0,-5.1,0.0,0.6,137,-1.9,4.8,62.1,1
7,8,2007,2007-01-08,20070108,8.4,3.6,0.0,-3.5,0.0,2.0,137,-1.2,1.1,57.0,1
8,9,2007,2007-01-09,20070109,8.5,2.4,0.0,-4.4,0.0,4.0,137,-1.0,2.4,57.5,1
9,10,2007,2007-01-10,20070110,7.5,2.0,0.0,-5.5,0.0,5.2,137,-0.1,0.6,67.3,1
10,11,2007,2007-01-11,20070111,6.4,2.7,0.0,-5.1,0.0,3.7,137,-0.3,1.5,58.5,1
11,12,2007,2007-01-12,20070112,6.9,3.2,0.0,-4.4,0.0,3.0,137,-1.3,2.3,49.6,1
12,13,2007,2007-01-13,20070113,8.2,3.3,0.0,-6.0,0.0,0.8,137,-3.5,0.5,51.4,1
13,14,2007,2007-01-14,20070114,8.5,3.1,0.0,-6.5,0.0,4.9,137,-1.5,0.0,40.6,1
14,15,2007,2007-01-15,20070115,7.8,1.4,0.0,-8.1,0.0,8.6,137,0.1,3.8,47.1,1
15,16,2007,2007-01-16,20070116,0.7,1.3,0.0,-2.0,0.0,6.9,137,2.1,9.5,52.0,1
16,17,2007,2007-01-17,20070117,5.7,2.6,0.0,-0.4,0.0,6.4,137,2.4,3.8,59.6,1
17,18,2007,2007-01-18,20070118,8.3,3.1,0.0,-2.0,0.0,6.5,137,2.2,1.6,48.3,1
18,19,2007,2007-01-19,20070119,7.6,1.2,0.0,-8.0,0.0,8.1,137,-0.2,2.1,52.3,1
19,20,2007,2007-01-20,20070120,7.5,0.9,0.0,-6.5,0.0,9.3,137,-0.3,1.9,51.4,1
20,21,2007,2007-01-21,20070121,8.0,0.9,0.0,-7.0,0.0,9.8,137,0.8,1.8,53.9,1
21,22,2007,2007-01-22,20070122,8.0,2.1,0.0,-0.8,0.0,8.0,137,2.8,3.4,53.1,1
22,23,2007,2007-01-23,20070123,1.6,1.1,0.0,-5.8,0.0,7.9,137,1.0,6.8,63.0,1
23,24,2007,2007-01-24,20070124,8.2,2.6,0.0,-1.0,0.0,8.6,137,3.2,2.6,46.6,1
24,25,2007,2007-01-25,20070125,7.1,2.6,0.0,-3.7,0.0,7.5,137,1.0,1.5,59.1,1
25,26,2007,2007-01-26,20070126,0.1,1.7,0.0,-4.5,2.0,3.5,137,-0.3,6.6,81.1,1
26,27,2007,2007-01-27,20070127,2.5,2.7,0.0,-1.7,0.6,2.7,137,0.4,6.9,80.4,1
27,28,2007,2007-01-28,20070128,4.6,2.3,0.0,-2.5,0.0,4.5,137,-0.2,2.6,72.5,1
28,29,2007,2007-01-29,20070129,8.6,2.3,0.0,-2.5,0.0,7.5,137,1.5,0.3,59.8,1
29,30,2007,2007-01-30,20070130,4.0,2.3,0.7,-4.6,1.0,5.0,137,-1.6,4.4,71.8,1
30,31,2007,2007-01-31,20070131,8.0,3.5,0.0,-5.5,0.0,3.5,137,-1.6,4.0,55.8,1
31,1,2007,2007-02-01,20070201,7.7,3.5,0.0,-6.9,0.0,0.2,137,-3.6,2.1,54.4,2
32,2,2007,2007-02-02,20070202,9.0,3.1,0.0,-9.1,0.0,0.8,137,-3.8,0.5,49.6,2
33,3,2007,2007-02-03,20070203,5.6,3.9,0.0,-4.5,0.0,7.6,137,1.9,3.8,61.0,2
34,4,2007,2007-02-04,20070204,8.7,1.5,0.0,-2.9,0.0,11.8,137,3.1,0.0,51.4,2
35,5,2007,2007-02-05,20070205,6.6,1.5,0.0,-5.9,0.0,12.8,137,3.1,3.4,60.9,2
36,6,2007,2007-02-06,20070206,6.2,0.9,0.0,-1.0,0.0,15.3,137,5.3,3.1,69.5,2
37,7,2007,2007-02-07,20070207,8.3,1.2,0.0,-2.0,0.0,15.0,137,5.9,1.0,70.0,2
38,8,2007,2007-02-08,20070208,0.0,0.8,0.0,3.9,17.0,6.6,137,5.1,10.0,90.0,2
39,9,2007,2007-02-09,20070209,0.7,3.0,0.0,3.5,0.0,7.6,137,5.4,9.6,78.8,2
40,10,2007,2007-02-10,20070210,2.1,3.6,0.0,0.3,0.0,7.0,137,3.4,5.6,62.0,2
41,11,2007,2007-02-11,20070211,9.0,3.6,0.0,-1.3,0.0,7.0,137,1.9,0.0,48.5,2
42,12,2007,2007-02-12,20070212,9.1,1.5,0.0,-4.0,0.0,10.0,137,2.2,1.0,56.3,2
43,13,2007,2007-02-13,20070213,2.2,1.1,0.0,-4.4,19.5,7.9,137,1.7,7.3,73.9,2
44,14,2007,2007-02-14,20070214,6.9,6.2,0.0,-2.5,4.0,5.4,137,1.8,4.3,61.0,2
45,15,2007,2007-02-15,20070215,9.2,4.9,0.0,-3.4,0.0,6.1,137,0.6,0.0,31.1,2
46,16,2007,2007-02-16,20070216,9.2,1.5,0.0,-6.0,0.0,9.1,137,1.1,3.8,52.9,2
47,17,2007,2007-02-17,20070217,0.1,1.0,0.0,-1.0,0.0,7.0,137,3.1,8.9,78.4,2
48,18,2007,2007-02-18,20070218,5.6,1.0,0.0,-1.5,0.0,12.8,137,4.4,4.4,70.5,2
49,19,2007,2007-02-19,20070219,9.2,1.6,0.0,0.2,0.0,13.0,137,5.5,0.3,49.9,2
50,20,2007,2007-02-20,20070220,9.5,0.9,0.0,-3.5,0.0,15.1,137,4.6,0.8,54.3,2
51,21,2007,2007-02-21,20070221,9.1,1.4,0.0,-3.0,0.0,15.1,137,5.7,1.0,51.0,2
52,22,2007,2007-02-22,20070222,4.1,1.2,0.0,-3.0,0.0,13.8,137,5.9,3.6,60.1,2
53,23,2007,2007-02-23,20070223,9.4,3.9,0.0,1.2,0.0,11.0,137,6.0,0.8,42.3,2
54,24,2007,2007-02-24,20070224,5.7,1.9,0.0,-3.0,0.0,10.6,137,3.5,5.3,51.5,2
55,25,2007,2007-02-25,20070225,1.0,1.1,0.0,1.1,0.0,9.8,137,4.5,6.9,74.6,2
56,26,2007,2007-02-26,20070226,9.2,0.9,0.0,-3.0,0.0,13.6,137,4.7,0.0,66.1,2
57,27,2007,2007-02-27,20070227,8.9,1.4,0.0,-2.7,0.0,16.2,137,6.7,2.6,59.0,2
58,28,2007,2007-02-28,20070228,9.3,1.8,0.0,1.1,0.0,13.8,137,6.8,1.4,51.6,2
59,1,2007,2007-03-01,20070301,6.1,1.1,0.0,-3.5,0.0,14.5,137,5.4,6.1,60.6,3
60,2,2007,2007-03-02,20070302,0.0,1.1,0.0,4.4,8.5,7.1,137,5.9,9.8,83.0,3
61,3,2007,2007-03-03,20070303,3.2,0.9,0.0,6.0,0.5,17.2,137,10.7,8.4,84.1,3
62,4,2007,2007-03-04,20070304,0.0,2.6,0.0,8.8,16.0,14.3,137,10.8,9.8,89.3,3
63,5,2007,2007-03-05,20070305,0.4,6.2,0.0,-4.6,0.5,9.8,137,-0.1,9.3,70.8,3
64,6,2007,2007-03-06,20070306,9.8,5.7,0.0,-7.0,0.0,0.3,137,-4.0,0.5,45.4,3
65,7,2007,2007-03-07,20070307,9.1,3.4,1.0,-6.6,0.2,2.5,137,-2.1,2.9,54.8,3
66,8,2007,2007-03-08,20070308,7.4,2.7,0.3,-3.0,0.1,6.3,137,1.3,3.3,55.1,3
67,9,2007,2007-03-09,20070309,7.2,2.0,0.0,-2.7,0.0,11.5,137,3.6,2.4,55.5,3
68,10,2007,2007-03-10,20070310,5.3,3.5,0.0,-1.8,0.5,13.3,137,2.5,5.3,63.3,3
69,11,2007,2007-03-11,20070311,8.8,5.3,0.0,-4.5,0.0,4.3,137,-0.4,2.5,44.5,3
70,12,2007,2007-03-12,20070312,9.3,4.3,0.0,-0.6,0.0,9.8,137,4.1,2.0,35.5,3
71,13,2007,2007-03-13,20070313,9.0,2.5,0.0,-2.2,0.0,12.0,137,4.5,1.9,41.1,3
72,14,2007,2007-03-14,20070314,6.9,1.3,0.0,-2.5,0.0,14.6,137,5.9,5.6,41.4,3
73,15,2007,2007-03-15,20070315,5.9,1.1,0.0,1.5,0.0,15.1,137,7.6,6.1,54.3,3
74,16,2007,2007-03-16,20070316,3.0,1.9,0.0,4.5,0.0,13.6,137,7.6,7.9,55.9,3
75,17,2007,2007-03-17,20070317,0.6,1.7,0.0,1.8,0.5,6.6,137,3.6,7.8,82.9,3
76,18,2007,2007-03-18,20070318,7.3,1.0,0.0,-1.8,0.0,12.1,137,5.2,3.9,65.4,3
77,19,2007,2007-03-19,20070319,5.8,1.7,0.0,-1.3,0.0,13.1,137,4.8,7.3,64.8,3
78,20,2007,2007-03-20,20070320,1.8,1.8,0.0,1.6,0.0,11.8,137,5.9,8.1,52.5,3
79,21,2007,2007-03-21,20070321,2.9,1.9,0.0,1.0,0.0,13.8,137,7.8,8.6,52.8,3
80,22,2007,2007-03-22,20070322,7.1,2.9,0.0,5.3,0.0,17.0,137,10.2,2.4,50.5,3
81,23,2007,2007-03-23,20070323,9.5,1.3,0.0,1.7,0.0,21.2,137,12.1,5.3,45.8,3
82,24,2007,2007-03-24,20070324,0.0,2.2,0.0,6.9,12.0,12.2,137,9.2,9.6,89.3,3
83,25,2007,2007-03-25,20070325,10.2,4.1,0.0,7.3,0.0,17.7,137,11.5,1.8,54.5,3
84,26,2007,2007-03-26,20070326,6.7,1.9,0.0,4.4,1.5,20.1,137,9.1,4.9,64.5,3
85,27,2007,2007-03-27,20070327,2.5,2.1,0.0,5.0,0.0,17.5,137,10.2,5.9,72.8,3
86,28,2007,2007-03-28,20070328,5.3,2.9,0.0,2.7,9.0,20.2,137,10.3,5.5,70.5,3
87,29,2007,2007-03-29,20070329,3.2,2.3,0.0,4.6,18.0,13.3,137,8.9,7.6,80.9,3
88,30,2007,2007-03-30,20070330,7.3,1.2,0.0,5.6,0.0,17.1,137,10.5,7.6,70.9,3
89,31,2007,2007-03-31,20070331,0.0,2.4,0.0,7.9,10.0,12.6,137,9.5,7.1,82.9,3
90,1,2007,2007-04-01,20070401,0.0,3.1,0.0,6.6,0.0,14.3,137,9.8,7.5,55.3,4
91,2,2007,2007-04-02,20070402,10.2,4.1,0.0,2.7,0.0,12.6,137,7.0,1.0,47.8,4
92,3,2007,2007-04-03,20070403,11.3,3.9,0.0,0.8,0.0,10.6,137,5.7,0.0,41.5,4
93,4,2007,2007-04-04,20070404,10.8,3.1,0.0,2.7,0.0,12.8,137,7.0,1.8,38.9,4
94,5,2007,2007-04-05,20070405,10.0,1.4,0.0,-2.4,0.0,17.1,137,8.2,3.9,46.6,4
95,6,2007,2007-04-06,20070406,10.2,2.8,0.0,3.5,0.0,18.7,137,11.5,3.8,40.3,4
96,7,2007,2007-04-07,20070407,10.1,3.0,0.0,4.8,0.0,18.1,137,10.9,0.8,43.9,4
97,8,2007,2007-04-08,20070408,8.0,2.5,0.0,2.7,0.0,16.7,137,10.4,1.5,47.3,4
98,9,2007,2007-04-09,20070409,11.8,2.4,0.0,5.3,0.0,18.6,137,11.8,0.0,36.8,4
99,10,2007,2007-04-10,20070410,9.6,2.1,0.0,2.2,0.0,19.7,137,11.7,3.0,42.3,4
100,11,2007,2007-04-11,20070411,6.9,1.8,0.0,5.4,2.0,20.0,137,12.9,6.4,58.0,4
101,12,2007,2007-04-12,20070412,3.4,1.3,0.0,6.5,0.5,19.7,137,12.0,8.0,76.0,4
102,13,2007,2007-04-13,20070413,1.0,2.7,0.0,6.6,4.5,15.5,137,9.6,7.4,80.6,4
103,14,2007,2007-04-14,20070414,11.7,3.1,0.0,5.4,0.0,20.2,137,12.2,1.0,48.6,4
104,15,2007,2007-04-15,20070415,3.2,1.6,0.0,6.0,1.0,19.5,137,11.3,8.9,58.9,4
105,16,2007,2007-04-16,20070416,0.0,1.2,0.0,4.8,17.5,9.1,137,6.3,9.6,89.0,4
106,17,2007,2007-04-17,20070417,4.6,1.7,0.0,5.1,0.0,15.0,137,9.5,7.6,61.9,4
107,18,2007,2007-04-18,20070418,5.3,1.4,0.0,6.1,0.0,18.2,137,10.5,5.5,64.5,4
108,19,2007,2007-04-19,20070419,9.2,1.7,0.0,3.2,0.0,20.7,137,11.8,1.8,54.6,4
109,20,2007,2007-04-20,20070420,4.4,2.0,0.0,4.0,0.0,21.2,137,14.7,7.1,58.4,4
110,21,2007,2007-04-21,20070421,8.3,1.8,0.0,12.3,0.0,26.2,137,20.0,6.1,62.9,4
111,22,2007,2007-04-22,20070422,0.2,2.5,0.0,11.5,0.5,19.3,137,15.9,9.5,58.9,4
112,23,2007,2007-04-23,20070423,11.2,1.3,0.0,4.6,0.0,21.8,137,13.4,3.0,46.5,4
113,24,2007,2007-04-24,20070424,2.0,1.7,0.0,6.0,0.0,19.5,137,12.2,7.4,52.5,4
114,25,2007,2007-04-25,20070425,11.6,3.6,0.0,9.3,0.0,21.2,137,14.8,0.9,47.8,4
115,26,2007,2007-04-26,20070426,6.7,2.8,0.0,9.8,0.0,23.2,137,15.8,2.4,41.8,4
116,27,2007,2007-04-27,20070427,6.6,1.9,0.0,6.0,0.0,23.3,137,14.0,4.0,52.4,4
117,28,2007,2007-04-28,20070428,12.1,3.1,0.0,8.3,0.0,24.1,137,16.5,0.0,26.5,4
118,29,2007,2007-04-29,20070429,11.7,3.0,0.0,11.1,0.0,25.5,137,18.0,2.0,23.3,4
119,30,2007,2007-04-30,20070430,0.3,1.0,0.0,8.0,2.0,20.6,137,14.3,9.0,45.9,4
120,1,2007,2007-05-01,20070501,0.1,1.3,0.0,9.6,5.5,14.3,137,12.0,9.6,90.1,5
121,2,2007,2007-05-02,20070502,11.1,2.9,0.0,11.5,0.0,24.2,137,17.0,1.9,55.3,5
122,3,2007,2007-05-03,20070503,5.5,2.7,0.0,10.1,0.0,23.1,137,17.2,6.0,57.9,5
123,4,2007,2007-05-04,20070504,10.9,2.3,0.0,11.3,0.0,27.0,137,19.8,1.5,57.3,5
124,5,2007,2007-05-05,20070505,9.9,1.3,0.0,10.3,0.0,28.6,137,19.9,3.8,52.8,5
125,6,2007,2007-05-06,20070506,1.6,0.9,0.0,12.6,0.0,22.6,137,17.6,8.9,67.3,5
126,7,2007,2007-05-07,20070507,11.5,3.0,0.0,14.5,0.0,27.3,137,21.0,0.4,44.5,5
127,8,2007,2007-05-08,20070508,10.0,3.7,0.0,16.2,0.0,28.8,137,22.1,2.0,36.3,5
128,9,2007,2007-05-09,20070509,4.3,1.2,0.0,9.1,11.5,26.2,137,16.4,8.4,59.1,5
129,10,2007,2007-05-10,20070510,11.5,1.9,0.0,8.8,0.0,23.8,137,15.6,3.4,60.9,5
130,11,2007,2007-05-11,20070511,11.0,1.0,0.0,7.6,0.0,27.1,137,17.7,5.3,58.5,5
131,12,2007,2007-05-12,20070512,0.0,1.6,0.0,12.1,8.0,17.3,137,14.3,9.0,75.0,5
132,13,2007,2007-05-13,20070513,12.0,3.1,0.0,10.0,0.0,25.2,137,17.5,0.0,44.3,5
133,14,2007,2007-05-14,20070514,10.2,3.3,0.0,15.3,0.0,26.2,137,19.7,3.3,42.0,5
134,15,2007,2007-05-15,20070515,10.0,1.1,0.0,11.6,0.0,26.5,137,19.0,4.5,58.0,5
135,16,2007,2007-05-16,20070516,0.0,0.8,0.0,11.5,25.5,17.7,137,13.9,8.6,86.9,5
136,17,2007,2007-05-17,20070517,9.2,3.7,0.0,12.1,3.5,24.3,137,17.3,4.9,61.6,5
137,18,2007,2007-05-18,20070518,6.0,2.8,0.0,12.1,0.2,21.6,137,16.0,5.5,62.1,5
138,19,2007,2007-05-19,20070519,5.1,1.9,0.0,11.6,0.5,22.2,137,15.8,5.5,71.5,5
139,20,2007,2007-05-20,20070520,6.8,0.9,0.0,12.0,0.0,24.2,137,17.6,5.3,67.1,5
140,21,2007,2007-05-21,20070521,5.8,1.3,0.0,10.5,0.0,23.7,137,16.3,4.1,59.4,5
141,22,2007,2007-05-22,20070522,11.8,1.0,0.0,7.8,0.0,28.3,137,18.9,2.4,50.9,5
142,23,2007,2007-05-23,20070523,6.9,1.0,0.0,13.3,0.0,27.7,137,20.9,6.9,54.6,5
143,24,2007,2007-05-24,20070524,5.5,1.3,0.0,14.1,28.5,27.8,137,19.8,8.1,77.3,5
144,25,2007,2007-05-25,20070525,8.6,2.5,0.0,16.7,6.0,27.0,137,21.0,3.0,61.0,5
145,26,2007,2007-05-26,20070526,11.6,3.7,0.0,15.8,0.0,28.2,137,22.0,0.9,42.1,5
146,27,2007,2007-05-27,20070527,7.9,2.4,0.0,14.5,0.0,31.1,137,22.3,5.5,50.9,5
147,28,2007,2007-05-28,20070528,7.4,1.1,0.0,13.3,0.0,24.5,137,17.9,5.3,68.6,5
148,29,2007,2007-05-29,20070529,6.2,1.7,0.0,13.1,0.0,25.6,137,19.0,4.6,72.0,5
149,30,2007,2007-05-30,20070530,7.1,2.2,0.0,13.6,2.0,25.1,137,18.3,4.8,70.5,5
150,31,2007,2007-05-31,20070531,5.9,0.8,0.0,13.1,0.0,25.7,137,18.7,6.3,72.0,5
151,1,2007,2007-06-01,20070601,1.7,0.8,0.0,13.6,0.0,22.6,137,17.9,8.9,71.3,6
152,2,2007,2007-06-02,20070602,6.8,1.0,0.0,13.1,0.0,26.2,137,18.8,5.1,68.6,6
153,3,2007,2007-06-03,20070603,7.1,1.1,0.0,14.8,0.0,27.6,137,20.8,5.1,67.1,6
154,4,2007,2007-06-04,20070604,5.1,0.9,0.0,13.8,0.0,26.8,137,20.9,7.8,70.5,6
155,5,2007,2007-06-05,20070605,7.5,2.3,0.0,19.5,0.0,28.0,137,22.9,5.6,64.0,6
156,6,2007,2007-06-06,20070606,6.5,2.4,0.0,19.5,0.0,27.7,137,22.4,6.9,63.6,6
157,7,2007,2007-06-07,20070607,6.3,1.8,0.0,16.8,0.0,27.7,137,21.4,7.8,61.3,6
158,8,2007,2007-06-08,20070608,8.2,1.9,0.0,14.3,0.5,27.8,137,20.1,6.8,67.8,6
159,9,2007,2007-06-09,20070609,7.0,1.1,0.0,13.8,0.5,25.0,137,17.9,5.1,68.5,6
160,10,2007,2007-06-10,20070610,11.8,0.8,0.0,11.1,0.0,28.8,137,20.5,0.3,63.9,6
161,11,2007,2007-06-11,20070611,10.9,1.0,0.0,14.5,0.0,32.5,137,24.0,3.6,58.9,6
162,12,2007,2007-06-12,20070612,10.5,1.3,0.0,18.0,0.0,32.0,137,25.5,5.4,54.5,6
163,13,2007,2007-06-13,20070613,1.7,1.1,0.0,18.8,4.0,27.2,137,22.3,8.0,70.4,6
164,14,2007,2007-06-14,20070614,0.1,0.5,0.0,16.2,10.5,22.7,137,18.7,9.5,85.9,6
165,15,2007,2007-06-15,20070615,5.0,1.2,0.0,15.0,0.0,27.3,137,20.0,7.6,65.4,6
166,16,2007,2007-06-16,20070616,12.6,1.4,0.0,11.3,0.0,31.1,137,21.3,2.5,46.5,6
167,17,2007,2007-06-17,20070617,4.0,0.9,0.0,13.6,0.0,28.7,137,20.2,5.0,55.8,6
168,18,2007,2007-06-18,20070618,12.5,0.8,0.0,14.1,0.0,32.2,137,22.5,0.0,59.3,6
169,19,2007,2007-06-19,20070619,11.7,0.9,0.0,12.3,0.0,31.8,137,22.7,0.8,60.3,6
170,20,2007,2007-06-20,20070620,8.2,1.1,0.0,16.2,0.0,31.8,137,24.6,5.1,64.5,6
171,21,2007,2007-06-21,20070621,0.1,1.2,0.0,19.3,41.5,28.0,137,22.5,10.0,81.1,6
172,22,2007,2007-06-22,20070622,5.1,0.9,0.0,18.7,11.5,27.2,137,21.3,7.6,85.5,6
173,23,2007,2007-06-23,20070623,0.8,0.8,0.0,15.3,10.0,26.8,137,19.6,9.1,84.0,6
174,24,2007,2007-06-24,20070624,0.0,0.5,0.0,15.1,38.5,20.0,137,17.8,9.9,93.3,6
175,25,2007,2007-06-25,20070625,1.1,1.2,0.0,18.3,0.0,25.2,137,21.9,8.3,82.3,6
176,26,2007,2007-06-26,20070626,6.9,1.0,0.0,20.1,0.0,29.7,137,24.5,6.5,74.4,6
177,27,2007,2007-06-27,20070627,5.5,0.9,0.0,21.1,0.0,30.6,137,25.7,7.0,74.5,6
178,28,2007,2007-06-28,20070628,2.0,0.7,0.0,22.0,6.0,32.0,137,25.3,10.0,84.9,6
179,29,2007,2007-06-29,20070629,1.2,1.9,0.0,21.5,6.5,28.0,137,24.1,7.9,81.1,6
180,30,2007,2007-06-30,20070630,5.2,1.1,0.0,19.7,0.0,29.3,137,23.9,8.6,74.8,6
181,1,2007,2007-07-01,20070701,0.0,0.9,0.0,18.2,77.0,21.1,137,18.8,10.0,93.0,7
182,2,2007,2007-07-02,20070702,0.0,0.4,0.0,18.6,8.0,22.8,137,20.2,10.0,92.8,7
183,3,2007,2007-07-03,20070703,2.9,0.4,0.0,20.5,0.4,29.7,137,24.4,9.6,84.5,7
184,4,2007,2007-07-04,20070704,2.8,0.6,0.0,19.2,14.5,25.7,137,21.7,7.6,84.5,7
185,5,2007,2007-07-05,20070705,3.5,1.6,0.0,18.8,0.0,27.3,137,22.8,6.3,78.3,7
186,6,2007,2007-07-06,20070706,6.8,0.9,0.0,17.6,0.0,29.6,137,23.5,5.5,75.9,7
187,7,2007,2007-07-07,20070707,5.1,0.6,0.0,18.1,0.0,28.5,137,22.8,7.5,78.9,7
188,8,2007,2007-07-08,20070708,0.8,0.6,0.0,19.7,0.0,27.2,137,22.5,9.0,84.4,7
189,9,2007,2007-07-09,20070709,0.1,1.2,0.0,17.7,25.0,25.7,137,20.3,10.0,84.1,7
190,10,2007,2007-07-10,20070710,0.0,0.7,0.0,17.2,56.5,21.7,137,19.0,10.0,93.4,7
191,11,2007,2007-07-11,20070711,0.0,0.5,0.0,18.6,0.1,20.7,137,19.5,10.0,91.4,7
192,12,2007,2007-07-12,20070712,6.8,0.5,0.0,18.2,0.0,29.5,137,22.8,5.6,80.1,7
193,13,2007,2007-07-13,20070713,0.1,1.1,0.0,16.8,3.0,24.3,137,21.1,9.5,86.0,7
194,14,2007,2007-07-14,20070714,1.1,1.8,0.0,16.8,0.0,24.7,137,20.4,8.5,75.0,7
195,15,2007,2007-07-15,20070715,8.0,0.9,0.0,15.5,0.5,29.7,137,22.3,5.8,72.3,7
196,16,2007,2007-07-16,20070716,0.0,0.6,0.0,16.2,13.5,20.1,137,18.5,10.0,91.9,7
197,17,2007,2007-07-17,20070717,1.4,1.9,0.0,19.0,1.0,24.7,137,21.5,8.3,83.4,7
198,18,2007,2007-07-18,20070718,11.7,1.0,0.0,19.2,0.0,30.5,137,24.2,3.3,74.4,7
199,19,2007,2007-07-19,20070719,0.0,0.3,0.0,20.8,15.5,24.1,137,22.7,9.8,92.3,7
200,20,2007,2007-07-20,20070720,0.0,0.8,0.0,21.2,0.5,27.1,137,23.6,9.8,89.0,7
201,21,2007,2007-07-21,20070721,0.0,0.4,0.0,19.8,2.0,24.1,137,21.6,9.9,88.9,7
202,22,2007,2007-07-22,20070722,6.6,1.2,0.0,19.7,0.0,29.0,137,23.9,6.9,80.5,7
203,23,2007,2007-07-23,20070723,1.1,0.6,0.0,21.0,0.5,28.8,137,24.8,8.9,83.8,7
204,24,2007,2007-07-24,20070724,0.0,0.4,0.0,21.2,8.5,25.2,137,23.0,10.0,90.1,7
205,25,2007,2007-07-25,20070725,6.6,1.2,0.0,21.8,0.5,30.2,137,25.2,6.6,81.4,7
206,26,2007,2007-07-26,20070726,10.2,1.8,0.0,22.3,0.0,31.3,137,26.4,1.4,75.3,7
207,27,2007,2007-07-27,20070727,10.6,1.8,0.0,23.1,0.0,32.2,137,26.8,2.3,75.1,7
208,28,2007,2007-07-28,20070728,6.4,2.2,0.0,24.6,0.0,31.6,137,27.1,5.0,76.4,7
209,29,2007,2007-07-29,20070729,1.3,1.6,0.0,18.2,3.0,30.6,137,23.6,6.8,84.5,7
210,30,2007,2007-07-30,20070730,8.5,0.6,0.0,19.1,0.0,29.7,137,23.0,4.0,79.5,7
211,31,2007,2007-07-31,20070731,7.7,1.0,0.0,20.2,0.0,30.8,137,25.0,4.6,76.3,7
212,1,2007,2007-08-01,20070801,7.6,1.1,0.0,19.2,0.0,31.7,137,26.1,6.0,77.4,8
213,2,2007,2007-08-02,20070802,8.2,0.6,0.0,21.7,0.0,33.5,137,27.1,5.8,79.5,8
214,3,2007,2007-08-03,20070803,6.8,1.4,0.0,23.2,9.0,33.9,137,26.7,7.0,81.1,8
215,4,2007,2007-08-04,20070804,1.5,0.5,0.0,21.8,5.5,31.7,137,25.0,8.8,87.6,8
216,5,2007,2007-08-05,20070805,1.2,0.6,0.0,21.7,9.0,27.7,137,23.6,9.5,89.5,8
217,6,2007,2007-08-06,20070806,0.4,0.5,0.0,21.6,19.5,27.5,137,23.3,9.5,90.1,8
218,7,2007,2007-08-07,20070807,0.0,0.4,0.0,21.7,5.0,26.5,137,23.4,9.3,91.8,8
219,8,2007,2007-08-08,20070808,1.0,0.6,0.0,20.3,22.0,28.6,137,22.3,9.5,92.4,8
220,9,2007,2007-08-09,20070809,3.1,0.8,0.0,21.5,0.0,31.5,137,25.5,8.1,86.8,8
221,10,2007,2007-08-10,20070810,4.2,0.7,0.0,22.3,0.5,32.4,137,25.6,6.4,88.0,8
222,11,2007,2007-08-11,20070811,8.3,1.1,0.0,21.7,0.0,32.2,137,26.3,4.0,77.6,8
223,12,2007,2007-08-12,20070812,0.0,1.5,0.0,23.1,4.0,25.7,137,24.7,9.1,86.5,8
224,13,2007,2007-08-13,20070813,0.9,1.1,0.0,23.5,9.5,29.5,137,25.8,8.9,85.1,8
225,14,2007,2007-08-14,20070814,0.6,1.7,0.0,23.7,3.0,29.8,137,26.2,9.3,84.1,8
226,15,2007,2007-08-15,20070815,2.7,0.5,0.0,22.7,1.0,30.6,137,25.4,6.9,88.0,8
227,16,2007,2007-08-16,20070816,10.2,0.9,0.0,21.2,0.0,33.4,137,27.1,2.9,78.6,8
228,17,2007,2007-08-17,20070817,10.9,0.9,0.0,23.2,0.0,35.0,137,28.6,2.0,77.3,8
229,18,2007,2007-08-18,20070818,7.2,0.8,0.0,23.2,0.0,33.7,137,27.6,4.6,79.8,8
230,19,2007,2007-08-19,20070819,9.6,1.6,0.0,23.2,0.0,33.0,137,27.5,6.6,72.3,8
231,20,2007,2007-08-20,20070820,9.9,1.8,0.0,22.1,0.0,31.7,137,26.8,3.8,72.9,8
232,21,2007,2007-08-21,20070821,9.5,2.4,0.0,24.0,0.0,32.2,137,27.5,4.3,72.8,8
233,22,2007,2007-08-22,20070822,2.5,1.4,0.0,22.7,8.5,30.1,137,24.7,6.4,87.8,8
234,23,2007,2007-08-23,20070823,7.7,0.7,0.0,19.7,0.0,30.5,137,24.0,2.0,81.6,8
235,24,2007,2007-08-24,20070824,8.1,0.6,0.0,20.7,0.0,32.9,137,26.0,4.8,80.5,8
236,25,2007,2007-08-25,20070825,11.4,1.1,0.0,21.7,0.0,33.0,137,27.2,2.1,74.5,8
237,26,2007,2007-08-26,20070826,8.0,1.1,0.0,22.3,10.5,33.5,137,26.0,6.3,81.8,8
238,27,2007,2007-08-27,20070827,3.1,1.6,0.0,21.5,3.5,29.1,137,24.7,7.1,87.0,8
239,28,2007,2007-08-28,20070828,1.9,1.3,0.0,19.3,12.5,30.2,137,23.4,9.6,88.0,8
240,29,2007,2007-08-29,20070829,0.0,1.3,0.0,16.8,77.0,20.5,137,18.8,10.0,93.3,8
241,30,2007,2007-08-30,20070830,0.0,0.3,0.0,16.6,76.5,19.7,137,17.4,10.0,92.3,8
242,31,2007,2007-08-31,20070831,0.1,0.4,0.0,16.6,1.0,23.2,137,19.6,9.8,89.4,8
243,1,2007,2007-09-01,20070901,0.0,1.0,0.0,15.8,106.5,19.0,137,17.0,10.0,92.0,9
244,2,2007,2007-09-02,20070902,0.0,0.3,0.0,16.3,14.0,20.2,137,18.3,10.0,92.0,9
245,3,2007,2007-09-03,20070903,0.2,0.4,0.0,17.6,0.5,23.7,137,20.2,10.0,89.5,9
246,4,2007,2007-09-04,20070904,0.1,0.3,0.0,17.5,7.5,21.6,137,19.1,10.0,93.1,9
247,5,2007,2007-09-05,20070905,0.0,0.5,0.0,17.2,47.5,20.6,137,18.6,10.0,98.0,9
248,6,2007,2007-09-06,20070906,0.0,0.4,0.0,17.5,27.5,19.0,137,18.1,10.0,97.3,9
249,7,2007,2007-09-07,20070907,0.4,1.0,0.0,17.3,0.0,25.7,137,21.2,8.8,85.0,9
250,8,2007,2007-09-08,20070908,8.0,1.7,0.0,19.2,0.0,27.1,137,22.2,4.9,71.5,9
251,9,2007,2007-09-09,20070909,9.7,2.1,0.0,17.8,0.0,28.1,137,22.6,2.6,68.9,9
252,10,2007,2007-09-10,20070910,10.3,1.7,0.0,15.1,0.0,29.2,137,22.7,0.4,76.0,9
253,11,2007,2007-09-11,20070911,8.0,1.7,0.0,17.2,0.0,29.0,137,22.9,4.0,75.0,9
254,12,2007,2007-09-12,20070912,6.0,0.4,0.0,16.7,0.0,28.7,137,21.3,5.3,85.4,9
255,13,2007,2007-09-13,20070913,0.9,0.4,0.0,17.6,0.0,27.1,137,21.0,7.0,88.4,9
256,14,2007,2007-09-14,20070914,0.0,0.7,0.0,16.2,21.5,20.7,137,18.4,8.9,96.1,9
257,15,2007,2007-09-15,20070915,0.0,0.4,0.0,18.2,46.0,24.1,137,20.8,9.8,97.0,9
258,16,2007,2007-09-16,20070916,0.0,1.2,0.0,18.6,74.5,21.2,137,19.5,10.0,97.0,9
259,17,2007,2007-09-17,20070917,3.9,0.9,0.0,18.7,2.0,27.6,137,22.2,7.9,86.5,9
260,18,2007,2007-09-18,20070918,0.0,0.7,0.0,18.6,0.5,22.2,137,20.6,10.0,92.1,9
261,19,2007,2007-09-19,20070919,5.7,0.7,0.0,20.5,0.0,32.4,137,25.1,6.1,84.9,9
262,20,2007,2007-09-20,20070920,7.0,1.2,0.0,21.0,0.0,32.7,137,26.1,3.0,80.1,9
263,21,2007,2007-09-21,20070921,2.7,1.2,0.0,22.0,0.0,31.2,137,25.2,8.3,81.3,9
264,22,2007,2007-09-22,20070922,0.0,0.8,0.0,17.3,1.5,22.8,137,20.6,10.0,91.9,9
265,23,2007,2007-09-23,20070923,0.0,0.7,0.0,16.7,0.1,23.7,137,19.5,10.0,86.5,9
266,24,2007,2007-09-24,20070924,1.2,0.6,0.0,16.2,4.0,23.2,137,18.6,6.3,91.0,9
267,25,2007,2007-09-25,20070925,5.0,0.6,0.0,16.3,0.0,28.2,137,20.2,5.9,85.0,9
268,26,2007,2007-09-26,20070926,4.2,0.5,0.0,16.7,0.0,26.6,137,20.5,6.1,83.9,9
269,27,2007,2007-09-27,20070927,8.2,1.5,0.0,18.1,0.0,29.2,137,23.4,5.1,75.4,9
270,28,2007,2007-09-28,20070928,1.0,2.1,0.0,14.3,1.5,23.7,137,19.0,9.6,79.3,9
271,29,2007,2007-09-29,20070929,1.6,0.6,0.0,11.5,0.1,23.5,137,17.6,8.8,82.8,9
272,30,2007,2007-09-30,20070930,0.0,0.2,0.0,15.5,2.0,19.0,137,17.0,9.8,91.9,9
273,1,2007,2007-10-01,20071001,0.5,0.2,0.0,15.6,0.0,23.0,137,17.7,8.9,90.1,10
274,2,2007,2007-10-02,20071002,3.6,0.6,0.0,15.1,0.0,25.7,137,19.4,8.3,81.1,10
275,3,2007,2007-10-03,20071003,0.7,0.5,0.0,17.0,0.0,24.5,137,19.4,9.6,83.1,10
276,4,2007,2007-10-04,20071004,1.3,0.3,0.0,17.2,0.4,25.0,137,19.8,7.9,90.8,10
277,5,2007,2007-10-05,20071005,6.4,0.7,0.0,14.8,0.0,26.0,137,19.0,2.6,79.3,10
278,6,2007,2007-10-06,20071006,8.3,1.0,0.0,12.1,0.0,26.5,137,18.2,2.3,75.8,10
279,7,2007,2007-10-07,20071007,5.9,1.0,0.0,10.8,0.5,27.2,137,18.9,5.1,84.9,10
280,8,2007,2007-10-08,20071008,3.1,2.6,0.0,12.3,0.2,22.6,137,17.2,6.0,64.8,10
281,9,2007,2007-10-09,20071009,9.1,1.2,0.0,7.9,0.0,23.7,137,15.0,1.8,72.9,10
282,10,2007,2007-10-10,20071010,6.3,0.5,0.0,10.3,0.0,25.0,137,16.7,5.8,80.3,10
283,11,2007,2007-10-11,20071011,2.1,1.7,0.0,12.6,0.0,22.0,137,15.9,8.4,65.6,10
284,12,2007,2007-10-12,20071012,1.4,1.1,0.0,12.3,0.0,22.0,137,16.5,9.1,67.1,10
285,13,2007,2007-10-13,20071013,3.5,0.7,0.0,11.6,0.0,22.2,137,15.6,8.1,70.3,10
286,14,2007,2007-10-14,20071014,5.1,0.9,0.0,10.1,0.0,22.8,137,14.8,5.3,79.6,10
287,15,2007,2007-10-15,20071015,6.7,0.5,0.0,7.3,0.0,21.5,137,13.6,3.5,81.3,10
288,16,2007,2007-10-16,20071016,7.1,0.8,0.0,8.8,0.0,21.6,137,13.6,4.1,74.9,10
289,17,2007,2007-10-17,20071017,7.5,0.5,0.0,5.6,0.1,21.0,137,12.4,1.4,77.4,10
290,18,2007,2007-10-18,20071018,7.9,0.4,0.0,4.8,0.0,20.7,137,12.6,4.8,79.9,10
291,19,2007,2007-10-19,20071019,4.9,2.2,0.0,7.3,1.0,18.1,137,11.3,4.9,71.9,10
292,20,2007,2007-10-20,20071020,8.6,3.8,0.0,5.4,0.1,11.8,137,7.6,1.5,53.5,10
293,21,2007,2007-10-21,20071021,8.8,2.2,0.0,4.4,0.0,18.2,137,10.4,1.6,66.0,10
294,22,2007,2007-10-22,20071022,7.3,1.3,0.0,4.0,0.0,20.7,137,11.9,2.5,77.6,10
295,23,2007,2007-10-23,20071023,7.8,0.7,0.0,6.1,0.0,21.0,137,12.8,0.0,86.3,10
296,24,2007,2007-10-24,20071024,5.6,0.5,0.0,7.8,0.0,22.1,137,12.3,4.4,85.6,10
297,25,2007,2007-10-25,20071025,0.4,0.5,0.0,7.5,5.5,17.7,137,12.5,9.0,92.6,10
298,26,2007,2007-10-26,20071026,4.2,0.9,0.0,9.3,6.0,22.2,137,15.0,5.0,82.6,10
299,27,2007,2007-10-27,20071027,7.2,0.4,0.0,6.3,0.0,20.8,137,11.3,2.5,78.5,10
300,28,2007,2007-10-28,20071028,2.6,0.6,0.0,3.7,1.0,17.5,137,11.0,6.1,86.9,10
301,29,2007,2007-10-29,20071029,3.9,2.4,0.0,8.6,0.5,15.6,137,11.2,7.3,64.5,10
302,30,2007,2007-10-30,20071030,7.2,1.4,0.0,4.5,0.0,17.6,137,10.4,3.8,68.1,10
303,31,2007,2007-10-31,20071031,5.1,0.9,0.0,2.7,0.0,18.1,137,9.5,5.6,66.4,10
304,1,2007,2007-11-01,20071101,6.6,2.7,0.0,6.5,0.0,13.8,137,10.2,4.6,49.4,11
305,2,2007,2007-11-02,20071102,5.4,2.0,0.0,4.4,0.0,14.6,137,8.5,4.3,64.5,11
306,3,2007,2007-11-03,20071103,6.2,0.8,0.0,0.6,0.0,17.2,137,7.5,0.6,75.3,11
307,4,2007,2007-11-04,20071104,8.6,0.5,0.0,0.4,0.0,17.7,137,8.1,0.8,78.3,11
308,5,2007,2007-11-05,20071105,0.0,0.3,0.0,3.5,0.0,13.1,137,7.9,7.6,89.8,11
309,6,2007,2007-11-06,20071106,0.8,0.3,0.0,4.0,0.0,15.8,137,8.4,5.3,84.6,11
310,7,2007,2007-11-07,20071107,7.5,0.4,0.0,-0.1,0.0,19.6,137,7.8,1.5,80.5,11
311,8,2007,2007-11-08,20071108,8.4,0.5,0.0,1.5,0.0,19.3,137,8.6,0.8,76.1,11
312,9,2007,2007-11-09,20071109,7.3,1.0,0.0,2.5,0.0,18.2,137,10.2,2.1,78.0,11
313,10,2007,2007-11-10,20071110,4.3,2.3,0.0,6.3,0.0,14.1,137,10.4,5.3,64.3,11
314,11,2007,2007-11-11,20071111,6.4,2.2,0.0,2.9,0.0,12.3,137,7.4,3.0,66.3,11
315,12,2007,2007-11-12,20071112,8.5,1.4,0.0,1.2,0.0,16.1,137,8.0,0.0,63.6,11
316,13,2007,2007-11-13,20071113,7.9,1.4,0.0,0.6,0.0,16.6,137,8.7,3.8,67.9,11
317,14,2007,2007-11-14,20071114,7.0,1.3,0.0,3.2,0.0,17.7,137,9.8,2.4,71.5,11
318,15,2007,2007-11-15,20071115,4.4,2.3,0.0,5.0,0.0,16.5,137,9.9,4.1,67.0,11
319,16,2007,2007-11-16,20071116,8.5,2.7,0.0,3.0,0.0,11.6,137,6.7,1.1,47.9,11
320,17,2007,2007-11-17,20071117,5.6,3.2,0.0,1.3,0.0,11.8,137,6.8,3.9,53.6,11
321,18,2007,2007-11-18,20071118,8.4,4.8,0.0,-3.4,0.0,7.5,137,1.0,0.0,30.8,11
322,19,2007,2007-11-19,20071119,7.4,1.8,0.0,-6.5,0.0,6.5,137,-0.5,2.4,53.5,11
323,20,2007,2007-11-20,20071120,8.6,3.1,2.0,-3.0,2.0,6.0,137,1.8,1.5,55.0,11
324,21,2007,2007-11-21,20071121,7.9,2.1,1.5,-4.6,2.0,10.0,137,1.8,1.6,62.8,11
325,22,2007,2007-11-22,20071122,8.5,1.5,0.0,-2.4,0.0,11.1,137,3.5,2.1,51.0,11
326,23,2007,2007-11-23,20071123,5.2,0.7,0.0,0.2,0.0,11.1,137,3.8,4.1,71.0,11
327,24,2007,2007-11-24,20071124,6.4,1.4,0.0,0.0,1.5,13.6,137,5.7,4.3,76.9,11
328,25,2007,2007-11-25,20071125,4.8,1.4,0.0,-3.2,0.0,13.8,137,4.2,2.6,71.8,11
329,26,2007,2007-11-26,20071126,3.1,2.6,0.0,2.0,0.0,12.8,137,7.5,6.1,67.5,11
330,27,2007,2007-11-27,20071127,8.0,3.3,0.0,-0.4,0.0,8.1,137,3.1,2.9,46.6,11
331,28,2007,2007-11-28,20071128,8.4,0.7,0.0,-5.5,0.0,11.5,137,2.6,2.0,56.6,11
332,29,2007,2007-11-29,20071129,4.7,1.7,0.0,-1.2,0.0,15.3,137,6.3,2.5,61.8,11
333,30,2007,2007-11-30,20071130,8.6,3.6,0.0,0.5,0.0,8.6,137,3.6,0.4,44.8,11
334,1,2007,2007-12-01,20071201,8.5,3.0,0.0,-0.6,0.0,9.3,137,4.2,2.3,54.6,12
335,2,2007,2007-12-02,20071202,0.0,1.2,0.0,1.7,4.0,5.6,137,3.4,8.4,87.6,12
336,3,2007,2007-12-03,20071203,5.8,3.9,0.0,-1.0,0.0,6.5,137,2.1,3.3,61.9,12
337,4,2007,2007-12-04,20071204,8.5,4.0,0.0,-2.7,0.0,2.5,137,-0.9,0.3,50.6,12
338,5,2007,2007-12-05,20071205,8.5,3.7,0.0,-3.7,0.0,3.9,137,-0.4,0.0,44.8,12
339,6,2007,2007-12-06,20071206,0.0,1.8,0.0,-3.4,0.0,5.5,137,0.3,6.1,72.0,12
340,7,2007,2007-12-07,20071207,2.6,2.1,1.0,-0.6,1.2,7.0,137,2.4,6.6,74.8,12
341,8,2007,2007-12-08,20071208,5.2,3.0,0.0,-0.8,0.0,5.3,137,1.5,0.9,62.6,12
342,9,2007,2007-12-09,20071209,8.3,1.9,0.0,-2.5,0.0,7.9,137,1.8,0.3,61.9,12
343,10,2007,2007-12-10,20071210,0.2,0.8,0.0,-4.9,0.4,3.5,137,-0.1,6.4,81.3,12
344,11,2007,2007-12-11,20071211,0.0,0.6,0.0,0.5,5.5,7.1,137,3.4,8.5,95.6,12
345,12,2007,2007-12-12,20071212,4.0,1.1,0.0,-1.7,0.0,9.6,137,3.4,6.1,81.9,12
346,13,2007,2007-12-13,20071213,3.5,3.2,0.0,0.8,0.0,5.4,137,2.9,4.1,63.3,12
347,14,2007,2007-12-14,20071214,8.3,3.3,0.0,-2.7,0.0,5.3,137,0.9,1.4,51.3,12
348,15,2007,2007-12-15,20071215,5.2,3.4,0.0,-3.5,0.0,6.9,137,1.5,5.9,65.3,12
349,16,2007,2007-12-16,20071216,8.2,2.5,0.0,-3.0,0.0,5.3,137,0.2,0.5,62.8,12
350,17,2007,2007-12-17,20071217,3.3,1.9,0.0,-3.5,0.0,7.9,137,1.8,5.4,71.1,12
351,18,2007,2007-12-18,20071218,3.7,1.9,0.0,-3.0,0.0,5.4,137,0.8,2.0,67.6,12
352,19,2007,2007-12-19,20071219,7.9,1.7,0.0,-5.9,0.0,6.0,137,-0.9,0.4,75.3,12
353,20,2007,2007-12-20,20071220,5.1,0.9,0.0,-5.3,0.0,7.8,137,1.3,4.4,77.6,12
354,21,2007,2007-12-21,20071221,1.0,0.7,0.0,-3.0,0.0,5.3,137,1.2,7.9,81.1,12
355,22,2007,2007-12-22,20071222,6.3,0.7,0.0,-2.0,0.0,11.3,137,3.3,6.1,79.1,12
356,23,2007,2007-12-23,20071223,5.6,2.6,0.0,-1.3,0.0,9.6,137,3.7,0.9,70.8,12
357,24,2007,2007-12-24,20071224,6.0,1.0,0.0,-3.7,0.0,8.0,137,1.0,3.9,79.0,12
358,25,2007,2007-12-25,20071225,4.3,0.5,0.0,-3.0,0.0,9.1,137,2.4,6.6,80.8,12
359,26,2007,2007-12-26,20071226,8.1,0.7,0.0,-2.0,0.0,14.5,137,4.6,0.4,80.5,12
360,27,2007,2007-12-27,20071227,0.1,0.6,0.0,-3.0,4.0,6.5,137,2.1,7.1,93.1,12
361,28,2007,2007-12-28,20071228,0.0,1.6,0.0,3.9,5.5,7.3,137,5.4,9.1,92.5,12
362,29,2007,2007-12-29,20071229,1.9,3.8,0.0,-1.2,0.0,5.0,137,1.8,6.4,69.5,12
363,30,2007,2007-12-30,20071230,5.9,5.4,0.0,-5.8,0.0,-1.1,137,-4.5,2.6,57.1,12
364,31,2007,2007-12-31,20071231,3.3,5.2,1.3,-6.0,0.4,-1.1,137,-4.4,4.6,64.0,12
