,wind,year,month,humid,tmax,sunshine,tmin,station_id,rainfall,snow,day,cloud,date,tavg,Date
0,4.3,2015,1,40.6,-2.3,8.6,-7.7,137,0.0,0.0,1,0.0,20150101,-5.5,2015-01-01
1,3.2,2015,1,47.8,-0.1,8.5,-6.4,137,0.0,0.0,2,0.0,20150102,-3.9,2015-01-02
2,2.7,2015,1,50.1,2.9,8.6,-6.4,137,0.0,0.0,3,0.0,20150103,-1.5,2015-01-03
3,1.1,2015,1,67.3,9.9,6.0,-2.7,137,0.0,0.0,4,0.0,20150104,2.1,2015-01-04
4,0.6,2015,1,78.0,6.7,2.7,-3.6,137,1.5,0.0,5,0.0,20150105,1.4,2015-01-05
5,3.5,2015,1,54.1,4.6,8.4,-4.4,137,7.6,0.0,6,0.0,20150106,0.9,2015-01-06
6,3.4,2015,1,33.9,1.2,8.4,-6.7,137,0.0,0.0,7,0.0,20150107,-3.5,2015-01-07
7,3.3,2015,1,43.9,2.7,8.5,-6.3,137,0.0,0.0,8,0.0,20150108,-2.0,2015-01-08
8,3.2,2015,1,57.5,5.1,8.3,-2.4,137,0.0,0.0,9,0.0,20150109,0.8,2015-01-09
9,2.7,2015,1,49.5,6.3,8.3,-1.3,137,0.0,0.0,10,0.0,20150110,2.1,2015-01-10
10,3.7,2015,1,49.5,4.9,7.9,-1.2,137,0.7,0.0,11,0.0,20150111,1.8,2015-01-11
11,1.0,2015,1,47.3,5.2,8.5,-6.0,137,0.0,0.0,12,0.0,20150112,-1.5,2015-01-12
12,0.5,2015,1,60.6,7.5,8.3,-8.7,137,0.0,0.0,13,0.0,20150113,-1.3,2015-01-13
13,0.7,2015,1,63.6,4.1,0.0,-1.3,137,0.0,0.0,14,0.0,20150114,1.0,2015-01-14
14,1.3,2015,1,58.0,10.3,4.1,-1.9,137,0.0,0.0,15,0.0,20150115,3.5,2015-01-15
15,2.6,2015,1,69.8,3.7,0.2,-2.0,137,0.2,0.0,16,0.0,20150116,1.7,2015-01-16
16,4.4,2015,1,41.1,2.7,8.5,-3.9,137,0.0,0.0,17,0.0,20150117,-1.2,2015-01-17
17,2.0,2015,1,52.0,5.5,8.3,-5.0,137,1.3,0.0,18,0.0,20150118,0.4,2015-01-18
18,3.3,2015,1,61.5,5.6,5.5,-1.0,137,1.4,0.0,19,0.0,20150119,2.6,2015-01-19
19,1.2,2015,1,59.5,5.9,8.6,-4.8,137,0.0,0.0,20,0.0,20150120,0.4,2015-01-20
20,0.5,2015,1,72.0,5.8,0.4,-2.3,137,2.3,0.0,21,0.0,20150121,1.9,2015-01-21
21,0.9,2015,1,85.5,5.1,0.0,1.1,137,3.8,0.0,22,9.0,20150122,2.7,2015-01-22
22,0.8,2015,1,80.1,5.4,2.2,-2.4,137,0.0,0.0,23,6.8,20150123,0.5,2015-01-23
23,1.9,2015,1,60.8,8.0,7.9,-2.2,137,0.0,0.0,24,0.0,20150124,3.1,2015-01-24
24,0.7,2015,1,78.9,4.7,1.2,-2.6,137,4.5,0.0,25,0.0,20150125,1.1,2015-01-25
25,1.7,2015,1,82.4,9.9,0.3,2.4,137,1.5,0.0,26,8.0,20150126,5.0,2015-01-26
26,3.4,2015,1,51.3,3.8,8.3,-4.3,137,0.0,0.0,27,0.3,20150127,0.6,2015-01-27
27,1.9,2015,1,54.6,3.7,7.8,-6.6,137,0.0,0.0,28,2.5,20150128,-2.5,2015-01-28
28,0.6,2015,1,83.1,1.8,0.0,-4.6,137,1.0,0.0,29,10.0,20150129,-1.2,2015-01-29
29,3.5,2015,1,51.9,3.6,8.8,-3.2,137,0.3,0.0,30,1.3,20150130,0.0,2015-01-30
30,2.8,2015,1,39.4,2.6,8.8,-6.6,137,0.0,0.0,31,0.0,20150131,-2.6,2015-01-31
31,2.0,2015,2,40.5,6.2,8.8,-6.3,137,0.0,0.0,1,0.0,20150201,-0.7,2015-02-01
32,0.8,2015,2,53.8,6.8,7.1,-6.9,137,0.0,0.0,2,3.3,20150202,-1.3,2015-02-02
33,1.0,2015,2,55.3,8.4,8.1,-6.7,137,0.0,0.0,3,4.5,20150203,0.4,2015-02-03
34,2.4,2015,2,52.8,6.6,8.1,-1.9,137,0.0,0.0,4,2.8,20150204,1.6,2015-02-04
35,3.1,2015,2,52.0,6.3,7.6,-0.7,137,0.0,0.0,5,3.3,20150205,1.8,2015-02-05
36,2.3,2015,2,47.8,7.5,9.0,-1.2,137,0.0,0.0,6,0.3,20150206,2.5,2015-02-06
37,2.5,2015,2,56.9,6.4,6.0,-1.0,137,0.0,0.0,7,0.0,20150207,2.6,2015-02-07
38,4.7,2015,2,37.9,3.1,9.3,-8.8,137,0.0,0.0,8,0.0,20150208,-5.6,2015-02-08
39,4.1,2015,2,38.4,1.1,7.7,-11.1,137,0.0,0.0,9,2.3,20150209,-4.4,2015-02-09
40,3.3,2015,2,48.1,8.7,8.4,-0.8,137,0.0,0.0,10,4.0,20150210,4.0,2015-02-10
41,2.4,2015,2,53.9,9.9,6.4,1.1,137,0.0,0.0,11,6.0,20150211,5.7,2015-02-11
42,2.4,2015,2,32.3,5.1,9.3,-2.8,137,0.0,0.0,12,0.0,20150212,0.5,2015-02-12
43,3.1,2015,2,29.0,5.1,9.3,-4.8,137,0.0,0.0,13,0.0,20150213,-0.1,2015-02-13
44,2.0,2015,2,55.6,9.4,7.6,-2.6,137,0.0,0.0,14,0.0,20150214,3.2,2015-02-14
45,1.0,2015,2,68.1,9.5,2.9,-1.9,137,0.9,0.0,15,0.0,20150215,4.4,2015-02-15
46,1.3,2015,2,90.1,5.4,0.0,2.1,137,28.7,0.0,16,10.0,20150216,3.4,2015-02-16
47,2.6,2015,2,68.0,6.5,5.5,2.1,137,0.2,0.0,17,6.8,20150217,3.3,2015-02-17
48,2.7,2015,2,65.0,5.1,3.0,0.7,137,0.0,0.0,18,0.0,20150218,2.3,2015-02-18
49,1.1,2015,2,61.3,9.2,8.6,-1.7,137,0.0,0.0,19,0.0,20150219,2.6,2015-02-19
50,1.0,2015,2,63.4,10.8,8.4,-4.6,137,0.0,0.0,20,0.0,20150220,3.4,2015-02-20
51,1.2,2015,2,78.8,6.0,0.0,3.8,137,8.4,0.0,21,0.0,20150221,4.9,2015-02-21
52,2.6,2015,2,68.5,12.2,5.2,1.2,137,0.4,0.0,22,3.5,20150222,6.3,2015-02-22
53,3.0,2015,2,52.3,8.2,7.2,0.4,137,0.0,0.0,23,4.2,20150223,3.2,2015-02-23
54,2.1,2015,2,53.4,9.5,8.8,-0.9,137,0.0,0.0,24,1.3,20150224,3.2,2015-02-24
55,0.9,2015,2,58.0,11.0,4.9,-1.6,137,0.0,0.0,25,6.0,20150225,4.3,2015-02-25
56,4.5,2015,2,45.9,7.8,7.5,-1.2,137,0.2,0.0,26,4.0,20150226,3.5,2015-02-26
57,2.5,2015,2,34.3,4.7,9.6,-3.5,137,0.0,0.0,27,2.8,20150227,-0.3,2015-02-27
58,0.8,2015,2,61.4,5.7,1.4,-5.7,137,0.1,0.0,28,0.0,20150228,0.3,2015-02-28
59,2.8,2015,3,61.8,7.8,7.2,0.5,137,0.9,0.0,1,0.0,20150301,3.0,2015-03-01
60,1.8,2015,3,39.1,11.7,10.1,-2.6,137,0.0,0.0,2,0.0,20150302,4.5,2015-03-02
61,1.6,2015,3,54.5,9.0,2.2,0.7,137,0.2,0.0,3,9.5,20150303,4.1,2015-03-03
62,5.9,2015,3,34.5,4.5,10.3,-2.9,137,0.2,0.0,4,0.0,20150304,-0.2,2015-03-04
63,1.4,2015,3,41.1,7.0,9.6,-6.4,137,0.0,0.0,5,3.3,20150305,0.4,2015-03-05
64,0.9,2015,3,48.1,12.1,10.3,-4.7,137,0.0,0.0,6,0.0,20150306,3.2,2015-03-06
65,1.3,2015,3,41.4,13.7,10.3,-3.0,137,0.0,0.0,7,0.0,20150307,5.0,2015-03-07
66,1.1,2015,3,43.0,16.0,9.0,-3.6,137,0.0,0.0,8,0.0,20150308,6.5,2015-03-08
67,4.5,2015,3,37.5,12.2,8.6,-4.6,137,0.0,0.0,9,2.0,20150309,4.8,2015-03-09
68,5.9,2015,3,27.6,2.0,10.7,-6.0,137,0.0,0.0,10,0.0,20150310,-2.0,2015-03-10
69,4.3,2015,3,39.1,7.5,9.9,-2.6,137,0.0,0.0,11,2.0,20150311,2.3,2015-03-11
70,3.7,2015,3,29.1,9.7,10.5,-1.7,137,0.0,0.0,12,0.0,20150312,3.8,2015-03-12
71,2.5,2015,3,48.4,12.5,7.2,0.8,137,1.7,0.0,13,6.5,20150313,6.5,2015-03-13
72,1.5,2015,3,29.5,13.4,9.6,-1.7,137,0.0,0.0,14,0.0,20150314,6.4,2015-03-14
73,1.3,2015,3,39.3,16.7,9.7,-2.0,137,0.0,0.0,15,0.0,20150315,7.0,2015-03-15
74,1.0,2015,3,37.3,20.6,9.5,-0.4,137,0.0,0.0,16,4.5,20150316,9.4,2015-03-16
75,1.2,2015,3,39.6,22.3,5.8,1.5,137,0.0,0.0,17,7.0,20150317,11.9,2015-03-17
76,1.3,2015,3,81.1,11.7,0.0,7.8,137,35.8,0.0,18,10.0,20150318,8.7,2015-03-18
77,0.8,2015,3,71.0,20.1,9.7,6.8,137,0.2,0.0,19,0.8,20150319,12.9,2015-03-19
78,1.4,2015,3,34.0,21.9,7.1,11.3,137,0.0,0.0,20,3.5,20150320,15.4,2015-03-20
79,2.2,2015,3,28.4,20.6,9.8,5.2,137,0.0,0.0,21,0.0,20150321,13.8,2015-03-21
80,4.2,2015,3,26.8,17.0,10.3,4.4,137,0.0,0.0,22,0.0,20150322,11.4,2015-03-22
81,3.9,2015,3,24.6,11.6,10.9,1.0,137,0.0,0.0,23,0.0,20150323,6.0,2015-03-23
82,1.9,2015,3,29.0,13.8,11.1,0.3,137,0.0,0.0,24,0.0,20150324,6.5,2015-03-24
83,1.3,2015,3,32.8,16.1,11.2,-2.3,137,0.0,0.0,25,0.0,20150325,6.9,2015-03-25
84,2.2,2015,3,21.3,19.2,11.3,0.9,137,0.0,0.0,26,0.0,20150326,11.0,2015-03-26
85,2.2,2015,3,23.1,18.5,9.8,5.0,137,0.0,0.0,27,2.8,20150327,12.0,2015-03-27
86,2.6,2015,3,27.4,20.7,10.4,1.3,137,0.0,0.0,28,0.0,20150328,12.9,2015-03-28
87,2.4,2015,3,36.0,20.6,7.0,8.8,137,0.0,0.0,29,0.0,20150329,13.4,2015-03-29
88,1.7,2015,3,49.6,24.9,10.1,4.1,137,0.0,0.0,30,0.0,20150330,14.7,2015-03-30
89,0.9,2015,3,82.1,15.6,0.0,7.9,137,4.5,0.0,31,9.0,20150331,11.9,2015-03-31
90,1.2,2015,4,88.1,13.0,0.0,8.5,137,3.6,0.0,1,10.0,20150401,10.3,2015-04-01
91,1.5,2015,4,79.0,13.3,0.0,7.7,137,0.3,0.0,2,9.8,20150402,10.6,2015-04-02
92,2.5,2015,4,73.3,17.2,4.0,10.9,137,6.7,0.0,3,8.3,20150403,13.6,2015-04-03
93,2.3,2015,4,67.1,18.9,6.0,7.3,137,14.4,0.0,4,0.0,20150404,10.9,2015-04-04
94,0.9,2015,4,89.5,10.5,0.0,7.1,137,4.9,0.0,5,0.0,20150405,8.9,2015-04-05
95,1.0,2015,4,79.1,14.0,0.0,8.3,137,1.3,0.0,6,10.0,20150406,11.2,2015-04-06
96,1.5,2015,4,70.6,9.7,0.0,6.1,137,0.0,0.0,7,10.0,20150407,7.9,2015-04-07
97,1.2,2015,4,75.9,12.2,4.0,5.0,137,0.5,0.0,8,8.3,20150408,7.0,2015-04-08
98,1.1,2015,4,63.6,16.8,9.8,2.6,137,0.0,0.0,9,3.3,20150409,9.1,2015-04-09
99,1.0,2015,4,55.9,19.6,10.9,2.7,137,0.0,0.0,10,0.5,20150410,11.4,2015-04-10
100,1.1,2015,4,49.9,22.0,11.3,3.6,137,0.0,0.0,11,0.0,20150411,12.4,2015-04-11
101,1.8,2015,4,50.0,18.5,2.4,3.8,137,0.0,0.0,12,0.0,20150412,11.2,2015-04-12
102,1.5,2015,4,80.3,12.0,0.0,7.1,137,7.0,0.0,13,10.0,20150413,9.4,2015-04-13
103,1.4,2015,4,79.4,15.3,3.4,6.7,137,13.9,0.0,14,8.5,20150414,8.8,2015-04-14
104,2.6,2015,4,58.8,20.0,8.6,6.5,137,1.2,0.0,15,4.0,20150415,12.3,2015-04-15
105,2.4,2015,4,67.0,24.2,7.5,4.8,137,4.7,0.0,16,6.3,20150416,10.5,2015-04-16
106,2.4,2015,4,32.1,20.6,11.4,5.1,137,0.0,0.0,17,0.3,20150417,13.0,2015-04-17
107,1.1,2015,4,46.3,21.0,6.8,2.9,137,0.0,0.0,18,0.0,20150418,13.2,2015-04-18
108,0.8,2015,4,88.0,14.1,0.0,10.7,137,3.3,0.0,19,0.0,20150419,12.7,2015-04-19
109,1.2,2015,4,90.8,14.1,0.0,8.4,137,18.9,0.0,20,9.8,20150420,11.4,2015-04-20
110,1.4,2015,4,58.5,23.5,7.7,6.3,137,0.0,0.0,21,3.8,20150421,14.0,2015-04-21
111,2.2,2015,4,35.3,21.9,9.5,8.6,137,0.0,0.0,22,3.0,20150422,15.8,2015-04-22
112,2.1,2015,4,31.0,24.6,12.0,9.5,137,0.0,0.0,23,4.0,20150423,17.3,2015-04-23
113,2.4,2015,4,24.6,25.4,11.3,12.0,137,0.0,0.0,24,1.0,20150424,18.6,2015-04-24
114,1.9,2015,4,24.0,26.2,12.6,7.8,137,0.0,0.0,25,0.0,20150425,18.4,2015-04-25
115,2.6,2015,4,27.6,28.9,12.4,8.0,137,0.0,0.0,26,0.0,20150426,20.5,2015-04-26
116,2.1,2015,4,23.6,28.5,12.3,12.7,137,0.0,0.0,27,2.5,20150427,21.5,2015-04-27
117,1.0,2015,4,55.6,25.7,7.3,9.4,137,0.2,0.0,28,6.8,20150428,18.0,2015-04-28
118,0.9,2015,4,87.5,17.5,0.0,14.9,137,9.1,0.0,29,10.0,20150429,15.8,2015-04-29
119,0.8,2015,4,69.4,25.7,8.1,13.6,137,0.0,0.0,30,6.5,20150430,18.6,2015-04-30
120,1.0,2015,5,63.5,29.6,10.7,12.2,137,0.0,0.0,1,0.8,20150501,20.7,2015-05-01
121,1.1,2015,5,62.1,28.6,7.1,15.0,137,0.0,0.0,2,0.0,20150502,21.6,2015-05-02
122,0.9,2015,5,89.9,20.5,0.0,16.5,137,5.5,0.0,3,0.0,20150503,17.4,2015-05-03
123,3.1,2015,5,42.3,22.4,11.7,12.0,137,0.0,0.0,4,2.3,20150504,17.6,2015-05-04
124,2.3,2015,5,34.8,23.4,12.8,8.6,137,0.0,0.0,5,0.0,20150505,15.5,2015-05-05
125,0.9,2015,5,43.3,23.6,7.6,6.1,137,0.0,0.0,6,7.5,20150506,15.8,2015-05-06
126,1.6,2015,5,42.1,26.7,12.2,8.3,137,0.0,0.0,7,1.8,20150507,17.7,2015-05-07
127,1.3,2015,5,39.8,25.0,7.0,11.3,137,0.0,0.0,8,7.5,20150508,18.5,2015-05-08
128,1.4,2015,5,47.0,26.5,9.7,15.2,137,0.0,0.0,9,0.0,20150509,20.2,2015-05-09
129,1.5,2015,5,57.8,27.2,12.1,10.5,137,0.0,0.0,10,0.0,20150510,17.5,2015-05-10
130,2.1,2015,5,64.9,23.0,5.2,13.3,137,5.4,0.0,11,8.3,20150511,17.6,2015-05-11
131,3.2,2015,5,55.5,21.2,10.8,12.6,137,4.2,0.0,12,3.5,20150512,16.7,2015-05-12
132,3.6,2015,5,40.0,27.4,12.8,13.9,137,0.0,0.0,13,0.0,20150513,20.7,2015-05-13
133,1.2,2015,5,51.6,30.7,12.2,11.0,137,0.0,0.0,14,0.0,20150514,21.7,2015-05-14
134,1.5,2015,5,64.8,24.8,0.2,18.5,137,0.0,0.0,15,8.8,20150515,22.1,2015-05-15
135,2.0,2015,5,41.8,27.5,12.8,13.9,137,0.0,0.0,16,0.0,20150516,20.5,2015-05-16
136,1.1,2015,5,40.5,28.0,12.5,10.3,137,0.0,0.0,17,0.0,20150517,19.4,2015-05-17
137,0.7,2015,5,61.0,22.5,2.9,12.9,137,0.0,0.0,18,10.0,20150518,17.0,2015-05-18
138,1.9,2015,5,59.6,26.7,7.7,13.8,137,0.3,0.0,19,4.5,20150519,19.6,2015-05-19
139,2.3,2015,5,43.9,24.5,13.0,12.2,137,0.0,0.0,20,0.5,20150520,18.1,2015-05-20
140,2.5,2015,5,39.4,27.3,13.0,13.4,137,0.0,0.0,21,0.3,20150521,20.9,2015-05-21
141,2.2,2015,5,30.4,28.6,11.1,16.0,137,0.0,0.0,22,1.5,20150522,22.5,2015-05-22
142,1.4,2015,5,36.8,29.9,12.9,14.8,137,0.0,0.0,23,0.0,20150523,22.4,2015-05-23
143,1.5,2015,5,30.3,30.4,13.3,13.8,137,0.0,0.0,24,0.0,20150524,23.0,2015-05-24
144,2.1,2015,5,25.9,31.1,13.3,16.3,137,0.0,0.0,25,0.0,20150525,23.9,2015-05-25
145,1.6,2015,5,29.6,33.7,13.3,18.0,137,0.0,0.0,26,0.0,20150526,25.2,2015-05-26
146,0.9,2015,5,31.9,33.5,13.0,13.8,137,0.0,0.0,27,0.0,20150527,24.0,2015-05-27
147,0.9,2015,5,45.5,32.2,10.5,16.4,137,0.0,0.0,28,1.8,20150528,23.1,2015-05-28
148,1.0,2015,5,45.6,31.8,10.2,14.7,137,0.0,0.0,29,3.8,20150529,23.9,2015-05-29
149,1.5,2015,5,63.9,24.0,3.7,16.3,137,2.7,0.0,30,0.0,20150530,20.0,2015-05-30
150,1.0,2015,5,54.3,30.9,12.7,15.3,137,0.0,0.0,31,0.0,20150531,22.3,2015-05-31
151,1.2,2015,6,48.8,31.8,12.9,15.1,137,0.0,0.0,1,5.8,20150601,23.8,2015-06-01
152,1.5,2015,6,43.9,30.1,5.0,19.2,137,0.0,0.0,2,7.3,20150602,23.7,2015-06-02
153,2.6,2015,6,34.0,29.6,11.0,19.3,137,0.0,0.0,3,2.0,20150603,23.4,2015-06-03
154,1.1,2015,6,33.4,31.3,10.2,13.6,137,0.0,0.0,4,4.0,20150604,23.5,2015-06-04
155,1.0,2015,6,65.0,22.7,1.8,11.6,137,0.8,0.0,5,9.3,20150605,16.6,2015-06-05
156,1.0,2015,6,62.3,28.1,9.4,9.9,137,0.0,0.0,6,0.0,20150606,18.7,2015-06-06
157,1.2,2015,6,51.0,30.8,12.7,14.7,137,0.0,0.0,7,0.0,20150607,22.2,2015-06-07
158,0.7,2015,6,61.1,25.5,2.5,15.3,137,0.0,0.0,8,8.5,20150608,21.0,2015-06-08
159,1.3,2015,6,53.9,31.1,9.4,16.8,137,0.0,0.0,9,6.0,20150609,23.7,2015-06-09
160,1.1,2015,6,48.3,34.3,11.7,17.1,137,0.0,0.0,10,3.5,20150610,25.6,2015-06-10
161,0.6,2015,6,61.6,26.2,0.0,17.3,137,0.0,0.0,11,10.0,20150611,22.3,2015-06-11
162,1.8,2015,6,47.1,32.6,12.1,18.7,137,0.0,0.0,12,3.5,20150612,25.2,2015-06-12
163,1.0,2015,6,67.1,31.7,4.8,17.2,137,0.0,0.0,13,0.0,20150613,22.4,2015-06-13
164,1.2,2015,6,65.6,30.6,8.9,17.0,137,0.0,0.0,14,0.0,20150614,23.2,2015-06-14
165,1.1,2015,6,58.6,31.4,7.6,21.4,137,0.0,0.0,15,7.3,20150615,25.6,2015-06-15
166,1.2,2015,6,65.6,33.0,7.6,21.1,137,4.4,0.0,16,7.3,20150616,24.7,2015-06-16
167,1.1,2015,6,68.4,28.3,3.3,19.6,137,0.0,0.0,17,9.3,20150617,23.0,2015-06-17
168,1.1,2015,6,59.9,29.6,11.6,18.9,137,0.0,0.0,18,6.8,20150618,23.4,2015-06-18
169,1.0,2015,6,64.0,30.8,10.7,17.3,137,0.6,0.0,19,5.8,20150619,23.1,2015-06-19
170,0.7,2015,6,82.6,22.7,0.0,17.0,137,50.0,0.0,20,0.0,20150620,19.3,2015-06-20
171,0.7,2015,6,70.4,29.0,8.4,17.3,137,0.0,0.0,21,0.0,20150621,22.1,2015-06-21
172,1.0,2015,6,65.3,30.6,9.7,18.2,137,0.0,0.0,22,6.3,20150622,24.3,2015-06-22
173,1.3,2015,6,56.9,31.7,11.9,20.1,137,0.0,0.0,23,5.0,20150623,25.5,2015-06-23
174,1.0,2015,6,68.1,27.8,0.6,21.0,137,0.0,0.0,24,10.0,20150624,23.7,2015-06-24
175,0.9,2015,6,75.3,26.0,0.2,18.6,137,7.5,0.0,25,9.8,20150625,21.5,2015-06-25
176,1.3,2015,6,81.9,25.7,0.7,18.3,137,50.3,0.0,26,10.0,20150626,20.9,2015-06-26
177,0.7,2015,6,70.8,28.8,8.8,18.7,137,0.0,0.0,27,0.0,20150627,22.7,2015-06-27
178,0.8,2015,6,73.1,28.7,9.5,18.9,137,0.0,0.0,28,0.0,20150628,23.2,2015-06-28
179,1.0,2015,6,70.6,32.6,10.3,19.0,137,5.8,0.0,29,4.5,20150629,25.5,2015-06-29
180,1.1,2015,6,79.9,27.0,0.0,18.3,137,5.8,0.0,30,10.0,20150630,22.0,2015-06-30
181,2.1,2015,7,66.5,28.9,11.8,18.4,137,0.6,0.0,1,4.3,20150701,23.1,2015-07-01
182,1.6,2015,7,57.4,30.2,11.9,16.7,137,0.0,0.0,2,2.0,20150702,23.7,2015-07-02
183,1.6,2015,7,56.3,29.1,9.5,19.0,137,0.0,0.0,3,6.3,20150703,23.8,2015-07-03
184,0.9,2015,7,60.8,28.8,11.3,15.2,137,0.0,0.0,4,0.0,20150704,22.1,2015-07-04
185,0.9,2015,7,63.3,30.0,12.8,17.0,137,6.4,0.0,5,0.0,20150705,23.2,2015-07-05
186,0.8,2015,7,71.1,29.2,6.5,18.9,137,0.1,0.0,6,8.5,20150706,22.9,2015-07-06
187,0.9,2015,7,83.3,21.7,0.0,17.2,137,15.2,0.0,7,10.0,20150707,18.9,2015-07-07
188,1.2,2015,7,90.4,21.7,0.0,17.5,137,46.3,0.0,8,10.0,20150708,19.9,2015-07-08
189,0.7,2015,7,88.5,23.4,0.0,19.3,137,31.2,0.0,9,10.0,20150709,21.3,2015-07-09
190,0.8,2015,7,79.3,29.3,6.0,20.2,137,0.0,0.0,10,8.3,20150710,23.6,2015-07-10
191,0.9,2015,7,75.8,32.1,7.0,21.2,137,0.3,0.0,11,0.0,20150711,25.9,2015-07-11
192,2.0,2015,7,86.4,26.4,0.0,23.4,137,10.9,0.0,12,0.0,20150712,24.6,2015-07-12
193,1.9,2015,7,71.5,28.1,1.8,23.7,137,0.8,0.0,13,0.0,20150713,25.2,2015-07-13
194,1.8,2015,7,63.9,31.8,11.1,23.3,137,0.0,0.0,14,0.0,20150714,27.0,2015-07-14
195,1.0,2015,7,66.5,32.7,7.9,21.6,137,0.0,0.0,15,0.0,20150715,26.2,2015-07-15
196,1.1,2015,7,60.4,29.4,13.3,18.5,137,0.0,0.0,16,0.0,20150716,23.4,2015-07-16
197,0.7,2015,7,73.9,24.7,1.1,16.9,137,1.1,0.0,17,0.0,20150717,20.5,2015-07-17
198,0.5,2015,7,74.6,29.4,3.8,20.8,137,0.0,0.0,18,0.0,20150718,24.0,2015-07-18
199,0.9,2015,7,69.9,32.0,7.9,22.1,137,0.0,0.0,19,0.0,20150719,26.1,2015-07-19
200,0.5,2015,7,80.9,27.1,0.0,20.6,137,2.7,0.0,20,0.0,20150720,23.9,2015-07-20
201,0.5,2015,7,81.8,30.3,3.3,22.6,137,0.0,0.0,21,0.0,20150721,25.5,2015-07-21
202,0.7,2015,7,75.0,33.7,6.6,24.2,137,0.0,0.0,22,0.0,20150722,27.7,2015-07-22
203,0.8,2015,7,85.6,31.1,3.2,24.6,137,10.7,0.0,23,0.0,20150723,26.2,2015-07-23
204,0.8,2015,7,83.0,31.4,3.6,24.4,137,2.9,0.0,24,0.0,20150724,27.1,2015-07-24
205,1.1,2015,7,73.3,32.4,8.4,24.2,137,0.0,0.0,25,0.0,20150725,27.9,2015-07-25
206,0.8,2015,7,67.6,34.6,13.1,22.4,137,0.0,0.0,26,0.0,20150726,28.2,2015-07-26
207,1.7,2015,7,71.4,30.4,5.0,25.1,137,0.3,0.0,27,0.0,20150727,27.1,2015-07-27
208,1.3,2015,7,66.8,33.2,10.7,25.0,137,0.0,0.0,28,0.0,20150728,28.7,2015-07-28
209,0.8,2015,7,83.6,31.3,3.2,24.3,137,21.2,0.0,29,0.0,20150729,27.0,2015-07-29
210,0.9,2015,7,72.8,35.2,10.5,24.4,137,0.0,0.0,30,0.0,20150730,29.4,2015-07-30
211,1.0,2015,7,67.8,36.3,12.3,24.7,137,0.0,0.0,31,0.0,20150731,30.2,2015-07-31
212,1.0,2015,8,66.8,35.0,12.2,24.1,137,0.0,0.0,1,0.0,20150801,29.3,2015-08-01
213,1.1,2015,8,73.9,32.3,6.1,24.2,137,0.0,0.0,2,0.0,20150802,27.9,2015-08-02
214,1.0,2015,8,66.8,35.4,11.3,24.3,137,0.0,0.0,3,0.0,20150803,29.0,2015-08-03
215,1.0,2015,8,65.3,35.1,12.9,21.8,137,0.0,0.0,4,0.0,20150804,28.4,2015-08-04
216,1.0,2015,8,68.4,34.7,12.9,21.8,137,0.0,0.0,5,0.0,20150805,28.2,2015-08-05
217,0.6,2015,8,66.1,36.6,12.6,23.8,137,0.0,0.0,6,0.0,20150806,29.7,2015-08-06
218,0.8,2015,8,64.3,36.2,12.4,23.4,137,0.0,0.0,7,0.0,20150807,29.6,2015-08-07
219,1.0,2015,8,75.3,35.8,7.7,23.4,137,2.3,0.0,8,0.0,20150808,27.2,2015-08-08
220,1.1,2015,8,71.4,32.3,7.3,22.8,137,0.0,0.0,9,0.0,20150809,27.0,2015-08-09
221,1.5,2015,8,68.9,32.2,6.0,23.7,137,0.0,0.0,10,0.0,20150810,27.1,2015-08-10
222,1.0,2015,8,71.1,29.9,0.0,22.5,137,0.0,0.0,11,0.0,20150811,25.9,2015-08-11
223,0.6,2015,8,77.0,27.4,1.0,20.3,137,0.4,0.0,12,0.0,20150812,23.1,2015-08-12
224,0.8,2015,8,77.1,30.8,9.8,20.1,137,4.2,0.0,13,0.0,20150813,24.8,2015-08-13
225,0.9,2015,8,72.6,32.9,9.4,20.5,137,0.0,0.0,14,0.0,20150814,25.5,2015-08-14
226,0.7,2015,8,68.9,33.4,11.0,20.2,137,0.0,0.0,15,0.0,20150815,26.4,2015-08-15
227,0.6,2015,8,79.5,29.7,0.2,21.8,137,0.0,0.0,16,0.0,20150816,24.0,2015-08-16
228,0.9,2015,8,74.4,32.6,9.1,20.7,137,9.2,0.0,17,0.0,20150817,24.7,2015-08-17
229,0.8,2015,8,72.4,31.9,8.6,19.4,137,0.0,0.0,18,0.0,20150818,24.9,2015-08-18
230,0.7,2015,8,75.4,29.1,2.4,19.9,137,0.0,0.0,19,0.0,20150819,24.6,2015-08-19
231,0.8,2015,8,82.5,27.3,0.3,21.7,137,1.6,0.0,20,0.0,20150820,23.9,2015-08-20
232,0.9,2015,8,79.5,29.7,5.5,20.6,137,3.9,0.0,21,0.0,20150821,23.9,2015-08-21
233,1.3,2015,8,71.6,29.9,4.1,22.0,137,0.0,0.0,22,0.0,20150822,25.6,2015-08-22
234,0.8,2015,8,70.3,31.2,5.9,22.1,137,0.0,0.0,23,0.0,20150823,25.9,2015-08-23
235,1.0,2015,8,74.0,27.3,0.4,22.4,137,0.4,0.0,24,0.0,20150824,24.8,2015-08-24
236,1.5,2015,8,87.8,22.6,0.0,19.8,137,22.0,0.0,25,0.0,20150825,21.2,2015-08-25
237,1.7,2015,8,65.5,28.3,9.5,20.0,137,0.0,0.0,26,0.0,20150826,23.2,2015-08-26
238,1.5,2015,8,70.3,27.5,7.6,19.7,137,1.0,0.0,27,0.0,20150827,23.2,2015-08-27
239,0.9,2015,8,75.4,30.5,8.0,18.2,137,0.0,0.0,28,0.0,20150828,23.2,2015-08-28
240,0.7,2015,8,74.4,29.8,8.3,18.2,137,0.0,0.0,29,0.0,20150829,23.0,2015-08-29
241,0.8,2015,8,69.6,30.8,10.4,17.6,137,0.0,0.0,30,0.0,20150830,24.1,2015-08-30
242,0.9,2015,8,70.4,30.8,6.9,20.0,137,0.0,0.0,31,0.0,20150831,24.5,2015-08-31
243,1.0,2015,9,69.5,28.7,3.4,20.8,137,0.0,0.0,1,0.0,20150901,23.9,2015-09-01
244,1.0,2015,9,84.3,27.7,2.5,19.4,137,20.0,0.0,2,0.0,20150902,22.0,2015-09-02
245,1.0,2015,9,73.3,28.9,6.2,19.4,137,0.0,0.0,3,0.0,20150903,23.1,2015-09-03
246,1.1,2015,9,67.3,30.2,10.1,20.2,137,0.0,0.0,4,0.0,20150904,24.6,2015-09-04
247,0.8,2015,9,81.0,25.8,0.0,19.5,137,5.8,0.0,5,0.0,20150905,21.9,2015-09-05
248,1.1,2015,9,81.5,23.2,0.4,16.4,137,2.2,0.0,6,0.0,20150906,19.9,2015-09-06
249,0.8,2015,9,67.1,28.1,10.7,13.5,137,0.0,0.0,7,0.0,20150907,20.0,2015-09-07
250,0.9,2015,9,65.4,27.2,11.0,12.0,137,0.0,0.0,8,0.0,20150908,18.8,2015-09-08
251,0.9,2015,9,60.1,29.2,11.2,10.8,137,0.0,0.0,9,0.0,20150909,19.7,2015-09-09
252,0.9,2015,9,61.4,28.7,10.5,12.3,137,0.0,0.0,10,0.0,20150910,21.1,2015-09-10
253,1.3,2015,9,67.9,28.7,8.2,15.2,137,0.0,0.0,11,0.0,20150911,21.7,2015-09-11
254,1.2,2015,9,76.4,21.7,0.0,16.0,137,2.6,0.0,12,0.0,20150912,18.7,2015-09-12
255,1.6,2015,9,61.6,25.6,10.7,14.0,137,0.0,0.0,13,0.0,20150913,18.6,2015-09-13
256,0.7,2015,9,63.5,27.5,10.5,10.4,137,0.0,0.0,14,0.0,20150914,18.2,2015-09-14
257,0.9,2015,9,61.8,26.4,10.3,10.9,137,0.0,0.0,15,0.0,20150915,18.2,2015-09-15
258,0.8,2015,9,64.1,26.1,7.5,10.6,137,0.0,0.0,16,0.0,20150916,18.6,2015-09-16
259,0.7,2015,9,70.0,24.0,2.6,15.2,137,0.0,0.0,17,0.0,20150917,18.7,2015-09-17
260,0.7,2015,9,67.5,27.4,9.6,13.5,137,0.0,0.0,18,0.0,20150918,19.9,2015-09-18
261,0.6,2015,9,69.3,28.8,8.6,14.1,137,0.0,0.0,19,0.0,20150919,20.4,2015-09-19
262,0.7,2015,9,64.8,28.7,9.5,13.1,137,0.0,0.0,20,0.0,20150920,20.4,2015-09-20
263,0.7,2015,9,61.6,29.8,10.0,14.0,137,0.0,0.0,21,0.0,20150921,20.9,2015-09-21
264,0.8,2015,9,64.9,29.3,10.0,13.5,137,0.0,0.0,22,0.0,20150922,20.3,2015-09-22
265,0.6,2015,9,76.8,22.0,0.4,14.2,137,0.0,0.0,23,0.0,20150923,18.3,2015-09-23
266,0.6,2015,9,74.9,25.8,0.9,17.4,137,0.3,0.0,24,0.0,20150924,20.9,2015-09-24
267,0.6,2015,9,74.3,26.5,5.6,14.1,137,0.0,0.0,25,0.0,20150925,20.0,2015-09-25
268,0.7,2015,9,72.5,27.6,6.8,14.6,137,0.0,0.0,26,0.0,20150926,20.1,2015-09-26
269,0.7,2015,9,67.9,28.8,9.6,12.5,137,0.0,0.0,27,0.0,20150927,19.6,2015-09-27
270,0.7,2015,9,59.1,29.9,9.2,11.4,137,0.0,0.0,28,0.0,20150928,20.2,2015-09-28
271,0.9,2015,9,58.0,28.6,9.5,13.5,137,0.0,0.0,29,0.0,20150929,20.6,2015-09-29
272,0.8,2015,9,58.6,24.3,2.2,15.7,137,0.0,0.0,30,0.0,20150930,19.3,2015-09-30
273,2.0,2015,10,80.0,21.3,0.0,14.8,137,37.9,0.0,1,0.0,20151001,16.7,2015-10-01
274,2.4,2015,10,45.0,22.5,9.7,10.0,137,0.0,0.0,2,0.0,20151002,16.1,2015-10-02
275,2.1,2015,10,55.1,25.5,9.2,13.9,137,0.0,0.0,3,0.0,20151003,19.7,2015-10-03
276,1.2,2015,10,44.4,25.2,7.1,12.3,137,0.0,0.0,4,0.0,20151004,17.8,2015-10-04
277,0.5,2015,10,59.6,25.0,9.6,10.3,137,0.0,0.0,5,0.0,20151005,16.4,2015-10-05
278,0.6,2015,10,60.0,27.3,9.5,8.4,137,0.0,0.0,6,0.0,20151006,16.9,2015-10-06
279,0.6,2015,10,68.3,25.8,7.9,9.8,137,0.0,0.0,7,0.0,20151007,16.9,2015-10-07
280,1.2,2015,10,66.4,25.9,9.0,10.3,137,0.9,0.0,8,0.0,20151008,17.7,2015-10-08
281,2.0,2015,10,51.0,21.5,7.9,10.1,137,0.1,0.0,9,0.0,20151009,16.4,2015-10-09
282,1.3,2015,10,66.9,23.5,8.5,5.2,137,1.4,0.0,10,0.0,20151010,13.2,2015-10-10
283,2.0,2015,10,72.4,16.8,6.3,8.5,137,4.8,0.0,11,0.0,20151011,12.3,2015-10-11
284,2.3,2015,10,58.4,18.4,7.6,11.0,137,0.3,0.0,12,0.0,20151012,13.8,2015-10-12
285,2.0,2015,10,54.1,22.5,9.4,7.2,137,0.0,0.0,13,0.0,20151013,15.7,2015-10-13
286,1.1,2015,10,61.6,24.9,9.3,10.0,137,0.0,0.0,14,0.0,20151014,17.1,2015-10-14
287,0.5,2015,10,71.4,24.6,8.9,7.5,137,0.0,0.0,15,0.0,20151015,14.4,2015-10-15
288,0.6,2015,10,71.8,24.0,9.1,7.8,137,0.0,0.0,16,0.0,20151016,14.8,2015-10-16
289,0.5,2015,10,67.6,26.3,8.4,8.7,137,0.0,0.0,17,0.0,20151017,14.9,2015-10-17
290,0.7,2015,10,60.9,27.2,9.1,7.4,137,0.0,0.0,18,0.0,20151018,16.4,2015-10-18
291,0.5,2015,10,74.3,23.2,8.7,8.6,137,0.0,0.0,19,0.0,20151019,15.1,2015-10-19
292,0.7,2015,10,70.4,25.2,8.0,10.3,137,0.0,0.0,20,0.0,20151020,16.6,2015-10-20
293,0.6,2015,10,74.3,25.5,7.8,9.8,137,0.0,0.0,21,0.0,20151021,16.6,2015-10-21
294,0.8,2015,10,73.8,22.8,3.7,12.1,137,0.0,0.0,22,0.0,20151022,16.5,2015-10-22
295,0.8,2015,10,73.5,23.1,6.1,11.9,137,0.0,0.0,23,0.0,20151023,16.1,2015-10-23
296,1.9,2015,10,70.3,22.8,5.0,12.1,137,0.0,0.0,24,0.0,20151024,17.0,2015-10-24
297,0.8,2015,10,59.4,21.9,9.0,8.9,137,0.0,0.0,25,0.0,20151025,14.7,2015-10-25
298,0.7,2015,10,62.0,20.8,6.8,6.8,137,0.0,0.0,26,0.0,20151026,13.6,2015-10-26
299,1.6,2015,10,71.1,15.9,2.8,10.2,137,23.7,0.0,27,0.0,20151027,12.6,2015-10-27
300,2.0,2015,10,48.4,17.5,8.9,6.4,137,0.0,0.0,28,0.0,20151028,12.5,2015-10-28
301,1.6,2015,10,41.1,15.9,8.2,8.3,137,0.0,0.0,29,0.0,20151029,11.3,2015-10-29
302,2.0,2015,10,40.3,12.4,9.0,2.8,137,0.0,0.0,30,0.0,20151030,7.9,2015-10-30
303,1.6,2015,10,45.6,14.2,9.0,-0.5,137,0.0,0.0,31,0.0,20151031,6.7,2015-10-31
304,0.4,2015,11,63.8,8.3,0.8,-1.0,137,0.0,0.0,1,0.0,20151101,4.4,2015-11-01
305,1.9,2015,11,51.9,16.2,7.6,3.9,137,0.0,0.0,2,0.0,20151102,11.2,2015-11-02
306,1.0,2015,11,60.9,20.0,9.0,5.8,137,0.0,0.0,3,0.0,20151103,12.2,2015-11-03
307,0.5,2015,11,65.9,20.8,9.0,1.8,137,0.0,0.0,4,0.0,20151104,9.6,2015-11-04
308,1.1,2015,11,60.6,21.4,6.5,5.1,137,0.0,0.0,5,0.0,20151105,12.0,2015-11-05
309,1.2,2015,11,72.8,20.8,6.9,5.1,137,1.5,0.0,6,0.0,20151106,12.1,2015-11-06
310,1.1,2015,11,90.9,12.9,0.0,10.8,137,21.4,0.0,7,0.0,20151107,12.0,2015-11-07
311,0.9,2015,11,91.8,13.3,0.0,11.7,137,19.4,0.0,8,0.0,20151108,12.7,2015-11-08
312,1.4,2015,11,77.4,15.9,2.6,11.3,137,4.1,0.0,9,0.0,20151109,12.9,2015-11-09
313,1.2,2015,11,66.8,17.3,5.4,8.1,137,0.0,0.0,10,0.0,20151110,11.9,2015-11-10
314,0.7,2015,11,73.1,18.1,6.5,7.2,137,0.0,0.0,11,0.0,20151111,11.8,2015-11-11
315,0.9,2015,11,85.5,15.2,0.0,7.6,137,0.9,0.0,12,0.0,20151112,11.7,2015-11-12
316,1.3,2015,11,86.1,12.1,0.0,10.7,137,26.3,0.0,13,0.0,20151113,11.5,2015-11-13
317,0.9,2015,11,84.6,17.2,0.5,11.7,137,7.3,0.0,14,0.0,20151114,14.3,2015-11-14
318,1.5,2015,11,71.6,17.6,1.8,9.5,137,0.0,0.0,15,0.0,20151115,14.3,2015-11-15
319,0.5,2015,11,88.5,12.5,0.0,7.4,137,19.5,0.0,16,0.0,20151116,10.3,2015-11-16
320,0.6,2015,11,87.6,16.8,0.0,11.9,137,0.7,0.0,17,0.0,20151117,14.2,2015-11-17
321,1.6,2015,11,83.6,13.9,0.0,9.0,137,4.8,0.0,18,0.0,20151118,11.0,2015-11-18
322,0.9,2015,11,84.9,9.7,0.0,8.3,137,1.5,0.0,19,0.0,20151119,9.1,2015-11-19
323,0.9,2015,11,78.4,16.6,4.7,8.0,137,0.0,0.0,20,0.0,20151120,10.7,2015-11-20
324,0.5,2015,11,88.1,10.2,0.0,5.3,137,0.0,0.0,21,0.0,20151121,8.1,2015-11-21
325,0.7,2015,11,79.5,14.7,1.4,9.6,137,0.0,0.0,22,0.0,20151122,12.0,2015-11-22
326,1.2,2015,11,84.8,12.2,0.0,10.3,137,7.0,0.0,23,0.0,20151123,11.2,2015-11-23
327,2.1,2015,11,66.5,11.7,0.5,6.2,137,0.1,0.0,24,0.0,20151124,9.4,2015-11-24
328,1.5,2015,11,85.6,6.2,0.0,4.0,137,5.9,0.0,25,0.0,20151125,5.1,2015-11-25
329,3.5,2015,11,61.4,4.2,6.3,-1.0,137,0.3,0.0,26,0.0,20151126,1.4,2015-11-26
330,2.5,2015,11,64.4,2.0,1.9,-1.8,137,0.0,0.0,27,0.0,20151127,0.7,2015-11-27
331,1.0,2015,11,71.5,7.1,2.3,0.0,137,0.0,0.0,28,0.0,20151128,3.0,2015-11-28
332,0.9,2015,11,76.1,7.8,0.8,2.0,137,0.0,0.0,29,0.0,20151129,4.1,2015-11-29
333,1.4,2015,11,67.4,11.6,7.5,0.5,137,0.0,0.0,30,0.0,20151130,5.9,2015-11-30
334,0.8,2015,12,72.8,9.7,8.3,-2.9,137,0.0,0.0,1,0.0,20151201,2.8,2015-12-01
335,1.2,2015,12,79.5,8.7,0.0,0.2,137,4.0,0.0,2,0.0,20151202,4.1,2015-12-02
336,3.9,2015,12,62.1,7.1,5.1,-1.2,137,2.6,0.0,3,0.0,20151203,2.8,2015-12-03
337,3.5,2015,12,63.6,5.0,5.3,-1.4,137,0.0,0.0,4,0.0,20151204,2.2,2015-12-04
338,2.2,2015,12,54.8,8.1,0.3,3.9,137,0.0,0.0,5,0.0,20151205,6.1,2015-12-05
339,0.9,2015,12,56.0,8.8,3.5,1.1,137,0.0,0.0,6,0.0,20151206,3.8,2015-12-06
340,1.0,2015,12,62.3,10.3,7.4,-2.7,137,0.0,0.0,7,0.0,20151207,4.1,2015-12-07
341,1.3,2015,12,46.0,12.1,8.4,0.2,137,0.0,0.0,8,0.0,20151208,5.7,2015-12-08
342,0.6,2015,12,71.5,10.9,5.1,-2.1,137,0.0,0.0,9,0.0,20151209,3.8,2015-12-09
343,0.4,2015,12,87.1,8.0,0.0,4.4,137,9.5,0.0,10,0.0,20151210,6.5,2015-12-10
344,1.2,2015,12,77.8,10.4,0.4,2.1,137,3.3,0.0,11,0.0,20151211,7.8,2015-12-11
345,1.0,2015,12,73.8,10.6,8.5,-2.0,137,0.0,0.0,12,0.0,20151212,3.6,2015-12-12
346,0.9,2015,12,71.4,11.6,6.2,2.2,137,0.0,0.0,13,0.0,20151213,5.3,2015-12-13
347,0.5,2015,12,88.4,6.8,0.0,2.2,137,8.3,0.0,14,0.0,20151214,5.3,2015-12-14
348,2.2,2015,12,67.5,9.4,1.4,5.8,137,0.5,0.0,15,0.0,20151215,7.3,2015-12-15
349,2.5,2015,12,63.9,5.8,4.1,-1.4,137,0.7,0.0,16,0.0,20151216,1.4,2015-12-16
350,3.6,2015,12,44.5,1.3,8.5,-4.1,137,0.0,0.0,17,0.0,20151217,-2.0,2015-12-17
351,2.6,2015,12,57.9,6.6,6.1,-3.8,137,0.0,0.0,18,0.0,20151218,0.8,2015-12-18
352,0.7,2015,12,68.9,8.1,6.5,-4.2,137,0.0,0.0,19,0.0,20151219,0.4,2015-12-19
353,0.5,2015,12,75.8,2.5,0.0,-4.6,137,0.0,0.0,20,0.0,20151220,-0.8,2015-12-20
354,0.7,2015,12,82.0,8.5,3.7,-0.6,137,1.3,0.0,21,0.0,20151221,1.8,2015-12-21
355,0.6,2015,12,90.0,1.2,0.0,-3.2,137,0.0,0.0,22,0.0,20151222,-1.0,2015-12-22
356,0.8,2015,12,88.8,7.7,0.0,1.0,137,0.4,0.0,23,0.0,20151223,4.2,2015-12-23
357,2.2,2015,12,64.3,8.9,5.4,1.8,137,0.0,0.0,24,0.0,20151224,4.7,2015-12-24
358,2.5,2015,12,36.4,5.4,8.7,-3.0,137,0.0,0.0,25,0.0,20151225,1.2,2015-12-25
359,1.7,2015,12,56.0,10.4,6.8,-2.8,137,0.0,0.0,26,0.0,20151226,3.9,2015-12-26
360,3.0,2015,12,34.3,3.5,8.7,-4.7,137,0.0,0.0,27,0.0,20151227,-0.5,2015-12-27
361,3.3,2015,12,36.8,1.5,8.6,-5.5,137,0.0,0.0,28,0.0,20151228,-2.4,2015-12-28
362,1.9,2015,12,43.4,4.9,8.5,-5.0,137,0.0,0.0,29,0.0,20151229,-1.0,2015-12-29
363,0.7,2015,12,63.8,6.3,5.9,-7.4,137,4.5,0.0,30,0.0,20151230,-0.9,2015-12-30
364,1.4,2015,12,71.3,5.6,4.4,-2.3,137,7.0,0.0,31,0.0,20151231,1.1,2015-12-31
