,station_id,month,tavg,date,snow,day,cloud,sunshine,tmax,wind,rainfall,year,Date,humid,tmin
0,137,1,-5.5,20100101,0.0,1,0.4,8.3,0.0,2.2,0.0,2010,2010-01-01,43.8,-9.9
1,137,1,-2.6,20100102,0.2,2,6.3,1.7,1.4,1.4,0.5,2010,2010-01-02,70.0,-6.3
2,137,1,-3.3,20100103,0.0,3,2.0,8.1,0.5,2.3,0.0,2010,2010-01-03,44.6,-6.8
3,137,1,-3.5,20100104,6.5,4,7.8,0.2,-0.4,2.4,5.4,2010,2010-01-04,68.5,-5.4
4,137,1,-5.9,20100105,0.0,5,1.5,4.6,-3.2,3.7,0.0,2010,2010-01-05,52.5,-8.4
5,137,1,-7.5,20100106,0.0,6,0.6,8.1,-3.4,2.9,0.0,2010,2010-01-06,57.9,-10.8
6,137,1,-6.7,20100107,0.0,7,0.5,7.9,-2.4,2.9,0.0,2010,2010-01-07,54.3,-8.7
7,137,1,-5.2,20100108,0.0,8,0.0,8.4,0.7,2.5,0.0,2010,2010-01-08,55.8,-10.0
8,137,1,-2.6,20100109,0.0,9,6.5,2.0,1.1,2.3,0.0,2010,2010-01-09,60.0,-7.5
9,137,1,-2.1,20100110,0.0,10,5.0,2.4,2.2,1.8,0.0,2010,2010-01-10,66.4,-7.9
10,137,1,-1.6,20100111,0.0,11,6.6,1.6,0.6,3.5,0.0,2010,2010-01-11,57.4,-4.0
11,137,1,-5.6,20100112,0.0,12,2.1,6.3,-1.9,3.9,0.0,2010,2010-01-12,39.6,-7.2
12,137,1,-9.5,20100113,0.0,13,0.9,7.5,-5.8,4.1,0.0,2010,2010-01-13,45.1,-12.3
13,137,1,-7.1,20100114,0.0,14,1.6,6.4,-1.4,2.3,0.0,2010,2010-01-14,53.9,-12.2
14,137,1,-4.3,20100115,0.0,15,2.8,5.5,3.3,1.6,0.0,2010,2010-01-15,66.1,-10.6
15,137,1,-3.1,20100116,0.0,16,0.3,8.5,2.4,2.6,0.0,2010,2010-01-16,37.4,-8.3
16,137,1,-2.4,20100117,0.0,17,0.0,8.5,3.5,1.9,0.0,2010,2010-01-17,36.0,-7.9
17,137,1,-0.9,20100118,0.0,18,0.4,8.4,8.4,1.2,0.0,2010,2010-01-18,63.3,-9.1
18,137,1,0.6,20100119,0.0,19,5.8,6.1,7.5,0.7,0.0,2010,2010-01-19,69.4,-6.8
19,137,1,4.2,20100120,0.0,20,10.0,0.0,8.5,0.8,7.5,2010,2010-01-20,88.5,1.8
20,137,1,0.5,20100121,0.0,21,3.4,7.1,8.5,4.3,1.0,2010,2010-01-21,56.4,-5.1
21,137,1,-4.2,20100122,0.0,22,0.4,8.3,-0.2,4.2,0.0,2010,2010-01-22,47.0,-6.5
22,137,1,-3.2,20100123,0.0,23,0.4,8.7,0.7,3.5,0.0,2010,2010-01-23,50.9,-6.9
23,137,1,0.6,20100124,0.0,24,4.0,6.7,5.5,2.3,0.0,2010,2010-01-24,53.0,-4.1
24,137,1,0.7,20100125,0.0,25,2.3,7.7,4.0,3.9,0.0,2010,2010-01-25,40.5,-4.9
25,137,1,-2.9,20100126,0.0,26,0.0,8.7,3.6,2.7,0.0,2010,2010-01-26,42.5,-7.4
26,137,1,-2.3,20100127,0.0,27,6.5,4.1,3.1,0.8,2.5,2010,2010-01-27,72.0,-8.7
27,137,1,3.4,20100128,0.0,28,3.4,6.4,6.1,3.7,0.1,2010,2010-01-28,51.3,-0.4
28,137,1,-0.3,20100129,0.0,29,1.5,5.7,4.7,3.2,0.0,2010,2010-01-29,47.0,-4.6
29,137,1,1.4,20100130,0.0,30,3.1,5.2,8.3,1.8,0.0,2010,2010-01-30,56.3,-4.6
30,137,1,1.2,20100131,0.0,31,2.6,6.4,9.8,1.0,0.0,2010,2010-01-31,67.8,-4.9
31,137,2,1.5,20100201,0.0,1,4.3,3.0,7.8,2.0,0.0,2010,2010-02-01,66.5,-2.5
32,137,2,-2.9,20100202,0.0,2,1.9,8.1,0.9,3.3,0.0,2010,2010-02-02,31.1,-6.8
33,137,2,-5.8,20100203,0.0,3,0.0,8.9,-1.1,3.2,0.0,2010,2010-02-03,29.1,-9.0
34,137,2,-3.3,20100204,0.0,4,0.8,8.9,1.2,3.4,0.0,2010,2010-02-04,41.4,-8.4
35,137,2,-1.8,20100205,0.0,5,1.0,8.9,2.0,3.9,0.0,2010,2010-02-05,32.6,-5.5
36,137,2,-2.2,20100206,0.0,6,0.0,9.1,5.2,2.6,0.0,2010,2010-02-06,29.9,-7.5
37,137,2,-1.6,20100207,0.0,7,4.4,6.7,6.5,0.9,0.0,2010,2010-02-07,39.4,-11.3
38,137,2,1.2,20100208,0.0,8,10.0,0.0,1.9,0.7,1.0,2010,2010-02-08,71.8,0.1
39,137,2,3.1,20100209,0.0,9,10.0,0.0,4.8,0.8,8.0,2010,2010-02-09,93.0,1.5
40,137,2,4.4,20100210,0.0,10,10.0,0.0,5.4,1.8,13.5,2010,2010-02-10,91.6,3.6
41,137,2,0.9,20100211,3.7,11,10.0,0.0,4.2,2.0,15.2,2010,2010-02-11,89.6,0.0
42,137,2,0.2,20100212,1.3,12,9.9,0.1,2.8,1.3,1.3,2010,2010-02-12,85.6,-1.0
43,137,2,-1.5,20100213,4.7,13,5.9,2.7,1.3,2.2,2.9,2010,2010-02-13,64.9,-3.6
44,137,2,-1.8,20100214,0.0,14,6.9,0.0,1.7,1.2,0.0,2010,2010-02-14,60.1,-5.7
45,137,2,-0.9,20100215,0.0,15,4.3,6.9,5.2,2.4,0.0,2010,2010-02-15,52.0,-5.3
46,137,2,-2.3,20100216,0.0,16,3.9,8.3,2.5,2.8,0.0,2010,2010-02-16,41.4,-4.8
47,137,2,-1.6,20100217,0.0,17,8.6,4.2,2.8,1.9,0.0,2010,2010-02-17,33.5,-6.2
48,137,2,-1.8,20100218,0.6,18,3.4,7.0,2.1,3.3,0.7,2010,2010-02-18,46.8,-4.6
49,137,2,-1.9,20100219,0.7,19,3.0,5.2,5.1,2.1,0.4,2010,2010-02-19,50.9,-7.8
50,137,2,3.1,20100220,0.0,20,0.4,9.2,9.8,2.2,0.0,2010,2010-02-20,45.9,-2.1
51,137,2,2.4,20100221,0.0,21,0.8,8.7,11.2,1.0,0.0,2010,2010-02-21,61.4,-5.4
52,137,2,2.8,20100222,0.0,22,2.6,2.0,10.9,1.2,0.0,2010,2010-02-22,76.3,-3.0
53,137,2,3.7,20100223,0.0,23,2.5,7.0,14.1,0.9,0.0,2010,2010-02-23,66.1,-3.5
54,137,2,7.2,20100224,0.0,24,3.3,7.4,17.3,1.2,0.0,2010,2010-02-24,65.5,-2.7
55,137,2,10.8,20100225,0.0,25,9.6,0.0,13.8,1.0,24.5,2010,2010-02-25,92.3,6.0
56,137,2,9.0,20100226,0.0,26,8.9,0.0,13.3,1.7,0.5,2010,2010-02-26,85.8,4.7
57,137,2,4.8,20100227,0.0,27,8.6,0.0,6.7,1.5,1.0,2010,2010-02-27,79.1,3.2
58,137,2,5.2,20100228,0.0,28,5.9,5.2,12.2,1.3,0.0,2010,2010-02-28,82.5,-0.2
59,137,3,3.9,20100301,0.0,1,10.0,0.0,5.7,2.2,18.0,2010,2010-03-01,83.9,2.7
60,137,3,3.2,20100302,0.0,2,8.6,0.0,5.8,1.7,0.5,2010,2010-03-02,82.6,1.8
61,137,3,4.8,20100303,0.0,3,5.3,8.7,10.5,2.6,0.0,2010,2010-03-03,59.3,-0.6
62,137,3,4.3,20100304,0.0,4,10.0,0.0,5.3,1.6,2.5,2010,2010-03-04,87.5,3.0
63,137,3,6.0,20100305,0.0,5,10.0,0.0,7.9,0.9,4.5,2010,2010-03-05,90.5,4.6
64,137,3,4.7,20100306,0.0,6,10.0,0.0,7.2,1.6,0.5,2010,2010-03-06,85.3,2.4
65,137,3,2.8,20100307,0.0,7,8.9,0.1,5.5,2.2,0.5,2010,2010-03-07,67.9,1.4
66,137,3,2.0,20100308,0.0,8,6.8,1.9,6.7,2.3,0.0,2010,2010-03-08,64.6,-2.8
67,137,3,1.5,20100309,3.2,9,10.0,0.2,5.8,1.2,4.3,2010,2010-03-09,84.0,-0.4
68,137,3,-1.0,20100310,5.4,10,7.9,3.9,1.5,2.8,5.6,2010,2010-03-10,72.4,-3.3
69,137,3,1.9,20100311,0.0,11,1.3,9.7,7.3,2.5,0.0,2010,2010-03-11,60.6,-2.1
70,137,3,6.1,20100312,0.0,12,7.1,5.4,16.5,2.4,0.0,2010,2010-03-12,65.6,-2.6
71,137,3,5.9,20100313,0.0,13,2.1,8.0,12.6,2.4,0.0,2010,2010-03-13,29.6,1.8
72,137,3,6.1,20100314,0.0,14,5.9,2.2,10.7,1.4,0.0,2010,2010-03-14,59.1,-1.5
73,137,3,7.5,20100315,0.0,15,7.4,0.0,12.7,2.5,7.5,2010,2010-03-15,74.3,4.1
74,137,3,2.5,20100316,0.0,16,1.6,8.3,6.2,5.3,0.0,2010,2010-03-16,33.9,-0.4
75,137,3,1.0,20100317,0.0,17,5.0,4.4,6.9,2.1,0.1,2010,2010-03-17,56.1,-2.6
76,137,3,1.3,20100318,4.5,18,4.0,6.7,5.9,2.2,4.3,2010,2010-03-18,58.3,-1.4
77,137,3,4.9,20100319,0.0,19,0.5,9.3,14.2,1.7,0.0,2010,2010-03-19,46.1,-3.4
78,137,3,8.1,20100320,0.0,20,8.3,3.3,16.8,2.7,2.0,2010,2010-03-20,67.3,1.7
79,137,3,3.9,20100321,0.0,21,1.4,10.5,8.7,5.4,0.0,2010,2010-03-21,33.1,0.5
80,137,3,3.8,20100322,0.0,22,8.6,0.0,6.4,1.4,0.0,2010,2010-03-22,46.8,0.7
81,137,3,7.7,20100323,0.0,23,9.8,1.0,13.6,1.2,0.0,2010,2010-03-23,53.0,2.0
82,137,3,8.6,20100324,0.0,24,8.5,4.6,13.0,1.8,0.0,2010,2010-03-24,49.0,4.7
83,137,3,3.9,20100325,0.0,25,7.9,0.0,6.6,1.8,11.0,2010,2010-03-25,73.3,1.2
84,137,3,3.3,20100326,0.0,26,2.1,10.4,8.4,3.9,0.0,2010,2010-03-26,28.8,-1.5
85,137,3,6.9,20100327,0.0,27,5.6,5.0,11.7,3.2,0.0,2010,2010-03-27,49.8,1.6
86,137,3,7.6,20100328,0.0,28,2.5,9.0,12.1,3.2,0.0,2010,2010-03-28,34.0,3.9
87,137,3,6.3,20100329,0.0,29,0.0,11.1,13.9,2.8,0.0,2010,2010-03-29,39.6,-0.2
88,137,3,6.8,20100330,0.0,30,6.9,3.3,13.0,1.2,0.0,2010,2010-03-30,55.8,0.0
89,137,3,6.5,20100331,0.0,31,10.0,0.0,7.5,1.2,10.0,2010,2010-03-31,89.1,5.0
90,137,4,8.3,20100401,0.0,1,9.0,0.0,11.2,1.8,10.5,2010,2010-04-01,86.1,4.7
91,137,4,7.2,20100402,0.0,2,1.1,10.5,12.7,3.8,0.0,2010,2010-04-02,37.1,1.6
92,137,4,6.2,20100403,0.0,3,0.0,11.3,12.5,3.0,0.0,2010,2010-04-03,27.8,1.3
93,137,4,8.1,20100404,0.0,4,2.3,10.6,18.0,1.4,0.0,2010,2010-04-04,38.9,-3.0
94,137,4,12.5,20100405,0.0,5,3.1,9.6,21.1,1.6,0.0,2010,2010-04-05,45.1,3.4
95,137,4,11.2,20100406,0.0,6,6.5,4.2,15.3,3.3,0.0,2010,2010-04-06,48.5,5.3
96,137,4,7.2,20100407,0.0,7,3.0,7.6,13.2,1.7,0.0,2010,2010-04-07,42.6,3.1
97,137,4,8.2,20100408,0.0,8,1.1,11.1,17.5,1.3,0.0,2010,2010-04-08,50.0,-1.1
98,137,4,11.8,20100409,0.0,9,3.1,8.0,21.7,1.2,0.0,2010,2010-04-09,41.3,3.6
99,137,4,12.2,20100410,0.0,10,9.1,2.0,20.7,1.7,0.0,2010,2010-04-10,53.8,5.3
100,137,4,11.2,20100411,0.0,11,8.9,0.0,14.2,2.0,0.0,2010,2010-04-11,62.4,7.6
101,137,4,11.3,20100412,0.0,12,10.0,1.3,15.2,2.1,0.0,2010,2010-04-12,65.5,9.3
102,137,4,6.6,20100413,0.0,13,3.3,8.5,11.6,6.1,0.4,2010,2010-04-13,43.6,2.3
103,137,4,3.7,20100414,0.0,14,6.1,3.9,7.8,3.3,0.0,2010,2010-04-14,33.5,1.5
104,137,4,6.6,20100415,0.0,15,3.4,11.3,13.3,2.1,0.0,2010,2010-04-15,34.8,-0.1
105,137,4,7.2,20100416,0.0,16,0.8,8.8,14.8,1.8,0.0,2010,2010-04-16,41.5,-1.2
106,137,4,9.9,20100417,0.0,17,1.4,11.4,17.6,2.3,0.0,2010,2010-04-17,31.8,1.3
107,137,4,10.1,20100418,0.0,18,9.4,0.0,16.3,1.0,0.0,2010,2010-04-18,52.6,2.6
108,137,4,14.0,20100419,0.0,19,8.6,2.1,20.1,1.7,0.0,2010,2010-04-19,57.3,7.4
109,137,4,17.5,20100420,0.0,20,6.9,8.4,26.7,1.6,0.0,2010,2010-04-20,57.1,9.9
110,137,4,12.4,20100421,0.0,21,9.4,0.0,17.2,2.9,1.0,2010,2010-04-21,57.8,6.8
111,137,4,8.9,20100422,0.0,22,10.0,0.0,12.1,2.0,10.5,2010,2010-04-22,76.5,5.9
112,137,4,9.0,20100423,0.0,23,8.0,2.5,14.1,1.2,1.5,2010,2010-04-23,71.1,6.5
113,137,4,11.7,20100424,0.0,24,1.1,10.7,19.3,1.8,0.0,2010,2010-04-24,47.4,3.8
114,137,4,13.3,20100425,0.0,25,2.6,10.9,22.4,1.4,0.0,2010,2010-04-25,36.1,3.0
115,137,4,11.4,20100426,0.0,26,9.6,0.0,18.3,1.5,18.0,2010,2010-04-26,67.5,7.9
116,137,4,9.8,20100427,0.0,27,6.8,4.0,14.7,3.0,5.0,2010,2010-04-27,62.9,5.1
117,137,4,4.8,20100428,0.0,28,7.4,0.2,6.9,2.3,4.5,2010,2010-04-28,73.5,2.9
118,137,4,10.0,20100429,0.0,29,3.4,10.1,14.6,4.9,0.5,2010,2010-04-29,42.3,4.0
119,137,4,11.7,20100430,0.0,30,3.3,7.5,16.3,3.1,0.0,2010,2010-04-30,42.8,6.7
120,137,5,13.1,20100501,0.0,1,0.0,12.5,20.6,2.9,0.0,2010,2010-05-01,38.0,6.4
121,137,5,16.8,20100502,0.0,2,0.0,12.2,27.9,1.4,0.0,2010,2010-05-02,42.3,4.9
122,137,5,20.5,20100503,0.0,3,1.9,8.0,29.6,1.9,0.0,2010,2010-05-03,57.0,10.1
123,137,5,22.0,20100504,0.0,4,3.3,9.6,29.3,1.7,0.0,2010,2010-05-04,53.8,14.2
124,137,5,20.8,20100505,0.0,5,7.3,5.7,28.5,1.6,0.0,2010,2010-05-05,58.4,13.9
125,137,5,18.3,20100506,0.0,6,8.5,2.5,26.2,2.4,0.2,2010,2010-05-06,66.6,11.1
126,137,5,17.3,20100507,0.0,7,0.4,12.3,24.4,3.0,0.0,2010,2010-05-07,37.0,10.0
127,137,5,18.6,20100508,0.0,8,3.6,10.6,25.5,2.2,0.0,2010,2010-05-08,33.5,9.2
128,137,5,19.8,20100509,0.0,9,7.9,4.3,28.0,1.5,0.0,2010,2010-05-09,41.1,11.2
129,137,5,18.4,20100510,0.0,10,6.8,7.0,24.8,1.8,0.0,2010,2010-05-10,38.9,14.5
130,137,5,16.6,20100511,0.0,11,2.1,9.8,23.3,2.1,0.0,2010,2010-05-11,38.1,9.7
131,137,5,14.1,20100512,0.0,12,1.0,11.0,22.1,2.0,0.0,2010,2010-05-12,53.4,6.3
132,137,5,15.2,20100513,0.0,13,3.4,8.8,22.5,1.3,0.0,2010,2010-05-13,53.5,7.0
133,137,5,16.1,20100514,0.0,14,0.3,12.4,24.8,1.2,0.0,2010,2010-05-14,50.4,6.7
134,137,5,16.4,20100515,0.0,15,5.4,3.1,24.4,1.3,0.0,2010,2010-05-15,52.6,8.9
135,137,5,19.2,20100516,0.0,16,3.0,10.7,28.3,1.5,0.0,2010,2010-05-16,43.1,9.1
136,137,5,20.2,20100517,0.0,17,5.6,9.0,29.4,1.3,6.0,2010,2010-05-17,55.1,10.6
137,137,5,17.6,20100518,0.0,18,10.0,0.0,18.1,0.8,46.5,2010,2010-05-18,93.0,17.1
138,137,5,20.5,20100519,0.0,19,5.6,7.0,26.2,1.9,0.5,2010,2010-05-19,69.9,17.5
139,137,5,21.9,20100520,0.0,20,0.0,11.7,29.3,1.8,0.0,2010,2010-05-20,50.3,13.6
140,137,5,23.0,20100521,0.0,21,3.0,11.5,31.7,1.3,0.0,2010,2010-05-21,46.6,14.2
141,137,5,16.9,20100522,0.0,22,10.0,0.0,23.0,1.4,19.5,2010,2010-05-22,75.6,13.7
142,137,5,15.2,20100523,0.0,23,10.0,0.0,16.0,1.9,43.0,2010,2010-05-23,93.0,13.7
143,137,5,15.6,20100524,0.0,24,10.0,0.0,16.5,2.2,3.0,2010,2010-05-24,80.9,14.6
144,137,5,15.2,20100525,0.0,25,10.0,0.1,18.4,1.5,0.5,2010,2010-05-25,84.8,13.4
145,137,5,16.5,20100526,0.0,26,6.4,6.5,22.6,1.8,1.5,2010,2010-05-26,65.4,11.3
146,137,5,16.1,20100527,0.0,27,3.9,13.1,23.8,1.3,0.0,2010,2010-05-27,60.3,7.6
147,137,5,14.9,20100528,0.0,28,8.3,0.3,20.5,0.9,0.0,2010,2010-05-28,72.9,9.5
148,137,5,17.6,20100529,0.0,29,4.5,8.2,25.6,1.4,0.0,2010,2010-05-29,62.3,12.3
149,137,5,16.4,20100530,0.0,30,1.8,12.9,24.0,1.7,0.0,2010,2010-05-30,50.3,9.7
150,137,5,15.4,20100531,0.0,31,6.8,7.2,22.5,1.3,0.0,2010,2010-05-31,52.1,9.6
151,137,6,15.5,20100601,0.0,1,1.0,12.1,23.7,1.4,0.0,2010,2010-06-01,59.4,6.4
152,137,6,18.8,20100602,0.0,2,0.5,12.0,27.5,1.0,0.0,2010,2010-06-02,60.8,9.3
153,137,6,21.3,20100603,0.0,3,1.3,9.2,29.0,1.0,0.0,2010,2010-06-03,59.9,13.6
154,137,6,23.1,20100604,0.0,4,1.0,12.3,29.9,1.3,0.0,2010,2010-06-04,52.3,16.9
155,137,6,24.2,20100605,0.0,5,3.6,10.9,32.0,1.2,0.0,2010,2010-06-05,48.4,17.0
156,137,6,23.4,20100606,0.0,6,5.8,9.5,30.6,0.9,0.0,2010,2010-06-06,58.1,16.0
157,137,6,21.8,20100607,0.0,7,3.4,8.5,29.5,1.5,0.0,2010,2010-06-07,47.5,15.5
158,137,6,20.7,20100608,0.0,8,0.3,12.7,29.5,1.4,0.0,2010,2010-06-08,49.1,11.9
159,137,6,21.9,20100609,0.0,9,0.0,12.8,31.3,1.1,0.0,2010,2010-06-09,56.8,12.8
160,137,6,22.3,20100610,0.0,10,4.0,9.3,30.9,0.8,0.0,2010,2010-06-10,59.4,14.8
161,137,6,22.9,20100611,0.0,11,4.9,7.4,30.5,1.1,0.0,2010,2010-06-11,53.6,15.0
162,137,6,20.6,20100612,0.0,12,10.0,0.0,23.3,1.0,2.5,2010,2010-06-12,72.9,16.6
163,137,6,24.3,20100613,0.0,13,8.3,4.3,29.5,1.2,0.0,2010,2010-06-13,61.6,19.8
164,137,6,25.0,20100614,0.0,14,6.1,10.8,30.8,1.3,0.0,2010,2010-06-14,62.4,20.2
165,137,6,23.1,20100615,0.0,15,7.6,5.8,30.7,1.3,8.5,2010,2010-06-15,72.5,18.4
166,137,6,23.6,20100616,0.0,16,5.9,5.6,29.7,1.6,0.0,2010,2010-06-16,72.3,18.1
167,137,6,25.1,20100617,0.0,17,7.6,4.1,31.5,1.1,0.0,2010,2010-06-17,68.6,19.0
168,137,6,24.4,20100618,0.0,18,9.6,2.0,29.2,1.4,0.1,2010,2010-06-18,69.6,21.3
169,137,6,22.7,20100619,0.0,19,9.1,1.4,27.0,0.8,2.0,2010,2010-06-19,79.9,20.0
170,137,6,24.5,20100620,0.0,20,6.0,7.9,29.5,1.8,8.0,2010,2010-06-20,71.9,20.4
171,137,6,24.3,20100621,0.0,21,2.1,11.3,29.3,2.0,0.0,2010,2010-06-21,65.1,20.6
172,137,6,24.4,20100622,0.0,22,3.3,10.8,29.4,1.9,0.0,2010,2010-06-22,53.9,19.3
173,137,6,23.3,20100623,0.0,23,3.8,8.7,29.8,1.2,0.0,2010,2010-06-23,51.3,17.4
174,137,6,23.8,20100624,0.0,24,1.9,12.0,31.6,0.9,0.0,2010,2010-06-24,59.8,15.5
175,137,6,24.3,20100625,0.0,25,8.3,5.3,31.1,1.2,0.0,2010,2010-06-25,56.9,18.4
176,137,6,21.5,20100626,0.0,26,10.0,0.0,22.9,0.9,9.0,2010,2010-06-26,87.3,19.6
177,137,6,23.0,20100627,0.0,27,9.0,0.1,26.5,1.2,1.5,2010,2010-06-27,86.1,21.0
178,137,6,23.6,20100628,0.0,28,7.3,4.0,29.7,0.8,0.0,2010,2010-06-28,77.8,19.7
179,137,6,25.9,20100629,0.0,29,3.0,9.1,31.7,1.1,0.0,2010,2010-06-29,67.8,19.5
180,137,6,25.2,20100630,0.0,30,8.6,0.0,27.9,1.0,0.0,2010,2010-06-30,75.8,22.6
181,137,7,25.5,20100701,0.0,1,9.0,0.3,29.4,0.8,0.0,2010,2010-07-01,81.3,21.9
182,137,7,24.0,20100702,0.0,2,10.0,0.0,25.2,0.8,30.5,2010,2010-07-02,89.1,23.0
183,137,7,25.7,20100703,0.0,3,9.8,0.1,28.5,1.2,29.0,2010,2010-07-03,88.0,23.6
184,137,7,23.7,20100704,0.0,4,10.0,0.0,26.0,0.7,1.0,2010,2010-07-04,90.5,22.7
185,137,7,26.1,20100705,0.0,5,7.4,5.5,31.4,1.5,17.5,2010,2010-07-05,79.1,22.4
186,137,7,26.7,20100706,0.0,6,2.4,10.5,32.2,1.7,0.0,2010,2010-07-06,63.6,22.4
187,137,7,25.0,20100707,0.0,7,5.1,5.5,31.2,1.3,2.5,2010,2010-07-07,69.3,21.0
188,137,7,24.3,20100708,0.0,8,8.8,3.4,29.2,1.1,0.0,2010,2010-07-08,75.6,21.1
189,137,7,25.2,20100709,0.0,9,5.5,8.6,30.8,1.0,0.3,2010,2010-07-09,66.5,19.9
190,137,7,24.8,20100710,0.0,10,8.5,2.8,29.3,1.0,0.1,2010,2010-07-10,74.9,20.2
191,137,7,20.6,20100711,0.0,11,9.5,0.0,24.3,1.0,49.0,2010,2010-07-11,93.3,19.6
192,137,7,22.3,20100712,0.0,12,9.6,0.6,26.1,0.7,0.0,2010,2010-07-12,85.4,19.9
193,137,7,22.8,20100713,0.0,13,8.0,1.8,27.4,1.1,0.5,2010,2010-07-13,81.5,19.6
194,137,7,23.7,20100714,0.0,14,7.0,6.7,29.0,0.8,0.0,2010,2010-07-14,76.5,18.7
195,137,7,25.0,20100715,0.0,15,6.6,2.7,29.2,1.0,0.0,2010,2010-07-15,74.8,21.3
196,137,7,23.7,20100716,0.0,16,10.0,0.0,26.3,0.8,6.5,2010,2010-07-16,89.6,22.2
197,137,7,24.9,20100717,0.0,17,10.0,0.0,28.5,0.6,15.0,2010,2010-07-17,90.8,22.8
198,137,7,27.1,20100718,0.0,18,6.8,6.2,32.7,1.3,0.5,2010,2010-07-18,75.6,23.0
199,137,7,27.0,20100719,0.0,19,4.8,9.9,33.1,1.1,0.0,2010,2010-07-19,76.5,21.4
200,137,7,27.5,20100720,0.0,20,3.4,9.5,33.6,1.1,0.0,2010,2010-07-20,71.5,22.2
201,137,7,27.6,20100721,0.0,21,5.6,4.4,32.7,1.4,0.5,2010,2010-07-21,76.4,22.7
202,137,7,28.2,20100722,0.0,22,3.4,10.8,35.0,1.2,0.2,2010,2010-07-22,71.6,22.5
203,137,7,25.8,20100723,0.0,23,8.1,2.1,31.0,1.2,0.5,2010,2010-07-23,78.4,22.1
204,137,7,26.5,20100724,0.0,24,8.8,2.9,31.7,1.5,0.1,2010,2010-07-24,76.3,22.1
205,137,7,26.3,20100725,0.0,25,8.0,3.9,31.9,1.9,0.0,2010,2010-07-25,75.0,22.9
206,137,7,25.9,20100726,0.0,26,7.1,4.7,31.2,1.6,1.0,2010,2010-07-26,77.9,23.8
207,137,7,26.2,20100727,0.0,27,6.3,7.7,33.3,1.3,3.5,2010,2010-07-27,75.6,22.0
208,137,7,22.9,20100728,0.0,28,9.0,0.0,24.3,1.0,9.0,2010,2010-07-28,94.0,20.6
209,137,7,26.7,20100729,0.0,29,7.5,3.2,31.4,0.9,0.0,2010,2010-07-29,81.8,22.9
210,137,7,27.4,20100730,0.0,30,7.6,1.7,30.8,1.4,0.0,2010,2010-07-30,77.4,25.0
211,137,7,27.6,20100731,0.0,31,5.6,4.3,31.0,1.6,0.0,2010,2010-07-31,76.4,24.8
212,137,8,29.3,20100801,0.0,1,3.6,7.5,33.8,1.4,0.0,2010,2010-08-01,72.4,25.4
213,137,8,28.9,20100802,0.0,2,7.1,1.4,33.1,1.4,0.0,2010,2010-08-02,78.6,25.7
214,137,8,24.7,20100803,0.0,3,9.8,0.0,27.9,1.1,0.5,2010,2010-08-03,90.1,22.6
215,137,8,28.5,20100804,0.0,4,7.3,4.2,34.1,0.7,0.0,2010,2010-08-04,81.1,24.5
216,137,8,28.3,20100805,0.0,5,6.0,3.4,34.7,1.2,0.0,2010,2010-08-05,77.8,24.6
217,137,8,26.3,20100806,0.0,6,7.6,3.5,32.4,0.8,22.0,2010,2010-08-06,89.9,24.3
218,137,8,26.9,20100807,0.0,7,6.3,5.2,33.5,1.0,0.0,2010,2010-08-07,81.8,23.3
219,137,8,26.9,20100808,0.0,8,4.8,7.7,33.2,0.9,0.0,2010,2010-08-08,77.4,21.8
220,137,8,27.6,20100809,0.0,9,5.4,9.4,34.5,0.8,0.0,2010,2010-08-09,76.6,22.7
221,137,8,25.0,20100810,0.0,10,9.8,0.0,26.7,1.2,73.0,2010,2010-08-10,93.4,24.1
222,137,8,26.7,20100811,0.0,11,8.5,0.9,31.0,2.6,41.5,2010,2010-08-11,84.9,24.1
223,137,8,26.5,20100812,0.0,12,7.8,2.4,30.9,1.9,0.1,2010,2010-08-12,73.4,24.1
224,137,8,26.6,20100813,0.0,13,9.6,2.7,31.1,1.4,41.0,2010,2010-08-13,86.8,22.7
225,137,8,26.2,20100814,0.0,14,9.6,1.1,29.8,0.7,15.0,2010,2010-08-14,92.3,24.8
226,137,8,26.0,20100815,0.0,15,8.1,1.4,29.8,1.1,35.0,2010,2010-08-15,92.3,24.0
227,137,8,23.6,20100816,0.0,16,9.8,1.0,29.3,0.8,26.5,2010,2010-08-16,92.6,20.7
228,137,8,25.3,20100817,0.0,17,6.9,7.6,31.2,0.7,5.0,2010,2010-08-17,84.6,20.9
229,137,8,26.8,20100818,0.0,18,6.1,5.8,32.2,1.2,0.0,2010,2010-08-18,83.5,23.1
230,137,8,27.4,20100819,0.0,19,5.8,4.5,32.7,1.0,0.0,2010,2010-08-19,84.3,24.2
231,137,8,28.1,20100820,0.0,20,5.3,7.1,34.5,1.1,0.1,2010,2010-08-20,82.0,24.3
232,137,8,29.0,20100821,0.0,21,2.3,10.3,34.5,1.2,0.0,2010,2010-08-21,74.6,24.3
233,137,8,28.9,20100822,0.0,22,1.8,8.9,34.4,0.9,0.0,2010,2010-08-22,75.3,24.7
234,137,8,27.8,20100823,0.0,23,6.6,3.8,32.5,1.4,0.4,2010,2010-08-23,78.6,24.5
235,137,8,27.1,20100824,0.0,24,7.8,2.7,32.0,1.0,0.0,2010,2010-08-24,80.0,23.6
236,137,8,24.3,20100825,0.0,25,9.6,0.2,28.7,0.8,23.5,2010,2010-08-25,93.5,22.3
237,137,8,24.5,20100826,0.0,26,8.4,0.7,28.2,1.2,17.5,2010,2010-08-26,92.6,22.4
238,137,8,25.2,20100827,0.0,27,8.6,1.0,29.4,1.3,9.0,2010,2010-08-27,89.5,22.5
239,137,8,25.1,20100828,0.0,28,9.6,0.8,27.7,1.5,1.0,2010,2010-08-28,89.8,23.1
240,137,8,24.8,20100829,0.0,29,9.4,0.0,29.3,1.3,8.5,2010,2010-08-29,92.1,22.8
241,137,8,24.6,20100830,0.0,30,8.9,0.1,28.1,0.5,1.5,2010,2010-08-30,93.3,22.6
242,137,8,24.1,20100831,0.0,31,9.3,0.7,28.8,0.6,52.0,2010,2010-08-31,93.1,22.7
243,137,9,25.9,20100901,0.0,1,9.1,3.3,31.4,1.1,4.0,2010,2010-09-01,86.3,22.4
244,137,9,26.4,20100902,0.0,2,7.8,4.1,30.8,2.5,25.5,2010,2010-09-02,80.5,24.0
245,137,9,26.7,20100903,0.0,3,5.9,4.4,33.0,0.9,0.5,2010,2010-09-03,83.3,23.2
246,137,9,26.6,20100904,0.0,4,4.3,5.8,32.7,0.8,0.0,2010,2010-09-04,82.6,22.7
247,137,9,26.5,20100905,0.0,5,7.9,4.5,33.3,0.8,0.0,2010,2010-09-05,82.4,22.9
248,137,9,23.2,20100906,0.0,6,10.0,0.0,24.3,1.0,35.0,2010,2010-09-06,95.8,22.1
249,137,9,23.3,20100907,0.0,7,9.8,0.0,26.0,1.4,10.5,2010,2010-09-07,85.0,21.4
250,137,9,21.8,20100908,0.0,8,9.0,0.1,24.9,0.8,0.0,2010,2010-09-08,75.0,20.1
251,137,9,21.8,20100909,0.0,9,9.3,3.4,26.0,0.8,1.0,2010,2010-09-09,82.9,18.2
252,137,9,24.0,20100910,0.0,10,8.0,2.2,30.7,0.9,6.5,2010,2010-09-10,86.9,19.3
253,137,9,24.4,20100911,0.0,11,9.9,0.0,27.6,0.7,8.0,2010,2010-09-11,92.4,23.0
254,137,9,23.9,20100912,0.0,12,7.4,1.6,28.1,1.8,25.5,2010,2010-09-12,83.6,21.0
255,137,9,23.4,20100913,0.0,13,2.4,8.0,28.3,1.7,0.0,2010,2010-09-13,75.5,19.7
256,137,9,21.6,20100914,0.0,14,6.0,3.2,27.2,0.8,0.0,2010,2010-09-14,86.6,18.3
257,137,9,20.9,20100915,0.0,15,4.6,7.5,28.0,0.8,0.0,2010,2010-09-15,81.6,17.2
258,137,9,20.9,20100916,0.0,16,0.6,7.9,30.0,0.7,0.0,2010,2010-09-16,81.5,15.5
259,137,9,21.7,20100917,0.0,17,1.3,8.3,29.9,0.7,0.0,2010,2010-09-17,79.9,15.4
260,137,9,22.3,20100918,0.0,18,0.9,9.5,30.4,0.8,0.0,2010,2010-09-18,76.0,15.9
261,137,9,19.5,20100919,0.0,19,8.6,0.3,22.8,1.0,8.5,2010,2010-09-19,89.9,17.6
262,137,9,20.5,20100920,0.0,20,8.0,0.0,23.3,0.9,5.0,2010,2010-09-20,93.1,17.8
263,137,9,24.5,20100921,0.0,21,7.6,2.5,29.6,1.4,6.5,2010,2010-09-21,85.1,19.7
264,137,9,17.8,20100922,0.0,22,10.0,0.0,26.6,1.4,11.0,2010,2010-09-22,93.5,15.4
265,137,9,17.9,20100923,0.0,23,5.8,6.7,23.3,0.9,1.0,2010,2010-09-23,75.9,14.6
266,137,9,16.4,20100924,0.0,24,3.0,6.9,23.5,1.1,0.0,2010,2010-09-24,77.0,11.8
267,137,9,15.6,20100925,0.0,25,2.6,8.2,23.1,0.8,0.0,2010,2010-09-25,76.4,9.9
268,137,9,14.5,20100926,0.0,26,3.9,2.7,22.0,0.6,0.0,2010,2010-09-26,86.3,10.2
269,137,9,14.8,20100927,0.0,27,5.8,3.5,23.4,0.6,0.0,2010,2010-09-27,86.1,10.7
270,137,9,15.4,20100928,0.0,28,2.3,8.3,20.3,1.9,0.5,2010,2010-09-28,61.9,10.4
271,137,9,12.4,20100929,0.0,29,6.5,1.3,18.9,0.7,0.0,2010,2010-09-29,77.6,7.3
272,137,9,12.8,20100930,0.0,30,1.3,8.0,21.6,0.9,0.0,2010,2010-09-30,79.4,7.1
273,137,10,12.8,20101001,0.0,1,3.9,6.5,21.5,0.9,0.0,2010,2010-10-01,79.4,6.1
274,137,10,15.7,20101002,0.0,2,8.3,0.0,20.7,0.8,10.0,2010,2010-10-02,89.6,9.4
275,137,10,19.1,20101003,0.0,3,8.0,4.2,23.0,2.3,5.5,2010,2010-10-03,69.5,16.4
276,137,10,14.7,20101004,0.0,4,8.9,0.5,17.0,2.1,3.0,2010,2010-10-04,82.6,13.1
277,137,10,14.7,20101005,0.0,5,6.4,4.5,20.0,1.6,0.5,2010,2010-10-05,73.6,10.4
278,137,10,13.8,20101006,0.0,6,2.3,8.0,23.1,0.7,0.0,2010,2010-10-06,83.0,7.9
279,137,10,14.3,20101007,0.0,7,4.6,6.5,23.4,0.6,0.0,2010,2010-10-07,84.1,9.9
280,137,10,15.9,20101008,0.0,8,8.1,2.1,21.7,0.7,4.0,2010,2010-10-08,86.5,11.3
281,137,10,17.8,20101009,0.0,9,5.1,3.5,23.1,0.7,0.0,2010,2010-10-09,83.5,14.7
282,137,10,18.1,20101010,0.0,10,0.5,9.3,24.4,1.8,0.0,2010,2010-10-10,73.4,13.2
283,137,10,14.8,20101011,0.0,11,8.8,0.3,19.9,0.7,0.3,2010,2010-10-11,92.0,10.8
284,137,10,17.6,20101012,0.0,12,4.6,5.5,22.3,1.6,0.0,2010,2010-10-12,81.4,13.9
285,137,10,16.6,20101013,0.0,13,7.3,1.0,21.3,1.2,0.0,2010,2010-10-13,81.1,13.9
286,137,10,15.8,20101014,0.0,14,6.0,2.6,20.6,1.8,0.0,2010,2010-10-14,66.8,11.6
287,137,10,13.5,20101015,0.0,15,0.9,9.0,18.5,2.6,0.0,2010,2010-10-15,50.8,9.6
288,137,10,13.1,20101016,0.0,16,3.9,4.9,21.1,1.1,0.0,2010,2010-10-16,72.5,6.5
289,137,10,12.9,20101017,0.0,17,0.8,8.1,21.8,0.7,0.0,2010,2010-10-17,78.8,6.4
290,137,10,12.6,20101018,0.0,18,1.4,6.6,21.8,0.6,0.0,2010,2010-10-18,79.5,7.1
291,137,10,13.3,20101019,0.0,19,1.6,7.4,21.5,0.6,0.0,2010,2010-10-19,83.4,7.0
292,137,10,13.0,20101020,0.0,20,7.9,3.5,20.4,0.5,0.0,2010,2010-10-20,89.8,8.7
293,137,10,15.4,20101021,0.0,21,6.6,4.1,21.7,1.0,0.0,2010,2010-10-21,75.8,11.5
294,137,10,13.7,20101022,0.0,22,1.9,5.6,21.0,1.0,0.0,2010,2010-10-22,74.4,8.1
295,137,10,12.6,20101023,0.0,23,6.9,2.4,19.3,0.6,0.0,2010,2010-10-23,84.0,6.1
296,137,10,14.7,20101024,0.0,24,6.8,1.3,19.6,0.5,0.3,2010,2010-10-24,90.9,12.4
297,137,10,12.5,20101025,0.0,25,4.1,4.7,17.5,2.8,0.0,2010,2010-10-25,59.0,6.7
298,137,10,3.8,20101026,0.0,26,0.5,8.8,9.0,2.3,0.0,2010,2010-10-26,36.3,-1.5
299,137,10,4.8,20101027,0.0,27,4.1,5.0,12.5,0.8,0.0,2010,2010-10-27,62.1,-3.8
300,137,10,6.7,20101028,0.0,28,0.0,9.0,14.2,1.3,0.0,2010,2010-10-28,57.0,0.8
301,137,10,7.3,20101029,0.0,29,1.9,7.4,17.0,1.0,0.0,2010,2010-10-29,67.5,-1.7
302,137,10,9.2,20101030,0.0,30,4.6,5.6,17.6,1.1,0.0,2010,2010-10-30,68.4,2.5
303,137,10,10.0,20101031,0.0,31,5.8,4.1,17.5,0.7,0.0,2010,2010-10-31,71.1,2.4
304,137,11,12.0,20101101,0.0,1,0.5,9.1,17.7,2.3,0.0,2010,2010-11-01,49.8,7.2
305,137,11,8.0,20101102,0.0,2,1.9,9.1,12.7,3.2,0.0,2010,2010-11-02,33.3,4.1
306,137,11,6.9,20101103,0.0,3,0.0,9.1,14.2,2.1,0.0,2010,2010-11-03,44.9,0.4
307,137,11,8.3,20101104,0.0,4,0.4,8.0,16.3,1.4,0.0,2010,2010-11-04,66.1,-0.3
308,137,11,10.5,20101105,0.0,5,0.4,8.2,17.1,1.4,0.0,2010,2010-11-05,63.5,3.9
309,137,11,10.4,20101106,0.0,6,1.5,6.4,17.9,1.0,0.0,2010,2010-11-06,74.3,5.5
310,137,11,9.9,20101107,0.0,7,5.3,6.9,18.4,1.0,0.0,2010,2010-11-07,68.3,2.3
311,137,11,8.5,20101108,0.0,8,6.5,2.2,13.3,3.0,0.4,2010,2010-11-08,57.1,4.0
312,137,11,5.1,20101109,0.0,9,4.6,2.3,8.9,4.6,1.0,2010,2010-11-09,48.4,1.7
313,137,11,5.4,20101110,0.0,10,0.9,8.8,11.7,2.1,0.0,2010,2010-11-10,46.4,1.1
314,137,11,6.1,20101111,0.0,11,4.5,6.4,12.3,1.4,7.5,2010,2010-11-11,71.1,-2.5
315,137,11,10.2,20101112,0.0,12,2.5,7.7,15.1,2.8,0.0,2010,2010-11-12,41.8,3.4
316,137,11,5.7,20101113,0.0,13,4.3,6.7,13.1,0.6,0.0,2010,2010-11-13,69.8,-1.2
317,137,11,8.4,20101114,0.0,14,7.3,3.9,14.9,1.8,0.0,2010,2010-11-14,45.5,3.2
318,137,11,3.9,20101115,0.0,15,1.1,8.8,8.8,2.6,0.0,2010,2010-11-15,26.6,0.0
319,137,11,3.4,20101116,0.0,16,1.6,8.0,10.7,1.4,0.0,2010,2010-11-16,46.1,-1.8
320,137,11,3.6,20101117,0.0,17,0.3,7.8,12.2,0.8,0.0,2010,2010-11-17,67.1,-3.1
321,137,11,3.4,20101118,0.0,18,0.0,8.3,13.0,0.6,0.0,2010,2010-11-18,67.8,-2.9
322,137,11,1.6,20101119,0.0,19,2.5,4.0,9.3,0.7,0.0,2010,2010-11-19,74.3,-3.8
323,137,11,3.1,20101120,0.0,20,0.0,8.5,12.8,0.6,0.0,2010,2010-11-20,70.9,-4.1
324,137,11,5.7,20101121,0.0,21,2.5,8.0,14.7,0.6,0.0,2010,2010-11-21,74.3,-1.5
325,137,11,7.9,20101122,0.0,22,3.4,7.1,13.4,2.5,0.0,2010,2010-11-22,49.5,3.3
326,137,11,4.9,20101123,0.0,23,3.6,8.0,13.0,1.1,0.0,2010,2010-11-23,56.0,-3.4
327,137,11,7.3,20101124,0.0,24,5.6,4.6,13.8,1.1,0.0,2010,2010-11-24,64.3,-0.2
328,137,11,5.1,20101125,0.0,25,3.0,6.3,9.2,3.2,0.0,2010,2010-11-25,51.4,1.6
329,137,11,1.2,20101126,0.0,26,0.9,7.6,6.9,2.1,0.0,2010,2010-11-26,33.8,-3.5
330,137,11,-1.0,20101127,0.0,27,5.0,2.9,5.1,1.9,1.0,2010,2010-11-27,60.8,-6.3
331,137,11,-0.3,20101128,0.0,28,0.6,8.3,4.1,2.9,0.0,2010,2010-11-28,34.5,-3.1
332,137,11,2.5,20101129,0.1,29,2.3,8.4,12.2,1.1,0.2,2010,2010-11-29,64.3,-3.9
333,137,11,5.6,20101130,0.0,30,3.1,3.4,14.2,1.0,0.0,2010,2010-11-30,72.3,-0.6
334,137,12,3.4,20101201,0.0,1,6.3,1.9,8.4,0.7,0.0,2010,2010-12-01,94.4,1.2
335,137,12,3.3,20101202,0.0,2,8.9,0.0,7.2,0.6,0.0,2010,2010-12-02,91.3,0.6
336,137,12,3.4,20101203,0.0,3,2.6,7.0,8.0,5.7,0.5,2010,2010-12-03,42.3,-0.1
337,137,12,3.7,20101204,0.0,4,0.1,8.4,10.1,2.7,0.0,2010,2010-12-04,55.0,-1.6
338,137,12,5.9,20101205,0.0,5,2.6,4.6,15.6,1.2,0.0,2010,2010-12-05,71.6,-2.8
339,137,12,6.7,20101206,0.0,6,4.6,4.8,11.8,2.9,0.0,2010,2010-12-06,52.0,-0.6
340,137,12,0.2,20101207,0.0,7,1.1,8.1,5.8,3.2,0.0,2010,2010-12-07,39.4,-3.2
341,137,12,0.4,20101208,0.5,8,5.9,1.6,5.7,1.6,0.5,2010,2010-12-08,58.1,-4.6
342,137,12,-0.8,20101209,0.0,9,0.0,8.4,3.9,2.9,0.0,2010,2010-12-09,42.8,-5.1
343,137,12,-0.8,20101210,0.0,10,3.8,7.7,6.5,1.0,0.4,2010,2010-12-10,59.6,-8.2
344,137,12,1.3,20101211,0.0,11,1.1,7.2,9.4,4.5,0.0,2010,2010-12-11,34.1,-4.8
345,137,12,-3.6,20101212,0.0,12,5.8,3.9,0.4,1.0,0.0,2010,2010-12-12,43.4,-9.5
346,137,12,0.5,20101213,0.0,13,9.8,0.0,4.0,0.5,17.0,2010,2010-12-13,87.5,-2.0
347,137,12,0.1,20101214,0.0,14,1.6,7.0,4.1,4.6,0.0,2010,2010-12-14,51.0,-6.1
348,137,12,-7.3,20101215,0.0,15,0.1,8.3,-3.9,4.0,0.0,2010,2010-12-15,36.6,-10.2
349,137,12,-6.3,20101216,0.0,16,2.0,8.4,-1.1,2.4,0.0,2010,2010-12-16,41.6,-11.1
350,137,12,-2.7,20101217,3.0,17,7.6,0.3,2.6,1.0,1.0,2010,2010-12-17,72.3,-6.4
351,137,12,-0.7,20101218,0.0,18,0.3,8.1,5.3,1.2,0.0,2010,2010-12-18,67.4,-6.6
352,137,12,-0.8,20101219,0.0,19,6.1,0.0,2.7,0.7,0.0,2010,2010-12-19,77.0,-5.1
353,137,12,5.7,20101220,0.0,20,0.5,8.1,11.6,1.6,0.0,2010,2010-12-20,57.5,-1.1
354,137,12,2.1,20101221,0.0,21,5.6,5.6,8.5,0.8,0.0,2010,2010-12-21,65.8,-4.4
355,137,12,5.0,20101222,0.0,22,0.1,7.8,10.0,2.1,0.0,2010,2010-12-22,54.8,1.2
356,137,12,2.0,20101223,0.0,23,0.3,6.0,7.9,2.9,0.0,2010,2010-12-23,51.4,-3.8
357,137,12,-8.3,20101224,0.0,24,0.0,8.3,-3.7,4.2,0.0,2010,2010-12-24,35.8,-10.6
358,137,12,-8.5,20101225,0.0,25,2.4,8.1,-5.0,4.2,0.0,2010,2010-12-25,40.0,-12.6
359,137,12,-6.4,20101226,0.3,26,2.3,6.9,-1.7,2.9,0.1,2010,2010-12-26,52.3,-10.0
360,137,12,-2.2,20101227,0.0,27,3.4,3.8,3.0,1.9,0.0,2010,2010-12-27,62.9,-7.1
361,137,12,-1.4,20101228,5.7,28,8.1,0.1,1.9,1.0,4.5,2010,2010-12-28,82.5,-3.8
362,137,12,-3.6,20101229,0.0,29,3.5,8.2,-0.4,2.3,0.0,2010,2010-12-29,65.4,-5.5
363,137,12,-3.7,20101230,5.2,30,4.8,7.1,0.0,3.1,3.2,2010,2010-12-30,59.9,-6.9
364,137,12,-6.9,20101231,0.0,31,0.1,8.2,-3.0,3.2,0.0,2010,2010-12-31,46.1,-9.3
