,station_id,month,tavg,date,snow,day,cloud,sunshine,tmax,wind,rainfall,year,Date,humid,tmin
0,281,1,-3.6,20090101,0.0,1,0.0,8.0,1.2,3.5,0.0,2009,2009-01-01,43.0,-8.2
1,281,1,-3.0,20090102,0.0,2,0.0,7.6,4.6,1.9,0.0,2009,2009-01-02,49.6,-7.8
2,281,1,-2.1,20090103,0.0,3,0.0,7.6,7.9,1.5,0.0,2009,2009-01-03,50.4,-11.2
3,281,1,-2.3,20090104,0.0,4,0.0,2.1,6.5,1.3,0.0,2009,2009-01-04,54.3,-8.7
4,281,1,-0.3,20090105,0.0,5,0.0,7.4,6.4,2.6,0.0,2009,2009-01-05,56.6,-7.8
5,281,1,-1.8,20090106,0.0,6,0.0,7.4,5.7,1.2,0.0,2009,2009-01-06,60.1,-9.5
6,281,1,-0.1,20090107,0.0,7,0.0,7.1,7.4,1.6,0.0,2009,2009-01-07,42.8,-7.0
7,281,1,-1.5,20090108,0.0,8,0.0,5.9,7.6,1.8,0.0,2009,2009-01-08,48.6,-9.3
8,281,1,-0.9,20090109,0.0,9,0.0,5.9,4.6,3.1,0.0,2009,2009-01-09,39.9,-6.5
9,281,1,-3.7,20090110,0.0,10,0.0,7.7,0.5,4.3,0.0,2009,2009-01-10,44.8,-6.4
10,281,1,-3.1,20090111,0.0,11,0.0,6.5,2.6,3.7,0.0,2009,2009-01-11,44.1,-8.4
11,281,1,-4.7,20090112,0.0,12,0.0,7.7,0.1,5.1,0.0,2009,2009-01-12,49.6,-7.9
12,281,1,-3.7,20090113,0.0,13,0.0,7.8,1.8,3.5,0.0,2009,2009-01-13,41.6,-9.2
13,281,1,-3.2,20090114,0.0,14,0.0,6.6,1.9,3.6,0.0,2009,2009-01-14,43.0,-7.5
14,281,1,-5.0,20090115,0.0,15,0.0,7.9,1.4,3.0,0.0,2009,2009-01-15,30.4,-10.0
15,281,1,-3.1,20090116,0.0,16,0.0,7.8,6.1,1.4,0.0,2009,2009-01-16,57.6,-13.6
16,281,1,-1.2,20090117,0.0,17,0.0,7.5,8.6,0.7,0.0,2009,2009-01-17,64.1,-9.1
17,281,1,0.4,20090118,0.0,18,0.0,0.0,6.1,0.7,2.5,2009,2009-01-18,83.6,-5.8
18,281,1,2.4,20090119,0.0,19,0.0,7.6,6.8,3.3,0.0,2009,2009-01-19,49.3,-2.0
19,281,1,1.1,20090120,0.0,20,0.0,3.5,8.3,1.1,0.0,2009,2009-01-20,47.5,-5.0
20,281,1,-0.9,20090121,0.0,21,0.0,0.0,6.2,0.8,0.0,2009,2009-01-21,64.5,-5.7
21,281,1,-0.6,20090122,0.0,22,0.0,4.5,9.2,0.7,0.0,2009,2009-01-22,68.8,-7.5
22,281,1,-3.4,20090123,0.0,23,0.0,3.0,4.1,5.1,0.0,2009,2009-01-23,47.3,-9.2
23,281,1,-5.4,20090124,0.0,24,0.0,6.5,0.3,3.5,0.0,2009,2009-01-24,46.1,-14.4
24,281,1,-2.1,20090125,0.0,25,0.0,4.6,3.6,2.3,0.0,2009,2009-01-25,54.5,-6.8
25,281,1,-2.9,20090126,0.0,26,0.0,4.6,3.4,2.3,0.0,2009,2009-01-26,67.3,-10.2
26,281,1,-3.1,20090127,0.0,27,0.0,8.0,5.5,1.3,0.0,2009,2009-01-27,55.5,-9.8
27,281,1,-2.4,20090128,0.0,28,0.0,8.0,10.4,0.7,0.0,2009,2009-01-28,60.8,-11.9
28,281,1,-0.7,20090129,0.0,29,0.0,0.0,4.2,0.5,0.2,2009,2009-01-29,69.4,-7.6
29,281,1,5.8,20090130,0.0,30,0.0,0.0,9.4,1.3,4.5,2009,2009-01-30,81.3,1.0
30,281,1,6.1,20090131,0.0,31,0.0,1.4,9.5,2.5,0.0,2009,2009-01-31,61.1,-0.6
31,281,2,1.6,20090201,0.0,1,0.0,7.6,10.3,0.9,0.0,2009,2009-02-01,76.8,-4.9
32,281,2,5.0,20090202,0.0,2,0.0,6.3,13.7,1.2,0.0,2009,2009-02-02,72.4,-2.4
33,281,2,5.2,20090203,0.0,3,0.0,1.1,10.5,1.7,0.0,2009,2009-02-03,74.8,0.6
34,281,2,5.0,20090204,0.0,4,0.0,6.7,13.9,0.7,0.0,2009,2009-02-04,71.8,-2.2
35,281,2,4.0,20090205,0.0,5,0.0,3.4,12.8,1.8,0.0,2009,2009-02-05,65.4,-3.6
36,281,2,3.1,20090206,0.0,6,0.0,6.1,12.4,0.7,0.0,2009,2009-02-06,73.0,-3.7
37,281,2,4.5,20090207,0.0,7,0.0,7.0,11.9,2.1,0.0,2009,2009-02-07,64.1,-2.8
38,281,2,3.9,20090208,0.0,8,0.0,8.5,12.8,1.0,0.0,2009,2009-02-08,61.3,-3.7
39,281,2,5.0,20090209,0.0,9,0.0,3.6,11.6,1.9,0.0,2009,2009-02-09,53.1,-0.4
40,281,2,4.0,20090210,0.0,10,0.0,9.2,10.6,2.5,0.0,2009,2009-02-10,60.5,-2.2
41,281,2,5.3,20090211,0.0,11,0.0,7.0,14.8,2.2,0.0,2009,2009-02-11,56.4,-3.8
42,281,2,7.1,20090212,0.0,12,0.0,5.6,15.8,0.8,0.0,2009,2009-02-12,54.0,-5.0
43,281,2,15.9,20090213,0.0,13,0.0,0.0,19.2,2.6,7.5,2009,2009-02-13,77.3,11.6
44,281,2,10.0,20090214,0.0,14,0.0,7.5,16.3,3.4,0.0,2009,2009-02-14,50.8,5.8
45,281,2,2.9,20090215,0.0,15,0.0,1.1,9.7,3.2,0.0,2009,2009-02-15,56.6,-1.5
46,281,2,-1.9,20090216,0.0,16,0.0,9.1,3.0,4.3,0.0,2009,2009-02-16,27.8,-5.3
47,281,2,-1.6,20090217,0.0,17,0.0,10.3,4.3,2.9,0.0,2009,2009-02-17,27.8,-7.8
48,281,2,0.7,20090218,0.0,18,0.0,7.8,6.3,2.9,0.0,2009,2009-02-18,32.4,-5.2
49,281,2,1.9,20090219,0.0,19,0.0,0.1,7.1,1.2,2.5,2009,2009-02-19,67.0,-2.5
50,281,2,1.3,20090220,0.0,20,0.0,4.6,5.5,4.4,0.5,2009,2009-02-20,61.9,-3.5
51,281,2,-0.5,20090221,0.0,21,0.0,10.2,8.3,2.0,0.0,2009,2009-02-21,46.9,-7.8
52,281,2,0.3,20090222,0.0,22,0.0,0.0,3.2,0.7,11.5,2009,2009-02-22,85.0,-5.3
53,281,2,5.0,20090223,0.0,23,0.0,3.1,11.0,1.5,0.0,2009,2009-02-23,86.0,0.8
54,281,2,8.8,20090224,0.0,24,0.0,6.3,15.7,1.0,0.5,2009,2009-02-24,71.1,3.6
55,281,2,8.8,20090225,0.0,25,0.0,2.7,14.2,2.0,3.5,2009,2009-02-25,64.8,4.8
56,281,2,6.3,20090226,0.0,26,0.0,2.2,11.0,1.7,0.0,2009,2009-02-26,50.4,2.4
57,281,2,7.0,20090227,0.0,27,0.0,3.7,13.0,1.3,0.4,2009,2009-02-27,53.5,1.9
58,281,2,5.1,20090228,0.0,28,0.0,8.5,13.5,1.0,0.0,2009,2009-02-28,66.9,-2.9
59,281,3,5.5,20090301,0.0,1,0.0,10.4,14.1,2.3,0.0,2009,2009-03-01,43.1,-3.1
60,281,3,2.7,20090302,0.0,2,0.0,1.1,7.4,2.1,0.0,2009,2009-03-02,59.0,-2.9
61,281,3,3.3,20090303,0.0,3,0.0,0.0,5.9,1.7,1.5,2009,2009-03-03,84.3,1.4
62,281,3,5.5,20090304,0.0,4,0.0,6.2,12.6,1.5,0.0,2009,2009-03-04,72.4,1.4
63,281,3,6.4,20090305,0.0,5,0.0,0.7,12.2,1.5,3.5,2009,2009-03-05,81.3,-0.1
64,281,3,5.4,20090306,0.0,6,0.0,7.5,10.1,5.1,0.0,2009,2009-03-06,47.9,0.0
65,281,3,4.1,20090307,0.0,7,0.0,8.6,11.4,2.6,0.0,2009,2009-03-07,36.9,-2.1
66,281,3,6.8,20090308,0.0,8,0.0,9.5,16.8,1.1,0.0,2009,2009-03-08,47.6,-1.0
67,281,3,8.0,20090309,0.0,9,0.0,4.7,16.2,1.7,0.0,2009,2009-03-09,44.5,-0.7
68,281,3,8.3,20090310,0.0,10,0.0,8.7,14.9,3.2,0.0,2009,2009-03-10,33.5,3.0
69,281,3,4.9,20090311,0.0,11,0.0,6.3,13.0,1.8,0.0,2009,2009-03-11,33.6,-2.4
70,281,3,6.2,20090312,0.0,12,0.0,7.0,14.7,2.0,0.0,2009,2009-03-12,51.6,-5.1
71,281,3,7.3,20090313,0.0,13,0.0,0.0,11.2,3.6,4.5,2009,2009-03-13,74.0,1.1
72,281,3,2.1,20090314,0.0,14,0.0,10.8,7.8,5.5,0.0,2009,2009-03-14,34.6,-2.7
73,281,3,7.0,20090315,0.0,15,0.0,10.8,14.5,2.8,0.0,2009,2009-03-15,38.0,-1.5
74,281,3,11.3,20090316,0.0,16,0.0,6.9,19.9,2.3,0.0,2009,2009-03-16,49.6,0.3
75,281,3,13.0,20090317,0.0,17,0.0,9.6,22.6,1.8,0.0,2009,2009-03-17,41.9,1.4
76,281,3,14.8,20090318,0.0,18,0.0,0.7,20.7,2.1,0.0,2009,2009-03-18,68.8,6.6
77,281,3,15.5,20090319,0.0,19,0.0,9.3,25.5,1.9,0.0,2009,2009-03-19,71.1,6.7
78,281,3,8.6,20090320,0.0,20,0.0,5.7,13.4,3.3,0.0,2009,2009-03-20,61.0,2.8
79,281,3,11.0,20090321,0.0,21,0.0,6.1,20.2,1.3,2.0,2009,2009-03-21,67.1,-0.9
80,281,3,13.6,20090322,0.0,22,0.0,0.7,17.4,3.0,1.5,2009,2009-03-22,73.3,8.7
81,281,3,8.7,20090323,0.0,23,0.0,4.9,14.5,2.2,0.0,2009,2009-03-23,47.6,4.2
82,281,3,6.6,20090324,0.0,24,0.0,8.5,11.9,2.8,0.0,2009,2009-03-24,32.9,0.2
83,281,3,4.4,20090325,0.0,25,0.0,10.1,10.1,3.8,0.0,2009,2009-03-25,34.6,0.4
84,281,3,6.1,20090326,0.0,26,0.0,10.1,15.0,3.2,0.0,2009,2009-03-26,41.6,-5.1
85,281,3,6.3,20090327,0.0,27,0.0,11.0,13.5,3.2,0.0,2009,2009-03-27,36.1,0.4
86,281,3,6.4,20090328,0.0,28,0.0,9.2,14.5,2.6,0.0,2009,2009-03-28,36.4,2.2
87,281,3,5.2,20090329,0.0,29,0.0,2.0,9.2,2.2,0.0,2009,2009-03-29,65.6,1.3
88,281,3,7.6,20090330,0.0,30,0.0,4.6,12.7,1.8,0.0,2009,2009-03-30,59.4,2.4
89,281,3,8.7,20090331,0.0,31,0.0,7.6,14.0,2.7,0.0,2009,2009-03-31,49.6,5.3
90,281,4,5.2,20090401,0.0,1,0.0,6.5,12.1,3.2,0.0,2009,2009-04-01,55.5,-0.6
91,281,4,8.5,20090402,0.0,2,0.0,10.9,17.3,2.1,0.0,2009,2009-04-02,43.1,-2.4
92,281,4,12.7,20090403,0.0,3,0.0,5.9,19.6,2.6,0.0,2009,2009-04-03,27.5,6.7
93,281,4,11.9,20090404,0.0,4,0.0,8.5,16.8,3.6,0.0,2009,2009-04-04,32.1,8.0
94,281,4,11.4,20090405,0.0,5,0.0,10.5,21.1,2.1,0.0,2009,2009-04-05,50.0,3.8
95,281,4,11.6,20090406,0.0,6,0.0,11.1,21.5,2.5,0.0,2009,2009-04-06,42.1,-0.5
96,281,4,13.7,20090407,0.0,7,0.0,11.3,25.1,2.0,0.0,2009,2009-04-07,41.9,1.9
97,281,4,13.6,20090408,0.0,8,0.0,9.7,25.4,1.6,0.0,2009,2009-04-08,50.9,4.1
98,281,4,14.7,20090409,0.0,9,0.0,11.1,27.3,1.1,0.0,2009,2009-04-09,43.3,2.8
99,281,4,16.7,20090410,0.0,10,0.0,11.0,28.6,1.2,0.0,2009,2009-04-10,33.8,3.7
100,281,4,14.1,20090411,0.0,11,0.0,10.1,24.5,2.3,0.0,2009,2009-04-11,47.9,4.6
101,281,4,16.1,20090412,0.0,12,0.0,9.0,26.5,1.7,0.0,2009,2009-04-12,42.6,5.0
102,281,4,17.5,20090413,0.0,13,0.0,3.4,24.3,1.8,0.0,2009,2009-04-13,43.0,6.8
103,281,4,13.0,20090414,0.0,14,0.0,1.7,18.7,2.6,0.0,2009,2009-04-14,60.3,5.0
104,281,4,12.1,20090415,0.0,15,0.0,4.7,21.6,2.2,1.0,2009,2009-04-15,68.5,1.8
105,281,4,9.9,20090416,0.0,16,0.0,0.0,11.7,2.3,0.0,2009,2009-04-16,69.4,6.2
106,281,4,12.8,20090417,0.0,17,0.0,11.4,22.9,1.2,0.0,2009,2009-04-17,59.1,3.9
107,281,4,17.4,20090418,0.0,18,0.0,11.7,29.4,2.1,0.0,2009,2009-04-18,39.9,4.3
108,281,4,16.1,20090419,0.0,19,0.0,10.3,26.4,2.7,0.0,2009,2009-04-19,59.5,6.4
109,281,4,14.2,20090420,0.0,20,0.0,0.0,16.1,3.0,7.0,2009,2009-04-20,84.8,12.8
110,281,4,14.9,20090421,0.0,21,0.0,5.5,19.4,4.8,0.1,2009,2009-04-21,52.6,12.1
111,281,4,15.2,20090422,0.0,22,0.0,12.0,22.7,5.2,0.0,2009,2009-04-22,33.8,9.4
112,281,4,12.2,20090423,0.0,23,0.0,11.1,18.6,2.5,0.0,2009,2009-04-23,55.5,4.4
113,281,4,12.5,20090424,0.0,24,0.0,0.1,16.7,2.4,6.5,2009,2009-04-24,68.8,10.0
114,281,4,12.2,20090425,0.0,25,0.0,4.9,18.8,3.6,6.0,2009,2009-04-25,68.5,9.1
115,281,4,11.0,20090426,0.0,26,0.0,5.2,16.8,3.0,0.0,2009,2009-04-26,57.6,8.5
116,281,4,11.5,20090427,0.0,27,0.0,7.7,17.8,1.8,0.0,2009,2009-04-27,56.6,4.7
117,281,4,12.0,20090428,0.0,28,0.0,8.6,23.2,1.7,0.0,2009,2009-04-28,55.5,2.0
118,281,4,14.0,20090429,0.0,29,0.0,12.1,25.3,1.4,0.0,2009,2009-04-29,47.3,2.0
119,281,4,16.7,20090430,0.0,30,0.0,10.9,25.7,1.6,0.0,2009,2009-04-30,35.0,3.3
120,281,5,17.8,20090501,0.0,1,0.0,11.4,26.7,1.4,0.0,2009,2009-05-01,37.9,6.2
121,281,5,16.7,20090502,0.0,2,0.0,4.1,24.0,1.9,15.5,2009,2009-05-02,69.4,10.2
122,281,5,17.6,20090503,0.0,3,0.0,5.2,23.8,1.5,1.5,2009,2009-05-03,72.1,12.7
123,281,5,19.1,20090504,0.0,4,0.0,12.1,28.4,1.6,0.0,2009,2009-05-04,55.6,9.6
124,281,5,18.2,20090505,0.0,5,0.0,10.8,28.9,1.7,0.0,2009,2009-05-05,49.9,8.8
125,281,5,17.5,20090506,0.0,6,0.0,12.0,27.6,1.8,0.0,2009,2009-05-06,57.6,7.8
126,281,5,17.7,20090507,0.0,7,0.0,8.9,30.1,1.5,0.0,2009,2009-05-07,53.0,7.5
127,281,5,19.0,20090508,0.0,8,0.0,11.4,29.1,1.6,0.0,2009,2009-05-08,47.3,8.6
128,281,5,22.1,20090509,0.0,9,0.0,9.9,32.7,1.7,0.0,2009,2009-05-09,39.4,9.2
129,281,5,20.3,20090510,0.0,10,0.0,11.5,31.8,2.1,0.0,2009,2009-05-10,46.9,10.9
130,281,5,20.0,20090511,0.0,11,0.0,7.5,29.9,1.8,0.0,2009,2009-05-11,55.4,8.9
131,281,5,18.4,20090512,0.0,12,0.0,0.0,21.5,1.9,4.0,2009,2009-05-12,77.8,15.0
132,281,5,19.5,20090513,0.0,13,0.0,10.3,26.4,2.3,0.0,2009,2009-05-13,47.4,13.4
133,281,5,18.7,20090514,0.0,14,0.0,12.3,26.8,2.2,0.0,2009,2009-05-14,30.1,9.9
134,281,5,17.2,20090515,0.0,15,0.0,0.1,21.6,1.9,0.0,2009,2009-05-15,49.1,12.1
135,281,5,13.6,20090516,0.0,16,0.0,0.0,15.2,1.7,28.0,2009,2009-05-16,87.9,12.5
136,281,5,16.9,20090517,0.0,17,0.0,3.2,21.7,3.2,3.5,2009,2009-05-17,68.0,12.3
137,281,5,18.8,20090518,0.0,18,0.0,11.0,27.2,2.6,0.0,2009,2009-05-18,37.3,10.3
138,281,5,21.9,20090519,0.0,19,0.0,11.2,29.8,3.0,0.0,2009,2009-05-19,32.8,12.7
139,281,5,21.9,20090520,0.0,20,0.0,3.1,30.6,1.1,0.0,2009,2009-05-20,44.1,11.5
140,281,5,15.5,20090521,0.0,21,0.0,0.0,23.7,2.0,76.0,2009,2009-05-21,87.6,13.8
141,281,5,19.5,20090522,0.0,22,0.0,6.4,25.5,2.4,0.1,2009,2009-05-22,68.1,15.7
142,281,5,18.1,20090523,0.0,23,0.0,0.1,21.2,1.4,0.1,2009,2009-05-23,67.1,16.4
143,281,5,16.5,20090524,0.0,24,0.0,4.2,21.8,1.6,3.5,2009,2009-05-24,73.6,12.0
144,281,5,18.3,20090525,0.0,25,0.0,9.3,28.4,1.0,0.0,2009,2009-05-25,65.0,10.2
145,281,5,20.4,20090526,0.0,26,0.0,2.8,27.8,1.2,0.0,2009,2009-05-26,56.1,12.0
146,281,5,18.7,20090527,0.0,27,0.0,10.7,24.7,2.2,0.3,2009,2009-05-27,58.8,12.7
147,281,5,17.1,20090528,0.0,28,0.0,12.4,25.4,2.1,0.0,2009,2009-05-28,69.5,9.7
148,281,5,15.9,20090529,0.0,29,0.0,10.8,22.8,2.5,0.0,2009,2009-05-29,69.6,10.2
149,281,5,15.4,20090530,0.0,30,0.0,4.8,23.0,1.7,0.0,2009,2009-05-30,68.1,9.5
150,281,5,18.3,20090531,0.0,31,0.0,11.5,27.4,2.2,0.0,2009,2009-05-31,47.0,8.7
151,281,6,20.9,20090601,0.0,1,0.0,12.8,30.1,1.8,0.0,2009,2009-06-01,43.5,8.5
152,281,6,21.1,20090602,0.0,2,0.0,4.1,27.3,2.1,0.0,2009,2009-06-02,58.6,13.2
153,281,6,19.2,20090603,0.0,3,0.0,1.3,22.0,2.0,0.1,2009,2009-06-03,68.4,16.8
154,281,6,19.7,20090604,0.0,4,0.0,7.1,26.0,1.7,0.0,2009,2009-06-04,68.5,13.9
155,281,6,18.3,20090605,0.0,5,0.0,10.2,23.8,2.5,0.0,2009,2009-06-05,72.3,12.9
156,281,6,18.0,20090606,0.0,6,0.0,3.5,22.4,2.1,0.0,2009,2009-06-06,73.6,16.5
157,281,6,17.5,20090607,0.0,7,0.0,0.3,21.1,2.2,0.0,2009,2009-06-07,68.1,15.6
158,281,6,18.8,20090608,0.0,8,0.0,6.4,24.4,2.0,0.0,2009,2009-06-08,68.4,13.2
159,281,6,19.3,20090609,0.0,9,0.0,0.0,23.3,1.1,1.0,2009,2009-06-09,71.6,15.4
160,281,6,21.9,20090610,0.0,10,0.0,3.6,27.6,2.4,2.0,2009,2009-06-10,64.5,17.2
161,281,6,22.4,20090611,0.0,11,0.0,12.9,30.5,3.3,2.0,2009,2009-06-11,48.9,16.0
162,281,6,23.6,20090612,0.0,12,0.0,5.7,28.6,2.1,0.0,2009,2009-06-12,38.4,16.4
163,281,6,20.5,20090613,0.0,13,0.0,12.1,28.9,2.5,0.0,2009,2009-06-13,48.6,11.9
164,281,6,19.3,20090614,0.0,14,0.0,4.2,24.8,2.2,0.0,2009,2009-06-14,65.6,15.6
165,281,6,20.2,20090615,0.0,15,0.0,2.9,26.4,1.6,0.0,2009,2009-06-15,65.6,15.6
166,281,6,21.5,20090616,0.0,16,0.0,7.5,29.6,1.8,0.0,2009,2009-06-16,65.4,16.1
167,281,6,20.0,20090617,0.0,17,0.0,1.2,24.0,2.4,0.0,2009,2009-06-17,75.6,17.2
168,281,6,23.3,20090618,0.0,18,0.0,9.8,31.5,1.8,0.1,2009,2009-06-18,57.6,16.7
169,281,6,24.2,20090619,0.0,19,0.0,8.1,32.5,1.4,0.0,2009,2009-06-19,55.6,15.7
170,281,6,23.1,20090620,0.0,20,0.0,0.5,27.9,1.4,17.5,2009,2009-06-20,73.1,18.9
171,281,6,26.0,20090621,0.0,21,0.0,6.5,31.0,1.5,0.0,2009,2009-06-21,73.4,21.0
172,281,6,20.0,20090622,0.0,22,0.0,0.6,25.8,1.8,48.5,2009,2009-06-22,85.1,17.3
173,281,6,23.7,20090623,0.0,23,0.0,10.6,29.9,1.8,0.0,2009,2009-06-23,59.9,17.5
174,281,6,25.6,20090624,0.0,24,0.0,13.1,32.7,2.1,0.0,2009,2009-06-24,48.6,16.6
175,281,6,26.0,20090625,0.0,25,0.0,12.7,33.8,1.6,0.0,2009,2009-06-25,45.8,15.8
176,281,6,26.3,20090626,0.0,26,0.0,12.6,33.8,1.7,0.0,2009,2009-06-26,47.0,15.9
177,281,6,25.1,20090627,0.0,27,0.0,7.2,31.3,1.5,0.0,2009,2009-06-27,62.1,17.6
178,281,6,25.9,20090628,0.0,28,0.0,8.5,31.3,1.6,0.0,2009,2009-06-28,65.1,19.2
179,281,6,24.1,20090629,0.0,29,0.0,0.8,27.8,1.2,35.5,2009,2009-06-29,79.6,21.5
180,281,6,21.2,20090630,0.0,30,0.0,0.0,26.2,0.9,5.0,2009,2009-06-30,84.3,18.2
181,281,7,22.3,20090701,0.0,1,0.0,7.1,28.5,1.3,1.0,2009,2009-07-01,70.6,17.6
182,281,7,20.6,20090702,0.0,2,0.0,4.2,29.3,1.3,23.0,2009,2009-07-02,79.3,17.1
183,281,7,21.4,20090703,0.0,3,0.0,4.6,27.7,1.5,0.5,2009,2009-07-03,73.8,17.2
184,281,7,21.7,20090704,0.0,4,0.0,5.4,28.1,1.4,4.5,2009,2009-07-04,76.8,18.0
185,281,7,22.9,20090705,0.0,5,0.0,7.1,28.7,1.7,0.0,2009,2009-07-05,73.9,19.1
186,281,7,23.7,20090706,0.0,6,0.0,8.1,29.7,1.3,0.0,2009,2009-07-06,72.4,17.9
187,281,7,18.9,20090707,0.0,7,0.0,0.0,22.1,1.1,82.0,2009,2009-07-07,90.9,16.1
188,281,7,25.2,20090708,0.0,8,0.0,8.2,30.6,1.2,0.1,2009,2009-07-08,74.5,19.6
189,281,7,25.6,20090709,0.0,9,0.0,0.3,28.4,2.5,29.5,2009,2009-07-09,76.6,21.7
190,281,7,24.4,20090710,0.0,10,0.0,10.5,29.3,2.9,0.0,2009,2009-07-10,64.8,20.4
191,281,7,23.8,20090711,0.0,11,0.0,2.2,29.8,1.0,3.0,2009,2009-07-11,71.1,19.3
192,281,7,23.5,20090712,0.0,12,0.0,0.0,27.8,2.3,9.5,2009,2009-07-12,81.0,18.6
193,281,7,26.3,20090713,0.0,13,0.0,2.0,30.0,2.4,3.5,2009,2009-07-13,74.3,24.0
194,281,7,27.0,20090714,0.0,14,0.0,0.7,30.2,2.1,1.0,2009,2009-07-14,72.6,22.5
195,281,7,21.0,20090715,0.0,15,0.0,2.4,28.6,2.7,64.5,2009,2009-07-15,81.5,19.1
196,281,7,21.9,20090716,0.0,16,0.0,0.5,24.9,1.0,14.5,2009,2009-07-16,88.3,18.4
197,281,7,24.9,20090717,0.0,17,0.0,0.4,29.5,0.7,2.5,2009,2009-07-17,86.1,21.4
198,281,7,27.9,20090718,0.0,18,0.0,0.7,31.5,3.3,0.0,2009,2009-07-18,66.3,24.7
199,281,7,26.0,20090719,0.0,19,0.0,0.5,30.1,2.2,1.0,2009,2009-07-19,75.0,21.6
200,281,7,24.9,20090720,0.0,20,0.0,1.4,29.8,1.4,0.1,2009,2009-07-20,79.9,21.1
201,281,7,25.7,20090721,0.0,21,0.0,3.5,30.1,2.2,50.0,2009,2009-07-21,78.9,23.6
202,281,7,22.6,20090722,0.0,22,0.0,9.1,26.6,2.2,0.0,2009,2009-07-22,75.5,19.7
203,281,7,21.9,20090723,0.0,23,0.0,4.2,26.5,1.8,0.2,2009,2009-07-23,78.4,17.0
204,281,7,20.8,20090724,0.0,24,0.0,0.2,22.3,2.0,16.5,2009,2009-07-24,80.3,19.4
205,281,7,21.0,20090725,0.0,25,0.0,0.0,23.8,1.8,0.2,2009,2009-07-25,76.9,19.4
206,281,7,20.5,20090726,0.0,26,0.0,1.2,23.7,1.9,0.0,2009,2009-07-26,73.8,18.2
207,281,7,20.3,20090727,0.0,27,0.0,3.7,25.7,1.4,0.0,2009,2009-07-27,76.4,15.9
208,281,7,20.1,20090728,0.0,28,0.0,0.0,23.6,1.1,11.0,2009,2009-07-28,84.1,16.7
209,281,7,21.8,20090729,0.0,29,0.0,1.6,25.7,1.5,32.0,2009,2009-07-29,79.5,19.0
210,281,7,22.1,20090730,0.0,30,0.0,7.9,26.9,1.7,0.0,2009,2009-07-30,76.4,18.7
211,281,7,21.8,20090731,0.0,31,0.0,3.9,26.8,1.5,0.0,2009,2009-07-31,73.9,18.8
212,281,8,21.5,20090801,0.0,1,0.0,5.2,26.9,1.7,0.0,2009,2009-08-01,76.8,17.9
213,281,8,20.5,20090802,0.0,2,0.0,2.2,25.6,1.3,0.0,2009,2009-08-02,77.3,15.6
214,281,8,20.8,20090803,0.0,3,0.0,1.4,23.8,1.2,0.0,2009,2009-08-03,78.0,17.4
215,281,8,21.9,20090804,0.0,4,0.0,6.0,26.8,1.7,0.0,2009,2009-08-04,72.9,16.1
216,281,8,22.3,20090805,0.0,5,0.0,7.0,26.3,2.3,0.0,2009,2009-08-05,72.1,19.5
217,281,8,21.4,20090806,0.0,6,0.0,0.0,23.6,1.2,10.5,2009,2009-08-06,85.6,19.9
218,281,8,22.4,20090807,0.0,7,0.0,0.0,24.2,1.2,1.0,2009,2009-08-07,86.4,20.8
219,281,8,23.5,20090808,0.0,8,0.0,1.2,27.2,1.6,0.5,2009,2009-08-08,82.9,21.9
220,281,8,23.1,20090809,0.0,9,0.0,1.3,26.6,1.9,0.0,2009,2009-08-09,79.6,21.5
221,281,8,23.7,20090810,0.0,10,0.0,0.0,26.3,1.0,0.2,2009,2009-08-10,81.6,21.7
222,281,8,23.2,20090811,0.0,11,0.0,0.0,25.3,1.8,8.5,2009,2009-08-11,87.6,22.3
223,281,8,25.5,20090812,0.0,12,0.0,1.2,30.0,1.7,17.5,2009,2009-08-12,82.5,21.7
224,281,8,24.5,20090813,0.0,13,0.0,3.8,30.8,0.8,5.5,2009,2009-08-13,81.5,21.6
225,281,8,25.8,20090814,0.0,14,0.0,6.6,31.2,1.0,0.0,2009,2009-08-14,73.9,21.1
226,281,8,24.5,20090815,0.0,15,0.0,9.2,32.2,1.2,0.0,2009,2009-08-15,74.9,20.0
227,281,8,23.4,20090816,0.0,16,0.0,0.0,27.1,1.6,0.1,2009,2009-08-16,74.5,19.5
228,281,8,23.6,20090817,0.0,17,0.0,0.0,25.8,1.4,0.0,2009,2009-08-17,79.1,21.0
229,281,8,25.8,20090818,0.0,18,0.0,5.7,31.6,0.9,0.0,2009,2009-08-18,74.5,20.3
230,281,8,27.2,20090819,0.0,19,0.0,6.4,33.7,0.9,0.0,2009,2009-08-19,72.0,21.9
231,281,8,27.3,20090820,0.0,20,0.0,3.5,32.3,2.0,15.0,2009,2009-08-20,73.4,23.0
232,281,8,26.1,20090821,0.0,21,0.0,11.1,31.6,2.6,0.1,2009,2009-08-21,60.3,20.5
233,281,8,24.9,20090822,0.0,22,0.0,11.4,31.7,2.0,0.0,2009,2009-08-22,55.1,16.7
234,281,8,25.2,20090823,0.0,23,0.0,10.2,31.7,2.0,0.0,2009,2009-08-23,52.8,18.2
235,281,8,21.7,20090824,0.0,24,0.0,11.1,27.7,1.9,0.0,2009,2009-08-24,68.8,15.3
236,281,8,21.9,20090825,0.0,25,0.0,5.7,28.2,1.4,0.0,2009,2009-08-25,73.5,17.7
237,281,8,24.5,20090826,0.0,26,0.0,9.2,31.0,1.3,0.0,2009,2009-08-26,64.6,17.2
238,281,8,24.8,20090827,0.0,27,0.0,1.4,29.3,1.8,0.0,2009,2009-08-27,75.0,19.9
239,281,8,26.4,20090828,0.0,28,0.0,10.8,32.5,2.2,0.0,2009,2009-08-28,62.6,20.6
240,281,8,21.5,20090829,0.0,29,0.0,6.1,26.3,2.7,0.0,2009,2009-08-29,68.9,16.1
241,281,8,20.6,20090830,0.0,30,0.0,0.0,22.2,2.2,0.1,2009,2009-08-30,69.9,18.7
242,281,8,19.8,20090831,0.0,31,0.0,3.3,25.0,2.5,0.0,2009,2009-08-31,69.3,15.1
243,281,9,18.8,20090901,0.0,1,0.0,7.7,25.1,2.1,0.0,2009,2009-09-01,69.8,12.7
244,281,9,19.4,20090902,0.0,2,0.0,10.2,25.7,1.8,0.0,2009,2009-09-02,70.9,13.3
245,281,9,20.1,20090903,0.0,3,0.0,9.3,26.8,1.6,0.0,2009,2009-09-03,72.9,12.1
246,281,9,20.4,20090904,0.0,4,0.0,0.2,25.2,1.5,0.0,2009,2009-09-04,78.6,16.6
247,281,9,21.3,20090905,0.0,5,0.0,10.3,28.1,1.5,0.0,2009,2009-09-05,71.8,15.6
248,281,9,23.2,20090906,0.0,6,0.0,9.5,33.0,1.3,0.0,2009,2009-09-06,68.8,15.1
249,281,9,23.9,20090907,0.0,7,0.0,7.2,30.5,1.2,1.5,2009,2009-09-07,72.3,17.8
250,281,9,21.0,20090908,0.0,8,0.0,4.6,25.1,1.8,3.0,2009,2009-09-08,77.9,18.8
251,281,9,21.3,20090909,0.0,9,0.0,4.7,28.7,1.1,0.0,2009,2009-09-09,69.8,16.1
252,281,9,21.0,20090910,0.0,10,0.0,10.6,29.8,1.3,0.0,2009,2009-09-10,69.1,13.3
253,281,9,21.1,20090911,0.0,11,0.0,3.7,28.4,1.0,3.5,2009,2009-09-11,76.5,16.4
254,281,9,20.1,20090912,0.0,12,0.0,4.7,26.2,1.8,1.5,2009,2009-09-12,67.8,16.2
255,281,9,19.4,20090913,0.0,13,0.0,11.2,28.1,1.3,0.0,2009,2009-09-13,67.9,11.9
256,281,9,18.6,20090914,0.0,14,0.0,0.0,24.2,0.8,2.5,2009,2009-09-14,78.6,14.3
257,281,9,20.3,20090915,0.0,15,0.0,11.3,27.9,2.3,0.0,2009,2009-09-15,65.6,14.2
258,281,9,19.6,20090916,0.0,16,0.0,8.0,27.0,1.4,0.0,2009,2009-09-16,66.5,13.4
259,281,9,19.6,20090917,0.0,17,0.0,8.9,28.4,1.0,0.0,2009,2009-09-17,68.6,11.9
260,281,9,19.9,20090918,0.0,18,0.0,11.0,30.5,1.6,0.0,2009,2009-09-18,67.6,12.7
261,281,9,18.8,20090919,0.0,19,0.0,8.9,24.5,2.0,0.0,2009,2009-09-19,65.1,12.4
262,281,9,18.8,20090920,0.0,20,0.0,8.9,24.3,1.8,0.0,2009,2009-09-20,65.9,12.9
263,281,9,18.0,20090921,0.0,21,0.0,0.0,21.4,0.8,0.0,2009,2009-09-21,80.4,15.7
264,281,9,19.8,20090922,0.0,22,0.0,3.3,26.1,1.5,0.0,2009,2009-09-22,73.4,16.1
265,281,9,19.5,20090923,0.0,23,0.0,3.0,25.2,0.7,9.5,2009,2009-09-23,85.0,16.9
266,281,9,20.9,20090924,0.0,24,0.0,4.8,29.4,1.0,0.0,2009,2009-09-24,79.8,17.2
267,281,9,20.7,20090925,0.0,25,0.0,0.2,25.7,0.9,0.0,2009,2009-09-25,79.3,16.2
268,281,9,20.4,20090926,0.0,26,0.0,5.4,26.3,1.5,0.0,2009,2009-09-26,75.1,14.0
269,281,9,19.2,20090927,0.0,27,0.0,0.0,21.6,1.0,20.0,2009,2009-09-27,86.4,17.2
270,281,9,18.5,20090928,0.0,28,0.0,0.3,21.5,0.7,13.5,2009,2009-09-28,90.0,16.9
271,281,9,19.0,20090929,0.0,29,0.0,0.3,23.6,1.1,0.0,2009,2009-09-29,82.6,15.9
272,281,9,18.2,20090930,0.0,30,0.0,1.8,23.5,1.1,0.0,2009,2009-09-30,80.5,13.8
273,281,10,19.6,20091001,0.0,1,0.0,8.1,27.0,0.7,0.0,2009,2009-10-01,74.8,11.9
274,281,10,20.9,20091002,0.0,2,0.0,8.7,26.0,2.4,17.5,2009,2009-10-02,64.8,17.1
275,281,10,17.2,20091003,0.0,3,0.0,10.8,25.2,2.5,0.0,2009,2009-10-03,47.9,10.0
276,281,10,14.3,20091004,0.0,4,0.0,6.8,24.5,1.4,0.0,2009,2009-10-04,67.4,7.7
277,281,10,13.4,20091005,0.0,5,0.0,9.7,23.6,0.8,0.0,2009,2009-10-05,64.0,6.2
278,281,10,13.5,20091006,0.0,6,0.0,5.6,23.3,1.0,0.0,2009,2009-10-06,74.5,6.3
279,281,10,16.2,20091007,0.0,7,0.0,0.6,21.5,2.8,0.0,2009,2009-10-07,65.3,9.9
280,281,10,16.1,20091008,0.0,8,0.0,3.8,21.0,2.0,0.0,2009,2009-10-08,56.4,12.7
281,281,10,14.0,20091009,0.0,9,0.0,9.1,21.7,1.0,0.0,2009,2009-10-09,67.6,7.8
282,281,10,13.1,20091010,0.0,10,0.0,10.1,22.8,1.0,0.0,2009,2009-10-10,70.0,5.9
283,281,10,14.1,20091011,0.0,11,0.0,9.2,23.1,0.9,0.0,2009,2009-10-11,70.5,5.6
284,281,10,15.6,20091012,0.0,12,0.0,5.5,22.7,1.3,0.0,2009,2009-10-12,67.5,10.0
285,281,10,15.7,20091013,0.0,13,0.0,10.1,23.7,1.7,0.0,2009,2009-10-13,54.0,9.6
286,281,10,13.4,20091014,0.0,14,0.0,6.4,18.5,2.2,4.0,2009,2009-10-14,75.4,9.0
287,281,10,12.1,20091015,0.0,15,0.0,8.5,22.3,1.3,0.0,2009,2009-10-15,68.6,5.9
288,281,10,12.5,20091016,0.0,16,0.0,9.8,22.6,0.9,0.0,2009,2009-10-16,68.6,4.4
289,281,10,14.4,20091017,0.0,17,0.0,6.6,20.9,2.8,2.0,2009,2009-10-17,61.5,7.4
290,281,10,14.9,20091018,0.0,18,0.0,9.9,20.4,3.3,0.0,2009,2009-10-18,49.6,9.5
291,281,10,14.1,20091019,0.0,19,0.0,7.3,22.9,3.3,0.0,2009,2009-10-19,54.4,6.0
292,281,10,11.0,20091020,0.0,20,0.0,9.5,18.2,3.0,0.0,2009,2009-10-20,53.1,3.8
293,281,10,11.0,20091021,0.0,21,0.0,9.2,22.0,1.5,0.0,2009,2009-10-21,57.8,1.4
294,281,10,11.3,20091022,0.0,22,0.0,7.2,21.4,0.8,0.0,2009,2009-10-22,58.3,1.7
295,281,10,12.3,20091023,0.0,23,0.0,9.0,23.9,0.7,0.0,2009,2009-10-23,61.8,3.1
296,281,10,13.5,20091024,0.0,24,0.0,5.6,20.5,1.6,0.0,2009,2009-10-24,76.5,7.2
297,281,10,12.7,20091025,0.0,25,0.0,7.5,20.3,1.3,0.0,2009,2009-10-25,71.5,5.3
298,281,10,13.1,20091026,0.0,26,0.0,9.5,22.7,1.1,0.0,2009,2009-10-26,67.6,5.3
299,281,10,14.0,20091027,0.0,27,0.0,7.6,23.1,1.4,0.0,2009,2009-10-27,67.8,7.3
300,281,10,12.7,20091028,0.0,28,0.0,7.2,23.4,0.7,0.0,2009,2009-10-28,70.4,4.8
301,281,10,14.7,20091029,0.0,29,0.0,6.1,23.1,1.0,0.0,2009,2009-10-29,69.5,8.0
302,281,10,14.7,20091030,0.0,30,0.0,5.0,23.0,1.1,0.0,2009,2009-10-30,73.4,8.5
303,281,10,17.4,20091031,0.0,31,0.0,3.5,24.3,2.0,0.0,2009,2009-10-31,71.1,8.9
304,281,11,13.7,20091101,0.0,1,0.0,3.1,20.6,2.7,0.1,2009,2009-11-01,62.5,8.1
305,281,11,5.2,20091102,0.0,2,0.0,8.1,9.0,4.3,0.0,2009,2009-11-02,43.0,-0.1
306,281,11,5.4,20091103,0.0,3,0.0,9.7,12.4,3.7,0.0,2009,2009-11-03,40.0,-1.7
307,281,11,9.1,20091104,0.0,4,0.0,5.5,15.6,2.0,0.0,2009,2009-11-04,60.3,0.8
308,281,11,11.6,20091105,0.0,5,0.0,6.5,21.1,1.2,0.0,2009,2009-11-05,68.9,3.7
309,281,11,12.9,20091106,0.0,6,0.0,7.5,22.6,1.0,0.0,2009,2009-11-06,70.3,3.5
310,281,11,14.5,20091107,0.0,7,0.0,5.4,23.6,0.9,0.0,2009,2009-11-07,71.0,5.7
311,281,11,16.7,20091108,0.0,8,0.0,1.4,23.5,0.8,6.0,2009,2009-11-08,83.9,12.7
312,281,11,16.4,20091109,0.0,9,0.0,0.6,21.3,1.6,0.0,2009,2009-11-09,79.4,13.4
313,281,11,14.2,20091110,0.0,10,0.0,0.0,15.6,2.6,2.5,2009,2009-11-10,70.0,12.7
314,281,11,10.2,20091111,0.0,11,0.0,0.0,13.1,3.9,0.0,2009,2009-11-11,62.8,8.3
315,281,11,10.4,20091112,0.0,12,0.0,0.0,11.7,4.0,0.0,2009,2009-11-12,61.9,9.1
316,281,11,10.6,20091113,0.0,13,0.0,0.0,11.9,1.2,8.5,2009,2009-11-13,88.0,9.1
317,281,11,9.4,20091114,0.0,14,0.0,5.5,15.1,4.4,0.0,2009,2009-11-14,60.8,4.3
318,281,11,3.7,20091115,0.0,15,0.0,6.0,7.3,5.3,0.0,2009,2009-11-15,51.1,1.4
319,281,11,2.4,20091116,0.0,16,0.0,5.5,6.3,3.3,0.0,2009,2009-11-16,44.1,0.5
320,281,11,2.0,20091117,0.0,17,0.0,1.6,6.7,3.0,0.0,2009,2009-11-17,34.4,-1.7
321,281,11,1.8,20091118,0.0,18,0.0,7.8,7.6,2.7,0.0,2009,2009-11-18,28.1,-5.0
322,281,11,3.5,20091119,0.0,19,0.0,6.1,9.9,2.3,0.0,2009,2009-11-19,46.3,-1.1
323,281,11,3.2,20091120,0.0,20,0.0,5.7,8.9,2.7,0.0,2009,2009-11-20,44.6,-2.5
324,281,11,2.2,20091121,0.0,21,0.0,7.6,8.6,2.3,0.0,2009,2009-11-21,44.8,-5.1
325,281,11,-0.5,20091122,0.0,22,0.0,7.0,9.7,0.9,0.0,2009,2009-11-22,55.4,-8.2
326,281,11,2.8,20091123,0.0,23,0.0,7.8,14.2,0.8,0.0,2009,2009-11-23,64.4,-6.2
327,281,11,3.3,20091124,0.0,24,0.0,7.6,14.9,0.5,0.0,2009,2009-11-24,69.6,-4.4
328,281,11,2.9,20091125,0.0,25,0.0,4.3,12.7,0.9,0.0,2009,2009-11-25,77.3,-4.2
329,281,11,4.7,20091126,0.0,26,0.0,5.9,16.2,0.4,0.0,2009,2009-11-26,77.4,-2.6
330,281,11,6.1,20091127,0.0,27,0.0,5.2,14.7,1.7,0.0,2009,2009-11-27,74.8,0.8
331,281,11,6.2,20091128,0.0,28,0.0,3.2,13.0,1.0,0.0,2009,2009-11-28,76.8,-0.5
332,281,11,6.5,20091129,0.0,29,0.0,0.0,9.9,1.2,18.0,2009,2009-11-29,90.0,2.9
333,281,11,4.4,20091130,0.0,30,0.0,0.1,8.7,1.9,1.5,2009,2009-11-30,83.3,-1.2
334,281,12,1.8,20091201,0.0,1,0.0,7.0,11.0,1.2,0.0,2009,2009-12-01,78.1,-4.2
335,281,12,1.6,20091202,0.0,2,0.0,6.0,11.1,0.8,0.0,2009,2009-12-02,78.6,-4.5
336,281,12,4.2,20091203,0.0,3,0.0,5.3,11.5,2.2,0.0,2009,2009-12-03,70.5,-2.0
337,281,12,2.6,20091204,0.0,4,0.0,7.3,12.0,0.7,0.0,2009,2009-12-04,75.4,-4.2
338,281,12,3.3,20091205,0.0,5,0.0,4.3,7.9,4.5,2.0,2009,2009-12-05,57.4,-1.3
339,281,12,-0.5,20091206,0.0,6,0.0,7.6,3.8,4.8,0.0,2009,2009-12-06,31.9,-3.3
340,281,12,-0.2,20091207,0.0,7,0.0,7.6,8.2,1.5,0.0,2009,2009-12-07,38.3,-6.0
341,281,12,0.4,20091208,0.0,8,0.0,5.7,10.5,0.7,0.0,2009,2009-12-08,56.1,-8.9
342,281,12,3.7,20091209,0.0,9,0.0,0.0,8.8,0.3,0.5,2009,2009-12-09,65.4,-2.9
343,281,12,8.8,20091210,0.0,10,0.0,0.0,10.6,0.9,15.0,2009,2009-12-10,92.0,5.4
344,281,12,10.5,20091211,0.0,11,0.0,2.8,15.0,2.0,13.5,2009,2009-12-11,82.8,8.0
345,281,12,8.3,20091212,0.0,12,0.0,4.7,13.3,2.6,0.0,2009,2009-12-12,65.9,3.2
346,281,12,5.2,20091213,0.0,13,0.0,2.4,11.3,1.7,0.0,2009,2009-12-13,54.5,1.6
347,281,12,3.1,20091214,0.0,14,0.0,7.4,8.0,2.9,0.0,2009,2009-12-14,28.1,0.4
348,281,12,-0.1,20091215,0.0,15,0.0,1.0,2.2,3.5,0.0,2009,2009-12-15,26.4,-2.4
349,281,12,-4.0,20091216,0.0,16,0.0,5.7,-0.4,3.9,0.0,2009,2009-12-16,33.4,-7.3
350,281,12,-3.2,20091217,0.0,17,0.0,7.6,0.4,4.1,0.0,2009,2009-12-17,45.4,-5.9
351,281,12,-5.0,20091218,0.0,18,0.0,7.6,-0.4,4.5,0.0,2009,2009-12-18,46.0,-7.9
352,281,12,-3.4,20091219,0.0,19,0.0,7.6,0.4,5.2,0.0,2009,2009-12-19,49.8,-6.6
353,281,12,-1.6,20091220,0.0,20,0.0,3.2,1.4,4.3,0.0,2009,2009-12-20,57.5,-3.9
354,281,12,-2.7,20091221,0.0,21,0.0,7.5,2.8,2.7,0.0,2009,2009-12-21,33.8,-9.2
355,281,12,-0.4,20091222,0.0,22,0.0,7.5,8.4,1.5,0.0,2009,2009-12-22,58.0,-8.3
356,281,12,1.9,20091223,0.0,23,0.0,5.1,11.0,1.3,0.0,2009,2009-12-23,70.5,-5.5
357,281,12,1.7,20091224,0.0,24,0.0,3.0,11.2,0.3,0.0,2009,2009-12-24,76.8,-5.4
358,281,12,2.7,20091225,0.0,25,0.0,0.2,8.9,2.1,0.0,2009,2009-12-25,73.9,-2.5
359,281,12,-2.1,20091226,0.0,26,0.0,7.5,2.1,4.4,0.0,2009,2009-12-26,36.1,-6.5
360,281,12,-3.7,20091227,0.0,27,0.0,6.3,4.2,2.2,0.0,2009,2009-12-27,50.5,-10.7
361,281,12,-3.9,20091228,0.0,28,0.0,7.2,1.1,3.5,0.0,2009,2009-12-28,41.0,-9.0
362,281,12,-5.1,20091229,0.0,29,0.0,7.6,3.8,0.9,0.0,2009,2009-12-29,58.4,-13.6
363,281,12,-0.4,20091230,0.0,30,0.0,5.3,6.3,3.5,0.0,2009,2009-12-30,51.4,-5.2
364,281,12,-5.9,20091231,0.0,31,0.0,7.6,-2.3,5.0,0.0,2009,2009-12-31,33.9,-8.2
