,station_id,humid,month,tmin,Date,tmax,rainfall,sunshine,tavg,snow,wind,day,year,date,cloud
0,281,35.1,1,-3.9,2018-01-01,6.1,0.0,7.6,0.8,0.0,2.8,1,2018,20180101,0.0
1,281,50.5,1,-7.0,2018-01-02,6.6,0.0,6.2,0.6,0.0,2.7,2,2018,20180102,0.0
2,281,29.9,1,-3.4,2018-01-03,4.5,0.0,7.6,-0.3,0.0,2.5,3,2018,20180103,0.0
3,281,36.6,1,-4.4,2018-01-04,5.0,0.0,7.6,0.1,0.0,1.7,4,2018,20180104,0.0
4,281,36.6,1,-1.5,2018-01-05,7.0,0.0,5.4,1.7,0.0,2.3,5,2018,20180105,0.0
5,281,42.5,1,-6.3,2018-01-06,6.8,0.0,7.7,-0.3,0.0,2.7,6,2018,20180106,0.0
6,281,51.3,1,-9.3,2018-01-07,4.8,0.0,2.0,-1.4,0.0,0.5,7,2018,20180107,0.0
7,281,71.4,1,-1.3,2018-01-08,4.5,1.5,0.0,1.9,0.0,1.6,8,2018,20180108,0.0
8,281,56.8,1,-3.4,2018-01-09,2.8,0.0,6.8,-0.6,0.0,4.1,9,2018,20180109,0.0
9,281,50.5,1,-7.0,2018-01-10,0.4,0.5,6.6,-3.5,0.0,3.5,10,2018,20180110,0.0
10,281,43.4,1,-9.4,2018-01-11,-2.7,0.0,7.7,-7.0,0.0,3.7,11,2018,20180111,0.0
11,281,38.8,1,-11.2,2018-01-12,-3.0,0.0,7.8,-7.5,0.0,3.7,12,2018,20180112,0.0
12,281,61.8,1,-7.6,2018-01-13,3.4,0.0,2.3,-3.3,0.0,1.7,13,2018,20180113,0.0
13,281,67.9,1,-10.9,2018-01-14,7.8,0.0,7.3,-2.6,0.0,0.8,14,2018,20180114,0.0
14,281,62.3,1,-5.3,2018-01-15,13.5,0.0,7.7,2.1,0.0,1.2,15,2018,20180115,0.0
15,281,74.5,1,-4.0,2018-01-16,9.0,8.0,1.4,3.0,0.0,0.7,16,2018,20180116,0.0
16,281,89.3,1,1.6,2018-01-17,7.9,8.5,0.4,4.3,0.0,1.1,17,2018,20180117,0.0
17,281,60.9,1,1.3,2018-01-18,9.5,0.0,1.8,4.9,0.0,2.5,18,2018,20180118,0.0
18,281,48.6,1,-4.1,2018-01-19,8.2,0.0,7.3,1.9,0.0,1.6,19,2018,20180119,0.0
19,281,54.6,1,-4.3,2018-01-20,8.4,0.0,7.4,1.2,0.0,1.5,20,2018,20180120,0.0
20,281,55.9,1,-5.7,2018-01-21,9.8,0.0,7.1,1.3,0.0,0.7,21,2018,20180121,0.0
21,281,55.5,1,0.3,2018-01-22,9.0,0.1,3.5,3.9,0.0,1.1,22,2018,20180122,0.0
22,281,33.8,1,-8.8,2018-01-23,3.3,0.0,7.8,-4.5,0.0,5.0,23,2018,20180123,0.0
23,281,27.5,1,-12.8,2018-01-24,-5.6,0.0,7.9,-9.6,0.0,5.1,24,2018,20180124,0.0
24,281,29.1,1,-13.0,2018-01-25,-3.8,0.0,7.9,-8.9,0.0,4.1,25,2018,20180125,0.0
25,281,28.6,1,-13.9,2018-01-26,-3.8,0.0,8.0,-9.3,0.0,3.6,26,2018,20180126,0.0
26,281,32.4,1,-14.8,2018-01-27,2.2,0.0,7.4,-6.4,0.0,1.5,27,2018,20180127,0.0
27,281,26.6,1,-5.7,2018-01-28,3.2,0.0,6.8,-1.4,0.0,3.7,28,2018,20180128,0.0
28,281,31.4,1,-7.6,2018-01-29,-0.5,0.0,8.1,-5.1,0.0,3.9,29,2018,20180129,0.0
29,281,40.0,1,-10.8,2018-01-30,1.9,0.0,8.4,-4.0,0.0,2.6,30,2018,20180130,0.0
30,281,42.3,1,-9.6,2018-01-31,6.4,0.0,6.6,-0.5,0.0,1.8,31,2018,20180131,0.0
31,281,29.5,2,-7.6,2018-02-01,6.6,0.0,8.3,-1.2,0.0,1.5,1,2018,20180201,0.0
32,281,40.4,2,-10.8,2018-02-02,5.9,0.0,8.1,-3.2,0.0,1.2,2,2018,20180202,0.0
33,281,39.9,2,-9.9,2018-02-03,0.8,0.0,8.6,-4.4,0.0,3.8,3,2018,20180203,0.0
34,281,31.8,2,-10.1,2018-02-04,-1.8,0.0,9.1,-6.5,0.0,4.6,4,2018,20180204,0.0
35,281,30.4,2,-10.1,2018-02-05,-1.5,0.0,8.7,-6.5,0.0,4.0,5,2018,20180205,0.0
36,281,33.8,2,-11.0,2018-02-06,-2.3,0.0,9.4,-7.4,0.0,3.8,6,2018,20180206,0.0
37,281,28.8,2,-13.0,2018-02-07,1.1,0.0,9.7,-5.6,0.0,2.4,7,2018,20180207,0.0
38,281,35.6,2,-12.8,2018-02-08,5.4,0.0,9.1,-4.4,0.0,1.1,8,2018,20180208,0.0
39,281,43.1,2,-9.9,2018-02-09,11.4,0.0,7.5,1.2,0.0,1.0,9,2018,20180209,0.0
40,281,36.3,2,-2.5,2018-02-10,9.6,0.0,3.9,3.5,0.0,3.4,10,2018,20180210,0.0
41,281,37.5,2,-6.2,2018-02-11,1.9,0.0,8.0,-2.6,0.0,4.1,11,2018,20180211,0.0
42,281,51.5,2,-7.5,2018-02-12,1.3,0.0,7.9,-3.4,0.0,3.6,12,2018,20180212,0.0
43,281,45.4,2,-6.1,2018-02-13,6.8,0.0,9.8,-0.7,0.0,2.5,13,2018,20180213,0.0
44,281,47.0,2,-8.5,2018-02-14,14.9,0.0,8.2,4.8,0.0,2.6,14,2018,20180214,0.0
45,281,38.4,2,-3.1,2018-02-15,11.2,0.0,6.4,4.1,0.0,1.9,15,2018,20180215,0.0
46,281,39.3,2,-6.4,2018-02-16,9.6,0.0,7.8,1.7,0.0,2.0,16,2018,20180216,0.0
47,281,20.6,2,-2.8,2018-02-17,6.9,0.0,10.1,1.3,0.0,4.1,17,2018,20180217,0.0
48,281,21.9,2,-2.9,2018-02-18,7.6,0.0,6.8,1.3,0.0,1.6,18,2018,20180218,0.0
49,281,35.3,2,-3.8,2018-02-19,12.3,0.0,7.8,3.4,0.0,1.2,19,2018,20180219,0.0
50,281,39.8,2,-6.6,2018-02-20,11.6,0.0,8.7,3.2,0.0,2.0,20,2018,20180220,0.0
51,281,25.1,2,-5.3,2018-02-21,6.8,0.0,3.4,1.3,0.0,1.9,21,2018,20180221,0.0
52,281,38.0,2,-9.1,2018-02-22,8.7,0.0,10.3,-0.6,0.0,1.2,22,2018,20180222,0.0
53,281,47.9,2,-8.1,2018-02-23,11.6,0.0,7.7,2.6,0.0,1.3,23,2018,20180223,0.0
54,281,57.6,2,-2.7,2018-02-24,12.5,0.0,4.7,4.7,0.0,1.7,24,2018,20180224,0.0
55,281,59.9,2,-2.1,2018-02-25,12.6,0.0,2.5,4.7,0.0,1.0,25,2018,20180225,0.0
56,281,52.6,2,-6.7,2018-02-26,13.8,0.0,10.6,2.8,0.0,1.1,26,2018,20180226,0.0
57,281,50.0,2,-4.4,2018-02-27,15.3,0.0,6.8,5.4,0.0,0.8,27,2018,20180227,0.0
58,281,73.1,2,1.6,2018-02-28,11.4,24.5,0.0,6.8,0.0,2.7,28,2018,20180228,0.0
59,281,44.5,3,-0.6,2018-03-01,9.8,0.2,8.3,5.1,0.0,5.1,1,2018,20180301,0.0
60,281,36.4,3,-3.5,2018-03-02,12.1,0.0,10.8,2.5,0.0,1.9,2,2018,20180302,0.0
61,281,47.9,3,-3.2,2018-03-03,18.2,0.0,9.5,6.7,0.0,1.1,3,2018,20180303,0.0
62,281,67.5,3,1.8,2018-03-04,19.5,13.0,3.3,11.8,0.0,1.4,4,2018,20180304,0.0
63,281,72.3,3,1.1,2018-03-05,11.4,13.0,0.0,5.3,0.0,2.5,5,2018,20180305,0.0
64,281,66.3,3,-2.3,2018-03-06,11.0,0.0,10.2,3.5,0.0,1.5,6,2018,20180306,0.0
65,281,70.4,3,-0.2,2018-03-07,7.4,5.5,0.1,4.8,0.0,2.1,7,2018,20180307,0.0
66,281,91.4,3,0.7,2018-03-08,4.1,29.0,0.0,1.9,0.0,1.1,8,2018,20180308,0.0
67,281,83.0,3,-0.6,2018-03-09,6.8,0.0,1.0,2.2,0.0,1.0,9,2018,20180309,0.0
68,281,61.8,3,-1.6,2018-03-10,13.5,0.0,8.8,5.8,0.0,1.6,10,2018,20180310,0.0
69,281,44.6,3,0.8,2018-03-11,15.7,0.0,10.8,7.4,0.0,2.0,11,2018,20180311,0.0
70,281,51.6,3,-2.2,2018-03-12,19.9,0.0,10.5,9.6,0.0,1.4,12,2018,20180312,0.0
71,281,58.4,3,0.2,2018-03-13,22.3,0.0,10.5,12.4,0.0,2.0,13,2018,20180313,0.0
72,281,55.3,3,4.5,2018-03-14,24.0,0.0,10.9,15.9,0.0,1.8,14,2018,20180314,0.0
73,281,85.0,3,7.2,2018-03-15,16.8,11.0,0.0,13.9,0.0,1.1,15,2018,20180315,0.0
74,281,61.6,3,-1.5,2018-03-16,7.2,0.5,3.3,3.7,0.0,3.2,16,2018,20180316,0.0
75,281,59.3,3,-4.2,2018-03-17,14.3,0.0,10.7,4.5,0.0,0.9,17,2018,20180317,0.0
76,281,68.8,3,-1.1,2018-03-18,16.3,1.5,6.3,8.5,0.0,1.1,18,2018,20180318,0.0
77,281,83.5,3,4.8,2018-03-19,11.4,29.0,0.0,8.5,0.0,3.1,19,2018,20180319,0.0
78,281,50.0,3,3.4,2018-03-20,7.7,0.0,5.2,5.1,0.0,5.1,20,2018,20180320,0.0
79,281,89.3,3,0.8,2018-03-21,3.6,13.0,0.0,1.9,0.0,2.0,21,2018,20180321,0.0
80,281,64.0,3,0.8,2018-03-22,12.9,0.0,9.3,5.6,0.0,2.2,22,2018,20180322,0.0
81,281,59.4,3,-1.8,2018-03-23,15.7,0.0,11.1,6.6,0.0,1.1,23,2018,20180323,0.0
82,281,45.1,3,2.8,2018-03-24,18.2,0.0,9.6,11.3,0.0,2.5,24,2018,20180324,0.0
83,281,40.5,3,2.5,2018-03-25,22.0,0.0,11.2,13.3,0.0,2.3,25,2018,20180325,0.0
84,281,34.9,3,6.0,2018-03-26,22.9,0.0,11.2,14.8,0.0,2.6,26,2018,20180326,0.0
85,281,43.5,3,6.2,2018-03-27,24.1,0.0,11.1,15.9,0.0,2.2,27,2018,20180327,0.0
86,281,41.6,3,5.2,2018-03-28,26.4,0.0,10.6,16.2,0.0,1.7,28,2018,20180328,0.0
87,281,53.5,3,9.1,2018-03-29,21.3,0.0,3.9,14.2,0.0,2.2,29,2018,20180329,0.0
88,281,55.6,3,6.1,2018-03-30,17.4,0.0,10.5,11.1,0.0,2.3,30,2018,20180330,0.0
89,281,52.0,3,3.3,2018-03-31,23.8,0.0,10.2,14.2,0.0,1.4,31,2018,20180331,0.0
90,281,54.1,4,7.5,2018-04-01,24.5,0.0,6.0,16.8,0.0,1.2,1,2018,20180401,0.0
91,281,57.3,4,11.7,2018-04-02,26.2,0.0,10.3,19.2,0.0,1.8,2,2018,20180402,0.0
92,281,55.8,4,10.3,2018-04-03,27.5,0.0,10.1,20.0,0.0,1.9,3,2018,20180403,0.0
93,281,79.4,4,7.6,2018-04-04,16.6,11.0,0.0,9.8,0.0,2.7,4,2018,20180404,0.0
94,281,79.5,4,7.4,2018-04-05,9.8,8.5,0.0,8.3,0.0,2.1,5,2018,20180405,0.0
95,281,64.5,4,4.8,2018-04-06,16.3,19.0,5.6,9.4,0.0,3.4,6,2018,20180406,0.0
96,281,32.8,4,3.4,2018-04-07,10.3,0.0,9.5,6.1,0.0,4.7,7,2018,20180407,0.0
97,281,39.1,4,-1.0,2018-04-08,14.4,0.0,11.1,8.5,0.0,2.8,8,2018,20180408,0.0
98,281,43.1,4,6.3,2018-04-09,20.0,0.0,10.8,12.6,0.0,2.0,9,2018,20180409,0.0
99,281,54.1,4,2.7,2018-04-10,22.5,0.0,11.2,15.1,0.0,2.5,10,2018,20180410,0.0
100,281,40.4,4,13.4,2018-04-11,24.5,2.0,11.2,18.9,0.0,3.6,11,2018,20180411,0.0
101,281,28.1,4,5.1,2018-04-12,23.7,0.0,11.4,15.1,0.0,2.6,12,2018,20180412,0.0
102,281,43.0,4,3.9,2018-04-13,18.0,0.0,6.4,11.9,0.0,2.4,13,2018,20180413,0.0
103,281,80.9,4,9.6,2018-04-14,11.7,25.0,0.0,10.6,0.0,2.3,14,2018,20180414,0.0
104,281,50.0,4,8.5,2018-04-15,18.0,0.0,10.2,12.7,0.0,3.7,15,2018,20180415,0.0
105,281,60.3,4,4.2,2018-04-16,18.5,0.0,10.4,11.2,0.0,1.7,16,2018,20180416,0.0
106,281,57.9,4,6.6,2018-04-17,22.8,0.0,9.8,13.3,0.0,1.1,17,2018,20180417,0.0
107,281,51.6,4,4.7,2018-04-18,24.9,0.0,11.7,14.5,0.0,1.3,18,2018,20180418,0.0
108,281,33.4,4,5.6,2018-04-19,28.2,0.0,11.8,18.1,0.0,2.1,19,2018,20180419,0.0
109,281,39.0,4,9.2,2018-04-20,31.0,0.0,11.8,19.8,0.0,1.2,20,2018,20180420,0.0
110,281,38.1,4,8.9,2018-04-21,32.0,0.0,10.9,20.2,0.0,1.5,21,2018,20180421,0.0
111,281,59.5,4,10.2,2018-04-22,21.8,0.0,1.7,14.3,0.0,2.0,22,2018,20180422,0.0
112,281,85.3,4,10.0,2018-04-23,12.8,35.5,0.0,11.0,0.0,1.9,23,2018,20180423,0.0
113,281,85.0,4,9.2,2018-04-24,13.6,11.0,0.0,11.3,0.0,0.8,24,2018,20180424,0.0
114,281,56.1,4,3.2,2018-04-25,20.6,0.0,11.7,11.5,0.0,1.3,25,2018,20180425,0.0
115,281,51.3,4,2.4,2018-04-26,25.3,0.0,11.2,15.0,0.0,1.1,26,2018,20180426,0.0
116,281,41.0,4,7.9,2018-04-27,24.6,0.0,10.8,15.9,0.0,2.6,27,2018,20180427,0.0
117,281,45.3,4,4.8,2018-04-28,27.4,0.0,11.9,16.8,0.0,1.7,28,2018,20180428,0.0
118,281,33.4,4,8.1,2018-04-29,27.9,0.0,12.1,19.1,0.0,2.3,29,2018,20180429,0.0
119,281,54.3,4,13.7,2018-04-30,29.0,0.0,10.8,20.9,0.0,2.0,30,2018,20180430,0.0
120,281,70.3,5,12.8,2018-05-01,24.9,0.0,4.1,19.2,0.0,1.3,1,2018,20180501,0.0
121,281,84.9,5,12.2,2018-05-02,17.6,5.5,0.0,14.0,0.0,2.1,2,2018,20180502,0.0
122,281,45.8,5,8.3,2018-05-03,20.2,0.5,9.8,13.8,0.0,4.2,3,2018,20180503,0.0
123,281,38.3,5,3.6,2018-05-04,23.5,0.0,12.1,15.0,0.0,3.3,4,2018,20180504,0.0
124,281,33.9,5,5.7,2018-05-05,28.4,0.0,9.1,19.3,0.0,2.2,5,2018,20180505,0.0
125,281,91.3,5,14.2,2018-05-06,19.1,12.5,0.0,15.8,0.0,1.3,6,2018,20180506,0.0
126,281,86.8,5,13.7,2018-05-07,18.7,17.5,0.0,15.4,0.0,1.2,7,2018,20180507,0.0
127,281,67.1,5,12.2,2018-05-08,16.5,0.0,0.0,14.1,0.0,2.7,8,2018,20180508,0.0
128,281,64.3,5,11.2,2018-05-09,16.4,0.0,3.6,12.5,0.0,2.1,9,2018,20180509,0.0
129,281,56.9,5,10.3,2018-05-10,25.0,0.0,9.3,16.4,0.0,1.4,10,2018,20180510,0.0
130,281,49.4,5,8.0,2018-05-11,26.7,0.0,11.3,18.7,0.0,1.7,11,2018,20180511,0.0
131,281,71.4,5,13.9,2018-05-12,19.4,6.5,0.0,17.4,0.0,1.0,12,2018,20180512,0.0
132,281,73.0,5,15.3,2018-05-13,26.0,5.5,7.2,19.8,0.0,1.9,13,2018,20180513,0.0
133,281,62.3,5,11.0,2018-05-14,29.7,0.0,12.2,20.7,0.0,1.3,14,2018,20180514,0.0
134,281,55.4,5,14.2,2018-05-15,32.7,0.0,9.3,24.1,0.0,1.3,15,2018,20180515,0.0
135,281,72.3,5,23.1,2018-05-16,26.1,0.0,0.6,25.1,0.0,2.0,16,2018,20180516,0.0
136,281,64.4,5,21.5,2018-05-17,30.6,0.0,8.2,26.4,0.0,2.8,17,2018,20180517,0.0
137,281,86.4,5,11.9,2018-05-18,21.4,2.0,0.0,14.3,0.0,2.8,18,2018,20180518,0.0
138,281,62.0,5,9.0,2018-05-19,19.2,0.0,8.2,14.2,0.0,2.8,19,2018,20180519,0.0
139,281,64.3,5,6.0,2018-05-20,19.7,0.0,8.5,13.9,0.0,3.3,20,2018,20180520,0.0
140,281,70.9,5,12.0,2018-05-21,19.5,0.0,2.7,14.9,0.0,2.4,21,2018,20180521,0.0
141,281,69.3,5,9.2,2018-05-22,25.6,1.9,5.9,18.2,0.0,1.2,22,2018,20180522,0.0
142,281,66.9,5,11.9,2018-05-23,26.9,24.0,10.0,19.1,0.0,1.8,23,2018,20180523,0.0
143,281,48.0,5,8.4,2018-05-24,29.8,0.0,12.6,20.2,0.0,2.0,24,2018,20180524,0.0
144,281,43.8,5,13.8,2018-05-25,29.5,0.0,10.5,22.0,0.0,2.0,25,2018,20180525,0.0
145,281,55.5,5,12.0,2018-05-26,30.3,0.0,12.7,20.5,0.0,1.5,26,2018,20180526,0.0
146,281,60.8,5,13.1,2018-05-27,28.6,0.0,3.6,21.0,0.0,1.0,27,2018,20180527,0.0
147,281,64.3,5,15.9,2018-05-28,26.8,0.0,9.6,21.2,0.0,1.7,28,2018,20180528,0.0
148,281,65.3,5,16.0,2018-05-29,31.0,0.0,8.7,23.3,0.0,1.2,29,2018,20180529,0.0
149,281,79.3,5,18.0,2018-05-30,29.0,7.5,7.0,21.4,0.0,1.1,30,2018,20180530,0.0
150,281,63.0,5,15.5,2018-05-31,26.5,0.0,10.1,20.5,0.0,1.8,31,2018,20180531,0.0
151,281,57.3,6,12.5,2018-06-01,31.7,0.0,11.6,22.5,0.0,1.2,1,2018,20180601,0.0
152,281,53.3,6,15.0,2018-06-02,33.8,0.0,12.8,24.6,0.0,1.2,2,2018,20180602,0.0
153,281,53.4,6,15.3,2018-06-03,32.6,0.0,10.0,23.7,0.0,1.1,3,2018,20180603,0.0
154,281,62.1,6,16.3,2018-06-04,31.7,1.0,9.2,23.9,0.0,1.2,4,2018,20180604,0.0
155,281,69.1,6,18.0,2018-06-05,26.3,0.1,3.6,21.7,0.0,1.2,5,2018,20180605,0.0
156,281,65.9,6,15.0,2018-06-06,31.7,0.0,10.8,22.9,0.0,1.1,6,2018,20180606,0.0
157,281,57.6,6,16.3,2018-06-07,34.1,0.0,12.3,25.5,0.0,1.2,7,2018,20180607,0.0
158,281,56.3,6,19.3,2018-06-08,32.0,0.0,12.0,24.4,0.0,2.0,8,2018,20180608,0.0
159,281,65.6,6,17.4,2018-06-09,22.4,0.0,2.8,19.6,0.0,3.1,9,2018,20180609,0.0
160,281,70.6,6,16.7,2018-06-10,21.9,0.3,0.5,18.6,0.0,3.2,10,2018,20180610,0.0
161,281,79.8,6,15.7,2018-06-11,19.6,17.0,0.2,17.0,0.0,1.1,11,2018,20180611,0.0
162,281,64.8,6,15.0,2018-06-12,23.7,0.0,4.3,18.5,0.0,1.6,12,2018,20180612,0.0
163,281,66.9,6,16.8,2018-06-13,24.5,0.0,4.4,19.8,0.0,1.9,13,2018,20180613,0.0
164,281,68.3,6,16.6,2018-06-14,23.2,0.0,3.1,19.4,0.0,2.3,14,2018,20180614,0.0
165,281,59.1,6,16.7,2018-06-15,23.1,0.0,4.2,19.0,0.0,3.1,15,2018,20180615,0.0
166,281,62.0,6,14.0,2018-06-16,22.5,0.0,6.4,18.0,0.0,2.4,16,2018,20180616,0.0
167,281,62.6,6,11.3,2018-06-17,28.3,0.0,7.5,20.7,0.0,1.0,17,2018,20180617,0.0
168,281,61.9,6,17.1,2018-06-18,32.0,0.0,10.3,24.4,0.0,1.2,18,2018,20180618,0.0
169,281,76.9,6,18.1,2018-06-19,25.7,1.5,0.5,21.9,0.0,1.1,19,2018,20180619,0.0
170,281,59.5,6,17.7,2018-06-20,30.1,0.0,9.8,24.0,0.0,1.7,20,2018,20180620,0.0
171,281,52.5,6,16.9,2018-06-21,32.1,0.0,12.5,24.2,0.0,1.9,21,2018,20180621,0.0
172,281,50.8,6,15.3,2018-06-22,32.3,0.0,9.9,24.2,0.0,1.3,22,2018,20180622,0.0
173,281,46.8,6,18.8,2018-06-23,32.6,0.0,7.3,25.1,0.0,1.6,23,2018,20180623,0.0
174,281,42.5,6,20.0,2018-06-24,36.3,0.0,11.9,27.6,0.0,2.3,24,2018,20180624,0.0
175,281,50.5,6,18.1,2018-06-25,35.0,0.0,7.2,26.8,0.0,1.1,25,2018,20180625,0.0
176,281,71.6,6,19.3,2018-06-26,28.7,0.1,0.0,24.8,0.0,1.7,26,2018,20180626,0.0
177,281,79.0,6,20.4,2018-06-27,31.2,67.0,4.7,25.6,0.0,2.1,27,2018,20180627,0.0
178,281,86.8,6,20.8,2018-06-28,24.9,14.0,0.0,22.8,0.0,1.1,28,2018,20180628,0.0
179,281,73.9,6,20.6,2018-06-29,30.9,0.0,6.7,25.7,0.0,1.1,29,2018,20180629,0.0
180,281,86.3,6,20.7,2018-06-30,26.1,3.5,0.1,23.0,0.0,0.9,30,2018,20180630,0.0
181,281,81.0,7,20.0,2018-07-01,30.7,34.0,1.3,25.0,0.0,1.7,1,2018,20180701,0.0
182,281,90.5,7,21.5,2018-07-02,28.2,69.0,1.0,24.7,0.0,1.2,2,2018,20180702,0.0
183,281,91.1,7,21.9,2018-07-03,25.2,27.0,0.0,23.4,0.0,3.2,3,2018,20180703,0.0
184,281,79.4,7,22.1,2018-07-04,33.5,12.0,8.4,25.3,0.0,2.7,4,2018,20180704,0.0
185,281,89.0,7,21.6,2018-07-05,24.2,11.0,0.1,22.5,0.0,1.5,5,2018,20180705,0.0
186,281,76.5,7,19.3,2018-07-06,23.2,0.1,0.1,21.3,0.0,2.3,6,2018,20180706,0.0
187,281,63.5,7,17.8,2018-07-07,24.5,0.0,5.6,20.4,0.0,2.3,7,2018,20180707,0.0
188,281,70.1,7,17.6,2018-07-08,22.3,0.0,0.0,19.5,0.0,1.8,8,2018,20180708,0.0
189,281,89.8,7,17.8,2018-07-09,20.1,3.0,0.0,19.0,0.0,1.5,9,2018,20180709,0.0
190,281,78.0,7,18.8,2018-07-10,31.4,0.0,3.8,24.8,0.0,1.1,10,2018,20180710,0.0
191,281,73.3,7,22.8,2018-07-11,34.5,0.0,4.4,28.1,0.0,0.9,11,2018,20180711,0.0
192,281,69.9,7,23.9,2018-07-12,35.0,0.0,10.6,29.2,0.0,1.2,12,2018,20180712,0.0
193,281,65.9,7,25.4,2018-07-13,35.3,0.0,12.5,29.9,0.0,1.3,13,2018,20180713,0.0
194,281,62.3,7,24.0,2018-07-14,36.8,0.0,12.9,29.9,0.0,1.6,14,2018,20180714,0.0
195,281,62.9,7,23.3,2018-07-15,37.2,0.0,12.8,30.3,0.0,1.3,15,2018,20180715,0.0
196,281,61.0,7,23.5,2018-07-16,37.5,0.0,12.6,30.6,0.0,1.4,16,2018,20180716,0.0
197,281,61.1,7,24.1,2018-07-17,36.8,0.0,12.0,30.3,0.0,1.5,17,2018,20180717,0.0
198,281,63.6,7,23.3,2018-07-18,36.7,0.0,12.1,30.1,0.0,1.3,18,2018,20180718,0.0
199,281,64.6,7,23.9,2018-07-19,37.3,0.0,11.8,30.3,0.0,1.1,19,2018,20180719,0.0
200,281,60.3,7,23.5,2018-07-20,38.4,0.0,12.2,30.8,0.0,1.3,20,2018,20180720,0.0
201,281,62.6,7,23.7,2018-07-21,37.8,0.0,12.3,30.8,0.0,1.4,21,2018,20180721,0.0
202,281,60.0,7,24.5,2018-07-22,36.6,0.0,10.5,30.6,0.0,1.6,22,2018,20180722,0.0
203,281,58.1,7,24.4,2018-07-23,38.2,0.0,12.9,31.2,0.0,1.4,23,2018,20180723,0.0
204,281,60.8,7,25.1,2018-07-24,38.9,0.0,11.3,31.3,0.0,1.4,24,2018,20180724,0.0
205,281,59.9,7,25.3,2018-07-25,38.9,0.0,10.4,31.8,0.0,1.4,25,2018,20180725,0.0
206,281,60.6,7,26.3,2018-07-26,39.1,0.0,9.5,31.9,0.0,1.3,26,2018,20180726,0.0
207,281,65.1,7,26.4,2018-07-27,37.9,0.0,9.3,31.1,0.0,1.7,27,2018,20180727,0.0
208,281,68.8,7,25.5,2018-07-28,33.2,0.0,7.2,28.8,0.0,1.7,28,2018,20180728,0.0
209,281,62.1,7,22.9,2018-07-29,35.7,0.0,7.5,28.8,0.0,2.2,29,2018,20180729,0.0
210,281,70.3,7,25.1,2018-07-30,32.6,0.5,7.5,27.9,0.0,2.1,30,2018,20180730,0.0
211,281,66.8,7,22.2,2018-07-31,34.3,0.0,12.4,28.3,0.0,1.8,31,2018,20180731,1.0
212,281,61.4,8,22.3,2018-08-01,36.9,0.0,12.8,29.3,0.0,1.8,1,2018,20180801,1.1
213,281,61.9,8,23.0,2018-08-02,36.6,0.0,12.1,29.7,0.0,1.7,2,2018,20180802,2.1
214,281,55.4,8,23.4,2018-08-03,38.6,0.0,12.5,31.2,0.0,1.6,3,2018,20180803,3.8
215,281,54.5,8,24.3,2018-08-04,39.1,0.0,10.7,31.9,0.0,2.0,4,2018,20180804,1.9
216,281,50.1,8,28.1,2018-08-05,38.0,0.0,10.4,32.2,0.0,2.8,5,2018,20180805,3.6
217,281,67.6,8,25.5,2018-08-06,35.5,12.0,4.4,29.3,0.0,1.8,6,2018,20180806,8.7
218,281,75.8,8,24.4,2018-08-07,31.3,0.0,4.8,27.0,0.0,1.8,7,2018,20180807,7.0
219,281,71.4,8,22.8,2018-08-08,34.7,0.0,10.2,27.7,0.0,1.7,8,2018,20180808,6.4
220,281,72.8,8,23.1,2018-08-09,36.3,0.1,6.8,27.9,0.0,1.7,9,2018,20180809,7.0
221,281,89.5,8,23.8,2018-08-10,26.9,27.5,0.0,25.4,0.0,1.6,10,2018,20180810,9.1
222,281,77.3,8,24.3,2018-08-11,30.3,0.1,2.3,26.5,0.0,1.5,11,2018,20180811,7.5
223,281,78.3,8,24.0,2018-08-12,31.9,1.5,3.7,27.5,0.0,1.4,12,2018,20180812,7.3
224,281,71.6,8,24.2,2018-08-13,37.6,0.0,11.0,29.9,0.0,1.1,13,2018,20180813,5.9
225,281,66.5,8,24.0,2018-08-14,36.2,0.0,11.6,29.5,0.0,1.3,14,2018,20180814,5.4
226,281,75.6,8,23.1,2018-08-15,33.9,5.5,9.8,27.9,0.0,2.2,15,2018,20180815,6.4
227,281,76.9,8,23.6,2018-08-16,31.5,4.0,1.9,25.9,0.0,1.9,16,2018,20180816,8.9
228,281,59.6,8,19.4,2018-08-17,28.1,0.0,8.1,24.0,0.0,3.3,17,2018,20180817,4.8
229,281,65.3,8,17.6,2018-08-18,28.5,0.0,9.6,22.5,0.0,1.7,18,2018,20180818,6.5
230,281,65.8,8,16.3,2018-08-19,31.2,0.0,11.3,23.8,0.0,1.3,19,2018,20180819,5.8
231,281,65.6,8,18.5,2018-08-20,32.6,0.0,11.0,25.4,0.0,1.4,20,2018,20180820,3.6
232,281,60.6,8,18.8,2018-08-21,36.0,0.0,12.1,28.0,0.0,1.6,21,2018,20180821,2.0
233,281,63.0,8,24.2,2018-08-22,34.3,0.0,9.5,29.2,0.0,2.5,22,2018,20180822,6.5
234,281,80.5,8,25.5,2018-08-23,29.1,8.5,0.1,27.2,0.0,2.6,23,2018,20180823,9.4
235,281,67.4,8,24.5,2018-08-24,33.5,1.5,5.7,28.4,0.0,3.5,24,2018,20180824,7.5
236,281,76.4,8,21.3,2018-08-25,31.9,2.5,4.4,24.8,0.0,1.4,25,2018,20180825,8.1
237,281,96.4,8,19.4,2018-08-26,23.0,94.0,0.0,20.8,0.0,0.9,26,2018,20180826,10.0
238,281,96.5,8,20.7,2018-08-27,25.6,62.0,0.1,23.3,0.0,0.8,27,2018,20180827,9.3
239,281,89.1,8,23.0,2018-08-28,32.6,6.0,2.6,25.3,0.0,1.2,28,2018,20180828,8.9
240,281,72.4,8,22.3,2018-08-29,33.2,0.0,8.6,27.5,0.0,1.5,29,2018,20180829,6.9
241,281,76.8,8,24.5,2018-08-30,32.2,1.5,4.2,27.6,0.0,1.6,30,2018,20180830,6.8
242,281,89.3,8,21.3,2018-08-31,26.5,16.5,0.0,23.4,0.0,1.4,31,2018,20180831,9.1
243,281,75.1,9,19.8,2018-09-01,27.5,0.0,7.8,23.1,0.0,2.0,1,2018,20180901,6.8
244,281,77.1,9,16.4,2018-09-02,25.7,2.5,4.1,21.3,0.0,1.8,2,2018,20180902,5.1
245,281,91.4,9,20.2,2018-09-03,27.6,4.0,0.7,24.0,0.0,0.8,3,2018,20180903,9.5
246,281,72.4,9,19.3,2018-09-04,30.4,41.5,8.0,23.7,0.0,1.9,4,2018,20180904,4.4
247,281,56.6,9,18.1,2018-09-05,30.5,0.0,11.7,23.9,0.0,2.4,5,2018,20180905,2.9
248,281,74.1,9,15.7,2018-09-06,27.9,0.1,1.8,21.9,0.0,0.9,6,2018,20180906,8.5
249,281,76.1,9,19.1,2018-09-07,27.1,3.0,1.2,22.0,0.0,1.4,7,2018,20180907,9.3
250,281,76.5,9,15.7,2018-09-08,25.1,0.0,2.1,19.5,0.0,0.8,8,2018,20180908,7.8
251,281,70.5,9,14.1,2018-09-09,27.2,0.0,10.1,20.6,0.0,1.7,9,2018,20180909,5.3
252,281,68.8,9,15.0,2018-09-10,24.9,2.0,9.9,19.7,0.0,2.0,10,2018,20180910,4.4
253,281,67.5,9,14.0,2018-09-11,23.9,0.0,5.8,19.1,0.0,2.2,11,2018,20180911,6.9
254,281,73.6,9,16.4,2018-09-12,25.1,0.0,4.3,20.2,0.0,1.5,12,2018,20180912,8.9
255,281,85.5,9,17.6,2018-09-13,23.8,0.5,0.0,20.7,0.0,1.0,13,2018,20180913,9.5
256,281,92.1,9,20.0,2018-09-14,23.6,11.5,0.0,21.7,0.0,1.3,14,2018,20180914,9.9
257,281,87.4,9,20.6,2018-09-15,24.8,0.5,0.0,22.3,0.0,1.0,15,2018,20180915,9.1
258,281,74.4,9,21.4,2018-09-16,29.5,0.0,3.9,24.1,0.0,1.3,16,2018,20180916,7.4
259,281,70.4,9,18.2,2018-09-17,29.0,0.0,6.9,22.8,0.0,1.5,17,2018,20180917,5.9
260,281,72.6,9,16.3,2018-09-18,29.3,0.0,9.7,22.1,0.0,1.0,18,2018,20180918,5.4
261,281,80.1,9,17.3,2018-09-19,27.0,1.0,2.0,21.8,0.0,1.2,19,2018,20180919,9.3
262,281,88.9,9,19.3,2018-09-20,22.1,7.5,0.0,20.3,0.0,1.5,20,2018,20180920,7.6
263,281,94.8,9,19.1,2018-09-21,20.6,32.0,0.0,19.8,0.0,1.0,21,2018,20180921,8.5
264,281,76.0,9,15.3,2018-09-22,27.2,0.0,8.2,20.4,0.0,1.4,22,2018,20180922,6.5
265,281,67.4,9,12.5,2018-09-23,27.5,0.0,10.2,19.8,0.0,1.2,23,2018,20180923,6.1
266,281,72.3,9,11.6,2018-09-24,21.8,0.0,0.2,16.8,0.0,1.1,24,2018,20180924,7.9
267,281,74.6,9,8.7,2018-09-25,23.4,0.0,9.1,15.5,0.0,1.3,25,2018,20180925,4.3
268,281,66.6,9,11.7,2018-09-26,22.6,0.0,6.1,17.1,0.0,1.9,26,2018,20180926,5.6
269,281,69.6,9,9.8,2018-09-27,23.5,0.0,9.3,15.9,0.0,1.5,27,2018,20180927,2.1
270,281,77.3,9,9.0,2018-09-28,22.2,0.0,1.3,15.4,0.0,0.9,28,2018,20180928,7.1
271,281,82.9,9,14.8,2018-09-29,21.4,0.5,0.2,18.0,0.0,0.7,29,2018,20180929,10.0
272,281,60.9,9,15.6,2018-09-30,27.2,0.5,6.8,19.6,0.0,2.2,30,2018,20180930,5.1
273,281,50.6,10,13.7,2018-10-01,21.5,0.1,6.5,16.6,0.0,3.1,1,2018,20181001,5.8
274,281,67.3,10,9.0,2018-10-02,23.5,0.0,10.9,15.4,0.0,1.2,2,2018,20181002,1.0
275,281,72.0,10,6.9,2018-10-03,24.5,0.0,10.8,15.1,0.0,0.9,3,2018,20181003,0.5
276,281,72.3,10,9.4,2018-10-04,23.6,0.5,8.2,17.1,0.0,1.6,4,2018,20181004,7.3
277,281,95.3,10,17.3,2018-10-05,20.1,62.5,0.0,18.7,0.0,0.8,5,2018,20181005,10.0
278,281,85.0,10,17.3,2018-10-06,23.4,71.0,1.8,20.7,0.0,3.2,6,2018,20181006,8.9
279,281,69.0,10,13.2,2018-10-07,26.2,0.0,9.7,18.7,0.0,1.6,7,2018,20181007,1.5
280,281,53.6,10,10.1,2018-10-08,22.3,0.0,10.4,15.5,0.0,1.6,8,2018,20181008,5.1
281,281,76.3,10,9.9,2018-10-09,20.6,0.0,2.3,15.1,0.0,0.7,9,2018,20181009,9.4
282,281,63.9,10,10.5,2018-10-10,19.5,0.0,5.2,14.7,0.0,2.2,10,2018,20181010,8.4
283,281,46.3,10,6.0,2018-10-11,17.6,0.0,10.1,11.7,0.0,2.8,11,2018,20181011,3.1
284,281,66.8,10,2.8,2018-10-12,19.1,0.0,10.7,10.7,0.0,1.0,12,2018,20181012,1.9
285,281,72.4,10,6.7,2018-10-13,20.9,0.0,6.9,12.9,0.0,0.9,13,2018,20181013,6.1
286,281,72.8,10,5.3,2018-10-14,21.5,0.0,8.9,13.2,0.0,0.7,14,2018,20181014,4.9
287,281,68.8,10,8.5,2018-10-15,22.3,0.0,9.8,14.5,0.0,1.2,15,2018,20181015,3.3
288,281,82.5,10,7.7,2018-10-16,18.1,0.0,0.5,12.9,0.0,0.7,16,2018,20181016,7.8
289,281,79.6,10,8.3,2018-10-17,20.4,0.0,7.1,12.7,0.0,1.0,17,2018,20181017,3.6
290,281,76.8,10,4.8,2018-10-18,19.8,0.5,7.3,11.8,0.0,1.4,18,2018,20181018,3.8
291,281,67.5,10,7.1,2018-10-19,21.1,0.5,8.3,12.7,0.0,1.3,19,2018,20181019,1.0
292,281,70.8,10,3.7,2018-10-20,21.1,0.0,7.7,10.4,0.0,0.7,20,2018,20181020,1.6
293,281,66.6,10,1.9,2018-10-21,22.1,0.0,9.9,10.5,0.0,0.6,21,2018,20181021,0.0
294,281,73.1,10,4.5,2018-10-22,21.7,0.0,5.8,13.0,0.0,0.6,22,2018,20181022,7.8
295,281,70.6,10,9.3,2018-10-23,22.2,0.0,7.2,14.9,0.0,1.1,23,2018,20181023,2.4
296,281,61.4,10,6.0,2018-10-24,20.8,0.0,9.7,12.5,0.0,1.4,24,2018,20181024,0.0
297,281,70.8,10,2.9,2018-10-25,21.2,0.0,9.7,11.5,0.0,0.8,25,2018,20181025,0.9
298,281,84.3,10,7.9,2018-10-26,15.7,8.5,0.0,12.0,0.0,1.1,26,2018,20181026,8.0
299,281,46.0,10,7.0,2018-10-27,16.7,0.0,6.3,11.7,0.0,3.4,27,2018,20181027,3.1
300,281,61.3,10,1.9,2018-10-28,18.2,0.1,8.0,11.0,0.0,2.1,28,2018,20181028,4.1
301,281,70.6,10,4.1,2018-10-29,17.6,1.0,6.3,10.0,0.0,1.9,29,2018,20181029,3.4
302,281,48.0,10,4.7,2018-10-30,14.1,0.0,9.8,8.5,0.0,2.9,30,2018,20181030,0.7
303,281,62.9,10,0.8,2018-10-31,15.9,0.0,9.5,7.5,0.0,1.5,31,2018,20181031,1.5
304,281,62.5,11,-1.1,2018-11-01,17.3,0.0,9.5,6.8,0.0,1.2,1,2018,20181101,0.0
305,281,64.0,11,-0.9,2018-11-02,19.0,0.0,9.4,7.8,0.0,0.6,2,2018,20181102,0.0
306,281,64.0,11,-0.3,2018-11-03,20.1,0.0,9.0,8.2,0.0,0.7,3,2018,20181103,1.8
307,281,63.9,11,0.1,2018-11-04,20.8,0.0,9.0,8.8,0.0,0.8,4,2018,20181104,2.4
308,281,73.3,11,0.7,2018-11-05,20.7,0.0,8.9,9.9,0.0,0.7,5,2018,20181105,3.3
309,281,78.1,11,4.9,2018-11-06,20.2,0.0,6.3,11.5,0.0,0.8,6,2018,20181106,4.6
310,281,82.4,11,9.1,2018-11-07,18.0,0.2,0.0,13.7,0.0,0.6,7,2018,20181107,9.9
311,281,92.8,11,12.3,2018-11-08,17.9,14.0,0.0,15.0,0.0,1.4,8,2018,20181108,8.8
312,281,63.0,11,5.4,2018-11-09,17.0,0.0,3.8,12.8,0.0,2.8,9,2018,20181109,4.9
313,281,77.3,11,1.8,2018-11-10,19.1,0.0,6.2,8.8,0.0,0.9,10,2018,20181110,2.0
314,281,77.9,11,2.1,2018-11-11,18.6,0.5,4.1,9.7,0.0,0.9,11,2018,20181111,6.8
315,281,71.4,11,5.2,2018-11-12,16.4,0.1,6.7,10.5,0.0,1.0,12,2018,20181112,6.0
316,281,74.5,11,4.8,2018-11-13,15.7,0.0,2.1,9.8,0.0,1.1,13,2018,20181113,5.4
317,281,78.6,11,1.9,2018-11-14,16.3,0.0,4.6,7.9,0.0,0.9,14,2018,20181114,2.5
318,281,75.8,11,1.0,2018-11-15,17.4,0.0,6.3,7.5,0.0,0.6,15,2018,20181115,3.6
319,281,80.8,11,2.2,2018-11-16,13.3,0.0,0.0,7.0,0.0,0.6,16,2018,20181116,7.4
320,281,71.9,11,3.0,2018-11-17,16.5,0.0,7.8,8.5,0.0,0.9,17,2018,20181117,3.3
321,281,45.1,11,3.0,2018-11-18,11.3,0.0,0.1,7.9,0.0,1.6,18,2018,20181118,9.3
322,281,56.6,11,1.0,2018-11-19,15.5,0.0,7.5,6.7,0.0,1.2,19,2018,20181119,2.6
323,281,52.6,11,-0.9,2018-11-20,15.1,0.0,7.8,5.5,0.0,1.0,20,2018,20181120,1.1
324,281,58.6,11,-2.2,2018-11-21,12.1,0.0,2.9,5.6,0.0,1.1,21,2018,20181121,7.6
325,281,42.8,11,-1.4,2018-11-22,9.8,0.0,7.7,4.8,0.0,2.6,22,2018,20181122,2.0
326,281,48.3,11,-4.9,2018-11-23,9.1,0.0,7.8,1.0,0.0,1.3,23,2018,20181123,0.0
327,281,72.9,11,-5.0,2018-11-24,4.5,0.2,0.4,-0.5,0.0,0.7,24,2018,20181124,8.6
328,281,84.3,11,-0.7,2018-11-25,12.3,0.0,2.4,3.9,0.0,1.3,25,2018,20181125,5.6
329,281,73.0,11,-3.2,2018-11-26,15.3,0.0,6.8,4.6,0.0,0.8,26,2018,20181126,0.4
330,281,73.5,11,-3.0,2018-11-27,16.5,0.0,7.5,5.9,0.0,1.1,27,2018,20181127,2.6
331,281,60.4,11,-0.7,2018-11-28,13.8,0.0,4.8,5.7,0.0,0.8,28,2018,20181128,4.0
332,281,57.5,11,-3.2,2018-11-29,12.8,0.0,5.6,4.2,0.0,0.7,29,2018,20181129,1.0
333,281,52.8,11,-2.6,2018-11-30,15.0,0.0,7.4,5.4,0.0,1.2,30,2018,20181130,1.5
334,281,62.5,12,0.2,2018-12-01,12.1,0.0,3.0,4.9,0.0,0.7,1,2018,20181201,6.9
335,281,72.0,12,-1.7,2018-12-02,16.1,0.0,6.2,7.0,0.0,0.6,2,2018,20181202,4.9
336,281,89.8,12,8.8,2018-12-03,16.2,2.0,0.7,12.0,0.0,0.4,3,2018,20181203,8.5
337,281,76.6,12,7.8,2018-12-04,16.7,13.0,0.9,12.1,0.0,2.4,4,2018,20181204,8.1
338,281,44.0,12,1.1,2018-12-05,11.8,0.0,7.0,6.9,0.0,1.9,5,2018,20181205,6.0
339,281,68.6,12,3.8,2018-12-06,7.5,2.0,0.9,5.3,0.0,2.5,6,2018,20181206,9.3
340,281,34.3,12,-5.4,2018-12-07,4.1,0.0,0.5,-2.0,0.0,4.7,7,2018,20181207,9.1
341,281,35.1,12,-7.3,2018-12-08,-0.1,0.0,7.6,-4.3,0.0,3.6,8,2018,20181208,3.4
342,281,31.3,12,-7.5,2018-12-09,2.3,0.0,7.1,-3.3,0.0,2.4,9,2018,20181209,3.5
343,281,53.6,12,-10.6,2018-12-10,7.0,0.0,7.7,-2.5,0.0,0.8,10,2018,20181210,1.8
344,281,82.4,12,-4.2,2018-12-11,2.0,3.5,0.0,0.2,0.0,0.9,11,2018,20181211,9.6
345,281,59.1,12,-4.1,2018-12-12,3.6,0.0,7.3,-0.4,0.0,2.6,12,2018,20181212,0.1
346,281,53.4,12,-6.1,2018-12-13,6.5,0.0,6.6,0.1,0.0,2.4,13,2018,20181213,2.4
347,281,43.8,12,-6.1,2018-12-14,3.8,0.0,7.7,-1.6,0.0,2.4,14,2018,20181214,0.0
348,281,54.6,12,-10.3,2018-12-15,5.9,0.0,7.7,-3.0,0.0,0.8,15,2018,20181215,3.3
349,281,82.6,12,-6.3,2018-12-16,2.2,1.0,0.8,-1.6,0.0,0.6,16,2018,20181216,8.9
350,281,63.1,12,-3.9,2018-12-17,7.8,0.0,6.0,1.8,0.0,1.9,17,2018,20181217,2.8
351,281,57.1,12,-2.6,2018-12-18,9.0,0.0,6.5,2.5,0.0,2.2,18,2018,20181218,1.8
352,281,66.8,12,-4.4,2018-12-19,13.1,0.0,5.4,3.1,0.0,0.9,19,2018,20181219,4.5
353,281,68.5,12,-2.6,2018-12-20,10.2,0.0,0.0,2.7,0.0,0.4,20,2018,20181220,6.1
354,281,71.1,12,-4.5,2018-12-21,13.0,0.0,7.0,3.2,0.0,0.5,21,2018,20181221,3.8
355,281,72.1,12,-2.4,2018-12-22,14.8,0.0,5.8,5.3,0.0,0.6,22,2018,20181222,4.1
356,281,49.9,12,2.2,2018-12-23,12.3,3.0,5.3,6.8,0.0,2.8,23,2018,20181223,3.8
357,281,33.8,12,-2.6,2018-12-24,6.1,0.0,7.6,0.7,0.0,2.5,24,2018,20181224,1.4
358,281,52.6,12,-4.9,2018-12-25,6.4,0.0,2.6,0.0,0.0,1.3,25,2018,20181225,7.0
359,281,40.6,12,-0.6,2018-12-26,10.0,0.0,6.1,3.4,0.0,1.7,26,2018,20181226,8.1
360,281,20.9,12,-8.1,2018-12-27,1.4,0.0,7.6,-3.6,0.0,4.8,27,2018,20181227,3.5
361,281,35.4,12,-9.5,2018-12-28,-1.7,0.0,7.6,-6.1,0.0,3.8,28,2018,20181228,0.0
362,281,30.4,12,-7.9,2018-12-29,-0.3,0.0,7.6,-4.5,0.0,4.2,29,2018,20181229,0.0
363,281,36.4,12,-7.5,2018-12-30,1.5,0.0,7.6,-4.0,0.0,2.0,30,2018,20181230,2.8
364,281,36.5,12,-11.3,2018-12-31,6.3,0.0,7.6,-2.4,0.0,1.6,31,2018,20181231,2.4
