,cloud,sunshine,day,month,tmax,wind,date,rainfall,station_id,tmin,snow,Date,year,humid,tavg
0,0.0,2.6,1,1,6.2,2.9,20120101,0.2,281,-4.8,0.0,2012-01-01,2012,57.4,0.5
1,0.0,7.5,2,1,4.2,2.3,20120102,0.0,281,-7.2,0.0,2012-01-02,2012,52.4,-2.3
2,0.0,3.6,3,1,3.8,2.7,20120103,0.1,281,-4.1,0.0,2012-01-03,2012,55.5,-1.2
3,0.0,7.1,4,1,-0.1,4.3,20120104,0.0,281,-5.8,0.0,2012-01-04,2012,48.6,-3.7
4,0.0,7.7,5,1,2.6,3.7,20120105,0.0,281,-7.0,0.0,2012-01-05,2012,44.3,-2.9
5,0.0,7.7,6,1,4.9,1.8,20120106,0.0,281,-8.3,0.0,2012-01-06,2012,48.9,-2.5
6,0.0,7.6,7,1,6.1,0.8,20120107,0.0,281,-11.5,0.0,2012-01-07,2012,59.4,-4.2
7,0.0,6.5,8,1,7.2,1.5,20120108,0.0,281,-11.0,0.0,2012-01-08,2012,51.4,-1.9
8,0.0,6.2,9,1,5.8,2.9,20120109,0.0,281,-2.2,0.0,2012-01-09,2012,53.4,1.0
9,0.0,5.1,10,1,5.5,2.6,20120110,0.0,281,-2.0,0.0,2012-01-10,2012,43.3,1.2
10,0.0,7.4,11,1,2.0,3.4,20120111,0.0,281,-5.7,0.0,2012-01-11,2012,34.6,-1.8
11,0.0,7.7,12,1,2.5,3.7,20120112,0.0,281,-7.9,0.0,2012-01-12,2012,43.0,-2.6
12,0.0,2.8,13,1,5.3,2.4,20120113,0.0,281,-8.0,0.0,2012-01-13,2012,56.4,-0.3
13,0.0,7.7,14,1,6.0,2.6,20120114,0.0,281,-4.4,0.0,2012-01-14,2012,31.6,0.1
14,0.0,2.5,15,1,5.7,1.3,20120115,0.0,281,-2.8,0.0,2012-01-15,2012,47.4,0.7
15,0.0,0.0,16,1,2.6,0.5,20120116,0.5,281,-3.2,0.0,2012-01-16,2012,78.3,0.0
16,0.0,0.3,17,1,8.5,0.5,20120117,0.0,281,-0.7,0.0,2012-01-17,2012,86.1,3.0
17,0.0,1.7,18,1,9.2,0.7,20120118,0.5,281,-1.8,0.0,2012-01-18,2012,83.6,3.5
18,0.0,0.0,19,1,8.5,1.7,20120119,6.5,281,3.8,0.0,2012-01-19,2012,82.9,6.2
19,0.0,0.3,20,1,9.3,2.1,20120120,0.2,281,4.0,0.0,2012-01-20,2012,66.9,6.8
20,0.0,0.2,21,1,8.4,0.9,20120121,1.5,281,1.9,0.0,2012-01-21,2012,79.6,4.8
21,0.0,5.6,22,1,4.0,3.9,20120122,0.0,281,-5.6,0.0,2012-01-22,2012,46.4,0.5
22,0.0,7.7,23,1,-1.5,4.3,20120123,0.0,281,-9.2,0.0,2012-01-23,2012,35.0,-5.8
23,0.0,7.3,24,1,0.3,2.8,20120124,0.0,281,-10.1,0.0,2012-01-24,2012,41.6,-5.5
24,0.0,7.1,25,1,-1.5,3.4,20120125,0.0,281,-11.5,0.0,2012-01-25,2012,43.6,-6.2
25,0.0,6.8,26,1,3.6,1.5,20120126,0.0,281,-14.3,0.0,2012-01-26,2012,54.5,-4.7
26,0.0,6.0,27,1,7.9,1.1,20120127,0.0,281,-7.9,0.0,2012-01-27,2012,67.3,-0.9
27,0.0,5.6,28,1,6.9,1.2,20120128,0.0,281,-3.2,0.0,2012-01-28,2012,50.4,0.4
28,0.0,7.7,29,1,6.8,1.6,20120129,0.0,281,-8.4,0.0,2012-01-29,2012,40.9,-1.2
29,0.0,7.6,30,1,3.5,3.1,20120130,0.0,281,-4.5,0.0,2012-01-30,2012,16.9,-1.3
30,0.0,5.8,31,1,4.7,2.2,20120131,0.2,281,-9.5,0.0,2012-01-31,2012,41.5,-0.5
31,0.0,8.2,1,2,1.8,5.1,20120201,1.0,281,-9.8,0.0,2012-02-01,2012,46.1,-5.4
32,0.0,8.6,2,2,-5.2,4.0,20120202,0.0,281,-13.8,0.0,2012-02-02,2012,36.6,-9.8
33,0.0,8.7,3,2,-0.4,4.0,20120203,0.0,281,-11.8,0.0,2012-02-03,2012,43.6,-6.2
34,0.0,6.9,4,2,5.1,2.3,20120204,0.0,281,-10.5,0.0,2012-02-04,2012,53.4,-2.7
35,0.0,3.5,5,2,7.2,0.7,20120205,0.0,281,-8.0,0.0,2012-02-05,2012,53.5,-1.6
36,0.0,1.8,6,2,7.2,0.7,20120206,0.0,281,-7.8,0.0,2012-02-06,2012,53.8,0.7
37,0.0,8.7,7,2,4.0,5.3,20120207,0.0,281,-8.5,0.0,2012-02-07,2012,34.4,-1.8
38,0.0,7.6,8,2,-1.2,4.6,20120208,0.0,281,-10.5,0.0,2012-02-08,2012,40.0,-6.0
39,0.0,8.7,9,2,2.6,2.9,20120209,0.0,281,-7.3,0.0,2012-02-09,2012,38.1,-2.0
40,0.0,4.5,10,2,4.6,2.8,20120210,0.0,281,-6.1,0.0,2012-02-10,2012,43.1,-1.1
41,0.0,10.1,11,2,5.3,2.9,20120211,0.0,281,-6.8,0.0,2012-02-11,2012,32.9,-1.3
42,0.0,9.6,12,2,7.8,1.2,20120212,0.0,281,-9.6,0.0,2012-02-12,2012,40.5,-0.2
43,0.0,0.0,13,2,3.9,0.7,20120213,0.2,281,-4.2,0.0,2012-02-13,2012,72.1,0.1
44,0.0,2.1,14,2,8.6,0.8,20120214,3.5,281,-4.9,0.0,2012-02-14,2012,83.1,1.6
45,0.0,5.6,15,2,9.7,1.4,20120215,0.0,281,-1.4,0.0,2012-02-15,2012,52.5,3.2
46,0.0,9.5,16,2,6.3,3.6,20120216,0.0,281,-1.5,0.0,2012-02-16,2012,24.0,1.6
47,0.0,9.0,17,2,1.6,4.7,20120217,0.0,281,-5.5,0.0,2012-02-17,2012,33.4,-2.9
48,0.0,10.4,18,2,1.7,3.7,20120218,0.0,281,-8.7,0.0,2012-02-18,2012,33.4,-4.1
49,0.0,10.5,19,2,3.7,3.2,20120219,0.0,281,-7.6,0.0,2012-02-19,2012,36.4,-3.0
50,0.0,10.1,20,2,8.8,1.6,20120220,0.0,281,-9.4,0.0,2012-02-20,2012,30.6,-0.2
51,0.0,2.3,21,2,7.2,1.0,20120221,0.5,281,-7.9,0.0,2012-02-21,2012,64.6,0.3
52,0.0,0.0,22,2,9.1,0.6,20120222,0.0,281,-1.8,0.0,2012-02-22,2012,81.8,3.4
53,0.0,6.8,23,2,13.3,2.2,20120223,0.0,281,0.5,0.0,2012-02-23,2012,62.3,6.7
54,0.0,0.0,24,2,6.8,1.8,20120224,0.0,281,2.4,0.0,2012-02-24,2012,61.1,4.8
55,0.0,0.2,25,2,6.8,2.0,20120225,0.0,281,1.4,0.0,2012-02-25,2012,62.1,3.8
56,0.0,2.1,26,2,6.3,1.9,20120226,0.0,281,-2.7,0.0,2012-02-26,2012,55.3,1.6
57,0.0,10.4,27,2,8.9,1.4,20120227,0.0,281,-7.7,0.0,2012-02-27,2012,52.9,0.1
58,0.0,0.0,28,2,7.2,1.0,20120228,0.0,281,-5.6,0.0,2012-02-28,2012,67.3,1.5
59,0.0,4.0,29,2,11.4,1.1,20120229,0.0,281,-0.1,0.0,2012-02-29,2012,66.5,5.3
60,0.0,8.5,1,3,14.8,1.4,20120301,0.0,281,-1.3,0.0,2012-03-01,2012,67.6,5.9
61,0.0,0.0,2,3,8.5,1.0,20120302,2.0,281,4.2,0.0,2012-03-02,2012,80.9,6.2
62,0.0,0.6,3,3,8.2,2.2,20120303,0.0,281,2.4,0.0,2012-03-03,2012,71.3,5.3
63,0.0,0.0,4,3,7.3,1.9,20120304,5.0,281,2.9,0.0,2012-03-04,2012,80.8,5.3
64,0.0,0.0,5,3,7.2,1.8,20120305,16.5,281,3.5,0.0,2012-03-05,2012,85.3,5.4
65,0.0,2.6,6,3,10.4,2.9,20120306,6.5,281,3.0,0.0,2012-03-06,2012,71.0,5.9
66,0.0,6.5,7,3,12.1,2.1,20120307,0.0,281,2.0,0.0,2012-03-07,2012,55.3,6.0
67,0.0,4.5,8,3,11.9,1.1,20120308,0.0,281,-1.4,0.0,2012-03-08,2012,60.4,5.0
68,0.0,5.6,9,3,11.3,1.6,20120309,0.0,281,-1.5,0.0,2012-03-09,2012,62.9,4.9
69,0.0,2.7,10,3,11.3,1.2,20120310,0.0,281,-0.2,0.0,2012-03-10,2012,67.8,5.0
70,0.0,9.3,11,3,5.2,5.2,20120311,0.0,281,-2.6,0.0,2012-03-11,2012,35.8,1.3
71,0.0,10.9,12,3,7.2,3.8,20120312,0.0,281,-5.0,0.0,2012-03-12,2012,32.4,0.6
72,0.0,10.9,13,3,9.4,2.3,20120313,0.0,281,-5.1,0.0,2012-03-13,2012,41.4,1.3
73,0.0,10.0,14,3,14.0,1.8,20120314,0.0,281,-7.0,0.0,2012-03-14,2012,48.1,4.1
74,0.0,10.0,15,3,12.8,2.5,20120315,0.0,281,0.2,0.0,2012-03-15,2012,50.3,6.2
75,0.0,0.0,16,3,11.1,0.9,20120316,3.0,281,1.4,0.0,2012-03-16,2012,74.5,6.7
76,0.0,0.0,17,3,14.2,1.3,20120317,0.5,281,8.2,0.0,2012-03-17,2012,84.5,9.4
77,0.0,3.8,18,3,18.1,1.7,20120318,0.0,281,4.7,0.0,2012-03-18,2012,73.1,9.4
78,0.0,5.9,19,3,12.4,1.9,20120319,0.0,281,3.1,0.0,2012-03-19,2012,45.5,6.4
79,0.0,10.8,20,3,12.4,2.9,20120320,0.0,281,-0.9,0.0,2012-03-20,2012,24.6,5.9
80,0.0,10.9,21,3,15.4,2.0,20120321,0.0,281,-2.1,0.0,2012-03-21,2012,30.3,5.9
81,0.0,0.5,22,3,10.2,1.4,20120322,5.5,281,-0.4,0.0,2012-03-22,2012,66.0,6.0
82,0.0,0.0,23,3,8.6,1.6,20120323,17.5,281,5.2,0.0,2012-03-23,2012,86.4,7.0
83,0.0,4.9,24,3,10.3,4.7,20120324,0.2,281,2.4,0.0,2012-03-24,2012,49.0,5.5
84,0.0,9.1,25,3,10.3,4.2,20120325,0.0,281,1.0,0.0,2012-03-25,2012,34.4,5.1
85,0.0,11.4,26,3,12.1,3.2,20120326,0.0,281,-0.9,0.0,2012-03-26,2012,32.3,6.0
86,0.0,10.6,27,3,18.4,3.2,20120327,0.0,281,1.8,0.0,2012-03-27,2012,29.1,10.7
87,0.0,10.4,28,3,19.6,2.0,20120328,0.0,281,2.5,0.0,2012-03-28,2012,52.8,9.8
88,0.0,8.3,29,3,20.0,2.2,20120329,0.0,281,-1.7,0.0,2012-03-29,2012,56.6,11.4
89,0.0,0.0,30,3,16.8,2.5,20120330,23.0,281,10.4,0.0,2012-03-30,2012,79.1,14.0
90,0.0,9.8,31,3,13.7,4.8,20120331,0.0,281,4.6,0.0,2012-03-31,2012,32.8,8.5
91,0.0,11.2,1,4,13.3,2.5,20120401,0.0,281,0.8,0.0,2012-04-01,2012,35.4,6.1
92,0.0,9.1,2,4,19.9,1.5,20120402,0.0,281,-1.2,0.0,2012-04-02,2012,52.8,11.1
93,0.0,1.5,3,4,15.7,4.7,20120403,21.5,281,3.5,0.0,2012-04-03,2012,62.6,8.4
94,0.0,10.4,4,4,17.6,4.0,20120404,0.0,281,1.9,0.0,2012-04-04,2012,32.9,10.5
95,0.0,11.3,5,4,17.2,4.1,20120405,0.0,281,4.8,0.0,2012-04-05,2012,30.6,10.3
96,0.0,9.4,6,4,14.7,3.8,20120406,0.0,281,-0.8,0.0,2012-04-06,2012,30.0,7.1
97,0.0,11.6,7,4,15.3,2.9,20120407,0.0,281,1.1,0.0,2012-04-07,2012,36.6,7.0
98,0.0,11.2,8,4,24.4,2.7,20120408,0.0,281,-1.1,0.0,2012-04-08,2012,40.4,13.5
99,0.0,9.5,9,4,24.5,1.7,20120409,0.0,281,10.8,0.0,2012-04-09,2012,49.5,17.2
100,0.0,0.0,10,4,19.5,1.7,20120410,0.3,281,9.0,0.0,2012-04-10,2012,64.8,14.8
101,0.0,2.3,11,4,20.7,2.2,20120411,1.0,281,8.2,0.0,2012-04-11,2012,76.8,14.6
102,0.0,10.2,12,4,21.1,2.9,20120412,0.0,281,4.5,0.0,2012-04-12,2012,43.8,13.3
103,0.0,0.3,13,4,14.9,1.7,20120413,2.0,281,9.4,0.0,2012-04-13,2012,59.3,11.5
104,0.0,11.2,14,4,23.5,1.9,20120414,0.0,281,8.4,0.0,2012-04-14,2012,52.6,15.0
105,0.0,9.1,15,4,26.0,1.1,20120415,0.0,281,6.8,0.0,2012-04-15,2012,48.0,16.4
106,0.0,9.4,16,4,24.5,2.3,20120416,0.0,281,8.7,0.0,2012-04-16,2012,51.0,14.8
107,0.0,11.6,17,4,18.3,2.2,20120417,0.0,281,4.6,0.0,2012-04-17,2012,59.1,11.1
108,0.0,8.9,18,4,21.6,1.6,20120418,0.0,281,2.7,0.0,2012-04-18,2012,58.9,11.7
109,0.0,1.8,19,4,17.0,2.2,20120419,0.0,281,5.3,0.0,2012-04-19,2012,68.6,11.8
110,0.0,3.6,20,4,17.8,2.8,20120420,0.4,281,10.8,0.0,2012-04-20,2012,68.0,13.2
111,0.0,0.0,21,4,15.7,3.2,20120421,39.0,281,10.8,0.0,2012-04-21,2012,82.5,12.6
112,0.0,4.7,22,4,22.0,2.8,20120422,0.5,281,9.4,0.0,2012-04-22,2012,67.8,15.9
113,0.0,10.3,23,4,25.8,1.4,20120423,0.0,281,6.0,0.0,2012-04-23,2012,64.1,16.3
114,0.0,10.7,24,4,30.7,1.1,20120424,0.0,281,9.7,0.0,2012-04-24,2012,54.9,19.8
115,0.0,0.0,25,4,15.8,1.5,20120425,24.0,281,12.3,0.0,2012-04-25,2012,81.6,13.8
116,0.0,11.5,26,4,19.5,4.3,20120426,0.0,281,5.9,0.0,2012-04-26,2012,46.3,14.3
117,0.0,12.0,27,4,24.7,1.5,20120427,0.0,281,2.9,0.0,2012-04-27,2012,41.0,14.4
118,0.0,11.6,28,4,28.1,1.5,20120428,0.0,281,4.0,0.0,2012-04-28,2012,42.8,17.0
119,0.0,2.0,29,4,21.9,0.7,20120429,0.0,281,7.9,0.0,2012-04-29,2012,62.9,15.6
120,0.0,3.3,30,4,21.5,2.5,20120430,0.0,281,12.8,0.0,2012-04-30,2012,62.9,17.6
121,0.0,0.0,1,5,22.4,1.4,20120501,7.0,281,15.8,0.0,2012-05-01,2012,70.6,18.1
122,0.0,0.0,2,5,18.4,0.9,20120502,1.0,281,15.3,0.0,2012-05-02,2012,84.5,16.5
123,0.0,3.4,3,5,22.2,1.4,20120503,2.0,281,14.5,0.0,2012-05-03,2012,81.0,16.4
124,0.0,12.3,4,5,29.7,1.9,20120504,0.0,281,12.2,0.0,2012-05-04,2012,57.3,20.1
125,0.0,11.4,5,5,28.3,2.9,20120505,0.0,281,13.0,0.0,2012-05-05,2012,34.0,21.7
126,0.0,11.3,6,5,26.2,3.0,20120506,0.0,281,12.2,0.0,2012-05-06,2012,28.9,19.2
127,0.0,11.3,7,5,28.4,1.7,20120507,0.0,281,8.0,0.0,2012-05-07,2012,42.5,18.4
128,0.0,7.2,8,5,29.4,1.7,20120508,6.0,281,11.6,0.0,2012-05-08,2012,59.0,17.9
129,0.0,9.0,9,5,26.6,2.0,20120509,0.0,281,11.7,0.0,2012-05-09,2012,73.1,16.9
130,0.0,0.0,10,5,16.6,2.4,20120510,0.0,281,11.1,0.0,2012-05-10,2012,71.5,13.9
131,0.0,0.0,11,5,14.8,2.1,20120511,0.0,281,11.6,0.0,2012-05-11,2012,68.9,12.8
132,0.0,9.9,12,5,21.6,1.8,20120512,0.0,281,10.5,0.0,2012-05-12,2012,61.5,14.6
133,0.0,2.3,13,5,22.7,1.1,20120513,0.0,281,9.0,0.0,2012-05-13,2012,63.0,15.8
134,0.0,0.0,14,5,16.4,0.7,20120514,20.0,281,10.8,0.0,2012-05-14,2012,82.9,14.5
135,0.0,8.2,15,5,24.8,2.3,20120515,1.0,281,12.3,0.0,2012-05-15,2012,60.9,18.7
136,0.0,11.1,16,5,26.1,1.3,20120516,0.0,281,8.9,0.0,2012-05-16,2012,55.1,18.5
137,0.0,4.9,17,5,24.4,2.2,20120517,0.5,281,9.1,0.0,2012-05-17,2012,64.1,15.9
138,0.0,12.6,18,5,26.7,1.4,20120518,0.0,281,6.3,0.0,2012-05-18,2012,54.4,16.8
139,0.0,6.6,19,5,25.9,1.1,20120519,0.0,281,8.2,0.0,2012-05-19,2012,57.9,17.7
140,0.0,11.2,20,5,27.5,1.7,20120520,0.0,281,10.4,0.0,2012-05-20,2012,59.4,18.8
141,0.0,12.2,21,5,25.9,1.8,20120521,0.0,281,10.1,0.0,2012-05-21,2012,63.6,17.8
142,0.0,12.7,22,5,27.1,1.7,20120522,0.0,281,9.1,0.0,2012-05-22,2012,54.8,18.8
143,0.0,8.2,23,5,30.2,1.2,20120523,0.0,281,11.6,0.0,2012-05-23,2012,52.6,20.6
144,0.0,5.1,24,5,29.1,1.2,20120524,1.5,281,13.3,0.0,2012-05-24,2012,65.9,19.8
145,0.0,6.3,25,5,27.0,1.3,20120525,0.1,281,16.4,0.0,2012-05-25,2012,63.4,20.9
146,0.0,11.8,26,5,28.8,1.3,20120526,0.0,281,12.7,0.0,2012-05-26,2012,46.8,20.1
147,0.0,11.5,27,5,30.7,2.1,20120527,0.5,281,9.7,0.0,2012-05-27,2012,50.9,20.7
148,0.0,4.5,28,5,24.0,2.2,20120528,1.0,281,13.2,0.0,2012-05-28,2012,73.8,17.6
149,0.0,4.7,29,5,28.3,1.7,20120529,0.0,281,12.0,0.0,2012-05-29,2012,70.0,18.6
150,0.0,0.0,30,5,21.1,1.7,20120530,1.0,281,16.2,0.0,2012-05-30,2012,75.6,18.2
151,0.0,5.5,31,5,23.9,1.6,20120531,0.0,281,15.1,0.0,2012-05-31,2012,70.1,18.3
152,0.0,7.9,1,6,25.9,2.2,20120601,0.0,281,12.0,0.0,2012-06-01,2012,67.4,18.7
153,0.0,5.1,2,6,24.6,2.0,20120602,0.0,281,15.0,0.0,2012-06-02,2012,67.3,18.9
154,0.0,12.6,3,6,28.1,1.8,20120603,0.0,281,12.1,0.0,2012-06-03,2012,59.3,20.3
155,0.0,7.8,4,6,29.7,1.2,20120604,0.0,281,12.9,0.0,2012-06-04,2012,53.8,22.5
156,0.0,9.4,5,6,31.8,1.7,20120605,0.0,281,17.8,0.0,2012-06-05,2012,57.4,24.3
157,0.0,7.4,6,6,30.8,2.3,20120606,0.0,281,18.0,0.0,2012-06-06,2012,50.4,24.1
158,0.0,6.4,7,6,31.1,1.6,20120607,0.0,281,17.0,0.0,2012-06-07,2012,55.9,24.3
159,0.0,0.1,8,6,22.7,1.4,20120608,9.5,281,17.8,0.0,2012-06-08,2012,81.8,19.4
160,0.0,5.7,9,6,26.4,1.5,20120609,0.5,281,16.1,0.0,2012-06-09,2012,75.4,20.1
161,0.0,10.4,10,6,28.6,1.8,20120610,0.0,281,13.9,0.0,2012-06-10,2012,66.8,21.1
162,0.0,2.2,11,6,26.3,1.8,20120611,0.0,281,15.7,0.0,2012-06-11,2012,68.9,20.9
163,0.0,6.8,12,6,26.7,2.4,20120612,0.0,281,17.2,0.0,2012-06-12,2012,67.8,21.5
164,0.0,4.2,13,6,23.2,2.4,20120613,0.0,281,16.8,0.0,2012-06-13,2012,68.5,19.8
165,0.0,2.5,14,6,24.0,2.4,20120614,0.0,281,14.8,0.0,2012-06-14,2012,68.0,19.5
166,0.0,0.0,15,6,21.3,1.6,20120615,14.0,281,19.0,0.0,2012-06-15,2012,80.5,19.7
167,0.0,4.8,16,6,26.4,1.6,20120616,0.0,281,18.2,0.0,2012-06-16,2012,74.0,21.6
168,0.0,8.8,17,6,31.5,1.5,20120617,0.0,281,16.8,0.0,2012-06-17,2012,58.3,24.2
169,0.0,1.8,18,6,28.6,1.2,20120618,3.5,281,17.7,0.0,2012-06-18,2012,71.1,22.0
170,0.0,3.2,19,6,26.4,1.6,20120619,15.0,281,18.0,0.0,2012-06-19,2012,77.0,21.0
171,0.0,3.0,20,6,26.3,1.9,20120620,0.0,281,17.3,0.0,2012-06-20,2012,70.5,21.9
172,0.0,10.4,21,6,27.5,2.0,20120621,0.0,281,17.9,0.0,2012-06-21,2012,69.1,22.0
173,0.0,10.1,22,6,31.0,1.4,20120622,1.0,281,15.3,0.0,2012-06-22,2012,67.4,22.6
174,0.0,5.6,23,6,30.4,1.3,20120623,13.5,281,18.5,0.0,2012-06-23,2012,72.0,23.5
175,0.0,0.5,24,6,24.8,2.4,20120624,0.0,281,19.0,0.0,2012-06-24,2012,67.5,21.7
176,0.0,2.7,25,6,23.8,3.0,20120625,0.0,281,15.1,0.0,2012-06-25,2012,69.0,20.0
177,0.0,0.5,26,6,23.2,3.5,20120626,0.1,281,18.0,0.0,2012-06-26,2012,68.6,20.1
178,0.0,0.0,27,6,21.4,2.4,20120627,0.3,281,17.0,0.0,2012-06-27,2012,73.6,19.2
179,0.0,3.5,28,6,25.6,1.9,20120628,0.0,281,17.0,0.0,2012-06-28,2012,72.4,20.9
180,0.0,4.2,29,6,30.2,1.5,20120629,0.0,281,17.1,0.0,2012-06-29,2012,68.1,23.6
181,0.0,0.0,30,6,29.0,1.5,20120630,29.0,281,21.3,0.0,2012-06-30,2012,81.8,24.5
182,0.0,4.6,1,7,30.1,2.4,20120701,1.0,281,19.7,0.0,2012-07-01,2012,66.9,24.6
183,0.0,9.3,2,7,31.4,1.4,20120702,0.0,281,17.8,0.0,2012-07-02,2012,63.3,25.0
184,0.0,7.0,3,7,32.7,1.4,20120703,0.0,281,20.3,0.0,2012-07-03,2012,63.4,26.6
185,0.0,8.0,4,7,33.5,2.1,20120704,0.0,281,22.5,0.0,2012-07-04,2012,61.0,28.1
186,0.0,0.0,5,7,26.5,1.4,20120705,26.5,281,23.1,0.0,2012-07-05,2012,81.8,24.4
187,0.0,0.1,6,7,27.8,1.7,20120706,25.5,281,20.9,0.0,2012-07-06,2012,83.3,24.2
188,0.0,4.1,7,7,25.9,1.6,20120707,4.5,281,19.7,0.0,2012-07-07,2012,75.5,21.7
189,0.0,9.8,8,7,31.7,1.3,20120708,0.0,281,19.2,0.0,2012-07-08,2012,66.9,24.0
190,0.0,7.6,9,7,32.2,1.4,20120709,0.0,281,18.1,0.0,2012-07-09,2012,69.3,25.1
191,0.0,2.0,10,7,29.0,1.9,20120710,0.5,281,21.8,0.0,2012-07-10,2012,71.4,24.9
192,0.0,0.0,11,7,28.1,1.4,20120711,38.5,281,22.5,0.0,2012-07-11,2012,85.3,24.6
193,0.0,2.1,12,7,31.3,1.6,20120712,0.0,281,22.0,0.0,2012-07-12,2012,70.8,26.1
194,0.0,3.3,13,7,30.4,1.3,20120713,55.5,281,22.2,0.0,2012-07-13,2012,81.8,24.4
195,0.0,0.0,14,7,25.7,2.1,20120714,21.5,281,19.7,0.0,2012-07-14,2012,84.3,22.4
196,0.0,0.0,15,7,24.7,2.2,20120715,43.5,281,19.5,0.0,2012-07-15,2012,86.8,21.9
197,0.0,0.0,16,7,24.4,2.3,20120716,0.5,281,20.7,0.0,2012-07-16,2012,80.4,21.8
198,0.0,0.0,17,7,23.9,1.6,20120717,5.5,281,19.9,0.0,2012-07-17,2012,84.9,21.9
199,0.0,0.0,18,7,26.1,2.2,20120718,14.0,281,21.6,0.0,2012-07-18,2012,83.9,23.9
200,0.0,2.9,19,7,31.9,2.5,20120719,2.5,281,23.7,0.0,2012-07-19,2012,73.0,27.5
201,0.0,7.4,20,7,31.7,1.9,20120720,0.0,281,23.2,0.0,2012-07-20,2012,69.8,27.3
202,0.0,7.3,21,7,28.9,2.3,20120721,0.0,281,21.4,0.0,2012-07-21,2012,78.8,24.5
203,0.0,0.9,22,7,28.6,2.0,20120722,0.0,281,22.1,0.0,2012-07-22,2012,80.4,24.6
204,0.0,10.0,23,7,34.2,1.3,20120723,0.0,281,22.2,0.0,2012-07-23,2012,69.0,28.3
205,0.0,9.3,24,7,35.9,1.1,20120724,0.0,281,24.3,0.0,2012-07-24,2012,68.4,29.4
206,0.0,10.2,25,7,35.4,1.2,20120725,0.0,281,23.5,0.0,2012-07-25,2012,68.3,29.3
207,0.0,10.4,26,7,36.0,1.4,20120726,0.0,281,23.5,0.0,2012-07-26,2012,65.1,29.4
208,0.0,8.1,27,7,35.0,1.6,20120727,0.0,281,23.7,0.0,2012-07-27,2012,65.3,29.3
209,0.0,12.5,28,7,35.4,2.2,20120728,0.0,281,24.1,0.0,2012-07-28,2012,62.0,29.1
210,0.0,9.6,29,7,36.4,1.3,20120729,0.0,281,22.2,0.0,2012-07-29,2012,63.9,29.7
211,0.0,8.6,30,7,35.9,1.6,20120730,0.0,281,24.4,0.0,2012-07-30,2012,62.6,30.2
212,0.0,10.8,31,7,36.9,1.4,20120731,0.0,281,24.7,0.0,2012-07-31,2012,62.3,30.3
213,0.0,12.0,1,8,33.7,2.4,20120801,0.0,281,23.9,0.0,2012-08-01,2012,63.9,28.5
214,0.0,2.1,2,8,31.3,2.4,20120802,0.0,281,25.3,0.0,2012-08-02,2012,71.4,27.6
215,0.0,7.4,3,8,32.3,2.1,20120803,0.0,281,25.0,0.0,2012-08-03,2012,73.5,27.6
216,0.0,10.4,4,8,32.6,1.8,20120804,0.0,281,24.3,0.0,2012-08-04,2012,72.1,27.5
217,0.0,6.7,5,8,34.9,1.7,20120805,0.0,281,22.8,0.0,2012-08-05,2012,65.1,28.4
218,0.0,10.3,6,8,32.7,2.2,20120806,0.0,281,22.1,0.0,2012-08-06,2012,66.4,27.4
219,0.0,9.2,7,8,31.7,2.1,20120807,0.0,281,23.1,0.0,2012-08-07,2012,64.6,26.7
220,0.0,8.7,8,8,31.1,1.7,20120808,0.0,281,19.9,0.0,2012-08-08,2012,68.4,25.4
221,0.0,8.5,9,8,34.3,1.2,20120809,0.0,281,20.3,0.0,2012-08-09,2012,65.8,27.2
222,0.0,1.1,10,8,34.1,1.1,20120810,11.5,281,23.3,0.0,2012-08-10,2012,79.3,25.4
223,0.0,5.5,11,8,33.2,1.1,20120811,0.0,281,22.9,0.0,2012-08-11,2012,70.0,27.5
224,0.0,1.1,12,8,30.9,1.0,20120812,14.5,281,24.6,0.0,2012-08-12,2012,77.6,26.9
225,0.0,0.1,13,8,28.7,1.2,20120813,109.0,281,22.2,0.0,2012-08-13,2012,89.0,24.3
226,0.0,0.0,14,8,26.7,1.3,20120814,0.1,281,22.1,0.0,2012-08-14,2012,82.8,24.1
227,0.0,1.9,15,8,32.3,1.9,20120815,0.0,281,23.2,0.0,2012-08-15,2012,71.4,28.1
228,0.0,1.4,16,8,32.6,1.8,20120816,12.0,281,23.4,0.0,2012-08-16,2012,78.1,27.2
229,0.0,5.4,17,8,31.8,1.5,20120817,0.0,281,23.1,0.0,2012-08-17,2012,78.4,27.1
230,0.0,6.2,18,8,34.3,1.1,20120818,5.5,281,24.1,0.0,2012-08-18,2012,76.4,28.5
231,0.0,5.5,19,8,34.0,1.3,20120819,0.1,281,24.8,0.0,2012-08-19,2012,70.3,29.0
232,0.0,1.0,20,8,32.1,1.3,20120820,0.0,281,23.6,0.0,2012-08-20,2012,74.4,27.4
233,0.0,7.4,21,8,33.1,1.3,20120821,0.2,281,22.9,0.0,2012-08-21,2012,72.5,27.3
234,0.0,0.0,22,8,29.2,1.1,20120822,26.5,281,23.3,0.0,2012-08-22,2012,86.1,24.6
235,0.0,0.0,23,8,23.6,1.2,20120823,129.0,281,20.6,0.0,2012-08-23,2012,90.0,21.5
236,0.0,0.0,24,8,21.5,2.0,20120824,25.5,281,20.5,0.0,2012-08-24,2012,88.4,20.9
237,0.0,6.5,25,8,31.1,1.4,20120825,0.0,281,20.6,0.0,2012-08-25,2012,78.1,25.1
238,0.0,11.5,26,8,31.8,1.8,20120826,0.0,281,21.3,0.0,2012-08-26,2012,75.1,26.3
239,0.0,3.5,27,8,30.5,2.4,20120827,0.0,281,22.5,0.0,2012-08-27,2012,75.3,26.9
240,0.0,0.4,28,8,29.7,4.5,20120828,28.5,281,24.8,0.0,2012-08-28,2012,75.0,26.7
241,0.0,6.0,29,8,31.8,2.4,20120829,0.0,281,23.1,0.0,2012-08-29,2012,66.5,27.3
242,0.0,0.0,30,8,27.5,2.4,20120830,8.5,281,19.7,0.0,2012-08-30,2012,80.5,24.5
243,0.0,5.9,31,8,28.6,2.0,20120831,0.5,281,18.6,0.0,2012-08-31,2012,72.8,22.3
244,0.0,1.7,1,9,28.4,1.3,20120901,0.0,281,19.1,0.0,2012-09-01,2012,78.0,22.1
245,0.0,5.8,2,9,29.7,1.5,20120902,0.0,281,19.2,0.0,2012-09-02,2012,75.3,22.8
246,0.0,5.3,3,9,29.9,1.3,20120903,0.0,281,17.3,0.0,2012-09-03,2012,78.4,23.0
247,0.0,4.2,4,9,29.8,0.9,20120904,1.5,281,18.6,0.0,2012-09-04,2012,77.6,23.6
248,0.0,4.8,5,9,29.4,1.5,20120905,13.5,281,19.8,0.0,2012-09-05,2012,71.0,23.8
249,0.0,11.5,6,9,28.6,1.6,20120906,0.0,281,15.4,0.0,2012-09-06,2012,60.1,21.2
250,0.0,7.1,7,9,28.5,1.7,20120907,0.0,281,13.7,0.0,2012-09-07,2012,71.9,21.5
251,0.0,6.5,8,9,29.6,1.8,20120908,33.0,281,19.0,0.0,2012-09-08,2012,75.4,23.3
252,0.0,0.0,9,9,21.9,1.2,20120909,8.0,281,18.5,0.0,2012-09-09,2012,81.3,20.0
253,0.0,0.4,10,9,23.5,1.0,20120910,25.0,281,15.5,0.0,2012-09-10,2012,83.8,19.4
254,0.0,8.1,11,9,26.1,1.2,20120911,0.0,281,13.4,0.0,2012-09-11,2012,77.1,18.7
255,0.0,8.1,12,9,27.8,0.9,20120912,0.0,281,12.4,0.0,2012-09-12,2012,72.8,20.2
256,0.0,2.1,13,9,29.0,1.1,20120913,0.0,281,19.4,0.0,2012-09-13,2012,73.8,23.1
257,0.0,0.0,14,9,21.9,1.4,20120914,3.5,281,18.0,0.0,2012-09-14,2012,84.8,20.2
258,0.0,0.1,15,9,22.4,1.1,20120915,12.5,281,17.2,0.0,2012-09-15,2012,83.3,19.0
259,0.0,0.0,16,9,21.5,1.2,20120916,83.0,281,17.3,0.0,2012-09-16,2012,88.5,19.2
260,0.0,0.0,17,9,24.6,3.6,20120917,85.5,281,18.8,0.0,2012-09-17,2012,80.6,20.8
261,0.0,2.9,18,9,25.9,1.6,20120918,0.0,281,16.8,0.0,2012-09-18,2012,70.0,21.6
262,0.0,9.6,19,9,26.9,1.6,20120919,0.0,281,15.4,0.0,2012-09-19,2012,69.1,20.2
263,0.0,9.4,20,9,26.1,1.1,20120920,0.0,281,12.0,0.0,2012-09-20,2012,69.8,18.4
264,0.0,5.3,21,9,24.8,0.9,20120921,0.0,281,11.9,0.0,2012-09-21,2012,73.6,18.3
265,0.0,6.2,22,9,26.9,1.1,20120922,0.0,281,13.1,0.0,2012-09-22,2012,76.3,18.6
266,0.0,7.7,23,9,26.2,1.2,20120923,0.0,281,13.1,0.0,2012-09-23,2012,71.5,18.9
267,0.0,11.1,24,9,25.4,1.3,20120924,0.0,281,11.9,0.0,2012-09-24,2012,73.0,17.8
268,0.0,10.5,25,9,24.6,1.7,20120925,0.0,281,12.3,0.0,2012-09-25,2012,73.4,17.9
269,0.0,6.2,26,9,24.2,1.4,20120926,0.0,281,10.9,0.0,2012-09-26,2012,75.1,17.4
270,0.0,2.0,27,9,24.5,1.2,20120927,0.0,281,13.3,0.0,2012-09-27,2012,77.8,18.2
271,0.0,5.1,28,9,25.4,1.2,20120928,0.0,281,12.6,0.0,2012-09-28,2012,72.1,18.7
272,0.0,8.9,29,9,23.7,2.4,20120929,0.0,281,11.1,0.0,2012-09-29,2012,59.0,17.5
273,0.0,6.4,30,9,23.1,1.1,20120930,0.0,281,7.4,0.0,2012-09-30,2012,69.1,15.8
274,0.0,9.9,1,10,24.3,1.2,20121001,0.0,281,10.3,0.0,2012-10-01,2012,69.0,16.5
275,0.0,5.3,2,10,23.7,1.0,20121002,0.0,281,10.1,0.0,2012-10-02,2012,75.1,16.1
276,0.0,8.7,3,10,23.9,1.2,20121003,0.0,281,8.3,0.0,2012-10-03,2012,72.5,15.2
277,0.0,10.4,4,10,25.5,1.1,20121004,0.0,281,8.6,0.0,2012-10-04,2012,65.3,15.9
278,0.0,3.3,5,10,24.0,1.0,20121005,0.0,281,8.9,0.0,2012-10-05,2012,73.4,16.1
279,0.0,3.6,6,10,25.3,1.0,20121006,0.0,281,11.2,0.0,2012-10-06,2012,73.6,16.9
280,0.0,10.4,7,10,22.6,1.7,20121007,0.0,281,9.1,0.0,2012-10-07,2012,68.5,14.9
281,0.0,3.0,8,10,21.0,1.0,20121008,0.0,281,6.9,0.0,2012-10-08,2012,73.3,12.7
282,0.0,7.2,9,10,21.6,1.3,20121009,0.0,281,4.8,0.0,2012-10-09,2012,73.8,13.7
283,0.0,6.6,10,10,23.5,1.2,20121010,0.0,281,7.5,0.0,2012-10-10,2012,74.9,14.9
284,0.0,10.8,11,10,21.5,2.1,20121011,0.0,281,9.1,0.0,2012-10-11,2012,63.1,14.8
285,0.0,9.5,12,10,22.2,0.9,20121012,0.0,281,5.5,0.0,2012-10-12,2012,68.5,12.7
286,0.0,6.6,13,10,24.0,0.7,20121013,0.0,281,5.8,0.0,2012-10-13,2012,69.1,13.0
287,0.0,7.4,14,10,24.6,1.3,20121014,0.0,281,6.8,0.0,2012-10-14,2012,69.5,14.6
288,0.0,9.6,15,10,22.4,1.3,20121015,0.0,281,5.5,0.0,2012-10-15,2012,65.6,12.5
289,0.0,7.4,16,10,21.4,1.5,20121016,0.0,281,7.1,0.0,2012-10-16,2012,71.9,14.2
290,0.0,2.5,17,10,19.0,2.1,20121017,0.2,281,9.3,0.0,2012-10-17,2012,66.6,13.4
291,0.0,10.7,18,10,18.9,1.7,20121018,0.0,281,3.1,0.0,2012-10-18,2012,52.1,10.2
292,0.0,9.9,19,10,21.2,1.3,20121019,0.0,281,1.7,0.0,2012-10-19,2012,63.8,10.6
293,0.0,5.6,20,10,21.2,0.9,20121020,0.0,281,2.8,0.0,2012-10-20,2012,68.6,10.8
294,0.0,9.6,21,10,24.9,0.9,20121021,0.0,281,4.5,0.0,2012-10-21,2012,68.6,13.7
295,0.0,1.6,22,10,24.6,1.9,20121022,22.5,281,8.4,0.0,2012-10-22,2012,74.4,15.1
296,0.0,10.1,23,10,16.8,3.3,20121023,0.0,281,4.2,0.0,2012-10-23,2012,49.6,11.0
297,0.0,5.9,24,10,18.7,1.0,20121024,0.0,281,2.5,0.0,2012-10-24,2012,69.9,9.9
298,0.0,9.6,25,10,21.9,1.0,20121025,0.0,281,2.6,0.0,2012-10-25,2012,71.0,11.1
299,0.0,7.8,26,10,23.1,0.8,20121026,0.0,281,4.4,0.0,2012-10-26,2012,73.4,12.4
300,0.0,0.0,27,10,15.7,0.6,20121027,14.5,281,9.0,0.0,2012-10-27,2012,91.3,13.6
301,0.0,10.1,28,10,22.3,3.0,20121028,0.0,281,7.2,0.0,2012-10-28,2012,61.9,15.3
302,0.0,9.2,29,10,20.1,0.8,20121029,0.0,281,3.4,0.0,2012-10-29,2012,72.3,11.2
303,0.0,8.3,30,10,16.2,2.3,20121030,0.0,281,3.8,0.0,2012-10-30,2012,59.5,10.9
304,0.0,9.8,31,10,14.9,2.2,20121031,0.0,281,2.7,0.0,2012-10-31,2012,52.4,7.7
305,0.0,9.6,1,11,12.8,3.6,20121101,0.0,281,2.0,0.0,2012-11-01,2012,40.4,7.6
306,0.0,8.8,2,11,14.5,1.4,20121102,0.0,281,-1.8,0.0,2012-11-02,2012,50.9,5.5
307,0.0,9.0,3,11,17.7,0.8,20121103,0.0,281,-2.3,0.0,2012-11-03,2012,64.3,6.4
308,0.0,0.4,4,11,15.2,1.5,20121104,7.0,281,2.2,0.0,2012-11-04,2012,80.5,10.0
309,0.0,6.3,5,11,17.7,2.1,20121105,0.0,281,6.2,0.0,2012-11-05,2012,64.3,12.4
310,0.0,3.4,6,11,14.2,2.4,20121106,1.0,281,3.6,0.0,2012-11-06,2012,71.5,9.1
311,0.0,2.4,7,11,14.1,3.0,20121107,0.0,281,6.7,0.0,2012-11-07,2012,59.3,10.0
312,0.0,6.5,8,11,16.3,2.3,20121108,0.0,281,6.6,0.0,2012-11-08,2012,64.6,10.4
313,0.0,6.0,9,11,17.8,1.2,20121109,0.0,281,1.8,0.0,2012-11-09,2012,71.5,9.3
314,0.0,1.0,10,11,15.2,3.5,20121110,0.3,281,8.2,0.0,2012-11-10,2012,58.0,13.2
315,0.0,0.0,11,11,15.4,3.2,20121111,17.0,281,7.8,0.0,2012-11-11,2012,70.9,11.6
316,0.0,7.9,12,11,15.3,3.8,20121112,0.0,281,6.2,0.0,2012-11-12,2012,42.4,10.2
317,0.0,4.3,13,11,12.1,3.3,20121113,0.4,281,3.1,0.0,2012-11-13,2012,64.1,7.1
318,0.0,6.0,14,11,8.8,4.0,20121114,0.1,281,2.9,0.0,2012-11-14,2012,54.5,4.9
319,0.0,7.9,15,11,11.8,1.5,20121115,0.0,281,-0.8,0.0,2012-11-15,2012,59.9,4.7
320,0.0,3.2,16,11,12.1,0.7,20121116,7.5,281,-3.5,0.0,2012-11-16,2012,74.5,5.3
321,0.0,4.2,17,11,12.4,3.2,20121117,5.5,281,3.9,0.0,2012-11-17,2012,62.9,7.8
322,0.0,7.8,18,11,11.3,1.6,20121118,0.0,281,-1.9,0.0,2012-11-18,2012,52.9,4.5
323,0.0,3.8,19,11,13.0,2.2,20121119,0.0,281,-3.8,0.0,2012-11-19,2012,62.8,4.2
324,0.0,6.3,20,11,8.6,2.5,20121120,0.0,281,-1.3,0.0,2012-11-20,2012,46.4,3.6
325,0.0,5.5,21,11,10.5,0.9,20121121,0.0,281,-5.8,0.0,2012-11-21,2012,59.8,2.6
326,0.0,6.0,22,11,13.6,0.7,20121122,0.0,281,-2.7,0.0,2012-11-22,2012,66.4,4.2
327,0.0,3.1,23,11,12.2,1.8,20121123,0.0,281,1.6,0.0,2012-11-23,2012,58.6,7.4
328,0.0,7.5,24,11,10.0,2.6,20121124,0.0,281,-2.6,0.0,2012-11-24,2012,46.9,3.6
329,0.0,6.8,25,11,10.8,1.3,20121125,0.5,281,-6.5,0.0,2012-11-25,2012,50.4,3.0
330,0.0,3.8,26,11,9.0,3.3,20121126,3.5,281,1.0,0.0,2012-11-26,2012,63.4,3.6
331,0.0,7.8,27,11,7.8,2.1,20121127,0.0,281,-4.8,0.0,2012-11-27,2012,45.0,0.8
332,0.0,5.2,28,11,14.4,2.0,20121128,0.0,281,-5.7,0.0,2012-11-28,2012,58.9,5.0
333,0.0,2.3,29,11,9.2,1.9,20121129,0.0,281,-4.3,0.0,2012-11-29,2012,47.8,3.2
334,0.0,4.7,30,11,9.8,0.8,20121130,0.0,281,-6.4,0.0,2012-11-30,2012,57.4,0.2
335,0.0,5.9,1,12,6.6,1.8,20121201,0.0,281,-3.9,0.0,2012-12-01,2012,53.1,2.1
336,0.0,0.3,2,12,6.6,0.8,20121202,0.2,281,-1.9,0.0,2012-12-02,2012,79.1,2.5
337,0.0,0.0,3,12,8.6,1.7,20121203,0.0,281,-2.3,0.0,2012-12-03,2012,77.5,3.0
338,0.0,7.7,4,12,4.3,5.3,20121204,0.0,281,-1.9,0.0,2012-12-04,2012,40.3,1.2
339,0.0,5.0,5,12,8.0,2.8,20121205,0.5,281,-1.7,0.0,2012-12-05,2012,52.6,1.8
340,0.0,7.6,6,12,0.7,3.4,20121206,0.1,281,-8.2,0.0,2012-12-06,2012,49.0,-3.9
341,0.0,1.9,7,12,1.2,0.9,20121207,5.0,281,-9.1,0.0,2012-12-07,2012,80.9,-3.0
342,0.0,5.8,8,12,1.5,2.9,20121208,0.0,281,-7.1,0.0,2012-12-08,2012,58.4,-3.2
343,0.0,7.6,9,12,-2.0,4.7,20121209,0.0,281,-8.4,0.0,2012-12-09,2012,52.3,-5.6
344,0.0,7.6,10,12,1.2,3.1,20121210,0.0,281,-9.6,0.0,2012-12-10,2012,48.3,-4.0
345,0.0,7.6,11,12,2.6,2.3,20121211,0.0,281,-11.5,0.0,2012-12-11,2012,49.9,-3.7
346,0.0,7.5,12,12,4.1,1.7,20121212,0.0,281,-8.7,0.0,2012-12-12,2012,57.5,-3.3
347,0.0,7.5,13,12,8.0,0.7,20121213,0.0,281,-11.9,0.0,2012-12-13,2012,59.6,-3.1
348,0.0,0.0,14,12,8.1,0.9,20121214,17.5,281,-4.2,0.0,2012-12-14,2012,83.5,1.8
349,0.0,0.0,15,12,8.5,1.3,20121215,0.0,281,3.2,0.0,2012-12-15,2012,86.0,5.3
350,0.0,5.4,16,12,11.2,0.9,20121216,0.0,281,-2.0,0.0,2012-12-16,2012,76.8,4.2
351,0.0,2.0,17,12,8.8,2.3,20121217,0.0,281,-1.1,0.0,2012-12-17,2012,72.3,2.6
352,0.0,5.4,18,12,1.9,3.9,20121218,0.0,281,-6.4,0.0,2012-12-18,2012,43.5,-2.3
353,0.0,7.6,19,12,1.5,2.7,20121219,0.0,281,-8.1,0.0,2012-12-19,2012,42.0,-3.5
354,0.0,7.6,20,12,5.3,2.0,20121220,0.0,281,-6.9,0.0,2012-12-20,2012,39.8,-1.5
355,0.0,0.0,21,12,1.3,0.7,20121221,10.5,281,-4.8,0.0,2012-12-21,2012,82.1,-0.6
356,0.0,5.6,22,12,4.1,3.0,20121222,0.0,281,-2.0,0.0,2012-12-22,2012,68.3,0.9
357,0.0,7.0,23,12,-1.0,4.8,20121223,0.0,281,-8.8,0.0,2012-12-23,2012,45.5,-4.1
358,0.0,7.5,24,12,-1.4,2.8,20121224,0.0,281,-10.6,0.0,2012-12-24,2012,48.9,-6.7
359,0.0,6.5,25,12,2.2,3.6,20121225,0.0,281,-10.5,0.0,2012-12-25,2012,48.1,-4.3
360,0.0,7.5,26,12,-1.1,2.4,20121226,0.0,281,-11.9,0.0,2012-12-26,2012,35.8,-7.9
361,0.0,7.5,27,12,3.0,1.0,20121227,0.0,281,-14.6,0.0,2012-12-27,2012,45.3,-4.9
362,0.0,0.0,28,12,1.4,0.8,20121228,13.0,281,-4.1,0.0,2012-12-28,2012,82.3,-1.5
363,0.0,0.0,29,12,4.0,0.9,20121229,0.5,281,-3.3,0.0,2012-12-29,2012,88.9,0.8
364,0.0,3.4,30,12,1.6,4.3,20121230,1.0,281,-7.4,0.0,2012-12-30,2012,59.9,-2.6
365,0.0,7.6,31,12,-1.1,3.4,20121231,0.0,281,-10.7,0.0,2012-12-31,2012,53.3,-6.0
