,station_id,humid,month,tmin,Date,tmax,rainfall,sunshine,tavg,snow,wind,day,year,date,cloud
0,281,57.0,1,-6.0,2008-01-01,0.4,0.0,7.5,-4.0,0.0,4.7,1,2008,20080101,0.0
1,281,48.4,1,-6.3,2008-01-02,3.1,0.0,7.6,-1.7,0.0,4.2,2,2008,20080102,0.0
2,281,61.4,1,-6.1,2008-01-03,7.4,0.0,5.6,0.1,0.0,2.4,3,2008,20080103,0.0
3,281,63.4,1,-6.1,2008-01-04,7.6,0.0,7.4,-0.2,0.0,1.2,4,2008,20080104,0.0
4,281,55.5,1,-5.0,2008-01-05,8.0,0.0,7.6,2.4,0.0,2.9,5,2008,20080105,0.0
5,281,67.9,1,-3.3,2008-01-06,10.3,0.0,7.2,2.8,0.0,2.3,6,2008,20080106,0.0
6,281,73.4,1,-4.8,2008-01-07,10.4,0.0,6.3,3.0,0.0,1.9,7,2008,20080107,0.0
7,281,60.8,1,0.9,2008-01-08,8.2,0.0,2.0,4.1,0.0,2.7,8,2008,20080108,0.0
8,281,67.3,1,-5.2,2008-01-09,9.2,0.0,5.6,0.4,0.0,0.6,9,2008,20080109,0.0
9,281,70.4,1,-5.6,2008-01-10,10.4,0.0,5.5,1.6,0.0,0.9,10,2008,20080110,0.0
10,281,85.5,1,1.0,2008-01-11,5.1,15.0,0.0,3.9,0.0,0.9,11,2008,20080111,0.0
11,281,86.8,1,2.0,2008-01-12,5.8,9.5,0.0,3.8,0.0,1.4,12,2008,20080112,0.0
12,281,71.8,1,-0.4,2008-01-13,3.5,0.0,0.1,1.5,0.0,2.5,13,2008,20080113,0.0
13,281,72.4,1,-1.9,2008-01-14,6.6,0.0,1.9,1.1,0.0,1.8,14,2008,20080114,0.0
14,281,51.6,1,-5.9,2008-01-15,5.7,0.0,6.0,-0.2,0.0,2.2,15,2008,20080115,0.0
15,281,34.8,1,-6.4,2008-01-16,1.6,0.0,7.6,-2.5,0.0,3.9,16,2008,20080116,0.0
16,281,38.9,1,-10.2,2008-01-17,1.1,0.0,5.9,-4.0,0.0,2.2,17,2008,20080117,0.0
17,281,40.0,1,-8.8,2008-01-18,3.8,0.0,7.2,-1.8,0.0,1.9,18,2008,20080118,0.0
18,281,50.5,1,-7.7,2008-01-19,6.7,0.0,5.7,-0.2,0.0,0.9,19,2008,20080119,0.0
19,281,81.0,1,-0.9,2008-01-20,4.6,2.0,0.0,2.0,0.0,0.8,20,2008,20080120,0.0
20,281,86.4,1,1.3,2008-01-21,4.7,2.5,0.0,2.5,0.0,3.4,21,2008,20080121,0.0
21,281,88.6,1,1.4,2008-01-22,5.8,1.5,0.0,3.5,0.0,1.2,22,2008,20080122,0.0
22,281,70.5,1,-3.8,2008-01-23,4.4,4.0,3.3,0.8,0.0,4.6,23,2008,20080123,0.0
23,281,42.0,1,-8.2,2008-01-24,0.2,0.0,7.6,-4.4,0.0,4.2,24,2008,20080124,0.0
24,281,53.9,1,-8.1,2008-01-25,2.7,0.0,7.2,-2.8,0.0,1.7,25,2008,20080125,0.0
25,281,54.9,1,-5.5,2008-01-26,6.3,0.0,6.8,-1.2,0.0,1.3,26,2008,20080126,0.0
26,281,81.0,1,-8.8,2008-01-27,5.9,0.0,5.9,-2.3,0.0,1.0,27,2008,20080127,0.0
27,281,84.0,1,-4.6,2008-01-28,3.7,1.5,0.1,-0.5,1.8,1.1,28,2008,20080128,0.0
28,281,58.5,1,-1.5,2008-01-29,4.7,0.6,1.9,0.8,0.6,1.9,29,2008,20080129,0.0
29,281,53.8,1,-3.9,2008-01-30,3.4,0.0,5.5,-0.3,0.0,3.9,30,2008,20080130,0.0
30,281,47.9,1,-6.1,2008-01-31,2.7,0.0,8.2,-2.2,0.0,3.2,31,2008,20080131,0.0
31,281,45.3,2,-8.9,2008-02-01,4.9,0.0,8.5,-1.6,0.0,1.5,1,2008,20080201,0.0
32,281,45.1,2,-6.4,2008-02-02,5.2,0.0,1.3,-1.0,0.0,1.1,2,2008,20080202,0.0
33,281,55.4,2,-6.9,2008-02-03,6.0,0.0,3.1,-0.5,0.0,2.3,3,2008,20080203,0.0
34,281,45.3,2,-3.6,2008-02-04,5.4,0.0,8.8,0.1,0.0,4.0,4,2008,20080204,0.0
35,281,47.9,2,-8.3,2008-02-05,3.1,0.0,2.8,-1.5,0.0,2.1,5,2008,20080205,0.0
36,281,38.9,2,-3.9,2008-02-06,4.8,0.0,8.9,-0.6,0.0,3.4,6,2008,20080206,0.0
37,281,43.4,2,-5.5,2008-02-07,5.1,0.0,9.2,-1.4,0.0,2.8,7,2008,20080207,0.0
38,281,44.6,2,-8.6,2008-02-08,5.5,0.0,7.8,-0.7,0.0,1.5,8,2008,20080208,0.0
39,281,49.1,2,-3.3,2008-02-09,3.0,0.0,5.2,-0.8,0.0,3.7,9,2008,20080209,0.0
40,281,48.6,2,-9.8,2008-02-10,9.4,0.0,9.2,-0.4,0.0,1.1,10,2008,20080210,0.0
41,281,37.6,2,-3.7,2008-02-11,7.2,0.0,2.5,2.1,0.0,2.5,11,2008,20080211,0.0
42,281,25.9,2,-7.1,2008-02-12,2.1,0.0,7.8,-2.5,0.0,4.7,12,2008,20080212,0.0
43,281,30.8,2,-10.2,2008-02-13,2.0,0.0,10.0,-4.3,0.0,3.4,13,2008,20080213,0.0
44,281,33.8,2,-4.9,2008-02-14,5.3,0.0,9.9,-0.2,0.0,4.0,14,2008,20080214,0.0
45,281,28.6,2,-4.4,2008-02-15,4.3,0.0,10.2,-0.3,0.0,3.8,15,2008,20080215,0.0
46,281,31.4,2,-7.3,2008-02-16,3.9,0.0,10.3,-1.7,0.0,4.0,16,2008,20080216,0.0
47,281,41.4,2,-8.9,2008-02-17,4.8,0.0,10.3,-2.6,0.0,1.7,17,2008,20080217,0.0
48,281,44.6,2,-12.9,2008-02-18,7.1,0.0,10.2,-3.3,0.0,0.6,18,2008,20080218,0.0
49,281,33.5,2,-4.3,2008-02-19,8.0,0.0,10.2,2.2,0.0,3.3,19,2008,20080219,0.0
50,281,36.5,2,-3.0,2008-02-20,11.3,0.0,9.6,3.9,0.0,3.2,20,2008,20080220,0.0
51,281,43.1,2,-7.9,2008-02-21,12.5,0.0,9.0,1.3,0.0,1.2,21,2008,20080221,0.0
52,281,48.6,2,-7.5,2008-02-22,13.7,0.0,8.6,4.0,0.0,1.2,22,2008,20080222,0.0
53,281,34.8,2,-3.8,2008-02-23,8.9,0.0,9.2,1.1,0.0,4.5,23,2008,20080223,0.0
54,281,51.1,2,-7.4,2008-02-24,5.4,0.0,9.1,-1.4,0.0,2.2,24,2008,20080224,0.0
55,281,73.6,2,-8.4,2008-02-25,7.4,0.4,3.9,-0.2,0.0,0.9,25,2008,20080225,0.0
56,281,75.3,2,-1.2,2008-02-26,4.7,5.0,2.1,1.0,1.7,3.2,26,2008,20080226,0.0
57,281,43.5,2,-3.3,2008-02-27,9.1,0.0,10.6,2.4,0.0,4.1,27,2008,20080227,0.0
58,281,43.8,2,-5.9,2008-02-28,11.6,0.0,9.4,3.9,0.0,2.2,28,2008,20080228,0.0
59,281,47.6,2,-4.8,2008-02-29,14.1,0.0,6.7,5.3,0.0,2.3,29,2008,20080229,0.0
60,281,39.6,3,-2.0,2008-03-01,11.6,0.0,10.6,4.3,0.0,3.0,1,2008,20080301,0.0
61,281,48.8,3,-4.0,2008-03-02,13.8,0.0,3.9,5.2,0.0,1.5,2,2008,20080302,0.0
62,281,59.0,3,-0.8,2008-03-03,10.8,0.0,2.0,4.6,0.0,2.0,3,2008,20080303,0.0
63,281,83.6,3,-2.6,2008-03-04,5.9,1.0,1.0,0.9,1.7,2.1,4,2008,20080304,0.0
64,281,67.1,3,-5.5,2008-03-05,10.3,0.0,9.3,1.2,0.0,1.4,5,2008,20080305,0.0
65,281,57.6,3,-5.9,2008-03-06,12.6,0.0,7.0,3.5,0.0,2.0,6,2008,20080306,0.0
66,281,61.1,3,-3.3,2008-03-07,11.2,0.0,9.7,3.8,0.0,1.8,7,2008,20080307,0.0
67,281,53.5,3,-6.1,2008-03-08,14.0,0.0,9.8,3.9,0.0,1.2,8,2008,20080308,0.0
68,281,42.4,3,-2.4,2008-03-09,16.1,0.0,7.9,7.2,0.0,1.6,9,2008,20080309,0.0
69,281,37.8,3,3.7,2008-03-10,16.9,0.0,10.2,9.1,0.0,3.9,10,2008,20080310,0.0
70,281,60.0,3,-1.0,2008-03-11,19.0,0.0,9.1,8.7,0.0,1.5,11,2008,20080311,0.0
71,281,77.0,3,1.3,2008-03-12,17.3,0.0,7.1,8.5,0.0,1.5,12,2008,20080312,0.0
72,281,76.6,3,1.0,2008-03-13,16.7,3.0,0.1,8.5,0.0,0.9,13,2008,20080313,0.0
73,281,74.8,3,0.2,2008-03-14,13.6,1.5,8.3,7.6,0.0,2.4,14,2008,20080314,0.0
74,281,59.4,3,-1.5,2008-03-15,18.0,0.0,10.1,9.0,0.0,1.4,15,2008,20080315,0.0
75,281,42.6,3,1.7,2008-03-16,16.8,0.0,9.4,9.4,0.0,2.8,16,2008,20080316,0.0
76,281,59.0,3,-2.4,2008-03-17,18.8,0.0,9.8,8.0,0.0,1.4,17,2008,20080317,0.0
77,281,70.9,3,0.9,2008-03-18,16.0,0.0,3.3,9.0,0.0,1.5,18,2008,20080318,0.0
78,281,68.8,3,4.6,2008-03-19,13.5,0.5,0.0,8.5,0.0,2.4,19,2008,20080319,0.0
79,281,62.4,3,-3.6,2008-03-20,14.3,0.0,11.1,5.0,0.0,2.1,20,2008,20080320,0.0
80,281,65.0,3,-4.1,2008-03-21,15.1,0.0,10.4,5.7,0.0,2.0,21,2008,20080321,0.0
81,281,69.5,3,0.8,2008-03-22,16.5,0.0,5.3,9.5,0.0,2.5,22,2008,20080322,0.0
82,281,90.1,3,8.2,2008-03-23,10.8,11.0,0.0,9.4,0.0,1.8,23,2008,20080323,0.0
83,281,52.3,3,5.6,2008-03-24,17.4,0.0,10.4,11.5,0.0,3.7,24,2008,20080324,0.0
84,281,35.1,3,4.4,2008-03-25,14.8,0.0,10.7,8.5,0.0,4.1,25,2008,20080325,0.0
85,281,52.1,3,0.4,2008-03-26,12.4,0.0,9.0,6.4,0.0,3.1,26,2008,20080326,0.0
86,281,66.6,3,-1.6,2008-03-27,13.1,0.0,1.8,5.0,0.0,1.9,27,2008,20080327,0.0
87,281,61.4,3,-2.0,2008-03-28,14.6,0.0,10.6,6.5,0.0,2.2,28,2008,20080328,0.0
88,281,74.8,3,3.7,2008-03-29,11.5,0.5,0.1,7.1,0.0,1.9,29,2008,20080329,0.0
89,281,87.0,3,4.1,2008-03-30,10.0,4.5,0.0,6.4,0.0,0.8,30,2008,20080330,0.0
90,281,70.4,3,2.5,2008-03-31,12.7,0.0,3.1,6.8,0.0,2.9,31,2008,20080331,0.0
91,281,53.6,4,-1.3,2008-04-01,16.6,0.0,9.5,8.7,0.0,2.6,1,2008,20080401,0.0
92,281,43.1,4,4.3,2008-04-02,17.4,0.0,6.1,10.9,0.0,2.6,2,2008,20080402,0.0
93,281,33.8,4,4.2,2008-04-03,19.0,0.0,11.4,11.9,0.0,4.0,3,2008,20080403,0.0
94,281,32.8,4,5.1,2008-04-04,19.9,0.0,10.6,11.4,0.0,2.6,4,2008,20080404,0.0
95,281,40.5,4,3.0,2008-04-05,22.9,0.0,10.0,12.3,0.0,1.4,5,2008,20080405,0.0
96,281,44.1,4,1.6,2008-04-06,23.1,1.0,10.3,12.9,0.0,2.0,6,2008,20080406,0.0
97,281,80.8,4,6.1,2008-04-07,18.5,5.0,2.9,11.0,0.0,1.9,7,2008,20080407,0.0
98,281,64.9,4,2.0,2008-04-08,20.0,0.0,10.6,11.3,0.0,2.1,8,2008,20080408,0.0
99,281,81.0,4,5.7,2008-04-09,12.3,13.0,0.0,10.2,0.0,3.4,9,2008,20080409,0.0
100,281,80.6,4,4.7,2008-04-10,14.6,15.0,0.6,10.1,0.0,1.6,10,2008,20080410,0.0
101,281,71.6,4,1.1,2008-04-11,22.1,0.0,10.3,10.5,0.0,1.7,11,2008,20080411,0.0
102,281,82.5,4,4.7,2008-04-12,12.5,0.0,0.4,9.3,0.0,1.9,12,2008,20080412,0.0
103,281,73.5,4,7.7,2008-04-13,19.2,0.0,2.5,12.2,0.0,1.3,13,2008,20080413,0.0
104,281,72.8,4,3.9,2008-04-14,21.7,0.0,8.8,11.8,0.0,1.4,14,2008,20080414,0.0
105,281,61.0,4,3.6,2008-04-15,25.3,0.0,9.3,14.4,0.0,1.2,15,2008,20080415,0.0
106,281,77.5,4,9.6,2008-04-16,18.3,2.0,0.0,13.6,0.0,1.9,16,2008,20080416,0.0
107,281,82.9,4,11.9,2008-04-17,15.5,8.0,0.0,13.5,0.0,1.6,17,2008,20080417,0.0
108,281,69.3,4,10.0,2008-04-18,23.6,0.5,11.5,15.0,0.0,2.0,18,2008,20080418,0.0
109,281,68.4,4,7.3,2008-04-19,21.0,0.0,10.1,13.4,0.0,2.0,19,2008,20080419,0.0
110,281,54.8,4,3.8,2008-04-20,20.5,0.0,9.3,13.6,0.0,2.6,20,2008,20080420,0.0
111,281,54.6,4,7.2,2008-04-21,19.8,0.0,2.2,13.8,0.0,2.0,21,2008,20080421,0.0
112,281,50.3,4,8.3,2008-04-22,25.6,0.0,5.9,17.0,0.0,1.8,22,2008,20080422,0.0
113,281,78.9,4,7.8,2008-04-23,17.7,6.5,1.4,12.9,0.0,2.7,23,2008,20080423,0.0
114,281,47.6,4,4.0,2008-04-24,17.9,0.0,11.5,10.5,0.0,4.0,24,2008,20080424,0.0
115,281,48.3,4,0.4,2008-04-25,21.3,0.0,10.9,12.3,0.0,1.6,25,2008,20080425,0.0
116,281,58.3,4,8.8,2008-04-26,15.1,1.0,1.8,12.2,0.0,3.3,26,2008,20080426,0.0
117,281,55.9,4,3.2,2008-04-27,18.4,0.0,6.8,11.1,0.0,2.3,27,2008,20080427,0.0
118,281,60.0,4,1.1,2008-04-28,22.3,0.0,11.1,12.5,0.0,1.3,28,2008,20080428,0.0
119,281,61.3,4,5.7,2008-04-29,26.7,0.0,11.1,17.7,0.0,1.8,29,2008,20080429,0.0
120,281,53.1,4,10.7,2008-04-30,28.6,0.0,9.4,20.7,0.0,2.0,30,2008,20080430,0.0
121,281,58.5,5,11.9,2008-05-01,27.5,0.0,8.7,19.0,0.0,1.5,1,2008,20080501,0.0
122,281,61.3,5,9.5,2008-05-02,30.4,0.0,11.6,19.6,0.0,1.3,2,2008,20080502,0.0
123,281,57.6,5,10.8,2008-05-03,31.6,0.0,9.6,21.0,0.0,1.3,3,2008,20080503,0.0
124,281,65.4,5,12.5,2008-05-04,24.9,1.0,0.0,18.8,0.0,1.4,4,2008,20080504,0.0
125,281,42.9,5,10.5,2008-05-05,24.3,1.0,10.4,18.4,0.0,3.6,5,2008,20080505,0.0
126,281,33.6,5,3.7,2008-05-06,28.5,0.0,12.4,17.9,0.0,2.5,6,2008,20080506,0.0
127,281,31.0,5,9.5,2008-05-07,29.7,0.0,9.8,20.8,0.0,2.1,7,2008,20080507,0.0
128,281,41.5,5,10.8,2008-05-08,25.8,0.0,5.9,18.2,0.0,1.8,8,2008,20080508,0.0
129,281,50.3,5,13.0,2008-05-09,20.9,0.0,5.6,16.1,0.0,3.7,9,2008,20080509,0.0
130,281,59.6,5,7.8,2008-05-10,16.5,0.0,3.1,12.6,0.0,3.9,10,2008,20080510,0.0
131,281,64.4,5,3.9,2008-05-11,17.9,0.0,9.8,11.1,0.0,2.5,11,2008,20080511,0.0
132,281,63.6,5,4.5,2008-05-12,17.6,0.0,6.2,12.0,0.0,3.8,12,2008,20080512,0.0
133,281,76.1,5,8.9,2008-05-13,19.0,15.0,4.8,12.0,0.0,2.3,13,2008,20080513,0.0
134,281,69.4,5,8.3,2008-05-14,20.7,2.0,7.2,13.3,0.0,1.4,14,2008,20080514,0.0
135,281,63.0,5,4.7,2008-05-15,23.4,0.0,10.9,14.8,0.0,1.4,15,2008,20080515,0.0
136,281,61.3,5,7.7,2008-05-16,24.0,0.0,8.4,15.9,0.0,1.2,16,2008,20080516,0.0
137,281,60.5,5,7.6,2008-05-17,26.5,0.0,8.2,17.3,0.0,1.3,17,2008,20080517,0.0
138,281,67.3,5,10.7,2008-05-18,24.6,12.5,1.3,17.7,0.0,1.6,18,2008,20080518,0.0
139,281,56.0,5,12.3,2008-05-19,22.1,10.5,5.6,17.3,0.0,2.6,19,2008,20080519,0.0
140,281,53.0,5,9.7,2008-05-20,24.1,0.0,11.8,16.3,0.0,3.0,20,2008,20080520,0.0
141,281,49.1,5,7.8,2008-05-21,28.1,0.0,10.5,19.2,0.0,1.9,21,2008,20080521,0.0
142,281,58.0,5,11.0,2008-05-22,27.4,0.0,8.5,20.2,0.0,1.6,22,2008,20080522,0.0
143,281,70.1,5,13.4,2008-05-23,28.0,1.0,5.6,20.7,0.0,1.1,23,2008,20080523,0.0
144,281,89.9,5,15.7,2008-05-24,18.8,4.0,0.0,17.4,0.0,1.2,24,2008,20080524,0.0
145,281,64.3,5,15.8,2008-05-25,30.6,0.0,9.7,22.6,0.0,2.1,25,2008,20080525,0.0
146,281,56.9,5,14.7,2008-05-26,29.8,0.0,12.1,21.4,0.0,2.7,26,2008,20080526,0.0
147,281,54.9,5,11.6,2008-05-27,31.9,0.0,9.7,22.3,0.0,1.2,27,2008,20080527,0.0
148,281,89.5,5,16.0,2008-05-28,20.5,42.5,0.0,17.0,0.0,1.4,28,2008,20080528,0.0
149,281,81.4,5,15.9,2008-05-29,22.4,0.0,2.7,18.5,0.0,2.2,29,2008,20080529,0.0
150,281,74.4,5,14.9,2008-05-30,21.3,0.0,0.0,18.0,0.0,1.6,30,2008,20080530,0.0
151,281,54.0,5,9.9,2008-05-31,26.2,0.0,12.6,18.2,0.0,2.4,31,2008,20080531,0.0
152,281,63.4,6,10.2,2008-06-01,26.0,0.0,9.9,18.8,0.0,1.8,1,2008,20080601,0.0
153,281,75.0,6,14.1,2008-06-02,21.8,0.0,0.1,17.9,0.0,2.4,2,2008,20080602,0.0
154,281,76.0,6,14.2,2008-06-03,21.3,0.0,0.5,17.6,0.0,2.4,3,2008,20080603,0.0
155,281,80.5,6,12.9,2008-06-04,17.6,18.0,0.0,15.2,0.0,3.1,4,2008,20080604,0.0
156,281,87.8,6,12.6,2008-06-05,15.9,16.0,0.0,14.4,0.0,1.8,5,2008,20080605,0.0
157,281,66.6,6,13.9,2008-06-06,24.6,0.0,6.8,19.5,0.0,2.3,6,2008,20080606,0.0
158,281,63.8,6,16.7,2008-06-07,25.6,0.1,4.3,20.4,0.0,2.0,7,2008,20080607,0.0
159,281,71.0,6,14.1,2008-06-08,28.4,14.0,8.9,20.0,0.0,1.3,8,2008,20080608,0.0
160,281,70.1,6,15.4,2008-06-09,27.7,0.0,10.6,20.7,0.0,1.8,9,2008,20080609,0.0
161,281,71.1,6,15.7,2008-06-10,29.5,0.0,6.0,22.3,0.0,1.3,10,2008,20080610,0.0
162,281,66.9,6,13.8,2008-06-11,23.8,0.0,1.0,19.4,0.0,2.2,11,2008,20080611,0.0
163,281,57.3,6,8.8,2008-06-12,29.0,0.0,13.1,19.6,0.0,1.0,12,2008,20080612,0.0
164,281,55.5,6,11.9,2008-06-13,33.0,0.0,13.0,23.5,0.0,1.3,13,2008,20080613,0.0
165,281,71.1,6,17.3,2008-06-14,22.5,0.0,4.0,19.2,0.0,3.5,14,2008,20080614,0.0
166,281,67.3,6,15.6,2008-06-15,20.1,0.0,2.7,17.5,0.0,3.7,15,2008,20080615,0.0
167,281,70.3,6,12.0,2008-06-16,21.1,0.0,6.5,17.3,0.0,2.9,16,2008,20080616,0.0
168,281,78.1,6,16.4,2008-06-17,22.0,0.1,0.5,18.6,0.0,2.8,17,2008,20080617,0.0
169,281,89.6,6,17.3,2008-06-18,24.9,51.0,0.0,21.0,0.0,2.0,18,2008,20080618,0.0
170,281,67.4,6,19.7,2008-06-19,29.6,0.5,10.2,24.4,0.0,2.6,19,2008,20080619,0.0
171,281,77.1,6,19.8,2008-06-20,29.5,3.0,3.8,24.0,0.0,1.2,20,2008,20080620,0.0
172,281,81.9,6,19.3,2008-06-21,22.8,4.5,0.0,20.6,0.0,1.9,21,2008,20080621,0.0
173,281,81.6,6,17.3,2008-06-22,23.6,0.0,0.3,20.1,0.0,2.0,22,2008,20080622,0.0
174,281,70.3,6,16.6,2008-06-23,22.6,0.0,4.6,19.2,0.0,2.6,23,2008,20080623,0.0
175,281,75.3,6,17.2,2008-06-24,22.5,0.0,0.5,19.2,0.0,2.2,24,2008,20080624,0.0
176,281,76.9,6,14.0,2008-06-25,21.5,0.0,0.5,18.4,0.0,1.6,25,2008,20080625,0.0
177,281,74.0,6,13.2,2008-06-26,25.7,0.0,9.1,18.9,0.0,1.9,26,2008,20080626,0.0
178,281,71.4,6,16.4,2008-06-27,28.3,0.0,6.9,22.2,0.0,1.6,27,2008,20080627,0.0
179,281,90.5,6,16.7,2008-06-28,20.1,48.5,0.0,18.1,0.0,1.7,28,2008,20080628,0.0
180,281,89.6,6,17.5,2008-06-29,21.0,5.0,0.0,19.1,0.0,0.7,29,2008,20080629,0.0
181,281,78.8,6,18.0,2008-06-30,25.6,0.0,4.2,20.8,0.0,1.6,30,2008,20080630,0.0
182,281,74.6,7,18.7,2008-07-01,27.4,0.0,3.0,22.5,0.0,1.2,1,2008,20080701,0.0
183,281,86.4,7,19.3,2008-07-02,25.4,11.0,0.0,22.0,0.0,0.9,2,2008,20080702,0.0
184,281,74.5,7,20.6,2008-07-03,30.3,2.0,5.5,25.1,0.0,2.0,3,2008,20080703,0.0
185,281,73.0,7,19.8,2008-07-04,32.6,0.0,8.1,26.3,0.0,1.7,4,2008,20080704,0.0
186,281,76.0,7,22.3,2008-07-05,31.1,0.0,1.6,26.7,0.0,1.2,5,2008,20080705,0.0
187,281,69.0,7,23.8,2008-07-06,33.3,0.0,11.6,28.7,0.0,2.1,6,2008,20080706,0.0
188,281,66.4,7,25.5,2008-07-07,35.6,0.0,11.1,29.5,0.0,2.1,7,2008,20080707,0.0
189,281,69.9,7,23.5,2008-07-08,35.2,0.0,11.2,27.7,0.0,1.8,8,2008,20080708,0.0
190,281,67.4,7,22.0,2008-07-09,33.3,0.0,9.2,27.5,0.0,1.5,9,2008,20080709,0.0
191,281,62.0,7,21.3,2008-07-10,35.7,0.0,10.1,28.8,0.0,1.5,10,2008,20080710,0.0
192,281,75.1,7,22.6,2008-07-11,33.8,24.0,2.8,27.1,0.0,1.4,11,2008,20080711,0.0
193,281,76.5,7,22.3,2008-07-12,31.2,0.0,1.8,26.3,0.0,0.9,12,2008,20080712,0.0
194,281,81.0,7,21.7,2008-07-13,31.8,28.0,3.3,26.1,0.0,1.2,13,2008,20080713,0.0
195,281,77.3,7,23.4,2008-07-14,33.3,11.5,6.7,27.0,0.0,1.6,14,2008,20080714,0.0
196,281,81.1,7,22.6,2008-07-15,32.5,10.0,4.5,26.4,0.0,1.1,15,2008,20080715,0.0
197,281,70.6,7,22.2,2008-07-16,32.3,0.0,7.1,27.4,0.0,1.6,16,2008,20080716,0.0
198,281,67.8,7,23.3,2008-07-17,33.1,0.0,5.8,28.1,0.0,1.8,17,2008,20080717,0.0
199,281,67.5,7,21.6,2008-07-18,34.7,0.0,8.7,27.9,0.0,1.2,18,2008,20080718,0.0
200,281,81.1,7,23.1,2008-07-19,31.8,0.5,3.3,26.1,0.0,1.8,19,2008,20080719,0.0
201,281,89.4,7,22.9,2008-07-20,26.0,12.5,0.2,24.4,0.0,2.0,20,2008,20080720,0.0
202,281,74.6,7,22.5,2008-07-21,32.7,0.0,3.3,27.1,0.0,1.6,21,2008,20080721,0.0
203,281,75.6,7,22.0,2008-07-22,32.0,0.0,4.4,26.5,0.0,1.4,22,2008,20080722,0.0
204,281,72.9,7,22.0,2008-07-23,32.9,0.0,5.1,27.3,0.0,1.0,23,2008,20080723,0.0
205,281,70.1,7,23.6,2008-07-24,34.6,0.0,10.1,28.3,0.0,1.6,24,2008,20080724,0.0
206,281,89.1,7,22.0,2008-07-25,25.4,44.5,0.0,23.2,0.0,2.2,25,2008,20080725,0.0
207,281,87.4,7,22.0,2008-07-26,27.7,18.5,3.3,24.0,0.0,2.3,26,2008,20080726,0.0
208,281,78.9,7,22.0,2008-07-27,32.8,0.0,7.7,26.2,0.0,1.7,27,2008,20080727,0.0
209,281,75.0,7,22.8,2008-07-28,34.1,0.0,5.8,28.5,0.0,1.2,28,2008,20080728,0.0
210,281,68.1,7,24.1,2008-07-29,35.0,0.0,11.5,29.7,0.0,1.6,29,2008,20080729,0.0
211,281,78.3,7,23.2,2008-07-30,33.3,10.0,2.5,27.0,0.0,1.6,30,2008,20080730,0.0
212,281,81.5,7,23.0,2008-07-31,31.0,0.4,0.1,26.3,0.0,0.9,31,2008,20080731,0.0
213,281,67.3,8,22.4,2008-08-01,34.2,0.0,10.9,28.5,0.0,1.6,1,2008,20080801,0.0
214,281,65.3,8,24.2,2008-08-02,33.6,0.0,9.3,28.9,0.0,2.5,2,2008,20080802,0.0
215,281,70.3,8,21.9,2008-08-03,34.0,0.5,7.4,27.3,0.0,2.3,3,2008,20080803,0.0
216,281,76.1,8,20.0,2008-08-04,32.4,0.0,10.3,25.6,0.0,1.7,4,2008,20080804,0.0
217,281,74.0,8,21.8,2008-08-05,33.3,0.0,7.4,26.2,0.0,1.3,5,2008,20080805,0.0
218,281,74.6,8,18.4,2008-08-06,31.2,0.0,8.3,24.6,0.0,1.7,6,2008,20080806,0.0
219,281,64.3,8,16.3,2008-08-07,30.6,0.0,12.2,23.8,0.0,1.8,7,2008,20080807,0.0
220,281,75.8,8,20.1,2008-08-08,29.9,0.0,8.0,25.4,0.0,2.1,8,2008,20080808,0.0
221,281,78.9,8,23.3,2008-08-09,31.8,0.0,3.5,26.7,0.0,1.8,9,2008,20080809,0.0
222,281,74.6,8,22.2,2008-08-10,31.1,0.0,8.8,26.3,0.0,1.9,10,2008,20080810,0.0
223,281,76.8,8,23.1,2008-08-11,32.3,0.0,5.8,27.4,0.0,1.9,11,2008,20080811,0.0
224,281,84.6,8,24.5,2008-08-12,31.8,8.0,0.9,27.0,0.0,1.3,12,2008,20080812,0.0
225,281,77.1,8,24.2,2008-08-13,33.6,4.0,5.2,28.0,0.0,1.4,13,2008,20080813,0.0
226,281,78.3,8,23.3,2008-08-14,33.0,20.0,7.3,27.1,0.0,1.2,14,2008,20080814,0.0
227,281,84.0,8,22.1,2008-08-15,31.8,76.5,5.7,25.3,0.0,1.6,15,2008,20080815,0.0
228,281,88.1,8,19.8,2008-08-16,22.8,33.5,0.0,21.1,0.0,1.3,16,2008,20080816,0.0
229,281,83.6,8,19.1,2008-08-17,25.6,0.1,0.1,21.9,0.0,1.1,17,2008,20080817,0.0
230,281,81.9,8,19.9,2008-08-18,31.2,0.0,0.7,25.2,0.0,1.4,18,2008,20080818,0.0
231,281,63.3,8,20.2,2008-08-19,30.1,0.0,8.3,25.4,0.0,2.7,19,2008,20080819,0.0
232,281,68.9,8,20.5,2008-08-20,30.1,0.0,10.7,23.1,0.0,2.8,20,2008,20080820,0.0
233,281,70.6,8,18.0,2008-08-21,25.5,0.5,8.3,21.1,0.0,2.1,21,2008,20080821,0.0
234,281,90.3,8,16.3,2008-08-22,22.1,12.5,0.0,19.6,0.0,1.3,22,2008,20080822,0.0
235,281,78.4,8,20.2,2008-08-23,29.9,0.1,2.9,23.5,0.0,1.9,23,2008,20080823,0.0
236,281,74.8,8,19.3,2008-08-24,25.5,0.5,6.1,21.9,0.0,1.8,24,2008,20080824,0.0
237,281,74.5,8,18.2,2008-08-25,24.9,0.0,2.6,21.1,0.0,1.6,25,2008,20080825,0.0
238,281,72.4,8,17.8,2008-08-26,26.2,0.0,8.0,21.1,0.0,2.0,26,2008,20080826,0.0
239,281,77.6,8,15.1,2008-08-27,27.4,0.0,7.1,20.7,0.0,1.4,27,2008,20080827,0.0
240,281,78.0,8,16.8,2008-08-28,27.9,0.0,7.1,21.9,0.0,1.5,28,2008,20080828,0.0
241,281,75.1,8,17.7,2008-08-29,27.0,0.0,9.5,22.5,0.0,1.8,29,2008,20080829,0.0
242,281,71.6,8,18.5,2008-08-30,25.6,0.0,5.9,21.6,0.0,2.2,30,2008,20080830,0.0
243,281,77.1,8,15.9,2008-08-31,26.8,0.0,4.6,21.3,0.0,1.8,31,2008,20080831,0.0
244,281,83.3,9,20.9,2008-09-01,26.5,0.3,0.1,23.2,0.0,1.9,1,2008,20080901,0.0
245,281,81.8,9,20.1,2008-09-02,25.9,0.5,1.9,22.0,0.0,2.2,2,2008,20080902,0.0
246,281,75.6,9,16.5,2008-09-03,29.9,0.0,8.6,21.8,0.0,1.4,3,2008,20080903,0.0
247,281,74.6,9,14.7,2008-09-04,27.0,0.0,10.2,20.3,0.0,1.5,4,2008,20080904,0.0
248,281,74.8,9,14.3,2008-09-05,28.0,0.0,8.6,21.2,0.0,1.4,5,2008,20080905,0.0
249,281,82.1,9,18.6,2008-09-06,26.6,0.5,0.9,21.6,0.0,1.0,6,2008,20080906,0.0
250,281,70.6,9,15.1,2008-09-07,30.2,0.0,11.4,21.2,0.0,1.4,7,2008,20080907,0.0
251,281,75.5,9,13.2,2008-09-08,28.4,0.0,6.5,20.6,0.0,1.3,8,2008,20080908,0.0
252,281,75.1,9,16.3,2008-09-09,28.7,0.0,8.1,21.6,0.0,1.4,9,2008,20080909,0.0
253,281,71.5,9,13.9,2008-09-10,30.1,0.0,8.8,21.4,0.0,0.9,10,2008,20080910,0.0
254,281,69.6,9,16.5,2008-09-11,30.9,0.0,7.5,24.0,0.0,1.0,11,2008,20080911,0.0
255,281,65.0,9,19.5,2008-09-12,32.4,0.0,9.0,25.2,0.0,1.2,12,2008,20080912,0.0
256,281,74.3,9,17.2,2008-09-13,31.1,0.0,8.7,23.1,0.0,1.5,13,2008,20080913,0.0
257,281,78.5,9,17.8,2008-09-14,27.9,0.0,3.6,22.5,0.0,1.7,14,2008,20080914,0.0
258,281,78.3,9,18.6,2008-09-15,28.1,0.0,1.5,22.6,0.0,1.0,15,2008,20080915,0.0
259,281,72.8,9,17.3,2008-09-16,31.0,0.0,7.9,23.2,0.0,1.1,16,2008,20080916,0.0
260,281,70.9,9,15.7,2008-09-17,30.5,0.0,9.9,22.9,0.0,1.6,17,2008,20080917,0.0
261,281,72.6,9,18.4,2008-09-18,31.6,0.0,8.2,23.8,0.0,1.4,18,2008,20080918,0.0
262,281,73.6,9,14.7,2008-09-19,29.9,0.0,9.8,22.2,0.0,1.7,19,2008,20080919,0.0
263,281,78.3,9,17.6,2008-09-20,28.0,1.5,2.5,22.8,0.0,1.3,20,2008,20080920,0.0
264,281,83.4,9,18.1,2008-09-21,26.2,25.5,2.0,21.4,0.0,1.5,21,2008,20080921,0.0
265,281,74.5,9,17.2,2008-09-22,29.8,0.0,6.0,22.7,0.0,1.0,22,2008,20080922,0.0
266,281,84.5,9,20.0,2008-09-23,25.6,0.5,0.2,22.0,0.0,1.1,23,2008,20080923,0.0
267,281,78.9,9,19.7,2008-09-24,22.8,0.0,0.1,20.8,0.0,1.3,24,2008,20080924,0.0
268,281,76.9,9,17.0,2008-09-25,23.1,0.0,0.6,19.8,0.0,2.6,25,2008,20080925,0.0
269,281,53.3,9,10.3,2008-09-26,21.3,0.0,4.9,16.5,0.0,3.1,26,2008,20080926,0.0
270,281,66.5,9,4.6,2008-09-27,22.0,0.0,6.2,12.5,0.0,0.8,27,2008,20080927,0.0
271,281,74.9,9,8.5,2008-09-28,20.1,0.0,0.0,14.6,0.0,0.7,28,2008,20080928,0.0
272,281,87.3,9,13.4,2008-09-29,20.0,7.0,0.3,15.3,0.0,0.7,29,2008,20080929,0.0
273,281,83.3,9,11.6,2008-09-30,23.7,0.0,1.1,17.2,0.0,0.6,30,2008,20080930,0.0
274,281,77.9,10,9.9,2008-10-01,24.6,0.0,8.9,16.6,0.0,1.8,1,2008,20081001,0.0
275,281,73.0,10,9.8,2008-10-02,25.4,0.0,10.4,16.5,0.0,0.8,2,2008,20081002,0.0
276,281,72.8,10,9.2,2008-10-03,27.7,0.0,9.3,17.2,0.0,1.2,3,2008,20081003,0.0
277,281,76.1,10,10.4,2008-10-04,26.3,0.0,7.5,18.2,0.0,0.9,4,2008,20081004,0.0
278,281,82.0,10,16.8,2008-10-05,24.0,0.0,0.1,19.4,0.0,0.9,5,2008,20081005,0.0
279,281,66.4,10,13.4,2008-10-06,26.3,0.0,8.5,18.9,0.0,1.8,6,2008,20081006,0.0
280,281,70.6,10,10.1,2008-10-07,23.4,0.0,5.6,16.5,0.0,1.2,7,2008,20081007,0.0
281,281,74.0,10,10.0,2008-10-08,25.9,0.0,6.8,16.8,0.0,1.0,8,2008,20081008,0.0
282,281,74.6,10,12.8,2008-10-09,26.3,0.0,7.2,17.8,0.0,0.8,9,2008,20081009,0.0
283,281,80.5,10,13.1,2008-10-10,23.4,0.5,0.1,17.6,0.0,1.4,10,2008,20081010,0.0
284,281,59.6,10,8.2,2008-10-11,22.7,0.0,10.6,14.8,0.0,1.8,11,2008,20081011,0.0
285,281,71.1,10,6.2,2008-10-12,23.0,0.0,7.7,12.8,0.0,0.8,12,2008,20081012,0.0
286,281,63.1,10,3.6,2008-10-13,24.0,0.0,8.5,13.4,0.0,0.9,13,2008,20081013,0.0
287,281,57.9,10,5.7,2008-10-14,24.3,0.0,10.5,14.7,0.0,1.7,14,2008,20081014,0.0
288,281,65.5,10,4.7,2008-10-15,26.2,0.0,10.0,14.3,0.0,1.0,15,2008,20081015,0.0
289,281,70.6,10,6.0,2008-10-16,25.3,0.0,5.2,14.6,0.0,0.5,16,2008,20081016,0.0
290,281,73.5,10,8.4,2008-10-17,26.8,0.0,8.9,16.0,0.0,0.8,17,2008,20081017,0.0
291,281,72.8,10,10.2,2008-10-18,27.6,0.0,6.7,16.2,0.0,0.9,18,2008,20081018,0.0
292,281,66.6,10,6.1,2008-10-19,25.4,0.0,5.8,14.5,0.0,0.5,19,2008,20081019,0.0
293,281,68.0,10,6.6,2008-10-20,25.7,0.0,9.9,15.7,0.0,1.1,20,2008,20081020,0.0
294,281,77.0,10,9.5,2008-10-21,25.2,0.0,6.3,16.7,0.0,1.2,21,2008,20081021,0.0
295,281,90.5,10,15.1,2008-10-22,18.2,13.5,0.0,16.2,0.0,0.9,22,2008,20081022,0.0
296,281,90.8,10,15.8,2008-10-23,22.2,1.5,0.3,18.8,0.0,0.6,23,2008,20081023,0.0
297,281,53.9,10,10.6,2008-10-24,19.7,0.0,10.3,14.9,0.0,4.8,24,2008,20081024,0.0
298,281,59.1,10,2.7,2008-10-25,16.9,0.0,5.6,11.5,0.0,1.6,25,2008,20081025,0.0
299,281,50.8,10,10.2,2008-10-26,21.4,0.0,6.1,14.9,0.0,3.4,26,2008,20081026,0.0
300,281,48.9,10,8.7,2008-10-27,17.0,0.0,9.0,12.6,0.0,3.9,27,2008,20081027,0.0
301,281,53.0,10,7.3,2008-10-28,18.5,0.0,9.6,13.2,0.0,3.4,28,2008,20081028,0.0
302,281,60.8,10,8.2,2008-10-29,18.6,0.0,4.7,12.7,0.0,1.6,29,2008,20081029,0.0
303,281,63.3,10,3.6,2008-10-30,18.6,0.0,9.4,10.3,0.0,1.5,30,2008,20081030,0.0
304,281,71.4,10,2.5,2008-10-31,16.8,0.0,2.0,9.7,0.0,1.2,31,2008,20081031,0.0
305,281,69.3,11,1.4,2008-11-01,18.5,0.0,7.3,9.6,0.0,1.5,1,2008,20081101,0.0
306,281,55.1,11,3.7,2008-11-02,19.7,0.0,4.5,13.8,0.0,2.6,2,2008,20081102,0.0
307,281,46.8,11,6.5,2008-11-03,19.2,0.0,1.9,13.4,0.0,2.4,3,2008,20081103,0.0
308,281,43.0,11,0.9,2008-11-04,18.1,0.0,9.5,8.9,0.0,1.8,4,2008,20081104,0.0
309,281,56.3,11,-1.6,2008-11-05,20.3,0.0,7.6,8.0,0.0,0.8,5,2008,20081105,0.0
310,281,71.3,11,0.6,2008-11-06,23.1,0.0,6.7,12.3,0.0,0.8,6,2008,20081106,0.0
311,281,76.0,11,10.2,2008-11-07,19.0,0.0,0.0,13.7,0.0,0.6,7,2008,20081107,0.0
312,281,78.6,11,9.9,2008-11-08,13.6,0.0,0.0,11.5,0.0,2.3,8,2008,20081108,0.0
313,281,81.4,11,4.2,2008-11-09,13.2,0.5,0.3,9.6,0.0,1.0,9,2008,20081109,0.0
314,281,81.6,11,0.8,2008-11-10,14.3,0.1,4.7,6.7,0.0,1.3,10,2008,20081110,0.0
315,281,70.1,11,2.8,2008-11-11,15.3,0.0,6.1,8.1,0.0,1.2,11,2008,20081111,0.0
316,281,71.6,11,0.0,2008-11-12,18.5,0.0,8.3,8.3,0.0,0.8,12,2008,20081112,0.0
317,281,72.8,11,1.8,2008-11-13,20.0,0.0,8.0,9.5,0.0,0.7,13,2008,20081113,0.0
318,281,73.0,11,4.8,2008-11-14,17.4,0.0,4.2,9.4,0.0,0.6,14,2008,20081114,0.0
319,281,69.8,11,3.6,2008-11-15,19.5,0.0,5.3,10.7,0.0,0.8,15,2008,20081115,0.0
320,281,56.1,11,5.3,2008-11-16,17.0,0.0,6.1,11.4,0.0,2.4,16,2008,20081116,0.0
321,281,43.9,11,3.5,2008-11-17,13.4,0.0,4.5,7.9,0.0,3.3,17,2008,20081117,0.0
322,281,36.3,11,-1.9,2008-11-18,5.9,0.0,7.8,1.4,0.0,4.1,18,2008,20081118,0.0
323,281,35.4,11,-4.4,2008-11-19,4.2,0.0,7.8,-0.8,0.0,4.0,19,2008,20081119,0.0
324,281,54.6,11,-6.9,2008-11-20,8.7,0.0,7.8,1.9,0.0,2.3,20,2008,20081120,0.0
325,281,47.5,11,-2.4,2008-11-21,11.8,0.0,5.2,5.5,0.0,3.4,21,2008,20081121,0.0
326,281,54.8,11,-6.9,2008-11-22,10.9,0.0,6.1,3.5,0.0,1.7,22,2008,20081122,0.0
327,281,63.0,11,-1.6,2008-11-23,14.8,0.0,7.2,6.2,0.0,0.8,23,2008,20081123,0.0
328,281,85.6,11,0.5,2008-11-24,7.3,11.0,0.0,5.1,0.0,1.1,24,2008,20081124,0.0
329,281,86.9,11,-0.3,2008-11-25,11.9,0.0,3.8,4.6,0.0,1.5,25,2008,20081125,0.0
330,281,84.6,11,-1.7,2008-11-26,10.2,0.0,2.3,2.7,0.0,0.9,26,2008,20081126,0.0
331,281,81.4,11,-1.7,2008-11-27,8.6,0.4,1.4,3.9,0.0,1.0,27,2008,20081127,0.0
332,281,76.4,11,2.4,2008-11-28,11.1,0.0,3.8,5.9,0.0,2.8,28,2008,20081128,0.0
333,281,64.0,11,0.2,2008-11-29,9.7,0.1,3.0,4.2,0.0,3.5,29,2008,20081129,0.0
334,281,55.0,11,-3.6,2008-11-30,9.0,0.0,7.8,1.6,0.0,2.2,30,2008,20081130,0.0
335,281,64.9,12,-6.2,2008-12-01,12.2,0.0,7.7,1.5,0.0,1.0,1,2008,20081201,0.0
336,281,73.4,12,-3.6,2008-12-02,15.6,0.0,7.3,4.6,0.0,0.9,2,2008,20081202,0.0
337,281,75.8,12,-2.6,2008-12-03,15.2,0.0,6.2,5.3,0.0,0.6,3,2008,20081203,0.0
338,281,73.4,12,4.5,2008-12-04,14.0,0.3,0.0,8.2,0.0,2.2,4,2008,20081204,0.0
339,281,48.3,12,-7.3,2008-12-05,5.5,0.1,2.8,-1.8,0.0,4.8,5,2008,20081205,0.0
340,281,35.3,12,-9.5,2008-12-06,-0.9,0.0,7.6,-5.6,0.0,3.7,6,2008,20081206,0.0
341,281,61.4,12,-10.9,2008-12-07,5.7,0.0,7.2,-3.0,0.0,1.1,7,2008,20081207,0.0
342,281,73.3,12,-6.6,2008-12-08,12.2,0.2,3.4,0.4,0.0,0.7,8,2008,20081208,0.0
343,281,68.6,12,-4.7,2008-12-09,14.5,0.0,6.4,2.8,0.0,0.5,9,2008,20081209,0.0
344,281,71.8,12,-3.5,2008-12-10,16.8,0.0,6.8,4.7,0.0,0.5,10,2008,20081210,0.0
345,281,64.0,12,0.1,2008-12-11,11.3,0.0,4.2,5.6,0.0,2.8,11,2008,20081211,0.0
346,281,58.0,12,-3.0,2008-12-12,10.5,0.0,7.6,3.2,0.0,2.0,12,2008,20081212,0.0
347,281,55.0,12,-0.6,2008-12-13,10.3,0.0,0.7,4.4,0.0,1.7,13,2008,20081213,0.0
348,281,30.8,12,-2.1,2008-12-14,6.4,0.0,2.0,1.0,0.0,3.2,14,2008,20081214,0.0
349,281,57.6,12,-5.6,2008-12-15,8.6,0.0,7.5,0.7,0.0,1.8,15,2008,20081215,0.0
350,281,67.6,12,-8.3,2008-12-16,10.2,0.0,7.4,-0.8,0.0,0.7,16,2008,20081216,0.0
351,281,68.8,12,-7.6,2008-12-17,12.5,0.0,7.4,1.6,0.0,0.7,17,2008,20081217,0.0
352,281,42.6,12,-4.2,2008-12-18,9.4,0.0,7.5,3.0,0.0,3.0,18,2008,20081218,0.0
353,281,56.6,12,-8.7,2008-12-19,9.1,0.0,7.6,-1.0,0.0,1.1,19,2008,20081219,0.0
354,281,80.9,12,-5.9,2008-12-20,7.6,1.5,0.3,1.5,0.0,0.9,20,2008,20081220,0.0
355,281,88.8,12,0.1,2008-12-21,3.3,13.5,0.0,1.3,0.0,1.5,21,2008,20081221,0.0
356,281,50.9,12,-4.6,2008-12-22,2.1,0.0,6.9,-1.6,0.0,4.2,22,2008,20081222,0.0
357,281,62.1,12,-6.8,2008-12-23,5.1,0.0,3.5,-0.3,0.0,2.1,23,2008,20081223,0.0
358,281,75.9,12,-6.1,2008-12-24,5.1,0.0,1.7,-0.8,0.0,1.2,24,2008,20081224,0.0
359,281,49.4,12,-4.3,2008-12-25,5.1,0.0,5.5,0.2,0.0,4.1,25,2008,20081225,0.0
360,281,29.3,12,-6.2,2008-12-26,2.5,0.0,7.6,-2.5,0.0,3.5,26,2008,20081226,0.0
361,281,38.3,12,-8.7,2008-12-27,5.5,0.0,7.5,-1.5,0.0,2.4,27,2008,20081227,0.0
362,281,65.9,12,-7.5,2008-12-28,7.3,0.0,6.1,0.0,0.0,1.2,28,2008,20081228,0.0
363,281,60.5,12,-2.0,2008-12-29,8.2,0.0,5.5,3.1,0.0,2.9,29,2008,20081229,0.0
364,281,52.0,12,-4.3,2008-12-30,3.0,0.0,5.2,0.1,0.0,4.4,30,2008,20081230,0.0
365,281,47.1,12,-6.5,2008-12-31,1.4,0.0,7.6,-3.0,0.0,3.6,31,2008,20081231,0.0
