,wind,year,month,humid,tmax,sunshine,tmin,station_id,rainfall,snow,day,cloud,date,tavg,Date
0,1.9,2004,1,55.8,8.6,2.6,-0.5,281,0.0,0.0,1,0.0,20040101,4.1,2004-01-01
1,2.1,2004,1,62.3,9.3,1.3,-2.0,281,0.0,0.0,2,0.0,20040102,3.0,2004-01-02
2,1.4,2004,1,61.3,9.1,4.2,-6.4,281,0.0,0.0,3,0.0,20040103,1.1,2004-01-03
3,0.5,2004,1,61.1,9.1,5.6,-7.0,281,0.0,0.0,4,0.0,20040104,-0.5,2004-01-04
4,0.5,2004,1,62.0,9.5,4.2,-9.3,281,0.0,0.0,5,0.0,20040105,-1.8,2004-01-05
5,0.4,2004,1,59.6,10.0,2.2,-7.5,281,0.0,0.0,6,0.0,20040106,0.5,2004-01-06
6,2.5,2004,1,56.4,8.6,4.1,-4.3,281,0.0,0.0,7,0.0,20040107,2.2,2004-01-07
7,0.5,2004,1,67.3,7.9,4.6,-8.1,281,0.0,0.0,8,0.0,20040108,-1.2,2004-01-08
8,0.5,2004,1,70.9,9.3,3.8,-6.9,281,0.0,0.0,9,0.0,20040109,0.6,2004-01-09
9,2.9,2004,1,44.6,7.8,3.2,-2.7,281,0.0,0.0,10,0.0,20040110,2.7,2004-01-10
10,0.5,2004,1,67.8,8.5,4.3,-6.6,281,0.0,0.0,11,0.0,20040111,-0.2,2004-01-11
11,1.4,2004,1,69.6,6.3,3.5,-6.5,281,0.0,0.0,12,0.0,20040112,-0.9,2004-01-12
12,5.1,2004,1,47.9,1.7,5.7,-5.4,281,0.0,0.0,13,0.0,20040113,-2.1,2004-01-13
13,3.2,2004,1,45.1,3.9,7.2,-6.9,281,0.0,0.0,14,0.0,20040114,-2.1,2004-01-14
14,1.4,2004,1,48.9,5.6,4.4,-7.1,281,0.0,0.0,15,0.0,20040115,-1.6,2004-01-15
15,0.6,2004,1,77.1,5.1,0.4,-7.4,281,0.0,0.0,16,0.0,20040116,-0.4,2004-01-16
16,1.2,2004,1,79.1,7.1,2.3,1.0,281,0.0,0.0,17,0.0,20040117,3.5,2004-01-17
17,1.6,2004,1,80.1,3.5,0.0,-1.1,281,0.0,0.0,18,0.0,20040118,1.1,2004-01-18
18,3.4,2004,1,53.4,4.5,5.4,-2.4,281,0.0,0.2,19,0.0,20040119,0.3,2004-01-19
19,2.6,2004,1,48.0,2.7,7.3,-6.4,281,0.0,0.0,20,0.0,20040120,-2.0,2004-01-20
20,4.3,2004,1,47.6,-3.5,6.5,-13.1,281,0.0,0.0,21,0.0,20040121,-8.6,2004-01-21
21,4.7,2004,1,47.3,-4.3,7.3,-13.6,281,0.0,0.0,22,0.0,20040122,-9.5,2004-01-22
22,4.4,2004,1,47.4,0.8,6.9,-9.3,281,0.0,0.0,23,0.0,20040123,-4.9,2004-01-23
23,3.5,2004,1,42.4,0.4,7.5,-9.1,281,0.0,0.0,24,0.0,20040124,-4.6,2004-01-24
24,3.7,2004,1,52.5,-0.2,7.6,-7.8,281,0.0,0.0,25,0.0,20040125,-4.7,2004-01-25
25,2.9,2004,1,54.3,2.7,7.3,-8.1,281,0.0,0.0,26,0.0,20040126,-3.0,2004-01-26
26,3.5,2004,1,48.4,3.0,7.6,-6.0,281,0.0,0.0,27,0.0,20040127,-1.7,2004-01-27
27,3.5,2004,1,55.0,6.4,7.8,-5.0,281,0.0,0.0,28,0.0,20040128,0.4,2004-01-28
28,1.5,2004,1,61.6,8.6,7.9,-5.6,281,0.0,0.0,29,0.0,20040129,0.7,2004-01-29
29,0.7,2004,1,65.1,9.3,7.0,-8.6,281,0.0,0.0,30,0.0,20040130,-1.3,2004-01-30
30,0.3,2004,1,58.3,12.1,7.2,-10.0,281,0.0,0.0,31,0.0,20040131,-0.6,2004-01-31
31,0.3,2004,2,59.4,12.5,6.8,-8.6,281,0.0,0.0,1,0.0,20040201,0.5,2004-02-01
32,3.9,2004,2,42.8,5.9,5.2,-3.7,281,0.0,0.0,2,0.0,20040202,2.1,2004-02-02
33,4.1,2004,2,47.5,1.8,8.0,-5.1,281,0.0,0.0,3,0.0,20040203,-2.4,2004-02-03
34,2.8,2004,2,55.0,3.5,6.7,-5.6,281,0.0,0.0,4,0.0,20040204,-1.6,2004-02-04
35,4.3,2004,2,57.4,1.1,8.7,-5.0,281,1.0,2.6,5,0.0,20040205,-2.5,2004-02-05
36,3.2,2004,2,55.6,1.7,7.6,-8.6,281,0.0,0.0,6,0.0,20040206,-2.9,2004-02-06
37,4.2,2004,2,56.0,1.3,9.0,-5.0,281,0.6,1.4,7,0.0,20040207,-2.3,2004-02-07
38,2.2,2004,2,54.8,8.8,8.7,-10.1,281,0.0,0.0,8,0.0,20040208,0.3,2004-02-08
39,1.5,2004,2,39.9,7.0,9.9,-7.1,281,0.0,0.0,9,0.0,20040209,-0.7,2004-02-09
40,0.8,2004,2,54.9,9.8,9.6,-11.6,281,0.0,0.0,10,0.0,20040210,-1.9,2004-02-10
41,1.9,2004,2,48.8,11.8,8.2,-9.5,281,0.0,0.0,11,0.0,20040211,1.5,2004-02-11
42,2.0,2004,2,44.1,11.3,8.2,-3.7,281,0.0,0.0,12,0.0,20040212,3.3,2004-02-12
43,0.8,2004,2,52.5,11.5,6.4,-7.5,281,0.0,0.0,13,0.0,20040213,1.1,2004-02-13
44,4.5,2004,2,45.3,10.0,5.7,-2.5,281,0.5,0.0,14,0.0,20040214,5.0,2004-02-14
45,4.0,2004,2,38.5,11.1,9.6,-2.9,281,0.0,0.0,15,0.0,20040215,3.8,2004-02-15
46,0.7,2004,2,54.9,13.3,9.2,-7.0,281,0.0,0.0,16,0.0,20040216,4.2,2004-02-16
47,3.8,2004,2,33.5,12.8,9.2,-1.0,281,0.0,0.0,17,0.0,20040217,7.3,2004-02-17
48,0.9,2004,2,42.9,16.2,9.5,-7.5,281,0.0,0.0,18,0.0,20040218,3.1,2004-02-18
49,0.7,2004,2,42.8,19.6,9.4,-6.5,281,0.0,0.0,19,0.0,20040219,4.9,2004-02-19
50,0.7,2004,2,60.5,19.8,8.8,-2.7,281,0.0,0.0,20,0.0,20040220,7.7,2004-02-20
51,0.3,2004,2,83.5,12.8,0.0,3.2,281,2.0,0.0,21,0.0,20040221,9.5,2004-02-21
52,2.9,2004,2,78.3,14.8,0.0,3.2,281,22.5,0.0,22,0.0,20040222,9.1,2004-02-22
53,3.2,2004,2,54.8,9.8,9.3,-2.4,281,0.0,0.0,23,0.0,20040223,3.3,2004-02-23
54,1.9,2004,2,54.9,12.8,8.4,-4.3,281,0.0,0.0,24,0.0,20040224,4.2,2004-02-24
55,2.7,2004,2,51.5,16.1,9.2,-1.2,281,0.0,0.0,25,0.0,20040225,7.6,2004-02-25
56,4.0,2004,2,45.8,7.8,8.5,-3.0,281,0.0,0.0,26,0.0,20040226,3.0,2004-02-26
57,2.4,2004,2,51.3,9.1,9.8,-4.6,281,0.0,0.0,27,0.0,20040227,2.3,2004-02-27
58,1.3,2004,2,66.9,13.8,5.5,-5.8,281,4.5,0.0,28,0.0,20040228,5.1,2004-02-28
59,2.4,2004,2,58.9,14.8,7.6,4.5,281,0.5,0.0,29,0.0,20040229,8.8,2004-02-29
60,2.3,2004,3,38.1,12.3,9.1,2.5,281,0.0,0.0,1,0.0,20040301,5.8,2004-03-01
61,4.3,2004,3,30.1,6.5,3.1,-1.7,281,0.0,0.0,2,0.0,20040302,1.8,2004-03-02
62,2.3,2004,3,55.0,3.2,5.7,-5.8,281,0.3,0.6,3,0.0,20040303,-2.0,2004-03-03
63,1.9,2004,3,53.5,5.9,9.8,-9.1,281,0.0,0.0,4,0.0,20040304,-0.9,2004-03-04
64,1.9,2004,3,73.0,10.0,3.4,-4.4,281,2.0,0.0,5,0.0,20040305,1.5,2004-03-05
65,4.0,2004,3,59.0,1.8,7.9,-5.0,281,0.0,0.0,6,0.0,20040306,-1.7,2004-03-06
66,4.0,2004,3,50.5,3.2,10.5,-6.9,281,0.0,0.0,7,0.0,20040307,-1.6,2004-03-07
67,2.1,2004,3,52.0,9.8,7.7,-4.0,281,0.0,0.0,8,0.0,20040308,3.0,2004-03-08
68,1.4,2004,3,58.8,15.3,9.3,-4.5,281,0.0,0.0,9,0.0,20040309,6.3,2004-03-09
69,3.4,2004,3,60.3,19.1,7.7,2.0,281,0.0,0.0,10,0.0,20040310,13.3,2004-03-10
70,3.7,2004,3,26.8,15.6,6.8,5.3,281,0.0,0.0,11,0.0,20040311,9.5,2004-03-11
71,1.7,2004,3,32.0,16.3,8.8,0.3,281,0.0,0.0,12,0.0,20040312,7.7,2004-03-12
72,0.6,2004,3,45.5,16.7,8.4,-2.5,281,0.0,0.0,13,0.0,20040313,6.3,2004-03-13
73,1.1,2004,3,56.8,16.7,8.4,-1.8,281,0.0,0.0,14,0.0,20040314,6.8,2004-03-14
74,0.7,2004,3,66.1,18.3,8.8,-1.8,281,0.0,0.0,15,0.0,20040315,7.8,2004-03-15
75,2.3,2004,3,57.8,22.0,8.7,1.0,281,0.0,0.0,16,0.0,20040316,13.4,2004-03-16
76,3.4,2004,3,63.8,17.8,0.0,2.9,281,7.0,0.0,17,0.0,20040317,10.9,2004-03-17
77,2.1,2004,3,47.0,11.1,9.2,-0.8,281,0.0,0.0,18,0.0,20040318,4.3,2004-03-18
78,1.5,2004,3,46.3,12.8,8.7,-2.9,281,0.0,0.0,19,0.0,20040319,5.1,2004-03-19
79,1.2,2004,3,53.1,16.2,9.9,2.0,281,0.0,0.0,20,0.0,20040320,7.7,2004-03-20
80,1.9,2004,3,63.5,14.8,6.3,1.7,281,0.0,0.0,21,0.0,20040321,8.0,2004-03-21
81,1.9,2004,3,68.4,13.8,7.4,3.0,281,1.0,0.0,22,0.0,20040322,7.6,2004-03-22
82,0.8,2004,3,62.4,17.6,8.1,-0.6,281,0.0,0.0,23,0.0,20040323,8.3,2004-03-23
83,1.5,2004,3,59.5,14.6,8.1,0.1,281,0.0,0.0,24,0.0,20040324,7.7,2004-03-24
84,0.5,2004,3,61.9,14.3,3.6,1.5,281,0.0,0.0,25,0.0,20040325,6.4,2004-03-25
85,1.7,2004,3,59.1,15.6,11.0,-2.0,281,0.0,0.0,26,0.0,20040326,6.8,2004-03-26
86,0.9,2004,3,54.4,19.2,9.8,-1.7,281,0.0,0.0,27,0.0,20040327,8.8,2004-03-27
87,1.2,2004,3,45.9,23.1,10.8,-0.6,281,0.0,0.0,28,0.0,20040328,11.5,2004-03-28
88,1.6,2004,3,50.3,24.1,9.9,3.0,281,1.0,0.0,29,0.0,20040329,14.6,2004-03-29
89,3.0,2004,3,47.1,22.0,9.4,6.1,281,3.0,0.0,30,0.0,20040330,14.5,2004-03-30
90,3.1,2004,3,30.5,17.2,10.0,-0.2,281,0.0,0.0,31,0.0,20040331,9.4,2004-03-31
91,1.4,2004,4,58.9,18.2,7.0,-1.2,281,16.0,0.0,1,0.0,20040401,8.8,2004-04-01
92,4.0,2004,4,49.3,15.3,9.8,6.5,281,1.0,0.0,2,0.0,20040402,10.0,2004-04-02
93,2.8,2004,4,48.8,12.5,8.2,3.2,281,0.0,0.0,3,0.0,20040403,7.4,2004-04-03
94,1.4,2004,4,54.6,15.1,10.7,0.1,281,0.0,0.0,4,0.0,20040404,7.7,2004-04-04
95,2.1,2004,4,37.9,20.1,11.4,-0.6,281,0.0,0.0,5,0.0,20040405,10.7,2004-04-05
96,1.5,2004,4,41.4,19.7,7.9,1.0,281,0.0,0.0,6,0.0,20040406,11.9,2004-04-06
97,1.8,2004,4,49.4,16.7,3.8,7.9,281,0.0,0.0,7,0.0,20040407,11.3,2004-04-07
98,2.2,2004,4,31.1,19.5,11.3,0.6,281,0.0,0.0,8,0.0,20040408,11.8,2004-04-08
99,2.4,2004,4,27.6,25.2,10.8,5.0,281,0.0,0.0,9,0.0,20040409,16.2,2004-04-09
100,1.6,2004,4,33.1,26.6,9.6,6.4,281,0.0,0.0,10,0.0,20040410,17.6,2004-04-10
101,1.3,2004,4,35.6,24.5,8.2,9.5,281,0.0,0.0,11,0.0,20040411,17.6,2004-04-11
102,2.1,2004,4,52.8,25.0,9.3,5.3,281,0.0,0.0,12,0.0,20040412,14.0,2004-04-12
103,2.3,2004,4,61.9,20.7,10.9,4.5,281,0.0,0.0,13,0.0,20040413,12.2,2004-04-13
104,1.6,2004,4,58.5,23.5,10.5,7.0,281,0.0,0.0,14,0.0,20040414,13.3,2004-04-14
105,1.1,2004,4,47.3,23.8,10.2,2.5,281,0.0,0.0,15,0.0,20040415,13.4,2004-04-15
106,2.1,2004,4,39.9,28.2,10.7,4.1,281,0.0,0.0,16,0.0,20040416,16.9,2004-04-16
107,1.1,2004,4,43.5,29.0,10.4,6.8,281,0.0,0.0,17,0.0,20040417,17.4,2004-04-17
108,1.5,2004,4,57.4,27.1,7.9,5.1,281,11.5,0.0,18,0.0,20040418,16.0,2004-04-18
109,1.8,2004,4,74.4,22.3,2.1,14.1,281,9.0,0.0,19,0.0,20040419,17.1,2004-04-19
110,3.5,2004,4,47.5,27.2,11.1,12.8,281,0.0,0.0,20,0.0,20040420,19.0,2004-04-20
111,1.2,2004,4,49.9,30.2,10.7,7.8,281,0.0,0.0,21,0.0,20040421,20.2,2004-04-21
112,2.6,2004,4,60.1,29.7,9.7,11.3,281,21.5,0.0,22,0.0,20040422,17.4,2004-04-22
113,2.4,2004,4,46.6,19.3,9.7,5.5,281,0.0,0.0,23,0.0,20040423,12.5,2004-04-23
114,1.5,2004,4,50.9,19.1,10.2,2.2,281,0.0,0.0,24,0.0,20040424,11.3,2004-04-24
115,2.7,2004,4,29.4,23.0,11.0,3.5,281,0.0,0.0,25,0.0,20040425,14.9,2004-04-25
116,2.3,2004,4,67.5,17.2,2.9,5.5,281,26.0,0.0,26,0.0,20040426,10.8,2004-04-26
117,1.5,2004,4,81.3,12.5,0.0,4.8,281,12.0,0.0,27,0.0,20040427,9.3,2004-04-27
118,1.8,2004,4,59.6,21.2,11.7,2.5,281,0.0,0.0,28,0.0,20040428,12.0,2004-04-28
119,1.9,2004,4,48.1,26.3,11.3,5.9,281,0.0,0.0,29,0.0,20040429,17.0,2004-04-29
120,2.4,2004,4,54.9,24.3,8.2,11.5,281,0.0,0.0,30,0.0,20040430,15.8,2004-04-30
121,3.8,2004,5,60.3,18.3,10.5,11.3,281,0.0,0.0,1,0.0,20040501,14.0,2004-05-01
122,2.5,2004,5,72.4,20.8,5.1,11.1,281,3.5,0.0,2,0.0,20040502,15.1,2004-05-02
123,1.0,2004,5,81.5,21.7,0.0,15.3,281,3.0,0.0,3,0.0,20040503,18.5,2004-05-03
124,2.6,2004,5,54.6,20.7,8.6,12.1,281,1.5,0.0,4,0.0,20040504,15.5,2004-05-04
125,1.3,2004,5,50.1,24.2,11.9,4.3,281,0.0,0.0,5,0.0,20040505,15.5,2004-05-05
126,2.1,2004,5,50.6,27.7,11.2,7.3,281,0.0,0.0,6,0.0,20040506,17.9,2004-05-06
127,1.0,2004,5,52.8,26.3,10.2,6.0,281,0.0,0.0,7,0.0,20040507,16.3,2004-05-07
128,0.6,2004,5,60.0,24.8,5.9,8.1,281,1.5,0.0,8,0.0,20040508,17.0,2004-05-08
129,1.4,2004,5,84.6,16.2,0.0,13.0,281,37.0,0.0,9,0.0,20040509,14.8,2004-05-09
130,2.2,2004,5,73.4,24.3,4.8,14.6,281,7.5,0.0,10,0.0,20040510,18.2,2004-05-10
131,2.2,2004,5,61.6,27.8,10.6,15.5,281,0.0,0.0,11,0.0,20040511,20.1,2004-05-11
132,0.7,2004,5,77.0,21.6,1.2,13.6,281,4.5,0.0,12,0.0,20040512,17.6,2004-05-12
133,2.3,2004,5,67.5,25.0,7.7,12.1,281,1.0,0.0,13,0.0,20040513,18.9,2004-05-13
134,1.7,2004,5,58.8,25.5,11.4,9.1,281,0.0,0.0,14,0.0,20040514,17.3,2004-05-14
135,0.6,2004,5,77.5,15.6,0.0,12.1,281,6.5,0.0,15,0.0,20040515,13.9,2004-05-15
136,1.1,2004,5,71.6,20.3,6.8,13.1,281,0.0,0.0,16,0.0,20040516,16.4,2004-05-16
137,2.9,2004,5,58.4,22.7,10.5,12.6,281,0.0,0.0,17,0.0,20040517,17.9,2004-05-17
138,1.5,2004,5,50.9,27.6,11.4,8.1,281,0.0,0.0,18,0.0,20040518,19.3,2004-05-18
139,1.6,2004,5,48.6,22.3,6.5,16.6,281,0.0,0.0,19,0.0,20040519,19.1,2004-05-19
140,1.3,2004,5,60.4,27.7,10.2,11.1,281,0.0,0.0,20,0.0,20040520,19.8,2004-05-20
141,2.5,2004,5,58.3,24.2,8.4,10.8,281,0.0,0.0,21,0.0,20040521,18.2,2004-05-21
142,1.7,2004,5,50.0,26.3,12.1,7.0,281,0.0,0.0,22,0.0,20040522,17.0,2004-05-22
143,1.4,2004,5,53.8,25.5,9.4,8.1,281,0.0,0.0,23,0.0,20040523,16.9,2004-05-23
144,1.6,2004,5,57.6,27.2,12.0,8.8,281,0.0,0.0,24,0.0,20040524,18.2,2004-05-24
145,1.2,2004,5,52.1,29.7,12.0,9.8,281,0.0,0.0,25,0.0,20040525,20.1,2004-05-25
146,1.1,2004,5,60.3,25.7,4.4,12.6,281,0.0,0.0,26,0.0,20040526,18.8,2004-05-26
147,1.1,2004,5,57.8,28.2,7.5,13.3,281,0.0,0.0,27,0.0,20040527,21.7,2004-05-27
148,1.1,2004,5,70.3,23.7,0.0,19.7,281,4.5,0.0,28,0.0,20040528,22.4,2004-05-28
149,1.6,2004,5,64.5,32.4,9.3,18.2,281,1.5,0.0,29,0.0,20040529,25.0,2004-05-29
150,0.8,2004,5,76.3,22.8,1.4,15.8,281,0.5,0.0,30,0.0,20040530,20.3,2004-05-30
151,2.0,2004,5,63.8,22.2,7.8,11.5,281,1.5,0.0,31,0.0,20040531,18.0,2004-05-31
152,1.2,2004,6,54.3,29.5,11.7,8.3,281,0.0,0.0,1,0.0,20040601,19.0,2004-06-01
153,1.1,2004,6,52.1,28.5,10.6,12.1,281,0.0,0.0,2,0.0,20040602,19.7,2004-06-02
154,1.3,2004,6,46.0,31.6,12.3,9.8,281,0.0,0.0,3,0.0,20040603,20.9,2004-06-03
155,1.2,2004,6,47.0,34.5,11.9,11.1,281,0.0,0.0,4,0.0,20040604,22.7,2004-06-04
156,1.9,2004,6,48.4,31.2,10.9,11.8,281,0.0,0.0,5,0.0,20040605,21.8,2004-06-05
157,2.0,2004,6,50.4,28.2,9.4,15.8,281,0.0,0.0,6,0.0,20040606,21.5,2004-06-06
158,0.7,2004,6,71.5,20.6,0.0,15.3,281,6.5,0.0,7,0.0,20040607,17.3,2004-06-07
159,0.7,2004,6,73.6,23.1,4.9,14.8,281,1.0,0.0,8,0.0,20040608,18.2,2004-06-08
160,1.6,2004,6,61.6,28.0,10.6,15.1,281,0.0,0.0,9,0.0,20040609,21.6,2004-06-09
161,2.1,2004,6,58.5,29.2,10.5,15.3,281,0.0,0.0,10,0.0,20040610,20.8,2004-06-10
162,1.4,2004,6,52.9,28.7,11.0,11.8,281,0.0,0.0,11,0.0,20040611,20.7,2004-06-11
163,2.2,2004,6,54.4,28.2,10.8,12.0,281,0.0,0.0,12,0.0,20040612,19.9,2004-06-12
164,1.2,2004,6,48.5,31.6,12.6,8.1,281,0.0,0.0,13,0.0,20040613,20.4,2004-06-13
165,1.2,2004,6,46.9,32.7,12.2,11.5,281,0.0,0.0,14,0.0,20040614,23.0,2004-06-14
166,1.7,2004,6,53.0,34.2,10.1,14.3,281,0.0,0.0,15,0.0,20040615,22.9,2004-06-15
167,2.3,2004,6,66.0,27.3,9.7,14.5,281,0.0,0.0,16,0.0,20040616,20.6,2004-06-16
168,1.1,2004,6,80.6,20.3,0.0,17.0,281,30.0,0.0,17,0.0,20040617,18.2,2004-06-17
169,0.7,2004,6,72.1,28.1,5.5,17.0,281,1.0,0.0,18,0.0,20040618,22.3,2004-06-18
170,1.4,2004,6,84.3,21.0,0.0,18.0,281,79.5,0.0,19,0.0,20040619,19.7,2004-06-19
171,2.4,2004,6,80.8,28.5,3.9,20.2,281,19.0,0.0,20,0.0,20040620,22.7,2004-06-20
172,1.2,2004,6,76.4,25.2,3.3,18.7,281,44.5,0.0,21,0.0,20040621,21.6,2004-06-21
173,1.5,2004,6,62.4,30.2,11.0,19.7,281,0.0,0.0,22,0.0,20040622,25.0,2004-06-22
174,1.4,2004,6,63.1,31.7,9.2,20.5,281,0.0,0.0,23,0.0,20040623,26.4,2004-06-23
175,1.2,2004,6,72.8,26.7,2.9,19.8,281,1.0,0.0,24,0.0,20040624,23.2,2004-06-24
176,1.4,2004,6,77.3,23.2,0.0,19.5,281,2.0,0.0,25,0.0,20040625,21.0,2004-06-25
177,1.3,2004,6,77.0,24.0,1.4,19.7,281,0.0,0.0,26,0.0,20040626,21.6,2004-06-26
178,1.4,2004,6,72.6,29.5,9.5,19.7,281,44.5,0.0,27,0.0,20040627,23.6,2004-06-27
179,0.9,2004,6,69.9,30.2,9.4,19.3,281,0.0,0.0,28,0.0,20040628,24.9,2004-06-28
180,2.0,2004,6,63.4,30.2,8.7,21.8,281,0.0,0.0,29,0.0,20040629,25.3,2004-06-29
181,1.9,2004,6,68.8,27.7,6.9,20.5,281,0.0,0.0,30,0.0,20040630,23.5,2004-06-30
182,2.0,2004,7,71.1,25.7,6.7,20.5,281,0.0,0.0,1,0.0,20040701,22.5,2004-07-01
183,0.9,2004,7,79.0,26.2,2.5,20.2,281,6.5,0.0,2,0.0,20040702,22.8,2004-07-02
184,0.7,2004,7,79.0,30.2,3.5,21.1,281,31.0,0.0,3,0.0,20040703,24.3,2004-07-03
185,3.0,2004,7,78.1,26.6,0.5,21.5,281,46.5,0.0,4,0.0,20040704,23.7,2004-07-04
186,2.8,2004,7,60.8,30.2,8.9,22.6,281,0.0,0.0,5,0.0,20040705,25.8,2004-07-05
187,1.2,2004,7,62.0,32.0,8.9,20.7,281,0.0,0.0,6,0.0,20040706,26.9,2004-07-06
188,1.0,2004,7,81.6,27.2,0.3,21.6,281,4.5,0.0,7,0.0,20040707,23.9,2004-07-07
189,1.5,2004,7,71.3,30.2,6.5,20.7,281,0.0,0.0,8,0.0,20040708,25.0,2004-07-08
190,1.0,2004,7,69.9,31.5,7.9,19.7,281,0.0,0.0,9,0.0,20040709,25.0,2004-07-09
191,1.2,2004,7,70.1,31.2,9.1,21.0,281,0.0,0.0,10,0.0,20040710,25.0,2004-07-10
192,1.0,2004,7,77.5,28.7,5.8,20.7,281,20.5,0.0,11,0.0,20040711,23.4,2004-07-11
193,1.6,2004,7,73.4,30.7,6.3,21.2,281,2.5,0.0,12,0.0,20040712,25.7,2004-07-12
194,2.1,2004,7,74.4,30.7,8.2,21.2,281,0.0,0.0,13,0.0,20040713,24.3,2004-07-13
195,1.0,2004,7,81.9,27.1,1.8,20.1,281,27.0,0.0,14,0.0,20040714,22.1,2004-07-14
196,0.7,2004,7,77.5,30.2,5.3,20.3,281,1.5,0.0,15,0.0,20040715,24.6,2004-07-15
197,1.4,2004,7,72.4,29.7,4.2,23.2,281,0.5,0.0,16,0.0,20040716,26.4,2004-07-16
198,1.7,2004,7,76.5,28.2,0.3,21.7,281,19.0,0.0,17,0.0,20040717,24.5,2004-07-17
199,1.5,2004,7,68.1,32.7,9.6,21.7,281,0.0,0.0,18,0.0,20040718,27.4,2004-07-18
200,1.6,2004,7,64.9,33.5,6.4,23.1,281,0.0,0.0,19,0.0,20040719,28.3,2004-07-19
201,1.8,2004,7,63.9,33.7,10.6,24.0,281,0.0,0.0,20,0.0,20040720,29.3,2004-07-20
202,2.4,2004,7,65.3,34.2,9.5,25.3,281,0.0,0.0,21,0.0,20040721,29.4,2004-07-21
203,1.7,2004,7,65.9,35.2,10.8,25.7,281,0.0,0.0,22,0.0,20040722,30.0,2004-07-22
204,1.5,2004,7,62.6,36.7,11.8,24.7,281,0.0,0.0,23,0.0,20040723,30.3,2004-07-23
205,0.9,2004,7,64.9,37.2,11.4,22.6,281,0.0,0.0,24,0.0,20040724,29.9,2004-07-24
206,1.6,2004,7,65.5,34.5,11.2,23.2,281,0.0,0.0,25,0.0,20040725,27.6,2004-07-25
207,1.3,2004,7,69.0,34.5,8.5,22.2,281,0.0,0.0,26,0.0,20040726,27.0,2004-07-26
208,1.2,2004,7,66.9,33.5,9.6,22.2,281,0.0,0.0,27,0.0,20040727,27.8,2004-07-27
209,1.3,2004,7,64.6,35.7,11.7,23.1,281,0.0,0.0,28,0.0,20040728,28.9,2004-07-28
210,1.4,2004,7,64.9,35.5,11.9,21.6,281,0.0,0.0,29,0.0,20040729,28.3,2004-07-29
211,1.2,2004,7,65.6,36.5,9.8,21.8,281,0.0,0.0,30,0.0,20040730,28.2,2004-07-30
212,2.5,2004,7,57.9,33.5,11.1,20.7,281,0.0,0.0,31,0.0,20040731,27.9,2004-07-31
213,1.6,2004,8,66.4,31.8,2.6,24.1,281,2.0,0.0,1,0.0,20040801,27.2,2004-08-01
214,2.1,2004,8,67.9,33.7,10.3,21.3,281,0.0,0.0,2,0.0,20040802,26.4,2004-08-02
215,1.2,2004,8,77.1,33.2,6.0,22.5,281,2.5,0.0,3,0.0,20040803,26.0,2004-08-03
216,1.2,2004,8,68.0,35.2,9.4,23.6,281,0.0,0.0,4,0.0,20040804,28.0,2004-08-04
217,0.8,2004,8,77.6,29.2,0.9,23.7,281,3.5,0.0,5,0.0,20040805,25.8,2004-08-05
218,0.7,2004,8,69.9,35.0,8.9,23.2,281,0.0,0.0,6,0.0,20040806,27.8,2004-08-06
219,1.1,2004,8,64.1,36.0,10.5,22.2,281,0.0,0.0,7,0.0,20040807,28.5,2004-08-07
220,1.4,2004,8,60.0,36.5,11.8,22.1,281,0.0,0.0,8,0.0,20040808,29.2,2004-08-08
221,1.0,2004,8,66.4,35.7,6.3,23.5,281,0.0,0.0,9,0.0,20040809,27.8,2004-08-09
222,1.7,2004,8,67.1,32.5,9.8,22.2,281,0.0,0.0,10,0.0,20040810,27.4,2004-08-10
223,1.7,2004,8,64.5,32.5,10.9,21.8,281,0.0,0.0,11,0.0,20040811,26.6,2004-08-11
224,1.1,2004,8,62.6,35.2,10.6,18.7,281,0.0,0.0,12,0.0,20040812,26.2,2004-08-12
225,1.4,2004,8,59.8,36.7,11.2,20.2,281,0.0,0.0,13,0.0,20040813,28.3,2004-08-13
226,1.2,2004,8,78.1,30.7,4.2,22.2,281,39.0,0.0,14,0.0,20040814,24.9,2004-08-14
227,1.2,2004,8,72.6,30.2,7.3,21.7,281,1.0,0.0,15,0.0,20040815,24.4,2004-08-15
228,1.4,2004,8,74.4,29.2,4.5,22.2,281,0.0,0.0,16,0.0,20040816,25.0,2004-08-16
229,1.1,2004,8,68.3,34.4,8.1,23.3,281,0.5,0.0,17,0.0,20040817,28.2,2004-08-17
230,1.4,2004,8,84.4,25.8,0.0,22.2,281,77.0,0.0,18,0.0,20040818,24.1,2004-08-18
231,2.8,2004,8,76.3,26.3,1.3,21.8,281,58.5,0.0,19,0.0,20040819,23.6,2004-08-19
232,1.8,2004,8,72.5,22.8,1.2,19.7,281,0.0,0.0,20,0.0,20040820,20.6,2004-08-20
233,1.4,2004,8,71.6,25.7,5.3,19.3,281,0.0,0.0,21,0.0,20040821,21.6,2004-08-21
234,1.1,2004,8,82.9,22.0,0.0,18.0,281,40.5,0.0,22,0.0,20040822,19.3,2004-08-22
235,1.0,2004,8,79.6,23.2,1.0,18.3,281,35.5,0.0,23,0.0,20040823,20.2,2004-08-23
236,1.1,2004,8,73.5,28.0,8.5,17.1,281,0.0,0.0,24,0.0,20040824,21.8,2004-08-24
237,1.0,2004,8,73.8,27.5,4.6,17.1,281,0.0,0.0,25,0.0,20040825,21.5,2004-08-25
238,0.9,2004,8,67.4,26.3,6.6,18.5,281,0.0,0.0,26,0.0,20040826,21.9,2004-08-26
239,1.8,2004,8,65.1,26.7,5.9,19.7,281,0.0,0.0,27,0.0,20040827,22.5,2004-08-27
240,2.5,2004,8,66.4,26.6,10.3,17.2,281,0.0,0.0,28,0.0,20040828,21.6,2004-08-28
241,1.2,2004,8,74.1,27.7,7.4,17.1,281,0.0,0.0,29,0.0,20040829,22.0,2004-08-29
242,1.6,2004,8,71.3,28.8,3.8,19.7,281,0.0,0.0,30,0.0,20040830,24.4,2004-08-30
243,1.9,2004,8,58.5,31.0,10.8,19.2,281,0.0,0.0,31,0.0,20040831,25.0,2004-08-31
244,1.1,2004,9,67.6,30.7,9.5,17.6,281,0.0,0.0,1,0.0,20040901,23.0,2004-09-01
245,1.6,2004,9,60.8,31.1,11.0,13.8,281,0.0,0.0,2,0.0,20040902,21.8,2004-09-02
246,0.8,2004,9,64.6,29.7,8.6,13.1,281,0.0,0.0,3,0.0,20040903,20.7,2004-09-03
247,1.2,2004,9,66.4,30.0,8.7,15.3,281,0.0,0.0,4,0.0,20040904,21.6,2004-09-04
248,1.4,2004,9,73.9,26.1,5.0,16.1,281,0.5,0.0,5,0.0,20040905,21.9,2004-09-05
249,1.3,2004,9,78.4,22.1,1.1,18.7,281,11.5,0.0,6,0.0,20040906,20.6,2004-09-06
250,2.6,2004,9,78.6,23.3,0.3,18.5,281,41.0,0.0,7,0.0,20040907,21.4,2004-09-07
251,1.4,2004,9,69.3,27.3,7.8,15.6,281,0.0,0.0,8,0.0,20040908,21.4,2004-09-08
252,0.5,2004,9,79.0,24.2,0.2,18.3,281,0.0,0.0,9,0.0,20040909,20.5,2004-09-09
253,1.5,2004,9,75.3,24.5,3.1,17.8,281,5.0,0.0,10,0.0,20040910,19.9,2004-09-10
254,3.4,2004,9,74.3,21.3,0.6,18.1,281,16.5,0.0,11,0.0,20040911,19.4,2004-09-11
255,2.6,2004,9,80.4,23.7,2.3,18.2,281,2.0,0.0,12,0.0,20040912,20.7,2004-09-12
256,1.6,2004,9,71.1,28.7,4.7,19.7,281,0.0,0.0,13,0.0,20040913,24.6,2004-09-13
257,1.8,2004,9,71.8,25.1,2.9,20.2,281,0.0,0.0,14,0.0,20040914,22.1,2004-09-14
258,1.6,2004,9,72.8,24.2,0.0,19.8,281,0.0,0.0,15,0.0,20040915,21.7,2004-09-15
259,1.0,2004,9,79.4,28.8,3.6,20.5,281,19.5,0.0,16,0.0,20040916,23.6,2004-09-16
260,0.9,2004,9,72.6,30.3,5.0,21.7,281,3.5,0.0,17,0.0,20040917,25.1,2004-09-17
261,1.1,2004,9,80.9,25.8,0.7,20.5,281,9.5,0.0,18,0.0,20040918,22.5,2004-09-18
262,1.4,2004,9,64.1,26.7,10.9,15.0,281,0.0,0.0,19,0.0,20040919,20.5,2004-09-19
263,0.8,2004,9,75.9,24.3,4.1,13.0,281,47.0,0.0,20,0.0,20040920,17.7,2004-09-20
264,1.3,2004,9,73.3,22.8,3.9,14.8,281,0.0,0.0,21,0.0,20040921,17.6,2004-09-21
265,1.1,2004,9,74.5,24.2,8.5,12.3,281,0.0,0.0,22,0.0,20040922,17.5,2004-09-22
266,0.8,2004,9,75.0,23.3,3.9,13.6,281,0.0,0.0,23,0.0,20040923,18.2,2004-09-23
267,1.1,2004,9,71.8,26.1,7.9,14.0,281,0.0,0.0,24,0.0,20040924,18.6,2004-09-24
268,1.9,2004,9,68.0,24.2,8.7,11.6,281,0.0,0.0,25,0.0,20040925,17.9,2004-09-25
269,1.5,2004,9,69.9,23.0,2.4,14.6,281,0.0,0.0,26,0.0,20040926,19.1,2004-09-26
270,0.7,2004,9,74.4,25.6,6.5,15.3,281,8.0,0.0,27,0.0,20040927,19.3,2004-09-27
271,1.6,2004,9,74.6,24.7,4.2,14.0,281,0.5,0.0,28,0.0,20040928,18.6,2004-09-28
272,1.4,2004,9,68.6,24.6,4.9,12.0,281,2.5,0.0,29,0.0,20040929,18.0,2004-09-29
273,1.0,2004,9,71.9,25.6,10.2,9.3,281,0.0,0.0,30,0.0,20040930,16.9,2004-09-30
274,2.0,2004,10,63.6,26.3,7.1,13.3,281,0.0,0.0,1,0.0,20041001,19.1,2004-10-01
275,2.6,2004,10,51.8,19.2,10.0,6.5,281,0.0,0.0,2,0.0,20041002,12.9,2004-10-02
276,1.1,2004,10,65.3,20.5,5.6,5.6,281,0.0,0.0,3,0.0,20041003,13.6,2004-10-03
277,1.0,2004,10,73.8,19.7,3.5,9.0,281,0.0,0.0,4,0.0,20041004,13.6,2004-10-04
278,0.9,2004,10,72.1,21.3,4.8,7.6,281,0.0,0.0,5,0.0,20041005,13.9,2004-10-05
279,0.6,2004,10,70.4,24.1,7.8,7.1,281,0.0,0.0,6,0.0,20041006,14.2,2004-10-06
280,0.4,2004,10,71.5,22.5,5.6,9.0,281,0.0,0.0,7,0.0,20041007,15.6,2004-10-07
281,0.7,2004,10,73.1,21.7,0.0,13.8,281,0.0,0.0,8,0.0,20041008,17.5,2004-10-08
282,1.2,2004,10,69.6,22.5,2.6,15.1,281,1.0,0.0,9,0.0,20041009,17.4,2004-10-09
283,0.8,2004,10,64.0,24.7,6.8,10.6,281,0.0,0.0,10,0.0,20041010,17.4,2004-10-10
284,0.6,2004,10,68.1,24.3,7.9,6.5,281,0.0,0.0,11,0.0,20041011,15.7,2004-10-11
285,2.0,2004,10,56.8,22.5,7.9,9.1,281,0.0,0.0,12,0.0,20041012,15.1,2004-10-12
286,1.2,2004,10,56.1,19.6,10.3,2.5,281,0.0,0.0,13,0.0,20041013,10.5,2004-10-13
287,2.4,2004,10,55.8,16.3,10.3,2.5,281,0.0,0.0,14,0.0,20041014,9.9,2004-10-14
288,1.6,2004,10,59.4,21.6,10.2,0.4,281,0.0,0.0,15,0.0,20041015,12.1,2004-10-15
289,2.2,2004,10,63.4,23.8,9.0,4.5,281,0.0,0.0,16,0.0,20041016,14.6,2004-10-16
290,2.3,2004,10,59.9,19.1,4.6,8.8,281,0.0,0.0,17,0.0,20041017,14.4,2004-10-17
291,0.9,2004,10,70.4,21.3,1.0,12.1,281,0.5,0.0,18,0.0,20041018,15.7,2004-10-18
292,0.8,2004,10,75.1,19.7,0.2,12.1,281,0.0,0.0,19,0.0,20041019,15.7,2004-10-19
293,2.4,2004,10,58.0,20.3,0.6,7.4,281,0.0,0.0,20,0.0,20041020,16.2,2004-10-20
294,0.9,2004,10,64.0,23.2,9.6,3.2,281,0.0,0.0,21,0.0,20041021,13.2,2004-10-21
295,2.9,2004,10,44.1,19.2,9.7,4.9,281,0.0,0.0,22,0.0,20041022,13.2,2004-10-22
296,1.3,2004,10,66.1,18.7,8.9,0.8,281,0.0,0.0,23,0.0,20041023,8.7,2004-10-23
297,0.6,2004,10,69.4,20.8,9.6,2.7,281,0.0,0.0,24,0.0,20041024,10.6,2004-10-24
298,0.7,2004,10,65.3,22.2,7.0,2.7,281,0.0,0.0,25,0.0,20041025,12.9,2004-10-25
299,1.7,2004,10,61.5,19.6,4.5,9.3,281,0.0,0.0,26,0.0,20041026,13.3,2004-10-26
300,1.2,2004,10,58.0,18.3,7.8,4.0,281,0.0,0.0,27,0.0,20041027,10.2,2004-10-27
301,0.6,2004,10,68.3,20.5,9.2,1.1,281,0.0,0.0,28,0.0,20041028,9.6,2004-10-28
302,0.5,2004,10,68.9,21.7,9.2,3.0,281,0.0,0.0,29,0.0,20041029,11.4,2004-10-29
303,0.9,2004,10,72.0,23.0,7.8,5.4,281,0.0,0.0,30,0.0,20041030,12.4,2004-10-30
304,0.9,2004,10,74.8,19.8,4.6,4.6,281,0.0,0.0,31,0.0,20041031,11.4,2004-10-31
305,0.9,2004,11,72.6,21.2,5.7,4.9,281,0.0,0.0,1,0.0,20041101,12.8,2004-11-01
306,2.0,2004,11,69.6,17.0,1.6,8.6,281,8.0,0.0,2,0.0,20041102,12.8,2004-11-02
307,2.1,2004,11,64.8,16.6,5.6,4.0,281,0.0,0.0,3,0.0,20041103,10.5,2004-11-03
308,0.9,2004,11,71.6,18.7,8.8,0.6,281,0.0,0.0,4,0.0,20041104,8.4,2004-11-04
309,0.5,2004,11,71.0,19.5,6.0,0.6,281,0.0,0.0,5,0.0,20041105,9.3,2004-11-05
310,1.2,2004,11,59.8,19.7,5.0,3.2,281,0.0,0.0,6,0.0,20041106,9.9,2004-11-06
311,0.5,2004,11,72.3,20.6,6.8,1.7,281,0.0,0.0,7,0.0,20041107,10.1,2004-11-07
312,0.4,2004,11,76.4,21.0,4.5,4.5,281,0.0,0.0,8,0.0,20041108,10.4,2004-11-08
313,1.1,2004,11,70.9,22.5,6.0,3.0,281,0.0,0.0,9,0.0,20041109,11.8,2004-11-09
314,1.5,2004,11,78.9,20.5,0.1,8.1,281,37.0,0.0,10,0.0,20041110,15.2,2004-11-10
315,1.8,2004,11,72.6,21.1,1.6,13.3,281,7.5,0.0,11,0.0,20041111,16.7,2004-11-11
316,4.0,2004,11,49.6,13.5,7.1,2.2,281,0.0,0.0,12,0.0,20041112,8.5,2004-11-12
317,0.9,2004,11,71.0,10.6,4.3,-2.5,281,0.5,0.0,13,0.0,20041113,4.5,2004-11-13
318,1.1,2004,11,63.3,14.6,3.3,4.0,281,0.0,0.0,14,0.0,20041114,8.1,2004-11-14
319,4.1,2004,11,43.5,11.6,5.9,2.7,281,0.0,0.0,15,0.0,20041115,7.5,2004-11-15
320,1.9,2004,11,58.3,13.5,6.3,-2.7,281,0.0,0.0,16,0.0,20041116,4.7,2004-11-16
321,0.8,2004,11,70.0,16.0,4.3,-2.2,281,0.0,0.0,17,0.0,20041117,6.5,2004-11-17
322,0.6,2004,11,70.8,17.3,4.9,1.7,281,0.0,0.0,18,0.0,20041118,7.8,2004-11-18
323,0.7,2004,11,73.0,16.3,5.0,-1.1,281,0.0,0.0,19,0.0,20041119,5.7,2004-11-19
324,1.4,2004,11,65.0,15.3,3.6,-2.5,281,0.0,0.0,20,0.0,20041120,6.7,2004-11-20
325,2.0,2004,11,60.5,13.8,5.9,-0.5,281,0.0,0.0,21,0.0,20041121,5.9,2004-11-21
326,0.8,2004,11,71.1,14.3,5.7,-3.2,281,0.0,0.0,22,0.0,20041122,3.7,2004-11-22
327,0.6,2004,11,70.6,15.3,4.6,-3.2,281,0.0,0.0,23,0.0,20041123,4.4,2004-11-23
328,0.4,2004,11,73.8,17.3,3.7,-1.6,281,0.0,0.0,24,0.0,20041124,6.4,2004-11-24
329,0.8,2004,11,79.4,16.7,2.1,1.7,281,0.0,0.0,25,0.0,20041125,7.9,2004-11-25
330,3.0,2004,11,68.6,12.6,0.5,4.6,281,8.5,0.0,26,0.0,20041126,6.7,2004-11-26
331,3.5,2004,11,57.3,11.6,6.2,5.0,281,0.0,0.0,27,0.0,20041127,7.7,2004-11-27
332,1.2,2004,11,67.5,13.5,5.8,-0.6,281,0.0,0.0,28,0.0,20041128,5.3,2004-11-28
333,1.5,2004,11,58.0,12.6,4.9,-3.5,281,0.0,0.0,29,0.0,20041129,3.9,2004-11-29
334,1.5,2004,11,63.8,11.6,4.7,-4.3,281,0.0,0.0,30,0.0,20041130,3.4,2004-11-30
335,1.1,2004,12,63.4,13.8,5.4,-0.6,281,0.0,0.0,1,0.0,20041201,4.7,2004-12-01
336,1.0,2004,12,71.3,15.3,4.9,-2.0,281,0.0,0.0,2,0.0,20041202,5.9,2004-12-02
337,0.6,2004,12,72.6,17.1,5.4,1.0,281,0.0,0.0,3,0.0,20041203,7.9,2004-12-03
338,0.8,2004,12,83.6,10.3,0.0,4.6,281,21.5,0.0,4,0.0,20041204,8.4,2004-12-04
339,4.1,2004,12,60.6,9.8,1.1,-0.6,281,0.0,0.0,5,0.0,20041205,4.5,2004-12-05
340,0.8,2004,12,64.3,9.6,5.9,-4.1,281,0.0,0.0,6,0.0,20041206,2.7,2004-12-06
341,2.9,2004,12,54.9,10.3,4.2,-3.0,281,0.0,0.0,7,0.0,20041207,5.3,2004-12-07
342,0.4,2004,12,71.5,12.1,5.5,-5.5,281,0.0,0.0,8,0.0,20041208,1.7,2004-12-08
343,0.2,2004,12,77.4,14.3,5.2,-4.0,281,0.0,0.0,9,0.0,20041209,3.0,2004-12-09
344,1.9,2004,12,62.4,15.8,3.2,-3.0,281,0.0,0.0,10,0.0,20041210,5.8,2004-12-10
345,1.0,2004,12,61.5,12.6,5.9,-4.5,281,0.0,0.0,11,0.0,20041211,3.5,2004-12-11
346,0.7,2004,12,72.1,11.3,0.4,-2.4,281,0.0,0.0,12,0.0,20041212,3.5,2004-12-12
347,1.6,2004,12,52.5,11.3,5.8,-4.5,281,0.0,0.0,13,0.0,20041213,3.5,2004-12-13
348,0.3,2004,12,68.5,12.6,4.8,-7.3,281,0.0,0.0,14,0.0,20041214,0.8,2004-12-14
349,0.2,2004,12,70.6,16.2,2.1,-2.9,281,0.0,0.0,15,0.0,20041215,5.6,2004-12-15
350,1.7,2004,12,63.1,12.6,5.4,-1.3,281,0.0,0.0,16,0.0,20041216,6.8,2004-12-16
351,0.3,2004,12,75.3,12.8,3.7,-3.9,281,0.0,0.0,17,0.0,20041217,3.1,2004-12-17
352,1.2,2004,12,68.6,11.5,3.0,-2.7,281,0.0,0.0,18,0.0,20041218,3.3,2004-12-18
353,0.2,2004,12,80.0,9.6,0.8,-4.0,281,0.0,0.0,19,0.0,20041219,1.6,2004-12-19
354,3.0,2004,12,50.0,7.0,5.4,-2.9,281,0.0,0.0,20,0.0,20041220,2.7,2004-12-20
355,0.9,2004,12,47.8,6.5,1.9,-6.1,281,0.0,0.0,21,0.0,20041221,-0.9,2004-12-21
356,0.8,2004,12,50.9,6.0,0.4,-5.6,281,0.0,0.0,22,0.0,20041222,-0.2,2004-12-22
357,0.6,2004,12,62.5,6.9,5.7,-9.3,281,0.0,0.0,23,0.0,20041223,-1.6,2004-12-23
358,0.8,2004,12,69.5,3.0,0.0,-2.0,281,0.0,0.0,24,0.0,20041224,1.1,2004-12-24
359,3.1,2004,12,54.5,6.6,5.7,-0.3,281,0.0,0.0,25,0.0,20041225,2.2,2004-12-25
360,3.0,2004,12,45.8,5.5,5.6,-2.7,281,0.0,0.0,26,0.0,20041226,1.1,2004-12-26
361,2.7,2004,12,36.4,5.8,6.2,-2.4,281,0.0,0.0,27,0.0,20041227,0.1,2004-12-27
362,3.1,2004,12,34.4,3.9,5.3,-4.8,281,0.0,0.0,28,0.0,20041228,-0.5,2004-12-28
363,3.6,2004,12,38.3,2.5,6.0,-4.5,281,0.0,0.0,29,0.0,20041229,-1.7,2004-12-29
364,2.1,2004,12,44.5,3.4,3.3,-5.8,281,0.0,0.0,30,0.0,20041230,-1.6,2004-12-30
365,3.3,2004,12,48.9,2.7,4.8,-3.7,281,0.0,0.0,31,0.0,20041231,-1.0,2004-12-31
