,tmax,year,tmin,humid,cloud,sunshine,date,day,rainfall,station_id,Date,wind,month,tavg,snow
0,5.0,2020,-5.6,54.4,1.6,7.1,20200101,1,0.0,281,2020-01-01,3.5,1,0.2,0.0
1,7.7,2020,-2.3,58.6,3.0,7.5,20200102,2,0.0,281,2020-01-02,2.9,1,3.2,0.0
2,9.0,2020,-0.7,51.1,0.6,7.1,20200103,3,0.0,281,2020-01-03,2.5,1,3.7,0.0
3,8.5,2020,-2.9,55.4,2.1,5.7,20200104,4,0.0,281,2020-01-04,2.5,1,2.0,0.0
4,10.4,2020,-6.9,61.9,3.5,7.7,20200105,5,0.0,281,2020-01-05,0.8,1,0.2,0.0
5,3.6,2020,-3.6,80.5,10.0,0.0,20200106,6,10.5,281,2020-01-06,0.5,1,1.5,0.0
6,14.8,2020,3.6,93.4,9.8,0.0,20200107,7,48.0,281,2020-01-07,0.8,1,8.0,0.0
7,15.1,2020,5.1,66.0,8.3,1.8,20200108,8,0.4,281,2020-01-08,4.1,1,7.8,0.0
8,6.9,2020,-1.2,56.5,3.4,6.8,20200109,9,0.0,281,2020-01-09,3.3,1,2.9,0.0
9,9.5,2020,-4.7,62.4,2.5,7.6,20200110,10,0.0,281,2020-01-10,1.1,1,1.0,0.0
10,8.5,2020,-1.2,50.4,2.6,7.6,20200111,11,0.0,281,2020-01-11,2.4,1,2.8,0.0
11,6.5,2020,-0.4,50.0,3.1,6.9,20200112,12,0.0,281,2020-01-12,3.5,1,2.6,0.0
12,6.0,2020,-0.9,46.5,2.1,7.7,20200113,13,0.0,281,2020-01-13,3.6,1,1.7,0.0
13,6.3,2020,-1.6,40.0,4.3,6.4,20200114,14,0.0,281,2020-01-14,2.6,1,1.2,0.0
14,5.7,2020,-3.2,46.3,0.5,7.8,20200115,15,0.0,281,2020-01-15,2.7,1,0.5,0.0
15,6.3,2020,-6.1,51.9,5.8,5.6,20200116,16,0.0,281,2020-01-16,1.4,1,-0.8,0.0
16,8.0,2020,-4.3,60.1,6.3,4.4,20200117,17,0.0,281,2020-01-17,0.9,1,0.1,0.0
17,7.9,2020,-3.7,46.6,6.9,0.6,20200118,18,0.2,281,2020-01-18,1.5,1,2.9,0.0
18,9.1,2020,-5.2,52.9,4.9,4.2,20200119,19,0.0,281,2020-01-19,1.9,1,2.5,0.0
19,8.5,2020,1.5,45.0,2.1,6.5,20200120,20,0.0,281,2020-01-20,3.0,1,4.3,0.0
20,8.7,2020,-4.6,42.4,2.0,7.8,20200121,21,0.0,281,2020-01-21,1.3,1,1.3,0.0
21,6.3,2020,-1.1,70.0,9.8,0.0,20200122,22,3.5,281,2020-01-22,0.6,1,2.8,0.0
22,8.5,2020,2.7,91.1,8.8,0.0,20200123,23,7.5,281,2020-01-23,0.9,1,5.0,0.0
23,13.1,2020,0.7,78.6,5.9,5.1,20200124,24,0.0,281,2020-01-24,1.2,1,6.1,0.0
24,10.3,2020,2.9,76.0,9.4,0.6,20200125,25,0.0,281,2020-01-25,0.9,1,6.3,0.0
25,11.5,2020,-0.1,75.6,8.9,2.3,20200126,26,0.5,281,2020-01-26,2.1,1,6.1,0.0
26,8.6,2020,4.6,84.5,10.0,0.0,20200127,27,28.5,281,2020-01-27,4.3,1,6.5,0.0
27,10.4,2020,4.5,80.9,8.0,0.0,20200128,28,2.0,281,2020-01-28,1.5,1,6.9,0.0
28,11.2,2020,2.3,77.8,8.8,1.6,20200129,29,0.1,281,2020-01-29,0.9,1,5.4,0.0
29,9.9,2020,0.5,71.6,7.0,3.3,20200130,30,0.1,281,2020-01-30,1.0,1,4.9,0.0
30,8.2,2020,-1.8,75.1,6.3,0.8,20200131,31,0.0,281,2020-01-31,0.9,1,3.0,0.0
31,8.9,2020,-3.4,66.3,2.1,6.7,20200201,1,0.0,281,2020-02-01,2.4,2,2.8,0.0
32,10.6,2020,-3.3,59.9,3.0,7.9,20200202,2,0.0,281,2020-02-02,1.4,2,2.8,0.0
33,8.1,2020,-1.0,42.5,1.4,6.9,20200203,3,0.0,281,2020-02-03,3.4,2,3.1,0.0
34,8.4,2020,-5.0,37.3,0.0,8.8,20200204,4,0.0,281,2020-02-04,2.0,2,1.8,0.0
35,2.8,2020,-5.9,32.1,0.1,9.2,20200205,5,0.0,281,2020-02-05,3.7,2,-1.4,0.0
36,4.6,2020,-9.8,50.9,3.6,8.8,20200206,6,0.0,281,2020-02-06,1.5,2,-2.3,0.0
37,7.8,2020,-6.5,54.5,5.4,8.1,20200207,7,0.0,281,2020-02-07,2.2,2,0.5,0.0
38,7.7,2020,-0.4,45.4,0.9,8.8,20200208,8,0.0,281,2020-02-08,3.0,2,2.7,0.0
39,8.8,2020,-7.0,47.3,0.0,9.2,20200209,9,0.0,281,2020-02-09,1.9,2,1.2,0.0
40,11.9,2020,-1.7,50.6,2.8,8.4,20200210,10,0.0,281,2020-02-10,2.2,2,4.7,0.0
41,13.6,2020,-5.0,64.8,4.5,7.4,20200211,11,0.0,281,2020-02-11,0.8,2,4.6,0.0
42,11.7,2020,4.8,93.1,8.3,0.0,20200212,12,8.1,281,2020-02-12,1.0,2,8.0,0.0
43,15.2,2020,3.6,77.5,5.6,6.9,20200213,13,0.0,281,2020-02-13,1.9,2,10.0,0.0
44,17.4,2020,2.8,74.5,5.1,6.8,20200214,14,0.0,281,2020-02-14,0.9,2,8.5,0.0
45,16.6,2020,3.4,79.1,8.3,4.9,20200215,15,0.0,281,2020-02-15,1.7,2,10.2,0.0
46,11.5,2020,-0.8,71.4,8.8,2.9,20200216,16,4.4,281,2020-02-16,3.9,2,4.5,0.0
47,1.7,2020,-4.6,53.8,5.9,3.5,20200217,17,0.0,281,2020-02-17,4.3,2,-1.7,0.0
48,4.5,2020,-6.2,43.8,0.0,9.3,20200218,18,0.0,281,2020-02-18,3.5,2,-0.6,0.0
49,11.0,2020,-2.8,47.0,3.8,8.8,20200219,19,0.0,281,2020-02-19,1.7,2,3.4,0.0
50,13.8,2020,-2.8,60.3,1.4,8.6,20200220,20,0.0,281,2020-02-20,0.9,2,4.5,0.0
51,16.4,2020,-2.7,60.1,5.9,8.1,20200221,21,0.0,281,2020-02-21,1.0,2,7.4,0.0
52,12.4,2020,2.8,46.3,1.5,8.4,20200222,22,0.0,281,2020-02-22,3.7,2,8.2,0.0
53,11.0,2020,-1.0,42.3,0.0,9.5,20200223,23,0.0,281,2020-02-23,2.3,2,4.0,0.0
54,17.2,2020,-4.3,46.8,4.4,7.9,20200224,24,0.0,281,2020-02-24,0.9,2,6.3,0.0
55,7.9,2020,5.2,93.9,8.6,0.0,20200225,25,42.5,281,2020-02-25,1.0,2,6.9,0.0
56,11.1,2020,6.0,84.4,8.1,0.5,20200226,26,0.0,281,2020-02-26,1.3,2,7.4,0.0
57,8.4,2020,2.3,69.8,7.1,1.0,20200227,27,0.0,281,2020-02-27,1.8,2,5.0,0.0
58,8.2,2020,-0.2,88.1,8.0,0.0,20200228,28,0.4,281,2020-02-28,0.7,2,3.1,0.0
59,11.6,2020,-0.2,87.8,6.4,2.6,20200229,29,0.0,281,2020-02-29,0.8,2,5.0,0.0
60,13.8,2020,1.7,76.5,7.9,3.4,20200301,1,0.0,281,2020-03-01,1.2,3,8.2,0.0
61,11.2,2020,-0.7,76.4,7.3,4.3,20200303,3,0.0,281,2020-03-03,1.5,3,5.6,0.0
62,10.7,2020,0.3,49.9,4.6,9.0,20200304,4,0.0,281,2020-03-04,3.6,3,5.5,0.0
63,10.1,2020,-2.4,47.5,0.0,10.7,20200305,5,0.0,281,2020-03-05,2.4,3,2.9,0.0
64,13.5,2020,-6.3,50.6,2.5,11.0,20200306,6,0.0,281,2020-03-06,0.9,3,3.5,0.0
65,10.4,2020,-1.2,73.0,8.3,0.1,20200307,7,1.3,281,2020-03-07,0.7,3,4.5,0.0
66,15.2,2020,1.4,79.9,3.0,7.4,20200308,8,0.0,281,2020-03-08,1.2,3,6.9,0.0
67,15.2,2020,-0.6,83.4,8.9,2.2,20200309,9,1.7,281,2020-03-09,1.0,3,7.8,0.0
68,10.6,2020,5.5,87.5,9.6,0.0,20200310,10,10.5,281,2020-03-10,2.3,3,8.6,0.0
69,11.1,2020,2.2,40.9,0.0,11.0,20200311,11,0.0,281,2020-03-11,3.7,3,6.0,0.0
70,15.7,2020,-2.1,38.5,0.9,10.8,20200312,12,0.0,281,2020-03-12,1.5,3,7.9,0.0
71,15.2,2020,1.5,41.8,7.3,4.4,20200313,13,0.0,281,2020-03-13,1.9,3,8.6,0.0
72,11.4,2020,1.0,32.0,2.3,10.7,20200314,14,0.0,281,2020-03-14,3.2,3,5.8,0.0
73,12.4,2020,-1.1,45.1,2.5,7.1,20200315,15,0.0,281,2020-03-15,3.1,3,5.4,0.0
74,11.6,2020,-1.4,45.0,1.1,11.2,20200316,16,0.0,281,2020-03-16,1.9,3,5.2,0.0
75,17.9,2020,-0.4,43.8,1.6,10.4,20200317,17,0.0,281,2020-03-17,2.4,3,9.6,0.0
76,18.0,2020,0.1,52.9,0.0,10.9,20200318,18,0.0,281,2020-03-18,1.4,3,9.3,0.0
77,19.4,2020,2.5,46.9,1.9,9.6,20200319,19,0.0,281,2020-03-19,3.5,3,10.1,0.0
78,18.0,2020,5.9,33.9,0.0,10.7,20200320,20,0.0,281,2020-03-20,2.9,3,11.2,0.0
79,23.1,2020,1.5,48.6,1.0,10.0,20200321,21,0.0,281,2020-03-21,1.8,3,13.9,0.0
80,16.9,2020,4.4,63.5,2.6,10.1,20200322,22,0.0,281,2020-03-22,2.6,3,12.0,0.0
81,19.1,2020,-0.4,55.5,0.0,10.8,20200323,23,0.0,281,2020-03-23,1.9,3,9.5,0.0
82,17.2,2020,0.8,60.9,1.1,10.6,20200324,24,0.0,281,2020-03-24,1.3,3,8.9,0.0
83,21.0,2020,0.6,60.4,2.4,10.5,20200325,25,0.0,281,2020-03-25,1.1,3,11.0,0.0
84,17.1,2020,5.8,79.8,9.6,0.0,20200326,26,3.0,281,2020-03-26,0.7,3,11.9,0.0
85,16.0,2020,8.3,94.3,9.0,0.0,20200327,27,4.6,281,2020-03-27,1.1,3,12.5,0.0
86,11.1,2020,4.4,66.3,8.8,0.1,20200328,28,0.0,281,2020-03-28,1.5,3,7.4,0.0
87,13.6,2020,0.4,73.4,6.6,4.4,20200329,29,0.0,281,2020-03-29,1.8,3,7.0,0.0
88,17.9,2020,3.9,67.5,6.3,9.0,20200330,30,0.0,281,2020-03-30,1.3,3,9.8,0.0
89,20.3,2020,1.7,63.6,4.0,10.7,20200331,31,0.0,281,2020-03-31,1.1,3,10.9,0.0
90,19.2,2020,7.6,58.8,5.8,4.1,20200401,1,0.0,281,2020-04-01,1.4,4,11.9,0.0
91,18.0,2020,0.9,47.4,0.0,10.7,20200402,2,0.0,281,2020-04-02,1.3,4,9.9,0.0
92,20.3,2020,1.2,37.4,0.1,10.8,20200403,3,0.0,281,2020-04-03,1.7,4,12.0,0.0
93,19.1,2020,3.6,49.8,0.1,10.9,20200404,4,0.0,281,2020-04-04,2.4,4,9.7,0.0
94,16.4,2020,-1.4,48.3,0.0,11.4,20200405,5,0.0,281,2020-04-05,1.4,4,7.8,0.0
95,18.9,2020,-1.7,42.9,3.4,10.1,20200406,6,0.0,281,2020-04-06,1.4,4,9.9,0.0
96,20.7,2020,5.8,34.9,1.9,10.5,20200407,7,0.0,281,2020-04-07,2.6,4,14.0,0.0
97,18.8,2020,3.4,47.4,0.0,11.5,20200408,8,0.0,281,2020-04-08,3.0,4,10.7,0.0
98,17.4,2020,-0.4,59.3,2.8,10.8,20200409,9,0.0,281,2020-04-09,1.9,4,8.6,0.0
99,14.9,2020,5.7,55.3,8.1,3.9,20200410,10,0.0,281,2020-04-10,1.6,4,9.7,0.0
100,14.8,2020,2.0,62.9,8.3,3.3,20200411,11,0.0,281,2020-04-11,1.2,4,9.8,0.0
101,13.2,2020,5.4,75.9,7.0,2.3,20200412,12,1.8,281,2020-04-12,2.3,4,9.0,0.0
102,15.9,2020,2.6,48.0,5.0,5.8,20200413,13,0.0,281,2020-04-13,2.3,4,9.0,0.0
103,23.2,2020,-1.5,40.0,0.4,11.9,20200414,14,0.0,281,2020-04-14,1.8,4,11.8,0.0
104,22.7,2020,2.9,45.1,6.1,9.2,20200415,15,0.0,281,2020-04-15,1.9,4,13.1,0.0
105,16.3,2020,5.0,67.0,3.8,10.2,20200416,16,0.0,281,2020-04-16,2.3,4,11.2,0.0
106,12.5,2020,8.1,90.1,7.6,0.1,20200417,17,18.2,281,2020-04-17,1.0,4,10.6,0.0
107,18.9,2020,8.0,76.8,5.4,4.3,20200418,18,0.0,281,2020-04-18,1.8,4,12.6,0.0
108,13.3,2020,6.9,87.8,8.9,0.0,20200419,19,16.1,281,2020-04-19,1.6,4,10.2,0.0
109,19.2,2020,9.2,69.6,7.6,4.1,20200420,20,0.4,281,2020-04-20,2.7,4,12.9,0.0
110,17.5,2020,5.3,36.6,5.9,11.1,20200421,21,0.0,281,2020-04-21,4.1,4,10.9,0.0
111,14.2,2020,2.6,37.8,3.3,10.2,20200422,22,0.0,281,2020-04-22,4.0,4,8.1,0.0
112,15.8,2020,3.5,41.0,1.8,10.8,20200423,23,0.0,281,2020-04-23,3.8,4,9.5,0.0
113,17.9,2020,3.8,34.9,0.4,11.8,20200424,24,0.0,281,2020-04-24,2.9,4,10.3,0.0
114,22.1,2020,2.7,38.5,0.0,11.6,20200425,25,0.0,281,2020-04-25,2.9,4,15.9,0.0
115,19.6,2020,6.5,54.3,1.5,11.1,20200426,26,0.0,281,2020-04-26,2.6,4,12.4,0.0
116,19.4,2020,2.4,64.4,3.4,9.1,20200427,27,0.0,281,2020-04-27,1.9,4,11.0,0.0
117,21.6,2020,3.4,46.4,0.0,12.3,20200428,28,0.0,281,2020-04-28,1.9,4,14.0,0.0
118,25.3,2020,7.3,41.5,0.0,12.2,20200429,29,0.0,281,2020-04-29,1.6,4,16.4,0.0
119,26.6,2020,5.7,54.3,0.3,12.4,20200430,30,0.0,281,2020-04-30,2.0,4,17.4,0.0
120,29.0,2020,11.7,65.8,0.1,11.8,20200501,1,0.0,281,2020-05-01,2.3,5,21.6,0.0
121,28.6,2020,15.7,59.4,7.6,7.1,20200502,2,0.0,281,2020-05-02,2.0,5,22.2,0.0
122,20.0,2020,15.7,90.0,9.0,0.0,20200503,3,4.1,281,2020-05-03,1.3,5,17.4,0.0
123,28.5,2020,13.5,74.9,6.5,8.0,20200504,4,0.0,281,2020-05-04,2.4,5,19.7,0.0
124,20.4,2020,13.3,80.8,8.5,2.1,20200505,5,2.0,281,2020-05-05,1.8,5,15.7,0.0
125,23.5,2020,10.4,73.9,2.0,11.4,20200506,6,0.0,281,2020-05-06,2.1,5,15.8,0.0
126,21.3,2020,6.2,61.6,4.9,11.5,20200507,7,0.0,281,2020-05-07,2.1,5,13.7,0.0
127,24.7,2020,5.1,65.0,5.8,10.3,20200508,8,1.2,281,2020-05-08,1.3,5,16.4,0.0
128,18.9,2020,14.4,91.6,9.8,0.0,20200509,9,21.3,281,2020-05-09,1.3,5,16.3,0.0
129,22.6,2020,15.4,72.3,5.6,5.9,20200510,10,0.0,281,2020-05-10,3.1,5,18.0,0.0
130,27.9,2020,13.7,48.5,2.9,11.9,20200511,11,0.0,281,2020-05-11,2.5,5,20.5,0.0
131,25.8,2020,10.6,47.9,0.9,11.9,20200512,12,0.0,281,2020-05-12,3.0,5,18.6,0.0
132,24.8,2020,9.4,42.8,0.6,12.8,20200513,13,0.0,281,2020-05-13,2.5,5,17.5,0.0
133,27.0,2020,7.5,49.6,6.9,7.0,20200514,14,0.0,281,2020-05-14,1.2,5,17.8,0.0
134,16.5,2020,13.9,86.0,9.6,0.0,20200515,15,8.6,281,2020-05-15,1.5,5,15.0,0.0
135,25.2,2020,14.3,82.1,8.8,3.4,20200516,16,0.0,281,2020-05-16,1.4,5,18.0,0.0
136,28.0,2020,15.4,77.0,6.5,8.5,20200517,17,0.1,281,2020-05-17,1.3,5,20.5,0.0
137,21.4,2020,16.0,84.6,8.4,1.3,20200518,18,1.1,281,2020-05-18,2.8,5,17.9,0.0
138,19.0,2020,11.5,72.8,5.1,5.4,20200519,19,8.0,281,2020-05-19,2.5,5,14.6,0.0
139,21.1,2020,7.7,65.4,4.6,9.0,20200520,20,0.0,281,2020-05-20,1.9,5,14.2,0.0
140,21.7,2020,8.2,74.1,6.6,5.6,20200521,21,0.0,281,2020-05-21,2.0,5,14.1,0.0
141,20.6,2020,10.8,72.1,5.8,10.4,20200522,22,0.0,281,2020-05-22,2.5,5,15.5,0.0
142,26.6,2020,12.3,66.4,4.1,9.3,20200523,23,0.0,281,2020-05-23,1.1,5,18.8,0.0
143,26.8,2020,13.1,67.3,6.8,7.9,20200524,24,0.0,281,2020-05-24,1.9,5,20.2,0.0
144,24.6,2020,14.1,66.6,9.0,1.4,20200525,25,0.0,281,2020-05-25,1.4,5,19.7,0.0
145,26.2,2020,13.8,60.6,7.8,5.5,20200526,26,0.0,281,2020-05-26,1.3,5,20.2,0.0
146,26.4,2020,13.9,54.8,6.8,10.4,20200527,27,0.0,281,2020-05-27,2.1,5,19.4,0.0
147,27.4,2020,10.4,54.8,2.5,11.5,20200528,28,0.0,281,2020-05-28,1.5,5,18.7,0.0
148,26.5,2020,10.1,57.4,3.4,11.5,20200529,29,0.0,281,2020-05-29,1.7,5,18.5,0.0
149,27.2,2020,10.8,55.0,7.9,10.0,20200530,30,0.0,281,2020-05-30,1.4,5,19.8,0.0
150,27.3,2020,12.6,66.6,6.8,5.5,20200531,31,0.0,281,2020-05-31,1.4,5,20.4,0.0
151,28.5,2020,14.9,48.0,3.6,8.4,20200601,1,0.0,281,2020-06-01,2.3,6,22.6,0.0
152,28.4,2020,12.2,47.5,5.5,6.9,20200602,2,0.0,281,2020-06-02,1.1,6,20.9,0.0
153,30.0,2020,14.3,61.1,4.8,7.0,20200603,3,0.0,281,2020-06-03,1.6,6,22.6,0.0
154,33.9,2020,18.2,56.3,1.3,12.6,20200604,4,0.0,281,2020-06-04,2.0,6,26.5,0.0
155,31.1,2020,18.3,65.5,4.9,9.8,20200605,5,0.0,281,2020-06-05,2.4,6,23.5,0.0
156,24.6,2020,15.1,72.1,6.0,5.5,20200606,6,0.0,281,2020-06-06,2.3,6,19.7,0.0
157,29.9,2020,12.2,57.8,0.5,12.3,20200607,7,0.0,281,2020-06-07,1.5,6,21.2,0.0
158,34.1,2020,14.2,55.1,0.1,12.8,20200608,8,0.0,281,2020-06-08,1.1,6,24.1,0.0
159,35.3,2020,16.5,55.8,0.4,12.9,20200609,9,0.0,281,2020-06-09,1.3,6,25.8,0.0
160,33.9,2020,17.6,60.1,5.3,9.4,20200610,10,0.0,281,2020-06-10,1.5,6,26.2,0.0
161,30.1,2020,20.4,80.3,5.9,4.2,20200611,11,33.3,281,2020-06-11,1.3,6,24.1,0.0
162,30.6,2020,19.1,79.9,9.0,2.5,20200612,12,20.6,281,2020-06-12,1.2,6,24.4,0.0
163,28.8,2020,19.2,80.3,9.1,4.2,20200613,13,8.5,281,2020-06-13,1.1,6,24.0,0.0
164,29.5,2020,22.1,79.8,8.8,2.6,20200614,14,21.4,281,2020-06-14,1.9,6,24.7,0.0
165,30.2,2020,18.4,58.4,5.8,12.6,20200615,15,0.0,281,2020-06-15,2.4,6,24.3,0.0
166,28.7,2020,17.3,56.1,6.0,12.6,20200616,16,0.0,281,2020-06-16,2.1,6,22.9,0.0
167,27.6,2020,15.9,66.5,9.5,3.7,20200617,17,0.0,281,2020-06-17,0.9,6,22.0,0.0
168,20.3,2020,17.8,89.8,9.3,0.0,20200618,18,5.4,281,2020-06-18,1.2,6,18.6,0.0
169,26.6,2020,17.1,79.5,5.9,6.7,20200619,19,0.3,281,2020-06-19,1.7,6,20.9,0.0
170,27.1,2020,17.9,74.3,5.5,4.6,20200620,20,0.0,281,2020-06-20,1.3,6,21.4,0.0
171,26.1,2020,15.3,74.5,1.1,12.8,20200621,21,0.0,281,2020-06-21,1.9,6,20.5,0.0
172,31.7,2020,13.4,65.9,0.3,13.3,20200622,22,0.0,281,2020-06-22,1.3,6,22.9,0.0
173,31.6,2020,16.4,65.1,5.1,11.3,20200623,23,0.0,281,2020-06-23,1.8,6,24.0,0.0
174,24.7,2020,19.9,84.5,9.1,0.0,20200624,24,6.6,281,2020-06-24,1.4,6,21.5,0.0
175,27.1,2020,20.0,89.0,9.3,1.2,20200625,25,2.3,281,2020-06-25,1.0,6,22.8,0.0
176,28.8,2020,20.0,69.5,8.0,7.7,20200626,26,0.0,281,2020-06-26,2.0,6,24.3,0.0
177,30.2,2020,20.0,68.1,7.6,5.5,20200627,27,0.0,281,2020-06-27,1.2,6,24.8,0.0
178,31.2,2020,18.7,69.5,2.1,11.3,20200628,28,0.0,281,2020-06-28,1.8,6,24.4,0.0
179,25.6,2020,18.4,87.5,8.6,0.0,20200629,29,39.2,281,2020-06-29,2.2,6,21.3,0.0
180,27.4,2020,19.0,78.5,9.4,2.7,20200630,30,4.4,281,2020-06-30,2.6,6,22.7,0.0
181,25.8,2020,17.6,80.0,7.1,1.7,20200701,1,2.3,281,2020-07-01,1.7,7,21.0,0.0
182,27.8,2020,16.0,75.1,6.1,7.8,20200702,2,0.0,281,2020-07-02,1.5,7,21.9,0.0
183,21.9,2020,17.5,84.5,9.8,0.0,20200703,3,4.6,281,2020-07-03,1.7,7,19.6,0.0
184,23.3,2020,17.4,84.5,8.0,1.6,20200704,4,0.4,281,2020-07-04,1.1,7,20.1,0.0
185,27.6,2020,16.4,79.9,7.0,3.5,20200705,5,0.0,281,2020-07-05,1.0,7,22.0,0.0
186,28.0,2020,18.1,83.5,9.0,1.6,20200706,6,0.0,281,2020-07-06,0.9,7,23.2,0.0
187,31.0,2020,21.3,75.5,5.3,6.7,20200707,7,0.0,281,2020-07-07,1.5,7,25.8,0.0
188,29.8,2020,19.5,76.6,4.9,8.5,20200708,8,0.0,281,2020-07-08,1.9,7,24.1,0.0
189,27.3,2020,20.0,80.9,6.5,5.7,20200709,9,0.0,281,2020-07-09,2.4,7,22.9,0.0
190,26.8,2020,20.6,90.3,8.8,1.2,20200710,10,23.3,281,2020-07-10,1.2,7,22.7,0.0
191,30.3,2020,19.7,83.0,0.0,3.9,20200711,11,0.0,281,2020-07-11,1.8,7,23.1,0.0
192,21.2,2020,17.7,90.1,0.0,0.0,20200712,12,24.8,281,2020-07-12,2.0,7,19.4,0.0
193,21.3,2020,17.6,91.0,7.3,0.0,20200713,13,74.9,281,2020-07-13,2.4,7,19.1,0.0
194,20.5,2020,18.2,92.5,6.9,0.0,20200714,14,0.3,281,2020-07-14,0.9,7,18.9,0.0
195,20.6,2020,16.8,89.5,8.1,0.0,20200715,15,3.1,281,2020-07-15,1.1,7,18.5,0.0
196,27.0,2020,13.6,80.0,3.0,10.2,20200716,16,0.0,281,2020-07-16,1.3,7,19.6,0.0
197,27.2,2020,14.9,77.6,1.3,12.8,20200717,17,0.0,281,2020-07-17,1.6,7,20.6,0.0
198,25.8,2020,15.1,81.9,6.6,6.7,20200718,18,0.0,281,2020-07-18,1.4,7,20.5,0.0
199,25.9,2020,18.6,88.1,8.5,0.0,20200719,19,0.0,281,2020-07-19,1.6,7,22.8,0.0
200,31.3,2020,23.3,75.8,9.0,1.5,20200720,20,0.3,281,2020-07-20,2.0,7,27.4,0.0
201,31.3,2020,21.7,72.1,6.5,10.0,20200721,21,5.7,281,2020-07-21,1.7,7,25.8,0.0
202,23.7,2020,21.3,96.5,10.0,0.0,20200722,22,36.8,281,2020-07-22,0.9,7,22.1,0.0
203,21.5,2020,20.3,94.9,10.0,0.0,20200723,23,34.4,281,2020-07-23,2.7,7,21.0,0.0
204,23.6,2020,20.0,95.0,7.3,0.0,20200724,24,15.9,281,2020-07-24,1.3,7,21.2,0.0
205,24.5,2020,19.7,93.8,7.8,0.4,20200725,25,46.2,281,2020-07-25,1.1,7,21.6,0.0
206,29.4,2020,20.6,82.8,7.3,6.0,20200726,26,0.2,281,2020-07-26,1.5,7,23.6,0.0
207,24.0,2020,20.6,93.0,9.6,0.0,20200727,27,24.3,281,2020-07-27,1.4,7,21.7,0.0
208,23.0,2020,20.6,96.6,10.0,0.0,20200728,28,11.0,281,2020-07-28,1.5,7,21.4,0.0
209,24.2,2020,21.0,95.8,9.5,0.0,20200729,29,6.0,281,2020-07-29,1.1,7,22.5,0.0
210,24.0,2020,20.9,94.4,9.1,1.0,20200730,30,24.0,281,2020-07-30,1.0,7,22.2,0.0
211,30.7,2020,20.8,85.0,9.0,3.0,20200731,31,0.0,281,2020-07-31,1.3,7,25.4,0.0
212,32.1,2020,23.3,83.1,8.8,3.2,20200801,1,0.0,281,2020-08-01,0.9,8,26.5,0.0
213,31.4,2020,23.2,76.8,8.4,2.9,20200802,2,0.0,281,2020-08-02,1.4,8,27.5,0.0
214,32.3,2020,24.0,73.5,8.0,3.3,20200803,3,0.0,281,2020-08-03,1.8,8,27.9,0.0
215,32.8,2020,24.3,72.3,6.8,8.8,20200804,4,0.0,281,2020-08-04,1.7,8,28.3,0.0
216,32.1,2020,24.4,76.8,8.9,3.8,20200805,5,0.0,281,2020-08-05,1.3,8,27.5,0.0
217,28.8,2020,23.7,80.3,9.4,0.0,20200806,6,5.2,281,2020-08-06,2.2,8,27.0,0.0
218,25.1,2020,22.0,97.1,10.0,0.0,20200807,7,91.1,281,2020-08-07,0.7,8,23.2,0.0
219,24.4,2020,21.7,98.9,10.0,0.0,20200808,8,110.6,281,2020-08-08,1.0,8,22.8,0.0
220,32.1,2020,21.7,78.4,7.0,7.4,20200809,9,0.5,281,2020-08-09,1.7,8,26.9,0.0
221,31.3,2020,23.6,89.4,8.5,0.6,20200810,10,14.7,281,2020-08-10,1.5,8,25.9,0.0
222,31.5,2020,23.7,78.1,8.1,4.6,20200811,11,2.0,281,2020-08-11,1.7,8,27.7,0.0
223,32.4,2020,23.8,83.1,8.1,5.1,20200812,12,0.0,281,2020-08-12,1.3,8,27.8,0.0
224,33.2,2020,25.7,74.4,5.5,9.0,20200813,13,0.0,281,2020-08-13,1.7,8,29.0,0.0
225,34.2,2020,24.5,73.0,5.5,10.1,20200814,14,0.0,281,2020-08-14,2.0,8,29.5,0.0
226,34.9,2020,25.6,73.9,5.1,11.2,20200815,15,0.0,281,2020-08-15,1.8,8,29.8,0.0
227,34.7,2020,23.8,75.0,3.6,11.3,20200816,16,0.0,281,2020-08-16,1.3,8,28.6,0.0
228,33.1,2020,23.2,76.8,4.6,11.6,20200817,17,0.0,281,2020-08-17,1.4,8,27.7,0.0
229,34.2,2020,21.6,77.1,1.9,11.5,20200818,18,0.0,281,2020-08-18,1.3,8,27.7,0.0
230,35.6,2020,22.5,70.1,0.4,12.0,20200819,19,0.0,281,2020-08-19,1.6,8,28.7,0.0
231,34.4,2020,21.7,72.8,0.8,11.9,20200820,20,0.0,281,2020-08-20,1.5,8,27.4,0.0
232,30.8,2020,21.7,81.8,5.5,5.1,20200821,21,0.0,281,2020-08-21,1.5,8,25.1,0.0
233,29.4,2020,23.0,80.3,8.4,2.8,20200822,22,0.0,281,2020-08-22,1.7,8,25.5,0.0
234,32.4,2020,22.6,75.1,5.1,8.5,20200823,23,0.0,281,2020-08-23,1.1,8,26.6,0.0
235,33.2,2020,21.9,75.6,3.8,10.5,20200824,24,0.0,281,2020-08-24,1.1,8,27.1,0.0
236,34.7,2020,22.0,79.3,4.5,9.8,20200825,25,1.0,281,2020-08-25,1.2,8,27.1,0.0
237,31.3,2020,24.8,80.5,8.3,5.1,20200826,26,11.4,281,2020-08-26,2.7,8,27.8,0.0
238,31.2,2020,24.8,86.4,8.5,3.2,20200827,27,2.3,281,2020-08-27,1.7,8,26.7,0.0
239,31.7,2020,23.7,86.9,7.9,3.1,20200828,28,6.8,281,2020-08-28,0.9,8,26.5,0.0
240,31.8,2020,23.6,80.4,6.3,6.3,20200829,29,1.3,281,2020-08-29,1.1,8,27.3,0.0
241,33.9,2020,23.2,77.9,7.6,7.2,20200830,30,0.0,281,2020-08-30,1.4,8,27.1,0.0
242,26.5,2020,22.3,81.3,6.5,0.1,20200831,31,0.0,281,2020-08-31,1.8,8,24.2,0.0
243,27.7,2020,21.1,81.6,7.1,1.0,20200901,1,0.0,281,2020-09-01,1.3,9,24.3,0.0
244,28.5,2020,23.2,90.5,10.0,0.1,20200902,2,23.9,281,2020-09-02,2.4,9,25.2,0.0
245,29.2,2020,19.0,72.0,4.8,7.6,20200903,3,79.9,281,2020-09-03,4.6,9,25.1,0.0
246,29.3,2020,16.4,72.1,2.1,11.4,20200904,4,0.0,281,2020-09-04,1.1,9,22.5,0.0
247,21.9,2020,16.9,91.9,9.6,0.0,20200905,5,9.2,281,2020-09-05,0.9,9,18.8,0.0
248,22.2,2020,17.1,92.8,10.0,0.0,20200906,6,12.1,281,2020-09-06,0.9,9,19.7,0.0
249,24.6,2020,20.5,80.5,9.0,0.1,20200907,7,56.4,281,2020-09-07,4.5,9,22.5,0.0
250,28.1,2020,18.5,78.8,4.3,7.6,20200908,8,1.0,281,2020-09-08,2.0,9,22.9,0.0
251,27.0,2020,19.0,81.9,5.7,4.5,20200909,9,2.1,281,2020-09-09,1.0,9,22.0,0.0
252,26.9,2020,18.2,81.9,7.3,5.2,20200910,10,5.8,281,2020-09-10,0.9,9,21.8,0.0
253,25.8,2020,18.5,84.6,10.0,0.2,20200911,11,1.9,281,2020-09-11,1.5,9,20.9,0.0
254,21.6,2020,17.9,89.4,5.1,0.0,20200912,12,5.1,281,2020-09-12,1.0,9,19.4,0.0
255,23.6,2020,17.2,83.9,7.9,3.9,20200913,13,0.0,281,2020-09-13,1.2,9,19.2,0.0
256,27.3,2020,17.3,78.9,5.5,7.2,20200914,14,0.0,281,2020-09-14,1.2,9,21.1,0.0
257,27.5,2020,16.5,79.8,6.5,7.7,20200915,15,0.0,281,2020-09-15,1.3,9,21.2,0.0
258,23.2,2020,18.8,88.1,7.9,0.1,20200916,16,0.6,281,2020-09-16,0.6,9,20.8,0.0
259,23.7,2020,17.6,88.6,9.6,0.0,20200917,17,1.7,281,2020-09-17,0.8,9,20.2,0.0
260,24.8,2020,13.2,80.9,7.6,2.3,20200918,18,1.9,281,2020-09-18,1.5,9,18.7,0.0
261,25.8,2020,10.7,71.4,3.4,10.1,20200919,19,0.0,281,2020-09-19,1.2,9,18.6,0.0
262,25.9,2020,12.4,63.0,0.0,11.2,20200920,20,0.0,281,2020-09-20,1.9,9,18.7,0.0
263,23.0,2020,9.4,75.5,3.1,9.6,20200921,21,0.0,281,2020-09-21,1.1,9,16.0,0.0
264,21.8,2020,11.9,80.4,7.4,4.7,20200922,22,0.0,281,2020-09-22,1.5,9,16.1,0.0
265,22.8,2020,13.3,73.9,9.5,1.0,20200923,23,0.0,281,2020-09-23,2.0,9,17.9,0.0
266,24.0,2020,14.4,72.8,6.9,4.6,20200924,24,0.0,281,2020-09-24,1.8,9,18.8,0.0
267,24.7,2020,12.5,76.3,5.5,4.9,20200925,25,0.0,281,2020-09-25,1.1,9,18.2,0.0
268,24.1,2020,12.5,73.6,6.8,5.7,20200926,26,0.0,281,2020-09-26,1.3,9,18.2,0.0
269,23.2,2020,12.1,74.1,3.3,7.3,20200927,27,0.0,281,2020-09-27,1.6,9,17.6,0.0
270,23.4,2020,8.7,80.5,2.4,9.2,20200928,28,0.0,281,2020-09-28,1.0,9,15.4,0.0
271,25.2,2020,9.1,78.6,4.3,6.9,20200929,29,0.0,281,2020-09-29,0.9,9,16.1,0.0
272,24.1,2020,11.1,77.8,4.0,6.1,20200930,30,0.0,281,2020-09-30,1.1,9,16.3,0.0
273,23.5,2020,10.2,79.4,3.8,9.7,20201001,1,0.0,281,2020-10-01,1.2,10,16.9,0.0
274,25.5,2020,12.3,80.6,6.3,6.6,20201002,2,0.0,281,2020-10-02,1.0,10,18.3,0.0
275,25.4,2020,16.1,79.5,9.0,4.6,20201003,3,0.9,281,2020-10-03,0.8,10,20.1,0.0
276,22.5,2020,16.0,76.6,8.4,0.1,20201004,4,0.2,281,2020-10-04,1.2,10,19.0,0.0
277,20.3,2020,9.7,51.3,3.3,10.7,20201005,5,0.0,281,2020-10-05,2.8,10,14.8,0.0
278,21.9,2020,6.4,67.5,3.0,10.9,20201006,6,0.0,281,2020-10-06,1.1,10,13.9,0.0
279,21.6,2020,10.5,71.9,5.9,6.5,20201007,7,0.0,281,2020-10-07,2.0,10,16.1,0.0
280,20.7,2020,15.5,57.9,3.5,6.2,20201008,8,0.0,281,2020-10-08,4.2,10,17.4,0.0
281,20.3,2020,15.7,59.1,7.5,4.4,20201009,9,0.0,281,2020-10-09,3.7,10,17.8,0.0
282,22.3,2020,12.1,65.9,7.0,6.0,20201010,10,0.0,281,2020-10-10,1.6,10,16.9,0.0
283,20.7,2020,9.5,78.0,8.5,1.7,20201011,11,0.0,281,2020-10-11,0.8,10,14.7,0.0
284,22.9,2020,10.5,78.0,6.5,3.6,20201012,12,0.0,281,2020-10-12,1.1,10,15.3,0.0
285,21.3,2020,8.0,61.8,4.8,7.4,20201013,13,0.0,281,2020-10-13,1.6,10,14.0,0.0
286,21.0,2020,5.1,70.6,5.3,3.9,20201014,14,0.0,281,2020-10-14,1.2,10,11.4,0.0
287,20.6,2020,4.1,65.6,3.6,9.2,20201015,15,0.0,281,2020-10-15,1.1,10,12.6,0.0
288,17.2,2020,6.4,78.0,8.1,0.4,20201016,16,0.0,281,2020-10-16,0.6,10,12.3,0.0
289,20.8,2020,6.2,73.8,0.9,9.6,20201017,17,0.0,281,2020-10-17,1.0,10,12.7,0.0
290,21.1,2020,4.1,70.5,1.6,8.2,20201018,18,0.0,281,2020-10-18,1.1,10,10.9,0.0
291,21.6,2020,3.4,72.9,2.8,8.9,20201019,19,0.0,281,2020-10-19,0.9,10,12.1,0.0
292,21.9,2020,5.4,76.3,1.5,8.1,20201020,20,0.0,281,2020-10-20,1.0,10,12.2,0.0
293,18.1,2020,7.1,86.3,9.8,0.2,20201021,21,10.0,281,2020-10-21,0.7,10,12.7,0.0
294,17.8,2020,11.1,76.6,8.8,0.3,20201022,22,0.0,281,2020-10-22,2.1,10,14.3,0.0
295,16.4,2020,7.3,48.5,0.9,9.2,20201023,23,0.0,281,2020-10-23,3.2,10,11.0,0.0
296,16.6,2020,5.9,43.0,0.0,9.3,20201024,24,0.0,281,2020-10-24,3.6,10,10.7,0.0
297,20.3,2020,7.9,55.0,2.3,8.7,20201025,25,0.0,281,2020-10-25,2.9,10,13.9,0.0
298,20.5,2020,3.6,68.1,2.3,8.8,20201026,26,0.0,281,2020-10-26,0.9,10,11.4,0.0
299,20.4,2020,3.4,75.5,2.1,8.5,20201027,27,0.0,281,2020-10-27,0.8,10,11.3,0.0
300,21.0,2020,8.4,59.0,6.5,3.9,20201028,28,0.0,281,2020-10-28,1.7,10,14.4,0.0
301,18.3,2020,2.1,65.4,2.3,7.6,20201029,29,0.0,281,2020-10-29,0.9,10,10.1,0.0
302,18.2,2020,2.9,75.6,2.9,7.1,20201030,30,0.0,281,2020-10-30,1.3,10,9.7,0.0
303,18.0,2020,2.7,71.4,3.1,8.0,20201031,31,0.0,281,2020-10-31,0.7,10,9.7,0.0
304,13.1,2020,7.7,91.6,9.9,0.0,20201101,1,2.1,281,2020-11-01,0.5,11,11.0,0.0
305,17.2,2020,2.7,72.8,6.0,3.5,20201102,2,0.0,281,2020-11-02,1.2,11,10.7,0.0
306,11.2,2020,0.4,52.4,0.0,8.3,20201103,3,0.0,281,2020-11-03,3.4,11,6.0,0.0
307,12.7,2020,-1.0,43.0,0.0,8.5,20201104,4,0.0,281,2020-11-04,2.5,11,5.2,0.0
308,16.5,2020,-3.3,55.3,4.1,7.9,20201105,5,0.0,281,2020-11-05,0.8,11,6.9,0.0
309,14.1,2020,7.4,61.8,8.5,0.0,20201106,6,0.0,281,2020-11-06,0.5,11,10.6,0.0
310,22.0,2020,4.3,59.1,1.8,6.8,20201107,7,0.0,281,2020-11-07,1.6,11,13.2,0.0
311,18.0,2020,3.1,43.4,0.8,7.8,20201108,8,0.0,281,2020-11-08,2.8,11,9.8,0.0
312,13.1,2020,1.9,37.4,2.5,9.4,20201109,9,0.0,281,2020-11-09,2.4,11,7.3,0.0
313,14.6,2020,0.7,50.4,1.0,7.8,20201110,10,0.0,281,2020-11-10,1.3,11,6.8,0.0
314,15.9,2020,-2.0,63.8,0.1,7.9,20201111,11,0.0,281,2020-11-11,0.6,11,6.3,0.0
315,17.9,2020,-0.4,68.4,0.0,7.8,20201112,12,0.0,281,2020-11-12,0.7,11,7.1,0.0
316,19.1,2020,-0.6,66.1,0.5,7.6,20201113,13,0.0,281,2020-11-13,0.8,11,8.5,0.0
317,18.7,2020,2.0,77.3,4.0,6.0,20201114,14,0.0,281,2020-11-14,1.0,11,9.7,0.0
318,17.8,2020,2.7,78.9,1.9,6.6,20201115,15,0.0,281,2020-11-15,0.8,11,9.0,0.0
319,19.3,2020,2.5,75.4,3.5,7.1,20201116,16,0.0,281,2020-11-16,1.0,11,10.0,0.0
320,21.1,2020,6.1,77.1,6.5,3.6,20201117,17,0.1,281,2020-11-17,0.5,11,14.0,0.0
321,23.6,2020,12.1,75.3,7.8,1.1,20201118,18,0.0,281,2020-11-18,0.9,11,17.7,0.0
322,24.1,2020,11.8,81.8,8.3,0.9,20201119,19,28.9,281,2020-11-19,2.7,11,18.1,0.0
323,11.9,2020,3.9,66.4,5.5,6.0,20201120,20,0.0,281,2020-11-20,4.3,11,8.8,0.0
324,10.3,2020,-0.9,79.3,6.3,0.0,20201121,21,0.0,281,2020-11-21,0.7,11,5.7,0.0
325,11.4,2020,6.3,78.3,7.9,0.0,20201122,22,1.7,281,2020-11-22,2.4,11,8.6,0.0
326,10.4,2020,0.1,55.1,0.3,7.6,20201123,23,0.0,281,2020-11-23,2.3,11,4.8,0.0
327,11.8,2020,-0.5,60.1,6.3,2.5,20201124,24,0.0,281,2020-11-24,1.1,11,4.9,0.0
328,12.6,2020,-1.2,61.5,2.8,7.4,20201125,25,0.0,281,2020-11-25,1.7,11,5.5,0.0
329,12.8,2020,0.5,73.3,8.5,2.3,20201126,26,0.0,281,2020-11-26,0.8,11,6.9,0.0
330,11.6,2020,3.2,59.4,4.6,4.9,20201127,27,0.0,281,2020-11-27,3.0,11,7.3,0.0
331,7.3,2020,0.9,45.9,4.9,6.8,20201128,28,0.0,281,2020-11-28,2.8,11,3.3,0.0
332,7.8,2020,-2.3,56.1,3.5,7.4,20201129,29,0.0,281,2020-11-29,2.9,11,2.9,0.0
333,7.9,2020,-1.7,50.5,0.0,7.3,20201130,30,0.0,281,2020-11-30,2.4,11,2.9,0.0
334,9.6,2020,-5.4,51.6,2.8,7.2,20201201,1,0.0,281,2020-12-01,1.1,12,1.4,0.0
335,10.2,2020,-3.4,52.8,3.5,4.4,20201202,2,0.0,281,2020-12-02,1.0,12,2.5,0.0
336,9.1,2020,1.2,38.6,5.6,7.2,20201203,3,0.0,281,2020-12-03,2.6,12,4.0,0.0
337,7.2,2020,-2.8,42.1,1.1,7.2,20201204,4,0.0,281,2020-12-04,2.5,12,2.1,0.0
338,9.1,2020,-3.9,60.4,0.1,7.2,20201205,5,0.0,281,2020-12-05,1.9,12,2.3,0.0
339,10.4,2020,-4.5,66.6,0.9,7.2,20201206,6,0.0,281,2020-12-06,1.5,12,2.9,0.0
340,10.9,2020,-4.1,67.6,2.5,4.4,20201207,7,0.0,281,2020-12-07,1.9,12,2.9,0.0
341,6.2,2020,-5.4,53.8,2.1,4.9,20201208,8,0.0,281,2020-12-08,2.1,12,0.6,0.0
342,8.9,2020,-8.5,52.1,1.4,7.3,20201209,9,0.0,281,2020-12-09,1.1,12,-0.6,0.0
343,11.5,2020,-0.8,60.0,5.6,3.1,20201210,10,0.0,281,2020-12-10,1.2,12,3.8,0.0
344,11.0,2020,-1.5,68.1,8.5,3.1,20201211,11,0.0,281,2020-12-11,1.3,12,5.0,0.0
345,9.3,2020,-2.9,46.1,3.1,5.6,20201212,12,0.0,281,2020-12-12,2.4,12,4.6,0.0
346,10.6,2020,-5.0,62.0,7.6,2.8,20201213,13,0.0,281,2020-12-13,1.8,12,1.2,0.0
347,-0.1,2020,-6.2,32.1,3.1,7.3,20201214,14,0.0,281,2020-12-14,3.6,12,-3.3,0.0
348,-0.8,2020,-8.1,35.3,0.0,7.2,20201215,15,0.0,281,2020-12-15,3.2,12,-4.7,0.0
349,-0.3,2020,-6.6,35.8,0.0,7.1,20201216,16,0.0,281,2020-12-16,3.3,12,-3.9,0.0
350,2.8,2020,-7.3,43.4,0.6,7.1,20201217,17,0.0,281,2020-12-17,2.7,12,-2.5,0.0
351,6.4,2020,-5.5,53.0,6.0,3.2,20201218,18,0.0,281,2020-12-18,2.1,12,0.0,0.0
352,2.9,2020,-4.7,31.8,3.1,6.7,20201219,19,0.0,281,2020-12-19,2.9,12,-1.9,0.0
353,4.5,2020,-5.4,42.5,3.8,6.0,20201220,20,0.0,281,2020-12-20,2.7,12,-0.7,0.0
354,6.1,2020,-6.8,55.9,0.5,6.4,20201221,21,0.0,281,2020-12-21,2.0,12,0.3,0.0
355,8.4,2020,-5.9,64.8,0.6,6.1,20201222,22,0.0,281,2020-12-22,1.6,12,1.3,0.0
356,8.9,2020,-5.7,66.6,4.6,4.9,20201223,23,0.0,281,2020-12-23,1.1,12,1.9,0.0
357,10.9,2020,-3.2,56.1,3.6,5.1,20201224,24,0.0,281,2020-12-24,2.5,12,3.6,0.0
358,5.8,2020,-5.5,52.4,0.5,7.1,20201225,25,0.0,281,2020-12-25,3.0,12,0.4,0.0
359,9.0,2020,-8.1,70.1,5.9,3.9,20201226,26,0.0,281,2020-12-26,1.0,12,-0.6,0.0
360,7.8,2020,-3.8,80.8,8.4,0.7,20201227,27,0.0,281,2020-12-27,0.5,12,1.6,0.0
361,12.5,2020,-2.4,82.9,3.6,4.4,20201228,28,0.0,281,2020-12-28,0.9,12,2.9,0.0
362,12.6,2020,-4.2,78.4,7.8,3.3,20201229,29,0.9,281,2020-12-29,1.5,12,2.7,0.0
363,0.8,2020,-9.3,51.6,3.0,7.3,20201230,30,0.0,281,2020-12-30,5.4,12,-5.9,0.0
364,-0.6,2020,-11.3,49.8,1.1,7.0,20201231,31,0.0,281,2020-12-31,3.7,12,-5.9,0.0
