,Date,station_id,month,rainfall,tmax,date,year,cloud,sunshine,tavg,humid,snow,tmin,day,wind
0,2017-01-01,281,1,0.0,10.0,20170101,2017,0.0,6.9,2.6,75.4,0.0,-2.6,1,1.5
1,2017-01-02,281,1,0.0,11.5,20170102,2017,0.0,3.6,5.1,70.8,0.0,-2.3,2,2.2
2,2017-01-03,281,1,0.0,10.8,20170103,2017,0.0,7.6,4.0,49.8,0.0,-2.6,3,2.2
3,2017-01-04,281,1,0.0,11.9,20170104,2017,0.0,6.8,3.2,63.4,0.0,-3.9,4,1.2
4,2017-01-05,281,1,0.1,7.8,20170105,2017,0.0,0.0,2.9,83.6,0.0,-3.0,5,1.2
5,2017-01-06,281,1,0.1,8.8,20170106,2017,0.0,1.4,4.2,78.9,0.0,-1.5,6,0.8
6,2017-01-07,281,1,0.0,9.3,20170107,2017,0.0,4.3,2.4,76.3,0.0,-4.4,7,0.4
7,2017-01-08,281,1,0.0,12.6,20170108,2017,0.0,0.2,6.9,75.8,0.0,3.8,8,0.7
8,2017-01-09,281,1,0.0,9.2,20170109,2017,0.0,4.0,5.5,50.9,0.0,-0.4,9,3.3
9,2017-01-10,281,1,0.0,5.7,20170110,2017,0.0,7.3,1.4,42.6,0.0,-1.4,10,4.4
10,2017-01-11,281,1,0.0,3.6,20170111,2017,0.0,7.4,-1.0,34.1,0.0,-5.1,11,3.6
11,2017-01-12,281,1,0.0,9.1,20170112,2017,0.0,6.1,1.2,45.5,0.0,-5.0,12,3.2
12,2017-01-13,281,1,0.1,5.1,20170113,2017,0.0,5.7,-1.0,38.5,0.0,-4.0,13,3.9
13,2017-01-14,281,1,0.0,0.2,20170114,2017,0.0,7.8,-4.5,32.0,0.0,-7.6,14,4.4
14,2017-01-15,281,1,0.0,3.1,20170115,2017,0.0,7.9,-3.7,26.3,0.0,-9.1,15,3.1
15,2017-01-16,281,1,0.0,6.0,20170116,2017,0.0,7.9,-3.1,44.4,0.0,-9.8,16,1.3
16,2017-01-17,281,1,0.0,7.8,20170117,2017,0.0,6.6,-2.7,52.5,0.0,-10.3,17,0.6
17,2017-01-18,281,1,0.0,6.4,20170118,2017,0.0,5.0,0.4,50.5,0.0,-6.8,18,1.4
18,2017-01-19,281,1,0.0,9.2,20170119,2017,0.0,6.6,-0.3,69.5,0.0,-7.2,19,0.7
19,2017-01-20,281,1,1.0,1.6,20170120,2017,0.0,4.1,-1.6,65.9,0.0,-4.3,20,3.2
20,2017-01-21,281,1,0.0,3.3,20170121,2017,0.0,7.8,-2.7,60.1,0.0,-8.2,21,2.2
21,2017-01-22,281,1,0.5,-0.2,20170122,2017,0.0,7.8,-3.2,53.6,0.0,-6.4,22,4.0
22,2017-01-23,281,1,0.0,0.0,20170123,2017,0.0,7.8,-4.8,40.5,0.0,-8.6,23,4.0
23,2017-01-24,281,1,0.0,2.9,20170124,2017,0.0,7.9,-3.5,40.8,0.0,-7.8,24,2.3
24,2017-01-25,281,1,0.0,5.5,20170125,2017,0.0,7.9,-2.0,38.4,0.0,-8.7,25,1.8
25,2017-01-26,281,1,0.0,9.2,20170126,2017,0.0,8.0,-0.8,38.6,0.0,-11.4,26,1.3
26,2017-01-27,281,1,0.0,7.6,20170127,2017,0.0,5.7,4.2,26.1,0.0,0.1,27,3.7
27,2017-01-28,281,1,0.0,11.0,20170128,2017,0.0,8.1,1.3,29.9,0.0,-7.8,28,1.1
28,2017-01-29,281,1,0.5,6.4,20170129,2017,0.0,0.0,3.8,55.4,0.0,-0.8,29,0.8
29,2017-01-30,281,1,0.5,4.5,20170130,2017,0.0,6.8,0.9,52.4,0.0,-4.8,30,4.0
30,2017-01-31,281,1,0.0,7.2,20170131,2017,0.0,8.3,-1.0,39.3,0.0,-7.9,31,2.0
31,2017-02-01,281,2,0.0,6.1,20170201,2017,0.0,5.9,0.6,30.8,0.0,-2.6,1,3.8
32,2017-02-02,281,2,0.0,7.9,20170202,2017,0.0,8.8,0.9,27.0,0.0,-4.9,2,3.6
33,2017-02-03,281,2,0.0,10.1,20170203,2017,0.0,8.8,3.9,42.1,0.0,-1.8,3,2.7
34,2017-02-04,281,2,0.0,13.9,20170204,2017,0.0,6.9,5.0,37.4,0.0,-4.6,4,0.9
35,2017-02-05,281,2,0.4,13.2,20170205,2017,0.0,5.4,5.8,63.0,0.0,2.3,5,2.6
36,2017-02-06,281,2,0.0,7.3,20170206,2017,0.0,9.3,2.3,39.3,0.0,-1.2,6,3.7
37,2017-02-07,281,2,0.0,8.7,20170207,2017,0.0,5.8,0.7,48.6,0.0,-5.9,7,1.1
38,2017-02-08,281,2,0.0,8.1,20170208,2017,0.0,1.8,1.9,51.3,0.0,-5.0,8,1.8
39,2017-02-09,281,2,0.0,3.2,20170209,2017,0.0,7.7,-0.8,35.9,0.0,-5.1,9,4.9
40,2017-02-10,281,2,0.0,0.7,20170210,2017,0.0,9.5,-3.2,39.4,0.0,-5.9,10,5.0
41,2017-02-11,281,2,0.0,2.9,20170211,2017,0.0,10.1,-2.3,40.6,0.0,-7.1,11,4.0
42,2017-02-12,281,2,0.0,7.0,20170212,2017,0.0,9.6,0.2,41.0,0.0,-6.4,12,2.9
43,2017-02-13,281,2,0.5,8.6,20170213,2017,0.0,9.5,2.3,50.9,0.0,-4.3,13,2.8
44,2017-02-14,281,2,0.5,7.7,20170214,2017,0.0,9.2,1.0,69.3,0.0,-4.8,14,1.4
45,2017-02-15,281,2,0.0,13.3,20170215,2017,0.0,9.6,2.1,45.9,0.0,-7.6,15,1.4
46,2017-02-16,281,2,0.5,16.7,20170216,2017,0.0,9.4,7.6,50.5,0.0,-5.4,16,1.7
47,2017-02-17,281,2,0.5,13.6,20170217,2017,0.0,6.1,9.1,42.5,0.0,1.2,17,4.1
48,2017-02-18,281,2,0.0,6.5,20170218,2017,0.0,10.3,1.3,28.3,0.0,-3.3,18,4.1
49,2017-02-19,281,2,2.5,11.7,20170219,2017,0.0,7.4,3.9,51.8,0.0,-4.7,19,2.0
50,2017-02-20,281,2,3.5,9.5,20170220,2017,0.0,7.3,5.1,55.6,0.0,-1.7,20,3.8
51,2017-02-21,281,2,0.0,9.6,20170221,2017,0.0,10.3,1.6,55.4,0.0,-7.3,21,1.4
52,2017-02-22,281,2,20.0,5.9,20170222,2017,0.0,0.0,3.5,88.4,0.0,-1.0,22,1.0
53,2017-02-23,281,2,0.0,5.2,20170223,2017,0.0,3.5,2.4,53.0,0.0,-1.6,23,3.8
54,2017-02-24,281,2,0.0,7.5,20170224,2017,0.0,10.5,1.0,39.0,0.0,-3.5,24,3.6
55,2017-02-25,281,2,0.0,10.6,20170225,2017,0.0,10.6,3.5,43.9,0.0,-2.2,25,2.4
56,2017-02-26,281,2,0.0,11.9,20170226,2017,0.0,10.3,4.0,54.8,0.0,-2.9,26,1.3
57,2017-02-27,281,2,0.1,11.8,20170227,2017,0.0,7.8,3.1,76.8,0.0,-3.2,27,1.4
58,2017-02-28,281,2,0.0,14.2,20170228,2017,0.0,9.6,4.8,62.0,0.0,-2.1,28,0.9
59,2017-03-01,281,3,0.0,14.2,20170301,2017,0.0,4.7,5.8,50.9,0.0,-1.4,1,0.9
60,2017-03-02,281,3,1.0,8.8,20170302,2017,0.0,2.8,5.0,64.9,0.0,1.4,2,3.1
61,2017-03-03,281,3,0.0,13.7,20170303,2017,0.0,10.8,4.8,41.0,0.0,-3.2,3,2.1
62,2017-03-04,281,3,0.0,16.4,20170304,2017,0.0,9.5,6.4,49.0,0.0,-1.6,4,0.9
63,2017-03-05,281,3,0.0,16.1,20170305,2017,0.0,7.7,6.8,50.5,0.0,-1.2,5,1.0
64,2017-03-06,281,3,0.0,9.0,20170306,2017,0.0,10.3,5.0,33.6,0.0,0.4,6,4.2
65,2017-03-07,281,3,0.0,6.4,20170307,2017,0.0,9.3,1.5,35.4,0.0,-2.1,7,3.8
66,2017-03-08,281,3,0.0,7.0,20170308,2017,0.0,10.2,1.6,41.6,0.0,-4.2,8,3.9
67,2017-03-09,281,3,0.0,13.4,20170309,2017,0.0,10.6,6.6,32.5,0.0,-0.3,9,3.5
68,2017-03-10,281,3,0.0,13.9,20170310,2017,0.0,10.9,6.3,34.0,0.0,-1.0,10,2.7
69,2017-03-11,281,3,0.0,16.6,20170311,2017,0.0,10.8,5.9,48.4,0.0,-4.9,11,1.4
70,2017-03-12,281,3,0.0,19.3,20170312,2017,0.0,8.9,8.9,43.0,0.0,-2.6,12,1.3
71,2017-03-13,281,3,0.0,15.8,20170313,2017,0.0,9.1,9.7,44.1,0.0,3.0,13,2.2
72,2017-03-14,281,3,0.0,14.4,20170314,2017,0.0,7.0,6.9,61.5,0.0,2.5,14,1.5
73,2017-03-15,281,3,0.0,13.0,20170315,2017,0.0,11.0,4.9,61.9,0.0,-2.9,15,1.4
74,2017-03-16,281,3,0.0,14.9,20170316,2017,0.0,8.6,6.7,55.9,0.0,-2.1,16,0.9
75,2017-03-17,281,3,0.0,17.1,20170317,2017,0.0,10.9,7.2,50.1,0.0,-2.5,17,1.2
76,2017-03-18,281,3,0.0,18.0,20170318,2017,0.0,6.9,8.2,45.9,0.0,-0.1,18,1.2
77,2017-03-19,281,3,0.0,19.0,20170319,2017,0.0,10.5,8.3,47.4,0.0,-1.6,19,1.4
78,2017-03-20,281,3,5.0,15.5,20170320,2017,0.0,3.2,7.6,77.8,0.0,-1.1,20,1.2
79,2017-03-21,281,3,3.5,16.0,20170321,2017,0.0,9.5,8.0,70.5,0.0,2.1,21,2.2
80,2017-03-22,281,3,0.0,16.1,20170322,2017,0.0,9.8,7.7,50.1,0.0,-1.7,22,1.4
81,2017-03-23,281,3,0.0,17.4,20170323,2017,0.0,8.4,10.4,42.1,0.0,5.3,23,1.8
82,2017-03-24,281,3,0.0,13.2,20170324,2017,0.0,4.2,8.1,53.8,0.0,1.9,24,1.7
83,2017-03-25,281,3,10.5,11.3,20170325,2017,0.0,0.6,6.6,81.6,0.0,3.7,25,1.5
84,2017-03-26,281,3,10.5,11.3,20170326,2017,0.0,1.6,6.0,87.0,0.0,3.7,26,1.1
85,2017-03-27,281,3,0.5,12.3,20170327,2017,0.0,4.5,5.7,74.1,0.0,0.6,27,2.1
86,2017-03-28,281,3,0.0,15.4,20170328,2017,0.0,9.0,7.8,59.1,0.0,-0.8,28,1.3
87,2017-03-29,281,3,0.5,16.1,20170329,2017,0.0,9.5,9.7,67.9,0.0,4.6,29,1.7
88,2017-03-30,281,3,0.0,20.4,20170330,2017,0.0,9.9,11.0,63.3,0.0,2.8,30,1.7
89,2017-03-31,281,3,0.5,10.6,20170331,2017,0.0,0.0,9.0,72.1,0.0,7.0,31,1.8
90,2017-04-01,281,4,15.0,11.8,20170401,2017,0.0,2.3,7.2,87.4,0.0,3.8,1,1.5
91,2017-04-02,281,4,0.0,16.1,20170402,2017,0.0,9.7,7.9,66.6,0.0,1.9,2,1.5
92,2017-04-03,281,4,0.0,22.3,20170403,2017,0.0,11.6,12.5,36.6,0.0,2.3,3,2.6
93,2017-04-04,281,4,0.0,23.6,20170404,2017,0.0,10.5,14.1,43.8,0.0,1.7,4,1.4
94,2017-04-05,281,4,1.0,17.8,20170405,2017,0.0,0.0,13.9,67.9,0.0,9.4,5,1.1
95,2017-04-06,281,4,9.0,19.9,20170406,2017,0.0,0.2,16.3,83.6,0.0,13.3,6,1.8
96,2017-04-07,281,4,0.0,22.0,20170407,2017,0.0,11.8,14.5,67.8,0.0,7.6,7,1.9
97,2017-04-08,281,4,0.0,27.4,20170408,2017,0.0,9.6,16.8,56.8,0.0,6.2,8,1.5
98,2017-04-09,281,4,0.0,15.5,20170409,2017,0.0,1.9,12.8,57.9,0.0,9.6,9,2.7
99,2017-04-10,281,4,0.5,16.3,20170410,2017,0.0,9.5,11.6,55.9,0.0,6.1,10,2.7
100,2017-04-11,281,4,19.5,18.8,20170411,2017,0.0,5.9,12.5,70.9,0.0,8.2,11,2.4
101,2017-04-12,281,4,0.0,19.4,20170412,2017,0.0,8.8,13.8,25.5,0.0,9.5,12,3.1
102,2017-04-13,281,4,0.0,22.9,20170413,2017,0.0,11.3,14.6,28.9,0.0,4.7,13,2.4
103,2017-04-14,281,4,0.0,22.1,20170414,2017,0.0,8.4,15.2,49.0,0.0,4.6,14,3.0
104,2017-04-15,281,4,0.0,26.8,20170415,2017,0.0,10.7,19.0,44.1,0.0,10.7,15,2.0
105,2017-04-16,281,4,0.0,29.5,20170416,2017,0.0,11.2,18.4,42.8,0.0,7.8,16,1.2
106,2017-04-17,281,4,20.0,16.9,20170417,2017,0.0,0.0,13.2,81.6,0.0,10.3,17,1.2
107,2017-04-18,281,4,5.4,23.0,20170418,2017,0.0,9.0,15.4,63.8,0.0,8.9,18,2.4
108,2017-04-19,281,4,0.0,21.5,20170419,2017,0.0,12.0,15.5,33.6,0.0,9.7,19,4.0
109,2017-04-20,281,4,0.2,20.8,20170420,2017,0.0,1.6,13.6,53.0,0.0,10.2,20,1.7
110,2017-04-21,281,4,0.0,22.1,20170421,2017,0.0,9.2,14.1,58.9,0.0,7.4,21,2.1
111,2017-04-22,281,4,0.0,20.3,20170422,2017,0.0,10.7,12.3,67.0,0.0,6.0,22,1.6
112,2017-04-23,281,4,0.0,23.9,20170423,2017,0.0,11.8,14.0,57.1,0.0,4.2,23,1.4
113,2017-04-24,281,4,0.0,24.7,20170424,2017,0.0,12.1,16.2,45.6,0.0,4.8,24,1.8
114,2017-04-25,281,4,0.0,24.8,20170425,2017,0.0,6.9,18.5,53.6,0.0,10.5,25,1.8
115,2017-04-26,281,4,9.0,21.1,20170426,2017,0.0,6.7,14.5,72.5,0.0,9.2,26,1.7
116,2017-04-27,281,4,0.0,21.3,20170427,2017,0.0,10.4,13.4,39.3,0.0,6.8,27,2.4
117,2017-04-28,281,4,0.0,26.3,20170428,2017,0.0,11.5,16.0,34.8,0.0,2.8,28,2.5
118,2017-04-29,281,4,0.0,27.9,20170429,2017,0.0,12.2,18.7,31.5,0.0,6.7,29,2.4
119,2017-04-30,281,4,0.0,30.7,20170430,2017,0.0,11.9,21.4,39.0,0.0,8.6,30,2.2
120,2017-05-01,281,5,0.0,22.9,20170501,2017,0.0,11.9,16.7,46.5,0.0,9.4,1,2.6
121,2017-05-02,281,5,0.0,22.8,20170502,2017,0.0,12.1,14.9,51.9,0.0,6.0,2,2.0
122,2017-05-03,281,5,0.0,28.9,20170503,2017,0.0,12.2,17.5,46.3,0.0,5.9,3,1.3
123,2017-05-04,281,5,0.0,27.6,20170504,2017,0.0,8.9,19.1,56.5,0.0,7.9,4,1.3
124,2017-05-05,281,5,6.5,27.8,20170505,2017,0.0,5.6,20.0,75.6,0.0,13.7,5,1.5
125,2017-05-06,281,5,0.0,24.6,20170506,2017,0.0,8.8,18.7,32.5,0.0,14.0,6,3.0
126,2017-05-07,281,5,0.0,27.9,20170507,2017,0.0,12.0,20.0,26.6,0.0,9.7,7,3.3
127,2017-05-08,281,5,0.0,28.2,20170508,2017,0.0,7.4,20.8,28.3,0.0,12.2,8,2.1
128,2017-05-09,281,5,17.0,19.7,20170509,2017,0.0,0.0,15.3,81.5,0.0,13.3,9,1.4
129,2017-05-10,281,5,0.2,21.4,20170510,2017,0.0,1.4,16.2,81.1,0.0,13.4,10,1.4
130,2017-05-11,281,5,0.2,27.5,20170511,2017,0.0,10.2,19.6,67.9,0.0,11.5,11,1.6
131,2017-05-12,281,5,0.0,20.8,20170512,2017,0.0,0.0,17.1,83.5,0.0,14.4,12,1.0
132,2017-05-13,281,5,0.0,28.4,20170513,2017,0.0,9.7,19.8,60.0,0.0,11.8,13,1.9
133,2017-05-14,281,5,0.0,26.2,20170514,2017,0.0,12.5,19.5,31.9,0.0,13.9,14,3.6
134,2017-05-15,281,5,0.0,24.8,20170515,2017,0.0,11.4,17.6,40.0,0.0,10.8,15,2.8
135,2017-05-16,281,5,0.5,23.3,20170516,2017,0.0,5.3,16.7,62.0,0.0,9.0,16,1.5
136,2017-05-17,281,5,0.0,24.8,20170517,2017,0.0,9.2,18.1,65.8,0.0,13.6,17,1.7
137,2017-05-18,281,5,0.0,29.7,20170518,2017,0.0,12.5,21.2,50.4,0.0,10.4,18,1.8
138,2017-05-19,281,5,0.0,32.0,20170519,2017,0.0,12.8,24.8,28.3,0.0,16.2,19,3.4
139,2017-05-20,281,5,0.0,31.5,20170520,2017,0.0,12.6,24.2,31.3,0.0,16.4,20,2.1
140,2017-05-21,281,5,0.0,31.5,20170521,2017,0.0,10.1,22.5,46.0,0.0,12.8,21,1.5
141,2017-05-22,281,5,0.0,28.7,20170522,2017,0.0,12.4,19.9,59.6,0.0,12.2,22,2.1
142,2017-05-23,281,5,0.0,27.7,20170523,2017,0.0,5.1,20.9,59.0,0.0,12.0,23,1.4
143,2017-05-24,281,5,0.2,25.0,20170524,2017,0.0,4.3,19.6,75.0,0.0,15.6,24,1.5
144,2017-05-25,281,5,0.0,32.3,20170525,2017,0.0,10.8,22.1,52.6,0.0,13.7,25,2.5
145,2017-05-26,281,5,0.0,24.2,20170526,2017,0.0,9.4,15.9,59.4,0.0,10.2,26,2.5
146,2017-05-27,281,5,0.0,27.7,20170527,2017,0.0,12.6,17.9,56.1,0.0,8.3,27,1.9
147,2017-05-28,281,5,0.0,31.2,20170528,2017,0.0,12.9,22.1,48.9,0.0,10.3,28,1.9
148,2017-05-29,281,5,0.0,36.1,20170529,2017,0.0,25.5,27.7,34.3,0.0,19.6,29,2.6
149,2017-05-30,281,5,0.0,34.2,20170530,2017,0.0,7.2,25.5,40.0,0.0,16.4,30,1.6
150,2017-05-31,281,5,0.0,32.0,20170531,2017,0.0,4.5,23.9,48.8,0.0,15.9,31,1.2
151,2017-06-01,281,6,1.0,31.7,20170601,2017,0.0,7.9,21.6,68.5,0.0,15.5,1,1.9
152,2017-06-02,281,6,0.5,27.5,20170602,2017,0.0,12.5,18.6,54.1,0.0,13.0,2,2.4
153,2017-06-03,281,6,0.0,27.9,20170603,2017,0.0,12.7,19.4,48.0,0.0,12.9,3,2.4
154,2017-06-04,281,6,0.0,28.3,20170604,2017,0.0,12.8,18.6,49.6,0.0,9.4,4,2.0
155,2017-06-05,281,6,0.0,25.8,20170605,2017,0.0,13.0,18.4,55.0,0.0,10.5,5,2.2
156,2017-06-06,281,6,1.5,21.6,20170606,2017,0.0,0.7,17.6,72.3,0.0,12.3,6,1.7
157,2017-06-07,281,6,0.3,25.8,20170607,2017,0.0,0.3,20.8,70.8,0.0,17.2,7,1.9
158,2017-06-08,281,6,0.0,29.0,20170608,2017,0.0,12.0,22.4,46.8,0.0,17.1,8,3.0
159,2017-06-09,281,6,0.0,32.7,20170609,2017,0.0,11.9,24.9,38.3,0.0,15.5,9,2.2
160,2017-06-10,281,6,0.0,29.3,20170610,2017,0.0,4.8,21.6,39.8,0.0,17.0,10,2.3
161,2017-06-11,281,6,0.0,27.1,20170611,2017,0.0,12.1,20.1,44.5,0.0,14.9,11,2.2
162,2017-06-12,281,6,0.0,23.6,20170612,2017,0.0,11.7,18.2,57.0,0.0,11.9,12,2.3
163,2017-06-13,281,6,0.5,28.6,20170613,2017,0.0,8.4,19.7,61.0,0.0,13.0,13,1.6
164,2017-06-14,281,6,0.0,29.7,20170614,2017,0.0,12.5,22.3,51.8,0.0,13.7,14,2.0
165,2017-06-15,281,6,0.0,33.5,20170615,2017,0.0,13.1,25.5,39.4,0.0,19.4,15,2.7
166,2017-06-16,281,6,0.0,26.5,20170616,2017,0.0,12.7,20.9,62.8,0.0,16.6,16,2.8
167,2017-06-17,281,6,0.0,32.0,20170617,2017,0.0,12.4,22.2,60.6,0.0,14.3,17,1.8
168,2017-06-18,281,6,0.0,34.7,20170618,2017,0.0,12.1,24.5,57.4,0.0,15.7,18,1.9
169,2017-06-19,281,6,0.0,36.9,20170619,2017,0.0,11.5,27.3,46.6,0.0,16.8,19,1.4
170,2017-06-20,281,6,2.0,31.4,20170620,2017,0.0,2.8,24.6,54.6,0.0,18.8,20,1.7
171,2017-06-21,281,6,0.5,31.1,20170621,2017,0.0,6.6,23.5,63.0,0.0,18.4,21,1.5
172,2017-06-22,281,6,0.0,31.6,20170622,2017,0.0,11.9,24.4,56.5,0.0,16.3,22,1.5
173,2017-06-23,281,6,0.0,32.1,20170623,2017,0.0,10.5,25.1,58.5,0.0,18.0,23,2.1
174,2017-06-24,281,6,0.0,32.6,20170624,2017,0.0,6.4,24.9,56.8,0.0,18.5,24,1.8
175,2017-06-25,281,6,8.0,30.3,20170625,2017,0.0,6.8,23.4,64.0,0.0,18.5,25,1.9
176,2017-06-26,281,6,0.2,26.1,20170626,2017,0.0,2.4,22.3,77.0,0.0,19.9,26,1.7
177,2017-06-27,281,6,0.0,29.2,20170627,2017,0.0,4.2,23.9,66.9,0.0,18.8,27,1.5
178,2017-06-28,281,6,0.0,32.2,20170628,2017,0.0,7.9,24.8,64.1,0.0,18.0,28,1.6
179,2017-06-29,281,6,0.1,30.2,20170629,2017,0.0,4.5,25.0,63.8,0.0,19.4,29,1.2
180,2017-06-30,281,6,0.0,33.4,20170630,2017,0.0,9.6,27.3,61.3,0.0,21.5,30,1.9
181,2017-07-01,281,7,0.1,31.6,20170701,2017,0.0,0.9,27.7,63.9,0.0,25.0,1,2.1
182,2017-07-02,281,7,2.0,33.0,20170702,2017,0.0,1.3,27.5,69.3,0.0,23.6,2,1.6
183,2017-07-03,281,7,0.2,34.1,20170703,2017,0.0,2.6,28.9,62.4,0.0,26.6,3,2.8
184,2017-07-04,281,7,7.0,32.3,20170704,2017,0.0,2.2,26.2,74.4,0.0,23.1,4,1.6
185,2017-07-05,281,7,0.0,32.8,20170705,2017,0.0,9.0,26.3,69.0,0.0,21.4,5,1.8
186,2017-07-06,281,7,0.0,34.1,20170706,2017,0.0,6.1,27.0,70.6,0.0,21.6,6,1.3
187,2017-07-07,281,7,1.0,30.4,20170707,2017,0.0,2.1,27.1,73.3,0.0,23.7,7,1.1
188,2017-07-08,281,7,1.0,30.9,20170708,2017,0.0,1.3,26.9,76.5,0.0,23.8,8,1.4
189,2017-07-09,281,7,6.5,36.1,20170709,2017,0.0,8.5,29.2,68.3,0.0,24.1,9,1.5
190,2017-07-10,281,7,0.0,33.2,20170710,2017,0.0,1.0,28.9,67.4,0.0,25.4,10,1.7
191,2017-07-11,281,7,0.0,33.9,20170711,2017,0.0,4.0,29.7,56.9,0.0,27.1,11,2.3
192,2017-07-12,281,7,0.0,37.5,20170712,2017,0.0,11.9,30.4,53.4,0.0,24.5,12,2.3
193,2017-07-13,281,7,0.0,38.9,20170713,2017,0.0,12.6,30.4,51.3,0.0,22.0,13,1.9
194,2017-07-14,281,7,96.5,35.8,20170714,2017,0.0,7.4,27.1,70.3,0.0,21.8,14,2.0
195,2017-07-15,281,7,1.0,29.6,20170715,2017,0.0,0.5,25.6,80.4,0.0,22.2,15,1.3
196,2017-07-16,281,7,0.0,33.6,20170716,2017,0.0,2.1,27.4,71.9,0.0,23.7,16,1.6
197,2017-07-17,281,7,8.5,33.6,20170717,2017,0.0,3.4,26.7,75.1,0.0,22.5,17,1.8
198,2017-07-18,281,7,0.5,32.3,20170718,2017,0.0,8.1,27.1,71.8,0.0,22.4,18,1.8
199,2017-07-19,281,7,0.0,35.4,20170719,2017,0.0,10.2,28.7,66.3,0.0,22.4,19,1.4
200,2017-07-20,281,7,0.0,36.1,20170720,2017,0.0,10.6,29.6,63.6,0.0,23.3,20,1.4
201,2017-07-21,281,7,0.0,37.4,20170721,2017,0.0,10.3,30.8,63.3,0.0,24.5,21,1.5
202,2017-07-22,281,7,1.5,34.8,20170722,2017,0.0,1.4,27.1,77.1,0.0,22.1,22,1.4
203,2017-07-23,281,7,0.0,31.8,20170723,2017,0.0,0.0,27.1,81.5,0.0,22.2,23,1.1
204,2017-07-24,281,7,3.5,35.4,20170724,2017,0.0,2.6,27.9,86.0,0.0,25.9,24,0.9
205,2017-07-25,281,7,16.0,26.4,20170725,2017,0.0,0.0,25.1,87.9,0.0,22.8,25,1.2
206,2017-07-26,281,7,0.0,29.4,20170726,2017,0.0,10.3,24.3,67.8,0.0,19.2,26,2.1
207,2017-07-27,281,7,0.0,32.7,20170727,2017,0.0,12.8,25.2,61.3,0.0,16.8,27,1.5
208,2017-07-28,281,7,0.0,33.5,20170728,2017,0.0,6.3,26.8,65.5,0.0,20.1,28,1.6
209,2017-07-29,281,7,22.0,25.6,20170729,2017,0.0,0.0,23.0,88.8,0.0,22.2,29,1.7
210,2017-07-30,281,7,0.0,30.8,20170730,2017,0.0,2.1,25.8,79.6,0.0,22.2,30,0.8
211,2017-07-31,281,7,14.0,26.4,20170731,2017,0.0,0.0,24.7,91.6,0.0,22.6,31,1.0
212,2017-08-01,281,8,2.5,32.0,20170801,2017,0.0,6.2,26.2,79.4,0.0,23.5,1,1.3
213,2017-08-02,281,8,0.0,31.3,20170802,2017,0.0,5.3,25.4,75.6,0.0,22.0,2,1.3
214,2017-08-03,281,8,0.0,31.4,20170803,2017,0.0,8.6,25.8,74.0,0.0,21.0,3,1.8
215,2017-08-04,281,8,0.0,34.2,20170804,2017,0.0,10.5,28.4,70.8,0.0,22.7,4,1.8
216,2017-08-05,281,8,0.0,35.3,20170805,2017,0.0,12.2,29.1,70.3,0.0,23.2,5,1.6
217,2017-08-06,281,8,0.0,37.1,20170806,2017,0.0,11.4,29.9,65.5,0.0,24.1,6,1.4
218,2017-08-07,281,8,0.0,36.3,20170807,2017,0.0,11.1,28.7,67.3,0.0,24.2,7,1.7
219,2017-08-08,281,8,0.0,35.4,20170808,2017,0.0,11.0,28.9,61.0,0.0,22.9,8,1.6
220,2017-08-09,281,8,13.0,29.6,20170809,2017,0.0,0.3,26.5,83.5,0.0,24.5,9,1.3
221,2017-08-10,281,8,75.5,27.4,20170810,2017,0.0,0.0,24.8,92.3,0.0,23.3,10,0.9
222,2017-08-11,281,8,0.2,30.7,20170811,2017,0.0,6.5,25.3,78.9,0.0,21.8,11,1.2
223,2017-08-12,281,8,0.0,29.1,20170812,2017,0.0,7.0,24.3,74.1,0.0,20.5,12,1.4
224,2017-08-13,281,8,0.0,27.3,20170813,2017,0.0,0.7,23.3,77.1,0.0,19.4,13,1.4
225,2017-08-14,281,8,56.0,24.3,20170814,2017,0.0,0.0,22.5,91.6,0.0,21.6,14,1.2
226,2017-08-15,281,8,14.5,25.5,20170815,2017,0.0,0.0,23.4,92.8,0.0,21.7,15,1.3
227,2017-08-16,281,8,2.0,28.8,20170816,2017,0.0,3.6,25.4,80.5,0.0,23.0,16,1.1
228,2017-08-17,281,8,0.0,29.3,20170817,2017,0.0,5.0,24.8,77.4,0.0,22.7,17,1.8
229,2017-08-18,281,8,0.0,31.9,20170818,2017,0.0,8.3,25.5,73.5,0.0,20.8,18,1.2
230,2017-08-19,281,8,5.0,29.8,20170819,2017,0.0,3.2,25.3,79.9,0.0,22.3,19,1.5
231,2017-08-20,281,8,0.5,29.1,20170820,2017,0.0,1.7,25.5,82.8,0.0,23.3,20,1.9
232,2017-08-21,281,8,13.5,32.0,20170821,2017,0.0,4.0,25.6,87.9,0.0,23.4,21,1.0
233,2017-08-22,281,8,1.5,32.7,20170822,2017,0.0,7.8,27.3,78.5,0.0,23.2,22,1.3
234,2017-08-23,281,8,3.5,35.1,20170823,2017,0.0,8.7,29.0,75.3,0.0,23.9,23,1.5
235,2017-08-24,281,8,3.0,34.7,20170824,2017,0.0,7.7,29.9,68.5,0.0,24.8,24,2.4
236,2017-08-25,281,8,1.0,33.1,20170825,2017,0.0,8.1,27.0,66.3,0.0,21.1,25,1.6
237,2017-08-26,281,8,0.0,31.8,20170826,2017,0.0,11.1,23.6,58.6,0.0,16.8,26,1.7
238,2017-08-27,281,8,0.0,30.5,20170827,2017,0.0,10.8,22.4,67.6,0.0,15.4,27,1.1
239,2017-08-28,281,8,0.0,32.6,20170828,2017,0.0,11.1,25.3,64.4,0.0,17.1,28,1.2
240,2017-08-29,281,8,0.0,31.8,20170829,2017,0.0,10.4,25.8,57.4,0.0,20.1,29,2.0
241,2017-08-30,281,8,0.0,25.8,20170830,2017,0.0,1.0,20.9,55.4,0.0,17.1,30,1.7
242,2017-08-31,281,8,0.0,28.2,20170831,2017,0.0,11.0,20.6,64.3,0.0,13.5,31,1.3
243,2017-09-01,281,9,0.0,26.5,20170901,2017,0.0,10.5,20.2,64.5,0.0,15.1,1,1.9
244,2017-09-02,281,9,0.0,26.4,20170902,2017,0.0,9.8,19.5,67.6,0.0,12.3,2,1.4
245,2017-09-03,281,9,0.0,27.4,20170903,2017,0.0,11.4,20.4,67.0,0.0,13.0,3,1.3
246,2017-09-04,281,9,0.0,27.4,20170904,2017,0.0,8.1,21.2,72.8,0.0,16.0,4,1.4
247,2017-09-05,281,9,0.5,26.2,20170905,2017,0.0,0.3,21.3,82.9,0.0,16.9,5,0.7
248,2017-09-06,281,9,5.0,25.4,20170906,2017,0.0,0.1,21.4,84.1,0.0,18.4,6,1.2
249,2017-09-07,281,9,0.5,28.6,20170907,2017,0.0,6.4,21.9,74.4,0.0,18.0,7,1.5
250,2017-09-08,281,9,0.0,30.3,20170908,2017,0.0,9.6,22.7,71.4,0.0,15.2,8,1.0
251,2017-09-09,281,9,0.0,31.2,20170909,2017,0.0,7.5,22.4,73.3,0.0,16.0,9,0.9
252,2017-09-10,281,9,0.0,28.9,20170910,2017,0.0,4.2,22.4,73.1,0.0,16.0,10,1.4
253,2017-09-11,281,9,41.5,22.5,20170911,2017,0.0,0.0,20.8,91.1,0.0,19.6,11,1.3
254,2017-09-12,281,9,0.0,29.9,20170912,2017,0.0,10.8,23.5,66.1,0.0,18.8,12,1.8
255,2017-09-13,281,9,0.0,28.5,20170913,2017,0.0,11.3,21.2,59.0,0.0,14.3,13,1.6
256,2017-09-14,281,9,0.0,26.9,20170914,2017,0.0,11.0,19.7,69.6,0.0,13.4,14,1.5
257,2017-09-15,281,9,0.0,24.5,20170915,2017,0.0,7.1,20.3,61.1,0.0,15.3,15,2.8
258,2017-09-16,281,9,0.0,24.7,20170916,2017,0.0,2.1,21.8,60.8,0.0,19.0,16,3.1
259,2017-09-17,281,9,0.0,24.9,20170917,2017,0.0,0.5,21.6,73.0,0.0,17.3,17,2.1
260,2017-09-18,281,9,0.0,28.6,20170918,2017,0.0,10.6,20.6,70.0,0.0,14.1,18,1.0
261,2017-09-19,281,9,0.0,29.1,20170919,2017,0.0,7.6,22.0,66.4,0.0,13.4,19,1.3
262,2017-09-20,281,9,0.0,25.7,20170920,2017,0.0,5.7,20.3,57.8,0.0,12.4,20,2.3
263,2017-09-21,281,9,0.0,27.4,20170921,2017,0.0,10.3,18.4,69.0,0.0,9.4,21,1.1
264,2017-09-22,281,9,0.0,28.1,20170922,2017,0.0,10.7,19.8,68.1,0.0,12.9,22,0.8
265,2017-09-23,281,9,0.0,27.6,20170923,2017,0.0,8.5,20.2,68.0,0.0,13.7,23,0.9
266,2017-09-24,281,9,0.0,29.3,20170924,2017,0.0,9.8,20.6,72.3,0.0,12.9,24,1.0
267,2017-09-25,281,9,0.0,29.4,20170925,2017,0.0,9.3,20.8,72.4,0.0,14.8,25,1.2
268,2017-09-26,281,9,0.0,28.7,20170926,2017,0.0,7.2,21.0,71.6,0.0,13.9,26,1.3
269,2017-09-27,281,9,43.0,20.1,20170927,2017,0.0,0.0,18.4,90.6,0.0,16.7,27,0.7
270,2017-09-28,281,9,0.0,26.2,20170928,2017,0.0,7.0,19.9,65.9,0.0,15.7,28,1.5
271,2017-09-29,281,9,0.0,22.3,20170929,2017,0.0,10.2,15.9,49.1,0.0,10.6,29,1.8
272,2017-09-30,281,9,0.0,27.0,20170930,2017,0.0,11.0,16.1,66.0,0.0,6.3,30,1.1
273,2017-10-01,281,10,5.0,21.0,20171001,2017,0.0,0.2,15.9,80.3,0.0,9.5,1,0.8
274,2017-10-02,281,10,16.5,24.8,20171002,2017,0.0,0.4,20.3,86.4,0.0,17.6,2,1.2
275,2017-10-03,281,10,0.0,23.1,20171003,2017,0.0,5.7,18.9,76.1,0.0,15.8,3,1.6
276,2017-10-04,281,10,0.0,21.7,20171004,2017,0.0,5.1,17.3,67.5,0.0,13.5,4,1.8
277,2017-10-05,281,10,0.0,21.3,20171005,2017,0.0,0.8,15.8,74.1,0.0,12.2,5,1.2
278,2017-10-06,281,10,8.0,19.2,20171006,2017,0.0,0.0,16.4,92.6,0.0,14.0,6,0.8
279,2017-10-07,281,10,0.0,24.5,20171007,2017,0.0,2.4,19.9,83.5,0.0,16.9,7,0.9
280,2017-10-08,281,10,0.0,28.0,20171008,2017,0.0,8.6,21.0,79.0,0.0,16.4,8,0.9
281,2017-10-09,281,10,0.0,29.1,20171009,2017,0.0,8.3,21.1,79.1,0.0,16.7,9,0.8
282,2017-10-10,281,10,0.0,29.3,20171010,2017,0.0,9.1,21.9,75.3,0.0,15.6,10,1.2
283,2017-10-11,281,10,0.0,24.1,20171011,2017,0.0,1.5,19.9,77.0,0.0,16.9,11,1.5
284,2017-10-12,281,10,28.5,17.0,20171012,2017,0.0,0.0,14.5,85.9,0.0,13.8,12,1.1
285,2017-10-13,281,10,0.0,20.6,20171013,2017,0.0,10.2,14.3,62.6,0.0,10.0,13,2.0
286,2017-10-14,281,10,0.0,20.9,20171014,2017,0.0,7.7,14.5,59.8,0.0,10.2,14,1.2
287,2017-10-15,281,10,0.2,19.7,20171015,2017,0.0,0.7,15.3,68.8,0.0,11.0,15,1.6
288,2017-10-16,281,10,0.0,19.7,20171016,2017,0.0,0.0,15.2,72.0,0.0,10.3,16,1.2
289,2017-10-17,281,10,0.0,22.5,20171017,2017,0.0,8.0,15.0,71.0,0.0,7.5,17,1.4
290,2017-10-18,281,10,0.0,18.7,20171018,2017,0.0,0.2,16.4,57.6,0.0,14.4,18,2.3
291,2017-10-19,281,10,0.0,19.4,20171019,2017,0.0,2.3,14.8,76.0,0.0,11.2,19,1.3
292,2017-10-20,281,10,0.0,21.5,20171020,2017,0.0,5.8,14.4,77.9,0.0,9.3,20,1.0
293,2017-10-21,281,10,0.0,22.0,20171021,2017,0.0,9.9,14.5,70.5,0.0,7.0,21,1.6
294,2017-10-22,281,10,0.0,21.0,20171022,2017,0.0,6.2,17.0,53.4,0.0,11.5,22,3.3
295,2017-10-23,281,10,0.0,19.2,20171023,2017,0.0,7.4,13.4,51.3,0.0,7.4,23,1.5
296,2017-10-24,281,10,0.0,18.0,20171024,2017,0.0,2.8,11.0,71.9,0.0,6.3,24,0.7
297,2017-10-25,281,10,0.0,20.1,20171025,2017,0.0,7.0,10.5,75.0,0.0,4.6,25,0.8
298,2017-10-26,281,10,0.0,19.8,20171026,2017,0.0,3.8,11.0,74.1,0.0,3.3,26,0.5
299,2017-10-27,281,10,0.0,21.7,20171027,2017,0.0,4.7,13.7,73.5,0.0,7.9,27,1.0
300,2017-10-28,281,10,0.0,22.2,20171028,2017,0.0,4.3,15.0,75.1,0.0,8.8,28,1.0
301,2017-10-29,281,10,0.0,22.7,20171029,2017,0.0,8.1,14.4,57.9,0.0,8.3,29,2.6
302,2017-10-30,281,10,0.0,15.2,20171030,2017,0.0,9.7,9.1,33.3,0.0,3.6,30,2.5
303,2017-10-31,281,10,0.0,18.6,20171031,2017,0.0,9.8,7.5,53.3,0.0,-1.6,31,1.1
304,2017-11-01,281,11,0.0,19.8,20171101,2017,0.0,8.1,11.1,62.0,0.0,2.2,1,1.4
305,2017-11-02,281,11,0.0,19.9,20171102,2017,0.0,6.6,11.5,72.6,0.0,5.7,2,0.6
306,2017-11-03,281,11,0.0,21.0,20171103,2017,0.0,5.4,11.7,68.5,0.0,4.9,3,1.7
307,2017-11-04,281,11,0.0,15.3,20171104,2017,0.0,6.6,8.1,54.8,0.0,2.4,4,1.8
308,2017-11-05,281,11,0.0,16.4,20171105,2017,0.0,9.1,8.0,54.6,0.0,1.8,5,1.5
309,2017-11-06,281,11,0.0,19.8,20171106,2017,0.0,8.9,8.3,61.8,0.0,-1.1,6,0.9
310,2017-11-07,281,11,0.0,21.0,20171107,2017,0.0,7.5,12.6,63.9,0.0,2.2,7,1.3
311,2017-11-08,281,11,0.0,21.5,20171108,2017,0.0,7.9,14.6,49.4,0.0,9.0,8,2.5
312,2017-11-09,281,11,0.0,19.3,20171109,2017,0.0,8.3,9.2,57.1,0.0,1.5,9,0.8
313,2017-11-10,281,11,0.0,21.2,20171110,2017,0.0,7.9,12.1,61.5,0.0,2.5,10,2.5
314,2017-11-11,281,11,0.0,13.3,20171111,2017,0.0,8.3,6.9,39.1,0.0,-0.4,11,2.8
315,2017-11-12,281,11,0.0,14.9,20171112,2017,0.0,8.3,4.6,55.4,0.0,-3.3,12,0.9
316,2017-11-13,281,11,0.0,16.4,20171113,2017,0.0,6.5,6.6,54.6,0.0,-2.1,13,1.0
317,2017-11-14,281,11,0.0,16.1,20171114,2017,0.0,7.8,9.6,42.0,0.0,3.4,14,2.5
318,2017-11-15,281,11,0.0,11.8,20171115,2017,0.0,5.9,6.6,39.0,0.0,0.8,15,3.1
319,2017-11-16,281,11,0.0,10.0,20171116,2017,0.0,7.9,3.1,46.0,0.0,-2.3,16,1.6
320,2017-11-17,281,11,0.0,11.9,20171117,2017,0.0,5.4,4.3,49.6,0.0,-5.1,17,0.6
321,2017-11-18,281,11,0.0,9.2,20171118,2017,0.0,7.6,3.8,33.8,0.0,-1.5,18,3.4
322,2017-11-19,281,11,0.0,5.9,20171119,2017,0.0,7.8,1.5,27.4,0.0,-3.2,19,3.3
323,2017-11-20,281,11,0.0,9.0,20171120,2017,0.0,7.6,3.7,40.0,0.0,-1.5,20,2.8
324,2017-11-21,281,11,0.0,12.8,20171121,2017,0.0,7.8,2.3,56.6,0.0,-5.0,21,0.9
325,2017-11-22,281,11,0.0,11.7,20171122,2017,0.0,1.1,5.2,54.1,0.0,-2.6,22,1.6
326,2017-11-23,281,11,0.0,7.8,20171123,2017,0.0,6.5,3.0,40.9,0.0,-1.6,23,2.8
327,2017-11-24,281,11,0.1,7.6,20171124,2017,0.0,4.5,2.1,65.3,0.0,-1.6,24,2.2
328,2017-11-25,281,11,0.0,10.5,20171125,2017,0.0,6.9,3.3,60.0,0.0,-5.8,25,1.4
329,2017-11-26,281,11,0.0,13.9,20171126,2017,0.0,5.1,6.0,70.4,0.0,-1.3,26,1.3
330,2017-11-27,281,11,0.0,15.3,20171127,2017,0.0,7.3,4.9,72.8,0.0,-2.2,27,0.5
331,2017-11-28,281,11,0.0,16.8,20171128,2017,0.0,4.4,6.6,71.4,0.0,-0.9,28,0.9
332,2017-11-29,281,11,0.0,14.8,20171129,2017,0.0,5.8,8.8,47.3,0.0,1.3,29,2.1
333,2017-11-30,281,11,0.0,8.6,20171130,2017,0.0,5.8,4.2,20.5,0.0,-1.2,30,3.9
334,2017-12-01,281,12,0.0,4.6,20171201,2017,0.0,7.7,-0.9,29.6,0.0,-6.4,1,2.8
335,2017-12-02,281,12,0.0,8.4,20171202,2017,0.0,7.7,-0.8,49.9,0.0,-8.6,2,1.0
336,2017-12-03,281,12,0.0,13.0,20171203,2017,0.0,7.6,2.4,61.9,0.0,-6.3,3,0.7
337,2017-12-04,281,12,0.0,8.8,20171204,2017,0.0,5.3,2.3,51.4,0.0,-1.8,4,3.0
338,2017-12-05,281,12,0.0,2.6,20171205,2017,0.0,7.7,-1.7,34.3,0.0,-4.9,5,4.2
339,2017-12-06,281,12,0.0,7.7,20171206,2017,0.0,6.0,-1.1,54.9,0.0,-7.8,6,0.8
340,2017-12-07,281,12,0.0,7.2,20171207,2017,0.0,2.3,0.8,60.9,0.0,-4.7,7,1.3
341,2017-12-08,281,12,0.0,3.4,20171208,2017,0.0,7.6,-0.9,32.4,0.0,-4.2,8,3.7
342,2017-12-09,281,12,0.0,7.6,20171209,2017,0.0,6.5,0.9,52.1,0.0,-6.4,9,1.6
343,2017-12-10,281,12,0.0,10.3,20171210,2017,0.0,2.3,3.6,60.9,0.0,-2.5,10,2.0
344,2017-12-11,281,12,0.0,3.0,20171211,2017,0.0,7.3,-2.0,36.5,0.0,-6.3,11,5.2
345,2017-12-12,281,12,0.0,-0.7,20171212,2017,0.0,7.6,-5.3,25.6,0.0,-9.1,12,3.7
346,2017-12-13,281,12,0.0,2.2,20171213,2017,0.0,7.7,-4.1,24.1,0.0,-8.6,13,3.1
347,2017-12-14,281,12,0.0,5.2,20171214,2017,0.0,7.4,-3.9,43.3,0.0,-13.4,14,0.8
348,2017-12-15,281,12,0.0,7.5,20171215,2017,0.0,6.7,-0.7,37.3,0.0,-9.6,15,1.6
349,2017-12-16,281,12,0.0,3.1,20171216,2017,0.0,6.2,-0.3,35.5,0.0,-4.9,16,4.1
350,2017-12-17,281,12,0.0,1.3,20171217,2017,0.0,7.6,-3.5,33.9,0.0,-7.6,17,3.7
351,2017-12-18,281,12,0.0,6.9,20171218,2017,0.0,7.6,-0.9,48.3,0.0,-7.3,18,1.8
352,2017-12-19,281,12,0.0,3.7,20171219,2017,0.0,7.4,-0.1,38.1,0.0,-5.9,19,3.3
353,2017-12-20,281,12,0.0,6.0,20171220,2017,0.0,7.6,-1.9,44.8,0.0,-7.1,20,1.6
354,2017-12-21,281,12,0.0,7.7,20171221,2017,0.0,7.6,-0.3,44.1,0.0,-8.5,21,2.2
355,2017-12-22,281,12,0.0,9.4,20171222,2017,0.0,7.6,0.7,56.0,0.0,-6.6,22,1.6
356,2017-12-23,281,12,0.0,11.1,20171223,2017,0.0,6.6,0.1,66.1,0.0,-6.7,23,0.5
357,2017-12-24,281,12,10.0,6.6,20171224,2017,0.0,0.0,2.7,74.1,0.0,-2.3,24,2.2
358,2017-12-25,281,12,0.0,4.6,20171225,2017,0.0,7.5,1.1,38.0,0.0,-2.0,25,4.0
359,2017-12-26,281,12,0.0,5.7,20171226,2017,0.0,6.1,0.7,39.0,0.0,-4.1,26,3.9
360,2017-12-27,281,12,0.0,1.1,20171227,2017,0.0,7.6,-2.9,23.0,0.0,-7.0,27,4.3
361,2017-12-28,281,12,0.0,4.8,20171228,2017,0.0,6.1,-0.9,38.5,0.0,-6.3,28,2.2
362,2017-12-29,281,12,0.0,9.5,20171229,2017,0.0,6.7,3.9,58.4,0.0,-1.4,29,2.6
363,2017-12-30,281,12,0.0,8.7,20171230,2017,0.0,2.6,2.3,68.8,0.0,-4.6,30,0.8
364,2017-12-31,281,12,0.0,7.0,20171231,2017,0.0,7.3,3.3,41.0,0.0,-0.6,31,3.8
