,station_id,tmin,date,rainfall,wind,sunshine,tmax,year,month,cloud,day,humid,Date,tavg,snow
0,281,-5.8,20050101,0.0,3.6,6.0,2.0,2005,1,0.0,1,41.0,2005-01-01,-2.1,0.0
1,281,-3.5,20050102,0.0,2.6,5.8,7.5,2005,1,0.0,2,50.5,2005-01-02,1.8,0.0
2,281,-6.0,20050103,0.0,2.5,3.7,11.8,2005,1,0.0,3,52.9,2005-01-03,4.3,0.0
3,281,-5.0,20050104,0.0,3.5,6.3,6.6,2005,1,0.0,4,33.1,2005-01-04,-0.2,0.0
4,281,-11.3,20050105,0.0,0.6,6.1,7.0,2005,1,0.0,5,51.1,2005-01-05,-2.1,0.0
5,281,-1.2,20050106,0.0,2.3,4.4,8.8,2005,1,0.0,6,36.5,2005-01-06,4.2,0.0
6,281,-2.0,20050107,0.0,3.6,5.1,6.8,2005,1,0.0,7,36.9,2005-01-07,3.0,0.0
7,281,-4.5,20050108,0.0,3.1,5.8,4.8,2005,1,0.0,8,35.8,2005-01-08,-0.2,0.0
8,281,-7.5,20050109,0.0,3.6,7.4,1.6,2005,1,0.0,9,30.6,2005-01-09,-3.5,0.0
9,281,-6.9,20050110,0.0,3.5,6.5,3.7,2005,1,0.0,10,43.1,2005-01-10,-1.5,0.0
10,281,-2.5,20050111,0.0,3.8,6.4,4.0,2005,1,0.0,11,44.6,2005-01-11,0.1,0.0
11,281,-4.6,20050112,0.0,3.3,7.0,2.7,2005,1,0.0,12,41.5,2005-01-12,-1.4,0.0
12,281,-4.5,20050113,0.0,3.0,6.2,3.0,2005,1,0.0,13,46.6,2005-01-13,-0.9,0.0
13,281,-9.3,20050114,0.0,1.2,5.6,7.3,2005,1,0.0,14,48.6,2005-01-14,-0.1,0.0
14,281,-1.7,20050115,0.0,3.3,6.4,7.0,2005,1,0.0,15,40.9,2005-01-15,1.7,0.0
15,281,-5.6,20050116,8.3,2.8,2.9,5.6,2005,1,0.0,16,60.9,2005-01-16,0.1,12.5
16,281,-12.6,20050117,0.0,0.9,7.1,8.8,2005,1,0.0,17,66.5,2005-01-17,-2.5,0.0
17,281,-10.3,20050118,0.0,0.4,7.2,9.5,2005,1,0.0,18,65.9,2005-01-18,-0.6,0.0
18,281,-0.8,20050119,0.0,4.3,7.5,4.8,2005,1,0.0,19,42.6,2005-01-19,1.7,0.0
19,281,-3.7,20050120,0.0,4.3,7.3,2.9,2005,1,0.0,20,44.1,2005-01-20,-0.8,0.0
20,281,-6.0,20050121,0.0,2.5,7.6,5.3,2005,1,0.0,21,38.3,2005-01-21,-0.9,0.0
21,281,-9.5,20050122,0.0,0.3,4.5,7.9,2005,1,0.0,22,44.8,2005-01-22,0.3,0.0
22,281,0.1,20050123,0.0,0.3,2.5,10.1,2005,1,0.0,23,62.8,2005-01-23,3.9,0.0
23,281,-0.4,20050124,0.0,1.6,1.4,8.8,2005,1,0.0,24,57.5,2005-01-24,3.2,0.0
24,281,-3.9,20050125,6.8,0.4,0.0,5.9,2005,1,0.0,25,71.5,2005-01-25,1.0,5.0
25,281,0.6,20050126,0.2,0.6,5.1,9.8,2005,1,0.0,26,71.3,2005-01-26,3.7,0.3
26,281,-2.2,20050127,0.0,1.3,4.6,10.3,2005,1,0.0,27,55.1,2005-01-27,3.5,0.0
27,281,-5.0,20050128,0.0,0.4,7.2,13.5,2005,1,0.0,28,57.4,2005-01-28,2.1,0.0
28,281,-4.6,20050129,0.0,2.3,2.3,7.5,2005,1,0.0,29,62.1,2005-01-29,-0.2,0.0
29,281,-6.1,20050130,0.0,3.4,6.2,0.4,2005,1,0.0,30,45.3,2005-01-30,-3.5,0.0
30,281,-7.9,20050131,0.4,4.3,8.3,0.8,2005,1,0.0,31,43.5,2005-01-31,-4.1,0.8
31,281,-11.0,20050201,0.0,6.0,8.4,-4.5,2005,2,0.0,1,52.0,2005-02-01,-8.0,0.0
32,281,-10.3,20050202,0.0,4.2,8.4,-0.4,2005,2,0.0,2,55.5,2005-02-02,-5.3,0.0
33,281,-5.6,20050203,0.0,3.3,8.6,3.5,2005,2,0.0,3,50.4,2005-02-03,-1.7,0.0
34,281,-3.2,20050204,0.0,2.2,7.5,7.5,2005,2,0.0,4,38.6,2005-02-04,1.4,0.0
35,281,-5.8,20050205,0.0,1.3,7.7,7.1,2005,2,0.0,5,51.8,2005-02-05,-0.6,0.0
36,281,-8.8,20050206,0.0,0.7,7.0,10.0,2005,2,0.0,6,68.8,2005-02-06,-0.3,0.0
37,281,-3.2,20050207,0.0,0.7,0.5,7.8,2005,2,0.0,7,73.6,2005-02-07,3.5,0.0
38,281,-3.5,20050208,0.0,0.9,4.0,8.6,2005,2,0.0,8,76.3,2005-02-08,3.0,0.0
39,281,-5.5,20050209,0.0,1.4,1.5,6.4,2005,2,0.0,9,72.9,2005-02-09,0.3,0.0
40,281,-5.5,20050210,0.0,3.6,6.4,3.7,2005,2,0.0,10,39.0,2005-02-10,-1.8,0.0
41,281,-8.1,20050211,0.0,3.7,9.7,1.7,2005,2,0.0,11,39.3,2005-02-11,-3.7,0.0
42,281,-8.1,20050212,0.0,1.2,4.7,2.5,2005,2,0.0,12,39.0,2005-02-12,-3.8,0.0
43,281,-6.5,20050213,0.0,2.4,9.6,6.5,2005,2,0.0,13,34.1,2005-02-13,-0.6,0.0
44,281,-8.8,20050214,0.0,0.5,5.1,7.5,2005,2,0.0,14,51.1,2005-02-14,0.1,0.0
45,281,0.6,20050215,6.0,2.4,0.0,8.5,2005,2,0.0,15,64.3,2005-02-15,4.8,0.0
46,281,3.5,20050216,3.0,1.8,0.0,6.6,2005,2,0.0,16,77.5,2005-02-16,5.1,0.0
47,281,2.2,20050217,0.0,2.2,6.3,10.3,2005,2,0.0,17,71.5,2005-02-17,5.3,0.0
48,281,1.6,20050218,2.5,2.8,0.0,4.9,2005,2,0.0,18,74.9,2005-02-18,3.0,0.0
49,281,-5.5,20050219,0.0,3.4,3.8,6.3,2005,2,0.0,19,64.1,2005-02-19,0.9,0.0
50,281,-9.1,20050220,0.0,4.1,9.9,0.3,2005,2,0.0,20,44.3,2005-02-20,-4.9,0.0
51,281,-9.3,20050221,0.0,3.3,10.0,0.6,2005,2,0.0,21,46.1,2005-02-21,-4.9,0.0
52,281,-12.3,20050222,0.0,1.1,4.5,7.0,2005,2,0.0,22,60.9,2005-02-22,-0.7,0.0
53,281,-0.3,20050223,0.0,3.3,8.3,7.9,2005,2,0.0,23,38.8,2005-02-23,3.0,0.0
54,281,-3.9,20050224,0.0,0.5,0.3,4.5,2005,2,0.0,24,61.6,2005-02-24,0.2,0.0
55,281,-4.6,20050225,0.0,3.7,9.4,3.7,2005,2,0.0,25,33.8,2005-02-25,-1.0,0.0
56,281,-7.9,20050226,0.0,3.2,10.3,3.4,2005,2,0.0,26,37.0,2005-02-26,-3.0,0.0
57,281,-6.3,20050227,0.0,2.6,9.5,6.0,2005,2,0.0,27,35.6,2005-02-27,-0.5,0.0
58,281,-5.8,20050228,0.0,2.3,9.3,8.3,2005,2,0.0,28,38.0,2005-02-28,2.1,0.0
59,281,-6.5,20050301,0.0,2.1,9.9,8.5,2005,3,0.0,1,34.5,2005-03-01,1.7,0.0
60,281,-4.6,20050302,0.0,0.9,4.5,5.9,2005,3,0.0,2,61.5,2005-03-02,0.7,0.0
61,281,-5.0,20050303,0.0,2.3,8.8,7.0,2005,3,0.0,3,44.9,2005-03-03,0.9,0.0
62,281,-5.5,20050304,0.0,2.2,8.4,6.9,2005,3,0.0,4,52.1,2005-03-04,0.0,0.0
63,281,-7.9,20050305,12.6,1.3,7.9,4.6,2005,3,0.0,5,75.5,2005-03-05,-1.4,16.6
64,281,-5.1,20050306,1.1,1.7,10.3,8.1,2005,3,0.0,6,59.8,2005-03-06,1.7,2.9
65,281,-2.4,20050307,0.0,2.4,9.9,14.1,2005,3,0.0,7,43.0,2005-03-07,5.9,0.0
66,281,-2.7,20050308,0.0,1.8,9.1,17.2,2005,3,0.0,8,55.3,2005-03-08,7.9,0.0
67,281,-1.0,20050309,0.0,1.4,7.8,15.5,2005,3,0.0,9,61.8,2005-03-09,8.4,0.0
68,281,4.0,20050310,0.0,1.4,8.0,20.7,2005,3,0.0,10,67.9,2005-03-10,11.9,0.0
69,281,-2.5,20050311,6.0,3.4,2.1,7.9,2005,3,0.0,11,70.0,2005-03-11,3.9,0.0
70,281,-5.4,20050312,0.0,4.7,10.5,2.7,2005,3,0.0,12,42.9,2005-03-12,-2.1,0.0
71,281,-5.9,20050313,0.0,3.9,9.6,5.0,2005,3,0.0,13,39.8,2005-03-13,-0.8,0.0
72,281,-4.8,20050314,0.0,2.3,10.6,10.8,2005,3,0.0,14,42.6,2005-03-14,2.6,0.0
73,281,-2.7,20050315,0.0,1.3,5.9,11.3,2005,3,0.0,15,63.9,2005-03-15,3.9,0.0
74,281,-1.1,20050316,0.5,0.8,7.9,16.7,2005,3,0.0,16,66.0,2005-03-16,7.5,0.0
75,281,4.3,20050317,25.0,1.8,3.3,11.5,2005,3,0.0,17,75.0,2005-03-17,6.9,0.0
76,281,2.7,20050318,0.0,3.8,9.6,11.1,2005,3,0.0,18,44.8,2005-03-18,6.0,0.0
77,281,-1.6,20050319,0.0,1.3,9.9,13.8,2005,3,0.0,19,43.8,2005-03-19,6.0,0.0
78,281,1.7,20050320,0.0,2.8,9.6,13.6,2005,3,0.0,20,42.8,2005-03-20,7.9,0.0
79,281,-2.5,20050321,0.5,1.0,8.1,17.6,2005,3,0.0,21,55.0,2005-03-21,8.5,0.0
80,281,3.2,20050322,23.5,1.0,2.2,11.8,2005,3,0.0,22,80.8,2005-03-22,6.7,0.0
81,281,2.7,20050323,0.0,1.1,3.6,12.1,2005,3,0.0,23,75.6,2005-03-23,6.8,0.0
82,281,-0.5,20050324,0.5,3.1,4.9,5.9,2005,3,0.0,24,68.5,2005-03-24,1.9,0.0
83,281,-1.7,20050325,0.0,3.9,11.0,11.3,2005,3,0.0,25,43.6,2005-03-25,4.6,0.0
84,281,-2.5,20050326,0.0,1.2,9.0,17.6,2005,3,0.0,26,51.3,2005-03-26,8.9,0.0
85,281,-0.2,20050327,1.5,0.6,5.1,14.1,2005,3,0.0,27,73.4,2005-03-27,8.1,0.0
86,281,6.3,20050328,0.0,2.8,8.5,20.2,2005,3,0.0,28,54.3,2005-03-28,12.1,0.0
87,281,2.0,20050329,0.0,3.7,11.1,13.1,2005,3,0.0,29,35.9,2005-03-29,7.2,0.0
88,281,-0.5,20050330,0.0,3.2,11.0,17.6,2005,3,0.0,30,30.9,2005-03-30,8.9,0.0
89,281,-0.6,20050331,0.0,1.7,10.6,19.1,2005,3,0.0,31,42.6,2005-03-31,9.7,0.0
90,281,0.2,20050401,0.0,1.0,9.1,20.6,2005,4,0.0,1,54.8,2005-04-01,9.3,0.0
91,281,2.0,20050402,0.0,1.2,8.2,21.2,2005,4,0.0,2,50.1,2005-04-02,11.2,0.0
92,281,-0.8,20050403,3.5,1.3,1.5,9.6,2005,4,0.0,3,68.3,2005-04-03,5.9,0.0
93,281,-3.2,20050404,0.0,1.8,10.6,19.3,2005,4,0.0,4,52.3,2005-04-04,8.6,0.0
94,281,4.5,20050405,0.0,2.4,10.7,25.7,2005,4,0.0,5,34.8,2005-04-05,15.9,0.0
95,281,8.0,20050406,1.0,2.3,0.2,18.8,2005,4,0.0,6,56.4,2005-04-06,15.2,0.0
96,281,9.1,20050407,0.0,2.6,9.3,28.3,2005,4,0.0,7,56.0,2005-04-07,19.6,0.0
97,281,8.5,20050408,0.0,3.1,9.7,19.1,2005,4,0.0,8,54.8,2005-04-08,14.1,0.0
98,281,6.0,20050409,0.0,2.3,1.7,16.0,2005,4,0.0,9,66.3,2005-04-09,12.1,0.0
99,281,8.0,20050410,31.0,1.6,0.0,19.0,2005,4,0.0,10,78.6,2005-04-10,12.3,0.0
100,281,3.7,20050411,0.0,2.5,8.8,13.8,2005,4,0.0,11,64.8,2005-04-11,8.4,0.0
101,281,3.0,20050412,0.0,1.2,6.3,17.0,2005,4,0.0,12,66.4,2005-04-12,9.5,0.0
102,281,5.3,20050413,0.0,2.2,10.5,19.5,2005,4,0.0,13,48.1,2005-04-13,12.1,0.0
103,281,5.0,20050414,0.0,2.5,11.4,21.7,2005,4,0.0,14,31.4,2005-04-14,14.2,0.0
104,281,7.8,20050415,0.0,2.2,11.2,20.0,2005,4,0.0,15,36.6,2005-04-15,13.0,0.0
105,281,-0.2,20050416,0.0,1.7,11.4,22.8,2005,4,0.0,16,31.4,2005-04-16,12.7,0.0
106,281,1.0,20050417,0.0,1.1,9.3,25.6,2005,4,0.0,17,42.5,2005-04-17,14.7,0.0
107,281,9.1,20050418,0.0,1.4,6.6,26.2,2005,4,0.0,18,54.5,2005-04-18,16.0,0.0
108,281,7.0,20050419,5.5,1.5,7.7,25.7,2005,4,0.0,19,62.4,2005-04-19,15.5,0.0
109,281,6.8,20050420,8.0,3.4,10.3,19.8,2005,4,0.0,20,42.6,2005-04-20,14.2,0.0
110,281,3.9,20050421,0.0,2.8,10.6,19.6,2005,4,0.0,21,38.3,2005-04-21,12.0,0.0
111,281,3.5,20050422,0.0,3.0,11.4,21.2,2005,4,0.0,22,28.4,2005-04-22,13.6,0.0
112,281,2.0,20050423,0.0,1.9,11.7,20.6,2005,4,0.0,23,48.3,2005-04-23,11.2,0.0
113,281,1.8,20050424,0.0,1.1,10.3,22.8,2005,4,0.0,24,52.8,2005-04-24,12.6,0.0
114,281,5.5,20050425,0.0,1.2,9.5,23.8,2005,4,0.0,25,50.3,2005-04-25,14.5,0.0
115,281,6.0,20050426,0.0,1.8,11.5,24.8,2005,4,0.0,26,41.6,2005-04-26,15.8,0.0
116,281,5.3,20050427,0.0,2.0,10.9,27.3,2005,4,0.0,27,43.1,2005-04-27,17.8,0.0
117,281,14.3,20050428,0.0,3.8,10.8,32.0,2005,4,0.0,28,46.1,2005-04-28,23.4,0.0
118,281,14.6,20050429,0.0,1.4,5.8,26.0,2005,4,0.0,29,55.6,2005-04-29,19.9,0.0
119,281,13.6,20050430,0.0,1.6,7.1,30.2,2005,4,0.0,30,61.1,2005-04-30,21.9,0.0
120,281,12.5,20050501,0.0,1.7,4.2,29.2,2005,5,0.0,1,66.3,2005-05-01,19.2,0.0
121,281,10.3,20050502,0.0,2.2,11.3,25.6,2005,5,0.0,2,51.0,2005-05-02,17.2,0.0
122,281,5.8,20050503,0.0,0.9,11.8,29.7,2005,5,0.0,3,47.0,2005-05-03,18.3,0.0
123,281,7.4,20050504,0.0,1.2,11.3,31.6,2005,5,0.0,4,44.1,2005-05-04,19.2,0.0
124,281,8.6,20050505,15.5,1.5,5.5,25.6,2005,5,0.0,5,65.6,2005-05-05,16.9,0.0
125,281,11.3,20050506,9.0,2.1,0.2,16.7,2005,5,0.0,6,81.6,2005-05-06,14.1,0.0
126,281,9.3,20050507,0.5,2.8,3.5,13.0,2005,5,0.0,7,75.8,2005-05-07,10.6,0.0
127,281,10.1,20050508,0.0,1.2,7.2,20.3,2005,5,0.0,8,65.5,2005-05-08,15.0,0.0
128,281,9.8,20050509,0.0,3.3,11.5,22.2,2005,5,0.0,9,39.5,2005-05-09,15.8,0.0
129,281,3.5,20050510,0.0,1.5,11.8,22.8,2005,5,0.0,10,55.1,2005-05-10,13.6,0.0
130,281,9.0,20050511,6.0,1.1,9.5,24.7,2005,5,0.0,11,52.4,2005-05-11,16.6,0.0
131,281,10.6,20050512,2.0,1.5,7.2,21.8,2005,5,0.0,12,70.8,2005-05-12,14.0,0.0
132,281,9.5,20050513,0.0,2.1,8.4,19.0,2005,5,0.0,13,66.3,2005-05-13,13.8,0.0
133,281,8.3,20050514,0.0,1.5,11.3,26.5,2005,5,0.0,14,55.1,2005-05-14,18.0,0.0
134,281,10.6,20050515,0.0,2.4,11.7,24.1,2005,5,0.0,15,59.8,2005-05-15,16.0,0.0
135,281,7.0,20050516,0.0,1.4,11.6,25.6,2005,5,0.0,16,60.5,2005-05-16,16.2,0.0
136,281,9.1,20050517,4.0,1.2,7.2,28.7,2005,5,0.0,17,55.8,2005-05-17,19.2,0.0
137,281,13.8,20050518,14.5,2.7,6.1,24.1,2005,5,0.0,18,67.0,2005-05-18,18.4,0.0
138,281,11.8,20050519,0.0,2.4,11.8,27.7,2005,5,0.0,19,44.3,2005-05-19,20.4,0.0
139,281,12.1,20050520,0.0,2.1,9.8,26.7,2005,5,0.0,20,48.8,2005-05-20,18.9,0.0
140,281,7.9,20050521,0.0,1.0,6.7,23.7,2005,5,0.0,21,52.6,2005-05-21,16.9,0.0
141,281,13.3,20050522,0.0,1.2,7.4,25.6,2005,5,0.0,22,54.9,2005-05-22,18.7,0.0
142,281,11.8,20050523,0.0,2.8,10.8,24.3,2005,5,0.0,23,51.4,2005-05-23,18.0,0.0
143,281,8.3,20050524,0.0,2.3,10.4,22.1,2005,5,0.0,24,65.9,2005-05-24,14.1,0.0
144,281,7.4,20050525,0.0,1.1,11.7,27.1,2005,5,0.0,25,57.9,2005-05-25,17.9,0.0
145,281,12.1,20050526,0.0,2.3,11.5,30.8,2005,5,0.0,26,44.1,2005-05-26,21.6,0.0
146,281,11.8,20050527,0.0,1.6,11.7,29.8,2005,5,0.0,27,50.6,2005-05-27,20.2,0.0
147,281,12.6,20050528,0.0,2.0,8.4,27.2,2005,5,0.0,28,62.3,2005-05-28,18.1,0.0
148,281,9.3,20050529,0.0,2.2,11.7,23.7,2005,5,0.0,29,65.5,2005-05-29,16.1,0.0
149,281,9.3,20050530,0.0,1.2,9.4,30.3,2005,5,0.0,30,62.4,2005-05-30,19.1,0.0
150,281,12.1,20050531,0.0,1.3,11.8,31.2,2005,5,0.0,31,48.9,2005-05-31,22.2,0.0
151,281,13.3,20050601,11.5,1.4,9.2,26.8,2005,6,0.0,1,60.9,2005-06-01,20.8,0.0
152,281,17.0,20050602,17.0,1.5,7.9,26.7,2005,6,0.0,2,72.1,2005-06-02,20.5,0.0
153,281,15.3,20050603,0.0,1.2,9.4,29.2,2005,6,0.0,3,62.8,2005-06-03,21.8,0.0
154,281,14.0,20050604,1.5,1.9,6.9,22.7,2005,6,0.0,4,71.9,2005-06-04,17.4,0.0
155,281,10.8,20050605,0.0,1.6,11.9,25.7,2005,6,0.0,5,64.9,2005-06-05,18.1,0.0
156,281,10.6,20050606,0.0,1.5,10.6,28.8,2005,6,0.0,6,59.9,2005-06-06,20.0,0.0
157,281,15.5,20050607,0.0,1.0,7.5,29.7,2005,6,0.0,7,59.5,2005-06-07,22.4,0.0
158,281,17.7,20050608,0.0,1.2,11.0,32.0,2005,6,0.0,8,57.5,2005-06-08,24.3,0.0
159,281,16.2,20050609,0.0,1.2,9.4,32.4,2005,6,0.0,9,55.4,2005-06-09,24.3,0.0
160,281,16.2,20050610,38.0,1.3,0.0,22.0,2005,6,0.0,10,79.6,2005-06-10,17.8,0.0
161,281,16.7,20050611,0.5,1.6,10.5,30.3,2005,6,0.0,11,66.6,2005-06-11,22.4,0.0
162,281,15.8,20050612,0.0,1.7,11.0,31.0,2005,6,0.0,12,62.5,2005-06-12,22.1,0.0
163,281,13.6,20050613,0.0,1.4,10.8,30.7,2005,6,0.0,13,63.3,2005-06-13,22.1,0.0
164,281,16.3,20050614,0.0,2.4,10.8,26.8,2005,6,0.0,14,65.1,2005-06-14,20.8,0.0
165,281,14.5,20050615,0.0,2.1,7.5,24.8,2005,6,0.0,15,65.9,2005-06-15,19.6,0.0
166,281,17.5,20050616,0.0,2.0,10.1,26.7,2005,6,0.0,16,65.0,2005-06-16,21.2,0.0
167,281,18.6,20050617,0.0,1.0,9.8,29.7,2005,6,0.0,17,62.3,2005-06-17,23.5,0.0
168,281,17.8,20050618,0.5,1.1,9.2,31.2,2005,6,0.0,18,62.5,2005-06-18,24.1,0.0
169,281,19.8,20050619,0.0,0.7,7.8,30.0,2005,6,0.0,19,66.9,2005-06-19,24.1,0.0
170,281,17.6,20050620,0.0,0.9,9.8,32.5,2005,6,0.0,20,59.6,2005-06-20,25.5,0.0
171,281,17.7,20050621,0.0,1.1,10.0,33.5,2005,6,0.0,21,58.8,2005-06-21,26.1,0.0
172,281,19.7,20050622,0.0,1.6,8.9,34.2,2005,6,0.0,22,54.4,2005-06-22,26.9,0.0
173,281,18.2,20050623,0.0,1.7,11.9,34.5,2005,6,0.0,23,55.9,2005-06-23,26.7,0.0
174,281,18.7,20050624,0.0,1.4,11.1,37.0,2005,6,0.0,24,52.1,2005-06-24,28.7,0.0
175,281,22.6,20050625,0.0,1.7,10.2,36.4,2005,6,0.0,25,49.1,2005-06-25,29.5,0.0
176,281,20.1,20050626,0.5,0.9,2.7,29.2,2005,6,0.0,26,67.4,2005-06-26,25.3,0.0
177,281,25.3,20050627,0.0,3.2,7.1,31.8,2005,6,0.0,27,62.4,2005-06-27,28.4,0.0
178,281,23.0,20050628,40.5,0.8,0.0,27.1,2005,6,0.0,28,81.6,2005-06-28,24.1,0.0
179,281,22.7,20050629,12.0,1.2,6.6,32.0,2005,6,0.0,29,73.0,2005-06-29,26.1,0.0
180,281,22.6,20050630,0.0,1.6,8.9,33.4,2005,6,0.0,30,64.6,2005-06-30,27.2,0.0
181,281,19.8,20050701,39.0,1.3,0.0,25.7,2005,7,0.0,1,79.8,2005-07-01,22.8,0.0
182,281,21.2,20050702,17.5,1.1,4.7,28.7,2005,7,0.0,2,79.0,2005-07-02,24.7,0.0
183,281,22.5,20050703,11.0,0.6,0.3,25.2,2005,7,0.0,3,82.6,2005-07-03,23.9,0.0
184,281,20.2,20050704,4.0,1.6,7.4,29.7,2005,7,0.0,4,73.8,2005-07-04,24.5,0.0
185,281,22.2,20050705,0.0,1.6,4.0,28.2,2005,7,0.0,5,71.3,2005-07-05,24.6,0.0
186,281,20.7,20050706,0.0,1.3,11.2,32.2,2005,7,0.0,6,64.4,2005-07-06,25.9,0.0
187,281,20.2,20050707,0.0,2.5,3.3,25.0,2005,7,0.0,7,73.3,2005-07-07,21.8,0.0
188,281,20.1,20050708,2.5,2.0,4.5,25.6,2005,7,0.0,8,74.5,2005-07-08,22.5,0.0
189,281,21.1,20050709,11.5,1.1,0.8,25.8,2005,7,0.0,9,81.4,2005-07-09,22.8,0.0
190,281,19.2,20050710,0.0,2.1,4.3,26.5,2005,7,0.0,10,78.6,2005-07-10,21.6,0.0
191,281,18.1,20050711,49.5,1.9,0.0,19.6,2005,7,0.0,11,83.3,2005-07-11,18.9,0.0
192,281,18.7,20050712,1.0,0.5,6.8,26.5,2005,7,0.0,12,75.4,2005-07-12,22.4,0.0
193,281,20.2,20050713,1.5,1.0,8.0,30.6,2005,7,0.0,13,72.1,2005-07-13,24.4,0.0
194,281,21.1,20050714,0.0,0.8,9.1,32.0,2005,7,0.0,14,66.9,2005-07-14,26.4,0.0
195,281,19.7,20050715,0.0,1.0,9.8,31.8,2005,7,0.0,15,71.4,2005-07-15,26.0,0.0
196,281,22.3,20050716,0.0,0.9,6.6,31.2,2005,7,0.0,16,72.5,2005-07-16,26.8,0.0
197,281,23.6,20050717,0.0,1.1,7.2,32.7,2005,7,0.0,17,66.5,2005-07-17,27.9,0.0
198,281,24.3,20050718,0.0,2.5,11.0,33.0,2005,7,0.0,18,62.4,2005-07-18,28.4,0.0
199,281,23.2,20050719,0.0,1.6,11.5,34.0,2005,7,0.0,19,63.6,2005-07-19,27.8,0.0
200,281,20.7,20050720,0.0,1.4,11.1,35.5,2005,7,0.0,20,65.4,2005-07-20,28.7,0.0
201,281,24.2,20050721,0.0,1.6,10.8,36.0,2005,7,0.0,21,61.4,2005-07-21,29.3,0.0
202,281,22.5,20050722,0.0,1.6,10.1,33.9,2005,7,0.0,22,70.3,2005-07-22,27.5,0.0
203,281,22.7,20050723,0.0,1.9,8.7,31.2,2005,7,0.0,23,69.6,2005-07-23,26.4,0.0
204,281,22.7,20050724,0.0,1.8,8.5,30.6,2005,7,0.0,24,67.9,2005-07-24,26.1,0.0
205,281,21.7,20050725,0.0,1.6,8.9,30.0,2005,7,0.0,25,68.5,2005-07-25,25.0,0.0
206,281,21.7,20050726,0.0,1.6,9.3,30.7,2005,7,0.0,26,67.0,2005-07-26,25.5,0.0
207,281,22.7,20050727,0.5,0.7,7.0,33.2,2005,7,0.0,27,66.1,2005-07-27,27.8,0.0
208,281,22.2,20050728,3.5,1.6,3.9,31.2,2005,7,0.0,28,70.4,2005-07-28,26.4,0.0
209,281,23.5,20050729,9.0,1.3,6.5,32.2,2005,7,0.0,29,69.9,2005-07-29,26.7,0.0
210,281,22.7,20050730,0.0,1.3,10.4,33.2,2005,7,0.0,30,64.3,2005-07-30,27.4,0.0
211,281,22.2,20050731,0.0,1.3,10.5,34.2,2005,7,0.0,31,64.4,2005-07-31,27.3,0.0
212,281,22.7,20050801,6.0,1.4,5.6,31.0,2005,8,0.0,1,71.4,2005-08-01,26.6,0.0
213,281,24.2,20050802,19.5,0.9,4.6,32.4,2005,8,0.0,2,76.3,2005-08-02,26.8,0.0
214,281,24.0,20050803,4.0,1.1,4.9,31.5,2005,8,0.0,3,72.5,2005-08-03,27.2,0.0
215,281,23.0,20050804,0.0,1.0,11.1,35.0,2005,8,0.0,4,67.4,2005-08-04,28.5,0.0
216,281,21.5,20050805,0.0,1.6,11.3,33.7,2005,8,0.0,5,69.8,2005-08-05,27.2,0.0
217,281,21.7,20050806,0.0,1.4,11.1,33.2,2005,8,0.0,6,69.0,2005-08-06,27.4,0.0
218,281,24.1,20050807,0.0,0.9,7.0,33.4,2005,8,0.0,7,67.9,2005-08-07,27.8,0.0
219,281,23.3,20050808,3.5,0.6,2.0,29.7,2005,8,0.0,8,78.6,2005-08-08,25.7,0.0
220,281,23.8,20050809,7.0,1.4,7.2,32.0,2005,8,0.0,9,73.1,2005-08-09,27.5,0.0
221,281,23.6,20050810,2.5,1.2,4.7,32.2,2005,8,0.0,10,74.9,2005-08-10,27.0,0.0
222,281,24.6,20050811,0.0,1.2,4.1,30.7,2005,8,0.0,11,71.4,2005-08-11,27.5,0.0
223,281,25.0,20050812,0.0,1.7,8.9,33.9,2005,8,0.0,12,65.6,2005-08-12,28.8,0.0
224,281,24.5,20050813,0.0,2.9,10.4,34.5,2005,8,0.0,13,61.0,2005-08-13,29.5,0.0
225,281,26.2,20050814,0.0,2.9,10.7,34.0,2005,8,0.0,14,60.3,2005-08-14,29.5,0.0
226,281,21.8,20050815,0.0,1.9,6.7,33.7,2005,8,0.0,15,68.0,2005-08-15,26.9,0.0
227,281,21.3,20050816,1.0,0.9,7.5,35.2,2005,8,0.0,16,73.3,2005-08-16,26.8,0.0
228,281,21.2,20050817,0.0,1.8,9.4,31.3,2005,8,0.0,17,68.3,2005-08-17,26.2,0.0
229,281,21.2,20050818,6.5,0.9,6.4,33.5,2005,8,0.0,18,73.0,2005-08-18,25.5,0.0
230,281,20.6,20050819,54.5,1.3,4.6,31.7,2005,8,0.0,19,79.5,2005-08-19,23.7,0.0
231,281,20.0,20050820,31.0,0.5,0.0,24.3,2005,8,0.0,20,82.8,2005-08-20,21.9,0.0
232,281,20.5,20050821,0.5,1.7,9.0,28.5,2005,8,0.0,21,71.6,2005-08-21,23.7,0.0
233,281,20.2,20050822,12.5,0.9,0.1,22.8,2005,8,0.0,22,78.5,2005-08-22,21.4,0.0
234,281,17.6,20050823,0.0,2.2,10.6,25.7,2005,8,0.0,23,66.1,2005-08-23,21.5,0.0
235,281,19.8,20050824,12.5,3.8,6.0,25.6,2005,8,0.0,24,68.5,2005-08-24,22.3,0.0
236,281,19.8,20050825,12.5,1.9,0.0,27.2,2005,8,0.0,25,80.6,2005-08-25,22.1,0.0
237,281,20.0,20050826,0.0,2.5,9.6,28.3,2005,8,0.0,26,61.6,2005-08-26,23.2,0.0
238,281,18.1,20050827,0.0,1.1,10.1,30.2,2005,8,0.0,27,67.3,2005-08-27,23.3,0.0
239,281,16.0,20050828,0.0,1.4,10.5,30.3,2005,8,0.0,28,65.3,2005-08-28,23.1,0.0
240,281,16.7,20050829,0.0,0.7,8.7,31.5,2005,8,0.0,29,66.9,2005-08-29,23.7,0.0
241,281,17.7,20050830,0.0,0.5,1.4,27.3,2005,8,0.0,30,72.8,2005-08-30,22.2,0.0
242,281,16.5,20050831,0.0,0.5,8.2,30.3,2005,8,0.0,31,67.8,2005-08-31,23.1,0.0
243,281,19.0,20050901,1.0,0.7,8.4,33.7,2005,9,0.0,1,72.1,2005-09-01,26.3,0.0
244,281,24.2,20050902,0.0,1.0,7.2,33.9,2005,9,0.0,2,66.9,2005-09-02,28.3,0.0
245,281,21.5,20050903,0.0,1.4,1.7,27.1,2005,9,0.0,3,73.1,2005-09-03,23.6,0.0
246,281,17.6,20050904,1.0,1.5,0.0,22.3,2005,9,0.0,4,70.9,2005-09-04,21.0,0.0
247,281,17.3,20050905,0.5,3.5,5.6,25.2,2005,9,0.0,5,61.0,2005-09-05,21.8,0.0
248,281,20.3,20050906,43.5,4.1,0.0,22.6,2005,9,0.0,6,72.3,2005-09-06,21.5,0.0
249,281,20.1,20050907,0.0,2.8,5.5,29.3,2005,9,0.0,7,62.6,2005-09-07,23.4,0.0
250,281,17.7,20050908,0.0,1.6,7.8,28.7,2005,9,0.0,8,70.3,2005-09-08,22.1,0.0
251,281,19.0,20050909,10.0,0.8,0.9,24.0,2005,9,0.0,9,77.4,2005-09-09,21.2,0.0
252,281,20.1,20050910,8.5,0.8,4.4,29.3,2005,9,0.0,10,78.0,2005-09-10,23.3,0.0
253,281,21.6,20050911,0.0,0.8,5.7,31.0,2005,9,0.0,11,76.3,2005-09-11,24.9,0.0
254,281,21.7,20050912,0.0,0.9,6.5,32.5,2005,9,0.0,12,73.0,2005-09-12,26.7,0.0
255,281,21.8,20050913,5.0,1.8,5.7,29.3,2005,9,0.0,13,76.0,2005-09-13,24.0,0.0
256,281,17.7,20050914,3.5,1.6,2.9,24.1,2005,9,0.0,14,77.0,2005-09-14,19.9,0.0
257,281,14.3,20050915,0.0,1.5,9.6,24.7,2005,9,0.0,15,70.8,2005-09-15,19.1,0.0
258,281,12.8,20050916,0.0,0.6,8.9,27.7,2005,9,0.0,16,71.6,2005-09-16,19.5,0.0
259,281,16.6,20050917,0.0,1.3,6.9,31.1,2005,9,0.0,17,68.8,2005-09-17,23.9,0.0
260,281,20.8,20050918,3.0,1.0,2.6,28.3,2005,9,0.0,18,76.6,2005-09-18,24.1,0.0
261,281,16.2,20050919,1.0,0.8,5.4,29.1,2005,9,0.0,19,71.8,2005-09-19,22.0,0.0
262,281,17.3,20050920,0.5,1.8,6.0,26.7,2005,9,0.0,20,66.9,2005-09-20,21.1,0.0
263,281,17.5,20050921,10.5,1.4,0.0,20.3,2005,9,0.0,21,78.6,2005-09-21,18.4,0.0
264,281,17.3,20050922,8.5,1.0,0.0,20.6,2005,9,0.0,22,78.3,2005-09-22,19.1,0.0
265,281,17.8,20050923,0.0,1.0,1.5,23.7,2005,9,0.0,23,75.1,2005-09-23,19.7,0.0
266,281,14.3,20050924,0.0,1.8,5.9,23.7,2005,9,0.0,24,67.6,2005-09-24,19.2,0.0
267,281,12.1,20050925,0.0,1.4,9.6,24.1,2005,9,0.0,25,66.8,2005-09-25,17.5,0.0
268,281,12.5,20050926,0.0,1.4,8.4,24.8,2005,9,0.0,26,67.3,2005-09-26,18.0,0.0
269,281,11.0,20050927,0.0,0.5,1.0,21.6,2005,9,0.0,27,74.9,2005-09-27,15.9,0.0
270,281,10.8,20050928,0.0,1.2,6.2,23.7,2005,9,0.0,28,73.3,2005-09-28,16.6,0.0
271,281,11.5,20050929,0.0,1.5,7.0,24.5,2005,9,0.0,29,70.5,2005-09-29,17.5,0.0
272,281,15.5,20050930,2.5,0.1,0.0,22.1,2005,9,0.0,30,79.8,2005-09-30,18.9,0.0
273,281,20.2,20051001,0.0,1.0,2.0,29.2,2005,10,0.0,1,75.6,2005-10-01,24.1,0.0
274,281,17.5,20051002,1.5,1.6,2.2,25.0,2005,10,0.0,2,69.6,2005-10-02,21.5,0.0
275,281,12.8,20051003,0.0,1.6,7.1,24.5,2005,10,0.0,3,70.5,2005-10-03,19.0,0.0
276,281,9.6,20051004,0.5,1.9,0.7,19.0,2005,10,0.0,4,63.9,2005-10-04,15.1,0.0
277,281,7.9,20051005,0.0,0.2,2.9,19.6,2005,10,0.0,5,77.0,2005-10-05,13.2,0.0
278,281,8.8,20051006,0.0,0.8,5.8,24.2,2005,10,0.0,6,75.4,2005-10-06,14.6,0.0
279,281,11.3,20051007,2.0,0.6,0.0,18.2,2005,10,0.0,7,80.8,2005-10-07,15.3,0.0
280,281,10.6,20051008,0.0,1.7,8.5,22.8,2005,10,0.0,8,68.4,2005-10-08,16.3,0.0
281,281,9.0,20051009,0.0,1.2,6.1,22.8,2005,10,0.0,9,69.1,2005-10-09,14.8,0.0
282,281,8.0,20051010,0.0,1.4,7.8,22.6,2005,10,0.0,10,68.5,2005-10-10,14.4,0.0
283,281,11.0,20051011,0.0,1.0,2.9,22.2,2005,10,0.0,11,66.6,2005-10-11,15.9,0.0
284,281,13.6,20051012,0.0,1.6,7.5,22.3,2005,10,0.0,12,62.1,2005-10-12,17.1,0.0
285,281,10.5,20051013,0.0,0.7,8.5,25.6,2005,10,0.0,13,67.6,2005-10-13,16.9,0.0
286,281,10.1,20051014,0.0,1.5,3.0,21.1,2005,10,0.0,14,61.0,2005-10-14,16.3,0.0
287,281,6.9,20051015,0.0,1.8,6.3,20.7,2005,10,0.0,15,52.6,2005-10-15,12.8,0.0
288,281,3.7,20051016,0.0,0.7,9.8,22.1,2005,10,0.0,16,64.4,2005-10-16,11.5,0.0
289,281,2.0,20051017,0.0,0.5,9.9,23.5,2005,10,0.0,17,65.5,2005-10-17,11.6,0.0
290,281,4.4,20051018,0.0,0.7,8.6,24.2,2005,10,0.0,18,68.9,2005-10-18,13.4,0.0
291,281,7.9,20051019,0.5,1.0,1.9,20.1,2005,10,0.0,19,73.4,2005-10-19,13.9,0.0
292,281,5.8,20051020,0.0,0.6,5.2,22.1,2005,10,0.0,20,73.5,2005-10-20,12.2,0.0
293,281,6.1,20051021,0.0,1.2,0.2,15.6,2005,10,0.0,21,69.4,2005-10-21,11.8,0.0
294,281,3.7,20051022,1.5,2.0,7.1,14.0,2005,10,0.0,22,59.3,2005-10-22,8.5,0.0
295,281,-1.0,20051023,0.0,1.3,9.9,17.7,2005,10,0.0,23,58.4,2005-10-23,7.9,0.0
296,281,0.8,20051024,0.0,1.7,9.1,19.8,2005,10,0.0,24,60.8,2005-10-24,10.8,0.0
297,281,4.0,20051025,0.0,0.5,5.7,20.0,2005,10,0.0,25,70.0,2005-10-25,11.7,0.0
298,281,7.8,20051026,1.0,0.4,1.6,18.8,2005,10,0.0,26,77.8,2005-10-26,12.6,0.0
299,281,6.5,20051027,0.0,0.4,6.0,22.0,2005,10,0.0,27,75.9,2005-10-27,11.5,0.0
300,281,5.6,20051028,0.0,1.4,2.1,20.0,2005,10,0.0,28,69.0,2005-10-28,12.1,0.0
301,281,3.7,20051029,0.0,2.9,8.0,17.1,2005,10,0.0,29,52.4,2005-10-29,10.8,0.0
302,281,0.4,20051030,0.0,1.7,4.7,15.3,2005,10,0.0,30,63.3,2005-10-30,7.7,0.0
303,281,1.6,20051031,0.0,1.3,7.0,17.7,2005,10,0.0,31,57.1,2005-10-31,9.0,0.0
304,281,-1.7,20051101,0.0,0.8,8.7,19.1,2005,11,0.0,1,66.4,2005-11-01,7.8,0.0
305,281,0.6,20051102,0.0,0.7,8.4,19.6,2005,11,0.0,2,66.3,2005-11-02,9.2,0.0
306,281,6.0,20051103,0.0,0.3,7.5,22.6,2005,11,0.0,3,65.5,2005-11-03,12.0,0.0
307,281,3.9,20051104,0.0,0.5,7.7,24.7,2005,11,0.0,4,66.3,2005-11-04,13.1,0.0
308,281,6.9,20051105,0.0,0.4,5.1,23.3,2005,11,0.0,5,70.8,2005-11-05,15.8,0.0
309,281,13.3,20051106,12.0,2.0,3.9,22.0,2005,11,0.0,6,70.5,2005-11-06,17.0,0.0
310,281,3.5,20051107,0.0,2.9,8.3,17.6,2005,11,0.0,7,54.1,2005-11-07,10.2,0.0
311,281,3.5,20051108,0.0,2.7,8.9,16.5,2005,11,0.0,8,37.8,2005-11-08,10.9,0.0
312,281,2.0,20051109,0.0,1.5,7.7,16.3,2005,11,0.0,9,56.6,2005-11-09,9.1,0.0
313,281,-0.6,20051110,0.0,0.4,6.9,20.5,2005,11,0.0,10,66.9,2005-11-10,8.9,0.0
314,281,6.3,20051111,7.0,0.4,0.0,13.1,2005,11,0.0,11,82.5,2005-11-11,9.6,0.0
315,281,0.8,20051112,0.0,0.6,6.4,17.6,2005,11,0.0,12,65.3,2005-11-12,7.3,0.0
316,281,-1.6,20051113,0.0,0.4,4.4,18.7,2005,11,0.0,13,62.1,2005-11-13,7.7,0.0
317,281,3.7,20051114,0.0,0.9,3.0,15.1,2005,11,0.0,14,54.5,2005-11-14,9.5,0.0
318,281,0.6,20051115,0.0,2.4,7.7,11.6,2005,11,0.0,15,34.9,2005-11-15,5.0,0.0
319,281,-6.0,20051116,0.0,0.9,7.0,11.1,2005,11,0.0,16,60.0,2005-11-16,1.3,0.0
320,281,-6.0,20051117,0.0,1.6,7.2,10.6,2005,11,0.0,17,52.9,2005-11-17,2.5,0.0
321,281,-3.5,20051118,0.0,2.1,7.1,10.3,2005,11,0.0,18,44.0,2005-11-18,3.5,0.0
322,281,-6.5,20051119,0.0,1.0,7.3,10.3,2005,11,0.0,19,58.6,2005-11-19,0.6,0.0
323,281,-8.6,20051120,0.0,1.1,6.5,12.1,2005,11,0.0,20,53.4,2005-11-20,0.7,0.0
324,281,-6.4,20051121,0.0,1.6,3.6,12.1,2005,11,0.0,21,61.9,2005-11-21,3.5,0.0
325,281,-3.2,20051122,0.0,2.7,6.3,11.6,2005,11,0.0,22,48.3,2005-11-22,4.6,0.0
326,281,-5.6,20051123,0.0,0.9,3.8,12.6,2005,11,0.0,23,64.5,2005-11-23,3.4,0.0
327,281,-1.7,20051124,0.0,1.1,5.0,14.8,2005,11,0.0,24,67.1,2005-11-24,4.8,0.0
328,281,-3.2,20051125,0.0,1.0,5.1,14.8,2005,11,0.0,25,66.1,2005-11-25,4.5,0.0
329,281,-3.0,20051126,0.0,0.6,4.5,14.6,2005,11,0.0,26,69.4,2005-11-26,4.6,0.0
330,281,-0.6,20051127,0.0,1.0,2.0,15.6,2005,11,0.0,27,66.3,2005-11-27,6.3,0.0
331,281,-1.0,20051128,0.5,1.5,2.5,15.1,2005,11,0.0,28,61.3,2005-11-28,7.7,0.0
332,281,-2.2,20051129,0.0,3.4,6.2,9.3,2005,11,0.0,29,46.8,2005-11-29,4.3,0.0
333,281,-3.7,20051130,0.0,1.1,6.0,11.8,2005,11,0.0,30,57.5,2005-11-30,2.4,0.0
334,281,-5.9,20051201,0.0,0.7,3.4,13.1,2005,12,0.0,1,67.1,2005-12-01,2.5,0.0
335,281,-0.8,20051202,0.0,2.9,3.4,9.5,2005,12,0.0,2,42.4,2005-12-02,4.9,0.0
336,281,-3.5,20051203,0.0,1.9,4.7,5.6,2005,12,0.0,3,41.1,2005-12-03,0.5,0.0
337,281,-4.9,20051204,1.3,3.3,4.9,2.9,2005,12,0.0,4,58.1,2005-12-04,-1.2,3.2
338,281,-8.6,20051205,0.0,3.6,5.9,0.3,2005,12,0.0,5,52.5,2005-12-05,-4.1,0.0
339,281,-4.5,20051206,0.0,3.1,5.6,5.3,2005,12,0.0,6,54.0,2005-12-06,-0.4,0.0
340,281,-4.5,20051207,0.0,2.5,4.9,5.1,2005,12,0.0,7,58.3,2005-12-07,-0.2,0.0
341,281,-3.9,20051208,0.0,3.4,5.7,3.7,2005,12,0.0,8,54.0,2005-12-08,-1.0,0.0
342,281,-7.9,20051209,0.0,2.3,5.7,5.6,2005,12,0.0,9,55.9,2005-12-09,-1.1,0.0
343,281,-6.6,20051210,0.0,2.2,1.5,5.4,2005,12,0.0,10,60.4,2005-12-10,-0.5,0.0
344,281,-5.8,20051211,0.0,3.2,3.7,0.8,2005,12,0.0,11,41.1,2005-12-11,-3.3,0.0
345,281,-6.6,20051212,0.0,4.1,5.6,0.1,2005,12,0.0,12,51.1,2005-12-12,-4.2,0.0
346,281,-8.6,20051213,0.0,4.9,5.2,-0.4,2005,12,0.0,13,51.9,2005-12-13,-5.3,0.0
347,281,-7.6,20051214,0.0,3.7,6.0,1.6,2005,12,0.0,14,48.4,2005-12-14,-3.9,0.0
348,281,-7.5,20051215,0.0,3.5,7.1,1.3,2005,12,0.0,15,54.9,2005-12-15,-2.8,0.0
349,281,-5.8,20051216,0.3,2.4,4.0,3.9,2005,12,0.0,16,62.8,2005-12-16,-0.8,0.5
350,281,-12.3,20051217,0.0,4.7,5.6,-1.0,2005,12,0.0,17,43.9,2005-12-17,-6.1,0.0
351,281,-13.1,20051218,0.0,2.9,6.8,1.1,2005,12,0.0,18,48.0,2005-12-18,-5.3,0.0
352,281,-10.3,20051219,0.0,1.8,7.2,4.8,2005,12,0.0,19,50.3,2005-12-19,-2.7,0.0
353,281,-14.5,20051220,0.0,1.6,5.9,5.3,2005,12,0.0,20,51.0,2005-12-20,-3.7,0.0
354,281,-8.3,20051221,0.8,3.2,1.0,0.2,2005,12,0.0,21,54.6,2005-12-21,-3.9,1.7
355,281,-9.8,20051222,0.0,5.1,7.0,-0.4,2005,12,0.0,22,53.5,2005-12-22,-5.2,0.0
356,281,-7.4,20051223,0.0,1.7,1.9,5.8,2005,12,0.0,23,70.8,2005-12-23,-1.8,0.0
357,281,-9.8,20051224,0.0,2.3,6.3,2.0,2005,12,0.0,24,49.3,2005-12-24,-4.5,0.0
358,281,-13.1,20051225,0.0,2.6,6.7,8.0,2005,12,0.0,25,56.0,2005-12-25,-2.1,0.0
359,281,-6.9,20051226,0.0,3.6,7.2,0.6,2005,12,0.0,26,43.0,2005-12-26,-3.7,0.0
360,281,-8.3,20051227,0.0,3.5,7.4,2.0,2005,12,0.0,27,40.6,2005-12-27,-3.9,0.0
361,281,-10.0,20051228,0.0,1.8,6.8,3.5,2005,12,0.0,28,44.3,2005-12-28,-4.0,0.0
362,281,-13.1,20051229,0.0,0.9,4.2,4.6,2005,12,0.0,29,53.3,2005-12-29,-5.1,0.0
363,281,-11.5,20051230,0.0,1.6,1.8,6.5,2005,12,0.0,30,68.6,2005-12-30,-2.4,0.0
364,281,-4.8,20051231,0.0,1.6,2.7,4.9,2005,12,0.0,31,67.1,2005-12-31,0.4,0.0
