,tmax,year,tmin,humid,cloud,sunshine,date,day,rainfall,station_id,Date,wind,month,tavg,snow
0,1.1,2010,-8.5,42.4,0.0,7.6,20100101,1,0.0,281,2010-01-01,3.2,1,-4.5,0.0
1,7.5,2010,-10.3,66.9,0.0,3.8,20100102,2,0.0,281,2010-01-02,1.9,1,-1.5,0.0
2,2.0,2010,-6.2,41.1,0.0,7.6,20100103,3,0.0,281,2010-01-03,2.7,1,-2.9,0.0
3,0.8,2010,-5.2,65.6,0.0,0.9,20100104,4,1.5,281,2010-01-04,1.9,1,-2.5,0.0
4,-1.5,2010,-8.5,52.8,0.0,7.0,20100105,5,0.0,281,2010-01-05,3.9,1,-4.7,0.0
5,-1.8,2010,-12.7,55.8,0.0,7.7,20100106,6,0.0,281,2010-01-06,3.2,1,-6.9,0.0
6,-0.5,2010,-9.8,55.5,0.0,7.6,20100107,7,0.0,281,2010-01-07,3.3,1,-5.8,0.0
7,1.9,2010,-13.3,58.0,0.0,7.6,20100108,8,0.0,281,2010-01-08,2.3,1,-4.7,0.0
8,3.5,2010,-6.5,52.4,0.0,3.9,20100109,9,0.0,281,2010-01-09,2.1,1,-1.3,0.0
9,2.8,2010,-6.2,63.8,0.0,0.3,20100110,10,0.0,281,2010-01-10,1.6,1,-1.4,0.0
10,2.9,2010,-3.9,55.1,0.0,3.5,20100111,11,0.0,281,2010-01-11,3.5,1,-0.7,0.0
11,-0.9,2010,-9.1,41.3,0.0,4.1,20100112,12,0.0,281,2010-01-12,4.0,1,-4.8,0.0
12,-4.0,2010,-10.1,43.4,0.0,7.8,20100113,13,0.0,281,2010-01-13,5.0,1,-7.6,0.0
13,0.7,2010,-10.4,54.5,0.0,6.7,20100114,14,0.0,281,2010-01-14,2.6,1,-6.2,0.0
14,3.8,2010,-13.0,65.0,0.0,5.5,20100115,15,0.0,281,2010-01-15,1.6,1,-4.2,0.0
15,4.8,2010,-11.1,40.6,0.0,7.8,20100116,16,0.0,281,2010-01-16,2.1,1,-2.2,0.0
16,6.4,2010,-12.3,37.8,0.0,7.8,20100117,17,0.0,281,2010-01-17,1.0,1,-3.7,0.0
17,8.9,2010,-11.4,59.3,0.0,6.3,20100118,18,0.0,281,2010-01-18,1.6,1,-2.6,0.0
18,10.9,2010,-9.3,62.9,0.0,6.0,20100119,19,0.0,281,2010-01-19,0.6,1,0.4,0.0
19,12.8,2010,3.7,86.4,0.0,0.0,20100120,20,5.5,281,2010-01-20,0.8,1,8.1,0.0
20,9.6,2010,-3.8,56.5,0.0,5.3,20100121,21,2.0,281,2010-01-21,3.9,1,3.6,0.0
21,1.1,2010,-5.7,45.6,0.0,7.6,20100122,22,0.0,281,2010-01-22,4.3,1,-3.0,0.0
22,2.4,2010,-6.2,49.0,0.0,7.3,20100123,23,0.0,281,2010-01-23,4.1,1,-2.5,0.0
23,6.8,2010,-5.9,49.9,0.0,7.7,20100124,24,0.0,281,2010-01-24,3.1,1,0.8,0.0
24,7.0,2010,-3.3,37.9,0.0,7.0,20100125,25,0.0,281,2010-01-25,3.7,1,1.6,0.0
25,5.4,2010,-7.3,37.5,0.0,7.8,20100126,26,0.0,281,2010-01-26,3.2,1,-1.9,0.0
26,8.7,2010,-9.4,73.4,0.0,5.0,20100127,27,4.0,281,2010-01-27,1.0,1,0.3,0.0
27,9.0,2010,-0.8,56.5,0.0,6.5,20100128,28,0.0,281,2010-01-28,3.7,1,4.6,0.0
28,6.8,2010,-2.7,40.1,0.0,8.2,20100129,29,0.0,281,2010-01-29,4.0,1,1.4,0.0
29,8.4,2010,-4.9,50.9,0.0,5.5,20100130,30,0.0,281,2010-01-30,1.7,1,2.4,0.0
30,10.8,2010,-4.6,67.3,0.0,5.3,20100131,31,0.0,281,2010-01-31,1.0,1,1.0,0.0
31,8.1,2010,-2.7,66.0,0.0,0.1,20100201,1,0.0,281,2010-02-01,1.6,2,2.1,0.0
32,3.0,2010,-4.9,32.8,0.0,7.1,20100202,2,0.0,281,2010-02-02,3.8,2,-1.0,0.0
33,1.1,2010,-7.8,29.1,0.0,8.8,20100203,3,0.0,281,2010-02-03,4.7,2,-4.4,0.0
34,2.9,2010,-9.4,37.8,0.0,8.2,20100204,4,0.0,281,2010-02-04,3.5,2,-2.6,0.0
35,4.5,2010,-3.3,31.9,0.0,8.7,20100205,5,0.0,281,2010-02-05,4.3,2,-0.1,0.0
36,6.2,2010,-8.1,31.0,0.0,9.4,20100206,6,0.0,281,2010-02-06,2.3,2,-2.3,0.0
37,9.6,2010,-12.5,50.3,0.0,8.7,20100207,7,0.0,281,2010-02-07,0.9,2,-0.3,0.0
38,5.1,2010,2.0,80.1,0.0,0.0,20100208,8,3.5,281,2010-02-08,0.8,2,3.7,0.0
39,7.9,2010,3.1,92.9,0.0,0.0,20100209,9,2.5,281,2010-02-09,1.4,2,5.1,0.0
40,7.2,2010,4.3,90.5,0.0,0.0,20100210,10,6.5,281,2010-02-10,1.5,2,5.6,0.0
41,5.7,2010,0.8,86.6,0.0,0.0,20100211,11,6.5,281,2010-02-11,2.8,2,2.4,0.0
42,2.8,2010,-0.3,81.3,0.0,0.0,20100212,12,0.4,281,2010-02-12,1.3,2,0.9,0.0
43,2.5,2010,-2.3,73.8,0.0,2.7,20100213,13,0.5,281,2010-02-13,2.2,2,-0.3,0.0
44,3.0,2010,-4.9,59.8,0.0,0.0,20100214,14,0.0,281,2010-02-14,1.5,2,-0.8,0.0
45,8.0,2010,-5.6,57.5,0.0,7.2,20100215,15,0.0,281,2010-02-15,1.8,2,0.7,0.0
46,5.6,2010,-3.5,45.3,0.0,8.5,20100216,16,0.0,281,2010-02-16,2.4,2,0.2,0.0
47,4.4,2010,-5.6,38.6,0.0,5.4,20100217,17,0.0,281,2010-02-17,1.7,2,-0.8,0.0
48,4.1,2010,-5.1,39.4,0.0,9.6,20100218,18,0.0,281,2010-02-18,3.5,2,-0.7,0.0
49,5.7,2010,-7.2,49.3,0.0,7.7,20100219,19,0.0,281,2010-02-19,2.7,2,-1.3,0.0
50,10.4,2010,-5.9,50.6,0.0,9.9,20100220,20,0.0,281,2010-02-20,1.6,2,2.0,0.0
51,11.9,2010,-6.4,64.0,0.0,8.6,20100221,21,0.0,281,2010-02-21,1.0,2,2.6,0.0
52,15.4,2010,-3.5,69.6,0.0,9.6,20100222,22,0.0,281,2010-02-22,1.4,2,4.2,0.0
53,18.2,2010,-4.3,58.9,0.0,9.8,20100223,23,0.0,281,2010-02-23,0.8,2,5.7,0.0
54,20.1,2010,-3.0,67.4,0.0,7.7,20100224,24,0.0,281,2010-02-24,1.1,2,9.7,0.0
55,18.0,2010,10.5,86.8,0.0,0.0,20100225,25,32.0,281,2010-02-25,0.9,2,14.4,0.0
56,13.3,2010,1.3,84.1,0.0,0.0,20100226,26,1.5,281,2010-02-26,2.2,2,6.6,0.0
57,6.4,2010,2.6,75.4,0.0,0.0,20100227,27,0.5,281,2010-02-27,2.2,2,5.0,0.0
58,14.3,2010,-0.4,78.5,0.0,6.8,20100228,28,0.0,281,2010-02-28,1.1,2,6.5,0.0
59,8.8,2010,4.0,78.4,0.0,0.0,20100301,1,8.0,281,2010-03-01,2.4,3,5.6,0.0
60,7.4,2010,3.1,80.3,0.0,0.0,20100302,2,0.3,281,2010-03-02,1.6,3,4.9,0.0
61,9.0,2010,-1.5,66.1,0.0,7.4,20100303,3,0.0,281,2010-03-03,2.8,3,4.7,0.0
62,8.2,2010,5.3,86.1,0.0,0.0,20100304,4,4.0,281,2010-03-04,1.3,3,6.5,0.0
63,9.5,2010,5.5,83.5,0.0,0.0,20100305,5,0.3,281,2010-03-05,1.0,3,7.5,0.0
64,8.6,2010,2.2,81.5,0.0,0.0,20100306,6,1.5,281,2010-03-06,2.1,3,5.2,0.0
65,5.1,2010,1.8,68.0,0.0,0.3,20100307,7,0.5,281,2010-03-07,2.6,3,3.3,0.0
66,6.2,2010,1.7,59.8,0.0,0.9,20100308,8,0.0,281,2010-03-08,2.9,3,3.4,0.0
67,5.3,2010,0.7,80.8,0.0,1.1,20100309,9,1.0,281,2010-03-09,1.8,3,2.6,0.0
68,3.2,2010,-2.9,74.3,0.0,2.9,20100310,10,3.0,281,2010-03-10,4.2,3,-0.4,0.0
69,9.5,2010,-2.6,56.5,0.0,10.8,20100311,11,0.0,281,2010-03-11,2.6,3,2.6,0.0
70,15.7,2010,-2.1,64.8,0.0,5.7,20100312,12,0.0,281,2010-03-12,3.0,3,8.4,0.0
71,14.4,2010,1.8,35.0,0.0,5.6,20100313,13,0.0,281,2010-03-13,3.1,3,7.8,0.0
72,11.7,2010,-0.8,70.8,0.0,1.6,20100314,14,0.0,281,2010-03-14,2.1,3,6.9,0.0
73,15.1,2010,6.5,75.5,0.0,0.3,20100315,15,6.0,281,2010-03-15,2.4,3,10.1,0.0
74,8.5,2010,-0.1,35.6,0.0,9.4,20100316,16,0.0,281,2010-03-16,5.4,3,3.8,0.0
75,8.5,2010,-3.4,46.5,0.0,5.6,20100317,17,0.0,281,2010-03-17,1.8,3,2.6,0.0
76,7.3,2010,-2.2,68.9,0.0,4.4,20100318,18,2.5,281,2010-03-18,2.1,3,1.8,0.0
77,15.3,2010,-4.3,50.0,0.0,9.9,20100319,19,0.0,281,2010-03-19,2.4,3,6.4,0.0
78,22.7,2010,6.4,62.5,0.0,5.0,20100320,20,2.0,281,2010-03-20,2.9,3,13.4,0.0
79,10.8,2010,1.5,30.8,0.0,11.2,20100321,21,0.0,281,2010-03-21,5.2,3,5.7,0.0
80,8.9,2010,0.8,39.5,0.0,0.0,20100322,22,0.0,281,2010-03-22,1.5,3,5.5,0.0
81,11.9,2010,4.0,53.4,0.0,0.1,20100323,23,0.0,281,2010-03-23,2.0,3,7.5,0.0
82,11.2,2010,4.6,58.8,0.0,1.5,20100324,24,0.0,281,2010-03-24,2.5,3,7.6,0.0
83,7.1,2010,0.5,80.4,0.0,0.0,20100325,25,11.0,281,2010-03-25,1.3,3,4.0,0.0
84,8.9,2010,-2.4,41.5,0.0,11.1,20100326,26,0.0,281,2010-03-26,3.1,3,2.7,0.0
85,13.1,2010,-4.2,61.9,0.0,5.3,20100327,27,0.0,281,2010-03-27,1.6,3,5.0,0.0
86,14.7,2010,-0.4,66.5,0.0,8.7,20100328,28,0.0,281,2010-03-28,1.9,3,5.9,0.0
87,14.0,2010,-4.0,65.3,0.0,11.3,20100329,29,0.0,281,2010-03-29,1.9,3,3.8,0.0
88,13.6,2010,-0.9,60.1,0.0,4.0,20100330,30,0.0,281,2010-03-30,1.2,3,6.8,0.0
89,10.6,2010,5.1,86.9,0.0,0.0,20100331,31,10.5,281,2010-03-31,1.0,3,8.3,0.0
90,12.3,2010,6.8,88.5,0.0,0.0,20100401,1,19.0,281,2010-04-01,1.8,4,9.7,0.0
91,14.2,2010,2.1,35.0,0.0,10.4,20100402,2,0.0,281,2010-04-02,3.6,4,8.6,0.0
92,13.9,2010,0.2,35.8,0.0,11.4,20100403,3,0.0,281,2010-04-03,2.8,4,6.7,0.0
93,19.1,2010,-3.2,49.8,0.0,11.5,20100404,4,0.0,281,2010-04-04,1.2,4,8.2,0.0
94,21.5,2010,4.2,50.1,0.0,8.2,20100405,5,0.0,281,2010-04-05,1.5,4,11.4,0.0
95,19.9,2010,4.1,62.6,0.0,2.4,20100406,6,0.0,281,2010-04-06,2.1,4,10.9,0.0
96,10.5,2010,-0.1,59.8,0.0,4.0,20100407,7,0.0,281,2010-04-07,2.3,4,6.2,0.0
97,18.2,2010,-2.9,57.9,0.0,11.0,20100408,8,0.0,281,2010-04-08,1.2,4,7.6,0.0
98,20.2,2010,2.5,59.5,0.0,4.1,20100409,9,0.0,281,2010-04-09,1.0,4,10.3,0.0
99,21.9,2010,3.6,60.4,0.0,3.5,20100410,10,0.0,281,2010-04-10,1.8,4,13.9,0.0
100,14.7,2010,9.9,69.5,0.0,0.0,20100411,11,0.0,281,2010-04-11,3.0,4,10.7,0.0
101,11.5,2010,8.6,76.4,0.0,0.0,20100412,12,1.0,281,2010-04-12,1.9,4,9.9,0.0
102,13.1,2010,2.4,41.3,0.0,8.9,20100413,13,0.0,281,2010-04-13,5.0,4,8.6,0.0
103,10.3,2010,1.0,44.6,0.0,1.1,20100414,14,1.0,281,2010-04-14,3.3,4,4.0,0.0
104,11.2,2010,-1.0,54.1,0.0,8.5,20100415,15,0.1,281,2010-04-15,1.9,4,5.2,0.0
105,16.0,2010,-3.0,57.6,0.0,10.5,20100416,16,0.0,281,2010-04-16,1.4,4,6.4,0.0
106,19.3,2010,-1.5,47.3,0.0,11.6,20100417,17,0.0,281,2010-04-17,2.0,4,9.2,0.0
107,17.4,2010,1.3,50.9,0.0,0.0,20100418,18,0.0,281,2010-04-18,1.1,4,10.6,0.0
108,20.8,2010,8.4,55.9,0.0,1.6,20100419,19,0.0,281,2010-04-19,1.4,4,14.8,0.0
109,24.8,2010,10.9,68.3,0.0,6.6,20100420,20,0.0,281,2010-04-20,2.2,4,15.2,0.0
110,13.6,2010,8.8,70.9,0.0,1.3,20100421,21,5.5,281,2010-04-21,3.5,4,11.1,0.0
111,10.5,2010,7.7,80.3,0.0,0.0,20100422,22,13.5,281,2010-04-22,2.5,4,8.8,0.0
112,14.2,2010,6.6,78.1,0.0,1.7,20100423,23,1.0,281,2010-04-23,1.3,4,8.6,0.0
113,19.2,2010,4.2,61.0,0.0,10.2,20100424,24,0.0,281,2010-04-24,1.5,4,10.7,0.0
114,22.1,2010,1.1,52.0,0.0,11.5,20100425,25,0.0,281,2010-04-25,1.3,4,12.2,0.0
115,18.3,2010,6.7,71.8,0.0,0.1,20100426,26,8.5,281,2010-04-26,1.3,4,11.8,0.0
116,19.2,2010,6.6,55.8,0.0,8.2,20100427,27,6.0,281,2010-04-27,3.5,4,12.5,0.0
117,9.2,2010,4.1,64.4,0.0,1.6,20100428,28,4.0,281,2010-04-28,2.1,4,7.0,0.0
118,16.9,2010,5.2,38.5,0.0,7.7,20100429,29,0.0,281,2010-04-29,4.5,4,10.8,0.0
119,18.4,2010,1.6,42.9,0.0,7.4,20100430,30,0.0,281,2010-04-30,2.9,4,11.2,0.0
120,21.6,2010,5.9,42.3,0.0,12.2,20100501,1,0.0,281,2010-05-01,3.0,5,13.5,0.0
121,26.2,2010,3.6,51.3,0.0,11.9,20100502,2,0.0,281,2010-05-02,1.6,5,16.7,0.0
122,29.0,2010,9.1,58.5,0.0,10.3,20100503,3,0.0,281,2010-05-03,2.6,5,20.7,0.0
123,30.9,2010,12.7,53.1,0.0,8.2,20100504,4,0.0,281,2010-05-04,1.9,5,22.5,0.0
124,27.0,2010,12.9,57.4,0.0,5.9,20100505,5,0.1,281,2010-05-05,1.6,5,20.9,0.0
125,27.6,2010,14.0,56.4,0.0,2.8,20100506,6,0.1,281,2010-05-06,3.6,5,21.3,0.0
126,26.6,2010,12.1,32.5,0.0,12.1,20100507,7,0.0,281,2010-05-07,4.1,5,19.2,0.0
127,28.4,2010,7.6,42.8,0.0,9.9,20100508,8,0.0,281,2010-05-08,2.2,5,18.1,0.0
128,26.6,2010,10.3,51.4,0.0,5.2,20100509,9,0.0,281,2010-05-09,2.0,5,18.1,0.0
129,23.3,2010,13.8,60.4,0.0,4.7,20100510,10,0.0,281,2010-05-10,1.5,5,16.9,0.0
130,19.7,2010,8.9,75.0,0.0,8.7,20100511,11,1.0,281,2010-05-11,2.6,5,12.8,0.0
131,23.8,2010,7.2,63.8,0.0,9.4,20100512,12,0.0,281,2010-05-12,2.1,5,14.3,0.0
132,21.2,2010,7.1,66.3,0.0,8.4,20100513,13,0.0,281,2010-05-13,2.0,5,14.0,0.0
133,22.6,2010,5.9,54.0,0.0,12.5,20100514,14,0.0,281,2010-05-14,1.9,5,14.5,0.0
134,24.9,2010,5.8,55.4,0.0,4.3,20100515,15,0.0,281,2010-05-15,1.0,5,15.9,0.0
135,28.8,2010,8.1,51.4,0.0,11.6,20100516,16,0.0,281,2010-05-16,1.3,5,18.9,0.0
136,28.8,2010,9.2,55.4,0.0,10.7,20100517,17,0.5,281,2010-05-17,1.9,5,20.3,0.0
137,18.5,2010,16.9,90.4,0.0,0.0,20100518,18,48.0,281,2010-05-18,1.0,5,17.9,0.0
138,27.1,2010,14.3,72.0,0.0,5.5,20100519,19,12.0,281,2010-05-19,1.9,5,20.9,0.0
139,30.8,2010,11.8,56.4,0.0,11.1,20100520,20,0.0,281,2010-05-20,1.6,5,21.1,0.0
140,31.0,2010,12.3,52.6,0.0,11.2,20100521,21,0.0,281,2010-05-21,1.4,5,22.1,0.0
141,22.0,2010,14.0,77.6,0.0,0.0,20100522,22,29.0,281,2010-05-22,1.7,5,16.3,0.0
142,17.3,2010,14.7,89.9,0.0,0.0,20100523,23,32.5,281,2010-05-23,1.7,5,16.2,0.0
143,20.6,2010,15.5,70.8,0.0,1.1,20100524,24,0.5,281,2010-05-24,2.4,5,17.4,0.0
144,17.5,2010,12.7,84.1,0.0,0.0,20100525,25,1.0,281,2010-05-25,1.3,5,14.3,0.0
145,21.2,2010,9.8,75.4,0.0,1.9,20100526,26,0.5,281,2010-05-26,1.4,5,15.0,0.0
146,20.1,2010,6.2,64.5,0.0,11.9,20100527,27,0.0,281,2010-05-27,2.0,5,13.6,0.0
147,20.6,2010,7.2,66.6,0.0,1.6,20100528,28,0.0,281,2010-05-28,1.2,5,13.9,0.0
148,21.3,2010,10.5,65.4,0.0,11.7,20100529,29,0.0,281,2010-05-29,2.4,5,15.1,0.0
149,20.5,2010,7.7,62.6,0.0,12.1,20100530,30,0.0,281,2010-05-30,2.3,5,14.3,0.0
150,19.8,2010,8.5,64.8,0.0,7.6,20100531,31,0.0,281,2010-05-31,2.4,5,13.5,0.0
151,20.8,2010,6.1,61.8,0.0,9.3,20100601,1,0.0,281,2010-06-01,2.0,6,14.2,0.0
152,26.6,2010,8.1,61.6,0.0,11.9,20100602,2,0.0,281,2010-06-02,1.4,6,18.3,0.0
153,29.8,2010,11.3,57.5,0.0,11.1,20100603,3,0.0,281,2010-06-03,1.2,6,20.5,0.0
154,30.6,2010,11.9,56.9,0.0,10.6,20100604,4,0.0,281,2010-06-04,1.1,6,21.5,0.0
155,31.1,2010,13.3,55.9,0.0,12.0,20100605,5,0.0,281,2010-06-05,1.4,6,22.3,0.0
156,29.1,2010,14.0,57.9,0.0,8.4,20100606,6,0.0,281,2010-06-06,1.7,6,21.2,0.0
157,26.6,2010,12.6,56.3,0.0,6.3,20100607,7,0.0,281,2010-06-07,2.0,6,18.9,0.0
158,25.9,2010,13.9,55.3,0.0,11.0,20100608,8,0.0,281,2010-06-08,2.1,6,19.9,0.0
159,28.9,2010,10.7,53.6,0.0,13.0,20100609,9,0.0,281,2010-06-09,1.7,6,20.5,0.0
160,30.5,2010,12.1,52.3,0.0,11.6,20100610,10,0.0,281,2010-06-10,1.3,6,21.5,0.0
161,28.2,2010,12.5,59.1,0.0,9.9,20100611,11,0.0,281,2010-06-11,2.2,6,20.5,0.0
162,24.0,2010,16.2,70.3,0.0,0.0,20100612,12,0.0,281,2010-06-12,2.0,6,20.4,0.0
163,26.0,2010,19.1,68.4,0.0,2.8,20100613,13,0.0,281,2010-06-13,2.1,6,22.3,0.0
164,30.5,2010,15.7,63.4,0.0,12.6,20100614,14,0.0,281,2010-06-14,2.0,6,22.8,0.0
165,27.6,2010,18.7,71.5,0.0,6.2,20100615,15,5.0,281,2010-06-15,1.8,6,22.3,0.0
166,31.7,2010,17.6,65.5,0.0,9.6,20100616,16,0.0,281,2010-06-16,1.8,6,25.0,0.0
167,32.8,2010,19.8,58.6,0.0,4.4,20100617,17,0.0,281,2010-06-17,1.3,6,26.6,0.0
168,24.6,2010,19.3,75.0,0.0,0.0,20100618,18,3.5,281,2010-06-18,2.1,6,22.0,0.0
169,27.9,2010,19.1,77.1,0.0,0.9,20100619,19,1.0,281,2010-06-19,1.0,6,22.9,0.0
170,30.5,2010,20.8,65.5,0.0,6.8,20100620,20,0.0,281,2010-06-20,1.7,6,25.2,0.0
171,32.3,2010,19.4,55.3,0.0,8.9,20100621,21,0.0,281,2010-06-21,1.8,6,25.9,0.0
172,33.5,2010,17.4,46.9,0.0,10.9,20100622,22,0.0,281,2010-06-22,2.1,6,26.0,0.0
173,28.0,2010,18.4,61.0,0.0,7.7,20100623,23,0.0,281,2010-06-23,2.4,6,22.4,0.0
174,31.7,2010,14.9,59.6,0.0,9.1,20100624,24,0.0,281,2010-06-24,1.3,6,23.6,0.0
175,27.0,2010,17.4,59.4,0.0,0.0,20100625,25,0.0,281,2010-06-25,1.4,6,21.9,0.0
176,22.7,2010,19.2,87.0,0.0,0.0,20100626,26,10.0,281,2010-06-26,1.9,6,20.7,0.0
177,28.8,2010,20.0,77.5,0.0,0.8,20100627,27,2.0,281,2010-06-27,1.6,6,23.9,0.0
178,27.6,2010,20.8,78.3,0.0,0.9,20100628,28,8.0,281,2010-06-28,1.4,6,23.5,0.0
179,32.1,2010,18.6,69.8,0.0,9.0,20100629,29,0.0,281,2010-06-29,1.5,6,25.1,0.0
180,31.5,2010,20.6,76.4,0.0,2.0,20100630,30,2.0,281,2010-06-30,1.4,6,24.6,0.0
181,29.0,2010,21.0,80.8,0.0,0.0,20100701,1,7.0,281,2010-07-01,1.5,7,23.8,0.0
182,27.4,2010,22.5,85.1,0.0,0.0,20100702,2,9.5,281,2010-07-02,1.1,7,24.3,0.0
183,30.3,2010,22.6,83.8,0.0,0.0,20100703,3,4.5,281,2010-07-03,1.4,7,25.4,0.0
184,25.4,2010,21.6,84.6,0.0,0.0,20100704,4,5.0,281,2010-07-04,1.6,7,23.0,0.0
185,31.9,2010,21.7,73.6,0.0,3.1,20100705,5,0.0,281,2010-07-05,1.3,7,26.1,0.0
186,33.5,2010,21.3,61.6,0.0,10.9,20100706,6,0.0,281,2010-07-06,2.3,7,27.1,0.0
187,32.4,2010,18.9,72.1,0.0,8.2,20100707,7,0.5,281,2010-07-07,1.8,7,23.6,0.0
188,29.0,2010,21.0,71.8,0.0,2.5,20100708,8,0.0,281,2010-07-08,1.7,7,23.5,0.0
189,31.2,2010,19.9,69.0,0.0,6.5,20100709,9,0.0,281,2010-07-09,1.6,7,24.5,0.0
190,30.5,2010,19.3,70.4,0.0,2.7,20100710,10,1.5,281,2010-07-10,1.7,7,24.8,0.0
191,22.5,2010,19.9,90.1,0.0,0.0,20100711,11,102.5,281,2010-07-11,1.2,7,20.7,0.0
192,24.3,2010,19.7,80.4,0.0,0.2,20100712,12,0.5,281,2010-07-12,1.5,7,21.9,0.0
193,23.9,2010,19.9,79.8,0.0,0.0,20100713,13,1.0,281,2010-07-13,1.7,7,21.7,0.0
194,27.9,2010,17.1,74.4,0.0,9.6,20100714,14,0.0,281,2010-07-14,1.9,7,22.5,0.0
195,28.2,2010,17.6,74.6,0.0,6.7,20100715,15,0.2,281,2010-07-15,1.5,7,23.5,0.0
196,26.3,2010,21.2,88.0,0.0,0.0,20100716,16,36.0,281,2010-07-16,0.9,7,23.4,0.0
197,29.3,2010,22.8,83.3,0.0,0.3,20100717,17,12.0,281,2010-07-17,0.9,7,25.2,0.0
198,31.4,2010,21.9,73.3,0.0,6.8,20100718,18,0.0,281,2010-07-18,1.4,7,26.1,0.0
199,32.8,2010,21.1,72.1,0.0,7.2,20100719,19,0.0,281,2010-07-19,1.6,7,26.6,0.0
200,33.9,2010,21.8,66.0,0.0,10.7,20100720,20,0.0,281,2010-07-20,1.3,7,27.6,0.0
201,33.6,2010,21.4,67.3,0.0,8.7,20100721,21,0.0,281,2010-07-21,1.5,7,27.8,0.0
202,33.8,2010,22.6,66.9,0.0,10.3,20100722,22,0.0,281,2010-07-22,1.6,7,28.8,0.0
203,34.1,2010,22.0,72.0,0.0,6.0,20100723,23,31.0,281,2010-07-23,1.8,7,27.0,0.0
204,31.5,2010,22.7,78.0,0.0,1.3,20100724,24,1.5,281,2010-07-24,1.3,7,26.1,0.0
205,32.6,2010,22.3,72.9,0.0,6.1,20100725,25,1.5,281,2010-07-25,1.7,7,26.5,0.0
206,30.9,2010,22.8,78.6,0.0,2.3,20100726,26,1.0,281,2010-07-26,1.6,7,25.0,0.0
207,32.3,2010,21.4,70.1,0.0,8.3,20100727,27,0.0,281,2010-07-27,1.3,7,27.1,0.0
208,26.1,2010,21.8,86.5,0.0,0.0,20100728,28,6.0,281,2010-07-28,1.3,7,24.1,0.0
209,31.4,2010,21.5,74.0,0.0,6.9,20100729,29,0.0,281,2010-07-29,1.5,7,26.5,0.0
210,32.6,2010,25.1,68.9,0.0,5.1,20100730,30,0.0,281,2010-07-30,2.0,7,28.3,0.0
211,33.1,2010,25.6,67.9,0.0,5.6,20100731,31,0.0,281,2010-07-31,2.5,7,29.0,0.0
212,34.4,2010,25.4,64.0,0.0,8.0,20100801,1,0.0,281,2010-08-01,1.8,8,29.9,0.0
213,35.4,2010,23.7,72.9,0.0,7.1,20100802,2,0.0,281,2010-08-02,2.0,8,27.3,0.0
214,29.2,2010,22.0,79.1,0.0,1.9,20100803,3,5.0,281,2010-08-03,1.9,8,25.3,0.0
215,33.2,2010,23.9,73.0,0.0,7.4,20100804,4,0.0,281,2010-08-04,1.4,8,28.3,0.0
216,34.9,2010,23.9,66.8,0.0,10.1,20100805,5,0.0,281,2010-08-05,1.3,8,29.1,0.0
217,33.9,2010,24.8,72.0,0.0,4.3,20100806,6,0.4,281,2010-08-06,1.5,8,28.4,0.0
218,35.2,2010,22.7,73.6,0.0,7.7,20100807,7,0.1,281,2010-08-07,1.1,8,27.1,0.0
219,34.3,2010,22.2,72.1,0.0,7.6,20100808,8,0.0,281,2010-08-08,1.3,8,26.8,0.0
220,34.0,2010,20.9,70.3,0.0,10.7,20100809,9,0.0,281,2010-08-09,1.9,8,27.3,0.0
221,29.0,2010,24.4,82.8,0.0,0.3,20100810,10,36.5,281,2010-08-10,1.6,8,26.2,0.0
222,28.8,2010,24.2,82.9,0.0,0.1,20100811,11,31.5,281,2010-08-11,3.3,8,26.4,0.0
223,33.1,2010,23.8,67.0,0.0,8.5,20100812,12,0.0,281,2010-08-12,1.7,8,27.9,0.0
224,31.9,2010,23.4,79.1,0.0,2.1,20100813,13,12.5,281,2010-08-13,1.5,8,26.9,0.0
225,30.4,2010,24.7,78.9,0.0,0.1,20100814,14,1.0,281,2010-08-14,1.3,8,27.6,0.0
226,30.0,2010,23.5,79.6,0.0,0.2,20100815,15,43.5,281,2010-08-15,1.6,8,27.1,0.0
227,32.1,2010,22.4,81.9,0.0,3.7,20100816,16,32.5,281,2010-08-16,1.4,8,25.9,0.0
228,29.8,2010,22.1,81.0,0.0,1.9,20100817,17,28.5,281,2010-08-17,1.1,8,25.4,0.0
229,32.6,2010,22.3,76.3,0.0,9.3,20100818,18,0.0,281,2010-08-18,1.9,8,26.6,0.0
230,32.0,2010,23.9,75.9,0.0,5.7,20100819,19,0.0,281,2010-08-19,1.7,8,26.9,0.0
231,35.6,2010,21.2,71.6,0.0,11.1,20100820,20,0.0,281,2010-08-20,0.9,8,28.1,0.0
232,35.5,2010,23.5,72.9,0.0,8.1,20100821,21,0.2,281,2010-08-21,0.9,8,28.8,0.0
233,35.1,2010,23.7,70.0,0.0,8.1,20100822,22,0.0,281,2010-08-22,1.1,8,29.0,0.0
234,35.4,2010,23.2,69.3,0.0,9.1,20100823,23,0.0,281,2010-08-23,1.4,8,28.9,0.0
235,34.8,2010,23.4,69.0,0.0,6.6,20100824,24,0.0,281,2010-08-24,1.3,8,28.2,0.0
236,30.1,2010,21.7,82.1,0.0,4.7,20100825,25,13.5,281,2010-08-25,2.0,8,24.1,0.0
237,33.9,2010,21.6,74.3,0.0,9.0,20100826,26,0.0,281,2010-08-26,1.6,8,26.7,0.0
238,30.0,2010,22.0,82.6,0.0,0.3,20100827,27,0.5,281,2010-08-27,1.1,8,25.8,0.0
239,30.3,2010,25.0,76.0,0.0,0.8,20100828,28,0.0,281,2010-08-28,2.8,8,27.2,0.0
240,32.8,2010,23.1,76.9,0.0,5.7,20100829,29,0.0,281,2010-08-29,1.2,8,27.2,0.0
241,31.6,2010,23.3,79.1,0.0,2.8,20100830,30,5.5,281,2010-08-30,0.8,8,26.8,0.0
242,33.1,2010,22.7,82.9,0.0,3.4,20100831,31,1.0,281,2010-08-31,0.8,8,26.0,0.0
243,32.5,2010,23.2,76.8,0.0,5.2,20100901,1,5.5,281,2010-09-01,2.2,9,27.4,0.0
244,30.0,2010,24.1,80.5,0.0,1.7,20100902,2,35.0,281,2010-09-02,1.7,9,26.4,0.0
245,33.8,2010,23.4,74.5,0.0,9.8,20100903,3,0.0,281,2010-09-03,1.0,9,27.7,0.0
246,34.9,2010,21.5,73.6,0.0,7.8,20100904,4,0.0,281,2010-09-04,0.9,9,27.7,0.0
247,34.2,2010,23.3,76.9,0.0,4.1,20100905,5,6.0,281,2010-09-05,1.0,9,27.5,0.0
248,26.1,2010,22.3,88.1,0.0,0.0,20100906,6,32.5,281,2010-09-06,1.5,9,24.2,0.0
249,23.8,2010,21.1,86.9,0.0,0.0,20100907,7,46.5,281,2010-09-07,1.6,9,21.9,0.0
250,24.8,2010,18.6,72.4,0.0,2.0,20100908,8,0.0,281,2010-09-08,2.0,9,21.1,0.0
251,28.9,2010,17.6,69.4,0.0,4.9,20100909,9,0.0,281,2010-09-09,0.7,9,22.9,0.0
252,32.1,2010,19.4,72.4,0.0,6.9,20100910,10,0.0,281,2010-09-10,1.3,9,26.2,0.0
253,26.9,2010,21.9,87.0,0.0,0.0,20100911,11,8.5,281,2010-09-11,1.2,9,24.6,0.0
254,29.7,2010,20.0,80.8,0.0,2.4,20100912,12,31.0,281,2010-09-12,2.4,9,23.3,0.0
255,29.1,2010,16.8,76.4,0.0,7.3,20100913,13,0.0,281,2010-09-13,1.4,9,22.4,0.0
256,27.4,2010,17.6,78.9,0.0,2.5,20100914,14,0.0,281,2010-09-14,1.1,9,21.1,0.0
257,26.9,2010,14.6,75.3,0.0,9.1,20100915,15,0.0,281,2010-09-15,1.2,9,20.2,0.0
258,29.8,2010,13.9,71.9,0.0,11.3,20100916,16,0.0,281,2010-09-16,0.8,9,20.8,0.0
259,31.3,2010,14.9,71.8,0.0,9.4,20100917,17,0.0,281,2010-09-17,1.0,9,21.8,0.0
260,31.6,2010,15.1,68.6,0.0,11.1,20100918,18,0.0,281,2010-09-18,0.9,9,22.6,0.0
261,29.4,2010,15.9,77.0,0.0,4.5,20100919,19,2.5,281,2010-09-19,1.2,9,21.8,0.0
262,26.7,2010,19.8,83.5,0.0,0.1,20100920,20,0.5,281,2010-09-20,1.3,9,22.4,0.0
263,33.0,2010,19.1,72.9,0.0,7.8,20100921,21,0.0,281,2010-09-21,1.7,9,26.4,0.0
264,24.5,2010,15.9,88.1,0.0,0.0,20100922,22,16.0,281,2010-09-22,1.6,9,17.4,0.0
265,22.5,2010,11.4,73.4,0.0,7.0,20100923,23,0.0,281,2010-09-23,1.8,9,16.8,0.0
266,22.7,2010,8.9,70.5,0.0,7.9,20100924,24,0.0,281,2010-09-24,1.7,9,15.8,0.0
267,22.9,2010,9.7,73.1,0.0,7.0,20100925,25,0.0,281,2010-09-25,1.2,9,15.5,0.0
268,22.9,2010,9.9,78.3,0.0,1.9,20100926,26,0.0,281,2010-09-26,0.7,9,15.6,0.0
269,21.2,2010,10.0,83.4,0.0,0.4,20100927,27,0.0,281,2010-09-27,0.5,9,15.0,0.0
270,22.7,2010,7.4,67.1,0.0,7.8,20100928,28,0.0,281,2010-09-28,1.8,9,14.7,0.0
271,21.4,2010,6.1,77.0,0.0,1.0,20100929,29,0.0,281,2010-09-29,0.6,9,13.8,0.0
272,23.9,2010,9.1,71.9,0.0,9.3,20100930,30,0.0,281,2010-09-30,1.1,9,14.9,0.0
273,23.4,2010,6.8,73.8,0.0,6.6,20101001,1,0.0,281,2010-10-01,1.0,10,14.8,0.0
274,24.5,2010,10.6,79.0,0.0,2.7,20101002,2,8.0,281,2010-10-02,1.2,10,18.6,0.0
275,24.7,2010,12.8,74.9,0.0,2.9,20101003,3,10.5,281,2010-10-03,1.7,10,19.4,0.0
276,21.4,2010,10.3,70.5,0.0,3.8,20101004,4,0.0,281,2010-10-04,2.2,10,15.3,0.0
277,21.7,2010,11.3,70.1,0.0,3.9,20101005,5,0.0,281,2010-10-05,1.4,10,16.0,0.0
278,24.2,2010,10.2,72.8,0.0,7.8,20101006,6,0.0,281,2010-10-06,1.1,10,16.3,0.0
279,23.8,2010,8.4,76.4,0.0,9.2,20101007,7,0.0,281,2010-10-07,1.2,10,15.4,0.0
280,23.3,2010,12.3,81.0,0.0,2.0,20101008,8,2.0,281,2010-10-08,1.0,10,17.2,0.0
281,21.2,2010,13.7,85.0,0.0,0.3,20101009,9,4.0,281,2010-10-09,0.9,10,17.3,0.0
282,25.9,2010,12.0,76.3,0.0,9.1,20101010,10,0.0,281,2010-10-10,1.3,10,17.7,0.0
283,24.0,2010,10.0,78.5,0.0,2.3,20101011,11,0.3,281,2010-10-11,0.9,10,16.8,0.0
284,25.2,2010,13.2,74.1,0.0,8.4,20101012,12,0.0,281,2010-10-12,1.5,10,18.5,0.0
285,23.4,2010,11.9,79.4,0.0,1.4,20101013,13,0.0,281,2010-10-13,0.8,10,17.6,0.0
286,22.8,2010,13.5,67.3,0.0,3.5,20101014,14,0.0,281,2010-10-14,1.8,10,17.5,0.0
287,19.9,2010,6.6,52.9,0.0,10.4,20101015,15,0.0,281,2010-10-15,2.8,10,13.7,0.0
288,22.5,2010,4.8,68.3,0.0,9.4,20101016,16,0.0,281,2010-10-16,1.4,10,13.2,0.0
289,23.3,2010,5.5,73.8,0.0,9.3,20101017,17,0.0,281,2010-10-17,0.8,10,13.4,0.0
290,22.3,2010,6.3,76.4,0.0,8.5,20101018,18,0.0,281,2010-10-18,0.9,10,13.4,0.0
291,23.1,2010,7.4,74.5,0.0,6.8,20101019,19,0.0,281,2010-10-19,0.6,10,14.4,0.0
292,22.1,2010,8.0,77.4,0.0,5.5,20101020,20,0.0,281,2010-10-20,0.8,10,15.1,0.0
293,21.8,2010,10.2,77.0,0.0,2.3,20101021,21,0.0,281,2010-10-21,1.7,10,15.3,0.0
294,20.6,2010,8.9,71.8,0.0,6.1,20101022,22,0.0,281,2010-10-22,1.5,10,13.7,0.0
295,20.8,2010,8.4,77.3,0.0,1.1,20101023,23,0.0,281,2010-10-23,1.1,10,14.5,0.0
296,18.0,2010,13.9,90.9,0.0,0.0,20101024,24,18.5,281,2010-10-24,0.8,10,15.7,0.0
297,19.9,2010,8.7,61.5,0.0,7.5,20101025,25,0.0,281,2010-10-25,2.5,10,14.3,0.0
298,10.8,2010,-1.1,46.3,0.0,10.2,20101026,26,0.0,281,2010-10-26,2.7,10,4.8,0.0
299,13.6,2010,-1.8,62.9,0.0,4.0,20101027,27,0.0,281,2010-10-27,1.2,10,7.4,0.0
300,16.5,2010,1.0,65.1,0.0,9.5,20101028,28,0.0,281,2010-10-28,1.4,10,7.9,0.0
301,17.9,2010,-0.6,68.6,0.0,6.4,20101029,29,0.0,281,2010-10-29,1.5,10,8.9,0.0
302,17.0,2010,6.0,66.0,0.0,1.5,20101030,30,0.0,281,2010-10-30,1.5,10,11.2,0.0
303,18.7,2010,4.6,75.6,0.0,4.6,20101031,31,2.5,281,2010-10-31,1.1,10,11.2,0.0
304,18.3,2010,5.0,60.8,0.0,9.6,20101101,1,0.5,281,2010-11-01,2.1,11,11.4,0.0
305,13.8,2010,3.6,40.6,0.0,7.3,20101102,2,0.0,281,2010-11-02,2.9,11,8.1,0.0
306,14.6,2010,-0.5,50.4,0.0,9.7,20101103,3,0.0,281,2010-11-03,2.3,11,6.7,0.0
307,17.2,2010,-1.3,67.0,0.0,9.2,20101104,4,0.0,281,2010-11-04,1.5,11,7.1,0.0
308,18.5,2010,0.2,70.0,0.0,7.7,20101105,5,0.0,281,2010-11-05,1.1,11,7.7,0.0
309,19.2,2010,0.8,71.6,0.0,8.0,20101106,6,0.0,281,2010-11-06,1.0,11,8.6,0.0
310,17.9,2010,1.7,75.8,0.0,6.1,20101107,7,0.0,281,2010-11-07,0.7,11,8.2,0.0
311,16.4,2010,2.2,55.4,0.0,4.5,20101108,8,0.0,281,2010-11-08,3.3,11,8.8,0.0
312,11.5,2010,4.2,41.1,0.0,8.2,20101109,9,0.0,281,2010-11-09,5.0,11,6.8,0.0
313,12.9,2010,-0.1,52.0,0.0,8.0,20101110,10,0.0,281,2010-11-10,2.7,11,5.9,0.0
314,17.4,2010,-2.5,70.3,0.0,5.7,20101111,11,4.5,281,2010-11-11,1.3,11,8.7,0.0
315,16.4,2010,1.3,50.9,0.0,8.0,20101112,12,0.0,281,2010-11-12,2.5,11,9.5,0.0
316,14.2,2010,-1.9,71.8,0.0,4.5,20101113,13,0.0,281,2010-11-13,0.5,11,5.6,0.0
317,17.2,2010,2.3,47.6,0.0,2.9,20101114,14,0.0,281,2010-11-14,1.5,11,8.9,0.0
318,10.1,2010,-3.2,21.9,0.0,7.9,20101115,15,0.0,281,2010-11-15,2.5,11,4.5,0.0
319,10.8,2010,-4.2,34.1,0.0,7.4,20101116,16,0.0,281,2010-11-16,1.3,11,2.2,0.0
320,13.8,2010,-4.9,47.4,0.0,7.8,20101117,17,0.0,281,2010-11-17,1.2,11,2.8,0.0
321,13.6,2010,-4.1,50.8,0.0,7.6,20101118,18,0.0,281,2010-11-18,0.6,11,2.9,0.0
322,13.5,2010,-4.6,55.0,0.0,5.3,20101119,19,0.0,281,2010-11-19,0.6,11,2.6,0.0
323,16.4,2010,-5.2,66.3,0.0,7.7,20101120,20,0.0,281,2010-11-20,0.6,11,3.8,0.0
324,18.2,2010,-2.5,66.6,0.0,7.4,20101121,21,0.0,281,2010-11-21,0.6,11,6.3,0.0
325,16.1,2010,2.3,54.6,0.0,3.7,20101122,22,0.0,281,2010-11-22,1.8,11,7.4,0.0
326,14.2,2010,-3.9,64.9,0.0,7.4,20101123,23,0.0,281,2010-11-23,1.2,11,5.0,0.0
327,15.8,2010,0.1,70.5,0.0,6.6,20101124,24,0.0,281,2010-11-24,0.8,11,6.6,0.0
328,11.7,2010,0.8,58.1,0.0,3.1,20101125,25,0.0,281,2010-11-25,2.4,11,5.4,0.0
329,11.7,2010,-7.6,56.3,0.0,4.5,20101127,27,0.0,281,2010-11-27,2.1,11,2.1,0.0
330,6.7,2010,-5.5,38.1,0.0,7.1,20101128,28,0.0,281,2010-11-28,3.1,11,0.2,0.0
331,12.5,2010,-6.1,54.6,0.0,7.1,20101129,29,0.0,281,2010-11-29,0.9,11,2.2,0.0
332,16.2,2010,-1.8,68.8,0.0,6.4,20101130,30,0.0,281,2010-11-30,1.1,11,6.2,0.0
333,17.4,2010,-3.3,72.6,0.0,5.1,20101201,1,0.0,281,2010-12-01,0.6,12,4.2,0.0
334,8.6,2010,-1.3,79.8,0.0,0.0,20101202,2,0.1,281,2010-12-02,0.6,12,3.6,0.0
335,7.6,2010,-0.6,41.5,0.0,6.6,20101203,3,0.3,281,2010-12-03,5.1,12,3.9,0.0
336,11.3,2010,-1.9,50.8,0.0,7.7,20101204,4,0.0,281,2010-12-04,2.4,12,3.2,0.0
337,14.6,2010,-4.6,67.4,0.0,7.4,20101205,5,0.0,281,2010-12-05,0.8,12,3.6,0.0
338,13.0,2010,-2.3,62.9,0.0,1.5,20101206,6,0.0,281,2010-12-06,2.0,12,3.8,0.0
339,7.3,2010,-1.3,45.6,0.0,2.5,20101207,7,0.0,281,2010-12-07,2.9,12,1.7,0.0
340,6.2,2010,-6.1,60.6,0.0,1.9,20101208,8,0.5,281,2010-12-08,1.3,12,0.1,0.0
341,5.7,2010,-4.1,45.1,0.0,7.6,20101209,9,0.0,281,2010-12-09,3.1,12,0.3,0.0
342,10.4,2010,-9.1,62.8,0.0,6.1,20101210,10,0.0,281,2010-12-10,1.0,12,1.6,0.0
343,10.1,2010,-6.3,36.5,0.0,7.0,20101211,11,0.0,281,2010-12-11,4.0,12,2.8,0.0
344,4.6,2010,-10.0,47.6,0.0,2.6,20101212,12,0.0,281,2010-12-12,0.7,12,-1.9,0.0
345,4.0,2010,-0.2,87.8,0.0,0.0,20101213,13,24.0,281,2010-12-13,0.6,12,2.2,0.0
346,7.4,2010,-4.7,56.6,0.0,7.3,20101214,14,0.0,281,2010-12-14,3.8,12,2.2,0.0
347,-2.4,2010,-8.7,37.8,0.0,7.2,20101215,15,0.0,281,2010-12-15,4.8,12,-5.8,0.0
348,-0.4,2010,-8.5,43.5,0.0,7.6,20101216,16,0.0,281,2010-12-16,3.9,12,-4.9,0.0
349,4.5,2010,-10.2,75.3,0.0,3.0,20101217,17,0.0,281,2010-12-17,1.7,12,-1.9,0.0
350,8.1,2010,-5.4,60.6,0.0,7.4,20101218,18,0.0,281,2010-12-18,1.4,12,0.7,0.0
351,11.7,2010,-6.8,68.9,0.0,5.8,20101219,19,0.0,281,2010-12-19,0.6,12,2.4,0.0
352,13.5,2010,-3.5,55.9,0.0,7.3,20101220,20,0.0,281,2010-12-20,2.3,12,5.7,0.0
353,9.6,2010,-5.7,74.6,0.0,1.3,20101221,21,0.0,281,2010-12-21,0.5,12,1.3,0.0
354,13.0,2010,-1.8,63.0,0.0,6.5,20101222,22,0.0,281,2010-12-22,1.3,12,4.6,0.0
355,10.0,2010,-4.6,52.8,0.0,6.5,20101223,23,0.0,281,2010-12-23,2.3,12,1.8,0.0
356,-0.9,2010,-9.5,30.4,0.0,7.5,20101224,24,0.0,281,2010-12-24,4.6,12,-6.1,0.0
357,-2.7,2010,-11.3,40.6,0.0,7.3,20101225,25,0.0,281,2010-12-25,5.5,12,-7.2,0.0
358,0.5,2010,-8.4,46.9,0.0,7.4,20101226,26,0.0,281,2010-12-26,4.2,12,-4.3,0.0
359,3.9,2010,-7.0,64.8,0.0,6.5,20101227,27,0.0,281,2010-12-27,2.7,12,-1.7,0.0
360,2.9,2010,-7.3,81.9,0.0,0.1,20101228,28,3.0,281,2010-12-28,1.9,12,-1.3,0.0
361,1.5,2010,-5.2,61.0,0.0,7.6,20101229,29,0.0,281,2010-12-29,2.8,12,-2.4,0.0
362,2.3,2010,-5.5,58.4,0.0,6.3,20101230,30,0.1,281,2010-12-30,2.9,12,-2.5,0.0
363,-1.1,2010,-8.1,47.3,0.0,7.6,20101231,31,0.0,281,2010-12-31,4.2,12,-5.5,0.0
