,cloud,date,rainfall,snow,tmin,day,tavg,tmax,humid,Date,sunshine,station_id,wind,year,month
0,2.8,20230101,0.0,0.0,-0.2,1,2.9,7.4,44.5,2023-01-01,5.5,281,3.4,2023,1
1,4.5,20230102,0.0,0.0,-2.8,2,-0.1,4.3,29.0,2023-01-02,6.3,281,3.5,2023,1
2,0.8,20230103,0.0,0.0,-4.5,3,-0.7,4.5,37.9,2023-01-03,7.3,281,4.1,2023,1
3,0.9,20230104,0.0,0.0,-4.1,4,-0.1,6.0,45.1,2023-01-04,7.1,281,2.9,2023,1
4,3.9,20230105,0.0,0.0,-8.8,5,-0.9,6.7,62.3,2023-01-05,5.6,281,1.4,2023,1
5,4.0,20230106,0.0,0.0,-4.5,6,0.5,8.1,62.9,2023-01-06,6.1,281,0.8,2023,1
6,3.4,20230107,0.5,0.0,-3.7,7,2.1,7.4,63.8,2023-01-07,4.0,281,2.2,2023,1
7,0.8,20230108,0.0,0.0,-6.1,8,0.5,9.2,60.1,2023-01-08,7.1,281,1.0,2023,1
8,3.9,20230109,0.0,0.0,-6.2,9,1.0,11.4,72.1,2023-01-09,2.1,281,1.1,2023,1
9,1.9,20230110,0.0,0.0,-6.6,10,0.6,10.4,71.5,2023-01-10,7.3,281,0.5,2023,1
10,1.5,20230111,0.0,0.0,-5.6,11,2.0,12.1,61.4,2023-01-11,7.2,281,0.8,2023,1
11,2.0,20230112,0.0,0.0,-6.3,12,3.6,15.3,54.8,2023-01-12,7.3,281,0.4,2023,1
12,8.6,20230113,14.7,0.0,4.9,13,10.2,14.9,96.3,2023-01-13,0.1,281,0.4,2023,1
13,8.5,20230114,0.1,0.0,5.8,14,8.3,10.1,91.8,2023-01-14,0.0,281,1.1,2023,1
14,8.3,20230115,3.0,0.0,-0.4,15,3.7,6.0,87.9,2023-01-15,0.0,281,1.4,2023,1
15,3.1,20230116,0.0,0.0,-4.7,16,-1.2,3.4,61.5,2023-01-16,7.1,281,2.7,2023,1
16,4.6,20230117,0.0,0.0,-5.5,17,-1.0,3.1,48.4,2023-01-17,6.2,281,2.2,2023,1
17,3.4,20230118,0.0,0.0,-4.7,18,-0.3,5.2,63.9,2023-01-18,6.9,281,1.6,2023,1
18,0.9,20230119,0.0,0.0,-8.0,19,-1.4,6.3,68.5,2023-01-19,7.4,281,1.0,2023,1
19,2.6,20230120,0.0,0.0,-5.0,20,0.0,5.1,45.8,2023-01-20,6.9,281,3.6,2023,1
20,0.6,20230121,0.0,0.0,-8.1,21,-3.5,3.4,45.3,2023-01-21,7.7,281,1.6,2023,1
21,7.1,20230122,0.0,0.0,-7.9,22,-1.5,5.3,55.4,2023-01-22,1.7,281,0.6,2023,1
22,5.3,20230123,0.0,0.0,-6.2,23,2.0,9.1,56.0,2023-01-23,7.4,281,1.6,2023,1
23,0.8,20230124,0.0,0.0,-12.5,24,-8.3,1.2,36.9,2023-01-24,7.7,281,6.2,2023,1
24,0.1,20230125,0.0,0.0,-15.0,25,-9.4,-2.8,32.4,2023-01-25,7.8,281,2.7,2023,1
25,7.6,20230126,0.0,0.0,-14.2,26,-4.8,3.1,58.5,2023-01-26,3.2,281,1.1,2023,1
26,0.9,20230127,0.0,0.0,-7.5,27,-3.7,0.2,45.8,2023-01-27,7.5,281,4.0,2023,1
27,0.9,20230128,0.0,0.0,-9.8,28,-4.2,1.3,43.5,2023-01-28,7.5,281,3.1,2023,1
28,2.0,20230129,0.0,0.0,-7.1,29,0.3,5.2,52.6,2023-01-29,7.1,281,2.1,2023,1
29,0.0,20230130,0.0,0.0,-4.4,30,0.3,5.7,37.4,2023-01-30,7.8,281,2.8,2023,1
30,1.3,20230131,0.0,0.0,-9.6,31,-1.1,9.8,48.8,2023-01-31,7.9,281,0.8,2023,1
31,2.0,20230201,0.0,0.0,-4.9,1,2.3,12.2,48.4,2023-02-01,6.8,281,2.1,2023,2
32,7.1,20230202,0.0,0.0,-5.0,2,0.0,6.0,43.5,2023-02-02,5.5,281,1.3,2023,2
33,4.0,20230203,0.0,0.0,-5.6,3,0.5,8.4,39.8,2023-02-03,4.7,281,1.0,2023,2
34,0.0,20230204,0.0,0.0,-5.5,4,0.3,6.6,45.0,2023-02-04,8.0,281,2.5,2023,2
35,0.4,20230205,0.0,0.0,-9.6,5,-0.9,9.5,51.4,2023-02-05,8.2,281,0.9,2023,2
36,5.0,20230206,0.0,0.0,-8.3,6,1.9,12.9,48.1,2023-02-06,8.0,281,0.5,2023,2
37,4.0,20230207,0.0,0.0,-4.8,7,2.9,12.8,71.5,2023-02-07,6.1,281,0.9,2023,2
38,2.0,20230208,0.0,0.0,-5.2,8,2.1,11.9,60.4,2023-02-08,6.9,281,1.2,2023,2
39,6.8,20230209,0.3,0.0,-6.3,9,2.4,9.1,64.3,2023-02-09,3.4,281,1.6,2023,2
40,6.8,20230210,10.3,0.0,-0.3,10,3.5,7.9,91.0,2023-02-10,0.3,281,1.3,2023,2
41,4.4,20230211,0.0,0.0,-3.5,11,2.1,10.3,86.0,2023-02-11,4.5,281,0.7,2023,2
42,7.4,20230212,0.0,0.0,-4.0,12,3.7,10.2,79.0,2023-02-12,1.5,281,1.0,2023,2
43,8.1,20230213,0.7,0.0,3.6,13,6.0,7.8,72.8,2023-02-13,0.0,281,1.7,2023,2
44,7.3,20230214,0.0,0.0,0.5,14,3.7,9.3,70.9,2023-02-14,3.5,281,1.5,2023,2
45,8.4,20230215,0.0,0.0,-0.5,15,2.4,4.9,76.4,2023-02-15,0.2,281,1.6,2023,2
46,5.3,20230216,0.0,0.0,-0.6,16,3.2,9.8,74.9,2023-02-16,0.8,281,1.0,2023,2
47,6.4,20230217,0.0,0.0,-2.8,17,3.4,7.8,65.1,2023-02-17,1.3,281,0.5,2023,2
48,7.4,20230218,0.0,0.0,4.3,18,6.2,8.1,74.3,2023-02-18,0.0,281,0.5,2023,2
49,4.6,20230219,0.0,0.0,1.1,19,6.8,11.0,52.6,2023-02-19,5.8,281,3.8,2023,2
50,0.0,20230220,0.0,0.0,-2.7,20,1.9,7.5,38.9,2023-02-20,9.3,281,3.5,2023,2
51,0.1,20230221,0.0,0.0,-6.5,21,-0.4,6.7,49.5,2023-02-21,9.4,281,1.5,2023,2
52,3.8,20230222,0.0,0.0,-7.7,22,2.1,10.6,58.9,2023-02-22,8.7,281,0.8,2023,2
53,4.9,20230223,0.0,0.0,2.8,23,7.3,12.5,39.5,2023-02-23,9.0,281,2.3,2023,2
54,3.3,20230224,0.0,0.0,-1.2,24,6.3,12.4,39.8,2023-02-24,7.7,281,2.5,2023,2
55,1.5,20230225,0.0,0.0,-4.4,25,2.6,9.4,45.8,2023-02-25,9.7,281,1.7,2023,2
56,0.0,20230226,0.0,0.0,-7.4,26,1.5,10.9,50.0,2023-02-26,9.9,281,0.9,2023,2
57,0.0,20230227,0.0,0.0,-7.3,27,3.7,16.3,50.1,2023-02-27,10.1,281,0.8,2023,2
58,1.4,20230228,0.0,0.0,-5.3,28,7.0,16.7,44.9,2023-02-28,10.1,281,1.6,2023,2
59,5.6,20230301,0.0,0.0,3.8,1,8.0,13.6,55.9,2023-03-01,0.3,281,2.2,2023,3
60,0.0,20230302,0.0,0.0,0.0,2,4.0,8.8,27.9,2023-03-02,10.4,281,2.7,2023,3
61,0.6,20230303,0.0,0.0,-1.2,3,6.2,14.1,31.9,2023-03-03,10.4,281,2.5,2023,3
62,4.9,20230304,0.0,0.0,-2.3,4,6.1,14.6,62.0,2023-03-04,7.8,281,1.2,2023,3
63,1.5,20230305,0.0,0.0,-1.8,5,7.0,16.3,64.6,2023-03-05,10.0,281,0.8,2023,3
64,0.0,20230306,0.0,0.0,-1.7,6,7.5,18.9,55.6,2023-03-06,10.4,281,0.9,2023,3
65,0.0,20230307,0.0,0.0,-1.3,7,11.2,21.3,46.0,2023-03-07,9.3,281,1.5,2023,3
66,2.3,20230308,0.0,0.0,3.0,8,12.0,21.5,50.6,2023-03-08,10.2,281,1.5,2023,3
67,2.6,20230309,0.5,0.0,4.6,9,14.1,22.1,55.4,2023-03-09,7.8,281,1.7,2023,3
68,0.3,20230310,0.0,0.0,2.9,10,12.3,21.9,60.1,2023-03-10,10.0,281,1.4,2023,3
69,4.3,20230311,0.0,0.0,4.0,11,14.4,24.3,57.0,2023-03-11,8.3,281,1.1,2023,3
70,6.4,20230312,17.8,0.0,1.8,12,8.7,19.4,74.8,2023-03-12,3.0,281,2.8,2023,3
71,3.2,20230313,0.0,0.0,-0.9,13,4.1,10.6,37.8,2023-03-13,11.0,281,3.0,2023,3
72,4.9,20230314,0.0,0.0,1.1,14,8.0,17.3,50.4,2023-03-14,6.5,281,1.4,2023,3
73,2.4,20230315,0.0,0.0,0.3,15,12.1,21.0,60.3,2023-03-15,9.6,281,2.1,2023,3
74,6.6,20230316,0.0,0.0,5.1,16,9.7,15.0,36.0,2023-03-16,8.1,281,2.5,2023,3
75,9.4,20230317,0.0,0.0,4.2,17,8.2,12.2,60.4,2023-03-17,3.1,281,1.7,2023,3
76,4.8,20230318,0.0,0.0,5.7,18,10.0,16.8,56.4,2023-03-18,4.4,281,1.2,2023,3
77,0.0,20230319,0.0,0.0,2.1,19,9.4,18.0,42.8,2023-03-19,10.9,281,1.4,2023,3
78,2.9,20230320,0.0,0.0,-1.0,20,10.3,19.9,50.4,2023-03-20,10.4,281,1.2,2023,3
79,3.6,20230321,0.0,0.0,5.6,21,13.0,22.4,53.8,2023-03-21,8.7,281,1.3,2023,3
80,8.3,20230322,2.3,0.0,7.3,22,15.1,21.4,74.8,2023-03-22,0.9,281,1.4,2023,3
81,9.3,20230323,22.6,0.0,13.2,23,14.5,15.5,98.3,2023-03-23,0.0,281,0.8,2023,3
82,8.8,20230324,0.0,0.0,9.3,24,11.6,15.4,73.9,2023-03-24,2.9,281,2.8,2023,3
83,9.3,20230325,0.0,0.0,8.1,25,9.6,11.9,69.5,2023-03-25,0.0,281,1.7,2023,3
84,6.3,20230326,0.0,0.0,5.9,26,10.1,17.1,74.3,2023-03-26,3.6,281,1.0,2023,3
85,1.6,20230327,0.0,0.0,2.5,27,8.5,16.2,41.8,2023-03-27,10.4,281,1.6,2023,3
86,0.0,20230328,0.0,0.0,-0.4,28,9.3,18.9,57.8,2023-03-28,10.8,281,1.0,2023,3
87,1.3,20230329,0.0,0.0,1.5,29,11.0,20.3,56.9,2023-03-29,10.8,281,1.0,2023,3
88,4.5,20230330,0.0,0.0,2.5,30,13.0,23.2,51.9,2023-03-30,9.4,281,0.9,2023,3
89,1.0,20230331,0.0,0.0,3.0,31,13.6,24.5,52.8,2023-03-31,10.9,281,1.4,2023,3
90,0.9,20230401,0.0,0.0,3.9,1,12.8,22.0,64.9,2023-04-01,10.9,281,1.8,2023,4
91,0.1,20230402,0.0,0.0,4.8,2,12.2,19.2,61.5,2023-04-02,11.1,281,2.2,2023,4
92,1.9,20230403,0.0,0.0,4.0,3,11.8,18.4,64.8,2023-04-03,10.3,281,2.1,2023,4
93,8.9,20230404,2.6,0.0,7.4,4,14.7,22.6,67.1,2023-04-04,5.5,281,1.2,2023,4
94,9.6,20230405,6.1,0.0,12.7,5,14.8,16.9,92.3,2023-04-05,0.0,281,1.3,2023,4
95,8.3,20230406,2.7,0.0,9.7,6,13.4,18.7,75.8,2023-04-06,5.7,281,3.1,2023,4
96,2.1,20230407,4.1,0.0,0.0,7,0.0,0.0,52.9,2023-04-07,10.7,281,3.5,2023,4
97,0.4,20230408,0.0,0.0,3.2,8,9.8,16.3,34.5,2023-04-08,11.7,281,4.0,2023,4
98,0.0,20230409,0.0,0.0,1.6,9,12.7,20.6,32.0,2023-04-09,11.7,281,2.1,2023,4
99,1.9,20230410,0.0,0.0,1.7,10,13.1,22.1,47.8,2023-04-10,11.4,281,1.8,2023,4
100,5.4,20230411,0.0,0.0,8.0,11,17.2,23.2,61.4,2023-04-11,6.4,281,3.1,2023,4
101,1.0,20230412,0.0,0.0,9.4,12,14.2,19.7,21.6,2023-04-12,11.6,281,3.7,2023,4
102,3.0,20230413,0.0,0.0,2.8,13,15.0,24.7,28.8,2023-04-13,10.7,281,1.3,2023,4
103,6.8,20230414,0.2,0.0,6.4,14,15.0,21.3,58.9,2023-04-14,2.0,281,1.0,2023,4
104,8.0,20230415,1.9,0.0,6.3,15,11.9,15.8,90.1,2023-04-15,0.0,281,1.0,2023,4
105,5.4,20230416,0.0,0.0,4.4,16,10.0,19.1,78.4,2023-04-16,4.2,281,1.3,2023,4
106,0.9,20230417,0.0,0.0,2.1,17,12.8,21.0,55.8,2023-04-17,10.9,281,1.1,2023,4
107,7.5,20230418,1.6,0.0,11.0,18,14.7,19.7,80.5,2023-04-18,0.1,281,1.0,2023,4
108,4.5,20230419,0.0,0.0,10.0,19,16.7,22.0,78.1,2023-04-19,9.0,281,1.8,2023,4
109,4.1,20230420,0.0,0.0,13.6,20,21.3,28.5,66.4,2023-04-20,7.2,281,1.8,2023,4
110,3.8,20230421,0.0,0.0,9.8,21,14.8,19.5,58.6,2023-04-21,9.2,281,2.7,2023,4
111,2.8,20230422,0.0,0.0,6.3,22,12.4,17.5,52.9,2023-04-22,10.8,281,2.4,2023,4
112,7.4,20230423,0.0,0.0,4.8,23,12.1,17.9,59.0,2023-04-23,6.1,281,1.8,2023,4
113,7.6,20230424,0.0,0.0,5.5,24,11.5,15.9,62.5,2023-04-24,1.4,281,1.9,2023,4
114,8.6,20230425,7.2,0.0,3.8,25,8.5,11.0,88.6,2023-04-25,0.0,281,0.8,2023,4
115,1.9,20230426,0.0,0.0,6.2,26,11.9,18.7,64.5,2023-04-26,9.7,281,2.2,2023,4
116,0.8,20230427,0.0,0.0,1.7,27,13.3,23.2,62.1,2023-04-27,12.1,281,1.2,2023,4
117,1.8,20230428,0.0,0.0,5.2,28,16.5,24.9,58.4,2023-04-28,12.3,281,1.9,2023,4
118,9.1,20230429,5.3,0.0,11.0,29,15.9,22.4,81.8,2023-04-29,0.3,281,1.9,2023,4
119,1.1,20230430,0.0,0.0,8.5,30,15.1,22.9,46.3,2023-04-30,12.3,281,3.4,2023,4
120,0.9,20230501,0.0,0.0,8.0,1,15.3,22.2,45.0,2023-05-01,11.5,281,2.5,2023,5
121,5.0,20230502,0.0,0.0,3.7,2,14.9,24.9,57.5,2023-05-02,10.2,281,1.1,2023,5
122,7.3,20230503,0.0,0.0,8.6,3,17.3,24.7,58.1,2023-05-03,5.2,281,1.7,2023,5
123,8.5,20230504,0.1,0.0,11.7,4,17.8,23.2,70.5,2023-05-04,3.3,281,1.6,2023,5
124,9.6,20230505,28.5,0.0,16.1,5,18.4,20.5,97.1,2023-05-05,0.0,281,1.0,2023,5
125,9.8,20230506,30.6,0.0,10.9,6,13.0,18.8,93.3,2023-05-06,0.0,281,1.9,2023,5
126,7.6,20230507,4.5,0.0,8.9,7,11.1,13.4,84.1,2023-05-07,0.0,281,1.2,2023,5
127,4.4,20230508,0.0,0.0,3.2,8,12.1,20.3,61.5,2023-05-08,11.1,281,1.4,2023,5
128,1.0,20230509,0.0,0.0,3.7,9,16.3,26.3,54.9,2023-05-09,12.6,281,1.5,2023,5
129,4.4,20230510,0.0,0.0,8.7,10,17.4,26.0,54.0,2023-05-10,12.0,281,1.7,2023,5
130,5.0,20230511,0.0,0.0,8.5,11,15.6,22.4,66.8,2023-05-11,9.8,281,2.2,2023,5
131,7.1,20230512,0.0,0.0,8.1,12,17.8,25.9,54.3,2023-05-12,7.8,281,1.0,2023,5
132,6.4,20230513,0.0,0.0,14.1,13,18.0,23.1,69.0,2023-05-13,7.5,281,1.4,2023,5
133,3.0,20230514,0.0,0.0,11.4,14,18.2,26.7,66.5,2023-05-14,9.1,281,1.1,2023,5
134,1.0,20230515,0.0,0.0,10.3,15,19.8,28.0,59.6,2023-05-15,12.5,281,1.3,2023,5
135,1.5,20230516,0.0,0.0,12.3,16,23.2,32.9,59.0,2023-05-16,11.6,281,1.5,2023,5
136,2.0,20230517,0.0,0.0,13.6,17,23.2,31.6,55.4,2023-05-17,12.6,281,1.8,2023,5
137,9.6,20230518,5.9,0.0,15.5,18,17.4,20.8,85.3,2023-05-18,0.0,281,1.2,2023,5
138,6.3,20230519,0.5,0.0,13.0,19,17.1,22.4,84.0,2023-05-19,2.6,281,1.7,2023,5
139,3.8,20230520,0.0,0.0,10.4,20,19.0,27.1,70.4,2023-05-20,12.4,281,1.0,2023,5
140,5.3,20230521,0.0,0.0,16.7,21,22.2,29.3,57.9,2023-05-21,11.3,281,2.4,2023,5
141,6.5,20230522,0.5,0.0,11.1,22,16.2,19.0,75.9,2023-05-22,1.3,281,1.0,2023,5
142,2.9,20230523,0.0,0.0,9.3,23,16.7,24.4,64.4,2023-05-23,10.6,281,1.2,2023,5
143,5.5,20230524,0.0,0.0,8.4,24,17.3,24.9,58.8,2023-05-24,8.7,281,1.3,2023,5
144,5.5,20230525,0.0,0.0,13.1,25,19.9,27.4,49.1,2023-05-25,8.2,281,1.3,2023,5
145,8.5,20230526,0.0,0.0,14.8,26,20.9,26.0,60.1,2023-05-26,4.9,281,1.4,2023,5
146,9.0,20230527,0.0,0.0,17.8,27,22.4,27.5,68.1,2023-05-27,1.4,281,1.3,2023,5
147,9.6,20230528,20.8,0.0,18.9,28,20.9,22.6,91.6,2023-05-28,0.0,281,0.7,2023,5
148,9.5,20230529,75.5,0.0,18.1,29,19.5,21.4,99.9,2023-05-29,0.0,281,0.9,2023,5
149,7.8,20230530,0.0,0.0,16.6,30,18.6,21.9,86.1,2023-05-30,1.9,281,1.8,2023,5
150,3.1,20230531,0.0,0.0,14.1,31,19.0,24.8,67.1,2023-05-31,12.2,281,1.9,2023,5
151,8.6,20230601,0.1,0.0,11.4,1,17.1,20.9,84.1,2023-06-01,0.8,281,0.7,2023,6
152,4.3,20230602,0.4,0.0,18.1,2,22.6,30.0,68.4,2023-06-02,10.0,281,2.0,2023,6
153,3.4,20230603,0.0,0.0,14.8,3,22.1,29.1,55.9,2023-06-03,10.6,281,1.7,2023,6
154,6.9,20230604,0.0,0.0,15.4,4,22.6,29.3,50.1,2023-06-04,11.3,281,2.0,2023,6
155,6.8,20230605,0.0,0.0,15.5,5,22.8,28.2,54.5,2023-06-05,7.6,281,1.8,2023,6
156,3.3,20230606,0.0,0.0,17.7,6,22.8,28.9,58.1,2023-06-06,10.0,281,1.7,2023,6
157,6.8,20230607,0.0,0.0,15.9,7,22.7,28.3,65.6,2023-06-07,7.8,281,1.5,2023,6
158,6.8,20230608,0.0,0.0,17.9,8,22.8,28.2,63.9,2023-06-08,8.4,281,1.4,2023,6
159,0.8,20230609,0.0,0.0,16.2,9,23.0,30.1,62.5,2023-06-09,11.6,281,1.4,2023,6
160,5.6,20230610,0.0,0.0,15.9,10,23.0,30.4,70.5,2023-06-10,6.8,281,1.5,2023,6
161,5.8,20230611,0.0,0.0,18.5,11,23.4,28.8,71.3,2023-06-11,6.6,281,1.4,2023,6
162,5.8,20230612,3.3,0.0,17.8,12,21.8,26.9,81.0,2023-06-12,9.2,281,1.8,2023,6
163,6.8,20230613,0.1,0.0,18.4,13,22.5,28.8,79.1,2023-06-13,7.1,281,1.0,2023,6
164,6.1,20230614,45.3,0.0,16.0,14,20.0,28.7,84.0,2023-06-14,6.5,281,1.3,2023,6
165,3.5,20230615,38.9,0.0,15.2,15,19.1,27.1,85.5,2023-06-15,7.0,281,1.1,2023,6
166,0.3,20230616,0.0,0.0,14.6,16,23.2,30.9,73.4,2023-06-16,11.3,281,1.3,2023,6
167,5.5,20230617,0.0,0.0,17.5,17,25.7,33.0,65.4,2023-06-17,11.2,281,1.3,2023,6
168,4.5,20230618,0.0,0.0,20.3,18,25.2,31.8,60.8,2023-06-18,10.6,281,1.5,2023,6
169,3.5,20230619,0.0,0.0,17.3,19,22.6,28.6,72.6,2023-06-19,11.8,281,2.1,2023,6
170,7.5,20230620,0.0,0.0,17.9,20,21.7,26.1,73.5,2023-06-20,6.4,281,2.5,2023,6
171,7.8,20230621,10.4,0.0,18.4,21,21.1,23.3,93.5,2023-06-21,0.0,281,1.1,2023,6
172,6.4,20230622,3.9,0.0,18.3,22,22.9,28.0,75.8,2023-06-22,4.7,281,1.8,2023,6
173,5.3,20230623,0.0,0.0,18.4,23,22.9,28.7,73.1,2023-06-23,11.5,281,1.9,2023,6
174,6.8,20230624,0.0,0.0,17.5,24,22.6,28.9,75.6,2023-06-24,10.1,281,1.8,2023,6
175,9.0,20230625,1.0,0.0,18.1,25,23.1,29.4,77.6,2023-06-25,4.2,281,1.3,2023,6
176,9.8,20230626,29.7,0.0,20.4,26,23.5,26.5,92.9,2023-06-26,0.1,281,1.0,2023,6
177,8.1,20230627,43.1,0.0,22.8,27,26.9,32.7,76.5,2023-06-27,7.4,281,2.1,2023,6
178,7.8,20230628,23.2,0.0,19.5,28,24.1,29.3,80.5,2023-06-28,5.6,281,2.1,2023,6
179,8.9,20230629,4.0,0.0,23.5,29,25.4,28.6,86.0,2023-06-29,0.8,281,1.5,2023,6
180,9.6,20230630,44.2,0.0,20.8,30,22.8,25.5,97.5,2023-06-30,0.0,281,1.2,2023,6
181,4.3,20230701,0.0,0.0,20.2,1,24.2,29.6,82.6,2023-07-01,8.0,281,1.1,2023,7
182,6.6,20230702,0.0,0.0,20.8,2,26.5,32.7,77.3,2023-07-02,7.1,281,1.2,2023,7
183,5.3,20230703,0.0,0.0,20.0,3,25.1,30.6,80.6,2023-07-03,9.4,281,1.8,2023,7
184,8.8,20230704,4.9,0.0,22.1,4,24.8,28.8,87.1,2023-07-04,2.6,281,1.2,2023,7
185,4.8,20230705,7.3,0.0,21.0,5,25.9,30.4,78.3,2023-07-05,8.6,281,2.1,2023,7
186,7.6,20230706,0.0,0.0,19.2,6,25.7,32.3,75.1,2023-07-06,5.5,281,1.1,2023,7
187,9.4,20230707,37.0,0.0,17.8,7,21.0,24.9,92.9,2023-07-07,0.0,281,1.0,2023,7
188,7.5,20230708,0.0,0.0,19.4,8,22.5,26.7,86.4,2023-07-08,1.4,281,1.3,2023,7
189,7.3,20230709,0.0,0.0,21.4,9,26.4,30.7,79.8,2023-07-09,3.7,281,1.1,2023,7
190,5.0,20230710,0.0,0.0,22.4,10,27.5,31.5,78.1,2023-07-10,7.1,281,1.5,2023,7
191,8.8,20230711,32.6,0.0,22.4,11,24.2,29.7,93.8,2023-07-11,0.1,281,1.1,2023,7
192,7.8,20230712,0.0,0.0,22.2,12,26.4,30.7,84.4,2023-07-12,4.4,281,1.3,2023,7
193,9.9,20230713,1.3,0.0,23.8,13,25.4,27.1,93.6,2023-07-13,0.0,281,0.8,2023,7
194,9.9,20230714,33.8,0.0,23.8,14,25.2,27.3,90.9,2023-07-14,0.0,281,1.7,2023,7
195,9.5,20230715,8.9,0.0,22.5,15,26.3,29.6,83.4,2023-07-15,0.2,281,2.2,2023,7
196,9.4,20230716,3.5,0.0,21.9,16,24.3,27.8,91.1,2023-07-16,0.7,281,0.9,2023,7
197,8.0,20230717,12.1,0.0,22.4,17,26.2,31.0,85.9,2023-07-17,4.8,281,1.3,2023,7
198,10.0,20230718,81.9,0.0,21.7,18,23.0,24.6,99.8,2023-07-18,0.0,281,1.0,2023,7
199,2.6,20230719,0.0,0.0,21.3,19,24.0,28.2,86.4,2023-07-19,6.9,281,1.3,2023,7
200,5.1,20230720,0.0,0.0,19.9,20,25.6,32.0,82.1,2023-07-20,8.4,281,1.1,2023,7
201,4.6,20230721,0.0,0.0,22.0,21,25.0,29.2,85.6,2023-07-21,5.2,281,1.8,2023,7
202,7.3,20230722,0.0,0.0,19.7,22,24.8,28.8,80.8,2023-07-22,5.0,281,1.3,2023,7
203,8.3,20230723,0.0,0.0,23.3,23,26.6,29.6,80.6,2023-07-23,0.0,281,1.2,2023,7
204,8.4,20230724,4.2,0.0,23.8,24,26.3,30.7,86.5,2023-07-24,1.6,281,1.2,2023,7
205,7.0,20230725,0.3,0.0,23.2,25,26.1,32.0,85.6,2023-07-25,4.5,281,1.3,2023,7
206,6.9,20230726,6.3,0.0,22.0,26,26.1,33.1,84.1,2023-07-26,5.0,281,1.3,2023,7
207,3.9,20230727,0.0,0.0,21.2,27,26.8,33.6,82.5,2023-07-27,8.3,281,0.9,2023,7
208,3.3,20230728,0.0,0.0,23.2,28,28.5,34.6,79.1,2023-07-28,10.3,281,0.9,2023,7
209,2.4,20230729,0.0,0.0,23.6,29,29.2,35.5,71.3,2023-07-29,11.3,281,1.0,2023,7
210,3.5,20230730,0.0,0.0,23.4,30,28.3,34.0,76.4,2023-07-30,10.2,281,1.0,2023,7
211,5.1,20230731,0.0,0.0,22.5,31,28.1,34.5,75.0,2023-07-31,11.8,281,1.3,2023,7
212,3.9,20230801,0.0,0.0,22.8,1,28.1,34.1,73.5,2023-08-01,11.9,281,1.1,2023,8
213,6.5,20230802,0.0,0.0,21.9,2,27.9,34.8,75.0,2023-08-02,9.8,281,1.0,2023,8
214,4.4,20230803,0.0,0.0,24.0,3,29.8,35.9,71.3,2023-08-03,9.9,281,1.2,2023,8
215,4.4,20230804,0.0,0.0,23.7,4,29.3,35.1,74.9,2023-08-04,9.2,281,1.0,2023,8
216,4.1,20230805,0.0,0.0,24.4,5,29.6,35.7,75.3,2023-08-05,7.3,281,1.1,2023,8
217,4.5,20230806,0.0,0.0,23.9,6,28.7,33.9,75.6,2023-08-06,10.1,281,1.7,2023,8
218,6.0,20230807,0.0,0.0,24.8,7,28.6,34.0,74.4,2023-08-07,9.5,281,2.0,2023,8
219,6.1,20230808,0.0,0.0,24.7,8,27.5,32.5,75.9,2023-08-08,4.1,281,1.8,2023,8
220,9.5,20230809,25.2,0.0,24.5,9,25.5,27.1,90.0,2023-08-09,0.0,281,1.1,2023,8
221,8.8,20230810,111.6,0.0,23.4,10,24.5,26.1,88.9,2023-08-10,0.0,281,3.4,2023,8
222,3.8,20230811,0.0,0.0,22.2,11,26.5,31.7,71.3,2023-08-11,11.0,281,1.7,2023,8
223,8.1,20230812,0.0,0.0,21.8,12,26.1,32.0,77.6,2023-08-12,4.4,281,1.0,2023,8
224,6.4,20230813,0.0,0.0,21.8,13,25.8,31.6,80.1,2023-08-13,7.0,281,1.5,2023,8
225,6.5,20230814,0.0,0.0,22.4,14,25.5,30.5,81.9,2023-08-14,6.3,281,1.4,2023,8
226,4.8,20230815,0.0,0.0,22.3,15,25.4,31.4,81.0,2023-08-15,10.3,281,1.5,2023,8
227,6.9,20230816,0.0,0.0,21.8,16,25.5,32.5,80.8,2023-08-16,6.6,281,1.6,2023,8
228,7.5,20230817,0.0,0.0,23.2,17,25.0,27.9,81.8,2023-08-17,1.5,281,1.4,2023,8
229,7.3,20230818,22.3,0.0,23.0,18,24.4,27.7,93.1,2023-08-18,0.1,281,0.8,2023,8
230,6.4,20230819,1.3,0.0,23.4,19,26.2,30.4,90.3,2023-08-19,3.0,281,0.7,2023,8
231,5.8,20230820,3.4,0.0,24.6,20,27.2,32.5,87.5,2023-08-20,6.8,281,1.2,2023,8
232,4.5,20230821,0.0,0.0,24.5,21,28.1,33.5,78.4,2023-08-21,9.4,281,1.0,2023,8
233,3.6,20230822,0.0,0.0,22.8,22,27.7,33.4,76.6,2023-08-22,9.5,281,1.3,2023,8
234,5.4,20230823,0.0,0.0,22.0,23,27.4,33.7,75.6,2023-08-23,9.7,281,1.4,2023,8
235,9.8,20230824,24.8,0.0,22.0,24,24.2,27.6,93.3,2023-08-24,0.1,281,1.9,2023,8
236,6.0,20230825,7.5,0.0,21.5,25,26.0,31.9,79.4,2023-08-25,7.8,281,1.4,2023,8
237,2.1,20230826,0.0,0.0,19.3,26,24.8,31.4,78.0,2023-08-26,11.5,281,1.1,2023,8
238,6.3,20230827,4.2,0.0,20.0,27,24.0,29.9,87.1,2023-08-27,6.2,281,1.4,2023,8
239,7.5,20230828,0.0,0.0,21.2,28,24.6,28.2,87.3,2023-08-28,1.8,281,1.7,2023,8
240,8.6,20230829,1.6,0.0,22.5,29,25.6,28.8,90.0,2023-08-29,1.7,281,0.9,2023,8
241,8.4,20230830,28.1,0.0,22.2,30,24.4,25.7,99.4,2023-08-30,0.0,281,0.7,2023,8
242,7.8,20230831,37.1,0.0,20.8,31,23.1,25.4,93.1,2023-08-31,0.3,281,1.0,2023,8
243,8.3,20230901,0.1,0.0,22.2,1,24.6,29.3,85.3,2023-09-01,4.9,281,1.1,2023,9
244,5.6,20230902,1.1,0.0,21.2,2,24.2,28.6,84.5,2023-09-02,2.3,281,1.4,2023,9
245,6.4,20230903,0.0,0.0,22.1,3,25.2,30.3,85.5,2023-09-03,4.9,281,1.1,2023,9
246,4.8,20230904,0.0,0.0,21.0,4,25.2,29.7,82.3,2023-09-04,6.4,281,1.4,2023,9
247,6.3,20230905,0.0,0.0,20.4,5,24.9,30.1,72.6,2023-09-05,10.2,281,1.5,2023,9
248,3.6,20230906,0.0,0.0,18.8,6,23.8,29.8,77.5,2023-09-06,8.3,281,1.4,2023,9
249,0.9,20230907,0.0,0.0,16.3,7,22.2,28.2,74.3,2023-09-07,10.5,281,1.7,2023,9
250,2.1,20230908,0.0,0.0,16.8,8,21.8,27.9,76.0,2023-09-08,7.6,281,1.3,2023,9
251,0.8,20230909,0.0,0.0,15.3,9,21.5,28.4,77.0,2023-09-09,10.3,281,1.1,2023,9
252,2.6,20230910,0.0,0.0,15.9,10,22.2,29.3,77.4,2023-09-10,9.9,281,1.1,2023,9
253,4.5,20230911,0.0,0.0,18.4,11,23.9,31.1,79.1,2023-09-11,8.0,281,1.1,2023,9
254,8.9,20230912,0.0,0.0,20.8,12,24.8,30.0,81.0,2023-09-12,3.6,281,0.9,2023,9
255,8.9,20230913,0.7,0.0,21.4,13,23.8,27.1,89.3,2023-09-13,0.0,281,1.3,2023,9
256,9.9,20230914,6.4,0.0,20.8,14,22.1,24.7,92.4,2023-09-14,0.0,281,1.0,2023,9
257,7.4,20230915,11.9,0.0,20.8,15,22.3,24.7,97.1,2023-09-15,0.0,281,0.6,2023,9
258,8.1,20230916,20.3,0.0,21.3,16,22.6,24.3,98.9,2023-09-16,0.0,281,0.6,2023,9
259,9.4,20230917,13.7,0.0,21.8,17,23.8,27.6,91.0,2023-09-17,2.0,281,0.6,2023,9
260,5.8,20230918,5.2,0.0,22.0,18,25.5,30.7,82.1,2023-09-18,7.7,281,1.0,2023,9
261,4.5,20230919,0.0,0.0,20.6,19,24.3,29.1,77.6,2023-09-19,8.1,281,1.5,2023,9
262,9.8,20230920,43.6,0.0,19.8,20,21.3,24.7,93.1,2023-09-20,0.0,281,1.3,2023,9
263,7.4,20230921,8.6,0.0,17.5,21,19.1,21.4,95.5,2023-09-21,0.0,281,1.1,2023,9
264,5.1,20230922,0.0,0.0,15.2,22,19.4,24.4,80.6,2023-09-22,7.6,281,0.8,2023,9
265,5.9,20230923,0.0,0.0,13.3,23,18.9,24.9,77.8,2023-09-23,5.8,281,1.5,2023,9
266,5.1,20230924,0.0,0.0,14.4,24,19.6,24.9,70.8,2023-09-24,8.4,281,2.4,2023,9
267,8.5,20230925,1.5,0.0,17.4,25,20.6,24.6,81.0,2023-09-25,0.7,281,1.2,2023,9
268,8.4,20230926,23.5,0.0,19.3,26,20.3,21.1,99.6,2023-09-26,0.0,281,0.8,2023,9
269,8.4,20230927,0.0,0.0,20.3,27,22.6,25.7,87.4,2023-09-27,0.5,281,1.0,2023,9
270,3.1,20230928,0.0,0.0,17.4,28,22.4,28.1,77.3,2023-09-28,9.2,281,2.0,2023,9
271,5.5,20230929,0.0,0.0,15.1,29,20.7,26.2,82.5,2023-09-29,5.4,281,0.9,2023,9
272,5.6,20230930,3.7,0.0,14.8,30,19.0,24.3,79.1,2023-09-30,5.3,281,1.7,2023,9
273,2.0,20231001,0.0,0.0,11.5,1,17.9,24.1,69.3,2023-10-01,9.7,281,1.7,2023,10
274,3.9,20231002,0.0,0.0,9.3,2,15.5,24.1,73.3,2023-10-02,9.5,281,1.0,2023,10
275,7.4,20231003,0.2,0.0,9.8,3,15.2,20.9,86.9,2023-10-03,0.4,281,0.6,2023,10
276,7.0,20231004,0.0,0.0,12.9,4,18.5,24.2,73.5,2023-10-04,7.9,281,1.5,2023,10
277,4.6,20231005,0.0,0.0,10.8,5,15.6,20.7,45.9,2023-10-05,8.4,281,2.4,2023,10
278,5.9,20231006,0.0,0.0,8.6,6,15.2,21.8,65.4,2023-10-06,9.0,281,0.9,2023,10
279,8.5,20231007,0.0,0.0,11.0,7,16.2,22.1,76.1,2023-10-07,3.3,281,1.0,2023,10
280,8.6,20231008,0.0,0.0,14.1,8,16.6,19.8,75.0,2023-10-08,0.0,281,1.3,2023,10
281,7.4,20231009,0.0,0.0,14.0,9,17.2,21.5,78.3,2023-10-09,1.5,281,0.7,2023,10
282,4.9,20231010,0.0,0.0,12.3,10,16.5,22.2,75.4,2023-10-10,6.9,281,1.4,2023,10
283,2.0,20231011,0.0,0.0,8.7,11,14.1,22.3,73.0,2023-10-11,7.5,281,1.1,2023,10
284,3.8,20231012,0.0,0.0,6.4,12,14.1,23.1,74.1,2023-10-12,9.6,281,0.8,2023,10
285,8.0,20231013,0.0,0.0,10.4,13,15.9,23.1,75.5,2023-10-13,6.4,281,0.7,2023,10
286,5.3,20231014,0.6,0.0,11.6,14,15.9,23.3,83.0,2023-10-14,5.5,281,0.9,2023,10
287,2.3,20231015,0.0,0.0,10.1,15,15.2,21.9,75.1,2023-10-15,8.0,281,2.0,2023,10
288,1.5,20231016,0.0,0.0,8.9,16,15.0,21.8,69.1,2023-10-16,9.0,281,1.5,2023,10
289,0.0,20231017,0.0,0.0,6.3,17,13.1,21.6,62.6,2023-10-17,9.8,281,1.4,2023,10
290,3.5,20231018,0.0,0.0,4.3,18,12.9,23.2,72.6,2023-10-18,9.5,281,0.9,2023,10
291,8.0,20231019,1.8,0.0,8.5,19,15.4,22.7,74.5,2023-10-19,3.5,281,1.0,2023,10
292,3.5,20231020,2.9,0.0,9.1,20,13.4,17.8,57.3,2023-10-20,7.1,281,3.1,2023,10
293,1.8,20231021,0.0,0.0,3.7,21,10.1,16.9,61.3,2023-10-21,5.6,281,1.9,2023,10
294,4.5,20231022,0.0,0.0,2.5,22,11.6,19.1,63.1,2023-10-22,7.6,281,1.7,2023,10
295,0.5,20231023,0.0,0.0,5.4,23,12.1,21.2,76.5,2023-10-23,8.8,281,1.0,2023,10
296,2.9,20231024,0.0,0.0,5.3,24,12.6,21.5,76.4,2023-10-24,7.8,281,0.8,2023,10
297,0.3,20231025,0.0,0.0,6.6,25,13.9,23.1,78.3,2023-10-25,8.9,281,1.0,2023,10
298,1.6,20231026,0.0,0.0,6.3,26,14.0,22.7,80.0,2023-10-26,8.8,281,1.0,2023,10
299,4.0,20231027,0.0,0.0,7.4,27,12.1,19.4,85.4,2023-10-27,3.2,281,1.1,2023,10
300,1.0,20231028,0.0,0.0,4.2,28,11.4,20.7,79.1,2023-10-28,8.8,281,0.8,2023,10
301,1.5,20231029,0.0,0.0,5.0,29,11.5,20.1,77.5,2023-10-29,8.8,281,0.7,2023,10
302,1.0,20231030,0.0,0.0,5.0,30,12.0,21.8,78.3,2023-10-30,8.9,281,0.9,2023,10
303,0.4,20231031,0.0,0.0,4.3,31,12.4,23.9,71.1,2023-10-31,8.0,281,1.1,2023,10
304,0.9,20231101,0.0,0.0,4.4,1,13.9,23.9,73.5,2023-11-01,8.8,281,0.7,2023,11
305,0.8,20231102,0.0,0.0,8.6,2,16.0,26.2,75.4,2023-11-02,7.8,281,0.9,2023,11
306,2.8,20231103,0.0,0.0,8.2,3,16.0,25.7,73.3,2023-11-03,8.5,281,1.1,2023,11
307,8.0,20231104,0.0,0.0,11.8,4,17.0,22.5,83.0,2023-11-04,3.9,281,1.3,2023,11
308,8.6,20231105,1.6,0.0,13.9,5,18.6,23.2,84.1,2023-11-05,0.8,281,1.3,2023,11
309,7.1,20231106,4.0,0.0,12.7,6,17.7,21.7,65.6,2023-11-06,0.2,281,3.1,2023,11
310,1.5,20231107,0.0,0.0,4.0,7,10.5,14.9,44.3,2023-11-07,7.5,281,4.1,2023,11
311,1.4,20231108,0.0,0.0,-0.8,8,8.2,18.1,67.3,2023-11-08,8.0,281,0.7,2023,11
312,5.9,20231109,0.1,0.0,3.3,9,12.6,20.5,76.4,2023-11-09,7.1,281,0.8,2023,11
313,6.3,20231110,10.6,0.0,3.8,10,9.7,14.2,61.1,2023-11-10,3.2,281,2.5,2023,11
314,4.9,20231111,0.0,0.0,-1.4,11,4.8,10.5,55.6,2023-11-11,4.7,281,1.8,2023,11
315,1.9,20231112,0.0,0.0,1.3,12,4.3,8.8,50.9,2023-11-12,6.8,281,3.4,2023,11
316,0.0,20231113,0.0,0.0,-0.4,13,4.7,9.7,44.3,2023-11-13,7.8,281,3.0,2023,11
317,2.0,20231114,0.0,0.0,1.6,14,5.9,12.5,61.8,2023-11-14,7.8,281,2.3,2023,11
318,0.4,20231115,0.0,0.0,-1.8,15,5.2,14.1,69.0,2023-11-15,7.7,281,1.2,2023,11
319,8.0,20231116,8.2,0.0,-0.6,16,4.9,11.0,88.5,2023-11-16,0.3,281,1.0,2023,11
320,4.4,20231117,0.0,0.0,2.0,17,5.6,10.4,60.5,2023-11-17,6.5,281,2.8,2023,11
321,1.1,20231118,0.1,0.0,-1.9,18,3.0,6.7,55.0,2023-11-18,7.6,281,4.8,2023,11
322,2.0,20231119,0.0,0.0,2.3,19,8.7,13.8,57.5,2023-11-19,7.2,281,3.1,2023,11
323,0.3,20231120,0.0,0.0,-0.3,20,6.9,13.9,53.1,2023-11-20,7.7,281,1.7,2023,11
324,0.4,20231121,0.0,0.0,-3.3,21,4.8,16.1,66.9,2023-11-21,7.6,281,0.9,2023,11
325,1.6,20231122,0.0,0.0,-1.6,22,7.0,17.5,69.9,2023-11-22,7.6,281,0.8,2023,11
326,2.8,20231123,0.0,0.0,4.7,23,12.1,20.7,56.1,2023-11-23,6.8,281,2.1,2023,11
327,0.1,20231124,0.0,0.0,-1.1,24,3.2,8.9,39.0,2023-11-24,7.6,281,4.6,2023,11
328,0.3,20231125,0.0,0.0,-3.9,25,0.1,6.0,42.5,2023-11-25,7.5,281,1.2,2023,11
329,5.6,20231126,0.0,0.0,-4.8,26,3.4,10.0,56.9,2023-11-26,6.1,281,1.0,2023,11
330,6.1,20231127,0.1,0.0,3.1,27,7.4,13.2,78.8,2023-11-27,1.6,281,1.2,2023,11
331,1.5,20231128,0.0,0.0,1.7,28,5.5,9.1,49.6,2023-11-28,7.0,281,3.4,2023,11
332,5.4,20231129,0.0,0.0,0.4,29,4.2,7.2,60.0,2023-11-29,2.8,281,2.0,2023,11
333,0.8,20231130,0.0,0.0,-3.3,30,-0.5,2.6,43.6,2023-11-30,7.3,281,4.1,2023,11
334,0.0,20231201,0.0,0.0,-3.3,1,0.5,5.3,48.8,2023-12-01,7.3,281,3.5,2023,12
335,2.8,20231202,0.0,0.0,-3.8,2,3.6,9.6,57.0,2023-12-02,6.8,281,1.6,2023,12
336,0.0,20231203,0.0,0.0,-3.6,3,3.8,10.1,48.0,2023-12-03,7.2,281,2.0,2023,12
337,3.0,20231204,0.0,0.0,-6.6,4,1.8,11.9,57.9,2023-12-04,7.2,281,0.8,2023,12
338,3.9,20231205,0.0,0.0,-3.1,5,3.6,13.4,59.3,2023-12-05,6.8,281,0.6,2023,12
339,4.0,20231206,0.3,0.0,-4.0,6,4.4,11.7,73.8,2023-12-06,3.7,281,1.1,2023,12
340,0.0,20231207,0.0,0.0,-0.8,7,5.9,11.3,48.0,2023-12-07,7.2,281,2.6,2023,12
341,0.0,20231208,0.0,0.0,-2.5,8,8.6,17.9,69.9,2023-12-08,7.0,281,1.2,2023,12
342,1.6,20231209,0.0,0.0,4.3,9,10.6,19.1,79.4,2023-12-09,6.8,281,1.0,2023,12
343,5.6,20231210,0.0,0.0,2.2,10,9.3,16.3,81.0,2023-12-10,6.8,281,1.0,2023,12
344,7.9,20231211,25.4,0.0,7.7,11,12.4,13.5,91.8,2023-12-11,0.0,281,2.5,2023,12
345,5.9,20231212,0.0,0.0,5.9,12,8.7,12.2,72.3,2023-12-12,0.0,281,1.9,2023,12
346,6.0,20231213,0.0,0.0,1.5,13,7.1,12.3,82.6,2023-12-13,4.2,281,0.8,2023,12
347,9.9,20231214,23.9,0.0,4.6,14,8.4,11.0,94.9,2023-12-14,0.0,281,0.5,2023,12
348,8.6,20231215,53.3,0.0,5.4,15,7.6,10.1,97.9,2023-12-15,0.0,281,1.7,2023,12
349,6.5,20231216,0.1,0.0,-4.1,16,1.7,6.5,67.0,2023-12-16,3.1,281,4.2,2023,12
350,0.5,20231217,0.0,0.0,-8.0,17,-5.6,-2.5,48.3,2023-12-17,7.2,281,3.8,2023,12
351,7.1,20231218,0.0,0.0,-7.6,18,-3.4,0.1,46.0,2023-12-18,5.9,281,2.6,2023,12
352,8.0,20231219,0.0,0.0,-4.4,19,-0.6,3.3,44.8,2023-12-19,3.4,281,1.4,2023,12
353,5.4,20231220,0.1,0.0,-7.4,20,-2.8,0.5,60.4,2023-12-20,6.6,281,3.5,2023,12
354,0.0,20231221,0.0,0.0,-9.4,21,-7.1,-3.3,46.0,2023-12-21,7.2,281,4.0,2023,12
355,0.0,20231222,0.0,0.0,-10.3,22,-7.0,-3.0,44.4,2023-12-22,7.2,281,3.8,2023,12
356,3.9,20231223,0.0,0.0,-8.2,23,-4.2,1.3,51.1,2023-12-23,7.2,281,2.6,2023,12
357,3.9,20231224,0.0,0.0,-8.0,24,-2.3,4.0,68.3,2023-12-24,4.7,281,1.4,2023,12
358,1.8,20231225,0.0,0.0,-7.9,25,-1.1,5.3,68.9,2023-12-25,6.5,281,1.9,2023,12
359,4.5,20231226,0.0,0.0,-3.3,26,2.1,8.1,64.0,2023-12-26,7.1,281,2.0,2023,12
360,2.6,20231227,0.0,0.0,-3.0,27,2.2,10.0,69.8,2023-12-27,7.0,281,0.5,2023,12
361,0.3,20231228,0.0,0.0,-5.3,28,1.8,9.9,69.6,2023-12-28,7.0,281,1.5,2023,12
362,2.0,20231229,0.0,0.0,-5.3,29,2.0,8.6,68.8,2023-12-29,7.0,281,1.3,2023,12
363,4.8,20231230,0.6,0.0,-4.4,30,2.4,8.8,77.5,2023-12-30,4.6,281,0.8,2023,12
364,5.4,20231231,1.6,0.0,0.1,31,4.1,8.2,84.5,2023-12-31,0.9,281,1.9,2023,12
