,wind,year,month,humid,tmax,sunshine,tmin,station_id,rainfall,snow,day,cloud,date,tavg,Date
0,3.0,2014,1,36.3,10.7,7.3,-1.7,281,0.0,0.0,1,0.0,20140101,5.2,2014-01-01
1,1.9,2014,1,43.1,10.1,7.4,-3.5,281,0.0,0.0,2,0.0,20140102,2.1,2014-01-02
2,0.7,2014,1,50.1,10.2,3.8,-6.9,281,0.0,0.0,3,0.0,20140103,-0.2,2014-01-03
3,1.0,2014,1,67.8,9.5,6.3,-6.2,281,0.0,0.0,4,0.0,20140104,0.9,2014-01-04
4,1.7,2014,1,54.4,8.5,5.5,-0.4,281,0.0,0.0,5,0.0,20140105,3.0,2014-01-05
5,0.9,2014,1,51.4,8.4,7.5,-7.1,281,0.0,0.0,6,0.0,20140106,-0.5,2014-01-06
6,1.3,2014,1,55.3,8.6,5.7,-8.4,281,0.0,0.0,7,0.0,20140107,0.6,2014-01-07
7,1.7,2014,1,68.4,4.9,0.0,-1.7,281,0.5,0.0,8,0.0,20140108,1.6,2014-01-08
8,3.8,2014,1,23.5,0.9,7.7,-7.6,281,0.0,0.0,9,0.0,20140109,-3.7,2014-01-09
9,2.9,2014,1,40.1,2.9,7.7,-9.1,281,0.0,0.0,10,0.0,20140110,-2.5,2014-01-10
10,2.5,2014,1,52.5,4.6,6.6,-7.5,281,0.0,0.0,11,0.0,20140111,-0.8,2014-01-11
11,2.4,2014,1,50.0,6.2,2.9,-6.8,281,0.0,0.0,12,0.0,20140112,0.1,2014-01-12
12,2.6,2014,1,26.9,2.6,7.8,-8.6,281,0.0,0.0,13,0.0,20140113,-3.3,2014-01-13
13,1.3,2014,1,39.5,4.8,7.8,-12.2,281,0.0,0.0,14,0.0,20140114,-4.7,2014-01-14
14,2.1,2014,1,33.3,5.4,7.8,-8.5,281,0.0,0.0,15,0.0,20140115,-1.0,2014-01-15
15,1.7,2014,1,51.4,6.7,7.6,-8.3,281,0.0,0.0,16,0.0,20140116,-0.8,2014-01-16
16,1.4,2014,1,55.9,7.3,6.5,-6.8,281,0.0,0.0,17,0.0,20140117,-0.8,2014-01-17
17,3.1,2014,1,46.1,5.0,6.0,-7.9,281,0.0,0.0,18,0.0,20140118,-1.0,2014-01-18
18,1.0,2014,1,39.5,5.5,7.8,-10.9,281,0.0,0.0,19,0.0,20140119,-2.6,2014-01-19
19,2.3,2014,1,49.6,6.7,3.7,-3.7,281,0.0,0.0,20,0.0,20140120,1.1,2014-01-20
20,3.7,2014,1,53.5,1.5,6.1,-5.2,281,0.0,0.0,21,0.0,20140121,-2.0,2014-01-21
21,3.0,2014,1,46.6,4.1,7.3,-7.5,281,0.0,0.0,22,0.0,20140122,-2.0,2014-01-22
22,0.9,2014,1,52.4,8.8,7.8,-10.3,281,0.0,0.0,23,0.0,20140123,-2.4,2014-01-23
23,1.0,2014,1,57.3,12.3,6.8,-9.9,281,0.0,0.0,24,0.0,20140124,0.3,2014-01-24
24,1.4,2014,1,76.4,9.5,0.0,-2.0,281,3.5,0.0,25,0.0,20140125,4.3,2014-01-25
25,2.3,2014,1,58.5,7.6,7.8,-4.5,281,0.0,0.0,26,0.0,20140126,1.5,2014-01-26
26,1.3,2014,1,62.6,9.9,5.5,-8.6,281,0.0,0.0,27,0.0,20140127,0.1,2014-01-27
27,2.4,2014,1,47.3,11.7,5.4,-4.7,281,0.0,0.0,28,0.0,20140128,2.7,2014-01-28
28,1.0,2014,1,46.4,13.3,7.8,-10.4,281,0.0,0.0,29,0.0,20140129,1.6,2014-01-29
29,2.4,2014,1,63.6,14.4,1.1,3.2,281,0.0,0.0,30,0.0,20140130,7.9,2014-01-30
30,1.4,2014,1,30.9,12.9,8.2,-4.1,281,0.0,0.0,31,0.0,20140131,3.4,2014-01-31
31,1.5,2014,2,59.0,18.6,4.4,-2.4,281,0.0,0.0,1,0.0,20140201,6.9,2014-02-01
32,2.5,2014,2,68.8,19.8,5.9,6.1,281,0.0,0.0,2,0.0,20140202,10.8,2014-02-02
33,3.3,2014,2,40.3,11.1,4.7,-4.1,281,0.0,0.0,3,0.0,20140203,4.6,2014-02-03
34,3.9,2014,2,24.8,1.4,8.9,-8.7,281,0.0,0.0,4,0.0,20140204,-4.5,2014-02-04
35,1.3,2014,2,31.0,2.4,4.7,-9.8,281,0.0,0.0,5,0.0,20140205,-4.0,2014-02-05
36,0.5,2014,2,75.9,2.5,0.6,-7.6,281,0.4,0.0,6,0.0,20140206,-2.6,2014-02-06
37,1.5,2014,2,88.8,5.0,0.0,-4.5,281,5.5,0.0,7,0.0,20140207,0.3,2014-02-07
38,1.3,2014,2,82.9,5.6,0.2,-0.3,281,2.5,0.0,8,0.0,20140208,2.2,2014-02-08
39,1.8,2014,2,82.6,5.5,0.3,-0.1,281,0.5,0.0,9,0.0,20140209,1.5,2014-02-09
40,2.5,2014,2,61.0,3.1,0.4,-1.3,281,0.1,0.0,10,0.0,20140210,0.4,2014-02-10
41,1.4,2014,2,69.9,3.3,3.0,-6.4,281,0.1,0.0,11,0.0,20140211,-1.2,2014-02-11
42,1.2,2014,2,77.5,4.3,0.3,-5.2,281,0.1,0.0,12,0.0,20140212,-0.6,2014-02-12
43,1.1,2014,2,89.0,2.7,0.0,-2.7,281,2.5,0.0,13,0.0,20140213,0.4,2014-02-13
44,2.0,2014,2,72.9,2.8,0.3,0.4,281,0.1,0.0,14,0.0,20140214,1.5,2014-02-14
45,1.6,2014,2,59.0,9.2,10.1,-3.1,281,0.0,0.0,15,0.0,20140215,2.1,2014-02-15
46,0.6,2014,2,65.9,10.5,4.5,-6.3,281,0.0,0.0,16,0.0,20140216,0.9,2014-02-16
47,1.9,2014,2,75.5,8.4,1.6,-1.6,281,0.5,0.0,17,0.0,20140217,2.9,2014-02-17
48,3.0,2014,2,62.5,4.7,2.7,0.6,281,0.1,0.0,18,0.0,20140218,1.9,2014-02-18
49,1.2,2014,2,66.4,4.0,0.7,-2.9,281,0.0,0.0,19,0.0,20140219,1.1,2014-02-19
50,1.4,2014,2,60.1,9.4,8.2,-6.3,281,0.0,0.0,20,0.0,20140220,1.4,2014-02-20
51,1.4,2014,2,56.8,9.2,9.6,-5.1,281,0.0,0.0,21,0.0,20140221,1.6,2014-02-21
52,0.9,2014,2,69.5,10.6,8.8,-6.4,281,0.0,0.0,22,0.0,20140222,1.2,2014-02-22
53,0.7,2014,2,72.3,11.4,7.9,-4.6,281,0.0,0.0,23,0.0,20140223,2.3,2014-02-23
54,1.1,2014,2,60.0,12.9,7.2,-4.0,281,0.0,0.0,24,0.0,20140224,3.8,2014-02-24
55,1.1,2014,2,58.1,14.6,7.4,-3.2,281,0.0,0.0,25,0.0,20140225,5.4,2014-02-25
56,0.7,2014,2,86.1,10.0,0.0,-0.7,281,7.0,0.0,26,0.0,20140226,5.2,2014-02-26
57,1.8,2014,2,69.9,16.8,4.9,6.8,281,0.1,0.0,27,0.0,20140227,10.4,2014-02-27
58,2.1,2014,2,67.6,10.2,0.2,2.9,281,0.0,0.0,28,0.0,20140228,7.4,2014-02-28
59,0.8,2014,3,79.6,11.1,0.0,5.4,281,1.0,0.0,1,0.0,20140301,7.9,2014-03-01
60,1.6,2014,3,69.1,11.3,3.1,-0.5,281,0.0,0.0,2,0.0,20140302,5.4,2014-03-02
61,1.2,2014,3,64.8,11.2,9.5,-3.9,281,0.0,0.0,3,0.0,20140303,3.2,2014-03-03
62,0.8,2014,3,60.1,11.5,2.1,-4.3,281,0.0,0.0,4,0.0,20140304,4.1,2014-03-04
63,3.0,2014,3,36.1,9.9,8.9,-1.0,281,0.0,0.0,5,0.0,20140305,4.4,2014-03-05
64,2.8,2014,3,29.9,7.4,9.5,-4.8,281,0.0,0.0,6,0.0,20140306,1.9,2014-03-06
65,3.4,2014,3,26.4,6.7,10.8,-2.7,281,0.0,0.0,7,0.0,20140307,1.8,2014-03-07
66,2.7,2014,3,34.3,9.2,7.2,-1.4,281,0.0,0.0,8,0.0,20140308,2.8,2014-03-08
67,2.9,2014,3,39.5,8.5,3.7,-3.0,281,0.0,0.0,9,0.0,20140309,2.7,2014-03-09
68,2.7,2014,3,32.9,10.9,10.9,-4.1,281,0.0,0.0,10,0.0,20140310,2.6,2014-03-10
69,1.5,2014,3,43.4,15.9,10.2,-6.8,281,0.0,0.0,11,0.0,20140311,4.3,2014-03-11
70,0.7,2014,3,81.6,7.9,0.1,-2.3,281,37.5,0.0,12,0.0,20140312,4.8,2014-03-12
71,1.7,2014,3,85.0,7.6,0.0,0.7,281,16.5,0.0,13,0.0,20140313,3.5,2014-03-13
72,1.8,2014,3,62.1,8.4,8.4,-1.3,281,0.0,0.0,14,0.0,20140314,3.0,2014-03-14
73,2.5,2014,3,46.4,14.7,10.5,-2.0,281,0.0,0.0,15,0.0,20140315,7.6,2014-03-15
74,1.5,2014,3,61.9,19.9,8.8,0.0,281,0.0,0.0,16,0.0,20140316,8.9,2014-03-16
75,1.8,2014,3,61.5,21.2,10.1,-0.4,281,0.0,0.0,17,0.0,20140317,11.7,2014-03-17
76,4.3,2014,3,56.6,22.4,8.2,7.9,281,0.0,0.0,18,0.0,20140318,15.0,2014-03-18
77,2.4,2014,3,54.5,11.9,1.7,6.3,281,0.0,0.0,19,0.0,20140319,8.6,2014-03-19
78,2.1,2014,3,81.9,11.4,1.5,2.0,281,6.5,0.0,20,0.0,20140320,5.4,2014-03-20
79,2.3,2014,3,67.6,10.1,8.4,-1.4,281,0.0,0.0,21,0.0,20140321,3.9,2014-03-21
80,1.4,2014,3,56.9,16.9,11.0,-4.0,281,0.0,0.0,22,0.0,20140322,6.3,2014-03-22
81,2.0,2014,3,42.9,20.4,10.8,-0.5,281,0.0,0.0,23,0.0,20140323,10.4,2014-03-23
82,2.0,2014,3,38.9,20.2,8.6,-0.8,281,0.0,0.0,24,0.0,20140324,11.8,2014-03-24
83,2.0,2014,3,66.3,19.3,1.9,11.1,281,8.0,0.0,25,0.0,20140325,14.7,2014-03-25
84,1.1,2014,3,88.5,16.9,0.2,9.6,281,18.0,0.0,26,0.0,20140326,13.9,2014-03-26
85,1.2,2014,3,76.1,23.4,8.3,8.4,281,0.1,0.0,27,0.0,20140327,13.8,2014-03-27
86,1.4,2014,3,58.6,24.9,7.0,6.8,281,0.0,0.0,28,0.0,20140328,15.5,2014-03-28
87,1.1,2014,3,86.0,15.5,0.0,12.5,281,16.0,0.0,29,0.0,20140329,13.6,2014-03-29
88,1.6,2014,3,77.4,19.3,1.6,5.4,281,11.0,0.0,30,0.0,20140330,11.8,2014-03-30
89,1.1,2014,3,69.5,20.8,7.0,2.5,281,0.0,0.0,31,0.0,20140331,11.0,2014-03-31
90,1.1,2014,4,64.4,23.4,9.2,3.7,281,0.0,0.0,1,0.0,20140401,12.5,2014-04-01
91,1.0,2014,4,54.5,24.1,9.9,4.1,281,0.0,0.0,2,0.0,20140402,14.0,2014-04-02
92,1.6,2014,4,69.3,19.9,1.3,5.3,281,8.0,0.0,3,0.0,20140403,10.9,2014-04-03
93,2.8,2014,4,59.0,12.8,6.2,3.5,281,0.5,0.0,4,0.0,20140404,7.5,2014-04-04
94,2.3,2014,4,55.8,14.2,7.1,0.8,281,0.0,0.0,5,0.0,20140405,7.4,2014-04-05
95,3.4,2014,4,35.3,14.6,11.5,2.2,281,0.0,0.0,6,0.0,20140406,9.0,2014-04-06
96,3.4,2014,4,30.9,21.3,8.7,6.0,281,0.0,0.0,7,0.0,20140407,13.8,2014-04-07
97,2.0,2014,4,33.8,22.2,11.3,6.7,281,0.0,0.0,8,0.0,20140408,13.6,2014-04-08
98,1.3,2014,4,46.3,24.2,11.2,2.2,281,0.0,0.0,9,0.0,20140409,14.2,2014-04-09
99,3.1,2014,4,52.0,17.8,10.3,6.6,281,0.0,0.0,10,0.0,20140410,12.2,2014-04-10
100,1.1,2014,4,60.0,17.8,2.4,6.3,281,0.0,0.0,11,0.0,20140411,10.9,2014-04-11
101,0.8,2014,4,61.8,16.3,0.0,6.6,281,0.0,0.0,12,0.0,20140412,11.4,2014-04-12
102,1.5,2014,4,59.1,17.8,1.6,4.8,281,0.1,0.0,13,0.0,20140413,11.9,2014-04-13
103,1.5,2014,4,51.1,24.8,11.4,0.2,281,0.0,0.0,14,0.0,20140414,11.9,2014-04-14
104,2.8,2014,4,44.5,26.9,10.0,3.4,281,0.0,0.0,15,0.0,20140415,17.4,2014-04-15
105,2.2,2014,4,53.6,26.8,6.3,11.2,281,0.0,0.0,16,0.0,20140416,18.7,2014-04-16
106,1.7,2014,4,70.3,24.4,5.8,5.8,281,17.5,0.0,17,0.0,20140417,13.7,2014-04-17
107,1.2,2014,4,78.6,15.9,0.6,7.9,281,1.5,0.0,18,0.0,20140418,11.6,2014-04-18
108,2.4,2014,4,63.8,14.1,1.1,6.5,281,0.0,0.0,19,0.0,20140419,10.6,2014-04-19
109,1.8,2014,4,61.9,19.8,8.9,7.1,281,0.0,0.0,20,0.0,20140420,12.5,2014-04-20
110,1.9,2014,4,54.5,24.3,10.9,7.1,281,0.0,0.0,21,0.0,20140421,14.9,2014-04-21
111,1.5,2014,4,55.5,23.0,8.0,7.5,281,0.0,0.0,22,0.0,20140422,13.7,2014-04-22
112,1.6,2014,4,49.4,25.8,11.6,3.7,281,0.0,0.0,23,0.0,20140423,14.3,2014-04-23
113,1.1,2014,4,46.9,26.6,8.8,5.2,281,0.0,0.0,24,0.0,20140424,15.4,2014-04-24
114,1.1,2014,4,46.3,26.9,10.5,5.6,281,0.0,0.0,25,0.0,20140425,16.0,2014-04-25
115,1.2,2014,4,49.8,24.6,4.1,5.8,281,0.0,0.0,26,0.0,20140426,15.7,2014-04-26
116,1.0,2014,4,66.8,21.1,0.0,11.2,281,4.0,0.0,27,0.0,20140427,15.6,2014-04-27
117,3.2,2014,4,88.8,13.7,0.0,11.8,281,22.0,0.0,28,0.0,20140428,12.8,2014-04-28
118,2.2,2014,4,88.5,16.6,0.0,13.4,281,46.0,0.0,29,0.0,20140429,14.5,2014-04-29
119,1.2,2014,4,86.0,17.8,0.2,12.2,281,3.0,0.0,30,0.0,20140430,13.9,2014-04-30
120,2.0,2014,5,62.5,25.0,10.3,11.6,281,0.0,0.0,1,0.0,20140501,17.8,2014-05-01
121,2.4,2014,5,47.8,27.5,10.7,9.9,281,0.0,0.0,2,0.0,20140502,19.5,2014-05-02
122,3.9,2014,5,39.3,22.8,11.3,7.6,281,0.0,0.0,3,0.0,20140503,15.2,2014-05-03
123,1.7,2014,5,51.8,21.4,0.6,4.8,281,0.5,0.0,4,0.0,20140504,13.2,2014-05-04
124,3.6,2014,5,35.3,18.3,11.7,5.3,281,0.1,0.0,5,0.0,20140505,12.0,2014-05-05
125,1.7,2014,5,45.9,20.9,12.3,1.8,281,0.0,0.0,6,0.0,20140506,11.8,2014-05-06
126,1.8,2014,5,44.9,24.8,12.1,3.4,281,0.0,0.0,7,0.0,20140507,15.0,2014-05-07
127,2.5,2014,5,54.4,24.2,7.2,9.7,281,0.5,0.0,8,0.0,20140508,16.5,2014-05-08
128,2.0,2014,5,53.4,23.8,11.8,6.8,281,0.0,0.0,9,0.0,20140509,14.6,2014-05-09
129,2.1,2014,5,55.5,23.1,12.2,4.5,281,0.0,0.0,10,0.0,20140510,14.3,2014-05-10
130,2.4,2014,5,58.8,24.4,7.5,5.5,281,0.1,0.0,11,0.0,20140511,16.4,2014-05-11
131,2.7,2014,5,61.0,24.3,8.2,13.3,281,22.0,0.0,12,0.0,20140512,19.3,2014-05-12
132,2.1,2014,5,46.9,30.3,11.6,9.9,281,0.0,0.0,13,0.0,20140513,21.1,2014-05-13
133,1.0,2014,5,69.6,22.7,1.4,12.2,281,0.0,0.0,14,0.0,20140514,17.3,2014-05-14
134,3.2,2014,5,42.9,26.3,7.7,11.9,281,0.0,0.0,15,0.0,20140515,19.8,2014-05-15
135,2.8,2014,5,30.8,27.8,12.2,13.9,281,0.0,0.0,16,0.0,20140516,20.7,2014-05-16
136,1.5,2014,5,53.5,28.5,10.7,10.3,281,0.0,0.0,17,0.0,20140517,19.1,2014-05-17
137,1.7,2014,5,66.4,27.0,10.9,10.3,281,0.0,0.0,18,0.0,20140518,18.6,2014-05-18
138,1.1,2014,5,53.9,29.7,9.9,10.3,281,0.0,0.0,19,0.0,20140519,20.2,2014-05-19
139,1.4,2014,5,69.6,22.2,0.6,14.2,281,0.0,0.0,20,0.0,20140520,17.9,2014-05-20
140,2.0,2014,5,63.3,27.4,9.2,10.8,281,0.0,0.0,21,0.0,20140521,18.3,2014-05-21
141,2.3,2014,5,65.3,29.4,11.6,10.0,281,0.0,0.0,22,0.0,20140522,18.1,2014-05-22
142,1.3,2014,5,72.0,24.7,4.7,11.9,281,0.0,0.0,23,0.0,20140523,18.0,2014-05-23
143,1.7,2014,5,58.0,31.7,7.4,13.5,281,0.0,0.0,24,0.0,20140524,22.9,2014-05-24
144,2.1,2014,5,60.9,27.0,3.8,18.1,281,3.5,0.0,25,0.0,20140525,21.5,2014-05-25
145,2.5,2014,5,57.5,27.5,6.0,13.3,281,2.0,0.0,26,0.0,20140526,21.0,2014-05-26
146,2.0,2014,5,42.9,31.5,11.4,8.9,281,0.0,0.0,27,0.0,20140527,22.0,2014-05-27
147,1.6,2014,5,68.0,29.8,5.6,14.5,281,17.0,0.0,28,0.0,20140528,20.4,2014-05-28
148,1.0,2014,5,59.8,33.6,10.8,13.1,281,0.0,0.0,29,0.0,20140529,23.1,2014-05-29
149,1.1,2014,5,51.4,35.0,12.5,14.5,281,0.0,0.0,30,0.0,20140530,24.8,2014-05-30
150,1.1,2014,5,50.1,35.7,12.3,15.0,281,0.0,0.0,31,0.0,20140531,25.8,2014-05-31
151,1.3,2014,6,56.3,31.8,4.8,16.6,281,0.0,0.0,1,0.0,20140601,24.8,2014-06-01
152,1.5,2014,6,67.1,25.3,0.5,16.9,281,7.0,0.0,2,0.0,20140602,21.2,2014-06-02
153,2.7,2014,6,88.1,21.2,0.0,17.0,281,6.5,0.0,3,0.0,20140603,18.4,2014-06-03
154,2.1,2014,6,76.9,23.5,0.1,17.4,281,0.0,0.0,4,0.0,20140604,19.7,2014-06-04
155,1.9,2014,6,78.4,20.9,0.0,17.7,281,0.5,0.0,5,0.0,20140605,19.1,2014-06-05
156,1.5,2014,6,67.4,24.9,6.0,14.9,281,0.0,0.0,6,0.0,20140606,19.6,2014-06-06
157,2.1,2014,6,74.3,25.2,8.3,12.2,281,0.0,0.0,7,0.0,20140607,18.3,2014-06-07
158,1.8,2014,6,75.3,23.3,1.5,17.1,281,0.0,0.0,8,0.0,20140608,19.1,2014-06-08
159,2.4,2014,6,79.6,21.6,0.0,17.4,281,2.5,0.0,9,0.0,20140609,19.0,2014-06-09
160,1.8,2014,6,84.4,21.7,0.1,16.7,281,11.0,0.0,10,0.0,20140610,18.9,2014-06-10
161,1.8,2014,6,77.9,23.0,1.9,16.7,281,1.5,0.0,11,0.0,20140611,19.0,2014-06-11
162,0.9,2014,6,89.3,19.8,0.2,15.1,281,8.5,0.0,12,0.0,20140612,16.8,2014-06-12
163,1.3,2014,6,76.0,26.1,3.0,15.6,281,0.0,0.0,13,0.0,20140613,20.3,2014-06-13
164,1.4,2014,6,62.6,30.6,10.1,16.1,281,0.0,0.0,14,0.0,20140614,22.9,2014-06-14
165,1.9,2014,6,57.5,30.4,10.7,14.9,281,0.0,0.0,15,0.0,20140615,23.0,2014-06-15
166,1.3,2014,6,58.6,30.9,6.1,15.0,281,0.0,0.0,16,0.0,20140616,23.8,2014-06-16
167,2.1,2014,6,71.8,25.6,1.6,19.2,281,0.0,0.0,17,0.0,20140617,21.8,2014-06-17
168,2.1,2014,6,68.1,27.2,9.0,16.9,281,0.0,0.0,18,0.0,20140618,21.5,2014-06-18
169,1.4,2014,6,59.8,31.8,7.5,15.5,281,0.0,0.0,19,0.0,20140619,23.7,2014-06-19
170,2.7,2014,6,74.8,24.0,0.5,18.0,281,0.0,0.0,20,0.0,20140620,20.8,2014-06-20
171,1.9,2014,6,77.0,21.4,0.0,18.3,281,0.0,0.0,21,0.0,20140621,19.9,2014-06-21
172,1.7,2014,6,74.5,23.5,1.6,17.6,281,0.0,0.0,22,0.0,20140622,19.8,2014-06-22
173,1.2,2014,6,81.3,26.9,0.8,15.7,281,4.0,0.0,23,0.0,20140623,20.4,2014-06-23
174,1.6,2014,6,73.3,28.0,5.4,16.4,281,0.5,0.0,24,0.0,20140624,21.6,2014-06-24
175,1.4,2014,6,69.4,30.8,7.1,17.6,281,0.0,0.0,25,0.0,20140625,23.8,2014-06-25
176,1.3,2014,6,65.3,31.7,8.9,18.4,281,0.0,0.0,26,0.0,20140626,24.7,2014-06-26
177,1.8,2014,6,65.6,30.9,10.1,17.2,281,0.0,0.0,27,0.0,20140627,24.1,2014-06-27
178,2.4,2014,6,55.3,32.3,8.3,18.3,281,0.0,0.0,28,0.0,20140628,25.3,2014-06-28
179,2.1,2014,6,61.5,28.4,5.7,18.3,281,0.0,0.0,29,0.0,20140629,23.5,2014-06-29
180,1.3,2014,6,75.1,29.9,3.7,19.6,281,2.0,0.0,30,0.0,20140630,23.5,2014-06-30
181,1.5,2014,7,71.3,32.1,7.3,19.1,281,0.5,0.0,1,0.0,20140701,25.1,2014-07-01
182,2.0,2014,7,79.0,28.2,0.0,20.9,281,2.0,0.0,2,0.0,20140702,23.5,2014-07-02
183,2.0,2014,7,87.9,24.2,0.0,19.4,281,44.0,0.0,3,0.0,20140703,21.3,2014-07-03
184,1.3,2014,7,79.4,26.9,2.3,20.3,281,0.1,0.0,4,0.0,20140704,22.6,2014-07-04
185,1.6,2014,7,78.1,26.1,0.6,18.3,281,0.0,0.0,5,0.0,20140705,21.9,2014-07-05
186,1.3,2014,7,90.1,23.7,0.0,18.6,281,5.5,0.0,6,0.0,20140706,20.4,2014-07-06
187,1.5,2014,7,85.1,25.6,0.0,19.1,281,0.0,0.0,7,0.0,20140707,22.1,2014-07-07
188,0.8,2014,7,87.3,28.6,0.4,20.0,281,0.5,0.0,8,0.0,20140708,24.0,2014-07-08
189,2.0,2014,7,82.4,30.5,1.3,21.9,281,1.5,0.0,9,0.0,20140709,25.8,2014-07-09
190,1.5,2014,7,78.8,29.9,3.2,22.2,281,0.5,0.0,10,0.0,20140710,25.9,2014-07-10
191,2.2,2014,7,52.9,33.3,8.9,21.1,281,0.0,0.0,11,0.0,20140711,27.0,2014-07-11
192,1.2,2014,7,59.3,31.3,2.6,19.1,281,0.0,0.0,12,0.0,20140712,25.5,2014-07-12
193,1.4,2014,7,70.9,29.0,4.5,20.9,281,2.0,0.0,13,0.0,20140713,24.5,2014-07-13
194,2.1,2014,7,56.9,33.6,11.5,21.3,281,0.0,0.0,14,0.0,20140714,27.0,2014-07-14
195,0.8,2014,7,76.5,27.8,0.0,20.7,281,1.0,0.0,15,0.0,20140715,24.4,2014-07-15
196,1.6,2014,7,64.4,32.0,5.9,21.7,281,2.5,0.0,16,0.0,20140716,26.5,2014-07-16
197,1.5,2014,7,83.0,28.0,1.1,20.8,281,7.0,0.0,17,0.0,20140717,24.0,2014-07-17
198,1.7,2014,7,86.5,27.3,2.0,21.8,281,22.5,0.0,18,0.0,20140718,23.8,2014-07-18
199,1.3,2014,7,75.0,32.6,5.5,20.2,281,0.0,0.0,19,0.0,20140719,26.3,2014-07-19
200,1.6,2014,7,73.5,31.0,9.9,22.0,281,0.0,0.0,20,0.0,20140720,26.4,2014-07-20
201,1.5,2014,7,66.1,34.4,11.4,20.4,281,0.0,0.0,21,0.0,20140721,28.0,2014-07-21
202,2.4,2014,7,63.8,33.0,6.6,24.2,281,0.0,0.0,22,0.0,20140722,28.2,2014-07-22
203,2.0,2014,7,73.4,31.7,2.5,24.9,281,0.3,0.0,23,0.0,20140723,27.1,2014-07-23
204,1.7,2014,7,75.4,36.0,9.0,23.0,281,5.5,0.0,24,0.0,20140724,28.1,2014-07-24
205,2.0,2014,7,65.3,34.7,7.6,24.8,281,0.0,0.0,25,0.0,20140725,29.9,2014-07-25
206,3.7,2014,7,57.0,32.6,4.4,22.4,281,0.0,0.0,26,0.0,20140726,28.4,2014-07-26
207,2.0,2014,7,65.8,29.8,11.0,18.2,281,0.0,0.0,27,0.0,20140727,23.3,2014-07-27
208,1.9,2014,7,66.8,29.1,8.8,16.4,281,0.0,0.0,28,0.0,20140728,23.1,2014-07-28
209,1.4,2014,7,71.0,32.2,4.3,20.5,281,0.0,0.0,29,0.0,20140729,25.4,2014-07-29
210,1.2,2014,7,64.5,36.1,10.4,21.0,281,0.0,0.0,30,0.0,20140730,28.8,2014-07-30
211,1.3,2014,7,76.0,37.7,7.0,22.6,281,9.0,0.0,31,0.0,20140731,26.7,2014-07-31
212,2.1,2014,8,80.6,31.9,2.4,21.9,281,1.0,0.0,1,0.0,20140801,26.5,2014-08-01
213,2.8,2014,8,82.1,30.2,1.1,23.5,281,14.5,0.0,2,0.0,20140802,26.3,2014-08-02
214,2.6,2014,8,87.8,27.2,0.0,24.0,281,47.5,0.0,3,0.0,20140803,25.6,2014-08-03
215,1.0,2014,8,89.0,26.9,0.0,24.1,281,4.0,0.0,4,0.0,20140804,25.2,2014-08-04
216,1.7,2014,8,79.4,33.3,4.7,24.4,281,0.0,0.0,5,0.0,20140805,27.4,2014-08-05
217,1.3,2014,8,74.6,32.6,4.9,23.3,281,0.0,0.0,6,0.0,20140806,27.9,2014-08-06
218,1.2,2014,8,92.1,25.9,0.0,20.5,281,33.0,0.0,7,0.0,20140807,22.5,2014-08-07
219,2.4,2014,8,82.4,24.8,0.0,19.2,281,19.5,0.0,8,0.0,20140808,22.1,2014-08-08
220,2.8,2014,8,73.1,26.2,1.8,21.8,281,0.0,0.0,9,0.0,20140809,24.0,2014-08-09
221,1.3,2014,8,89.8,27.3,0.2,20.4,281,12.0,0.0,10,0.0,20140810,22.6,2014-08-10
222,1.5,2014,8,75.9,29.2,7.2,19.8,281,0.5,0.0,11,0.0,20140811,23.5,2014-08-11
223,1.6,2014,8,68.4,31.7,11.3,19.2,281,0.0,0.0,12,0.0,20140812,25.0,2014-08-12
224,0.8,2014,8,85.6,27.3,0.0,19.8,281,3.5,0.0,13,0.0,20140813,22.8,2014-08-13
225,0.9,2014,8,94.8,21.2,0.0,18.7,281,51.0,0.0,14,0.0,20140814,20.3,2014-08-14
226,1.3,2014,8,88.4,25.5,1.4,20.6,281,1.0,0.0,15,0.0,20140815,22.5,2014-08-15
227,1.2,2014,8,81.0,27.5,1.8,19.8,281,0.0,0.0,16,0.0,20140816,23.1,2014-08-16
228,1.8,2014,8,81.9,27.5,1.3,19.5,281,22.5,0.0,17,0.0,20140817,22.1,2014-08-17
229,1.2,2014,8,96.5,21.6,0.0,19.2,281,128.0,0.0,18,0.0,20140818,20.6,2014-08-18
230,1.3,2014,8,91.8,28.0,0.4,21.1,281,9.5,0.0,19,0.0,20140819,23.1,2014-08-19
231,1.3,2014,8,95.3,23.9,0.0,21.6,281,25.0,0.0,20,0.0,20140820,22.7,2014-08-20
232,2.1,2014,8,75.3,30.5,5.1,22.2,281,65.5,0.0,21,0.0,20140821,25.8,2014-08-21
233,1.9,2014,8,70.0,30.5,9.7,20.0,281,0.0,0.0,22,0.0,20140822,24.8,2014-08-22
234,1.2,2014,8,72.6,31.2,8.6,19.7,281,0.0,0.0,23,0.0,20140823,24.6,2014-08-23
235,0.9,2014,8,78.6,29.9,0.5,20.1,281,1.5,0.0,24,0.0,20140824,24.5,2014-08-24
236,1.2,2014,8,95.5,23.3,0.0,21.2,281,41.0,0.0,25,0.0,20140825,22.1,2014-08-25
237,1.6,2014,8,77.5,31.0,4.4,21.4,281,0.0,0.0,26,0.0,20140826,24.8,2014-08-26
238,1.4,2014,8,77.9,23.7,0.4,17.5,281,0.0,0.0,27,0.0,20140827,21.2,2014-08-27
239,1.3,2014,8,76.5,26.2,4.6,17.3,281,0.0,0.0,28,0.0,20140828,20.9,2014-08-28
240,1.5,2014,8,79.8,25.6,4.8,16.1,281,0.0,0.0,29,0.0,20140829,20.1,2014-08-29
241,1.4,2014,8,75.4,25.3,7.3,15.2,281,0.0,0.0,30,0.0,20140830,19.8,2014-08-30
242,1.1,2014,8,76.9,26.2,5.8,13.1,281,0.0,0.0,31,0.0,20140831,19.6,2014-08-31
243,1.6,2014,9,76.5,26.5,8.4,15.1,281,0.0,0.0,1,0.0,20140901,20.5,2014-09-01
244,1.7,2014,9,81.3,25.4,0.9,15.9,281,6.0,0.0,2,0.0,20140902,20.6,2014-09-02
245,0.9,2014,9,92.9,26.1,0.0,19.1,281,17.5,0.0,3,0.0,20140903,22.5,2014-09-03
246,2.1,2014,9,73.9,28.5,8.1,17.6,281,0.0,0.0,4,0.0,20140904,22.8,2014-09-04
247,1.3,2014,9,71.5,31.4,10.6,16.8,281,0.0,0.0,5,0.0,20140905,23.1,2014-09-05
248,0.9,2014,9,79.4,28.1,4.6,16.6,281,0.0,0.0,6,0.0,20140906,21.1,2014-09-06
249,1.3,2014,9,81.6,28.7,7.0,15.4,281,0.0,0.0,7,0.0,20140907,21.6,2014-09-07
250,0.9,2014,9,78.0,30.4,9.1,17.6,281,0.0,0.0,8,0.0,20140908,23.0,2014-09-08
251,1.0,2014,9,75.3,28.9,4.7,16.5,281,0.0,0.0,9,0.0,20140909,22.3,2014-09-09
252,1.2,2014,9,77.0,28.3,6.6,17.2,281,0.0,0.0,10,0.0,20140910,21.9,2014-09-10
253,1.5,2014,9,74.0,27.3,10.0,15.7,281,0.0,0.0,11,0.0,20140911,21.1,2014-09-11
254,1.1,2014,9,77.8,25.4,1.7,15.8,281,0.0,0.0,12,0.0,20140912,20.3,2014-09-12
255,1.7,2014,9,74.1,25.8,8.5,14.4,281,0.0,0.0,13,0.0,20140913,19.6,2014-09-13
256,1.3,2014,9,74.6,26.6,7.6,13.5,281,0.0,0.0,14,0.0,20140914,19.7,2014-09-14
257,1.1,2014,9,72.9,28.9,4.2,16.6,281,0.0,0.0,15,0.0,20140915,21.5,2014-09-15
258,1.4,2014,9,72.9,27.7,8.5,15.3,281,0.0,0.0,16,0.0,20140916,21.2,2014-09-16
259,1.0,2014,9,85.1,22.0,0.0,17.5,281,9.0,0.0,17,0.0,20140917,19.4,2014-09-17
260,1.4,2014,9,72.6,24.0,5.3,14.5,281,0.0,0.0,18,0.0,20140918,19.0,2014-09-18
261,0.7,2014,9,81.5,23.7,3.1,10.8,281,0.0,0.0,19,0.0,20140919,15.8,2014-09-19
262,1.2,2014,9,73.1,26.5,8.3,9.5,281,0.0,0.0,20,0.0,20140920,17.2,2014-09-20
263,1.0,2014,9,71.9,26.8,10.6,10.2,281,0.0,0.0,21,0.0,20140921,17.9,2014-09-21
264,1.4,2014,9,76.1,27.0,9.4,11.3,281,0.0,0.0,22,0.0,20140922,18.5,2014-09-22
265,1.6,2014,9,76.0,26.2,6.2,11.9,281,4.0,0.0,23,0.0,20140923,19.5,2014-09-23
266,1.0,2014,9,95.9,21.4,0.0,17.5,281,84.5,0.0,24,0.0,20140924,18.9,2014-09-24
267,1.3,2014,9,78.8,26.3,4.4,16.1,281,0.0,0.0,25,0.0,20140925,20.0,2014-09-25
268,1.5,2014,9,75.3,23.9,6.0,13.0,281,0.0,0.0,26,0.0,20140926,18.1,2014-09-26
269,1.1,2014,9,77.3,27.0,7.9,10.8,281,0.0,0.0,27,0.0,20140927,18.2,2014-09-27
270,1.2,2014,9,79.0,27.3,7.4,13.3,281,0.0,0.0,28,0.0,20140928,19.5,2014-09-28
271,0.8,2014,9,89.8,23.2,0.0,17.5,281,1.5,0.0,29,0.0,20140929,20.0,2014-09-29
272,2.1,2014,9,80.9,20.2,0.5,15.8,281,0.0,0.0,30,0.0,20140930,17.8,2014-09-30
273,1.3,2014,10,78.6,22.5,2.1,13.3,281,0.0,0.0,1,0.0,20141001,17.2,2014-10-01
274,0.9,2014,10,78.4,24.6,5.9,10.9,281,0.0,0.0,2,0.0,20141002,17.4,2014-10-02
275,2.1,2014,10,67.1,23.5,9.8,11.8,281,0.0,0.0,3,0.0,20141003,17.5,2014-10-03
276,2.9,2014,10,63.5,20.3,5.4,12.4,281,0.0,0.0,4,0.0,20141004,16.6,2014-10-04
277,2.8,2014,10,59.0,21.3,6.2,9.9,281,0.0,0.0,5,0.0,20141005,16.2,2014-10-05
278,1.6,2014,10,62.0,22.4,6.7,9.3,281,0.0,0.0,6,0.0,20141006,15.4,2014-10-06
279,0.9,2014,10,70.5,23.0,10.6,6.3,281,0.0,0.0,7,0.0,20141007,13.8,2014-10-07
280,1.1,2014,10,71.1,23.1,9.8,7.0,281,0.0,0.0,8,0.0,20141008,14.1,2014-10-08
281,0.9,2014,10,74.9,23.6,9.6,7.6,281,0.0,0.0,9,0.0,20141009,14.7,2014-10-09
282,2.5,2014,10,72.4,24.2,8.6,8.0,281,0.0,0.0,10,0.0,20141010,16.6,2014-10-10
283,3.9,2014,10,60.3,22.3,8.7,13.3,281,0.0,0.0,11,0.0,20141011,18.8,2014-10-11
284,2.3,2014,10,75.6,20.6,0.0,12.5,281,0.4,0.0,12,0.0,20141012,17.6,2014-10-12
285,2.7,2014,10,78.6,18.7,0.0,12.7,281,29.0,0.0,13,0.0,20141013,16.5,2014-10-13
286,1.2,2014,10,71.4,19.5,9.7,6.3,281,0.0,0.0,14,0.0,20141014,11.7,2014-10-14
287,1.0,2014,10,75.1,21.1,9.3,5.1,281,0.0,0.0,15,0.0,20141015,12.5,2014-10-15
288,2.4,2014,10,53.8,20.5,7.0,6.6,281,0.0,0.0,16,0.0,20141016,13.3,2014-10-16
289,1.0,2014,10,62.9,21.2,10.3,1.9,281,0.0,0.0,17,0.0,20141017,10.5,2014-10-17
290,0.7,2014,10,67.5,22.8,10.3,2.2,281,0.0,0.0,18,0.0,20141018,11.1,2014-10-18
291,0.7,2014,10,71.5,23.2,7.9,3.5,281,0.0,0.0,19,0.0,20141019,13.1,2014-10-19
292,0.4,2014,10,95.5,19.4,0.0,13.1,281,11.0,0.0,20,0.0,20141020,16.7,2014-10-20
293,2.1,2014,10,90.5,18.4,0.0,14.2,281,32.0,0.0,21,0.0,20141021,16.5,2014-10-21
294,1.4,2014,10,85.0,14.5,0.0,11.6,281,15.5,0.0,22,0.0,20141022,13.2,2014-10-22
295,0.9,2014,10,78.8,18.7,6.5,6.8,281,0.0,0.0,23,0.0,20141023,11.5,2014-10-23
296,0.9,2014,10,79.5,22.6,6.8,5.6,281,0.0,0.0,24,0.0,20141024,12.0,2014-10-24
297,0.9,2014,10,76.4,24.0,8.2,4.7,281,0.0,0.0,25,0.0,20141025,12.1,2014-10-25
298,1.4,2014,10,66.0,24.4,9.6,5.1,281,0.0,0.0,26,0.0,20141026,14.8,2014-10-26
299,1.2,2014,10,70.6,20.0,7.2,7.3,281,0.0,0.0,27,0.0,20141027,13.4,2014-10-27
300,0.7,2014,10,71.3,20.3,7.0,3.8,281,0.0,0.0,28,0.0,20141028,9.8,2014-10-28
301,0.7,2014,10,77.6,20.6,6.4,3.2,281,0.0,0.0,29,0.0,20141029,10.0,2014-10-29
302,0.5,2014,10,78.4,20.3,5.2,3.7,281,0.0,0.0,30,0.0,20141030,11.9,2014-10-30
303,0.9,2014,10,95.4,13.7,0.0,10.9,281,19.0,0.0,31,0.0,20141031,12.5,2014-10-31
304,1.1,2014,11,87.9,18.9,0.2,13.0,281,0.0,0.0,1,0.0,20141101,15.6,2014-11-01
305,3.1,2014,11,62.5,15.8,1.0,9.1,281,0.2,0.0,2,0.0,20141102,12.7,2014-11-02
306,3.6,2014,11,41.8,14.3,9.6,2.3,281,0.0,0.0,3,0.0,20141103,8.3,2014-11-03
307,0.8,2014,11,71.3,18.4,9.5,-0.3,281,0.0,0.0,4,0.0,20141104,7.5,2014-11-04
308,0.8,2014,11,72.1,19.6,9.0,-0.3,281,0.0,0.0,5,0.0,20141105,8.3,2014-11-05
309,1.2,2014,11,72.3,19.9,6.1,4.7,281,0.0,0.0,6,0.0,20141106,10.8,2014-11-06
310,0.7,2014,11,85.6,14.9,0.8,3.2,281,0.0,0.0,7,0.0,20141107,9.6,2014-11-07
311,0.6,2014,11,83.3,17.8,0.3,7.9,281,0.1,0.0,8,0.0,20141108,12.7,2014-11-08
312,2.0,2014,11,61.6,18.3,8.0,2.5,281,0.0,0.0,9,0.0,20141109,11.2,2014-11-09
313,0.8,2014,11,71.4,18.6,7.9,0.1,281,0.0,0.0,10,0.0,20141110,8.0,2014-11-10
314,0.8,2014,11,70.3,16.9,5.6,1.5,281,0.0,0.0,11,0.0,20141111,7.3,2014-11-11
315,3.6,2014,11,55.4,15.0,3.7,2.5,281,0.2,0.0,12,0.0,20141112,8.3,2014-11-12
316,4.4,2014,11,40.0,7.2,7.9,-0.3,281,0.0,0.0,13,0.0,20141113,3.1,2014-11-13
317,2.2,2014,11,50.8,11.6,6.6,-4.5,281,0.0,0.0,14,0.0,20141114,4.0,2014-11-14
318,2.5,2014,11,49.3,13.6,7.9,1.2,281,0.0,0.0,15,0.0,20141115,6.5,2014-11-15
319,0.9,2014,11,52.4,15.2,3.7,0.8,281,0.0,0.0,16,0.0,20141116,6.8,2014-11-16
320,2.2,2014,11,57.6,13.6,7.2,-0.9,281,0.0,0.0,17,0.0,20141117,6.1,2014-11-17
321,2.0,2014,11,54.5,12.5,7.8,-1.7,281,0.0,0.0,18,0.0,20141118,5.1,2014-11-18
322,0.8,2014,11,61.9,13.5,7.8,-5.0,281,0.0,0.0,19,0.0,20141119,2.7,2014-11-19
323,0.7,2014,11,64.4,14.4,7.8,-3.8,281,0.0,0.0,20,0.0,20141120,3.8,2014-11-20
324,0.5,2014,11,67.1,15.5,6.3,-3.0,281,0.0,0.0,21,0.0,20141121,4.6,2014-11-21
325,1.1,2014,11,71.6,18.6,6.9,-1.4,281,0.0,0.0,22,0.0,20141122,7.5,2014-11-22
326,0.7,2014,11,73.8,17.5,4.4,0.2,281,0.0,0.0,23,0.0,20141123,8.8,2014-11-23
327,0.5,2014,11,92.9,11.0,0.0,8.6,281,27.0,0.0,24,0.0,20141124,9.7,2014-11-24
328,1.9,2014,11,74.5,12.0,0.0,8.4,281,3.5,0.0,25,0.0,20141125,10.4,2014-11-25
329,0.9,2014,11,76.3,16.1,5.7,4.1,281,0.0,0.0,26,0.0,20141126,8.8,2014-11-26
330,0.6,2014,11,87.4,16.4,3.9,1.7,281,0.0,0.0,27,0.0,20141127,6.5,2014-11-27
331,0.7,2014,11,95.5,10.4,0.0,1.1,281,0.5,0.0,28,0.0,20141128,7.1,2014-11-28
332,1.7,2014,11,70.5,16.9,7.4,7.1,281,0.0,0.0,29,0.0,20141129,11.9,2014-11-29
333,1.0,2014,11,94.9,12.4,0.0,4.7,281,11.0,0.0,30,0.0,20141130,9.7,2014-11-30
334,5.4,2014,12,58.1,11.5,2.3,-2.5,281,0.5,0.0,1,0.0,20141201,3.6,2014-12-01
335,5.4,2014,12,36.5,0.5,7.6,-4.5,281,0.0,0.0,2,0.0,20141202,-2.5,2014-12-02
336,2.4,2014,12,61.6,5.3,3.1,-6.4,281,0.0,0.0,3,0.0,20141203,0.8,2014-12-03
337,3.1,2014,12,58.5,4.3,3.0,-2.6,281,0.0,0.0,4,0.0,20141204,0.4,2014-12-04
338,4.2,2014,12,44.3,1.8,7.7,-5.1,281,0.0,0.0,5,0.0,20141205,-2.2,2014-12-05
339,4.0,2014,12,46.3,3.1,7.6,-4.7,281,0.0,0.0,6,0.0,20141206,-1.5,2014-12-06
340,1.6,2014,12,55.6,3.9,2.0,-6.0,281,0.0,0.0,7,0.0,20141207,-1.6,2014-12-07
341,2.1,2014,12,70.5,5.3,6.0,-7.1,281,1.0,0.0,8,0.0,20141208,-0.3,2014-12-08
342,1.5,2014,12,47.4,6.9,7.6,-4.4,281,0.0,0.0,9,0.0,20141209,-0.3,2014-12-09
343,1.3,2014,12,55.6,11.3,3.1,-2.1,281,0.1,0.0,10,0.0,20141210,4.8,2014-12-10
344,3.8,2014,12,50.5,7.6,3.7,-0.5,281,0.0,0.0,11,0.0,20141211,3.8,2014-12-11
345,3.5,2014,12,47.3,4.6,5.9,-2.1,281,0.0,0.0,12,0.0,20141212,0.6,2014-12-12
346,4.2,2014,12,43.1,1.6,7.3,-3.4,281,0.0,0.0,13,0.0,20141213,-1.5,2014-12-13
347,2.2,2014,12,47.3,3.7,7.5,-6.5,281,0.0,0.0,14,0.0,20141214,-1.7,2014-12-14
348,0.6,2014,12,61.6,5.9,0.2,-5.0,281,0.0,0.0,15,0.0,20141215,0.4,2014-12-15
349,4.6,2014,12,55.0,3.1,5.1,-5.9,281,4.0,0.0,16,0.0,20141216,-0.7,2014-12-16
350,6.4,2014,12,34.8,-2.7,7.5,-8.2,281,0.0,0.0,17,0.0,20141217,-5.7,2014-12-17
351,3.0,2014,12,33.4,1.3,7.6,-10.3,281,0.0,0.0,18,0.0,20141218,-5.0,2014-12-18
352,0.6,2014,12,57.6,5.6,5.1,-12.2,281,0.5,0.0,19,0.0,20141219,-2.7,2014-12-19
353,3.0,2014,12,61.5,5.4,4.3,-2.4,281,0.4,0.0,20,0.0,20141220,0.8,2014-12-20
354,3.1,2014,12,38.8,1.9,6.4,-4.6,281,0.0,0.0,21,0.0,20141221,-2.1,2014-12-21
355,3.2,2014,12,51.9,3.7,4.5,-7.6,281,0.0,0.0,22,0.0,20141222,-1.2,2014-12-22
356,1.2,2014,12,56.0,6.2,5.0,-4.4,281,0.0,0.0,23,0.0,20141223,-0.3,2014-12-23
357,2.0,2014,12,64.0,10.7,3.9,-4.8,281,0.2,0.0,24,0.0,20141224,2.4,2014-12-24
358,3.5,2014,12,37.8,5.6,7.1,-3.1,281,0.0,0.0,25,0.0,20141225,0.3,2014-12-25
359,1.6,2014,12,45.1,5.5,7.5,-7.6,281,0.0,0.0,26,0.0,20141226,-2.3,2014-12-26
360,0.5,2014,12,63.1,8.7,7.2,-9.2,281,0.0,0.0,27,0.0,20141227,-1.9,2014-12-27
361,1.2,2014,12,61.8,4.9,3.6,-8.7,281,0.0,0.0,28,0.0,20141228,-1.1,2014-12-28
362,1.3,2014,12,71.9,8.4,6.7,-6.1,281,0.0,0.0,29,0.0,20141229,0.2,2014-12-29
363,1.9,2014,12,58.4,10.5,7.0,-6.5,281,0.0,0.0,30,0.0,20141230,1.1,2014-12-30
364,2.5,2014,12,62.6,3.8,0.8,-6.2,281,0.1,0.0,31,0.0,20141231,-1.1,2014-12-31
