,Date,rainfall,tmin,station_id,humid,snow,sunshine,date,cloud,month,day,tavg,wind,tmax,year
0,2012-01-01,0.2,-4.8,281,57.4,0.0,2.6,20120101,0.0,1,1,0.5,2.9,6.2,2012
1,2012-01-02,0.0,-7.2,281,52.4,0.0,7.5,20120102,0.0,1,2,-2.3,2.3,4.2,2012
2,2012-01-03,0.1,-4.1,281,55.5,0.0,3.6,20120103,0.0,1,3,-1.2,2.7,3.8,2012
3,2012-01-04,0.0,-5.8,281,48.6,0.0,7.1,20120104,0.0,1,4,-3.7,4.3,-0.1,2012
4,2012-01-05,0.0,-7.0,281,44.3,0.0,7.7,20120105,0.0,1,5,-2.9,3.7,2.6,2012
5,2012-01-06,0.0,-8.3,281,48.9,0.0,7.7,20120106,0.0,1,6,-2.5,1.8,4.9,2012
6,2012-01-07,0.0,-11.5,281,59.4,0.0,7.6,20120107,0.0,1,7,-4.2,0.8,6.1,2012
7,2012-01-08,0.0,-11.0,281,51.4,0.0,6.5,20120108,0.0,1,8,-1.9,1.5,7.2,2012
8,2012-01-09,0.0,-2.2,281,53.4,0.0,6.2,20120109,0.0,1,9,1.0,2.9,5.8,2012
9,2012-01-10,0.0,-2.0,281,43.3,0.0,5.1,20120110,0.0,1,10,1.2,2.6,5.5,2012
10,2012-01-11,0.0,-5.7,281,34.6,0.0,7.4,20120111,0.0,1,11,-1.8,3.4,2.0,2012
11,2012-01-12,0.0,-7.9,281,43.0,0.0,7.7,20120112,0.0,1,12,-2.6,3.7,2.5,2012
12,2012-01-13,0.0,-8.0,281,56.4,0.0,2.8,20120113,0.0,1,13,-0.3,2.4,5.3,2012
13,2012-01-14,0.0,-4.4,281,31.6,0.0,7.7,20120114,0.0,1,14,0.1,2.6,6.0,2012
14,2012-01-15,0.0,-2.8,281,47.4,0.0,2.5,20120115,0.0,1,15,0.7,1.3,5.7,2012
15,2012-01-16,0.5,-3.2,281,78.3,0.0,0.0,20120116,0.0,1,16,0.0,0.5,2.6,2012
16,2012-01-17,0.0,-0.7,281,86.1,0.0,0.3,20120117,0.0,1,17,3.0,0.5,8.5,2012
17,2012-01-18,0.5,-1.8,281,83.6,0.0,1.7,20120118,0.0,1,18,3.5,0.7,9.2,2012
18,2012-01-19,6.5,3.8,281,82.9,0.0,0.0,20120119,0.0,1,19,6.2,1.7,8.5,2012
19,2012-01-20,0.2,4.0,281,66.9,0.0,0.3,20120120,0.0,1,20,6.8,2.1,9.3,2012
20,2012-01-21,1.5,1.9,281,79.6,0.0,0.2,20120121,0.0,1,21,4.8,0.9,8.4,2012
21,2012-01-22,0.0,-5.6,281,46.4,0.0,5.6,20120122,0.0,1,22,0.5,3.9,4.0,2012
22,2012-01-23,0.0,-9.2,281,35.0,0.0,7.7,20120123,0.0,1,23,-5.8,4.3,-1.5,2012
23,2012-01-24,0.0,-10.1,281,41.6,0.0,7.3,20120124,0.0,1,24,-5.5,2.8,0.3,2012
24,2012-01-25,0.0,-11.5,281,43.6,0.0,7.1,20120125,0.0,1,25,-6.2,3.4,-1.5,2012
25,2012-01-26,0.0,-14.3,281,54.5,0.0,6.8,20120126,0.0,1,26,-4.7,1.5,3.6,2012
26,2012-01-27,0.0,-7.9,281,67.3,0.0,6.0,20120127,0.0,1,27,-0.9,1.1,7.9,2012
27,2012-01-28,0.0,-3.2,281,50.4,0.0,5.6,20120128,0.0,1,28,0.4,1.2,6.9,2012
28,2012-01-29,0.0,-8.4,281,40.9,0.0,7.7,20120129,0.0,1,29,-1.2,1.6,6.8,2012
29,2012-01-30,0.0,-4.5,281,16.9,0.0,7.6,20120130,0.0,1,30,-1.3,3.1,3.5,2012
30,2012-01-31,0.2,-9.5,281,41.5,0.0,5.8,20120131,0.0,1,31,-0.5,2.2,4.7,2012
31,2012-02-01,1.0,-9.8,281,46.1,0.0,8.2,20120201,0.0,2,1,-5.4,5.1,1.8,2012
32,2012-02-02,0.0,-13.8,281,36.6,0.0,8.6,20120202,0.0,2,2,-9.8,4.0,-5.2,2012
33,2012-02-03,0.0,-11.8,281,43.6,0.0,8.7,20120203,0.0,2,3,-6.2,4.0,-0.4,2012
34,2012-02-04,0.0,-10.5,281,53.4,0.0,6.9,20120204,0.0,2,4,-2.7,2.3,5.1,2012
35,2012-02-05,0.0,-8.0,281,53.5,0.0,3.5,20120205,0.0,2,5,-1.6,0.7,7.2,2012
36,2012-02-06,0.0,-7.8,281,53.8,0.0,1.8,20120206,0.0,2,6,0.7,0.7,7.2,2012
37,2012-02-07,0.0,-8.5,281,34.4,0.0,8.7,20120207,0.0,2,7,-1.8,5.3,4.0,2012
38,2012-02-08,0.0,-10.5,281,40.0,0.0,7.6,20120208,0.0,2,8,-6.0,4.6,-1.2,2012
39,2012-02-09,0.0,-7.3,281,38.1,0.0,8.7,20120209,0.0,2,9,-2.0,2.9,2.6,2012
40,2012-02-10,0.0,-6.1,281,43.1,0.0,4.5,20120210,0.0,2,10,-1.1,2.8,4.6,2012
41,2012-02-11,0.0,-6.8,281,32.9,0.0,10.1,20120211,0.0,2,11,-1.3,2.9,5.3,2012
42,2012-02-12,0.0,-9.6,281,40.5,0.0,9.6,20120212,0.0,2,12,-0.2,1.2,7.8,2012
43,2012-02-13,0.2,-4.2,281,72.1,0.0,0.0,20120213,0.0,2,13,0.1,0.7,3.9,2012
44,2012-02-14,3.5,-4.9,281,83.1,0.0,2.1,20120214,0.0,2,14,1.6,0.8,8.6,2012
45,2012-02-15,0.0,-1.4,281,52.5,0.0,5.6,20120215,0.0,2,15,3.2,1.4,9.7,2012
46,2012-02-16,0.0,-1.5,281,24.0,0.0,9.5,20120216,0.0,2,16,1.6,3.6,6.3,2012
47,2012-02-17,0.0,-5.5,281,33.4,0.0,9.0,20120217,0.0,2,17,-2.9,4.7,1.6,2012
48,2012-02-18,0.0,-8.7,281,33.4,0.0,10.4,20120218,0.0,2,18,-4.1,3.7,1.7,2012
49,2012-02-19,0.0,-7.6,281,36.4,0.0,10.5,20120219,0.0,2,19,-3.0,3.2,3.7,2012
50,2012-02-20,0.0,-9.4,281,30.6,0.0,10.1,20120220,0.0,2,20,-0.2,1.6,8.8,2012
51,2012-02-21,0.5,-7.9,281,64.6,0.0,2.3,20120221,0.0,2,21,0.3,1.0,7.2,2012
52,2012-02-22,0.0,-1.8,281,81.8,0.0,0.0,20120222,0.0,2,22,3.4,0.6,9.1,2012
53,2012-02-23,0.0,0.5,281,62.3,0.0,6.8,20120223,0.0,2,23,6.7,2.2,13.3,2012
54,2012-02-24,0.0,2.4,281,61.1,0.0,0.0,20120224,0.0,2,24,4.8,1.8,6.8,2012
55,2012-02-25,0.0,1.4,281,62.1,0.0,0.2,20120225,0.0,2,25,3.8,2.0,6.8,2012
56,2012-02-26,0.0,-2.7,281,55.3,0.0,2.1,20120226,0.0,2,26,1.6,1.9,6.3,2012
57,2012-02-27,0.0,-7.7,281,52.9,0.0,10.4,20120227,0.0,2,27,0.1,1.4,8.9,2012
58,2012-02-28,0.0,-5.6,281,67.3,0.0,0.0,20120228,0.0,2,28,1.5,1.0,7.2,2012
59,2012-02-29,0.0,-0.1,281,66.5,0.0,4.0,20120229,0.0,2,29,5.3,1.1,11.4,2012
60,2012-03-01,0.0,-1.3,281,67.6,0.0,8.5,20120301,0.0,3,1,5.9,1.4,14.8,2012
61,2012-03-02,2.0,4.2,281,80.9,0.0,0.0,20120302,0.0,3,2,6.2,1.0,8.5,2012
62,2012-03-03,0.0,2.4,281,71.3,0.0,0.6,20120303,0.0,3,3,5.3,2.2,8.2,2012
63,2012-03-04,5.0,2.9,281,80.8,0.0,0.0,20120304,0.0,3,4,5.3,1.9,7.3,2012
64,2012-03-05,16.5,3.5,281,85.3,0.0,0.0,20120305,0.0,3,5,5.4,1.8,7.2,2012
65,2012-03-06,6.5,3.0,281,71.0,0.0,2.6,20120306,0.0,3,6,5.9,2.9,10.4,2012
66,2012-03-07,0.0,2.0,281,55.3,0.0,6.5,20120307,0.0,3,7,6.0,2.1,12.1,2012
67,2012-03-08,0.0,-1.4,281,60.4,0.0,4.5,20120308,0.0,3,8,5.0,1.1,11.9,2012
68,2012-03-09,0.0,-1.5,281,62.9,0.0,5.6,20120309,0.0,3,9,4.9,1.6,11.3,2012
69,2012-03-10,0.0,-0.2,281,67.8,0.0,2.7,20120310,0.0,3,10,5.0,1.2,11.3,2012
70,2012-03-11,0.0,-2.6,281,35.8,0.0,9.3,20120311,0.0,3,11,1.3,5.2,5.2,2012
71,2012-03-12,0.0,-5.0,281,32.4,0.0,10.9,20120312,0.0,3,12,0.6,3.8,7.2,2012
72,2012-03-13,0.0,-5.1,281,41.4,0.0,10.9,20120313,0.0,3,13,1.3,2.3,9.4,2012
73,2012-03-14,0.0,-7.0,281,48.1,0.0,10.0,20120314,0.0,3,14,4.1,1.8,14.0,2012
74,2012-03-15,0.0,0.2,281,50.3,0.0,10.0,20120315,0.0,3,15,6.2,2.5,12.8,2012
75,2012-03-16,3.0,1.4,281,74.5,0.0,0.0,20120316,0.0,3,16,6.7,0.9,11.1,2012
76,2012-03-17,0.5,8.2,281,84.5,0.0,0.0,20120317,0.0,3,17,9.4,1.3,14.2,2012
77,2012-03-18,0.0,4.7,281,73.1,0.0,3.8,20120318,0.0,3,18,9.4,1.7,18.1,2012
78,2012-03-19,0.0,3.1,281,45.5,0.0,5.9,20120319,0.0,3,19,6.4,1.9,12.4,2012
79,2012-03-20,0.0,-0.9,281,24.6,0.0,10.8,20120320,0.0,3,20,5.9,2.9,12.4,2012
80,2012-03-21,0.0,-2.1,281,30.3,0.0,10.9,20120321,0.0,3,21,5.9,2.0,15.4,2012
81,2012-03-22,5.5,-0.4,281,66.0,0.0,0.5,20120322,0.0,3,22,6.0,1.4,10.2,2012
82,2012-03-23,17.5,5.2,281,86.4,0.0,0.0,20120323,0.0,3,23,7.0,1.6,8.6,2012
83,2012-03-24,0.2,2.4,281,49.0,0.0,4.9,20120324,0.0,3,24,5.5,4.7,10.3,2012
84,2012-03-25,0.0,1.0,281,34.4,0.0,9.1,20120325,0.0,3,25,5.1,4.2,10.3,2012
85,2012-03-26,0.0,-0.9,281,32.3,0.0,11.4,20120326,0.0,3,26,6.0,3.2,12.1,2012
86,2012-03-27,0.0,1.8,281,29.1,0.0,10.6,20120327,0.0,3,27,10.7,3.2,18.4,2012
87,2012-03-28,0.0,2.5,281,52.8,0.0,10.4,20120328,0.0,3,28,9.8,2.0,19.6,2012
88,2012-03-29,0.0,-1.7,281,56.6,0.0,8.3,20120329,0.0,3,29,11.4,2.2,20.0,2012
89,2012-03-30,23.0,10.4,281,79.1,0.0,0.0,20120330,0.0,3,30,14.0,2.5,16.8,2012
90,2012-03-31,0.0,4.6,281,32.8,0.0,9.8,20120331,0.0,3,31,8.5,4.8,13.7,2012
91,2012-04-01,0.0,0.8,281,35.4,0.0,11.2,20120401,0.0,4,1,6.1,2.5,13.3,2012
92,2012-04-02,0.0,-1.2,281,52.8,0.0,9.1,20120402,0.0,4,2,11.1,1.5,19.9,2012
93,2012-04-03,21.5,3.5,281,62.6,0.0,1.5,20120403,0.0,4,3,8.4,4.7,15.7,2012
94,2012-04-04,0.0,1.9,281,32.9,0.0,10.4,20120404,0.0,4,4,10.5,4.0,17.6,2012
95,2012-04-05,0.0,4.8,281,30.6,0.0,11.3,20120405,0.0,4,5,10.3,4.1,17.2,2012
96,2012-04-06,0.0,-0.8,281,30.0,0.0,9.4,20120406,0.0,4,6,7.1,3.8,14.7,2012
97,2012-04-07,0.0,1.1,281,36.6,0.0,11.6,20120407,0.0,4,7,7.0,2.9,15.3,2012
98,2012-04-08,0.0,-1.1,281,40.4,0.0,11.2,20120408,0.0,4,8,13.5,2.7,24.4,2012
99,2012-04-09,0.0,10.8,281,49.5,0.0,9.5,20120409,0.0,4,9,17.2,1.7,24.5,2012
100,2012-04-10,0.3,9.0,281,64.8,0.0,0.0,20120410,0.0,4,10,14.8,1.7,19.5,2012
101,2012-04-11,1.0,8.2,281,76.8,0.0,2.3,20120411,0.0,4,11,14.6,2.2,20.7,2012
102,2012-04-12,0.0,4.5,281,43.8,0.0,10.2,20120412,0.0,4,12,13.3,2.9,21.1,2012
103,2012-04-13,2.0,9.4,281,59.3,0.0,0.3,20120413,0.0,4,13,11.5,1.7,14.9,2012
104,2012-04-14,0.0,8.4,281,52.6,0.0,11.2,20120414,0.0,4,14,15.0,1.9,23.5,2012
105,2012-04-15,0.0,6.8,281,48.0,0.0,9.1,20120415,0.0,4,15,16.4,1.1,26.0,2012
106,2012-04-16,0.0,8.7,281,51.0,0.0,9.4,20120416,0.0,4,16,14.8,2.3,24.5,2012
107,2012-04-17,0.0,4.6,281,59.1,0.0,11.6,20120417,0.0,4,17,11.1,2.2,18.3,2012
108,2012-04-18,0.0,2.7,281,58.9,0.0,8.9,20120418,0.0,4,18,11.7,1.6,21.6,2012
109,2012-04-19,0.0,5.3,281,68.6,0.0,1.8,20120419,0.0,4,19,11.8,2.2,17.0,2012
110,2012-04-20,0.4,10.8,281,68.0,0.0,3.6,20120420,0.0,4,20,13.2,2.8,17.8,2012
111,2012-04-21,39.0,10.8,281,82.5,0.0,0.0,20120421,0.0,4,21,12.6,3.2,15.7,2012
112,2012-04-22,0.5,9.4,281,67.8,0.0,4.7,20120422,0.0,4,22,15.9,2.8,22.0,2012
113,2012-04-23,0.0,6.0,281,64.1,0.0,10.3,20120423,0.0,4,23,16.3,1.4,25.8,2012
114,2012-04-24,0.0,9.7,281,54.9,0.0,10.7,20120424,0.0,4,24,19.8,1.1,30.7,2012
115,2012-04-25,24.0,12.3,281,81.6,0.0,0.0,20120425,0.0,4,25,13.8,1.5,15.8,2012
116,2012-04-26,0.0,5.9,281,46.3,0.0,11.5,20120426,0.0,4,26,14.3,4.3,19.5,2012
117,2012-04-27,0.0,2.9,281,41.0,0.0,12.0,20120427,0.0,4,27,14.4,1.5,24.7,2012
118,2012-04-28,0.0,4.0,281,42.8,0.0,11.6,20120428,0.0,4,28,17.0,1.5,28.1,2012
119,2012-04-29,0.0,7.9,281,62.9,0.0,2.0,20120429,0.0,4,29,15.6,0.7,21.9,2012
120,2012-04-30,0.0,12.8,281,62.9,0.0,3.3,20120430,0.0,4,30,17.6,2.5,21.5,2012
121,2012-05-01,7.0,15.8,281,70.6,0.0,0.0,20120501,0.0,5,1,18.1,1.4,22.4,2012
122,2012-05-02,1.0,15.3,281,84.5,0.0,0.0,20120502,0.0,5,2,16.5,0.9,18.4,2012
123,2012-05-03,2.0,14.5,281,81.0,0.0,3.4,20120503,0.0,5,3,16.4,1.4,22.2,2012
124,2012-05-04,0.0,12.2,281,57.3,0.0,12.3,20120504,0.0,5,4,20.1,1.9,29.7,2012
125,2012-05-05,0.0,13.0,281,34.0,0.0,11.4,20120505,0.0,5,5,21.7,2.9,28.3,2012
126,2012-05-06,0.0,12.2,281,28.9,0.0,11.3,20120506,0.0,5,6,19.2,3.0,26.2,2012
127,2012-05-07,0.0,8.0,281,42.5,0.0,11.3,20120507,0.0,5,7,18.4,1.7,28.4,2012
128,2012-05-08,6.0,11.6,281,59.0,0.0,7.2,20120508,0.0,5,8,17.9,1.7,29.4,2012
129,2012-05-09,0.0,11.7,281,73.1,0.0,9.0,20120509,0.0,5,9,16.9,2.0,26.6,2012
130,2012-05-10,0.0,11.1,281,71.5,0.0,0.0,20120510,0.0,5,10,13.9,2.4,16.6,2012
131,2012-05-11,0.0,11.6,281,68.9,0.0,0.0,20120511,0.0,5,11,12.8,2.1,14.8,2012
132,2012-05-12,0.0,10.5,281,61.5,0.0,9.9,20120512,0.0,5,12,14.6,1.8,21.6,2012
133,2012-05-13,0.0,9.0,281,63.0,0.0,2.3,20120513,0.0,5,13,15.8,1.1,22.7,2012
134,2012-05-14,20.0,10.8,281,82.9,0.0,0.0,20120514,0.0,5,14,14.5,0.7,16.4,2012
135,2012-05-15,1.0,12.3,281,60.9,0.0,8.2,20120515,0.0,5,15,18.7,2.3,24.8,2012
136,2012-05-16,0.0,8.9,281,55.1,0.0,11.1,20120516,0.0,5,16,18.5,1.3,26.1,2012
137,2012-05-17,0.5,9.1,281,64.1,0.0,4.9,20120517,0.0,5,17,15.9,2.2,24.4,2012
138,2012-05-18,0.0,6.3,281,54.4,0.0,12.6,20120518,0.0,5,18,16.8,1.4,26.7,2012
139,2012-05-19,0.0,8.2,281,57.9,0.0,6.6,20120519,0.0,5,19,17.7,1.1,25.9,2012
140,2012-05-20,0.0,10.4,281,59.4,0.0,11.2,20120520,0.0,5,20,18.8,1.7,27.5,2012
141,2012-05-21,0.0,10.1,281,63.6,0.0,12.2,20120521,0.0,5,21,17.8,1.8,25.9,2012
142,2012-05-22,0.0,9.1,281,54.8,0.0,12.7,20120522,0.0,5,22,18.8,1.7,27.1,2012
143,2012-05-23,0.0,11.6,281,52.6,0.0,8.2,20120523,0.0,5,23,20.6,1.2,30.2,2012
144,2012-05-24,1.5,13.3,281,65.9,0.0,5.1,20120524,0.0,5,24,19.8,1.2,29.1,2012
145,2012-05-25,0.1,16.4,281,63.4,0.0,6.3,20120525,0.0,5,25,20.9,1.3,27.0,2012
146,2012-05-26,0.0,12.7,281,46.8,0.0,11.8,20120526,0.0,5,26,20.1,1.3,28.8,2012
147,2012-05-27,0.5,9.7,281,50.9,0.0,11.5,20120527,0.0,5,27,20.7,2.1,30.7,2012
148,2012-05-28,1.0,13.2,281,73.8,0.0,4.5,20120528,0.0,5,28,17.6,2.2,24.0,2012
149,2012-05-29,0.0,12.0,281,70.0,0.0,4.7,20120529,0.0,5,29,18.6,1.7,28.3,2012
150,2012-05-30,1.0,16.2,281,75.6,0.0,0.0,20120530,0.0,5,30,18.2,1.7,21.1,2012
151,2012-05-31,0.0,15.1,281,70.1,0.0,5.5,20120531,0.0,5,31,18.3,1.6,23.9,2012
152,2012-06-01,0.0,12.0,281,67.4,0.0,7.9,20120601,0.0,6,1,18.7,2.2,25.9,2012
153,2012-06-02,0.0,15.0,281,67.3,0.0,5.1,20120602,0.0,6,2,18.9,2.0,24.6,2012
154,2012-06-03,0.0,12.1,281,59.3,0.0,12.6,20120603,0.0,6,3,20.3,1.8,28.1,2012
155,2012-06-04,0.0,12.9,281,53.8,0.0,7.8,20120604,0.0,6,4,22.5,1.2,29.7,2012
156,2012-06-05,0.0,17.8,281,57.4,0.0,9.4,20120605,0.0,6,5,24.3,1.7,31.8,2012
157,2012-06-06,0.0,18.0,281,50.4,0.0,7.4,20120606,0.0,6,6,24.1,2.3,30.8,2012
158,2012-06-07,0.0,17.0,281,55.9,0.0,6.4,20120607,0.0,6,7,24.3,1.6,31.1,2012
159,2012-06-08,9.5,17.8,281,81.8,0.0,0.1,20120608,0.0,6,8,19.4,1.4,22.7,2012
160,2012-06-09,0.5,16.1,281,75.4,0.0,5.7,20120609,0.0,6,9,20.1,1.5,26.4,2012
161,2012-06-10,0.0,13.9,281,66.8,0.0,10.4,20120610,0.0,6,10,21.1,1.8,28.6,2012
162,2012-06-11,0.0,15.7,281,68.9,0.0,2.2,20120611,0.0,6,11,20.9,1.8,26.3,2012
163,2012-06-12,0.0,17.2,281,67.8,0.0,6.8,20120612,0.0,6,12,21.5,2.4,26.7,2012
164,2012-06-13,0.0,16.8,281,68.5,0.0,4.2,20120613,0.0,6,13,19.8,2.4,23.2,2012
165,2012-06-14,0.0,14.8,281,68.0,0.0,2.5,20120614,0.0,6,14,19.5,2.4,24.0,2012
166,2012-06-15,14.0,19.0,281,80.5,0.0,0.0,20120615,0.0,6,15,19.7,1.6,21.3,2012
167,2012-06-16,0.0,18.2,281,74.0,0.0,4.8,20120616,0.0,6,16,21.6,1.6,26.4,2012
168,2012-06-17,0.0,16.8,281,58.3,0.0,8.8,20120617,0.0,6,17,24.2,1.5,31.5,2012
169,2012-06-18,3.5,17.7,281,71.1,0.0,1.8,20120618,0.0,6,18,22.0,1.2,28.6,2012
170,2012-06-19,15.0,18.0,281,77.0,0.0,3.2,20120619,0.0,6,19,21.0,1.6,26.4,2012
171,2012-06-20,0.0,17.3,281,70.5,0.0,3.0,20120620,0.0,6,20,21.9,1.9,26.3,2012
172,2012-06-21,0.0,17.9,281,69.1,0.0,10.4,20120621,0.0,6,21,22.0,2.0,27.5,2012
173,2012-06-22,1.0,15.3,281,67.4,0.0,10.1,20120622,0.0,6,22,22.6,1.4,31.0,2012
174,2012-06-23,13.5,18.5,281,72.0,0.0,5.6,20120623,0.0,6,23,23.5,1.3,30.4,2012
175,2012-06-24,0.0,19.0,281,67.5,0.0,0.5,20120624,0.0,6,24,21.7,2.4,24.8,2012
176,2012-06-25,0.0,15.1,281,69.0,0.0,2.7,20120625,0.0,6,25,20.0,3.0,23.8,2012
177,2012-06-26,0.1,18.0,281,68.6,0.0,0.5,20120626,0.0,6,26,20.1,3.5,23.2,2012
178,2012-06-27,0.3,17.0,281,73.6,0.0,0.0,20120627,0.0,6,27,19.2,2.4,21.4,2012
179,2012-06-28,0.0,17.0,281,72.4,0.0,3.5,20120628,0.0,6,28,20.9,1.9,25.6,2012
180,2012-06-29,0.0,17.1,281,68.1,0.0,4.2,20120629,0.0,6,29,23.6,1.5,30.2,2012
181,2012-06-30,29.0,21.3,281,81.8,0.0,0.0,20120630,0.0,6,30,24.5,1.5,29.0,2012
182,2012-07-01,1.0,19.7,281,66.9,0.0,4.6,20120701,0.0,7,1,24.6,2.4,30.1,2012
183,2012-07-02,0.0,17.8,281,63.3,0.0,9.3,20120702,0.0,7,2,25.0,1.4,31.4,2012
184,2012-07-03,0.0,20.3,281,63.4,0.0,7.0,20120703,0.0,7,3,26.6,1.4,32.7,2012
185,2012-07-04,0.0,22.5,281,61.0,0.0,8.0,20120704,0.0,7,4,28.1,2.1,33.5,2012
186,2012-07-05,26.5,23.1,281,81.8,0.0,0.0,20120705,0.0,7,5,24.4,1.4,26.5,2012
187,2012-07-06,25.5,20.9,281,83.3,0.0,0.1,20120706,0.0,7,6,24.2,1.7,27.8,2012
188,2012-07-07,4.5,19.7,281,75.5,0.0,4.1,20120707,0.0,7,7,21.7,1.6,25.9,2012
189,2012-07-08,0.0,19.2,281,66.9,0.0,9.8,20120708,0.0,7,8,24.0,1.3,31.7,2012
190,2012-07-09,0.0,18.1,281,69.3,0.0,7.6,20120709,0.0,7,9,25.1,1.4,32.2,2012
191,2012-07-10,0.5,21.8,281,71.4,0.0,2.0,20120710,0.0,7,10,24.9,1.9,29.0,2012
192,2012-07-11,38.5,22.5,281,85.3,0.0,0.0,20120711,0.0,7,11,24.6,1.4,28.1,2012
193,2012-07-12,0.0,22.0,281,70.8,0.0,2.1,20120712,0.0,7,12,26.1,1.6,31.3,2012
194,2012-07-13,55.5,22.2,281,81.8,0.0,3.3,20120713,0.0,7,13,24.4,1.3,30.4,2012
195,2012-07-14,21.5,19.7,281,84.3,0.0,0.0,20120714,0.0,7,14,22.4,2.1,25.7,2012
196,2012-07-15,43.5,19.5,281,86.8,0.0,0.0,20120715,0.0,7,15,21.9,2.2,24.7,2012
197,2012-07-16,0.5,20.7,281,80.4,0.0,0.0,20120716,0.0,7,16,21.8,2.3,24.4,2012
198,2012-07-17,5.5,19.9,281,84.9,0.0,0.0,20120717,0.0,7,17,21.9,1.6,23.9,2012
199,2012-07-18,14.0,21.6,281,83.9,0.0,0.0,20120718,0.0,7,18,23.9,2.2,26.1,2012
200,2012-07-19,2.5,23.7,281,73.0,0.0,2.9,20120719,0.0,7,19,27.5,2.5,31.9,2012
201,2012-07-20,0.0,23.2,281,69.8,0.0,7.4,20120720,0.0,7,20,27.3,1.9,31.7,2012
202,2012-07-21,0.0,21.4,281,78.8,0.0,7.3,20120721,0.0,7,21,24.5,2.3,28.9,2012
203,2012-07-22,0.0,22.1,281,80.4,0.0,0.9,20120722,0.0,7,22,24.6,2.0,28.6,2012
204,2012-07-23,0.0,22.2,281,69.0,0.0,10.0,20120723,0.0,7,23,28.3,1.3,34.2,2012
205,2012-07-24,0.0,24.3,281,68.4,0.0,9.3,20120724,0.0,7,24,29.4,1.1,35.9,2012
206,2012-07-25,0.0,23.5,281,68.3,0.0,10.2,20120725,0.0,7,25,29.3,1.2,35.4,2012
207,2012-07-26,0.0,23.5,281,65.1,0.0,10.4,20120726,0.0,7,26,29.4,1.4,36.0,2012
208,2012-07-27,0.0,23.7,281,65.3,0.0,8.1,20120727,0.0,7,27,29.3,1.6,35.0,2012
209,2012-07-28,0.0,24.1,281,62.0,0.0,12.5,20120728,0.0,7,28,29.1,2.2,35.4,2012
210,2012-07-29,0.0,22.2,281,63.9,0.0,9.6,20120729,0.0,7,29,29.7,1.3,36.4,2012
211,2012-07-30,0.0,24.4,281,62.6,0.0,8.6,20120730,0.0,7,30,30.2,1.6,35.9,2012
212,2012-07-31,0.0,24.7,281,62.3,0.0,10.8,20120731,0.0,7,31,30.3,1.4,36.9,2012
213,2012-08-01,0.0,23.9,281,63.9,0.0,12.0,20120801,0.0,8,1,28.5,2.4,33.7,2012
214,2012-08-02,0.0,25.3,281,71.4,0.0,2.1,20120802,0.0,8,2,27.6,2.4,31.3,2012
215,2012-08-03,0.0,25.0,281,73.5,0.0,7.4,20120803,0.0,8,3,27.6,2.1,32.3,2012
216,2012-08-04,0.0,24.3,281,72.1,0.0,10.4,20120804,0.0,8,4,27.5,1.8,32.6,2012
217,2012-08-05,0.0,22.8,281,65.1,0.0,6.7,20120805,0.0,8,5,28.4,1.7,34.9,2012
218,2012-08-06,0.0,22.1,281,66.4,0.0,10.3,20120806,0.0,8,6,27.4,2.2,32.7,2012
219,2012-08-07,0.0,23.1,281,64.6,0.0,9.2,20120807,0.0,8,7,26.7,2.1,31.7,2012
220,2012-08-08,0.0,19.9,281,68.4,0.0,8.7,20120808,0.0,8,8,25.4,1.7,31.1,2012
221,2012-08-09,0.0,20.3,281,65.8,0.0,8.5,20120809,0.0,8,9,27.2,1.2,34.3,2012
222,2012-08-10,11.5,23.3,281,79.3,0.0,1.1,20120810,0.0,8,10,25.4,1.1,34.1,2012
223,2012-08-11,0.0,22.9,281,70.0,0.0,5.5,20120811,0.0,8,11,27.5,1.1,33.2,2012
224,2012-08-12,14.5,24.6,281,77.6,0.0,1.1,20120812,0.0,8,12,26.9,1.0,30.9,2012
225,2012-08-13,109.0,22.2,281,89.0,0.0,0.1,20120813,0.0,8,13,24.3,1.2,28.7,2012
226,2012-08-14,0.1,22.1,281,82.8,0.0,0.0,20120814,0.0,8,14,24.1,1.3,26.7,2012
227,2012-08-15,0.0,23.2,281,71.4,0.0,1.9,20120815,0.0,8,15,28.1,1.9,32.3,2012
228,2012-08-16,12.0,23.4,281,78.1,0.0,1.4,20120816,0.0,8,16,27.2,1.8,32.6,2012
229,2012-08-17,0.0,23.1,281,78.4,0.0,5.4,20120817,0.0,8,17,27.1,1.5,31.8,2012
230,2012-08-18,5.5,24.1,281,76.4,0.0,6.2,20120818,0.0,8,18,28.5,1.1,34.3,2012
231,2012-08-19,0.1,24.8,281,70.3,0.0,5.5,20120819,0.0,8,19,29.0,1.3,34.0,2012
232,2012-08-20,0.0,23.6,281,74.4,0.0,1.0,20120820,0.0,8,20,27.4,1.3,32.1,2012
233,2012-08-21,0.2,22.9,281,72.5,0.0,7.4,20120821,0.0,8,21,27.3,1.3,33.1,2012
234,2012-08-22,26.5,23.3,281,86.1,0.0,0.0,20120822,0.0,8,22,24.6,1.1,29.2,2012
235,2012-08-23,129.0,20.6,281,90.0,0.0,0.0,20120823,0.0,8,23,21.5,1.2,23.6,2012
236,2012-08-24,25.5,20.5,281,88.4,0.0,0.0,20120824,0.0,8,24,20.9,2.0,21.5,2012
237,2012-08-25,0.0,20.6,281,78.1,0.0,6.5,20120825,0.0,8,25,25.1,1.4,31.1,2012
238,2012-08-26,0.0,21.3,281,75.1,0.0,11.5,20120826,0.0,8,26,26.3,1.8,31.8,2012
239,2012-08-27,0.0,22.5,281,75.3,0.0,3.5,20120827,0.0,8,27,26.9,2.4,30.5,2012
240,2012-08-28,28.5,24.8,281,75.0,0.0,0.4,20120828,0.0,8,28,26.7,4.5,29.7,2012
241,2012-08-29,0.0,23.1,281,66.5,0.0,6.0,20120829,0.0,8,29,27.3,2.4,31.8,2012
242,2012-08-30,8.5,19.7,281,80.5,0.0,0.0,20120830,0.0,8,30,24.5,2.4,27.5,2012
243,2012-08-31,0.5,18.6,281,72.8,0.0,5.9,20120831,0.0,8,31,22.3,2.0,28.6,2012
244,2012-09-01,0.0,19.1,281,78.0,0.0,1.7,20120901,0.0,9,1,22.1,1.3,28.4,2012
245,2012-09-02,0.0,19.2,281,75.3,0.0,5.8,20120902,0.0,9,2,22.8,1.5,29.7,2012
246,2012-09-03,0.0,17.3,281,78.4,0.0,5.3,20120903,0.0,9,3,23.0,1.3,29.9,2012
247,2012-09-04,1.5,18.6,281,77.6,0.0,4.2,20120904,0.0,9,4,23.6,0.9,29.8,2012
248,2012-09-05,13.5,19.8,281,71.0,0.0,4.8,20120905,0.0,9,5,23.8,1.5,29.4,2012
249,2012-09-06,0.0,15.4,281,60.1,0.0,11.5,20120906,0.0,9,6,21.2,1.6,28.6,2012
250,2012-09-07,0.0,13.7,281,71.9,0.0,7.1,20120907,0.0,9,7,21.5,1.7,28.5,2012
251,2012-09-08,33.0,19.0,281,75.4,0.0,6.5,20120908,0.0,9,8,23.3,1.8,29.6,2012
252,2012-09-09,8.0,18.5,281,81.3,0.0,0.0,20120909,0.0,9,9,20.0,1.2,21.9,2012
253,2012-09-10,25.0,15.5,281,83.8,0.0,0.4,20120910,0.0,9,10,19.4,1.0,23.5,2012
254,2012-09-11,0.0,13.4,281,77.1,0.0,8.1,20120911,0.0,9,11,18.7,1.2,26.1,2012
255,2012-09-12,0.0,12.4,281,72.8,0.0,8.1,20120912,0.0,9,12,20.2,0.9,27.8,2012
256,2012-09-13,0.0,19.4,281,73.8,0.0,2.1,20120913,0.0,9,13,23.1,1.1,29.0,2012
257,2012-09-14,3.5,18.0,281,84.8,0.0,0.0,20120914,0.0,9,14,20.2,1.4,21.9,2012
258,2012-09-15,12.5,17.2,281,83.3,0.0,0.1,20120915,0.0,9,15,19.0,1.1,22.4,2012
259,2012-09-16,83.0,17.3,281,88.5,0.0,0.0,20120916,0.0,9,16,19.2,1.2,21.5,2012
260,2012-09-17,85.5,18.8,281,80.6,0.0,0.0,20120917,0.0,9,17,20.8,3.6,24.6,2012
261,2012-09-18,0.0,16.8,281,70.0,0.0,2.9,20120918,0.0,9,18,21.6,1.6,25.9,2012
262,2012-09-19,0.0,15.4,281,69.1,0.0,9.6,20120919,0.0,9,19,20.2,1.6,26.9,2012
263,2012-09-20,0.0,12.0,281,69.8,0.0,9.4,20120920,0.0,9,20,18.4,1.1,26.1,2012
264,2012-09-21,0.0,11.9,281,73.6,0.0,5.3,20120921,0.0,9,21,18.3,0.9,24.8,2012
265,2012-09-22,0.0,13.1,281,76.3,0.0,6.2,20120922,0.0,9,22,18.6,1.1,26.9,2012
266,2012-09-23,0.0,13.1,281,71.5,0.0,7.7,20120923,0.0,9,23,18.9,1.2,26.2,2012
267,2012-09-24,0.0,11.9,281,73.0,0.0,11.1,20120924,0.0,9,24,17.8,1.3,25.4,2012
268,2012-09-25,0.0,12.3,281,73.4,0.0,10.5,20120925,0.0,9,25,17.9,1.7,24.6,2012
269,2012-09-26,0.0,10.9,281,75.1,0.0,6.2,20120926,0.0,9,26,17.4,1.4,24.2,2012
270,2012-09-27,0.0,13.3,281,77.8,0.0,2.0,20120927,0.0,9,27,18.2,1.2,24.5,2012
271,2012-09-28,0.0,12.6,281,72.1,0.0,5.1,20120928,0.0,9,28,18.7,1.2,25.4,2012
272,2012-09-29,0.0,11.1,281,59.0,0.0,8.9,20120929,0.0,9,29,17.5,2.4,23.7,2012
273,2012-09-30,0.0,7.4,281,69.1,0.0,6.4,20120930,0.0,9,30,15.8,1.1,23.1,2012
274,2012-10-01,0.0,10.3,281,69.0,0.0,9.9,20121001,0.0,10,1,16.5,1.2,24.3,2012
275,2012-10-02,0.0,10.1,281,75.1,0.0,5.3,20121002,0.0,10,2,16.1,1.0,23.7,2012
276,2012-10-03,0.0,8.3,281,72.5,0.0,8.7,20121003,0.0,10,3,15.2,1.2,23.9,2012
277,2012-10-04,0.0,8.6,281,65.3,0.0,10.4,20121004,0.0,10,4,15.9,1.1,25.5,2012
278,2012-10-05,0.0,8.9,281,73.4,0.0,3.3,20121005,0.0,10,5,16.1,1.0,24.0,2012
279,2012-10-06,0.0,11.2,281,73.6,0.0,3.6,20121006,0.0,10,6,16.9,1.0,25.3,2012
280,2012-10-07,0.0,9.1,281,68.5,0.0,10.4,20121007,0.0,10,7,14.9,1.7,22.6,2012
281,2012-10-08,0.0,6.9,281,73.3,0.0,3.0,20121008,0.0,10,8,12.7,1.0,21.0,2012
282,2012-10-09,0.0,4.8,281,73.8,0.0,7.2,20121009,0.0,10,9,13.7,1.3,21.6,2012
283,2012-10-10,0.0,7.5,281,74.9,0.0,6.6,20121010,0.0,10,10,14.9,1.2,23.5,2012
284,2012-10-11,0.0,9.1,281,63.1,0.0,10.8,20121011,0.0,10,11,14.8,2.1,21.5,2012
285,2012-10-12,0.0,5.5,281,68.5,0.0,9.5,20121012,0.0,10,12,12.7,0.9,22.2,2012
286,2012-10-13,0.0,5.8,281,69.1,0.0,6.6,20121013,0.0,10,13,13.0,0.7,24.0,2012
287,2012-10-14,0.0,6.8,281,69.5,0.0,7.4,20121014,0.0,10,14,14.6,1.3,24.6,2012
288,2012-10-15,0.0,5.5,281,65.6,0.0,9.6,20121015,0.0,10,15,12.5,1.3,22.4,2012
289,2012-10-16,0.0,7.1,281,71.9,0.0,7.4,20121016,0.0,10,16,14.2,1.5,21.4,2012
290,2012-10-17,0.2,9.3,281,66.6,0.0,2.5,20121017,0.0,10,17,13.4,2.1,19.0,2012
291,2012-10-18,0.0,3.1,281,52.1,0.0,10.7,20121018,0.0,10,18,10.2,1.7,18.9,2012
292,2012-10-19,0.0,1.7,281,63.8,0.0,9.9,20121019,0.0,10,19,10.6,1.3,21.2,2012
293,2012-10-20,0.0,2.8,281,68.6,0.0,5.6,20121020,0.0,10,20,10.8,0.9,21.2,2012
294,2012-10-21,0.0,4.5,281,68.6,0.0,9.6,20121021,0.0,10,21,13.7,0.9,24.9,2012
295,2012-10-22,22.5,8.4,281,74.4,0.0,1.6,20121022,0.0,10,22,15.1,1.9,24.6,2012
296,2012-10-23,0.0,4.2,281,49.6,0.0,10.1,20121023,0.0,10,23,11.0,3.3,16.8,2012
297,2012-10-24,0.0,2.5,281,69.9,0.0,5.9,20121024,0.0,10,24,9.9,1.0,18.7,2012
298,2012-10-25,0.0,2.6,281,71.0,0.0,9.6,20121025,0.0,10,25,11.1,1.0,21.9,2012
299,2012-10-26,0.0,4.4,281,73.4,0.0,7.8,20121026,0.0,10,26,12.4,0.8,23.1,2012
300,2012-10-27,14.5,9.0,281,91.3,0.0,0.0,20121027,0.0,10,27,13.6,0.6,15.7,2012
301,2012-10-28,0.0,7.2,281,61.9,0.0,10.1,20121028,0.0,10,28,15.3,3.0,22.3,2012
302,2012-10-29,0.0,3.4,281,72.3,0.0,9.2,20121029,0.0,10,29,11.2,0.8,20.1,2012
303,2012-10-30,0.0,3.8,281,59.5,0.0,8.3,20121030,0.0,10,30,10.9,2.3,16.2,2012
304,2012-10-31,0.0,2.7,281,52.4,0.0,9.8,20121031,0.0,10,31,7.7,2.2,14.9,2012
305,2012-11-01,0.0,2.0,281,40.4,0.0,9.6,20121101,0.0,11,1,7.6,3.6,12.8,2012
306,2012-11-02,0.0,-1.8,281,50.9,0.0,8.8,20121102,0.0,11,2,5.5,1.4,14.5,2012
307,2012-11-03,0.0,-2.3,281,64.3,0.0,9.0,20121103,0.0,11,3,6.4,0.8,17.7,2012
308,2012-11-04,7.0,2.2,281,80.5,0.0,0.4,20121104,0.0,11,4,10.0,1.5,15.2,2012
309,2012-11-05,0.0,6.2,281,64.3,0.0,6.3,20121105,0.0,11,5,12.4,2.1,17.7,2012
310,2012-11-06,1.0,3.6,281,71.5,0.0,3.4,20121106,0.0,11,6,9.1,2.4,14.2,2012
311,2012-11-07,0.0,6.7,281,59.3,0.0,2.4,20121107,0.0,11,7,10.0,3.0,14.1,2012
312,2012-11-08,0.0,6.6,281,64.6,0.0,6.5,20121108,0.0,11,8,10.4,2.3,16.3,2012
313,2012-11-09,0.0,1.8,281,71.5,0.0,6.0,20121109,0.0,11,9,9.3,1.2,17.8,2012
314,2012-11-10,0.3,8.2,281,58.0,0.0,1.0,20121110,0.0,11,10,13.2,3.5,15.2,2012
315,2012-11-11,17.0,7.8,281,70.9,0.0,0.0,20121111,0.0,11,11,11.6,3.2,15.4,2012
316,2012-11-12,0.0,6.2,281,42.4,0.0,7.9,20121112,0.0,11,12,10.2,3.8,15.3,2012
317,2012-11-13,0.4,3.1,281,64.1,0.0,4.3,20121113,0.0,11,13,7.1,3.3,12.1,2012
318,2012-11-14,0.1,2.9,281,54.5,0.0,6.0,20121114,0.0,11,14,4.9,4.0,8.8,2012
319,2012-11-15,0.0,-0.8,281,59.9,0.0,7.9,20121115,0.0,11,15,4.7,1.5,11.8,2012
320,2012-11-16,7.5,-3.5,281,74.5,0.0,3.2,20121116,0.0,11,16,5.3,0.7,12.1,2012
321,2012-11-17,5.5,3.9,281,62.9,0.0,4.2,20121117,0.0,11,17,7.8,3.2,12.4,2012
322,2012-11-18,0.0,-1.9,281,52.9,0.0,7.8,20121118,0.0,11,18,4.5,1.6,11.3,2012
323,2012-11-19,0.0,-3.8,281,62.8,0.0,3.8,20121119,0.0,11,19,4.2,2.2,13.0,2012
324,2012-11-20,0.0,-1.3,281,46.4,0.0,6.3,20121120,0.0,11,20,3.6,2.5,8.6,2012
325,2012-11-21,0.0,-5.8,281,59.8,0.0,5.5,20121121,0.0,11,21,2.6,0.9,10.5,2012
326,2012-11-22,0.0,-2.7,281,66.4,0.0,6.0,20121122,0.0,11,22,4.2,0.7,13.6,2012
327,2012-11-23,0.0,1.6,281,58.6,0.0,3.1,20121123,0.0,11,23,7.4,1.8,12.2,2012
328,2012-11-24,0.0,-2.6,281,46.9,0.0,7.5,20121124,0.0,11,24,3.6,2.6,10.0,2012
329,2012-11-25,0.5,-6.5,281,50.4,0.0,6.8,20121125,0.0,11,25,3.0,1.3,10.8,2012
330,2012-11-26,3.5,1.0,281,63.4,0.0,3.8,20121126,0.0,11,26,3.6,3.3,9.0,2012
331,2012-11-27,0.0,-4.8,281,45.0,0.0,7.8,20121127,0.0,11,27,0.8,2.1,7.8,2012
332,2012-11-28,0.0,-5.7,281,58.9,0.0,5.2,20121128,0.0,11,28,5.0,2.0,14.4,2012
333,2012-11-29,0.0,-4.3,281,47.8,0.0,2.3,20121129,0.0,11,29,3.2,1.9,9.2,2012
334,2012-11-30,0.0,-6.4,281,57.4,0.0,4.7,20121130,0.0,11,30,0.2,0.8,9.8,2012
335,2012-12-01,0.0,-3.9,281,53.1,0.0,5.9,20121201,0.0,12,1,2.1,1.8,6.6,2012
336,2012-12-02,0.2,-1.9,281,79.1,0.0,0.3,20121202,0.0,12,2,2.5,0.8,6.6,2012
337,2012-12-03,0.0,-2.3,281,77.5,0.0,0.0,20121203,0.0,12,3,3.0,1.7,8.6,2012
338,2012-12-04,0.0,-1.9,281,40.3,0.0,7.7,20121204,0.0,12,4,1.2,5.3,4.3,2012
339,2012-12-05,0.5,-1.7,281,52.6,0.0,5.0,20121205,0.0,12,5,1.8,2.8,8.0,2012
340,2012-12-06,0.1,-8.2,281,49.0,0.0,7.6,20121206,0.0,12,6,-3.9,3.4,0.7,2012
341,2012-12-07,5.0,-9.1,281,80.9,0.0,1.9,20121207,0.0,12,7,-3.0,0.9,1.2,2012
342,2012-12-08,0.0,-7.1,281,58.4,0.0,5.8,20121208,0.0,12,8,-3.2,2.9,1.5,2012
343,2012-12-09,0.0,-8.4,281,52.3,0.0,7.6,20121209,0.0,12,9,-5.6,4.7,-2.0,2012
344,2012-12-10,0.0,-9.6,281,48.3,0.0,7.6,20121210,0.0,12,10,-4.0,3.1,1.2,2012
345,2012-12-11,0.0,-11.5,281,49.9,0.0,7.6,20121211,0.0,12,11,-3.7,2.3,2.6,2012
346,2012-12-12,0.0,-8.7,281,57.5,0.0,7.5,20121212,0.0,12,12,-3.3,1.7,4.1,2012
347,2012-12-13,0.0,-11.9,281,59.6,0.0,7.5,20121213,0.0,12,13,-3.1,0.7,8.0,2012
348,2012-12-14,17.5,-4.2,281,83.5,0.0,0.0,20121214,0.0,12,14,1.8,0.9,8.1,2012
349,2012-12-15,0.0,3.2,281,86.0,0.0,0.0,20121215,0.0,12,15,5.3,1.3,8.5,2012
350,2012-12-16,0.0,-2.0,281,76.8,0.0,5.4,20121216,0.0,12,16,4.2,0.9,11.2,2012
351,2012-12-17,0.0,-1.1,281,72.3,0.0,2.0,20121217,0.0,12,17,2.6,2.3,8.8,2012
352,2012-12-18,0.0,-6.4,281,43.5,0.0,5.4,20121218,0.0,12,18,-2.3,3.9,1.9,2012
353,2012-12-19,0.0,-8.1,281,42.0,0.0,7.6,20121219,0.0,12,19,-3.5,2.7,1.5,2012
354,2012-12-20,0.0,-6.9,281,39.8,0.0,7.6,20121220,0.0,12,20,-1.5,2.0,5.3,2012
355,2012-12-21,10.5,-4.8,281,82.1,0.0,0.0,20121221,0.0,12,21,-0.6,0.7,1.3,2012
356,2012-12-22,0.0,-2.0,281,68.3,0.0,5.6,20121222,0.0,12,22,0.9,3.0,4.1,2012
357,2012-12-23,0.0,-8.8,281,45.5,0.0,7.0,20121223,0.0,12,23,-4.1,4.8,-1.0,2012
358,2012-12-24,0.0,-10.6,281,48.9,0.0,7.5,20121224,0.0,12,24,-6.7,2.8,-1.4,2012
359,2012-12-25,0.0,-10.5,281,48.1,0.0,6.5,20121225,0.0,12,25,-4.3,3.6,2.2,2012
360,2012-12-26,0.0,-11.9,281,35.8,0.0,7.5,20121226,0.0,12,26,-7.9,2.4,-1.1,2012
361,2012-12-27,0.0,-14.6,281,45.3,0.0,7.5,20121227,0.0,12,27,-4.9,1.0,3.0,2012
362,2012-12-28,13.0,-4.1,281,82.3,0.0,0.0,20121228,0.0,12,28,-1.5,0.8,1.4,2012
363,2012-12-29,0.5,-3.3,281,88.9,0.0,0.0,20121229,0.0,12,29,0.8,0.9,4.0,2012
364,2012-12-30,1.0,-7.4,281,59.9,0.0,3.4,20121230,0.0,12,30,-2.6,4.3,1.6,2012
365,2012-12-31,0.0,-10.7,281,53.3,0.0,7.6,20121231,0.0,12,31,-6.0,3.4,-1.1,2012
