,tmin,cloud,sunshine,tavg,wind,day,rainfall,date,humid,tmax,year,snow,Date,station_id,month
0,-0.2,2.8,5.5,2.9,3.4,1,0.0,20230101,44.5,7.4,2023,0.0,2023-01-01,281,1
1,-2.8,4.5,6.3,-0.1,3.5,2,0.0,20230102,29.0,4.3,2023,0.0,2023-01-02,281,1
2,-4.5,0.8,7.3,-0.7,4.1,3,0.0,20230103,37.9,4.5,2023,0.0,2023-01-03,281,1
3,-4.1,0.9,7.1,-0.1,2.9,4,0.0,20230104,45.1,6.0,2023,0.0,2023-01-04,281,1
4,-8.8,3.9,5.6,-0.9,1.4,5,0.0,20230105,62.3,6.7,2023,0.0,2023-01-05,281,1
5,-4.5,4.0,6.1,0.5,0.8,6,0.0,20230106,62.9,8.1,2023,0.0,2023-01-06,281,1
6,-3.7,3.4,4.0,2.1,2.2,7,0.5,20230107,63.8,7.4,2023,0.0,2023-01-07,281,1
7,-6.1,0.8,7.1,0.5,1.0,8,0.0,20230108,60.1,9.2,2023,0.0,2023-01-08,281,1
8,-6.2,3.9,2.1,1.0,1.1,9,0.0,20230109,72.1,11.4,2023,0.0,2023-01-09,281,1
9,-6.6,1.9,7.3,0.6,0.5,10,0.0,20230110,71.5,10.4,2023,0.0,2023-01-10,281,1
10,-5.6,1.5,7.2,2.0,0.8,11,0.0,20230111,61.4,12.1,2023,0.0,2023-01-11,281,1
11,-6.3,2.0,7.3,3.6,0.4,12,0.0,20230112,54.8,15.3,2023,0.0,2023-01-12,281,1
12,4.9,8.6,0.1,10.2,0.4,13,14.7,20230113,96.3,14.9,2023,0.0,2023-01-13,281,1
13,5.8,8.5,0.0,8.3,1.1,14,0.1,20230114,91.8,10.1,2023,0.0,2023-01-14,281,1
14,-0.4,8.3,0.0,3.7,1.4,15,3.0,20230115,87.9,6.0,2023,0.0,2023-01-15,281,1
15,-4.7,3.1,7.1,-1.2,2.7,16,0.0,20230116,61.5,3.4,2023,0.0,2023-01-16,281,1
16,-5.5,4.6,6.2,-1.0,2.2,17,0.0,20230117,48.4,3.1,2023,0.0,2023-01-17,281,1
17,-4.7,3.4,6.9,-0.3,1.6,18,0.0,20230118,63.9,5.2,2023,0.0,2023-01-18,281,1
18,-8.0,0.9,7.4,-1.4,1.0,19,0.0,20230119,68.5,6.3,2023,0.0,2023-01-19,281,1
19,-5.0,2.6,6.9,0.0,3.6,20,0.0,20230120,45.8,5.1,2023,0.0,2023-01-20,281,1
20,-8.1,0.6,7.7,-3.5,1.6,21,0.0,20230121,45.3,3.4,2023,0.0,2023-01-21,281,1
21,-7.9,7.1,1.7,-1.5,0.6,22,0.0,20230122,55.4,5.3,2023,0.0,2023-01-22,281,1
22,-6.2,5.3,7.4,2.0,1.6,23,0.0,20230123,56.0,9.1,2023,0.0,2023-01-23,281,1
23,-12.5,0.8,7.7,-8.3,6.2,24,0.0,20230124,36.9,1.2,2023,0.0,2023-01-24,281,1
24,-15.0,0.1,7.8,-9.4,2.7,25,0.0,20230125,32.4,-2.8,2023,0.0,2023-01-25,281,1
25,-14.2,7.6,3.2,-4.8,1.1,26,0.0,20230126,58.5,3.1,2023,0.0,2023-01-26,281,1
26,-7.5,0.9,7.5,-3.7,4.0,27,0.0,20230127,45.8,0.2,2023,0.0,2023-01-27,281,1
27,-9.8,0.9,7.5,-4.2,3.1,28,0.0,20230128,43.5,1.3,2023,0.0,2023-01-28,281,1
28,-7.1,2.0,7.1,0.3,2.1,29,0.0,20230129,52.6,5.2,2023,0.0,2023-01-29,281,1
29,-4.4,0.0,7.8,0.3,2.8,30,0.0,20230130,37.4,5.7,2023,0.0,2023-01-30,281,1
30,-9.6,1.3,7.9,-1.1,0.8,31,0.0,20230131,48.8,9.8,2023,0.0,2023-01-31,281,1
31,-4.9,2.0,6.8,2.3,2.1,1,0.0,20230201,48.4,12.2,2023,0.0,2023-02-01,281,2
32,-5.0,7.1,5.5,0.0,1.3,2,0.0,20230202,43.5,6.0,2023,0.0,2023-02-02,281,2
33,-5.6,4.0,4.7,0.5,1.0,3,0.0,20230203,39.8,8.4,2023,0.0,2023-02-03,281,2
34,-5.5,0.0,8.0,0.3,2.5,4,0.0,20230204,45.0,6.6,2023,0.0,2023-02-04,281,2
35,-9.6,0.4,8.2,-0.9,0.9,5,0.0,20230205,51.4,9.5,2023,0.0,2023-02-05,281,2
36,-8.3,5.0,8.0,1.9,0.5,6,0.0,20230206,48.1,12.9,2023,0.0,2023-02-06,281,2
37,-4.8,4.0,6.1,2.9,0.9,7,0.0,20230207,71.5,12.8,2023,0.0,2023-02-07,281,2
38,-5.2,2.0,6.9,2.1,1.2,8,0.0,20230208,60.4,11.9,2023,0.0,2023-02-08,281,2
39,-6.3,6.8,3.4,2.4,1.6,9,0.3,20230209,64.3,9.1,2023,0.0,2023-02-09,281,2
40,-0.3,6.8,0.3,3.5,1.3,10,10.3,20230210,91.0,7.9,2023,0.0,2023-02-10,281,2
41,-3.5,4.4,4.5,2.1,0.7,11,0.0,20230211,86.0,10.3,2023,0.0,2023-02-11,281,2
42,-4.0,7.4,1.5,3.7,1.0,12,0.0,20230212,79.0,10.2,2023,0.0,2023-02-12,281,2
43,3.6,8.1,0.0,6.0,1.7,13,0.7,20230213,72.8,7.8,2023,0.0,2023-02-13,281,2
44,0.5,7.3,3.5,3.7,1.5,14,0.0,20230214,70.9,9.3,2023,0.0,2023-02-14,281,2
45,-0.5,8.4,0.2,2.4,1.6,15,0.0,20230215,76.4,4.9,2023,0.0,2023-02-15,281,2
46,-0.6,5.3,0.8,3.2,1.0,16,0.0,20230216,74.9,9.8,2023,0.0,2023-02-16,281,2
47,-2.8,6.4,1.3,3.4,0.5,17,0.0,20230217,65.1,7.8,2023,0.0,2023-02-17,281,2
48,4.3,7.4,0.0,6.2,0.5,18,0.0,20230218,74.3,8.1,2023,0.0,2023-02-18,281,2
49,1.1,4.6,5.8,6.8,3.8,19,0.0,20230219,52.6,11.0,2023,0.0,2023-02-19,281,2
50,-2.7,0.0,9.3,1.9,3.5,20,0.0,20230220,38.9,7.5,2023,0.0,2023-02-20,281,2
51,-6.5,0.1,9.4,-0.4,1.5,21,0.0,20230221,49.5,6.7,2023,0.0,2023-02-21,281,2
52,-7.7,3.8,8.7,2.1,0.8,22,0.0,20230222,58.9,10.6,2023,0.0,2023-02-22,281,2
53,2.8,4.9,9.0,7.3,2.3,23,0.0,20230223,39.5,12.5,2023,0.0,2023-02-23,281,2
54,-1.2,3.3,7.7,6.3,2.5,24,0.0,20230224,39.8,12.4,2023,0.0,2023-02-24,281,2
55,-4.4,1.5,9.7,2.6,1.7,25,0.0,20230225,45.8,9.4,2023,0.0,2023-02-25,281,2
56,-7.4,0.0,9.9,1.5,0.9,26,0.0,20230226,50.0,10.9,2023,0.0,2023-02-26,281,2
57,-7.3,0.0,10.1,3.7,0.8,27,0.0,20230227,50.1,16.3,2023,0.0,2023-02-27,281,2
58,-5.3,1.4,10.1,7.0,1.6,28,0.0,20230228,44.9,16.7,2023,0.0,2023-02-28,281,2
59,3.8,5.6,0.3,8.0,2.2,1,0.0,20230301,55.9,13.6,2023,0.0,2023-03-01,281,3
60,0.0,0.0,10.4,4.0,2.7,2,0.0,20230302,27.9,8.8,2023,0.0,2023-03-02,281,3
61,-1.2,0.6,10.4,6.2,2.5,3,0.0,20230303,31.9,14.1,2023,0.0,2023-03-03,281,3
62,-2.3,4.9,7.8,6.1,1.2,4,0.0,20230304,62.0,14.6,2023,0.0,2023-03-04,281,3
63,-1.8,1.5,10.0,7.0,0.8,5,0.0,20230305,64.6,16.3,2023,0.0,2023-03-05,281,3
64,-1.7,0.0,10.4,7.5,0.9,6,0.0,20230306,55.6,18.9,2023,0.0,2023-03-06,281,3
65,-1.3,0.0,9.3,11.2,1.5,7,0.0,20230307,46.0,21.3,2023,0.0,2023-03-07,281,3
66,3.0,2.3,10.2,12.0,1.5,8,0.0,20230308,50.6,21.5,2023,0.0,2023-03-08,281,3
67,4.6,2.6,7.8,14.1,1.7,9,0.5,20230309,55.4,22.1,2023,0.0,2023-03-09,281,3
68,2.9,0.3,10.0,12.3,1.4,10,0.0,20230310,60.1,21.9,2023,0.0,2023-03-10,281,3
69,4.0,4.3,8.3,14.4,1.1,11,0.0,20230311,57.0,24.3,2023,0.0,2023-03-11,281,3
70,1.8,6.4,3.0,8.7,2.8,12,17.8,20230312,74.8,19.4,2023,0.0,2023-03-12,281,3
71,-0.9,3.2,11.0,4.1,3.0,13,0.0,20230313,37.8,10.6,2023,0.0,2023-03-13,281,3
72,1.1,4.9,6.5,8.0,1.4,14,0.0,20230314,50.4,17.3,2023,0.0,2023-03-14,281,3
73,0.3,2.4,9.6,12.1,2.1,15,0.0,20230315,60.3,21.0,2023,0.0,2023-03-15,281,3
74,5.1,6.6,8.1,9.7,2.5,16,0.0,20230316,36.0,15.0,2023,0.0,2023-03-16,281,3
75,4.2,9.4,3.1,8.2,1.7,17,0.0,20230317,60.4,12.2,2023,0.0,2023-03-17,281,3
76,5.7,4.8,4.4,10.0,1.2,18,0.0,20230318,56.4,16.8,2023,0.0,2023-03-18,281,3
77,2.1,0.0,10.9,9.4,1.4,19,0.0,20230319,42.8,18.0,2023,0.0,2023-03-19,281,3
78,-1.0,2.9,10.4,10.3,1.2,20,0.0,20230320,50.4,19.9,2023,0.0,2023-03-20,281,3
79,5.6,3.6,8.7,13.0,1.3,21,0.0,20230321,53.8,22.4,2023,0.0,2023-03-21,281,3
80,7.3,8.3,0.9,15.1,1.4,22,2.3,20230322,74.8,21.4,2023,0.0,2023-03-22,281,3
81,13.2,9.3,0.0,14.5,0.8,23,22.6,20230323,98.3,15.5,2023,0.0,2023-03-23,281,3
82,9.3,8.8,2.9,11.6,2.8,24,0.0,20230324,73.9,15.4,2023,0.0,2023-03-24,281,3
83,8.1,9.3,0.0,9.6,1.7,25,0.0,20230325,69.5,11.9,2023,0.0,2023-03-25,281,3
84,5.9,6.3,3.6,10.1,1.0,26,0.0,20230326,74.3,17.1,2023,0.0,2023-03-26,281,3
85,2.5,1.6,10.4,8.5,1.6,27,0.0,20230327,41.8,16.2,2023,0.0,2023-03-27,281,3
86,-0.4,0.0,10.8,9.3,1.0,28,0.0,20230328,57.8,18.9,2023,0.0,2023-03-28,281,3
87,1.5,1.3,10.8,11.0,1.0,29,0.0,20230329,56.9,20.3,2023,0.0,2023-03-29,281,3
88,2.5,4.5,9.4,13.0,0.9,30,0.0,20230330,51.9,23.2,2023,0.0,2023-03-30,281,3
89,3.0,1.0,10.9,13.6,1.4,31,0.0,20230331,52.8,24.5,2023,0.0,2023-03-31,281,3
90,3.9,0.9,10.9,12.8,1.8,1,0.0,20230401,64.9,22.0,2023,0.0,2023-04-01,281,4
91,4.8,0.1,11.1,12.2,2.2,2,0.0,20230402,61.5,19.2,2023,0.0,2023-04-02,281,4
92,4.0,1.9,10.3,11.8,2.1,3,0.0,20230403,64.8,18.4,2023,0.0,2023-04-03,281,4
93,7.4,8.9,5.5,14.7,1.2,4,2.6,20230404,67.1,22.6,2023,0.0,2023-04-04,281,4
94,12.7,9.6,0.0,14.8,1.3,5,6.1,20230405,92.3,16.9,2023,0.0,2023-04-05,281,4
95,9.7,8.3,5.7,13.4,3.1,6,2.7,20230406,75.8,18.7,2023,0.0,2023-04-06,281,4
96,0.0,2.1,10.7,0.0,3.5,7,4.1,20230407,52.9,0.0,2023,0.0,2023-04-07,281,4
97,3.2,0.4,11.7,9.8,4.0,8,0.0,20230408,34.5,16.3,2023,0.0,2023-04-08,281,4
98,1.6,0.0,11.7,12.7,2.1,9,0.0,20230409,32.0,20.6,2023,0.0,2023-04-09,281,4
99,1.7,1.9,11.4,13.1,1.8,10,0.0,20230410,47.8,22.1,2023,0.0,2023-04-10,281,4
100,8.0,5.4,6.4,17.2,3.1,11,0.0,20230411,61.4,23.2,2023,0.0,2023-04-11,281,4
101,9.4,1.0,11.6,14.2,3.7,12,0.0,20230412,21.6,19.7,2023,0.0,2023-04-12,281,4
102,2.8,3.0,10.7,15.0,1.3,13,0.0,20230413,28.8,24.7,2023,0.0,2023-04-13,281,4
103,6.4,6.8,2.0,15.0,1.0,14,0.2,20230414,58.9,21.3,2023,0.0,2023-04-14,281,4
104,6.3,8.0,0.0,11.9,1.0,15,1.9,20230415,90.1,15.8,2023,0.0,2023-04-15,281,4
105,4.4,5.4,4.2,10.0,1.3,16,0.0,20230416,78.4,19.1,2023,0.0,2023-04-16,281,4
106,2.1,0.9,10.9,12.8,1.1,17,0.0,20230417,55.8,21.0,2023,0.0,2023-04-17,281,4
107,11.0,7.5,0.1,14.7,1.0,18,1.6,20230418,80.5,19.7,2023,0.0,2023-04-18,281,4
108,10.0,4.5,9.0,16.7,1.8,19,0.0,20230419,78.1,22.0,2023,0.0,2023-04-19,281,4
109,13.6,4.1,7.2,21.3,1.8,20,0.0,20230420,66.4,28.5,2023,0.0,2023-04-20,281,4
110,9.8,3.8,9.2,14.8,2.7,21,0.0,20230421,58.6,19.5,2023,0.0,2023-04-21,281,4
111,6.3,2.8,10.8,12.4,2.4,22,0.0,20230422,52.9,17.5,2023,0.0,2023-04-22,281,4
112,4.8,7.4,6.1,12.1,1.8,23,0.0,20230423,59.0,17.9,2023,0.0,2023-04-23,281,4
113,5.5,7.6,1.4,11.5,1.9,24,0.0,20230424,62.5,15.9,2023,0.0,2023-04-24,281,4
114,3.8,8.6,0.0,8.5,0.8,25,7.2,20230425,88.6,11.0,2023,0.0,2023-04-25,281,4
115,6.2,1.9,9.7,11.9,2.2,26,0.0,20230426,64.5,18.7,2023,0.0,2023-04-26,281,4
116,1.7,0.8,12.1,13.3,1.2,27,0.0,20230427,62.1,23.2,2023,0.0,2023-04-27,281,4
117,5.2,1.8,12.3,16.5,1.9,28,0.0,20230428,58.4,24.9,2023,0.0,2023-04-28,281,4
118,11.0,9.1,0.3,15.9,1.9,29,5.3,20230429,81.8,22.4,2023,0.0,2023-04-29,281,4
119,8.5,1.1,12.3,15.1,3.4,30,0.0,20230430,46.3,22.9,2023,0.0,2023-04-30,281,4
120,8.0,0.9,11.5,15.3,2.5,1,0.0,20230501,45.0,22.2,2023,0.0,2023-05-01,281,5
121,3.7,5.0,10.2,14.9,1.1,2,0.0,20230502,57.5,24.9,2023,0.0,2023-05-02,281,5
122,8.6,7.3,5.2,17.3,1.7,3,0.0,20230503,58.1,24.7,2023,0.0,2023-05-03,281,5
123,11.7,8.5,3.3,17.8,1.6,4,0.1,20230504,70.5,23.2,2023,0.0,2023-05-04,281,5
124,16.1,9.6,0.0,18.4,1.0,5,28.5,20230505,97.1,20.5,2023,0.0,2023-05-05,281,5
125,10.9,9.8,0.0,13.0,1.9,6,30.6,20230506,93.3,18.8,2023,0.0,2023-05-06,281,5
126,8.9,7.6,0.0,11.1,1.2,7,4.5,20230507,84.1,13.4,2023,0.0,2023-05-07,281,5
127,3.2,4.4,11.1,12.1,1.4,8,0.0,20230508,61.5,20.3,2023,0.0,2023-05-08,281,5
128,3.7,1.0,12.6,16.3,1.5,9,0.0,20230509,54.9,26.3,2023,0.0,2023-05-09,281,5
129,8.7,4.4,12.0,17.4,1.7,10,0.0,20230510,54.0,26.0,2023,0.0,2023-05-10,281,5
130,8.5,5.0,9.8,15.6,2.2,11,0.0,20230511,66.8,22.4,2023,0.0,2023-05-11,281,5
131,8.1,7.1,7.8,17.8,1.0,12,0.0,20230512,54.3,25.9,2023,0.0,2023-05-12,281,5
132,14.1,6.4,7.5,18.0,1.4,13,0.0,20230513,69.0,23.1,2023,0.0,2023-05-13,281,5
133,11.4,3.0,9.1,18.2,1.1,14,0.0,20230514,66.5,26.7,2023,0.0,2023-05-14,281,5
134,10.3,1.0,12.5,19.8,1.3,15,0.0,20230515,59.6,28.0,2023,0.0,2023-05-15,281,5
135,12.3,1.5,11.6,23.2,1.5,16,0.0,20230516,59.0,32.9,2023,0.0,2023-05-16,281,5
136,13.6,2.0,12.6,23.2,1.8,17,0.0,20230517,55.4,31.6,2023,0.0,2023-05-17,281,5
137,15.5,9.6,0.0,17.4,1.2,18,5.9,20230518,85.3,20.8,2023,0.0,2023-05-18,281,5
138,13.0,6.3,2.6,17.1,1.7,19,0.5,20230519,84.0,22.4,2023,0.0,2023-05-19,281,5
139,10.4,3.8,12.4,19.0,1.0,20,0.0,20230520,70.4,27.1,2023,0.0,2023-05-20,281,5
140,16.7,5.3,11.3,22.2,2.4,21,0.0,20230521,57.9,29.3,2023,0.0,2023-05-21,281,5
141,11.1,6.5,1.3,16.2,1.0,22,0.5,20230522,75.9,19.0,2023,0.0,2023-05-22,281,5
142,9.3,2.9,10.6,16.7,1.2,23,0.0,20230523,64.4,24.4,2023,0.0,2023-05-23,281,5
143,8.4,5.5,8.7,17.3,1.3,24,0.0,20230524,58.8,24.9,2023,0.0,2023-05-24,281,5
144,13.1,5.5,8.2,19.9,1.3,25,0.0,20230525,49.1,27.4,2023,0.0,2023-05-25,281,5
145,14.8,8.5,4.9,20.9,1.4,26,0.0,20230526,60.1,26.0,2023,0.0,2023-05-26,281,5
146,17.8,9.0,1.4,22.4,1.3,27,0.0,20230527,68.1,27.5,2023,0.0,2023-05-27,281,5
147,18.9,9.6,0.0,20.9,0.7,28,20.8,20230528,91.6,22.6,2023,0.0,2023-05-28,281,5
148,18.1,9.5,0.0,19.5,0.9,29,75.5,20230529,99.9,21.4,2023,0.0,2023-05-29,281,5
149,16.6,7.8,1.9,18.6,1.8,30,0.0,20230530,86.1,21.9,2023,0.0,2023-05-30,281,5
150,14.1,3.1,12.2,19.0,1.9,31,0.0,20230531,67.1,24.8,2023,0.0,2023-05-31,281,5
151,11.4,8.6,0.8,17.1,0.7,1,0.1,20230601,84.1,20.9,2023,0.0,2023-06-01,281,6
152,18.1,4.3,10.0,22.6,2.0,2,0.4,20230602,68.4,30.0,2023,0.0,2023-06-02,281,6
153,14.8,3.4,10.6,22.1,1.7,3,0.0,20230603,55.9,29.1,2023,0.0,2023-06-03,281,6
154,15.4,6.9,11.3,22.6,2.0,4,0.0,20230604,50.1,29.3,2023,0.0,2023-06-04,281,6
155,15.5,6.8,7.6,22.8,1.8,5,0.0,20230605,54.5,28.2,2023,0.0,2023-06-05,281,6
156,17.7,3.3,10.0,22.8,1.7,6,0.0,20230606,58.1,28.9,2023,0.0,2023-06-06,281,6
157,15.9,6.8,7.8,22.7,1.5,7,0.0,20230607,65.6,28.3,2023,0.0,2023-06-07,281,6
158,17.9,6.8,8.4,22.8,1.4,8,0.0,20230608,63.9,28.2,2023,0.0,2023-06-08,281,6
159,16.2,0.8,11.6,23.0,1.4,9,0.0,20230609,62.5,30.1,2023,0.0,2023-06-09,281,6
160,15.9,5.6,6.8,23.0,1.5,10,0.0,20230610,70.5,30.4,2023,0.0,2023-06-10,281,6
161,18.5,5.8,6.6,23.4,1.4,11,0.0,20230611,71.3,28.8,2023,0.0,2023-06-11,281,6
162,17.8,5.8,9.2,21.8,1.8,12,3.3,20230612,81.0,26.9,2023,0.0,2023-06-12,281,6
163,18.4,6.8,7.1,22.5,1.0,13,0.1,20230613,79.1,28.8,2023,0.0,2023-06-13,281,6
164,16.0,6.1,6.5,20.0,1.3,14,45.3,20230614,84.0,28.7,2023,0.0,2023-06-14,281,6
165,15.2,3.5,7.0,19.1,1.1,15,38.9,20230615,85.5,27.1,2023,0.0,2023-06-15,281,6
166,14.6,0.3,11.3,23.2,1.3,16,0.0,20230616,73.4,30.9,2023,0.0,2023-06-16,281,6
167,17.5,5.5,11.2,25.7,1.3,17,0.0,20230617,65.4,33.0,2023,0.0,2023-06-17,281,6
168,20.3,4.5,10.6,25.2,1.5,18,0.0,20230618,60.8,31.8,2023,0.0,2023-06-18,281,6
169,17.3,3.5,11.8,22.6,2.1,19,0.0,20230619,72.6,28.6,2023,0.0,2023-06-19,281,6
170,17.9,7.5,6.4,21.7,2.5,20,0.0,20230620,73.5,26.1,2023,0.0,2023-06-20,281,6
171,18.4,7.8,0.0,21.1,1.1,21,10.4,20230621,93.5,23.3,2023,0.0,2023-06-21,281,6
172,18.3,6.4,4.7,22.9,1.8,22,3.9,20230622,75.8,28.0,2023,0.0,2023-06-22,281,6
173,18.4,5.3,11.5,22.9,1.9,23,0.0,20230623,73.1,28.7,2023,0.0,2023-06-23,281,6
174,17.5,6.8,10.1,22.6,1.8,24,0.0,20230624,75.6,28.9,2023,0.0,2023-06-24,281,6
175,18.1,9.0,4.2,23.1,1.3,25,1.0,20230625,77.6,29.4,2023,0.0,2023-06-25,281,6
176,20.4,9.8,0.1,23.5,1.0,26,29.7,20230626,92.9,26.5,2023,0.0,2023-06-26,281,6
177,22.8,8.1,7.4,26.9,2.1,27,43.1,20230627,76.5,32.7,2023,0.0,2023-06-27,281,6
178,19.5,7.8,5.6,24.1,2.1,28,23.2,20230628,80.5,29.3,2023,0.0,2023-06-28,281,6
179,23.5,8.9,0.8,25.4,1.5,29,4.0,20230629,86.0,28.6,2023,0.0,2023-06-29,281,6
180,20.8,9.6,0.0,22.8,1.2,30,44.2,20230630,97.5,25.5,2023,0.0,2023-06-30,281,6
181,20.2,4.3,8.0,24.2,1.1,1,0.0,20230701,82.6,29.6,2023,0.0,2023-07-01,281,7
182,20.8,6.6,7.1,26.5,1.2,2,0.0,20230702,77.3,32.7,2023,0.0,2023-07-02,281,7
183,20.0,5.3,9.4,25.1,1.8,3,0.0,20230703,80.6,30.6,2023,0.0,2023-07-03,281,7
184,22.1,8.8,2.6,24.8,1.2,4,4.9,20230704,87.1,28.8,2023,0.0,2023-07-04,281,7
185,21.0,4.8,8.6,25.9,2.1,5,7.3,20230705,78.3,30.4,2023,0.0,2023-07-05,281,7
186,19.2,7.6,5.5,25.7,1.1,6,0.0,20230706,75.1,32.3,2023,0.0,2023-07-06,281,7
187,17.8,9.4,0.0,21.0,1.0,7,37.0,20230707,92.9,24.9,2023,0.0,2023-07-07,281,7
188,19.4,7.5,1.4,22.5,1.3,8,0.0,20230708,86.4,26.7,2023,0.0,2023-07-08,281,7
189,21.4,7.3,3.7,26.4,1.1,9,0.0,20230709,79.8,30.7,2023,0.0,2023-07-09,281,7
190,22.4,5.0,7.1,27.5,1.5,10,0.0,20230710,78.1,31.5,2023,0.0,2023-07-10,281,7
191,22.4,8.8,0.1,24.2,1.1,11,32.6,20230711,93.8,29.7,2023,0.0,2023-07-11,281,7
192,22.2,7.8,4.4,26.4,1.3,12,0.0,20230712,84.4,30.7,2023,0.0,2023-07-12,281,7
193,23.8,9.9,0.0,25.4,0.8,13,1.3,20230713,93.6,27.1,2023,0.0,2023-07-13,281,7
194,23.8,9.9,0.0,25.2,1.7,14,33.8,20230714,90.9,27.3,2023,0.0,2023-07-14,281,7
195,22.5,9.5,0.2,26.3,2.2,15,8.9,20230715,83.4,29.6,2023,0.0,2023-07-15,281,7
196,21.9,9.4,0.7,24.3,0.9,16,3.5,20230716,91.1,27.8,2023,0.0,2023-07-16,281,7
197,22.4,8.0,4.8,26.2,1.3,17,12.1,20230717,85.9,31.0,2023,0.0,2023-07-17,281,7
198,21.7,10.0,0.0,23.0,1.0,18,81.9,20230718,99.8,24.6,2023,0.0,2023-07-18,281,7
199,21.3,2.6,6.9,24.0,1.3,19,0.0,20230719,86.4,28.2,2023,0.0,2023-07-19,281,7
200,19.9,5.1,8.4,25.6,1.1,20,0.0,20230720,82.1,32.0,2023,0.0,2023-07-20,281,7
201,22.0,4.6,5.2,25.0,1.8,21,0.0,20230721,85.6,29.2,2023,0.0,2023-07-21,281,7
202,19.7,7.3,5.0,24.8,1.3,22,0.0,20230722,80.8,28.8,2023,0.0,2023-07-22,281,7
203,23.3,8.3,0.0,26.6,1.2,23,0.0,20230723,80.6,29.6,2023,0.0,2023-07-23,281,7
204,23.8,8.4,1.6,26.3,1.2,24,4.2,20230724,86.5,30.7,2023,0.0,2023-07-24,281,7
205,23.2,7.0,4.5,26.1,1.3,25,0.3,20230725,85.6,32.0,2023,0.0,2023-07-25,281,7
206,22.0,6.9,5.0,26.1,1.3,26,6.3,20230726,84.1,33.1,2023,0.0,2023-07-26,281,7
207,21.2,3.9,8.3,26.8,0.9,27,0.0,20230727,82.5,33.6,2023,0.0,2023-07-27,281,7
208,23.2,3.3,10.3,28.5,0.9,28,0.0,20230728,79.1,34.6,2023,0.0,2023-07-28,281,7
209,23.6,2.4,11.3,29.2,1.0,29,0.0,20230729,71.3,35.5,2023,0.0,2023-07-29,281,7
210,23.4,3.5,10.2,28.3,1.0,30,0.0,20230730,76.4,34.0,2023,0.0,2023-07-30,281,7
211,22.5,5.1,11.8,28.1,1.3,31,0.0,20230731,75.0,34.5,2023,0.0,2023-07-31,281,7
212,22.8,3.9,11.9,28.1,1.1,1,0.0,20230801,73.5,34.1,2023,0.0,2023-08-01,281,8
213,21.9,6.5,9.8,27.9,1.0,2,0.0,20230802,75.0,34.8,2023,0.0,2023-08-02,281,8
214,24.0,4.4,9.9,29.8,1.2,3,0.0,20230803,71.3,35.9,2023,0.0,2023-08-03,281,8
215,23.7,4.4,9.2,29.3,1.0,4,0.0,20230804,74.9,35.1,2023,0.0,2023-08-04,281,8
216,24.4,4.1,7.3,29.6,1.1,5,0.0,20230805,75.3,35.7,2023,0.0,2023-08-05,281,8
217,23.9,4.5,10.1,28.7,1.7,6,0.0,20230806,75.6,33.9,2023,0.0,2023-08-06,281,8
218,24.8,6.0,9.5,28.6,2.0,7,0.0,20230807,74.4,34.0,2023,0.0,2023-08-07,281,8
219,24.7,6.1,4.1,27.5,1.8,8,0.0,20230808,75.9,32.5,2023,0.0,2023-08-08,281,8
220,24.5,9.5,0.0,25.5,1.1,9,25.2,20230809,90.0,27.1,2023,0.0,2023-08-09,281,8
221,23.4,8.8,0.0,24.5,3.4,10,111.6,20230810,88.9,26.1,2023,0.0,2023-08-10,281,8
222,22.2,3.8,11.0,26.5,1.7,11,0.0,20230811,71.3,31.7,2023,0.0,2023-08-11,281,8
223,21.8,8.1,4.4,26.1,1.0,12,0.0,20230812,77.6,32.0,2023,0.0,2023-08-12,281,8
224,21.8,6.4,7.0,25.8,1.5,13,0.0,20230813,80.1,31.6,2023,0.0,2023-08-13,281,8
225,22.4,6.5,6.3,25.5,1.4,14,0.0,20230814,81.9,30.5,2023,0.0,2023-08-14,281,8
226,22.3,4.8,10.3,25.4,1.5,15,0.0,20230815,81.0,31.4,2023,0.0,2023-08-15,281,8
227,21.8,6.9,6.6,25.5,1.6,16,0.0,20230816,80.8,32.5,2023,0.0,2023-08-16,281,8
228,23.2,7.5,1.5,25.0,1.4,17,0.0,20230817,81.8,27.9,2023,0.0,2023-08-17,281,8
229,23.0,7.3,0.1,24.4,0.8,18,22.3,20230818,93.1,27.7,2023,0.0,2023-08-18,281,8
230,23.4,6.4,3.0,26.2,0.7,19,1.3,20230819,90.3,30.4,2023,0.0,2023-08-19,281,8
231,24.6,5.8,6.8,27.2,1.2,20,3.4,20230820,87.5,32.5,2023,0.0,2023-08-20,281,8
232,24.5,4.5,9.4,28.1,1.0,21,0.0,20230821,78.4,33.5,2023,0.0,2023-08-21,281,8
233,22.8,3.6,9.5,27.7,1.3,22,0.0,20230822,76.6,33.4,2023,0.0,2023-08-22,281,8
234,22.0,5.4,9.7,27.4,1.4,23,0.0,20230823,75.6,33.7,2023,0.0,2023-08-23,281,8
235,22.0,9.8,0.1,24.2,1.9,24,24.8,20230824,93.3,27.6,2023,0.0,2023-08-24,281,8
236,21.5,6.0,7.8,26.0,1.4,25,7.5,20230825,79.4,31.9,2023,0.0,2023-08-25,281,8
237,19.3,2.1,11.5,24.8,1.1,26,0.0,20230826,78.0,31.4,2023,0.0,2023-08-26,281,8
238,20.0,6.3,6.2,24.0,1.4,27,4.2,20230827,87.1,29.9,2023,0.0,2023-08-27,281,8
239,21.2,7.5,1.8,24.6,1.7,28,0.0,20230828,87.3,28.2,2023,0.0,2023-08-28,281,8
240,22.5,8.6,1.7,25.6,0.9,29,1.6,20230829,90.0,28.8,2023,0.0,2023-08-29,281,8
241,22.2,8.4,0.0,24.4,0.7,30,28.1,20230830,99.4,25.7,2023,0.0,2023-08-30,281,8
242,20.8,7.8,0.3,23.1,1.0,31,37.1,20230831,93.1,25.4,2023,0.0,2023-08-31,281,8
243,22.2,8.3,4.9,24.6,1.1,1,0.1,20230901,85.3,29.3,2023,0.0,2023-09-01,281,9
244,21.2,5.6,2.3,24.2,1.4,2,1.1,20230902,84.5,28.6,2023,0.0,2023-09-02,281,9
245,22.1,6.4,4.9,25.2,1.1,3,0.0,20230903,85.5,30.3,2023,0.0,2023-09-03,281,9
246,21.0,4.8,6.4,25.2,1.4,4,0.0,20230904,82.3,29.7,2023,0.0,2023-09-04,281,9
247,20.4,6.3,10.2,24.9,1.5,5,0.0,20230905,72.6,30.1,2023,0.0,2023-09-05,281,9
248,18.8,3.6,8.3,23.8,1.4,6,0.0,20230906,77.5,29.8,2023,0.0,2023-09-06,281,9
249,16.3,0.9,10.5,22.2,1.7,7,0.0,20230907,74.3,28.2,2023,0.0,2023-09-07,281,9
250,16.8,2.1,7.6,21.8,1.3,8,0.0,20230908,76.0,27.9,2023,0.0,2023-09-08,281,9
251,15.3,0.8,10.3,21.5,1.1,9,0.0,20230909,77.0,28.4,2023,0.0,2023-09-09,281,9
252,15.9,2.6,9.9,22.2,1.1,10,0.0,20230910,77.4,29.3,2023,0.0,2023-09-10,281,9
253,18.4,4.5,8.0,23.9,1.1,11,0.0,20230911,79.1,31.1,2023,0.0,2023-09-11,281,9
254,20.8,8.9,3.6,24.8,0.9,12,0.0,20230912,81.0,30.0,2023,0.0,2023-09-12,281,9
255,21.4,8.9,0.0,23.8,1.3,13,0.7,20230913,89.3,27.1,2023,0.0,2023-09-13,281,9
256,20.8,9.9,0.0,22.1,1.0,14,6.4,20230914,92.4,24.7,2023,0.0,2023-09-14,281,9
257,20.8,7.4,0.0,22.3,0.6,15,11.9,20230915,97.1,24.7,2023,0.0,2023-09-15,281,9
258,21.3,8.1,0.0,22.6,0.6,16,20.3,20230916,98.9,24.3,2023,0.0,2023-09-16,281,9
259,21.8,9.4,2.0,23.8,0.6,17,13.7,20230917,91.0,27.6,2023,0.0,2023-09-17,281,9
260,22.0,5.8,7.7,25.5,1.0,18,5.2,20230918,82.1,30.7,2023,0.0,2023-09-18,281,9
261,20.6,4.5,8.1,24.3,1.5,19,0.0,20230919,77.6,29.1,2023,0.0,2023-09-19,281,9
262,19.8,9.8,0.0,21.3,1.3,20,43.6,20230920,93.1,24.7,2023,0.0,2023-09-20,281,9
263,17.5,7.4,0.0,19.1,1.1,21,8.6,20230921,95.5,21.4,2023,0.0,2023-09-21,281,9
264,15.2,5.1,7.6,19.4,0.8,22,0.0,20230922,80.6,24.4,2023,0.0,2023-09-22,281,9
265,13.3,5.9,5.8,18.9,1.5,23,0.0,20230923,77.8,24.9,2023,0.0,2023-09-23,281,9
266,14.4,5.1,8.4,19.6,2.4,24,0.0,20230924,70.8,24.9,2023,0.0,2023-09-24,281,9
267,17.4,8.5,0.7,20.6,1.2,25,1.5,20230925,81.0,24.6,2023,0.0,2023-09-25,281,9
268,19.3,8.4,0.0,20.3,0.8,26,23.5,20230926,99.6,21.1,2023,0.0,2023-09-26,281,9
269,20.3,8.4,0.5,22.6,1.0,27,0.0,20230927,87.4,25.7,2023,0.0,2023-09-27,281,9
270,17.4,3.1,9.2,22.4,2.0,28,0.0,20230928,77.3,28.1,2023,0.0,2023-09-28,281,9
271,15.1,5.5,5.4,20.7,0.9,29,0.0,20230929,82.5,26.2,2023,0.0,2023-09-29,281,9
272,14.8,5.6,5.3,19.0,1.7,30,3.7,20230930,79.1,24.3,2023,0.0,2023-09-30,281,9
273,11.5,2.0,9.7,17.9,1.7,1,0.0,20231001,69.3,24.1,2023,0.0,2023-10-01,281,10
274,9.3,3.9,9.5,15.5,1.0,2,0.0,20231002,73.3,24.1,2023,0.0,2023-10-02,281,10
275,9.8,7.4,0.4,15.2,0.6,3,0.2,20231003,86.9,20.9,2023,0.0,2023-10-03,281,10
276,12.9,7.0,7.9,18.5,1.5,4,0.0,20231004,73.5,24.2,2023,0.0,2023-10-04,281,10
277,10.8,4.6,8.4,15.6,2.4,5,0.0,20231005,45.9,20.7,2023,0.0,2023-10-05,281,10
278,8.6,5.9,9.0,15.2,0.9,6,0.0,20231006,65.4,21.8,2023,0.0,2023-10-06,281,10
279,11.0,8.5,3.3,16.2,1.0,7,0.0,20231007,76.1,22.1,2023,0.0,2023-10-07,281,10
280,14.1,8.6,0.0,16.6,1.3,8,0.0,20231008,75.0,19.8,2023,0.0,2023-10-08,281,10
281,14.0,7.4,1.5,17.2,0.7,9,0.0,20231009,78.3,21.5,2023,0.0,2023-10-09,281,10
282,12.3,4.9,6.9,16.5,1.4,10,0.0,20231010,75.4,22.2,2023,0.0,2023-10-10,281,10
283,8.7,2.0,7.5,14.1,1.1,11,0.0,20231011,73.0,22.3,2023,0.0,2023-10-11,281,10
284,6.4,3.8,9.6,14.1,0.8,12,0.0,20231012,74.1,23.1,2023,0.0,2023-10-12,281,10
285,10.4,8.0,6.4,15.9,0.7,13,0.0,20231013,75.5,23.1,2023,0.0,2023-10-13,281,10
286,11.6,5.3,5.5,15.9,0.9,14,0.6,20231014,83.0,23.3,2023,0.0,2023-10-14,281,10
287,10.1,2.3,8.0,15.2,2.0,15,0.0,20231015,75.1,21.9,2023,0.0,2023-10-15,281,10
288,8.9,1.5,9.0,15.0,1.5,16,0.0,20231016,69.1,21.8,2023,0.0,2023-10-16,281,10
289,6.3,0.0,9.8,13.1,1.4,17,0.0,20231017,62.6,21.6,2023,0.0,2023-10-17,281,10
290,4.3,3.5,9.5,12.9,0.9,18,0.0,20231018,72.6,23.2,2023,0.0,2023-10-18,281,10
291,8.5,8.0,3.5,15.4,1.0,19,1.8,20231019,74.5,22.7,2023,0.0,2023-10-19,281,10
292,9.1,3.5,7.1,13.4,3.1,20,2.9,20231020,57.3,17.8,2023,0.0,2023-10-20,281,10
293,3.7,1.8,5.6,10.1,1.9,21,0.0,20231021,61.3,16.9,2023,0.0,2023-10-21,281,10
294,2.5,4.5,7.6,11.6,1.7,22,0.0,20231022,63.1,19.1,2023,0.0,2023-10-22,281,10
295,5.4,0.5,8.8,12.1,1.0,23,0.0,20231023,76.5,21.2,2023,0.0,2023-10-23,281,10
296,5.3,2.9,7.8,12.6,0.8,24,0.0,20231024,76.4,21.5,2023,0.0,2023-10-24,281,10
297,6.6,0.3,8.9,13.9,1.0,25,0.0,20231025,78.3,23.1,2023,0.0,2023-10-25,281,10
298,6.3,1.6,8.8,14.0,1.0,26,0.0,20231026,80.0,22.7,2023,0.0,2023-10-26,281,10
299,7.4,4.0,3.2,12.1,1.1,27,0.0,20231027,85.4,19.4,2023,0.0,2023-10-27,281,10
300,4.2,1.0,8.8,11.4,0.8,28,0.0,20231028,79.1,20.7,2023,0.0,2023-10-28,281,10
301,5.0,1.5,8.8,11.5,0.7,29,0.0,20231029,77.5,20.1,2023,0.0,2023-10-29,281,10
302,5.0,1.0,8.9,12.0,0.9,30,0.0,20231030,78.3,21.8,2023,0.0,2023-10-30,281,10
303,4.3,0.4,8.0,12.4,1.1,31,0.0,20231031,71.1,23.9,2023,0.0,2023-10-31,281,10
304,4.4,0.9,8.8,13.9,0.7,1,0.0,20231101,73.5,23.9,2023,0.0,2023-11-01,281,11
305,8.6,0.8,7.8,16.0,0.9,2,0.0,20231102,75.4,26.2,2023,0.0,2023-11-02,281,11
306,8.2,2.8,8.5,16.0,1.1,3,0.0,20231103,73.3,25.7,2023,0.0,2023-11-03,281,11
307,11.8,8.0,3.9,17.0,1.3,4,0.0,20231104,83.0,22.5,2023,0.0,2023-11-04,281,11
308,13.9,8.6,0.8,18.6,1.3,5,1.6,20231105,84.1,23.2,2023,0.0,2023-11-05,281,11
309,12.7,7.1,0.2,17.7,3.1,6,4.0,20231106,65.6,21.7,2023,0.0,2023-11-06,281,11
310,4.0,1.5,7.5,10.5,4.1,7,0.0,20231107,44.3,14.9,2023,0.0,2023-11-07,281,11
311,-0.8,1.4,8.0,8.2,0.7,8,0.0,20231108,67.3,18.1,2023,0.0,2023-11-08,281,11
312,3.3,5.9,7.1,12.6,0.8,9,0.1,20231109,76.4,20.5,2023,0.0,2023-11-09,281,11
313,3.8,6.3,3.2,9.7,2.5,10,10.6,20231110,61.1,14.2,2023,0.0,2023-11-10,281,11
314,-1.4,4.9,4.7,4.8,1.8,11,0.0,20231111,55.6,10.5,2023,0.0,2023-11-11,281,11
315,1.3,1.9,6.8,4.3,3.4,12,0.0,20231112,50.9,8.8,2023,0.0,2023-11-12,281,11
316,-0.4,0.0,7.8,4.7,3.0,13,0.0,20231113,44.3,9.7,2023,0.0,2023-11-13,281,11
317,1.6,2.0,7.8,5.9,2.3,14,0.0,20231114,61.8,12.5,2023,0.0,2023-11-14,281,11
318,-1.8,0.4,7.7,5.2,1.2,15,0.0,20231115,69.0,14.1,2023,0.0,2023-11-15,281,11
319,-0.6,8.0,0.3,4.9,1.0,16,8.2,20231116,88.5,11.0,2023,0.0,2023-11-16,281,11
320,2.0,4.4,6.5,5.6,2.8,17,0.0,20231117,60.5,10.4,2023,0.0,2023-11-17,281,11
321,-1.9,1.1,7.6,3.0,4.8,18,0.1,20231118,55.0,6.7,2023,0.0,2023-11-18,281,11
322,2.3,2.0,7.2,8.7,3.1,19,0.0,20231119,57.5,13.8,2023,0.0,2023-11-19,281,11
323,-0.3,0.3,7.7,6.9,1.7,20,0.0,20231120,53.1,13.9,2023,0.0,2023-11-20,281,11
324,-3.3,0.4,7.6,4.8,0.9,21,0.0,20231121,66.9,16.1,2023,0.0,2023-11-21,281,11
325,-1.6,1.6,7.6,7.0,0.8,22,0.0,20231122,69.9,17.5,2023,0.0,2023-11-22,281,11
326,4.7,2.8,6.8,12.1,2.1,23,0.0,20231123,56.1,20.7,2023,0.0,2023-11-23,281,11
327,-1.1,0.1,7.6,3.2,4.6,24,0.0,20231124,39.0,8.9,2023,0.0,2023-11-24,281,11
328,-3.9,0.3,7.5,0.1,1.2,25,0.0,20231125,42.5,6.0,2023,0.0,2023-11-25,281,11
329,-4.8,5.6,6.1,3.4,1.0,26,0.0,20231126,56.9,10.0,2023,0.0,2023-11-26,281,11
330,3.1,6.1,1.6,7.4,1.2,27,0.1,20231127,78.8,13.2,2023,0.0,2023-11-27,281,11
331,1.7,1.5,7.0,5.5,3.4,28,0.0,20231128,49.6,9.1,2023,0.0,2023-11-28,281,11
332,0.4,5.4,2.8,4.2,2.0,29,0.0,20231129,60.0,7.2,2023,0.0,2023-11-29,281,11
333,-3.3,0.8,7.3,-0.5,4.1,30,0.0,20231130,43.6,2.6,2023,0.0,2023-11-30,281,11
334,-3.3,0.0,7.3,0.5,3.5,1,0.0,20231201,48.8,5.3,2023,0.0,2023-12-01,281,12
335,-3.8,2.8,6.8,3.6,1.6,2,0.0,20231202,57.0,9.6,2023,0.0,2023-12-02,281,12
336,-3.6,0.0,7.2,3.8,2.0,3,0.0,20231203,48.0,10.1,2023,0.0,2023-12-03,281,12
337,-6.6,3.0,7.2,1.8,0.8,4,0.0,20231204,57.9,11.9,2023,0.0,2023-12-04,281,12
338,-3.1,3.9,6.8,3.6,0.6,5,0.0,20231205,59.3,13.4,2023,0.0,2023-12-05,281,12
339,-4.0,4.0,3.7,4.4,1.1,6,0.3,20231206,73.8,11.7,2023,0.0,2023-12-06,281,12
340,-0.8,0.0,7.2,5.9,2.6,7,0.0,20231207,48.0,11.3,2023,0.0,2023-12-07,281,12
341,-2.5,0.0,7.0,8.6,1.2,8,0.0,20231208,69.9,17.9,2023,0.0,2023-12-08,281,12
342,4.3,1.6,6.8,10.6,1.0,9,0.0,20231209,79.4,19.1,2023,0.0,2023-12-09,281,12
343,2.2,5.6,6.8,9.3,1.0,10,0.0,20231210,81.0,16.3,2023,0.0,2023-12-10,281,12
344,7.7,7.9,0.0,12.4,2.5,11,25.4,20231211,91.8,13.5,2023,0.0,2023-12-11,281,12
345,5.9,5.9,0.0,8.7,1.9,12,0.0,20231212,72.3,12.2,2023,0.0,2023-12-12,281,12
346,1.5,6.0,4.2,7.1,0.8,13,0.0,20231213,82.6,12.3,2023,0.0,2023-12-13,281,12
347,4.6,9.9,0.0,8.4,0.5,14,23.9,20231214,94.9,11.0,2023,0.0,2023-12-14,281,12
348,5.4,8.6,0.0,7.6,1.7,15,53.3,20231215,97.9,10.1,2023,0.0,2023-12-15,281,12
349,-4.1,6.5,3.1,1.7,4.2,16,0.1,20231216,67.0,6.5,2023,0.0,2023-12-16,281,12
350,-8.0,0.5,7.2,-5.6,3.8,17,0.0,20231217,48.3,-2.5,2023,0.0,2023-12-17,281,12
351,-7.6,7.1,5.9,-3.4,2.6,18,0.0,20231218,46.0,0.1,2023,0.0,2023-12-18,281,12
352,-4.4,8.0,3.4,-0.6,1.4,19,0.0,20231219,44.8,3.3,2023,0.0,2023-12-19,281,12
353,-7.4,5.4,6.6,-2.8,3.5,20,0.1,20231220,60.4,0.5,2023,0.0,2023-12-20,281,12
354,-9.4,0.0,7.2,-7.1,4.0,21,0.0,20231221,46.0,-3.3,2023,0.0,2023-12-21,281,12
355,-10.3,0.0,7.2,-7.0,3.8,22,0.0,20231222,44.4,-3.0,2023,0.0,2023-12-22,281,12
356,-8.2,3.9,7.2,-4.2,2.6,23,0.0,20231223,51.1,1.3,2023,0.0,2023-12-23,281,12
357,-8.0,3.9,4.7,-2.3,1.4,24,0.0,20231224,68.3,4.0,2023,0.0,2023-12-24,281,12
358,-7.9,1.8,6.5,-1.1,1.9,25,0.0,20231225,68.9,5.3,2023,0.0,2023-12-25,281,12
359,-3.3,4.5,7.1,2.1,2.0,26,0.0,20231226,64.0,8.1,2023,0.0,2023-12-26,281,12
360,-3.0,2.6,7.0,2.2,0.5,27,0.0,20231227,69.8,10.0,2023,0.0,2023-12-27,281,12
361,-5.3,0.3,7.0,1.8,1.5,28,0.0,20231228,69.6,9.9,2023,0.0,2023-12-28,281,12
362,-5.3,2.0,7.0,2.0,1.3,29,0.0,20231229,68.8,8.6,2023,0.0,2023-12-29,281,12
363,-4.4,4.8,4.6,2.4,0.8,30,0.6,20231230,77.5,8.8,2023,0.0,2023-12-30,281,12
364,0.1,5.4,0.9,4.1,1.9,31,1.6,20231231,84.5,8.2,2023,0.0,2023-12-31,281,12
