,snow,month,sunshine,date,station_id,year,cloud,wind,tmax,rainfall,day,tavg,humid,Date,tmin
0,0.0,1,3.6,20240101,281,2024,4.1,0.8,9.4,0.0,1,2.9,79.8,2024-01-01,-1.9
1,0.0,1,2.7,20240102,281,2024,6.9,1.4,9.5,0.0,2,4.6,71.9,2024-01-02,0.4
2,0.0,1,2.6,20240103,281,2024,6.1,2.7,6.5,3.7,3,3.4,75.6,2024-01-03,1.1
3,0.0,1,7.2,20240104,281,2024,0.0,1.6,8.3,0.0,4,1.7,61.5,2024-01-04,-2.9
4,0.0,1,7.1,20240105,281,2024,2.1,1.1,11.6,0.0,5,2.1,76.6,2024-01-05,-5.4
5,0.0,1,7.2,20240106,281,2024,1.6,2.3,8.1,0.0,6,3.1,52.8,2024-01-06,-3.5
6,0.0,1,7.2,20240107,281,2024,0.8,4.1,2.7,0.0,7,-0.4,46.6,2024-01-07,-4.0
7,0.0,1,7.3,20240108,281,2024,0.3,1.4,3.4,0.0,8,-3.2,44.9,2024-01-08,-8.8
8,0.0,1,1.3,20240109,281,2024,5.6,0.8,6.0,1.6,9,-0.6,63.9,2024-01-09,-7.5
9,0.0,1,3.0,20240110,281,2024,4.1,1.2,6.7,0.2,10,2.6,82.4,2024-01-10,-0.9
10,0.0,1,7.2,20240111,281,2024,1.1,2.5,6.2,0.0,11,1.6,67.9,2024-01-11,-3.4
11,0.0,1,7.0,20240112,281,2024,0.6,2.4,9.6,0.0,12,4.3,47.4,2024-01-12,-0.3
12,0.0,1,7.3,20240113,281,2024,0.0,1.6,7.5,0.0,13,1.3,44.4,2024-01-13,-4.0
13,0.0,1,7.4,20240114,281,2024,1.9,1.7,13.1,0.0,14,3.6,70.8,2024-01-14,-7.2
14,0.0,1,7.4,20240115,281,2024,0.8,2.7,5.9,0.0,15,1.4,49.9,2024-01-15,-1.9
15,0.0,1,7.4,20240116,281,2024,1.5,0.8,7.7,0.0,16,-0.4,52.8,2024-01-16,-8.1
16,0.0,1,1.1,20240117,281,2024,9.3,0.5,8.2,1.3,17,2.5,77.8,2024-01-17,-4.4
17,0.0,1,0.0,20240118,281,2024,8.6,1.4,7.4,4.0,18,5.7,90.5,2024-01-18,4.0
18,0.0,1,0.0,20240119,281,2024,9.1,3.1,6.8,0.0,19,5.9,71.8,2024-01-19,5.2
19,0.0,1,0.0,20240120,281,2024,9.9,2.4,7.2,8.3,20,5.6,87.6,2024-01-20,3.7
20,0.0,1,0.2,20240121,281,2024,4.5,1.2,8.6,0.5,21,5.1,84.4,2024-01-21,1.9
21,0.0,1,7.2,20240122,281,2024,4.5,5.0,4.4,0.0,22,-1.9,58.0,2024-01-22,-7.5
22,0.0,1,7.8,20240125,281,2024,0.8,2.6,2.1,0.0,25,-3.1,40.3,2024-01-25,-8.6
23,0.0,1,7.8,20240126,281,2024,0.3,3.5,6.8,0.0,26,0.9,48.3,2024-01-26,-4.0
24,0.0,1,7.7,20240127,281,2024,1.3,2.2,8.6,0.0,27,2.1,52.3,2024-01-27,-2.2
25,0.0,1,7.8,20240129,281,2024,0.3,1.1,7.1,0.0,29,-1.4,64.6,2024-01-29,-8.1
26,0.0,1,7.8,20240130,281,2024,2.0,0.6,9.7,0.0,30,0.5,68.9,2024-01-30,-8.4
27,0.0,1,5.5,20240131,281,2024,6.4,0.8,13.6,0.0,31,6.2,61.1,2024-01-31,1.1
28,0.0,2,0.2,20240201,281,2024,9.6,2.4,8.9,0.0,1,5.5,65.4,2024-02-01,2.7
29,0.0,2,0.2,20240202,281,2024,8.8,1.0,7.2,0.0,2,3.9,82.6,2024-02-02,2.2
30,0.0,2,0.4,20240203,281,2024,9.3,1.2,8.1,2.1,3,4.5,86.3,2024-02-03,0.9
31,0.0,2,0.1,20240204,281,2024,9.4,1.1,8.6,2.0,4,5.4,86.6,2024-02-04,2.7
32,0.0,2,0.0,20240205,281,2024,9.9,2.7,6.7,13.3,5,5.0,84.4,2024-02-05,2.8
33,0.0,2,0.0,20240206,281,2024,10.0,0.8,5.0,0.1,6,2.9,84.6,2024-02-06,0.8
34,0.0,2,8.4,20240208,281,2024,3.1,0.9,8.1,0.0,8,0.9,73.5,2024-02-08,-4.7
35,0.0,2,8.0,20240209,281,2024,0.3,1.6,9.5,0.0,9,2.2,60.9,2024-02-09,-4.0
36,0.0,2,8.2,20240210,281,2024,0.5,2.4,8.3,0.0,10,3.2,57.0,2024-02-10,-2.5
37,0.0,2,7.4,20240211,281,2024,1.5,2.3,7.6,0.0,11,2.5,60.4,2024-02-11,-4.6
38,0.0,2,9.0,20240212,281,2024,0.0,1.0,11.9,0.0,12,2.6,59.0,2024-02-12,-5.2
39,0.0,2,8.9,20240213,281,2024,0.0,1.8,16.5,0.0,13,7.3,64.5,2024-02-13,-4.5
40,0.0,2,2.2,20240214,281,2024,6.8,1.0,17.6,0.7,14,9.6,85.5,2024-02-14,3.0
41,0.0,2,1.9,20240215,281,2024,8.5,2.0,17.6,0.0,15,7.2,82.1,2024-02-15,3.1
42,0.0,2,5.7,20240216,281,2024,2.6,0.9,8.8,0.0,16,2.8,67.4,2024-02-16,-2.5
43,0.0,2,9.1,20240217,281,2024,0.0,0.9,14.8,0.0,17,3.7,66.1,2024-02-17,-4.8
44,0.0,2,4.0,20240218,281,2024,6.5,0.8,14.4,8.2,18,7.0,81.6,2024-02-18,-4.3
45,0.0,2,1.1,20240219,281,2024,8.3,1.4,19.0,15.1,19,14.4,91.1,2024-02-19,11.4
46,0.0,2,0.0,20240220,281,2024,9.4,2.5,12.7,3.1,20,7.0,87.3,2024-02-20,5.5
47,0.0,2,0.0,20240221,281,2024,9.9,2.9,6.0,6.2,21,4.9,89.0,2024-02-21,3.6
48,0.0,2,0.0,20240222,281,2024,9.9,2.2,4.3,1.9,22,2.9,81.4,2024-02-22,1.9
49,0.0,2,0.0,20240223,281,2024,10.0,2.4,5.1,0.1,23,2.9,68.3,2024-02-23,1.6
50,0.0,2,0.0,20240224,281,2024,10.0,2.0,5.7,0.8,24,3.3,68.9,2024-02-24,1.5
51,0.0,2,0.4,20240225,281,2024,9.4,1.3,7.8,1.7,25,4.0,85.5,2024-02-25,1.0
52,0.0,2,1.8,20240226,281,2024,5.3,1.4,9.8,0.0,26,4.6,69.9,2024-02-26,-0.1
53,0.0,2,0.5,20240227,281,2024,6.3,1.0,6.1,0.0,27,1.6,74.3,2024-02-27,-2.1
54,0.0,2,6.9,20240228,281,2024,3.6,0.8,10.7,0.0,28,3.3,74.1,2024-02-28,-4.4
55,0.0,2,0.0,20240229,281,2024,8.9,1.0,6.0,8.4,29,3.1,93.1,2024-02-29,0.4
56,0.0,3,9.3,20240301,281,2024,1.6,4.5,3.6,0.0,1,-0.1,40.1,2024-03-01,-4.9
57,0.0,3,10.5,20240302,281,2024,0.0,2.3,5.2,0.0,2,-0.4,43.5,2024-03-02,-6.6
58,0.0,3,5.3,20240303,281,2024,3.3,2.2,11.1,0.0,3,5.5,56.0,2024-03-03,-2.0
59,0.0,3,7.8,20240304,281,2024,5.9,0.9,13.3,0.0,4,6.3,63.6,2024-03-04,-2.6
60,0.0,3,0.0,20240305,281,2024,10.0,1.8,7.4,8.1,5,6.4,89.0,2024-03-05,5.4
61,0.0,3,1.1,20240306,281,2024,8.5,2.2,10.5,0.0,6,6.9,65.3,2024-03-06,4.6
62,0.0,3,1.9,20240307,281,2024,7.1,1.2,8.5,0.0,7,5.0,70.6,2024-03-07,2.7
63,0.0,3,9.2,20240308,281,2024,0.5,3.8,9.6,0.0,8,4.0,43.5,2024-03-08,0.3
64,0.0,3,10.9,20240309,281,2024,0.0,1.7,9.5,0.0,9,2.5,51.9,2024-03-09,-3.3
65,0.0,3,10.9,20240310,281,2024,1.0,1.3,13.0,0.0,10,3.4,57.4,2024-03-10,-5.3
66,0.0,3,4.6,20240311,281,2024,8.1,1.2,12.8,0.0,11,6.3,56.8,2024-03-11,-2.2
67,0.0,3,3.6,20240312,281,2024,5.3,1.0,12.6,2.7,12,5.0,81.6,2024-03-12,-1.2
68,0.0,3,8.0,20240313,281,2024,2.9,1.9,14.8,0.0,13,7.3,61.5,2024-03-13,1.1
69,0.0,3,10.0,20240314,281,2024,0.4,2.1,17.1,0.0,14,8.8,44.3,2024-03-14,1.9
70,0.0,3,10.8,20240315,281,2024,0.0,1.9,19.9,0.0,15,10.4,43.5,2024-03-15,-1.3
71,0.0,3,9.5,20240316,281,2024,3.5,1.4,19.5,0.0,16,11.1,57.0,2024-03-16,1.4
72,0.0,3,4.6,20240317,281,2024,4.9,3.0,18.2,0.0,17,12.0,46.4,2024-03-17,4.2
73,0.0,3,10.4,20240318,281,2024,2.9,1.1,15.4,0.0,18,7.3,57.1,2024-03-18,-1.0
74,0.0,3,3.0,20240319,281,2024,7.3,3.2,15.7,0.0,19,8.8,51.5,2024-03-19,4.7
75,0.0,3,8.5,20240320,281,2024,2.5,3.5,11.1,0.0,20,6.0,38.4,2024-03-20,2.7
76,0.0,3,10.7,20240321,281,2024,0.0,1.7,12.1,0.0,21,5.4,49.0,2024-03-21,-2.0
77,0.0,3,8.4,20240322,281,2024,7.5,1.7,16.2,1.5,22,9.0,64.8,2024-03-22,-0.6
78,0.0,3,8.6,20240323,281,2024,4.3,2.4,23.4,0.8,23,14.4,71.1,2024-03-23,10.2
79,0.0,3,0.0,20240324,281,2024,9.9,2.1,12.7,0.2,24,10.5,74.9,2024-03-24,9.4
80,0.0,3,0.0,20240325,281,2024,9.9,2.7,12.5,15.3,25,9.5,78.5,2024-03-25,7.2
81,0.0,3,0.0,20240326,281,2024,8.5,1.8,10.1,14.7,26,7.4,81.5,2024-03-26,4.7
82,0.0,3,7.1,20240327,281,2024,4.8,1.0,16.7,0.0,27,8.5,75.3,2024-03-27,-0.2
83,0.0,3,0.0,20240328,281,2024,9.5,1.2,11.2,25.9,28,9.0,95.8,2024-03-28,7.4
84,0.0,3,7.8,20240329,281,2024,1.1,3.0,19.5,0.0,29,12.3,59.5,2024-03-29,4.1
85,0.0,3,6.8,20240330,281,2024,1.8,1.3,15.9,2.2,30,9.8,62.3,2024-03-30,1.7
86,0.0,3,8.7,20240331,281,2024,3.1,1.5,18.8,0.0,31,12.0,55.5,2024-03-31,3.7
87,0.0,4,11.0,20240401,281,2024,0.0,1.4,22.8,0.0,1,12.3,55.4,2024-04-01,2.2
88,0.0,4,8.5,20240402,281,2024,7.9,1.2,24.3,2.7,2,13.3,63.1,2024-04-02,3.8
89,0.0,4,0.0,20240403,281,2024,9.9,1.1,13.3,29.9,3,11.9,98.8,2024-04-03,10.7
90,0.0,4,1.5,20240404,281,2024,8.5,2.1,15.6,0.0,4,12.0,66.0,2024-04-04,9.9
91,0.0,4,3.6,20240405,281,2024,6.6,1.4,18.2,0.0,5,12.3,65.4,2024-04-05,8.0
92,0.0,4,4.4,20240406,281,2024,7.1,1.0,20.6,0.0,6,12.8,68.8,2024-04-06,6.1
93,0.0,4,10.7,20240407,281,2024,3.6,1.2,24.6,0.0,7,15.2,56.9,2024-04-07,6.0
94,0.0,4,2.3,20240408,281,2024,8.8,0.8,23.3,0.0,8,16.1,53.6,2024-04-08,8.2
95,0.0,4,11.4,20240409,281,2024,1.0,3.1,16.1,0.0,9,11.3,55.8,2024-04-09,4.8
96,0.0,4,9.4,20240410,281,2024,6.3,0.9,18.9,0.0,10,11.0,64.3,2024-04-10,2.1
97,0.0,4,1.7,20240411,281,2024,6.8,1.1,20.5,0.0,11,13.4,63.4,2024-04-11,7.8
98,0.0,4,10.3,20240412,281,2024,1.8,0.9,25.0,0.0,12,16.0,62.4,2024-04-12,6.3
99,0.0,4,11.7,20240413,281,2024,0.0,1.1,27.7,0.0,13,17.4,57.9,2024-04-13,7.9
100,0.0,4,11.1,20240414,281,2024,3.8,1.3,27.5,0.0,14,17.5,54.0,2024-04-14,7.2
101,0.0,4,0.0,20240415,281,2024,7.0,1.0,19.2,11.3,15,15.5,87.4,2024-04-15,14.0
102,0.0,4,8.4,20240416,281,2024,1.3,2.1,22.8,0.0,16,16.8,66.3,2024-04-16,11.8
103,0.0,4,10.6,20240417,281,2024,4.4,1.3,24.5,0.0,17,15.3,60.0,2024-04-17,7.2
104,0.0,4,10.6,20240418,281,2024,0.4,1.3,25.0,0.0,18,15.6,61.9,2024-04-18,8.1
105,0.0,4,10.5,20240419,281,2024,3.3,1.2,27.9,0.0,19,18.3,55.0,2024-04-19,7.4
106,0.0,4,0.0,20240420,281,2024,9.8,2.0,15.9,1.3,20,14.5,84.1,2024-04-20,13.2
107,0.0,4,0.0,20240421,281,2024,8.9,2.0,17.3,0.5,21,15.4,81.5,2024-04-21,13.3
108,0.0,4,0.0,20240422,281,2024,9.0,1.7,17.6,0.0,22,14.7,70.5,2024-04-22,12.6
109,0.0,4,4.0,20240423,281,2024,8.3,3.2,17.7,5.2,23,13.8,72.5,2024-04-23,10.5
110,0.0,4,3.8,20240424,281,2024,6.0,1.2,19.2,4.2,24,13.3,80.4,2024-04-24,10.3
111,0.0,4,11.5,20240425,281,2024,1.1,2.0,25.5,0.0,25,17.1,63.4,2024-04-25,10.4
112,0.0,4,2.1,20240426,281,2024,7.5,0.8,24.4,0.0,26,16.4,71.9,2024-04-26,9.6
113,0.0,4,12.0,20240427,281,2024,0.0,1.0,29.2,0.0,27,18.7,64.3,2024-04-27,9.1
114,0.0,4,11.1,20240428,281,2024,5.3,2.1,26.7,0.0,28,17.0,69.8,2024-04-28,9.5
115,0.0,4,0.0,20240429,281,2024,9.9,1.3,16.3,1.9,29,14.3,85.0,2024-04-29,13.0
116,0.0,4,3.0,20240430,281,2024,9.3,1.8,22.9,0.0,30,16.1,78.9,2024-04-30,12.8
117,0.0,5,5.6,20240501,281,2024,5.8,2.1,17.9,1.6,1,12.4,72.0,2024-05-01,7.1
118,0.0,5,12.3,20240502,281,2024,0.5,1.1,23.6,0.0,2,13.8,63.3,2024-05-02,4.2
119,0.0,5,12.3,20240503,281,2024,0.0,1.2,27.9,0.0,3,17.0,58.6,2024-05-03,6.6
120,0.0,5,12.3,20240504,281,2024,2.6,1.3,28.0,0.0,4,18.4,55.9,2024-05-04,6.4
121,0.0,5,0.0,20240505,281,2024,10.0,1.0,18.9,19.8,5,17.4,91.5,2024-05-05,16.1
122,0.0,5,3.6,20240506,281,2024,8.5,1.7,24.1,14.6,6,19.2,78.0,2024-05-06,15.9
123,0.0,5,0.0,20240507,281,2024,9.8,1.3,16.1,5.3,7,13.2,92.3,2024-05-07,11.1
124,0.0,5,6.4,20240508,281,2024,5.1,1.8,17.4,0.6,8,12.1,74.0,2024-05-08,7.3
125,0.0,5,11.2,20240509,281,2024,0.0,1.7,24.7,0.0,9,15.7,58.0,2024-05-09,4.3
126,0.0,5,12.3,20240510,281,2024,1.1,1.9,28.1,0.0,10,19.6,44.6,2024-05-10,12.2
127,0.0,5,5.6,20240511,281,2024,6.3,2.3,25.3,3.7,11,19.8,67.1,2024-05-11,11.3
128,0.0,5,6.7,20240512,281,2024,7.5,2.4,24.3,4.5,12,18.3,64.0,2024-05-12,12.4
129,0.0,5,12.8,20240513,281,2024,0.0,1.4,25.5,0.0,13,16.4,61.8,2024-05-13,8.7
130,0.0,5,12.9,20240514,281,2024,0.0,1.1,27.4,0.0,14,17.7,61.9,2024-05-14,7.6
131,0.0,5,11.8,20240515,281,2024,3.4,2.0,26.9,17.9,15,16.6,64.4,2024-05-15,9.5
132,0.0,5,9.7,20240516,281,2024,3.6,3.5,21.0,6.2,16,13.8,63.1,2024-05-16,7.8
133,0.0,5,8.4,20240517,281,2024,1.8,1.2,27.1,0.0,17,17.0,62.1,2024-05-17,7.1
134,0.0,5,12.8,20240518,281,2024,0.0,1.3,28.8,0.0,18,19.3,58.0,2024-05-18,9.5
135,0.0,5,12.7,20240519,281,2024,0.1,1.4,30.2,0.0,19,20.0,59.3,2024-05-19,10.7
136,0.0,5,9.8,20240520,281,2024,2.3,1.8,28.5,0.0,20,18.9,65.0,2024-05-20,11.4
137,0.0,5,6.2,20240521,281,2024,4.5,2.5,21.1,0.0,21,16.2,75.9,2024-05-21,11.7
138,0.0,5,12.7,20240522,281,2024,3.8,1.1,29.2,0.0,22,19.8,65.4,2024-05-22,9.2
139,0.0,5,9.4,20240523,281,2024,2.3,1.8,31.3,0.0,23,23.4,50.8,2024-05-23,15.4
140,0.0,5,11.5,20240524,281,2024,3.1,2.6,23.2,0.0,24,19.2,61.9,2024-05-24,13.9
141,0.0,5,5.3,20240525,281,2024,7.1,2.6,22.6,0.0,25,18.5,58.1,2024-05-25,15.7
142,0.0,5,7.2,20240526,281,2024,7.3,1.7,26.8,7.9,26,20.1,73.8,2024-05-26,12.1
143,0.0,5,9.1,20240527,281,2024,6.8,3.1,24.4,0.5,27,20.7,56.5,2024-05-27,17.4
144,0.0,5,4.9,20240528,281,2024,5.9,1.8,24.1,0.0,28,17.4,63.8,2024-05-28,11.2
145,0.0,5,12.8,20240529,281,2024,1.0,1.2,29.0,0.0,29,19.2,63.5,2024-05-29,8.3
146,0.0,5,0.6,20240530,281,2024,9.8,1.0,25.9,0.0,30,19.9,66.4,2024-05-30,13.8
147,0.0,5,10.2,20240531,281,2024,3.8,1.6,29.2,0.0,31,22.1,52.3,2024-05-31,16.9
148,0.0,6,7.9,20240601,281,2024,6.3,2.3,27.2,0.0,1,20.3,63.3,2024-06-01,16.2
149,0.0,6,8.5,20240602,281,2024,5.8,2.1,25.9,1.8,2,18.1,73.6,2024-06-02,12.1
150,0.0,6,7.5,20240603,281,2024,4.6,1.9,24.2,0.1,3,18.0,73.9,2024-06-03,15.0
151,0.0,6,11.2,20240604,281,2024,1.3,1.6,24.4,0.0,4,17.5,71.1,2024-06-04,10.8
152,0.0,6,12.2,20240605,281,2024,5.0,1.5,27.4,0.0,5,19.4,62.5,2024-06-05,10.6
153,0.0,6,3.8,20240606,281,2024,7.8,1.0,27.4,0.0,6,20.8,64.8,2024-06-06,14.0
154,0.0,6,9.2,20240607,281,2024,5.5,1.1,29.5,0.0,7,22.5,62.5,2024-06-07,14.5
155,0.0,6,0.2,20240608,281,2024,9.5,0.9,23.5,18.2,8,19.6,85.8,2024-06-08,18.3
156,0.0,6,7.4,20240609,281,2024,4.8,1.1,28.2,1.5,9,22.1,79.3,2024-06-09,18.3
157,0.0,6,12.4,20240610,281,2024,1.3,1.1,31.9,0.0,10,24.2,68.6,2024-06-10,16.1
158,0.0,6,12.6,20240611,281,2024,1.9,1.4,33.6,0.0,11,25.9,62.0,2024-06-11,17.7
159,0.0,6,12.6,20240612,281,2024,2.9,1.5,33.4,0.0,12,25.7,63.1,2024-06-12,18.5
160,0.0,6,12.3,20240613,281,2024,1.1,1.4,33.5,0.0,13,25.6,62.0,2024-06-13,18.3
161,0.0,6,10.8,20240614,281,2024,3.1,1.3,34.2,0.0,14,25.8,59.4,2024-06-14,16.7
162,0.0,6,7.9,20240615,281,2024,6.0,1.5,32.8,2.3,15,24.3,71.8,2024-06-15,18.8
163,0.0,6,12.3,20240616,281,2024,2.9,2.1,31.3,0.3,16,24.5,60.3,2024-06-16,19.1
164,0.0,6,4.6,20240617,281,2024,7.6,1.4,30.1,0.0,17,23.1,60.0,2024-06-17,16.0
165,0.0,6,12.9,20240618,281,2024,0.6,1.5,34.8,0.0,18,26.3,51.4,2024-06-18,17.1
166,0.0,6,11.9,20240619,281,2024,5.4,1.2,36.3,0.0,19,27.5,54.9,2024-06-19,18.0
167,0.0,6,3.4,20240620,281,2024,8.6,1.4,29.6,0.0,20,23.8,63.8,2024-06-20,18.0
168,0.0,6,5.5,20240621,281,2024,8.3,1.4,29.6,0.0,21,24.6,68.5,2024-06-21,19.8
169,0.0,6,0.0,20240622,281,2024,9.5,0.9,23.5,21.8,22,22.4,94.9,2024-06-22,20.4
170,0.0,6,1.8,20240623,281,2024,7.4,1.3,29.4,0.0,23,24.2,88.5,2024-06-23,21.7
171,0.0,6,5.2,20240624,281,2024,7.6,1.4,31.2,0.0,24,24.8,75.5,2024-06-24,20.0
172,0.0,6,6.1,20240625,281,2024,8.1,2.4,29.4,0.0,25,23.2,59.8,2024-06-25,19.1
173,0.0,6,12.1,20240626,281,2024,5.4,1.3,29.2,0.0,26,22.7,64.0,2024-06-26,16.2
174,0.0,6,0.2,20240627,281,2024,8.6,0.8,25.5,0.5,27,21.0,76.8,2024-06-27,15.6
175,0.0,6,10.2,20240628,281,2024,1.9,1.2,32.6,0.0,28,24.2,73.1,2024-06-28,17.2
176,0.0,6,6.8,20240629,281,2024,8.6,1.3,30.0,19.9,29,23.7,86.5,2024-06-29,19.7
177,0.0,6,0.2,20240630,281,2024,9.4,1.5,29.3,32.6,30,25.2,92.1,2024-06-30,22.9
178,0.0,7,10.1,20240701,281,2024,4.6,1.4,31.9,0.0,1,26.8,72.4,2024-07-01,22.7
179,0.0,7,0.4,20240702,281,2024,9.4,2.1,25.4,30.4,2,22.8,93.8,2024-07-02,21.3
180,0.0,7,5.7,20240703,281,2024,6.1,2.0,32.6,7.9,3,27.3,76.4,2024-07-03,22.6
181,0.0,7,10.8,20240704,281,2024,1.6,1.6,34.1,0.0,4,28.0,69.4,2024-07-04,20.8
182,0.0,7,8.3,20240705,281,2024,5.9,2.5,32.5,0.9,5,28.1,66.3,2024-07-05,23.7
183,0.0,7,6.3,20240706,281,2024,7.5,2.0,32.0,0.0,6,27.4,74.3,2024-07-06,21.9
184,0.0,7,3.1,20240707,281,2024,8.6,2.2,31.3,3.5,7,28.4,74.8,2024-07-07,25.7
185,0.0,7,0.0,20240708,281,2024,9.8,1.3,28.2,1.0,8,27.0,83.1,2024-07-08,25.7
186,0.0,7,0.0,20240709,281,2024,10.0,1.0,26.5,158.8,9,23.7,97.6,2024-07-09,22.0
187,0.0,7,0.1,20240710,281,2024,8.6,1.5,25.5,96.1,10,22.7,96.0,2024-07-10,21.2
188,0.0,7,0.7,20240711,281,2024,8.3,0.6,27.7,0.1,11,23.8,89.9,2024-07-11,20.8
189,0.0,7,6.2,20240712,281,2024,1.9,1.1,31.7,0.0,12,25.6,79.9,2024-07-12,20.6
190,0.0,7,0.0,20240713,281,2024,6.8,1.6,29.2,0.0,13,24.3,84.4,2024-07-13,19.8
191,0.0,7,0.0,20240714,281,2024,8.9,1.5,24.5,2.8,14,23.0,94.3,2024-07-14,21.9
192,0.0,7,0.0,20240715,281,2024,7.4,1.5,26.1,0.0,15,23.3,90.3,2024-07-15,21.5
193,0.0,7,0.0,20240716,281,2024,8.6,1.2,28.1,19.6,16,24.3,89.9,2024-07-16,21.8
194,0.0,7,0.0,20240717,281,2024,8.9,1.2,30.1,0.2,17,26.4,81.6,2024-07-17,22.3
195,0.0,7,0.0,20240718,281,2024,9.9,1.7,29.1,2.0,18,27.2,80.4,2024-07-18,24.9
196,0.0,7,0.0,20240719,281,2024,8.3,1.6,30.1,0.4,19,26.7,80.1,2024-07-19,24.2
197,0.0,7,0.0,20240720,281,2024,4.8,1.5,30.9,15.0,20,26.2,83.8,2024-07-20,22.1
198,0.0,7,6.7,20240721,281,2024,3.5,2.2,33.2,0.4,21,29.0,73.5,2024-07-21,25.6
199,0.0,7,9.5,20240722,281,2024,4.9,1.7,32.9,0.0,22,29.2,72.0,2024-07-22,24.5
200,0.0,7,2.9,20240723,281,2024,9.3,2.2,31.8,0.0,23,29.4,70.3,2024-07-23,27.3
201,0.0,7,7.7,20240724,281,2024,6.9,1.3,31.8,27.2,24,27.6,82.0,2024-07-24,24.2
202,0.0,7,9.4,20240725,281,2024,6.0,1.0,33.7,0.0,25,28.7,79.1,2024-07-25,24.0
203,0.0,7,7.3,20240726,281,2024,7.1,1.2,33.8,0.0,26,28.9,75.6,2024-07-26,24.8
204,0.0,7,6.9,20240727,281,2024,6.8,1.5,33.0,0.0,27,29.0,75.8,2024-07-27,25.3
205,0.0,7,11.1,20240728,281,2024,3.8,1.8,34.1,0.0,28,29.8,69.3,2024-07-28,25.4
206,0.0,7,11.8,20240729,281,2024,0.8,2.5,34.9,0.0,29,29.7,68.3,2024-07-29,25.4
207,0.0,7,12.1,20240730,281,2024,0.0,2.1,34.3,0.0,30,29.2,70.0,2024-07-30,23.7
208,0.0,7,12.7,20240731,281,2024,0.1,1.8,35.3,0.0,31,29.7,70.9,2024-07-31,25.2
209,0.0,8,10.7,20240801,281,2024,0.9,1.4,36.0,0.0,1,30.3,71.5,2024-08-01,24.9
210,0.0,8,10.9,20240802,281,2024,1.6,1.4,36.8,10.9,2,31.0,73.1,2024-08-02,25.4
211,0.0,8,10.6,20240803,281,2024,2.3,1.5,35.9,0.0,3,30.9,75.0,2024-08-03,26.9
212,0.0,8,6.1,20240804,281,2024,3.5,1.7,33.4,0.0,4,28.8,80.0,2024-08-04,25.5
213,0.0,8,7.3,20240805,281,2024,5.0,1.2,34.2,0.0,5,28.0,77.6,2024-08-05,24.1
214,0.0,8,7.5,20240806,281,2024,4.4,1.3,35.9,1.8,6,27.8,79.1,2024-08-06,22.7
215,0.0,8,10.9,20240807,281,2024,4.4,1.2,36.2,0.0,7,29.7,73.9,2024-08-07,24.0
216,0.0,8,8.7,20240808,281,2024,7.1,1.3,34.3,28.5,8,28.0,77.3,2024-08-08,23.3
217,0.0,8,10.1,20240809,281,2024,2.4,1.2,33.9,0.0,9,27.8,75.6,2024-08-09,23.1
218,0.0,8,10.5,20240810,281,2024,3.3,1.3,33.7,0.0,10,27.4,73.6,2024-08-10,22.1
219,0.0,8,11.6,20240811,281,2024,2.0,1.2,34.1,0.0,11,27.5,74.0,2024-08-11,22.4
220,0.0,8,12.2,20240812,281,2024,0.9,1.4,33.8,0.0,12,27.0,73.9,2024-08-12,21.3
221,0.0,8,11.6,20240813,281,2024,2.4,1.5,32.4,0.0,13,26.6,74.8,2024-08-13,21.1
222,0.0,8,7.9,20240814,281,2024,4.5,1.5,32.1,0.0,14,26.3,77.0,2024-08-14,20.7
223,0.0,8,6.7,20240815,281,2024,5.1,1.5,32.6,0.0,15,26.5,78.0,2024-08-15,21.5
224,0.0,8,10.7,20240816,281,2024,5.1,1.5,33.3,0.0,16,27.3,72.4,2024-08-16,21.7
225,0.0,8,9.2,20240817,281,2024,5.6,1.4,33.3,0.0,17,27.7,72.3,2024-08-17,22.6
226,0.0,8,11.0,20240818,281,2024,4.3,1.6,32.9,0.0,18,27.4,73.1,2024-08-18,22.2
227,0.0,8,6.1,20240819,281,2024,4.3,1.2,34.4,0.0,19,28.3,75.6,2024-08-19,22.5
228,0.0,8,2.4,20240820,281,2024,7.4,1.5,33.2,0.3,20,28.7,77.5,2024-08-20,25.7
229,0.0,8,1.1,20240821,281,2024,8.6,0.9,30.5,3.2,21,27.0,91.3,2024-08-21,25.1
230,0.0,8,3.6,20240822,281,2024,6.4,1.6,34.1,0.0,22,28.3,79.8,2024-08-22,23.7
231,0.0,8,11.4,20240823,281,2024,1.9,1.6,35.5,0.0,23,29.1,67.4,2024-08-23,23.6
232,0.0,8,10.6,20240824,281,2024,1.6,1.0,35.4,0.0,24,28.8,69.0,2024-08-24,22.6
233,0.0,8,8.2,20240825,281,2024,4.4,1.1,34.4,11.6,25,27.4,82.0,2024-08-25,23.3
234,0.0,8,6.1,20240826,281,2024,6.6,1.0,33.6,0.0,26,27.7,80.4,2024-08-26,23.9
235,0.0,8,0.9,20240827,281,2024,9.1,1.9,30.0,0.0,27,25.5,83.1,2024-08-27,23.3
236,0.0,8,1.6,20240828,281,2024,5.9,2.8,29.6,0.0,28,26.0,72.6,2024-08-28,22.4
237,0.0,8,7.6,20240829,281,2024,5.6,3.2,31.5,2.1,29,27.5,73.1,2024-08-29,25.0
238,0.0,8,7.7,20240830,281,2024,3.5,1.8,34.6,0.0,30,28.0,68.3,2024-08-30,23.5
239,0.0,8,10.3,20240831,281,2024,1.6,1.8,32.7,0.0,31,25.9,73.1,2024-08-31,21.6
240,0.0,9,8.2,20240901,281,2024,3.6,1.2,33.9,0.0,1,26.3,68.5,2024-09-01,20.5
241,0.0,9,3.0,20240902,281,2024,7.8,1.2,31.0,0.0,2,25.5,74.6,2024-09-02,20.2
242,0.0,9,4.6,20240903,281,2024,6.1,2.0,28.7,0.0,3,24.5,65.3,2024-09-03,19.5
243,0.0,9,10.5,20240904,281,2024,3.8,1.4,30.5,0.0,4,23.7,70.9,2024-09-04,17.4
244,0.0,9,9.9,20240905,281,2024,4.0,1.5,34.7,0.0,5,27.0,64.0,2024-09-05,18.0
245,0.0,9,0.1,20240906,281,2024,9.8,1.3,28.0,12.6,6,24.2,90.0,2024-09-06,22.0
246,0.0,9,0.9,20240907,281,2024,8.3,1.0,30.2,3.1,7,24.9,88.1,2024-09-07,21.3
247,0.0,9,5.4,20240908,281,2024,6.0,1.5,31.1,0.4,8,26.1,83.1,2024-09-08,23.9
248,0.0,9,6.4,20240909,281,2024,3.8,1.5,31.3,0.0,9,26.6,78.3,2024-09-09,24.0
249,0.0,9,9.9,20240910,281,2024,0.1,0.9,34.6,0.0,10,27.5,74.4,2024-09-10,21.7
250,0.0,9,0.8,20240911,281,2024,9.3,1.0,32.2,61.5,11,26.4,86.4,2024-09-11,23.8
251,0.0,9,2.6,20240912,281,2024,8.6,1.2,31.0,0.1,12,26.4,89.1,2024-09-12,23.7
252,0.0,9,7.3,20240913,281,2024,4.3,0.9,33.2,0.0,13,28.2,79.6,2024-09-13,24.9
253,0.0,9,8.4,20240914,281,2024,1.5,1.4,34.1,0.0,14,26.8,84.6,2024-09-14,23.9
254,0.0,9,0.1,20240915,281,2024,7.6,1.7,29.2,0.0,15,26.0,82.9,2024-09-15,23.5
255,0.0,9,0.1,20240916,281,2024,8.3,1.4,28.4,0.0,16,25.2,84.6,2024-09-16,23.6
256,0.0,9,7.9,20240917,281,2024,5.1,1.0,34.2,0.0,17,28.0,77.8,2024-09-17,23.8
257,0.0,9,8.0,20240918,281,2024,5.6,1.2,34.8,0.0,18,27.9,81.9,2024-09-18,24.4
258,0.0,9,4.9,20240919,281,2024,7.3,0.9,33.0,0.0,19,27.4,81.6,2024-09-19,22.8
259,0.0,9,0.4,20240920,281,2024,9.6,0.6,28.2,15.4,20,25.5,94.5,2024-09-20,24.3
260,0.0,9,1.4,20240922,281,2024,7.4,1.8,24.8,0.0,22,21.2,78.4,2024-09-22,19.2
261,0.0,9,9.7,20240923,281,2024,2.8,2.3,23.4,0.0,23,18.7,65.0,2024-09-23,13.6
262,0.0,9,6.8,20240924,281,2024,6.0,1.2,25.4,0.0,24,18.5,81.1,2024-09-24,12.0
263,0.0,9,8.5,20240925,281,2024,4.1,1.0,27.3,0.0,25,21.1,81.3,2024-09-25,16.2
264,0.0,9,9.6,20240926,281,2024,4.4,0.8,29.0,0.0,26,22.2,78.0,2024-09-26,15.6
265,0.0,9,6.0,20240927,281,2024,4.6,1.1,27.8,0.0,27,22.1,85.0,2024-09-27,18.9
266,0.0,9,3.2,20240928,281,2024,5.1,1.4,25.2,0.3,28,20.6,87.3,2024-09-28,17.1
267,0.0,9,5.7,20240929,281,2024,3.3,1.5,25.3,0.0,29,19.6,80.9,2024-09-29,15.3
