,year,rainfall,cloud,sunshine,humid,snow,tmax,day,tmin,wind,month,Date,tavg,date,station_id
0,2010,0.0,0.0,7.6,42.4,0.0,1.1,1,-8.5,3.2,1,2010-01-01,-4.5,20100101,281
1,2010,0.0,0.0,3.8,66.9,0.0,7.5,2,-10.3,1.9,1,2010-01-02,-1.5,20100102,281
2,2010,0.0,0.0,7.6,41.1,0.0,2.0,3,-6.2,2.7,1,2010-01-03,-2.9,20100103,281
3,2010,1.5,0.0,0.9,65.6,0.0,0.8,4,-5.2,1.9,1,2010-01-04,-2.5,20100104,281
4,2010,0.0,0.0,7.0,52.8,0.0,-1.5,5,-8.5,3.9,1,2010-01-05,-4.7,20100105,281
5,2010,0.0,0.0,7.7,55.8,0.0,-1.8,6,-12.7,3.2,1,2010-01-06,-6.9,20100106,281
6,2010,0.0,0.0,7.6,55.5,0.0,-0.5,7,-9.8,3.3,1,2010-01-07,-5.8,20100107,281
7,2010,0.0,0.0,7.6,58.0,0.0,1.9,8,-13.3,2.3,1,2010-01-08,-4.7,20100108,281
8,2010,0.0,0.0,3.9,52.4,0.0,3.5,9,-6.5,2.1,1,2010-01-09,-1.3,20100109,281
9,2010,0.0,0.0,0.3,63.8,0.0,2.8,10,-6.2,1.6,1,2010-01-10,-1.4,20100110,281
10,2010,0.0,0.0,3.5,55.1,0.0,2.9,11,-3.9,3.5,1,2010-01-11,-0.7,20100111,281
11,2010,0.0,0.0,4.1,41.3,0.0,-0.9,12,-9.1,4.0,1,2010-01-12,-4.8,20100112,281
12,2010,0.0,0.0,7.8,43.4,0.0,-4.0,13,-10.1,5.0,1,2010-01-13,-7.6,20100113,281
13,2010,0.0,0.0,6.7,54.5,0.0,0.7,14,-10.4,2.6,1,2010-01-14,-6.2,20100114,281
14,2010,0.0,0.0,5.5,65.0,0.0,3.8,15,-13.0,1.6,1,2010-01-15,-4.2,20100115,281
15,2010,0.0,0.0,7.8,40.6,0.0,4.8,16,-11.1,2.1,1,2010-01-16,-2.2,20100116,281
16,2010,0.0,0.0,7.8,37.8,0.0,6.4,17,-12.3,1.0,1,2010-01-17,-3.7,20100117,281
17,2010,0.0,0.0,6.3,59.3,0.0,8.9,18,-11.4,1.6,1,2010-01-18,-2.6,20100118,281
18,2010,0.0,0.0,6.0,62.9,0.0,10.9,19,-9.3,0.6,1,2010-01-19,0.4,20100119,281
19,2010,5.5,0.0,0.0,86.4,0.0,12.8,20,3.7,0.8,1,2010-01-20,8.1,20100120,281
20,2010,2.0,0.0,5.3,56.5,0.0,9.6,21,-3.8,3.9,1,2010-01-21,3.6,20100121,281
21,2010,0.0,0.0,7.6,45.6,0.0,1.1,22,-5.7,4.3,1,2010-01-22,-3.0,20100122,281
22,2010,0.0,0.0,7.3,49.0,0.0,2.4,23,-6.2,4.1,1,2010-01-23,-2.5,20100123,281
23,2010,0.0,0.0,7.7,49.9,0.0,6.8,24,-5.9,3.1,1,2010-01-24,0.8,20100124,281
24,2010,0.0,0.0,7.0,37.9,0.0,7.0,25,-3.3,3.7,1,2010-01-25,1.6,20100125,281
25,2010,0.0,0.0,7.8,37.5,0.0,5.4,26,-7.3,3.2,1,2010-01-26,-1.9,20100126,281
26,2010,4.0,0.0,5.0,73.4,0.0,8.7,27,-9.4,1.0,1,2010-01-27,0.3,20100127,281
27,2010,0.0,0.0,6.5,56.5,0.0,9.0,28,-0.8,3.7,1,2010-01-28,4.6,20100128,281
28,2010,0.0,0.0,8.2,40.1,0.0,6.8,29,-2.7,4.0,1,2010-01-29,1.4,20100129,281
29,2010,0.0,0.0,5.5,50.9,0.0,8.4,30,-4.9,1.7,1,2010-01-30,2.4,20100130,281
30,2010,0.0,0.0,5.3,67.3,0.0,10.8,31,-4.6,1.0,1,2010-01-31,1.0,20100131,281
31,2010,0.0,0.0,0.1,66.0,0.0,8.1,1,-2.7,1.6,2,2010-02-01,2.1,20100201,281
32,2010,0.0,0.0,7.1,32.8,0.0,3.0,2,-4.9,3.8,2,2010-02-02,-1.0,20100202,281
33,2010,0.0,0.0,8.8,29.1,0.0,1.1,3,-7.8,4.7,2,2010-02-03,-4.4,20100203,281
34,2010,0.0,0.0,8.2,37.8,0.0,2.9,4,-9.4,3.5,2,2010-02-04,-2.6,20100204,281
35,2010,0.0,0.0,8.7,31.9,0.0,4.5,5,-3.3,4.3,2,2010-02-05,-0.1,20100205,281
36,2010,0.0,0.0,9.4,31.0,0.0,6.2,6,-8.1,2.3,2,2010-02-06,-2.3,20100206,281
37,2010,0.0,0.0,8.7,50.3,0.0,9.6,7,-12.5,0.9,2,2010-02-07,-0.3,20100207,281
38,2010,3.5,0.0,0.0,80.1,0.0,5.1,8,2.0,0.8,2,2010-02-08,3.7,20100208,281
39,2010,2.5,0.0,0.0,92.9,0.0,7.9,9,3.1,1.4,2,2010-02-09,5.1,20100209,281
40,2010,6.5,0.0,0.0,90.5,0.0,7.2,10,4.3,1.5,2,2010-02-10,5.6,20100210,281
41,2010,6.5,0.0,0.0,86.6,0.0,5.7,11,0.8,2.8,2,2010-02-11,2.4,20100211,281
42,2010,0.4,0.0,0.0,81.3,0.0,2.8,12,-0.3,1.3,2,2010-02-12,0.9,20100212,281
43,2010,0.5,0.0,2.7,73.8,0.0,2.5,13,-2.3,2.2,2,2010-02-13,-0.3,20100213,281
44,2010,0.0,0.0,0.0,59.8,0.0,3.0,14,-4.9,1.5,2,2010-02-14,-0.8,20100214,281
45,2010,0.0,0.0,7.2,57.5,0.0,8.0,15,-5.6,1.8,2,2010-02-15,0.7,20100215,281
46,2010,0.0,0.0,8.5,45.3,0.0,5.6,16,-3.5,2.4,2,2010-02-16,0.2,20100216,281
47,2010,0.0,0.0,5.4,38.6,0.0,4.4,17,-5.6,1.7,2,2010-02-17,-0.8,20100217,281
48,2010,0.0,0.0,9.6,39.4,0.0,4.1,18,-5.1,3.5,2,2010-02-18,-0.7,20100218,281
49,2010,0.0,0.0,7.7,49.3,0.0,5.7,19,-7.2,2.7,2,2010-02-19,-1.3,20100219,281
50,2010,0.0,0.0,9.9,50.6,0.0,10.4,20,-5.9,1.6,2,2010-02-20,2.0,20100220,281
51,2010,0.0,0.0,8.6,64.0,0.0,11.9,21,-6.4,1.0,2,2010-02-21,2.6,20100221,281
52,2010,0.0,0.0,9.6,69.6,0.0,15.4,22,-3.5,1.4,2,2010-02-22,4.2,20100222,281
53,2010,0.0,0.0,9.8,58.9,0.0,18.2,23,-4.3,0.8,2,2010-02-23,5.7,20100223,281
54,2010,0.0,0.0,7.7,67.4,0.0,20.1,24,-3.0,1.1,2,2010-02-24,9.7,20100224,281
55,2010,32.0,0.0,0.0,86.8,0.0,18.0,25,10.5,0.9,2,2010-02-25,14.4,20100225,281
56,2010,1.5,0.0,0.0,84.1,0.0,13.3,26,1.3,2.2,2,2010-02-26,6.6,20100226,281
57,2010,0.5,0.0,0.0,75.4,0.0,6.4,27,2.6,2.2,2,2010-02-27,5.0,20100227,281
58,2010,0.0,0.0,6.8,78.5,0.0,14.3,28,-0.4,1.1,2,2010-02-28,6.5,20100228,281
59,2010,8.0,0.0,0.0,78.4,0.0,8.8,1,4.0,2.4,3,2010-03-01,5.6,20100301,281
60,2010,0.3,0.0,0.0,80.3,0.0,7.4,2,3.1,1.6,3,2010-03-02,4.9,20100302,281
61,2010,0.0,0.0,7.4,66.1,0.0,9.0,3,-1.5,2.8,3,2010-03-03,4.7,20100303,281
62,2010,4.0,0.0,0.0,86.1,0.0,8.2,4,5.3,1.3,3,2010-03-04,6.5,20100304,281
63,2010,0.3,0.0,0.0,83.5,0.0,9.5,5,5.5,1.0,3,2010-03-05,7.5,20100305,281
64,2010,1.5,0.0,0.0,81.5,0.0,8.6,6,2.2,2.1,3,2010-03-06,5.2,20100306,281
65,2010,0.5,0.0,0.3,68.0,0.0,5.1,7,1.8,2.6,3,2010-03-07,3.3,20100307,281
66,2010,0.0,0.0,0.9,59.8,0.0,6.2,8,1.7,2.9,3,2010-03-08,3.4,20100308,281
67,2010,1.0,0.0,1.1,80.8,0.0,5.3,9,0.7,1.8,3,2010-03-09,2.6,20100309,281
68,2010,3.0,0.0,2.9,74.3,0.0,3.2,10,-2.9,4.2,3,2010-03-10,-0.4,20100310,281
69,2010,0.0,0.0,10.8,56.5,0.0,9.5,11,-2.6,2.6,3,2010-03-11,2.6,20100311,281
70,2010,0.0,0.0,5.7,64.8,0.0,15.7,12,-2.1,3.0,3,2010-03-12,8.4,20100312,281
71,2010,0.0,0.0,5.6,35.0,0.0,14.4,13,1.8,3.1,3,2010-03-13,7.8,20100313,281
72,2010,0.0,0.0,1.6,70.8,0.0,11.7,14,-0.8,2.1,3,2010-03-14,6.9,20100314,281
73,2010,6.0,0.0,0.3,75.5,0.0,15.1,15,6.5,2.4,3,2010-03-15,10.1,20100315,281
74,2010,0.0,0.0,9.4,35.6,0.0,8.5,16,-0.1,5.4,3,2010-03-16,3.8,20100316,281
75,2010,0.0,0.0,5.6,46.5,0.0,8.5,17,-3.4,1.8,3,2010-03-17,2.6,20100317,281
76,2010,2.5,0.0,4.4,68.9,0.0,7.3,18,-2.2,2.1,3,2010-03-18,1.8,20100318,281
77,2010,0.0,0.0,9.9,50.0,0.0,15.3,19,-4.3,2.4,3,2010-03-19,6.4,20100319,281
78,2010,2.0,0.0,5.0,62.5,0.0,22.7,20,6.4,2.9,3,2010-03-20,13.4,20100320,281
79,2010,0.0,0.0,11.2,30.8,0.0,10.8,21,1.5,5.2,3,2010-03-21,5.7,20100321,281
80,2010,0.0,0.0,0.0,39.5,0.0,8.9,22,0.8,1.5,3,2010-03-22,5.5,20100322,281
81,2010,0.0,0.0,0.1,53.4,0.0,11.9,23,4.0,2.0,3,2010-03-23,7.5,20100323,281
82,2010,0.0,0.0,1.5,58.8,0.0,11.2,24,4.6,2.5,3,2010-03-24,7.6,20100324,281
83,2010,11.0,0.0,0.0,80.4,0.0,7.1,25,0.5,1.3,3,2010-03-25,4.0,20100325,281
84,2010,0.0,0.0,11.1,41.5,0.0,8.9,26,-2.4,3.1,3,2010-03-26,2.7,20100326,281
85,2010,0.0,0.0,5.3,61.9,0.0,13.1,27,-4.2,1.6,3,2010-03-27,5.0,20100327,281
86,2010,0.0,0.0,8.7,66.5,0.0,14.7,28,-0.4,1.9,3,2010-03-28,5.9,20100328,281
87,2010,0.0,0.0,11.3,65.3,0.0,14.0,29,-4.0,1.9,3,2010-03-29,3.8,20100329,281
88,2010,0.0,0.0,4.0,60.1,0.0,13.6,30,-0.9,1.2,3,2010-03-30,6.8,20100330,281
89,2010,10.5,0.0,0.0,86.9,0.0,10.6,31,5.1,1.0,3,2010-03-31,8.3,20100331,281
90,2010,19.0,0.0,0.0,88.5,0.0,12.3,1,6.8,1.8,4,2010-04-01,9.7,20100401,281
91,2010,0.0,0.0,10.4,35.0,0.0,14.2,2,2.1,3.6,4,2010-04-02,8.6,20100402,281
92,2010,0.0,0.0,11.4,35.8,0.0,13.9,3,0.2,2.8,4,2010-04-03,6.7,20100403,281
93,2010,0.0,0.0,11.5,49.8,0.0,19.1,4,-3.2,1.2,4,2010-04-04,8.2,20100404,281
94,2010,0.0,0.0,8.2,50.1,0.0,21.5,5,4.2,1.5,4,2010-04-05,11.4,20100405,281
95,2010,0.0,0.0,2.4,62.6,0.0,19.9,6,4.1,2.1,4,2010-04-06,10.9,20100406,281
96,2010,0.0,0.0,4.0,59.8,0.0,10.5,7,-0.1,2.3,4,2010-04-07,6.2,20100407,281
97,2010,0.0,0.0,11.0,57.9,0.0,18.2,8,-2.9,1.2,4,2010-04-08,7.6,20100408,281
98,2010,0.0,0.0,4.1,59.5,0.0,20.2,9,2.5,1.0,4,2010-04-09,10.3,20100409,281
99,2010,0.0,0.0,3.5,60.4,0.0,21.9,10,3.6,1.8,4,2010-04-10,13.9,20100410,281
100,2010,0.0,0.0,0.0,69.5,0.0,14.7,11,9.9,3.0,4,2010-04-11,10.7,20100411,281
101,2010,1.0,0.0,0.0,76.4,0.0,11.5,12,8.6,1.9,4,2010-04-12,9.9,20100412,281
102,2010,0.0,0.0,8.9,41.3,0.0,13.1,13,2.4,5.0,4,2010-04-13,8.6,20100413,281
103,2010,1.0,0.0,1.1,44.6,0.0,10.3,14,1.0,3.3,4,2010-04-14,4.0,20100414,281
104,2010,0.1,0.0,8.5,54.1,0.0,11.2,15,-1.0,1.9,4,2010-04-15,5.2,20100415,281
105,2010,0.0,0.0,10.5,57.6,0.0,16.0,16,-3.0,1.4,4,2010-04-16,6.4,20100416,281
106,2010,0.0,0.0,11.6,47.3,0.0,19.3,17,-1.5,2.0,4,2010-04-17,9.2,20100417,281
107,2010,0.0,0.0,0.0,50.9,0.0,17.4,18,1.3,1.1,4,2010-04-18,10.6,20100418,281
108,2010,0.0,0.0,1.6,55.9,0.0,20.8,19,8.4,1.4,4,2010-04-19,14.8,20100419,281
109,2010,0.0,0.0,6.6,68.3,0.0,24.8,20,10.9,2.2,4,2010-04-20,15.2,20100420,281
110,2010,5.5,0.0,1.3,70.9,0.0,13.6,21,8.8,3.5,4,2010-04-21,11.1,20100421,281
111,2010,13.5,0.0,0.0,80.3,0.0,10.5,22,7.7,2.5,4,2010-04-22,8.8,20100422,281
112,2010,1.0,0.0,1.7,78.1,0.0,14.2,23,6.6,1.3,4,2010-04-23,8.6,20100423,281
113,2010,0.0,0.0,10.2,61.0,0.0,19.2,24,4.2,1.5,4,2010-04-24,10.7,20100424,281
114,2010,0.0,0.0,11.5,52.0,0.0,22.1,25,1.1,1.3,4,2010-04-25,12.2,20100425,281
115,2010,8.5,0.0,0.1,71.8,0.0,18.3,26,6.7,1.3,4,2010-04-26,11.8,20100426,281
116,2010,6.0,0.0,8.2,55.8,0.0,19.2,27,6.6,3.5,4,2010-04-27,12.5,20100427,281
117,2010,4.0,0.0,1.6,64.4,0.0,9.2,28,4.1,2.1,4,2010-04-28,7.0,20100428,281
118,2010,0.0,0.0,7.7,38.5,0.0,16.9,29,5.2,4.5,4,2010-04-29,10.8,20100429,281
119,2010,0.0,0.0,7.4,42.9,0.0,18.4,30,1.6,2.9,4,2010-04-30,11.2,20100430,281
120,2010,0.0,0.0,12.2,42.3,0.0,21.6,1,5.9,3.0,5,2010-05-01,13.5,20100501,281
121,2010,0.0,0.0,11.9,51.3,0.0,26.2,2,3.6,1.6,5,2010-05-02,16.7,20100502,281
122,2010,0.0,0.0,10.3,58.5,0.0,29.0,3,9.1,2.6,5,2010-05-03,20.7,20100503,281
123,2010,0.0,0.0,8.2,53.1,0.0,30.9,4,12.7,1.9,5,2010-05-04,22.5,20100504,281
124,2010,0.1,0.0,5.9,57.4,0.0,27.0,5,12.9,1.6,5,2010-05-05,20.9,20100505,281
125,2010,0.1,0.0,2.8,56.4,0.0,27.6,6,14.0,3.6,5,2010-05-06,21.3,20100506,281
126,2010,0.0,0.0,12.1,32.5,0.0,26.6,7,12.1,4.1,5,2010-05-07,19.2,20100507,281
127,2010,0.0,0.0,9.9,42.8,0.0,28.4,8,7.6,2.2,5,2010-05-08,18.1,20100508,281
128,2010,0.0,0.0,5.2,51.4,0.0,26.6,9,10.3,2.0,5,2010-05-09,18.1,20100509,281
129,2010,0.0,0.0,4.7,60.4,0.0,23.3,10,13.8,1.5,5,2010-05-10,16.9,20100510,281
130,2010,1.0,0.0,8.7,75.0,0.0,19.7,11,8.9,2.6,5,2010-05-11,12.8,20100511,281
131,2010,0.0,0.0,9.4,63.8,0.0,23.8,12,7.2,2.1,5,2010-05-12,14.3,20100512,281
132,2010,0.0,0.0,8.4,66.3,0.0,21.2,13,7.1,2.0,5,2010-05-13,14.0,20100513,281
133,2010,0.0,0.0,12.5,54.0,0.0,22.6,14,5.9,1.9,5,2010-05-14,14.5,20100514,281
134,2010,0.0,0.0,4.3,55.4,0.0,24.9,15,5.8,1.0,5,2010-05-15,15.9,20100515,281
135,2010,0.0,0.0,11.6,51.4,0.0,28.8,16,8.1,1.3,5,2010-05-16,18.9,20100516,281
136,2010,0.5,0.0,10.7,55.4,0.0,28.8,17,9.2,1.9,5,2010-05-17,20.3,20100517,281
137,2010,48.0,0.0,0.0,90.4,0.0,18.5,18,16.9,1.0,5,2010-05-18,17.9,20100518,281
138,2010,12.0,0.0,5.5,72.0,0.0,27.1,19,14.3,1.9,5,2010-05-19,20.9,20100519,281
139,2010,0.0,0.0,11.1,56.4,0.0,30.8,20,11.8,1.6,5,2010-05-20,21.1,20100520,281
140,2010,0.0,0.0,11.2,52.6,0.0,31.0,21,12.3,1.4,5,2010-05-21,22.1,20100521,281
141,2010,29.0,0.0,0.0,77.6,0.0,22.0,22,14.0,1.7,5,2010-05-22,16.3,20100522,281
142,2010,32.5,0.0,0.0,89.9,0.0,17.3,23,14.7,1.7,5,2010-05-23,16.2,20100523,281
143,2010,0.5,0.0,1.1,70.8,0.0,20.6,24,15.5,2.4,5,2010-05-24,17.4,20100524,281
144,2010,1.0,0.0,0.0,84.1,0.0,17.5,25,12.7,1.3,5,2010-05-25,14.3,20100525,281
145,2010,0.5,0.0,1.9,75.4,0.0,21.2,26,9.8,1.4,5,2010-05-26,15.0,20100526,281
146,2010,0.0,0.0,11.9,64.5,0.0,20.1,27,6.2,2.0,5,2010-05-27,13.6,20100527,281
147,2010,0.0,0.0,1.6,66.6,0.0,20.6,28,7.2,1.2,5,2010-05-28,13.9,20100528,281
148,2010,0.0,0.0,11.7,65.4,0.0,21.3,29,10.5,2.4,5,2010-05-29,15.1,20100529,281
149,2010,0.0,0.0,12.1,62.6,0.0,20.5,30,7.7,2.3,5,2010-05-30,14.3,20100530,281
150,2010,0.0,0.0,7.6,64.8,0.0,19.8,31,8.5,2.4,5,2010-05-31,13.5,20100531,281
151,2010,0.0,0.0,9.3,61.8,0.0,20.8,1,6.1,2.0,6,2010-06-01,14.2,20100601,281
152,2010,0.0,0.0,11.9,61.6,0.0,26.6,2,8.1,1.4,6,2010-06-02,18.3,20100602,281
153,2010,0.0,0.0,11.1,57.5,0.0,29.8,3,11.3,1.2,6,2010-06-03,20.5,20100603,281
154,2010,0.0,0.0,10.6,56.9,0.0,30.6,4,11.9,1.1,6,2010-06-04,21.5,20100604,281
155,2010,0.0,0.0,12.0,55.9,0.0,31.1,5,13.3,1.4,6,2010-06-05,22.3,20100605,281
156,2010,0.0,0.0,8.4,57.9,0.0,29.1,6,14.0,1.7,6,2010-06-06,21.2,20100606,281
157,2010,0.0,0.0,6.3,56.3,0.0,26.6,7,12.6,2.0,6,2010-06-07,18.9,20100607,281
158,2010,0.0,0.0,11.0,55.3,0.0,25.9,8,13.9,2.1,6,2010-06-08,19.9,20100608,281
159,2010,0.0,0.0,13.0,53.6,0.0,28.9,9,10.7,1.7,6,2010-06-09,20.5,20100609,281
160,2010,0.0,0.0,11.6,52.3,0.0,30.5,10,12.1,1.3,6,2010-06-10,21.5,20100610,281
161,2010,0.0,0.0,9.9,59.1,0.0,28.2,11,12.5,2.2,6,2010-06-11,20.5,20100611,281
162,2010,0.0,0.0,0.0,70.3,0.0,24.0,12,16.2,2.0,6,2010-06-12,20.4,20100612,281
163,2010,0.0,0.0,2.8,68.4,0.0,26.0,13,19.1,2.1,6,2010-06-13,22.3,20100613,281
164,2010,0.0,0.0,12.6,63.4,0.0,30.5,14,15.7,2.0,6,2010-06-14,22.8,20100614,281
165,2010,5.0,0.0,6.2,71.5,0.0,27.6,15,18.7,1.8,6,2010-06-15,22.3,20100615,281
166,2010,0.0,0.0,9.6,65.5,0.0,31.7,16,17.6,1.8,6,2010-06-16,25.0,20100616,281
167,2010,0.0,0.0,4.4,58.6,0.0,32.8,17,19.8,1.3,6,2010-06-17,26.6,20100617,281
168,2010,3.5,0.0,0.0,75.0,0.0,24.6,18,19.3,2.1,6,2010-06-18,22.0,20100618,281
169,2010,1.0,0.0,0.9,77.1,0.0,27.9,19,19.1,1.0,6,2010-06-19,22.9,20100619,281
170,2010,0.0,0.0,6.8,65.5,0.0,30.5,20,20.8,1.7,6,2010-06-20,25.2,20100620,281
171,2010,0.0,0.0,8.9,55.3,0.0,32.3,21,19.4,1.8,6,2010-06-21,25.9,20100621,281
172,2010,0.0,0.0,10.9,46.9,0.0,33.5,22,17.4,2.1,6,2010-06-22,26.0,20100622,281
173,2010,0.0,0.0,7.7,61.0,0.0,28.0,23,18.4,2.4,6,2010-06-23,22.4,20100623,281
174,2010,0.0,0.0,9.1,59.6,0.0,31.7,24,14.9,1.3,6,2010-06-24,23.6,20100624,281
175,2010,0.0,0.0,0.0,59.4,0.0,27.0,25,17.4,1.4,6,2010-06-25,21.9,20100625,281
176,2010,10.0,0.0,0.0,87.0,0.0,22.7,26,19.2,1.9,6,2010-06-26,20.7,20100626,281
177,2010,2.0,0.0,0.8,77.5,0.0,28.8,27,20.0,1.6,6,2010-06-27,23.9,20100627,281
178,2010,8.0,0.0,0.9,78.3,0.0,27.6,28,20.8,1.4,6,2010-06-28,23.5,20100628,281
179,2010,0.0,0.0,9.0,69.8,0.0,32.1,29,18.6,1.5,6,2010-06-29,25.1,20100629,281
180,2010,2.0,0.0,2.0,76.4,0.0,31.5,30,20.6,1.4,6,2010-06-30,24.6,20100630,281
181,2010,7.0,0.0,0.0,80.8,0.0,29.0,1,21.0,1.5,7,2010-07-01,23.8,20100701,281
182,2010,9.5,0.0,0.0,85.1,0.0,27.4,2,22.5,1.1,7,2010-07-02,24.3,20100702,281
183,2010,4.5,0.0,0.0,83.8,0.0,30.3,3,22.6,1.4,7,2010-07-03,25.4,20100703,281
184,2010,5.0,0.0,0.0,84.6,0.0,25.4,4,21.6,1.6,7,2010-07-04,23.0,20100704,281
185,2010,0.0,0.0,3.1,73.6,0.0,31.9,5,21.7,1.3,7,2010-07-05,26.1,20100705,281
186,2010,0.0,0.0,10.9,61.6,0.0,33.5,6,21.3,2.3,7,2010-07-06,27.1,20100706,281
187,2010,0.5,0.0,8.2,72.1,0.0,32.4,7,18.9,1.8,7,2010-07-07,23.6,20100707,281
188,2010,0.0,0.0,2.5,71.8,0.0,29.0,8,21.0,1.7,7,2010-07-08,23.5,20100708,281
189,2010,0.0,0.0,6.5,69.0,0.0,31.2,9,19.9,1.6,7,2010-07-09,24.5,20100709,281
190,2010,1.5,0.0,2.7,70.4,0.0,30.5,10,19.3,1.7,7,2010-07-10,24.8,20100710,281
191,2010,102.5,0.0,0.0,90.1,0.0,22.5,11,19.9,1.2,7,2010-07-11,20.7,20100711,281
192,2010,0.5,0.0,0.2,80.4,0.0,24.3,12,19.7,1.5,7,2010-07-12,21.9,20100712,281
193,2010,1.0,0.0,0.0,79.8,0.0,23.9,13,19.9,1.7,7,2010-07-13,21.7,20100713,281
194,2010,0.0,0.0,9.6,74.4,0.0,27.9,14,17.1,1.9,7,2010-07-14,22.5,20100714,281
195,2010,0.2,0.0,6.7,74.6,0.0,28.2,15,17.6,1.5,7,2010-07-15,23.5,20100715,281
196,2010,36.0,0.0,0.0,88.0,0.0,26.3,16,21.2,0.9,7,2010-07-16,23.4,20100716,281
197,2010,12.0,0.0,0.3,83.3,0.0,29.3,17,22.8,0.9,7,2010-07-17,25.2,20100717,281
198,2010,0.0,0.0,6.8,73.3,0.0,31.4,18,21.9,1.4,7,2010-07-18,26.1,20100718,281
199,2010,0.0,0.0,7.2,72.1,0.0,32.8,19,21.1,1.6,7,2010-07-19,26.6,20100719,281
200,2010,0.0,0.0,10.7,66.0,0.0,33.9,20,21.8,1.3,7,2010-07-20,27.6,20100720,281
201,2010,0.0,0.0,8.7,67.3,0.0,33.6,21,21.4,1.5,7,2010-07-21,27.8,20100721,281
202,2010,0.0,0.0,10.3,66.9,0.0,33.8,22,22.6,1.6,7,2010-07-22,28.8,20100722,281
203,2010,31.0,0.0,6.0,72.0,0.0,34.1,23,22.0,1.8,7,2010-07-23,27.0,20100723,281
204,2010,1.5,0.0,1.3,78.0,0.0,31.5,24,22.7,1.3,7,2010-07-24,26.1,20100724,281
205,2010,1.5,0.0,6.1,72.9,0.0,32.6,25,22.3,1.7,7,2010-07-25,26.5,20100725,281
206,2010,1.0,0.0,2.3,78.6,0.0,30.9,26,22.8,1.6,7,2010-07-26,25.0,20100726,281
207,2010,0.0,0.0,8.3,70.1,0.0,32.3,27,21.4,1.3,7,2010-07-27,27.1,20100727,281
208,2010,6.0,0.0,0.0,86.5,0.0,26.1,28,21.8,1.3,7,2010-07-28,24.1,20100728,281
209,2010,0.0,0.0,6.9,74.0,0.0,31.4,29,21.5,1.5,7,2010-07-29,26.5,20100729,281
210,2010,0.0,0.0,5.1,68.9,0.0,32.6,30,25.1,2.0,7,2010-07-30,28.3,20100730,281
211,2010,0.0,0.0,5.6,67.9,0.0,33.1,31,25.6,2.5,7,2010-07-31,29.0,20100731,281
212,2010,0.0,0.0,8.0,64.0,0.0,34.4,1,25.4,1.8,8,2010-08-01,29.9,20100801,281
213,2010,0.0,0.0,7.1,72.9,0.0,35.4,2,23.7,2.0,8,2010-08-02,27.3,20100802,281
214,2010,5.0,0.0,1.9,79.1,0.0,29.2,3,22.0,1.9,8,2010-08-03,25.3,20100803,281
215,2010,0.0,0.0,7.4,73.0,0.0,33.2,4,23.9,1.4,8,2010-08-04,28.3,20100804,281
216,2010,0.0,0.0,10.1,66.8,0.0,34.9,5,23.9,1.3,8,2010-08-05,29.1,20100805,281
217,2010,0.4,0.0,4.3,72.0,0.0,33.9,6,24.8,1.5,8,2010-08-06,28.4,20100806,281
218,2010,0.1,0.0,7.7,73.6,0.0,35.2,7,22.7,1.1,8,2010-08-07,27.1,20100807,281
219,2010,0.0,0.0,7.6,72.1,0.0,34.3,8,22.2,1.3,8,2010-08-08,26.8,20100808,281
220,2010,0.0,0.0,10.7,70.3,0.0,34.0,9,20.9,1.9,8,2010-08-09,27.3,20100809,281
221,2010,36.5,0.0,0.3,82.8,0.0,29.0,10,24.4,1.6,8,2010-08-10,26.2,20100810,281
222,2010,31.5,0.0,0.1,82.9,0.0,28.8,11,24.2,3.3,8,2010-08-11,26.4,20100811,281
223,2010,0.0,0.0,8.5,67.0,0.0,33.1,12,23.8,1.7,8,2010-08-12,27.9,20100812,281
224,2010,12.5,0.0,2.1,79.1,0.0,31.9,13,23.4,1.5,8,2010-08-13,26.9,20100813,281
225,2010,1.0,0.0,0.1,78.9,0.0,30.4,14,24.7,1.3,8,2010-08-14,27.6,20100814,281
226,2010,43.5,0.0,0.2,79.6,0.0,30.0,15,23.5,1.6,8,2010-08-15,27.1,20100815,281
227,2010,32.5,0.0,3.7,81.9,0.0,32.1,16,22.4,1.4,8,2010-08-16,25.9,20100816,281
228,2010,28.5,0.0,1.9,81.0,0.0,29.8,17,22.1,1.1,8,2010-08-17,25.4,20100817,281
229,2010,0.0,0.0,9.3,76.3,0.0,32.6,18,22.3,1.9,8,2010-08-18,26.6,20100818,281
230,2010,0.0,0.0,5.7,75.9,0.0,32.0,19,23.9,1.7,8,2010-08-19,26.9,20100819,281
231,2010,0.0,0.0,11.1,71.6,0.0,35.6,20,21.2,0.9,8,2010-08-20,28.1,20100820,281
232,2010,0.2,0.0,8.1,72.9,0.0,35.5,21,23.5,0.9,8,2010-08-21,28.8,20100821,281
233,2010,0.0,0.0,8.1,70.0,0.0,35.1,22,23.7,1.1,8,2010-08-22,29.0,20100822,281
234,2010,0.0,0.0,9.1,69.3,0.0,35.4,23,23.2,1.4,8,2010-08-23,28.9,20100823,281
235,2010,0.0,0.0,6.6,69.0,0.0,34.8,24,23.4,1.3,8,2010-08-24,28.2,20100824,281
236,2010,13.5,0.0,4.7,82.1,0.0,30.1,25,21.7,2.0,8,2010-08-25,24.1,20100825,281
237,2010,0.0,0.0,9.0,74.3,0.0,33.9,26,21.6,1.6,8,2010-08-26,26.7,20100826,281
238,2010,0.5,0.0,0.3,82.6,0.0,30.0,27,22.0,1.1,8,2010-08-27,25.8,20100827,281
239,2010,0.0,0.0,0.8,76.0,0.0,30.3,28,25.0,2.8,8,2010-08-28,27.2,20100828,281
240,2010,0.0,0.0,5.7,76.9,0.0,32.8,29,23.1,1.2,8,2010-08-29,27.2,20100829,281
241,2010,5.5,0.0,2.8,79.1,0.0,31.6,30,23.3,0.8,8,2010-08-30,26.8,20100830,281
242,2010,1.0,0.0,3.4,82.9,0.0,33.1,31,22.7,0.8,8,2010-08-31,26.0,20100831,281
243,2010,5.5,0.0,5.2,76.8,0.0,32.5,1,23.2,2.2,9,2010-09-01,27.4,20100901,281
244,2010,35.0,0.0,1.7,80.5,0.0,30.0,2,24.1,1.7,9,2010-09-02,26.4,20100902,281
245,2010,0.0,0.0,9.8,74.5,0.0,33.8,3,23.4,1.0,9,2010-09-03,27.7,20100903,281
246,2010,0.0,0.0,7.8,73.6,0.0,34.9,4,21.5,0.9,9,2010-09-04,27.7,20100904,281
247,2010,6.0,0.0,4.1,76.9,0.0,34.2,5,23.3,1.0,9,2010-09-05,27.5,20100905,281
248,2010,32.5,0.0,0.0,88.1,0.0,26.1,6,22.3,1.5,9,2010-09-06,24.2,20100906,281
249,2010,46.5,0.0,0.0,86.9,0.0,23.8,7,21.1,1.6,9,2010-09-07,21.9,20100907,281
250,2010,0.0,0.0,2.0,72.4,0.0,24.8,8,18.6,2.0,9,2010-09-08,21.1,20100908,281
251,2010,0.0,0.0,4.9,69.4,0.0,28.9,9,17.6,0.7,9,2010-09-09,22.9,20100909,281
252,2010,0.0,0.0,6.9,72.4,0.0,32.1,10,19.4,1.3,9,2010-09-10,26.2,20100910,281
253,2010,8.5,0.0,0.0,87.0,0.0,26.9,11,21.9,1.2,9,2010-09-11,24.6,20100911,281
254,2010,31.0,0.0,2.4,80.8,0.0,29.7,12,20.0,2.4,9,2010-09-12,23.3,20100912,281
255,2010,0.0,0.0,7.3,76.4,0.0,29.1,13,16.8,1.4,9,2010-09-13,22.4,20100913,281
256,2010,0.0,0.0,2.5,78.9,0.0,27.4,14,17.6,1.1,9,2010-09-14,21.1,20100914,281
257,2010,0.0,0.0,9.1,75.3,0.0,26.9,15,14.6,1.2,9,2010-09-15,20.2,20100915,281
258,2010,0.0,0.0,11.3,71.9,0.0,29.8,16,13.9,0.8,9,2010-09-16,20.8,20100916,281
259,2010,0.0,0.0,9.4,71.8,0.0,31.3,17,14.9,1.0,9,2010-09-17,21.8,20100917,281
260,2010,0.0,0.0,11.1,68.6,0.0,31.6,18,15.1,0.9,9,2010-09-18,22.6,20100918,281
261,2010,2.5,0.0,4.5,77.0,0.0,29.4,19,15.9,1.2,9,2010-09-19,21.8,20100919,281
262,2010,0.5,0.0,0.1,83.5,0.0,26.7,20,19.8,1.3,9,2010-09-20,22.4,20100920,281
263,2010,0.0,0.0,7.8,72.9,0.0,33.0,21,19.1,1.7,9,2010-09-21,26.4,20100921,281
264,2010,16.0,0.0,0.0,88.1,0.0,24.5,22,15.9,1.6,9,2010-09-22,17.4,20100922,281
265,2010,0.0,0.0,7.0,73.4,0.0,22.5,23,11.4,1.8,9,2010-09-23,16.8,20100923,281
266,2010,0.0,0.0,7.9,70.5,0.0,22.7,24,8.9,1.7,9,2010-09-24,15.8,20100924,281
267,2010,0.0,0.0,7.0,73.1,0.0,22.9,25,9.7,1.2,9,2010-09-25,15.5,20100925,281
268,2010,0.0,0.0,1.9,78.3,0.0,22.9,26,9.9,0.7,9,2010-09-26,15.6,20100926,281
269,2010,0.0,0.0,0.4,83.4,0.0,21.2,27,10.0,0.5,9,2010-09-27,15.0,20100927,281
270,2010,0.0,0.0,7.8,67.1,0.0,22.7,28,7.4,1.8,9,2010-09-28,14.7,20100928,281
271,2010,0.0,0.0,1.0,77.0,0.0,21.4,29,6.1,0.6,9,2010-09-29,13.8,20100929,281
272,2010,0.0,0.0,9.3,71.9,0.0,23.9,30,9.1,1.1,9,2010-09-30,14.9,20100930,281
273,2010,0.0,0.0,6.6,73.8,0.0,23.4,1,6.8,1.0,10,2010-10-01,14.8,20101001,281
274,2010,8.0,0.0,2.7,79.0,0.0,24.5,2,10.6,1.2,10,2010-10-02,18.6,20101002,281
275,2010,10.5,0.0,2.9,74.9,0.0,24.7,3,12.8,1.7,10,2010-10-03,19.4,20101003,281
276,2010,0.0,0.0,3.8,70.5,0.0,21.4,4,10.3,2.2,10,2010-10-04,15.3,20101004,281
277,2010,0.0,0.0,3.9,70.1,0.0,21.7,5,11.3,1.4,10,2010-10-05,16.0,20101005,281
278,2010,0.0,0.0,7.8,72.8,0.0,24.2,6,10.2,1.1,10,2010-10-06,16.3,20101006,281
279,2010,0.0,0.0,9.2,76.4,0.0,23.8,7,8.4,1.2,10,2010-10-07,15.4,20101007,281
280,2010,2.0,0.0,2.0,81.0,0.0,23.3,8,12.3,1.0,10,2010-10-08,17.2,20101008,281
281,2010,4.0,0.0,0.3,85.0,0.0,21.2,9,13.7,0.9,10,2010-10-09,17.3,20101009,281
282,2010,0.0,0.0,9.1,76.3,0.0,25.9,10,12.0,1.3,10,2010-10-10,17.7,20101010,281
283,2010,0.3,0.0,2.3,78.5,0.0,24.0,11,10.0,0.9,10,2010-10-11,16.8,20101011,281
284,2010,0.0,0.0,8.4,74.1,0.0,25.2,12,13.2,1.5,10,2010-10-12,18.5,20101012,281
285,2010,0.0,0.0,1.4,79.4,0.0,23.4,13,11.9,0.8,10,2010-10-13,17.6,20101013,281
286,2010,0.0,0.0,3.5,67.3,0.0,22.8,14,13.5,1.8,10,2010-10-14,17.5,20101014,281
287,2010,0.0,0.0,10.4,52.9,0.0,19.9,15,6.6,2.8,10,2010-10-15,13.7,20101015,281
288,2010,0.0,0.0,9.4,68.3,0.0,22.5,16,4.8,1.4,10,2010-10-16,13.2,20101016,281
289,2010,0.0,0.0,9.3,73.8,0.0,23.3,17,5.5,0.8,10,2010-10-17,13.4,20101017,281
290,2010,0.0,0.0,8.5,76.4,0.0,22.3,18,6.3,0.9,10,2010-10-18,13.4,20101018,281
291,2010,0.0,0.0,6.8,74.5,0.0,23.1,19,7.4,0.6,10,2010-10-19,14.4,20101019,281
292,2010,0.0,0.0,5.5,77.4,0.0,22.1,20,8.0,0.8,10,2010-10-20,15.1,20101020,281
293,2010,0.0,0.0,2.3,77.0,0.0,21.8,21,10.2,1.7,10,2010-10-21,15.3,20101021,281
294,2010,0.0,0.0,6.1,71.8,0.0,20.6,22,8.9,1.5,10,2010-10-22,13.7,20101022,281
295,2010,0.0,0.0,1.1,77.3,0.0,20.8,23,8.4,1.1,10,2010-10-23,14.5,20101023,281
296,2010,18.5,0.0,0.0,90.9,0.0,18.0,24,13.9,0.8,10,2010-10-24,15.7,20101024,281
297,2010,0.0,0.0,7.5,61.5,0.0,19.9,25,8.7,2.5,10,2010-10-25,14.3,20101025,281
298,2010,0.0,0.0,10.2,46.3,0.0,10.8,26,-1.1,2.7,10,2010-10-26,4.8,20101026,281
299,2010,0.0,0.0,4.0,62.9,0.0,13.6,27,-1.8,1.2,10,2010-10-27,7.4,20101027,281
300,2010,0.0,0.0,9.5,65.1,0.0,16.5,28,1.0,1.4,10,2010-10-28,7.9,20101028,281
301,2010,0.0,0.0,6.4,68.6,0.0,17.9,29,-0.6,1.5,10,2010-10-29,8.9,20101029,281
302,2010,0.0,0.0,1.5,66.0,0.0,17.0,30,6.0,1.5,10,2010-10-30,11.2,20101030,281
303,2010,2.5,0.0,4.6,75.6,0.0,18.7,31,4.6,1.1,10,2010-10-31,11.2,20101031,281
304,2010,0.5,0.0,9.6,60.8,0.0,18.3,1,5.0,2.1,11,2010-11-01,11.4,20101101,281
305,2010,0.0,0.0,7.3,40.6,0.0,13.8,2,3.6,2.9,11,2010-11-02,8.1,20101102,281
306,2010,0.0,0.0,9.7,50.4,0.0,14.6,3,-0.5,2.3,11,2010-11-03,6.7,20101103,281
307,2010,0.0,0.0,9.2,67.0,0.0,17.2,4,-1.3,1.5,11,2010-11-04,7.1,20101104,281
308,2010,0.0,0.0,7.7,70.0,0.0,18.5,5,0.2,1.1,11,2010-11-05,7.7,20101105,281
309,2010,0.0,0.0,8.0,71.6,0.0,19.2,6,0.8,1.0,11,2010-11-06,8.6,20101106,281
310,2010,0.0,0.0,6.1,75.8,0.0,17.9,7,1.7,0.7,11,2010-11-07,8.2,20101107,281
311,2010,0.0,0.0,4.5,55.4,0.0,16.4,8,2.2,3.3,11,2010-11-08,8.8,20101108,281
312,2010,0.0,0.0,8.2,41.1,0.0,11.5,9,4.2,5.0,11,2010-11-09,6.8,20101109,281
313,2010,0.0,0.0,8.0,52.0,0.0,12.9,10,-0.1,2.7,11,2010-11-10,5.9,20101110,281
314,2010,4.5,0.0,5.7,70.3,0.0,17.4,11,-2.5,1.3,11,2010-11-11,8.7,20101111,281
315,2010,0.0,0.0,8.0,50.9,0.0,16.4,12,1.3,2.5,11,2010-11-12,9.5,20101112,281
316,2010,0.0,0.0,4.5,71.8,0.0,14.2,13,-1.9,0.5,11,2010-11-13,5.6,20101113,281
317,2010,0.0,0.0,2.9,47.6,0.0,17.2,14,2.3,1.5,11,2010-11-14,8.9,20101114,281
318,2010,0.0,0.0,7.9,21.9,0.0,10.1,15,-3.2,2.5,11,2010-11-15,4.5,20101115,281
319,2010,0.0,0.0,7.4,34.1,0.0,10.8,16,-4.2,1.3,11,2010-11-16,2.2,20101116,281
320,2010,0.0,0.0,7.8,47.4,0.0,13.8,17,-4.9,1.2,11,2010-11-17,2.8,20101117,281
321,2010,0.0,0.0,7.6,50.8,0.0,13.6,18,-4.1,0.6,11,2010-11-18,2.9,20101118,281
322,2010,0.0,0.0,5.3,55.0,0.0,13.5,19,-4.6,0.6,11,2010-11-19,2.6,20101119,281
323,2010,0.0,0.0,7.7,66.3,0.0,16.4,20,-5.2,0.6,11,2010-11-20,3.8,20101120,281
324,2010,0.0,0.0,7.4,66.6,0.0,18.2,21,-2.5,0.6,11,2010-11-21,6.3,20101121,281
325,2010,0.0,0.0,3.7,54.6,0.0,16.1,22,2.3,1.8,11,2010-11-22,7.4,20101122,281
326,2010,0.0,0.0,7.4,64.9,0.0,14.2,23,-3.9,1.2,11,2010-11-23,5.0,20101123,281
327,2010,0.0,0.0,6.6,70.5,0.0,15.8,24,0.1,0.8,11,2010-11-24,6.6,20101124,281
328,2010,0.0,0.0,3.1,58.1,0.0,11.7,25,0.8,2.4,11,2010-11-25,5.4,20101125,281
329,2010,0.0,0.0,4.5,56.3,0.0,11.7,27,-7.6,2.1,11,2010-11-27,2.1,20101127,281
330,2010,0.0,0.0,7.1,38.1,0.0,6.7,28,-5.5,3.1,11,2010-11-28,0.2,20101128,281
331,2010,0.0,0.0,7.1,54.6,0.0,12.5,29,-6.1,0.9,11,2010-11-29,2.2,20101129,281
332,2010,0.0,0.0,6.4,68.8,0.0,16.2,30,-1.8,1.1,11,2010-11-30,6.2,20101130,281
333,2010,0.0,0.0,5.1,72.6,0.0,17.4,1,-3.3,0.6,12,2010-12-01,4.2,20101201,281
334,2010,0.1,0.0,0.0,79.8,0.0,8.6,2,-1.3,0.6,12,2010-12-02,3.6,20101202,281
335,2010,0.3,0.0,6.6,41.5,0.0,7.6,3,-0.6,5.1,12,2010-12-03,3.9,20101203,281
336,2010,0.0,0.0,7.7,50.8,0.0,11.3,4,-1.9,2.4,12,2010-12-04,3.2,20101204,281
337,2010,0.0,0.0,7.4,67.4,0.0,14.6,5,-4.6,0.8,12,2010-12-05,3.6,20101205,281
338,2010,0.0,0.0,1.5,62.9,0.0,13.0,6,-2.3,2.0,12,2010-12-06,3.8,20101206,281
339,2010,0.0,0.0,2.5,45.6,0.0,7.3,7,-1.3,2.9,12,2010-12-07,1.7,20101207,281
340,2010,0.5,0.0,1.9,60.6,0.0,6.2,8,-6.1,1.3,12,2010-12-08,0.1,20101208,281
341,2010,0.0,0.0,7.6,45.1,0.0,5.7,9,-4.1,3.1,12,2010-12-09,0.3,20101209,281
342,2010,0.0,0.0,6.1,62.8,0.0,10.4,10,-9.1,1.0,12,2010-12-10,1.6,20101210,281
343,2010,0.0,0.0,7.0,36.5,0.0,10.1,11,-6.3,4.0,12,2010-12-11,2.8,20101211,281
344,2010,0.0,0.0,2.6,47.6,0.0,4.6,12,-10.0,0.7,12,2010-12-12,-1.9,20101212,281
345,2010,24.0,0.0,0.0,87.8,0.0,4.0,13,-0.2,0.6,12,2010-12-13,2.2,20101213,281
346,2010,0.0,0.0,7.3,56.6,0.0,7.4,14,-4.7,3.8,12,2010-12-14,2.2,20101214,281
347,2010,0.0,0.0,7.2,37.8,0.0,-2.4,15,-8.7,4.8,12,2010-12-15,-5.8,20101215,281
348,2010,0.0,0.0,7.6,43.5,0.0,-0.4,16,-8.5,3.9,12,2010-12-16,-4.9,20101216,281
349,2010,0.0,0.0,3.0,75.3,0.0,4.5,17,-10.2,1.7,12,2010-12-17,-1.9,20101217,281
350,2010,0.0,0.0,7.4,60.6,0.0,8.1,18,-5.4,1.4,12,2010-12-18,0.7,20101218,281
351,2010,0.0,0.0,5.8,68.9,0.0,11.7,19,-6.8,0.6,12,2010-12-19,2.4,20101219,281
352,2010,0.0,0.0,7.3,55.9,0.0,13.5,20,-3.5,2.3,12,2010-12-20,5.7,20101220,281
353,2010,0.0,0.0,1.3,74.6,0.0,9.6,21,-5.7,0.5,12,2010-12-21,1.3,20101221,281
354,2010,0.0,0.0,6.5,63.0,0.0,13.0,22,-1.8,1.3,12,2010-12-22,4.6,20101222,281
355,2010,0.0,0.0,6.5,52.8,0.0,10.0,23,-4.6,2.3,12,2010-12-23,1.8,20101223,281
356,2010,0.0,0.0,7.5,30.4,0.0,-0.9,24,-9.5,4.6,12,2010-12-24,-6.1,20101224,281
357,2010,0.0,0.0,7.3,40.6,0.0,-2.7,25,-11.3,5.5,12,2010-12-25,-7.2,20101225,281
358,2010,0.0,0.0,7.4,46.9,0.0,0.5,26,-8.4,4.2,12,2010-12-26,-4.3,20101226,281
359,2010,0.0,0.0,6.5,64.8,0.0,3.9,27,-7.0,2.7,12,2010-12-27,-1.7,20101227,281
360,2010,3.0,0.0,0.1,81.9,0.0,2.9,28,-7.3,1.9,12,2010-12-28,-1.3,20101228,281
361,2010,0.0,0.0,7.6,61.0,0.0,1.5,29,-5.2,2.8,12,2010-12-29,-2.4,20101229,281
362,2010,0.1,0.0,6.3,58.4,0.0,2.3,30,-5.5,2.9,12,2010-12-30,-2.5,20101230,281
363,2010,0.0,0.0,7.6,47.3,0.0,-1.1,31,-8.1,4.2,12,2010-12-31,-5.5,20101231,281
