,month,tavg,rainfall,year,date,tmin,cloud,tmax,day,snow,wind,station_id,Date,sunshine,humid
0,1,-3.6,0.0,2009,20090101,-8.2,0.0,1.2,1,0.0,3.5,281,2009-01-01,8.0,43.0
1,1,-3.0,0.0,2009,20090102,-7.8,0.0,4.6,2,0.0,1.9,281,2009-01-02,7.6,49.6
2,1,-2.1,0.0,2009,20090103,-11.2,0.0,7.9,3,0.0,1.5,281,2009-01-03,7.6,50.4
3,1,-2.3,0.0,2009,20090104,-8.7,0.0,6.5,4,0.0,1.3,281,2009-01-04,2.1,54.3
4,1,-0.3,0.0,2009,20090105,-7.8,0.0,6.4,5,0.0,2.6,281,2009-01-05,7.4,56.6
5,1,-1.8,0.0,2009,20090106,-9.5,0.0,5.7,6,0.0,1.2,281,2009-01-06,7.4,60.1
6,1,-0.1,0.0,2009,20090107,-7.0,0.0,7.4,7,0.0,1.6,281,2009-01-07,7.1,42.8
7,1,-1.5,0.0,2009,20090108,-9.3,0.0,7.6,8,0.0,1.8,281,2009-01-08,5.9,48.6
8,1,-0.9,0.0,2009,20090109,-6.5,0.0,4.6,9,0.0,3.1,281,2009-01-09,5.9,39.9
9,1,-3.7,0.0,2009,20090110,-6.4,0.0,0.5,10,0.0,4.3,281,2009-01-10,7.7,44.8
10,1,-3.1,0.0,2009,20090111,-8.4,0.0,2.6,11,0.0,3.7,281,2009-01-11,6.5,44.1
11,1,-4.7,0.0,2009,20090112,-7.9,0.0,0.1,12,0.0,5.1,281,2009-01-12,7.7,49.6
12,1,-3.7,0.0,2009,20090113,-9.2,0.0,1.8,13,0.0,3.5,281,2009-01-13,7.8,41.6
13,1,-3.2,0.0,2009,20090114,-7.5,0.0,1.9,14,0.0,3.6,281,2009-01-14,6.6,43.0
14,1,-5.0,0.0,2009,20090115,-10.0,0.0,1.4,15,0.0,3.0,281,2009-01-15,7.9,30.4
15,1,-3.1,0.0,2009,20090116,-13.6,0.0,6.1,16,0.0,1.4,281,2009-01-16,7.8,57.6
16,1,-1.2,0.0,2009,20090117,-9.1,0.0,8.6,17,0.0,0.7,281,2009-01-17,7.5,64.1
17,1,0.4,2.5,2009,20090118,-5.8,0.0,6.1,18,0.0,0.7,281,2009-01-18,0.0,83.6
18,1,2.4,0.0,2009,20090119,-2.0,0.0,6.8,19,0.0,3.3,281,2009-01-19,7.6,49.3
19,1,1.1,0.0,2009,20090120,-5.0,0.0,8.3,20,0.0,1.1,281,2009-01-20,3.5,47.5
20,1,-0.9,0.0,2009,20090121,-5.7,0.0,6.2,21,0.0,0.8,281,2009-01-21,0.0,64.5
21,1,-0.6,0.0,2009,20090122,-7.5,0.0,9.2,22,0.0,0.7,281,2009-01-22,4.5,68.8
22,1,-3.4,0.0,2009,20090123,-9.2,0.0,4.1,23,0.0,5.1,281,2009-01-23,3.0,47.3
23,1,-5.4,0.0,2009,20090124,-14.4,0.0,0.3,24,0.0,3.5,281,2009-01-24,6.5,46.1
24,1,-2.1,0.0,2009,20090125,-6.8,0.0,3.6,25,0.0,2.3,281,2009-01-25,4.6,54.5
25,1,-2.9,0.0,2009,20090126,-10.2,0.0,3.4,26,0.0,2.3,281,2009-01-26,4.6,67.3
26,1,-3.1,0.0,2009,20090127,-9.8,0.0,5.5,27,0.0,1.3,281,2009-01-27,8.0,55.5
27,1,-2.4,0.0,2009,20090128,-11.9,0.0,10.4,28,0.0,0.7,281,2009-01-28,8.0,60.8
28,1,-0.7,0.2,2009,20090129,-7.6,0.0,4.2,29,0.0,0.5,281,2009-01-29,0.0,69.4
29,1,5.8,4.5,2009,20090130,1.0,0.0,9.4,30,0.0,1.3,281,2009-01-30,0.0,81.3
30,1,6.1,0.0,2009,20090131,-0.6,0.0,9.5,31,0.0,2.5,281,2009-01-31,1.4,61.1
31,2,1.6,0.0,2009,20090201,-4.9,0.0,10.3,1,0.0,0.9,281,2009-02-01,7.6,76.8
32,2,5.0,0.0,2009,20090202,-2.4,0.0,13.7,2,0.0,1.2,281,2009-02-02,6.3,72.4
33,2,5.2,0.0,2009,20090203,0.6,0.0,10.5,3,0.0,1.7,281,2009-02-03,1.1,74.8
34,2,5.0,0.0,2009,20090204,-2.2,0.0,13.9,4,0.0,0.7,281,2009-02-04,6.7,71.8
35,2,4.0,0.0,2009,20090205,-3.6,0.0,12.8,5,0.0,1.8,281,2009-02-05,3.4,65.4
36,2,3.1,0.0,2009,20090206,-3.7,0.0,12.4,6,0.0,0.7,281,2009-02-06,6.1,73.0
37,2,4.5,0.0,2009,20090207,-2.8,0.0,11.9,7,0.0,2.1,281,2009-02-07,7.0,64.1
38,2,3.9,0.0,2009,20090208,-3.7,0.0,12.8,8,0.0,1.0,281,2009-02-08,8.5,61.3
39,2,5.0,0.0,2009,20090209,-0.4,0.0,11.6,9,0.0,1.9,281,2009-02-09,3.6,53.1
40,2,4.0,0.0,2009,20090210,-2.2,0.0,10.6,10,0.0,2.5,281,2009-02-10,9.2,60.5
41,2,5.3,0.0,2009,20090211,-3.8,0.0,14.8,11,0.0,2.2,281,2009-02-11,7.0,56.4
42,2,7.1,0.0,2009,20090212,-5.0,0.0,15.8,12,0.0,0.8,281,2009-02-12,5.6,54.0
43,2,15.9,7.5,2009,20090213,11.6,0.0,19.2,13,0.0,2.6,281,2009-02-13,0.0,77.3
44,2,10.0,0.0,2009,20090214,5.8,0.0,16.3,14,0.0,3.4,281,2009-02-14,7.5,50.8
45,2,2.9,0.0,2009,20090215,-1.5,0.0,9.7,15,0.0,3.2,281,2009-02-15,1.1,56.6
46,2,-1.9,0.0,2009,20090216,-5.3,0.0,3.0,16,0.0,4.3,281,2009-02-16,9.1,27.8
47,2,-1.6,0.0,2009,20090217,-7.8,0.0,4.3,17,0.0,2.9,281,2009-02-17,10.3,27.8
48,2,0.7,0.0,2009,20090218,-5.2,0.0,6.3,18,0.0,2.9,281,2009-02-18,7.8,32.4
49,2,1.9,2.5,2009,20090219,-2.5,0.0,7.1,19,0.0,1.2,281,2009-02-19,0.1,67.0
50,2,1.3,0.5,2009,20090220,-3.5,0.0,5.5,20,0.0,4.4,281,2009-02-20,4.6,61.9
51,2,-0.5,0.0,2009,20090221,-7.8,0.0,8.3,21,0.0,2.0,281,2009-02-21,10.2,46.9
52,2,0.3,11.5,2009,20090222,-5.3,0.0,3.2,22,0.0,0.7,281,2009-02-22,0.0,85.0
53,2,5.0,0.0,2009,20090223,0.8,0.0,11.0,23,0.0,1.5,281,2009-02-23,3.1,86.0
54,2,8.8,0.5,2009,20090224,3.6,0.0,15.7,24,0.0,1.0,281,2009-02-24,6.3,71.1
55,2,8.8,3.5,2009,20090225,4.8,0.0,14.2,25,0.0,2.0,281,2009-02-25,2.7,64.8
56,2,6.3,0.0,2009,20090226,2.4,0.0,11.0,26,0.0,1.7,281,2009-02-26,2.2,50.4
57,2,7.0,0.4,2009,20090227,1.9,0.0,13.0,27,0.0,1.3,281,2009-02-27,3.7,53.5
58,2,5.1,0.0,2009,20090228,-2.9,0.0,13.5,28,0.0,1.0,281,2009-02-28,8.5,66.9
59,3,5.5,0.0,2009,20090301,-3.1,0.0,14.1,1,0.0,2.3,281,2009-03-01,10.4,43.1
60,3,2.7,0.0,2009,20090302,-2.9,0.0,7.4,2,0.0,2.1,281,2009-03-02,1.1,59.0
61,3,3.3,1.5,2009,20090303,1.4,0.0,5.9,3,0.0,1.7,281,2009-03-03,0.0,84.3
62,3,5.5,0.0,2009,20090304,1.4,0.0,12.6,4,0.0,1.5,281,2009-03-04,6.2,72.4
63,3,6.4,3.5,2009,20090305,-0.1,0.0,12.2,5,0.0,1.5,281,2009-03-05,0.7,81.3
64,3,5.4,0.0,2009,20090306,0.0,0.0,10.1,6,0.0,5.1,281,2009-03-06,7.5,47.9
65,3,4.1,0.0,2009,20090307,-2.1,0.0,11.4,7,0.0,2.6,281,2009-03-07,8.6,36.9
66,3,6.8,0.0,2009,20090308,-1.0,0.0,16.8,8,0.0,1.1,281,2009-03-08,9.5,47.6
67,3,8.0,0.0,2009,20090309,-0.7,0.0,16.2,9,0.0,1.7,281,2009-03-09,4.7,44.5
68,3,8.3,0.0,2009,20090310,3.0,0.0,14.9,10,0.0,3.2,281,2009-03-10,8.7,33.5
69,3,4.9,0.0,2009,20090311,-2.4,0.0,13.0,11,0.0,1.8,281,2009-03-11,6.3,33.6
70,3,6.2,0.0,2009,20090312,-5.1,0.0,14.7,12,0.0,2.0,281,2009-03-12,7.0,51.6
71,3,7.3,4.5,2009,20090313,1.1,0.0,11.2,13,0.0,3.6,281,2009-03-13,0.0,74.0
72,3,2.1,0.0,2009,20090314,-2.7,0.0,7.8,14,0.0,5.5,281,2009-03-14,10.8,34.6
73,3,7.0,0.0,2009,20090315,-1.5,0.0,14.5,15,0.0,2.8,281,2009-03-15,10.8,38.0
74,3,11.3,0.0,2009,20090316,0.3,0.0,19.9,16,0.0,2.3,281,2009-03-16,6.9,49.6
75,3,13.0,0.0,2009,20090317,1.4,0.0,22.6,17,0.0,1.8,281,2009-03-17,9.6,41.9
76,3,14.8,0.0,2009,20090318,6.6,0.0,20.7,18,0.0,2.1,281,2009-03-18,0.7,68.8
77,3,15.5,0.0,2009,20090319,6.7,0.0,25.5,19,0.0,1.9,281,2009-03-19,9.3,71.1
78,3,8.6,0.0,2009,20090320,2.8,0.0,13.4,20,0.0,3.3,281,2009-03-20,5.7,61.0
79,3,11.0,2.0,2009,20090321,-0.9,0.0,20.2,21,0.0,1.3,281,2009-03-21,6.1,67.1
80,3,13.6,1.5,2009,20090322,8.7,0.0,17.4,22,0.0,3.0,281,2009-03-22,0.7,73.3
81,3,8.7,0.0,2009,20090323,4.2,0.0,14.5,23,0.0,2.2,281,2009-03-23,4.9,47.6
82,3,6.6,0.0,2009,20090324,0.2,0.0,11.9,24,0.0,2.8,281,2009-03-24,8.5,32.9
83,3,4.4,0.0,2009,20090325,0.4,0.0,10.1,25,0.0,3.8,281,2009-03-25,10.1,34.6
84,3,6.1,0.0,2009,20090326,-5.1,0.0,15.0,26,0.0,3.2,281,2009-03-26,10.1,41.6
85,3,6.3,0.0,2009,20090327,0.4,0.0,13.5,27,0.0,3.2,281,2009-03-27,11.0,36.1
86,3,6.4,0.0,2009,20090328,2.2,0.0,14.5,28,0.0,2.6,281,2009-03-28,9.2,36.4
87,3,5.2,0.0,2009,20090329,1.3,0.0,9.2,29,0.0,2.2,281,2009-03-29,2.0,65.6
88,3,7.6,0.0,2009,20090330,2.4,0.0,12.7,30,0.0,1.8,281,2009-03-30,4.6,59.4
89,3,8.7,0.0,2009,20090331,5.3,0.0,14.0,31,0.0,2.7,281,2009-03-31,7.6,49.6
90,4,5.2,0.0,2009,20090401,-0.6,0.0,12.1,1,0.0,3.2,281,2009-04-01,6.5,55.5
91,4,8.5,0.0,2009,20090402,-2.4,0.0,17.3,2,0.0,2.1,281,2009-04-02,10.9,43.1
92,4,12.7,0.0,2009,20090403,6.7,0.0,19.6,3,0.0,2.6,281,2009-04-03,5.9,27.5
93,4,11.9,0.0,2009,20090404,8.0,0.0,16.8,4,0.0,3.6,281,2009-04-04,8.5,32.1
94,4,11.4,0.0,2009,20090405,3.8,0.0,21.1,5,0.0,2.1,281,2009-04-05,10.5,50.0
95,4,11.6,0.0,2009,20090406,-0.5,0.0,21.5,6,0.0,2.5,281,2009-04-06,11.1,42.1
96,4,13.7,0.0,2009,20090407,1.9,0.0,25.1,7,0.0,2.0,281,2009-04-07,11.3,41.9
97,4,13.6,0.0,2009,20090408,4.1,0.0,25.4,8,0.0,1.6,281,2009-04-08,9.7,50.9
98,4,14.7,0.0,2009,20090409,2.8,0.0,27.3,9,0.0,1.1,281,2009-04-09,11.1,43.3
99,4,16.7,0.0,2009,20090410,3.7,0.0,28.6,10,0.0,1.2,281,2009-04-10,11.0,33.8
100,4,14.1,0.0,2009,20090411,4.6,0.0,24.5,11,0.0,2.3,281,2009-04-11,10.1,47.9
101,4,16.1,0.0,2009,20090412,5.0,0.0,26.5,12,0.0,1.7,281,2009-04-12,9.0,42.6
102,4,17.5,0.0,2009,20090413,6.8,0.0,24.3,13,0.0,1.8,281,2009-04-13,3.4,43.0
103,4,13.0,0.0,2009,20090414,5.0,0.0,18.7,14,0.0,2.6,281,2009-04-14,1.7,60.3
104,4,12.1,1.0,2009,20090415,1.8,0.0,21.6,15,0.0,2.2,281,2009-04-15,4.7,68.5
105,4,9.9,0.0,2009,20090416,6.2,0.0,11.7,16,0.0,2.3,281,2009-04-16,0.0,69.4
106,4,12.8,0.0,2009,20090417,3.9,0.0,22.9,17,0.0,1.2,281,2009-04-17,11.4,59.1
107,4,17.4,0.0,2009,20090418,4.3,0.0,29.4,18,0.0,2.1,281,2009-04-18,11.7,39.9
108,4,16.1,0.0,2009,20090419,6.4,0.0,26.4,19,0.0,2.7,281,2009-04-19,10.3,59.5
109,4,14.2,7.0,2009,20090420,12.8,0.0,16.1,20,0.0,3.0,281,2009-04-20,0.0,84.8
110,4,14.9,0.1,2009,20090421,12.1,0.0,19.4,21,0.0,4.8,281,2009-04-21,5.5,52.6
111,4,15.2,0.0,2009,20090422,9.4,0.0,22.7,22,0.0,5.2,281,2009-04-22,12.0,33.8
112,4,12.2,0.0,2009,20090423,4.4,0.0,18.6,23,0.0,2.5,281,2009-04-23,11.1,55.5
113,4,12.5,6.5,2009,20090424,10.0,0.0,16.7,24,0.0,2.4,281,2009-04-24,0.1,68.8
114,4,12.2,6.0,2009,20090425,9.1,0.0,18.8,25,0.0,3.6,281,2009-04-25,4.9,68.5
115,4,11.0,0.0,2009,20090426,8.5,0.0,16.8,26,0.0,3.0,281,2009-04-26,5.2,57.6
116,4,11.5,0.0,2009,20090427,4.7,0.0,17.8,27,0.0,1.8,281,2009-04-27,7.7,56.6
117,4,12.0,0.0,2009,20090428,2.0,0.0,23.2,28,0.0,1.7,281,2009-04-28,8.6,55.5
118,4,14.0,0.0,2009,20090429,2.0,0.0,25.3,29,0.0,1.4,281,2009-04-29,12.1,47.3
119,4,16.7,0.0,2009,20090430,3.3,0.0,25.7,30,0.0,1.6,281,2009-04-30,10.9,35.0
120,5,17.8,0.0,2009,20090501,6.2,0.0,26.7,1,0.0,1.4,281,2009-05-01,11.4,37.9
121,5,16.7,15.5,2009,20090502,10.2,0.0,24.0,2,0.0,1.9,281,2009-05-02,4.1,69.4
122,5,17.6,1.5,2009,20090503,12.7,0.0,23.8,3,0.0,1.5,281,2009-05-03,5.2,72.1
123,5,19.1,0.0,2009,20090504,9.6,0.0,28.4,4,0.0,1.6,281,2009-05-04,12.1,55.6
124,5,18.2,0.0,2009,20090505,8.8,0.0,28.9,5,0.0,1.7,281,2009-05-05,10.8,49.9
125,5,17.5,0.0,2009,20090506,7.8,0.0,27.6,6,0.0,1.8,281,2009-05-06,12.0,57.6
126,5,17.7,0.0,2009,20090507,7.5,0.0,30.1,7,0.0,1.5,281,2009-05-07,8.9,53.0
127,5,19.0,0.0,2009,20090508,8.6,0.0,29.1,8,0.0,1.6,281,2009-05-08,11.4,47.3
128,5,22.1,0.0,2009,20090509,9.2,0.0,32.7,9,0.0,1.7,281,2009-05-09,9.9,39.4
129,5,20.3,0.0,2009,20090510,10.9,0.0,31.8,10,0.0,2.1,281,2009-05-10,11.5,46.9
130,5,20.0,0.0,2009,20090511,8.9,0.0,29.9,11,0.0,1.8,281,2009-05-11,7.5,55.4
131,5,18.4,4.0,2009,20090512,15.0,0.0,21.5,12,0.0,1.9,281,2009-05-12,0.0,77.8
132,5,19.5,0.0,2009,20090513,13.4,0.0,26.4,13,0.0,2.3,281,2009-05-13,10.3,47.4
133,5,18.7,0.0,2009,20090514,9.9,0.0,26.8,14,0.0,2.2,281,2009-05-14,12.3,30.1
134,5,17.2,0.0,2009,20090515,12.1,0.0,21.6,15,0.0,1.9,281,2009-05-15,0.1,49.1
135,5,13.6,28.0,2009,20090516,12.5,0.0,15.2,16,0.0,1.7,281,2009-05-16,0.0,87.9
136,5,16.9,3.5,2009,20090517,12.3,0.0,21.7,17,0.0,3.2,281,2009-05-17,3.2,68.0
137,5,18.8,0.0,2009,20090518,10.3,0.0,27.2,18,0.0,2.6,281,2009-05-18,11.0,37.3
138,5,21.9,0.0,2009,20090519,12.7,0.0,29.8,19,0.0,3.0,281,2009-05-19,11.2,32.8
139,5,21.9,0.0,2009,20090520,11.5,0.0,30.6,20,0.0,1.1,281,2009-05-20,3.1,44.1
140,5,15.5,76.0,2009,20090521,13.8,0.0,23.7,21,0.0,2.0,281,2009-05-21,0.0,87.6
141,5,19.5,0.1,2009,20090522,15.7,0.0,25.5,22,0.0,2.4,281,2009-05-22,6.4,68.1
142,5,18.1,0.1,2009,20090523,16.4,0.0,21.2,23,0.0,1.4,281,2009-05-23,0.1,67.1
143,5,16.5,3.5,2009,20090524,12.0,0.0,21.8,24,0.0,1.6,281,2009-05-24,4.2,73.6
144,5,18.3,0.0,2009,20090525,10.2,0.0,28.4,25,0.0,1.0,281,2009-05-25,9.3,65.0
145,5,20.4,0.0,2009,20090526,12.0,0.0,27.8,26,0.0,1.2,281,2009-05-26,2.8,56.1
146,5,18.7,0.3,2009,20090527,12.7,0.0,24.7,27,0.0,2.2,281,2009-05-27,10.7,58.8
147,5,17.1,0.0,2009,20090528,9.7,0.0,25.4,28,0.0,2.1,281,2009-05-28,12.4,69.5
148,5,15.9,0.0,2009,20090529,10.2,0.0,22.8,29,0.0,2.5,281,2009-05-29,10.8,69.6
149,5,15.4,0.0,2009,20090530,9.5,0.0,23.0,30,0.0,1.7,281,2009-05-30,4.8,68.1
150,5,18.3,0.0,2009,20090531,8.7,0.0,27.4,31,0.0,2.2,281,2009-05-31,11.5,47.0
151,6,20.9,0.0,2009,20090601,8.5,0.0,30.1,1,0.0,1.8,281,2009-06-01,12.8,43.5
152,6,21.1,0.0,2009,20090602,13.2,0.0,27.3,2,0.0,2.1,281,2009-06-02,4.1,58.6
153,6,19.2,0.1,2009,20090603,16.8,0.0,22.0,3,0.0,2.0,281,2009-06-03,1.3,68.4
154,6,19.7,0.0,2009,20090604,13.9,0.0,26.0,4,0.0,1.7,281,2009-06-04,7.1,68.5
155,6,18.3,0.0,2009,20090605,12.9,0.0,23.8,5,0.0,2.5,281,2009-06-05,10.2,72.3
156,6,18.0,0.0,2009,20090606,16.5,0.0,22.4,6,0.0,2.1,281,2009-06-06,3.5,73.6
157,6,17.5,0.0,2009,20090607,15.6,0.0,21.1,7,0.0,2.2,281,2009-06-07,0.3,68.1
158,6,18.8,0.0,2009,20090608,13.2,0.0,24.4,8,0.0,2.0,281,2009-06-08,6.4,68.4
159,6,19.3,1.0,2009,20090609,15.4,0.0,23.3,9,0.0,1.1,281,2009-06-09,0.0,71.6
160,6,21.9,2.0,2009,20090610,17.2,0.0,27.6,10,0.0,2.4,281,2009-06-10,3.6,64.5
161,6,22.4,2.0,2009,20090611,16.0,0.0,30.5,11,0.0,3.3,281,2009-06-11,12.9,48.9
162,6,23.6,0.0,2009,20090612,16.4,0.0,28.6,12,0.0,2.1,281,2009-06-12,5.7,38.4
163,6,20.5,0.0,2009,20090613,11.9,0.0,28.9,13,0.0,2.5,281,2009-06-13,12.1,48.6
164,6,19.3,0.0,2009,20090614,15.6,0.0,24.8,14,0.0,2.2,281,2009-06-14,4.2,65.6
165,6,20.2,0.0,2009,20090615,15.6,0.0,26.4,15,0.0,1.6,281,2009-06-15,2.9,65.6
166,6,21.5,0.0,2009,20090616,16.1,0.0,29.6,16,0.0,1.8,281,2009-06-16,7.5,65.4
167,6,20.0,0.0,2009,20090617,17.2,0.0,24.0,17,0.0,2.4,281,2009-06-17,1.2,75.6
168,6,23.3,0.1,2009,20090618,16.7,0.0,31.5,18,0.0,1.8,281,2009-06-18,9.8,57.6
169,6,24.2,0.0,2009,20090619,15.7,0.0,32.5,19,0.0,1.4,281,2009-06-19,8.1,55.6
170,6,23.1,17.5,2009,20090620,18.9,0.0,27.9,20,0.0,1.4,281,2009-06-20,0.5,73.1
171,6,26.0,0.0,2009,20090621,21.0,0.0,31.0,21,0.0,1.5,281,2009-06-21,6.5,73.4
172,6,20.0,48.5,2009,20090622,17.3,0.0,25.8,22,0.0,1.8,281,2009-06-22,0.6,85.1
173,6,23.7,0.0,2009,20090623,17.5,0.0,29.9,23,0.0,1.8,281,2009-06-23,10.6,59.9
174,6,25.6,0.0,2009,20090624,16.6,0.0,32.7,24,0.0,2.1,281,2009-06-24,13.1,48.6
175,6,26.0,0.0,2009,20090625,15.8,0.0,33.8,25,0.0,1.6,281,2009-06-25,12.7,45.8
176,6,26.3,0.0,2009,20090626,15.9,0.0,33.8,26,0.0,1.7,281,2009-06-26,12.6,47.0
177,6,25.1,0.0,2009,20090627,17.6,0.0,31.3,27,0.0,1.5,281,2009-06-27,7.2,62.1
178,6,25.9,0.0,2009,20090628,19.2,0.0,31.3,28,0.0,1.6,281,2009-06-28,8.5,65.1
179,6,24.1,35.5,2009,20090629,21.5,0.0,27.8,29,0.0,1.2,281,2009-06-29,0.8,79.6
180,6,21.2,5.0,2009,20090630,18.2,0.0,26.2,30,0.0,0.9,281,2009-06-30,0.0,84.3
181,7,22.3,1.0,2009,20090701,17.6,0.0,28.5,1,0.0,1.3,281,2009-07-01,7.1,70.6
182,7,20.6,23.0,2009,20090702,17.1,0.0,29.3,2,0.0,1.3,281,2009-07-02,4.2,79.3
183,7,21.4,0.5,2009,20090703,17.2,0.0,27.7,3,0.0,1.5,281,2009-07-03,4.6,73.8
184,7,21.7,4.5,2009,20090704,18.0,0.0,28.1,4,0.0,1.4,281,2009-07-04,5.4,76.8
185,7,22.9,0.0,2009,20090705,19.1,0.0,28.7,5,0.0,1.7,281,2009-07-05,7.1,73.9
186,7,23.7,0.0,2009,20090706,17.9,0.0,29.7,6,0.0,1.3,281,2009-07-06,8.1,72.4
187,7,18.9,82.0,2009,20090707,16.1,0.0,22.1,7,0.0,1.1,281,2009-07-07,0.0,90.9
188,7,25.2,0.1,2009,20090708,19.6,0.0,30.6,8,0.0,1.2,281,2009-07-08,8.2,74.5
189,7,25.6,29.5,2009,20090709,21.7,0.0,28.4,9,0.0,2.5,281,2009-07-09,0.3,76.6
190,7,24.4,0.0,2009,20090710,20.4,0.0,29.3,10,0.0,2.9,281,2009-07-10,10.5,64.8
191,7,23.8,3.0,2009,20090711,19.3,0.0,29.8,11,0.0,1.0,281,2009-07-11,2.2,71.1
192,7,23.5,9.5,2009,20090712,18.6,0.0,27.8,12,0.0,2.3,281,2009-07-12,0.0,81.0
193,7,26.3,3.5,2009,20090713,24.0,0.0,30.0,13,0.0,2.4,281,2009-07-13,2.0,74.3
194,7,27.0,1.0,2009,20090714,22.5,0.0,30.2,14,0.0,2.1,281,2009-07-14,0.7,72.6
195,7,21.0,64.5,2009,20090715,19.1,0.0,28.6,15,0.0,2.7,281,2009-07-15,2.4,81.5
196,7,21.9,14.5,2009,20090716,18.4,0.0,24.9,16,0.0,1.0,281,2009-07-16,0.5,88.3
197,7,24.9,2.5,2009,20090717,21.4,0.0,29.5,17,0.0,0.7,281,2009-07-17,0.4,86.1
198,7,27.9,0.0,2009,20090718,24.7,0.0,31.5,18,0.0,3.3,281,2009-07-18,0.7,66.3
199,7,26.0,1.0,2009,20090719,21.6,0.0,30.1,19,0.0,2.2,281,2009-07-19,0.5,75.0
200,7,24.9,0.1,2009,20090720,21.1,0.0,29.8,20,0.0,1.4,281,2009-07-20,1.4,79.9
201,7,25.7,50.0,2009,20090721,23.6,0.0,30.1,21,0.0,2.2,281,2009-07-21,3.5,78.9
202,7,22.6,0.0,2009,20090722,19.7,0.0,26.6,22,0.0,2.2,281,2009-07-22,9.1,75.5
203,7,21.9,0.2,2009,20090723,17.0,0.0,26.5,23,0.0,1.8,281,2009-07-23,4.2,78.4
204,7,20.8,16.5,2009,20090724,19.4,0.0,22.3,24,0.0,2.0,281,2009-07-24,0.2,80.3
205,7,21.0,0.2,2009,20090725,19.4,0.0,23.8,25,0.0,1.8,281,2009-07-25,0.0,76.9
206,7,20.5,0.0,2009,20090726,18.2,0.0,23.7,26,0.0,1.9,281,2009-07-26,1.2,73.8
207,7,20.3,0.0,2009,20090727,15.9,0.0,25.7,27,0.0,1.4,281,2009-07-27,3.7,76.4
208,7,20.1,11.0,2009,20090728,16.7,0.0,23.6,28,0.0,1.1,281,2009-07-28,0.0,84.1
209,7,21.8,32.0,2009,20090729,19.0,0.0,25.7,29,0.0,1.5,281,2009-07-29,1.6,79.5
210,7,22.1,0.0,2009,20090730,18.7,0.0,26.9,30,0.0,1.7,281,2009-07-30,7.9,76.4
211,7,21.8,0.0,2009,20090731,18.8,0.0,26.8,31,0.0,1.5,281,2009-07-31,3.9,73.9
212,8,21.5,0.0,2009,20090801,17.9,0.0,26.9,1,0.0,1.7,281,2009-08-01,5.2,76.8
213,8,20.5,0.0,2009,20090802,15.6,0.0,25.6,2,0.0,1.3,281,2009-08-02,2.2,77.3
214,8,20.8,0.0,2009,20090803,17.4,0.0,23.8,3,0.0,1.2,281,2009-08-03,1.4,78.0
215,8,21.9,0.0,2009,20090804,16.1,0.0,26.8,4,0.0,1.7,281,2009-08-04,6.0,72.9
216,8,22.3,0.0,2009,20090805,19.5,0.0,26.3,5,0.0,2.3,281,2009-08-05,7.0,72.1
217,8,21.4,10.5,2009,20090806,19.9,0.0,23.6,6,0.0,1.2,281,2009-08-06,0.0,85.6
218,8,22.4,1.0,2009,20090807,20.8,0.0,24.2,7,0.0,1.2,281,2009-08-07,0.0,86.4
219,8,23.5,0.5,2009,20090808,21.9,0.0,27.2,8,0.0,1.6,281,2009-08-08,1.2,82.9
220,8,23.1,0.0,2009,20090809,21.5,0.0,26.6,9,0.0,1.9,281,2009-08-09,1.3,79.6
221,8,23.7,0.2,2009,20090810,21.7,0.0,26.3,10,0.0,1.0,281,2009-08-10,0.0,81.6
222,8,23.2,8.5,2009,20090811,22.3,0.0,25.3,11,0.0,1.8,281,2009-08-11,0.0,87.6
223,8,25.5,17.5,2009,20090812,21.7,0.0,30.0,12,0.0,1.7,281,2009-08-12,1.2,82.5
224,8,24.5,5.5,2009,20090813,21.6,0.0,30.8,13,0.0,0.8,281,2009-08-13,3.8,81.5
225,8,25.8,0.0,2009,20090814,21.1,0.0,31.2,14,0.0,1.0,281,2009-08-14,6.6,73.9
226,8,24.5,0.0,2009,20090815,20.0,0.0,32.2,15,0.0,1.2,281,2009-08-15,9.2,74.9
227,8,23.4,0.1,2009,20090816,19.5,0.0,27.1,16,0.0,1.6,281,2009-08-16,0.0,74.5
228,8,23.6,0.0,2009,20090817,21.0,0.0,25.8,17,0.0,1.4,281,2009-08-17,0.0,79.1
229,8,25.8,0.0,2009,20090818,20.3,0.0,31.6,18,0.0,0.9,281,2009-08-18,5.7,74.5
230,8,27.2,0.0,2009,20090819,21.9,0.0,33.7,19,0.0,0.9,281,2009-08-19,6.4,72.0
231,8,27.3,15.0,2009,20090820,23.0,0.0,32.3,20,0.0,2.0,281,2009-08-20,3.5,73.4
232,8,26.1,0.1,2009,20090821,20.5,0.0,31.6,21,0.0,2.6,281,2009-08-21,11.1,60.3
233,8,24.9,0.0,2009,20090822,16.7,0.0,31.7,22,0.0,2.0,281,2009-08-22,11.4,55.1
234,8,25.2,0.0,2009,20090823,18.2,0.0,31.7,23,0.0,2.0,281,2009-08-23,10.2,52.8
235,8,21.7,0.0,2009,20090824,15.3,0.0,27.7,24,0.0,1.9,281,2009-08-24,11.1,68.8
236,8,21.9,0.0,2009,20090825,17.7,0.0,28.2,25,0.0,1.4,281,2009-08-25,5.7,73.5
237,8,24.5,0.0,2009,20090826,17.2,0.0,31.0,26,0.0,1.3,281,2009-08-26,9.2,64.6
238,8,24.8,0.0,2009,20090827,19.9,0.0,29.3,27,0.0,1.8,281,2009-08-27,1.4,75.0
239,8,26.4,0.0,2009,20090828,20.6,0.0,32.5,28,0.0,2.2,281,2009-08-28,10.8,62.6
240,8,21.5,0.0,2009,20090829,16.1,0.0,26.3,29,0.0,2.7,281,2009-08-29,6.1,68.9
241,8,20.6,0.1,2009,20090830,18.7,0.0,22.2,30,0.0,2.2,281,2009-08-30,0.0,69.9
242,8,19.8,0.0,2009,20090831,15.1,0.0,25.0,31,0.0,2.5,281,2009-08-31,3.3,69.3
243,9,18.8,0.0,2009,20090901,12.7,0.0,25.1,1,0.0,2.1,281,2009-09-01,7.7,69.8
244,9,19.4,0.0,2009,20090902,13.3,0.0,25.7,2,0.0,1.8,281,2009-09-02,10.2,70.9
245,9,20.1,0.0,2009,20090903,12.1,0.0,26.8,3,0.0,1.6,281,2009-09-03,9.3,72.9
246,9,20.4,0.0,2009,20090904,16.6,0.0,25.2,4,0.0,1.5,281,2009-09-04,0.2,78.6
247,9,21.3,0.0,2009,20090905,15.6,0.0,28.1,5,0.0,1.5,281,2009-09-05,10.3,71.8
248,9,23.2,0.0,2009,20090906,15.1,0.0,33.0,6,0.0,1.3,281,2009-09-06,9.5,68.8
249,9,23.9,1.5,2009,20090907,17.8,0.0,30.5,7,0.0,1.2,281,2009-09-07,7.2,72.3
250,9,21.0,3.0,2009,20090908,18.8,0.0,25.1,8,0.0,1.8,281,2009-09-08,4.6,77.9
251,9,21.3,0.0,2009,20090909,16.1,0.0,28.7,9,0.0,1.1,281,2009-09-09,4.7,69.8
252,9,21.0,0.0,2009,20090910,13.3,0.0,29.8,10,0.0,1.3,281,2009-09-10,10.6,69.1
253,9,21.1,3.5,2009,20090911,16.4,0.0,28.4,11,0.0,1.0,281,2009-09-11,3.7,76.5
254,9,20.1,1.5,2009,20090912,16.2,0.0,26.2,12,0.0,1.8,281,2009-09-12,4.7,67.8
255,9,19.4,0.0,2009,20090913,11.9,0.0,28.1,13,0.0,1.3,281,2009-09-13,11.2,67.9
256,9,18.6,2.5,2009,20090914,14.3,0.0,24.2,14,0.0,0.8,281,2009-09-14,0.0,78.6
257,9,20.3,0.0,2009,20090915,14.2,0.0,27.9,15,0.0,2.3,281,2009-09-15,11.3,65.6
258,9,19.6,0.0,2009,20090916,13.4,0.0,27.0,16,0.0,1.4,281,2009-09-16,8.0,66.5
259,9,19.6,0.0,2009,20090917,11.9,0.0,28.4,17,0.0,1.0,281,2009-09-17,8.9,68.6
260,9,19.9,0.0,2009,20090918,12.7,0.0,30.5,18,0.0,1.6,281,2009-09-18,11.0,67.6
261,9,18.8,0.0,2009,20090919,12.4,0.0,24.5,19,0.0,2.0,281,2009-09-19,8.9,65.1
262,9,18.8,0.0,2009,20090920,12.9,0.0,24.3,20,0.0,1.8,281,2009-09-20,8.9,65.9
263,9,18.0,0.0,2009,20090921,15.7,0.0,21.4,21,0.0,0.8,281,2009-09-21,0.0,80.4
264,9,19.8,0.0,2009,20090922,16.1,0.0,26.1,22,0.0,1.5,281,2009-09-22,3.3,73.4
265,9,19.5,9.5,2009,20090923,16.9,0.0,25.2,23,0.0,0.7,281,2009-09-23,3.0,85.0
266,9,20.9,0.0,2009,20090924,17.2,0.0,29.4,24,0.0,1.0,281,2009-09-24,4.8,79.8
267,9,20.7,0.0,2009,20090925,16.2,0.0,25.7,25,0.0,0.9,281,2009-09-25,0.2,79.3
268,9,20.4,0.0,2009,20090926,14.0,0.0,26.3,26,0.0,1.5,281,2009-09-26,5.4,75.1
269,9,19.2,20.0,2009,20090927,17.2,0.0,21.6,27,0.0,1.0,281,2009-09-27,0.0,86.4
270,9,18.5,13.5,2009,20090928,16.9,0.0,21.5,28,0.0,0.7,281,2009-09-28,0.3,90.0
271,9,19.0,0.0,2009,20090929,15.9,0.0,23.6,29,0.0,1.1,281,2009-09-29,0.3,82.6
272,9,18.2,0.0,2009,20090930,13.8,0.0,23.5,30,0.0,1.1,281,2009-09-30,1.8,80.5
273,10,19.6,0.0,2009,20091001,11.9,0.0,27.0,1,0.0,0.7,281,2009-10-01,8.1,74.8
274,10,20.9,17.5,2009,20091002,17.1,0.0,26.0,2,0.0,2.4,281,2009-10-02,8.7,64.8
275,10,17.2,0.0,2009,20091003,10.0,0.0,25.2,3,0.0,2.5,281,2009-10-03,10.8,47.9
276,10,14.3,0.0,2009,20091004,7.7,0.0,24.5,4,0.0,1.4,281,2009-10-04,6.8,67.4
277,10,13.4,0.0,2009,20091005,6.2,0.0,23.6,5,0.0,0.8,281,2009-10-05,9.7,64.0
278,10,13.5,0.0,2009,20091006,6.3,0.0,23.3,6,0.0,1.0,281,2009-10-06,5.6,74.5
279,10,16.2,0.0,2009,20091007,9.9,0.0,21.5,7,0.0,2.8,281,2009-10-07,0.6,65.3
280,10,16.1,0.0,2009,20091008,12.7,0.0,21.0,8,0.0,2.0,281,2009-10-08,3.8,56.4
281,10,14.0,0.0,2009,20091009,7.8,0.0,21.7,9,0.0,1.0,281,2009-10-09,9.1,67.6
282,10,13.1,0.0,2009,20091010,5.9,0.0,22.8,10,0.0,1.0,281,2009-10-10,10.1,70.0
283,10,14.1,0.0,2009,20091011,5.6,0.0,23.1,11,0.0,0.9,281,2009-10-11,9.2,70.5
284,10,15.6,0.0,2009,20091012,10.0,0.0,22.7,12,0.0,1.3,281,2009-10-12,5.5,67.5
285,10,15.7,0.0,2009,20091013,9.6,0.0,23.7,13,0.0,1.7,281,2009-10-13,10.1,54.0
286,10,13.4,4.0,2009,20091014,9.0,0.0,18.5,14,0.0,2.2,281,2009-10-14,6.4,75.4
287,10,12.1,0.0,2009,20091015,5.9,0.0,22.3,15,0.0,1.3,281,2009-10-15,8.5,68.6
288,10,12.5,0.0,2009,20091016,4.4,0.0,22.6,16,0.0,0.9,281,2009-10-16,9.8,68.6
289,10,14.4,2.0,2009,20091017,7.4,0.0,20.9,17,0.0,2.8,281,2009-10-17,6.6,61.5
290,10,14.9,0.0,2009,20091018,9.5,0.0,20.4,18,0.0,3.3,281,2009-10-18,9.9,49.6
291,10,14.1,0.0,2009,20091019,6.0,0.0,22.9,19,0.0,3.3,281,2009-10-19,7.3,54.4
292,10,11.0,0.0,2009,20091020,3.8,0.0,18.2,20,0.0,3.0,281,2009-10-20,9.5,53.1
293,10,11.0,0.0,2009,20091021,1.4,0.0,22.0,21,0.0,1.5,281,2009-10-21,9.2,57.8
294,10,11.3,0.0,2009,20091022,1.7,0.0,21.4,22,0.0,0.8,281,2009-10-22,7.2,58.3
295,10,12.3,0.0,2009,20091023,3.1,0.0,23.9,23,0.0,0.7,281,2009-10-23,9.0,61.8
296,10,13.5,0.0,2009,20091024,7.2,0.0,20.5,24,0.0,1.6,281,2009-10-24,5.6,76.5
297,10,12.7,0.0,2009,20091025,5.3,0.0,20.3,25,0.0,1.3,281,2009-10-25,7.5,71.5
298,10,13.1,0.0,2009,20091026,5.3,0.0,22.7,26,0.0,1.1,281,2009-10-26,9.5,67.6
299,10,14.0,0.0,2009,20091027,7.3,0.0,23.1,27,0.0,1.4,281,2009-10-27,7.6,67.8
300,10,12.7,0.0,2009,20091028,4.8,0.0,23.4,28,0.0,0.7,281,2009-10-28,7.2,70.4
301,10,14.7,0.0,2009,20091029,8.0,0.0,23.1,29,0.0,1.0,281,2009-10-29,6.1,69.5
302,10,14.7,0.0,2009,20091030,8.5,0.0,23.0,30,0.0,1.1,281,2009-10-30,5.0,73.4
303,10,17.4,0.0,2009,20091031,8.9,0.0,24.3,31,0.0,2.0,281,2009-10-31,3.5,71.1
304,11,13.7,0.1,2009,20091101,8.1,0.0,20.6,1,0.0,2.7,281,2009-11-01,3.1,62.5
305,11,5.2,0.0,2009,20091102,-0.1,0.0,9.0,2,0.0,4.3,281,2009-11-02,8.1,43.0
306,11,5.4,0.0,2009,20091103,-1.7,0.0,12.4,3,0.0,3.7,281,2009-11-03,9.7,40.0
307,11,9.1,0.0,2009,20091104,0.8,0.0,15.6,4,0.0,2.0,281,2009-11-04,5.5,60.3
308,11,11.6,0.0,2009,20091105,3.7,0.0,21.1,5,0.0,1.2,281,2009-11-05,6.5,68.9
309,11,12.9,0.0,2009,20091106,3.5,0.0,22.6,6,0.0,1.0,281,2009-11-06,7.5,70.3
310,11,14.5,0.0,2009,20091107,5.7,0.0,23.6,7,0.0,0.9,281,2009-11-07,5.4,71.0
311,11,16.7,6.0,2009,20091108,12.7,0.0,23.5,8,0.0,0.8,281,2009-11-08,1.4,83.9
312,11,16.4,0.0,2009,20091109,13.4,0.0,21.3,9,0.0,1.6,281,2009-11-09,0.6,79.4
313,11,14.2,2.5,2009,20091110,12.7,0.0,15.6,10,0.0,2.6,281,2009-11-10,0.0,70.0
314,11,10.2,0.0,2009,20091111,8.3,0.0,13.1,11,0.0,3.9,281,2009-11-11,0.0,62.8
315,11,10.4,0.0,2009,20091112,9.1,0.0,11.7,12,0.0,4.0,281,2009-11-12,0.0,61.9
316,11,10.6,8.5,2009,20091113,9.1,0.0,11.9,13,0.0,1.2,281,2009-11-13,0.0,88.0
317,11,9.4,0.0,2009,20091114,4.3,0.0,15.1,14,0.0,4.4,281,2009-11-14,5.5,60.8
318,11,3.7,0.0,2009,20091115,1.4,0.0,7.3,15,0.0,5.3,281,2009-11-15,6.0,51.1
319,11,2.4,0.0,2009,20091116,0.5,0.0,6.3,16,0.0,3.3,281,2009-11-16,5.5,44.1
320,11,2.0,0.0,2009,20091117,-1.7,0.0,6.7,17,0.0,3.0,281,2009-11-17,1.6,34.4
321,11,1.8,0.0,2009,20091118,-5.0,0.0,7.6,18,0.0,2.7,281,2009-11-18,7.8,28.1
322,11,3.5,0.0,2009,20091119,-1.1,0.0,9.9,19,0.0,2.3,281,2009-11-19,6.1,46.3
323,11,3.2,0.0,2009,20091120,-2.5,0.0,8.9,20,0.0,2.7,281,2009-11-20,5.7,44.6
324,11,2.2,0.0,2009,20091121,-5.1,0.0,8.6,21,0.0,2.3,281,2009-11-21,7.6,44.8
325,11,-0.5,0.0,2009,20091122,-8.2,0.0,9.7,22,0.0,0.9,281,2009-11-22,7.0,55.4
326,11,2.8,0.0,2009,20091123,-6.2,0.0,14.2,23,0.0,0.8,281,2009-11-23,7.8,64.4
327,11,3.3,0.0,2009,20091124,-4.4,0.0,14.9,24,0.0,0.5,281,2009-11-24,7.6,69.6
328,11,2.9,0.0,2009,20091125,-4.2,0.0,12.7,25,0.0,0.9,281,2009-11-25,4.3,77.3
329,11,4.7,0.0,2009,20091126,-2.6,0.0,16.2,26,0.0,0.4,281,2009-11-26,5.9,77.4
330,11,6.1,0.0,2009,20091127,0.8,0.0,14.7,27,0.0,1.7,281,2009-11-27,5.2,74.8
331,11,6.2,0.0,2009,20091128,-0.5,0.0,13.0,28,0.0,1.0,281,2009-11-28,3.2,76.8
332,11,6.5,18.0,2009,20091129,2.9,0.0,9.9,29,0.0,1.2,281,2009-11-29,0.0,90.0
333,11,4.4,1.5,2009,20091130,-1.2,0.0,8.7,30,0.0,1.9,281,2009-11-30,0.1,83.3
334,12,1.8,0.0,2009,20091201,-4.2,0.0,11.0,1,0.0,1.2,281,2009-12-01,7.0,78.1
335,12,1.6,0.0,2009,20091202,-4.5,0.0,11.1,2,0.0,0.8,281,2009-12-02,6.0,78.6
336,12,4.2,0.0,2009,20091203,-2.0,0.0,11.5,3,0.0,2.2,281,2009-12-03,5.3,70.5
337,12,2.6,0.0,2009,20091204,-4.2,0.0,12.0,4,0.0,0.7,281,2009-12-04,7.3,75.4
338,12,3.3,2.0,2009,20091205,-1.3,0.0,7.9,5,0.0,4.5,281,2009-12-05,4.3,57.4
339,12,-0.5,0.0,2009,20091206,-3.3,0.0,3.8,6,0.0,4.8,281,2009-12-06,7.6,31.9
340,12,-0.2,0.0,2009,20091207,-6.0,0.0,8.2,7,0.0,1.5,281,2009-12-07,7.6,38.3
341,12,0.4,0.0,2009,20091208,-8.9,0.0,10.5,8,0.0,0.7,281,2009-12-08,5.7,56.1
342,12,3.7,0.5,2009,20091209,-2.9,0.0,8.8,9,0.0,0.3,281,2009-12-09,0.0,65.4
343,12,8.8,15.0,2009,20091210,5.4,0.0,10.6,10,0.0,0.9,281,2009-12-10,0.0,92.0
344,12,10.5,13.5,2009,20091211,8.0,0.0,15.0,11,0.0,2.0,281,2009-12-11,2.8,82.8
345,12,8.3,0.0,2009,20091212,3.2,0.0,13.3,12,0.0,2.6,281,2009-12-12,4.7,65.9
346,12,5.2,0.0,2009,20091213,1.6,0.0,11.3,13,0.0,1.7,281,2009-12-13,2.4,54.5
347,12,3.1,0.0,2009,20091214,0.4,0.0,8.0,14,0.0,2.9,281,2009-12-14,7.4,28.1
348,12,-0.1,0.0,2009,20091215,-2.4,0.0,2.2,15,0.0,3.5,281,2009-12-15,1.0,26.4
349,12,-4.0,0.0,2009,20091216,-7.3,0.0,-0.4,16,0.0,3.9,281,2009-12-16,5.7,33.4
350,12,-3.2,0.0,2009,20091217,-5.9,0.0,0.4,17,0.0,4.1,281,2009-12-17,7.6,45.4
351,12,-5.0,0.0,2009,20091218,-7.9,0.0,-0.4,18,0.0,4.5,281,2009-12-18,7.6,46.0
352,12,-3.4,0.0,2009,20091219,-6.6,0.0,0.4,19,0.0,5.2,281,2009-12-19,7.6,49.8
353,12,-1.6,0.0,2009,20091220,-3.9,0.0,1.4,20,0.0,4.3,281,2009-12-20,3.2,57.5
354,12,-2.7,0.0,2009,20091221,-9.2,0.0,2.8,21,0.0,2.7,281,2009-12-21,7.5,33.8
355,12,-0.4,0.0,2009,20091222,-8.3,0.0,8.4,22,0.0,1.5,281,2009-12-22,7.5,58.0
356,12,1.9,0.0,2009,20091223,-5.5,0.0,11.0,23,0.0,1.3,281,2009-12-23,5.1,70.5
357,12,1.7,0.0,2009,20091224,-5.4,0.0,11.2,24,0.0,0.3,281,2009-12-24,3.0,76.8
358,12,2.7,0.0,2009,20091225,-2.5,0.0,8.9,25,0.0,2.1,281,2009-12-25,0.2,73.9
359,12,-2.1,0.0,2009,20091226,-6.5,0.0,2.1,26,0.0,4.4,281,2009-12-26,7.5,36.1
360,12,-3.7,0.0,2009,20091227,-10.7,0.0,4.2,27,0.0,2.2,281,2009-12-27,6.3,50.5
361,12,-3.9,0.0,2009,20091228,-9.0,0.0,1.1,28,0.0,3.5,281,2009-12-28,7.2,41.0
362,12,-5.1,0.0,2009,20091229,-13.6,0.0,3.8,29,0.0,0.9,281,2009-12-29,7.6,58.4
363,12,-0.4,0.0,2009,20091230,-5.2,0.0,6.3,30,0.0,3.5,281,2009-12-30,5.3,51.4
364,12,-5.9,0.0,2009,20091231,-8.2,0.0,-2.3,31,0.0,5.0,281,2009-12-31,7.6,33.9
