,tmin,cloud,sunshine,tavg,wind,day,rainfall,date,humid,tmax,year,snow,Date,station_id,month
0,-13.8,0.0,1.5,-5.4,0.9,1,0.0,20130101,78.1,4.0,2013,0.0,2013-01-01,281,1
1,-9.5,0.0,7.2,-5.3,4.4,2,0.0,20130102,48.8,-0.5,2013,0.0,2013-01-02,281,1
2,-12.1,0.0,7.5,-9.1,4.4,3,0.0,20130103,41.8,-5.9,2013,0.0,2013-01-03,281,1
3,-14.4,0.0,7.6,-8.7,1.7,4,0.0,20130104,49.3,-1.7,2013,0.0,2013-01-04,281,1
4,-15.7,0.0,7.3,-6.2,2.2,5,0.0,20130105,56.9,0.8,2013,0.0,2013-01-05,281,1
5,-7.9,0.0,6.4,-2.9,1.8,6,0.0,20130106,49.4,2.5,2013,0.0,2013-01-06,281,1
6,-10.8,0.0,7.6,-3.2,2.1,7,0.0,20130107,43.0,3.5,2013,0.0,2013-01-07,281,1
7,-11.5,0.0,7.4,-3.4,1.9,8,0.0,20130108,51.4,3.7,2013,0.0,2013-01-08,281,1
8,-8.1,0.0,7.1,-4.5,3.7,9,0.0,20130109,37.8,-0.7,2013,0.0,2013-01-09,281,1
9,-13.0,0.0,7.7,-6.1,2.8,10,0.0,20130110,35.0,-0.4,2013,0.0,2013-01-10,281,1
10,-14.9,0.0,7.7,-5.5,1.0,11,0.0,20130111,56.3,2.6,2013,0.0,2013-01-11,281,1
11,-9.4,0.0,7.7,-0.3,1.5,12,0.0,20130112,62.9,8.4,2013,0.0,2013-01-12,281,1
12,-5.7,0.0,0.0,-0.8,0.5,13,0.0,20130113,74.0,3.6,2013,0.0,2013-01-13,281,1
13,-6.2,0.0,7.2,0.1,2.2,14,0.0,20130114,63.4,6.9,2013,0.0,2013-01-14,281,1
14,-8.4,0.0,7.0,-1.9,0.4,15,0.0,20130115,70.6,7.2,2013,0.0,2013-01-15,281,1
15,-6.8,0.0,4.6,-0.3,2.0,16,0.0,20130116,67.9,5.1,2013,0.0,2013-01-16,281,1
16,-5.0,0.0,3.4,-1.8,3.2,17,0.0,20130117,55.8,2.5,2013,0.0,2013-01-17,281,1
17,-8.8,0.0,7.6,-2.3,2.4,18,0.0,20130118,46.8,4.2,2013,0.0,2013-01-18,281,1
18,-5.5,0.0,5.1,-0.1,2.2,19,0.0,20130119,57.4,6.6,2013,0.0,2013-01-19,281,1
19,-6.0,0.0,2.5,1.0,1.0,20,0.0,20130120,69.4,8.1,2013,0.0,2013-01-20,281,1
20,0.9,0.0,0.0,4.0,1.1,21,16.0,20130121,89.9,5.7,2013,0.0,2013-01-21,281,1
21,2.5,0.0,0.1,4.0,0.9,22,2.5,20130122,82.5,6.8,2013,0.0,2013-01-22,281,1
22,1.1,0.0,0.0,2.6,0.9,23,1.5,20130123,87.0,4.6,2013,0.0,2013-01-23,281,1
23,-1.9,0.0,3.4,1.8,3.5,24,0.0,20130124,60.1,5.7,2013,0.0,2013-01-24,281,1
24,-6.6,0.0,7.9,-3.9,5.2,25,0.0,20130125,27.0,0.1,2013,0.0,2013-01-25,281,1
25,-8.1,0.0,8.0,-4.7,4.4,26,0.0,20130126,32.9,-0.1,2013,0.0,2013-01-26,281,1
26,-7.8,0.0,7.4,-4.4,3.8,27,0.0,20130127,47.3,-0.2,2013,0.0,2013-01-27,281,1
27,-6.5,0.0,8.0,-1.4,2.6,28,0.0,20130128,48.6,5.3,2013,0.0,2013-01-28,281,1
28,-7.3,0.0,7.7,0.3,0.9,29,0.0,20130129,67.9,9.2,2013,0.0,2013-01-29,281,1
29,-5.1,0.0,7.2,2.3,0.6,30,0.0,20130130,69.1,12.0,2013,0.0,2013-01-30,281,1
30,-3.3,0.0,6.9,5.3,0.7,31,0.0,20130131,70.4,13.8,2013,0.0,2013-01-31,281,1
31,4.8,0.0,0.0,9.1,1.1,1,12.5,20130201,89.1,12.5,2013,0.0,2013-02-01,281,2
32,-0.4,0.0,7.4,5.1,4.4,2,0.0,20130202,41.0,10.7,2013,0.0,2013-02-02,281,2
33,-4.7,0.0,3.6,0.8,1.3,3,1.5,20130203,44.6,4.0,2013,0.0,2013-02-03,281,2
34,-0.3,0.0,5.4,2.2,2.7,4,4.0,20130204,76.0,7.2,2013,0.0,2013-02-04,281,2
35,-3.7,0.0,0.0,1.3,0.8,5,0.5,20130205,83.5,6.0,2013,0.0,2013-02-05,281,2
36,-0.5,0.0,4.5,2.3,3.4,6,1.0,20130206,70.8,6.2,2013,0.0,2013-02-06,281,2
37,-10.7,0.0,6.9,-5.0,4.8,7,0.0,20130207,37.5,0.0,2013,0.0,2013-02-07,281,2
38,-13.6,0.0,9.4,-7.4,2.9,8,0.0,20130208,40.8,-1.1,2013,0.0,2013-02-08,281,2
39,-7.6,0.0,9.7,-3.4,3.1,9,0.0,20130209,37.1,1.5,2013,0.0,2013-02-09,281,2
40,-6.1,0.0,8.9,-0.8,3.5,10,0.0,20130210,50.0,5.2,2013,0.0,2013-02-10,281,2
41,-7.9,0.0,9.9,-1.6,1.6,11,0.0,20130211,42.9,4.9,2013,0.0,2013-02-11,281,2
42,-4.2,0.0,0.0,-2.0,1.8,12,0.5,20130212,70.1,1.3,2013,0.0,2013-02-12,281,2
43,-8.2,0.0,9.9,-1.1,1.7,13,0.0,20130213,53.4,6.3,2013,0.0,2013-02-13,281,2
44,-3.1,0.0,6.7,2.6,1.0,14,0.0,20130214,44.6,9.6,2013,0.0,2013-02-14,281,2
45,-2.8,0.0,9.0,2.5,3.1,15,0.0,20130215,33.6,8.0,2013,0.0,2013-02-15,281,2
46,-6.0,0.0,10.5,-1.1,2.3,16,0.0,20130216,32.6,6.0,2013,0.0,2013-02-16,281,2
47,-4.5,0.0,0.5,1.3,0.7,17,0.5,20130217,61.6,6.8,2013,0.0,2013-02-17,281,2
48,0.6,0.0,1.1,2.9,0.7,18,3.0,20130218,84.8,6.6,2013,0.0,2013-02-18,281,2
49,-2.7,0.0,3.3,0.9,3.0,19,0.0,20130219,40.8,6.0,2013,0.0,2013-02-19,281,2
50,-5.6,0.0,10.6,-0.6,4.0,20,0.0,20130220,28.6,5.0,2013,0.0,2013-02-20,281,2
51,-3.1,0.0,10.3,1.0,3.2,21,0.0,20130221,33.9,6.4,2013,0.0,2013-02-21,281,2
52,-5.5,0.0,3.5,0.8,2.5,22,0.2,20130222,58.5,8.2,2013,0.0,2013-02-22,281,2
53,-3.8,0.0,10.7,1.0,4.0,23,0.0,20130223,33.9,6.1,2013,0.0,2013-02-23,281,2
54,-1.6,0.0,8.4,2.8,2.7,24,0.0,20130224,37.4,9.5,2013,0.0,2013-02-24,281,2
55,-3.7,0.0,6.9,2.7,1.0,25,0.0,20130225,47.1,11.3,2013,0.0,2013-02-25,281,2
56,-2.6,0.0,0.7,3.5,0.5,26,0.0,20130226,63.4,10.8,2013,0.0,2013-02-26,281,2
57,-1.7,0.0,10.0,6.4,2.0,27,0.0,20130227,48.5,15.1,2013,0.0,2013-02-27,281,2
58,-4.0,0.0,8.7,7.6,1.0,28,0.0,20130228,39.0,18.6,2013,0.0,2013-02-28,281,2
59,-1.3,0.0,5.2,5.6,3.9,1,5.5,20130301,50.3,10.9,2013,0.0,2013-03-01,281,3
60,-4.2,0.0,9.9,0.6,2.1,2,0.0,20130302,46.0,7.6,2013,0.0,2013-03-02,281,3
61,-5.8,0.0,10.3,1.7,2.0,3,0.0,20130303,44.4,9.3,2013,0.0,2013-03-03,281,3
62,-2.6,0.0,8.2,4.6,2.7,4,0.0,20130304,41.9,10.9,2013,0.0,2013-03-04,281,3
63,-5.0,0.0,10.6,5.0,1.6,5,0.0,20130305,38.9,15.7,2013,0.0,2013-03-05,281,3
64,-4.1,0.0,8.3,6.2,1.1,6,0.0,20130306,45.6,18.4,2013,0.0,2013-03-06,281,3
65,1.7,0.0,4.2,10.8,2.3,7,0.0,20130307,54.5,17.3,2013,0.0,2013-03-07,281,3
66,-0.3,0.0,6.1,11.1,2.2,8,0.0,20130308,51.0,21.4,2013,0.0,2013-03-08,281,3
67,0.2,0.0,9.6,14.7,1.8,9,0.0,20130309,43.0,25.5,2013,0.0,2013-03-09,281,3
68,2.9,0.0,10.0,10.5,3.8,10,0.0,20130310,28.4,18.5,2013,0.0,2013-03-10,281,3
69,-4.2,0.0,9.0,4.4,1.4,11,0.0,20130311,54.6,13.0,2013,0.0,2013-03-11,281,3
70,-2.6,0.0,9.1,9.6,1.7,12,0.0,20130312,52.3,19.2,2013,0.0,2013-03-12,281,3
71,3.1,0.0,0.0,7.2,2.1,13,26.0,20130313,86.1,13.4,2013,0.0,2013-03-13,281,3
72,-1.1,0.0,1.7,3.9,1.8,14,0.1,20130314,64.1,8.3,2013,0.0,2013-03-14,281,3
73,-3.5,0.0,10.5,6.2,1.8,15,0.0,20130315,57.0,16.3,2013,0.0,2013-03-15,281,3
74,1.7,0.0,10.0,9.0,2.0,16,0.0,20130316,34.4,18.5,2013,0.0,2013-03-16,281,3
75,-1.6,0.0,7.6,9.5,1.4,17,10.5,20130317,60.0,19.7,2013,0.0,2013-03-17,281,3
76,8.6,0.0,6.4,12.6,2.1,18,36.5,20130318,70.0,19.0,2013,0.0,2013-03-18,281,3
77,6.4,0.0,8.3,13.7,2.1,19,0.0,20130319,46.5,20.6,2013,0.0,2013-03-19,281,3
78,-0.6,0.0,2.4,7.0,3.5,20,0.1,20130320,58.9,11.6,2013,0.0,2013-03-20,281,3
79,-3.3,0.0,11.3,3.2,2.0,21,0.0,20130321,40.4,11.8,2013,0.0,2013-03-21,281,3
80,-2.1,0.0,3.1,6.3,1.9,22,0.0,20130322,47.3,13.8,2013,0.0,2013-03-22,281,3
81,1.4,0.0,7.4,8.0,1.7,23,0.0,20130323,60.5,15.1,2013,0.0,2013-03-23,281,3
82,0.4,0.0,8.2,7.8,2.0,24,0.0,20130324,59.5,15.7,2013,0.0,2013-03-24,281,3
83,0.1,0.0,11.3,5.1,2.2,25,0.0,20130325,58.5,12.0,2013,0.0,2013-03-25,281,3
84,-4.6,0.0,10.4,5.2,1.2,26,0.0,20130326,54.9,15.0,2013,0.0,2013-03-26,281,3
85,-0.3,0.0,10.8,9.6,1.0,27,0.0,20130327,57.8,19.8,2013,0.0,2013-03-27,281,3
86,4.4,0.0,9.7,13.8,2.1,28,0.0,20130328,30.3,21.4,2013,0.0,2013-03-28,281,3
87,2.2,0.0,10.2,9.0,2.4,29,0.0,20130329,43.8,16.6,2013,0.0,2013-03-29,281,3
88,-0.5,0.0,5.4,7.9,1.4,30,0.0,20130330,52.1,15.3,2013,0.0,2013-03-30,281,3
89,1.6,0.0,6.8,7.4,2.1,31,1.5,20130331,64.5,15.6,2013,0.0,2013-03-31,281,3
90,-1.3,0.0,6.6,8.7,1.3,1,0.0,20130401,57.6,17.7,2013,0.0,2013-04-01,281,4
91,2.0,0.0,4.8,9.0,2.2,2,0.0,20130402,63.0,18.9,2013,0.0,2013-04-02,281,4
92,6.1,0.0,10.5,13.2,3.9,3,0.0,20130403,39.1,21.5,2013,0.0,2013-04-03,281,4
93,6.0,0.0,9.7,11.7,2.8,4,0.0,20130404,47.6,17.3,2013,0.0,2013-04-04,281,4
94,1.9,0.0,5.7,11.9,1.7,5,0.0,20130405,64.4,21.3,2013,0.0,2013-04-05,281,4
95,3.7,0.0,0.0,10.0,1.8,6,36.0,20130406,88.5,12.8,2013,0.0,2013-04-06,281,4
96,2.5,0.0,4.5,6.3,3.5,7,1.5,20130407,62.3,11.0,2013,0.0,2013-04-07,281,4
97,1.7,0.0,9.7,10.3,2.4,8,0.0,20130408,38.1,18.5,2013,0.0,2013-04-08,281,4
98,6.0,0.0,10.5,9.9,4.6,9,0.0,20130409,27.1,16.1,2013,0.0,2013-04-09,281,4
99,2.3,0.0,8.4,6.3,4.1,10,0.0,20130410,39.0,10.9,2013,0.0,2013-04-10,281,4
100,-0.1,0.0,8.7,7.1,3.5,11,0.1,20130411,40.8,14.0,2013,0.0,2013-04-11,281,4
101,0.0,0.0,11.2,6.7,3.0,12,0.0,20130412,41.3,14.2,2013,0.0,2013-04-12,281,4
102,-2.0,0.0,11.5,11.4,2.3,13,0.0,20130413,42.1,20.8,2013,0.0,2013-04-13,281,4
103,6.5,0.0,6.7,14.6,4.1,14,0.0,20130414,32.8,22.1,2013,0.0,2013-04-14,281,4
104,1.1,0.0,3.7,8.0,1.3,15,0.0,20130415,36.0,15.3,2013,0.0,2013-04-15,281,4
105,2.8,0.0,7.9,15.5,2.6,16,0.0,20130416,53.6,26.9,2013,0.0,2013-04-16,281,4
106,8.2,0.0,0.0,9.0,3.1,17,0.0,20130417,75.1,10.8,2013,0.0,2013-04-17,281,4
107,7.1,0.0,7.1,12.0,2.4,18,0.0,20130418,62.9,21.9,2013,0.0,2013-04-18,281,4
108,2.5,0.0,8.8,8.0,2.5,19,0.0,20130419,50.9,12.9,2013,0.0,2013-04-19,281,4
109,3.7,0.0,0.0,5.4,1.2,20,12.5,20130420,79.8,7.0,2013,0.0,2013-04-20,281,4
110,3.6,0.0,10.2,8.9,2.4,21,0.0,20130421,60.6,16.4,2013,0.0,2013-04-21,281,4
111,-0.4,0.0,11.4,11.1,1.2,22,0.0,20130422,49.1,20.4,2013,0.0,2013-04-22,281,4
112,8.0,0.0,0.0,10.1,1.0,23,21.5,20130423,81.6,12.6,2013,0.0,2013-04-23,281,4
113,10.9,0.0,7.9,15.4,3.0,24,1.5,20130424,58.6,21.1,2013,0.0,2013-04-24,281,4
114,3.7,0.0,7.1,11.8,2.0,25,1.0,20130425,61.9,21.7,2013,0.0,2013-04-25,281,4
115,6.6,0.0,9.4,12.2,3.7,26,0.0,20130426,45.6,18.8,2013,0.0,2013-04-26,281,4
116,2.4,0.0,7.5,12.2,1.9,27,0.0,20130427,50.9,21.3,2013,0.0,2013-04-27,281,4
117,5.0,0.0,6.8,15.1,1.3,28,0.0,20130428,54.3,23.9,2013,0.0,2013-04-28,281,4
118,9.5,0.0,0.0,14.7,2.4,29,10.5,20130429,69.8,20.1,2013,0.0,2013-04-29,281,4
119,4.9,0.0,9.6,14.3,2.0,30,0.0,20130430,45.5,23.8,2013,0.0,2013-04-30,281,4
120,6.8,0.0,2.4,10.6,2.2,1,0.0,20130501,63.5,14.0,2013,0.0,2013-05-01,281,5
121,5.3,0.0,4.2,11.0,1.4,2,2.5,20130502,73.9,19.1,2013,0.0,2013-05-02,281,5
122,5.5,0.0,5.6,13.6,1.5,3,0.1,20130503,59.6,21.5,2013,0.0,2013-05-03,281,5
123,8.8,0.0,10.5,15.0,2.4,4,0.0,20130504,52.9,22.5,2013,0.0,2013-05-04,281,5
124,5.1,0.0,12.1,17.4,2.7,5,0.0,20130505,41.9,26.3,2013,0.0,2013-05-05,281,5
125,14.2,0.0,12.1,19.2,3.6,6,0.0,20130506,34.9,28.5,2013,0.0,2013-05-06,281,5
126,8.5,0.0,8.9,14.2,2.7,7,0.0,20130507,63.5,20.1,2013,0.0,2013-05-07,281,5
127,5.5,0.0,11.7,17.1,1.2,8,0.0,20130508,56.3,28.5,2013,0.0,2013-05-08,281,5
128,9.3,0.0,4.1,19.3,1.6,9,0.5,20130509,59.3,27.3,2013,0.0,2013-05-09,281,5
129,14.9,0.0,0.3,17.2,1.7,10,10.0,20130510,78.9,21.8,2013,0.0,2013-05-10,281,5
130,13.1,0.0,11.2,19.3,2.3,11,0.0,20130511,49.3,27.5,2013,0.0,2013-05-11,281,5
131,9.5,0.0,12.1,21.2,1.9,12,0.0,20130512,52.4,30.1,2013,0.0,2013-05-12,281,5
132,12.3,0.0,12.0,22.2,1.7,13,0.0,20130513,50.0,32.8,2013,0.0,2013-05-13,281,5
133,9.3,0.0,11.7,18.8,1.6,14,0.0,20130514,58.6,30.3,2013,0.0,2013-05-14,281,5
134,10.8,0.0,9.2,18.1,2.5,15,0.0,20130515,61.6,28.9,2013,0.0,2013-05-15,281,5
135,12.8,0.0,6.6,14.5,3.6,16,0.0,20130516,65.4,17.7,2013,0.0,2013-05-16,281,5
136,11.1,0.0,6.2,15.5,2.6,17,0.0,20130517,62.0,21.3,2013,0.0,2013-05-17,281,5
137,6.9,0.0,5.9,17.9,1.3,18,0.2,20130518,60.3,26.3,2013,0.0,2013-05-18,281,5
138,13.9,0.0,0.0,16.2,1.4,19,21.5,20130519,86.8,19.7,2013,0.0,2013-05-19,281,5
139,14.3,0.0,8.4,19.5,2.3,20,0.0,20130520,63.4,27.0,2013,0.0,2013-05-20,281,5
140,9.1,0.0,12.7,18.8,1.4,21,0.0,20130521,51.9,29.5,2013,0.0,2013-05-21,281,5
141,10.0,0.0,9.8,20.4,1.7,22,0.0,20130522,52.8,30.5,2013,0.0,2013-05-22,281,5
142,12.1,0.0,11.6,20.0,1.9,23,0.0,20130523,57.8,28.1,2013,0.0,2013-05-23,281,5
143,11.9,0.0,12.3,23.1,1.2,24,0.0,20130524,55.4,34.0,2013,0.0,2013-05-24,281,5
144,15.2,0.0,10.2,19.3,2.5,25,0.0,20130525,70.0,25.2,2013,0.0,2013-05-25,281,5
145,13.6,0.0,7.5,22.0,1.3,26,0.0,20130526,61.9,29.7,2013,0.0,2013-05-26,281,5
146,18.2,0.0,0.0,20.5,2.8,27,13.5,20130527,71.6,24.0,2013,0.0,2013-05-27,281,5
147,17.9,0.0,0.0,20.7,1.9,28,27.0,20130528,87.3,23.7,2013,0.0,2013-05-28,281,5
148,18.4,0.0,0.4,20.6,2.3,29,0.5,20130529,74.4,25.8,2013,0.0,2013-05-29,281,5
149,14.8,0.0,10.3,20.8,2.3,30,0.0,20130530,53.5,28.7,2013,0.0,2013-05-30,281,5
150,11.2,0.0,2.9,19.1,0.8,31,0.0,20130531,62.5,26.7,2013,0.0,2013-05-31,281,5
151,14.5,0.0,0.3,19.5,0.9,1,0.0,20130601,68.0,26.2,2013,0.0,2013-06-01,281,6
152,12.5,0.0,12.2,18.4,2.3,2,0.0,20130602,71.4,24.8,2013,0.0,2013-06-02,281,6
153,12.8,0.0,10.9,20.0,1.9,3,0.0,20130603,63.5,27.5,2013,0.0,2013-06-03,281,6
154,13.3,0.0,11.9,22.2,1.1,4,0.0,20130604,57.5,31.2,2013,0.0,2013-06-04,281,6
155,14.5,0.0,10.2,22.1,1.8,5,0.0,20130605,65.8,30.4,2013,0.0,2013-06-05,281,6
156,16.7,0.0,5.1,19.7,2.4,6,2.0,20130606,76.9,27.5,2013,0.0,2013-06-06,281,6
157,17.0,0.0,6.3,19.9,2.0,7,0.0,20130607,73.8,25.9,2013,0.0,2013-06-07,281,6
158,16.8,0.0,4.7,20.5,2.5,8,0.0,20130608,70.4,25.7,2013,0.0,2013-06-08,281,6
159,15.7,0.0,3.6,19.7,2.2,9,0.0,20130609,71.9,24.3,2013,0.0,2013-06-09,281,6
160,13.8,0.0,9.1,19.8,2.5,10,0.0,20130610,69.1,24.8,2013,0.0,2013-06-10,281,6
161,17.0,0.0,0.0,19.6,1.7,11,1.5,20130611,80.0,22.4,2013,0.0,2013-06-11,281,6
162,18.6,0.0,0.7,23.0,1.3,12,2.5,20130612,77.4,28.3,2013,0.0,2013-06-12,281,6
163,19.5,0.0,0.7,22.3,2.1,13,0.0,20130613,76.4,27.6,2013,0.0,2013-06-13,281,6
164,19.9,0.0,0.0,21.3,1.6,14,4.0,20130614,84.8,23.4,2013,0.0,2013-06-14,281,6
165,19.5,0.0,9.2,25.1,1.5,15,0.0,20130615,71.3,32.6,2013,0.0,2013-06-15,281,6
166,19.9,0.0,11.2,27.1,1.7,16,0.0,20130616,57.4,33.5,2013,0.0,2013-06-16,281,6
167,22.4,0.0,10.7,26.1,2.7,17,0.0,20130617,56.3,31.1,2013,0.0,2013-06-17,281,6
168,21.7,0.0,0.0,23.3,1.0,18,16.5,20130618,87.6,25.8,2013,0.0,2013-06-18,281,6
169,20.5,0.0,4.5,24.4,1.5,19,16.0,20130619,76.3,30.9,2013,0.0,2013-06-19,281,6
170,20.4,0.0,5.2,25.5,1.1,20,0.0,20130620,72.4,31.9,2013,0.0,2013-06-20,281,6
171,21.5,0.0,0.0,22.5,1.6,21,0.5,20130621,82.9,24.5,2013,0.0,2013-06-21,281,6
172,20.4,0.0,1.1,22.2,1.6,22,6.5,20130622,79.9,25.6,2013,0.0,2013-06-22,281,6
173,19.6,0.0,0.8,22.3,1.2,23,3.0,20130623,79.6,26.7,2013,0.0,2013-06-23,281,6
174,20.2,0.0,3.4,23.1,2.0,25,1.5,20130625,75.4,28.3,2013,0.0,2013-06-25,281,6
175,19.6,0.0,2.7,22.4,1.4,26,5.5,20130626,76.5,28.1,2013,0.0,2013-06-26,281,6
176,19.2,0.0,3.5,22.5,1.5,27,2.0,20130627,75.9,27.7,2013,0.0,2013-06-27,281,6
177,18.5,0.0,5.4,22.4,1.8,28,0.0,20130628,74.5,27.5,2013,0.0,2013-06-28,281,6
178,16.9,0.0,12.1,22.9,2.1,29,0.0,20130629,71.0,28.5,2013,0.0,2013-06-29,281,6
179,17.2,0.0,9.8,24.1,1.9,30,0.0,20130630,67.6,31.1,2013,0.0,2013-06-30,281,6
180,19.4,0.0,8.4,25.8,1.3,1,0.0,20130701,65.1,32.5,2013,0.0,2013-07-01,281,7
181,21.1,0.0,0.0,25.7,2.0,2,0.0,20130702,74.9,29.3,2013,0.0,2013-07-02,281,7
182,23.8,0.0,4.5,26.3,2.3,3,5.5,20130703,77.1,30.0,2013,0.0,2013-07-03,281,7
183,22.2,0.0,0.0,25.3,1.7,4,18.5,20130704,81.5,29.3,2013,0.0,2013-07-04,281,7
184,21.5,0.0,0.0,22.7,1.2,5,156.0,20130705,91.6,24.9,2013,0.0,2013-07-05,281,7
185,21.5,0.0,4.4,26.0,1.5,6,0.0,20130706,74.8,31.6,2013,0.0,2013-07-06,281,7
186,22.0,0.0,0.0,23.9,0.9,7,9.5,20130707,86.4,25.8,2013,0.0,2013-07-07,281,7
187,22.9,0.0,6.0,27.7,2.2,8,0.0,20130708,66.9,31.5,2013,0.0,2013-07-08,281,7
188,26.2,0.0,6.2,28.8,2.7,9,0.0,20130709,63.8,32.9,2013,0.0,2013-07-09,281,7
189,25.6,0.0,11.1,29.4,2.3,10,0.0,20130710,61.8,34.6,2013,0.0,2013-07-10,281,7
190,24.3,0.0,11.2,29.2,2.3,11,0.0,20130711,61.1,34.4,2013,0.0,2013-07-11,281,7
191,24.6,0.0,3.5,28.1,2.0,12,0.0,20130712,61.8,33.0,2013,0.0,2013-07-12,281,7
192,22.9,0.0,3.4,26.3,1.4,13,15.0,20130713,75.5,33.7,2013,0.0,2013-07-13,281,7
193,21.6,0.0,0.0,25.6,1.4,14,11.5,20130714,79.5,31.7,2013,0.0,2013-07-14,281,7
194,21.6,0.0,1.3,24.8,1.2,15,0.5,20130715,83.8,30.0,2013,0.0,2013-07-15,281,7
195,20.1,0.0,11.5,26.8,2.0,16,0.0,20130716,62.9,32.5,2013,0.0,2013-07-16,281,7
196,24.8,0.0,5.3,27.8,2.2,17,0.0,20130717,64.3,31.8,2013,0.0,2013-07-17,281,7
197,23.4,0.0,5.4,26.7,1.8,18,0.4,20130718,69.6,32.7,2013,0.0,2013-07-18,281,7
198,21.3,0.0,5.5,26.4,1.3,19,2.0,20130719,74.4,33.7,2013,0.0,2013-07-19,281,7
199,23.2,0.0,6.2,27.8,1.5,20,0.0,20130720,68.1,34.0,2013,0.0,2013-07-20,281,7
200,22.7,0.0,4.5,27.8,1.7,21,0.0,20130721,67.4,32.0,2013,0.0,2013-07-21,281,7
201,25.0,0.0,5.9,28.8,2.0,22,0.0,20130722,62.6,34.0,2013,0.0,2013-07-22,281,7
202,24.0,0.0,0.0,27.2,1.7,23,0.4,20130723,71.5,29.8,2013,0.0,2013-07-23,281,7
203,24.7,0.0,7.1,28.5,2.5,24,0.0,20130724,65.1,33.2,2013,0.0,2013-07-24,281,7
204,22.7,0.0,9.4,27.6,2.5,25,0.0,20130725,61.0,33.3,2013,0.0,2013-07-25,281,7
205,20.5,0.0,11.0,27.4,2.2,26,0.0,20130726,62.9,34.1,2013,0.0,2013-07-26,281,7
206,21.1,0.0,6.3,27.7,1.5,27,0.0,20130727,61.4,34.0,2013,0.0,2013-07-27,281,7
207,22.9,0.0,0.0,26.4,1.2,28,2.0,20130728,76.5,29.1,2013,0.0,2013-07-28,281,7
208,24.4,0.0,4.2,29.2,2.1,29,0.0,20130729,63.6,35.3,2013,0.0,2013-07-29,281,7
209,21.5,0.0,5.0,26.3,1.0,30,72.5,20130730,76.4,34.1,2013,0.0,2013-07-30,281,7
210,22.7,0.0,3.7,27.2,1.4,31,0.0,20130731,78.1,32.1,2013,0.0,2013-07-31,281,7
211,23.7,0.0,4.2,26.0,1.6,1,10.5,20130801,82.6,31.7,2013,0.0,2013-08-01,281,8
212,23.7,0.0,0.8,25.2,1.5,2,0.4,20130802,85.0,28.2,2013,0.0,2013-08-02,281,8
213,22.5,0.0,2.7,26.3,1.1,3,9.5,20130803,79.3,32.6,2013,0.0,2013-08-03,281,8
214,23.0,0.0,3.9,26.6,1.4,4,0.0,20130804,80.5,33.7,2013,0.0,2013-08-04,281,8
215,23.8,0.0,8.3,27.5,1.8,5,0.5,20130805,73.3,33.1,2013,0.0,2013-08-05,281,8
216,22.2,0.0,8.9,26.9,1.7,6,12.0,20130806,76.4,35.1,2013,0.0,2013-08-06,281,8
217,21.4,0.0,9.5,28.1,1.2,7,0.0,20130807,76.4,35.3,2013,0.0,2013-08-07,281,8
218,24.5,0.0,8.5,29.7,1.3,8,0.0,20130808,72.3,35.9,2013,0.0,2013-08-08,281,8
219,26.1,0.0,10.8,30.8,2.1,9,0.0,20130809,66.5,36.5,2013,0.0,2013-08-09,281,8
220,24.5,0.0,9.4,27.7,1.5,10,1.0,20130810,76.8,36.7,2013,0.0,2013-08-10,281,8
221,23.0,0.0,11.3,29.4,1.3,11,0.0,20130811,69.9,35.9,2013,0.0,2013-08-11,281,8
222,24.1,0.0,11.4,30.1,1.2,12,0.0,20130812,66.3,36.9,2013,0.0,2013-08-12,281,8
223,23.5,0.0,11.4,29.1,1.4,13,0.0,20130813,66.3,35.5,2013,0.0,2013-08-13,281,8
224,22.5,0.0,11.8,28.7,1.7,14,0.0,20130814,63.0,35.6,2013,0.0,2013-08-14,281,8
225,21.6,0.0,11.5,28.1,1.5,15,0.0,20130815,63.4,34.7,2013,0.0,2013-08-15,281,8
226,21.8,0.0,11.3,28.6,1.5,16,0.0,20130816,62.9,35.4,2013,0.0,2013-08-16,281,8
227,22.2,0.0,10.7,28.6,1.9,17,0.0,20130817,63.0,35.3,2013,0.0,2013-08-17,281,8
228,22.3,0.0,10.7,29.7,1.6,18,0.0,20130818,62.0,36.1,2013,0.0,2013-08-18,281,8
229,23.9,0.0,8.7,29.7,1.3,19,0.0,20130819,64.8,37.1,2013,0.0,2013-08-19,281,8
230,23.8,0.0,7.1,27.9,1.9,20,1.5,20130820,72.5,33.9,2013,0.0,2013-08-20,281,8
231,21.9,0.0,4.8,25.4,1.8,21,25.5,20130821,78.4,30.4,2013,0.0,2013-08-21,281,8
232,22.0,0.0,1.3,26.4,0.8,22,2.5,20130822,82.9,31.9,2013,0.0,2013-08-22,281,8
233,23.5,0.0,0.0,25.5,1.0,23,32.0,20130823,90.4,28.4,2013,0.0,2013-08-23,281,8
234,21.3,0.0,0.0,22.9,0.8,24,16.5,20130824,88.0,24.4,2013,0.0,2013-08-24,281,8
235,20.3,0.0,8.7,24.2,1.5,25,0.0,20130825,73.4,30.0,2013,0.0,2013-08-25,281,8
236,18.9,0.0,7.3,23.9,0.9,26,0.0,20130826,71.5,31.3,2013,0.0,2013-08-26,281,8
237,17.9,0.0,9.6,24.7,1.4,27,0.0,20130827,67.6,32.5,2013,0.0,2013-08-27,281,8
238,18.9,0.0,6.9,25.1,1.0,28,0.0,20130828,69.0,31.6,2013,0.0,2013-08-28,281,8
239,19.6,0.0,3.5,25.9,2.0,29,2.0,20130829,76.0,32.6,2013,0.0,2013-08-29,281,8
240,23.2,0.0,2.1,25.2,1.2,30,2.0,20130830,82.4,29.8,2013,0.0,2013-08-30,281,8
241,19.4,0.0,6.9,22.9,2.2,31,1.0,20130831,72.5,27.1,2013,0.0,2013-08-31,281,8
242,17.7,0.0,8.5,21.8,1.7,1,0.0,20130901,72.4,27.0,2013,0.0,2013-09-01,281,9
243,16.4,0.0,6.9,22.0,1.4,2,0.0,20130902,70.6,28.4,2013,0.0,2013-09-02,281,9
244,17.7,0.0,0.0,20.1,0.8,3,0.0,20130903,80.8,22.7,2013,0.0,2013-09-03,281,9
245,15.3,0.0,9.5,20.0,1.7,4,0.0,20130904,68.1,27.7,2013,0.0,2013-09-04,281,9
246,13.2,0.0,4.9,19.4,1.2,5,0.0,20130905,68.4,24.4,2013,0.0,2013-09-05,281,9
247,17.1,0.0,0.0,18.9,0.9,6,3.5,20130906,87.3,21.2,2013,0.0,2013-09-06,281,9
248,16.2,0.0,0.0,19.6,0.7,7,1.0,20130907,83.6,23.7,2013,0.0,2013-09-07,281,9
249,15.4,0.0,7.4,21.1,1.1,8,0.0,20130908,71.8,29.3,2013,0.0,2013-09-08,281,9
250,14.5,0.0,7.2,21.1,1.0,9,0.0,20130909,72.5,28.5,2013,0.0,2013-09-09,281,9
251,17.2,0.0,4.4,23.2,1.1,10,0.0,20130910,69.5,29.3,2013,0.0,2013-09-10,281,9
252,20.5,0.0,0.5,23.5,0.9,11,0.0,20130911,74.1,27.5,2013,0.0,2013-09-11,281,9
253,20.6,0.0,0.0,21.9,0.6,12,5.5,20130912,88.9,24.2,2013,0.0,2013-09-12,281,9
254,19.7,0.0,4.1,25.3,1.3,13,0.0,20130913,76.4,31.3,2013,0.0,2013-09-13,281,9
255,19.6,0.0,0.3,22.3,1.0,14,22.5,20130914,88.8,24.2,2013,0.0,2013-09-14,281,9
256,16.7,0.0,7.5,21.8,1.2,15,0.0,20130915,76.9,29.7,2013,0.0,2013-09-15,281,9
257,13.4,0.0,10.5,19.7,1.2,16,0.0,20130916,70.1,27.8,2013,0.0,2013-09-16,281,9
258,12.8,0.0,8.7,19.7,0.9,17,0.0,20130917,67.8,30.0,2013,0.0,2013-09-17,281,9
259,12.3,0.0,10.5,20.4,1.4,18,0.0,20130918,68.4,29.9,2013,0.0,2013-09-18,281,9
260,14.6,0.0,7.3,20.6,1.4,19,0.0,20130919,73.3,27.0,2013,0.0,2013-09-19,281,9
261,14.9,0.0,8.8,21.2,1.1,20,0.0,20130920,75.1,30.3,2013,0.0,2013-09-20,281,9
262,15.4,0.0,8.9,22.5,1.1,21,0.0,20130921,69.4,30.6,2013,0.0,2013-09-21,281,9
263,16.6,0.0,2.3,20.3,1.6,22,0.3,20130922,76.5,27.0,2013,0.0,2013-09-22,281,9
264,15.7,0.0,9.2,20.8,1.3,23,0.0,20130923,69.6,26.8,2013,0.0,2013-09-23,281,9
265,13.8,0.0,5.3,21.9,1.3,24,0.2,20130924,74.0,30.2,2013,0.0,2013-09-24,281,9
266,18.3,0.0,4.1,20.7,1.9,25,0.3,20130925,67.6,24.2,2013,0.0,2013-09-25,281,9
267,11.9,0.0,5.1,17.3,1.5,26,0.0,20130926,67.5,24.5,2013,0.0,2013-09-26,281,9
268,9.3,0.0,10.4,17.4,0.9,27,0.0,20130927,64.9,25.8,2013,0.0,2013-09-27,281,9
269,14.5,0.0,0.0,18.6,0.8,28,0.3,20130928,74.4,23.2,2013,0.0,2013-09-28,281,9
270,17.6,0.0,0.1,19.9,1.1,29,25.0,20130929,88.1,22.8,2013,0.0,2013-09-29,281,9
271,17.6,0.0,4.3,21.2,1.5,30,9.0,20130930,82.1,25.7,2013,0.0,2013-09-30,281,9
272,16.0,0.0,6.4,20.1,1.4,1,0.0,20131001,76.9,25.7,2013,0.0,2013-10-01,281,10
273,14.5,0.0,2.9,19.4,1.7,2,0.2,20131002,74.9,26.4,2013,0.0,2013-10-02,281,10
274,9.6,0.0,9.4,16.3,1.3,3,0.0,20131003,68.3,24.1,2013,0.0,2013-10-03,281,10
275,6.5,0.0,10.9,15.2,1.4,4,0.0,20131004,70.5,24.5,2013,0.0,2013-10-04,281,10
276,10.5,0.0,5.4,18.4,1.8,5,0.0,20131005,72.1,24.8,2013,0.0,2013-10-05,281,10
277,17.9,0.0,0.0,20.5,1.9,6,10.0,20131006,87.3,23.1,2013,0.0,2013-10-06,281,10
278,19.9,0.0,0.4,22.3,1.4,7,1.0,20131007,83.4,25.9,2013,0.0,2013-10-07,281,10
279,19.6,0.0,0.0,20.9,1.7,8,51.5,20131008,88.8,23.1,2013,0.0,2013-10-08,281,10
280,16.7,0.0,0.8,20.2,1.4,9,0.0,20131009,77.0,24.3,2013,0.0,2013-10-09,281,10
281,15.9,0.0,0.4,19.8,0.8,10,49.5,20131010,85.5,25.1,2013,0.0,2013-10-10,281,10
282,14.5,0.0,8.0,19.7,2.8,11,0.0,20131011,63.5,25.9,2013,0.0,2013-10-11,281,10
283,9.1,0.0,10.8,15.2,2.1,12,0.0,20131012,54.0,22.4,2013,0.0,2013-10-12,281,10
284,6.5,0.0,10.3,14.6,1.1,13,0.0,20131013,71.1,24.4,2013,0.0,2013-10-13,281,10
285,8.2,0.0,8.7,15.9,0.7,14,0.0,20131014,77.3,26.2,2013,0.0,2013-10-14,281,10
286,9.9,0.0,2.8,14.5,2.2,15,0.5,20131015,75.8,23.7,2013,0.0,2013-10-15,281,10
287,4.9,0.0,9.1,10.5,1.6,16,0.0,20131016,63.3,17.5,2013,0.0,2013-10-16,281,10
288,2.6,0.0,7.0,10.1,0.8,17,0.0,20131017,72.5,18.6,2013,0.0,2013-10-17,281,10
289,4.3,0.0,7.7,11.6,1.2,18,0.0,20131018,73.8,19.7,2013,0.0,2013-10-18,281,10
290,6.3,0.0,1.7,13.6,1.1,19,0.0,20131019,76.1,20.0,2013,0.0,2013-10-19,281,10
291,11.7,0.0,7.6,16.2,1.0,20,0.0,20131020,74.5,23.9,2013,0.0,2013-10-20,281,10
292,9.5,0.0,5.9,13.6,1.0,21,0.0,20131021,75.8,21.6,2013,0.0,2013-10-21,281,10
293,8.5,0.0,3.0,14.8,1.7,22,0.0,20131022,69.0,19.6,2013,0.0,2013-10-22,281,10
294,9.6,0.0,5.3,14.7,1.6,23,0.0,20131023,72.8,21.2,2013,0.0,2013-10-23,281,10
295,9.8,0.0,5.1,15.3,1.7,24,0.0,20131024,66.6,22.9,2013,0.0,2013-10-24,281,10
296,6.4,0.0,8.4,12.0,2.3,25,0.0,20131025,44.8,19.0,2013,0.0,2013-10-25,281,10
297,1.8,0.0,8.6,9.4,1.4,26,0.0,20131026,67.4,18.8,2013,0.0,2013-10-26,281,10
298,0.7,0.0,9.7,8.5,0.9,27,0.0,20131027,69.8,18.8,2013,0.0,2013-10-27,281,10
299,1.0,0.0,6.9,9.4,0.8,28,0.0,20131028,71.5,19.8,2013,0.0,2013-10-28,281,10
300,2.2,0.0,8.3,10.2,1.2,29,0.0,20131029,70.3,20.3,2013,0.0,2013-10-29,281,10
301,5.1,0.0,9.0,11.9,1.1,30,0.0,20131030,66.0,19.8,2013,0.0,2013-10-30,281,10
302,5.0,0.0,6.2,11.6,0.6,31,0.0,20131031,75.4,20.7,2013,0.0,2013-10-31,281,10
303,7.6,0.0,5.8,12.8,1.1,1,0.0,20131101,76.5,20.9,2013,0.0,2013-11-01,281,11
304,6.7,0.0,4.6,14.3,0.9,2,0.0,20131102,74.0,22.6,2013,0.0,2013-11-02,281,11
305,8.0,0.0,1.3,14.4,1.3,3,0.0,20131103,70.9,20.4,2013,0.0,2013-11-03,281,11
306,5.7,0.0,6.5,11.8,1.3,4,0.0,20131104,70.1,18.9,2013,0.0,2013-11-04,281,11
307,2.8,0.0,8.8,9.8,0.8,5,0.0,20131105,68.5,19.8,2013,0.0,2013-11-05,281,11
308,2.2,0.0,2.6,11.2,1.1,6,4.0,20131106,78.1,19.6,2013,0.0,2013-11-06,281,11
309,3.6,0.0,7.5,12.0,2.3,7,4.0,20131107,65.0,20.1,2013,0.0,2013-11-07,281,11
310,3.2,0.0,6.9,9.6,1.2,8,0.0,20131108,58.9,16.2,2013,0.0,2013-11-08,281,11
311,5.0,0.0,0.7,10.5,0.6,9,5.5,20131109,77.9,15.5,2013,0.0,2013-11-09,281,11
312,3.9,0.0,5.5,10.0,3.5,10,0.5,20131110,53.1,15.1,2013,0.0,2013-11-10,281,11
313,-1.5,0.0,8.1,3.9,2.8,11,0.0,20131111,42.0,9.6,2013,0.0,2013-11-11,281,11
314,-0.2,0.0,8.3,4.0,2.7,12,0.0,20131112,47.1,11.1,2013,0.0,2013-11-12,281,11
315,-4.3,0.0,8.1,3.4,0.8,13,0.0,20131113,65.8,13.2,2013,0.0,2013-11-13,281,11
316,-1.0,0.0,2.2,6.6,1.2,14,0.0,20131114,64.0,13.2,2013,0.0,2013-11-14,281,11
317,0.5,0.0,5.4,6.7,1.3,15,0.0,20131115,72.4,15.9,2013,0.0,2013-11-15,281,11
318,-2.5,0.0,7.3,5.1,0.8,16,0.1,20131116,66.8,15.4,2013,0.0,2013-11-16,281,11
319,-0.2,0.0,4.4,6.0,2.9,17,0.1,20131117,55.9,13.5,2013,0.0,2013-11-17,281,11
320,1.5,0.0,4.7,3.8,3.7,18,0.0,20131118,47.5,8.9,2013,0.0,2013-11-18,281,11
321,1.2,0.0,1.3,4.1,4.5,19,0.0,20131119,49.9,7.4,2013,0.0,2013-11-19,281,11
322,-0.4,0.0,6.5,3.9,3.8,20,0.0,20131120,46.4,8.8,2013,0.0,2013-11-20,281,11
323,-1.2,0.0,7.7,4.6,3.4,21,0.0,20131121,51.1,9.5,2013,0.0,2013-11-21,281,11
324,0.4,0.0,7.8,5.9,3.2,22,0.0,20131122,49.9,11.8,2013,0.0,2013-11-22,281,11
325,-2.6,0.0,7.4,4.9,1.9,23,0.0,20131123,63.3,13.8,2013,0.0,2013-11-23,281,11
326,-2.0,0.0,6.0,7.0,0.9,24,1.0,20131124,67.5,14.9,2013,0.0,2013-11-24,281,11
327,4.1,0.0,2.3,9.1,4.3,25,17.0,20131125,52.3,13.3,2013,0.0,2013-11-25,281,11
328,-1.6,0.0,6.7,3.6,2.8,26,0.0,20131126,50.9,9.3,2013,0.0,2013-11-26,281,11
329,-2.0,0.0,0.6,1.2,2.3,27,1.5,20131127,75.6,5.7,2013,0.0,2013-11-27,281,11
330,-5.1,0.0,6.7,-0.9,3.3,28,0.0,20131128,57.1,3.0,2013,0.0,2013-11-28,281,11
331,-3.0,0.0,7.6,1.8,3.7,29,0.0,20131129,54.3,5.8,2013,0.0,2013-11-29,281,11
332,-1.7,0.0,7.6,3.2,2.3,30,0.0,20131130,64.9,10.9,2013,0.0,2013-11-30,281,11
333,-3.9,0.0,6.0,3.6,1.4,1,0.0,20131201,66.3,12.0,2013,0.0,2013-12-01,281,12
334,-1.5,0.0,7.7,4.7,2.5,2,0.0,20131202,57.8,10.8,2013,0.0,2013-12-02,281,12
335,-4.1,0.0,7.3,2.3,1.4,3,0.0,20131203,67.1,11.7,2013,0.0,2013-12-03,281,12
336,-4.3,0.0,7.1,2.6,1.2,4,0.0,20131204,68.9,12.6,2013,0.0,2013-12-04,281,12
337,-3.7,0.0,2.2,4.6,1.2,5,0.0,20131205,66.9,11.6,2013,0.0,2013-12-05,281,12
338,-0.2,0.0,7.6,4.5,2.6,6,0.0,20131206,43.9,10.2,2013,0.0,2013-12-06,281,12
339,-2.5,0.0,5.4,3.3,2.0,7,0.0,20131207,54.8,11.6,2013,0.0,2013-12-07,281,12
340,-5.1,0.0,7.4,1.6,0.7,8,0.0,20131208,73.0,11.3,2013,0.0,2013-12-08,281,12
341,-1.7,0.0,0.2,4.5,1.4,9,2.5,20131209,78.5,11.3,2013,0.0,2013-12-09,281,12
342,0.7,0.0,7.0,3.4,3.7,10,0.5,20131210,54.0,7.1,2013,0.0,2013-12-10,281,12
343,-2.4,0.0,1.7,0.5,3.3,11,0.4,20131211,65.4,4.0,2013,0.0,2013-12-11,281,12
344,-4.5,0.0,6.6,2.1,3.1,12,0.4,20131212,54.0,6.1,2013,0.0,2013-12-12,281,12
345,-4.9,0.0,4.2,-1.8,3.8,13,0.5,20131213,52.0,2.8,2013,0.0,2013-12-13,281,12
346,-6.1,0.0,5.6,0.4,3.1,14,0.0,20131214,53.5,5.7,2013,0.0,2013-12-14,281,12
347,-5.3,0.0,6.2,-0.6,3.0,15,0.0,20131215,42.1,4.7,2013,0.0,2013-12-15,281,12
348,-9.0,0.0,1.4,-2.2,0.7,16,0.0,20131216,58.1,3.5,2013,0.0,2013-12-16,281,12
349,-3.6,0.0,0.8,2.5,1.0,17,0.3,20131217,69.9,8.4,2013,0.0,2013-12-17,281,12
350,2.9,0.0,0.0,5.1,1.2,18,0.5,20131218,71.1,7.7,2013,0.0,2013-12-18,281,12
351,-2.9,0.0,3.1,0.8,3.6,19,0.1,20131219,56.5,3.5,2013,0.0,2013-12-19,281,12
352,-5.3,0.0,6.7,-0.9,3.8,20,0.5,20131220,64.0,2.9,2013,0.0,2013-12-20,281,12
353,-4.4,0.0,7.3,0.6,2.5,21,0.0,20131221,57.1,6.6,2013,0.0,2013-12-21,281,12
354,-6.6,0.0,7.5,-1.3,1.5,22,0.0,20131222,53.1,5.9,2013,0.0,2013-12-22,281,12
355,-5.3,0.0,6.9,-0.1,1.9,23,0.0,20131223,56.5,6.4,2013,0.0,2013-12-23,281,12
356,-6.6,0.0,6.9,-0.4,1.1,24,0.0,20131224,56.6,8.6,2013,0.0,2013-12-24,281,12
357,-7.0,0.0,5.1,0.8,0.6,25,0.0,20131225,72.0,9.9,2013,0.0,2013-12-25,281,12
358,0.4,0.0,0.0,2.6,2.7,26,0.1,20131226,58.5,5.1,2013,0.0,2013-12-26,281,12
359,-5.0,0.0,6.9,-2.0,4.3,27,0.1,20131227,45.1,2.1,2013,0.0,2013-12-27,281,12
360,-6.7,0.0,7.6,-3.0,4.1,28,0.0,20131228,42.5,2.2,2013,0.0,2013-12-28,281,12
361,-5.7,0.0,7.5,-1.3,3.2,29,0.0,20131229,47.8,3.8,2013,0.0,2013-12-29,281,12
362,-3.6,0.0,5.7,2.0,2.3,30,0.0,20131230,52.9,8.8,2013,0.0,2013-12-30,281,12
363,-7.0,0.0,7.3,1.6,1.7,31,0.0,20131231,56.5,9.4,2013,0.0,2013-12-31,281,12
