,cloud,station_id,month,humid,date,snow,Date,wind,rainfall,tmin,sunshine,year,tmax,tavg,day
0,0.0,281,1,35.9,20150101,0.0,2015-01-01,4.6,0.0,-7.2,7.6,2015,-1.1,-4.8,1
1,0.0,281,1,42.3,20150102,0.0,2015-01-02,4.4,0.0,-6.7,6.7,2015,0.5,-3.2,2
2,0.0,281,1,39.3,20150103,0.0,2015-01-03,2.6,0.0,-8.1,7.5,2015,4.6,-1.5,3
3,0.0,281,1,62.6,20150104,0.0,2015-01-04,1.3,0.0,-6.7,7.4,2015,10.8,0.7,4
4,0.0,281,1,70.6,20150105,0.0,2015-01-05,0.6,0.5,-6.3,4.4,2015,10.7,2.1,5
5,0.0,281,1,51.9,20150106,0.0,2015-01-06,3.6,7.5,-2.5,7.6,2015,6.5,3.0,6
6,0.0,281,1,32.0,20150107,0.0,2015-01-07,3.1,0.0,-6.4,7.7,2015,1.9,-2.9,7
7,0.0,281,1,41.1,20150108,0.0,2015-01-08,2.5,0.0,-9.5,7.7,2015,3.7,-1.9,8
8,0.0,281,1,50.1,20150109,0.0,2015-01-09,3.6,0.0,-2.7,7.6,2015,6.0,1.0,9
9,0.0,281,1,45.9,20150110,0.0,2015-01-10,3.4,0.0,-4.0,7.7,2015,7.0,1.5,10
10,0.0,281,1,53.3,20150111,0.0,2015-01-11,2.3,0.0,-7.3,6.7,2015,8.0,-0.4,11
11,0.0,281,1,53.1,20150112,0.0,2015-01-12,1.3,0.0,-5.8,7.7,2015,6.5,-1.2,12
12,0.0,281,1,64.1,20150113,0.0,2015-01-13,0.7,0.0,-8.7,7.2,2015,8.8,-0.9,13
13,0.0,281,1,62.0,20150114,0.0,2015-01-14,0.6,0.0,-2.3,0.0,2015,5.9,2.0,14
14,0.0,281,1,69.8,20150115,0.0,2015-01-15,1.0,0.0,-2.4,1.5,2015,10.0,3.1,15
15,0.0,281,1,67.5,20150116,0.0,2015-01-16,2.2,0.0,-5.2,4.7,2015,8.5,1.2,16
16,0.0,281,1,33.9,20150117,0.0,2015-01-17,4.5,0.0,-2.5,7.7,2015,4.5,0.3,17
17,0.0,281,1,35.1,20150118,0.0,2015-01-18,2.3,0.0,-5.1,7.8,2015,7.7,1.3,18
18,0.0,281,1,61.0,20150119,0.0,2015-01-19,3.6,0.5,-1.7,5.0,2015,7.2,2.9,19
19,0.0,281,1,65.0,20150120,0.0,2015-01-20,1.0,0.0,-6.1,7.6,2015,9.2,1.1,20
20,0.0,281,1,88.0,20150121,0.0,2015-01-21,0.5,3.5,-1.3,0.0,2015,6.0,2.8,21
21,0.0,281,1,89.3,20150122,0.0,2015-01-22,1.5,1.5,1.2,0.0,2015,5.4,3.4,22
22,0.0,281,1,76.0,20150123,0.0,2015-01-23,1.1,0.0,-3.7,6.5,2015,7.9,1.1,23
23,0.0,281,1,67.5,20150124,0.0,2015-01-24,2.1,0.0,-2.8,7.8,2015,9.2,2.1,24
24,0.0,281,1,80.8,20150125,0.0,2015-01-25,0.4,2.0,-4.1,0.2,2015,7.2,1.6,25
25,0.0,281,1,86.5,20150126,0.0,2015-01-26,1.6,2.0,3.6,0.0,2015,10.0,6.2,26
26,0.0,281,1,51.6,20150127,0.0,2015-01-27,3.4,0.0,-2.5,6.3,2015,7.2,2.4,27
27,0.0,281,1,59.1,20150128,0.0,2015-01-28,1.8,0.0,-5.6,2.2,2015,3.0,-1.7,28
28,0.0,281,1,85.3,20150129,0.0,2015-01-29,0.9,0.5,-4.1,0.0,2015,6.4,1.0,29
29,0.0,281,1,55.5,20150130,0.0,2015-01-30,3.6,0.1,-2.9,6.7,2015,5.5,1.5,30
30,0.0,281,1,44.5,20150131,0.0,2015-01-31,2.5,0.0,-6.4,8.4,2015,3.7,-2.5,31
31,0.0,281,2,54.0,20150201,0.0,2015-02-01,1.1,0.0,-10.2,8.5,2015,7.0,-2.6,1
32,0.0,281,2,64.9,20150202,0.0,2015-02-02,0.6,0.0,-8.5,6.0,2015,9.1,-0.9,2
33,0.0,281,2,69.6,20150203,0.0,2015-02-03,0.8,0.0,-6.2,7.4,2015,11.4,1.4,3
34,0.0,281,2,56.8,20150204,0.0,2015-02-04,2.1,0.0,-2.2,5.5,2015,8.4,2.3,4
35,0.0,281,2,51.5,20150205,0.0,2015-02-05,2.4,0.0,-1.9,5.5,2015,6.9,1.8,5
36,0.0,281,2,46.3,20150206,0.0,2015-02-06,2.2,0.0,-2.3,9.1,2015,8.9,2.3,6
37,0.0,281,2,49.3,20150207,0.0,2015-02-07,2.4,0.0,-3.0,6.4,2015,9.2,3.3,7
38,0.0,281,2,33.8,20150208,0.0,2015-02-08,5.0,0.0,-8.1,9.6,2015,3.4,-3.1,8
39,0.0,281,2,33.3,20150209,0.0,2015-02-09,4.1,0.0,-10.4,9.8,2015,1.5,-3.7,9
40,0.0,281,2,40.5,20150210,0.0,2015-02-10,2.9,0.0,-2.4,8.5,2015,10.1,3.2,10
41,0.0,281,2,56.4,20150211,0.0,2015-02-11,1.3,0.0,-6.6,6.7,2015,11.0,1.6,11
42,0.0,281,2,34.1,20150212,0.0,2015-02-12,3.9,0.0,-2.9,9.9,2015,6.0,1.4,12
43,0.0,281,2,26.6,20150213,0.0,2015-02-13,3.6,0.0,-5.1,10.1,2015,6.4,0.4,13
44,0.0,281,2,47.4,20150214,0.0,2015-02-14,2.2,0.0,-4.3,9.4,2015,10.9,2.2,14
45,0.0,281,2,65.0,20150215,0.0,2015-02-15,1.8,0.1,-5.3,3.6,2015,13.1,4.1,15
46,0.0,281,2,90.8,20150216,0.0,2015-02-16,1.5,6.5,4.2,0.0,2015,6.7,4.9,16
47,0.0,281,2,69.3,20150217,0.0,2015-02-17,2.9,0.5,1.5,4.2,2015,8.2,4.2,17
48,0.0,281,2,62.5,20150218,0.0,2015-02-18,2.2,0.0,-0.8,2.1,2015,7.3,2.7,18
49,0.0,281,2,67.5,20150219,0.0,2015-02-19,1.5,0.0,-3.6,7.0,2015,9.5,2.1,19
50,0.0,281,2,61.5,20150220,0.0,2015-02-20,1.2,0.0,-5.4,9.4,2015,12.2,3.7,20
51,0.0,281,2,77.5,20150221,0.0,2015-02-21,1.2,1.5,3.4,0.0,2015,9.4,7.1,21
52,0.0,281,2,69.1,20150222,0.0,2015-02-22,3.0,0.1,2.8,4.5,2015,14.4,8.7,22
53,0.0,281,2,46.3,20150223,0.0,2015-02-23,3.1,0.0,0.7,6.7,2015,10.7,4.2,23
54,0.0,281,2,48.1,20150224,0.0,2015-02-24,2.4,0.0,-1.9,7.5,2015,11.2,3.8,24
55,0.0,281,2,57.3,20150225,0.0,2015-02-25,0.8,0.0,-2.2,3.0,2015,12.3,4.8,25
56,0.0,281,2,51.8,20150226,0.0,2015-02-26,3.1,0.0,-1.4,6.8,2015,10.7,3.6,26
57,0.0,281,2,37.6,20150227,0.0,2015-02-27,3.0,0.0,-3.5,9.8,2015,5.7,-0.2,27
58,0.0,281,2,64.8,20150228,0.0,2015-02-28,1.1,2.0,-5.3,0.0,2015,7.2,1.2,28
59,0.0,281,3,68.5,20150301,0.0,2015-03-01,2.8,2.5,0.7,6.3,2015,8.0,3.3,1
60,0.0,281,3,43.5,20150302,0.0,2015-03-02,1.8,0.0,-1.8,10.7,2015,11.5,3.9,2
61,0.0,281,3,83.4,20150303,0.0,2015-03-03,1.1,3.0,-1.4,0.2,2015,4.5,2.1,3
62,0.0,281,3,32.9,20150304,0.0,2015-03-04,5.4,0.0,-2.0,10.5,2015,6.2,1.1,4
63,0.0,281,3,46.9,20150305,0.0,2015-03-05,1.7,0.0,-5.8,9.6,2015,8.5,0.9,5
64,0.0,281,3,62.4,20150306,0.0,2015-03-06,1.2,0.0,-5.4,9.1,2015,11.0,2.2,6
65,0.0,281,3,59.9,20150307,0.0,2015-03-07,1.1,0.0,-3.3,10.5,2015,13.6,4.7,7
66,0.0,281,3,64.3,20150308,0.0,2015-03-08,1.6,0.0,-4.5,9.1,2015,13.6,5.0,8
67,0.0,281,3,42.9,20150309,0.0,2015-03-09,3.6,0.0,-2.8,8.4,2015,15.5,5.7,9
68,0.0,281,3,23.5,20150310,0.0,2015-03-10,5.8,0.0,-6.0,11.1,2015,4.3,-1.2,10
69,0.0,281,3,30.8,20150311,0.0,2015-03-11,4.7,0.0,-2.2,8.3,2015,9.9,3.4,11
70,0.0,281,3,29.8,20150312,0.0,2015-03-12,3.5,0.0,-1.9,10.9,2015,11.2,3.4,12
71,0.0,281,3,51.1,20150313,0.0,2015-03-13,1.7,0.0,-4.8,1.4,2015,10.8,3.9,13
72,0.0,281,3,44.6,20150314,0.0,2015-03-14,1.4,0.0,-4.9,9.9,2015,13.5,5.1,14
73,0.0,281,3,43.9,20150315,0.0,2015-03-15,1.2,0.0,-2.9,10.3,2015,18.2,6.9,15
74,0.0,281,3,41.4,20150316,0.0,2015-03-16,1.0,0.0,-1.2,8.7,2015,21.3,9.1,16
75,0.0,281,3,45.8,20150317,0.0,2015-03-17,0.9,0.0,-0.3,6.4,2015,23.7,11.7,17
76,0.0,281,3,81.9,20150318,0.0,2015-03-18,1.8,41.0,8.1,0.0,2015,12.5,9.7,18
77,0.0,281,3,80.4,20150319,0.0,2015-03-19,1.2,0.5,6.4,5.9,2015,17.7,10.5,19
78,0.0,281,3,67.8,20150320,0.0,2015-03-20,1.5,0.0,5.8,6.1,2015,18.9,11.4,20
79,0.0,281,3,49.8,20150321,0.0,2015-03-21,1.6,0.0,3.2,9.8,2015,22.3,12.2,21
80,0.0,281,3,31.4,20150322,0.0,2015-03-22,3.0,0.0,2.0,10.2,2015,18.9,10.7,22
81,0.0,281,3,22.5,20150323,0.0,2015-03-23,3.6,0.0,-0.1,11.5,2015,13.4,6.8,23
82,0.0,281,3,44.3,20150324,0.0,2015-03-24,1.6,0.0,-3.2,11.4,2015,13.6,5.0,24
83,0.0,281,3,49.6,20150325,0.0,2015-03-25,1.1,0.0,-3.3,11.4,2015,15.9,6.3,25
84,0.0,281,3,45.6,20150326,0.0,2015-03-26,1.6,0.0,-2.5,11.6,2015,19.2,8.3,26
85,0.0,281,3,34.6,20150327,0.0,2015-03-27,1.9,0.0,-1.0,9.1,2015,19.8,10.6,27
86,0.0,281,3,37.3,20150328,0.0,2015-03-28,2.0,0.0,-1.0,9.7,2015,22.1,12.8,28
87,0.0,281,3,41.9,20150329,0.0,2015-03-29,2.3,0.0,7.3,8.9,2015,21.3,13.7,29
88,0.0,281,3,55.9,20150330,0.0,2015-03-30,1.4,0.0,2.9,10.7,2015,23.7,14.3,30
89,0.0,281,3,83.3,20150331,0.0,2015-03-31,0.7,0.3,6.0,0.4,2015,16.3,12.8,31
90,0.0,281,4,80.6,20150401,0.0,2015-04-01,2.3,0.5,9.0,0.0,2015,14.4,11.1,1
91,0.0,281,4,75.5,20150402,0.0,2015-04-02,2.1,0.5,8.7,0.4,2015,19.0,13.1,2
92,0.0,281,4,70.1,20150403,0.0,2015-04-03,3.7,3.5,9.6,7.2,2015,22.3,16.2,3
93,0.0,281,4,69.1,20150404,0.0,2015-04-04,3.4,15.0,7.3,6.2,2015,14.6,9.7,4
94,0.0,281,4,88.5,20150405,0.0,2015-04-05,1.2,5.5,7.3,0.0,2015,12.0,9.5,5
95,0.0,281,4,90.6,20150406,0.0,2015-04-06,1.2,2.5,8.7,0.0,2015,12.9,10.1,6
96,0.0,281,4,72.8,20150407,0.0,2015-04-07,2.5,0.0,6.8,0.0,2015,9.0,7.8,7
97,0.0,281,4,71.3,20150408,0.0,2015-04-08,1.9,0.0,1.9,0.7,2015,10.8,7.0,8
98,0.0,281,4,67.8,20150409,0.0,2015-04-09,1.4,0.0,-0.4,9.8,2015,16.2,7.7,9
99,0.0,281,4,63.9,20150410,0.0,2015-04-10,1.7,0.0,2.3,11.2,2015,18.4,9.4,10
100,0.0,281,4,60.8,20150411,0.0,2015-04-11,1.9,0.0,0.6,11.7,2015,19.1,9.9,11
101,0.0,281,4,67.5,20150412,0.0,2015-04-12,2.9,0.0,1.3,3.4,2015,15.7,9.9,12
102,0.0,281,4,84.3,20150413,0.0,2015-04-13,2.4,15.5,8.5,0.0,2015,11.4,10.0,13
103,0.0,281,4,69.3,20150414,0.0,2015-04-14,2.1,6.5,7.8,6.8,2015,17.2,11.3,14
104,0.0,281,4,54.4,20150415,0.0,2015-04-15,3.0,0.0,5.5,8.2,2015,21.1,13.2,15
105,0.0,281,4,54.8,20150416,0.0,2015-04-16,3.0,2.5,5.0,7.1,2015,23.9,13.1,16
106,0.0,281,4,37.5,20150417,0.0,2015-04-17,2.0,0.0,1.8,10.9,2015,20.7,12.9,17
107,0.0,281,4,51.0,20150418,0.0,2015-04-18,1.1,2.5,2.4,5.7,2015,22.7,13.0,18
108,0.0,281,4,95.4,20150419,0.0,2015-04-19,1.3,9.0,10.9,0.0,2015,17.2,13.4,19
109,0.0,281,4,95.4,20150420,0.0,2015-04-20,1.3,16.0,7.0,0.0,2015,12.0,10.3,20
110,0.0,281,4,68.3,20150421,0.0,2015-04-21,1.3,0.0,6.6,8.5,2015,22.3,13.0,21
111,0.0,281,4,49.0,20150422,0.0,2015-04-22,1.8,0.0,6.1,8.4,2015,24.6,15.1,22
112,0.0,281,4,49.1,20150423,0.0,2015-04-23,1.6,0.0,4.2,9.7,2015,24.3,15.1,23
113,0.0,281,4,44.6,20150424,0.0,2015-04-24,1.7,0.0,6.6,9.7,2015,26.1,16.5,24
114,0.0,281,4,42.8,20150425,0.0,2015-04-25,1.7,0.0,4.8,11.9,2015,26.6,16.1,25
115,0.0,281,4,37.1,20150426,0.0,2015-04-26,2.2,0.0,7.0,12.0,2015,29.7,18.9,26
116,0.0,281,4,41.5,20150427,0.0,2015-04-27,1.6,0.0,10.0,11.4,2015,28.7,19.5,27
117,0.0,281,4,55.9,20150428,0.0,2015-04-28,1.2,1.0,8.7,3.6,2015,25.9,17.6,28
118,0.0,281,4,86.5,20150429,0.0,2015-04-29,1.9,3.5,12.9,0.0,2015,16.2,14.4,29
119,0.0,281,4,77.1,20150430,0.0,2015-04-30,1.7,0.0,11.9,4.9,2015,23.1,16.3,30
120,0.0,281,5,67.4,20150501,0.0,2015-05-01,1.2,0.0,10.5,9.7,2015,28.7,19.0,1
121,0.0,281,5,61.6,20150502,0.0,2015-05-02,1.4,0.0,10.4,9.8,2015,28.5,20.4,2
122,0.0,281,5,91.9,20150503,0.0,2015-05-03,1.6,9.0,16.4,0.0,2015,18.7,17.4,3
123,0.0,281,5,45.0,20150504,0.0,2015-05-04,3.5,0.0,13.7,11.4,2015,23.8,18.8,4
124,0.0,281,5,33.0,20150505,0.0,2015-05-05,2.2,0.0,5.6,12.3,2015,25.5,16.5,5
125,0.0,281,5,35.3,20150506,0.0,2015-05-06,1.5,0.0,8.3,8.0,2015,25.6,18.0,6
126,0.0,281,5,51.6,20150507,0.0,2015-05-07,1.4,0.0,7.2,10.7,2015,26.3,17.4,7
127,0.0,281,5,48.9,20150508,0.0,2015-05-08,1.3,0.0,7.6,7.9,2015,26.1,17.8,8
128,0.0,281,5,54.4,20150509,0.0,2015-05-09,2.1,0.1,12.8,8.3,2015,27.3,18.9,9
129,0.0,281,5,63.5,20150510,0.0,2015-05-10,2.4,0.0,9.4,8.6,2015,24.1,15.9,10
130,0.0,281,5,69.0,20150511,0.0,2015-05-11,2.3,7.0,10.0,4.9,2015,22.6,16.8,11
131,0.0,281,5,60.9,20150512,0.0,2015-05-12,3.2,8.0,13.3,6.7,2015,22.2,17.9,12
132,0.0,281,5,36.4,20150513,0.0,2015-05-13,4.2,0.0,13.1,5.5,2015,28.6,21.9,13
133,0.0,281,5,56.5,20150514,0.0,2015-05-14,2.0,0.0,10.5,10.1,2015,27.3,21.1,14
134,0.0,281,5,73.8,20150515,0.0,2015-05-15,1.9,0.0,14.8,1.7,2015,23.8,19.3,15
135,0.0,281,5,53.3,20150516,0.0,2015-05-16,2.0,0.0,11.1,8.6,2015,28.6,18.6,16
136,0.0,281,5,40.1,20150517,0.0,2015-05-17,1.3,0.0,6.0,11.0,2015,27.5,18.4,17
137,0.0,281,5,81.4,20150518,0.0,2015-05-18,0.8,6.0,12.5,0.0,2015,15.5,14.0,18
138,0.0,281,5,63.6,20150519,0.0,2015-05-19,1.8,0.0,13.6,9.5,2015,27.5,20.5,19
139,0.0,281,5,44.8,20150520,0.0,2015-05-20,3.0,0.0,10.0,11.8,2015,25.4,17.5,20
140,0.0,281,5,47.1,20150521,0.0,2015-05-21,2.1,0.0,6.8,12.9,2015,27.8,18.9,21
141,0.0,281,5,37.6,20150522,0.0,2015-05-22,2.1,0.0,12.4,9.9,2015,30.2,22.0,22
142,0.0,281,5,39.3,20150523,0.0,2015-05-23,1.6,0.0,14.8,8.8,2015,30.2,21.9,23
143,0.0,281,5,45.9,20150524,0.0,2015-05-24,1.3,0.0,10.7,12.8,2015,30.5,21.2,24
144,0.0,281,5,46.1,20150525,0.0,2015-05-25,1.5,0.0,11.3,12.8,2015,31.9,22.1,25
145,0.0,281,5,40.8,20150526,0.0,2015-05-26,1.5,0.0,12.2,12.8,2015,34.0,23.8,26
146,0.0,281,5,48.6,20150527,0.0,2015-05-27,1.6,0.0,12.2,12.7,2015,33.8,22.3,27
147,0.0,281,5,62.6,20150528,0.0,2015-05-28,2.1,0.0,15.2,7.4,2015,29.1,20.5,28
148,0.0,281,5,48.9,20150529,0.0,2015-05-29,1.3,0.0,11.2,12.7,2015,32.4,23.0,29
149,0.0,281,5,71.4,20150530,0.0,2015-05-30,1.4,1.5,15.9,2.0,2015,23.8,20.1,30
150,0.0,281,5,64.9,20150531,0.0,2015-05-31,1.8,0.0,13.9,10.9,2015,27.3,20.1,31
151,0.0,281,6,50.9,20150601,0.0,2015-06-01,1.6,0.0,12.4,12.2,2015,32.0,23.3,1
152,0.0,281,6,55.4,20150602,0.0,2015-06-02,1.4,0.0,18.1,1.5,2015,28.7,22.8,2
153,0.0,281,6,38.1,20150603,0.0,2015-06-03,2.9,0.0,13.5,10.3,2015,30.5,22.3,3
154,0.0,281,6,39.8,20150604,0.0,2015-06-04,1.6,0.0,9.4,10.6,2015,30.9,21.1,4
155,0.0,281,6,76.8,20150605,0.0,2015-06-05,1.2,4.0,13.3,0.0,2015,18.0,15.5,5
156,0.0,281,6,67.5,20150606,0.0,2015-06-06,1.8,0.0,11.5,9.3,2015,26.4,18.1,6
157,0.0,281,6,60.9,20150607,0.0,2015-06-07,1.4,0.0,12.6,9.6,2015,29.1,20.6,7
158,0.0,281,6,75.3,20150608,0.0,2015-06-08,1.1,1.5,14.3,4.4,2015,28.2,20.6,8
159,0.0,281,6,66.6,20150609,0.0,2015-06-09,1.5,0.0,18.0,9.1,2015,30.0,23.3,9
160,0.0,281,6,54.6,20150610,0.0,2015-06-10,1.9,0.0,15.7,11.2,2015,32.4,24.1,10
161,0.0,281,6,76.5,20150611,0.0,2015-06-11,1.8,0.0,16.8,0.0,2015,23.9,20.8,11
162,0.0,281,6,62.0,20150612,0.0,2015-06-12,2.1,0.0,17.2,7.5,2015,32.2,23.2,12
163,0.0,281,6,68.4,20150613,0.0,2015-06-13,1.9,0.0,15.6,1.3,2015,29.3,21.8,13
164,0.0,281,6,61.6,20150614,0.0,2015-06-14,1.8,0.0,15.3,8.7,2015,31.6,23.1,14
165,0.0,281,6,62.8,20150615,0.0,2015-06-15,1.4,0.0,18.9,6.0,2015,31.9,25.1,15
166,0.0,281,6,71.5,20150616,0.0,2015-06-16,2.3,0.0,19.7,6.2,2015,28.3,23.0,16
167,0.0,281,6,70.5,20150617,0.0,2015-06-17,2.1,0.0,17.3,1.6,2015,25.2,21.0,17
168,0.0,281,6,69.5,20150618,0.0,2015-06-18,2.4,0.0,17.2,2.7,2015,25.7,21.6,18
169,0.0,281,6,65.6,20150619,0.0,2015-06-19,2.2,0.0,17.3,6.0,2015,26.5,20.7,19
170,0.0,281,6,86.5,20150620,0.0,2015-06-20,1.7,44.0,16.8,0.0,2015,19.7,17.9,20
171,0.0,281,6,74.6,20150621,0.0,2015-06-21,1.8,0.5,17.1,7.4,2015,27.1,20.9,21
172,0.0,281,6,65.1,20150622,0.0,2015-06-22,1.4,0.0,15.5,6.9,2015,29.6,22.7,22
173,0.0,281,6,71.9,20150623,0.0,2015-06-23,2.1,0.0,17.3,10.1,2015,28.1,22.7,23
174,0.0,281,6,74.9,20150624,0.0,2015-06-24,1.9,0.0,19.9,0.6,2015,26.1,22.0,24
175,0.0,281,6,78.8,20150625,0.0,2015-06-25,1.9,7.6,16.8,1.7,2015,25.2,21.0,25
176,0.0,281,6,87.9,20150626,0.0,2015-06-26,1.8,27.0,19.5,0.0,2015,23.9,22.0,26
177,0.0,281,6,76.8,20150627,0.0,2015-06-27,2.0,0.0,18.0,2.3,2015,24.1,20.7,27
178,0.0,281,6,77.6,20150628,0.0,2015-06-28,1.6,0.0,15.6,4.4,2015,24.0,19.3,28
179,0.0,281,6,60.4,20150629,0.0,2015-06-29,1.2,0.0,15.9,9.5,2015,32.2,24.5,29
180,0.0,281,6,84.3,20150630,0.0,2015-06-30,0.9,11.5,18.6,0.0,2015,25.1,20.6,30
181,0.0,281,7,65.8,20150701,0.0,2015-07-01,2.1,0.5,18.7,6.7,2015,30.3,23.4,1
182,0.0,281,7,56.1,20150702,0.0,2015-07-02,1.4,0.0,14.9,12.1,2015,30.8,23.6,2
183,0.0,281,7,65.3,20150703,0.0,2015-07-03,1.9,0.0,17.4,9.2,2015,30.4,23.0,3
184,0.0,281,7,71.5,20150704,0.0,2015-07-04,2.1,0.0,15.5,5.5,2015,24.8,20.1,4
185,0.0,281,7,70.5,20150705,0.0,2015-07-05,1.9,0.0,15.4,10.1,2015,27.3,21.2,5
186,0.0,281,7,71.1,20150706,0.0,2015-07-06,2.1,0.0,18.2,5.2,2015,25.5,21.4,6
187,0.0,281,7,90.9,20150707,0.0,2015-07-07,1.2,33.0,17.3,0.0,2015,21.4,18.7,7
188,0.0,281,7,95.3,20150708,0.0,2015-07-08,0.9,27.0,17.9,0.0,2015,22.6,20.5,8
189,0.0,281,7,93.9,20150709,0.0,2015-07-09,1.2,102.0,19.7,0.0,2015,22.4,20.9,9
190,0.0,281,7,80.5,20150710,0.0,2015-07-10,2.0,0.0,20.1,6.5,2015,26.9,22.9,10
191,0.0,281,7,79.5,20150711,0.0,2015-07-11,1.3,1.0,20.4,5.9,2015,32.2,25.6,11
192,0.0,281,7,88.1,20150712,0.0,2015-07-12,3.3,11.5,23.9,0.0,2015,26.5,24.9,12
193,0.0,281,7,69.9,20150713,0.0,2015-07-13,3.2,0.0,22.8,3.2,2015,28.2,25.2,13
194,0.0,281,7,64.6,20150714,0.0,2015-07-14,1.5,0.0,21.1,6.3,2015,32.6,27.1,14
195,0.0,281,7,74.1,20150715,0.0,2015-07-15,1.9,0.0,19.9,9.3,2015,30.8,24.4,15
196,0.0,281,7,66.1,20150716,0.0,2015-07-16,2.5,0.0,17.1,5.1,2015,25.4,21.1,16
197,0.0,281,7,64.1,20150717,0.0,2015-07-17,1.3,0.0,17.1,0.0,2015,24.0,20.8,17
198,0.0,281,7,66.5,20150718,0.0,2015-07-18,1.2,0.0,19.2,5.4,2015,29.8,23.5,18
199,0.0,281,7,68.1,20150719,0.0,2015-07-19,1.8,0.0,18.0,3.0,2015,25.9,21.8,19
200,0.0,281,7,88.5,20150720,0.0,2015-07-20,1.6,1.5,17.8,0.0,2015,24.2,21.3,20
201,0.0,281,7,85.5,20150721,0.0,2015-07-21,1.5,3.0,20.4,1.1,2015,30.3,24.1,21
202,0.0,281,7,78.3,20150722,0.0,2015-07-22,1.2,0.5,21.7,3.2,2015,31.8,26.8,22
203,0.0,281,7,78.3,20150723,0.0,2015-07-23,1.5,0.0,23.1,1.1,2015,31.0,27.0,23
204,0.0,281,7,76.5,20150724,0.0,2015-07-24,1.7,0.0,24.2,1.7,2015,30.5,27.3,24
205,0.0,281,7,64.3,20150725,0.0,2015-07-25,2.3,0.0,24.0,8.7,2015,32.4,28.1,25
206,0.0,281,7,66.0,20150726,0.0,2015-07-26,1.4,0.0,20.4,11.7,2015,35.7,28.1,26
207,0.0,281,7,67.9,20150727,0.0,2015-07-27,1.9,0.0,23.7,4.6,2015,34.6,28.5,27
208,0.0,281,7,66.9,20150728,0.0,2015-07-28,1.9,0.5,25.0,5.3,2015,35.4,29.4,28
209,0.0,281,7,75.1,20150729,0.0,2015-07-29,1.3,2.0,24.2,5.8,2015,33.2,28.8,29
210,0.0,281,7,66.9,20150730,0.0,2015-07-30,1.7,0.0,24.2,9.6,2015,36.9,30.7,30
211,0.0,281,7,64.3,20150731,0.0,2015-07-31,1.6,0.0,24.6,8.7,2015,37.6,30.4,31
212,0.0,281,8,61.5,20150801,0.0,2015-08-01,1.4,0.0,23.5,11.8,2015,37.5,30.1,1
213,0.0,281,8,70.6,20150802,0.0,2015-08-02,1.4,0.0,21.6,8.3,2015,36.1,28.0,2
214,0.0,281,8,61.8,20150803,0.0,2015-08-03,1.7,0.0,23.9,11.8,2015,36.7,29.9,3
215,0.0,281,8,56.0,20150804,0.0,2015-08-04,2.0,0.0,23.6,12.6,2015,36.9,30.4,4
216,0.0,281,8,58.6,20150805,0.0,2015-08-05,1.7,0.0,22.8,12.5,2015,37.0,29.9,5
217,0.0,281,8,62.3,20150806,0.0,2015-08-06,1.5,0.0,22.5,10.1,2015,37.1,29.7,6
218,0.0,281,8,62.1,20150807,0.0,2015-08-07,1.5,0.0,22.3,8.7,2015,36.8,29.4,7
219,0.0,281,8,79.0,20150808,0.0,2015-08-08,1.6,25.5,23.1,7.3,2015,36.1,27.0,8
220,0.0,281,8,71.4,20150809,0.0,2015-08-09,1.5,0.0,22.5,8.8,2015,34.9,27.7,9
221,0.0,281,8,66.8,20150810,0.0,2015-08-10,1.4,0.0,22.2,2.9,2015,33.7,27.3,10
222,0.0,281,8,69.6,20150811,0.0,2015-08-11,1.2,2.5,21.2,0.3,2015,31.8,26.5,11
223,0.0,281,8,95.6,20150812,0.0,2015-08-12,1.1,25.0,19.7,0.0,2015,23.2,21.6,12
224,0.0,281,8,77.1,20150813,0.0,2015-08-13,1.2,0.4,20.6,7.8,2015,31.4,24.9,13
225,0.0,281,8,76.1,20150814,0.0,2015-08-14,1.5,0.1,21.0,8.9,2015,32.5,25.4,14
226,0.0,281,8,74.6,20150815,0.0,2015-08-15,1.3,0.0,20.9,8.4,2015,33.8,26.3,15
227,0.0,281,8,79.6,20150816,0.0,2015-08-16,1.6,0.5,21.9,2.0,2015,29.5,25.5,16
228,0.0,281,8,77.5,20150817,0.0,2015-08-17,1.3,1.0,21.3,5.4,2015,30.7,25.1,17
229,0.0,281,8,76.1,20150818,0.0,2015-08-18,1.5,0.0,19.5,4.3,2015,29.1,24.0,18
230,0.0,281,8,76.4,20150819,0.0,2015-08-19,1.5,0.0,20.0,1.2,2015,28.6,24.5,19
231,0.0,281,8,92.6,20150820,0.0,2015-08-20,0.7,5.0,21.7,0.0,2015,25.0,23.0,20
232,0.0,281,8,87.1,20150821,0.0,2015-08-21,1.0,28.0,20.5,2.3,2015,28.7,22.9,21
233,0.0,281,8,79.6,20150822,0.0,2015-08-22,0.9,0.0,20.6,0.6,2015,30.0,24.9,22
234,0.0,281,8,80.1,20150823,0.0,2015-08-23,1.2,0.0,21.5,2.4,2015,29.5,25.1,23
235,0.0,281,8,78.9,20150824,0.0,2015-08-24,2.3,3.5,22.3,0.4,2015,26.9,24.6,24
236,0.0,281,8,88.9,20150825,0.0,2015-08-25,3.3,48.0,19.5,0.0,2015,24.1,21.8,25
237,0.0,281,8,81.1,20150826,0.0,2015-08-26,1.5,0.0,18.3,2.7,2015,28.1,21.8,26
238,0.0,281,8,75.8,20150827,0.0,2015-08-27,1.4,0.0,16.6,6.2,2015,30.6,23.0,27
239,0.0,281,8,81.3,20150828,0.0,2015-08-28,1.0,3.0,18.1,6.5,2015,30.9,23.4,28
240,0.0,281,8,78.9,20150829,0.0,2015-08-29,0.9,0.0,19.6,5.9,2015,28.9,23.2,29
241,0.0,281,8,81.1,20150830,0.0,2015-08-30,1.1,0.0,18.1,4.1,2015,29.3,22.9,30
242,0.0,281,8,79.0,20150831,0.0,2015-08-31,1.6,0.0,19.1,5.8,2015,28.1,23.2,31
243,0.0,281,9,83.8,20150901,0.0,2015-09-01,1.3,19.5,20.2,0.6,2015,27.2,22.9,1
244,0.0,281,9,85.6,20150902,0.0,2015-09-02,1.4,20.5,19.9,4.0,2015,27.7,22.6,2
245,0.0,281,9,82.6,20150903,0.0,2015-09-03,1.3,0.0,19.7,5.2,2015,28.7,22.9,3
246,0.0,281,9,75.9,20150904,0.0,2015-09-04,1.6,0.0,17.7,9.1,2015,29.2,22.9,4
247,0.0,281,9,85.9,20150905,0.0,2015-09-05,1.4,0.5,19.2,0.7,2015,27.0,21.7,5
248,0.0,281,9,85.1,20150906,0.0,2015-09-06,1.4,3.5,17.3,0.1,2015,23.0,20.0,6
249,0.0,281,9,71.3,20150907,0.0,2015-09-07,1.9,0.0,15.5,10.1,2015,25.3,19.8,7
250,0.0,281,9,65.5,20150908,0.0,2015-09-08,2.0,0.0,12.0,8.9,2015,25.0,19.1,8
251,0.0,281,9,61.9,20150909,0.0,2015-09-09,1.7,0.0,12.8,11.6,2015,27.5,19.8,9
252,0.0,281,9,67.5,20150910,0.0,2015-09-10,1.2,0.0,11.1,11.7,2015,28.0,19.8,10
253,0.0,281,9,67.4,20150911,0.0,2015-09-11,1.2,0.0,13.9,8.4,2015,29.5,22.1,11
254,0.0,281,9,83.9,20150912,0.0,2015-09-12,1.2,0.5,15.4,0.0,2015,21.8,19.1,12
255,0.0,281,9,67.1,20150913,0.0,2015-09-13,1.6,0.0,12.0,11.1,2015,26.9,18.5,13
256,0.0,281,9,68.1,20150914,0.0,2015-09-14,1.4,0.0,10.8,11.5,2015,26.2,18.0,14
257,0.0,281,9,70.1,20150915,0.0,2015-09-15,1.8,0.0,11.1,9.1,2015,23.8,17.4,15
258,0.0,281,9,70.5,20150916,0.0,2015-09-16,2.0,0.0,12.5,5.4,2015,24.1,18.5,16
259,0.0,281,9,92.4,20150917,0.0,2015-09-17,1.0,18.5,16.1,0.0,2015,19.1,17.5,17
260,0.0,281,9,77.1,20150918,0.0,2015-09-18,1.4,0.0,14.9,8.0,2015,25.3,19.7,18
261,0.0,281,9,79.0,20150919,0.0,2015-09-19,1.2,0.0,13.6,7.2,2015,27.5,19.3,19
262,0.0,281,9,79.6,20150920,0.0,2015-09-20,1.0,0.0,13.6,5.3,2015,27.2,19.5,20
263,0.0,281,9,80.1,20150921,0.0,2015-09-21,1.3,0.0,13.9,7.9,2015,28.1,19.7,21
264,0.0,281,9,76.8,20150922,0.0,2015-09-22,1.4,0.0,13.7,9.6,2015,26.5,19.3,22
265,0.0,281,9,91.3,20150923,0.0,2015-09-23,0.7,7.0,13.7,0.0,2015,22.5,18.3,23
266,0.0,281,9,88.5,20150924,0.0,2015-09-24,1.2,2.5,17.4,0.1,2015,23.4,20.3,24
267,0.0,281,9,84.6,20150925,0.0,2015-09-25,1.0,0.0,14.8,2.3,2015,25.7,19.2,25
268,0.0,281,9,82.8,20150926,0.0,2015-09-26,0.8,0.0,14.2,3.2,2015,27.2,19.5,26
269,0.0,281,9,82.0,20150927,0.0,2015-09-27,1.2,0.0,13.9,7.7,2015,26.5,18.9,27
270,0.0,281,9,69.3,20150928,0.0,2015-09-28,1.4,0.0,12.3,8.2,2015,28.3,19.4,28
271,0.0,281,9,69.0,20150929,0.0,2015-09-29,2.0,0.0,13.7,8.3,2015,24.9,19.1,29
272,0.0,281,9,68.0,20150930,0.0,2015-09-30,1.5,0.0,15.1,1.8,2015,22.8,18.5,30
273,0.0,281,10,88.4,20151001,0.0,2015-10-01,1.8,27.0,16.0,0.0,2015,23.1,18.9,1
274,0.0,281,10,43.9,20151002,0.0,2015-10-02,2.9,0.0,9.7,11.0,2015,22.8,15.7,2
275,0.0,281,10,65.9,20151003,0.0,2015-10-03,1.6,0.0,7.8,8.8,2015,25.4,17.1,3
276,0.0,281,10,62.8,20151004,0.0,2015-10-04,1.4,0.0,10.2,9.3,2015,24.1,16.4,4
277,0.0,281,10,70.3,20151005,0.0,2015-10-05,0.9,0.0,9.2,9.4,2015,23.6,15.3,5
278,0.0,281,10,72.5,20151006,0.0,2015-10-06,0.9,0.0,7.4,10.7,2015,26.4,15.8,6
279,0.0,281,10,72.6,20151007,0.0,2015-10-07,1.2,0.0,8.8,8.6,2015,24.7,16.1,7
280,0.0,281,10,69.8,20151008,0.0,2015-10-08,0.9,0.0,8.2,9.6,2015,25.9,15.8,8
281,0.0,281,10,59.5,20151009,0.0,2015-10-09,2.0,0.0,7.3,8.2,2015,23.0,15.3,9
282,0.0,281,10,64.5,20151010,0.0,2015-10-10,1.5,3.5,3.9,10.4,2015,22.7,13.8,10
283,0.0,281,10,62.1,20151011,0.0,2015-10-11,2.8,0.5,10.2,6.3,2015,18.4,14.1,11
284,0.0,281,10,58.4,20151012,0.0,2015-10-12,2.9,0.0,9.2,5.5,2015,19.0,13.9,12
285,0.0,281,10,52.1,20151013,0.0,2015-10-13,2.1,0.0,5.1,10.8,2015,22.8,15.0,13
286,0.0,281,10,66.5,20151014,0.0,2015-10-14,1.3,0.0,6.8,10.5,2015,24.2,15.4,14
287,0.0,281,10,79.0,20151015,0.0,2015-10-15,0.8,0.0,8.3,8.3,2015,24.1,14.9,15
288,0.0,281,10,80.8,20151016,0.0,2015-10-16,0.9,0.0,7.9,7.3,2015,24.2,14.7,16
289,0.0,281,10,77.3,20151017,0.0,2015-10-17,1.0,0.0,8.4,8.5,2015,24.7,14.9,17
290,0.0,281,10,69.1,20151018,0.0,2015-10-18,0.8,0.0,7.5,8.4,2015,27.0,14.9,18
291,0.0,281,10,73.3,20151019,0.0,2015-10-19,0.6,0.0,7.8,5.1,2015,24.6,15.5,19
292,0.0,281,10,77.9,20151020,0.0,2015-10-20,1.1,0.0,8.2,8.1,2015,24.6,15.7,20
293,0.0,281,10,78.5,20151021,0.0,2015-10-21,0.8,0.0,9.9,8.3,2015,24.7,16.8,21
294,0.0,281,10,81.1,20151022,0.0,2015-10-22,1.7,0.0,10.8,6.6,2015,21.1,15.4,22
295,0.0,281,10,77.3,20151023,0.0,2015-10-23,0.8,0.0,9.9,7.5,2015,23.4,15.3,23
296,0.0,281,10,71.1,20151024,0.0,2015-10-24,2.2,0.0,8.9,6.1,2015,23.6,16.4,24
297,0.0,281,10,55.8,20151025,0.0,2015-10-25,2.0,0.0,7.7,9.7,2015,19.8,14.2,25
298,0.0,281,10,72.0,20151026,0.0,2015-10-26,1.2,0.0,5.1,6.4,2015,20.2,12.0,26
299,0.0,281,10,77.5,20151027,0.0,2015-10-27,2.5,10.0,7.9,2.2,2015,17.7,12.3,27
300,0.0,281,10,58.1,20151028,0.0,2015-10-28,2.1,0.0,3.2,9.8,2015,17.8,10.4,28
301,0.0,281,10,59.0,20151029,0.0,2015-10-29,1.4,0.0,3.3,6.1,2015,17.0,9.7,29
302,0.0,281,10,41.8,20151030,0.0,2015-10-30,2.5,0.0,3.1,9.8,2015,14.9,9.1,30
303,0.0,281,10,50.1,20151031,0.0,2015-10-31,1.6,0.0,-1.8,9.9,2015,14.4,5.8,31
304,0.0,281,11,68.5,20151101,0.0,2015-11-01,0.6,0.2,-2.1,0.0,2015,10.4,4.9,1
305,0.0,281,11,59.9,20151102,0.0,2015-11-02,2.3,0.2,3.8,9.0,2015,17.7,10.6,2
306,0.0,281,11,64.1,20151103,0.0,2015-11-03,1.0,0.0,3.1,9.2,2015,20.7,10.6,3
307,0.0,281,11,73.3,20151104,0.0,2015-11-04,0.8,0.0,0.2,8.1,2015,20.9,8.9,4
308,0.0,281,11,70.0,20151105,0.0,2015-11-05,0.9,0.0,2.9,4.8,2015,22.0,11.1,5
309,0.0,281,11,74.3,20151106,0.0,2015-11-06,2.1,3.0,4.7,5.0,2015,20.0,12.6,6
310,0.0,281,11,96.3,20151107,0.0,2015-11-07,1.0,28.5,12.2,0.0,2015,16.1,14.1,7
311,0.0,281,11,94.8,20151108,0.0,2015-11-08,1.3,9.5,12.5,0.0,2015,15.3,13.9,8
312,0.0,281,11,83.9,20151109,0.0,2015-11-09,1.5,3.0,10.8,0.5,2015,17.5,13.3,9
313,0.0,281,11,81.6,20151110,0.0,2015-11-10,1.3,0.0,8.5,0.6,2015,17.2,12.0,10
314,0.0,281,11,81.8,20151111,0.0,2015-11-11,1.1,0.0,6.1,4.7,2015,18.0,12.4,11
315,0.0,281,11,74.8,20151112,0.0,2015-11-12,2.2,0.0,9.9,1.8,2015,19.1,14.1,12
316,0.0,281,11,85.8,20151113,0.0,2015-11-13,1.9,18.5,12.3,0.0,2015,14.5,13.5,13
317,0.0,281,11,91.8,20151114,0.0,2015-11-14,1.2,0.1,13.0,0.0,2015,17.3,15.0,14
318,0.0,281,11,82.6,20151115,0.0,2015-11-15,1.2,0.0,8.7,0.2,2015,17.8,13.6,15
319,0.0,281,11,92.1,20151116,0.0,2015-11-16,0.6,9.0,6.8,0.1,2015,16.9,12.2,16
320,0.0,281,11,90.5,20151117,0.0,2015-11-17,1.4,0.0,13.7,0.0,2015,15.0,14.2,17
321,0.0,281,11,84.1,20151118,0.0,2015-11-18,2.5,6.0,9.4,0.0,2015,14.0,11.7,18
322,0.0,281,11,77.8,20151119,0.0,2015-11-19,1.2,0.0,9.1,0.0,2015,13.5,11.1,19
323,0.0,281,11,76.9,20151120,0.0,2015-11-20,1.2,0.0,5.7,4.8,2015,17.7,11.2,20
324,0.0,281,11,85.9,20151121,0.0,2015-11-21,0.6,0.0,4.1,0.0,2015,13.1,9.6,21
325,0.0,281,11,81.3,20151122,0.0,2015-11-22,1.0,0.0,10.2,0.0,2015,16.3,12.8,22
326,0.0,281,11,81.9,20151123,0.0,2015-11-23,1.3,0.5,11.4,0.0,2015,14.9,13.0,23
327,0.0,281,11,69.0,20151124,0.0,2015-11-24,2.5,0.0,7.3,0.1,2015,11.9,10.2,24
328,0.0,281,11,80.9,20151125,0.0,2015-11-25,1.8,0.2,4.7,1.5,2015,8.4,6.6,25
329,0.0,281,11,52.6,20151126,0.0,2015-11-26,4.4,0.0,-0.3,9.5,2015,6.2,2.5,26
330,0.0,281,11,57.8,20151127,0.0,2015-11-27,4.0,0.0,-1.2,7.3,2015,6.4,1.5,27
331,0.0,281,11,61.0,20151128,0.0,2015-11-28,2.0,0.0,0.2,5.3,2015,9.3,4.1,28
332,0.0,281,11,75.6,20151129,0.0,2015-11-29,0.6,0.0,-1.6,6.3,2015,12.5,4.1,29
333,0.0,281,11,70.8,20151130,0.0,2015-11-30,1.4,0.0,0.2,5.9,2015,13.2,5.9,30
334,0.0,281,12,76.9,20151201,0.0,2015-12-01,0.6,0.0,-2.9,7.4,2015,14.7,4.8,1
335,0.0,281,12,84.4,20151202,0.0,2015-12-02,1.4,0.4,1.0,0.0,2015,11.2,6.7,2
336,0.0,281,12,51.4,20151203,0.0,2015-12-03,4.4,0.0,0.4,3.6,2015,7.9,4.3,3
337,0.0,281,12,54.6,20151204,0.0,2015-12-04,5.0,0.0,0.2,6.7,2015,6.6,3.6,4
338,0.0,281,12,48.6,20151205,0.0,2015-12-05,3.8,0.0,3.7,4.1,2015,9.8,6.8,5
339,0.0,281,12,61.4,20151206,0.0,2015-12-06,1.0,0.0,-1.5,0.3,2015,9.6,3.6,6
340,0.0,281,12,73.4,20151207,0.0,2015-12-07,0.9,0.0,-2.2,3.6,2015,12.2,5.2,7
341,0.0,281,12,75.3,20151208,0.0,2015-12-08,0.8,0.0,1.6,5.1,2015,13.8,6.5,8
342,0.0,281,12,83.3,20151209,0.0,2015-12-09,0.5,0.0,-0.4,3.5,2015,14.6,6.1,9
343,0.0,281,12,96.3,20151210,0.0,2015-12-10,0.6,17.0,6.2,0.0,2015,10.2,8.7,10
344,0.0,281,12,75.4,20151211,0.0,2015-12-11,1.8,10.0,2.9,0.0,2015,10.2,7.9,11
345,0.0,281,12,69.1,20151212,0.0,2015-12-12,1.3,0.0,1.0,4.6,2015,11.7,5.4,12
346,0.0,281,12,77.4,20151213,0.0,2015-12-13,0.7,0.0,-0.4,5.6,2015,13.0,5.0,13
347,0.0,281,12,91.5,20151214,0.0,2015-12-14,0.8,2.0,2.5,0.0,2015,10.1,7.4,14
348,0.0,281,12,70.6,20151215,0.0,2015-12-15,2.9,2.0,4.9,2.8,2015,10.9,8.0,15
349,0.0,281,12,61.4,20151216,0.0,2015-12-16,2.9,0.4,-1.4,1.9,2015,5.9,2.5,16
350,0.0,281,12,44.3,20151217,0.0,2015-12-17,3.8,0.0,-3.7,7.6,2015,1.7,-1.7,17
351,0.0,281,12,57.3,20151218,0.0,2015-12-18,2.7,0.0,-6.4,7.6,2015,6.4,0.3,18
352,0.0,281,12,73.0,20151219,0.0,2015-12-19,0.7,0.0,-5.9,7.6,2015,9.5,0.3,19
353,0.0,281,12,82.4,20151220,0.0,2015-12-20,0.5,0.2,-5.3,0.6,2015,3.9,0.0,20
354,0.0,281,12,88.3,20151221,0.0,2015-12-21,1.2,1.0,-0.9,3.1,2015,10.3,3.7,21
355,0.0,281,12,83.6,20151222,0.0,2015-12-22,0.7,0.1,-3.9,5.1,2015,11.4,3.4,22
356,0.0,281,12,90.3,20151223,0.0,2015-12-23,1.1,0.5,5.4,0.0,2015,9.4,7.1,23
357,0.0,281,12,68.6,20151224,0.0,2015-12-24,2.1,0.0,0.4,4.3,2015,9.9,5.1,24
358,0.0,281,12,38.4,20151225,0.0,2015-12-25,3.3,0.0,-5.1,7.2,2015,6.6,1.7,25
359,0.0,281,12,52.3,20151226,0.0,2015-12-26,1.8,0.0,-5.6,7.0,2015,11.0,3.4,26
360,0.0,281,12,37.5,20151227,0.0,2015-12-27,2.3,0.0,-3.1,7.4,2015,5.5,0.7,27
361,0.0,281,12,33.3,20151228,0.0,2015-12-28,3.8,0.0,-5.1,7.6,2015,2.5,-1.8,28
362,0.0,281,12,38.0,20151229,0.0,2015-12-29,2.6,0.0,-4.5,7.6,2015,5.6,-0.8,29
363,0.0,281,12,59.4,20151230,0.0,2015-12-30,0.7,0.0,-8.8,7.6,2015,8.2,-1.5,30
364,0.0,281,12,64.5,20151231,0.0,2015-12-31,1.5,0.0,-4.7,4.8,2015,7.3,0.6,31
