,snow,month,sunshine,date,station_id,year,cloud,wind,tmax,rainfall,day,tavg,humid,Date,tmin
0,0.0,1,2.6,20040101,281,2004,0.0,1.9,8.6,0.0,1,4.1,55.8,2004-01-01,-0.5
1,0.0,1,1.3,20040102,281,2004,0.0,2.1,9.3,0.0,2,3.0,62.3,2004-01-02,-2.0
2,0.0,1,4.2,20040103,281,2004,0.0,1.4,9.1,0.0,3,1.1,61.3,2004-01-03,-6.4
3,0.0,1,5.6,20040104,281,2004,0.0,0.5,9.1,0.0,4,-0.5,61.1,2004-01-04,-7.0
4,0.0,1,4.2,20040105,281,2004,0.0,0.5,9.5,0.0,5,-1.8,62.0,2004-01-05,-9.3
5,0.0,1,2.2,20040106,281,2004,0.0,0.4,10.0,0.0,6,0.5,59.6,2004-01-06,-7.5
6,0.0,1,4.1,20040107,281,2004,0.0,2.5,8.6,0.0,7,2.2,56.4,2004-01-07,-4.3
7,0.0,1,4.6,20040108,281,2004,0.0,0.5,7.9,0.0,8,-1.2,67.3,2004-01-08,-8.1
8,0.0,1,3.8,20040109,281,2004,0.0,0.5,9.3,0.0,9,0.6,70.9,2004-01-09,-6.9
9,0.0,1,3.2,20040110,281,2004,0.0,2.9,7.8,0.0,10,2.7,44.6,2004-01-10,-2.7
10,0.0,1,4.3,20040111,281,2004,0.0,0.5,8.5,0.0,11,-0.2,67.8,2004-01-11,-6.6
11,0.0,1,3.5,20040112,281,2004,0.0,1.4,6.3,0.0,12,-0.9,69.6,2004-01-12,-6.5
12,0.0,1,5.7,20040113,281,2004,0.0,5.1,1.7,0.0,13,-2.1,47.9,2004-01-13,-5.4
13,0.0,1,7.2,20040114,281,2004,0.0,3.2,3.9,0.0,14,-2.1,45.1,2004-01-14,-6.9
14,0.0,1,4.4,20040115,281,2004,0.0,1.4,5.6,0.0,15,-1.6,48.9,2004-01-15,-7.1
15,0.0,1,0.4,20040116,281,2004,0.0,0.6,5.1,0.0,16,-0.4,77.1,2004-01-16,-7.4
16,0.0,1,2.3,20040117,281,2004,0.0,1.2,7.1,0.0,17,3.5,79.1,2004-01-17,1.0
17,0.0,1,0.0,20040118,281,2004,0.0,1.6,3.5,0.0,18,1.1,80.1,2004-01-18,-1.1
18,0.2,1,5.4,20040119,281,2004,0.0,3.4,4.5,0.0,19,0.3,53.4,2004-01-19,-2.4
19,0.0,1,7.3,20040120,281,2004,0.0,2.6,2.7,0.0,20,-2.0,48.0,2004-01-20,-6.4
20,0.0,1,6.5,20040121,281,2004,0.0,4.3,-3.5,0.0,21,-8.6,47.6,2004-01-21,-13.1
21,0.0,1,7.3,20040122,281,2004,0.0,4.7,-4.3,0.0,22,-9.5,47.3,2004-01-22,-13.6
22,0.0,1,6.9,20040123,281,2004,0.0,4.4,0.8,0.0,23,-4.9,47.4,2004-01-23,-9.3
23,0.0,1,7.5,20040124,281,2004,0.0,3.5,0.4,0.0,24,-4.6,42.4,2004-01-24,-9.1
24,0.0,1,7.6,20040125,281,2004,0.0,3.7,-0.2,0.0,25,-4.7,52.5,2004-01-25,-7.8
25,0.0,1,7.3,20040126,281,2004,0.0,2.9,2.7,0.0,26,-3.0,54.3,2004-01-26,-8.1
26,0.0,1,7.6,20040127,281,2004,0.0,3.5,3.0,0.0,27,-1.7,48.4,2004-01-27,-6.0
27,0.0,1,7.8,20040128,281,2004,0.0,3.5,6.4,0.0,28,0.4,55.0,2004-01-28,-5.0
28,0.0,1,7.9,20040129,281,2004,0.0,1.5,8.6,0.0,29,0.7,61.6,2004-01-29,-5.6
29,0.0,1,7.0,20040130,281,2004,0.0,0.7,9.3,0.0,30,-1.3,65.1,2004-01-30,-8.6
30,0.0,1,7.2,20040131,281,2004,0.0,0.3,12.1,0.0,31,-0.6,58.3,2004-01-31,-10.0
31,0.0,2,6.8,20040201,281,2004,0.0,0.3,12.5,0.0,1,0.5,59.4,2004-02-01,-8.6
32,0.0,2,5.2,20040202,281,2004,0.0,3.9,5.9,0.0,2,2.1,42.8,2004-02-02,-3.7
33,0.0,2,8.0,20040203,281,2004,0.0,4.1,1.8,0.0,3,-2.4,47.5,2004-02-03,-5.1
34,0.0,2,6.7,20040204,281,2004,0.0,2.8,3.5,0.0,4,-1.6,55.0,2004-02-04,-5.6
35,2.6,2,8.7,20040205,281,2004,0.0,4.3,1.1,1.0,5,-2.5,57.4,2004-02-05,-5.0
36,0.0,2,7.6,20040206,281,2004,0.0,3.2,1.7,0.0,6,-2.9,55.6,2004-02-06,-8.6
37,1.4,2,9.0,20040207,281,2004,0.0,4.2,1.3,0.6,7,-2.3,56.0,2004-02-07,-5.0
38,0.0,2,8.7,20040208,281,2004,0.0,2.2,8.8,0.0,8,0.3,54.8,2004-02-08,-10.1
39,0.0,2,9.9,20040209,281,2004,0.0,1.5,7.0,0.0,9,-0.7,39.9,2004-02-09,-7.1
40,0.0,2,9.6,20040210,281,2004,0.0,0.8,9.8,0.0,10,-1.9,54.9,2004-02-10,-11.6
41,0.0,2,8.2,20040211,281,2004,0.0,1.9,11.8,0.0,11,1.5,48.8,2004-02-11,-9.5
42,0.0,2,8.2,20040212,281,2004,0.0,2.0,11.3,0.0,12,3.3,44.1,2004-02-12,-3.7
43,0.0,2,6.4,20040213,281,2004,0.0,0.8,11.5,0.0,13,1.1,52.5,2004-02-13,-7.5
44,0.0,2,5.7,20040214,281,2004,0.0,4.5,10.0,0.5,14,5.0,45.3,2004-02-14,-2.5
45,0.0,2,9.6,20040215,281,2004,0.0,4.0,11.1,0.0,15,3.8,38.5,2004-02-15,-2.9
46,0.0,2,9.2,20040216,281,2004,0.0,0.7,13.3,0.0,16,4.2,54.9,2004-02-16,-7.0
47,0.0,2,9.2,20040217,281,2004,0.0,3.8,12.8,0.0,17,7.3,33.5,2004-02-17,-1.0
48,0.0,2,9.5,20040218,281,2004,0.0,0.9,16.2,0.0,18,3.1,42.9,2004-02-18,-7.5
49,0.0,2,9.4,20040219,281,2004,0.0,0.7,19.6,0.0,19,4.9,42.8,2004-02-19,-6.5
50,0.0,2,8.8,20040220,281,2004,0.0,0.7,19.8,0.0,20,7.7,60.5,2004-02-20,-2.7
51,0.0,2,0.0,20040221,281,2004,0.0,0.3,12.8,2.0,21,9.5,83.5,2004-02-21,3.2
52,0.0,2,0.0,20040222,281,2004,0.0,2.9,14.8,22.5,22,9.1,78.3,2004-02-22,3.2
53,0.0,2,9.3,20040223,281,2004,0.0,3.2,9.8,0.0,23,3.3,54.8,2004-02-23,-2.4
54,0.0,2,8.4,20040224,281,2004,0.0,1.9,12.8,0.0,24,4.2,54.9,2004-02-24,-4.3
55,0.0,2,9.2,20040225,281,2004,0.0,2.7,16.1,0.0,25,7.6,51.5,2004-02-25,-1.2
56,0.0,2,8.5,20040226,281,2004,0.0,4.0,7.8,0.0,26,3.0,45.8,2004-02-26,-3.0
57,0.0,2,9.8,20040227,281,2004,0.0,2.4,9.1,0.0,27,2.3,51.3,2004-02-27,-4.6
58,0.0,2,5.5,20040228,281,2004,0.0,1.3,13.8,4.5,28,5.1,66.9,2004-02-28,-5.8
59,0.0,2,7.6,20040229,281,2004,0.0,2.4,14.8,0.5,29,8.8,58.9,2004-02-29,4.5
60,0.0,3,9.1,20040301,281,2004,0.0,2.3,12.3,0.0,1,5.8,38.1,2004-03-01,2.5
61,0.0,3,3.1,20040302,281,2004,0.0,4.3,6.5,0.0,2,1.8,30.1,2004-03-02,-1.7
62,0.6,3,5.7,20040303,281,2004,0.0,2.3,3.2,0.3,3,-2.0,55.0,2004-03-03,-5.8
63,0.0,3,9.8,20040304,281,2004,0.0,1.9,5.9,0.0,4,-0.9,53.5,2004-03-04,-9.1
64,0.0,3,3.4,20040305,281,2004,0.0,1.9,10.0,2.0,5,1.5,73.0,2004-03-05,-4.4
65,0.0,3,7.9,20040306,281,2004,0.0,4.0,1.8,0.0,6,-1.7,59.0,2004-03-06,-5.0
66,0.0,3,10.5,20040307,281,2004,0.0,4.0,3.2,0.0,7,-1.6,50.5,2004-03-07,-6.9
67,0.0,3,7.7,20040308,281,2004,0.0,2.1,9.8,0.0,8,3.0,52.0,2004-03-08,-4.0
68,0.0,3,9.3,20040309,281,2004,0.0,1.4,15.3,0.0,9,6.3,58.8,2004-03-09,-4.5
69,0.0,3,7.7,20040310,281,2004,0.0,3.4,19.1,0.0,10,13.3,60.3,2004-03-10,2.0
70,0.0,3,6.8,20040311,281,2004,0.0,3.7,15.6,0.0,11,9.5,26.8,2004-03-11,5.3
71,0.0,3,8.8,20040312,281,2004,0.0,1.7,16.3,0.0,12,7.7,32.0,2004-03-12,0.3
72,0.0,3,8.4,20040313,281,2004,0.0,0.6,16.7,0.0,13,6.3,45.5,2004-03-13,-2.5
73,0.0,3,8.4,20040314,281,2004,0.0,1.1,16.7,0.0,14,6.8,56.8,2004-03-14,-1.8
74,0.0,3,8.8,20040315,281,2004,0.0,0.7,18.3,0.0,15,7.8,66.1,2004-03-15,-1.8
75,0.0,3,8.7,20040316,281,2004,0.0,2.3,22.0,0.0,16,13.4,57.8,2004-03-16,1.0
76,0.0,3,0.0,20040317,281,2004,0.0,3.4,17.8,7.0,17,10.9,63.8,2004-03-17,2.9
77,0.0,3,9.2,20040318,281,2004,0.0,2.1,11.1,0.0,18,4.3,47.0,2004-03-18,-0.8
78,0.0,3,8.7,20040319,281,2004,0.0,1.5,12.8,0.0,19,5.1,46.3,2004-03-19,-2.9
79,0.0,3,9.9,20040320,281,2004,0.0,1.2,16.2,0.0,20,7.7,53.1,2004-03-20,2.0
80,0.0,3,6.3,20040321,281,2004,0.0,1.9,14.8,0.0,21,8.0,63.5,2004-03-21,1.7
81,0.0,3,7.4,20040322,281,2004,0.0,1.9,13.8,1.0,22,7.6,68.4,2004-03-22,3.0
82,0.0,3,8.1,20040323,281,2004,0.0,0.8,17.6,0.0,23,8.3,62.4,2004-03-23,-0.6
83,0.0,3,8.1,20040324,281,2004,0.0,1.5,14.6,0.0,24,7.7,59.5,2004-03-24,0.1
84,0.0,3,3.6,20040325,281,2004,0.0,0.5,14.3,0.0,25,6.4,61.9,2004-03-25,1.5
85,0.0,3,11.0,20040326,281,2004,0.0,1.7,15.6,0.0,26,6.8,59.1,2004-03-26,-2.0
86,0.0,3,9.8,20040327,281,2004,0.0,0.9,19.2,0.0,27,8.8,54.4,2004-03-27,-1.7
87,0.0,3,10.8,20040328,281,2004,0.0,1.2,23.1,0.0,28,11.5,45.9,2004-03-28,-0.6
88,0.0,3,9.9,20040329,281,2004,0.0,1.6,24.1,1.0,29,14.6,50.3,2004-03-29,3.0
89,0.0,3,9.4,20040330,281,2004,0.0,3.0,22.0,3.0,30,14.5,47.1,2004-03-30,6.1
90,0.0,3,10.0,20040331,281,2004,0.0,3.1,17.2,0.0,31,9.4,30.5,2004-03-31,-0.2
91,0.0,4,7.0,20040401,281,2004,0.0,1.4,18.2,16.0,1,8.8,58.9,2004-04-01,-1.2
92,0.0,4,9.8,20040402,281,2004,0.0,4.0,15.3,1.0,2,10.0,49.3,2004-04-02,6.5
93,0.0,4,8.2,20040403,281,2004,0.0,2.8,12.5,0.0,3,7.4,48.8,2004-04-03,3.2
94,0.0,4,10.7,20040404,281,2004,0.0,1.4,15.1,0.0,4,7.7,54.6,2004-04-04,0.1
95,0.0,4,11.4,20040405,281,2004,0.0,2.1,20.1,0.0,5,10.7,37.9,2004-04-05,-0.6
96,0.0,4,7.9,20040406,281,2004,0.0,1.5,19.7,0.0,6,11.9,41.4,2004-04-06,1.0
97,0.0,4,3.8,20040407,281,2004,0.0,1.8,16.7,0.0,7,11.3,49.4,2004-04-07,7.9
98,0.0,4,11.3,20040408,281,2004,0.0,2.2,19.5,0.0,8,11.8,31.1,2004-04-08,0.6
99,0.0,4,10.8,20040409,281,2004,0.0,2.4,25.2,0.0,9,16.2,27.6,2004-04-09,5.0
100,0.0,4,9.6,20040410,281,2004,0.0,1.6,26.6,0.0,10,17.6,33.1,2004-04-10,6.4
101,0.0,4,8.2,20040411,281,2004,0.0,1.3,24.5,0.0,11,17.6,35.6,2004-04-11,9.5
102,0.0,4,9.3,20040412,281,2004,0.0,2.1,25.0,0.0,12,14.0,52.8,2004-04-12,5.3
103,0.0,4,10.9,20040413,281,2004,0.0,2.3,20.7,0.0,13,12.2,61.9,2004-04-13,4.5
104,0.0,4,10.5,20040414,281,2004,0.0,1.6,23.5,0.0,14,13.3,58.5,2004-04-14,7.0
105,0.0,4,10.2,20040415,281,2004,0.0,1.1,23.8,0.0,15,13.4,47.3,2004-04-15,2.5
106,0.0,4,10.7,20040416,281,2004,0.0,2.1,28.2,0.0,16,16.9,39.9,2004-04-16,4.1
107,0.0,4,10.4,20040417,281,2004,0.0,1.1,29.0,0.0,17,17.4,43.5,2004-04-17,6.8
108,0.0,4,7.9,20040418,281,2004,0.0,1.5,27.1,11.5,18,16.0,57.4,2004-04-18,5.1
109,0.0,4,2.1,20040419,281,2004,0.0,1.8,22.3,9.0,19,17.1,74.4,2004-04-19,14.1
110,0.0,4,11.1,20040420,281,2004,0.0,3.5,27.2,0.0,20,19.0,47.5,2004-04-20,12.8
111,0.0,4,10.7,20040421,281,2004,0.0,1.2,30.2,0.0,21,20.2,49.9,2004-04-21,7.8
112,0.0,4,9.7,20040422,281,2004,0.0,2.6,29.7,21.5,22,17.4,60.1,2004-04-22,11.3
113,0.0,4,9.7,20040423,281,2004,0.0,2.4,19.3,0.0,23,12.5,46.6,2004-04-23,5.5
114,0.0,4,10.2,20040424,281,2004,0.0,1.5,19.1,0.0,24,11.3,50.9,2004-04-24,2.2
115,0.0,4,11.0,20040425,281,2004,0.0,2.7,23.0,0.0,25,14.9,29.4,2004-04-25,3.5
116,0.0,4,2.9,20040426,281,2004,0.0,2.3,17.2,26.0,26,10.8,67.5,2004-04-26,5.5
117,0.0,4,0.0,20040427,281,2004,0.0,1.5,12.5,12.0,27,9.3,81.3,2004-04-27,4.8
118,0.0,4,11.7,20040428,281,2004,0.0,1.8,21.2,0.0,28,12.0,59.6,2004-04-28,2.5
119,0.0,4,11.3,20040429,281,2004,0.0,1.9,26.3,0.0,29,17.0,48.1,2004-04-29,5.9
120,0.0,4,8.2,20040430,281,2004,0.0,2.4,24.3,0.0,30,15.8,54.9,2004-04-30,11.5
121,0.0,5,10.5,20040501,281,2004,0.0,3.8,18.3,0.0,1,14.0,60.3,2004-05-01,11.3
122,0.0,5,5.1,20040502,281,2004,0.0,2.5,20.8,3.5,2,15.1,72.4,2004-05-02,11.1
123,0.0,5,0.0,20040503,281,2004,0.0,1.0,21.7,3.0,3,18.5,81.5,2004-05-03,15.3
124,0.0,5,8.6,20040504,281,2004,0.0,2.6,20.7,1.5,4,15.5,54.6,2004-05-04,12.1
125,0.0,5,11.9,20040505,281,2004,0.0,1.3,24.2,0.0,5,15.5,50.1,2004-05-05,4.3
126,0.0,5,11.2,20040506,281,2004,0.0,2.1,27.7,0.0,6,17.9,50.6,2004-05-06,7.3
127,0.0,5,10.2,20040507,281,2004,0.0,1.0,26.3,0.0,7,16.3,52.8,2004-05-07,6.0
128,0.0,5,5.9,20040508,281,2004,0.0,0.6,24.8,1.5,8,17.0,60.0,2004-05-08,8.1
129,0.0,5,0.0,20040509,281,2004,0.0,1.4,16.2,37.0,9,14.8,84.6,2004-05-09,13.0
130,0.0,5,4.8,20040510,281,2004,0.0,2.2,24.3,7.5,10,18.2,73.4,2004-05-10,14.6
131,0.0,5,10.6,20040511,281,2004,0.0,2.2,27.8,0.0,11,20.1,61.6,2004-05-11,15.5
132,0.0,5,1.2,20040512,281,2004,0.0,0.7,21.6,4.5,12,17.6,77.0,2004-05-12,13.6
133,0.0,5,7.7,20040513,281,2004,0.0,2.3,25.0,1.0,13,18.9,67.5,2004-05-13,12.1
134,0.0,5,11.4,20040514,281,2004,0.0,1.7,25.5,0.0,14,17.3,58.8,2004-05-14,9.1
135,0.0,5,0.0,20040515,281,2004,0.0,0.6,15.6,6.5,15,13.9,77.5,2004-05-15,12.1
136,0.0,5,6.8,20040516,281,2004,0.0,1.1,20.3,0.0,16,16.4,71.6,2004-05-16,13.1
137,0.0,5,10.5,20040517,281,2004,0.0,2.9,22.7,0.0,17,17.9,58.4,2004-05-17,12.6
138,0.0,5,11.4,20040518,281,2004,0.0,1.5,27.6,0.0,18,19.3,50.9,2004-05-18,8.1
139,0.0,5,6.5,20040519,281,2004,0.0,1.6,22.3,0.0,19,19.1,48.6,2004-05-19,16.6
140,0.0,5,10.2,20040520,281,2004,0.0,1.3,27.7,0.0,20,19.8,60.4,2004-05-20,11.1
141,0.0,5,8.4,20040521,281,2004,0.0,2.5,24.2,0.0,21,18.2,58.3,2004-05-21,10.8
142,0.0,5,12.1,20040522,281,2004,0.0,1.7,26.3,0.0,22,17.0,50.0,2004-05-22,7.0
143,0.0,5,9.4,20040523,281,2004,0.0,1.4,25.5,0.0,23,16.9,53.8,2004-05-23,8.1
144,0.0,5,12.0,20040524,281,2004,0.0,1.6,27.2,0.0,24,18.2,57.6,2004-05-24,8.8
145,0.0,5,12.0,20040525,281,2004,0.0,1.2,29.7,0.0,25,20.1,52.1,2004-05-25,9.8
146,0.0,5,4.4,20040526,281,2004,0.0,1.1,25.7,0.0,26,18.8,60.3,2004-05-26,12.6
147,0.0,5,7.5,20040527,281,2004,0.0,1.1,28.2,0.0,27,21.7,57.8,2004-05-27,13.3
148,0.0,5,0.0,20040528,281,2004,0.0,1.1,23.7,4.5,28,22.4,70.3,2004-05-28,19.7
149,0.0,5,9.3,20040529,281,2004,0.0,1.6,32.4,1.5,29,25.0,64.5,2004-05-29,18.2
150,0.0,5,1.4,20040530,281,2004,0.0,0.8,22.8,0.5,30,20.3,76.3,2004-05-30,15.8
151,0.0,5,7.8,20040531,281,2004,0.0,2.0,22.2,1.5,31,18.0,63.8,2004-05-31,11.5
152,0.0,6,11.7,20040601,281,2004,0.0,1.2,29.5,0.0,1,19.0,54.3,2004-06-01,8.3
153,0.0,6,10.6,20040602,281,2004,0.0,1.1,28.5,0.0,2,19.7,52.1,2004-06-02,12.1
154,0.0,6,12.3,20040603,281,2004,0.0,1.3,31.6,0.0,3,20.9,46.0,2004-06-03,9.8
155,0.0,6,11.9,20040604,281,2004,0.0,1.2,34.5,0.0,4,22.7,47.0,2004-06-04,11.1
156,0.0,6,10.9,20040605,281,2004,0.0,1.9,31.2,0.0,5,21.8,48.4,2004-06-05,11.8
157,0.0,6,9.4,20040606,281,2004,0.0,2.0,28.2,0.0,6,21.5,50.4,2004-06-06,15.8
158,0.0,6,0.0,20040607,281,2004,0.0,0.7,20.6,6.5,7,17.3,71.5,2004-06-07,15.3
159,0.0,6,4.9,20040608,281,2004,0.0,0.7,23.1,1.0,8,18.2,73.6,2004-06-08,14.8
160,0.0,6,10.6,20040609,281,2004,0.0,1.6,28.0,0.0,9,21.6,61.6,2004-06-09,15.1
161,0.0,6,10.5,20040610,281,2004,0.0,2.1,29.2,0.0,10,20.8,58.5,2004-06-10,15.3
162,0.0,6,11.0,20040611,281,2004,0.0,1.4,28.7,0.0,11,20.7,52.9,2004-06-11,11.8
163,0.0,6,10.8,20040612,281,2004,0.0,2.2,28.2,0.0,12,19.9,54.4,2004-06-12,12.0
164,0.0,6,12.6,20040613,281,2004,0.0,1.2,31.6,0.0,13,20.4,48.5,2004-06-13,8.1
165,0.0,6,12.2,20040614,281,2004,0.0,1.2,32.7,0.0,14,23.0,46.9,2004-06-14,11.5
166,0.0,6,10.1,20040615,281,2004,0.0,1.7,34.2,0.0,15,22.9,53.0,2004-06-15,14.3
167,0.0,6,9.7,20040616,281,2004,0.0,2.3,27.3,0.0,16,20.6,66.0,2004-06-16,14.5
168,0.0,6,0.0,20040617,281,2004,0.0,1.1,20.3,30.0,17,18.2,80.6,2004-06-17,17.0
169,0.0,6,5.5,20040618,281,2004,0.0,0.7,28.1,1.0,18,22.3,72.1,2004-06-18,17.0
170,0.0,6,0.0,20040619,281,2004,0.0,1.4,21.0,79.5,19,19.7,84.3,2004-06-19,18.0
171,0.0,6,3.9,20040620,281,2004,0.0,2.4,28.5,19.0,20,22.7,80.8,2004-06-20,20.2
172,0.0,6,3.3,20040621,281,2004,0.0,1.2,25.2,44.5,21,21.6,76.4,2004-06-21,18.7
173,0.0,6,11.0,20040622,281,2004,0.0,1.5,30.2,0.0,22,25.0,62.4,2004-06-22,19.7
174,0.0,6,9.2,20040623,281,2004,0.0,1.4,31.7,0.0,23,26.4,63.1,2004-06-23,20.5
175,0.0,6,2.9,20040624,281,2004,0.0,1.2,26.7,1.0,24,23.2,72.8,2004-06-24,19.8
176,0.0,6,0.0,20040625,281,2004,0.0,1.4,23.2,2.0,25,21.0,77.3,2004-06-25,19.5
177,0.0,6,1.4,20040626,281,2004,0.0,1.3,24.0,0.0,26,21.6,77.0,2004-06-26,19.7
178,0.0,6,9.5,20040627,281,2004,0.0,1.4,29.5,44.5,27,23.6,72.6,2004-06-27,19.7
179,0.0,6,9.4,20040628,281,2004,0.0,0.9,30.2,0.0,28,24.9,69.9,2004-06-28,19.3
180,0.0,6,8.7,20040629,281,2004,0.0,2.0,30.2,0.0,29,25.3,63.4,2004-06-29,21.8
181,0.0,6,6.9,20040630,281,2004,0.0,1.9,27.7,0.0,30,23.5,68.8,2004-06-30,20.5
182,0.0,7,6.7,20040701,281,2004,0.0,2.0,25.7,0.0,1,22.5,71.1,2004-07-01,20.5
183,0.0,7,2.5,20040702,281,2004,0.0,0.9,26.2,6.5,2,22.8,79.0,2004-07-02,20.2
184,0.0,7,3.5,20040703,281,2004,0.0,0.7,30.2,31.0,3,24.3,79.0,2004-07-03,21.1
185,0.0,7,0.5,20040704,281,2004,0.0,3.0,26.6,46.5,4,23.7,78.1,2004-07-04,21.5
186,0.0,7,8.9,20040705,281,2004,0.0,2.8,30.2,0.0,5,25.8,60.8,2004-07-05,22.6
187,0.0,7,8.9,20040706,281,2004,0.0,1.2,32.0,0.0,6,26.9,62.0,2004-07-06,20.7
188,0.0,7,0.3,20040707,281,2004,0.0,1.0,27.2,4.5,7,23.9,81.6,2004-07-07,21.6
189,0.0,7,6.5,20040708,281,2004,0.0,1.5,30.2,0.0,8,25.0,71.3,2004-07-08,20.7
190,0.0,7,7.9,20040709,281,2004,0.0,1.0,31.5,0.0,9,25.0,69.9,2004-07-09,19.7
191,0.0,7,9.1,20040710,281,2004,0.0,1.2,31.2,0.0,10,25.0,70.1,2004-07-10,21.0
192,0.0,7,5.8,20040711,281,2004,0.0,1.0,28.7,20.5,11,23.4,77.5,2004-07-11,20.7
193,0.0,7,6.3,20040712,281,2004,0.0,1.6,30.7,2.5,12,25.7,73.4,2004-07-12,21.2
194,0.0,7,8.2,20040713,281,2004,0.0,2.1,30.7,0.0,13,24.3,74.4,2004-07-13,21.2
195,0.0,7,1.8,20040714,281,2004,0.0,1.0,27.1,27.0,14,22.1,81.9,2004-07-14,20.1
196,0.0,7,5.3,20040715,281,2004,0.0,0.7,30.2,1.5,15,24.6,77.5,2004-07-15,20.3
197,0.0,7,4.2,20040716,281,2004,0.0,1.4,29.7,0.5,16,26.4,72.4,2004-07-16,23.2
198,0.0,7,0.3,20040717,281,2004,0.0,1.7,28.2,19.0,17,24.5,76.5,2004-07-17,21.7
199,0.0,7,9.6,20040718,281,2004,0.0,1.5,32.7,0.0,18,27.4,68.1,2004-07-18,21.7
200,0.0,7,6.4,20040719,281,2004,0.0,1.6,33.5,0.0,19,28.3,64.9,2004-07-19,23.1
201,0.0,7,10.6,20040720,281,2004,0.0,1.8,33.7,0.0,20,29.3,63.9,2004-07-20,24.0
202,0.0,7,9.5,20040721,281,2004,0.0,2.4,34.2,0.0,21,29.4,65.3,2004-07-21,25.3
203,0.0,7,10.8,20040722,281,2004,0.0,1.7,35.2,0.0,22,30.0,65.9,2004-07-22,25.7
204,0.0,7,11.8,20040723,281,2004,0.0,1.5,36.7,0.0,23,30.3,62.6,2004-07-23,24.7
205,0.0,7,11.4,20040724,281,2004,0.0,0.9,37.2,0.0,24,29.9,64.9,2004-07-24,22.6
206,0.0,7,11.2,20040725,281,2004,0.0,1.6,34.5,0.0,25,27.6,65.5,2004-07-25,23.2
207,0.0,7,8.5,20040726,281,2004,0.0,1.3,34.5,0.0,26,27.0,69.0,2004-07-26,22.2
208,0.0,7,9.6,20040727,281,2004,0.0,1.2,33.5,0.0,27,27.8,66.9,2004-07-27,22.2
209,0.0,7,11.7,20040728,281,2004,0.0,1.3,35.7,0.0,28,28.9,64.6,2004-07-28,23.1
210,0.0,7,11.9,20040729,281,2004,0.0,1.4,35.5,0.0,29,28.3,64.9,2004-07-29,21.6
211,0.0,7,9.8,20040730,281,2004,0.0,1.2,36.5,0.0,30,28.2,65.6,2004-07-30,21.8
212,0.0,7,11.1,20040731,281,2004,0.0,2.5,33.5,0.0,31,27.9,57.9,2004-07-31,20.7
213,0.0,8,2.6,20040801,281,2004,0.0,1.6,31.8,2.0,1,27.2,66.4,2004-08-01,24.1
214,0.0,8,10.3,20040802,281,2004,0.0,2.1,33.7,0.0,2,26.4,67.9,2004-08-02,21.3
215,0.0,8,6.0,20040803,281,2004,0.0,1.2,33.2,2.5,3,26.0,77.1,2004-08-03,22.5
216,0.0,8,9.4,20040804,281,2004,0.0,1.2,35.2,0.0,4,28.0,68.0,2004-08-04,23.6
217,0.0,8,0.9,20040805,281,2004,0.0,0.8,29.2,3.5,5,25.8,77.6,2004-08-05,23.7
218,0.0,8,8.9,20040806,281,2004,0.0,0.7,35.0,0.0,6,27.8,69.9,2004-08-06,23.2
219,0.0,8,10.5,20040807,281,2004,0.0,1.1,36.0,0.0,7,28.5,64.1,2004-08-07,22.2
220,0.0,8,11.8,20040808,281,2004,0.0,1.4,36.5,0.0,8,29.2,60.0,2004-08-08,22.1
221,0.0,8,6.3,20040809,281,2004,0.0,1.0,35.7,0.0,9,27.8,66.4,2004-08-09,23.5
222,0.0,8,9.8,20040810,281,2004,0.0,1.7,32.5,0.0,10,27.4,67.1,2004-08-10,22.2
223,0.0,8,10.9,20040811,281,2004,0.0,1.7,32.5,0.0,11,26.6,64.5,2004-08-11,21.8
224,0.0,8,10.6,20040812,281,2004,0.0,1.1,35.2,0.0,12,26.2,62.6,2004-08-12,18.7
225,0.0,8,11.2,20040813,281,2004,0.0,1.4,36.7,0.0,13,28.3,59.8,2004-08-13,20.2
226,0.0,8,4.2,20040814,281,2004,0.0,1.2,30.7,39.0,14,24.9,78.1,2004-08-14,22.2
227,0.0,8,7.3,20040815,281,2004,0.0,1.2,30.2,1.0,15,24.4,72.6,2004-08-15,21.7
228,0.0,8,4.5,20040816,281,2004,0.0,1.4,29.2,0.0,16,25.0,74.4,2004-08-16,22.2
229,0.0,8,8.1,20040817,281,2004,0.0,1.1,34.4,0.5,17,28.2,68.3,2004-08-17,23.3
230,0.0,8,0.0,20040818,281,2004,0.0,1.4,25.8,77.0,18,24.1,84.4,2004-08-18,22.2
231,0.0,8,1.3,20040819,281,2004,0.0,2.8,26.3,58.5,19,23.6,76.3,2004-08-19,21.8
232,0.0,8,1.2,20040820,281,2004,0.0,1.8,22.8,0.0,20,20.6,72.5,2004-08-20,19.7
233,0.0,8,5.3,20040821,281,2004,0.0,1.4,25.7,0.0,21,21.6,71.6,2004-08-21,19.3
234,0.0,8,0.0,20040822,281,2004,0.0,1.1,22.0,40.5,22,19.3,82.9,2004-08-22,18.0
235,0.0,8,1.0,20040823,281,2004,0.0,1.0,23.2,35.5,23,20.2,79.6,2004-08-23,18.3
236,0.0,8,8.5,20040824,281,2004,0.0,1.1,28.0,0.0,24,21.8,73.5,2004-08-24,17.1
237,0.0,8,4.6,20040825,281,2004,0.0,1.0,27.5,0.0,25,21.5,73.8,2004-08-25,17.1
238,0.0,8,6.6,20040826,281,2004,0.0,0.9,26.3,0.0,26,21.9,67.4,2004-08-26,18.5
239,0.0,8,5.9,20040827,281,2004,0.0,1.8,26.7,0.0,27,22.5,65.1,2004-08-27,19.7
240,0.0,8,10.3,20040828,281,2004,0.0,2.5,26.6,0.0,28,21.6,66.4,2004-08-28,17.2
241,0.0,8,7.4,20040829,281,2004,0.0,1.2,27.7,0.0,29,22.0,74.1,2004-08-29,17.1
242,0.0,8,3.8,20040830,281,2004,0.0,1.6,28.8,0.0,30,24.4,71.3,2004-08-30,19.7
243,0.0,8,10.8,20040831,281,2004,0.0,1.9,31.0,0.0,31,25.0,58.5,2004-08-31,19.2
244,0.0,9,9.5,20040901,281,2004,0.0,1.1,30.7,0.0,1,23.0,67.6,2004-09-01,17.6
245,0.0,9,11.0,20040902,281,2004,0.0,1.6,31.1,0.0,2,21.8,60.8,2004-09-02,13.8
246,0.0,9,8.6,20040903,281,2004,0.0,0.8,29.7,0.0,3,20.7,64.6,2004-09-03,13.1
247,0.0,9,8.7,20040904,281,2004,0.0,1.2,30.0,0.0,4,21.6,66.4,2004-09-04,15.3
248,0.0,9,5.0,20040905,281,2004,0.0,1.4,26.1,0.5,5,21.9,73.9,2004-09-05,16.1
249,0.0,9,1.1,20040906,281,2004,0.0,1.3,22.1,11.5,6,20.6,78.4,2004-09-06,18.7
250,0.0,9,0.3,20040907,281,2004,0.0,2.6,23.3,41.0,7,21.4,78.6,2004-09-07,18.5
251,0.0,9,7.8,20040908,281,2004,0.0,1.4,27.3,0.0,8,21.4,69.3,2004-09-08,15.6
252,0.0,9,0.2,20040909,281,2004,0.0,0.5,24.2,0.0,9,20.5,79.0,2004-09-09,18.3
253,0.0,9,3.1,20040910,281,2004,0.0,1.5,24.5,5.0,10,19.9,75.3,2004-09-10,17.8
254,0.0,9,0.6,20040911,281,2004,0.0,3.4,21.3,16.5,11,19.4,74.3,2004-09-11,18.1
255,0.0,9,2.3,20040912,281,2004,0.0,2.6,23.7,2.0,12,20.7,80.4,2004-09-12,18.2
256,0.0,9,4.7,20040913,281,2004,0.0,1.6,28.7,0.0,13,24.6,71.1,2004-09-13,19.7
257,0.0,9,2.9,20040914,281,2004,0.0,1.8,25.1,0.0,14,22.1,71.8,2004-09-14,20.2
258,0.0,9,0.0,20040915,281,2004,0.0,1.6,24.2,0.0,15,21.7,72.8,2004-09-15,19.8
259,0.0,9,3.6,20040916,281,2004,0.0,1.0,28.8,19.5,16,23.6,79.4,2004-09-16,20.5
260,0.0,9,5.0,20040917,281,2004,0.0,0.9,30.3,3.5,17,25.1,72.6,2004-09-17,21.7
261,0.0,9,0.7,20040918,281,2004,0.0,1.1,25.8,9.5,18,22.5,80.9,2004-09-18,20.5
262,0.0,9,10.9,20040919,281,2004,0.0,1.4,26.7,0.0,19,20.5,64.1,2004-09-19,15.0
263,0.0,9,4.1,20040920,281,2004,0.0,0.8,24.3,47.0,20,17.7,75.9,2004-09-20,13.0
264,0.0,9,3.9,20040921,281,2004,0.0,1.3,22.8,0.0,21,17.6,73.3,2004-09-21,14.8
265,0.0,9,8.5,20040922,281,2004,0.0,1.1,24.2,0.0,22,17.5,74.5,2004-09-22,12.3
266,0.0,9,3.9,20040923,281,2004,0.0,0.8,23.3,0.0,23,18.2,75.0,2004-09-23,13.6
267,0.0,9,7.9,20040924,281,2004,0.0,1.1,26.1,0.0,24,18.6,71.8,2004-09-24,14.0
268,0.0,9,8.7,20040925,281,2004,0.0,1.9,24.2,0.0,25,17.9,68.0,2004-09-25,11.6
269,0.0,9,2.4,20040926,281,2004,0.0,1.5,23.0,0.0,26,19.1,69.9,2004-09-26,14.6
270,0.0,9,6.5,20040927,281,2004,0.0,0.7,25.6,8.0,27,19.3,74.4,2004-09-27,15.3
271,0.0,9,4.2,20040928,281,2004,0.0,1.6,24.7,0.5,28,18.6,74.6,2004-09-28,14.0
272,0.0,9,4.9,20040929,281,2004,0.0,1.4,24.6,2.5,29,18.0,68.6,2004-09-29,12.0
273,0.0,9,10.2,20040930,281,2004,0.0,1.0,25.6,0.0,30,16.9,71.9,2004-09-30,9.3
274,0.0,10,7.1,20041001,281,2004,0.0,2.0,26.3,0.0,1,19.1,63.6,2004-10-01,13.3
275,0.0,10,10.0,20041002,281,2004,0.0,2.6,19.2,0.0,2,12.9,51.8,2004-10-02,6.5
276,0.0,10,5.6,20041003,281,2004,0.0,1.1,20.5,0.0,3,13.6,65.3,2004-10-03,5.6
277,0.0,10,3.5,20041004,281,2004,0.0,1.0,19.7,0.0,4,13.6,73.8,2004-10-04,9.0
278,0.0,10,4.8,20041005,281,2004,0.0,0.9,21.3,0.0,5,13.9,72.1,2004-10-05,7.6
279,0.0,10,7.8,20041006,281,2004,0.0,0.6,24.1,0.0,6,14.2,70.4,2004-10-06,7.1
280,0.0,10,5.6,20041007,281,2004,0.0,0.4,22.5,0.0,7,15.6,71.5,2004-10-07,9.0
281,0.0,10,0.0,20041008,281,2004,0.0,0.7,21.7,0.0,8,17.5,73.1,2004-10-08,13.8
282,0.0,10,2.6,20041009,281,2004,0.0,1.2,22.5,1.0,9,17.4,69.6,2004-10-09,15.1
283,0.0,10,6.8,20041010,281,2004,0.0,0.8,24.7,0.0,10,17.4,64.0,2004-10-10,10.6
284,0.0,10,7.9,20041011,281,2004,0.0,0.6,24.3,0.0,11,15.7,68.1,2004-10-11,6.5
285,0.0,10,7.9,20041012,281,2004,0.0,2.0,22.5,0.0,12,15.1,56.8,2004-10-12,9.1
286,0.0,10,10.3,20041013,281,2004,0.0,1.2,19.6,0.0,13,10.5,56.1,2004-10-13,2.5
287,0.0,10,10.3,20041014,281,2004,0.0,2.4,16.3,0.0,14,9.9,55.8,2004-10-14,2.5
288,0.0,10,10.2,20041015,281,2004,0.0,1.6,21.6,0.0,15,12.1,59.4,2004-10-15,0.4
289,0.0,10,9.0,20041016,281,2004,0.0,2.2,23.8,0.0,16,14.6,63.4,2004-10-16,4.5
290,0.0,10,4.6,20041017,281,2004,0.0,2.3,19.1,0.0,17,14.4,59.9,2004-10-17,8.8
291,0.0,10,1.0,20041018,281,2004,0.0,0.9,21.3,0.5,18,15.7,70.4,2004-10-18,12.1
292,0.0,10,0.2,20041019,281,2004,0.0,0.8,19.7,0.0,19,15.7,75.1,2004-10-19,12.1
293,0.0,10,0.6,20041020,281,2004,0.0,2.4,20.3,0.0,20,16.2,58.0,2004-10-20,7.4
294,0.0,10,9.6,20041021,281,2004,0.0,0.9,23.2,0.0,21,13.2,64.0,2004-10-21,3.2
295,0.0,10,9.7,20041022,281,2004,0.0,2.9,19.2,0.0,22,13.2,44.1,2004-10-22,4.9
296,0.0,10,8.9,20041023,281,2004,0.0,1.3,18.7,0.0,23,8.7,66.1,2004-10-23,0.8
297,0.0,10,9.6,20041024,281,2004,0.0,0.6,20.8,0.0,24,10.6,69.4,2004-10-24,2.7
298,0.0,10,7.0,20041025,281,2004,0.0,0.7,22.2,0.0,25,12.9,65.3,2004-10-25,2.7
299,0.0,10,4.5,20041026,281,2004,0.0,1.7,19.6,0.0,26,13.3,61.5,2004-10-26,9.3
300,0.0,10,7.8,20041027,281,2004,0.0,1.2,18.3,0.0,27,10.2,58.0,2004-10-27,4.0
301,0.0,10,9.2,20041028,281,2004,0.0,0.6,20.5,0.0,28,9.6,68.3,2004-10-28,1.1
302,0.0,10,9.2,20041029,281,2004,0.0,0.5,21.7,0.0,29,11.4,68.9,2004-10-29,3.0
303,0.0,10,7.8,20041030,281,2004,0.0,0.9,23.0,0.0,30,12.4,72.0,2004-10-30,5.4
304,0.0,10,4.6,20041031,281,2004,0.0,0.9,19.8,0.0,31,11.4,74.8,2004-10-31,4.6
305,0.0,11,5.7,20041101,281,2004,0.0,0.9,21.2,0.0,1,12.8,72.6,2004-11-01,4.9
306,0.0,11,1.6,20041102,281,2004,0.0,2.0,17.0,8.0,2,12.8,69.6,2004-11-02,8.6
307,0.0,11,5.6,20041103,281,2004,0.0,2.1,16.6,0.0,3,10.5,64.8,2004-11-03,4.0
308,0.0,11,8.8,20041104,281,2004,0.0,0.9,18.7,0.0,4,8.4,71.6,2004-11-04,0.6
309,0.0,11,6.0,20041105,281,2004,0.0,0.5,19.5,0.0,5,9.3,71.0,2004-11-05,0.6
310,0.0,11,5.0,20041106,281,2004,0.0,1.2,19.7,0.0,6,9.9,59.8,2004-11-06,3.2
311,0.0,11,6.8,20041107,281,2004,0.0,0.5,20.6,0.0,7,10.1,72.3,2004-11-07,1.7
312,0.0,11,4.5,20041108,281,2004,0.0,0.4,21.0,0.0,8,10.4,76.4,2004-11-08,4.5
313,0.0,11,6.0,20041109,281,2004,0.0,1.1,22.5,0.0,9,11.8,70.9,2004-11-09,3.0
314,0.0,11,0.1,20041110,281,2004,0.0,1.5,20.5,37.0,10,15.2,78.9,2004-11-10,8.1
315,0.0,11,1.6,20041111,281,2004,0.0,1.8,21.1,7.5,11,16.7,72.6,2004-11-11,13.3
316,0.0,11,7.1,20041112,281,2004,0.0,4.0,13.5,0.0,12,8.5,49.6,2004-11-12,2.2
317,0.0,11,4.3,20041113,281,2004,0.0,0.9,10.6,0.5,13,4.5,71.0,2004-11-13,-2.5
318,0.0,11,3.3,20041114,281,2004,0.0,1.1,14.6,0.0,14,8.1,63.3,2004-11-14,4.0
319,0.0,11,5.9,20041115,281,2004,0.0,4.1,11.6,0.0,15,7.5,43.5,2004-11-15,2.7
320,0.0,11,6.3,20041116,281,2004,0.0,1.9,13.5,0.0,16,4.7,58.3,2004-11-16,-2.7
321,0.0,11,4.3,20041117,281,2004,0.0,0.8,16.0,0.0,17,6.5,70.0,2004-11-17,-2.2
322,0.0,11,4.9,20041118,281,2004,0.0,0.6,17.3,0.0,18,7.8,70.8,2004-11-18,1.7
323,0.0,11,5.0,20041119,281,2004,0.0,0.7,16.3,0.0,19,5.7,73.0,2004-11-19,-1.1
324,0.0,11,3.6,20041120,281,2004,0.0,1.4,15.3,0.0,20,6.7,65.0,2004-11-20,-2.5
325,0.0,11,5.9,20041121,281,2004,0.0,2.0,13.8,0.0,21,5.9,60.5,2004-11-21,-0.5
326,0.0,11,5.7,20041122,281,2004,0.0,0.8,14.3,0.0,22,3.7,71.1,2004-11-22,-3.2
327,0.0,11,4.6,20041123,281,2004,0.0,0.6,15.3,0.0,23,4.4,70.6,2004-11-23,-3.2
328,0.0,11,3.7,20041124,281,2004,0.0,0.4,17.3,0.0,24,6.4,73.8,2004-11-24,-1.6
329,0.0,11,2.1,20041125,281,2004,0.0,0.8,16.7,0.0,25,7.9,79.4,2004-11-25,1.7
330,0.0,11,0.5,20041126,281,2004,0.0,3.0,12.6,8.5,26,6.7,68.6,2004-11-26,4.6
331,0.0,11,6.2,20041127,281,2004,0.0,3.5,11.6,0.0,27,7.7,57.3,2004-11-27,5.0
332,0.0,11,5.8,20041128,281,2004,0.0,1.2,13.5,0.0,28,5.3,67.5,2004-11-28,-0.6
333,0.0,11,4.9,20041129,281,2004,0.0,1.5,12.6,0.0,29,3.9,58.0,2004-11-29,-3.5
334,0.0,11,4.7,20041130,281,2004,0.0,1.5,11.6,0.0,30,3.4,63.8,2004-11-30,-4.3
335,0.0,12,5.4,20041201,281,2004,0.0,1.1,13.8,0.0,1,4.7,63.4,2004-12-01,-0.6
336,0.0,12,4.9,20041202,281,2004,0.0,1.0,15.3,0.0,2,5.9,71.3,2004-12-02,-2.0
337,0.0,12,5.4,20041203,281,2004,0.0,0.6,17.1,0.0,3,7.9,72.6,2004-12-03,1.0
338,0.0,12,0.0,20041204,281,2004,0.0,0.8,10.3,21.5,4,8.4,83.6,2004-12-04,4.6
339,0.0,12,1.1,20041205,281,2004,0.0,4.1,9.8,0.0,5,4.5,60.6,2004-12-05,-0.6
340,0.0,12,5.9,20041206,281,2004,0.0,0.8,9.6,0.0,6,2.7,64.3,2004-12-06,-4.1
341,0.0,12,4.2,20041207,281,2004,0.0,2.9,10.3,0.0,7,5.3,54.9,2004-12-07,-3.0
342,0.0,12,5.5,20041208,281,2004,0.0,0.4,12.1,0.0,8,1.7,71.5,2004-12-08,-5.5
343,0.0,12,5.2,20041209,281,2004,0.0,0.2,14.3,0.0,9,3.0,77.4,2004-12-09,-4.0
344,0.0,12,3.2,20041210,281,2004,0.0,1.9,15.8,0.0,10,5.8,62.4,2004-12-10,-3.0
345,0.0,12,5.9,20041211,281,2004,0.0,1.0,12.6,0.0,11,3.5,61.5,2004-12-11,-4.5
346,0.0,12,0.4,20041212,281,2004,0.0,0.7,11.3,0.0,12,3.5,72.1,2004-12-12,-2.4
347,0.0,12,5.8,20041213,281,2004,0.0,1.6,11.3,0.0,13,3.5,52.5,2004-12-13,-4.5
348,0.0,12,4.8,20041214,281,2004,0.0,0.3,12.6,0.0,14,0.8,68.5,2004-12-14,-7.3
349,0.0,12,2.1,20041215,281,2004,0.0,0.2,16.2,0.0,15,5.6,70.6,2004-12-15,-2.9
350,0.0,12,5.4,20041216,281,2004,0.0,1.7,12.6,0.0,16,6.8,63.1,2004-12-16,-1.3
351,0.0,12,3.7,20041217,281,2004,0.0,0.3,12.8,0.0,17,3.1,75.3,2004-12-17,-3.9
352,0.0,12,3.0,20041218,281,2004,0.0,1.2,11.5,0.0,18,3.3,68.6,2004-12-18,-2.7
353,0.0,12,0.8,20041219,281,2004,0.0,0.2,9.6,0.0,19,1.6,80.0,2004-12-19,-4.0
354,0.0,12,5.4,20041220,281,2004,0.0,3.0,7.0,0.0,20,2.7,50.0,2004-12-20,-2.9
355,0.0,12,1.9,20041221,281,2004,0.0,0.9,6.5,0.0,21,-0.9,47.8,2004-12-21,-6.1
356,0.0,12,0.4,20041222,281,2004,0.0,0.8,6.0,0.0,22,-0.2,50.9,2004-12-22,-5.6
357,0.0,12,5.7,20041223,281,2004,0.0,0.6,6.9,0.0,23,-1.6,62.5,2004-12-23,-9.3
358,0.0,12,0.0,20041224,281,2004,0.0,0.8,3.0,0.0,24,1.1,69.5,2004-12-24,-2.0
359,0.0,12,5.7,20041225,281,2004,0.0,3.1,6.6,0.0,25,2.2,54.5,2004-12-25,-0.3
360,0.0,12,5.6,20041226,281,2004,0.0,3.0,5.5,0.0,26,1.1,45.8,2004-12-26,-2.7
361,0.0,12,6.2,20041227,281,2004,0.0,2.7,5.8,0.0,27,0.1,36.4,2004-12-27,-2.4
362,0.0,12,5.3,20041228,281,2004,0.0,3.1,3.9,0.0,28,-0.5,34.4,2004-12-28,-4.8
363,0.0,12,6.0,20041229,281,2004,0.0,3.6,2.5,0.0,29,-1.7,38.3,2004-12-29,-4.5
364,0.0,12,3.3,20041230,281,2004,0.0,2.1,3.4,0.0,30,-1.6,44.5,2004-12-30,-5.8
365,0.0,12,4.8,20041231,281,2004,0.0,3.3,2.7,0.0,31,-1.0,48.9,2004-12-31,-3.7
