,date,wind,tmax,cloud,tmin,year,day,month,rainfall,humid,Date,tavg,snow,sunshine,station_id
0,20170101,1.5,10.0,0.0,-2.6,2017,1,1,0.0,75.4,2017-01-01,2.6,0.0,6.9,281
1,20170102,2.2,11.5,0.0,-2.3,2017,2,1,0.0,70.8,2017-01-02,5.1,0.0,3.6,281
2,20170103,2.2,10.8,0.0,-2.6,2017,3,1,0.0,49.8,2017-01-03,4.0,0.0,7.6,281
3,20170104,1.2,11.9,0.0,-3.9,2017,4,1,0.0,63.4,2017-01-04,3.2,0.0,6.8,281
4,20170105,1.2,7.8,0.0,-3.0,2017,5,1,0.1,83.6,2017-01-05,2.9,0.0,0.0,281
5,20170106,0.8,8.8,0.0,-1.5,2017,6,1,0.1,78.9,2017-01-06,4.2,0.0,1.4,281
6,20170107,0.4,9.3,0.0,-4.4,2017,7,1,0.0,76.3,2017-01-07,2.4,0.0,4.3,281
7,20170108,0.7,12.6,0.0,3.8,2017,8,1,0.0,75.8,2017-01-08,6.9,0.0,0.2,281
8,20170109,3.3,9.2,0.0,-0.4,2017,9,1,0.0,50.9,2017-01-09,5.5,0.0,4.0,281
9,20170110,4.4,5.7,0.0,-1.4,2017,10,1,0.0,42.6,2017-01-10,1.4,0.0,7.3,281
10,20170111,3.6,3.6,0.0,-5.1,2017,11,1,0.0,34.1,2017-01-11,-1.0,0.0,7.4,281
11,20170112,3.2,9.1,0.0,-5.0,2017,12,1,0.0,45.5,2017-01-12,1.2,0.0,6.1,281
12,20170113,3.9,5.1,0.0,-4.0,2017,13,1,0.1,38.5,2017-01-13,-1.0,0.0,5.7,281
13,20170114,4.4,0.2,0.0,-7.6,2017,14,1,0.0,32.0,2017-01-14,-4.5,0.0,7.8,281
14,20170115,3.1,3.1,0.0,-9.1,2017,15,1,0.0,26.3,2017-01-15,-3.7,0.0,7.9,281
15,20170116,1.3,6.0,0.0,-9.8,2017,16,1,0.0,44.4,2017-01-16,-3.1,0.0,7.9,281
16,20170117,0.6,7.8,0.0,-10.3,2017,17,1,0.0,52.5,2017-01-17,-2.7,0.0,6.6,281
17,20170118,1.4,6.4,0.0,-6.8,2017,18,1,0.0,50.5,2017-01-18,0.4,0.0,5.0,281
18,20170119,0.7,9.2,0.0,-7.2,2017,19,1,0.0,69.5,2017-01-19,-0.3,0.0,6.6,281
19,20170120,3.2,1.6,0.0,-4.3,2017,20,1,1.0,65.9,2017-01-20,-1.6,0.0,4.1,281
20,20170121,2.2,3.3,0.0,-8.2,2017,21,1,0.0,60.1,2017-01-21,-2.7,0.0,7.8,281
21,20170122,4.0,-0.2,0.0,-6.4,2017,22,1,0.5,53.6,2017-01-22,-3.2,0.0,7.8,281
22,20170123,4.0,0.0,0.0,-8.6,2017,23,1,0.0,40.5,2017-01-23,-4.8,0.0,7.8,281
23,20170124,2.3,2.9,0.0,-7.8,2017,24,1,0.0,40.8,2017-01-24,-3.5,0.0,7.9,281
24,20170125,1.8,5.5,0.0,-8.7,2017,25,1,0.0,38.4,2017-01-25,-2.0,0.0,7.9,281
25,20170126,1.3,9.2,0.0,-11.4,2017,26,1,0.0,38.6,2017-01-26,-0.8,0.0,8.0,281
26,20170127,3.7,7.6,0.0,0.1,2017,27,1,0.0,26.1,2017-01-27,4.2,0.0,5.7,281
27,20170128,1.1,11.0,0.0,-7.8,2017,28,1,0.0,29.9,2017-01-28,1.3,0.0,8.1,281
28,20170129,0.8,6.4,0.0,-0.8,2017,29,1,0.5,55.4,2017-01-29,3.8,0.0,0.0,281
29,20170130,4.0,4.5,0.0,-4.8,2017,30,1,0.5,52.4,2017-01-30,0.9,0.0,6.8,281
30,20170131,2.0,7.2,0.0,-7.9,2017,31,1,0.0,39.3,2017-01-31,-1.0,0.0,8.3,281
31,20170201,3.8,6.1,0.0,-2.6,2017,1,2,0.0,30.8,2017-02-01,0.6,0.0,5.9,281
32,20170202,3.6,7.9,0.0,-4.9,2017,2,2,0.0,27.0,2017-02-02,0.9,0.0,8.8,281
33,20170203,2.7,10.1,0.0,-1.8,2017,3,2,0.0,42.1,2017-02-03,3.9,0.0,8.8,281
34,20170204,0.9,13.9,0.0,-4.6,2017,4,2,0.0,37.4,2017-02-04,5.0,0.0,6.9,281
35,20170205,2.6,13.2,0.0,2.3,2017,5,2,0.4,63.0,2017-02-05,5.8,0.0,5.4,281
36,20170206,3.7,7.3,0.0,-1.2,2017,6,2,0.0,39.3,2017-02-06,2.3,0.0,9.3,281
37,20170207,1.1,8.7,0.0,-5.9,2017,7,2,0.0,48.6,2017-02-07,0.7,0.0,5.8,281
38,20170208,1.8,8.1,0.0,-5.0,2017,8,2,0.0,51.3,2017-02-08,1.9,0.0,1.8,281
39,20170209,4.9,3.2,0.0,-5.1,2017,9,2,0.0,35.9,2017-02-09,-0.8,0.0,7.7,281
40,20170210,5.0,0.7,0.0,-5.9,2017,10,2,0.0,39.4,2017-02-10,-3.2,0.0,9.5,281
41,20170211,4.0,2.9,0.0,-7.1,2017,11,2,0.0,40.6,2017-02-11,-2.3,0.0,10.1,281
42,20170212,2.9,7.0,0.0,-6.4,2017,12,2,0.0,41.0,2017-02-12,0.2,0.0,9.6,281
43,20170213,2.8,8.6,0.0,-4.3,2017,13,2,0.5,50.9,2017-02-13,2.3,0.0,9.5,281
44,20170214,1.4,7.7,0.0,-4.8,2017,14,2,0.5,69.3,2017-02-14,1.0,0.0,9.2,281
45,20170215,1.4,13.3,0.0,-7.6,2017,15,2,0.0,45.9,2017-02-15,2.1,0.0,9.6,281
46,20170216,1.7,16.7,0.0,-5.4,2017,16,2,0.5,50.5,2017-02-16,7.6,0.0,9.4,281
47,20170217,4.1,13.6,0.0,1.2,2017,17,2,0.5,42.5,2017-02-17,9.1,0.0,6.1,281
48,20170218,4.1,6.5,0.0,-3.3,2017,18,2,0.0,28.3,2017-02-18,1.3,0.0,10.3,281
49,20170219,2.0,11.7,0.0,-4.7,2017,19,2,2.5,51.8,2017-02-19,3.9,0.0,7.4,281
50,20170220,3.8,9.5,0.0,-1.7,2017,20,2,3.5,55.6,2017-02-20,5.1,0.0,7.3,281
51,20170221,1.4,9.6,0.0,-7.3,2017,21,2,0.0,55.4,2017-02-21,1.6,0.0,10.3,281
52,20170222,1.0,5.9,0.0,-1.0,2017,22,2,20.0,88.4,2017-02-22,3.5,0.0,0.0,281
53,20170223,3.8,5.2,0.0,-1.6,2017,23,2,0.0,53.0,2017-02-23,2.4,0.0,3.5,281
54,20170224,3.6,7.5,0.0,-3.5,2017,24,2,0.0,39.0,2017-02-24,1.0,0.0,10.5,281
55,20170225,2.4,10.6,0.0,-2.2,2017,25,2,0.0,43.9,2017-02-25,3.5,0.0,10.6,281
56,20170226,1.3,11.9,0.0,-2.9,2017,26,2,0.0,54.8,2017-02-26,4.0,0.0,10.3,281
57,20170227,1.4,11.8,0.0,-3.2,2017,27,2,0.1,76.8,2017-02-27,3.1,0.0,7.8,281
58,20170228,0.9,14.2,0.0,-2.1,2017,28,2,0.0,62.0,2017-02-28,4.8,0.0,9.6,281
59,20170301,0.9,14.2,0.0,-1.4,2017,1,3,0.0,50.9,2017-03-01,5.8,0.0,4.7,281
60,20170302,3.1,8.8,0.0,1.4,2017,2,3,1.0,64.9,2017-03-02,5.0,0.0,2.8,281
61,20170303,2.1,13.7,0.0,-3.2,2017,3,3,0.0,41.0,2017-03-03,4.8,0.0,10.8,281
62,20170304,0.9,16.4,0.0,-1.6,2017,4,3,0.0,49.0,2017-03-04,6.4,0.0,9.5,281
63,20170305,1.0,16.1,0.0,-1.2,2017,5,3,0.0,50.5,2017-03-05,6.8,0.0,7.7,281
64,20170306,4.2,9.0,0.0,0.4,2017,6,3,0.0,33.6,2017-03-06,5.0,0.0,10.3,281
65,20170307,3.8,6.4,0.0,-2.1,2017,7,3,0.0,35.4,2017-03-07,1.5,0.0,9.3,281
66,20170308,3.9,7.0,0.0,-4.2,2017,8,3,0.0,41.6,2017-03-08,1.6,0.0,10.2,281
67,20170309,3.5,13.4,0.0,-0.3,2017,9,3,0.0,32.5,2017-03-09,6.6,0.0,10.6,281
68,20170310,2.7,13.9,0.0,-1.0,2017,10,3,0.0,34.0,2017-03-10,6.3,0.0,10.9,281
69,20170311,1.4,16.6,0.0,-4.9,2017,11,3,0.0,48.4,2017-03-11,5.9,0.0,10.8,281
70,20170312,1.3,19.3,0.0,-2.6,2017,12,3,0.0,43.0,2017-03-12,8.9,0.0,8.9,281
71,20170313,2.2,15.8,0.0,3.0,2017,13,3,0.0,44.1,2017-03-13,9.7,0.0,9.1,281
72,20170314,1.5,14.4,0.0,2.5,2017,14,3,0.0,61.5,2017-03-14,6.9,0.0,7.0,281
73,20170315,1.4,13.0,0.0,-2.9,2017,15,3,0.0,61.9,2017-03-15,4.9,0.0,11.0,281
74,20170316,0.9,14.9,0.0,-2.1,2017,16,3,0.0,55.9,2017-03-16,6.7,0.0,8.6,281
75,20170317,1.2,17.1,0.0,-2.5,2017,17,3,0.0,50.1,2017-03-17,7.2,0.0,10.9,281
76,20170318,1.2,18.0,0.0,-0.1,2017,18,3,0.0,45.9,2017-03-18,8.2,0.0,6.9,281
77,20170319,1.4,19.0,0.0,-1.6,2017,19,3,0.0,47.4,2017-03-19,8.3,0.0,10.5,281
78,20170320,1.2,15.5,0.0,-1.1,2017,20,3,5.0,77.8,2017-03-20,7.6,0.0,3.2,281
79,20170321,2.2,16.0,0.0,2.1,2017,21,3,3.5,70.5,2017-03-21,8.0,0.0,9.5,281
80,20170322,1.4,16.1,0.0,-1.7,2017,22,3,0.0,50.1,2017-03-22,7.7,0.0,9.8,281
81,20170323,1.8,17.4,0.0,5.3,2017,23,3,0.0,42.1,2017-03-23,10.4,0.0,8.4,281
82,20170324,1.7,13.2,0.0,1.9,2017,24,3,0.0,53.8,2017-03-24,8.1,0.0,4.2,281
83,20170325,1.5,11.3,0.0,3.7,2017,25,3,10.5,81.6,2017-03-25,6.6,0.0,0.6,281
84,20170326,1.1,11.3,0.0,3.7,2017,26,3,10.5,87.0,2017-03-26,6.0,0.0,1.6,281
85,20170327,2.1,12.3,0.0,0.6,2017,27,3,0.5,74.1,2017-03-27,5.7,0.0,4.5,281
86,20170328,1.3,15.4,0.0,-0.8,2017,28,3,0.0,59.1,2017-03-28,7.8,0.0,9.0,281
87,20170329,1.7,16.1,0.0,4.6,2017,29,3,0.5,67.9,2017-03-29,9.7,0.0,9.5,281
88,20170330,1.7,20.4,0.0,2.8,2017,30,3,0.0,63.3,2017-03-30,11.0,0.0,9.9,281
89,20170331,1.8,10.6,0.0,7.0,2017,31,3,0.5,72.1,2017-03-31,9.0,0.0,0.0,281
90,20170401,1.5,11.8,0.0,3.8,2017,1,4,15.0,87.4,2017-04-01,7.2,0.0,2.3,281
91,20170402,1.5,16.1,0.0,1.9,2017,2,4,0.0,66.6,2017-04-02,7.9,0.0,9.7,281
92,20170403,2.6,22.3,0.0,2.3,2017,3,4,0.0,36.6,2017-04-03,12.5,0.0,11.6,281
93,20170404,1.4,23.6,0.0,1.7,2017,4,4,0.0,43.8,2017-04-04,14.1,0.0,10.5,281
94,20170405,1.1,17.8,0.0,9.4,2017,5,4,1.0,67.9,2017-04-05,13.9,0.0,0.0,281
95,20170406,1.8,19.9,0.0,13.3,2017,6,4,9.0,83.6,2017-04-06,16.3,0.0,0.2,281
96,20170407,1.9,22.0,0.0,7.6,2017,7,4,0.0,67.8,2017-04-07,14.5,0.0,11.8,281
97,20170408,1.5,27.4,0.0,6.2,2017,8,4,0.0,56.8,2017-04-08,16.8,0.0,9.6,281
98,20170409,2.7,15.5,0.0,9.6,2017,9,4,0.0,57.9,2017-04-09,12.8,0.0,1.9,281
99,20170410,2.7,16.3,0.0,6.1,2017,10,4,0.5,55.9,2017-04-10,11.6,0.0,9.5,281
100,20170411,2.4,18.8,0.0,8.2,2017,11,4,19.5,70.9,2017-04-11,12.5,0.0,5.9,281
101,20170412,3.1,19.4,0.0,9.5,2017,12,4,0.0,25.5,2017-04-12,13.8,0.0,8.8,281
102,20170413,2.4,22.9,0.0,4.7,2017,13,4,0.0,28.9,2017-04-13,14.6,0.0,11.3,281
103,20170414,3.0,22.1,0.0,4.6,2017,14,4,0.0,49.0,2017-04-14,15.2,0.0,8.4,281
104,20170415,2.0,26.8,0.0,10.7,2017,15,4,0.0,44.1,2017-04-15,19.0,0.0,10.7,281
105,20170416,1.2,29.5,0.0,7.8,2017,16,4,0.0,42.8,2017-04-16,18.4,0.0,11.2,281
106,20170417,1.2,16.9,0.0,10.3,2017,17,4,20.0,81.6,2017-04-17,13.2,0.0,0.0,281
107,20170418,2.4,23.0,0.0,8.9,2017,18,4,5.4,63.8,2017-04-18,15.4,0.0,9.0,281
108,20170419,4.0,21.5,0.0,9.7,2017,19,4,0.0,33.6,2017-04-19,15.5,0.0,12.0,281
109,20170420,1.7,20.8,0.0,10.2,2017,20,4,0.2,53.0,2017-04-20,13.6,0.0,1.6,281
110,20170421,2.1,22.1,0.0,7.4,2017,21,4,0.0,58.9,2017-04-21,14.1,0.0,9.2,281
111,20170422,1.6,20.3,0.0,6.0,2017,22,4,0.0,67.0,2017-04-22,12.3,0.0,10.7,281
112,20170423,1.4,23.9,0.0,4.2,2017,23,4,0.0,57.1,2017-04-23,14.0,0.0,11.8,281
113,20170424,1.8,24.7,0.0,4.8,2017,24,4,0.0,45.6,2017-04-24,16.2,0.0,12.1,281
114,20170425,1.8,24.8,0.0,10.5,2017,25,4,0.0,53.6,2017-04-25,18.5,0.0,6.9,281
115,20170426,1.7,21.1,0.0,9.2,2017,26,4,9.0,72.5,2017-04-26,14.5,0.0,6.7,281
116,20170427,2.4,21.3,0.0,6.8,2017,27,4,0.0,39.3,2017-04-27,13.4,0.0,10.4,281
117,20170428,2.5,26.3,0.0,2.8,2017,28,4,0.0,34.8,2017-04-28,16.0,0.0,11.5,281
118,20170429,2.4,27.9,0.0,6.7,2017,29,4,0.0,31.5,2017-04-29,18.7,0.0,12.2,281
119,20170430,2.2,30.7,0.0,8.6,2017,30,4,0.0,39.0,2017-04-30,21.4,0.0,11.9,281
120,20170501,2.6,22.9,0.0,9.4,2017,1,5,0.0,46.5,2017-05-01,16.7,0.0,11.9,281
121,20170502,2.0,22.8,0.0,6.0,2017,2,5,0.0,51.9,2017-05-02,14.9,0.0,12.1,281
122,20170503,1.3,28.9,0.0,5.9,2017,3,5,0.0,46.3,2017-05-03,17.5,0.0,12.2,281
123,20170504,1.3,27.6,0.0,7.9,2017,4,5,0.0,56.5,2017-05-04,19.1,0.0,8.9,281
124,20170505,1.5,27.8,0.0,13.7,2017,5,5,6.5,75.6,2017-05-05,20.0,0.0,5.6,281
125,20170506,3.0,24.6,0.0,14.0,2017,6,5,0.0,32.5,2017-05-06,18.7,0.0,8.8,281
126,20170507,3.3,27.9,0.0,9.7,2017,7,5,0.0,26.6,2017-05-07,20.0,0.0,12.0,281
127,20170508,2.1,28.2,0.0,12.2,2017,8,5,0.0,28.3,2017-05-08,20.8,0.0,7.4,281
128,20170509,1.4,19.7,0.0,13.3,2017,9,5,17.0,81.5,2017-05-09,15.3,0.0,0.0,281
129,20170510,1.4,21.4,0.0,13.4,2017,10,5,0.2,81.1,2017-05-10,16.2,0.0,1.4,281
130,20170511,1.6,27.5,0.0,11.5,2017,11,5,0.2,67.9,2017-05-11,19.6,0.0,10.2,281
131,20170512,1.0,20.8,0.0,14.4,2017,12,5,0.0,83.5,2017-05-12,17.1,0.0,0.0,281
132,20170513,1.9,28.4,0.0,11.8,2017,13,5,0.0,60.0,2017-05-13,19.8,0.0,9.7,281
133,20170514,3.6,26.2,0.0,13.9,2017,14,5,0.0,31.9,2017-05-14,19.5,0.0,12.5,281
134,20170515,2.8,24.8,0.0,10.8,2017,15,5,0.0,40.0,2017-05-15,17.6,0.0,11.4,281
135,20170516,1.5,23.3,0.0,9.0,2017,16,5,0.5,62.0,2017-05-16,16.7,0.0,5.3,281
136,20170517,1.7,24.8,0.0,13.6,2017,17,5,0.0,65.8,2017-05-17,18.1,0.0,9.2,281
137,20170518,1.8,29.7,0.0,10.4,2017,18,5,0.0,50.4,2017-05-18,21.2,0.0,12.5,281
138,20170519,3.4,32.0,0.0,16.2,2017,19,5,0.0,28.3,2017-05-19,24.8,0.0,12.8,281
139,20170520,2.1,31.5,0.0,16.4,2017,20,5,0.0,31.3,2017-05-20,24.2,0.0,12.6,281
140,20170521,1.5,31.5,0.0,12.8,2017,21,5,0.0,46.0,2017-05-21,22.5,0.0,10.1,281
141,20170522,2.1,28.7,0.0,12.2,2017,22,5,0.0,59.6,2017-05-22,19.9,0.0,12.4,281
142,20170523,1.4,27.7,0.0,12.0,2017,23,5,0.0,59.0,2017-05-23,20.9,0.0,5.1,281
143,20170524,1.5,25.0,0.0,15.6,2017,24,5,0.2,75.0,2017-05-24,19.6,0.0,4.3,281
144,20170525,2.5,32.3,0.0,13.7,2017,25,5,0.0,52.6,2017-05-25,22.1,0.0,10.8,281
145,20170526,2.5,24.2,0.0,10.2,2017,26,5,0.0,59.4,2017-05-26,15.9,0.0,9.4,281
146,20170527,1.9,27.7,0.0,8.3,2017,27,5,0.0,56.1,2017-05-27,17.9,0.0,12.6,281
147,20170528,1.9,31.2,0.0,10.3,2017,28,5,0.0,48.9,2017-05-28,22.1,0.0,12.9,281
148,20170529,2.6,36.1,0.0,19.6,2017,29,5,0.0,34.3,2017-05-29,27.7,0.0,25.5,281
149,20170530,1.6,34.2,0.0,16.4,2017,30,5,0.0,40.0,2017-05-30,25.5,0.0,7.2,281
150,20170531,1.2,32.0,0.0,15.9,2017,31,5,0.0,48.8,2017-05-31,23.9,0.0,4.5,281
151,20170601,1.9,31.7,0.0,15.5,2017,1,6,1.0,68.5,2017-06-01,21.6,0.0,7.9,281
152,20170602,2.4,27.5,0.0,13.0,2017,2,6,0.5,54.1,2017-06-02,18.6,0.0,12.5,281
153,20170603,2.4,27.9,0.0,12.9,2017,3,6,0.0,48.0,2017-06-03,19.4,0.0,12.7,281
154,20170604,2.0,28.3,0.0,9.4,2017,4,6,0.0,49.6,2017-06-04,18.6,0.0,12.8,281
155,20170605,2.2,25.8,0.0,10.5,2017,5,6,0.0,55.0,2017-06-05,18.4,0.0,13.0,281
156,20170606,1.7,21.6,0.0,12.3,2017,6,6,1.5,72.3,2017-06-06,17.6,0.0,0.7,281
157,20170607,1.9,25.8,0.0,17.2,2017,7,6,0.3,70.8,2017-06-07,20.8,0.0,0.3,281
158,20170608,3.0,29.0,0.0,17.1,2017,8,6,0.0,46.8,2017-06-08,22.4,0.0,12.0,281
159,20170609,2.2,32.7,0.0,15.5,2017,9,6,0.0,38.3,2017-06-09,24.9,0.0,11.9,281
160,20170610,2.3,29.3,0.0,17.0,2017,10,6,0.0,39.8,2017-06-10,21.6,0.0,4.8,281
161,20170611,2.2,27.1,0.0,14.9,2017,11,6,0.0,44.5,2017-06-11,20.1,0.0,12.1,281
162,20170612,2.3,23.6,0.0,11.9,2017,12,6,0.0,57.0,2017-06-12,18.2,0.0,11.7,281
163,20170613,1.6,28.6,0.0,13.0,2017,13,6,0.5,61.0,2017-06-13,19.7,0.0,8.4,281
164,20170614,2.0,29.7,0.0,13.7,2017,14,6,0.0,51.8,2017-06-14,22.3,0.0,12.5,281
165,20170615,2.7,33.5,0.0,19.4,2017,15,6,0.0,39.4,2017-06-15,25.5,0.0,13.1,281
166,20170616,2.8,26.5,0.0,16.6,2017,16,6,0.0,62.8,2017-06-16,20.9,0.0,12.7,281
167,20170617,1.8,32.0,0.0,14.3,2017,17,6,0.0,60.6,2017-06-17,22.2,0.0,12.4,281
168,20170618,1.9,34.7,0.0,15.7,2017,18,6,0.0,57.4,2017-06-18,24.5,0.0,12.1,281
169,20170619,1.4,36.9,0.0,16.8,2017,19,6,0.0,46.6,2017-06-19,27.3,0.0,11.5,281
170,20170620,1.7,31.4,0.0,18.8,2017,20,6,2.0,54.6,2017-06-20,24.6,0.0,2.8,281
171,20170621,1.5,31.1,0.0,18.4,2017,21,6,0.5,63.0,2017-06-21,23.5,0.0,6.6,281
172,20170622,1.5,31.6,0.0,16.3,2017,22,6,0.0,56.5,2017-06-22,24.4,0.0,11.9,281
173,20170623,2.1,32.1,0.0,18.0,2017,23,6,0.0,58.5,2017-06-23,25.1,0.0,10.5,281
174,20170624,1.8,32.6,0.0,18.5,2017,24,6,0.0,56.8,2017-06-24,24.9,0.0,6.4,281
175,20170625,1.9,30.3,0.0,18.5,2017,25,6,8.0,64.0,2017-06-25,23.4,0.0,6.8,281
176,20170626,1.7,26.1,0.0,19.9,2017,26,6,0.2,77.0,2017-06-26,22.3,0.0,2.4,281
177,20170627,1.5,29.2,0.0,18.8,2017,27,6,0.0,66.9,2017-06-27,23.9,0.0,4.2,281
178,20170628,1.6,32.2,0.0,18.0,2017,28,6,0.0,64.1,2017-06-28,24.8,0.0,7.9,281
179,20170629,1.2,30.2,0.0,19.4,2017,29,6,0.1,63.8,2017-06-29,25.0,0.0,4.5,281
180,20170630,1.9,33.4,0.0,21.5,2017,30,6,0.0,61.3,2017-06-30,27.3,0.0,9.6,281
181,20170701,2.1,31.6,0.0,25.0,2017,1,7,0.1,63.9,2017-07-01,27.7,0.0,0.9,281
182,20170702,1.6,33.0,0.0,23.6,2017,2,7,2.0,69.3,2017-07-02,27.5,0.0,1.3,281
183,20170703,2.8,34.1,0.0,26.6,2017,3,7,0.2,62.4,2017-07-03,28.9,0.0,2.6,281
184,20170704,1.6,32.3,0.0,23.1,2017,4,7,7.0,74.4,2017-07-04,26.2,0.0,2.2,281
185,20170705,1.8,32.8,0.0,21.4,2017,5,7,0.0,69.0,2017-07-05,26.3,0.0,9.0,281
186,20170706,1.3,34.1,0.0,21.6,2017,6,7,0.0,70.6,2017-07-06,27.0,0.0,6.1,281
187,20170707,1.1,30.4,0.0,23.7,2017,7,7,1.0,73.3,2017-07-07,27.1,0.0,2.1,281
188,20170708,1.4,30.9,0.0,23.8,2017,8,7,1.0,76.5,2017-07-08,26.9,0.0,1.3,281
189,20170709,1.5,36.1,0.0,24.1,2017,9,7,6.5,68.3,2017-07-09,29.2,0.0,8.5,281
190,20170710,1.7,33.2,0.0,25.4,2017,10,7,0.0,67.4,2017-07-10,28.9,0.0,1.0,281
191,20170711,2.3,33.9,0.0,27.1,2017,11,7,0.0,56.9,2017-07-11,29.7,0.0,4.0,281
192,20170712,2.3,37.5,0.0,24.5,2017,12,7,0.0,53.4,2017-07-12,30.4,0.0,11.9,281
193,20170713,1.9,38.9,0.0,22.0,2017,13,7,0.0,51.3,2017-07-13,30.4,0.0,12.6,281
194,20170714,2.0,35.8,0.0,21.8,2017,14,7,96.5,70.3,2017-07-14,27.1,0.0,7.4,281
195,20170715,1.3,29.6,0.0,22.2,2017,15,7,1.0,80.4,2017-07-15,25.6,0.0,0.5,281
196,20170716,1.6,33.6,0.0,23.7,2017,16,7,0.0,71.9,2017-07-16,27.4,0.0,2.1,281
197,20170717,1.8,33.6,0.0,22.5,2017,17,7,8.5,75.1,2017-07-17,26.7,0.0,3.4,281
198,20170718,1.8,32.3,0.0,22.4,2017,18,7,0.5,71.8,2017-07-18,27.1,0.0,8.1,281
199,20170719,1.4,35.4,0.0,22.4,2017,19,7,0.0,66.3,2017-07-19,28.7,0.0,10.2,281
200,20170720,1.4,36.1,0.0,23.3,2017,20,7,0.0,63.6,2017-07-20,29.6,0.0,10.6,281
201,20170721,1.5,37.4,0.0,24.5,2017,21,7,0.0,63.3,2017-07-21,30.8,0.0,10.3,281
202,20170722,1.4,34.8,0.0,22.1,2017,22,7,1.5,77.1,2017-07-22,27.1,0.0,1.4,281
203,20170723,1.1,31.8,0.0,22.2,2017,23,7,0.0,81.5,2017-07-23,27.1,0.0,0.0,281
204,20170724,0.9,35.4,0.0,25.9,2017,24,7,3.5,86.0,2017-07-24,27.9,0.0,2.6,281
205,20170725,1.2,26.4,0.0,22.8,2017,25,7,16.0,87.9,2017-07-25,25.1,0.0,0.0,281
206,20170726,2.1,29.4,0.0,19.2,2017,26,7,0.0,67.8,2017-07-26,24.3,0.0,10.3,281
207,20170727,1.5,32.7,0.0,16.8,2017,27,7,0.0,61.3,2017-07-27,25.2,0.0,12.8,281
208,20170728,1.6,33.5,0.0,20.1,2017,28,7,0.0,65.5,2017-07-28,26.8,0.0,6.3,281
209,20170729,1.7,25.6,0.0,22.2,2017,29,7,22.0,88.8,2017-07-29,23.0,0.0,0.0,281
210,20170730,0.8,30.8,0.0,22.2,2017,30,7,0.0,79.6,2017-07-30,25.8,0.0,2.1,281
211,20170731,1.0,26.4,0.0,22.6,2017,31,7,14.0,91.6,2017-07-31,24.7,0.0,0.0,281
212,20170801,1.3,32.0,0.0,23.5,2017,1,8,2.5,79.4,2017-08-01,26.2,0.0,6.2,281
213,20170802,1.3,31.3,0.0,22.0,2017,2,8,0.0,75.6,2017-08-02,25.4,0.0,5.3,281
214,20170803,1.8,31.4,0.0,21.0,2017,3,8,0.0,74.0,2017-08-03,25.8,0.0,8.6,281
215,20170804,1.8,34.2,0.0,22.7,2017,4,8,0.0,70.8,2017-08-04,28.4,0.0,10.5,281
216,20170805,1.6,35.3,0.0,23.2,2017,5,8,0.0,70.3,2017-08-05,29.1,0.0,12.2,281
217,20170806,1.4,37.1,0.0,24.1,2017,6,8,0.0,65.5,2017-08-06,29.9,0.0,11.4,281
218,20170807,1.7,36.3,0.0,24.2,2017,7,8,0.0,67.3,2017-08-07,28.7,0.0,11.1,281
219,20170808,1.6,35.4,0.0,22.9,2017,8,8,0.0,61.0,2017-08-08,28.9,0.0,11.0,281
220,20170809,1.3,29.6,0.0,24.5,2017,9,8,13.0,83.5,2017-08-09,26.5,0.0,0.3,281
221,20170810,0.9,27.4,0.0,23.3,2017,10,8,75.5,92.3,2017-08-10,24.8,0.0,0.0,281
222,20170811,1.2,30.7,0.0,21.8,2017,11,8,0.2,78.9,2017-08-11,25.3,0.0,6.5,281
223,20170812,1.4,29.1,0.0,20.5,2017,12,8,0.0,74.1,2017-08-12,24.3,0.0,7.0,281
224,20170813,1.4,27.3,0.0,19.4,2017,13,8,0.0,77.1,2017-08-13,23.3,0.0,0.7,281
225,20170814,1.2,24.3,0.0,21.6,2017,14,8,56.0,91.6,2017-08-14,22.5,0.0,0.0,281
226,20170815,1.3,25.5,0.0,21.7,2017,15,8,14.5,92.8,2017-08-15,23.4,0.0,0.0,281
227,20170816,1.1,28.8,0.0,23.0,2017,16,8,2.0,80.5,2017-08-16,25.4,0.0,3.6,281
228,20170817,1.8,29.3,0.0,22.7,2017,17,8,0.0,77.4,2017-08-17,24.8,0.0,5.0,281
229,20170818,1.2,31.9,0.0,20.8,2017,18,8,0.0,73.5,2017-08-18,25.5,0.0,8.3,281
230,20170819,1.5,29.8,0.0,22.3,2017,19,8,5.0,79.9,2017-08-19,25.3,0.0,3.2,281
231,20170820,1.9,29.1,0.0,23.3,2017,20,8,0.5,82.8,2017-08-20,25.5,0.0,1.7,281
232,20170821,1.0,32.0,0.0,23.4,2017,21,8,13.5,87.9,2017-08-21,25.6,0.0,4.0,281
233,20170822,1.3,32.7,0.0,23.2,2017,22,8,1.5,78.5,2017-08-22,27.3,0.0,7.8,281
234,20170823,1.5,35.1,0.0,23.9,2017,23,8,3.5,75.3,2017-08-23,29.0,0.0,8.7,281
235,20170824,2.4,34.7,0.0,24.8,2017,24,8,3.0,68.5,2017-08-24,29.9,0.0,7.7,281
236,20170825,1.6,33.1,0.0,21.1,2017,25,8,1.0,66.3,2017-08-25,27.0,0.0,8.1,281
237,20170826,1.7,31.8,0.0,16.8,2017,26,8,0.0,58.6,2017-08-26,23.6,0.0,11.1,281
238,20170827,1.1,30.5,0.0,15.4,2017,27,8,0.0,67.6,2017-08-27,22.4,0.0,10.8,281
239,20170828,1.2,32.6,0.0,17.1,2017,28,8,0.0,64.4,2017-08-28,25.3,0.0,11.1,281
240,20170829,2.0,31.8,0.0,20.1,2017,29,8,0.0,57.4,2017-08-29,25.8,0.0,10.4,281
241,20170830,1.7,25.8,0.0,17.1,2017,30,8,0.0,55.4,2017-08-30,20.9,0.0,1.0,281
242,20170831,1.3,28.2,0.0,13.5,2017,31,8,0.0,64.3,2017-08-31,20.6,0.0,11.0,281
243,20170901,1.9,26.5,0.0,15.1,2017,1,9,0.0,64.5,2017-09-01,20.2,0.0,10.5,281
244,20170902,1.4,26.4,0.0,12.3,2017,2,9,0.0,67.6,2017-09-02,19.5,0.0,9.8,281
245,20170903,1.3,27.4,0.0,13.0,2017,3,9,0.0,67.0,2017-09-03,20.4,0.0,11.4,281
246,20170904,1.4,27.4,0.0,16.0,2017,4,9,0.0,72.8,2017-09-04,21.2,0.0,8.1,281
247,20170905,0.7,26.2,0.0,16.9,2017,5,9,0.5,82.9,2017-09-05,21.3,0.0,0.3,281
248,20170906,1.2,25.4,0.0,18.4,2017,6,9,5.0,84.1,2017-09-06,21.4,0.0,0.1,281
249,20170907,1.5,28.6,0.0,18.0,2017,7,9,0.5,74.4,2017-09-07,21.9,0.0,6.4,281
250,20170908,1.0,30.3,0.0,15.2,2017,8,9,0.0,71.4,2017-09-08,22.7,0.0,9.6,281
251,20170909,0.9,31.2,0.0,16.0,2017,9,9,0.0,73.3,2017-09-09,22.4,0.0,7.5,281
252,20170910,1.4,28.9,0.0,16.0,2017,10,9,0.0,73.1,2017-09-10,22.4,0.0,4.2,281
253,20170911,1.3,22.5,0.0,19.6,2017,11,9,41.5,91.1,2017-09-11,20.8,0.0,0.0,281
254,20170912,1.8,29.9,0.0,18.8,2017,12,9,0.0,66.1,2017-09-12,23.5,0.0,10.8,281
255,20170913,1.6,28.5,0.0,14.3,2017,13,9,0.0,59.0,2017-09-13,21.2,0.0,11.3,281
256,20170914,1.5,26.9,0.0,13.4,2017,14,9,0.0,69.6,2017-09-14,19.7,0.0,11.0,281
257,20170915,2.8,24.5,0.0,15.3,2017,15,9,0.0,61.1,2017-09-15,20.3,0.0,7.1,281
258,20170916,3.1,24.7,0.0,19.0,2017,16,9,0.0,60.8,2017-09-16,21.8,0.0,2.1,281
259,20170917,2.1,24.9,0.0,17.3,2017,17,9,0.0,73.0,2017-09-17,21.6,0.0,0.5,281
260,20170918,1.0,28.6,0.0,14.1,2017,18,9,0.0,70.0,2017-09-18,20.6,0.0,10.6,281
261,20170919,1.3,29.1,0.0,13.4,2017,19,9,0.0,66.4,2017-09-19,22.0,0.0,7.6,281
262,20170920,2.3,25.7,0.0,12.4,2017,20,9,0.0,57.8,2017-09-20,20.3,0.0,5.7,281
263,20170921,1.1,27.4,0.0,9.4,2017,21,9,0.0,69.0,2017-09-21,18.4,0.0,10.3,281
264,20170922,0.8,28.1,0.0,12.9,2017,22,9,0.0,68.1,2017-09-22,19.8,0.0,10.7,281
265,20170923,0.9,27.6,0.0,13.7,2017,23,9,0.0,68.0,2017-09-23,20.2,0.0,8.5,281
266,20170924,1.0,29.3,0.0,12.9,2017,24,9,0.0,72.3,2017-09-24,20.6,0.0,9.8,281
267,20170925,1.2,29.4,0.0,14.8,2017,25,9,0.0,72.4,2017-09-25,20.8,0.0,9.3,281
268,20170926,1.3,28.7,0.0,13.9,2017,26,9,0.0,71.6,2017-09-26,21.0,0.0,7.2,281
269,20170927,0.7,20.1,0.0,16.7,2017,27,9,43.0,90.6,2017-09-27,18.4,0.0,0.0,281
270,20170928,1.5,26.2,0.0,15.7,2017,28,9,0.0,65.9,2017-09-28,19.9,0.0,7.0,281
271,20170929,1.8,22.3,0.0,10.6,2017,29,9,0.0,49.1,2017-09-29,15.9,0.0,10.2,281
272,20170930,1.1,27.0,0.0,6.3,2017,30,9,0.0,66.0,2017-09-30,16.1,0.0,11.0,281
273,20171001,0.8,21.0,0.0,9.5,2017,1,10,5.0,80.3,2017-10-01,15.9,0.0,0.2,281
274,20171002,1.2,24.8,0.0,17.6,2017,2,10,16.5,86.4,2017-10-02,20.3,0.0,0.4,281
275,20171003,1.6,23.1,0.0,15.8,2017,3,10,0.0,76.1,2017-10-03,18.9,0.0,5.7,281
276,20171004,1.8,21.7,0.0,13.5,2017,4,10,0.0,67.5,2017-10-04,17.3,0.0,5.1,281
277,20171005,1.2,21.3,0.0,12.2,2017,5,10,0.0,74.1,2017-10-05,15.8,0.0,0.8,281
278,20171006,0.8,19.2,0.0,14.0,2017,6,10,8.0,92.6,2017-10-06,16.4,0.0,0.0,281
279,20171007,0.9,24.5,0.0,16.9,2017,7,10,0.0,83.5,2017-10-07,19.9,0.0,2.4,281
280,20171008,0.9,28.0,0.0,16.4,2017,8,10,0.0,79.0,2017-10-08,21.0,0.0,8.6,281
281,20171009,0.8,29.1,0.0,16.7,2017,9,10,0.0,79.1,2017-10-09,21.1,0.0,8.3,281
282,20171010,1.2,29.3,0.0,15.6,2017,10,10,0.0,75.3,2017-10-10,21.9,0.0,9.1,281
283,20171011,1.5,24.1,0.0,16.9,2017,11,10,0.0,77.0,2017-10-11,19.9,0.0,1.5,281
284,20171012,1.1,17.0,0.0,13.8,2017,12,10,28.5,85.9,2017-10-12,14.5,0.0,0.0,281
285,20171013,2.0,20.6,0.0,10.0,2017,13,10,0.0,62.6,2017-10-13,14.3,0.0,10.2,281
286,20171014,1.2,20.9,0.0,10.2,2017,14,10,0.0,59.8,2017-10-14,14.5,0.0,7.7,281
287,20171015,1.6,19.7,0.0,11.0,2017,15,10,0.2,68.8,2017-10-15,15.3,0.0,0.7,281
288,20171016,1.2,19.7,0.0,10.3,2017,16,10,0.0,72.0,2017-10-16,15.2,0.0,0.0,281
289,20171017,1.4,22.5,0.0,7.5,2017,17,10,0.0,71.0,2017-10-17,15.0,0.0,8.0,281
290,20171018,2.3,18.7,0.0,14.4,2017,18,10,0.0,57.6,2017-10-18,16.4,0.0,0.2,281
291,20171019,1.3,19.4,0.0,11.2,2017,19,10,0.0,76.0,2017-10-19,14.8,0.0,2.3,281
292,20171020,1.0,21.5,0.0,9.3,2017,20,10,0.0,77.9,2017-10-20,14.4,0.0,5.8,281
293,20171021,1.6,22.0,0.0,7.0,2017,21,10,0.0,70.5,2017-10-21,14.5,0.0,9.9,281
294,20171022,3.3,21.0,0.0,11.5,2017,22,10,0.0,53.4,2017-10-22,17.0,0.0,6.2,281
295,20171023,1.5,19.2,0.0,7.4,2017,23,10,0.0,51.3,2017-10-23,13.4,0.0,7.4,281
296,20171024,0.7,18.0,0.0,6.3,2017,24,10,0.0,71.9,2017-10-24,11.0,0.0,2.8,281
297,20171025,0.8,20.1,0.0,4.6,2017,25,10,0.0,75.0,2017-10-25,10.5,0.0,7.0,281
298,20171026,0.5,19.8,0.0,3.3,2017,26,10,0.0,74.1,2017-10-26,11.0,0.0,3.8,281
299,20171027,1.0,21.7,0.0,7.9,2017,27,10,0.0,73.5,2017-10-27,13.7,0.0,4.7,281
300,20171028,1.0,22.2,0.0,8.8,2017,28,10,0.0,75.1,2017-10-28,15.0,0.0,4.3,281
301,20171029,2.6,22.7,0.0,8.3,2017,29,10,0.0,57.9,2017-10-29,14.4,0.0,8.1,281
302,20171030,2.5,15.2,0.0,3.6,2017,30,10,0.0,33.3,2017-10-30,9.1,0.0,9.7,281
303,20171031,1.1,18.6,0.0,-1.6,2017,31,10,0.0,53.3,2017-10-31,7.5,0.0,9.8,281
304,20171101,1.4,19.8,0.0,2.2,2017,1,11,0.0,62.0,2017-11-01,11.1,0.0,8.1,281
305,20171102,0.6,19.9,0.0,5.7,2017,2,11,0.0,72.6,2017-11-02,11.5,0.0,6.6,281
306,20171103,1.7,21.0,0.0,4.9,2017,3,11,0.0,68.5,2017-11-03,11.7,0.0,5.4,281
307,20171104,1.8,15.3,0.0,2.4,2017,4,11,0.0,54.8,2017-11-04,8.1,0.0,6.6,281
308,20171105,1.5,16.4,0.0,1.8,2017,5,11,0.0,54.6,2017-11-05,8.0,0.0,9.1,281
309,20171106,0.9,19.8,0.0,-1.1,2017,6,11,0.0,61.8,2017-11-06,8.3,0.0,8.9,281
310,20171107,1.3,21.0,0.0,2.2,2017,7,11,0.0,63.9,2017-11-07,12.6,0.0,7.5,281
311,20171108,2.5,21.5,0.0,9.0,2017,8,11,0.0,49.4,2017-11-08,14.6,0.0,7.9,281
312,20171109,0.8,19.3,0.0,1.5,2017,9,11,0.0,57.1,2017-11-09,9.2,0.0,8.3,281
313,20171110,2.5,21.2,0.0,2.5,2017,10,11,0.0,61.5,2017-11-10,12.1,0.0,7.9,281
314,20171111,2.8,13.3,0.0,-0.4,2017,11,11,0.0,39.1,2017-11-11,6.9,0.0,8.3,281
315,20171112,0.9,14.9,0.0,-3.3,2017,12,11,0.0,55.4,2017-11-12,4.6,0.0,8.3,281
316,20171113,1.0,16.4,0.0,-2.1,2017,13,11,0.0,54.6,2017-11-13,6.6,0.0,6.5,281
317,20171114,2.5,16.1,0.0,3.4,2017,14,11,0.0,42.0,2017-11-14,9.6,0.0,7.8,281
318,20171115,3.1,11.8,0.0,0.8,2017,15,11,0.0,39.0,2017-11-15,6.6,0.0,5.9,281
319,20171116,1.6,10.0,0.0,-2.3,2017,16,11,0.0,46.0,2017-11-16,3.1,0.0,7.9,281
320,20171117,0.6,11.9,0.0,-5.1,2017,17,11,0.0,49.6,2017-11-17,4.3,0.0,5.4,281
321,20171118,3.4,9.2,0.0,-1.5,2017,18,11,0.0,33.8,2017-11-18,3.8,0.0,7.6,281
322,20171119,3.3,5.9,0.0,-3.2,2017,19,11,0.0,27.4,2017-11-19,1.5,0.0,7.8,281
323,20171120,2.8,9.0,0.0,-1.5,2017,20,11,0.0,40.0,2017-11-20,3.7,0.0,7.6,281
324,20171121,0.9,12.8,0.0,-5.0,2017,21,11,0.0,56.6,2017-11-21,2.3,0.0,7.8,281
325,20171122,1.6,11.7,0.0,-2.6,2017,22,11,0.0,54.1,2017-11-22,5.2,0.0,1.1,281
326,20171123,2.8,7.8,0.0,-1.6,2017,23,11,0.0,40.9,2017-11-23,3.0,0.0,6.5,281
327,20171124,2.2,7.6,0.0,-1.6,2017,24,11,0.1,65.3,2017-11-24,2.1,0.0,4.5,281
328,20171125,1.4,10.5,0.0,-5.8,2017,25,11,0.0,60.0,2017-11-25,3.3,0.0,6.9,281
329,20171126,1.3,13.9,0.0,-1.3,2017,26,11,0.0,70.4,2017-11-26,6.0,0.0,5.1,281
330,20171127,0.5,15.3,0.0,-2.2,2017,27,11,0.0,72.8,2017-11-27,4.9,0.0,7.3,281
331,20171128,0.9,16.8,0.0,-0.9,2017,28,11,0.0,71.4,2017-11-28,6.6,0.0,4.4,281
332,20171129,2.1,14.8,0.0,1.3,2017,29,11,0.0,47.3,2017-11-29,8.8,0.0,5.8,281
333,20171130,3.9,8.6,0.0,-1.2,2017,30,11,0.0,20.5,2017-11-30,4.2,0.0,5.8,281
334,20171201,2.8,4.6,0.0,-6.4,2017,1,12,0.0,29.6,2017-12-01,-0.9,0.0,7.7,281
335,20171202,1.0,8.4,0.0,-8.6,2017,2,12,0.0,49.9,2017-12-02,-0.8,0.0,7.7,281
336,20171203,0.7,13.0,0.0,-6.3,2017,3,12,0.0,61.9,2017-12-03,2.4,0.0,7.6,281
337,20171204,3.0,8.8,0.0,-1.8,2017,4,12,0.0,51.4,2017-12-04,2.3,0.0,5.3,281
338,20171205,4.2,2.6,0.0,-4.9,2017,5,12,0.0,34.3,2017-12-05,-1.7,0.0,7.7,281
339,20171206,0.8,7.7,0.0,-7.8,2017,6,12,0.0,54.9,2017-12-06,-1.1,0.0,6.0,281
340,20171207,1.3,7.2,0.0,-4.7,2017,7,12,0.0,60.9,2017-12-07,0.8,0.0,2.3,281
341,20171208,3.7,3.4,0.0,-4.2,2017,8,12,0.0,32.4,2017-12-08,-0.9,0.0,7.6,281
342,20171209,1.6,7.6,0.0,-6.4,2017,9,12,0.0,52.1,2017-12-09,0.9,0.0,6.5,281
343,20171210,2.0,10.3,0.0,-2.5,2017,10,12,0.0,60.9,2017-12-10,3.6,0.0,2.3,281
344,20171211,5.2,3.0,0.0,-6.3,2017,11,12,0.0,36.5,2017-12-11,-2.0,0.0,7.3,281
345,20171212,3.7,-0.7,0.0,-9.1,2017,12,12,0.0,25.6,2017-12-12,-5.3,0.0,7.6,281
346,20171213,3.1,2.2,0.0,-8.6,2017,13,12,0.0,24.1,2017-12-13,-4.1,0.0,7.7,281
347,20171214,0.8,5.2,0.0,-13.4,2017,14,12,0.0,43.3,2017-12-14,-3.9,0.0,7.4,281
348,20171215,1.6,7.5,0.0,-9.6,2017,15,12,0.0,37.3,2017-12-15,-0.7,0.0,6.7,281
349,20171216,4.1,3.1,0.0,-4.9,2017,16,12,0.0,35.5,2017-12-16,-0.3,0.0,6.2,281
350,20171217,3.7,1.3,0.0,-7.6,2017,17,12,0.0,33.9,2017-12-17,-3.5,0.0,7.6,281
351,20171218,1.8,6.9,0.0,-7.3,2017,18,12,0.0,48.3,2017-12-18,-0.9,0.0,7.6,281
352,20171219,3.3,3.7,0.0,-5.9,2017,19,12,0.0,38.1,2017-12-19,-0.1,0.0,7.4,281
353,20171220,1.6,6.0,0.0,-7.1,2017,20,12,0.0,44.8,2017-12-20,-1.9,0.0,7.6,281
354,20171221,2.2,7.7,0.0,-8.5,2017,21,12,0.0,44.1,2017-12-21,-0.3,0.0,7.6,281
355,20171222,1.6,9.4,0.0,-6.6,2017,22,12,0.0,56.0,2017-12-22,0.7,0.0,7.6,281
356,20171223,0.5,11.1,0.0,-6.7,2017,23,12,0.0,66.1,2017-12-23,0.1,0.0,6.6,281
357,20171224,2.2,6.6,0.0,-2.3,2017,24,12,10.0,74.1,2017-12-24,2.7,0.0,0.0,281
358,20171225,4.0,4.6,0.0,-2.0,2017,25,12,0.0,38.0,2017-12-25,1.1,0.0,7.5,281
359,20171226,3.9,5.7,0.0,-4.1,2017,26,12,0.0,39.0,2017-12-26,0.7,0.0,6.1,281
360,20171227,4.3,1.1,0.0,-7.0,2017,27,12,0.0,23.0,2017-12-27,-2.9,0.0,7.6,281
361,20171228,2.2,4.8,0.0,-6.3,2017,28,12,0.0,38.5,2017-12-28,-0.9,0.0,6.1,281
362,20171229,2.6,9.5,0.0,-1.4,2017,29,12,0.0,58.4,2017-12-29,3.9,0.0,6.7,281
363,20171230,0.8,8.7,0.0,-4.6,2017,30,12,0.0,68.8,2017-12-30,2.3,0.0,2.6,281
364,20171231,3.8,7.0,0.0,-0.6,2017,31,12,0.0,41.0,2017-12-31,3.3,0.0,7.3,281
