,year,rainfall,cloud,sunshine,humid,snow,tmax,day,tmin,wind,month,Date,tavg,date,station_id
0,2020,0.0,1.6,7.1,54.4,0.0,5.0,1,-5.6,3.5,1,2020-01-01,0.2,20200101,281
1,2020,0.0,3.0,7.5,58.6,0.0,7.7,2,-2.3,2.9,1,2020-01-02,3.2,20200102,281
2,2020,0.0,0.6,7.1,51.1,0.0,9.0,3,-0.7,2.5,1,2020-01-03,3.7,20200103,281
3,2020,0.0,2.1,5.7,55.4,0.0,8.5,4,-2.9,2.5,1,2020-01-04,2.0,20200104,281
4,2020,0.0,3.5,7.7,61.9,0.0,10.4,5,-6.9,0.8,1,2020-01-05,0.2,20200105,281
5,2020,10.5,10.0,0.0,80.5,0.0,3.6,6,-3.6,0.5,1,2020-01-06,1.5,20200106,281
6,2020,48.0,9.8,0.0,93.4,0.0,14.8,7,3.6,0.8,1,2020-01-07,8.0,20200107,281
7,2020,0.4,8.3,1.8,66.0,0.0,15.1,8,5.1,4.1,1,2020-01-08,7.8,20200108,281
8,2020,0.0,3.4,6.8,56.5,0.0,6.9,9,-1.2,3.3,1,2020-01-09,2.9,20200109,281
9,2020,0.0,2.5,7.6,62.4,0.0,9.5,10,-4.7,1.1,1,2020-01-10,1.0,20200110,281
10,2020,0.0,2.6,7.6,50.4,0.0,8.5,11,-1.2,2.4,1,2020-01-11,2.8,20200111,281
11,2020,0.0,3.1,6.9,50.0,0.0,6.5,12,-0.4,3.5,1,2020-01-12,2.6,20200112,281
12,2020,0.0,2.1,7.7,46.5,0.0,6.0,13,-0.9,3.6,1,2020-01-13,1.7,20200113,281
13,2020,0.0,4.3,6.4,40.0,0.0,6.3,14,-1.6,2.6,1,2020-01-14,1.2,20200114,281
14,2020,0.0,0.5,7.8,46.3,0.0,5.7,15,-3.2,2.7,1,2020-01-15,0.5,20200115,281
15,2020,0.0,5.8,5.6,51.9,0.0,6.3,16,-6.1,1.4,1,2020-01-16,-0.8,20200116,281
16,2020,0.0,6.3,4.4,60.1,0.0,8.0,17,-4.3,0.9,1,2020-01-17,0.1,20200117,281
17,2020,0.2,6.9,0.6,46.6,0.0,7.9,18,-3.7,1.5,1,2020-01-18,2.9,20200118,281
18,2020,0.0,4.9,4.2,52.9,0.0,9.1,19,-5.2,1.9,1,2020-01-19,2.5,20200119,281
19,2020,0.0,2.1,6.5,45.0,0.0,8.5,20,1.5,3.0,1,2020-01-20,4.3,20200120,281
20,2020,0.0,2.0,7.8,42.4,0.0,8.7,21,-4.6,1.3,1,2020-01-21,1.3,20200121,281
21,2020,3.5,9.8,0.0,70.0,0.0,6.3,22,-1.1,0.6,1,2020-01-22,2.8,20200122,281
22,2020,7.5,8.8,0.0,91.1,0.0,8.5,23,2.7,0.9,1,2020-01-23,5.0,20200123,281
23,2020,0.0,5.9,5.1,78.6,0.0,13.1,24,0.7,1.2,1,2020-01-24,6.1,20200124,281
24,2020,0.0,9.4,0.6,76.0,0.0,10.3,25,2.9,0.9,1,2020-01-25,6.3,20200125,281
25,2020,0.5,8.9,2.3,75.6,0.0,11.5,26,-0.1,2.1,1,2020-01-26,6.1,20200126,281
26,2020,28.5,10.0,0.0,84.5,0.0,8.6,27,4.6,4.3,1,2020-01-27,6.5,20200127,281
27,2020,2.0,8.0,0.0,80.9,0.0,10.4,28,4.5,1.5,1,2020-01-28,6.9,20200128,281
28,2020,0.1,8.8,1.6,77.8,0.0,11.2,29,2.3,0.9,1,2020-01-29,5.4,20200129,281
29,2020,0.1,7.0,3.3,71.6,0.0,9.9,30,0.5,1.0,1,2020-01-30,4.9,20200130,281
30,2020,0.0,6.3,0.8,75.1,0.0,8.2,31,-1.8,0.9,1,2020-01-31,3.0,20200131,281
31,2020,0.0,2.1,6.7,66.3,0.0,8.9,1,-3.4,2.4,2,2020-02-01,2.8,20200201,281
32,2020,0.0,3.0,7.9,59.9,0.0,10.6,2,-3.3,1.4,2,2020-02-02,2.8,20200202,281
33,2020,0.0,1.4,6.9,42.5,0.0,8.1,3,-1.0,3.4,2,2020-02-03,3.1,20200203,281
34,2020,0.0,0.0,8.8,37.3,0.0,8.4,4,-5.0,2.0,2,2020-02-04,1.8,20200204,281
35,2020,0.0,0.1,9.2,32.1,0.0,2.8,5,-5.9,3.7,2,2020-02-05,-1.4,20200205,281
36,2020,0.0,3.6,8.8,50.9,0.0,4.6,6,-9.8,1.5,2,2020-02-06,-2.3,20200206,281
37,2020,0.0,5.4,8.1,54.5,0.0,7.8,7,-6.5,2.2,2,2020-02-07,0.5,20200207,281
38,2020,0.0,0.9,8.8,45.4,0.0,7.7,8,-0.4,3.0,2,2020-02-08,2.7,20200208,281
39,2020,0.0,0.0,9.2,47.3,0.0,8.8,9,-7.0,1.9,2,2020-02-09,1.2,20200209,281
40,2020,0.0,2.8,8.4,50.6,0.0,11.9,10,-1.7,2.2,2,2020-02-10,4.7,20200210,281
41,2020,0.0,4.5,7.4,64.8,0.0,13.6,11,-5.0,0.8,2,2020-02-11,4.6,20200211,281
42,2020,8.1,8.3,0.0,93.1,0.0,11.7,12,4.8,1.0,2,2020-02-12,8.0,20200212,281
43,2020,0.0,5.6,6.9,77.5,0.0,15.2,13,3.6,1.9,2,2020-02-13,10.0,20200213,281
44,2020,0.0,5.1,6.8,74.5,0.0,17.4,14,2.8,0.9,2,2020-02-14,8.5,20200214,281
45,2020,0.0,8.3,4.9,79.1,0.0,16.6,15,3.4,1.7,2,2020-02-15,10.2,20200215,281
46,2020,4.4,8.8,2.9,71.4,0.0,11.5,16,-0.8,3.9,2,2020-02-16,4.5,20200216,281
47,2020,0.0,5.9,3.5,53.8,0.0,1.7,17,-4.6,4.3,2,2020-02-17,-1.7,20200217,281
48,2020,0.0,0.0,9.3,43.8,0.0,4.5,18,-6.2,3.5,2,2020-02-18,-0.6,20200218,281
49,2020,0.0,3.8,8.8,47.0,0.0,11.0,19,-2.8,1.7,2,2020-02-19,3.4,20200219,281
50,2020,0.0,1.4,8.6,60.3,0.0,13.8,20,-2.8,0.9,2,2020-02-20,4.5,20200220,281
51,2020,0.0,5.9,8.1,60.1,0.0,16.4,21,-2.7,1.0,2,2020-02-21,7.4,20200221,281
52,2020,0.0,1.5,8.4,46.3,0.0,12.4,22,2.8,3.7,2,2020-02-22,8.2,20200222,281
53,2020,0.0,0.0,9.5,42.3,0.0,11.0,23,-1.0,2.3,2,2020-02-23,4.0,20200223,281
54,2020,0.0,4.4,7.9,46.8,0.0,17.2,24,-4.3,0.9,2,2020-02-24,6.3,20200224,281
55,2020,42.5,8.6,0.0,93.9,0.0,7.9,25,5.2,1.0,2,2020-02-25,6.9,20200225,281
56,2020,0.0,8.1,0.5,84.4,0.0,11.1,26,6.0,1.3,2,2020-02-26,7.4,20200226,281
57,2020,0.0,7.1,1.0,69.8,0.0,8.4,27,2.3,1.8,2,2020-02-27,5.0,20200227,281
58,2020,0.4,8.0,0.0,88.1,0.0,8.2,28,-0.2,0.7,2,2020-02-28,3.1,20200228,281
59,2020,0.0,6.4,2.6,87.8,0.0,11.6,29,-0.2,0.8,2,2020-02-29,5.0,20200229,281
60,2020,0.0,7.9,3.4,76.5,0.0,13.8,1,1.7,1.2,3,2020-03-01,8.2,20200301,281
61,2020,0.0,7.3,4.3,76.4,0.0,11.2,3,-0.7,1.5,3,2020-03-03,5.6,20200303,281
62,2020,0.0,4.6,9.0,49.9,0.0,10.7,4,0.3,3.6,3,2020-03-04,5.5,20200304,281
63,2020,0.0,0.0,10.7,47.5,0.0,10.1,5,-2.4,2.4,3,2020-03-05,2.9,20200305,281
64,2020,0.0,2.5,11.0,50.6,0.0,13.5,6,-6.3,0.9,3,2020-03-06,3.5,20200306,281
65,2020,1.3,8.3,0.1,73.0,0.0,10.4,7,-1.2,0.7,3,2020-03-07,4.5,20200307,281
66,2020,0.0,3.0,7.4,79.9,0.0,15.2,8,1.4,1.2,3,2020-03-08,6.9,20200308,281
67,2020,1.7,8.9,2.2,83.4,0.0,15.2,9,-0.6,1.0,3,2020-03-09,7.8,20200309,281
68,2020,10.5,9.6,0.0,87.5,0.0,10.6,10,5.5,2.3,3,2020-03-10,8.6,20200310,281
69,2020,0.0,0.0,11.0,40.9,0.0,11.1,11,2.2,3.7,3,2020-03-11,6.0,20200311,281
70,2020,0.0,0.9,10.8,38.5,0.0,15.7,12,-2.1,1.5,3,2020-03-12,7.9,20200312,281
71,2020,0.0,7.3,4.4,41.8,0.0,15.2,13,1.5,1.9,3,2020-03-13,8.6,20200313,281
72,2020,0.0,2.3,10.7,32.0,0.0,11.4,14,1.0,3.2,3,2020-03-14,5.8,20200314,281
73,2020,0.0,2.5,7.1,45.1,0.0,12.4,15,-1.1,3.1,3,2020-03-15,5.4,20200315,281
74,2020,0.0,1.1,11.2,45.0,0.0,11.6,16,-1.4,1.9,3,2020-03-16,5.2,20200316,281
75,2020,0.0,1.6,10.4,43.8,0.0,17.9,17,-0.4,2.4,3,2020-03-17,9.6,20200317,281
76,2020,0.0,0.0,10.9,52.9,0.0,18.0,18,0.1,1.4,3,2020-03-18,9.3,20200318,281
77,2020,0.0,1.9,9.6,46.9,0.0,19.4,19,2.5,3.5,3,2020-03-19,10.1,20200319,281
78,2020,0.0,0.0,10.7,33.9,0.0,18.0,20,5.9,2.9,3,2020-03-20,11.2,20200320,281
79,2020,0.0,1.0,10.0,48.6,0.0,23.1,21,1.5,1.8,3,2020-03-21,13.9,20200321,281
80,2020,0.0,2.6,10.1,63.5,0.0,16.9,22,4.4,2.6,3,2020-03-22,12.0,20200322,281
81,2020,0.0,0.0,10.8,55.5,0.0,19.1,23,-0.4,1.9,3,2020-03-23,9.5,20200323,281
82,2020,0.0,1.1,10.6,60.9,0.0,17.2,24,0.8,1.3,3,2020-03-24,8.9,20200324,281
83,2020,0.0,2.4,10.5,60.4,0.0,21.0,25,0.6,1.1,3,2020-03-25,11.0,20200325,281
84,2020,3.0,9.6,0.0,79.8,0.0,17.1,26,5.8,0.7,3,2020-03-26,11.9,20200326,281
85,2020,4.6,9.0,0.0,94.3,0.0,16.0,27,8.3,1.1,3,2020-03-27,12.5,20200327,281
86,2020,0.0,8.8,0.1,66.3,0.0,11.1,28,4.4,1.5,3,2020-03-28,7.4,20200328,281
87,2020,0.0,6.6,4.4,73.4,0.0,13.6,29,0.4,1.8,3,2020-03-29,7.0,20200329,281
88,2020,0.0,6.3,9.0,67.5,0.0,17.9,30,3.9,1.3,3,2020-03-30,9.8,20200330,281
89,2020,0.0,4.0,10.7,63.6,0.0,20.3,31,1.7,1.1,3,2020-03-31,10.9,20200331,281
90,2020,0.0,5.8,4.1,58.8,0.0,19.2,1,7.6,1.4,4,2020-04-01,11.9,20200401,281
91,2020,0.0,0.0,10.7,47.4,0.0,18.0,2,0.9,1.3,4,2020-04-02,9.9,20200402,281
92,2020,0.0,0.1,10.8,37.4,0.0,20.3,3,1.2,1.7,4,2020-04-03,12.0,20200403,281
93,2020,0.0,0.1,10.9,49.8,0.0,19.1,4,3.6,2.4,4,2020-04-04,9.7,20200404,281
94,2020,0.0,0.0,11.4,48.3,0.0,16.4,5,-1.4,1.4,4,2020-04-05,7.8,20200405,281
95,2020,0.0,3.4,10.1,42.9,0.0,18.9,6,-1.7,1.4,4,2020-04-06,9.9,20200406,281
96,2020,0.0,1.9,10.5,34.9,0.0,20.7,7,5.8,2.6,4,2020-04-07,14.0,20200407,281
97,2020,0.0,0.0,11.5,47.4,0.0,18.8,8,3.4,3.0,4,2020-04-08,10.7,20200408,281
98,2020,0.0,2.8,10.8,59.3,0.0,17.4,9,-0.4,1.9,4,2020-04-09,8.6,20200409,281
99,2020,0.0,8.1,3.9,55.3,0.0,14.9,10,5.7,1.6,4,2020-04-10,9.7,20200410,281
100,2020,0.0,8.3,3.3,62.9,0.0,14.8,11,2.0,1.2,4,2020-04-11,9.8,20200411,281
101,2020,1.8,7.0,2.3,75.9,0.0,13.2,12,5.4,2.3,4,2020-04-12,9.0,20200412,281
102,2020,0.0,5.0,5.8,48.0,0.0,15.9,13,2.6,2.3,4,2020-04-13,9.0,20200413,281
103,2020,0.0,0.4,11.9,40.0,0.0,23.2,14,-1.5,1.8,4,2020-04-14,11.8,20200414,281
104,2020,0.0,6.1,9.2,45.1,0.0,22.7,15,2.9,1.9,4,2020-04-15,13.1,20200415,281
105,2020,0.0,3.8,10.2,67.0,0.0,16.3,16,5.0,2.3,4,2020-04-16,11.2,20200416,281
106,2020,18.2,7.6,0.1,90.1,0.0,12.5,17,8.1,1.0,4,2020-04-17,10.6,20200417,281
107,2020,0.0,5.4,4.3,76.8,0.0,18.9,18,8.0,1.8,4,2020-04-18,12.6,20200418,281
108,2020,16.1,8.9,0.0,87.8,0.0,13.3,19,6.9,1.6,4,2020-04-19,10.2,20200419,281
109,2020,0.4,7.6,4.1,69.6,0.0,19.2,20,9.2,2.7,4,2020-04-20,12.9,20200420,281
110,2020,0.0,5.9,11.1,36.6,0.0,17.5,21,5.3,4.1,4,2020-04-21,10.9,20200421,281
111,2020,0.0,3.3,10.2,37.8,0.0,14.2,22,2.6,4.0,4,2020-04-22,8.1,20200422,281
112,2020,0.0,1.8,10.8,41.0,0.0,15.8,23,3.5,3.8,4,2020-04-23,9.5,20200423,281
113,2020,0.0,0.4,11.8,34.9,0.0,17.9,24,3.8,2.9,4,2020-04-24,10.3,20200424,281
114,2020,0.0,0.0,11.6,38.5,0.0,22.1,25,2.7,2.9,4,2020-04-25,15.9,20200425,281
115,2020,0.0,1.5,11.1,54.3,0.0,19.6,26,6.5,2.6,4,2020-04-26,12.4,20200426,281
116,2020,0.0,3.4,9.1,64.4,0.0,19.4,27,2.4,1.9,4,2020-04-27,11.0,20200427,281
117,2020,0.0,0.0,12.3,46.4,0.0,21.6,28,3.4,1.9,4,2020-04-28,14.0,20200428,281
118,2020,0.0,0.0,12.2,41.5,0.0,25.3,29,7.3,1.6,4,2020-04-29,16.4,20200429,281
119,2020,0.0,0.3,12.4,54.3,0.0,26.6,30,5.7,2.0,4,2020-04-30,17.4,20200430,281
120,2020,0.0,0.1,11.8,65.8,0.0,29.0,1,11.7,2.3,5,2020-05-01,21.6,20200501,281
121,2020,0.0,7.6,7.1,59.4,0.0,28.6,2,15.7,2.0,5,2020-05-02,22.2,20200502,281
122,2020,4.1,9.0,0.0,90.0,0.0,20.0,3,15.7,1.3,5,2020-05-03,17.4,20200503,281
123,2020,0.0,6.5,8.0,74.9,0.0,28.5,4,13.5,2.4,5,2020-05-04,19.7,20200504,281
124,2020,2.0,8.5,2.1,80.8,0.0,20.4,5,13.3,1.8,5,2020-05-05,15.7,20200505,281
125,2020,0.0,2.0,11.4,73.9,0.0,23.5,6,10.4,2.1,5,2020-05-06,15.8,20200506,281
126,2020,0.0,4.9,11.5,61.6,0.0,21.3,7,6.2,2.1,5,2020-05-07,13.7,20200507,281
127,2020,1.2,5.8,10.3,65.0,0.0,24.7,8,5.1,1.3,5,2020-05-08,16.4,20200508,281
128,2020,21.3,9.8,0.0,91.6,0.0,18.9,9,14.4,1.3,5,2020-05-09,16.3,20200509,281
129,2020,0.0,5.6,5.9,72.3,0.0,22.6,10,15.4,3.1,5,2020-05-10,18.0,20200510,281
130,2020,0.0,2.9,11.9,48.5,0.0,27.9,11,13.7,2.5,5,2020-05-11,20.5,20200511,281
131,2020,0.0,0.9,11.9,47.9,0.0,25.8,12,10.6,3.0,5,2020-05-12,18.6,20200512,281
132,2020,0.0,0.6,12.8,42.8,0.0,24.8,13,9.4,2.5,5,2020-05-13,17.5,20200513,281
133,2020,0.0,6.9,7.0,49.6,0.0,27.0,14,7.5,1.2,5,2020-05-14,17.8,20200514,281
134,2020,8.6,9.6,0.0,86.0,0.0,16.5,15,13.9,1.5,5,2020-05-15,15.0,20200515,281
135,2020,0.0,8.8,3.4,82.1,0.0,25.2,16,14.3,1.4,5,2020-05-16,18.0,20200516,281
136,2020,0.1,6.5,8.5,77.0,0.0,28.0,17,15.4,1.3,5,2020-05-17,20.5,20200517,281
137,2020,1.1,8.4,1.3,84.6,0.0,21.4,18,16.0,2.8,5,2020-05-18,17.9,20200518,281
138,2020,8.0,5.1,5.4,72.8,0.0,19.0,19,11.5,2.5,5,2020-05-19,14.6,20200519,281
139,2020,0.0,4.6,9.0,65.4,0.0,21.1,20,7.7,1.9,5,2020-05-20,14.2,20200520,281
140,2020,0.0,6.6,5.6,74.1,0.0,21.7,21,8.2,2.0,5,2020-05-21,14.1,20200521,281
141,2020,0.0,5.8,10.4,72.1,0.0,20.6,22,10.8,2.5,5,2020-05-22,15.5,20200522,281
142,2020,0.0,4.1,9.3,66.4,0.0,26.6,23,12.3,1.1,5,2020-05-23,18.8,20200523,281
143,2020,0.0,6.8,7.9,67.3,0.0,26.8,24,13.1,1.9,5,2020-05-24,20.2,20200524,281
144,2020,0.0,9.0,1.4,66.6,0.0,24.6,25,14.1,1.4,5,2020-05-25,19.7,20200525,281
145,2020,0.0,7.8,5.5,60.6,0.0,26.2,26,13.8,1.3,5,2020-05-26,20.2,20200526,281
146,2020,0.0,6.8,10.4,54.8,0.0,26.4,27,13.9,2.1,5,2020-05-27,19.4,20200527,281
147,2020,0.0,2.5,11.5,54.8,0.0,27.4,28,10.4,1.5,5,2020-05-28,18.7,20200528,281
148,2020,0.0,3.4,11.5,57.4,0.0,26.5,29,10.1,1.7,5,2020-05-29,18.5,20200529,281
149,2020,0.0,7.9,10.0,55.0,0.0,27.2,30,10.8,1.4,5,2020-05-30,19.8,20200530,281
150,2020,0.0,6.8,5.5,66.6,0.0,27.3,31,12.6,1.4,5,2020-05-31,20.4,20200531,281
151,2020,0.0,3.6,8.4,48.0,0.0,28.5,1,14.9,2.3,6,2020-06-01,22.6,20200601,281
152,2020,0.0,5.5,6.9,47.5,0.0,28.4,2,12.2,1.1,6,2020-06-02,20.9,20200602,281
153,2020,0.0,4.8,7.0,61.1,0.0,30.0,3,14.3,1.6,6,2020-06-03,22.6,20200603,281
154,2020,0.0,1.3,12.6,56.3,0.0,33.9,4,18.2,2.0,6,2020-06-04,26.5,20200604,281
155,2020,0.0,4.9,9.8,65.5,0.0,31.1,5,18.3,2.4,6,2020-06-05,23.5,20200605,281
156,2020,0.0,6.0,5.5,72.1,0.0,24.6,6,15.1,2.3,6,2020-06-06,19.7,20200606,281
157,2020,0.0,0.5,12.3,57.8,0.0,29.9,7,12.2,1.5,6,2020-06-07,21.2,20200607,281
158,2020,0.0,0.1,12.8,55.1,0.0,34.1,8,14.2,1.1,6,2020-06-08,24.1,20200608,281
159,2020,0.0,0.4,12.9,55.8,0.0,35.3,9,16.5,1.3,6,2020-06-09,25.8,20200609,281
160,2020,0.0,5.3,9.4,60.1,0.0,33.9,10,17.6,1.5,6,2020-06-10,26.2,20200610,281
161,2020,33.3,5.9,4.2,80.3,0.0,30.1,11,20.4,1.3,6,2020-06-11,24.1,20200611,281
162,2020,20.6,9.0,2.5,79.9,0.0,30.6,12,19.1,1.2,6,2020-06-12,24.4,20200612,281
163,2020,8.5,9.1,4.2,80.3,0.0,28.8,13,19.2,1.1,6,2020-06-13,24.0,20200613,281
164,2020,21.4,8.8,2.6,79.8,0.0,29.5,14,22.1,1.9,6,2020-06-14,24.7,20200614,281
165,2020,0.0,5.8,12.6,58.4,0.0,30.2,15,18.4,2.4,6,2020-06-15,24.3,20200615,281
166,2020,0.0,6.0,12.6,56.1,0.0,28.7,16,17.3,2.1,6,2020-06-16,22.9,20200616,281
167,2020,0.0,9.5,3.7,66.5,0.0,27.6,17,15.9,0.9,6,2020-06-17,22.0,20200617,281
168,2020,5.4,9.3,0.0,89.8,0.0,20.3,18,17.8,1.2,6,2020-06-18,18.6,20200618,281
169,2020,0.3,5.9,6.7,79.5,0.0,26.6,19,17.1,1.7,6,2020-06-19,20.9,20200619,281
170,2020,0.0,5.5,4.6,74.3,0.0,27.1,20,17.9,1.3,6,2020-06-20,21.4,20200620,281
171,2020,0.0,1.1,12.8,74.5,0.0,26.1,21,15.3,1.9,6,2020-06-21,20.5,20200621,281
172,2020,0.0,0.3,13.3,65.9,0.0,31.7,22,13.4,1.3,6,2020-06-22,22.9,20200622,281
173,2020,0.0,5.1,11.3,65.1,0.0,31.6,23,16.4,1.8,6,2020-06-23,24.0,20200623,281
174,2020,6.6,9.1,0.0,84.5,0.0,24.7,24,19.9,1.4,6,2020-06-24,21.5,20200624,281
175,2020,2.3,9.3,1.2,89.0,0.0,27.1,25,20.0,1.0,6,2020-06-25,22.8,20200625,281
176,2020,0.0,8.0,7.7,69.5,0.0,28.8,26,20.0,2.0,6,2020-06-26,24.3,20200626,281
177,2020,0.0,7.6,5.5,68.1,0.0,30.2,27,20.0,1.2,6,2020-06-27,24.8,20200627,281
178,2020,0.0,2.1,11.3,69.5,0.0,31.2,28,18.7,1.8,6,2020-06-28,24.4,20200628,281
179,2020,39.2,8.6,0.0,87.5,0.0,25.6,29,18.4,2.2,6,2020-06-29,21.3,20200629,281
180,2020,4.4,9.4,2.7,78.5,0.0,27.4,30,19.0,2.6,6,2020-06-30,22.7,20200630,281
181,2020,2.3,7.1,1.7,80.0,0.0,25.8,1,17.6,1.7,7,2020-07-01,21.0,20200701,281
182,2020,0.0,6.1,7.8,75.1,0.0,27.8,2,16.0,1.5,7,2020-07-02,21.9,20200702,281
183,2020,4.6,9.8,0.0,84.5,0.0,21.9,3,17.5,1.7,7,2020-07-03,19.6,20200703,281
184,2020,0.4,8.0,1.6,84.5,0.0,23.3,4,17.4,1.1,7,2020-07-04,20.1,20200704,281
185,2020,0.0,7.0,3.5,79.9,0.0,27.6,5,16.4,1.0,7,2020-07-05,22.0,20200705,281
186,2020,0.0,9.0,1.6,83.5,0.0,28.0,6,18.1,0.9,7,2020-07-06,23.2,20200706,281
187,2020,0.0,5.3,6.7,75.5,0.0,31.0,7,21.3,1.5,7,2020-07-07,25.8,20200707,281
188,2020,0.0,4.9,8.5,76.6,0.0,29.8,8,19.5,1.9,7,2020-07-08,24.1,20200708,281
189,2020,0.0,6.5,5.7,80.9,0.0,27.3,9,20.0,2.4,7,2020-07-09,22.9,20200709,281
190,2020,23.3,8.8,1.2,90.3,0.0,26.8,10,20.6,1.2,7,2020-07-10,22.7,20200710,281
191,2020,0.0,0.0,3.9,83.0,0.0,30.3,11,19.7,1.8,7,2020-07-11,23.1,20200711,281
192,2020,24.8,0.0,0.0,90.1,0.0,21.2,12,17.7,2.0,7,2020-07-12,19.4,20200712,281
193,2020,74.9,7.3,0.0,91.0,0.0,21.3,13,17.6,2.4,7,2020-07-13,19.1,20200713,281
194,2020,0.3,6.9,0.0,92.5,0.0,20.5,14,18.2,0.9,7,2020-07-14,18.9,20200714,281
195,2020,3.1,8.1,0.0,89.5,0.0,20.6,15,16.8,1.1,7,2020-07-15,18.5,20200715,281
196,2020,0.0,3.0,10.2,80.0,0.0,27.0,16,13.6,1.3,7,2020-07-16,19.6,20200716,281
197,2020,0.0,1.3,12.8,77.6,0.0,27.2,17,14.9,1.6,7,2020-07-17,20.6,20200717,281
198,2020,0.0,6.6,6.7,81.9,0.0,25.8,18,15.1,1.4,7,2020-07-18,20.5,20200718,281
199,2020,0.0,8.5,0.0,88.1,0.0,25.9,19,18.6,1.6,7,2020-07-19,22.8,20200719,281
200,2020,0.3,9.0,1.5,75.8,0.0,31.3,20,23.3,2.0,7,2020-07-20,27.4,20200720,281
201,2020,5.7,6.5,10.0,72.1,0.0,31.3,21,21.7,1.7,7,2020-07-21,25.8,20200721,281
202,2020,36.8,10.0,0.0,96.5,0.0,23.7,22,21.3,0.9,7,2020-07-22,22.1,20200722,281
203,2020,34.4,10.0,0.0,94.9,0.0,21.5,23,20.3,2.7,7,2020-07-23,21.0,20200723,281
204,2020,15.9,7.3,0.0,95.0,0.0,23.6,24,20.0,1.3,7,2020-07-24,21.2,20200724,281
205,2020,46.2,7.8,0.4,93.8,0.0,24.5,25,19.7,1.1,7,2020-07-25,21.6,20200725,281
206,2020,0.2,7.3,6.0,82.8,0.0,29.4,26,20.6,1.5,7,2020-07-26,23.6,20200726,281
207,2020,24.3,9.6,0.0,93.0,0.0,24.0,27,20.6,1.4,7,2020-07-27,21.7,20200727,281
208,2020,11.0,10.0,0.0,96.6,0.0,23.0,28,20.6,1.5,7,2020-07-28,21.4,20200728,281
209,2020,6.0,9.5,0.0,95.8,0.0,24.2,29,21.0,1.1,7,2020-07-29,22.5,20200729,281
210,2020,24.0,9.1,1.0,94.4,0.0,24.0,30,20.9,1.0,7,2020-07-30,22.2,20200730,281
211,2020,0.0,9.0,3.0,85.0,0.0,30.7,31,20.8,1.3,7,2020-07-31,25.4,20200731,281
212,2020,0.0,8.8,3.2,83.1,0.0,32.1,1,23.3,0.9,8,2020-08-01,26.5,20200801,281
213,2020,0.0,8.4,2.9,76.8,0.0,31.4,2,23.2,1.4,8,2020-08-02,27.5,20200802,281
214,2020,0.0,8.0,3.3,73.5,0.0,32.3,3,24.0,1.8,8,2020-08-03,27.9,20200803,281
215,2020,0.0,6.8,8.8,72.3,0.0,32.8,4,24.3,1.7,8,2020-08-04,28.3,20200804,281
216,2020,0.0,8.9,3.8,76.8,0.0,32.1,5,24.4,1.3,8,2020-08-05,27.5,20200805,281
217,2020,5.2,9.4,0.0,80.3,0.0,28.8,6,23.7,2.2,8,2020-08-06,27.0,20200806,281
218,2020,91.1,10.0,0.0,97.1,0.0,25.1,7,22.0,0.7,8,2020-08-07,23.2,20200807,281
219,2020,110.6,10.0,0.0,98.9,0.0,24.4,8,21.7,1.0,8,2020-08-08,22.8,20200808,281
220,2020,0.5,7.0,7.4,78.4,0.0,32.1,9,21.7,1.7,8,2020-08-09,26.9,20200809,281
221,2020,14.7,8.5,0.6,89.4,0.0,31.3,10,23.6,1.5,8,2020-08-10,25.9,20200810,281
222,2020,2.0,8.1,4.6,78.1,0.0,31.5,11,23.7,1.7,8,2020-08-11,27.7,20200811,281
223,2020,0.0,8.1,5.1,83.1,0.0,32.4,12,23.8,1.3,8,2020-08-12,27.8,20200812,281
224,2020,0.0,5.5,9.0,74.4,0.0,33.2,13,25.7,1.7,8,2020-08-13,29.0,20200813,281
225,2020,0.0,5.5,10.1,73.0,0.0,34.2,14,24.5,2.0,8,2020-08-14,29.5,20200814,281
226,2020,0.0,5.1,11.2,73.9,0.0,34.9,15,25.6,1.8,8,2020-08-15,29.8,20200815,281
227,2020,0.0,3.6,11.3,75.0,0.0,34.7,16,23.8,1.3,8,2020-08-16,28.6,20200816,281
228,2020,0.0,4.6,11.6,76.8,0.0,33.1,17,23.2,1.4,8,2020-08-17,27.7,20200817,281
229,2020,0.0,1.9,11.5,77.1,0.0,34.2,18,21.6,1.3,8,2020-08-18,27.7,20200818,281
230,2020,0.0,0.4,12.0,70.1,0.0,35.6,19,22.5,1.6,8,2020-08-19,28.7,20200819,281
231,2020,0.0,0.8,11.9,72.8,0.0,34.4,20,21.7,1.5,8,2020-08-20,27.4,20200820,281
232,2020,0.0,5.5,5.1,81.8,0.0,30.8,21,21.7,1.5,8,2020-08-21,25.1,20200821,281
233,2020,0.0,8.4,2.8,80.3,0.0,29.4,22,23.0,1.7,8,2020-08-22,25.5,20200822,281
234,2020,0.0,5.1,8.5,75.1,0.0,32.4,23,22.6,1.1,8,2020-08-23,26.6,20200823,281
235,2020,0.0,3.8,10.5,75.6,0.0,33.2,24,21.9,1.1,8,2020-08-24,27.1,20200824,281
236,2020,1.0,4.5,9.8,79.3,0.0,34.7,25,22.0,1.2,8,2020-08-25,27.1,20200825,281
237,2020,11.4,8.3,5.1,80.5,0.0,31.3,26,24.8,2.7,8,2020-08-26,27.8,20200826,281
238,2020,2.3,8.5,3.2,86.4,0.0,31.2,27,24.8,1.7,8,2020-08-27,26.7,20200827,281
239,2020,6.8,7.9,3.1,86.9,0.0,31.7,28,23.7,0.9,8,2020-08-28,26.5,20200828,281
240,2020,1.3,6.3,6.3,80.4,0.0,31.8,29,23.6,1.1,8,2020-08-29,27.3,20200829,281
241,2020,0.0,7.6,7.2,77.9,0.0,33.9,30,23.2,1.4,8,2020-08-30,27.1,20200830,281
242,2020,0.0,6.5,0.1,81.3,0.0,26.5,31,22.3,1.8,8,2020-08-31,24.2,20200831,281
243,2020,0.0,7.1,1.0,81.6,0.0,27.7,1,21.1,1.3,9,2020-09-01,24.3,20200901,281
244,2020,23.9,10.0,0.1,90.5,0.0,28.5,2,23.2,2.4,9,2020-09-02,25.2,20200902,281
245,2020,79.9,4.8,7.6,72.0,0.0,29.2,3,19.0,4.6,9,2020-09-03,25.1,20200903,281
246,2020,0.0,2.1,11.4,72.1,0.0,29.3,4,16.4,1.1,9,2020-09-04,22.5,20200904,281
247,2020,9.2,9.6,0.0,91.9,0.0,21.9,5,16.9,0.9,9,2020-09-05,18.8,20200905,281
248,2020,12.1,10.0,0.0,92.8,0.0,22.2,6,17.1,0.9,9,2020-09-06,19.7,20200906,281
249,2020,56.4,9.0,0.1,80.5,0.0,24.6,7,20.5,4.5,9,2020-09-07,22.5,20200907,281
250,2020,1.0,4.3,7.6,78.8,0.0,28.1,8,18.5,2.0,9,2020-09-08,22.9,20200908,281
251,2020,2.1,5.7,4.5,81.9,0.0,27.0,9,19.0,1.0,9,2020-09-09,22.0,20200909,281
252,2020,5.8,7.3,5.2,81.9,0.0,26.9,10,18.2,0.9,9,2020-09-10,21.8,20200910,281
253,2020,1.9,10.0,0.2,84.6,0.0,25.8,11,18.5,1.5,9,2020-09-11,20.9,20200911,281
254,2020,5.1,5.1,0.0,89.4,0.0,21.6,12,17.9,1.0,9,2020-09-12,19.4,20200912,281
255,2020,0.0,7.9,3.9,83.9,0.0,23.6,13,17.2,1.2,9,2020-09-13,19.2,20200913,281
256,2020,0.0,5.5,7.2,78.9,0.0,27.3,14,17.3,1.2,9,2020-09-14,21.1,20200914,281
257,2020,0.0,6.5,7.7,79.8,0.0,27.5,15,16.5,1.3,9,2020-09-15,21.2,20200915,281
258,2020,0.6,7.9,0.1,88.1,0.0,23.2,16,18.8,0.6,9,2020-09-16,20.8,20200916,281
259,2020,1.7,9.6,0.0,88.6,0.0,23.7,17,17.6,0.8,9,2020-09-17,20.2,20200917,281
260,2020,1.9,7.6,2.3,80.9,0.0,24.8,18,13.2,1.5,9,2020-09-18,18.7,20200918,281
261,2020,0.0,3.4,10.1,71.4,0.0,25.8,19,10.7,1.2,9,2020-09-19,18.6,20200919,281
262,2020,0.0,0.0,11.2,63.0,0.0,25.9,20,12.4,1.9,9,2020-09-20,18.7,20200920,281
263,2020,0.0,3.1,9.6,75.5,0.0,23.0,21,9.4,1.1,9,2020-09-21,16.0,20200921,281
264,2020,0.0,7.4,4.7,80.4,0.0,21.8,22,11.9,1.5,9,2020-09-22,16.1,20200922,281
265,2020,0.0,9.5,1.0,73.9,0.0,22.8,23,13.3,2.0,9,2020-09-23,17.9,20200923,281
266,2020,0.0,6.9,4.6,72.8,0.0,24.0,24,14.4,1.8,9,2020-09-24,18.8,20200924,281
267,2020,0.0,5.5,4.9,76.3,0.0,24.7,25,12.5,1.1,9,2020-09-25,18.2,20200925,281
268,2020,0.0,6.8,5.7,73.6,0.0,24.1,26,12.5,1.3,9,2020-09-26,18.2,20200926,281
269,2020,0.0,3.3,7.3,74.1,0.0,23.2,27,12.1,1.6,9,2020-09-27,17.6,20200927,281
270,2020,0.0,2.4,9.2,80.5,0.0,23.4,28,8.7,1.0,9,2020-09-28,15.4,20200928,281
271,2020,0.0,4.3,6.9,78.6,0.0,25.2,29,9.1,0.9,9,2020-09-29,16.1,20200929,281
272,2020,0.0,4.0,6.1,77.8,0.0,24.1,30,11.1,1.1,9,2020-09-30,16.3,20200930,281
273,2020,0.0,3.8,9.7,79.4,0.0,23.5,1,10.2,1.2,10,2020-10-01,16.9,20201001,281
274,2020,0.0,6.3,6.6,80.6,0.0,25.5,2,12.3,1.0,10,2020-10-02,18.3,20201002,281
275,2020,0.9,9.0,4.6,79.5,0.0,25.4,3,16.1,0.8,10,2020-10-03,20.1,20201003,281
276,2020,0.2,8.4,0.1,76.6,0.0,22.5,4,16.0,1.2,10,2020-10-04,19.0,20201004,281
277,2020,0.0,3.3,10.7,51.3,0.0,20.3,5,9.7,2.8,10,2020-10-05,14.8,20201005,281
278,2020,0.0,3.0,10.9,67.5,0.0,21.9,6,6.4,1.1,10,2020-10-06,13.9,20201006,281
279,2020,0.0,5.9,6.5,71.9,0.0,21.6,7,10.5,2.0,10,2020-10-07,16.1,20201007,281
280,2020,0.0,3.5,6.2,57.9,0.0,20.7,8,15.5,4.2,10,2020-10-08,17.4,20201008,281
281,2020,0.0,7.5,4.4,59.1,0.0,20.3,9,15.7,3.7,10,2020-10-09,17.8,20201009,281
282,2020,0.0,7.0,6.0,65.9,0.0,22.3,10,12.1,1.6,10,2020-10-10,16.9,20201010,281
283,2020,0.0,8.5,1.7,78.0,0.0,20.7,11,9.5,0.8,10,2020-10-11,14.7,20201011,281
284,2020,0.0,6.5,3.6,78.0,0.0,22.9,12,10.5,1.1,10,2020-10-12,15.3,20201012,281
285,2020,0.0,4.8,7.4,61.8,0.0,21.3,13,8.0,1.6,10,2020-10-13,14.0,20201013,281
286,2020,0.0,5.3,3.9,70.6,0.0,21.0,14,5.1,1.2,10,2020-10-14,11.4,20201014,281
287,2020,0.0,3.6,9.2,65.6,0.0,20.6,15,4.1,1.1,10,2020-10-15,12.6,20201015,281
288,2020,0.0,8.1,0.4,78.0,0.0,17.2,16,6.4,0.6,10,2020-10-16,12.3,20201016,281
289,2020,0.0,0.9,9.6,73.8,0.0,20.8,17,6.2,1.0,10,2020-10-17,12.7,20201017,281
290,2020,0.0,1.6,8.2,70.5,0.0,21.1,18,4.1,1.1,10,2020-10-18,10.9,20201018,281
291,2020,0.0,2.8,8.9,72.9,0.0,21.6,19,3.4,0.9,10,2020-10-19,12.1,20201019,281
292,2020,0.0,1.5,8.1,76.3,0.0,21.9,20,5.4,1.0,10,2020-10-20,12.2,20201020,281
293,2020,10.0,9.8,0.2,86.3,0.0,18.1,21,7.1,0.7,10,2020-10-21,12.7,20201021,281
294,2020,0.0,8.8,0.3,76.6,0.0,17.8,22,11.1,2.1,10,2020-10-22,14.3,20201022,281
295,2020,0.0,0.9,9.2,48.5,0.0,16.4,23,7.3,3.2,10,2020-10-23,11.0,20201023,281
296,2020,0.0,0.0,9.3,43.0,0.0,16.6,24,5.9,3.6,10,2020-10-24,10.7,20201024,281
297,2020,0.0,2.3,8.7,55.0,0.0,20.3,25,7.9,2.9,10,2020-10-25,13.9,20201025,281
298,2020,0.0,2.3,8.8,68.1,0.0,20.5,26,3.6,0.9,10,2020-10-26,11.4,20201026,281
299,2020,0.0,2.1,8.5,75.5,0.0,20.4,27,3.4,0.8,10,2020-10-27,11.3,20201027,281
300,2020,0.0,6.5,3.9,59.0,0.0,21.0,28,8.4,1.7,10,2020-10-28,14.4,20201028,281
301,2020,0.0,2.3,7.6,65.4,0.0,18.3,29,2.1,0.9,10,2020-10-29,10.1,20201029,281
302,2020,0.0,2.9,7.1,75.6,0.0,18.2,30,2.9,1.3,10,2020-10-30,9.7,20201030,281
303,2020,0.0,3.1,8.0,71.4,0.0,18.0,31,2.7,0.7,10,2020-10-31,9.7,20201031,281
304,2020,2.1,9.9,0.0,91.6,0.0,13.1,1,7.7,0.5,11,2020-11-01,11.0,20201101,281
305,2020,0.0,6.0,3.5,72.8,0.0,17.2,2,2.7,1.2,11,2020-11-02,10.7,20201102,281
306,2020,0.0,0.0,8.3,52.4,0.0,11.2,3,0.4,3.4,11,2020-11-03,6.0,20201103,281
307,2020,0.0,0.0,8.5,43.0,0.0,12.7,4,-1.0,2.5,11,2020-11-04,5.2,20201104,281
308,2020,0.0,4.1,7.9,55.3,0.0,16.5,5,-3.3,0.8,11,2020-11-05,6.9,20201105,281
309,2020,0.0,8.5,0.0,61.8,0.0,14.1,6,7.4,0.5,11,2020-11-06,10.6,20201106,281
310,2020,0.0,1.8,6.8,59.1,0.0,22.0,7,4.3,1.6,11,2020-11-07,13.2,20201107,281
311,2020,0.0,0.8,7.8,43.4,0.0,18.0,8,3.1,2.8,11,2020-11-08,9.8,20201108,281
312,2020,0.0,2.5,9.4,37.4,0.0,13.1,9,1.9,2.4,11,2020-11-09,7.3,20201109,281
313,2020,0.0,1.0,7.8,50.4,0.0,14.6,10,0.7,1.3,11,2020-11-10,6.8,20201110,281
314,2020,0.0,0.1,7.9,63.8,0.0,15.9,11,-2.0,0.6,11,2020-11-11,6.3,20201111,281
315,2020,0.0,0.0,7.8,68.4,0.0,17.9,12,-0.4,0.7,11,2020-11-12,7.1,20201112,281
316,2020,0.0,0.5,7.6,66.1,0.0,19.1,13,-0.6,0.8,11,2020-11-13,8.5,20201113,281
317,2020,0.0,4.0,6.0,77.3,0.0,18.7,14,2.0,1.0,11,2020-11-14,9.7,20201114,281
318,2020,0.0,1.9,6.6,78.9,0.0,17.8,15,2.7,0.8,11,2020-11-15,9.0,20201115,281
319,2020,0.0,3.5,7.1,75.4,0.0,19.3,16,2.5,1.0,11,2020-11-16,10.0,20201116,281
320,2020,0.1,6.5,3.6,77.1,0.0,21.1,17,6.1,0.5,11,2020-11-17,14.0,20201117,281
321,2020,0.0,7.8,1.1,75.3,0.0,23.6,18,12.1,0.9,11,2020-11-18,17.7,20201118,281
322,2020,28.9,8.3,0.9,81.8,0.0,24.1,19,11.8,2.7,11,2020-11-19,18.1,20201119,281
323,2020,0.0,5.5,6.0,66.4,0.0,11.9,20,3.9,4.3,11,2020-11-20,8.8,20201120,281
324,2020,0.0,6.3,0.0,79.3,0.0,10.3,21,-0.9,0.7,11,2020-11-21,5.7,20201121,281
325,2020,1.7,7.9,0.0,78.3,0.0,11.4,22,6.3,2.4,11,2020-11-22,8.6,20201122,281
326,2020,0.0,0.3,7.6,55.1,0.0,10.4,23,0.1,2.3,11,2020-11-23,4.8,20201123,281
327,2020,0.0,6.3,2.5,60.1,0.0,11.8,24,-0.5,1.1,11,2020-11-24,4.9,20201124,281
328,2020,0.0,2.8,7.4,61.5,0.0,12.6,25,-1.2,1.7,11,2020-11-25,5.5,20201125,281
329,2020,0.0,8.5,2.3,73.3,0.0,12.8,26,0.5,0.8,11,2020-11-26,6.9,20201126,281
330,2020,0.0,4.6,4.9,59.4,0.0,11.6,27,3.2,3.0,11,2020-11-27,7.3,20201127,281
331,2020,0.0,4.9,6.8,45.9,0.0,7.3,28,0.9,2.8,11,2020-11-28,3.3,20201128,281
332,2020,0.0,3.5,7.4,56.1,0.0,7.8,29,-2.3,2.9,11,2020-11-29,2.9,20201129,281
333,2020,0.0,0.0,7.3,50.5,0.0,7.9,30,-1.7,2.4,11,2020-11-30,2.9,20201130,281
334,2020,0.0,2.8,7.2,51.6,0.0,9.6,1,-5.4,1.1,12,2020-12-01,1.4,20201201,281
335,2020,0.0,3.5,4.4,52.8,0.0,10.2,2,-3.4,1.0,12,2020-12-02,2.5,20201202,281
336,2020,0.0,5.6,7.2,38.6,0.0,9.1,3,1.2,2.6,12,2020-12-03,4.0,20201203,281
337,2020,0.0,1.1,7.2,42.1,0.0,7.2,4,-2.8,2.5,12,2020-12-04,2.1,20201204,281
338,2020,0.0,0.1,7.2,60.4,0.0,9.1,5,-3.9,1.9,12,2020-12-05,2.3,20201205,281
339,2020,0.0,0.9,7.2,66.6,0.0,10.4,6,-4.5,1.5,12,2020-12-06,2.9,20201206,281
340,2020,0.0,2.5,4.4,67.6,0.0,10.9,7,-4.1,1.9,12,2020-12-07,2.9,20201207,281
341,2020,0.0,2.1,4.9,53.8,0.0,6.2,8,-5.4,2.1,12,2020-12-08,0.6,20201208,281
342,2020,0.0,1.4,7.3,52.1,0.0,8.9,9,-8.5,1.1,12,2020-12-09,-0.6,20201209,281
343,2020,0.0,5.6,3.1,60.0,0.0,11.5,10,-0.8,1.2,12,2020-12-10,3.8,20201210,281
344,2020,0.0,8.5,3.1,68.1,0.0,11.0,11,-1.5,1.3,12,2020-12-11,5.0,20201211,281
345,2020,0.0,3.1,5.6,46.1,0.0,9.3,12,-2.9,2.4,12,2020-12-12,4.6,20201212,281
346,2020,0.0,7.6,2.8,62.0,0.0,10.6,13,-5.0,1.8,12,2020-12-13,1.2,20201213,281
347,2020,0.0,3.1,7.3,32.1,0.0,-0.1,14,-6.2,3.6,12,2020-12-14,-3.3,20201214,281
348,2020,0.0,0.0,7.2,35.3,0.0,-0.8,15,-8.1,3.2,12,2020-12-15,-4.7,20201215,281
349,2020,0.0,0.0,7.1,35.8,0.0,-0.3,16,-6.6,3.3,12,2020-12-16,-3.9,20201216,281
350,2020,0.0,0.6,7.1,43.4,0.0,2.8,17,-7.3,2.7,12,2020-12-17,-2.5,20201217,281
351,2020,0.0,6.0,3.2,53.0,0.0,6.4,18,-5.5,2.1,12,2020-12-18,0.0,20201218,281
352,2020,0.0,3.1,6.7,31.8,0.0,2.9,19,-4.7,2.9,12,2020-12-19,-1.9,20201219,281
353,2020,0.0,3.8,6.0,42.5,0.0,4.5,20,-5.4,2.7,12,2020-12-20,-0.7,20201220,281
354,2020,0.0,0.5,6.4,55.9,0.0,6.1,21,-6.8,2.0,12,2020-12-21,0.3,20201221,281
355,2020,0.0,0.6,6.1,64.8,0.0,8.4,22,-5.9,1.6,12,2020-12-22,1.3,20201222,281
356,2020,0.0,4.6,4.9,66.6,0.0,8.9,23,-5.7,1.1,12,2020-12-23,1.9,20201223,281
357,2020,0.0,3.6,5.1,56.1,0.0,10.9,24,-3.2,2.5,12,2020-12-24,3.6,20201224,281
358,2020,0.0,0.5,7.1,52.4,0.0,5.8,25,-5.5,3.0,12,2020-12-25,0.4,20201225,281
359,2020,0.0,5.9,3.9,70.1,0.0,9.0,26,-8.1,1.0,12,2020-12-26,-0.6,20201226,281
360,2020,0.0,8.4,0.7,80.8,0.0,7.8,27,-3.8,0.5,12,2020-12-27,1.6,20201227,281
361,2020,0.0,3.6,4.4,82.9,0.0,12.5,28,-2.4,0.9,12,2020-12-28,2.9,20201228,281
362,2020,0.9,7.8,3.3,78.4,0.0,12.6,29,-4.2,1.5,12,2020-12-29,2.7,20201229,281
363,2020,0.0,3.0,7.3,51.6,0.0,0.8,30,-9.3,5.4,12,2020-12-30,-5.9,20201230,281
364,2020,0.0,1.1,7.0,49.8,0.0,-0.6,31,-11.3,3.7,12,2020-12-31,-5.9,20201231,281
