,sunshine,station_id,day,humid,tmin,date,wind,snow,Date,tavg,cloud,year,tmax,month,rainfall
0,2.6,281,1,70.9,-7.8,20060101,1.3,0.0,2006-01-01,0.3,0.0,2006,7.4,1,0.0
1,5.5,281,2,51.0,-0.6,20060102,3.2,0.0,2006-01-02,3.4,0.0,2006,7.5,1,0.0
2,6.0,281,3,29.0,-2.2,20060103,3.7,0.0,2006-01-03,0.4,0.0,2006,4.8,1,0.0
3,0.0,281,4,32.6,-4.8,20060104,2.9,0.0,2006-01-04,-1.9,0.0,2006,0.1,1,0.0
4,6.5,281,5,43.5,-9.0,20060105,2.7,0.0,2006-01-05,-4.2,0.0,2006,1.2,1,0.0
5,0.2,281,6,42.8,-7.0,20060106,3.9,0.0,2006-01-06,-5.1,0.0,2006,-1.6,1,0.0
6,7.1,281,7,38.0,-9.8,20060107,3.8,0.0,2006-01-07,-4.9,0.0,2006,0.0,1,0.0
7,6.8,281,8,50.3,-13.3,20060108,1.2,0.0,2006-01-08,-4.7,0.0,2006,4.0,1,0.0
8,7.1,281,9,58.8,-10.8,20060109,1.3,0.0,2006-01-09,-2.8,0.0,2006,5.6,1,0.0
9,5.0,281,10,58.1,-8.5,20060110,1.3,0.0,2006-01-10,-1.2,0.0,2006,7.0,1,0.0
10,3.4,281,11,62.0,-11.3,20060111,0.6,0.0,2006-01-11,-3.6,0.0,2006,7.0,1,0.0
11,4.4,281,12,66.8,-11.8,20060112,1.4,0.0,2006-01-12,0.1,0.0,2006,8.3,1,0.0
12,0.0,281,13,85.8,3.0,20060113,0.5,0.0,2006-01-13,5.0,0.0,2006,6.6,1,11.5
13,0.7,281,14,77.1,-2.0,20060114,0.9,0.0,2006-01-14,4.6,0.0,2006,8.8,1,0.5
14,1.6,281,15,79.8,-3.0,20060115,0.5,0.0,2006-01-15,1.4,0.0,2006,7.5,1,0.0
15,0.0,281,16,86.4,-4.0,20060116,0.3,0.0,2006-01-16,0.4,0.0,2006,4.1,1,0.0
16,4.9,281,17,73.8,-3.5,20060117,0.5,0.0,2006-01-17,1.4,0.0,2006,9.0,1,0.0
17,3.6,281,18,71.5,-2.5,20060118,0.9,0.0,2006-01-18,2.8,0.0,2006,8.6,1,0.0
18,0.6,281,19,84.6,-0.3,20060119,1.5,0.0,2006-01-19,1.4,0.0,2006,4.0,1,0.5
19,3.9,281,20,76.3,-1.8,20060120,0.8,0.0,2006-01-20,1.8,0.0,2006,6.9,1,0.0
20,3.5,281,21,78.3,-5.0,20060121,0.4,0.0,2006-01-21,-0.5,0.0,2006,8.6,1,0.0
21,7.6,281,22,45.0,-6.3,20060122,3.5,0.0,2006-01-22,-0.7,0.0,2006,5.0,1,0.0
22,7.5,281,23,45.1,-8.1,20060123,2.4,0.0,2006-01-23,-1.8,0.0,2006,4.9,1,0.0
23,7.7,281,24,51.5,-9.1,20060124,1.6,0.0,2006-01-24,-2.8,0.0,2006,5.1,1,0.0
24,6.3,281,25,51.0,-8.8,20060125,1.7,0.0,2006-01-25,-0.9,0.0,2006,6.8,1,0.0
25,6.9,281,26,54.8,-4.5,20060126,2.3,0.0,2006-01-26,1.9,0.0,2006,8.0,1,0.0
26,6.2,281,27,50.8,-1.5,20060127,3.5,0.0,2006-01-27,2.3,0.0,2006,7.4,1,0.0
27,6.6,281,28,66.3,-8.0,20060128,0.7,0.0,2006-01-28,-0.2,0.0,2006,9.5,1,0.0
28,7.6,281,29,67.4,-7.0,20060129,0.6,0.0,2006-01-29,2.1,0.0,2006,12.5,1,0.0
29,2.6,281,30,65.6,0.8,20060130,0.9,0.0,2006-01-30,6.3,0.0,2006,12.8,1,0.0
30,0.0,281,31,85.4,4.4,20060131,1.0,0.0,2006-01-31,5.1,0.0,2006,5.9,1,10.0
31,1.7,281,1,76.4,-2.5,20060201,2.3,0.0,2006-02-01,2.9,0.0,2006,6.6,2,10.0
32,6.9,281,2,51.8,-4.1,20060202,2.6,0.0,2006-02-02,0.6,0.0,2006,6.0,2,0.0
33,8.9,281,3,42.1,-10.5,20060203,3.8,0.0,2006-02-03,-6.0,0.0,2006,-0.1,2,0.0
34,9.0,281,4,46.1,-12.6,20060204,3.5,0.0,2006-02-04,-6.7,0.0,2006,-0.4,2,0.0
35,7.4,281,5,43.3,-9.6,20060205,1.7,0.0,2006-02-05,-2.8,0.0,2006,2.9,2,0.0
36,1.2,281,6,78.1,-3.9,20060206,0.3,2.2,2006-02-06,-0.6,0.0,2006,2.4,2,1.4
37,4.1,281,7,76.5,-0.8,20060207,2.4,8.6,2006-02-07,1.0,0.0,2006,4.5,2,5.5
38,8.6,281,8,57.9,-7.0,20060208,4.5,0.6,2006-02-08,-4.2,0.0,2006,-0.4,2,0.2
39,9.6,281,9,51.4,-9.8,20060209,3.2,0.0,2006-02-09,-3.7,0.0,2006,2.0,2,0.0
40,7.8,281,10,64.5,-5.6,20060210,2.1,0.0,2006-02-10,-0.5,0.0,2006,7.0,2,0.0
41,4.3,281,11,64.6,-5.8,20060211,1.5,0.0,2006-02-11,1.3,0.0,2006,7.3,2,0.0
42,10.0,281,12,36.0,-3.9,20060212,2.9,0.0,2006-02-12,0.2,0.0,2006,6.3,2,0.0
43,9.7,281,13,50.1,-7.4,20060213,1.6,0.0,2006-02-13,4.1,0.0,2006,13.6,2,0.0
44,5.8,281,14,74.6,2.2,20060214,2.1,0.0,2006-02-14,9.3,0.0,2006,17.1,2,4.0
45,0.0,281,15,79.1,2.0,20060215,1.0,0.0,2006-02-15,4.3,0.0,2006,7.4,2,5.5
46,2.0,281,16,62.9,1.2,20060216,2.4,0.0,2006-02-16,4.4,0.0,2006,8.8,2,0.0
47,9.0,281,17,37.4,-5.0,20060217,3.9,0.0,2006-02-17,-2.1,0.0,2006,2.0,2,0.0
48,9.1,281,18,49.5,-7.1,20060218,2.4,0.0,2006-02-18,0.1,0.0,2006,6.4,2,0.0
49,7.1,281,19,50.9,-2.2,20060219,1.3,0.0,2006-02-19,2.5,0.0,2006,10.3,2,0.0
50,9.4,281,20,53.6,-2.9,20060220,0.8,0.0,2006-02-20,3.9,0.0,2006,14.1,2,0.0
51,8.9,281,21,53.1,-5.3,20060221,0.6,0.0,2006-02-21,5.4,0.0,2006,16.7,2,0.0
52,3.0,281,22,58.4,0.5,20060222,2.2,0.0,2006-02-22,5.3,0.0,2006,9.1,2,0.5
53,9.4,281,23,41.4,-3.5,20060223,1.8,0.0,2006-02-23,3.6,0.0,2006,12.1,2,0.0
54,9.5,281,24,51.8,-3.0,20060224,2.0,0.0,2006-02-24,3.8,0.0,2006,10.6,2,0.0
55,4.9,281,25,76.3,-5.0,20060225,0.9,0.0,2006-02-25,4.2,0.0,2006,12.1,2,1.5
56,8.8,281,26,54.9,-1.7,20060226,3.2,0.0,2006-02-26,5.6,0.0,2006,11.1,2,1.0
57,8.4,281,27,55.1,-4.6,20060227,1.7,0.0,2006-02-27,1.2,0.0,2006,8.6,2,0.0
58,0.0,281,28,74.6,-1.5,20060228,1.1,0.0,2006-02-28,2.2,0.0,2006,5.0,2,1.5
59,5.0,281,1,71.6,-0.6,20060301,2.4,0.0,2006-03-01,1.4,0.0,2006,5.1,3,2.0
60,8.8,281,2,49.4,-3.2,20060302,3.8,0.0,2006-03-02,0.6,0.0,2006,5.3,3,0.0
61,10.0,281,3,48.9,-4.6,20060303,2.5,0.0,2006-03-03,0.6,0.0,2006,7.5,3,0.0
62,9.6,281,4,43.4,-5.1,20060304,1.5,0.0,2006-03-04,4.4,0.0,2006,12.1,3,0.0
63,7.0,281,5,58.4,1.7,20060305,1.7,0.0,2006-03-05,9.7,0.0,2006,17.0,3,0.0
64,6.1,281,6,72.3,0.3,20060306,2.3,0.0,2006-03-06,6.7,0.0,2006,14.8,3,0.0
65,7.7,281,7,58.4,2.0,20060307,2.3,0.0,2006-03-07,10.2,0.0,2006,17.3,3,0.0
66,8.5,281,8,53.3,2.2,20060308,1.7,0.0,2006-03-08,8.6,0.0,2006,19.1,3,0.0
67,3.9,281,9,70.6,1.5,20060309,1.9,0.0,2006-03-09,6.7,0.0,2006,12.3,3,0.0
68,8.6,281,10,57.9,-2.0,20060310,1.2,0.0,2006-03-10,9.7,0.0,2006,19.7,3,0.0
69,5.2,281,11,55.1,4.9,20060311,2.5,0.0,2006-03-11,10.7,0.0,2006,17.5,3,0.0
70,7.6,281,12,31.0,-6.1,20060312,5.2,0.0,2006-03-12,0.4,0.0,2006,7.9,3,0.0
71,8.8,281,13,52.0,-8.1,20060313,2.9,0.3,2006-03-13,-1.9,0.0,2006,4.6,3,0.1
72,9.8,281,14,46.9,-3.2,20060314,3.9,0.0,2006-03-14,1.9,0.0,2006,7.0,3,0.0
73,9.3,281,15,34.8,-0.3,20060315,2.7,0.0,2006-03-15,8.2,0.0,2006,15.8,3,0.0
74,1.4,281,16,70.0,0.4,20060316,2.2,3.3,2006-03-16,4.6,0.0,2006,9.3,3,11.0
75,9.5,281,17,60.0,-0.6,20060317,1.0,0.0,2006-03-17,8.6,0.0,2006,19.6,3,0.0
76,1.8,281,18,64.1,5.1,20060318,1.2,0.0,2006-03-18,8.7,0.0,2006,11.8,3,0.5
77,8.8,281,19,35.5,2.4,20060319,2.9,0.0,2006-03-19,6.3,0.0,2006,12.6,3,0.0
78,9.8,281,20,38.9,-4.5,20060320,1.1,0.0,2006-03-20,6.0,0.0,2006,14.6,3,0.0
79,8.5,281,21,48.9,1.5,20060321,1.3,0.0,2006-03-21,8.6,0.0,2006,18.3,3,0.0
80,8.8,281,22,60.1,0.5,20060322,1.1,0.0,2006-03-22,8.6,0.0,2006,18.2,3,0.0
81,8.8,281,23,49.0,0.0,20060323,2.6,0.0,2006-03-23,8.8,0.0,2006,16.0,3,0.0
82,10.5,281,24,51.4,-5.0,20060324,0.9,0.0,2006-03-24,4.1,0.0,2006,14.1,3,0.0
83,9.4,281,25,44.5,-3.7,20060325,2.4,0.0,2006-03-25,9.7,0.0,2006,19.7,3,0.0
84,9.3,281,26,45.5,3.0,20060326,2.5,0.0,2006-03-26,10.7,0.0,2006,17.7,3,0.0
85,9.4,281,27,51.4,-1.7,20060327,1.2,0.0,2006-03-27,8.2,0.0,2006,18.6,3,0.0
86,8.4,281,28,47.4,0.6,20060328,4.3,0.0,2006-03-28,4.4,0.0,2006,9.3,3,0.8
87,10.6,281,29,40.3,-2.5,20060329,2.9,0.0,2006-03-29,4.5,0.0,2006,11.8,3,0.0
88,10.7,281,30,44.8,-0.5,20060330,3.2,0.0,2006-03-30,6.2,0.0,2006,12.5,3,0.0
89,10.8,281,31,50.9,-5.5,20060331,1.0,0.0,2006-03-31,6.1,0.0,2006,17.0,3,0.0
90,0.0,281,1,72.8,1.7,20060401,0.6,0.0,2006-04-01,9.5,0.0,2006,15.5,4,5.5
91,6.7,281,2,65.5,7.5,20060402,3.5,0.0,2006-04-02,11.6,0.0,2006,16.2,4,0.0
92,9.7,281,3,43.6,2.5,20060403,1.7,0.0,2006-04-03,12.9,0.0,2006,24.0,4,0.0
93,0.0,281,4,73.0,7.5,20060404,0.9,0.0,2006-04-04,9.4,0.0,2006,13.3,4,10.0
94,7.9,281,5,68.6,7.0,20060405,1.9,0.0,2006-04-05,9.5,0.0,2006,16.3,4,0.0
95,4.7,281,6,70.0,3.0,20060406,1.9,0.0,2006-04-06,8.0,0.0,2006,12.6,4,0.0
96,9.6,281,7,55.1,4.1,20060407,2.0,0.0,2006-04-07,13.2,0.0,2006,20.6,4,0.0
97,8.9,281,8,37.3,7.5,20060408,3.2,0.0,2006-04-08,12.9,0.0,2006,19.6,4,0.0
98,7.7,281,9,58.9,7.5,20060409,2.9,0.0,2006-04-09,12.5,0.0,2006,18.1,4,2.0
99,0.0,281,10,83.6,10.3,20060410,3.1,0.0,2006-04-10,11.9,0.0,2006,12.8,4,16.5
100,0.0,281,11,81.4,11.8,20060411,1.5,0.0,2006-04-11,12.7,0.0,2006,13.8,4,36.0
101,9.9,281,12,66.0,9.0,20060412,2.8,0.0,2006-04-12,13.3,0.0,2006,22.2,4,0.0
102,1.3,281,13,60.1,5.0,20060413,3.0,0.0,2006-04-13,7.8,0.0,2006,10.3,4,0.0
103,10.2,281,14,61.0,0.1,20060414,2.5,0.0,2006-04-14,7.0,0.0,2006,13.6,4,0.0
104,6.4,281,15,68.1,1.1,20060415,1.3,0.0,2006-04-15,7.3,0.0,2006,13.8,4,0.0
105,11.0,281,16,46.1,0.8,20060416,3.2,0.0,2006-04-16,7.8,0.0,2006,15.6,4,0.0
106,9.4,281,17,52.4,-0.8,20060417,2.1,0.0,2006-04-17,11.0,0.0,2006,21.2,4,0.0
107,9.9,281,18,47.3,6.3,20060418,1.8,0.0,2006-04-18,15.6,0.0,2006,23.0,4,0.0
108,0.9,281,19,65.4,6.9,20060419,2.7,0.0,2006-04-19,12.5,0.0,2006,17.5,4,38.5
109,4.6,281,20,52.6,4.9,20060420,5.6,0.0,2006-04-20,8.1,0.0,2006,11.8,4,0.0
110,11.3,281,21,44.6,6.9,20060421,3.5,0.0,2006-04-21,12.9,0.0,2006,20.6,4,0.0
111,3.9,281,22,59.8,5.8,20060422,0.8,0.0,2006-04-22,10.7,0.0,2006,17.2,4,0.0
112,9.6,281,23,52.9,2.9,20060423,2.5,0.0,2006-04-23,11.9,0.0,2006,23.7,4,0.0
113,10.3,281,24,29.1,5.4,20060424,2.8,0.0,2006-04-24,13.1,0.0,2006,20.0,4,0.0
114,11.2,281,25,29.5,7.8,20060425,2.6,0.0,2006-04-25,13.9,0.0,2006,21.7,4,0.0
115,1.1,281,26,60.9,9.1,20060426,0.6,0.0,2006-04-26,11.9,0.0,2006,16.2,4,1.5
116,8.9,281,27,61.1,5.0,20060427,1.8,0.0,2006-04-27,12.0,0.0,2006,19.5,4,0.0
117,10.3,281,28,52.0,2.0,20060428,1.3,0.0,2006-04-28,13.8,0.0,2006,23.7,4,0.0
118,3.7,281,29,67.3,5.4,20060429,1.0,0.0,2006-04-29,12.4,0.0,2006,18.0,4,0.0
119,10.3,281,30,52.6,7.0,20060430,2.5,0.0,2006-04-30,19.9,0.0,2006,29.6,4,0.0
120,8.9,281,1,47.6,12.5,20060501,1.9,0.0,2006-05-01,19.6,0.0,2006,28.1,5,0.0
121,10.1,281,2,45.3,10.0,20060502,4.8,0.0,2006-05-02,14.1,0.0,2006,18.1,5,0.0
122,11.8,281,3,53.6,6.9,20060503,1.9,0.0,2006-05-03,13.7,0.0,2006,23.0,5,0.0
123,10.3,281,4,50.8,6.4,20060504,1.7,0.0,2006-05-04,18.3,0.0,2006,28.7,5,0.0
124,7.2,281,5,57.5,14.1,20060505,2.1,0.0,2006-05-05,20.7,0.0,2006,25.2,5,0.0
125,0.0,281,6,79.8,14.3,20060506,1.5,0.0,2006-05-06,16.3,0.0,2006,20.0,5,39.0
126,4.6,281,7,71.8,13.6,20060507,1.5,0.0,2006-05-07,16.6,0.0,2006,22.3,5,0.0
127,6.3,281,8,70.5,11.3,20060508,2.5,0.0,2006-05-08,14.9,0.0,2006,19.7,5,0.0
128,3.9,281,9,73.9,11.0,20060509,2.6,0.0,2006-05-09,13.3,0.0,2006,18.2,5,0.0
129,1.4,281,10,74.8,11.8,20060510,0.7,0.0,2006-05-10,16.2,0.0,2006,19.7,5,38.5
130,9.0,281,11,41.4,7.5,20060511,3.1,0.0,2006-05-11,13.8,0.0,2006,19.0,5,0.0
131,3.7,281,12,60.6,5.5,20060512,1.3,0.0,2006-05-12,11.4,0.0,2006,17.0,5,1.0
132,9.8,281,13,55.3,7.6,20060513,2.0,0.0,2006-05-13,15.5,0.0,2006,23.0,5,1.0
133,11.3,281,14,40.4,11.6,20060514,2.7,0.0,2006-05-14,17.3,0.0,2006,24.3,5,0.0
134,10.2,281,15,37.0,7.5,20060515,1.0,0.0,2006-05-15,16.8,0.0,2006,25.1,5,0.0
135,8.9,281,16,37.1,11.0,20060516,1.0,0.0,2006-05-16,19.2,0.0,2006,27.2,5,0.0
136,6.7,281,17,54.5,13.3,20060517,0.6,0.0,2006-05-17,18.4,0.0,2006,24.6,5,0.0
137,4.3,281,18,70.8,12.1,20060518,0.8,0.0,2006-05-18,17.8,0.0,2006,23.5,5,0.5
138,1.4,281,19,89.1,14.1,20060519,1.1,0.0,2006-05-19,15.6,0.0,2006,19.8,5,48.5
139,10.8,281,20,61.8,11.8,20060520,1.3,0.0,2006-05-20,20.3,0.0,2006,28.6,5,0.0
140,10.0,281,21,67.0,13.0,20060521,0.9,0.0,2006-05-21,21.5,0.0,2006,30.2,5,0.0
141,7.9,281,22,68.3,14.1,20060522,2.4,0.0,2006-05-22,22.0,0.0,2006,27.1,5,0.0
142,10.2,281,23,64.4,13.6,20060523,2.3,0.0,2006-05-23,20.5,0.0,2006,28.1,5,0.0
143,10.9,281,24,74.4,11.0,20060524,2.3,0.0,2006-05-24,15.8,0.0,2006,23.3,5,0.0
144,7.0,281,25,70.0,9.8,20060525,2.2,0.0,2006-05-25,15.9,0.0,2006,22.1,5,0.0
145,3.6,281,26,76.5,12.8,20060526,1.6,0.0,2006-05-26,16.7,0.0,2006,22.7,5,0.5
146,0.2,281,27,90.6,14.8,20060527,2.8,0.0,2006-05-27,16.3,0.0,2006,17.7,5,1.5
147,3.3,281,28,83.6,11.3,20060528,1.5,0.0,2006-05-28,16.2,0.0,2006,22.8,5,19.5
148,5.7,281,29,80.4,10.8,20060529,0.7,0.0,2006-05-29,17.4,0.0,2006,25.2,5,6.0
149,9.7,281,30,71.0,14.1,20060530,1.0,0.0,2006-05-30,20.6,0.0,2006,29.6,5,0.0
150,11.8,281,31,63.5,11.6,20060531,1.0,0.0,2006-05-31,21.7,0.0,2006,30.8,5,0.0
151,10.5,281,1,66.0,14.6,20060601,1.5,0.0,2006-06-01,21.0,0.0,2006,28.2,6,0.0
152,8.6,281,2,77.6,13.3,20060602,2.9,0.0,2006-06-02,16.9,0.0,2006,22.2,6,0.0
153,9.9,281,3,68.8,13.8,20060603,2.6,0.0,2006-06-03,17.6,0.0,2006,23.7,6,0.0
154,7.7,281,4,71.5,12.8,20060604,0.6,0.0,2006-06-04,18.1,0.0,2006,25.7,6,0.0
155,10.9,281,5,68.9,11.8,20060605,1.2,0.0,2006-06-05,21.0,0.0,2006,30.6,6,0.0
156,9.0,281,6,70.0,15.5,20060606,1.4,0.0,2006-06-06,22.2,0.0,2006,31.0,6,0.0
157,5.6,281,7,78.4,16.6,20060607,2.6,0.0,2006-06-07,18.9,0.0,2006,23.6,6,0.0
158,1.0,281,8,82.9,16.2,20060608,1.1,0.0,2006-06-08,18.1,0.0,2006,20.6,6,0.5
159,11.7,281,9,61.4,16.7,20060609,1.6,0.0,2006-06-09,22.3,0.0,2006,29.2,6,0.0
160,10.9,281,10,60.0,14.0,20060610,1.6,0.0,2006-06-10,22.0,0.0,2006,29.7,6,5.0
161,10.8,281,11,65.8,15.8,20060611,1.7,0.0,2006-06-11,21.4,0.0,2006,28.3,6,4.0
162,11.9,281,12,65.5,12.6,20060612,1.6,0.0,2006-06-12,21.0,0.0,2006,29.7,6,0.0
163,11.9,281,13,65.4,13.0,20060613,1.9,0.0,2006-06-13,21.4,0.0,2006,29.5,6,0.0
164,3.5,281,14,84.3,13.8,20060614,2.9,0.0,2006-06-14,18.8,0.0,2006,23.1,6,13.0
165,9.3,281,15,70.3,15.8,20060615,2.4,0.0,2006-06-15,22.1,0.0,2006,27.7,6,8.0
166,8.7,281,16,66.1,13.3,20060616,0.8,0.0,2006-06-16,21.8,0.0,2006,31.1,6,0.0
167,11.0,281,17,62.8,12.8,20060617,0.7,0.0,2006-06-17,23.4,0.0,2006,33.2,6,0.0
168,10.5,281,18,59.0,16.7,20060618,1.9,0.0,2006-06-18,24.3,0.0,2006,31.7,6,0.0
169,10.6,281,19,59.3,16.2,20060619,1.4,0.0,2006-06-19,24.5,0.0,2006,32.5,6,0.0
170,10.0,281,20,55.5,16.2,20060620,1.4,0.0,2006-06-20,25.8,0.0,2006,33.7,6,0.0
171,5.7,281,21,66.5,19.3,20060621,1.9,0.0,2006-06-21,24.4,0.0,2006,30.5,6,0.5
172,2.0,281,22,88.9,19.7,20060622,0.6,0.0,2006-06-22,21.9,0.0,2006,25.7,6,9.0
173,6.8,281,23,83.4,17.5,20060623,2.2,0.0,2006-06-23,20.9,0.0,2006,25.2,6,0.0
174,6.9,281,24,76.3,17.0,20060624,2.6,0.0,2006-06-24,20.0,0.0,2006,25.7,6,0.0
175,0.0,281,25,87.3,17.7,20060625,2.0,0.0,2006-06-25,19.0,0.0,2006,20.3,6,4.5
176,6.7,281,26,78.5,18.1,20060626,1.1,0.0,2006-06-26,23.0,0.0,2006,29.1,6,0.5
177,9.0,281,27,74.5,19.2,20060627,1.5,0.0,2006-06-27,24.4,0.0,2006,31.5,6,1.5
178,9.8,281,28,70.8,19.8,20060628,1.2,0.0,2006-06-28,26.2,0.0,2006,33.0,6,0.0
179,7.8,281,29,72.9,19.6,20060629,1.1,0.0,2006-06-29,25.8,0.0,2006,32.4,6,0.0
180,6.1,281,30,75.9,22.3,20060630,1.5,0.0,2006-06-30,26.0,0.0,2006,30.8,6,1.5
181,0.2,281,1,88.8,21.8,20060701,1.0,0.0,2006-07-01,23.3,0.0,2006,25.2,7,27.5
182,4.2,281,2,86.6,18.0,20060702,1.5,0.0,2006-07-02,21.9,0.0,2006,28.0,7,30.5
183,7.8,281,3,83.8,17.7,20060703,2.2,0.0,2006-07-03,20.8,0.0,2006,25.6,7,0.0
184,0.0,281,4,90.8,19.7,20060704,2.3,0.0,2006-07-04,20.7,0.0,2006,21.7,7,25.0
185,2.0,281,5,81.0,18.3,20060705,1.5,0.0,2006-07-05,20.7,0.0,2006,23.7,7,0.5
186,0.3,281,6,77.9,17.5,20060706,1.3,0.0,2006-07-06,19.5,0.0,2006,21.3,7,0.0
187,6.6,281,7,77.0,18.6,20060707,0.7,0.0,2006-07-07,23.0,0.0,2006,28.7,7,0.0
188,3.0,281,8,87.0,20.0,20060708,1.5,0.0,2006-07-08,22.7,0.0,2006,26.6,7,7.0
189,0.0,281,9,96.1,21.1,20060709,0.4,0.0,2006-07-09,21.6,0.0,2006,22.6,7,99.0
190,0.0,281,10,88.8,20.7,20060710,3.4,0.0,2006-07-10,22.7,0.0,2006,24.7,7,85.0
191,4.0,281,11,80.4,22.7,20060711,1.7,0.0,2006-07-11,25.3,0.0,2006,28.7,7,1.0
192,5.3,281,12,85.0,23.1,20060712,0.7,0.0,2006-07-12,26.8,0.0,2006,32.2,7,8.0
193,5.0,281,13,75.3,24.7,20060713,1.3,0.0,2006-07-13,28.6,0.0,2006,33.7,7,0.0
194,9.3,281,14,75.1,21.7,20060714,1.5,0.0,2006-07-14,27.2,0.0,2006,34.4,7,0.0
195,6.9,281,15,81.3,21.2,20060715,1.3,0.0,2006-07-15,26.5,0.0,2006,33.7,7,15.5
196,0.2,281,16,92.5,19.7,20060716,1.8,0.0,2006-07-16,21.2,0.0,2006,24.7,7,76.0
197,0.0,281,17,94.1,18.2,20060717,0.5,0.0,2006-07-17,19.5,0.0,2006,20.3,7,93.0
198,0.0,281,18,95.1,19.2,20060718,0.6,0.0,2006-07-18,19.8,0.0,2006,20.7,7,60.0
199,0.0,281,19,91.4,18.6,20060719,1.2,0.0,2006-07-19,19.5,0.0,2006,20.6,7,10.5
200,0.6,281,20,91.0,18.2,20060720,0.6,0.0,2006-07-20,19.2,0.0,2006,21.3,7,15.0
201,3.7,281,21,88.0,18.6,20060721,0.3,0.0,2006-07-21,21.5,0.0,2006,25.8,7,1.5
202,8.6,281,22,80.0,19.5,20060722,0.9,0.0,2006-07-22,24.1,0.0,2006,30.6,7,0.0
203,3.1,281,23,85.3,17.2,20060723,1.0,0.0,2006-07-23,21.0,0.0,2006,25.5,7,0.0
204,0.6,281,24,86.9,19.0,20060724,0.4,0.0,2006-07-24,21.3,0.0,2006,24.2,7,0.0
205,7.7,281,25,73.8,19.7,20060725,0.9,0.0,2006-07-25,24.7,0.0,2006,31.5,7,1.0
206,0.3,281,26,93.6,20.2,20060726,0.8,0.0,2006-07-26,21.1,0.0,2006,23.0,7,55.5
207,9.4,281,27,78.4,19.8,20060727,0.8,0.0,2006-07-27,25.8,0.0,2006,31.7,7,0.0
208,9.5,281,28,75.3,23.7,20060728,1.6,0.0,2006-07-28,27.4,0.0,2006,33.5,7,27.5
209,5.9,281,29,83.1,23.7,20060729,0.9,0.0,2006-07-29,27.0,0.0,2006,32.9,7,3.0
210,9.5,281,30,79.1,23.8,20060730,1.0,0.0,2006-07-30,28.5,0.0,2006,34.5,7,0.0
211,10.6,281,31,70.5,25.0,20060731,1.3,0.0,2006-07-31,29.6,0.0,2006,36.2,7,0.0
212,11.1,281,1,74.1,22.1,20060801,1.0,0.0,2006-08-01,28.3,0.0,2006,35.0,8,0.0
213,12.0,281,2,73.4,22.3,20060802,1.0,0.0,2006-08-02,28.7,0.0,2006,35.5,8,0.0
214,10.3,281,3,74.1,22.2,20060803,0.9,0.0,2006-08-03,28.5,0.0,2006,35.9,8,0.0
215,11.5,281,4,72.8,22.3,20060804,1.0,0.0,2006-08-04,28.8,0.0,2006,36.2,8,0.0
216,10.9,281,5,71.1,22.5,20060805,0.9,0.0,2006-08-05,28.7,0.0,2006,35.7,8,0.0
217,9.4,281,6,75.0,22.1,20060806,0.8,0.0,2006-08-06,28.3,0.0,2006,36.2,8,8.0
218,10.3,281,7,74.0,23.0,20060807,0.7,0.0,2006-08-07,28.7,0.0,2006,36.2,8,0.0
219,11.0,281,8,72.4,23.1,20060808,1.1,0.0,2006-08-08,28.7,0.0,2006,36.5,8,0.0
220,11.8,281,9,68.1,21.3,20060809,1.1,0.0,2006-08-09,28.5,0.0,2006,36.9,8,0.0
221,10.5,281,10,70.4,22.2,20060810,0.8,0.0,2006-08-10,29.3,0.0,2006,37.2,8,0.0
222,8.5,281,11,69.8,23.3,20060811,1.3,0.0,2006-08-11,29.1,0.0,2006,35.5,8,0.0
223,10.6,281,12,67.3,23.7,20060812,1.7,0.0,2006-08-12,29.5,0.0,2006,36.5,8,0.0
224,9.8,281,13,70.9,23.2,20060813,1.2,0.0,2006-08-13,28.9,0.0,2006,37.0,8,0.0
225,10.0,281,14,70.3,22.6,20060814,1.0,0.0,2006-08-14,29.4,0.0,2006,37.2,8,0.0
226,9.4,281,15,76.5,24.3,20060815,1.4,0.0,2006-08-15,29.1,0.0,2006,36.0,8,1.0
227,10.8,281,16,76.3,23.2,20060816,1.7,0.0,2006-08-16,27.4,0.0,2006,33.5,8,0.0
228,9.3,281,17,65.8,20.8,20060817,2.1,0.0,2006-08-17,27.6,0.0,2006,33.7,8,0.0
229,0.0,281,18,69.5,23.0,20060818,3.1,0.0,2006-08-18,25.6,0.0,2006,27.5,8,0.0
230,0.0,281,19,90.0,19.5,20060819,2.1,0.0,2006-08-19,21.0,0.0,2006,24.6,8,53.0
231,6.1,281,20,85.0,20.6,20060820,0.9,0.0,2006-08-20,24.2,0.0,2006,30.7,8,9.0
232,6.9,281,21,84.9,22.7,20060821,1.1,0.0,2006-08-21,26.5,0.0,2006,35.2,8,48.0
233,3.5,281,22,89.3,22.5,20060822,2.1,0.0,2006-08-22,24.4,0.0,2006,27.7,8,1.0
234,8.3,281,23,79.3,22.0,20060823,1.0,0.0,2006-08-23,26.3,0.0,2006,33.5,8,0.0
235,6.4,281,24,86.0,22.5,20060824,0.9,0.0,2006-08-24,26.0,0.0,2006,35.0,8,28.0
236,5.5,281,25,85.4,22.2,20060825,1.0,0.0,2006-08-25,25.7,0.0,2006,31.2,8,3.5
237,8.0,281,26,82.8,22.7,20060826,1.3,0.0,2006-08-26,26.4,0.0,2006,32.0,8,0.0
238,2.0,281,27,86.5,22.1,20060827,1.0,0.0,2006-08-27,24.5,0.0,2006,28.6,8,20.5
239,9.0,281,28,77.8,21.2,20060828,1.4,0.0,2006-08-28,26.1,0.0,2006,32.5,8,0.0
240,7.9,281,29,79.8,20.1,20060829,1.2,0.0,2006-08-29,25.3,0.0,2006,33.0,8,0.0
241,1.3,281,30,80.1,21.2,20060830,1.4,0.0,2006-08-30,23.3,0.0,2006,26.1,8,11.5
242,9.9,281,31,67.1,18.2,20060831,2.3,0.0,2006-08-31,22.9,0.0,2006,28.2,8,0.0
243,8.7,281,1,76.1,15.6,20060901,1.4,0.0,2006-09-01,21.7,0.0,2006,28.5,9,0.0
244,9.1,281,2,78.3,16.5,20060902,1.1,0.0,2006-09-02,22.1,0.0,2006,29.8,9,0.0
245,11.1,281,3,78.9,16.5,20060903,1.2,0.0,2006-09-03,22.3,0.0,2006,28.5,9,0.0
246,9.2,281,4,77.3,17.3,20060904,1.2,0.0,2006-09-04,23.4,0.0,2006,30.7,9,0.0
247,0.0,281,5,76.5,16.8,20060905,2.1,0.0,2006-09-05,19.9,0.0,2006,21.8,9,0.0
248,0.7,281,6,90.8,15.3,20060906,0.8,0.0,2006-09-06,17.3,0.0,2006,21.2,9,6.0
249,8.9,281,7,81.4,14.1,20060907,1.4,0.0,2006-09-07,18.5,0.0,2006,26.7,9,0.0
250,1.4,281,8,81.4,14.8,20060908,1.8,0.0,2006-09-08,20.7,0.0,2006,24.5,9,0.0
251,3.1,281,9,74.8,18.3,20060909,2.0,0.0,2006-09-09,21.8,0.0,2006,26.7,9,0.0
252,10.4,281,10,58.6,10.6,20060910,2.5,0.0,2006-09-10,16.9,0.0,2006,22.5,9,0.0
253,2.8,281,11,83.0,10.0,20060911,0.5,0.0,2006-09-11,15.6,0.0,2006,20.6,9,0.0
254,2.8,281,12,80.1,15.6,20060912,1.3,0.0,2006-09-12,19.3,0.0,2006,23.2,9,0.0
255,1.6,281,13,72.3,18.0,20060913,1.6,0.0,2006-09-13,20.4,0.0,2006,23.6,9,0.0
256,8.6,281,14,73.9,13.8,20060914,1.8,0.0,2006-09-14,19.0,0.0,2006,25.0,9,0.0
257,1.9,281,15,81.5,15.1,20060915,1.3,0.0,2006-09-15,19.2,0.0,2006,23.7,9,7.0
258,2.5,281,16,82.5,16.2,20060916,1.0,0.0,2006-09-16,19.2,0.0,2006,24.0,9,4.0
259,0.0,281,17,86.5,17.0,20060917,2.4,0.0,2006-09-17,18.7,0.0,2006,21.7,9,29.0
260,2.6,281,18,85.9,15.8,20060918,2.4,0.0,2006-09-18,17.8,0.0,2006,21.3,9,30.5
261,9.1,281,19,77.4,14.3,20060919,0.9,0.0,2006-09-19,19.4,0.0,2006,27.8,9,0.0
262,9.5,281,20,73.8,12.1,20060920,0.7,0.0,2006-09-20,18.3,0.0,2006,26.7,9,0.0
263,6.7,281,21,79.4,13.5,20060921,1.3,0.0,2006-09-21,19.1,0.0,2006,25.8,9,0.0
264,10.6,281,22,75.3,12.3,20060922,1.7,0.0,2006-09-22,17.7,0.0,2006,24.6,9,0.0
265,10.2,281,23,75.6,9.8,20060923,1.4,0.0,2006-09-23,16.4,0.0,2006,24.2,9,0.0
266,9.7,281,24,77.1,9.3,20060924,1.1,0.0,2006-09-24,15.7,0.0,2006,23.7,9,0.0
267,9.6,281,25,79.1,8.3,20060925,1.0,0.0,2006-09-25,15.9,0.0,2006,24.7,9,0.0
268,7.2,281,26,79.1,12.1,20060926,1.2,0.0,2006-09-26,17.4,0.0,2006,24.7,9,0.0
269,9.0,281,27,79.1,10.3,20060927,0.8,0.0,2006-09-27,17.5,0.0,2006,26.0,9,0.0
270,4.4,281,28,82.8,12.3,20060928,0.4,0.0,2006-09-28,17.4,0.0,2006,24.6,9,0.0
271,7.8,281,29,78.5,11.5,20060929,1.0,0.0,2006-09-29,18.3,0.0,2006,26.3,9,0.0
272,7.8,281,30,78.1,10.8,20060930,1.3,0.0,2006-09-30,17.3,0.0,2006,24.5,9,0.0
273,3.9,281,1,81.3,14.3,20061001,1.1,0.0,2006-10-01,17.7,0.0,2006,23.6,10,0.0
274,8.8,281,2,80.3,11.6,20061002,1.0,0.0,2006-10-02,17.3,0.0,2006,25.5,10,0.0
275,8.9,281,3,77.4,9.8,20061003,0.7,0.0,2006-10-03,16.7,0.0,2006,26.3,10,0.0
276,8.8,281,4,78.8,9.6,20061004,1.2,0.0,2006-10-04,16.6,0.0,2006,25.2,10,0.0
277,8.9,281,5,67.6,11.8,20061005,1.7,0.0,2006-10-05,18.3,0.0,2006,24.6,10,0.0
278,10.2,281,6,60.0,10.5,20061006,2.0,0.0,2006-10-06,18.7,0.0,2006,25.7,10,0.0
279,10.0,281,7,73.0,7.0,20061007,0.8,0.0,2006-10-07,15.9,0.0,2006,26.6,10,0.0
280,7.3,281,8,81.6,9.8,20061008,0.4,0.0,2006-10-08,16.5,0.0,2006,25.6,10,0.0
281,6.8,281,9,82.6,11.8,20061009,0.5,0.0,2006-10-09,17.7,0.0,2006,26.5,10,0.0
282,4.7,281,10,78.9,11.8,20061010,0.4,0.0,2006-10-10,19.1,0.0,2006,28.2,10,0.0
283,5.9,281,11,76.5,13.8,20061011,0.7,0.0,2006-10-11,18.6,0.0,2006,26.1,10,0.0
284,8.3,281,12,67.4,9.3,20061012,0.8,0.0,2006-10-12,16.4,0.0,2006,27.0,10,0.0
285,9.1,281,13,73.1,5.6,20061013,1.4,0.0,2006-10-13,14.8,0.0,2006,24.2,10,0.0
286,7.9,281,14,74.5,10.1,20061014,0.7,0.0,2006-10-14,16.3,0.0,2006,25.6,10,0.0
287,8.6,281,15,73.1,7.6,20061015,0.6,0.0,2006-10-15,16.6,0.0,2006,27.5,10,0.0
288,7.0,281,16,82.3,11.0,20061016,0.4,0.0,2006-10-16,16.8,0.0,2006,26.0,10,0.0
289,3.1,281,17,85.5,11.3,20061017,0.4,0.0,2006-10-17,16.2,0.0,2006,25.1,10,0.0
290,7.4,281,18,78.5,10.5,20061018,0.5,0.0,2006-10-18,17.3,0.0,2006,26.2,10,0.0
291,3.8,281,19,74.8,12.0,20061019,0.7,0.0,2006-10-19,18.3,0.0,2006,26.5,10,0.0
292,8.6,281,20,69.3,13.1,20061020,1.3,0.0,2006-10-20,19.7,0.0,2006,28.1,10,0.0
293,4.3,281,21,77.9,15.8,20061021,1.3,0.0,2006-10-21,18.7,0.0,2006,24.2,10,0.0
294,0.5,281,22,90.6,11.8,20061022,0.9,0.0,2006-10-22,16.6,0.0,2006,21.0,10,20.5
295,4.4,281,23,65.3,13.3,20061023,2.9,0.0,2006-10-23,16.1,0.0,2006,19.1,10,0.0
296,7.7,281,24,60.8,8.8,20061024,2.1,0.0,2006-10-24,14.3,0.0,2006,19.5,10,0.0
297,7.2,281,25,75.3,4.8,20061025,0.7,0.0,2006-10-25,13.1,0.0,2006,21.3,10,0.0
298,3.5,281,26,82.9,9.8,20061026,1.0,0.0,2006-10-26,14.3,0.0,2006,19.5,10,0.0
299,9.3,281,27,73.3,6.4,20061027,1.1,0.0,2006-10-27,14.4,0.0,2006,21.2,10,0.0
300,7.9,281,28,72.9,3.2,20061028,0.7,0.0,2006-10-28,10.9,0.0,2006,23.0,10,0.0
301,8.3,281,29,75.8,6.4,20061029,0.9,0.0,2006-10-29,12.9,0.0,2006,22.5,10,0.0
302,7.3,281,30,78.1,4.0,20061030,0.4,0.0,2006-10-30,11.2,0.0,2006,22.0,10,0.0
303,7.1,281,31,73.1,3.2,20061031,0.7,0.0,2006-10-31,10.6,0.0,2006,22.3,10,0.0
304,6.6,281,1,76.4,4.3,20061101,0.4,0.0,2006-11-01,12.4,0.0,2006,21.6,11,0.0
305,5.9,281,2,78.5,4.6,20061102,1.0,0.0,2006-11-02,10.9,0.0,2006,19.6,11,0.0
306,8.2,281,3,76.6,2.0,20061103,1.0,0.0,2006-11-03,10.6,0.0,2006,21.2,11,0.0
307,5.9,281,4,77.6,4.5,20061104,0.6,0.0,2006-11-04,11.4,0.0,2006,20.7,11,0.0
308,3.3,281,5,80.0,7.0,20061105,1.4,0.0,2006-11-05,12.1,0.0,2006,20.7,11,12.0
309,4.9,281,6,70.4,1.3,20061106,2.1,0.0,2006-11-06,8.0,0.0,2006,15.8,11,0.0
310,8.7,281,7,63.0,-0.3,20061107,3.9,0.0,2006-11-07,4.2,0.0,2006,9.8,11,0.0
311,8.6,281,8,68.4,-2.7,20061108,1.5,0.0,2006-11-08,10.2,0.0,2006,18.2,11,0.0
312,4.8,281,9,74.9,7.9,20061109,2.4,0.0,2006-11-09,15.6,0.0,2006,23.2,11,3.5
313,6.0,281,10,74.5,3.5,20061110,0.5,0.0,2006-11-10,10.9,0.0,2006,18.7,11,0.0
314,5.2,281,11,51.6,4.5,20061111,2.5,0.0,2006-11-11,9.6,0.0,2006,15.1,11,2.5
315,7.6,281,12,50.3,-2.0,20061112,1.7,0.0,2006-11-12,5.4,0.0,2006,13.3,11,0.0
316,2.1,281,13,68.6,-2.7,20061113,1.0,0.0,2006-11-13,6.7,0.0,2006,13.3,11,0.0
317,6.5,281,14,41.3,4.6,20061114,3.6,0.0,2006-11-14,8.9,0.0,2006,13.1,11,0.0
318,5.6,281,15,61.4,-1.2,20061115,2.6,0.0,2006-11-15,7.1,0.0,2006,14.8,11,0.0
319,3.0,281,16,47.1,-0.5,20061116,2.5,0.0,2006-11-16,3.8,0.0,2006,9.6,11,0.0
320,7.3,281,17,61.1,-5.5,20061117,1.0,0.0,2006-11-17,2.7,0.0,2006,13.6,11,0.0
321,0.6,281,18,79.8,-2.2,20061118,0.1,0.0,2006-11-18,2.5,0.0,2006,10.1,11,0.0
322,3.9,281,19,78.0,-1.4,20061119,0.5,0.0,2006-11-19,8.0,0.0,2006,18.0,11,0.0
323,6.3,281,20,69.9,1.8,20061120,0.8,0.0,2006-11-20,9.2,0.0,2006,16.5,11,0.0
324,4.8,281,21,74.3,-2.0,20061121,0.6,0.0,2006-11-21,5.5,0.0,2006,15.8,11,0.0
325,0.0,281,22,71.3,0.8,20061122,0.7,0.0,2006-11-22,7.9,0.0,2006,13.4,11,0.0
326,0.0,281,23,77.6,6.4,20061123,3.5,0.0,2006-11-23,8.1,0.0,2006,11.8,11,1.5
327,0.0,281,24,62.9,6.0,20061124,3.0,0.0,2006-11-24,8.6,0.0,2006,9.8,11,0.0
328,0.3,281,25,70.4,5.4,20061125,1.6,0.0,2006-11-25,9.5,0.0,2006,13.8,11,0.0
329,0.0,281,26,94.3,4.3,20061126,0.4,0.0,2006-11-26,9.2,0.0,2006,11.5,11,7.5
330,0.0,281,27,90.8,6.9,20061127,0.9,0.0,2006-11-27,9.5,0.0,2006,11.3,11,9.0
331,1.3,281,28,81.8,5.0,20061128,1.6,0.0,2006-11-28,7.9,0.0,2006,12.6,11,2.5
332,3.4,281,29,58.3,2.2,20061129,2.4,0.0,2006-11-29,4.2,0.0,2006,8.8,11,0.0
333,5.4,281,30,65.8,-4.0,20061130,1.5,0.0,2006-11-30,3.0,0.0,2006,9.6,11,0.0
334,1.0,281,1,81.6,-2.5,20061201,1.0,0.0,2006-12-01,1.7,0.0,2006,9.6,12,0.0
335,5.4,281,2,55.8,-2.7,20061202,3.9,0.0,2006-12-02,0.9,0.0,2006,5.1,12,0.0
336,5.9,281,3,43.1,-5.8,20061203,3.6,0.0,2006-12-03,-2.1,0.0,2006,2.2,12,0.0
337,5.7,281,4,51.4,-7.4,20061204,2.5,0.0,2006-12-04,-1.4,0.0,2006,5.0,12,0.0
338,1.7,281,5,69.3,-8.1,20061205,0.9,0.0,2006-12-05,-0.2,0.0,2006,7.6,12,0.0
339,4.2,281,6,78.1,-6.8,20061206,0.7,0.0,2006-12-06,0.6,0.0,2006,9.8,12,0.0
340,0.0,281,7,87.0,-0.6,20061207,0.3,0.0,2006-12-07,3.7,0.0,2006,6.1,12,2.0
341,0.0,281,8,84.5,4.6,20061208,1.9,0.0,2006-12-08,6.2,0.0,2006,7.5,12,3.5
342,0.1,281,9,82.5,1.3,20061209,1.7,0.0,2006-12-09,4.8,0.0,2006,7.8,12,4.5
343,5.9,281,10,51.5,-1.2,20061210,2.6,0.0,2006-12-10,1.8,0.0,2006,6.8,12,0.0
344,4.7,281,11,70.6,-6.9,20061211,0.5,0.0,2006-12-11,0.8,0.0,2006,10.3,12,0.0
345,5.3,281,12,71.9,-3.4,20061212,0.9,0.0,2006-12-12,3.4,0.0,2006,12.5,12,0.0
346,1.9,281,13,73.0,-2.2,20061213,1.1,0.0,2006-12-13,5.0,0.0,2006,11.5,12,0.0
347,0.0,281,14,71.6,-2.7,20061214,1.2,0.0,2006-12-14,3.6,0.0,2006,8.6,12,0.0
348,3.4,281,15,75.8,-5.0,20061215,0.6,0.0,2006-12-15,1.6,0.0,2006,10.3,12,0.0
349,0.1,281,16,80.8,-3.7,20061216,1.3,0.0,2006-12-16,1.3,0.0,2006,8.3,12,0.0
350,3.0,281,17,73.6,-4.9,20061217,2.5,0.0,2006-12-17,-0.2,0.0,2006,5.3,12,0.0
351,5.2,281,18,45.3,-3.2,20061218,2.7,0.0,2006-12-18,0.4,0.0,2006,4.9,12,0.0
352,4.3,281,19,58.9,-8.5,20061219,0.6,0.0,2006-12-19,-1.7,0.0,2006,7.6,12,0.0
353,4.8,281,20,65.1,-8.8,20061220,0.3,0.0,2006-12-20,-0.6,0.0,2006,9.8,12,0.0
354,5.1,281,21,70.6,-5.3,20061221,0.6,0.0,2006-12-21,1.1,0.0,2006,11.6,12,0.0
355,1.6,281,22,75.3,-7.5,20061222,1.1,0.0,2006-12-22,0.3,0.0,2006,9.0,12,0.0
356,5.4,281,23,65.0,-3.7,20061223,2.3,0.0,2006-12-23,3.3,0.0,2006,9.6,12,0.0
357,2.1,281,24,78.3,-5.6,20061224,0.3,0.0,2006-12-24,0.8,0.0,2006,9.8,12,0.0
358,1.7,281,25,83.0,-3.5,20061225,0.7,0.0,2006-12-25,3.2,0.0,2006,13.8,12,0.0
359,2.8,281,26,87.5,-2.5,20061226,0.4,0.0,2006-12-26,4.1,0.0,2006,15.3,12,0.0
360,2.1,281,27,66.5,-2.5,20061227,2.9,0.0,2006-12-27,3.5,0.0,2006,9.8,12,0.0
361,5.4,281,28,47.5,-9.3,20061228,5.4,0.0,2006-12-28,-4.3,0.0,2006,0.4,12,0.0
362,5.7,281,29,31.6,-11.8,20061229,2.8,0.0,2006-12-29,-5.8,0.0,2006,0.5,12,0.0
363,4.2,281,30,32.4,-9.1,20061230,1.6,0.0,2006-12-30,-2.3,0.0,2006,3.7,12,0.0
364,5.5,281,31,47.6,-7.3,20061231,0.3,0.0,2006-12-31,-0.2,0.0,2006,10.5,12,0.0
