,day,Date,rainfall,cloud,month,tmin,humid,tavg,date,tmax,station_id,sunshine,wind,snow,year
0,1,2020-01-01,0.0,5.4,1,-7.6,64.3,-0.9,20200101,4.0,137,1.6,2.5,0.0,2020
1,2,2020-01-02,0.0,6.6,1,-1.2,67.6,2.2,20200102,4.6,137,0.5,2.1,0.0,2020
2,3,2020-01-03,0.0,1.4,1,0.2,59.6,2.7,20200103,6.0,137,7.3,2.7,0.0,2020
3,4,2020-01-04,0.0,1.6,1,-1.9,62.4,2.2,20200104,8.0,137,6.4,2.0,0.0,2020
4,5,2020-01-05,0.0,3.0,1,-5.6,64.6,0.3,20200105,7.5,137,7.7,0.8,0.0,2020
5,6,2020-01-06,13.1,9.9,1,-3.1,89.0,-0.5,20200106,0.8,137,0.0,0.6,0.0,2020
6,7,2020-01-07,38.2,9.8,1,0.8,100.0,3.7,20200107,6.6,137,0.0,0.5,0.0,2020
7,8,2020-01-08,1.2,9.5,1,2.5,82.8,4.9,20200108,11.6,137,0.3,3.4,0.0,2020
8,9,2020-01-09,0.0,2.9,1,-1.9,66.5,1.1,20200109,4.4,137,6.6,2.1,0.0,2020
9,10,2020-01-10,0.0,3.1,1,-4.4,64.9,1.0,20200110,7.4,137,8.1,1.4,0.0,2020
10,11,2020-01-11,0.0,2.5,1,-1.8,60.0,1.7,20200111,6.8,137,8.1,1.7,0.0,2020
11,12,2020-01-12,0.0,3.1,1,-0.7,60.0,1.0,20200112,4.0,137,7.2,2.4,0.0,2020
12,13,2020-01-13,0.0,3.6,1,-3.0,52.9,0.1,20200113,3.7,137,5.2,2.6,0.0,2020
13,14,2020-01-14,0.0,2.5,1,-3.3,52.4,-0.1,20200114,5.6,137,8.2,1.5,0.0,2020
14,15,2020-01-15,0.0,0.5,1,-4.5,55.0,-1.0,20200115,3.4,137,8.3,2.2,0.0,2020
15,16,2020-01-16,0.0,6.4,1,-4.8,47.3,0.2,20200116,6.1,137,7.9,1.7,0.0,2020
16,17,2020-01-17,0.0,6.0,1,-4.5,50.1,0.2,20200117,5.4,137,5.0,1.0,0.0,2020
17,18,2020-01-18,0.0,5.1,1,-2.2,43.5,1.7,20200118,7.9,137,6.0,2.2,0.0,2020
18,19,2020-01-19,0.0,5.8,1,-2.3,56.9,2.7,20200119,7.8,137,4.2,2.1,0.0,2020
19,20,2020-01-20,0.0,3.1,1,-0.3,52.4,3.0,20200120,6.7,137,6.7,2.8,0.0,2020
20,21,2020-01-21,0.0,2.9,1,-5.7,44.8,-0.5,20200121,5.7,137,8.3,1.3,0.0,2020
21,22,2020-01-22,0.2,9.9,1,-2.3,54.8,0.9,20200122,3.5,137,0.0,0.4,0.0,2020
22,23,2020-01-23,3.5,8.5,1,0.0,90.1,4.1,20200123,9.7,137,2.6,0.9,0.0,2020
23,24,2020-01-24,0.0,7.0,1,-0.7,73.3,4.4,20200124,9.7,137,8.1,1.4,0.0,2020
24,25,2020-01-25,0.0,9.1,1,2.0,81.0,5.5,20200125,9.0,137,0.1,0.9,0.0,2020
25,26,2020-01-26,0.0,8.6,1,-1.3,76.5,4.8,20200126,10.5,137,6.0,1.3,0.0,2020
26,27,2020-01-27,4.7,9.9,1,3.7,83.1,5.1,20200127,7.3,137,0.0,2.5,0.0,2020
27,28,2020-01-28,0.0,7.6,1,2.2,79.3,6.2,20200128,11.1,137,2.8,0.8,0.0,2020
28,29,2020-01-29,0.0,8.8,1,2.0,72.5,5.3,20200129,9.5,137,3.7,0.7,0.0,2020
29,30,2020-01-30,0.0,7.0,1,2.2,71.1,5.1,20200130,10.1,137,4.8,0.9,0.0,2020
30,31,2020-01-31,0.0,7.5,1,1.2,70.9,3.9,20200131,8.7,137,3.7,1.5,0.0,2020
31,1,2020-02-01,0.0,3.3,2,-0.9,70.9,2.6,20200201,7.3,137,3.7,2.0,0.0,2020
32,2,2020-02-02,0.0,4.3,2,-1.7,62.3,2.9,20200202,7.3,137,7.8,1.8,0.0,2020
33,3,2020-02-03,0.0,0.6,2,-2.3,48.5,1.8,20200203,6.3,137,8.2,2.6,0.0,2020
34,4,2020-02-04,0.0,1.1,2,-6.6,55.0,0.3,20200204,6.1,137,8.7,1.8,0.0,2020
35,5,2020-02-05,0.1,0.0,2,-7.9,38.9,-4.3,20200205,1.7,137,8.7,3.6,0.0,2020
36,6,2020-02-06,0.0,3.5,2,-10.0,44.6,-4.8,20200206,1.5,137,8.0,1.0,0.0,2020
37,7,2020-02-07,0.0,3.6,2,-8.4,51.9,-1.3,20200207,4.8,137,8.2,2.0,0.0,2020
38,8,2020-02-08,0.0,1.6,2,-1.8,51.8,1.6,20200208,6.2,137,8.2,2.6,0.0,2020
39,9,2020-02-09,0.0,1.8,2,-5.0,49.5,0.8,20200209,5.9,137,8.8,2.0,0.0,2020
40,10,2020-02-10,0.0,2.1,2,-0.1,53.8,4.7,20200210,12.0,137,8.7,2.4,0.0,2020
41,11,2020-02-11,0.0,4.3,2,-5.1,57.3,4.2,20200211,13.0,137,8.0,0.8,0.0,2020
42,12,2020-02-12,21.1,7.8,2,2.4,91.8,4.9,20200212,9.6,137,0.0,0.9,0.0,2020
43,13,2020-02-13,0.0,5.5,2,2.9,81.6,8.4,20200213,13.5,137,5.0,2.5,0.0,2020
44,14,2020-02-14,0.0,4.9,2,2.0,69.9,8.2,20200214,16.6,137,8.5,0.8,0.0,2020
45,15,2020-02-15,1.1,6.9,2,1.7,82.3,8.5,20200215,15.2,137,3.7,0.9,0.0,2020
46,16,2020-02-16,2.3,9.3,2,-2.3,75.6,1.8,20200216,9.1,137,1.0,3.5,0.0,2020
47,17,2020-02-17,1.5,6.5,2,-6.0,70.1,-3.8,20200217,0.1,137,6.5,3.3,0.0,2020
48,18,2020-02-18,0.0,0.4,2,-7.2,52.4,-2.0,20200218,3.6,137,9.4,2.8,0.0,2020
49,19,2020-02-19,0.0,6.0,2,-3.8,58.6,2.4,20200219,9.9,137,8.9,1.7,0.0,2020
50,20,2020-02-20,0.0,2.0,2,-2.1,65.3,4.5,20200220,14.1,137,9.0,0.8,0.0,2020
51,21,2020-02-21,0.0,6.4,2,-2.3,67.3,5.7,20200221,12.8,137,6.3,0.9,0.0,2020
52,22,2020-02-22,1.4,4.8,2,1.2,54.0,6.3,20200222,11.5,137,8.3,3.9,0.0,2020
53,23,2020-02-23,0.0,0.0,2,-1.2,42.9,3.9,20200223,9.6,137,9.6,2.5,0.0,2020
54,24,2020-02-24,0.0,4.0,2,-3.5,47.5,6.7,20200224,16.9,137,9.3,1.1,0.0,2020
55,25,2020-02-25,49.9,8.4,2,3.5,98.9,5.1,20200225,8.1,137,0.0,1.3,0.0,2020
56,26,2020-02-26,0.0,5.4,2,3.0,80.3,7.4,20200226,13.2,137,3.4,0.9,0.0,2020
57,27,2020-02-27,0.0,4.4,2,0.3,69.4,4.8,20200227,9.5,137,5.0,1.2,0.0,2020
58,28,2020-02-28,2.2,9.6,2,-0.3,92.0,2.2,20200228,3.9,137,0.0,0.8,0.0,2020
59,29,2020-02-29,0.0,3.1,2,1.3,85.3,5.2,20200229,12.1,137,4.4,0.6,0.0,2020
60,1,2020-03-01,0.0,7.1,3,-0.3,79.8,6.4,20200301,14.2,137,4.5,1.4,0.0,2020
61,2,2020-03-02,0.0,3.4,3,2.8,52.9,5.7,20200302,10.7,137,9.7,2.4,0.0,2020
62,3,2020-03-03,0.0,6.5,3,-1.5,67.5,6.1,20200303,13.8,137,7.1,1.0,0.0,2020
63,4,2020-03-04,0.0,6.8,3,-0.9,54.8,3.8,20200304,8.8,137,6.3,4.0,0.0,2020
64,5,2020-03-05,0.0,0.6,3,-2.2,46.4,2.2,20200305,8.8,137,9.7,2.3,0.0,2020
65,6,2020-03-06,0.0,2.6,3,-4.2,40.9,4.6,20200306,13.8,137,10.0,1.4,0.0,2020
66,7,2020-03-07,0.1,7.5,3,0.1,62.8,4.2,20200307,8.5,137,0.2,0.6,0.0,2020
67,8,2020-03-08,0.0,0.8,3,-1.7,68.3,7.0,20200308,16.4,137,9.9,0.8,0.0,2020
68,9,2020-03-09,1.1,6.4,3,-0.7,74.9,7.6,20200309,14.0,137,4.0,0.8,0.0,2020
69,10,2020-03-10,7.3,7.9,3,3.5,88.6,7.1,20200310,9.3,137,0.0,2.1,0.0,2020
70,11,2020-03-11,0.0,0.0,3,1.2,43.0,5.0,20200311,10.3,137,10.2,3.1,0.0,2020
71,12,2020-03-12,0.0,0.3,3,-2.6,39.1,8.0,20200312,17.2,137,10.1,1.8,0.0,2020
72,13,2020-03-13,0.0,5.9,3,2.0,42.6,7.5,20200313,14.3,137,8.0,2.4,0.0,2020
73,14,2020-03-14,0.0,1.4,3,-1.3,41.0,5.1,20200314,11.5,137,10.1,3.0,0.0,2020
74,15,2020-03-15,0.0,2.9,3,0.4,47.9,5.2,20200315,12.0,137,8.1,3.8,0.0,2020
75,16,2020-03-16,0.0,0.0,3,-1.4,39.1,5.2,20200316,11.7,137,10.2,2.2,0.0,2020
76,17,2020-03-17,0.0,3.0,3,1.2,60.1,8.3,20200317,14.7,137,6.1,2.6,0.0,2020
77,18,2020-03-18,0.0,0.0,3,0.8,51.0,10.2,20200318,19.7,137,10.4,1.3,0.0,2020
78,19,2020-03-19,0.0,2.0,3,1.2,51.5,7.2,20200319,16.5,137,7.8,3.8,0.0,2020
79,20,2020-03-20,0.0,0.4,3,4.5,39.0,9.7,20200320,17.0,137,10.6,3.3,0.0,2020
80,21,2020-03-21,0.0,1.3,3,2.0,47.4,14.8,20200321,25.2,137,9.9,1.7,0.0,2020
81,22,2020-03-22,0.0,1.0,3,8.9,43.0,14.7,20200322,22.0,137,10.8,2.5,0.0,2020
82,23,2020-03-23,0.0,0.1,3,4.6,38.6,11.7,20200323,18.4,137,11.1,2.6,0.0,2020
83,24,2020-03-24,0.0,0.1,3,1.5,52.1,10.2,20200324,18.6,137,11.0,1.1,0.0,2020
84,25,2020-03-25,0.0,2.0,3,1.6,55.6,11.6,20200325,21.3,137,10.7,1.0,0.0,2020
85,26,2020-03-26,0.4,9.0,3,7.0,73.1,12.8,20200326,19.2,137,3.4,1.0,0.0,2020
86,27,2020-03-27,4.4,7.3,3,6.8,81.4,12.6,20200327,16.7,137,1.3,2.0,0.0,2020
87,28,2020-03-28,0.0,8.1,3,4.0,48.6,8.1,20200328,12.9,137,4.1,1.8,0.0,2020
88,29,2020-03-29,0.0,5.5,3,-0.6,64.8,7.9,20200329,16.4,137,8.5,1.2,0.0,2020
89,30,2020-03-30,0.0,2.1,3,3.4,58.4,10.6,20200330,18.9,137,10.7,1.1,0.0,2020
90,31,2020-03-31,0.0,4.1,3,2.2,52.1,12.3,20200331,21.7,137,10.4,0.9,0.0,2020
91,1,2020-04-01,0.0,4.8,4,7.0,36.3,12.6,20200401,19.6,137,6.0,2.7,0.0,2020
92,2,2020-04-02,0.0,3.0,4,3.1,37.5,10.9,20200402,18.4,137,10.9,1.8,0.0,2020
93,3,2020-04-03,0.0,0.1,4,5.8,29.4,12.2,20200403,19.1,137,10.6,2.3,0.0,2020
94,4,2020-04-04,0.0,1.3,4,5.4,40.1,10.1,20200404,17.0,137,10.5,2.8,0.0,2020
95,5,2020-04-05,0.0,0.0,4,1.4,28.4,8.8,20200405,15.8,137,11.2,2.2,0.0,2020
96,6,2020-04-06,0.0,3.3,4,1.9,32.8,10.9,20200406,19.2,137,10.8,1.9,0.0,2020
97,7,2020-04-07,0.0,1.0,4,6.9,39.6,13.2,20200407,20.1,137,10.9,2.8,0.0,2020
98,8,2020-04-08,0.0,0.0,4,5.9,33.5,10.7,20200408,17.3,137,11.3,2.9,0.0,2020
99,9,2020-04-09,0.0,2.3,4,2.7,42.8,9.8,20200409,16.7,137,11.0,2.0,0.0,2020
100,10,2020-04-10,0.0,7.1,4,7.0,55.1,11.2,20200410,16.5,137,6.7,1.4,0.0,2020
101,11,2020-04-11,0.0,7.8,4,4.1,49.6,10.4,20200411,16.1,137,6.1,1.4,0.0,2020
102,12,2020-04-12,2.0,5.6,4,3.0,66.4,8.2,20200412,15.2,137,4.6,1.7,0.0,2020
103,13,2020-04-13,0.0,3.8,4,4.9,42.6,10.0,20200413,18.1,137,9.1,1.7,0.0,2020
104,14,2020-04-14,0.0,0.9,4,1.2,33.8,13.7,20200414,22.9,137,11.3,2.1,0.0,2020
105,15,2020-04-15,0.0,6.6,4,6.8,34.5,14.4,20200415,23.2,137,8.3,1.5,0.0,2020
106,16,2020-04-16,0.0,2.5,4,6.0,55.0,13.6,20200416,21.3,137,11.1,1.5,0.0,2020
107,17,2020-04-17,11.5,7.0,4,7.4,89.1,10.1,20200417,15.3,137,0.6,1.0,0.0,2020
108,18,2020-04-18,0.4,3.6,4,8.5,72.3,13.1,20200418,19.7,137,7.6,1.8,0.0,2020
109,19,2020-04-19,22.4,8.9,4,7.1,88.1,10.0,20200419,14.4,137,0.5,1.4,0.0,2020
110,20,2020-04-20,0.0,7.6,4,8.1,76.9,11.0,20200420,17.4,137,2.0,2.2,0.0,2020
111,21,2020-04-21,0.0,5.6,4,4.5,46.5,9.0,20200421,14.7,137,10.7,3.6,0.0,2020
112,22,2020-04-22,0.0,3.9,4,3.5,42.9,7.1,20200422,11.8,137,10.2,3.4,0.0,2020
113,23,2020-04-23,0.0,3.0,4,2.7,42.8,8.6,20200423,15.4,137,8.9,2.9,0.0,2020
114,24,2020-04-24,0.0,1.3,4,4.4,37.1,10.7,20200424,16.9,137,12.1,3.3,0.0,2020
115,25,2020-04-25,0.0,1.3,4,2.0,48.5,13.6,20200425,24.1,137,11.2,2.4,0.0,2020
116,26,2020-04-26,0.0,1.5,4,6.9,44.9,13.2,20200426,20.1,137,10.7,2.1,0.0,2020
117,27,2020-04-27,0.0,3.5,4,6.1,38.3,13.2,20200427,19.1,137,11.5,2.0,0.0,2020
118,28,2020-04-28,0.0,0.1,4,5.6,38.5,14.4,20200428,21.8,137,12.1,2.3,0.0,2020
119,29,2020-04-29,0.0,0.0,4,9.3,39.9,17.4,20200429,25.0,137,12.0,2.0,0.0,2020
120,30,2020-04-30,0.0,0.8,4,7.0,49.5,18.6,20200430,27.9,137,12.1,1.5,0.0,2020
121,1,2020-05-01,0.0,0.3,5,12.8,59.8,23.0,20200501,31.8,137,11.9,1.6,0.0,2020
122,2,2020-05-02,0.0,8.6,5,19.4,58.8,22.9,20200502,28.3,137,3.7,1.6,0.0,2020
123,3,2020-05-03,5.2,9.0,5,15.6,94.8,17.4,20200503,20.0,137,0.0,0.8,0.0,2020
124,4,2020-05-04,0.0,4.8,5,15.8,71.8,21.9,20200504,28.8,137,10.7,2.0,0.0,2020
125,5,2020-05-05,2.6,7.9,5,13.0,84.9,15.8,20200505,21.3,137,0.5,1.0,0.0,2020
126,6,2020-05-06,0.0,3.5,5,10.6,65.8,17.3,20200506,27.6,137,10.7,1.0,0.0,2020
127,7,2020-05-07,0.0,4.8,5,8.1,52.3,16.6,20200507,25.0,137,11.3,1.2,0.0,2020
128,8,2020-05-08,3.3,8.1,5,7.4,61.1,16.9,20200508,24.5,137,9.9,0.9,0.0,2020
129,9,2020-05-09,23.2,9.9,5,14.3,97.9,15.7,20200509,17.5,137,0.0,0.9,0.0,2020
130,10,2020-05-10,0.0,5.5,5,13.7,85.6,15.5,20200510,18.5,137,1.4,1.9,0.0,2020
131,11,2020-05-11,0.0,3.5,5,13.9,53.8,19.5,20200511,25.9,137,10.4,2.4,0.0,2020
132,12,2020-05-12,0.0,3.4,5,12.7,53.5,17.7,20200512,23.5,137,10.6,2.5,0.0,2020
133,13,2020-05-13,0.0,0.0,5,10.3,47.1,16.9,20200513,23.4,137,12.5,2.4,0.0,2020
134,14,2020-05-14,0.0,8.1,5,9.0,51.8,18.6,20200514,26.9,137,9.4,0.7,0.0,2020
135,15,2020-05-15,33.7,9.8,5,13.3,91.0,14.6,20200515,19.2,137,0.0,0.9,0.0,2020
136,16,2020-05-16,0.0,7.8,5,13.3,83.5,18.4,20200516,24.8,137,6.0,0.8,0.0,2020
137,17,2020-05-17,0.0,5.3,5,16.7,76.6,21.9,20200517,28.2,137,10.5,0.8,0.0,2020
138,18,2020-05-18,35.1,8.1,5,14.6,83.8,19.3,20200518,25.0,137,2.2,1.3,0.0,2020
139,19,2020-05-19,2.8,5.6,5,9.6,79.4,13.4,20200519,18.2,137,3.1,1.6,0.0,2020
140,20,2020-05-20,0.0,4.4,5,7.5,68.9,13.9,20200520,21.1,137,6.5,1.1,0.0,2020
141,21,2020-05-21,0.0,4.8,5,7.5,74.8,15.5,20200521,22.8,137,9.5,0.9,0.0,2020
142,22,2020-05-22,0.0,6.5,5,13.1,74.5,17.6,20200522,23.6,137,4.8,0.9,0.0,2020
143,23,2020-05-23,0.0,3.8,5,12.1,70.8,18.8,20200523,25.7,137,11.2,0.9,0.0,2020
144,24,2020-05-24,0.6,7.5,5,16.0,78.0,19.8,20200524,25.1,137,5.3,1.4,0.0,2020
145,25,2020-05-25,0.0,9.3,5,15.6,75.1,18.9,20200525,23.3,137,5.7,1.9,0.0,2020
146,26,2020-05-26,0.0,6.8,5,14.8,66.0,20.4,20200526,26.5,137,8.9,1.6,0.0,2020
147,27,2020-05-27,0.0,5.6,5,14.5,56.0,19.5,20200527,25.6,137,11.6,1.6,0.0,2020
148,28,2020-05-28,0.0,1.8,5,12.1,56.0,19.8,20200528,27.1,137,11.5,1.3,0.0,2020
149,29,2020-05-29,0.0,2.5,5,14.6,61.1,21.2,20200529,27.6,137,11.4,1.0,0.0,2020
150,30,2020-05-30,0.0,5.3,5,12.8,60.8,21.1,20200530,28.5,137,11.0,0.9,0.0,2020
151,31,2020-05-31,0.0,7.4,5,13.5,64.0,21.3,20200531,28.2,137,8.5,1.2,0.0,2020
152,1,2020-06-01,0.1,4.6,6,17.8,56.6,21.4,20200601,26.5,137,10.7,2.4,0.0,2020
153,2,2020-06-02,0.0,8.6,6,14.1,54.9,20.6,20200602,25.8,137,5.3,0.9,0.0,2020
154,3,2020-06-03,0.0,5.5,6,18.7,65.6,23.6,20200603,29.5,137,7.3,1.3,0.0,2020
155,4,2020-06-04,0.0,1.0,6,21.0,61.6,26.3,20200604,32.8,137,10.9,1.7,0.0,2020
156,5,2020-06-05,0.0,5.5,6,21.7,64.1,25.9,20200605,31.7,137,8.7,1.5,0.0,2020
157,6,2020-06-06,0.0,5.8,6,18.8,61.9,23.1,20200606,29.5,137,9.4,1.1,0.0,2020
158,7,2020-06-07,0.0,4.1,6,17.2,61.3,23.0,20200607,29.2,137,7.0,0.9,0.0,2020
159,8,2020-06-08,0.0,1.0,6,19.4,63.0,26.8,20200608,33.7,137,12.2,1.0,0.0,2020
160,9,2020-06-09,0.0,1.8,6,20.6,58.1,28.3,20200609,35.0,137,11.0,1.1,0.0,2020
161,10,2020-06-10,17.7,6.1,6,21.2,66.6,26.8,20200610,33.9,137,9.9,1.2,0.0,2020
162,11,2020-06-11,38.3,5.0,6,19.4,81.9,25.2,20200611,31.5,137,9.9,0.9,0.0,2020
163,12,2020-06-12,11.3,8.9,6,20.7,92.9,24.0,20200612,28.2,137,0.7,0.5,0.0,2020
164,13,2020-06-13,14.1,8.9,6,18.7,87.1,23.5,20200613,29.7,137,6.0,0.6,0.0,2020
165,14,2020-06-14,20.8,7.6,6,20.8,81.8,24.4,20200614,28.8,137,5.6,1.5,0.0,2020
166,15,2020-06-15,0.0,4.5,6,19.0,63.1,24.0,20200615,29.2,137,11.8,2.0,0.0,2020
167,16,2020-06-16,0.0,5.3,6,18.3,64.8,23.8,20200616,29.2,137,11.3,1.4,0.0,2020
168,17,2020-06-17,0.0,9.5,6,16.8,68.0,22.5,20200617,27.4,137,3.9,0.6,0.0,2020
169,18,2020-06-18,0.7,9.3,6,17.9,82.4,19.8,20200618,22.2,137,0.0,0.9,0.0,2020
170,19,2020-06-19,0.0,4.6,6,16.7,73.4,22.7,20200619,28.9,137,9.5,0.8,0.0,2020
171,20,2020-06-20,0.0,4.8,6,20.1,77.6,23.4,20200620,29.0,137,6.8,0.8,0.0,2020
172,21,2020-06-21,0.0,2.1,6,18.2,75.4,24.4,20200621,30.8,137,11.7,0.8,0.0,2020
173,22,2020-06-22,0.0,1.0,6,17.6,72.0,25.1,20200622,32.5,137,12.7,0.6,0.0,2020
174,23,2020-06-23,0.0,6.5,6,19.3,72.6,25.3,20200623,31.9,137,8.8,0.7,0.0,2020
175,24,2020-06-24,11.7,10.0,6,19.3,85.6,21.5,20200624,24.5,137,0.0,0.7,0.0,2020
176,25,2020-06-25,3.2,8.1,6,19.1,95.6,20.9,20200625,22.8,137,0.0,0.6,0.0,2020
177,26,2020-06-26,0.0,7.0,6,20.0,77.5,23.2,20200626,28.0,137,5.3,1.5,0.0,2020
178,27,2020-06-27,0.0,6.8,6,19.2,80.8,23.5,20200627,29.3,137,4.5,0.6,0.0,2020
179,28,2020-06-28,0.0,1.4,6,19.2,76.3,24.2,20200628,30.6,137,10.6,1.1,0.0,2020
180,29,2020-06-29,45.5,8.5,6,18.3,92.3,21.0,20200629,25.6,137,0.0,0.8,0.0,2020
181,30,2020-06-30,28.8,7.1,6,18.7,94.4,20.4,20200630,24.8,137,1.6,1.4,0.0,2020
182,1,2020-07-01,0.0,7.4,7,17.5,85.4,20.4,20200701,24.9,137,1.7,1.1,0.0,2020
183,2,2020-07-02,0.0,6.9,7,16.7,81.0,22.5,20200702,28.5,137,7.8,0.6,0.0,2020
184,3,2020-07-03,4.0,9.4,7,17.6,86.5,20.3,20200703,22.9,137,0.0,0.6,0.0,2020
185,4,2020-07-04,0.3,6.9,7,17.3,83.4,21.6,20200704,26.8,137,4.9,0.8,0.0,2020
186,5,2020-07-05,0.0,6.6,7,18.1,83.4,22.4,20200705,27.0,137,4.0,0.8,0.0,2020
187,6,2020-07-06,26.1,8.1,7,18.6,92.6,22.2,20200706,27.9,137,3.0,0.5,0.0,2020
188,7,2020-07-07,0.1,6.1,7,21.3,85.4,24.8,20200707,30.0,137,7.5,1.0,0.0,2020
189,8,2020-07-08,0.0,4.8,7,20.3,75.8,25.1,20200708,30.7,137,10.9,1.2,0.0,2020
190,9,2020-07-09,0.1,5.8,7,20.2,78.8,25.3,20200709,30.7,137,7.7,0.7,0.0,2020
191,10,2020-07-10,12.8,9.2,7,20.7,91.1,23.4,20200710,28.3,137,3.1,1.0,0.0,2020
192,11,2020-07-11,0.0,0.0,7,22.8,77.4,26.1,20200711,30.8,137,4.6,0.9,0.0,2020
193,12,2020-07-12,29.8,0.0,7,17.6,93.1,20.5,20200712,23.8,137,0.0,0.6,0.0,2020
194,13,2020-07-13,107.2,8.0,7,16.8,100.0,17.9,20200713,19.1,137,0.0,1.1,0.0,2020
195,14,2020-07-14,7.0,4.6,7,17.9,98.6,18.9,20200714,20.3,137,0.0,0.5,0.0,2020
196,15,2020-07-15,4.9,6.1,7,17.7,95.5,19.5,20200715,22.1,137,0.6,0.4,0.0,2020
197,16,2020-07-16,0.0,4.9,7,18.2,81.5,22.7,20200716,28.3,137,10.1,0.5,0.0,2020
198,17,2020-07-17,0.0,2.3,7,17.9,78.8,23.4,20200717,29.5,137,10.3,0.7,0.0,2020
199,18,2020-07-18,0.0,5.0,7,17.4,82.5,21.8,20200718,27.0,137,6.8,0.7,0.0,2020
200,19,2020-07-19,0.3,8.9,7,18.8,91.3,21.8,20200719,24.1,137,0.0,0.9,0.0,2020
201,20,2020-07-20,25.3,9.3,7,21.8,90.4,24.1,20200720,29.4,137,1.9,1.3,0.0,2020
202,21,2020-07-21,0.0,6.5,7,22.5,74.9,26.1,20200721,30.6,137,9.8,1.1,0.0,2020
203,22,2020-07-22,36.0,10.0,7,21.3,97.6,22.6,20200722,24.9,137,0.0,0.5,0.0,2020
204,23,2020-07-23,65.9,9.5,7,19.8,100.0,20.5,20200723,21.7,137,0.0,1.0,0.0,2020
205,24,2020-07-24,27.2,0.0,7,19.0,99.6,20.2,20200724,22.8,137,0.0,1.1,0.0,2020
206,25,2020-07-25,9.0,8.0,7,19.8,96.6,21.9,20200725,24.7,137,0.9,0.7,0.0,2020
207,26,2020-07-26,3.8,9.1,7,20.8,96.5,22.7,20200726,27.2,137,2.1,0.5,0.0,2020
208,27,2020-07-27,4.1,9.8,7,21.1,96.1,22.7,20200727,25.6,137,0.2,0.7,0.0,2020
209,28,2020-07-28,24.8,10.0,7,20.8,100.0,22.0,20200728,23.0,137,0.0,0.7,0.0,2020
210,29,2020-07-29,40.5,9.4,7,21.5,99.6,22.2,20200729,23.7,137,0.0,0.6,0.0,2020
211,30,2020-07-30,37.5,8.0,7,21.6,96.5,23.1,20200730,26.2,137,1.2,0.6,0.0,2020
212,31,2020-07-31,0.0,9.0,7,21.8,88.3,25.8,20200731,31.9,137,4.8,0.9,0.0,2020
213,1,2020-08-01,1.0,9.0,8,23.2,87.9,26.1,20200801,31.2,137,3.5,0.9,0.0,2020
214,2,2020-08-02,0.4,9.5,8,23.2,92.8,25.9,20200802,29.7,137,0.0,0.4,0.0,2020
215,3,2020-08-03,0.1,9.5,8,23.6,89.5,26.2,20200803,30.1,137,1.7,0.8,0.0,2020
216,4,2020-08-04,11.6,7.0,8,22.2,89.0,26.6,20200804,33.2,137,5.0,0.7,0.0,2020
217,5,2020-08-05,16.6,9.0,8,23.5,97.4,25.7,20200805,29.6,137,0.7,0.5,0.0,2020
218,6,2020-08-06,21.1,9.6,8,24.3,93.4,25.7,20200806,28.8,137,0.6,1.5,0.0,2020
219,7,2020-08-07,40.5,9.5,8,20.2,97.3,22.4,20200807,25.0,137,0.1,0.5,0.0,2020
220,8,2020-08-08,65.4,8.8,8,21.2,100.0,22.3,20200808,23.3,137,0.0,0.3,0.0,2020
221,9,2020-08-09,5.0,8.0,8,22.8,90.4,26.1,20200809,31.8,137,3.3,0.6,0.0,2020
222,10,2020-08-10,61.3,8.9,8,23.2,99.3,24.4,20200810,27.8,137,0.1,0.6,0.0,2020
223,11,2020-08-11,37.2,9.1,8,23.3,97.0,24.9,20200811,28.2,137,2.0,0.7,0.0,2020
224,12,2020-08-12,12.5,8.5,8,23.7,96.5,26.5,20200812,30.1,137,1.1,0.3,0.0,2020
225,13,2020-08-13,0.0,6.3,8,23.8,85.3,28.5,20200813,33.5,137,10.4,0.8,0.0,2020
226,14,2020-08-14,0.0,6.5,8,24.2,81.9,28.7,20200814,32.8,137,8.6,1.3,0.0,2020
227,15,2020-08-15,0.0,5.8,8,25.5,78.4,29.5,20200815,33.5,137,9.5,1.2,0.0,2020
228,16,2020-08-16,0.0,5.5,8,23.3,79.3,28.2,20200816,33.5,137,11.6,1.0,0.0,2020
229,17,2020-08-17,0.0,6.0,8,23.6,81.6,27.9,20200817,32.3,137,8.2,0.9,0.0,2020
230,18,2020-08-18,0.0,1.5,8,23.1,82.4,28.0,20200818,33.7,137,11.1,0.8,0.0,2020
231,19,2020-08-19,0.0,0.9,8,23.7,77.6,28.3,20200819,33.5,137,11.9,1.5,0.0,2020
232,20,2020-08-20,0.0,0.9,8,23.0,78.4,28.2,20200820,33.9,137,11.6,0.9,0.0,2020
233,21,2020-08-21,0.0,3.6,8,22.5,83.9,27.0,20200821,32.5,137,7.2,0.7,0.0,2020
234,22,2020-08-22,0.0,7.9,8,23.7,88.6,25.7,20200822,30.4,137,1.7,0.7,0.0,2020
235,23,2020-08-23,0.3,4.3,8,21.8,82.5,26.1,20200823,31.9,137,8.2,0.6,0.0,2020
236,24,2020-08-24,0.0,5.0,8,21.0,85.6,26.3,20200824,31.9,137,9.2,0.4,0.0,2020
237,25,2020-08-25,0.0,5.3,8,23.7,85.1,27.5,20200825,33.9,137,8.0,0.6,0.0,2020
238,26,2020-08-26,0.2,7.4,8,24.6,82.1,28.1,20200826,33.2,137,5.9,1.5,0.0,2020
239,27,2020-08-27,8.8,8.3,8,24.5,86.4,28.0,20200827,32.4,137,3.6,1.3,0.0,2020
240,28,2020-08-28,0.1,9.4,8,24.9,89.8,27.3,20200828,32.7,137,4.9,0.7,0.0,2020
241,29,2020-08-29,71.5,8.1,8,23.8,94.9,26.3,20200829,31.8,137,2.6,0.6,0.0,2020
242,30,2020-08-30,75.0,7.1,8,23.8,91.1,27.0,20200830,32.8,137,6.0,0.8,0.0,2020
243,31,2020-08-31,0.0,6.3,8,22.2,89.3,24.6,20200831,27.4,137,0.1,0.6,0.0,2020
244,1,2020-09-01,0.2,6.9,9,20.3,89.8,24.1,20200901,28.3,137,1.8,0.5,0.0,2020
245,2,2020-09-02,37.3,10.0,9,23.1,98.8,23.9,20200902,25.3,137,0.0,1.3,0.0,2020
246,3,2020-09-03,41.8,5.6,9,19.8,79.9,23.8,20200903,27.7,137,4.4,3.8,0.0,2020
247,4,2020-09-04,0.0,2.8,9,16.7,77.4,22.2,20200904,29.0,137,10.2,0.8,0.0,2020
248,5,2020-09-05,0.3,9.9,9,17.6,90.4,20.1,20200905,23.2,137,0.0,0.4,0.0,2020
249,6,2020-09-06,19.7,9.9,9,17.2,96.5,19.2,20200906,21.7,137,0.0,0.6,0.0,2020
250,7,2020-09-07,37.3,8.4,9,17.2,90.8,19.9,20200907,23.0,137,0.4,2.8,0.0,2020
251,8,2020-09-08,0.0,3.1,9,19.0,72.5,23.4,20200908,28.4,137,8.3,2.0,0.0,2020
252,9,2020-09-09,3.4,7.7,9,18.0,83.4,21.8,20200909,27.3,137,6.3,1.0,0.0,2020
253,10,2020-09-10,0.0,6.9,9,17.8,89.3,21.3,20200910,27.2,137,4.9,0.4,0.0,2020
254,11,2020-09-11,2.8,10.0,9,17.5,93.4,20.2,20200911,23.2,137,0.0,0.7,0.0,2020
255,12,2020-09-12,2.8,7.0,9,17.2,93.5,19.6,20200912,23.8,137,1.3,0.4,0.0,2020
256,13,2020-09-13,0.0,5.8,9,17.2,82.3,21.1,20200913,27.1,137,7.8,0.5,0.0,2020
257,14,2020-09-14,0.0,5.0,9,14.6,84.0,20.2,20200914,27.3,137,8.2,0.6,0.0,2020
258,15,2020-09-15,0.0,5.8,9,16.2,82.3,21.7,20200915,28.1,137,8.9,0.6,0.0,2020
259,16,2020-09-16,1.2,8.8,9,19.3,94.3,20.6,20200916,22.6,137,0.1,0.5,0.0,2020
260,17,2020-09-17,0.5,9.8,9,17.3,92.1,20.6,20200917,24.6,137,0.3,0.7,0.0,2020
261,18,2020-09-18,0.0,6.8,9,15.6,73.5,19.9,20200918,24.9,137,5.9,1.4,0.0,2020
262,19,2020-09-19,0.0,2.6,9,14.3,73.1,19.7,20200919,26.3,137,6.5,1.8,0.0,2020
263,20,2020-09-20,0.0,0.1,9,13.3,65.6,18.9,20200920,25.5,137,9.3,1.5,0.0,2020
264,21,2020-09-21,0.0,4.3,9,9.3,78.0,15.9,20200921,23.3,137,8.6,0.6,0.0,2020
265,22,2020-09-22,0.0,7.5,9,11.5,78.3,16.5,20200922,23.6,137,3.9,0.8,0.0,2020
266,23,2020-09-23,0.0,8.6,9,11.1,78.3,16.8,20200923,22.3,137,2.3,0.7,0.0,2020
267,24,2020-09-24,0.0,5.0,9,13.3,82.5,18.1,20200924,24.2,137,4.1,0.6,0.0,2020
268,25,2020-09-25,0.0,4.5,9,13.3,81.3,18.6,20200925,24.9,137,6.0,0.6,0.0,2020
269,26,2020-09-26,0.0,4.8,9,12.1,79.4,17.5,20200926,24.4,137,7.7,0.7,0.0,2020
270,27,2020-09-27,0.0,1.6,9,11.7,78.8,17.6,20200927,24.0,137,8.9,0.6,0.0,2020
271,28,2020-09-28,0.0,3.9,9,10.3,82.0,15.6,20200928,23.8,137,8.6,0.4,0.0,2020
272,29,2020-09-29,0.0,5.9,9,9.8,82.3,16.2,20200929,25.1,137,7.2,0.5,0.0,2020
273,30,2020-09-30,0.0,5.1,9,11.8,79.9,17.5,20200930,24.3,137,9.1,0.6,0.0,2020
274,1,2020-10-01,0.0,4.4,10,12.3,79.9,18.5,20201001,24.6,137,8.6,0.6,0.0,2020
275,2,2020-10-02,0.0,7.8,10,14.1,73.8,19.8,20201002,25.8,137,7.7,0.9,0.0,2020
276,3,2020-10-03,0.7,8.6,10,15.6,88.5,19.0,20201003,23.5,137,3.7,0.4,0.0,2020
277,4,2020-10-04,0.4,9.8,10,13.5,76.5,18.3,20201004,21.7,137,0.6,1.4,0.0,2020
278,5,2020-10-05,0.0,3.3,10,9.0,56.3,13.8,20201005,19.3,137,8.9,2.1,0.0,2020
279,6,2020-10-06,0.0,2.9,10,7.0,70.3,13.4,20201006,21.0,137,8.9,0.8,0.0,2020
280,7,2020-10-07,0.0,7.4,10,8.4,73.6,14.9,20201007,22.4,137,8.0,0.9,0.0,2020
281,8,2020-10-08,0.0,0.6,10,9.6,65.3,15.4,20201008,22.2,137,8.6,1.5,0.0,2020
282,9,2020-10-09,0.0,3.6,10,8.1,68.0,15.4,20201009,22.4,137,7.7,1.4,0.0,2020
283,10,2020-10-10,0.0,6.0,10,9.3,72.0,15.8,20201010,22.8,137,8.8,0.7,0.0,2020
284,11,2020-10-11,0.0,5.5,10,8.1,79.6,14.8,20201011,21.3,137,5.8,0.5,0.0,2020
285,12,2020-10-12,0.0,7.8,10,11.3,75.9,16.4,20201012,23.1,137,4.9,1.1,0.0,2020
286,13,2020-10-13,0.0,4.8,10,8.8,61.5,13.2,20201013,18.9,137,7.1,1.6,0.0,2020
287,14,2020-10-14,0.0,6.0,10,6.1,68.0,11.9,20201014,18.9,137,2.5,0.9,0.0,2020
288,15,2020-10-15,0.0,5.1,10,4.0,53.4,12.0,20201015,19.4,137,7.9,0.9,0.0,2020
289,16,2020-10-16,0.0,8.0,10,4.9,75.6,11.2,20201016,16.2,137,1.0,0.7,0.0,2020
290,17,2020-10-17,0.0,1.3,10,6.5,76.8,12.1,20201017,20.0,137,7.8,0.7,0.0,2020
291,18,2020-10-18,0.0,2.5,10,4.0,70.5,11.8,20201018,21.2,137,8.5,0.8,0.0,2020
292,19,2020-10-19,0.0,2.3,10,5.5,74.1,12.1,20201019,21.5,137,8.5,0.6,0.0,2020
293,20,2020-10-20,0.0,2.5,10,4.5,74.8,11.5,20201020,21.4,137,8.6,0.6,0.0,2020
294,21,2020-10-21,1.6,9.6,10,6.0,90.4,10.5,20201021,15.5,137,0.4,0.5,0.0,2020
295,22,2020-10-22,0.0,6.4,10,9.1,82.0,12.2,20201022,18.1,137,1.8,1.4,0.0,2020
296,23,2020-10-23,0.0,0.0,10,7.3,51.4,10.3,20201023,15.6,137,8.5,2.3,0.0,2020
297,24,2020-10-24,0.0,0.0,10,4.9,46.9,9.7,20201024,15.5,137,8.6,2.7,0.0,2020
298,25,2020-10-25,0.0,3.1,10,8.0,60.9,12.9,20201025,20.0,137,7.5,2.3,0.0,2020
299,26,2020-10-26,0.0,1.5,10,5.1,69.1,12.1,20201026,20.6,137,8.2,0.9,0.0,2020
300,27,2020-10-27,0.0,2.9,10,4.3,70.4,13.0,20201027,21.8,137,8.4,0.9,0.0,2020
301,28,2020-10-28,0.0,6.3,10,9.9,56.3,14.6,20201028,20.1,137,5.7,2.0,0.0,2020
302,29,2020-10-29,0.0,5.0,10,3.2,51.0,10.2,20201029,17.5,137,8.4,1.2,0.0,2020
303,30,2020-10-30,0.0,0.8,10,1.7,65.6,9.7,20201030,18.3,137,8.6,0.7,0.0,2020
304,31,2020-10-31,0.0,5.4,10,2.5,77.3,9.8,20201031,17.7,137,7.5,0.6,0.0,2020
305,1,2020-11-01,1.6,9.5,11,8.6,92.4,11.0,20201101,13.3,137,0.0,0.6,0.0,2020
306,2,2020-11-02,0.0,3.9,11,4.4,61.3,11.7,20201102,18.1,137,5.2,1.4,0.0,2020
307,3,2020-11-03,0.0,0.6,11,3.1,48.0,6.1,20201103,10.1,137,8.2,3.0,0.0,2020
308,4,2020-11-04,0.0,0.0,11,0.6,38.6,5.5,20201104,12.6,137,8.5,2.0,0.0,2020
309,5,2020-11-05,0.0,4.5,11,-1.2,56.5,7.7,20201105,16.0,137,8.1,0.8,0.0,2020
310,6,2020-11-06,0.0,8.0,11,7.1,69.0,10.3,20201106,14.9,137,0.1,0.4,0.0,2020
311,7,2020-11-07,0.0,2.3,11,5.3,64.9,12.5,20201107,20.8,137,7.1,1.6,0.0,2020
312,8,2020-11-08,0.0,0.8,11,5.6,44.4,10.8,20201108,16.4,137,8.6,2.5,0.0,2020
313,9,2020-11-09,0.0,2.3,11,1.5,37.0,7.2,20201109,12.4,137,8.4,2.2,0.0,2020
314,10,2020-11-10,0.0,0.0,11,1.9,48.4,8.3,20201110,14.6,137,8.4,1.4,0.0,2020
315,11,2020-11-11,0.0,0.0,11,-0.5,59.0,6.7,20201111,15.5,137,8.4,0.8,0.0,2020
316,12,2020-11-12,0.0,0.5,11,-1.7,60.3,7.3,20201112,18.5,137,8.4,0.5,0.0,2020
317,13,2020-11-13,0.0,0.4,11,2.0,66.3,9.8,20201113,19.1,137,8.3,0.6,0.0,2020
318,14,2020-11-14,0.0,4.0,11,1.5,79.4,8.9,20201114,18.0,137,7.9,0.6,0.0,2020
319,15,2020-11-15,0.0,2.8,11,2.1,75.4,10.1,20201115,19.0,137,8.0,0.8,0.0,2020
320,16,2020-11-16,0.0,3.0,11,5.8,71.3,11.4,20201116,18.0,137,6.5,1.0,0.0,2020
321,17,2020-11-17,2.9,4.6,11,5.8,88.3,11.6,20201117,18.9,137,3.0,0.4,0.0,2020
322,18,2020-11-18,0.9,8.9,11,12.1,98.6,14.6,20201118,17.5,137,0.0,0.6,0.0,2020
323,19,2020-11-19,22.1,8.1,11,10.6,89.6,15.4,20201119,19.5,137,0.0,2.0,0.0,2020
324,20,2020-11-20,0.0,7.5,11,4.4,72.6,6.7,20201120,10.8,137,0.0,2.6,0.0,2020
325,21,2020-11-21,0.0,5.4,11,-1.3,79.3,5.0,20201121,10.3,137,4.9,1.1,0.0,2020
326,22,2020-11-22,0.4,8.0,11,4.9,79.6,7.3,20201122,10.2,137,0.5,1.9,0.0,2020
327,23,2020-11-23,0.0,0.9,11,0.9,56.0,3.8,20201123,8.7,137,8.3,2.4,0.0,2020
328,24,2020-11-24,0.0,7.5,11,0.8,55.5,4.0,20201124,9.6,137,5.4,1.0,0.0,2020
329,25,2020-11-25,0.0,1.4,11,0.0,53.9,5.7,20201125,12.5,137,8.2,1.6,0.0,2020
330,26,2020-11-26,0.0,7.3,11,2.3,63.4,7.1,20201126,12.5,137,6.7,1.0,0.0,2020
331,27,2020-11-27,0.0,6.3,11,2.5,58.5,6.1,20201127,8.9,137,1.2,2.9,0.0,2020
332,28,2020-11-28,0.0,3.6,11,0.8,47.4,2.4,20201128,6.4,137,8.2,2.4,0.0,2020
333,29,2020-11-29,0.0,5.6,11,-1.0,61.4,2.3,20201129,5.6,137,4.6,1.9,0.0,2020
334,30,2020-11-30,0.0,0.0,11,-1.9,55.3,1.7,20201130,7.1,137,8.2,2.2,0.0,2020
335,1,2020-12-01,0.0,3.9,12,-4.0,48.4,1.9,20201201,8.5,137,8.2,1.0,0.0,2020
336,2,2020-12-02,0.0,5.6,12,-2.3,49.1,2.9,20201202,9.7,137,6.5,1.2,0.0,2020
337,3,2020-12-03,0.0,3.0,12,-1.6,42.9,2.5,20201203,7.2,137,8.1,2.2,0.0,2020
338,4,2020-12-04,0.0,1.4,12,-3.2,49.4,0.8,20201204,6.0,137,8.0,2.2,0.0,2020
339,5,2020-12-05,0.0,3.4,12,-4.9,71.9,1.1,20201205,7.5,137,5.3,1.1,0.0,2020
340,6,2020-12-06,0.0,0.1,12,-3.6,70.3,2.8,20201206,9.9,137,8.0,1.3,0.0,2020
341,7,2020-12-07,0.0,3.0,12,-2.1,65.3,2.8,20201207,8.8,137,0.7,1.8,0.0,2020
342,8,2020-12-08,0.0,1.1,12,-3.5,50.6,0.6,20201208,6.0,137,7.1,1.8,0.0,2020
343,9,2020-12-09,0.0,2.8,12,-6.9,48.3,1.2,20201209,7.7,137,7.3,0.9,0.0,2020
344,10,2020-12-10,0.0,5.5,12,1.8,59.0,5.8,20201210,12.0,137,5.5,1.4,0.0,2020
345,11,2020-12-11,0.0,8.6,12,0.8,68.4,5.6,20201211,11.2,137,4.6,1.2,0.0,2020
346,12,2020-12-12,0.0,2.3,12,0.8,43.5,4.7,20201212,8.5,137,7.9,2.3,0.0,2020
347,13,2020-12-13,1.5,6.6,12,-3.3,66.0,-1.0,20201213,3.5,137,0.2,1.9,0.0,2020
348,14,2020-12-14,0.0,2.8,12,-7.7,39.5,-5.2,20201214,-2.5,137,8.0,3.0,0.0,2020
349,15,2020-12-15,0.0,0.0,12,-10.4,38.4,-5.9,20201215,-1.5,137,8.0,2.7,0.0,2020
350,16,2020-12-16,0.0,0.0,12,-8.5,40.1,-5.5,20201216,-1.5,137,8.0,3.0,0.0,2020
351,17,2020-12-17,0.0,0.3,12,-7.5,47.0,-3.9,20201217,1.0,137,8.1,2.5,0.0,2020
352,18,2020-12-18,0.0,5.4,12,-6.3,59.3,-1.0,20201218,4.4,137,3.6,2.1,0.0,2020
353,19,2020-12-19,0.0,1.5,12,-7.5,38.4,-3.6,20201219,1.3,137,8.1,2.9,0.0,2020
354,20,2020-12-20,0.0,0.9,12,-7.4,48.8,-1.9,20201220,3.7,137,8.0,2.1,0.0,2020
355,21,2020-12-21,0.0,1.9,12,-6.4,61.3,-0.2,20201221,5.5,137,6.7,1.6,0.0,2020
356,22,2020-12-22,0.0,0.8,12,-5.4,67.9,1.0,20201222,7.5,137,7.7,1.4,0.0,2020
357,23,2020-12-23,0.0,4.9,12,-5.4,73.8,1.5,20201223,8.5,137,4.2,0.9,0.0,2020
358,24,2020-12-24,0.0,3.3,12,0.1,59.0,4.2,20201224,9.2,137,6.9,3.1,0.0,2020
359,25,2020-12-25,0.0,1.1,12,-3.2,53.5,0.3,20201225,4.4,137,7.7,2.7,0.0,2020
360,26,2020-12-26,0.0,6.0,12,-5.9,76.5,-0.7,20201226,6.0,137,1.8,0.9,0.0,2020
361,27,2020-12-27,0.0,8.1,12,-4.4,85.1,-0.1,20201227,4.6,137,0.2,0.5,0.0,2020
362,28,2020-12-28,0.0,3.4,12,-3.8,79.1,2.0,20201228,11.8,137,7.2,0.7,0.0,2020
363,29,2020-12-29,0.1,8.3,12,-3.3,81.6,0.8,20201229,8.5,137,3.3,1.6,0.0,2020
364,30,2020-12-30,0.1,2.4,12,-10.2,56.5,-8.1,20201230,-1.4,137,7.0,4.8,0.0,2020
365,31,2020-12-31,0.0,2.4,12,-13.0,55.4,-7.6,20201231,-2.3,137,7.7,2.6,0.0,2020
