,day,Date,rainfall,cloud,month,tmin,humid,tavg,date,tmax,station_id,sunshine,wind,snow,year
0,1,2004-01-01,0.0,2.3,1,1.5,58.5,4.8,20040101,8.9,137,3.5,2.0,0.0,2004
1,2,2004-01-02,0.4,5.0,1,0.6,69.5,2.9,20040102,7.9,137,2.7,2.4,0.0,2004
2,3,2004-01-03,0.0,0.3,1,-1.9,51.4,2.9,20040103,9.2,137,6.5,2.3,0.0,2004
3,4,2004-01-04,0.0,0.0,1,-5.3,56.5,0.7,20040104,9.3,137,8.1,0.9,0.0,2004
4,5,2004-01-05,0.0,2.4,1,-7.2,59.8,-1.0,20040105,8.6,137,6.6,0.2,0.0,2004
5,6,2004-01-06,0.0,4.4,1,-5.0,61.5,1.1,20040106,7.2,137,4.1,0.6,0.0,2004
6,7,2004-01-07,0.0,1.5,1,-2.1,59.1,2.7,20040107,8.3,137,6.2,2.9,0.0,2004
7,8,2004-01-08,0.0,1.5,1,-6.6,61.4,-1.4,20040108,5.4,137,7.2,0.6,0.0,2004
8,9,2004-01-09,0.0,1.1,1,-6.2,62.9,0.5,20040109,9.0,137,4.9,1.6,0.0,2004
9,10,2004-01-10,0.0,3.6,1,-1.9,43.0,2.2,20040110,7.2,137,6.7,3.2,0.0,2004
10,11,2004-01-11,0.0,4.3,1,-6.3,57.6,-0.9,20040111,5.6,137,4.7,0.6,0.0,2004
11,12,2004-01-12,2.7,4.4,1,-5.3,68.3,0.0,20040112,5.4,137,4.4,2.5,2.9,2004
12,13,2004-01-13,0.2,2.1,1,-5.4,61.9,-3.6,20040113,-0.6,137,6.3,5.0,0.2,2004
13,14,2004-01-14,0.0,1.1,1,-7.2,46.8,-3.2,20040114,2.2,137,8.7,2.8,0.0,2004
14,15,2004-01-15,0.0,3.5,1,-7.7,51.5,-1.2,20040115,5.2,137,7.0,1.6,0.0,2004
15,16,2004-01-16,0.0,7.4,1,-6.4,71.0,-0.3,20040116,4.8,137,1.1,0.7,0.0,2004
16,17,2004-01-17,2.5,10.0,1,-0.5,87.5,1.5,20040117,3.5,137,0.0,1.1,0.0,2004
17,18,2004-01-18,0.4,9.6,1,-0.5,79.5,0.8,20040118,4.7,137,0.8,2.1,0.0,2004
18,19,2004-01-19,0.3,4.3,1,-2.5,56.0,0.1,20040119,4.2,137,6.7,3.4,0.7,2004
19,20,2004-01-20,0.0,2.1,1,-4.9,44.0,-1.5,20040120,2.7,137,8.6,2.4,0.0,2004
20,21,2004-01-21,0.0,3.0,1,-14.0,38.3,-9.8,20040121,-2.6,137,8.3,4.3,0.0,2004
21,22,2004-01-22,0.0,0.3,1,-14.2,43.9,-10.0,20040122,-5.0,137,8.7,5.0,0.0,2004
22,23,2004-01-23,0.0,0.8,1,-9.8,44.1,-6.1,20040123,0.0,137,8.7,3.3,0.0,2004
23,24,2004-01-24,0.0,0.0,1,-8.9,44.9,-5.2,20040124,0.3,137,8.9,2.9,0.0,2004
24,25,2004-01-25,0.0,1.1,1,-8.8,53.3,-5.4,20040125,-0.6,137,7.5,3.7,0.0,2004
25,26,2004-01-26,0.0,2.1,1,-7.9,54.9,-3.4,20040126,2.4,137,8.8,2.9,0.0,2004
26,27,2004-01-27,0.0,1.1,1,-6.8,52.4,-2.6,20040127,3.2,137,8.8,3.6,0.0,2004
27,28,2004-01-28,0.0,1.4,1,-4.4,60.3,0.3,20040128,5.8,137,7.0,3.1,0.0,2004
28,29,2004-01-29,0.0,2.1,1,-3.1,61.1,1.5,20040129,8.4,137,5.8,1.7,0.0,2004
29,30,2004-01-30,0.0,0.1,1,-6.6,53.0,1.7,20040130,9.4,137,8.6,1.6,0.0,2004
30,31,2004-01-31,0.0,0.0,1,-7.1,49.5,1.1,20040131,11.4,137,8.9,0.8,0.0,2004
31,1,2004-02-01,0.0,3.3,2,-6.6,56.5,1.7,20040201,10.2,137,4.8,0.7,0.0,2004
32,2,2004-02-02,0.0,3.3,2,-4.0,45.4,0.6,20040202,5.1,137,5.9,3.5,0.0,2004
33,3,2004-02-03,0.0,1.0,2,-5.9,47.4,-2.7,20040203,1.8,137,8.6,3.6,0.0,2004
34,4,2004-02-04,6.0,3.6,2,-6.0,61.1,-1.6,20040204,3.2,137,7.4,2.6,7.4,2004
35,5,2004-02-05,1.0,4.9,2,-6.4,57.5,-3.5,20040205,0.4,137,8.7,3.8,1.3,2004
36,6,2004-02-06,1.5,3.0,2,-10.4,65.8,-3.8,20040206,1.4,137,7.2,2.7,1.8,2004
37,7,2004-02-07,0.2,2.9,2,-5.4,56.5,-2.5,20040207,0.7,137,7.8,3.4,0.5,2004
38,8,2004-02-08,0.0,1.3,2,-7.0,51.4,0.7,20040208,8.1,137,5.9,2.5,0.0,2004
39,9,2004-02-09,0.0,0.0,2,-5.4,46.3,-1.1,20040209,5.3,137,9.3,2.1,0.0,2004
40,10,2004-02-10,0.0,0.0,2,-8.8,46.5,-0.6,20040210,7.7,137,9.3,1.3,0.0,2004
41,11,2004-02-11,0.0,2.1,2,-6.3,53.3,2.2,20040211,10.8,137,7.4,2.2,0.0,2004
42,12,2004-02-12,0.0,0.9,2,-2.7,52.8,2.5,20040212,9.1,137,9.3,2.0,0.0,2004
43,13,2004-02-13,0.0,3.5,2,-5.0,53.8,1.2,20040213,9.4,137,5.9,0.6,0.0,2004
44,14,2004-02-14,2.5,4.6,2,-1.0,53.1,2.7,20040214,6.8,137,6.9,4.7,0.0,2004
45,15,2004-02-15,0.0,0.0,2,-0.2,37.4,4.2,20040215,10.6,137,9.5,3.9,0.0,2004
46,16,2004-02-16,0.0,1.0,2,-3.9,51.3,4.7,20040216,12.2,137,9.2,1.2,0.0,2004
47,17,2004-02-17,0.0,2.5,2,1.4,31.8,6.7,20040217,11.7,137,9.0,3.4,0.0,2004
48,18,2004-02-18,0.0,0.0,2,-4.9,40.4,4.3,20040218,15.3,137,9.3,1.3,0.0,2004
49,19,2004-02-19,0.0,0.0,2,-4.1,39.4,6.6,20040219,19.5,137,9.4,0.9,0.0,2004
50,20,2004-02-20,0.0,0.6,2,-2.6,50.3,6.9,20040220,17.6,137,9.2,0.5,0.0,2004
51,21,2004-02-21,1.5,9.8,2,4.7,75.3,8.9,20040221,13.4,137,2.2,1.0,0.0,2004
52,22,2004-02-22,8.5,10.0,2,2.1,83.9,7.0,20040222,13.1,137,0.0,3.5,0.0,2004
53,23,2004-02-23,0.0,2.8,2,-0.6,49.6,3.5,20040223,8.8,137,9.8,4.0,0.0,2004
54,24,2004-02-24,0.0,4.0,2,-2.8,52.1,4.5,20040224,12.4,137,8.8,2.0,0.0,2004
55,25,2004-02-25,0.0,2.9,2,-0.6,53.5,7.3,20040225,15.5,137,8.4,3.1,0.0,2004
56,26,2004-02-26,0.0,2.5,2,-0.1,43.6,2.4,20040226,6.7,137,6.3,4.0,0.0,2004
57,27,2004-02-27,0.0,0.6,2,-1.1,42.5,2.8,20040227,8.9,137,10.0,2.8,0.0,2004
58,28,2004-02-28,2.0,7.4,2,-4.0,72.6,1.4,20040228,5.6,137,1.1,0.7,0.0,2004
59,29,2004-02-29,0.0,6.6,2,2.8,51.0,6.9,20040229,12.6,137,8.1,2.6,0.0,2004
60,1,2004-03-01,0.0,1.6,3,0.0,28.6,4.9,20040301,13.0,137,9.7,2.7,0.0,2004
61,2,2004-03-02,0.0,0.9,3,-2.6,25.4,1.2,20040302,6.5,137,10.1,3.9,0.0,2004
62,3,2004-03-03,0.1,5.0,3,-4.5,52.5,-2.6,20040303,0.6,137,2.0,2.3,0.0,2004
63,4,2004-03-04,0.0,3.4,3,-5.3,42.1,0.5,20040304,5.6,137,9.8,2.6,0.0,2004
64,5,2004-03-05,25.5,8.5,3,-1.0,91.3,-0.3,20040305,3.8,137,0.0,0.3,30.6,2004
65,6,2004-03-06,0.5,4.5,3,-5.6,70.8,-3.6,20040306,-0.4,137,4.0,2.5,0.8,2004
66,7,2004-03-07,0.0,0.0,3,-7.9,53.6,-2.4,20040307,2.1,137,10.3,3.3,0.0,2004
67,8,2004-03-08,0.0,3.4,3,-5.6,63.6,2.3,20040308,7.9,137,6.6,2.2,0.0,2004
68,9,2004-03-09,0.0,0.0,3,-4.0,71.3,3.1,20040309,11.2,137,9.8,0.5,0.0,2004
69,10,2004-03-10,0.0,5.4,3,-1.9,70.3,8.6,20040310,18.7,137,5.0,1.8,0.0,2004
70,11,2004-03-11,0.0,6.0,3,3.3,30.0,7.0,20040311,11.3,137,2.7,3.0,0.0,2004
71,12,2004-03-12,0.0,2.6,3,1.0,24.4,8.2,20040312,15.8,137,10.1,1.9,0.0,2004
72,13,2004-03-13,0.0,2.1,3,0.8,32.6,9.1,20040313,16.5,137,8.7,1.8,0.0,2004
73,14,2004-03-14,0.0,1.1,3,1.6,58.0,8.7,20040314,16.1,137,7.6,1.9,0.0,2004
74,15,2004-03-15,0.0,1.8,3,-0.3,65.6,7.7,20040315,16.9,137,8.6,0.9,0.0,2004
75,16,2004-03-16,0.0,3.3,3,1.0,59.1,11.8,20040316,20.3,137,6.4,1.3,0.0,2004
76,17,2004-03-17,3.0,9.0,3,0.6,69.3,7.8,20040317,14.9,137,0.0,3.2,0.0,2004
77,18,2004-03-18,0.0,0.0,3,-2.3,39.1,3.1,20040318,10.4,137,11.1,3.3,0.0,2004
78,19,2004-03-19,0.0,3.3,3,-2.2,34.4,5.4,20040319,12.6,137,10.0,1.3,0.0,2004
79,20,2004-03-20,0.0,4.0,3,2.7,37.1,8.3,20040320,16.0,137,9.3,1.8,0.0,2004
80,21,2004-03-21,0.0,8.1,3,2.5,49.8,9.3,20040321,16.4,137,6.3,1.6,0.0,2004
81,22,2004-03-22,0.5,5.1,3,5.6,64.1,9.5,20040322,16.0,137,7.3,1.3,0.0,2004
82,23,2004-03-23,0.0,2.9,3,0.7,45.4,10.0,20040323,18.0,137,9.4,1.7,0.0,2004
83,24,2004-03-24,0.0,3.8,3,4.9,39.9,9.5,20040324,14.3,137,4.7,2.6,0.0,2004
84,25,2004-03-25,0.0,4.3,3,3.6,45.5,8.4,20040325,15.6,137,4.2,1.3,0.0,2004
85,26,2004-03-26,0.0,0.0,3,-0.6,50.4,8.3,20040326,18.0,137,11.0,1.1,0.0,2004
86,27,2004-03-27,0.0,1.4,3,-0.2,45.0,10.1,20040327,19.6,137,8.6,1.6,0.0,2004
87,28,2004-03-28,0.0,0.0,3,1.6,39.6,12.8,20040328,23.3,137,10.9,2.0,0.0,2004
88,29,2004-03-29,0.0,8.1,3,6.9,53.3,14.5,20040329,22.1,137,4.0,1.5,0.0,2004
89,30,2004-03-30,0.0,4.6,3,5.3,38.8,12.6,20040330,18.7,137,8.1,4.5,0.0,2004
90,31,2004-03-31,0.0,0.0,3,3.5,32.0,9.4,20040331,16.4,137,10.5,3.7,0.0,2004
91,1,2004-04-01,19.0,5.5,4,0.4,58.6,8.5,20040401,17.2,137,5.0,1.5,0.0,2004
92,2,2004-04-02,3.5,3.8,4,4.9,57.3,8.0,20040402,12.4,137,10.1,5.1,0.0,2004
93,3,2004-04-03,0.0,3.6,4,3.1,51.4,6.9,20040403,10.9,137,5.5,2.9,0.0,2004
94,4,2004-04-04,0.0,0.8,4,2.6,43.4,8.2,20040404,14.4,137,10.5,2.5,0.0,2004
95,5,2004-04-05,0.0,0.3,4,1.6,26.5,10.6,20040405,18.3,137,11.8,3.1,0.0,2004
96,6,2004-04-06,0.0,7.1,4,3.3,37.0,10.7,20040406,17.3,137,3.3,1.5,0.0,2004
97,7,2004-04-07,0.0,5.8,4,6.6,50.4,10.4,20040407,16.1,137,5.5,2.4,0.0,2004
98,8,2004-04-08,0.0,0.0,4,3.6,30.5,12.2,20040408,19.8,137,11.6,3.0,0.0,2004
99,9,2004-04-09,0.0,0.0,4,3.6,30.3,15.1,20040409,23.4,137,10.9,2.7,0.0,2004
100,10,2004-04-10,0.0,4.0,4,7.0,34.8,17.5,20040410,25.9,137,10.1,2.3,0.0,2004
101,11,2004-04-11,0.0,3.1,4,12.9,29.0,18.5,20040411,25.3,137,10.7,2.8,0.0,2004
102,12,2004-04-12,0.0,3.6,4,10.2,48.8,17.3,20040412,25.8,137,8.1,1.9,0.0,2004
103,13,2004-04-13,0.0,0.3,4,6.1,53.5,14.9,20040413,23.6,137,10.9,1.3,0.0,2004
104,14,2004-04-14,0.0,2.8,4,9.3,45.4,16.4,20040414,24.7,137,10.7,1.9,0.0,2004
105,15,2004-04-15,0.0,2.4,4,7.4,30.0,17.1,20040415,24.1,137,8.6,2.1,0.0,2004
106,16,2004-04-16,0.0,0.1,4,8.7,33.6,18.8,20040416,25.8,137,11.4,2.9,0.0,2004
107,17,2004-04-17,0.0,1.8,4,10.4,29.6,20.9,20040417,28.8,137,11.0,2.3,0.0,2004
108,18,2004-04-18,12.5,7.1,4,8.5,58.0,16.6,20040418,27.1,137,5.8,1.5,0.0,2004
109,19,2004-04-19,1.5,7.8,4,13.7,85.3,16.1,20040419,21.1,137,2.2,2.1,0.0,2004
110,20,2004-04-20,0.0,1.1,4,12.6,53.6,18.6,20040420,25.3,137,11.2,3.6,0.0,2004
111,21,2004-04-21,0.0,1.5,4,9.6,50.6,20.2,20040421,30.5,137,9.6,2.0,0.0,2004
112,22,2004-04-22,0.5,5.3,4,11.3,66.0,18.9,20040422,30.3,137,7.3,2.0,0.0,2004
113,23,2004-04-23,0.0,0.8,4,9.4,32.6,13.7,20040423,19.6,137,11.3,3.1,0.0,2004
114,24,2004-04-24,0.0,2.6,4,6.0,35.8,12.7,20040424,19.5,137,10.3,2.4,0.0,2004
115,25,2004-04-25,0.0,2.5,4,3.8,26.9,14.0,20040425,21.9,137,11.8,2.4,0.0,2004
116,26,2004-04-26,38.0,9.5,4,7.4,72.3,9.4,20040426,13.1,137,0.0,1.5,0.0,2004
117,27,2004-04-27,14.5,8.8,4,4.9,84.9,8.6,20040427,11.5,137,0.0,1.4,0.0,2004
118,28,2004-04-28,0.0,0.5,4,4.4,57.1,12.3,20040428,21.0,137,11.9,2.5,0.0,2004
119,29,2004-04-29,0.0,1.9,4,6.7,40.0,17.0,20040429,25.1,137,11.6,2.1,0.0,2004
120,30,2004-04-30,0.0,8.5,4,11.3,61.3,16.1,20040430,22.1,137,0.1,0.9,0.0,2004
121,1,2004-05-01,0.0,4.9,5,11.4,60.9,15.9,20040501,23.9,137,7.4,2.0,0.0,2004
122,2,2004-05-02,1.0,9.0,5,10.6,80.5,14.4,20040502,20.1,137,0.6,1.4,0.0,2004
123,3,2004-05-03,5.5,10.0,5,14.5,91.1,16.5,20040503,20.1,137,0.0,1.4,0.0,2004
124,4,2004-05-04,0.5,5.4,5,9.7,55.3,14.2,20040504,21.1,137,7.4,2.9,0.0,2004
125,5,2004-05-05,0.0,1.4,5,8.6,40.5,17.3,20040505,24.6,137,12.0,2.4,0.0,2004
126,6,2004-05-06,0.0,0.0,5,13.8,40.9,19.3,20040506,25.8,137,11.8,2.8,0.0,2004
127,7,2004-05-07,0.0,2.9,5,7.3,45.1,17.8,20040507,27.4,137,11.4,1.2,0.0,2004
128,8,2004-05-08,2.5,8.9,5,9.0,70.5,15.6,20040508,21.4,137,0.8,0.7,0.0,2004
129,9,2004-05-09,36.0,10.0,5,12.4,94.0,14.2,20040509,15.4,137,0.0,1.0,0.0,2004
130,10,2004-05-10,10.5,7.5,5,15.0,85.4,17.2,20040510,21.5,137,3.6,2.0,0.0,2004
131,11,2004-05-11,0.0,4.0,5,14.2,71.8,19.3,20040511,25.2,137,9.9,2.0,0.0,2004
132,12,2004-05-12,7.5,9.9,5,13.7,90.1,16.2,20040512,18.0,137,0.0,0.5,0.0,2004
133,13,2004-05-13,2.0,6.5,5,13.9,72.4,17.7,20040513,21.8,137,5.1,2.5,0.0,2004
134,14,2004-05-14,0.0,1.6,5,12.0,62.4,19.4,20040514,26.8,137,11.2,1.2,0.0,2004
135,15,2004-05-15,2.0,9.5,5,13.3,85.3,14.3,20040515,17.2,137,0.0,0.8,0.0,2004
136,16,2004-05-16,0.0,9.6,5,13.1,73.5,17.0,20040516,21.8,137,1.9,1.5,0.0,2004
137,17,2004-05-17,0.0,5.6,5,13.0,64.8,16.5,20040517,20.5,137,4.7,2.6,0.0,2004
138,18,2004-05-18,0.0,1.9,5,9.5,56.4,19.3,20040518,27.3,137,10.4,1.8,0.0,2004
139,19,2004-05-19,0.0,4.6,5,15.7,49.0,20.9,20040519,26.7,137,6.8,2.1,0.0,2004
140,20,2004-05-20,19.5,3.5,5,10.9,70.0,19.1,20040520,28.2,137,7.8,1.0,0.0,2004
141,21,2004-05-21,5.5,4.9,5,14.4,61.1,17.8,20040521,23.0,137,7.5,2.4,0.0,2004
142,22,2004-05-22,0.0,1.4,5,11.6,40.4,18.7,20040522,24.7,137,12.3,2.6,0.0,2004
143,23,2004-05-23,0.0,3.0,5,13.7,50.0,18.2,20040523,23.7,137,8.4,2.3,0.0,2004
144,24,2004-05-24,0.0,0.8,5,13.0,50.4,19.5,20040524,26.9,137,11.0,2.1,0.0,2004
145,25,2004-05-25,0.0,1.6,5,12.5,46.1,20.9,20040525,28.3,137,11.6,1.6,0.0,2004
146,26,2004-05-26,0.0,8.5,5,15.2,66.4,18.5,20040526,23.3,137,0.1,0.9,0.0,2004
147,27,2004-05-27,0.0,8.9,5,15.6,67.5,21.5,20040527,28.5,137,4.6,0.6,0.0,2004
148,28,2004-05-28,21.5,9.9,5,19.0,84.0,22.0,20040528,27.1,137,0.4,1.0,0.0,2004
149,29,2004-05-29,1.0,5.4,5,19.4,71.9,23.7,20040529,28.9,137,9.4,2.2,0.0,2004
150,30,2004-05-30,1.0,7.3,5,15.9,80.4,20.9,20040530,28.0,137,2.1,1.1,0.0,2004
151,31,2004-05-31,0.0,6.0,5,15.7,52.9,20.9,20040531,26.7,137,9.2,2.4,0.0,2004
152,1,2004-06-01,0.0,2.9,6,10.8,51.6,20.8,20040601,29.5,137,11.7,1.1,0.0,2004
153,2,2004-06-02,0.0,2.6,6,13.2,57.4,21.6,20040602,30.5,137,11.7,0.8,0.0,2004
154,3,2004-06-03,0.0,0.0,6,12.9,58.8,22.2,20040603,32.5,137,12.3,0.7,0.0,2004
155,4,2004-06-04,0.0,4.1,6,14.5,63.8,23.6,20040604,34.1,137,10.8,0.5,0.0,2004
156,5,2004-06-05,0.0,5.5,6,16.5,56.9,24.2,20040605,32.6,137,9.2,0.8,0.0,2004
157,6,2004-06-06,0.0,8.6,6,17.8,45.6,24.0,20040606,31.9,137,7.8,0.9,0.0,2004
158,7,2004-06-07,0.5,9.5,6,15.0,71.9,19.0,20040607,23.1,137,0.0,0.9,0.0,2004
159,8,2004-06-08,1.5,8.8,6,14.3,83.9,17.5,20040608,20.6,137,0.3,1.0,0.0,2004
160,9,2004-06-09,0.0,3.4,6,17.4,62.8,22.0,20040609,27.1,137,9.1,2.1,0.0,2004
161,10,2004-06-10,0.0,1.0,6,18.1,52.1,24.3,20040610,32.7,137,11.5,1.9,0.0,2004
162,11,2004-06-11,0.0,3.0,6,14.1,53.5,23.2,20040611,31.3,137,10.0,1.1,0.0,2004
163,12,2004-06-12,0.0,3.9,6,15.8,50.4,23.5,20040612,28.7,137,3.2,1.9,0.0,2004
164,13,2004-06-13,0.0,0.0,6,9.9,52.5,21.5,20040613,31.6,137,12.3,1.4,0.0,2004
165,14,2004-06-14,0.0,1.4,6,15.6,50.0,23.9,20040614,31.6,137,11.8,1.7,0.0,2004
166,15,2004-06-15,0.0,3.4,6,15.2,47.3,24.0,20040615,33.4,137,11.8,0.8,0.0,2004
167,16,2004-06-16,0.0,6.6,6,15.5,55.4,23.9,20040616,31.0,137,6.8,1.1,0.0,2004
168,17,2004-06-17,41.0,10.0,6,14.6,90.5,16.4,20040617,21.6,137,0.0,1.1,0.0,2004
169,18,2004-06-18,0.2,9.5,6,15.2,87.5,20.2,20040618,25.8,137,1.8,0.6,0.0,2004
170,19,2004-06-19,68.5,10.0,6,18.4,94.1,19.4,20040619,21.4,137,0.0,0.9,0.0,2004
171,20,2004-06-20,32.5,10.0,6,19.4,94.0,20.8,20040620,21.7,137,0.0,0.9,0.0,2004
172,21,2004-06-21,58.0,8.9,6,18.9,85.6,21.4,20040621,25.9,137,1.6,1.4,0.0,2004
173,22,2004-06-22,16.5,8.6,6,19.4,74.5,23.5,20040622,29.1,137,6.0,1.6,0.0,2004
174,23,2004-06-23,1.5,8.3,6,19.1,78.6,24.9,20040623,30.9,137,4.5,0.9,0.0,2004
175,24,2004-06-24,0.5,9.5,6,19.2,83.0,23.5,20040624,27.5,137,0.6,1.0,0.0,2004
176,25,2004-06-25,0.1,10.0,6,19.0,80.5,21.9,20040625,24.5,137,0.0,1.5,0.0,2004
177,26,2004-06-26,0.0,7.4,6,19.8,80.1,23.0,20040626,27.8,137,3.9,0.7,0.0,2004
178,27,2004-06-27,2.0,7.5,6,20.4,81.3,24.2,20040627,30.3,137,4.5,0.9,0.0,2004
179,28,2004-06-28,0.0,4.6,6,19.8,75.5,24.1,20040628,30.0,137,5.5,1.3,0.0,2004
180,29,2004-06-29,0.0,5.6,6,20.2,71.9,23.8,20040629,28.5,137,5.2,1.8,0.0,2004
181,30,2004-06-30,0.0,8.8,6,21.0,74.5,24.4,20040630,28.7,137,0.0,0.9,0.0,2004
182,1,2004-07-01,0.0,9.9,7,20.4,77.0,23.4,20040701,27.3,137,0.0,0.7,0.0,2004
183,2,2004-07-02,6.0,9.8,7,20.7,92.0,22.4,20040702,24.5,137,0.0,0.4,0.0,2004
184,3,2004-07-03,55.5,9.6,7,20.5,93.3,22.8,20040703,26.1,137,0.0,0.6,0.0,2004
185,4,2004-07-04,26.0,9.8,7,20.4,88.9,22.8,20040704,25.7,137,0.0,2.5,0.0,2004
186,5,2004-07-05,1.0,7.5,7,19.5,79.4,23.6,20040705,28.0,137,5.0,2.6,0.0,2004
187,6,2004-07-06,0.0,4.8,7,20.5,78.8,26.1,20040706,32.2,137,7.4,0.6,0.0,2004
188,7,2004-07-07,28.5,10.0,7,19.1,93.8,21.6,20040707,24.7,137,0.0,0.6,0.0,2004
189,8,2004-07-08,0.1,7.5,7,21.4,83.4,23.2,20040708,27.3,137,1.9,1.6,0.0,2004
190,9,2004-07-09,0.0,3.9,7,20.1,73.1,24.6,20040709,31.2,137,12.1,1.4,0.0,2004
191,10,2004-07-10,0.0,3.5,7,19.0,72.6,24.8,20040710,31.2,137,9.7,1.0,0.0,2004
192,11,2004-07-11,9.0,7.9,7,19.8,86.1,23.0,20040711,27.7,137,0.2,0.7,0.0,2004
193,12,2004-07-12,21.5,7.5,7,20.5,85.3,25.0,20040712,31.1,137,3.4,1.3,0.0,2004
194,13,2004-07-13,0.5,7.6,7,22.9,82.9,25.5,20040713,30.9,137,3.5,1.3,0.0,2004
195,14,2004-07-14,23.5,9.0,7,21.4,93.4,22.8,20040714,25.7,137,0.4,0.4,0.0,2004
196,15,2004-07-15,14.0,10.0,7,21.1,92.1,22.7,20040715,25.1,137,0.0,0.6,0.0,2004
197,16,2004-07-16,55.5,10.0,7,21.6,86.9,24.5,20040716,28.0,137,0.0,1.1,0.0,2004
198,17,2004-07-17,37.0,9.5,7,21.6,85.3,23.9,20040717,26.6,137,0.2,1.8,0.0,2004
199,18,2004-07-18,0.0,6.1,7,21.3,82.9,26.2,20040718,32.9,137,2.7,0.7,0.0,2004
200,19,2004-07-19,0.0,5.4,7,22.4,76.0,27.4,20040719,32.4,137,6.6,1.6,0.0,2004
201,20,2004-07-20,0.0,5.0,7,23.4,75.9,27.8,20040720,32.1,137,4.8,1.5,0.0,2004
202,21,2004-07-21,0.0,4.8,7,25.9,75.1,28.8,20040721,33.2,137,5.6,1.6,0.0,2004
203,22,2004-07-22,0.0,2.8,7,25.7,71.6,29.6,20040722,34.5,137,10.0,1.7,0.0,2004
204,23,2004-07-23,0.0,0.5,7,24.9,70.0,29.4,20040723,35.1,137,12.3,1.8,0.0,2004
205,24,2004-07-24,0.0,1.9,7,22.6,66.9,28.8,20040724,34.3,137,11.6,1.5,0.0,2004
206,25,2004-07-25,0.0,5.9,7,23.2,76.5,27.0,20040725,32.3,137,7.4,0.9,0.0,2004
207,26,2004-07-26,0.0,6.5,7,22.7,77.6,27.4,20040726,33.4,137,5.0,0.7,0.0,2004
208,27,2004-07-27,0.0,6.1,7,23.6,78.3,27.5,20040727,32.8,137,3.1,0.5,0.0,2004
209,28,2004-07-28,0.0,2.3,7,23.6,71.3,28.7,20040728,34.8,137,10.9,0.8,0.0,2004
210,29,2004-07-29,0.0,0.1,7,23.6,70.3,29.2,20040729,35.5,137,12.2,0.8,0.0,2004
211,30,2004-07-30,0.0,0.3,7,22.9,74.0,29.0,20040730,35.8,137,11.8,0.7,0.0,2004
212,31,2004-07-31,0.0,0.9,7,23.7,63.5,29.1,20040731,36.3,137,11.2,1.0,0.0,2004
213,1,2004-08-01,0.0,4.5,8,23.0,65.3,28.2,20040801,34.1,137,8.7,1.1,0.0,2004
214,2,2004-08-02,0.0,4.3,8,22.9,66.4,28.3,20040802,35.1,137,9.4,1.0,0.0,2004
215,3,2004-08-03,0.0,6.6,8,23.3,77.3,27.1,20040803,32.8,137,5.1,1.0,0.0,2004
216,4,2004-08-04,48.0,7.1,8,22.9,81.6,27.1,20040804,34.1,137,6.8,1.1,0.0,2004
217,5,2004-08-05,0.0,8.1,8,23.1,86.9,25.8,20040805,31.2,137,2.1,0.7,0.0,2004
218,6,2004-08-06,0.0,3.6,8,23.9,77.9,28.0,20040806,34.2,137,9.3,0.8,0.0,2004
219,7,2004-08-07,0.0,1.8,8,24.3,68.6,28.9,20040807,34.5,137,11.6,1.6,0.0,2004
220,8,2004-08-08,0.0,2.9,8,23.7,67.3,28.6,20040808,33.8,137,10.8,2.0,0.0,2004
221,9,2004-08-09,16.0,6.5,8,23.0,79.6,27.4,20040809,33.8,137,3.4,1.1,0.0,2004
222,10,2004-08-10,0.0,2.8,8,22.9,74.1,28.1,20040810,34.1,137,8.6,0.7,0.0,2004
223,11,2004-08-11,0.0,1.3,8,21.7,72.9,27.3,20040811,33.9,137,11.7,0.9,0.0,2004
224,12,2004-08-12,0.0,0.3,8,19.5,71.5,26.5,20040812,34.9,137,11.4,0.7,0.0,2004
225,13,2004-08-13,0.0,2.4,8,21.5,71.0,27.8,20040813,34.7,137,9.1,0.8,0.0,2004
226,14,2004-08-14,4.5,8.1,8,24.0,80.9,26.5,20040814,32.8,137,3.3,0.7,0.0,2004
227,15,2004-08-15,0.5,8.8,8,22.4,77.9,25.4,20040815,31.3,137,3.2,1.0,0.0,2004
228,16,2004-08-16,3.0,9.9,8,21.7,85.1,23.4,20040816,26.8,137,0.0,0.8,0.0,2004
229,17,2004-08-17,4.5,10.0,8,22.2,88.4,25.7,20040817,32.5,137,1.4,0.4,0.0,2004
230,18,2004-08-18,131.0,10.0,8,20.8,95.5,22.5,20040818,24.2,137,0.0,0.8,0.0,2004
231,19,2004-08-19,34.5,7.6,8,19.7,88.1,21.8,20040819,25.4,137,2.3,2.1,0.0,2004
232,20,2004-08-20,6.0,9.6,8,17.9,93.3,19.1,20040820,20.4,137,0.0,0.8,0.0,2004
233,21,2004-08-21,0.3,9.8,8,19.0,88.9,20.6,20040821,23.8,137,0.0,0.6,0.0,2004
234,22,2004-08-22,21.0,10.0,8,17.9,95.0,19.0,20040822,20.4,137,0.0,1.0,0.0,2004
235,23,2004-08-23,37.0,9.9,8,17.5,90.5,19.9,20040823,23.0,137,0.0,0.8,0.0,2004
236,24,2004-08-24,0.4,5.8,8,18.3,85.8,21.8,20040824,27.6,137,4.9,0.6,0.0,2004
237,25,2004-08-25,0.4,8.8,8,19.2,90.4,21.9,20040825,26.5,137,0.2,0.5,0.0,2004
238,26,2004-08-26,13.5,9.6,8,18.1,93.4,20.1,20040826,21.9,137,0.0,0.6,0.0,2004
239,27,2004-08-27,0.0,7.0,8,19.9,81.6,22.5,20040827,27.3,137,0.0,0.9,0.0,2004
240,28,2004-08-28,0.0,3.6,8,16.7,73.8,22.2,20040828,29.2,137,10.2,1.1,0.0,2004
241,29,2004-08-29,0.0,3.5,8,16.7,77.6,23.7,20040829,31.0,137,10.4,0.9,0.0,2004
242,30,2004-08-30,0.1,7.9,8,20.8,83.8,24.2,20040830,28.2,137,0.2,0.9,0.0,2004
243,31,2004-08-31,0.0,2.3,8,20.3,62.9,24.7,20040831,29.9,137,9.8,2.5,0.0,2004
244,1,2004-09-01,0.0,3.6,9,17.5,68.8,22.9,20040901,29.2,137,7.2,1.3,0.0,2004
245,2,2004-09-02,0.0,0.0,9,14.5,61.0,21.6,20040902,29.5,137,11.7,1.7,0.0,2004
246,3,2004-09-03,0.0,4.1,9,14.0,73.9,20.9,20040903,29.0,137,6.9,0.8,0.0,2004
247,4,2004-09-04,0.0,3.8,9,16.7,75.0,22.2,20040904,29.9,137,10.1,0.8,0.0,2004
248,5,2004-09-05,1.0,6.9,9,15.8,80.8,21.4,20040905,28.3,137,2.9,0.8,0.0,2004
249,6,2004-09-06,13.5,10.0,9,17.8,88.3,20.0,20040906,22.5,137,0.3,1.3,0.0,2004
250,7,2004-09-07,4.5,8.5,9,19.1,84.3,21.1,20040907,24.0,137,0.0,1.9,0.0,2004
251,8,2004-09-08,0.5,6.1,9,18.5,71.3,21.9,20040908,27.9,137,7.8,1.8,0.0,2004
252,9,2004-09-09,0.0,7.8,9,16.8,83.4,19.9,20040909,25.7,137,1.5,0.5,0.0,2004
253,10,2004-09-10,1.0,7.8,9,14.7,84.8,19.5,20040910,25.2,137,0.8,0.6,0.0,2004
254,11,2004-09-11,40.5,10.0,9,16.6,91.8,17.8,20040911,19.1,137,0.0,1.6,0.0,2004
255,12,2004-09-12,10.0,10.0,9,16.6,93.4,20.5,20040912,24.0,137,0.0,1.0,0.0,2004
256,13,2004-09-13,10.5,8.3,9,18.9,90.5,22.0,20040913,27.7,137,0.5,1.4,0.0,2004
257,14,2004-09-14,0.0,8.8,9,17.5,86.4,20.2,20040914,23.0,137,0.1,1.1,0.0,2004
258,15,2004-09-15,0.0,9.5,9,19.0,78.3,22.2,20040915,27.2,137,1.6,1.2,0.0,2004
259,16,2004-09-16,16.5,5.8,9,19.3,84.1,22.4,20040916,29.4,137,4.9,1.1,0.0,2004
260,17,2004-09-17,2.5,7.0,9,18.9,87.4,22.7,20040917,30.0,137,4.7,1.0,0.0,2004
261,18,2004-09-18,15.5,7.3,9,20.1,89.6,21.8,20040918,24.9,137,1.1,1.1,0.0,2004
262,19,2004-09-19,0.0,1.6,9,15.7,66.0,20.4,20040919,26.6,137,10.3,1.7,0.0,2004
263,20,2004-09-20,33.0,9.6,9,13.7,87.1,16.1,20040920,19.5,137,0.1,0.9,0.0,2004
264,21,2004-09-21,0.0,6.6,9,13.7,78.8,17.1,20040921,23.2,137,5.3,1.6,0.0,2004
265,22,2004-09-22,0.0,2.6,9,11.0,81.5,17.0,20040922,25.1,137,7.5,0.7,0.0,2004
266,23,2004-09-23,0.0,4.9,9,13.3,83.0,17.8,20040923,24.7,137,4.5,0.7,0.0,2004
267,24,2004-09-24,0.0,2.6,9,13.6,80.4,18.5,20040924,26.7,137,7.3,0.7,0.0,2004
268,25,2004-09-25,0.0,6.3,9,12.5,76.1,18.2,20040925,25.7,137,6.0,1.0,0.0,2004
269,26,2004-09-26,0.5,9.5,9,14.9,85.8,17.4,20040926,19.7,137,0.1,0.7,0.0,2004
270,27,2004-09-27,0.0,5.1,9,15.1,86.1,18.7,20040927,25.3,137,6.5,0.6,0.0,2004
271,28,2004-09-28,0.0,9.8,9,14.5,80.0,19.3,20040928,25.8,137,1.3,1.2,0.0,2004
272,29,2004-09-29,0.0,4.4,9,14.8,73.6,19.5,20040929,26.9,137,6.4,1.0,0.0,2004
273,30,2004-09-30,0.0,4.1,9,11.1,79.1,17.5,20040930,26.5,137,7.7,0.7,0.0,2004
274,1,2004-10-01,0.0,7.8,10,12.5,74.9,17.8,20041001,25.0,137,5.4,2.2,0.0,2004
275,2,2004-10-02,0.0,2.0,10,7.7,47.0,12.5,20041002,18.2,137,9.7,2.0,0.0,2004
276,3,2004-10-03,0.0,1.1,10,3.6,68.0,11.6,20041003,21.3,137,9.7,0.9,0.0,2004
277,4,2004-10-04,0.0,3.0,10,7.1,79.0,13.2,20041004,21.9,137,6.2,0.7,0.0,2004
278,5,2004-10-05,0.0,1.4,10,7.5,80.0,14.0,20041005,22.7,137,5.9,0.7,0.0,2004
279,6,2004-10-06,0.0,4.8,10,8.2,78.6,13.7,20041006,24.2,137,6.2,0.6,0.0,2004
280,7,2004-10-07,0.0,8.3,10,8.2,82.8,15.0,20041007,22.0,137,4.2,0.6,0.0,2004
281,8,2004-10-08,0.0,6.9,10,13.1,83.4,16.8,20041008,24.5,137,2.9,0.8,0.0,2004
282,9,2004-10-09,1.0,8.1,10,12.7,87.0,15.4,20041009,21.2,137,0.8,0.6,0.0,2004
283,10,2004-10-10,0.0,2.1,10,11.3,71.5,16.6,20041010,25.5,137,7.3,0.8,0.0,2004
284,11,2004-10-11,0.0,2.8,10,7.7,72.1,16.2,20041011,24.5,137,7.4,1.2,0.0,2004
285,12,2004-10-12,0.0,2.6,10,8.4,57.3,15.0,20041012,20.6,137,7.1,2.7,0.0,2004
286,13,2004-10-13,0.0,1.3,10,3.7,54.4,11.7,20041013,20.0,137,9.3,1.4,0.0,2004
287,14,2004-10-14,1.0,0.4,10,5.2,58.1,9.8,20041014,15.6,137,9.0,2.4,0.0,2004
288,15,2004-10-15,0.0,0.0,10,2.7,66.3,12.1,20041015,21.4,137,9.2,1.4,0.0,2004
289,16,2004-10-16,0.0,1.8,10,7.3,70.1,14.6,20041016,24.1,137,8.0,1.6,0.0,2004
290,17,2004-10-17,0.0,3.9,10,5.7,69.5,12.9,20041017,20.4,137,8.2,1.4,0.0,2004
291,18,2004-10-18,0.0,8.9,10,11.0,81.6,14.2,20041018,18.6,137,0.9,0.7,0.0,2004
292,19,2004-10-19,0.0,8.3,10,10.0,93.9,12.5,20041019,16.2,137,0.1,0.5,0.0,2004
293,20,2004-10-20,0.0,6.8,10,8.9,75.4,14.7,20041020,22.4,137,1.3,1.3,0.0,2004
294,21,2004-10-21,0.0,2.0,10,4.2,69.3,14.1,20041021,22.8,137,8.5,1.2,0.0,2004
295,22,2004-10-22,0.0,1.3,10,6.2,48.6,12.8,20041022,18.7,137,9.1,2.1,0.0,2004
296,23,2004-10-23,0.0,1.3,10,3.0,68.5,10.2,20041023,18.8,137,8.8,0.8,0.0,2004
297,24,2004-10-24,0.0,1.6,10,3.7,75.4,11.0,20041024,20.7,137,8.2,0.3,0.0,2004
298,25,2004-10-25,0.0,7.6,10,5.2,84.5,10.9,20041025,17.4,137,0.7,0.4,0.0,2004
299,26,2004-10-26,0.0,3.5,10,7.6,56.6,12.7,20041026,19.2,137,6.5,2.2,0.0,2004
300,27,2004-10-27,0.0,0.3,10,2.2,65.4,9.4,20041027,17.8,137,8.9,0.6,0.0,2004
301,28,2004-10-28,0.0,0.4,10,2.4,78.6,9.5,20041028,19.7,137,7.7,0.6,0.0,2004
302,29,2004-10-29,0.0,1.1,10,4.2,79.5,11.1,20041029,21.2,137,8.4,0.4,0.0,2004
303,30,2004-10-30,0.0,1.3,10,5.9,76.5,12.6,20041030,22.5,137,8.8,0.5,0.0,2004
304,31,2004-10-31,0.0,2.0,10,3.9,78.6,11.3,20041031,20.8,137,8.7,0.5,0.0,2004
305,1,2004-11-01,3.5,4.8,11,3.7,83.4,11.8,20041101,20.0,137,6.2,0.6,0.0,2004
306,2,2004-11-02,2.5,8.0,11,9.8,81.0,12.1,20041102,15.5,137,1.8,2.1,0.0,2004
307,3,2004-11-03,0.5,5.3,11,8.2,76.5,10.4,20041103,14.7,137,3.5,2.2,0.0,2004
308,4,2004-11-04,0.0,1.6,11,5.6,74.1,11.4,20041104,18.4,137,8.2,1.0,0.0,2004
309,5,2004-11-05,0.0,5.5,11,2.2,87.6,8.3,20041105,15.7,137,2.9,0.5,0.0,2004
310,6,2004-11-06,0.5,2.5,11,2.3,60.8,10.0,20041106,16.6,137,8.7,2.0,0.0,2004
311,7,2004-11-07,0.0,0.0,11,-0.6,76.4,7.8,20041107,17.6,137,8.6,0.6,0.0,2004
312,8,2004-11-08,0.0,1.9,11,2.6,82.3,10.1,20041108,20.3,137,6.2,0.3,0.0,2004
313,9,2004-11-09,0.0,4.0,11,3.2,79.3,10.9,20041109,20.1,137,7.9,0.6,0.0,2004
314,10,2004-11-10,6.5,8.9,11,8.9,91.9,12.9,20041110,15.8,137,0.1,0.8,0.0,2004
315,11,2004-11-11,0.1,7.3,11,11.4,85.0,14.8,20041111,17.2,137,0.4,2.3,0.0,2004
316,12,2004-11-12,0.0,0.9,11,1.1,53.9,7.1,20041112,11.6,137,7.2,3.9,0.0,2004
317,13,2004-11-13,0.1,6.4,11,-3.1,71.8,2.8,20041113,6.3,137,1.8,0.7,0.0,2004
318,14,2004-11-14,0.0,4.5,11,2.3,62.6,8.1,20041114,15.2,137,6.5,1.3,0.0,2004
319,15,2004-11-15,0.0,1.5,11,1.6,50.5,6.3,20041115,9.8,137,8.3,3.5,0.0,2004
320,16,2004-11-16,0.0,0.3,11,0.8,55.5,6.9,20041116,12.8,137,8.6,2.7,0.0,2004
321,17,2004-11-17,0.0,3.8,11,-0.9,75.0,7.2,20041117,14.9,137,7.3,1.1,0.0,2004
322,18,2004-11-18,0.0,2.0,11,2.4,76.3,8.4,20041118,16.6,137,7.7,0.5,0.0,2004
323,19,2004-11-19,0.0,1.9,11,0.1,78.0,7.3,20041119,15.7,137,5.5,1.0,0.0,2004
324,20,2004-11-20,0.0,1.9,11,1.8,72.3,7.5,20041120,13.0,137,5.1,1.8,0.0,2004
325,21,2004-11-21,0.0,0.0,11,1.9,62.3,6.4,20041121,12.4,137,8.6,2.8,0.0,2004
326,22,2004-11-22,0.0,0.0,11,-1.5,69.1,6.4,20041122,13.9,137,8.6,1.5,0.0,2004
327,23,2004-11-23,0.0,1.6,11,-0.5,68.4,7.0,20041123,16.1,137,8.5,1.1,0.0,2004
328,24,2004-11-24,0.0,1.9,11,-0.9,76.0,5.1,20041124,13.8,137,4.6,0.5,0.0,2004
329,25,2004-11-25,0.0,2.1,11,-0.8,83.8,5.8,20041125,14.1,137,7.4,0.8,0.0,2004
330,26,2004-11-26,10.0,8.1,11,3.8,82.0,5.7,20041126,9.1,137,0.8,3.5,0.0,2004
331,27,2004-11-27,0.0,4.5,11,5.4,66.9,7.4,20041127,9.8,137,1.4,3.5,0.0,2004
332,28,2004-11-28,0.0,0.1,11,1.5,70.4,6.6,20041128,12.7,137,8.5,2.0,0.0,2004
333,29,2004-11-29,0.0,0.1,11,-1.2,58.0,4.9,20041129,11.9,137,8.5,1.9,0.0,2004
334,30,2004-11-30,0.0,0.0,11,-2.3,69.0,3.5,20041130,10.4,137,8.0,1.5,0.0,2004
335,1,2004-12-01,0.0,2.8,12,-0.4,66.6,5.2,20041201,11.2,137,5.9,2.0,0.0,2004
336,2,2004-12-02,0.0,1.4,12,-2.6,78.0,4.8,20041202,14.0,137,8.5,0.7,0.0,2004
337,3,2004-12-03,0.0,4.0,12,-0.9,82.0,6.3,20041203,15.5,137,6.5,0.7,0.0,2004
338,4,2004-12-04,16.5,10.0,12,6.7,95.3,8.0,20041204,10.3,137,0.0,0.8,0.0,2004
339,5,2004-12-05,1.0,4.6,12,0.6,68.8,3.8,20041205,10.0,137,4.2,4.8,0.0,2004
340,6,2004-12-06,0.0,4.3,12,-3.3,67.9,3.3,20041206,9.4,137,7.9,1.9,0.0,2004
341,7,2004-12-07,1.0,2.0,12,-1.7,60.3,4.6,20041207,9.2,137,7.6,2.3,0.0,2004
342,8,2004-12-08,0.0,0.6,12,-4.4,77.5,1.2,20041208,8.9,137,7.7,0.7,0.0,2004
343,9,2004-12-09,0.0,0.0,12,-3.0,83.1,2.5,20041209,11.0,137,7.7,0.6,0.0,2004
344,10,2004-12-10,0.0,1.6,12,-1.9,67.9,4.4,20041210,12.8,137,4.7,1.9,0.0,2004
345,11,2004-12-11,0.0,3.0,12,-2.2,56.0,2.9,20041211,9.4,137,8.3,1.2,0.0,2004
346,12,2004-12-12,0.0,4.6,12,-0.3,62.9,5.7,20041212,13.0,137,5.8,1.7,0.0,2004
347,13,2004-12-13,0.0,0.1,12,-2.3,50.6,3.7,20041213,9.7,137,8.5,2.1,0.0,2004
348,14,2004-12-14,0.0,2.9,12,-6.0,68.3,0.5,20041214,8.4,137,7.2,0.7,0.0,2004
349,15,2004-12-15,2.5,7.1,12,-0.6,73.9,4.5,20041215,9.7,137,2.6,0.6,0.0,2004
350,16,2004-12-16,0.5,1.1,12,-1.2,71.5,5.4,20041216,10.9,137,8.2,2.2,0.0,2004
351,17,2004-12-17,0.0,4.1,12,-3.9,86.0,0.5,20041217,7.0,137,4.0,0.5,0.0,2004
352,18,2004-12-18,0.0,3.1,12,-1.1,63.8,4.8,20041218,11.1,137,5.6,1.4,0.0,2004
353,19,2004-12-19,0.2,4.5,12,-3.6,84.0,2.3,20041219,8.2,137,4.4,0.7,0.0,2004
354,20,2004-12-20,0.5,2.4,12,-3.6,58.6,0.9,20041220,6.7,137,8.4,3.6,0.0,2004
355,21,2004-12-21,0.0,3.5,12,-4.8,51.5,-0.8,20041221,5.3,137,6.2,1.9,0.0,2004
356,22,2004-12-22,0.0,5.3,12,-2.7,41.1,0.1,20041222,3.7,137,3.0,2.8,0.0,2004
357,23,2004-12-23,0.0,1.6,12,-6.0,50.5,-2.3,20041223,3.3,137,8.4,1.5,0.0,2004
358,24,2004-12-24,0.0,8.3,12,-4.5,72.6,-1.4,20041224,0.8,137,0.0,1.1,0.0,2004
359,25,2004-12-25,0.0,2.8,12,-0.7,59.9,0.8,20041225,3.6,137,8.2,3.6,0.0,2004
360,26,2004-12-26,0.0,0.9,12,-3.3,50.4,-0.8,20041226,2.9,137,8.3,4.0,0.0,2004
361,27,2004-12-27,0.0,3.1,12,-4.1,45.5,-1.4,20041227,2.7,137,7.8,3.6,0.0,2004
362,28,2004-12-28,0.0,5.6,12,-7.0,40.4,-3.0,20041228,0.1,137,4.5,3.6,0.0,2004
363,29,2004-12-29,0.0,1.1,12,-6.5,45.3,-3.8,20041229,0.0,137,8.4,3.2,0.0,2004
364,30,2004-12-30,0.0,6.0,12,-8.0,52.6,-2.7,20041230,2.3,137,5.4,1.8,0.0,2004
365,31,2004-12-31,0.0,4.1,12,-5.0,52.6,-2.7,20041231,0.6,137,8.3,3.8,0.0,2004
