,year,tmax,humid,rainfall,snow,Date,wind,month,date,sunshine,tavg,tmin,cloud,station_id,day
0,2005,0.7,44.0,0.0,0.0,2005-01-01,3.4,1,20050101,8.5,-3.4,-7.5,0.3,137,1
1,2005,5.7,61.0,0.0,0.0,2005-01-02,2.4,1,20050102,4.5,1.1,-4.3,4.4,137,2
2,2005,9.9,60.8,0.0,0.0,2005-01-03,3.1,1,20050103,2.4,3.7,-2.7,7.4,137,3
3,2005,2.1,38.1,0.0,0.0,2005-01-04,4.7,1,20050104,8.5,-2.7,-6.7,0.3,137,4
4,2005,1.3,54.5,0.0,0.0,2005-01-05,1.0,1,20050105,8.0,-5.3,-12.0,3.6,137,5
5,2005,6.1,48.3,0.0,0.0,2005-01-06,2.6,1,20050106,8.0,1.1,-4.2,4.5,137,6
6,2005,2.6,46.1,0.0,0.0,2005-01-07,4.9,1,20050107,8.6,-0.3,-5.1,1.9,137,7
7,2005,2.5,46.9,0.0,0.0,2005-01-08,4.1,1,20050108,8.5,-2.6,-6.0,1.1,137,8
8,2005,-1.2,40.3,0.0,0.0,2005-01-09,3.6,1,20050109,8.6,-6.1,-9.8,0.0,137,9
9,2005,1.1,55.8,0.0,0.0,2005-01-10,3.5,1,20050110,8.4,-3.9,-9.8,2.1,137,10
10,2005,-0.3,56.8,0.0,0.0,2005-01-11,4.7,1,20050111,8.0,-2.9,-4.7,1.8,137,11
11,2005,-0.2,47.8,0.0,0.0,2005-01-12,3.9,1,20050112,8.6,-4.0,-7.5,0.0,137,12
12,2005,-0.2,57.8,0.0,0.0,2005-01-13,3.6,1,20050113,8.0,-3.3,-6.0,4.0,137,13
13,2005,3.3,61.5,0.0,0.0,2005-01-14,1.8,1,20050114,6.1,-2.9,-10.3,5.8,137,14
14,2005,4.1,53.4,0.0,0.0,2005-01-15,3.5,1,20050115,8.5,-1.1,-4.7,0.1,137,15
15,2005,3.3,65.6,0.0,0.0,2005-01-16,4.7,1,20050116,3.4,-0.8,-3.1,5.1,137,16
16,2005,5.8,59.8,0.0,0.0,2005-01-17,2.8,1,20050117,8.0,0.9,-3.0,1.1,137,17
17,2005,7.8,71.1,0.4,0.0,2005-01-18,2.1,1,20050118,5.7,1.6,-4.9,5.4,137,18
18,2005,1.7,54.4,0.0,0.0,2005-01-19,4.7,1,20050119,8.2,-1.3,-3.2,3.6,137,19
19,2005,-1.0,56.9,0.0,0.1,2005-01-20,4.9,1,20050120,7.0,-3.9,-5.7,2.0,137,20
20,2005,1.8,42.4,0.0,0.0,2005-01-21,3.5,1,20050121,8.7,-3.9,-8.8,0.0,137,21
21,2005,4.2,40.0,0.0,0.0,2005-01-22,1.3,1,20050122,6.5,-1.7,-8.7,6.3,137,22
22,2005,8.7,50.3,0.0,0.0,2005-01-23,0.7,1,20050123,1.9,2.3,-1.3,7.3,137,23
23,2005,6.0,61.5,0.0,0.0,2005-01-24,2.6,1,20050124,1.7,1.9,-3.0,4.6,137,24
24,2005,2.9,83.5,3.2,3.2,2005-01-25,0.6,1,20050125,0.0,-1.0,-5.6,8.6,137,25
25,2005,5.0,86.9,0.6,0.6,2005-01-26,1.9,1,20050126,5.8,1.2,-1.5,5.4,137,26
26,2005,7.8,58.5,0.0,0.0,2005-01-27,1.7,1,20050127,6.0,2.5,-1.9,2.9,137,27
27,2005,10.9,60.1,0.0,0.0,2005-01-28,1.2,1,20050128,8.7,0.8,-6.1,0.1,137,28
28,2005,3.2,62.5,0.1,0.0,2005-01-29,3.3,1,20050129,1.8,-0.9,-4.3,3.6,137,29
29,2005,-0.8,47.5,0.0,0.0,2005-01-30,4.3,1,20050130,7.3,-5.0,-7.8,3.1,137,30
30,2005,-0.1,46.1,3.0,3.2,2005-01-31,5.0,1,20050131,8.1,-5.3,-8.5,3.4,137,31
31,2005,-7.0,55.3,0.0,0.0,2005-02-01,7.0,2,20050201,6.8,-9.2,-12.1,2.6,137,1
32,2005,-1.7,62.8,0.0,0.0,2005-02-02,3.8,2,20050202,8.7,-6.2,-10.5,2.1,137,2
33,2005,2.5,53.0,0.0,0.0,2005-02-03,3.4,2,20050203,8.8,-2.3,-5.9,1.5,137,3
34,2005,5.6,40.3,0.0,0.0,2005-02-04,2.7,2,20050204,8.5,0.5,-3.6,2.5,137,4
35,2005,5.8,45.5,0.0,0.0,2005-02-05,3.0,2,20050205,8.9,0.7,-2.8,1.3,137,5
36,2005,7.5,60.3,0.0,0.0,2005-02-06,1.1,2,20050206,6.8,-1.0,-8.3,1.1,137,6
37,2005,6.6,74.4,0.0,0.0,2005-02-07,0.7,2,20050207,0.3,1.7,-3.8,8.3,137,7
38,2005,7.2,78.6,1.0,0.0,2005-02-08,2.6,2,20050208,5.5,2.7,-1.5,5.6,137,8
39,2005,3.4,72.5,0.0,0.0,2005-02-09,3.2,2,20050209,1.0,-0.2,-4.2,6.3,137,9
40,2005,2.1,43.5,0.0,0.0,2005-02-10,4.0,2,20050210,9.1,-3.4,-6.6,0.6,137,10
41,2005,0.9,41.9,0.0,0.0,2005-02-11,3.6,2,20050211,9.2,-5.1,-9.5,0.5,137,11
42,2005,1.7,36.8,0.0,0.0,2005-02-12,2.3,2,20050212,3.0,-3.1,-8.0,4.4,137,12
43,2005,6.0,39.4,0.0,0.0,2005-02-13,3.5,2,20050213,9.2,-0.9,-5.6,0.0,137,13
44,2005,3.8,57.9,0.0,0.0,2005-02-14,0.9,2,20050214,2.3,-1.2,-6.9,6.8,137,14
45,2005,5.8,67.9,10.5,0.0,2005-02-15,1.3,2,20050215,0.0,2.2,-2.4,10.0,137,15
46,2005,4.3,96.4,12.0,0.0,2005-02-16,1.4,2,20050216,0.0,2.6,1.0,9.8,137,16
47,2005,10.2,77.6,0.0,0.0,2005-02-17,1.6,2,20050217,3.6,4.5,0.7,7.6,137,17
48,2005,3.4,84.8,3.0,0.0,2005-02-18,2.4,2,20050218,0.8,1.6,-0.3,8.3,137,18
49,2005,3.4,65.9,0.0,0.0,2005-02-19,3.6,2,20050219,5.6,-1.1,-6.7,4.9,137,19
50,2005,-0.9,48.9,0.0,0.0,2005-02-20,3.6,2,20050220,8.8,-5.8,-9.8,2.4,137,20
51,2005,-0.7,47.1,0.0,0.0,2005-02-21,2.9,2,20050221,9.8,-5.6,-9.9,0.3,137,21
52,2005,6.1,63.3,0.2,0.0,2005-02-22,1.8,2,20050222,0.1,-2.4,-10.6,6.8,137,22
53,2005,5.0,45.6,0.0,0.0,2005-02-23,4.0,2,20050223,8.0,0.9,-2.6,1.4,137,23
54,2005,6.3,45.0,0.0,0.0,2005-02-24,1.3,2,20050224,3.8,0.3,-4.0,4.1,137,24
55,2005,2.1,34.6,0.0,0.0,2005-02-25,4.3,2,20050225,9.7,-2.4,-5.2,0.4,137,25
56,2005,1.7,37.0,0.0,0.0,2005-02-26,3.5,2,20050226,9.8,-3.7,-8.6,0.0,137,26
57,2005,4.2,37.1,0.0,0.0,2005-02-27,3.4,2,20050227,7.9,-1.1,-6.1,2.6,137,27
58,2005,7.6,42.5,0.0,0.0,2005-02-28,3.1,2,20050228,8.2,1.5,-4.0,1.4,137,28
59,2005,6.4,41.4,0.0,0.0,2005-03-01,3.1,3,20050301,9.6,1.3,-3.6,0.9,137,1
60,2005,4.3,65.6,0.5,0.0,2005-03-02,2.0,3,20050302,0.8,0.7,-1.6,7.0,137,2
61,2005,4.5,47.6,0.0,0.0,2005-03-03,3.2,3,20050303,8.7,-0.4,-3.6,2.6,137,3
62,2005,6.5,39.9,0.0,0.0,2005-03-04,2.8,3,20050304,9.5,0.4,-4.5,3.5,137,4
63,2005,5.9,63.0,2.0,2.2,2005-03-05,2.0,3,20050305,7.1,-0.3,-5.3,4.4,137,5
64,2005,8.2,53.3,0.0,0.0,2005-03-06,3.0,3,20050306,9.7,1.5,-5.1,0.4,137,6
65,2005,14.3,50.9,0.0,0.0,2005-03-07,3.8,3,20050307,9.1,6.3,-0.9,0.4,137,7
66,2005,14.7,52.0,0.0,0.0,2005-03-08,2.9,3,20050308,9.4,9.3,5.1,2.0,137,8
67,2005,15.8,47.9,0.0,0.0,2005-03-09,1.2,3,20050309,8.8,7.0,-1.9,0.9,137,9
68,2005,21.6,65.3,0.0,0.0,2005-03-10,2.0,3,20050310,6.3,11.5,2.1,6.1,137,10
69,2005,11.8,71.6,2.0,0.0,2005-03-11,5.4,3,20050311,2.1,3.5,-3.5,6.6,137,11
70,2005,0.9,41.4,0.0,0.0,2005-03-12,5.6,3,20050312,10.4,-3.0,-6.1,1.1,137,12
71,2005,3.7,38.6,0.0,0.0,2005-03-13,4.5,3,20050313,10.4,-1.2,-5.9,0.6,137,13
72,2005,10.4,39.9,0.0,0.0,2005-03-14,3.0,3,20050314,10.8,3.5,-2.6,1.5,137,14
73,2005,11.1,64.6,0.1,0.0,2005-03-15,1.9,3,20050315,3.1,4.5,-0.5,8.1,137,15
74,2005,16.0,67.3,0.0,0.0,2005-03-16,1.4,3,20050316,9.0,7.7,-0.6,5.4,137,16
75,2005,11.5,78.0,11.5,0.0,2005-03-17,3.0,3,20050317,3.7,6.8,4.0,8.6,137,17
76,2005,9.8,46.9,0.0,0.0,2005-03-18,4.6,3,20050318,10.2,4.6,1.3,1.3,137,18
77,2005,14.2,42.4,0.0,0.0,2005-03-19,2.5,3,20050319,9.9,6.0,-1.4,2.3,137,19
78,2005,13.1,49.3,0.0,0.0,2005-03-20,3.9,3,20050320,8.5,7.2,3.0,2.3,137,20
79,2005,16.6,61.6,0.3,0.0,2005-03-21,1.6,3,20050321,7.5,8.0,-1.9,5.1,137,21
80,2005,15.2,78.6,24.0,0.0,2005-03-22,1.9,3,20050322,5.2,8.2,4.0,6.9,137,22
81,2005,14.9,58.3,0.0,0.0,2005-03-23,2.5,3,20050323,3.8,8.7,5.3,5.6,137,23
82,2005,6.2,61.6,1.5,0.0,2005-03-24,5.3,3,20050324,7.5,2.6,-0.7,5.8,137,24
83,2005,8.7,48.6,0.0,0.0,2005-03-25,5.6,3,20050325,10.7,3.9,-1.5,0.4,137,25
84,2005,17.0,55.5,0.0,0.0,2005-03-26,2.5,3,20050326,8.8,9.8,3.1,5.3,137,26
85,2005,17.8,69.3,0.0,0.0,2005-03-27,1.4,3,20050327,7.7,9.9,0.9,7.0,137,27
86,2005,18.9,54.5,0.0,0.0,2005-03-28,3.8,3,20050328,10.3,10.8,4.5,3.9,137,28
87,2005,11.3,40.6,0.0,0.0,2005-03-29,4.2,3,20050329,11.1,5.7,2.2,0.0,137,29
88,2005,15.7,38.6,0.0,0.0,2005-03-30,4.5,3,20050330,10.9,7.8,0.7,0.0,137,30
89,2005,18.7,41.3,0.0,0.0,2005-03-31,2.7,3,20050331,10.6,11.3,2.9,0.0,137,31
90,2005,19.5,40.1,0.0,0.0,2005-04-01,1.5,4,20050401,6.7,10.6,1.4,3.9,137,1
91,2005,20.5,37.8,0.0,0.0,2005-04-02,2.2,4,20050402,8.7,11.9,2.9,5.5,137,2
92,2005,11.3,69.6,3.0,0.0,2005-04-03,2.0,4,20050403,1.6,7.6,3.9,7.1,137,3
93,2005,17.0,52.1,0.0,0.0,2005-04-04,2.7,4,20050404,11.1,9.5,0.0,1.3,137,4
94,2005,25.2,37.0,0.0,0.0,2005-04-05,2.6,4,20050405,10.9,15.3,4.2,0.3,137,5
95,2005,16.1,75.8,2.5,0.0,2005-04-06,0.7,4,20050406,0.0,10.6,3.4,7.5,137,6
96,2005,24.8,75.6,0.0,0.0,2005-04-07,3.1,4,20050407,5.3,16.9,7.6,6.4,137,7
97,2005,24.6,53.1,0.0,0.0,2005-04-08,2.2,4,20050408,10.4,15.2,6.6,1.4,137,8
98,2005,12.7,84.6,1.0,0.0,2005-04-09,2.1,4,20050409,0.2,10.2,7.0,7.8,137,9
99,2005,13.6,85.8,14.5,0.0,2005-04-10,2.5,4,20050410,0.0,11.4,9.5,9.3,137,10
100,2005,15.8,61.5,0.0,0.0,2005-04-11,1.9,4,20050411,4.9,10.3,6.0,5.5,137,11
101,2005,16.8,66.8,0.0,0.0,2005-04-12,1.6,4,20050412,2.0,9.7,4.6,8.1,137,12
102,2005,17.3,45.8,0.0,0.0,2005-04-13,4.0,4,20050413,10.3,11.4,6.3,1.9,137,13
103,2005,20.4,39.9,0.0,0.0,2005-04-14,4.0,4,20050414,11.5,13.0,3.8,0.6,137,14
104,2005,18.7,36.6,0.0,0.0,2005-04-15,3.2,4,20050415,11.9,11.4,5.6,0.1,137,15
105,2005,21.6,22.3,0.0,0.0,2005-04-16,2.8,4,20050416,12.0,13.0,3.3,0.0,137,16
106,2005,24.8,34.3,0.0,0.0,2005-04-17,1.7,4,20050417,9.2,15.7,3.7,4.1,137,17
107,2005,25.2,64.5,6.0,0.0,2005-04-18,1.6,4,20050418,5.7,14.7,9.8,6.4,137,18
108,2005,23.0,76.5,15.5,0.0,2005-04-19,1.7,4,20050419,1.4,14.4,7.7,8.5,137,19
109,2005,17.0,48.4,8.0,0.0,2005-04-20,4.3,4,20050420,10.5,12.7,7.8,1.9,137,20
110,2005,17.2,37.4,0.0,0.0,2005-04-21,3.9,4,20050421,8.9,12.2,8.2,2.8,137,21
111,2005,19.7,31.3,0.0,0.0,2005-04-22,5.0,4,20050422,11.8,13.1,7.8,0.5,137,22
112,2005,21.3,43.0,0.0,0.0,2005-04-23,1.7,4,20050423,12.2,13.7,5.6,0.0,137,23
113,2005,23.4,55.3,0.0,0.0,2005-04-24,1.6,4,20050424,11.3,14.2,3.8,2.8,137,24
114,2005,22.3,48.8,0.0,0.0,2005-04-25,2.9,4,20050425,9.7,16.3,10.9,4.3,137,25
115,2005,23.6,44.1,0.0,0.0,2005-04-26,2.5,4,20050426,12.1,16.5,9.3,1.1,137,26
116,2005,29.3,45.4,0.0,0.0,2005-04-27,1.8,4,20050427,8.1,18.5,6.2,3.6,137,27
117,2005,32.3,54.0,0.0,0.0,2005-04-28,3.3,4,20050428,9.5,23.6,14.1,2.3,137,28
118,2005,28.8,62.4,0.0,0.0,2005-04-29,1.9,4,20050429,5.8,22.6,17.8,4.1,137,29
119,2005,31.3,74.8,0.0,0.0,2005-04-30,1.4,4,20050430,7.0,22.1,15.2,6.0,137,30
120,2005,27.2,74.9,0.0,0.0,2005-05-01,1.4,5,20050501,2.3,21.5,17.6,7.9,137,1
121,2005,28.7,45.1,0.0,0.0,2005-05-02,1.7,5,20050502,11.6,20.2,14.9,0.9,137,2
122,2005,30.6,36.1,0.0,0.0,2005-05-03,1.6,5,20050503,12.3,19.4,7.2,0.0,137,3
123,2005,30.9,30.6,0.0,0.0,2005-05-04,1.2,5,20050504,11.6,21.4,10.5,0.4,137,4
124,2005,24.4,74.0,12.0,0.0,2005-05-05,1.6,5,20050505,4.0,17.3,10.7,7.8,137,5
125,2005,14.8,94.3,10.5,0.0,2005-05-06,1.7,5,20050506,0.0,13.7,12.3,10.0,137,6
126,2005,19.7,79.4,0.0,0.0,2005-05-07,1.4,5,20050507,1.2,14.2,11.3,8.0,137,7
127,2005,21.3,74.4,0.1,0.0,2005-05-08,1.5,5,20050508,2.6,14.7,10.9,7.6,137,8
128,2005,19.9,48.3,0.0,0.0,2005-05-09,3.3,5,20050509,11.3,13.9,8.7,1.4,137,9
129,2005,22.2,55.3,0.0,0.0,2005-05-10,1.9,5,20050510,12.5,14.5,7.6,0.5,137,10
130,2005,22.4,71.1,6.0,0.0,2005-05-11,1.0,5,20050511,4.2,14.4,9.0,7.9,137,11
131,2005,21.8,76.6,1.5,0.0,2005-05-12,1.4,5,20050512,4.1,14.9,11.2,6.0,137,12
132,2005,22.4,72.1,0.0,0.0,2005-05-13,1.1,5,20050513,6.1,14.8,8.5,5.6,137,13
133,2005,25.2,67.9,0.0,0.0,2005-05-14,1.6,5,20050514,10.7,16.8,8.9,2.3,137,14
134,2005,26.7,60.3,0.0,0.0,2005-05-15,1.4,5,20050515,11.9,18.3,10.8,0.0,137,15
135,2005,26.5,64.8,0.0,0.0,2005-05-16,0.9,5,20050516,10.9,17.6,8.3,0.8,137,16
136,2005,25.3,69.9,16.0,0.0,2005-05-17,2.0,5,20050517,2.9,18.9,13.4,7.9,137,17
137,2005,19.7,84.6,11.0,0.0,2005-05-18,3.2,5,20050518,0.1,16.2,14.4,8.0,137,18
138,2005,26.5,59.9,0.0,0.0,2005-05-19,2.6,5,20050519,11.4,18.9,11.8,0.8,137,19
139,2005,25.7,47.3,0.0,0.0,2005-05-20,2.5,5,20050520,11.1,19.4,12.8,2.4,137,20
140,2005,22.2,50.8,0.0,0.0,2005-05-21,1.5,5,20050521,1.9,17.1,10.8,7.9,137,21
141,2005,23.4,63.4,0.0,0.0,2005-05-22,1.4,5,20050522,3.9,17.4,11.7,8.5,137,22
142,2005,22.7,58.4,0.0,0.0,2005-05-23,3.6,5,20050523,10.9,18.1,14.2,4.0,137,23
143,2005,24.9,59.1,0.0,0.0,2005-05-24,1.9,5,20050524,9.8,17.5,11.6,1.5,137,24
144,2005,27.0,60.6,0.0,0.0,2005-05-25,1.7,5,20050525,9.9,18.9,9.2,2.3,137,25
145,2005,29.5,46.5,0.0,0.0,2005-05-26,2.6,5,20050526,11.6,22.1,16.2,1.8,137,26
146,2005,29.8,50.8,0.0,0.0,2005-05-27,1.8,5,20050527,11.8,21.9,14.7,1.9,137,27
147,2005,29.7,57.4,0.0,0.0,2005-05-28,1.1,5,20050528,9.2,20.4,12.4,6.0,137,28
148,2005,29.7,53.9,0.0,0.0,2005-05-29,1.3,5,20050529,12.5,20.9,11.7,0.5,137,29
149,2005,29.9,60.1,0.0,0.0,2005-05-30,1.1,5,20050530,9.2,20.7,11.3,3.6,137,30
150,2005,29.5,48.3,0.0,0.0,2005-05-31,1.7,5,20050531,12.0,22.4,15.9,2.0,137,31
151,2005,26.9,74.3,9.5,0.0,2005-06-01,1.0,6,20050601,3.2,19.0,12.6,8.1,137,1
152,2005,25.5,90.3,19.0,0.0,2005-06-02,1.1,6,20050602,3.4,19.6,16.4,7.1,137,2
153,2005,27.5,73.8,0.0,0.0,2005-06-03,1.7,6,20050603,8.9,21.2,16.8,4.8,137,3
154,2005,25.0,76.8,0.0,0.0,2005-06-04,1.8,6,20050604,4.0,19.5,15.8,5.3,137,4
155,2005,28.5,69.9,0.0,0.0,2005-06-05,1.1,6,20050605,11.1,20.6,12.9,1.0,137,5
156,2005,30.1,70.3,0.0,0.0,2005-06-06,1.0,6,20050606,8.2,21.8,13.4,5.0,137,6
157,2005,28.5,75.1,0.0,0.0,2005-06-07,0.9,6,20050607,2.8,22.6,17.1,8.4,137,7
158,2005,30.1,61.0,0.0,0.0,2005-06-08,1.2,6,20050608,10.0,24.4,19.8,2.8,137,8
159,2005,31.3,69.3,0.0,0.0,2005-06-09,1.0,6,20050609,8.4,24.1,18.2,8.1,137,9
160,2005,22.4,93.5,49.0,0.0,2005-06-10,0.9,6,20050610,0.0,17.8,15.9,10.0,137,10
161,2005,29.6,74.3,0.1,0.0,2005-06-11,2.1,6,20050611,12.3,22.9,16.6,4.3,137,11
162,2005,28.6,70.8,0.0,0.0,2005-06-12,2.1,6,20050612,11.2,22.6,18.4,2.6,137,12
163,2005,30.4,77.8,0.0,0.0,2005-06-13,0.8,6,20050613,9.2,22.7,15.3,2.4,137,13
164,2005,30.0,67.4,0.0,0.0,2005-06-14,1.5,6,20050614,11.4,23.6,18.2,2.5,137,14
165,2005,25.4,83.5,1.5,0.0,2005-06-15,1.2,6,20050615,2.1,19.3,15.0,8.6,137,15
166,2005,28.2,74.3,4.0,0.0,2005-06-16,1.1,6,20050616,7.8,22.0,17.7,7.0,137,16
167,2005,29.2,75.5,0.0,0.0,2005-06-17,1.1,6,20050617,7.0,22.5,17.6,5.6,137,17
168,2005,29.5,72.8,0.5,0.0,2005-06-18,1.5,6,20050618,6.4,23.3,19.2,6.9,137,18
169,2005,26.5,80.9,0.2,0.0,2005-06-19,0.7,6,20050619,1.5,22.1,18.6,7.4,137,19
170,2005,30.9,68.6,0.0,0.0,2005-06-20,1.4,6,20050620,9.8,24.8,18.0,4.0,137,20
171,2005,31.3,67.6,0.0,0.0,2005-06-21,1.4,6,20050621,9.9,25.3,19.7,3.9,137,21
172,2005,32.1,67.1,0.0,0.0,2005-06-22,2.3,6,20050622,12.2,25.8,20.9,2.0,137,22
173,2005,32.1,64.3,0.0,0.0,2005-06-23,2.2,6,20050623,11.9,26.5,21.3,2.4,137,23
174,2005,34.0,64.8,0.0,0.0,2005-06-24,2.5,6,20050624,11.9,27.6,21.0,0.0,137,24
175,2005,34.8,61.5,0.0,0.0,2005-06-25,1.9,6,20050625,8.4,28.2,21.5,4.4,137,25
176,2005,31.0,84.6,14.0,0.0,2005-06-26,1.2,6,20050626,3.2,24.9,21.9,9.1,137,26
177,2005,29.8,93.5,18.5,0.0,2005-06-27,1.2,6,20050627,0.0,25.1,23.5,9.9,137,27
178,2005,25.6,91.1,3.5,0.0,2005-06-28,1.3,6,20050628,0.0,23.8,22.7,10.0,137,28
179,2005,28.0,92.6,9.5,0.0,2005-06-29,0.6,6,20050629,0.0,24.3,22.1,9.1,137,29
180,2005,32.2,79.0,0.0,0.0,2005-06-30,1.2,6,20050630,0.0,26.8,22.0,6.4,137,30
181,2005,24.2,92.0,29.0,0.0,2005-07-01,1.1,7,20050701,0.0,21.9,19.7,9.5,137,1
182,2005,26.4,92.5,19.0,0.0,2005-07-02,0.7,7,20050702,0.0,23.4,20.2,9.9,137,2
183,2005,25.4,95.0,43.5,0.0,2005-07-03,0.7,7,20050703,0.0,21.5,19.9,10.0,137,3
184,2005,28.9,83.0,0.5,0.0,2005-07-04,1.8,7,20050704,0.0,24.5,20.2,7.0,137,4
185,2005,29.3,77.8,0.0,0.0,2005-07-05,1.7,7,20050705,0.0,24.6,21.9,7.9,137,5
186,2005,31.2,76.8,0.0,0.0,2005-07-06,1.7,7,20050706,7.3,24.9,19.6,4.5,137,6
187,2005,25.2,91.6,1.0,0.0,2005-07-07,1.1,7,20050707,0.0,21.9,20.1,9.0,137,7
188,2005,27.0,86.5,0.9,0.0,2005-07-08,1.1,7,20050708,0.0,22.6,19.7,10.0,137,8
189,2005,23.1,95.5,35.0,0.0,2005-07-09,0.9,7,20050709,0.0,22.0,21.0,10.0,137,9
190,2005,27.6,86.3,1.5,0.0,2005-07-10,1.2,7,20050710,0.0,24.1,21.0,9.6,137,10
191,2005,21.1,95.1,114.0,0.0,2005-07-11,1.8,7,20050711,0.0,18.2,17.6,10.0,137,11
192,2005,27.2,85.8,2.0,0.0,2005-07-12,0.6,7,20050712,1.0,22.3,17.9,7.8,137,12
193,2005,28.6,84.3,6.0,0.0,2005-07-13,0.9,7,20050713,0.6,23.9,20.2,8.8,137,13
194,2005,31.2,79.4,0.0,0.0,2005-07-14,0.9,7,20050714,9.7,25.8,21.0,4.9,137,14
195,2005,32.8,77.4,0.0,0.0,2005-07-15,1.0,7,20050715,9.7,26.6,22.0,4.1,137,15
196,2005,31.3,78.9,0.0,0.0,2005-07-16,1.5,7,20050716,1.6,26.9,23.2,7.9,137,16
197,2005,31.4,81.6,2.0,0.0,2005-07-17,1.0,7,20050717,3.5,26.0,22.2,7.3,137,17
198,2005,32.1,73.6,0.0,0.0,2005-07-18,2.1,7,20050718,5.4,27.2,24.0,5.0,137,18
199,2005,33.1,72.9,0.0,0.0,2005-07-19,1.8,7,20050719,12.4,28.0,23.9,1.6,137,19
200,2005,33.2,73.5,0.0,0.0,2005-07-20,2.2,7,20050720,12.5,28.6,24.0,0.1,137,20
201,2005,33.8,71.6,0.0,0.0,2005-07-21,2.5,7,20050721,12.3,28.8,24.1,0.0,137,21
202,2005,35.3,74.3,0.0,0.0,2005-07-22,1.1,7,20050722,11.0,29.2,23.5,0.5,137,22
203,2005,33.9,75.5,0.0,0.0,2005-07-23,1.0,7,20050723,10.3,28.6,24.6,3.8,137,23
204,2005,31.4,78.3,0.0,0.0,2005-07-24,0.7,7,20050724,4.1,27.2,22.8,5.8,137,24
205,2005,31.8,75.8,0.0,0.0,2005-07-25,0.9,7,20050725,5.3,26.4,21.8,6.5,137,25
206,2005,32.3,80.4,1.5,0.0,2005-07-26,1.2,7,20050726,8.8,25.8,22.0,4.6,137,26
207,2005,32.1,79.0,0.0,0.0,2005-07-27,0.7,7,20050727,5.0,27.0,22.8,7.4,137,27
208,2005,27.1,93.8,30.5,0.0,2005-07-28,0.6,7,20050728,0.0,24.0,23.1,9.4,137,28
209,2005,31.8,73.8,4.5,0.0,2005-07-29,2.1,7,20050729,11.1,26.9,23.0,3.0,137,29
210,2005,32.3,74.8,0.0,0.0,2005-07-30,1.5,7,20050730,11.1,26.8,22.3,7.6,137,30
211,2005,32.9,74.1,0.1,0.0,2005-07-31,0.9,7,20050731,9.9,27.1,22.0,3.9,137,31
212,2005,30.7,88.3,14.5,0.0,2005-08-01,1.0,8,20050801,1.0,25.6,22.9,8.9,137,1
213,2005,31.0,89.9,40.5,0.0,2005-08-02,0.7,8,20050802,1.3,26.2,23.6,8.3,137,2
214,2005,28.8,94.8,72.5,0.0,2005-08-03,0.5,8,20050803,0.5,25.2,23.5,8.1,137,3
215,2005,33.8,84.9,0.0,0.0,2005-08-04,0.8,8,20050804,10.0,27.6,22.4,2.0,137,4
216,2005,34.3,81.8,0.0,0.0,2005-08-05,0.8,8,20050805,9.6,28.0,23.8,2.9,137,5
217,2005,34.6,85.0,3.0,0.0,2005-08-06,0.8,8,20050806,9.3,26.3,22.3,5.4,137,6
218,2005,31.7,85.5,0.0,0.0,2005-08-07,0.5,8,20050807,5.0,26.4,22.6,8.6,137,7
219,2005,31.0,86.8,2.5,0.0,2005-08-08,1.0,8,20050808,2.0,26.0,23.9,9.0,137,8
220,2005,32.4,81.5,3.0,0.0,2005-08-09,1.2,8,20050809,5.6,27.1,23.8,5.6,137,9
221,2005,30.6,92.8,26.5,0.0,2005-08-10,0.3,8,20050810,0.9,24.0,22.5,8.8,137,10
222,2005,28.0,95.1,18.5,0.0,2005-08-11,0.4,8,20050811,0.6,24.4,22.7,9.9,137,11
223,2005,32.2,83.1,0.0,0.0,2005-08-12,1.0,8,20050812,4.6,26.8,23.5,6.0,137,12
224,2005,32.9,75.3,0.0,0.0,2005-08-13,2.2,8,20050813,6.5,28.5,24.2,5.6,137,13
225,2005,32.8,74.6,0.0,0.0,2005-08-14,2.4,8,20050814,8.9,28.4,25.5,5.1,137,14
226,2005,31.9,78.6,0.0,0.0,2005-08-15,1.7,8,20050815,2.8,27.2,23.0,6.1,137,15
227,2005,33.4,84.4,0.0,0.0,2005-08-16,0.7,8,20050816,7.7,27.3,21.9,4.3,137,16
228,2005,32.3,84.5,0.0,0.0,2005-08-17,0.6,8,20050817,2.0,26.9,23.9,6.0,137,17
229,2005,32.0,91.6,21.5,0.0,2005-08-18,0.7,8,20050818,3.5,24.0,21.8,8.3,137,18
230,2005,25.9,96.8,40.0,0.0,2005-08-19,0.6,8,20050819,0.0,22.8,20.2,9.8,137,19
231,2005,23.1,96.4,51.5,0.0,2005-08-20,0.3,8,20050820,0.0,20.9,19.2,10.0,137,20
232,2005,28.3,84.4,0.0,0.0,2005-08-21,0.8,8,20050821,0.4,23.7,20.4,8.8,137,21
233,2005,22.1,95.9,21.0,0.0,2005-08-22,0.5,8,20050822,0.0,20.6,19.3,8.1,137,22
234,2005,28.3,72.5,0.0,0.0,2005-08-23,1.1,8,20050823,11.9,21.9,16.6,1.3,137,23
235,2005,25.5,86.3,9.0,0.0,2005-08-24,1.6,8,20050824,1.4,18.8,14.1,8.4,137,24
236,2005,27.4,93.1,10.0,0.0,2005-08-25,0.8,8,20050825,0.5,22.0,17.7,9.5,137,25
237,2005,26.6,77.6,0.3,0.0,2005-08-26,2.4,8,20050826,5.9,22.1,18.4,5.6,137,26
238,2005,29.1,77.9,0.0,0.0,2005-08-27,1.5,8,20050827,6.2,23.2,19.0,4.4,137,27
239,2005,28.5,75.8,0.0,0.0,2005-08-28,1.5,8,20050828,6.6,22.9,17.2,1.4,137,28
240,2005,30.1,78.4,0.0,0.0,2005-08-29,1.2,8,20050829,7.9,23.9,18.0,4.9,137,29
241,2005,26.4,80.4,0.0,0.0,2005-08-30,1.1,8,20050830,0.0,22.6,18.7,8.0,137,30
242,2005,29.5,82.6,0.0,0.0,2005-08-31,0.5,8,20050831,5.4,22.7,16.5,5.5,137,31
243,2005,33.2,81.4,0.0,0.0,2005-09-01,0.8,9,20050901,6.4,26.5,19.3,3.8,137,1
244,2005,31.9,79.6,0.5,0.0,2005-09-02,1.7,9,20050902,7.2,26.9,23.8,8.1,137,2
245,2005,28.9,88.8,13.0,0.0,2005-09-03,0.9,9,20050903,1.1,23.7,19.5,9.3,137,3
246,2005,24.5,87.4,6.0,0.0,2005-09-04,0.9,9,20050904,0.6,19.9,16.2,8.1,137,4
247,2005,27.0,70.9,0.0,0.0,2005-09-05,1.8,9,20050905,7.9,20.2,13.1,4.3,137,5
248,2005,23.5,78.3,4.5,0.0,2005-09-06,2.3,9,20050906,0.0,20.4,18.4,9.6,137,6
249,2005,28.9,70.9,0.0,0.0,2005-09-07,2.0,9,20050907,5.0,23.8,19.8,6.1,137,7
250,2005,29.2,79.0,0.0,0.0,2005-09-08,0.6,9,20050908,5.2,23.7,19.9,5.1,137,8
251,2005,23.8,91.0,14.5,0.0,2005-09-09,1.0,9,20050909,0.2,20.5,18.9,8.5,137,9
252,2005,26.7,89.8,0.2,0.0,2005-09-10,0.4,9,20050910,1.1,22.1,19.6,8.1,137,10
253,2005,31.1,87.1,0.0,0.0,2005-09-11,0.4,9,20050911,6.9,24.4,19.8,3.9,137,11
254,2005,32.4,84.4,0.0,0.0,2005-09-12,0.7,9,20050912,6.4,25.9,21.2,6.8,137,12
255,2005,28.8,92.0,1.5,0.0,2005-09-13,1.0,9,20050913,0.3,24.0,21.4,9.4,137,13
256,2005,27.0,79.9,1.0,0.0,2005-09-14,1.9,9,20050914,6.4,22.0,19.2,6.9,137,14
257,2005,25.4,79.6,0.0,0.0,2005-09-15,1.0,9,20050915,7.7,19.6,15.0,4.5,137,15
258,2005,26.4,81.5,0.0,0.0,2005-09-16,0.5,9,20050916,8.7,19.7,13.6,2.6,137,16
259,2005,30.2,80.3,0.0,0.0,2005-09-17,0.7,9,20050917,8.8,23.4,16.6,5.8,137,17
260,2005,27.3,89.6,12.0,0.0,2005-09-18,1.0,9,20050918,0.9,22.7,20.0,8.0,137,18
261,2005,27.0,87.3,3.0,0.0,2005-09-19,1.3,9,20050919,1.5,19.9,15.1,9.3,137,19
262,2005,25.0,84.6,0.5,0.0,2005-09-20,0.5,9,20050920,2.8,19.5,15.0,9.9,137,20
263,2005,20.3,95.1,51.0,0.0,2005-09-21,1.3,9,20050921,0.0,15.7,14.3,10.0,137,21
264,2005,17.8,98.1,20.0,0.0,2005-09-22,0.3,9,20050922,0.0,16.8,15.2,10.0,137,22
265,2005,21.1,89.8,0.0,0.0,2005-09-23,0.6,9,20050923,0.0,18.7,16.7,10.0,137,23
266,2005,24.5,82.5,0.0,0.0,2005-09-24,0.7,9,20050924,4.7,19.1,14.8,5.1,137,24
267,2005,24.5,84.9,0.0,0.0,2005-09-25,0.6,9,20050925,3.9,17.1,11.1,5.8,137,25
268,2005,24.7,78.5,0.0,0.0,2005-09-26,0.7,9,20050926,7.6,17.8,13.5,5.1,137,26
269,2005,22.6,87.0,0.0,0.0,2005-09-27,0.5,9,20050927,1.3,16.1,12.8,5.4,137,27
270,2005,24.1,85.3,0.0,0.0,2005-09-28,0.7,9,20050928,5.1,16.1,10.2,2.1,137,28
271,2005,25.1,80.3,0.0,0.0,2005-09-29,0.9,9,20050929,2.1,17.7,10.7,6.0,137,29
272,2005,17.4,95.8,10.5,0.0,2005-09-30,0.2,9,20050930,0.0,16.8,16.0,10.0,137,30
273,2005,22.2,95.8,5.0,0.0,2005-10-01,0.6,10,20051001,0.0,20.0,17.2,9.8,137,1
274,2005,24.6,75.6,0.0,0.0,2005-10-02,2.2,10,20051002,0.3,20.8,17.1,8.0,137,2
275,2005,24.8,74.5,0.2,0.0,2005-10-03,1.1,10,20051003,0.8,18.8,13.9,8.5,137,3
276,2005,18.9,77.1,0.5,0.0,2005-10-04,1.7,10,20051004,0.0,13.9,9.6,7.8,137,4
277,2005,19.8,87.4,0.0,0.0,2005-10-05,0.3,10,20051005,1.0,11.8,7.9,5.1,137,5
278,2005,22.0,86.3,0.0,0.0,2005-10-06,0.6,10,20051006,2.7,13.0,6.9,5.1,137,6
279,2005,16.4,92.6,1.0,0.0,2005-10-07,1.0,10,20051007,0.0,14.5,12.1,9.5,137,7
280,2005,22.0,82.3,0.0,0.0,2005-10-08,1.5,10,20051008,1.4,15.7,12.1,5.5,137,8
281,2005,20.8,86.0,0.0,0.0,2005-10-09,0.6,10,20051009,1.3,14.3,9.1,5.1,137,9
282,2005,23.4,79.6,0.0,0.0,2005-10-10,0.7,10,20051010,7.2,14.2,7.6,0.8,137,10
283,2005,22.8,77.3,0.0,0.0,2005-10-11,0.8,10,20051011,5.6,14.4,8.0,3.1,137,11
284,2005,23.6,76.6,0.0,0.0,2005-10-12,0.9,10,20051012,8.1,14.9,7.6,2.6,137,12
285,2005,23.7,79.1,0.0,0.0,2005-10-13,0.6,10,20051013,3.5,16.0,10.0,5.6,137,13
286,2005,20.8,64.3,0.3,0.0,2005-10-14,2.5,10,20051014,4.2,15.8,10.3,6.1,137,14
287,2005,20.7,54.4,0.0,0.0,2005-10-15,2.1,10,20051015,7.5,13.9,8.7,2.5,137,15
288,2005,21.5,68.0,0.0,0.0,2005-10-16,1.0,10,20051016,9.2,12.6,5.9,0.1,137,16
289,2005,23.2,73.5,0.0,0.0,2005-10-17,0.8,10,20051017,9.2,12.5,4.1,0.0,137,17
290,2005,22.3,80.8,0.0,0.0,2005-10-18,0.6,10,20051018,7.1,12.6,5.8,0.4,137,18
291,2005,18.8,88.0,0.0,0.0,2005-10-19,0.5,10,20051019,0.5,12.5,8.9,5.0,137,19
292,2005,21.2,85.1,0.0,0.0,2005-10-20,0.5,10,20051020,6.0,11.8,7.6,4.4,137,20
293,2005,13.9,89.1,1.0,0.0,2005-10-21,1.5,10,20051021,0.0,11.0,6.9,8.8,137,21
294,2005,13.2,58.8,3.0,0.0,2005-10-22,2.1,10,20051022,9.3,8.8,5.4,2.4,137,22
295,2005,16.4,53.3,0.0,0.0,2005-10-23,2.4,10,20051023,8.4,9.8,2.8,1.1,137,23
296,2005,18.5,65.4,0.0,0.0,2005-10-24,2.5,10,20051024,7.4,13.0,6.5,0.9,137,24
297,2005,17.0,86.5,0.0,0.0,2005-10-25,0.7,10,20051025,2.9,11.0,6.0,6.5,137,25
298,2005,19.6,89.3,0.0,0.0,2005-10-26,0.5,10,20051026,1.1,11.8,7.7,5.3,137,26
299,2005,18.1,93.8,0.0,0.0,2005-10-27,0.3,10,20051027,3.0,10.9,7.8,6.6,137,27
300,2005,16.9,82.4,0.2,0.0,2005-10-28,1.4,10,20051028,0.0,11.4,8.2,8.0,137,28
301,2005,16.0,54.6,0.0,0.0,2005-10-29,2.6,10,20051029,5.6,11.1,7.0,7.4,137,29
302,2005,14.1,61.0,0.0,0.0,2005-10-30,2.0,10,20051030,4.1,9.8,5.9,6.0,137,30
303,2005,16.9,60.5,0.0,0.0,2005-10-31,1.8,10,20051031,9.2,9.3,4.0,0.0,137,31
304,2005,17.9,67.5,0.0,0.0,2005-11-01,1.5,11,20051101,8.8,9.6,0.7,1.6,137,1
305,2005,19.1,74.4,0.0,0.0,2005-11-02,1.1,11,20051102,5.7,10.8,3.7,1.9,137,2
306,2005,23.2,69.6,0.0,0.0,2005-11-03,0.7,11,20051103,7.7,13.3,6.7,1.8,137,3
307,2005,23.1,78.5,0.0,0.0,2005-11-04,0.7,11,20051104,6.4,13.4,5.5,3.5,137,4
308,2005,20.0,85.5,0.0,0.0,2005-11-05,0.7,11,20051105,3.1,14.1,7.9,6.1,137,5
309,2005,19.7,80.4,7.0,0.0,2005-11-06,2.4,11,20051106,1.6,15.2,10.3,6.4,137,6
310,2005,17.2,56.5,0.0,0.0,2005-11-07,2.2,11,20051107,8.8,10.5,6.0,0.0,137,7
311,2005,15.1,45.5,1.0,0.0,2005-11-08,3.1,11,20051108,8.9,10.5,6.1,0.5,137,8
312,2005,16.5,58.3,0.0,0.0,2005-11-09,1.9,11,20051109,7.8,9.6,3.4,1.6,137,9
313,2005,17.2,77.5,0.0,0.0,2005-11-10,0.5,11,20051110,6.4,8.3,0.3,1.4,137,10
314,2005,11.8,92.0,0.2,0.0,2005-11-11,0.6,11,20051111,0.0,9.3,5.6,7.5,137,11
315,2005,17.7,38.4,0.0,0.0,2005-11-12,1.7,11,20051112,8.7,10.0,4.3,0.0,137,12
316,2005,15.4,61.8,0.0,0.0,2005-11-13,0.7,11,20051113,4.2,7.5,-0.6,4.9,137,13
317,2005,14.7,38.3,0.0,0.0,2005-11-14,2.6,11,20051114,3.4,8.9,3.7,5.0,137,14
318,2005,10.3,37.1,0.0,0.0,2005-11-15,2.9,11,20051115,8.7,4.4,-0.1,0.1,137,15
319,2005,9.7,43.0,0.0,0.0,2005-11-16,1.9,11,20051116,8.5,3.1,-3.6,0.0,137,16
320,2005,10.1,40.5,0.0,0.0,2005-11-17,2.5,11,20051117,8.2,4.0,-1.6,0.0,137,17
321,2005,10.2,37.0,0.0,0.0,2005-11-18,2.6,11,20051118,7.2,4.4,-1.5,1.4,137,18
322,2005,9.0,47.8,0.0,0.0,2005-11-19,1.6,11,20051119,5.1,2.0,-3.5,3.1,137,19
323,2005,11.1,49.4,0.0,0.0,2005-11-20,1.7,11,20051120,8.5,2.6,-6.2,0.0,137,20
324,2005,12.2,62.4,0.0,0.0,2005-11-21,2.5,11,20051121,2.2,4.9,-1.7,2.8,137,21
325,2005,10.4,45.6,0.0,0.0,2005-11-22,2.6,11,20051122,7.9,4.5,-0.9,0.0,137,22
326,2005,12.8,65.1,0.0,0.0,2005-11-23,1.7,11,20051123,4.0,5.5,-3.2,4.4,137,23
327,2005,13.0,71.3,0.0,0.0,2005-11-24,1.9,11,20051124,4.8,7.4,2.6,1.4,137,24
328,2005,14.2,68.4,0.0,0.0,2005-11-25,1.5,11,20051125,6.0,6.2,-1.0,1.4,137,25
329,2005,12.8,79.6,0.0,0.0,2005-11-26,0.7,11,20051126,3.4,4.4,-1.4,3.0,137,26
330,2005,14.5,68.0,0.0,0.0,2005-11-27,1.7,11,20051127,3.4,7.2,1.1,2.8,137,27
331,2005,12.4,71.6,3.0,0.0,2005-11-28,2.1,11,20051128,3.8,5.8,0.0,7.0,137,28
332,2005,8.5,47.8,0.0,0.0,2005-11-29,4.5,11,20051129,7.3,5.6,1.9,2.0,137,29
333,2005,11.1,53.6,0.0,0.0,2005-11-30,1.7,11,20051130,8.6,4.4,-2.0,0.8,137,30
334,2005,8.3,68.6,0.0,0.0,2005-12-01,0.7,12,20051201,5.0,2.6,-4.1,3.1,137,1
335,2005,7.3,45.0,0.0,0.0,2005-12-02,3.2,12,20051202,7.5,3.4,-1.5,1.4,137,2
336,2005,5.8,37.9,0.0,0.0,2005-12-03,2.5,12,20051203,7.2,0.5,-2.8,3.8,137,3
337,2005,0.8,59.3,1.0,1.5,2005-12-04,3.3,12,20051204,6.3,-2.3,-5.6,4.4,137,4
338,2005,-1.1,50.8,0.0,0.0,2005-12-05,3.5,12,20051205,8.5,-4.8,-8.3,0.6,137,5
339,2005,4.9,57.3,0.0,0.0,2005-12-06,3.7,12,20051206,8.0,-0.6,-4.4,2.4,137,6
340,2005,4.7,63.3,0.0,0.0,2005-12-07,2.0,12,20051207,6.7,-0.9,-5.6,1.8,137,7
341,2005,2.8,56.8,0.0,0.0,2005-12-08,3.1,12,20051208,8.5,-1.5,-4.8,0.5,137,8
342,2005,5.1,53.3,0.0,0.0,2005-12-09,2.5,12,20051209,8.3,-0.6,-5.5,1.1,137,9
343,2005,3.9,53.1,0.0,0.0,2005-12-10,2.5,12,20051210,3.8,0.2,-3.0,4.0,137,10
344,2005,-0.3,42.5,0.0,0.0,2005-12-11,3.0,12,20051211,7.7,-4.6,-7.8,0.9,137,11
345,2005,-1.6,49.8,0.0,0.0,2005-12-12,3.9,12,20051212,8.3,-5.4,-7.6,0.9,137,12
346,2005,-1.9,54.4,0.0,0.0,2005-12-13,4.3,12,20051213,8.3,-6.4,-9.6,1.0,137,13
347,2005,1.1,49.1,0.0,0.0,2005-12-14,3.2,12,20051214,8.4,-4.3,-8.6,1.1,137,14
348,2005,1.2,58.9,0.0,0.0,2005-12-15,3.0,12,20051215,8.1,-3.0,-6.7,0.6,137,15
349,2005,1.4,72.9,0.0,0.0,2005-12-16,2.6,12,20051216,5.2,-2.2,-5.4,4.1,137,16
350,2005,-2.6,36.4,0.0,0.0,2005-12-17,5.2,12,20051217,5.9,-7.4,-12.9,3.0,137,17
351,2005,-0.2,51.8,0.3,1.0,2005-12-18,3.4,12,20051218,5.2,-6.3,-13.6,2.1,137,18
352,2005,3.4,43.1,0.0,0.0,2005-12-19,2.7,12,20051219,8.4,-2.1,-6.2,0.0,137,19
353,2005,4.3,43.3,0.0,0.0,2005-12-20,2.5,12,20051220,6.8,-2.1,-10.1,3.6,137,20
354,2005,-0.9,54.0,1.5,3.5,2005-12-21,3.4,12,20051221,2.0,-5.0,-9.3,4.5,137,21
355,2005,-1.0,57.6,0.0,0.0,2005-12-22,4.1,12,20051222,8.4,-5.7,-10.4,1.8,137,22
356,2005,3.3,77.5,0.5,0.7,2005-12-23,3.2,12,20051223,1.1,-1.5,-4.5,5.0,137,23
357,2005,0.9,39.8,0.0,0.0,2005-12-24,3.3,12,20051224,8.4,-3.5,-7.1,0.0,137,24
358,2005,5.9,55.5,0.0,0.0,2005-12-25,3.5,12,20051225,3.5,-1.4,-8.1,3.8,137,25
359,2005,-0.9,46.0,0.0,0.0,2005-12-26,3.8,12,20051226,8.3,-5.0,-7.6,0.0,137,26
360,2005,-0.1,43.0,0.0,0.0,2005-12-27,3.9,12,20051227,8.4,-4.9,-8.1,0.0,137,27
361,2005,2.9,37.5,0.0,0.0,2005-12-28,2.4,12,20051228,8.0,-3.0,-7.5,0.9,137,28
362,2005,3.8,43.9,0.0,0.0,2005-12-29,1.5,12,20051229,7.5,-2.6,-9.0,0.4,137,29
363,2005,3.3,68.9,0.0,0.0,2005-12-30,2.2,12,20051230,0.5,-1.0,-8.0,5.3,137,30
364,2005,6.1,71.5,0.0,0.0,2005-12-31,1.2,12,20051231,1.2,0.1,-4.5,8.0,137,31
