,rainfall,cloud,wind,date,day,snow,tmax,Date,tavg,year,month,humid,station_id,sunshine,tmin
0,0.0,0.0,4.3,20150101,1,0.0,-2.3,2015-01-01,-5.5,2015,1,40.6,137,8.6,-7.7
1,0.0,0.0,3.2,20150102,2,0.0,-0.1,2015-01-02,-3.9,2015,1,47.8,137,8.5,-6.4
2,0.0,0.0,2.7,20150103,3,0.0,2.9,2015-01-03,-1.5,2015,1,50.1,137,8.6,-6.4
3,0.0,0.0,1.1,20150104,4,0.0,9.9,2015-01-04,2.1,2015,1,67.3,137,6.0,-2.7
4,1.5,0.0,0.6,20150105,5,0.0,6.7,2015-01-05,1.4,2015,1,78.0,137,2.7,-3.6
5,7.6,0.0,3.5,20150106,6,0.0,4.6,2015-01-06,0.9,2015,1,54.1,137,8.4,-4.4
6,0.0,0.0,3.4,20150107,7,0.0,1.2,2015-01-07,-3.5,2015,1,33.9,137,8.4,-6.7
7,0.0,0.0,3.3,20150108,8,0.0,2.7,2015-01-08,-2.0,2015,1,43.9,137,8.5,-6.3
8,0.0,0.0,3.2,20150109,9,0.0,5.1,2015-01-09,0.8,2015,1,57.5,137,8.3,-2.4
9,0.0,0.0,2.7,20150110,10,0.0,6.3,2015-01-10,2.1,2015,1,49.5,137,8.3,-1.3
10,0.7,0.0,3.7,20150111,11,0.0,4.9,2015-01-11,1.8,2015,1,49.5,137,7.9,-1.2
11,0.0,0.0,1.0,20150112,12,0.0,5.2,2015-01-12,-1.5,2015,1,47.3,137,8.5,-6.0
12,0.0,0.0,0.5,20150113,13,0.0,7.5,2015-01-13,-1.3,2015,1,60.6,137,8.3,-8.7
13,0.0,0.0,0.7,20150114,14,0.0,4.1,2015-01-14,1.0,2015,1,63.6,137,0.0,-1.3
14,0.0,0.0,1.3,20150115,15,0.0,10.3,2015-01-15,3.5,2015,1,58.0,137,4.1,-1.9
15,0.2,0.0,2.6,20150116,16,0.0,3.7,2015-01-16,1.7,2015,1,69.8,137,0.2,-2.0
16,0.0,0.0,4.4,20150117,17,0.0,2.7,2015-01-17,-1.2,2015,1,41.1,137,8.5,-3.9
17,1.3,0.0,2.0,20150118,18,0.0,5.5,2015-01-18,0.4,2015,1,52.0,137,8.3,-5.0
18,1.4,0.0,3.3,20150119,19,0.0,5.6,2015-01-19,2.6,2015,1,61.5,137,5.5,-1.0
19,0.0,0.0,1.2,20150120,20,0.0,5.9,2015-01-20,0.4,2015,1,59.5,137,8.6,-4.8
20,2.3,0.0,0.5,20150121,21,0.0,5.8,2015-01-21,1.9,2015,1,72.0,137,0.4,-2.3
21,3.8,9.0,0.9,20150122,22,0.0,5.1,2015-01-22,2.7,2015,1,85.5,137,0.0,1.1
22,0.0,6.8,0.8,20150123,23,0.0,5.4,2015-01-23,0.5,2015,1,80.1,137,2.2,-2.4
23,0.0,0.0,1.9,20150124,24,0.0,8.0,2015-01-24,3.1,2015,1,60.8,137,7.9,-2.2
24,4.5,0.0,0.7,20150125,25,0.0,4.7,2015-01-25,1.1,2015,1,78.9,137,1.2,-2.6
25,1.5,8.0,1.7,20150126,26,0.0,9.9,2015-01-26,5.0,2015,1,82.4,137,0.3,2.4
26,0.0,0.3,3.4,20150127,27,0.0,3.8,2015-01-27,0.6,2015,1,51.3,137,8.3,-4.3
27,0.0,2.5,1.9,20150128,28,0.0,3.7,2015-01-28,-2.5,2015,1,54.6,137,7.8,-6.6
28,1.0,10.0,0.6,20150129,29,0.0,1.8,2015-01-29,-1.2,2015,1,83.1,137,0.0,-4.6
29,0.3,1.3,3.5,20150130,30,0.0,3.6,2015-01-30,0.0,2015,1,51.9,137,8.8,-3.2
30,0.0,0.0,2.8,20150131,31,0.0,2.6,2015-01-31,-2.6,2015,1,39.4,137,8.8,-6.6
31,0.0,0.0,2.0,20150201,1,0.0,6.2,2015-02-01,-0.7,2015,2,40.5,137,8.8,-6.3
32,0.0,3.3,0.8,20150202,2,0.0,6.8,2015-02-02,-1.3,2015,2,53.8,137,7.1,-6.9
33,0.0,4.5,1.0,20150203,3,0.0,8.4,2015-02-03,0.4,2015,2,55.3,137,8.1,-6.7
34,0.0,2.8,2.4,20150204,4,0.0,6.6,2015-02-04,1.6,2015,2,52.8,137,8.1,-1.9
35,0.0,3.3,3.1,20150205,5,0.0,6.3,2015-02-05,1.8,2015,2,52.0,137,7.6,-0.7
36,0.0,0.3,2.3,20150206,6,0.0,7.5,2015-02-06,2.5,2015,2,47.8,137,9.0,-1.2
37,0.0,0.0,2.5,20150207,7,0.0,6.4,2015-02-07,2.6,2015,2,56.9,137,6.0,-1.0
38,0.0,0.0,4.7,20150208,8,0.0,3.1,2015-02-08,-5.6,2015,2,37.9,137,9.3,-8.8
39,0.0,2.3,4.1,20150209,9,0.0,1.1,2015-02-09,-4.4,2015,2,38.4,137,7.7,-11.1
40,0.0,4.0,3.3,20150210,10,0.0,8.7,2015-02-10,4.0,2015,2,48.1,137,8.4,-0.8
41,0.0,6.0,2.4,20150211,11,0.0,9.9,2015-02-11,5.7,2015,2,53.9,137,6.4,1.1
42,0.0,0.0,2.4,20150212,12,0.0,5.1,2015-02-12,0.5,2015,2,32.3,137,9.3,-2.8
43,0.0,0.0,3.1,20150213,13,0.0,5.1,2015-02-13,-0.1,2015,2,29.0,137,9.3,-4.8
44,0.0,0.0,2.0,20150214,14,0.0,9.4,2015-02-14,3.2,2015,2,55.6,137,7.6,-2.6
45,0.9,0.0,1.0,20150215,15,0.0,9.5,2015-02-15,4.4,2015,2,68.1,137,2.9,-1.9
46,28.7,10.0,1.3,20150216,16,0.0,5.4,2015-02-16,3.4,2015,2,90.1,137,0.0,2.1
47,0.2,6.8,2.6,20150217,17,0.0,6.5,2015-02-17,3.3,2015,2,68.0,137,5.5,2.1
48,0.0,0.0,2.7,20150218,18,0.0,5.1,2015-02-18,2.3,2015,2,65.0,137,3.0,0.7
49,0.0,0.0,1.1,20150219,19,0.0,9.2,2015-02-19,2.6,2015,2,61.3,137,8.6,-1.7
50,0.0,0.0,1.0,20150220,20,0.0,10.8,2015-02-20,3.4,2015,2,63.4,137,8.4,-4.6
51,8.4,0.0,1.2,20150221,21,0.0,6.0,2015-02-21,4.9,2015,2,78.8,137,0.0,3.8
52,0.4,3.5,2.6,20150222,22,0.0,12.2,2015-02-22,6.3,2015,2,68.5,137,5.2,1.2
53,0.0,4.2,3.0,20150223,23,0.0,8.2,2015-02-23,3.2,2015,2,52.3,137,7.2,0.4
54,0.0,1.3,2.1,20150224,24,0.0,9.5,2015-02-24,3.2,2015,2,53.4,137,8.8,-0.9
55,0.0,6.0,0.9,20150225,25,0.0,11.0,2015-02-25,4.3,2015,2,58.0,137,4.9,-1.6
56,0.2,4.0,4.5,20150226,26,0.0,7.8,2015-02-26,3.5,2015,2,45.9,137,7.5,-1.2
57,0.0,2.8,2.5,20150227,27,0.0,4.7,2015-02-27,-0.3,2015,2,34.3,137,9.6,-3.5
58,0.1,0.0,0.8,20150228,28,0.0,5.7,2015-02-28,0.3,2015,2,61.4,137,1.4,-5.7
59,0.9,0.0,2.8,20150301,1,0.0,7.8,2015-03-01,3.0,2015,3,61.8,137,7.2,0.5
60,0.0,0.0,1.8,20150302,2,0.0,11.7,2015-03-02,4.5,2015,3,39.1,137,10.1,-2.6
61,0.2,9.5,1.6,20150303,3,0.0,9.0,2015-03-03,4.1,2015,3,54.5,137,2.2,0.7
62,0.2,0.0,5.9,20150304,4,0.0,4.5,2015-03-04,-0.2,2015,3,34.5,137,10.3,-2.9
63,0.0,3.3,1.4,20150305,5,0.0,7.0,2015-03-05,0.4,2015,3,41.1,137,9.6,-6.4
64,0.0,0.0,0.9,20150306,6,0.0,12.1,2015-03-06,3.2,2015,3,48.1,137,10.3,-4.7
65,0.0,0.0,1.3,20150307,7,0.0,13.7,2015-03-07,5.0,2015,3,41.4,137,10.3,-3.0
66,0.0,0.0,1.1,20150308,8,0.0,16.0,2015-03-08,6.5,2015,3,43.0,137,9.0,-3.6
67,0.0,2.0,4.5,20150309,9,0.0,12.2,2015-03-09,4.8,2015,3,37.5,137,8.6,-4.6
68,0.0,0.0,5.9,20150310,10,0.0,2.0,2015-03-10,-2.0,2015,3,27.6,137,10.7,-6.0
69,0.0,2.0,4.3,20150311,11,0.0,7.5,2015-03-11,2.3,2015,3,39.1,137,9.9,-2.6
70,0.0,0.0,3.7,20150312,12,0.0,9.7,2015-03-12,3.8,2015,3,29.1,137,10.5,-1.7
71,1.7,6.5,2.5,20150313,13,0.0,12.5,2015-03-13,6.5,2015,3,48.4,137,7.2,0.8
72,0.0,0.0,1.5,20150314,14,0.0,13.4,2015-03-14,6.4,2015,3,29.5,137,9.6,-1.7
73,0.0,0.0,1.3,20150315,15,0.0,16.7,2015-03-15,7.0,2015,3,39.3,137,9.7,-2.0
74,0.0,4.5,1.0,20150316,16,0.0,20.6,2015-03-16,9.4,2015,3,37.3,137,9.5,-0.4
75,0.0,7.0,1.2,20150317,17,0.0,22.3,2015-03-17,11.9,2015,3,39.6,137,5.8,1.5
76,35.8,10.0,1.3,20150318,18,0.0,11.7,2015-03-18,8.7,2015,3,81.1,137,0.0,7.8
77,0.2,0.8,0.8,20150319,19,0.0,20.1,2015-03-19,12.9,2015,3,71.0,137,9.7,6.8
78,0.0,3.5,1.4,20150320,20,0.0,21.9,2015-03-20,15.4,2015,3,34.0,137,7.1,11.3
79,0.0,0.0,2.2,20150321,21,0.0,20.6,2015-03-21,13.8,2015,3,28.4,137,9.8,5.2
80,0.0,0.0,4.2,20150322,22,0.0,17.0,2015-03-22,11.4,2015,3,26.8,137,10.3,4.4
81,0.0,0.0,3.9,20150323,23,0.0,11.6,2015-03-23,6.0,2015,3,24.6,137,10.9,1.0
82,0.0,0.0,1.9,20150324,24,0.0,13.8,2015-03-24,6.5,2015,3,29.0,137,11.1,0.3
83,0.0,0.0,1.3,20150325,25,0.0,16.1,2015-03-25,6.9,2015,3,32.8,137,11.2,-2.3
84,0.0,0.0,2.2,20150326,26,0.0,19.2,2015-03-26,11.0,2015,3,21.3,137,11.3,0.9
85,0.0,2.8,2.2,20150327,27,0.0,18.5,2015-03-27,12.0,2015,3,23.1,137,9.8,5.0
86,0.0,0.0,2.6,20150328,28,0.0,20.7,2015-03-28,12.9,2015,3,27.4,137,10.4,1.3
87,0.0,0.0,2.4,20150329,29,0.0,20.6,2015-03-29,13.4,2015,3,36.0,137,7.0,8.8
88,0.0,0.0,1.7,20150330,30,0.0,24.9,2015-03-30,14.7,2015,3,49.6,137,10.1,4.1
89,4.5,9.0,0.9,20150331,31,0.0,15.6,2015-03-31,11.9,2015,3,82.1,137,0.0,7.9
90,3.6,10.0,1.2,20150401,1,0.0,13.0,2015-04-01,10.3,2015,4,88.1,137,0.0,8.5
91,0.3,9.8,1.5,20150402,2,0.0,13.3,2015-04-02,10.6,2015,4,79.0,137,0.0,7.7
92,6.7,8.3,2.5,20150403,3,0.0,17.2,2015-04-03,13.6,2015,4,73.3,137,4.0,10.9
93,14.4,0.0,2.3,20150404,4,0.0,18.9,2015-04-04,10.9,2015,4,67.1,137,6.0,7.3
94,4.9,0.0,0.9,20150405,5,0.0,10.5,2015-04-05,8.9,2015,4,89.5,137,0.0,7.1
95,1.3,10.0,1.0,20150406,6,0.0,14.0,2015-04-06,11.2,2015,4,79.1,137,0.0,8.3
96,0.0,10.0,1.5,20150407,7,0.0,9.7,2015-04-07,7.9,2015,4,70.6,137,0.0,6.1
97,0.5,8.3,1.2,20150408,8,0.0,12.2,2015-04-08,7.0,2015,4,75.9,137,4.0,5.0
98,0.0,3.3,1.1,20150409,9,0.0,16.8,2015-04-09,9.1,2015,4,63.6,137,9.8,2.6
99,0.0,0.5,1.0,20150410,10,0.0,19.6,2015-04-10,11.4,2015,4,55.9,137,10.9,2.7
100,0.0,0.0,1.1,20150411,11,0.0,22.0,2015-04-11,12.4,2015,4,49.9,137,11.3,3.6
101,0.0,0.0,1.8,20150412,12,0.0,18.5,2015-04-12,11.2,2015,4,50.0,137,2.4,3.8
102,7.0,10.0,1.5,20150413,13,0.0,12.0,2015-04-13,9.4,2015,4,80.3,137,0.0,7.1
103,13.9,8.5,1.4,20150414,14,0.0,15.3,2015-04-14,8.8,2015,4,79.4,137,3.4,6.7
104,1.2,4.0,2.6,20150415,15,0.0,20.0,2015-04-15,12.3,2015,4,58.8,137,8.6,6.5
105,4.7,6.3,2.4,20150416,16,0.0,24.2,2015-04-16,10.5,2015,4,67.0,137,7.5,4.8
106,0.0,0.3,2.4,20150417,17,0.0,20.6,2015-04-17,13.0,2015,4,32.1,137,11.4,5.1
107,0.0,0.0,1.1,20150418,18,0.0,21.0,2015-04-18,13.2,2015,4,46.3,137,6.8,2.9
108,3.3,0.0,0.8,20150419,19,0.0,14.1,2015-04-19,12.7,2015,4,88.0,137,0.0,10.7
109,18.9,9.8,1.2,20150420,20,0.0,14.1,2015-04-20,11.4,2015,4,90.8,137,0.0,8.4
110,0.0,3.8,1.4,20150421,21,0.0,23.5,2015-04-21,14.0,2015,4,58.5,137,7.7,6.3
111,0.0,3.0,2.2,20150422,22,0.0,21.9,2015-04-22,15.8,2015,4,35.3,137,9.5,8.6
112,0.0,4.0,2.1,20150423,23,0.0,24.6,2015-04-23,17.3,2015,4,31.0,137,12.0,9.5
113,0.0,1.0,2.4,20150424,24,0.0,25.4,2015-04-24,18.6,2015,4,24.6,137,11.3,12.0
114,0.0,0.0,1.9,20150425,25,0.0,26.2,2015-04-25,18.4,2015,4,24.0,137,12.6,7.8
115,0.0,0.0,2.6,20150426,26,0.0,28.9,2015-04-26,20.5,2015,4,27.6,137,12.4,8.0
116,0.0,2.5,2.1,20150427,27,0.0,28.5,2015-04-27,21.5,2015,4,23.6,137,12.3,12.7
117,0.2,6.8,1.0,20150428,28,0.0,25.7,2015-04-28,18.0,2015,4,55.6,137,7.3,9.4
118,9.1,10.0,0.9,20150429,29,0.0,17.5,2015-04-29,15.8,2015,4,87.5,137,0.0,14.9
119,0.0,6.5,0.8,20150430,30,0.0,25.7,2015-04-30,18.6,2015,4,69.4,137,8.1,13.6
120,0.0,0.8,1.0,20150501,1,0.0,29.6,2015-05-01,20.7,2015,5,63.5,137,10.7,12.2
121,0.0,0.0,1.1,20150502,2,0.0,28.6,2015-05-02,21.6,2015,5,62.1,137,7.1,15.0
122,5.5,0.0,0.9,20150503,3,0.0,20.5,2015-05-03,17.4,2015,5,89.9,137,0.0,16.5
123,0.0,2.3,3.1,20150504,4,0.0,22.4,2015-05-04,17.6,2015,5,42.3,137,11.7,12.0
124,0.0,0.0,2.3,20150505,5,0.0,23.4,2015-05-05,15.5,2015,5,34.8,137,12.8,8.6
125,0.0,7.5,0.9,20150506,6,0.0,23.6,2015-05-06,15.8,2015,5,43.3,137,7.6,6.1
126,0.0,1.8,1.6,20150507,7,0.0,26.7,2015-05-07,17.7,2015,5,42.1,137,12.2,8.3
127,0.0,7.5,1.3,20150508,8,0.0,25.0,2015-05-08,18.5,2015,5,39.8,137,7.0,11.3
128,0.0,0.0,1.4,20150509,9,0.0,26.5,2015-05-09,20.2,2015,5,47.0,137,9.7,15.2
129,0.0,0.0,1.5,20150510,10,0.0,27.2,2015-05-10,17.5,2015,5,57.8,137,12.1,10.5
130,5.4,8.3,2.1,20150511,11,0.0,23.0,2015-05-11,17.6,2015,5,64.9,137,5.2,13.3
131,4.2,3.5,3.2,20150512,12,0.0,21.2,2015-05-12,16.7,2015,5,55.5,137,10.8,12.6
132,0.0,0.0,3.6,20150513,13,0.0,27.4,2015-05-13,20.7,2015,5,40.0,137,12.8,13.9
133,0.0,0.0,1.2,20150514,14,0.0,30.7,2015-05-14,21.7,2015,5,51.6,137,12.2,11.0
134,0.0,8.8,1.5,20150515,15,0.0,24.8,2015-05-15,22.1,2015,5,64.8,137,0.2,18.5
135,0.0,0.0,2.0,20150516,16,0.0,27.5,2015-05-16,20.5,2015,5,41.8,137,12.8,13.9
136,0.0,0.0,1.1,20150517,17,0.0,28.0,2015-05-17,19.4,2015,5,40.5,137,12.5,10.3
137,0.0,10.0,0.7,20150518,18,0.0,22.5,2015-05-18,17.0,2015,5,61.0,137,2.9,12.9
138,0.3,4.5,1.9,20150519,19,0.0,26.7,2015-05-19,19.6,2015,5,59.6,137,7.7,13.8
139,0.0,0.5,2.3,20150520,20,0.0,24.5,2015-05-20,18.1,2015,5,43.9,137,13.0,12.2
140,0.0,0.3,2.5,20150521,21,0.0,27.3,2015-05-21,20.9,2015,5,39.4,137,13.0,13.4
141,0.0,1.5,2.2,20150522,22,0.0,28.6,2015-05-22,22.5,2015,5,30.4,137,11.1,16.0
142,0.0,0.0,1.4,20150523,23,0.0,29.9,2015-05-23,22.4,2015,5,36.8,137,12.9,14.8
143,0.0,0.0,1.5,20150524,24,0.0,30.4,2015-05-24,23.0,2015,5,30.3,137,13.3,13.8
144,0.0,0.0,2.1,20150525,25,0.0,31.1,2015-05-25,23.9,2015,5,25.9,137,13.3,16.3
145,0.0,0.0,1.6,20150526,26,0.0,33.7,2015-05-26,25.2,2015,5,29.6,137,13.3,18.0
146,0.0,0.0,0.9,20150527,27,0.0,33.5,2015-05-27,24.0,2015,5,31.9,137,13.0,13.8
147,0.0,1.8,0.9,20150528,28,0.0,32.2,2015-05-28,23.1,2015,5,45.5,137,10.5,16.4
148,0.0,3.8,1.0,20150529,29,0.0,31.8,2015-05-29,23.9,2015,5,45.6,137,10.2,14.7
149,2.7,0.0,1.5,20150530,30,0.0,24.0,2015-05-30,20.0,2015,5,63.9,137,3.7,16.3
150,0.0,0.0,1.0,20150531,31,0.0,30.9,2015-05-31,22.3,2015,5,54.3,137,12.7,15.3
151,0.0,5.8,1.2,20150601,1,0.0,31.8,2015-06-01,23.8,2015,6,48.8,137,12.9,15.1
152,0.0,7.3,1.5,20150602,2,0.0,30.1,2015-06-02,23.7,2015,6,43.9,137,5.0,19.2
153,0.0,2.0,2.6,20150603,3,0.0,29.6,2015-06-03,23.4,2015,6,34.0,137,11.0,19.3
154,0.0,4.0,1.1,20150604,4,0.0,31.3,2015-06-04,23.5,2015,6,33.4,137,10.2,13.6
155,0.8,9.3,1.0,20150605,5,0.0,22.7,2015-06-05,16.6,2015,6,65.0,137,1.8,11.6
156,0.0,0.0,1.0,20150606,6,0.0,28.1,2015-06-06,18.7,2015,6,62.3,137,9.4,9.9
157,0.0,0.0,1.2,20150607,7,0.0,30.8,2015-06-07,22.2,2015,6,51.0,137,12.7,14.7
158,0.0,8.5,0.7,20150608,8,0.0,25.5,2015-06-08,21.0,2015,6,61.1,137,2.5,15.3
159,0.0,6.0,1.3,20150609,9,0.0,31.1,2015-06-09,23.7,2015,6,53.9,137,9.4,16.8
160,0.0,3.5,1.1,20150610,10,0.0,34.3,2015-06-10,25.6,2015,6,48.3,137,11.7,17.1
161,0.0,10.0,0.6,20150611,11,0.0,26.2,2015-06-11,22.3,2015,6,61.6,137,0.0,17.3
162,0.0,3.5,1.8,20150612,12,0.0,32.6,2015-06-12,25.2,2015,6,47.1,137,12.1,18.7
163,0.0,0.0,1.0,20150613,13,0.0,31.7,2015-06-13,22.4,2015,6,67.1,137,4.8,17.2
164,0.0,0.0,1.2,20150614,14,0.0,30.6,2015-06-14,23.2,2015,6,65.6,137,8.9,17.0
165,0.0,7.3,1.1,20150615,15,0.0,31.4,2015-06-15,25.6,2015,6,58.6,137,7.6,21.4
166,4.4,7.3,1.2,20150616,16,0.0,33.0,2015-06-16,24.7,2015,6,65.6,137,7.6,21.1
167,0.0,9.3,1.1,20150617,17,0.0,28.3,2015-06-17,23.0,2015,6,68.4,137,3.3,19.6
168,0.0,6.8,1.1,20150618,18,0.0,29.6,2015-06-18,23.4,2015,6,59.9,137,11.6,18.9
169,0.6,5.8,1.0,20150619,19,0.0,30.8,2015-06-19,23.1,2015,6,64.0,137,10.7,17.3
170,50.0,0.0,0.7,20150620,20,0.0,22.7,2015-06-20,19.3,2015,6,82.6,137,0.0,17.0
171,0.0,0.0,0.7,20150621,21,0.0,29.0,2015-06-21,22.1,2015,6,70.4,137,8.4,17.3
172,0.0,6.3,1.0,20150622,22,0.0,30.6,2015-06-22,24.3,2015,6,65.3,137,9.7,18.2
173,0.0,5.0,1.3,20150623,23,0.0,31.7,2015-06-23,25.5,2015,6,56.9,137,11.9,20.1
174,0.0,10.0,1.0,20150624,24,0.0,27.8,2015-06-24,23.7,2015,6,68.1,137,0.6,21.0
175,7.5,9.8,0.9,20150625,25,0.0,26.0,2015-06-25,21.5,2015,6,75.3,137,0.2,18.6
176,50.3,10.0,1.3,20150626,26,0.0,25.7,2015-06-26,20.9,2015,6,81.9,137,0.7,18.3
177,0.0,0.0,0.7,20150627,27,0.0,28.8,2015-06-27,22.7,2015,6,70.8,137,8.8,18.7
178,0.0,0.0,0.8,20150628,28,0.0,28.7,2015-06-28,23.2,2015,6,73.1,137,9.5,18.9
179,5.8,4.5,1.0,20150629,29,0.0,32.6,2015-06-29,25.5,2015,6,70.6,137,10.3,19.0
180,5.8,10.0,1.1,20150630,30,0.0,27.0,2015-06-30,22.0,2015,6,79.9,137,0.0,18.3
181,0.6,4.3,2.1,20150701,1,0.0,28.9,2015-07-01,23.1,2015,7,66.5,137,11.8,18.4
182,0.0,2.0,1.6,20150702,2,0.0,30.2,2015-07-02,23.7,2015,7,57.4,137,11.9,16.7
183,0.0,6.3,1.6,20150703,3,0.0,29.1,2015-07-03,23.8,2015,7,56.3,137,9.5,19.0
184,0.0,0.0,0.9,20150704,4,0.0,28.8,2015-07-04,22.1,2015,7,60.8,137,11.3,15.2
185,6.4,0.0,0.9,20150705,5,0.0,30.0,2015-07-05,23.2,2015,7,63.3,137,12.8,17.0
186,0.1,8.5,0.8,20150706,6,0.0,29.2,2015-07-06,22.9,2015,7,71.1,137,6.5,18.9
187,15.2,10.0,0.9,20150707,7,0.0,21.7,2015-07-07,18.9,2015,7,83.3,137,0.0,17.2
188,46.3,10.0,1.2,20150708,8,0.0,21.7,2015-07-08,19.9,2015,7,90.4,137,0.0,17.5
189,31.2,10.0,0.7,20150709,9,0.0,23.4,2015-07-09,21.3,2015,7,88.5,137,0.0,19.3
190,0.0,8.3,0.8,20150710,10,0.0,29.3,2015-07-10,23.6,2015,7,79.3,137,6.0,20.2
191,0.3,0.0,0.9,20150711,11,0.0,32.1,2015-07-11,25.9,2015,7,75.8,137,7.0,21.2
192,10.9,0.0,2.0,20150712,12,0.0,26.4,2015-07-12,24.6,2015,7,86.4,137,0.0,23.4
193,0.8,0.0,1.9,20150713,13,0.0,28.1,2015-07-13,25.2,2015,7,71.5,137,1.8,23.7
194,0.0,0.0,1.8,20150714,14,0.0,31.8,2015-07-14,27.0,2015,7,63.9,137,11.1,23.3
195,0.0,0.0,1.0,20150715,15,0.0,32.7,2015-07-15,26.2,2015,7,66.5,137,7.9,21.6
196,0.0,0.0,1.1,20150716,16,0.0,29.4,2015-07-16,23.4,2015,7,60.4,137,13.3,18.5
197,1.1,0.0,0.7,20150717,17,0.0,24.7,2015-07-17,20.5,2015,7,73.9,137,1.1,16.9
198,0.0,0.0,0.5,20150718,18,0.0,29.4,2015-07-18,24.0,2015,7,74.6,137,3.8,20.8
199,0.0,0.0,0.9,20150719,19,0.0,32.0,2015-07-19,26.1,2015,7,69.9,137,7.9,22.1
200,2.7,0.0,0.5,20150720,20,0.0,27.1,2015-07-20,23.9,2015,7,80.9,137,0.0,20.6
201,0.0,0.0,0.5,20150721,21,0.0,30.3,2015-07-21,25.5,2015,7,81.8,137,3.3,22.6
202,0.0,0.0,0.7,20150722,22,0.0,33.7,2015-07-22,27.7,2015,7,75.0,137,6.6,24.2
203,10.7,0.0,0.8,20150723,23,0.0,31.1,2015-07-23,26.2,2015,7,85.6,137,3.2,24.6
204,2.9,0.0,0.8,20150724,24,0.0,31.4,2015-07-24,27.1,2015,7,83.0,137,3.6,24.4
205,0.0,0.0,1.1,20150725,25,0.0,32.4,2015-07-25,27.9,2015,7,73.3,137,8.4,24.2
206,0.0,0.0,0.8,20150726,26,0.0,34.6,2015-07-26,28.2,2015,7,67.6,137,13.1,22.4
207,0.3,0.0,1.7,20150727,27,0.0,30.4,2015-07-27,27.1,2015,7,71.4,137,5.0,25.1
208,0.0,0.0,1.3,20150728,28,0.0,33.2,2015-07-28,28.7,2015,7,66.8,137,10.7,25.0
209,21.2,0.0,0.8,20150729,29,0.0,31.3,2015-07-29,27.0,2015,7,83.6,137,3.2,24.3
210,0.0,0.0,0.9,20150730,30,0.0,35.2,2015-07-30,29.4,2015,7,72.8,137,10.5,24.4
211,0.0,0.0,1.0,20150731,31,0.0,36.3,2015-07-31,30.2,2015,7,67.8,137,12.3,24.7
212,0.0,0.0,1.0,20150801,1,0.0,35.0,2015-08-01,29.3,2015,8,66.8,137,12.2,24.1
213,0.0,0.0,1.1,20150802,2,0.0,32.3,2015-08-02,27.9,2015,8,73.9,137,6.1,24.2
214,0.0,0.0,1.0,20150803,3,0.0,35.4,2015-08-03,29.0,2015,8,66.8,137,11.3,24.3
215,0.0,0.0,1.0,20150804,4,0.0,35.1,2015-08-04,28.4,2015,8,65.3,137,12.9,21.8
216,0.0,0.0,1.0,20150805,5,0.0,34.7,2015-08-05,28.2,2015,8,68.4,137,12.9,21.8
217,0.0,0.0,0.6,20150806,6,0.0,36.6,2015-08-06,29.7,2015,8,66.1,137,12.6,23.8
218,0.0,0.0,0.8,20150807,7,0.0,36.2,2015-08-07,29.6,2015,8,64.3,137,12.4,23.4
219,2.3,0.0,1.0,20150808,8,0.0,35.8,2015-08-08,27.2,2015,8,75.3,137,7.7,23.4
220,0.0,0.0,1.1,20150809,9,0.0,32.3,2015-08-09,27.0,2015,8,71.4,137,7.3,22.8
221,0.0,0.0,1.5,20150810,10,0.0,32.2,2015-08-10,27.1,2015,8,68.9,137,6.0,23.7
222,0.0,0.0,1.0,20150811,11,0.0,29.9,2015-08-11,25.9,2015,8,71.1,137,0.0,22.5
223,0.4,0.0,0.6,20150812,12,0.0,27.4,2015-08-12,23.1,2015,8,77.0,137,1.0,20.3
224,4.2,0.0,0.8,20150813,13,0.0,30.8,2015-08-13,24.8,2015,8,77.1,137,9.8,20.1
225,0.0,0.0,0.9,20150814,14,0.0,32.9,2015-08-14,25.5,2015,8,72.6,137,9.4,20.5
226,0.0,0.0,0.7,20150815,15,0.0,33.4,2015-08-15,26.4,2015,8,68.9,137,11.0,20.2
227,0.0,0.0,0.6,20150816,16,0.0,29.7,2015-08-16,24.0,2015,8,79.5,137,0.2,21.8
228,9.2,0.0,0.9,20150817,17,0.0,32.6,2015-08-17,24.7,2015,8,74.4,137,9.1,20.7
229,0.0,0.0,0.8,20150818,18,0.0,31.9,2015-08-18,24.9,2015,8,72.4,137,8.6,19.4
230,0.0,0.0,0.7,20150819,19,0.0,29.1,2015-08-19,24.6,2015,8,75.4,137,2.4,19.9
231,1.6,0.0,0.8,20150820,20,0.0,27.3,2015-08-20,23.9,2015,8,82.5,137,0.3,21.7
232,3.9,0.0,0.9,20150821,21,0.0,29.7,2015-08-21,23.9,2015,8,79.5,137,5.5,20.6
233,0.0,0.0,1.3,20150822,22,0.0,29.9,2015-08-22,25.6,2015,8,71.6,137,4.1,22.0
234,0.0,0.0,0.8,20150823,23,0.0,31.2,2015-08-23,25.9,2015,8,70.3,137,5.9,22.1
235,0.4,0.0,1.0,20150824,24,0.0,27.3,2015-08-24,24.8,2015,8,74.0,137,0.4,22.4
236,22.0,0.0,1.5,20150825,25,0.0,22.6,2015-08-25,21.2,2015,8,87.8,137,0.0,19.8
237,0.0,0.0,1.7,20150826,26,0.0,28.3,2015-08-26,23.2,2015,8,65.5,137,9.5,20.0
238,1.0,0.0,1.5,20150827,27,0.0,27.5,2015-08-27,23.2,2015,8,70.3,137,7.6,19.7
239,0.0,0.0,0.9,20150828,28,0.0,30.5,2015-08-28,23.2,2015,8,75.4,137,8.0,18.2
240,0.0,0.0,0.7,20150829,29,0.0,29.8,2015-08-29,23.0,2015,8,74.4,137,8.3,18.2
241,0.0,0.0,0.8,20150830,30,0.0,30.8,2015-08-30,24.1,2015,8,69.6,137,10.4,17.6
242,0.0,0.0,0.9,20150831,31,0.0,30.8,2015-08-31,24.5,2015,8,70.4,137,6.9,20.0
243,0.0,0.0,1.0,20150901,1,0.0,28.7,2015-09-01,23.9,2015,9,69.5,137,3.4,20.8
244,20.0,0.0,1.0,20150902,2,0.0,27.7,2015-09-02,22.0,2015,9,84.3,137,2.5,19.4
245,0.0,0.0,1.0,20150903,3,0.0,28.9,2015-09-03,23.1,2015,9,73.3,137,6.2,19.4
246,0.0,0.0,1.1,20150904,4,0.0,30.2,2015-09-04,24.6,2015,9,67.3,137,10.1,20.2
247,5.8,0.0,0.8,20150905,5,0.0,25.8,2015-09-05,21.9,2015,9,81.0,137,0.0,19.5
248,2.2,0.0,1.1,20150906,6,0.0,23.2,2015-09-06,19.9,2015,9,81.5,137,0.4,16.4
249,0.0,0.0,0.8,20150907,7,0.0,28.1,2015-09-07,20.0,2015,9,67.1,137,10.7,13.5
250,0.0,0.0,0.9,20150908,8,0.0,27.2,2015-09-08,18.8,2015,9,65.4,137,11.0,12.0
251,0.0,0.0,0.9,20150909,9,0.0,29.2,2015-09-09,19.7,2015,9,60.1,137,11.2,10.8
252,0.0,0.0,0.9,20150910,10,0.0,28.7,2015-09-10,21.1,2015,9,61.4,137,10.5,12.3
253,0.0,0.0,1.3,20150911,11,0.0,28.7,2015-09-11,21.7,2015,9,67.9,137,8.2,15.2
254,2.6,0.0,1.2,20150912,12,0.0,21.7,2015-09-12,18.7,2015,9,76.4,137,0.0,16.0
255,0.0,0.0,1.6,20150913,13,0.0,25.6,2015-09-13,18.6,2015,9,61.6,137,10.7,14.0
256,0.0,0.0,0.7,20150914,14,0.0,27.5,2015-09-14,18.2,2015,9,63.5,137,10.5,10.4
257,0.0,0.0,0.9,20150915,15,0.0,26.4,2015-09-15,18.2,2015,9,61.8,137,10.3,10.9
258,0.0,0.0,0.8,20150916,16,0.0,26.1,2015-09-16,18.6,2015,9,64.1,137,7.5,10.6
259,0.0,0.0,0.7,20150917,17,0.0,24.0,2015-09-17,18.7,2015,9,70.0,137,2.6,15.2
260,0.0,0.0,0.7,20150918,18,0.0,27.4,2015-09-18,19.9,2015,9,67.5,137,9.6,13.5
261,0.0,0.0,0.6,20150919,19,0.0,28.8,2015-09-19,20.4,2015,9,69.3,137,8.6,14.1
262,0.0,0.0,0.7,20150920,20,0.0,28.7,2015-09-20,20.4,2015,9,64.8,137,9.5,13.1
263,0.0,0.0,0.7,20150921,21,0.0,29.8,2015-09-21,20.9,2015,9,61.6,137,10.0,14.0
264,0.0,0.0,0.8,20150922,22,0.0,29.3,2015-09-22,20.3,2015,9,64.9,137,10.0,13.5
265,0.0,0.0,0.6,20150923,23,0.0,22.0,2015-09-23,18.3,2015,9,76.8,137,0.4,14.2
266,0.3,0.0,0.6,20150924,24,0.0,25.8,2015-09-24,20.9,2015,9,74.9,137,0.9,17.4
267,0.0,0.0,0.6,20150925,25,0.0,26.5,2015-09-25,20.0,2015,9,74.3,137,5.6,14.1
268,0.0,0.0,0.7,20150926,26,0.0,27.6,2015-09-26,20.1,2015,9,72.5,137,6.8,14.6
269,0.0,0.0,0.7,20150927,27,0.0,28.8,2015-09-27,19.6,2015,9,67.9,137,9.6,12.5
270,0.0,0.0,0.7,20150928,28,0.0,29.9,2015-09-28,20.2,2015,9,59.1,137,9.2,11.4
271,0.0,0.0,0.9,20150929,29,0.0,28.6,2015-09-29,20.6,2015,9,58.0,137,9.5,13.5
272,0.0,0.0,0.8,20150930,30,0.0,24.3,2015-09-30,19.3,2015,9,58.6,137,2.2,15.7
273,37.9,0.0,2.0,20151001,1,0.0,21.3,2015-10-01,16.7,2015,10,80.0,137,0.0,14.8
274,0.0,0.0,2.4,20151002,2,0.0,22.5,2015-10-02,16.1,2015,10,45.0,137,9.7,10.0
275,0.0,0.0,2.1,20151003,3,0.0,25.5,2015-10-03,19.7,2015,10,55.1,137,9.2,13.9
276,0.0,0.0,1.2,20151004,4,0.0,25.2,2015-10-04,17.8,2015,10,44.4,137,7.1,12.3
277,0.0,0.0,0.5,20151005,5,0.0,25.0,2015-10-05,16.4,2015,10,59.6,137,9.6,10.3
278,0.0,0.0,0.6,20151006,6,0.0,27.3,2015-10-06,16.9,2015,10,60.0,137,9.5,8.4
279,0.0,0.0,0.6,20151007,7,0.0,25.8,2015-10-07,16.9,2015,10,68.3,137,7.9,9.8
280,0.9,0.0,1.2,20151008,8,0.0,25.9,2015-10-08,17.7,2015,10,66.4,137,9.0,10.3
281,0.1,0.0,2.0,20151009,9,0.0,21.5,2015-10-09,16.4,2015,10,51.0,137,7.9,10.1
282,1.4,0.0,1.3,20151010,10,0.0,23.5,2015-10-10,13.2,2015,10,66.9,137,8.5,5.2
283,4.8,0.0,2.0,20151011,11,0.0,16.8,2015-10-11,12.3,2015,10,72.4,137,6.3,8.5
284,0.3,0.0,2.3,20151012,12,0.0,18.4,2015-10-12,13.8,2015,10,58.4,137,7.6,11.0
285,0.0,0.0,2.0,20151013,13,0.0,22.5,2015-10-13,15.7,2015,10,54.1,137,9.4,7.2
286,0.0,0.0,1.1,20151014,14,0.0,24.9,2015-10-14,17.1,2015,10,61.6,137,9.3,10.0
287,0.0,0.0,0.5,20151015,15,0.0,24.6,2015-10-15,14.4,2015,10,71.4,137,8.9,7.5
288,0.0,0.0,0.6,20151016,16,0.0,24.0,2015-10-16,14.8,2015,10,71.8,137,9.1,7.8
289,0.0,0.0,0.5,20151017,17,0.0,26.3,2015-10-17,14.9,2015,10,67.6,137,8.4,8.7
290,0.0,0.0,0.7,20151018,18,0.0,27.2,2015-10-18,16.4,2015,10,60.9,137,9.1,7.4
291,0.0,0.0,0.5,20151019,19,0.0,23.2,2015-10-19,15.1,2015,10,74.3,137,8.7,8.6
292,0.0,0.0,0.7,20151020,20,0.0,25.2,2015-10-20,16.6,2015,10,70.4,137,8.0,10.3
293,0.0,0.0,0.6,20151021,21,0.0,25.5,2015-10-21,16.6,2015,10,74.3,137,7.8,9.8
294,0.0,0.0,0.8,20151022,22,0.0,22.8,2015-10-22,16.5,2015,10,73.8,137,3.7,12.1
295,0.0,0.0,0.8,20151023,23,0.0,23.1,2015-10-23,16.1,2015,10,73.5,137,6.1,11.9
296,0.0,0.0,1.9,20151024,24,0.0,22.8,2015-10-24,17.0,2015,10,70.3,137,5.0,12.1
297,0.0,0.0,0.8,20151025,25,0.0,21.9,2015-10-25,14.7,2015,10,59.4,137,9.0,8.9
298,0.0,0.0,0.7,20151026,26,0.0,20.8,2015-10-26,13.6,2015,10,62.0,137,6.8,6.8
299,23.7,0.0,1.6,20151027,27,0.0,15.9,2015-10-27,12.6,2015,10,71.1,137,2.8,10.2
300,0.0,0.0,2.0,20151028,28,0.0,17.5,2015-10-28,12.5,2015,10,48.4,137,8.9,6.4
301,0.0,0.0,1.6,20151029,29,0.0,15.9,2015-10-29,11.3,2015,10,41.1,137,8.2,8.3
302,0.0,0.0,2.0,20151030,30,0.0,12.4,2015-10-30,7.9,2015,10,40.3,137,9.0,2.8
303,0.0,0.0,1.6,20151031,31,0.0,14.2,2015-10-31,6.7,2015,10,45.6,137,9.0,-0.5
304,0.0,0.0,0.4,20151101,1,0.0,8.3,2015-11-01,4.4,2015,11,63.8,137,0.8,-1.0
305,0.0,0.0,1.9,20151102,2,0.0,16.2,2015-11-02,11.2,2015,11,51.9,137,7.6,3.9
306,0.0,0.0,1.0,20151103,3,0.0,20.0,2015-11-03,12.2,2015,11,60.9,137,9.0,5.8
307,0.0,0.0,0.5,20151104,4,0.0,20.8,2015-11-04,9.6,2015,11,65.9,137,9.0,1.8
308,0.0,0.0,1.1,20151105,5,0.0,21.4,2015-11-05,12.0,2015,11,60.6,137,6.5,5.1
309,1.5,0.0,1.2,20151106,6,0.0,20.8,2015-11-06,12.1,2015,11,72.8,137,6.9,5.1
310,21.4,0.0,1.1,20151107,7,0.0,12.9,2015-11-07,12.0,2015,11,90.9,137,0.0,10.8
311,19.4,0.0,0.9,20151108,8,0.0,13.3,2015-11-08,12.7,2015,11,91.8,137,0.0,11.7
312,4.1,0.0,1.4,20151109,9,0.0,15.9,2015-11-09,12.9,2015,11,77.4,137,2.6,11.3
313,0.0,0.0,1.2,20151110,10,0.0,17.3,2015-11-10,11.9,2015,11,66.8,137,5.4,8.1
314,0.0,0.0,0.7,20151111,11,0.0,18.1,2015-11-11,11.8,2015,11,73.1,137,6.5,7.2
315,0.9,0.0,0.9,20151112,12,0.0,15.2,2015-11-12,11.7,2015,11,85.5,137,0.0,7.6
316,26.3,0.0,1.3,20151113,13,0.0,12.1,2015-11-13,11.5,2015,11,86.1,137,0.0,10.7
317,7.3,0.0,0.9,20151114,14,0.0,17.2,2015-11-14,14.3,2015,11,84.6,137,0.5,11.7
318,0.0,0.0,1.5,20151115,15,0.0,17.6,2015-11-15,14.3,2015,11,71.6,137,1.8,9.5
319,19.5,0.0,0.5,20151116,16,0.0,12.5,2015-11-16,10.3,2015,11,88.5,137,0.0,7.4
320,0.7,0.0,0.6,20151117,17,0.0,16.8,2015-11-17,14.2,2015,11,87.6,137,0.0,11.9
321,4.8,0.0,1.6,20151118,18,0.0,13.9,2015-11-18,11.0,2015,11,83.6,137,0.0,9.0
322,1.5,0.0,0.9,20151119,19,0.0,9.7,2015-11-19,9.1,2015,11,84.9,137,0.0,8.3
323,0.0,0.0,0.9,20151120,20,0.0,16.6,2015-11-20,10.7,2015,11,78.4,137,4.7,8.0
324,0.0,0.0,0.5,20151121,21,0.0,10.2,2015-11-21,8.1,2015,11,88.1,137,0.0,5.3
325,0.0,0.0,0.7,20151122,22,0.0,14.7,2015-11-22,12.0,2015,11,79.5,137,1.4,9.6
326,7.0,0.0,1.2,20151123,23,0.0,12.2,2015-11-23,11.2,2015,11,84.8,137,0.0,10.3
327,0.1,0.0,2.1,20151124,24,0.0,11.7,2015-11-24,9.4,2015,11,66.5,137,0.5,6.2
328,5.9,0.0,1.5,20151125,25,0.0,6.2,2015-11-25,5.1,2015,11,85.6,137,0.0,4.0
329,0.3,0.0,3.5,20151126,26,0.0,4.2,2015-11-26,1.4,2015,11,61.4,137,6.3,-1.0
330,0.0,0.0,2.5,20151127,27,0.0,2.0,2015-11-27,0.7,2015,11,64.4,137,1.9,-1.8
331,0.0,0.0,1.0,20151128,28,0.0,7.1,2015-11-28,3.0,2015,11,71.5,137,2.3,0.0
332,0.0,0.0,0.9,20151129,29,0.0,7.8,2015-11-29,4.1,2015,11,76.1,137,0.8,2.0
333,0.0,0.0,1.4,20151130,30,0.0,11.6,2015-11-30,5.9,2015,11,67.4,137,7.5,0.5
334,0.0,0.0,0.8,20151201,1,0.0,9.7,2015-12-01,2.8,2015,12,72.8,137,8.3,-2.9
335,4.0,0.0,1.2,20151202,2,0.0,8.7,2015-12-02,4.1,2015,12,79.5,137,0.0,0.2
336,2.6,0.0,3.9,20151203,3,0.0,7.1,2015-12-03,2.8,2015,12,62.1,137,5.1,-1.2
337,0.0,0.0,3.5,20151204,4,0.0,5.0,2015-12-04,2.2,2015,12,63.6,137,5.3,-1.4
338,0.0,0.0,2.2,20151205,5,0.0,8.1,2015-12-05,6.1,2015,12,54.8,137,0.3,3.9
339,0.0,0.0,0.9,20151206,6,0.0,8.8,2015-12-06,3.8,2015,12,56.0,137,3.5,1.1
340,0.0,0.0,1.0,20151207,7,0.0,10.3,2015-12-07,4.1,2015,12,62.3,137,7.4,-2.7
341,0.0,0.0,1.3,20151208,8,0.0,12.1,2015-12-08,5.7,2015,12,46.0,137,8.4,0.2
342,0.0,0.0,0.6,20151209,9,0.0,10.9,2015-12-09,3.8,2015,12,71.5,137,5.1,-2.1
343,9.5,0.0,0.4,20151210,10,0.0,8.0,2015-12-10,6.5,2015,12,87.1,137,0.0,4.4
344,3.3,0.0,1.2,20151211,11,0.0,10.4,2015-12-11,7.8,2015,12,77.8,137,0.4,2.1
345,0.0,0.0,1.0,20151212,12,0.0,10.6,2015-12-12,3.6,2015,12,73.8,137,8.5,-2.0
346,0.0,0.0,0.9,20151213,13,0.0,11.6,2015-12-13,5.3,2015,12,71.4,137,6.2,2.2
347,8.3,0.0,0.5,20151214,14,0.0,6.8,2015-12-14,5.3,2015,12,88.4,137,0.0,2.2
348,0.5,0.0,2.2,20151215,15,0.0,9.4,2015-12-15,7.3,2015,12,67.5,137,1.4,5.8
349,0.7,0.0,2.5,20151216,16,0.0,5.8,2015-12-16,1.4,2015,12,63.9,137,4.1,-1.4
350,0.0,0.0,3.6,20151217,17,0.0,1.3,2015-12-17,-2.0,2015,12,44.5,137,8.5,-4.1
351,0.0,0.0,2.6,20151218,18,0.0,6.6,2015-12-18,0.8,2015,12,57.9,137,6.1,-3.8
352,0.0,0.0,0.7,20151219,19,0.0,8.1,2015-12-19,0.4,2015,12,68.9,137,6.5,-4.2
353,0.0,0.0,0.5,20151220,20,0.0,2.5,2015-12-20,-0.8,2015,12,75.8,137,0.0,-4.6
354,1.3,0.0,0.7,20151221,21,0.0,8.5,2015-12-21,1.8,2015,12,82.0,137,3.7,-0.6
355,0.0,0.0,0.6,20151222,22,0.0,1.2,2015-12-22,-1.0,2015,12,90.0,137,0.0,-3.2
356,0.4,0.0,0.8,20151223,23,0.0,7.7,2015-12-23,4.2,2015,12,88.8,137,0.0,1.0
357,0.0,0.0,2.2,20151224,24,0.0,8.9,2015-12-24,4.7,2015,12,64.3,137,5.4,1.8
358,0.0,0.0,2.5,20151225,25,0.0,5.4,2015-12-25,1.2,2015,12,36.4,137,8.7,-3.0
359,0.0,0.0,1.7,20151226,26,0.0,10.4,2015-12-26,3.9,2015,12,56.0,137,6.8,-2.8
360,0.0,0.0,3.0,20151227,27,0.0,3.5,2015-12-27,-0.5,2015,12,34.3,137,8.7,-4.7
361,0.0,0.0,3.3,20151228,28,0.0,1.5,2015-12-28,-2.4,2015,12,36.8,137,8.6,-5.5
362,0.0,0.0,1.9,20151229,29,0.0,4.9,2015-12-29,-1.0,2015,12,43.4,137,8.5,-5.0
363,4.5,0.0,0.7,20151230,30,0.0,6.3,2015-12-30,-0.9,2015,12,63.8,137,5.9,-7.4
364,7.0,0.0,1.4,20151231,31,0.0,5.6,2015-12-31,1.1,2015,12,71.3,137,4.4,-2.3
