,rainfall,cloud,wind,date,day,snow,tmax,Date,tavg,year,month,humid,station_id,sunshine,tmin
0,0.0,7.5,0.9,20070101,1,0.0,9.0,2007-01-01,1.4,2007,1,54.5,137,4.6,-5.5
1,0.0,7.3,0.8,20070102,2,0.0,12.1,2007-01-02,3.9,2007,1,66.4,137,3.1,-0.6
2,0.0,7.9,1.2,20070103,3,0.0,10.3,2007-01-03,4.4,2007,1,69.6,137,1.5,-0.4
3,0.0,2.9,0.9,20070104,4,0.0,11.1,2007-01-04,2.9,2007,1,72.4,137,6.1,-2.9
4,0.0,6.9,0.7,20070105,5,0.0,8.3,2007-01-05,1.6,2007,1,79.6,137,2.3,-3.7
5,6.7,7.1,4.5,20070106,6,6.5,3.7,2007-01-06,-0.4,2007,1,76.3,137,1.5,-2.9
6,0.0,4.8,3.9,20070107,7,0.0,0.6,2007-01-07,-1.9,2007,1,62.1,137,6.2,-5.1
7,0.0,1.1,3.6,20070108,8,0.0,2.0,2007-01-08,-1.2,2007,1,57.0,137,8.4,-3.5
8,0.0,2.4,2.4,20070109,9,0.0,4.0,2007-01-09,-1.0,2007,1,57.5,137,8.5,-4.4
9,0.0,0.6,2.0,20070110,10,0.0,5.2,2007-01-10,-0.1,2007,1,67.3,137,7.5,-5.5
10,0.0,1.5,2.7,20070111,11,0.0,3.7,2007-01-11,-0.3,2007,1,58.5,137,6.4,-5.1
11,0.0,2.3,3.2,20070112,12,0.0,3.0,2007-01-12,-1.3,2007,1,49.6,137,6.9,-4.4
12,0.0,0.5,3.3,20070113,13,0.0,0.8,2007-01-13,-3.5,2007,1,51.4,137,8.2,-6.0
13,0.0,0.0,3.1,20070114,14,0.0,4.9,2007-01-14,-1.5,2007,1,40.6,137,8.5,-6.5
14,0.0,3.8,1.4,20070115,15,0.0,8.6,2007-01-15,0.1,2007,1,47.1,137,7.8,-8.1
15,0.0,9.5,1.3,20070116,16,0.0,6.9,2007-01-16,2.1,2007,1,52.0,137,0.7,-2.0
16,0.0,3.8,2.6,20070117,17,0.0,6.4,2007-01-17,2.4,2007,1,59.6,137,5.7,-0.4
17,0.0,1.6,3.1,20070118,18,0.0,6.5,2007-01-18,2.2,2007,1,48.3,137,8.3,-2.0
18,0.0,2.1,1.2,20070119,19,0.0,8.1,2007-01-19,-0.2,2007,1,52.3,137,7.6,-8.0
19,0.0,1.9,0.9,20070120,20,0.0,9.3,2007-01-20,-0.3,2007,1,51.4,137,7.5,-6.5
20,0.0,1.8,0.9,20070121,21,0.0,9.8,2007-01-21,0.8,2007,1,53.9,137,8.0,-7.0
21,0.0,3.4,2.1,20070122,22,0.0,8.0,2007-01-22,2.8,2007,1,53.1,137,8.0,-0.8
22,0.0,6.8,1.1,20070123,23,0.0,7.9,2007-01-23,1.0,2007,1,63.0,137,1.6,-5.8
23,0.0,2.6,2.6,20070124,24,0.0,8.6,2007-01-24,3.2,2007,1,46.6,137,8.2,-1.0
24,0.0,1.5,2.6,20070125,25,0.0,7.5,2007-01-25,1.0,2007,1,59.1,137,7.1,-3.7
25,2.0,6.6,1.7,20070126,26,0.0,3.5,2007-01-26,-0.3,2007,1,81.1,137,0.1,-4.5
26,0.6,6.9,2.7,20070127,27,0.0,2.7,2007-01-27,0.4,2007,1,80.4,137,2.5,-1.7
27,0.0,2.6,2.3,20070128,28,0.0,4.5,2007-01-28,-0.2,2007,1,72.5,137,4.6,-2.5
28,0.0,0.3,2.3,20070129,29,0.0,7.5,2007-01-29,1.5,2007,1,59.8,137,8.6,-2.5
29,1.0,4.4,2.3,20070130,30,0.7,5.0,2007-01-30,-1.6,2007,1,71.8,137,4.0,-4.6
30,0.0,4.0,3.5,20070131,31,0.0,3.5,2007-01-31,-1.6,2007,1,55.8,137,8.0,-5.5
31,0.0,2.1,3.5,20070201,1,0.0,0.2,2007-02-01,-3.6,2007,2,54.4,137,7.7,-6.9
32,0.0,0.5,3.1,20070202,2,0.0,0.8,2007-02-02,-3.8,2007,2,49.6,137,9.0,-9.1
33,0.0,3.8,3.9,20070203,3,0.0,7.6,2007-02-03,1.9,2007,2,61.0,137,5.6,-4.5
34,0.0,0.0,1.5,20070204,4,0.0,11.8,2007-02-04,3.1,2007,2,51.4,137,8.7,-2.9
35,0.0,3.4,1.5,20070205,5,0.0,12.8,2007-02-05,3.1,2007,2,60.9,137,6.6,-5.9
36,0.0,3.1,0.9,20070206,6,0.0,15.3,2007-02-06,5.3,2007,2,69.5,137,6.2,-1.0
37,0.0,1.0,1.2,20070207,7,0.0,15.0,2007-02-07,5.9,2007,2,70.0,137,8.3,-2.0
38,17.0,10.0,0.8,20070208,8,0.0,6.6,2007-02-08,5.1,2007,2,90.0,137,0.0,3.9
39,0.0,9.6,3.0,20070209,9,0.0,7.6,2007-02-09,5.4,2007,2,78.8,137,0.7,3.5
40,0.0,5.6,3.6,20070210,10,0.0,7.0,2007-02-10,3.4,2007,2,62.0,137,2.1,0.3
41,0.0,0.0,3.6,20070211,11,0.0,7.0,2007-02-11,1.9,2007,2,48.5,137,9.0,-1.3
42,0.0,1.0,1.5,20070212,12,0.0,10.0,2007-02-12,2.2,2007,2,56.3,137,9.1,-4.0
43,19.5,7.3,1.1,20070213,13,0.0,7.9,2007-02-13,1.7,2007,2,73.9,137,2.2,-4.4
44,4.0,4.3,6.2,20070214,14,0.0,5.4,2007-02-14,1.8,2007,2,61.0,137,6.9,-2.5
45,0.0,0.0,4.9,20070215,15,0.0,6.1,2007-02-15,0.6,2007,2,31.1,137,9.2,-3.4
46,0.0,3.8,1.5,20070216,16,0.0,9.1,2007-02-16,1.1,2007,2,52.9,137,9.2,-6.0
47,0.0,8.9,1.0,20070217,17,0.0,7.0,2007-02-17,3.1,2007,2,78.4,137,0.1,-1.0
48,0.0,4.4,1.0,20070218,18,0.0,12.8,2007-02-18,4.4,2007,2,70.5,137,5.6,-1.5
49,0.0,0.3,1.6,20070219,19,0.0,13.0,2007-02-19,5.5,2007,2,49.9,137,9.2,0.2
50,0.0,0.8,0.9,20070220,20,0.0,15.1,2007-02-20,4.6,2007,2,54.3,137,9.5,-3.5
51,0.0,1.0,1.4,20070221,21,0.0,15.1,2007-02-21,5.7,2007,2,51.0,137,9.1,-3.0
52,0.0,3.6,1.2,20070222,22,0.0,13.8,2007-02-22,5.9,2007,2,60.1,137,4.1,-3.0
53,0.0,0.8,3.9,20070223,23,0.0,11.0,2007-02-23,6.0,2007,2,42.3,137,9.4,1.2
54,0.0,5.3,1.9,20070224,24,0.0,10.6,2007-02-24,3.5,2007,2,51.5,137,5.7,-3.0
55,0.0,6.9,1.1,20070225,25,0.0,9.8,2007-02-25,4.5,2007,2,74.6,137,1.0,1.1
56,0.0,0.0,0.9,20070226,26,0.0,13.6,2007-02-26,4.7,2007,2,66.1,137,9.2,-3.0
57,0.0,2.6,1.4,20070227,27,0.0,16.2,2007-02-27,6.7,2007,2,59.0,137,8.9,-2.7
58,0.0,1.4,1.8,20070228,28,0.0,13.8,2007-02-28,6.8,2007,2,51.6,137,9.3,1.1
59,0.0,6.1,1.1,20070301,1,0.0,14.5,2007-03-01,5.4,2007,3,60.6,137,6.1,-3.5
60,8.5,9.8,1.1,20070302,2,0.0,7.1,2007-03-02,5.9,2007,3,83.0,137,0.0,4.4
61,0.5,8.4,0.9,20070303,3,0.0,17.2,2007-03-03,10.7,2007,3,84.1,137,3.2,6.0
62,16.0,9.8,2.6,20070304,4,0.0,14.3,2007-03-04,10.8,2007,3,89.3,137,0.0,8.8
63,0.5,9.3,6.2,20070305,5,0.0,9.8,2007-03-05,-0.1,2007,3,70.8,137,0.4,-4.6
64,0.0,0.5,5.7,20070306,6,0.0,0.3,2007-03-06,-4.0,2007,3,45.4,137,9.8,-7.0
65,0.2,2.9,3.4,20070307,7,1.0,2.5,2007-03-07,-2.1,2007,3,54.8,137,9.1,-6.6
66,0.1,3.3,2.7,20070308,8,0.3,6.3,2007-03-08,1.3,2007,3,55.1,137,7.4,-3.0
67,0.0,2.4,2.0,20070309,9,0.0,11.5,2007-03-09,3.6,2007,3,55.5,137,7.2,-2.7
68,0.5,5.3,3.5,20070310,10,0.0,13.3,2007-03-10,2.5,2007,3,63.3,137,5.3,-1.8
69,0.0,2.5,5.3,20070311,11,0.0,4.3,2007-03-11,-0.4,2007,3,44.5,137,8.8,-4.5
70,0.0,2.0,4.3,20070312,12,0.0,9.8,2007-03-12,4.1,2007,3,35.5,137,9.3,-0.6
71,0.0,1.9,2.5,20070313,13,0.0,12.0,2007-03-13,4.5,2007,3,41.1,137,9.0,-2.2
72,0.0,5.6,1.3,20070314,14,0.0,14.6,2007-03-14,5.9,2007,3,41.4,137,6.9,-2.5
73,0.0,6.1,1.1,20070315,15,0.0,15.1,2007-03-15,7.6,2007,3,54.3,137,5.9,1.5
74,0.0,7.9,1.9,20070316,16,0.0,13.6,2007-03-16,7.6,2007,3,55.9,137,3.0,4.5
75,0.5,7.8,1.7,20070317,17,0.0,6.6,2007-03-17,3.6,2007,3,82.9,137,0.6,1.8
76,0.0,3.9,1.0,20070318,18,0.0,12.1,2007-03-18,5.2,2007,3,65.4,137,7.3,-1.8
77,0.0,7.3,1.7,20070319,19,0.0,13.1,2007-03-19,4.8,2007,3,64.8,137,5.8,-1.3
78,0.0,8.1,1.8,20070320,20,0.0,11.8,2007-03-20,5.9,2007,3,52.5,137,1.8,1.6
79,0.0,8.6,1.9,20070321,21,0.0,13.8,2007-03-21,7.8,2007,3,52.8,137,2.9,1.0
80,0.0,2.4,2.9,20070322,22,0.0,17.0,2007-03-22,10.2,2007,3,50.5,137,7.1,5.3
81,0.0,5.3,1.3,20070323,23,0.0,21.2,2007-03-23,12.1,2007,3,45.8,137,9.5,1.7
82,12.0,9.6,2.2,20070324,24,0.0,12.2,2007-03-24,9.2,2007,3,89.3,137,0.0,6.9
83,0.0,1.8,4.1,20070325,25,0.0,17.7,2007-03-25,11.5,2007,3,54.5,137,10.2,7.3
84,1.5,4.9,1.9,20070326,26,0.0,20.1,2007-03-26,9.1,2007,3,64.5,137,6.7,4.4
85,0.0,5.9,2.1,20070327,27,0.0,17.5,2007-03-27,10.2,2007,3,72.8,137,2.5,5.0
86,9.0,5.5,2.9,20070328,28,0.0,20.2,2007-03-28,10.3,2007,3,70.5,137,5.3,2.7
87,18.0,7.6,2.3,20070329,29,0.0,13.3,2007-03-29,8.9,2007,3,80.9,137,3.2,4.6
88,0.0,7.6,1.2,20070330,30,0.0,17.1,2007-03-30,10.5,2007,3,70.9,137,7.3,5.6
89,10.0,7.1,2.4,20070331,31,0.0,12.6,2007-03-31,9.5,2007,3,82.9,137,0.0,7.9
90,0.0,7.5,3.1,20070401,1,0.0,14.3,2007-04-01,9.8,2007,4,55.3,137,0.0,6.6
91,0.0,1.0,4.1,20070402,2,0.0,12.6,2007-04-02,7.0,2007,4,47.8,137,10.2,2.7
92,0.0,0.0,3.9,20070403,3,0.0,10.6,2007-04-03,5.7,2007,4,41.5,137,11.3,0.8
93,0.0,1.8,3.1,20070404,4,0.0,12.8,2007-04-04,7.0,2007,4,38.9,137,10.8,2.7
94,0.0,3.9,1.4,20070405,5,0.0,17.1,2007-04-05,8.2,2007,4,46.6,137,10.0,-2.4
95,0.0,3.8,2.8,20070406,6,0.0,18.7,2007-04-06,11.5,2007,4,40.3,137,10.2,3.5
96,0.0,0.8,3.0,20070407,7,0.0,18.1,2007-04-07,10.9,2007,4,43.9,137,10.1,4.8
97,0.0,1.5,2.5,20070408,8,0.0,16.7,2007-04-08,10.4,2007,4,47.3,137,8.0,2.7
98,0.0,0.0,2.4,20070409,9,0.0,18.6,2007-04-09,11.8,2007,4,36.8,137,11.8,5.3
99,0.0,3.0,2.1,20070410,10,0.0,19.7,2007-04-10,11.7,2007,4,42.3,137,9.6,2.2
100,2.0,6.4,1.8,20070411,11,0.0,20.0,2007-04-11,12.9,2007,4,58.0,137,6.9,5.4
101,0.5,8.0,1.3,20070412,12,0.0,19.7,2007-04-12,12.0,2007,4,76.0,137,3.4,6.5
102,4.5,7.4,2.7,20070413,13,0.0,15.5,2007-04-13,9.6,2007,4,80.6,137,1.0,6.6
103,0.0,1.0,3.1,20070414,14,0.0,20.2,2007-04-14,12.2,2007,4,48.6,137,11.7,5.4
104,1.0,8.9,1.6,20070415,15,0.0,19.5,2007-04-15,11.3,2007,4,58.9,137,3.2,6.0
105,17.5,9.6,1.2,20070416,16,0.0,9.1,2007-04-16,6.3,2007,4,89.0,137,0.0,4.8
106,0.0,7.6,1.7,20070417,17,0.0,15.0,2007-04-17,9.5,2007,4,61.9,137,4.6,5.1
107,0.0,5.5,1.4,20070418,18,0.0,18.2,2007-04-18,10.5,2007,4,64.5,137,5.3,6.1
108,0.0,1.8,1.7,20070419,19,0.0,20.7,2007-04-19,11.8,2007,4,54.6,137,9.2,3.2
109,0.0,7.1,2.0,20070420,20,0.0,21.2,2007-04-20,14.7,2007,4,58.4,137,4.4,4.0
110,0.0,6.1,1.8,20070421,21,0.0,26.2,2007-04-21,20.0,2007,4,62.9,137,8.3,12.3
111,0.5,9.5,2.5,20070422,22,0.0,19.3,2007-04-22,15.9,2007,4,58.9,137,0.2,11.5
112,0.0,3.0,1.3,20070423,23,0.0,21.8,2007-04-23,13.4,2007,4,46.5,137,11.2,4.6
113,0.0,7.4,1.7,20070424,24,0.0,19.5,2007-04-24,12.2,2007,4,52.5,137,2.0,6.0
114,0.0,0.9,3.6,20070425,25,0.0,21.2,2007-04-25,14.8,2007,4,47.8,137,11.6,9.3
115,0.0,2.4,2.8,20070426,26,0.0,23.2,2007-04-26,15.8,2007,4,41.8,137,6.7,9.8
116,0.0,4.0,1.9,20070427,27,0.0,23.3,2007-04-27,14.0,2007,4,52.4,137,6.6,6.0
117,0.0,0.0,3.1,20070428,28,0.0,24.1,2007-04-28,16.5,2007,4,26.5,137,12.1,8.3
118,0.0,2.0,3.0,20070429,29,0.0,25.5,2007-04-29,18.0,2007,4,23.3,137,11.7,11.1
119,2.0,9.0,1.0,20070430,30,0.0,20.6,2007-04-30,14.3,2007,4,45.9,137,0.3,8.0
120,5.5,9.6,1.3,20070501,1,0.0,14.3,2007-05-01,12.0,2007,5,90.1,137,0.1,9.6
121,0.0,1.9,2.9,20070502,2,0.0,24.2,2007-05-02,17.0,2007,5,55.3,137,11.1,11.5
122,0.0,6.0,2.7,20070503,3,0.0,23.1,2007-05-03,17.2,2007,5,57.9,137,5.5,10.1
123,0.0,1.5,2.3,20070504,4,0.0,27.0,2007-05-04,19.8,2007,5,57.3,137,10.9,11.3
124,0.0,3.8,1.3,20070505,5,0.0,28.6,2007-05-05,19.9,2007,5,52.8,137,9.9,10.3
125,0.0,8.9,0.9,20070506,6,0.0,22.6,2007-05-06,17.6,2007,5,67.3,137,1.6,12.6
126,0.0,0.4,3.0,20070507,7,0.0,27.3,2007-05-07,21.0,2007,5,44.5,137,11.5,14.5
127,0.0,2.0,3.7,20070508,8,0.0,28.8,2007-05-08,22.1,2007,5,36.3,137,10.0,16.2
128,11.5,8.4,1.2,20070509,9,0.0,26.2,2007-05-09,16.4,2007,5,59.1,137,4.3,9.1
129,0.0,3.4,1.9,20070510,10,0.0,23.8,2007-05-10,15.6,2007,5,60.9,137,11.5,8.8
130,0.0,5.3,1.0,20070511,11,0.0,27.1,2007-05-11,17.7,2007,5,58.5,137,11.0,7.6
131,8.0,9.0,1.6,20070512,12,0.0,17.3,2007-05-12,14.3,2007,5,75.0,137,0.0,12.1
132,0.0,0.0,3.1,20070513,13,0.0,25.2,2007-05-13,17.5,2007,5,44.3,137,12.0,10.0
133,0.0,3.3,3.3,20070514,14,0.0,26.2,2007-05-14,19.7,2007,5,42.0,137,10.2,15.3
134,0.0,4.5,1.1,20070515,15,0.0,26.5,2007-05-15,19.0,2007,5,58.0,137,10.0,11.6
135,25.5,8.6,0.8,20070516,16,0.0,17.7,2007-05-16,13.9,2007,5,86.9,137,0.0,11.5
136,3.5,4.9,3.7,20070517,17,0.0,24.3,2007-05-17,17.3,2007,5,61.6,137,9.2,12.1
137,0.2,5.5,2.8,20070518,18,0.0,21.6,2007-05-18,16.0,2007,5,62.1,137,6.0,12.1
138,0.5,5.5,1.9,20070519,19,0.0,22.2,2007-05-19,15.8,2007,5,71.5,137,5.1,11.6
139,0.0,5.3,0.9,20070520,20,0.0,24.2,2007-05-20,17.6,2007,5,67.1,137,6.8,12.0
140,0.0,4.1,1.3,20070521,21,0.0,23.7,2007-05-21,16.3,2007,5,59.4,137,5.8,10.5
141,0.0,2.4,1.0,20070522,22,0.0,28.3,2007-05-22,18.9,2007,5,50.9,137,11.8,7.8
142,0.0,6.9,1.0,20070523,23,0.0,27.7,2007-05-23,20.9,2007,5,54.6,137,6.9,13.3
143,28.5,8.1,1.3,20070524,24,0.0,27.8,2007-05-24,19.8,2007,5,77.3,137,5.5,14.1
144,6.0,3.0,2.5,20070525,25,0.0,27.0,2007-05-25,21.0,2007,5,61.0,137,8.6,16.7
145,0.0,0.9,3.7,20070526,26,0.0,28.2,2007-05-26,22.0,2007,5,42.1,137,11.6,15.8
146,0.0,5.5,2.4,20070527,27,0.0,31.1,2007-05-27,22.3,2007,5,50.9,137,7.9,14.5
147,0.0,5.3,1.1,20070528,28,0.0,24.5,2007-05-28,17.9,2007,5,68.6,137,7.4,13.3
148,0.0,4.6,1.7,20070529,29,0.0,25.6,2007-05-29,19.0,2007,5,72.0,137,6.2,13.1
149,2.0,4.8,2.2,20070530,30,0.0,25.1,2007-05-30,18.3,2007,5,70.5,137,7.1,13.6
150,0.0,6.3,0.8,20070531,31,0.0,25.7,2007-05-31,18.7,2007,5,72.0,137,5.9,13.1
151,0.0,8.9,0.8,20070601,1,0.0,22.6,2007-06-01,17.9,2007,6,71.3,137,1.7,13.6
152,0.0,5.1,1.0,20070602,2,0.0,26.2,2007-06-02,18.8,2007,6,68.6,137,6.8,13.1
153,0.0,5.1,1.1,20070603,3,0.0,27.6,2007-06-03,20.8,2007,6,67.1,137,7.1,14.8
154,0.0,7.8,0.9,20070604,4,0.0,26.8,2007-06-04,20.9,2007,6,70.5,137,5.1,13.8
155,0.0,5.6,2.3,20070605,5,0.0,28.0,2007-06-05,22.9,2007,6,64.0,137,7.5,19.5
156,0.0,6.9,2.4,20070606,6,0.0,27.7,2007-06-06,22.4,2007,6,63.6,137,6.5,19.5
157,0.0,7.8,1.8,20070607,7,0.0,27.7,2007-06-07,21.4,2007,6,61.3,137,6.3,16.8
158,0.5,6.8,1.9,20070608,8,0.0,27.8,2007-06-08,20.1,2007,6,67.8,137,8.2,14.3
159,0.5,5.1,1.1,20070609,9,0.0,25.0,2007-06-09,17.9,2007,6,68.5,137,7.0,13.8
160,0.0,0.3,0.8,20070610,10,0.0,28.8,2007-06-10,20.5,2007,6,63.9,137,11.8,11.1
161,0.0,3.6,1.0,20070611,11,0.0,32.5,2007-06-11,24.0,2007,6,58.9,137,10.9,14.5
162,0.0,5.4,1.3,20070612,12,0.0,32.0,2007-06-12,25.5,2007,6,54.5,137,10.5,18.0
163,4.0,8.0,1.1,20070613,13,0.0,27.2,2007-06-13,22.3,2007,6,70.4,137,1.7,18.8
164,10.5,9.5,0.5,20070614,14,0.0,22.7,2007-06-14,18.7,2007,6,85.9,137,0.1,16.2
165,0.0,7.6,1.2,20070615,15,0.0,27.3,2007-06-15,20.0,2007,6,65.4,137,5.0,15.0
166,0.0,2.5,1.4,20070616,16,0.0,31.1,2007-06-16,21.3,2007,6,46.5,137,12.6,11.3
167,0.0,5.0,0.9,20070617,17,0.0,28.7,2007-06-17,20.2,2007,6,55.8,137,4.0,13.6
168,0.0,0.0,0.8,20070618,18,0.0,32.2,2007-06-18,22.5,2007,6,59.3,137,12.5,14.1
169,0.0,0.8,0.9,20070619,19,0.0,31.8,2007-06-19,22.7,2007,6,60.3,137,11.7,12.3
170,0.0,5.1,1.1,20070620,20,0.0,31.8,2007-06-20,24.6,2007,6,64.5,137,8.2,16.2
171,41.5,10.0,1.2,20070621,21,0.0,28.0,2007-06-21,22.5,2007,6,81.1,137,0.1,19.3
172,11.5,7.6,0.9,20070622,22,0.0,27.2,2007-06-22,21.3,2007,6,85.5,137,5.1,18.7
173,10.0,9.1,0.8,20070623,23,0.0,26.8,2007-06-23,19.6,2007,6,84.0,137,0.8,15.3
174,38.5,9.9,0.5,20070624,24,0.0,20.0,2007-06-24,17.8,2007,6,93.3,137,0.0,15.1
175,0.0,8.3,1.2,20070625,25,0.0,25.2,2007-06-25,21.9,2007,6,82.3,137,1.1,18.3
176,0.0,6.5,1.0,20070626,26,0.0,29.7,2007-06-26,24.5,2007,6,74.4,137,6.9,20.1
177,0.0,7.0,0.9,20070627,27,0.0,30.6,2007-06-27,25.7,2007,6,74.5,137,5.5,21.1
178,6.0,10.0,0.7,20070628,28,0.0,32.0,2007-06-28,25.3,2007,6,84.9,137,2.0,22.0
179,6.5,7.9,1.9,20070629,29,0.0,28.0,2007-06-29,24.1,2007,6,81.1,137,1.2,21.5
180,0.0,8.6,1.1,20070630,30,0.0,29.3,2007-06-30,23.9,2007,6,74.8,137,5.2,19.7
181,77.0,10.0,0.9,20070701,1,0.0,21.1,2007-07-01,18.8,2007,7,93.0,137,0.0,18.2
182,8.0,10.0,0.4,20070702,2,0.0,22.8,2007-07-02,20.2,2007,7,92.8,137,0.0,18.6
183,0.4,9.6,0.4,20070703,3,0.0,29.7,2007-07-03,24.4,2007,7,84.5,137,2.9,20.5
184,14.5,7.6,0.6,20070704,4,0.0,25.7,2007-07-04,21.7,2007,7,84.5,137,2.8,19.2
185,0.0,6.3,1.6,20070705,5,0.0,27.3,2007-07-05,22.8,2007,7,78.3,137,3.5,18.8
186,0.0,5.5,0.9,20070706,6,0.0,29.6,2007-07-06,23.5,2007,7,75.9,137,6.8,17.6
187,0.0,7.5,0.6,20070707,7,0.0,28.5,2007-07-07,22.8,2007,7,78.9,137,5.1,18.1
188,0.0,9.0,0.6,20070708,8,0.0,27.2,2007-07-08,22.5,2007,7,84.4,137,0.8,19.7
189,25.0,10.0,1.2,20070709,9,0.0,25.7,2007-07-09,20.3,2007,7,84.1,137,0.1,17.7
190,56.5,10.0,0.7,20070710,10,0.0,21.7,2007-07-10,19.0,2007,7,93.4,137,0.0,17.2
191,0.1,10.0,0.5,20070711,11,0.0,20.7,2007-07-11,19.5,2007,7,91.4,137,0.0,18.6
192,0.0,5.6,0.5,20070712,12,0.0,29.5,2007-07-12,22.8,2007,7,80.1,137,6.8,18.2
193,3.0,9.5,1.1,20070713,13,0.0,24.3,2007-07-13,21.1,2007,7,86.0,137,0.1,16.8
194,0.0,8.5,1.8,20070714,14,0.0,24.7,2007-07-14,20.4,2007,7,75.0,137,1.1,16.8
195,0.5,5.8,0.9,20070715,15,0.0,29.7,2007-07-15,22.3,2007,7,72.3,137,8.0,15.5
196,13.5,10.0,0.6,20070716,16,0.0,20.1,2007-07-16,18.5,2007,7,91.9,137,0.0,16.2
197,1.0,8.3,1.9,20070717,17,0.0,24.7,2007-07-17,21.5,2007,7,83.4,137,1.4,19.0
198,0.0,3.3,1.0,20070718,18,0.0,30.5,2007-07-18,24.2,2007,7,74.4,137,11.7,19.2
199,15.5,9.8,0.3,20070719,19,0.0,24.1,2007-07-19,22.7,2007,7,92.3,137,0.0,20.8
200,0.5,9.8,0.8,20070720,20,0.0,27.1,2007-07-20,23.6,2007,7,89.0,137,0.0,21.2
201,2.0,9.9,0.4,20070721,21,0.0,24.1,2007-07-21,21.6,2007,7,88.9,137,0.0,19.8
202,0.0,6.9,1.2,20070722,22,0.0,29.0,2007-07-22,23.9,2007,7,80.5,137,6.6,19.7
203,0.5,8.9,0.6,20070723,23,0.0,28.8,2007-07-23,24.8,2007,7,83.8,137,1.1,21.0
204,8.5,10.0,0.4,20070724,24,0.0,25.2,2007-07-24,23.0,2007,7,90.1,137,0.0,21.2
205,0.5,6.6,1.2,20070725,25,0.0,30.2,2007-07-25,25.2,2007,7,81.4,137,6.6,21.8
206,0.0,1.4,1.8,20070726,26,0.0,31.3,2007-07-26,26.4,2007,7,75.3,137,10.2,22.3
207,0.0,2.3,1.8,20070727,27,0.0,32.2,2007-07-27,26.8,2007,7,75.1,137,10.6,23.1
208,0.0,5.0,2.2,20070728,28,0.0,31.6,2007-07-28,27.1,2007,7,76.4,137,6.4,24.6
209,3.0,6.8,1.6,20070729,29,0.0,30.6,2007-07-29,23.6,2007,7,84.5,137,1.3,18.2
210,0.0,4.0,0.6,20070730,30,0.0,29.7,2007-07-30,23.0,2007,7,79.5,137,8.5,19.1
211,0.0,4.6,1.0,20070731,31,0.0,30.8,2007-07-31,25.0,2007,7,76.3,137,7.7,20.2
212,0.0,6.0,1.1,20070801,1,0.0,31.7,2007-08-01,26.1,2007,8,77.4,137,7.6,19.2
213,0.0,5.8,0.6,20070802,2,0.0,33.5,2007-08-02,27.1,2007,8,79.5,137,8.2,21.7
214,9.0,7.0,1.4,20070803,3,0.0,33.9,2007-08-03,26.7,2007,8,81.1,137,6.8,23.2
215,5.5,8.8,0.5,20070804,4,0.0,31.7,2007-08-04,25.0,2007,8,87.6,137,1.5,21.8
216,9.0,9.5,0.6,20070805,5,0.0,27.7,2007-08-05,23.6,2007,8,89.5,137,1.2,21.7
217,19.5,9.5,0.5,20070806,6,0.0,27.5,2007-08-06,23.3,2007,8,90.1,137,0.4,21.6
218,5.0,9.3,0.4,20070807,7,0.0,26.5,2007-08-07,23.4,2007,8,91.8,137,0.0,21.7
219,22.0,9.5,0.6,20070808,8,0.0,28.6,2007-08-08,22.3,2007,8,92.4,137,1.0,20.3
220,0.0,8.1,0.8,20070809,9,0.0,31.5,2007-08-09,25.5,2007,8,86.8,137,3.1,21.5
221,0.5,6.4,0.7,20070810,10,0.0,32.4,2007-08-10,25.6,2007,8,88.0,137,4.2,22.3
222,0.0,4.0,1.1,20070811,11,0.0,32.2,2007-08-11,26.3,2007,8,77.6,137,8.3,21.7
223,4.0,9.1,1.5,20070812,12,0.0,25.7,2007-08-12,24.7,2007,8,86.5,137,0.0,23.1
224,9.5,8.9,1.1,20070813,13,0.0,29.5,2007-08-13,25.8,2007,8,85.1,137,0.9,23.5
225,3.0,9.3,1.7,20070814,14,0.0,29.8,2007-08-14,26.2,2007,8,84.1,137,0.6,23.7
226,1.0,6.9,0.5,20070815,15,0.0,30.6,2007-08-15,25.4,2007,8,88.0,137,2.7,22.7
227,0.0,2.9,0.9,20070816,16,0.0,33.4,2007-08-16,27.1,2007,8,78.6,137,10.2,21.2
228,0.0,2.0,0.9,20070817,17,0.0,35.0,2007-08-17,28.6,2007,8,77.3,137,10.9,23.2
229,0.0,4.6,0.8,20070818,18,0.0,33.7,2007-08-18,27.6,2007,8,79.8,137,7.2,23.2
230,0.0,6.6,1.6,20070819,19,0.0,33.0,2007-08-19,27.5,2007,8,72.3,137,9.6,23.2
231,0.0,3.8,1.8,20070820,20,0.0,31.7,2007-08-20,26.8,2007,8,72.9,137,9.9,22.1
232,0.0,4.3,2.4,20070821,21,0.0,32.2,2007-08-21,27.5,2007,8,72.8,137,9.5,24.0
233,8.5,6.4,1.4,20070822,22,0.0,30.1,2007-08-22,24.7,2007,8,87.8,137,2.5,22.7
234,0.0,2.0,0.7,20070823,23,0.0,30.5,2007-08-23,24.0,2007,8,81.6,137,7.7,19.7
235,0.0,4.8,0.6,20070824,24,0.0,32.9,2007-08-24,26.0,2007,8,80.5,137,8.1,20.7
236,0.0,2.1,1.1,20070825,25,0.0,33.0,2007-08-25,27.2,2007,8,74.5,137,11.4,21.7
237,10.5,6.3,1.1,20070826,26,0.0,33.5,2007-08-26,26.0,2007,8,81.8,137,8.0,22.3
238,3.5,7.1,1.6,20070827,27,0.0,29.1,2007-08-27,24.7,2007,8,87.0,137,3.1,21.5
239,12.5,9.6,1.3,20070828,28,0.0,30.2,2007-08-28,23.4,2007,8,88.0,137,1.9,19.3
240,77.0,10.0,1.3,20070829,29,0.0,20.5,2007-08-29,18.8,2007,8,93.3,137,0.0,16.8
241,76.5,10.0,0.3,20070830,30,0.0,19.7,2007-08-30,17.4,2007,8,92.3,137,0.0,16.6
242,1.0,9.8,0.4,20070831,31,0.0,23.2,2007-08-31,19.6,2007,8,89.4,137,0.1,16.6
243,106.5,10.0,1.0,20070901,1,0.0,19.0,2007-09-01,17.0,2007,9,92.0,137,0.0,15.8
244,14.0,10.0,0.3,20070902,2,0.0,20.2,2007-09-02,18.3,2007,9,92.0,137,0.0,16.3
245,0.5,10.0,0.4,20070903,3,0.0,23.7,2007-09-03,20.2,2007,9,89.5,137,0.2,17.6
246,7.5,10.0,0.3,20070904,4,0.0,21.6,2007-09-04,19.1,2007,9,93.1,137,0.1,17.5
247,47.5,10.0,0.5,20070905,5,0.0,20.6,2007-09-05,18.6,2007,9,98.0,137,0.0,17.2
248,27.5,10.0,0.4,20070906,6,0.0,19.0,2007-09-06,18.1,2007,9,97.3,137,0.0,17.5
249,0.0,8.8,1.0,20070907,7,0.0,25.7,2007-09-07,21.2,2007,9,85.0,137,0.4,17.3
250,0.0,4.9,1.7,20070908,8,0.0,27.1,2007-09-08,22.2,2007,9,71.5,137,8.0,19.2
251,0.0,2.6,2.1,20070909,9,0.0,28.1,2007-09-09,22.6,2007,9,68.9,137,9.7,17.8
252,0.0,0.4,1.7,20070910,10,0.0,29.2,2007-09-10,22.7,2007,9,76.0,137,10.3,15.1
253,0.0,4.0,1.7,20070911,11,0.0,29.0,2007-09-11,22.9,2007,9,75.0,137,8.0,17.2
254,0.0,5.3,0.4,20070912,12,0.0,28.7,2007-09-12,21.3,2007,9,85.4,137,6.0,16.7
255,0.0,7.0,0.4,20070913,13,0.0,27.1,2007-09-13,21.0,2007,9,88.4,137,0.9,17.6
256,21.5,8.9,0.7,20070914,14,0.0,20.7,2007-09-14,18.4,2007,9,96.1,137,0.0,16.2
257,46.0,9.8,0.4,20070915,15,0.0,24.1,2007-09-15,20.8,2007,9,97.0,137,0.0,18.2
258,74.5,10.0,1.2,20070916,16,0.0,21.2,2007-09-16,19.5,2007,9,97.0,137,0.0,18.6
259,2.0,7.9,0.9,20070917,17,0.0,27.6,2007-09-17,22.2,2007,9,86.5,137,3.9,18.7
260,0.5,10.0,0.7,20070918,18,0.0,22.2,2007-09-18,20.6,2007,9,92.1,137,0.0,18.6
261,0.0,6.1,0.7,20070919,19,0.0,32.4,2007-09-19,25.1,2007,9,84.9,137,5.7,20.5
262,0.0,3.0,1.2,20070920,20,0.0,32.7,2007-09-20,26.1,2007,9,80.1,137,7.0,21.0
263,0.0,8.3,1.2,20070921,21,0.0,31.2,2007-09-21,25.2,2007,9,81.3,137,2.7,22.0
264,1.5,10.0,0.8,20070922,22,0.0,22.8,2007-09-22,20.6,2007,9,91.9,137,0.0,17.3
265,0.1,10.0,0.7,20070923,23,0.0,23.7,2007-09-23,19.5,2007,9,86.5,137,0.0,16.7
266,4.0,6.3,0.6,20070924,24,0.0,23.2,2007-09-24,18.6,2007,9,91.0,137,1.2,16.2
267,0.0,5.9,0.6,20070925,25,0.0,28.2,2007-09-25,20.2,2007,9,85.0,137,5.0,16.3
268,0.0,6.1,0.5,20070926,26,0.0,26.6,2007-09-26,20.5,2007,9,83.9,137,4.2,16.7
269,0.0,5.1,1.5,20070927,27,0.0,29.2,2007-09-27,23.4,2007,9,75.4,137,8.2,18.1
270,1.5,9.6,2.1,20070928,28,0.0,23.7,2007-09-28,19.0,2007,9,79.3,137,1.0,14.3
271,0.1,8.8,0.6,20070929,29,0.0,23.5,2007-09-29,17.6,2007,9,82.8,137,1.6,11.5
272,2.0,9.8,0.2,20070930,30,0.0,19.0,2007-09-30,17.0,2007,9,91.9,137,0.0,15.5
273,0.0,8.9,0.2,20071001,1,0.0,23.0,2007-10-01,17.7,2007,10,90.1,137,0.5,15.6
274,0.0,8.3,0.6,20071002,2,0.0,25.7,2007-10-02,19.4,2007,10,81.1,137,3.6,15.1
275,0.0,9.6,0.5,20071003,3,0.0,24.5,2007-10-03,19.4,2007,10,83.1,137,0.7,17.0
276,0.4,7.9,0.3,20071004,4,0.0,25.0,2007-10-04,19.8,2007,10,90.8,137,1.3,17.2
277,0.0,2.6,0.7,20071005,5,0.0,26.0,2007-10-05,19.0,2007,10,79.3,137,6.4,14.8
278,0.0,2.3,1.0,20071006,6,0.0,26.5,2007-10-06,18.2,2007,10,75.8,137,8.3,12.1
279,0.5,5.1,1.0,20071007,7,0.0,27.2,2007-10-07,18.9,2007,10,84.9,137,5.9,10.8
280,0.2,6.0,2.6,20071008,8,0.0,22.6,2007-10-08,17.2,2007,10,64.8,137,3.1,12.3
281,0.0,1.8,1.2,20071009,9,0.0,23.7,2007-10-09,15.0,2007,10,72.9,137,9.1,7.9
282,0.0,5.8,0.5,20071010,10,0.0,25.0,2007-10-10,16.7,2007,10,80.3,137,6.3,10.3
283,0.0,8.4,1.7,20071011,11,0.0,22.0,2007-10-11,15.9,2007,10,65.6,137,2.1,12.6
284,0.0,9.1,1.1,20071012,12,0.0,22.0,2007-10-12,16.5,2007,10,67.1,137,1.4,12.3
285,0.0,8.1,0.7,20071013,13,0.0,22.2,2007-10-13,15.6,2007,10,70.3,137,3.5,11.6
286,0.0,5.3,0.9,20071014,14,0.0,22.8,2007-10-14,14.8,2007,10,79.6,137,5.1,10.1
287,0.0,3.5,0.5,20071015,15,0.0,21.5,2007-10-15,13.6,2007,10,81.3,137,6.7,7.3
288,0.0,4.1,0.8,20071016,16,0.0,21.6,2007-10-16,13.6,2007,10,74.9,137,7.1,8.8
289,0.1,1.4,0.5,20071017,17,0.0,21.0,2007-10-17,12.4,2007,10,77.4,137,7.5,5.6
290,0.0,4.8,0.4,20071018,18,0.0,20.7,2007-10-18,12.6,2007,10,79.9,137,7.9,4.8
291,1.0,4.9,2.2,20071019,19,0.0,18.1,2007-10-19,11.3,2007,10,71.9,137,4.9,7.3
292,0.1,1.5,3.8,20071020,20,0.0,11.8,2007-10-20,7.6,2007,10,53.5,137,8.6,5.4
293,0.0,1.6,2.2,20071021,21,0.0,18.2,2007-10-21,10.4,2007,10,66.0,137,8.8,4.4
294,0.0,2.5,1.3,20071022,22,0.0,20.7,2007-10-22,11.9,2007,10,77.6,137,7.3,4.0
295,0.0,0.0,0.7,20071023,23,0.0,21.0,2007-10-23,12.8,2007,10,86.3,137,7.8,6.1
296,0.0,4.4,0.5,20071024,24,0.0,22.1,2007-10-24,12.3,2007,10,85.6,137,5.6,7.8
297,5.5,9.0,0.5,20071025,25,0.0,17.7,2007-10-25,12.5,2007,10,92.6,137,0.4,7.5
298,6.0,5.0,0.9,20071026,26,0.0,22.2,2007-10-26,15.0,2007,10,82.6,137,4.2,9.3
299,0.0,2.5,0.4,20071027,27,0.0,20.8,2007-10-27,11.3,2007,10,78.5,137,7.2,6.3
300,1.0,6.1,0.6,20071028,28,0.0,17.5,2007-10-28,11.0,2007,10,86.9,137,2.6,3.7
301,0.5,7.3,2.4,20071029,29,0.0,15.6,2007-10-29,11.2,2007,10,64.5,137,3.9,8.6
302,0.0,3.8,1.4,20071030,30,0.0,17.6,2007-10-30,10.4,2007,10,68.1,137,7.2,4.5
303,0.0,5.6,0.9,20071031,31,0.0,18.1,2007-10-31,9.5,2007,10,66.4,137,5.1,2.7
304,0.0,4.6,2.7,20071101,1,0.0,13.8,2007-11-01,10.2,2007,11,49.4,137,6.6,6.5
305,0.0,4.3,2.0,20071102,2,0.0,14.6,2007-11-02,8.5,2007,11,64.5,137,5.4,4.4
306,0.0,0.6,0.8,20071103,3,0.0,17.2,2007-11-03,7.5,2007,11,75.3,137,6.2,0.6
307,0.0,0.8,0.5,20071104,4,0.0,17.7,2007-11-04,8.1,2007,11,78.3,137,8.6,0.4
308,0.0,7.6,0.3,20071105,5,0.0,13.1,2007-11-05,7.9,2007,11,89.8,137,0.0,3.5
309,0.0,5.3,0.3,20071106,6,0.0,15.8,2007-11-06,8.4,2007,11,84.6,137,0.8,4.0
310,0.0,1.5,0.4,20071107,7,0.0,19.6,2007-11-07,7.8,2007,11,80.5,137,7.5,-0.1
311,0.0,0.8,0.5,20071108,8,0.0,19.3,2007-11-08,8.6,2007,11,76.1,137,8.4,1.5
312,0.0,2.1,1.0,20071109,9,0.0,18.2,2007-11-09,10.2,2007,11,78.0,137,7.3,2.5
313,0.0,5.3,2.3,20071110,10,0.0,14.1,2007-11-10,10.4,2007,11,64.3,137,4.3,6.3
314,0.0,3.0,2.2,20071111,11,0.0,12.3,2007-11-11,7.4,2007,11,66.3,137,6.4,2.9
315,0.0,0.0,1.4,20071112,12,0.0,16.1,2007-11-12,8.0,2007,11,63.6,137,8.5,1.2
316,0.0,3.8,1.4,20071113,13,0.0,16.6,2007-11-13,8.7,2007,11,67.9,137,7.9,0.6
317,0.0,2.4,1.3,20071114,14,0.0,17.7,2007-11-14,9.8,2007,11,71.5,137,7.0,3.2
318,0.0,4.1,2.3,20071115,15,0.0,16.5,2007-11-15,9.9,2007,11,67.0,137,4.4,5.0
319,0.0,1.1,2.7,20071116,16,0.0,11.6,2007-11-16,6.7,2007,11,47.9,137,8.5,3.0
320,0.0,3.9,3.2,20071117,17,0.0,11.8,2007-11-17,6.8,2007,11,53.6,137,5.6,1.3
321,0.0,0.0,4.8,20071118,18,0.0,7.5,2007-11-18,1.0,2007,11,30.8,137,8.4,-3.4
322,0.0,2.4,1.8,20071119,19,0.0,6.5,2007-11-19,-0.5,2007,11,53.5,137,7.4,-6.5
323,2.0,1.5,3.1,20071120,20,2.0,6.0,2007-11-20,1.8,2007,11,55.0,137,8.6,-3.0
324,2.0,1.6,2.1,20071121,21,1.5,10.0,2007-11-21,1.8,2007,11,62.8,137,7.9,-4.6
325,0.0,2.1,1.5,20071122,22,0.0,11.1,2007-11-22,3.5,2007,11,51.0,137,8.5,-2.4
326,0.0,4.1,0.7,20071123,23,0.0,11.1,2007-11-23,3.8,2007,11,71.0,137,5.2,0.2
327,1.5,4.3,1.4,20071124,24,0.0,13.6,2007-11-24,5.7,2007,11,76.9,137,6.4,0.0
328,0.0,2.6,1.4,20071125,25,0.0,13.8,2007-11-25,4.2,2007,11,71.8,137,4.8,-3.2
329,0.0,6.1,2.6,20071126,26,0.0,12.8,2007-11-26,7.5,2007,11,67.5,137,3.1,2.0
330,0.0,2.9,3.3,20071127,27,0.0,8.1,2007-11-27,3.1,2007,11,46.6,137,8.0,-0.4
331,0.0,2.0,0.7,20071128,28,0.0,11.5,2007-11-28,2.6,2007,11,56.6,137,8.4,-5.5
332,0.0,2.5,1.7,20071129,29,0.0,15.3,2007-11-29,6.3,2007,11,61.8,137,4.7,-1.2
333,0.0,0.4,3.6,20071130,30,0.0,8.6,2007-11-30,3.6,2007,11,44.8,137,8.6,0.5
334,0.0,2.3,3.0,20071201,1,0.0,9.3,2007-12-01,4.2,2007,12,54.6,137,8.5,-0.6
335,4.0,8.4,1.2,20071202,2,0.0,5.6,2007-12-02,3.4,2007,12,87.6,137,0.0,1.7
336,0.0,3.3,3.9,20071203,3,0.0,6.5,2007-12-03,2.1,2007,12,61.9,137,5.8,-1.0
337,0.0,0.3,4.0,20071204,4,0.0,2.5,2007-12-04,-0.9,2007,12,50.6,137,8.5,-2.7
338,0.0,0.0,3.7,20071205,5,0.0,3.9,2007-12-05,-0.4,2007,12,44.8,137,8.5,-3.7
339,0.0,6.1,1.8,20071206,6,0.0,5.5,2007-12-06,0.3,2007,12,72.0,137,0.0,-3.4
340,1.2,6.6,2.1,20071207,7,1.0,7.0,2007-12-07,2.4,2007,12,74.8,137,2.6,-0.6
341,0.0,0.9,3.0,20071208,8,0.0,5.3,2007-12-08,1.5,2007,12,62.6,137,5.2,-0.8
342,0.0,0.3,1.9,20071209,9,0.0,7.9,2007-12-09,1.8,2007,12,61.9,137,8.3,-2.5
343,0.4,6.4,0.8,20071210,10,0.0,3.5,2007-12-10,-0.1,2007,12,81.3,137,0.2,-4.9
344,5.5,8.5,0.6,20071211,11,0.0,7.1,2007-12-11,3.4,2007,12,95.6,137,0.0,0.5
345,0.0,6.1,1.1,20071212,12,0.0,9.6,2007-12-12,3.4,2007,12,81.9,137,4.0,-1.7
346,0.0,4.1,3.2,20071213,13,0.0,5.4,2007-12-13,2.9,2007,12,63.3,137,3.5,0.8
347,0.0,1.4,3.3,20071214,14,0.0,5.3,2007-12-14,0.9,2007,12,51.3,137,8.3,-2.7
348,0.0,5.9,3.4,20071215,15,0.0,6.9,2007-12-15,1.5,2007,12,65.3,137,5.2,-3.5
349,0.0,0.5,2.5,20071216,16,0.0,5.3,2007-12-16,0.2,2007,12,62.8,137,8.2,-3.0
350,0.0,5.4,1.9,20071217,17,0.0,7.9,2007-12-17,1.8,2007,12,71.1,137,3.3,-3.5
351,0.0,2.0,1.9,20071218,18,0.0,5.4,2007-12-18,0.8,2007,12,67.6,137,3.7,-3.0
352,0.0,0.4,1.7,20071219,19,0.0,6.0,2007-12-19,-0.9,2007,12,75.3,137,7.9,-5.9
353,0.0,4.4,0.9,20071220,20,0.0,7.8,2007-12-20,1.3,2007,12,77.6,137,5.1,-5.3
354,0.0,7.9,0.7,20071221,21,0.0,5.3,2007-12-21,1.2,2007,12,81.1,137,1.0,-3.0
355,0.0,6.1,0.7,20071222,22,0.0,11.3,2007-12-22,3.3,2007,12,79.1,137,6.3,-2.0
356,0.0,0.9,2.6,20071223,23,0.0,9.6,2007-12-23,3.7,2007,12,70.8,137,5.6,-1.3
357,0.0,3.9,1.0,20071224,24,0.0,8.0,2007-12-24,1.0,2007,12,79.0,137,6.0,-3.7
358,0.0,6.6,0.5,20071225,25,0.0,9.1,2007-12-25,2.4,2007,12,80.8,137,4.3,-3.0
359,0.0,0.4,0.7,20071226,26,0.0,14.5,2007-12-26,4.6,2007,12,80.5,137,8.1,-2.0
360,4.0,7.1,0.6,20071227,27,0.0,6.5,2007-12-27,2.1,2007,12,93.1,137,0.1,-3.0
361,5.5,9.1,1.6,20071228,28,0.0,7.3,2007-12-28,5.4,2007,12,92.5,137,0.0,3.9
362,0.0,6.4,3.8,20071229,29,0.0,5.0,2007-12-29,1.8,2007,12,69.5,137,1.9,-1.2
363,0.0,2.6,5.4,20071230,30,0.0,-1.1,2007-12-30,-4.5,2007,12,57.1,137,5.9,-5.8
364,0.4,4.6,5.2,20071231,31,1.3,-1.1,2007-12-31,-4.4,2007,12,64.0,137,3.3,-6.0
