,year,tmax,humid,rainfall,snow,Date,wind,month,date,sunshine,tavg,tmin,cloud,station_id,day
0,2021,-1.0,79.8,0.5,0.0,2021-01-01,1.6,1,20210101,1.1,-4.2,-8.5,5.3,137,1
1,2021,0.5,56.5,0.0,0.0,2021-01-02,2.1,1,20210102,7.5,-3.1,-5.5,1.6,137,2
2,2021,1.0,47.8,0.0,0.0,2021-01-03,2.6,1,20210103,7.0,-3.2,-7.0,4.8,137,3
3,2021,4.0,59.8,0.0,0.0,2021-01-04,1.5,1,20210104,8.0,-2.0,-7.4,3.4,137,4
4,2021,1.3,51.8,0.0,0.0,2021-01-05,2.4,1,20210105,6.1,-2.7,-7.6,3.1,137,5
5,2021,-0.3,57.0,0.3,0.0,2021-01-06,2.0,1,20210106,8.0,-5.6,-10.1,1.1,137,6
6,2021,-4.0,42.3,2.0,0.0,2021-01-07,4.3,1,20210107,7.9,-11.8,-15.4,1.9,137,7
7,2021,-7.8,45.0,0.0,0.0,2021-01-08,2.8,1,20210108,8.1,-12.8,-16.3,0.9,137,8
8,2021,-5.7,51.0,0.0,0.0,2021-01-09,2.7,1,20210109,8.1,-10.6,-14.7,1.3,137,9
9,2021,-0.4,48.9,0.0,0.0,2021-01-10,2.3,1,20210110,7.8,-6.9,-10.9,1.0,137,10
10,2021,-3.0,65.5,0.0,0.0,2021-01-11,0.9,1,20210111,0.2,-6.8,-11.1,7.9,137,11
11,2021,2.9,64.1,0.0,0.0,2021-01-12,1.2,1,20210112,6.4,-2.3,-9.0,4.0,137,12
12,2021,10.6,71.9,0.0,0.0,2021-01-13,1.3,1,20210113,7.9,2.6,-6.1,1.1,137,13
13,2021,9.8,46.6,0.0,0.0,2021-01-14,1.3,1,20210114,8.2,3.2,-2.6,0.0,137,14
14,2021,12.7,59.8,0.0,0.0,2021-01-15,1.4,1,20210115,3.5,3.7,-4.4,6.9,137,15
15,2021,3.9,52.9,0.0,0.0,2021-01-16,3.3,1,20210116,6.0,-1.2,-5.2,2.8,137,16
16,2021,0.2,50.4,0.1,0.0,2021-01-17,1.9,1,20210117,8.3,-3.7,-8.0,3.5,137,17
17,2021,2.8,67.6,1.7,0.0,2021-01-18,2.5,1,20210118,1.9,-2.6,-6.2,5.1,137,18
18,2021,1.6,50.1,0.0,0.0,2021-01-19,1.4,1,20210119,8.4,-5.1,-10.2,0.6,137,19
19,2021,5.2,57.6,0.0,0.0,2021-01-20,0.6,1,20210120,8.3,-4.1,-11.9,0.8,137,20
20,2021,8.0,67.0,3.4,0.0,2021-01-21,0.5,1,20210121,4.0,2.0,-5.5,9.5,137,21
21,2021,9.3,96.3,2.7,0.0,2021-01-22,0.3,1,20210122,1.5,5.3,2.4,6.8,137,22
22,2021,10.5,81.1,0.0,0.0,2021-01-23,1.5,1,20210123,0.0,7.5,4.8,8.1,137,23
23,2021,12.1,75.3,0.0,0.0,2021-01-24,1.0,1,20210124,6.9,5.6,-0.7,4.3,137,24
24,2021,11.5,76.5,0.0,0.0,2021-01-25,1.1,1,20210125,7.3,4.8,-1.2,7.1,137,25
25,2021,7.1,88.9,3.9,0.0,2021-01-26,1.4,1,20210126,0.7,4.2,1.5,8.8,137,26
26,2021,9.4,52.6,0.0,0.0,2021-01-27,2.0,1,20210127,7.9,3.5,-1.0,6.5,137,27
27,2021,8.3,60.6,1.9,0.0,2021-01-28,3.5,1,20210128,3.6,-1.9,-7.0,5.8,137,28
28,2021,-2.0,39.5,0.0,0.0,2021-01-29,4.1,1,20210129,8.7,-6.3,-9.7,0.8,137,29
29,2021,7.8,47.8,0.0,0.0,2021-01-30,1.7,1,20210130,4.3,-1.2,-9.2,4.1,137,30
30,2021,8.6,55.9,0.0,0.0,2021-01-31,0.9,1,20210131,8.5,0.3,-7.2,3.3,137,31
31,2021,12.5,79.4,7.9,0.0,2021-02-01,1.8,2,20210201,2.9,4.7,-1.0,7.1,137,1
32,2021,3.8,39.1,0.0,0.0,2021-02-02,4.1,2,20210202,8.8,-2.9,-5.1,1.0,137,2
33,2021,3.1,45.8,0.0,0.0,2021-02-03,2.3,2,20210203,8.8,-2.6,-8.2,2.1,137,3
34,2021,3.0,40.6,0.2,0.0,2021-02-04,3.2,2,20210204,8.9,-0.2,-3.0,0.8,137,4
35,2021,8.2,44.8,0.0,0.0,2021-02-05,1.4,2,20210205,5.9,0.8,-6.9,5.9,137,5
36,2021,11.9,65.4,0.0,0.0,2021-02-06,1.4,2,20210206,5.0,4.0,-3.0,3.6,137,6
37,2021,12.0,53.3,0.0,0.0,2021-02-07,2.8,2,20210207,8.6,6.9,0.9,1.0,137,7
38,2021,3.2,40.1,0.0,0.0,2021-02-08,3.3,2,20210208,9.0,-1.5,-4.0,0.0,137,8
39,2021,7.0,38.8,0.0,0.0,2021-02-09,2.6,2,20210209,9.0,0.2,-5.5,0.0,137,9
40,2021,8.9,60.0,0.0,0.0,2021-02-10,1.9,2,20210210,8.7,2.7,-5.3,0.8,137,10
41,2021,10.6,67.3,0.0,0.0,2021-02-11,0.9,2,20210211,7.3,3.7,-2.5,6.0,137,11
42,2021,16.1,56.1,0.0,0.0,2021-02-12,0.9,2,20210212,8.0,5.7,-2.1,5.0,137,12
43,2021,17.6,49.0,0.0,0.0,2021-02-13,0.7,2,20210213,9.0,6.4,-2.8,0.5,137,13
44,2021,13.5,62.3,0.5,0.0,2021-02-14,0.5,2,20210214,2.3,6.8,0.6,8.6,137,14
45,2021,8.3,65.8,0.4,0.0,2021-02-15,4.1,2,20210215,4.6,3.1,-3.0,5.9,137,15
46,2021,2.9,54.1,0.4,0.0,2021-02-16,3.3,2,20210216,6.8,-2.8,-5.9,2.8,137,16
47,2021,-4.8,49.8,0.0,0.0,2021-02-17,6.0,2,20210217,8.1,-7.1,-8.5,4.0,137,17
48,2021,-0.6,49.1,0.0,0.0,2021-02-18,3.4,2,20210218,9.0,-5.3,-9.7,2.1,137,18
49,2021,10.5,54.4,0.0,0.0,2021-02-19,2.9,2,20210219,9.2,3.1,-4.9,0.4,137,19
50,2021,16.7,53.8,0.0,0.0,2021-02-20,2.4,2,20210220,9.0,10.7,4.6,1.3,137,20
51,2021,24.0,45.3,0.0,0.0,2021-02-21,2.2,2,20210221,9.4,13.1,0.3,0.3,137,21
52,2021,20.2,41.1,0.0,0.0,2021-02-22,2.8,2,20210222,9.4,11.7,3.0,0.9,137,22
53,2021,8.9,31.3,0.0,0.0,2021-02-23,2.9,2,20210223,9.6,2.7,-1.5,2.6,137,23
54,2021,10.6,37.0,0.0,0.0,2021-02-24,1.1,2,20210224,8.4,3.4,-1.4,6.8,137,24
55,2021,7.7,70.3,0.1,0.0,2021-02-25,0.5,2,20210225,0.0,3.3,-2.5,9.8,137,25
56,2021,13.9,62.1,0.0,0.0,2021-02-26,1.6,2,20210226,9.0,6.9,-0.7,7.8,137,26
57,2021,10.3,57.9,0.0,0.0,2021-02-27,2.1,2,20210227,3.6,6.3,2.7,6.5,137,27
58,2021,10.0,72.0,0.2,0.0,2021-02-28,0.9,2,20210228,3.9,5.4,-1.3,6.8,137,28
59,2021,9.6,97.0,44.1,0.0,2021-03-01,1.4,3,20210301,0.0,6.4,1.9,9.4,137,1
60,2021,5.6,85.3,2.8,0.0,2021-03-02,1.0,3,20210302,1.6,1.9,-2.3,6.4,137,2
61,2021,7.8,79.8,0.0,0.0,2021-03-03,0.8,3,20210303,5.6,1.9,-3.8,8.5,137,3
62,2021,9.3,87.0,2.2,0.0,2021-03-04,0.7,3,20210304,0.2,3.6,-1.7,8.8,137,4
63,2021,17.2,78.1,0.0,0.0,2021-03-05,1.0,3,20210305,6.2,8.9,2.2,6.1,137,5
64,2021,10.1,71.0,0.0,0.0,2021-03-06,2.0,3,20210306,1.9,5.9,2.9,4.6,137,6
65,2021,9.1,73.4,0.0,0.0,2021-03-07,1.0,3,20210307,3.8,4.7,2.2,7.8,137,7
66,2021,14.2,70.9,0.0,0.0,2021-03-08,1.1,3,20210308,8.6,5.9,-1.2,1.3,137,8
67,2021,15.2,59.1,0.0,0.0,2021-03-09,1.7,3,20210309,6.8,7.7,1.0,6.6,137,9
68,2021,16.7,53.6,0.0,0.0,2021-03-10,1.7,3,20210310,9.8,8.6,2.4,0.0,137,10
69,2021,18.5,59.9,0.0,0.0,2021-03-11,0.9,3,20210311,8.2,8.8,-0.5,5.8,137,11
70,2021,9.3,93.4,20.5,0.0,2021-03-12,0.9,3,20210312,0.0,7.2,5.9,7.5,137,12
71,2021,16.2,72.5,0.0,0.0,2021-03-13,1.5,3,20210313,7.7,8.6,2.2,5.9,137,13
72,2021,16.0,65.0,0.0,0.0,2021-03-14,1.7,3,20210314,8.0,9.7,6.0,4.9,137,14
73,2021,18.9,64.8,0.0,0.0,2021-03-15,1.2,3,20210315,8.3,11.0,2.0,6.1,137,15
74,2021,17.6,51.8,0.3,0.0,2021-03-16,3.2,3,20210316,9.5,12.0,6.3,2.4,137,16
75,2021,17.7,49.1,0.0,0.0,2021-03-17,1.5,3,20210317,10.3,9.5,1.4,0.0,137,17
76,2021,17.0,69.3,0.0,0.0,2021-03-18,1.5,3,20210318,9.4,10.2,3.0,5.6,137,18
77,2021,17.0,62.4,0.0,0.0,2021-03-19,1.9,3,20210319,7.5,11.3,7.4,6.0,137,19
78,2021,10.1,87.5,2.1,0.0,2021-03-20,1.2,3,20210320,0.0,8.2,6.5,8.3,137,20
79,2021,10.3,62.4,0.0,0.0,2021-03-21,4.0,3,20210321,5.0,6.6,3.5,7.0,137,21
80,2021,11.8,45.3,0.0,0.0,2021-03-22,0.0,3,20210322,10.4,6.6,1.4,1.6,137,22
81,2021,18.4,46.6,0.0,0.0,2021-03-23,2.5,3,20210323,11.0,10.2,1.3,0.0,137,23
82,2021,19.6,44.0,0.0,0.0,2021-03-24,1.4,3,20210324,9.3,11.0,1.7,5.3,137,24
83,2021,21.7,47.5,0.0,0.0,2021-03-25,1.6,3,20210325,11.0,14.0,4.0,0.4,137,25
84,2021,23.8,45.3,0.0,0.0,2021-03-26,1.2,3,20210326,10.8,14.6,4.6,4.1,137,26
85,2021,15.1,81.9,23.3,0.0,2021-03-27,1.2,3,20210327,0.1,10.4,6.5,9.9,137,27
86,2021,14.6,85.4,3.1,0.0,2021-03-28,2.1,3,20210328,0.8,11.0,8.8,7.3,137,28
87,2021,17.8,50.3,0.0,0.0,2021-03-29,2.9,3,20210329,9.1,13.0,8.8,5.1,137,29
88,2021,21.6,33.4,0.0,0.0,2021-03-30,1.7,3,20210330,11.2,13.5,6.7,1.8,137,30
89,2021,22.9,47.6,0.0,0.0,2021-03-31,1.2,3,20210331,10.9,13.1,2.2,4.1,137,31
90,2021,19.8,52.4,0.0,0.0,2021-04-01,2.2,4,20210401,9.1,13.1,6.0,6.3,137,1
91,2021,21.8,57.4,0.0,0.0,2021-04-02,1.7,4,20210402,5.9,15.7,10.3,8.5,137,2
92,2021,14.8,88.3,27.5,0.0,2021-04-03,1.1,4,20210403,0.0,13.4,12.0,8.6,137,3
93,2021,13.3,91.5,19.2,0.0,2021-04-04,1.4,4,20210404,0.0,9.5,5.8,8.7,137,4
94,2021,17.4,67.3,0.0,0.0,2021-04-05,1.0,4,20210405,9.7,9.0,1.7,1.7,137,5
95,2021,21.7,51.5,0.0,0.0,2021-04-06,1.7,4,20210406,8.9,12.4,2.2,0.0,137,6
96,2021,23.5,34.4,0.0,0.0,2021-04-07,2.1,4,20210407,11.0,15.9,9.0,1.5,137,7
97,2021,20.1,32.0,0.0,0.0,2021-04-08,2.2,4,20210408,11.0,14.4,9.1,1.4,137,8
98,2021,15.8,56.4,0.0,0.0,2021-04-09,1.9,4,20210409,8.2,9.8,3.1,4.1,137,9
99,2021,18.9,59.5,0.0,0.0,2021-04-10,0.9,4,20210410,10.8,10.0,1.6,0.9,137,10
100,2021,22.2,58.1,0.0,0.0,2021-04-11,0.9,4,20210411,10.9,12.7,2.9,2.1,137,11
101,2021,12.8,79.1,22.3,0.0,2021-04-12,1.0,4,20210412,0.0,10.8,9.3,9.8,137,12
102,2021,18.2,71.6,0.8,0.0,2021-04-13,2.4,4,20210413,5.9,12.0,6.0,6.5,137,13
103,2021,17.2,44.5,0.0,0.0,2021-04-14,2.8,4,20210414,11.1,10.1,3.5,2.3,137,14
104,2021,18.3,47.0,0.0,0.0,2021-04-15,1.1,4,20210415,10.6,10.3,2.0,5.1,137,15
105,2021,18.0,66.8,0.0,0.0,2021-04-16,1.3,4,20210416,1.7,11.4,4.9,7.3,137,16
106,2021,17.6,54.4,0.0,0.0,2021-04-17,2.2,4,20210417,8.9,10.7,5.5,3.3,137,17
107,2021,17.6,50.5,0.0,0.0,2021-04-18,2.5,4,20210418,8.6,11.2,6.2,3.3,137,18
108,2021,22.1,43.1,0.0,0.0,2021-04-19,2.6,4,20210419,11.8,14.6,6.0,0.1,137,19
109,2021,26.7,38.5,0.0,0.0,2021-04-20,1.5,4,20210420,11.2,18.5,8.5,2.9,137,20
110,2021,29.0,48.9,0.0,0.0,2021-04-21,0.9,4,20210421,11.0,19.3,9.3,4.9,137,21
111,2021,28.5,42.6,0.0,0.0,2021-04-22,1.4,4,20210422,8.0,20.8,14.1,8.4,137,22
112,2021,20.4,40.9,0.0,0.0,2021-04-23,1.5,4,20210423,0.8,16.6,14.1,9.6,137,23
113,2021,22.8,52.8,0.0,0.0,2021-04-24,0.9,4,20210424,6.4,16.5,10.3,8.0,137,24
114,2021,23.1,54.3,0.0,0.0,2021-04-25,1.3,4,20210425,11.2,15.3,8.3,1.8,137,25
115,2021,21.2,54.8,0.0,0.0,2021-04-26,1.0,4,20210426,11.8,13.0,4.5,3.4,137,26
116,2021,21.6,59.3,0.0,0.0,2021-04-27,0.8,4,20210427,4.2,15.0,7.6,8.4,137,27
117,2021,22.0,51.4,0.0,0.0,2021-04-28,1.6,4,20210428,5.9,16.9,12.8,7.5,137,28
118,2021,22.2,53.1,0.6,0.0,2021-04-29,1.4,4,20210429,7.9,15.6,10.9,7.3,137,29
119,2021,19.1,57.9,0.1,0.0,2021-04-30,2.6,4,20210430,4.8,14.2,11.1,7.6,137,30
120,2021,14.9,76.4,2.0,0.0,2021-05-01,1.9,5,20210501,2.7,10.3,8.6,8.3,137,1
121,2021,19.7,64.3,2.4,0.0,2021-05-02,1.8,5,20210502,9.0,12.9,7.3,4.9,137,2
122,2021,23.8,50.4,0.0,0.0,2021-05-03,1.6,5,20210503,11.6,15.9,5.9,2.5,137,3
123,2021,20.9,81.3,7.4,0.0,2021-05-04,1.0,5,20210504,0.0,15.2,10.1,9.4,137,4
124,2021,21.6,50.5,2.2,0.0,2021-05-05,2.6,5,20210505,12.2,16.1,11.3,2.0,137,5
125,2021,23.7,54.4,0.0,0.0,2021-05-06,0.9,5,20210506,9.4,14.7,4.6,5.6,137,6
126,2021,21.3,63.6,0.8,0.0,2021-05-07,1.7,5,20210507,8.4,14.4,7.9,4.0,137,7
127,2021,25.2,54.1,0.0,0.0,2021-05-08,2.2,5,20210508,10.8,16.3,6.1,1.1,137,8
128,2021,23.3,44.0,0.0,0.0,2021-05-09,2.7,5,20210509,12.4,16.9,10.9,0.0,137,9
129,2021,13.1,88.1,15.1,0.0,2021-05-10,0.7,5,20210510,0.0,10.6,9.0,8.0,137,10
130,2021,18.5,82.5,6.2,0.0,2021-05-11,0.7,5,20210511,0.3,13.5,10.5,9.4,137,11
131,2021,24.5,61.0,0.0,0.0,2021-05-12,1.0,5,20210512,12.0,16.7,8.0,2.0,137,12
132,2021,29.2,67.8,0.0,0.0,2021-05-13,0.7,5,20210513,12.3,19.8,9.7,2.1,137,13
133,2021,29.8,69.1,0.0,0.0,2021-05-14,0.9,5,20210514,11.3,22.3,13.8,6.6,137,14
134,2021,21.4,90.5,3.9,0.0,2021-05-15,0.7,5,20210515,0.0,19.4,16.6,8.8,137,15
135,2021,22.9,99.8,53.0,0.0,2021-05-16,0.5,5,20210516,0.0,20.6,18.7,9.8,137,16
136,2021,18.7,98.0,8.6,0.0,2021-05-17,1.0,5,20210517,0.0,15.9,14.6,9.4,137,17
137,2021,24.1,79.8,0.0,0.0,2021-05-18,1.0,5,20210518,6.2,18.4,14.0,6.4,137,18
138,2021,28.9,62.8,0.0,0.0,2021-05-19,1.3,5,20210519,11.5,21.2,14.5,5.1,137,19
139,2021,17.7,93.6,25.2,0.0,2021-05-20,0.9,5,20210520,0.0,15.4,14.5,9.6,137,20
140,2021,16.7,91.8,0.8,0.0,2021-05-21,1.6,5,20210521,0.0,15.0,13.8,8.0,137,21
141,2021,26.7,68.4,0.0,0.0,2021-05-22,1.9,5,20210522,12.3,19.7,13.3,0.1,137,22
142,2021,27.8,61.9,0.0,0.0,2021-05-23,1.4,5,20210523,8.9,21.7,15.5,6.4,137,23
143,2021,26.2,51.8,0.0,0.0,2021-05-24,1.8,5,20210524,6.7,20.9,16.6,5.9,137,24
144,2021,22.3,57.1,0.6,0.0,2021-05-25,2.1,5,20210525,8.2,15.8,11.0,3.1,137,25
145,2021,19.8,77.4,0.0,0.0,2021-05-26,0.6,5,20210526,1.5,14.7,9.7,9.4,137,26
146,2021,22.1,80.4,1.3,0.0,2021-05-27,1.2,5,20210527,5.1,16.3,12.8,5.6,137,27
147,2021,21.6,90.0,25.5,0.0,2021-05-28,1.1,5,20210528,4.1,13.3,9.0,6.4,137,28
148,2021,25.1,68.5,0.0,0.0,2021-05-29,1.8,5,20210529,8.4,17.9,13.6,4.5,137,29
149,2021,27.0,72.8,5.0,0.0,2021-05-30,0.8,5,20210530,11.3,18.7,10.0,3.1,137,30
150,2021,24.4,85.8,6.5,0.0,2021-05-31,0.9,5,20210531,4.4,18.4,14.3,6.4,137,31
151,2021,27.8,75.9,0.0,0.0,2021-06-01,0.8,6,20210601,9.7,20.7,14.6,7.0,137,1
152,2021,30.0,68.6,0.0,0.0,2021-06-02,0.8,6,20210602,11.5,22.8,16.7,3.6,137,2
153,2021,18.7,96.3,26.6,0.0,2021-06-03,0.6,6,20210603,0.3,17.4,14.5,9.3,137,3
154,2021,25.3,66.4,1.0,0.0,2021-06-04,1.8,6,20210604,9.2,19.0,14.1,4.9,137,4
155,2021,28.8,65.5,0.0,0.0,2021-06-05,1.2,6,20210605,11.8,21.6,12.1,1.9,137,5
156,2021,28.8,72.6,0.0,0.0,2021-06-06,1.1,6,20210606,10.0,22.9,17.2,2.6,137,6
157,2021,28.7,73.3,0.0,0.0,2021-06-07,0.6,6,20210607,7.9,22.2,15.3,4.6,137,7
158,2021,31.5,67.3,0.0,0.0,2021-06-08,0.7,6,20210608,11.0,24.3,17.3,4.8,137,8
159,2021,31.7,68.8,0.0,0.0,2021-06-09,0.9,6,20210609,11.5,24.5,18.6,4.3,137,9
160,2021,29.7,74.4,1.8,0.0,2021-06-10,1.0,6,20210610,5.9,23.1,18.2,8.6,137,10
161,2021,27.6,90.5,18.1,0.0,2021-06-11,0.7,6,20210611,4.3,22.1,18.7,8.0,137,11
162,2021,29.7,81.9,0.0,0.0,2021-06-12,0.6,6,20210612,7.2,24.4,19.5,6.5,137,12
163,2021,31.7,74.3,0.0,0.0,2021-06-13,0.7,6,20210613,11.6,25.4,20.0,4.0,137,13
164,2021,28.3,80.9,0.0,0.0,2021-06-14,0.8,6,20210614,3.4,23.9,21.0,7.8,137,14
165,2021,23.0,88.1,1.4,0.0,2021-06-15,0.9,6,20210615,0.0,21.1,18.8,8.1,137,15
166,2021,25.9,79.8,0.0,0.0,2021-06-16,1.2,6,20210616,4.0,21.3,18.8,6.8,137,16
167,2021,22.2,82.3,0.0,0.0,2021-06-17,0.5,6,20210617,0.0,20.1,18.2,9.6,137,17
168,2021,25.1,88.1,0.6,0.0,2021-06-18,0.9,6,20210618,0.4,21.3,18.2,8.0,137,18
169,2021,29.7,68.0,0.0,0.0,2021-06-19,1.2,6,20210619,11.6,23.3,17.8,3.6,137,19
170,2021,32.0,60.9,0.0,0.0,2021-06-20,1.3,6,20210620,10.9,24.3,16.3,5.1,137,20
171,2021,30.4,64.8,0.0,0.0,2021-06-21,1.6,6,20210621,8.9,24.2,19.8,2.5,137,21
172,2021,25.5,85.4,5.9,0.0,2021-06-22,0.8,6,20210622,5.0,20.2,16.0,8.0,137,22
173,2021,21.6,90.1,0.0,0.0,2021-06-23,0.8,6,20210623,0.0,19.0,17.2,8.5,137,23
174,2021,28.2,77.6,0.0,0.0,2021-06-24,0.8,6,20210624,8.3,22.2,18.1,7.4,137,24
175,2021,29.8,76.3,0.0,0.0,2021-06-25,0.8,6,20210625,11.1,23.9,17.8,5.3,137,25
176,2021,27.7,82.4,1.6,0.0,2021-06-26,0.9,6,20210626,5.1,22.9,19.7,8.3,137,26
177,2021,28.4,74.8,0.0,0.0,2021-06-27,0.8,6,20210627,8.1,23.7,19.3,5.5,137,27
178,2021,29.3,75.1,0.0,0.0,2021-06-28,0.8,6,20210628,8.1,23.8,18.8,6.8,137,28
179,2021,30.2,75.8,0.0,0.0,2021-06-29,0.9,6,20210629,9.3,24.1,18.2,6.3,137,29
180,2021,28.2,81.4,0.0,0.0,2021-06-30,0.7,6,20210630,4.7,23.9,21.3,7.1,137,30
181,2021,31.5,69.3,0.0,0.0,2021-07-01,0.8,7,20210701,10.2,25.6,19.6,4.9,137,1
182,2021,30.2,72.8,0.0,0.0,2021-07-02,0.9,7,20210702,6.3,24.5,19.0,5.6,137,2
183,2021,25.0,90.6,33.7,0.0,2021-07-03,1.2,7,20210703,0.3,21.5,20.2,8.4,137,3
184,2021,29.5,83.0,6.1,0.0,2021-07-04,1.5,7,20210704,4.1,24.3,20.2,7.8,137,4
185,2021,25.8,84.6,5.5,0.0,2021-07-05,1.0,7,20210705,0.0,22.8,20.5,9.9,137,5
186,2021,28.3,94.5,13.6,0.0,2021-07-06,0.7,7,20210706,0.6,23.3,20.5,9.4,137,6
187,2021,27.3,95.5,4.7,0.0,2021-07-07,0.5,7,20210707,0.4,24.3,21.8,9.9,137,7
188,2021,29.8,88.9,47.1,0.0,2021-07-08,0.8,7,20210708,5.7,25.1,20.8,9.0,137,8
189,2021,29.9,86.8,1.3,0.0,2021-07-09,0.8,7,20210709,5.7,25.1,21.5,5.9,137,9
190,2021,32.0,85.9,22.2,0.0,2021-07-10,0.9,7,20210710,7.3,25.2,21.7,6.9,137,10
191,2021,31.2,89.8,17.6,0.0,2021-07-11,0.9,7,20210711,5.5,24.6,21.0,7.4,137,11
192,2021,32.9,88.1,0.0,0.0,2021-07-12,0.5,7,20210712,7.8,26.3,21.1,4.6,137,12
193,2021,33.4,85.0,0.0,0.0,2021-07-13,0.5,7,20210713,9.4,27.5,22.7,5.9,137,13
194,2021,34.1,81.1,0.0,0.0,2021-07-14,0.6,7,20210714,9.5,28.8,24.0,5.0,137,14
195,2021,33.2,90.5,2.7,0.0,2021-07-15,0.6,7,20210715,3.6,25.8,22.2,6.5,137,15
196,2021,32.7,81.0,0.0,0.0,2021-07-16,0.7,7,20210716,8.2,26.8,22.3,5.0,137,16
197,2021,29.8,81.9,0.5,0.0,2021-07-17,0.9,7,20210717,4.9,26.0,22.6,7.1,137,17
198,2021,32.4,84.3,2.8,0.0,2021-07-18,0.8,7,20210718,8.2,25.7,21.7,7.5,137,18
199,2021,30.5,87.8,0.0,0.0,2021-07-19,0.4,7,20210719,3.7,26.0,22.6,9.3,137,19
200,2021,31.8,84.9,0.0,0.0,2021-07-20,0.5,7,20210720,5.9,27.1,23.7,8.8,137,20
201,2021,33.2,74.8,0.0,0.0,2021-07-21,0.9,7,20210721,11.1,27.6,22.2,6.6,137,21
202,2021,32.6,79.5,0.0,0.0,2021-07-22,0.7,7,20210722,8.9,26.9,21.2,6.6,137,22
203,2021,32.9,79.9,0.0,0.0,2021-07-23,0.8,7,20210723,10.7,27.2,22.1,6.6,137,23
204,2021,33.0,80.4,0.0,0.0,2021-07-24,0.7,7,20210724,9.6,27.4,23.2,6.6,137,24
205,2021,31.5,81.1,0.0,0.0,2021-07-25,0.7,7,20210725,8.1,27.0,22.0,7.0,137,25
206,2021,33.2,77.3,0.0,0.0,2021-07-26,0.9,7,20210726,10.9,27.5,22.6,3.4,137,26
207,2021,34.0,81.8,51.2,0.0,2021-07-27,0.7,7,20210727,12.1,27.1,21.3,3.4,137,27
208,2021,33.5,79.1,0.0,0.0,2021-07-28,0.6,7,20210728,10.7,27.8,22.7,3.3,137,28
209,2021,33.7,80.6,0.0,0.0,2021-07-29,0.6,7,20210729,10.4,28.0,22.8,5.5,137,29
210,2021,34.5,80.9,0.0,0.0,2021-07-30,0.6,7,20210730,9.8,28.7,24.2,5.4,137,30
211,2021,34.7,78.6,7.1,0.0,2021-07-31,0.8,7,20210731,10.3,29.2,24.0,6.1,137,31
212,2021,34.2,84.9,47.8,0.0,2021-08-01,1.0,8,20210801,6.3,27.6,23.7,8.3,137,1
213,2021,30.5,95.0,38.1,0.0,2021-08-02,0.7,8,20210802,2.1,25.3,23.6,8.9,137,2
214,2021,31.5,91.6,0.3,0.0,2021-08-03,0.5,8,20210803,5.4,26.6,23.2,7.8,137,3
215,2021,33.7,83.5,0.0,0.0,2021-08-04,0.6,8,20210804,8.4,28.2,23.8,4.7,137,4
216,2021,34.4,79.3,0.0,0.0,2021-08-05,0.8,8,20210805,11.2,29.1,24.2,4.3,137,5
217,2021,34.5,80.3,0.0,0.0,2021-08-06,0.9,8,20210806,11.3,28.6,24.3,4.3,137,6
218,2021,34.5,78.0,0.0,0.0,2021-08-07,0.8,8,20210807,9.6,27.9,22.8,5.1,137,7
219,2021,28.5,94.9,15.0,0.0,2021-08-08,0.6,8,20210808,0.2,24.1,22.7,9.5,137,8
220,2021,32.3,80.3,0.0,0.0,2021-08-09,0.8,8,20210809,7.4,26.2,22.1,5.7,137,9
221,2021,26.2,87.1,43.8,0.0,2021-08-10,0.9,8,20210810,1.6,23.6,20.0,7.6,137,10
222,2021,31.3,84.0,0.0,0.0,2021-08-11,0.7,8,20210811,10.6,25.3,20.5,2.8,137,11
223,2021,30.8,85.8,12.3,0.0,2021-08-12,0.7,8,20210812,6.9,25.5,20.7,7.8,137,12
224,2021,28.6,87.3,0.3,0.0,2021-08-13,0.7,8,20210813,2.6,24.5,21.7,9.0,137,13
225,2021,27.9,90.6,1.4,0.0,2021-08-14,0.6,8,20210814,2.8,23.1,21.0,9.1,137,14
226,2021,28.2,85.4,0.0,0.0,2021-08-15,0.7,8,20210815,5.4,23.4,19.2,7.0,137,15
227,2021,27.8,79.4,0.0,0.0,2021-08-16,0.8,8,20210816,3.5,23.8,20.7,7.3,137,16
228,2021,28.2,80.3,0.0,0.0,2021-08-17,0.7,8,20210817,3.2,23.5,20.2,8.2,137,17
229,2021,28.5,86.3,0.3,0.0,2021-08-18,0.7,8,20210818,3.3,22.7,19.8,7.6,137,18
230,2021,26.6,88.3,2.6,0.0,2021-08-19,0.6,8,20210819,3.7,22.9,19.5,7.1,137,19
231,2021,30.1,84.4,0.0,0.0,2021-08-20,0.6,8,20210820,5.1,24.4,20.7,4.9,137,20
232,2021,24.8,95.8,24.8,0.0,2021-08-21,1.1,8,20210821,0.0,23.2,21.7,9.0,137,21
233,2021,29.0,82.0,0.0,0.0,2021-08-22,1.3,8,20210822,3.1,25.0,21.7,8.3,137,22
234,2021,23.2,99.3,56.5,0.0,2021-08-23,0.9,8,20210823,0.0,21.5,20.2,9.9,137,23
235,2021,26.1,95.0,32.1,0.0,2021-08-24,1.0,8,20210824,0.5,23.0,20.2,9.3,137,24
236,2021,25.6,97.5,14.7,0.0,2021-08-25,0.6,8,20210825,0.0,22.9,20.8,8.1,137,25
237,2021,30.7,87.0,0.0,0.0,2021-08-26,0.8,8,20210826,7.6,24.9,19.9,7.1,137,26
238,2021,24.4,98.6,17.6,0.0,2021-08-27,0.6,8,20210827,0.3,21.3,20.0,8.6,137,27
239,2021,28.7,83.5,0.0,0.0,2021-08-28,1.0,8,20210828,6.0,23.3,19.0,8.1,137,28
240,2021,23.7,93.9,16.1,0.0,2021-08-29,0.8,8,20210829,0.7,21.3,18.8,8.5,137,29
241,2021,25.7,90.0,0.0,0.0,2021-08-30,0.5,8,20210830,0.8,22.2,19.5,7.6,137,30
242,2021,26.1,92.9,1.2,0.0,2021-08-31,0.6,8,20210831,1.6,21.5,19.2,8.4,137,31
243,2021,20.9,99.9,51.8,0.0,2021-09-01,0.8,9,20210901,0.0,20.0,19.0,9.4,137,1
244,2021,23.6,90.6,0.0,0.0,2021-09-02,0.5,9,20210902,1.5,21.3,19.7,7.8,137,2
245,2021,26.2,83.4,0.0,0.0,2021-09-03,0.7,9,20210903,4.5,21.6,18.1,6.9,137,3
246,2021,27.1,81.8,0.0,0.0,2021-09-04,0.7,9,20210904,9.5,20.8,15.3,7.1,137,4
247,2021,25.4,89.4,0.6,0.0,2021-09-05,0.6,9,20210905,2.8,20.1,15.6,8.4,137,5
248,2021,25.0,89.9,18.7,0.0,2021-09-06,0.7,9,20210906,0.5,20.4,18.1,9.6,137,6
249,2021,20.6,100.0,15.6,0.0,2021-09-07,0.7,9,20210907,0.0,19.0,17.7,9.9,137,7
250,2021,26.2,83.5,0.0,0.0,2021-09-08,1.4,9,20210908,7.6,22.3,18.2,3.6,137,8
251,2021,27.4,87.4,0.0,0.0,2021-09-09,0.5,9,20210909,6.8,21.0,16.1,6.8,137,9
252,2021,27.3,87.5,0.0,0.0,2021-09-10,0.7,9,20210910,3.8,22.2,18.0,7.1,137,10
253,2021,29.4,81.5,0.0,0.0,2021-09-11,0.8,9,20210911,10.0,22.5,17.5,0.9,137,11
254,2021,29.1,85.9,0.0,0.0,2021-09-12,0.7,9,20210912,7.6,22.5,16.6,5.3,137,12
255,2021,26.6,83.0,0.0,0.0,2021-09-13,0.8,9,20210913,4.3,21.7,18.5,8.8,137,13
256,2021,24.7,80.6,0.0,0.0,2021-09-14,1.0,9,20210914,0.4,20.6,17.2,7.4,137,14
257,2021,27.6,74.8,0.0,0.0,2021-09-15,1.2,9,20210915,7.2,20.8,15.6,3.4,137,15
258,2021,26.1,81.6,0.5,0.0,2021-09-16,0.8,9,20210916,3.1,20.2,14.5,7.9,137,16
259,2021,19.6,97.9,54.7,0.0,2021-09-17,0.9,9,20210917,0.1,18.3,17.2,7.8,137,17
260,2021,26.7,87.8,0.0,0.0,2021-09-18,0.5,9,20210918,7.6,20.0,15.6,3.9,137,18
261,2021,26.7,85.8,0.0,0.0,2021-09-19,0.6,9,20210919,7.6,20.3,16.4,2.8,137,19
262,2021,25.4,83.0,0.0,0.0,2021-09-20,0.9,9,20210920,5.0,21.0,15.1,6.9,137,20
263,2021,27.0,89.8,12.6,0.0,2021-09-21,1.0,9,20210921,2.8,21.5,18.7,6.1,137,21
264,2021,27.8,79.6,0.4,0.0,2021-09-22,1.3,9,20210922,6.0,21.3,17.6,3.9,137,22
265,2021,25.6,75.1,0.0,0.0,2021-09-23,1.5,9,20210923,6.2,20.0,16.2,5.4,137,23
266,2021,25.9,83.0,0.0,0.0,2021-09-24,0.7,9,20210924,7.8,19.3,13.3,3.4,137,24
267,2021,23.2,87.6,0.0,0.0,2021-09-25,0.7,9,20210925,0.3,19.1,15.2,7.0,137,25
268,2021,24.7,81.4,0.0,0.0,2021-09-26,0.6,9,20210926,3.8,19.6,15.6,9.0,137,26
269,2021,24.6,82.5,0.2,0.0,2021-09-27,0.6,9,20210927,4.3,19.7,15.5,9.0,137,27
270,2021,23.8,89.6,0.8,0.0,2021-09-28,0.6,9,20210928,0.3,20.0,17.1,7.1,137,28
271,2021,21.7,99.6,32.6,0.0,2021-09-29,0.5,9,20210929,0.0,20.1,18.8,9.8,137,29
272,2021,27.0,85.9,0.3,0.0,2021-09-30,0.7,9,20210930,9.1,21.2,16.7,1.4,137,30
273,2021,27.6,83.9,0.0,0.0,2021-10-01,0.8,10,20211001,6.8,20.6,15.8,0.0,137,1
274,2021,27.5,75.8,0.0,0.0,2021-10-02,1.1,10,20211002,8.7,20.6,16.1,1.9,137,2
275,2021,27.0,91.6,0.0,0.0,2021-10-03,0.5,10,20211003,5.3,19.3,13.6,4.1,137,3
276,2021,28.3,90.0,0.0,0.0,2021-10-04,0.5,10,20211004,5.5,20.6,15.3,5.3,137,4
277,2021,29.1,81.4,0.0,0.0,2021-10-05,1.1,10,20211005,8.0,21.9,16.6,2.9,137,5
278,2021,24.3,89.6,0.0,0.0,2021-10-06,0.7,10,20211006,1.6,19.8,16.1,8.3,137,6
279,2021,26.7,87.3,0.0,0.0,2021-10-07,0.7,10,20211007,4.4,20.2,16.7,7.9,137,7
280,2021,21.1,96.1,0.4,0.0,2021-10-08,0.5,10,20211008,0.0,18.9,16.2,8.8,137,8
281,2021,28.0,88.3,0.1,0.0,2021-10-09,0.7,10,20211009,4.3,21.9,18.6,7.1,137,9
282,2021,29.2,83.4,0.0,0.0,2021-10-10,1.0,10,20211010,6.9,23.1,18.2,6.5,137,10
283,2021,21.2,97.1,17.7,0.0,2021-10-11,1.1,10,20211011,0.0,14.5,12.7,9.8,137,11
284,2021,14.9,99.4,5.3,0.0,2021-10-12,0.8,10,20211012,0.0,14.2,13.6,6.8,137,12
285,2021,20.8,90.9,0.0,0.0,2021-10-13,0.4,10,20211013,0.6,16.9,13.8,8.6,137,13
286,2021,25.1,85.6,0.0,0.0,2021-10-14,0.6,10,20211014,5.7,18.2,14.3,5.4,137,14
287,2021,21.0,91.4,7.1,0.0,2021-10-15,0.7,10,20211015,0.1,17.7,15.8,8.8,137,15
288,2021,16.5,66.4,9.5,0.0,2021-10-16,1.7,10,20211016,0.0,12.5,5.7,9.8,137,16
289,2021,12.9,50.5,0.0,0.0,2021-10-17,1.6,10,20211017,8.6,6.4,1.0,0.0,137,17
290,2021,16.7,70.4,0.0,0.0,2021-10-18,0.7,10,20211018,8.6,7.8,-0.4,2.3,137,18
291,2021,16.8,80.6,1.3,0.0,2021-10-19,1.3,10,20211019,4.6,10.1,6.4,4.8,137,19
292,2021,16.0,75.8,0.0,0.0,2021-10-20,0.7,10,20211020,8.7,8.7,3.0,1.3,137,20
293,2021,17.2,78.9,0.0,0.0,2021-10-21,0.7,10,20211021,7.6,9.0,1.8,4.6,137,21
294,2021,17.2,71.3,0.0,0.0,2021-10-22,1.3,10,20211022,8.5,10.4,5.7,1.1,137,22
295,2021,18.4,76.1,0.0,0.0,2021-10-23,0.5,10,20211023,8.4,9.0,2.4,2.5,137,23
296,2021,18.6,75.0,0.0,0.0,2021-10-24,0.6,10,20211024,8.4,9.0,2.2,4.5,137,24
297,2021,18.7,77.3,0.0,0.0,2021-10-25,0.6,10,20211025,8.2,9.6,2.7,3.1,137,25
298,2021,19.3,76.1,0.0,0.0,2021-10-26,0.9,10,20211026,8.4,11.0,2.7,6.8,137,26
299,2021,19.7,62.5,0.0,0.0,2021-10-27,1.8,10,20211027,7.9,13.8,9.0,2.0,137,27
300,2021,19.6,62.3,0.0,0.0,2021-10-28,1.0,10,20211028,8.4,12.1,7.3,0.9,137,28
301,2021,18.8,77.1,0.0,0.0,2021-10-29,0.6,10,20211029,7.9,10.8,4.5,4.0,137,29
302,2021,16.1,84.4,0.0,0.0,2021-10-30,0.3,10,20211030,2.6,10.1,5.3,6.9,137,30
303,2021,20.2,83.0,0.0,0.0,2021-10-31,0.5,10,20211031,6.5,10.7,4.0,4.5,137,31
304,2021,19.1,75.0,0.0,0.0,2021-11-01,1.2,11,20211101,7.0,13.0,7.1,2.9,137,1
305,2021,18.3,67.6,0.0,0.0,2021-11-02,1.2,11,20211102,7.5,12.2,6.5,2.9,137,2
306,2021,18.7,65.5,0.0,0.0,2021-11-03,1.3,11,20211103,8.4,12.3,7.4,0.9,137,3
307,2021,18.8,72.3,0.0,0.0,2021-11-04,0.7,11,20211104,7.5,11.8,5.5,2.3,137,4
308,2021,18.7,82.9,0.0,0.0,2021-11-05,0.6,11,20211105,7.9,10.7,4.1,5.0,137,5
309,2021,19.6,81.5,0.0,0.0,2021-11-06,0.6,11,20211106,7.9,10.9,4.0,3.6,137,6
310,2021,20.6,75.1,0.0,0.0,2021-11-07,0.9,11,20211107,6.9,12.1,5.0,5.9,137,7
311,2021,13.1,81.9,18.5,0.0,2021-11-08,2.0,11,20211108,0.7,9.4,6.9,8.1,137,8
312,2021,10.8,75.4,1.0,0.0,2021-11-09,1.8,11,20211109,2.7,7.4,5.1,6.3,137,9
313,2021,7.1,83.0,2.2,0.0,2021-11-10,1.7,11,20211110,0.3,5.5,3.2,5.5,137,10
314,2021,10.4,68.6,1.0,0.0,2021-11-11,2.5,11,20211111,4.5,6.5,4.4,3.8,137,11
315,2021,10.3,65.0,0.2,0.0,2021-11-12,2.5,11,20211112,5.3,5.8,3.4,0.0,137,12
316,2021,14.4,70.1,0.0,0.0,2021-11-13,1.5,11,20211113,7.9,7.9,-0.3,1.4,137,13
317,2021,17.8,73.0,0.0,0.0,2021-11-14,1.1,11,20211114,6.9,8.8,1.7,2.0,137,14
318,2021,16.7,70.9,0.0,0.0,2021-11-15,0.9,11,20211115,7.6,9.2,3.7,3.3,137,15
319,2021,16.8,64.8,0.0,0.0,2021-11-16,1.0,11,20211116,8.2,8.2,1.5,0.6,137,16
320,2021,14.3,63.3,0.0,0.0,2021-11-17,1.1,11,20211117,8.2,7.2,-0.2,2.9,137,17
321,2021,16.8,70.1,0.0,0.0,2021-11-18,1.5,11,20211118,5.4,10.3,3.5,5.3,137,18
322,2021,17.7,78.0,0.0,0.0,2021-11-19,1.4,11,20211119,6.5,11.7,5.7,5.8,137,19
323,2021,16.3,89.5,0.0,0.0,2021-11-20,0.6,11,20211120,4.3,8.3,4.0,4.1,137,20
324,2021,12.6,87.4,0.0,0.0,2021-11-21,0.5,11,20211121,0.5,8.0,4.0,9.6,137,21
325,2021,12.8,67.6,0.1,0.0,2021-11-22,3.2,11,20211122,2.1,5.1,1.9,7.8,137,22
326,2021,5.0,61.9,0.0,0.0,2021-11-23,2.9,11,20211123,6.7,2.3,-1.4,3.4,137,23
327,2021,11.9,53.0,0.0,0.0,2021-11-24,2.6,11,20211124,7.4,5.9,0.5,2.9,137,24
328,2021,14.1,56.6,0.0,0.0,2021-11-25,2.4,11,20211125,6.8,8.9,2.5,1.9,137,25
329,2021,11.7,50.0,0.0,0.0,2021-11-26,2.2,11,20211126,8.0,6.4,1.8,0.1,137,26
330,2021,10.7,58.5,0.0,0.0,2021-11-27,0.9,11,20211127,8.2,3.7,-1.7,0.0,137,27
331,2021,11.8,64.4,0.0,0.0,2021-11-28,0.5,11,20211128,7.1,2.8,-4.9,3.8,137,28
332,2021,13.6,69.9,0.0,0.0,2021-11-29,0.7,11,20211129,7.3,4.3,-2.8,5.6,137,29
333,2021,9.6,86.1,16.8,0.0,2021-11-30,1.9,11,20211130,0.0,3.7,0.2,8.4,137,30
334,2021,3.4,45.4,0.2,0.0,2021-12-01,4.9,12,20211201,8.1,0.6,-2.3,0.4,137,1
335,2021,6.9,57.0,0.0,0.0,2021-12-02,2.0,12,20211202,7.0,1.4,-3.3,1.1,137,2
336,2021,8.4,58.8,0.4,0.0,2021-12-03,2.8,12,20211203,7.6,3.9,0.3,2.8,137,3
337,2021,7.3,59.6,0.0,0.0,2021-12-04,2.2,12,20211204,4.5,2.1,-0.9,1.8,137,4
338,2021,9.2,77.4,0.0,0.0,2021-12-05,0.6,12,20211205,8.0,1.0,-4.5,0.3,137,5
339,2021,11.3,78.6,0.0,0.0,2021-12-06,0.5,12,20211206,6.2,3.4,-2.8,4.4,137,6
340,2021,13.8,72.0,0.0,0.0,2021-12-07,0.7,12,20211207,7.9,5.5,-1.3,1.6,137,7
341,2021,12.2,78.4,0.0,0.0,2021-12-08,0.5,12,20211208,8.0,4.0,-1.8,1.0,137,8
342,2021,9.3,85.0,0.0,0.0,2021-12-09,0.5,12,20211209,2.8,3.4,-2.5,7.0,137,9
343,2021,0.0,88.0,0.0,0.0,2021-12-10,1.0,12,20211210,0.0,0.0,0.0,8.3,137,10
344,2021,12.1,72.5,0.0,0.0,2021-12-11,2.1,12,20211211,6.5,8.8,6.0,7.8,137,11
345,2021,9.8,54.6,0.0,0.0,2021-12-12,3.7,12,20211212,7.7,4.4,-2.5,3.1,137,12
346,2021,3.4,40.1,0.0,0.0,2021-12-13,2.9,12,20211213,8.0,-1.5,-5.3,0.0,137,13
347,2021,8.5,61.9,0.0,0.0,2021-12-14,1.5,12,20211214,5.1,3.1,-4.1,5.6,137,14
348,2021,12.8,73.6,0.0,0.0,2021-12-15,1.3,12,20211215,4.5,7.5,3.2,4.3,137,15
349,2021,12.1,71.9,0.0,0.0,2021-12-16,1.3,12,20211216,1.9,6.4,2.5,9.6,137,16
350,2021,7.0,40.1,0.0,0.0,2021-12-17,5.2,12,20211217,6.6,-1.8,-8.4,2.3,137,17
351,2021,1.1,50.1,0.0,0.0,2021-12-18,2.2,12,20211218,7.9,-4.1,-10.2,2.6,137,18
352,2021,5.0,59.1,0.1,0.0,2021-12-19,2.6,12,20211219,7.9,1.2,-2.6,1.3,137,19
353,2021,11.1,67.9,0.0,0.0,2021-12-20,1.0,12,20211220,2.3,4.6,-3.5,5.8,137,20
354,2021,13.9,63.8,0.0,0.0,2021-12-21,1.7,12,20211221,5.4,8.2,4.1,3.1,137,21
355,2021,11.2,40.3,0.0,0.0,2021-12-22,1.5,12,20211222,8.0,4.7,-0.6,0.0,137,22
356,2021,10.2,59.9,0.0,0.0,2021-12-23,0.6,12,20211223,7.9,1.8,-4.9,2.1,137,23
357,2021,9.1,68.8,0.0,0.0,2021-12-24,1.6,12,20211224,3.4,1.8,-2.5,7.5,137,24
358,2021,-1.4,41.4,0.0,0.0,2021-12-25,3.6,12,20211225,8.0,-7.3,-10.7,0.0,137,25
359,2021,-4.2,41.0,0.0,0.0,2021-12-26,2.8,12,20211226,8.0,-9.2,-13.0,0.0,137,26
360,2021,0.0,51.9,0.0,0.0,2021-12-27,3.0,12,20211227,7.2,-4.3,-10.7,2.1,137,27
361,2021,4.8,69.8,0.0,0.0,2021-12-28,1.6,12,20211228,1.3,0.8,-4.0,5.6,137,28
362,2021,7.3,71.6,0.1,0.0,2021-12-29,1.5,12,20211229,1.6,1.6,-3.6,4.5,137,29
363,2021,2.5,52.0,0.4,0.0,2021-12-30,3.9,12,20211230,6.3,-1.3,-3.5,2.9,137,30
364,2021,-0.6,39.5,0.0,0.0,2021-12-31,3.4,12,20211231,8.0,-4.7,-6.8,0.0,137,31
