,tmin,tmax,Date,wind,date,day,cloud,station_id,humid,rainfall,snow,sunshine,month,year,tavg
0,-8.7,-0.2,2009-01-01,3.8,20090101,1,0.3,137,42.9,0.0,0.0,8.4,1,2009,-4.9
1,-5.9,3.5,2009-01-02,3.2,20090102,2,0.0,137,43.5,0.0,0.0,8.4,1,2009,-1.8
2,-7.7,6.0,2009-01-03,2.4,20090103,3,0.0,137,37.4,0.0,0.0,8.3,1,2009,-0.1
3,-3.2,6.2,2009-01-04,2.0,20090104,4,1.5,137,37.4,0.0,0.0,5.6,1,2009,1.0
4,-3.4,3.5,2009-01-05,2.9,20090105,5,1.4,137,53.0,0.0,0.0,3.8,1,2009,-0.1
5,-6.3,4.7,2009-01-06,1.7,20090106,6,2.9,137,51.5,0.0,0.0,5.7,1,2009,-1.0
6,-4.8,5.7,2009-01-07,1.9,20090107,7,1.1,137,38.4,0.0,0.0,7.6,1,2009,0.3
7,-7.6,5.7,2009-01-08,2.1,20090108,8,2.6,137,42.3,0.0,0.0,6.2,1,2009,-0.7
8,-4.0,2.2,2009-01-09,3.3,20090109,9,0.9,137,42.0,0.0,0.0,4.6,1,2009,-1.6
9,-7.4,-1.5,2009-01-10,3.5,20090110,10,0.9,137,47.0,0.0,0.0,8.2,1,2009,-4.8
10,-8.4,0.1,2009-01-11,4.0,20090111,11,1.6,137,42.4,0.0,0.0,7.1,1,2009,-4.9
11,-9.4,-2.3,2009-01-12,4.3,20090112,12,4.0,137,56.9,0.3,0.7,5.5,1,2009,-6.2
12,-9.2,-0.4,2009-01-13,3.3,20090113,13,0.4,137,43.6,0.0,0.0,8.6,1,2009,-4.7
13,-7.8,-1.4,2009-01-14,3.2,20090114,14,2.8,137,47.3,0.1,0.2,8.0,1,2009,-4.5
14,-10.7,-0.5,2009-01-15,2.9,20090115,15,0.0,137,30.0,0.0,0.0,8.5,1,2009,-6.1
15,-10.6,2.8,2009-01-16,1.3,20090116,16,4.9,137,62.8,0.0,0.0,2.6,1,2009,-2.7
16,-3.0,7.2,2009-01-17,0.9,20090117,17,3.1,137,67.9,0.0,0.0,6.7,1,2009,0.9
17,-4.1,5.6,2009-01-18,1.0,20090118,18,7.9,137,84.5,2.0,0.0,0.6,1,2009,0.2
18,-1.9,5.6,2009-01-19,3.4,20090119,19,1.0,137,53.1,0.0,0.0,6.8,1,2009,1.6
19,-1.5,9.6,2009-01-20,1.2,20090120,20,5.4,137,35.1,0.0,0.0,7.3,1,2009,2.8
20,-3.0,7.4,2009-01-21,0.8,20090121,21,6.1,137,56.1,0.0,0.0,1.8,1,2009,0.6
21,-6.0,9.1,2009-01-22,0.9,20090122,22,4.6,137,64.4,0.0,0.0,5.6,1,2009,1.4
22,-10.3,6.8,2009-01-23,4.7,20090123,23,4.1,137,45.4,0.0,0.0,5.5,1,2009,-5.9
23,-13.5,-1.7,2009-01-24,2.9,20090124,24,5.5,137,60.3,0.0,0.0,2.5,1,2009,-6.6
24,-7.0,0.1,2009-01-25,2.2,20090125,25,6.6,137,66.1,0.2,0.4,2.3,1,2009,-3.1
25,-5.9,1.0,2009-01-26,2.2,20090126,26,3.9,137,64.0,0.0,0.0,1.9,1,2009,-1.8
26,-9.5,4.6,2009-01-27,1.0,20090127,27,0.0,137,55.9,0.0,0.0,8.8,1,2009,-2.9
27,-11.2,7.6,2009-01-28,0.9,20090128,28,0.3,137,57.0,0.0,0.0,8.8,1,2009,-2.9
28,-6.8,3.9,2009-01-29,0.6,20090129,29,8.6,137,54.0,0.0,0.0,0.1,1,2009,-1.3
29,-0.8,7.3,2009-01-30,0.4,20090130,30,9.8,137,84.9,1.0,0.0,0.0,1,2009,2.9
30,-1.7,9.8,2009-01-31,0.9,20090131,31,3.9,137,70.5,0.0,0.0,3.9,1,2009,3.5
31,-4.9,8.9,2009-02-01,0.8,20090201,1,2.4,137,70.9,0.0,0.0,7.8,2,2009,1.3
32,-3.7,11.5,2009-02-02,1.4,20090202,2,6.9,137,70.5,0.0,0.0,2.1,2,2009,4.3
33,3.2,12.2,2009-02-03,1.4,20090203,3,6.9,137,68.0,0.0,0.0,2.5,2,2009,7.0
34,-0.5,13.3,2009-02-04,1.3,20090204,4,3.0,137,53.5,0.0,0.0,7.3,2,2009,4.9
35,-0.7,8.6,2009-02-05,2.4,20090205,5,4.8,137,45.0,0.0,0.0,1.3,2,2009,5.4
36,-3.1,10.0,2009-02-06,1.0,20090206,6,1.0,137,66.0,0.0,0.0,5.6,2,2009,3.2
37,0.7,10.5,2009-02-07,2.6,20090207,7,4.9,137,61.5,0.0,0.0,4.2,2,2009,5.0
38,-0.6,11.0,2009-02-08,1.2,20090208,8,1.4,137,52.8,0.0,0.0,8.3,2,2009,4.6
39,1.7,10.8,2009-02-09,2.7,20090209,9,4.8,137,45.6,0.0,0.0,5.1,2,2009,5.4
40,-0.6,6.2,2009-02-10,2.6,20090210,10,5.5,137,62.4,0.0,0.0,0.2,2,2009,3.1
41,-1.0,12.7,2009-02-11,2.2,20090211,11,3.9,137,58.5,0.0,0.0,4.9,2,2009,5.7
42,-3.7,10.4,2009-02-12,1.0,20090212,12,6.6,137,57.4,0.0,0.0,2.4,2,2009,4.4
43,5.5,18.6,2009-02-13,2.0,20090213,13,10.0,137,81.0,11.0,0.0,0.0,2,2009,9.7
44,4.3,13.5,2009-02-14,3.0,20090214,14,4.4,137,59.1,0.0,0.0,6.8,2,2009,7.6
45,-3.1,5.8,2009-02-15,3.4,20090215,15,4.8,137,57.4,0.0,0.0,0.0,2,2009,1.4
46,-7.1,1.4,2009-02-16,3.7,20090216,16,1.4,137,27.9,0.0,0.0,9.5,2,2009,-3.8
47,-8.4,3.4,2009-02-17,2.9,20090217,17,0.5,137,28.0,0.0,0.0,9.7,2,2009,-3.1
48,-5.3,4.3,2009-02-18,2.7,20090218,18,2.5,137,41.4,0.0,0.0,7.7,2,2009,-0.9
49,-2.7,3.2,2009-02-19,1.0,20090219,19,9.3,137,67.1,3.0,2.5,0.2,2,2009,-0.4
50,-5.1,2.3,2009-02-20,4.5,20090220,20,5.1,137,62.4,2.2,2.5,4.6,2,2009,-0.4
51,-7.4,5.9,2009-02-21,1.7,20090221,21,0.0,137,48.6,0.0,0.0,9.7,2,2009,-1.3
52,-5.0,1.0,2009-02-22,0.7,20090222,22,7.5,137,84.0,5.0,0.0,0.0,2,2009,-1.4
53,-1.7,10.8,2009-02-23,1.3,20090223,23,7.5,137,82.3,0.0,0.0,2.7,2,2009,3.7
54,1.7,12.7,2009-02-24,1.1,20090224,24,8.5,137,70.5,0.1,0.0,2.5,2,2009,7.6
55,1.0,10.8,2009-02-25,2.6,20090225,25,8.1,137,52.3,4.5,0.0,1.9,2,2009,6.3
56,-0.5,11.5,2009-02-26,2.0,20090226,26,6.8,137,28.4,0.0,0.0,6.4,2,2009,4.8
57,3.1,12.1,2009-02-27,2.3,20090227,27,6.3,137,24.1,0.0,0.0,7.2,2,2009,6.7
58,-2.8,12.4,2009-02-28,1.8,20090228,28,4.0,137,34.5,0.0,0.0,9.2,2,2009,5.3
59,0.0,12.2,2009-03-01,2.8,20090301,1,0.4,137,26.1,0.0,0.0,9.8,3,2009,5.7
60,-2.7,7.7,2009-03-02,1.8,20090302,2,6.4,137,48.8,0.0,0.0,2.4,3,2009,3.1
61,-0.2,4.4,2009-03-03,1.8,20090303,3,9.5,137,82.4,3.5,2.6,0.0,3,2009,1.9
62,0.5,11.1,2009-03-04,1.2,20090304,4,4.1,137,63.0,0.0,0.0,7.5,3,2009,4.9
63,-1.1,9.3,2009-03-05,1.0,20090305,5,9.0,137,81.6,6.5,0.0,0.0,3,2009,4.8
64,-1.4,7.4,2009-03-06,4.6,20090306,6,3.5,137,47.9,0.1,0.0,5.8,3,2009,3.5
65,-3.7,10.3,2009-03-07,2.1,20090307,7,2.3,137,37.4,0.0,0.0,8.6,3,2009,3.2
66,-1.0,14.9,2009-03-08,1.5,20090308,8,3.9,137,32.6,0.0,0.0,8.3,3,2009,6.9
67,2.7,16.0,2009-03-09,2.3,20090309,9,2.9,137,32.8,0.0,0.0,6.4,3,2009,8.5
68,2.5,12.3,2009-03-10,3.3,20090310,10,3.5,137,33.0,0.0,0.0,9.0,3,2009,6.4
69,0.4,11.8,2009-03-11,2.1,20090311,11,4.4,137,29.0,0.0,0.0,6.0,3,2009,5.0
70,-3.4,13.6,2009-03-12,1.7,20090312,12,7.5,137,46.5,0.3,0.0,5.8,3,2009,6.1
71,-1.4,8.0,2009-03-13,3.3,20090313,13,8.6,137,72.0,6.5,0.0,0.0,3,2009,4.6
72,-3.1,5.8,2009-03-14,5.2,20090314,14,0.5,137,33.1,0.0,0.0,9.3,3,2009,0.6
73,-2.7,12.6,2009-03-15,2.7,20090315,15,1.5,137,43.4,0.0,0.0,9.9,3,2009,5.6
74,6.6,18.7,2009-03-16,3.2,20090316,16,2.9,137,45.8,0.0,0.0,5.4,3,2009,12.2
75,2.0,23.4,2009-03-17,2.2,20090317,17,0.0,137,40.9,0.0,0.0,9.5,3,2009,13.1
76,7.6,24.0,2009-03-18,1.4,20090318,18,5.6,137,57.0,0.0,0.0,3.2,3,2009,15.0
77,9.0,25.1,2009-03-19,1.5,20090319,19,6.5,137,65.3,0.0,0.0,4.4,3,2009,17.3
78,7.3,18.0,2009-03-20,2.3,20090320,20,3.4,137,51.6,0.0,0.0,6.9,3,2009,11.4
79,1.9,19.0,2009-03-21,1.5,20090321,21,5.1,137,66.4,6.5,0.0,6.9,3,2009,10.9
80,6.2,14.6,2009-03-22,3.1,20090322,22,7.1,137,73.1,13.0,0.0,1.6,3,2009,11.4
81,2.8,12.9,2009-03-23,3.2,20090323,23,2.8,137,42.8,0.0,0.0,8.3,3,2009,6.8
82,-0.2,10.7,2009-03-24,2.6,20090324,24,4.5,137,35.6,0.0,0.0,8.5,3,2009,4.5
83,-1.2,8.2,2009-03-25,3.7,20090325,25,2.9,137,39.9,0.0,0.0,10.6,3,2009,3.2
84,1.6,11.2,2009-03-26,4.2,20090326,26,3.1,137,44.9,0.4,0.0,6.3,3,2009,5.7
85,0.1,11.3,2009-03-27,3.5,20090327,27,1.0,137,30.8,0.0,0.0,10.6,3,2009,5.0
86,0.5,13.7,2009-03-28,2.4,20090328,28,2.0,137,29.5,0.0,0.0,10.8,3,2009,6.4
87,-0.4,12.5,2009-03-29,2.1,20090329,29,5.6,137,47.3,0.0,0.0,6.6,3,2009,5.9
88,3.5,12.8,2009-03-30,1.7,20090330,30,7.8,137,60.9,1.0,0.0,4.7,3,2009,7.4
89,3.3,11.1,2009-03-31,2.5,20090331,31,6.4,137,58.6,3.5,0.0,2.8,3,2009,6.0
90,1.0,9.5,2009-04-01,3.4,20090401,1,3.5,137,50.8,0.0,0.0,4.5,4,2009,5.3
91,1.7,15.2,2009-04-02,3.1,20090402,2,1.3,137,39.3,0.0,0.0,10.6,4,2009,8.5
92,4.9,18.0,2009-04-03,2.5,20090403,3,7.5,137,24.8,0.0,0.0,3.2,4,2009,10.7
93,6.4,13.8,2009-04-04,3.0,20090404,4,5.8,137,36.8,0.0,0.0,6.3,4,2009,9.6
94,5.9,19.1,2009-04-05,2.6,20090405,5,0.4,137,39.0,0.0,0.0,10.4,4,2009,12.2
95,7.7,19.4,2009-04-06,3.3,20090406,6,0.0,137,28.1,0.0,0.0,11.3,4,2009,13.4
96,6.5,23.9,2009-04-07,2.2,20090407,7,1.4,137,25.5,0.0,0.0,10.8,4,2009,16.2
97,6.0,25.5,2009-04-08,1.4,20090408,8,2.3,137,33.6,0.0,0.0,10.4,4,2009,16.0
98,5.5,27.4,2009-04-09,1.4,20090409,9,0.0,137,31.6,0.0,0.0,10.8,4,2009,17.4
99,10.1,27.5,2009-04-10,1.5,20090410,10,0.0,137,29.9,0.0,0.0,10.7,4,2009,19.0
100,7.5,28.2,2009-04-11,1.6,20090411,11,0.9,137,26.1,0.0,0.0,10.2,4,2009,18.7
101,8.5,24.9,2009-04-12,1.9,20090412,12,4.8,137,35.6,0.0,0.0,8.2,4,2009,16.9
102,9.0,23.1,2009-04-13,1.4,20090413,13,7.4,137,37.1,0.0,0.0,2.3,4,2009,17.4
103,6.7,16.8,2009-04-14,1.6,20090414,14,7.0,137,68.5,1.5,0.0,0.6,4,2009,11.7
104,4.2,17.7,2009-04-15,1.5,20090415,15,6.9,137,76.5,2.0,0.0,1.4,4,2009,9.9
105,7.0,12.3,2009-04-16,1.0,20090416,16,8.6,137,76.1,0.0,0.0,0.0,4,2009,9.7
106,3.6,22.4,2009-04-17,1.4,20090417,17,1.3,137,51.5,0.0,0.0,8.6,4,2009,12.8
107,7.5,27.8,2009-04-18,1.9,20090418,18,0.5,137,24.6,0.0,0.0,11.7,4,2009,17.8
108,6.1,29.0,2009-04-19,1.6,20090419,19,4.9,137,36.4,0.0,0.0,10.4,4,2009,18.6
109,11.5,16.8,2009-04-20,2.4,20090420,20,10.0,137,84.8,27.5,0.0,0.0,4,2009,13.2
110,10.2,14.9,2009-04-21,4.2,20090421,21,7.5,137,61.1,0.0,0.0,0.2,4,2009,11.4
111,8.0,19.2,2009-04-22,4.5,20090422,22,0.1,137,43.1,0.0,0.0,12.3,4,2009,12.4
112,6.0,19.4,2009-04-23,2.2,20090423,23,3.4,137,53.0,0.0,0.0,9.4,4,2009,12.4
113,9.6,15.0,2009-04-24,1.3,20090424,24,10.0,137,71.3,5.0,0.0,0.0,4,2009,11.9
114,6.8,13.7,2009-04-25,2.5,20090425,25,9.4,137,79.1,3.5,0.0,1.1,4,2009,9.2
115,6.6,15.2,2009-04-26,2.3,20090426,26,8.1,137,55.3,0.0,0.0,4.3,4,2009,10.6
116,7.5,17.7,2009-04-27,2.6,20090427,27,5.3,137,55.1,0.1,0.0,7.9,4,2009,11.4
117,6.4,22.7,2009-04-28,2.0,20090428,28,2.1,137,43.1,0.0,0.0,9.7,4,2009,13.7
118,3.6,24.7,2009-04-29,1.3,20090429,29,0.0,137,43.6,0.0,0.0,11.9,4,2009,14.8
119,7.0,24.8,2009-04-30,1.8,20090430,30,4.0,137,30.3,0.0,0.0,10.7,4,2009,17.1
120,8.0,26.3,2009-05-01,1.8,20090501,1,1.9,137,32.1,0.0,0.0,11.1,5,2009,18.5
121,11.6,22.9,2009-05-02,1.4,20090502,2,8.6,137,65.4,3.5,0.0,2.9,5,2009,16.6
122,13.4,25.6,2009-05-03,1.7,20090503,3,4.1,137,62.6,1.0,0.0,7.8,5,2009,18.7
123,13.4,27.2,2009-05-04,2.7,20090504,4,0.0,137,41.6,0.0,0.0,12.2,5,2009,20.0
124,13.3,29.8,2009-05-05,2.0,20090505,5,3.1,137,45.0,0.4,0.0,8.9,5,2009,19.6
125,9.3,30.5,2009-05-06,1.0,20090506,6,1.9,137,50.6,0.0,0.0,9.6,5,2009,19.2
126,10.1,29.0,2009-05-07,2.2,20090507,7,0.0,137,37.0,0.0,0.0,12.2,5,2009,20.5
127,17.0,29.8,2009-05-08,2.5,20090508,8,0.0,137,31.9,0.0,0.0,11.4,5,2009,22.5
128,12.3,31.0,2009-05-09,1.6,20090509,9,3.1,137,35.4,0.0,0.0,10.0,5,2009,21.8
129,10.7,31.3,2009-05-10,1.3,20090510,10,4.3,137,33.8,0.0,0.0,11.9,5,2009,21.3
130,10.8,27.6,2009-05-11,1.1,20090511,11,5.9,137,58.9,0.0,0.0,5.6,5,2009,19.5
131,15.6,19.5,2009-05-12,1.5,20090512,12,7.4,137,85.6,10.5,0.0,0.3,5,2009,17.1
132,13.3,24.9,2009-05-13,2.6,20090513,13,1.6,137,38.4,0.0,0.0,12.4,5,2009,18.8
133,13.5,27.9,2009-05-14,2.2,20090514,14,3.1,137,28.3,0.0,0.0,11.6,5,2009,20.3
134,13.7,20.7,2009-05-15,1.2,20090515,15,9.9,137,58.0,0.2,0.0,0.3,5,2009,16.3
135,11.3,13.9,2009-05-16,1.0,20090516,16,10.0,137,91.9,34.0,0.0,0.0,5,2009,12.3
136,11.6,16.3,2009-05-17,2.8,20090517,17,7.0,137,78.0,2.5,0.0,0.3,5,2009,14.0
137,9.4,25.6,2009-05-18,2.3,20090518,18,2.3,137,38.9,0.0,0.0,11.0,5,2009,17.5
138,9.9,27.4,2009-05-19,2.2,20090519,19,1.3,137,45.4,0.0,0.0,11.4,5,2009,19.7
139,12.4,28.0,2009-05-20,1.0,20090520,20,6.3,137,57.8,0.1,0.0,4.2,5,2009,20.4
140,13.8,18.8,2009-05-21,1.4,20090521,21,10.0,137,91.9,64.5,0.0,0.0,5,2009,14.5
141,14.5,24.9,2009-05-22,2.4,20090522,22,6.6,137,64.9,0.0,0.0,8.0,5,2009,19.5
142,15.0,22.4,2009-05-23,1.6,20090523,23,8.9,137,68.3,0.1,0.0,1.4,5,2009,17.3
143,13.3,24.1,2009-05-24,1.4,20090524,24,3.8,137,64.3,0.0,0.0,6.7,5,2009,18.4
144,11.9,28.9,2009-05-25,0.7,20090525,25,2.5,137,63.0,0.0,0.0,9.7,5,2009,20.3
145,15.5,29.3,2009-05-26,0.8,20090526,26,5.6,137,62.6,0.0,0.0,6.3,5,2009,22.0
146,14.3,27.9,2009-05-27,1.4,20090527,27,1.1,137,54.6,0.0,0.0,11.2,5,2009,20.6
147,11.1,29.1,2009-05-28,1.1,20090528,28,0.0,137,47.5,0.0,0.0,12.4,5,2009,19.9
148,10.7,26.5,2009-05-29,0.9,20090529,29,1.0,137,53.8,0.0,0.0,11.5,5,2009,18.5
149,12.8,25.7,2009-05-30,1.5,20090530,30,4.8,137,59.5,0.0,0.0,4.5,5,2009,18.3
150,15.0,26.5,2009-05-31,2.8,20090531,31,0.6,137,30.8,0.0,0.0,12.9,5,2009,20.4
151,14.0,30.4,2009-06-01,1.7,20090601,1,0.0,137,36.8,0.0,0.0,12.4,6,2009,22.9
152,14.5,28.7,2009-06-02,1.7,20090602,2,6.5,137,54.4,0.0,0.0,3.8,6,2009,22.2
153,15.9,21.1,2009-06-03,1.0,20090603,3,9.0,137,81.7,4.0,0.0,0.4,6,2009,17.9
154,14.9,26.5,2009-06-04,1.0,20090604,4,4.8,137,70.0,0.0,0.0,7.4,6,2009,20.0
155,12.9,28.8,2009-06-05,1.3,20090605,5,1.4,137,61.9,0.0,0.0,12.1,6,2009,20.5
156,15.8,26.3,2009-06-06,1.0,20090606,6,5.1,137,63.6,0.0,0.0,5.3,6,2009,20.4
157,16.7,23.4,2009-06-07,0.8,20090607,7,8.5,137,70.8,0.0,0.0,0.6,6,2009,19.1
158,15.7,26.3,2009-06-08,0.9,20090608,8,7.8,137,66.9,0.0,0.0,4.4,6,2009,20.5
159,17.0,24.8,2009-06-09,1.0,20090609,9,9.8,137,74.8,3.5,0.0,0.8,6,2009,19.8
160,16.7,25.8,2009-06-10,1.6,20090610,10,9.0,137,78.6,5.0,0.0,1.7,6,2009,19.7
161,16.1,28.0,2009-06-11,3.2,20090611,11,1.9,137,45.6,0.3,0.0,12.9,6,2009,21.8
162,16.6,27.9,2009-06-12,2.1,20090612,12,4.6,137,39.3,0.0,0.0,10.3,6,2009,21.9
163,11.8,27.3,2009-06-13,1.6,20090613,13,3.5,137,49.4,0.0,0.0,9.1,6,2009,20.1
164,16.0,26.3,2009-06-14,1.2,20090614,14,7.9,137,65.8,0.0,0.0,3.6,6,2009,19.7
165,16.8,27.4,2009-06-15,1.0,20090615,15,5.9,137,61.3,0.0,0.0,7.2,6,2009,21.3
166,16.2,29.4,2009-06-16,1.1,20090616,16,5.8,137,61.0,0.0,0.0,7.2,6,2009,22.4
167,15.7,25.1,2009-06-17,1.1,20090617,17,9.1,137,76.4,0.0,0.0,0.1,6,2009,20.6
168,18.6,32.6,2009-06-18,0.7,20090618,18,2.1,137,56.5,0.0,0.0,11.4,6,2009,24.7
169,17.7,33.2,2009-06-19,1.4,20090619,19,5.8,137,54.5,0.0,0.0,9.6,6,2009,25.6
170,20.6,26.4,2009-06-20,0.7,20090620,20,9.1,137,77.4,16.0,0.0,0.1,6,2009,22.7
171,21.0,32.5,2009-06-21,0.8,20090621,21,8.1,137,73.1,1.5,0.0,6.1,6,2009,25.9
172,18.1,26.0,2009-06-22,1.6,20090622,22,6.3,137,74.5,7.5,0.0,2.7,6,2009,22.0
173,18.4,30.5,2009-06-23,1.2,20090623,23,2.8,137,56.3,0.0,0.0,9.8,6,2009,24.2
174,19.9,32.5,2009-06-24,1.6,20090624,24,0.0,137,40.6,0.0,0.0,13.0,6,2009,25.6
175,16.3,32.2,2009-06-25,0.7,20090625,25,1.3,137,45.5,0.0,0.0,12.6,6,2009,24.9
176,17.3,34.2,2009-06-26,0.5,20090626,26,1.3,137,50.4,0.0,0.0,12.4,6,2009,26.1
177,19.9,33.2,2009-06-27,0.7,20090627,27,4.5,137,56.8,0.0,0.0,9.8,6,2009,26.7
178,22.1,32.1,2009-06-28,0.7,20090628,28,7.3,137,68.8,3.0,0.0,5.9,6,2009,26.4
179,21.6,31.3,2009-06-29,0.4,20090629,29,7.0,137,73.3,6.5,0.0,6.7,6,2009,25.5
180,18.2,26.4,2009-06-30,0.7,20090630,30,9.0,137,78.0,0.5,0.0,0.0,6,2009,23.1
181,17.3,30.4,2009-07-01,0.7,20090701,1,5.0,137,63.6,0.0,0.0,9.5,7,2009,23.4
182,17.9,28.8,2009-07-02,0.9,20090702,2,5.6,137,70.5,0.5,0.0,6.4,7,2009,21.9
183,17.3,27.4,2009-07-03,1.0,20090703,3,6.0,137,74.6,1.0,0.0,5.0,7,2009,21.5
184,18.5,28.1,2009-07-04,1.0,20090704,4,6.8,137,73.5,0.0,0.0,3.9,7,2009,22.2
185,17.6,30.7,2009-07-05,1.0,20090705,5,4.9,137,70.3,0.0,0.0,8.7,7,2009,23.8
186,19.2,31.5,2009-07-06,0.9,20090706,6,5.9,137,65.9,0.0,0.0,6.5,7,2009,25.3
187,17.5,23.8,2009-07-07,0.9,20090707,7,9.8,137,90.5,48.5,0.0,0.0,7,2009,20.2
188,19.7,30.4,2009-07-08,0.7,20090708,8,8.1,137,81.4,2.0,0.0,3.3,7,2009,24.1
189,19.0,28.6,2009-07-09,1.9,20090709,9,10.0,137,87.6,81.5,0.0,0.0,7,2009,21.7
190,19.8,30.1,2009-07-10,2.0,20090710,10,5.9,137,63.8,0.0,0.0,8.7,7,2009,24.3
191,19.8,30.4,2009-07-11,0.7,20090711,11,8.9,137,73.0,1.5,0.0,4.2,7,2009,23.9
192,17.9,25.7,2009-07-12,1.1,20090712,12,9.8,137,89.9,78.0,0.0,0.0,7,2009,21.3
193,22.0,29.5,2009-07-13,1.5,20090713,13,8.9,137,77.1,3.0,0.0,3.9,7,2009,25.2
194,21.4,31.0,2009-07-14,1.2,20090714,14,9.9,137,82.9,30.5,0.0,0.7,7,2009,25.3
195,19.6,26.6,2009-07-15,2.0,20090715,15,6.9,137,77.9,51.5,0.0,2.3,7,2009,22.5
196,18.4,26.4,2009-07-16,0.8,20090716,16,9.0,137,86.8,2.0,0.0,0.2,7,2009,21.7
197,21.1,24.4,2009-07-17,0.3,20090717,17,10.0,137,91.8,11.5,0.0,0.0,7,2009,23.0
198,22.9,30.5,2009-07-18,1.8,20090718,18,10.0,137,74.4,0.0,0.0,0.0,7,2009,27.1
199,24.3,32.7,2009-07-19,2.1,20090719,19,6.4,137,68.6,0.5,0.0,10.1,7,2009,27.5
200,23.1,31.3,2009-07-20,0.7,20090720,20,9.8,137,79.5,0.5,0.0,1.6,7,2009,26.7
201,22.5,29.8,2009-07-21,1.8,20090721,21,6.6,137,78.4,31.5,0.0,4.4,7,2009,25.3
202,20.4,30.0,2009-07-22,1.7,20090722,22,1.3,137,70.0,0.0,0.0,11.2,7,2009,24.4
203,20.8,28.8,2009-07-23,0.7,20090723,23,6.9,137,77.6,0.0,0.0,1.2,7,2009,23.8
204,19.8,23.0,2009-07-24,1.4,20090724,24,9.3,137,80.8,0.4,0.0,0.0,7,2009,20.9
205,18.5,25.6,2009-07-25,0.9,20090725,25,10.0,137,84.3,10.5,0.0,0.3,7,2009,20.7
206,18.3,26.4,2009-07-26,1.1,20090726,26,8.4,137,81.1,0.5,0.0,2.9,7,2009,21.6
207,19.5,29.0,2009-07-27,1.3,20090727,27,5.8,137,73.3,0.0,0.0,7.0,7,2009,23.0
208,18.8,25.1,2009-07-28,1.0,20090728,28,9.6,137,82.5,1.0,0.0,0.5,7,2009,21.1
209,18.8,29.2,2009-07-29,1.0,20090729,29,6.9,137,74.4,2.5,0.0,6.5,7,2009,23.5
210,20.4,29.6,2009-07-30,1.0,20090730,30,5.9,137,73.4,0.0,0.0,6.0,7,2009,24.3
211,19.7,27.6,2009-07-31,1.1,20090731,31,6.5,137,75.1,0.0,0.0,4.9,7,2009,23.1
212,20.4,29.1,2009-08-01,0.9,20090801,1,5.9,137,75.5,0.0,0.0,4.0,8,2009,23.6
213,19.8,27.0,2009-08-02,1.1,20090802,2,7.0,137,75.0,0.0,0.0,1.4,8,2009,23.0
214,20.0,24.9,2009-08-03,1.0,20090803,3,9.0,137,75.5,0.0,0.0,0.1,8,2009,21.7
215,17.5,29.4,2009-08-04,1.0,20090804,4,5.5,137,71.3,0.0,0.0,6.9,8,2009,22.9
216,19.2,29.1,2009-08-05,1.4,20090805,5,6.0,137,67.9,0.0,0.0,7.8,8,2009,23.5
217,19.3,22.3,2009-08-06,1.1,20090806,6,9.8,137,85.6,0.5,0.0,0.0,8,2009,21.0
218,20.7,25.5,2009-08-07,0.7,20090807,7,10.0,137,89.5,6.5,0.0,0.0,8,2009,22.7
219,21.9,29.4,2009-08-08,1.2,20090808,8,9.0,137,81.9,0.1,0.0,1.1,8,2009,24.7
220,22.2,28.5,2009-08-09,1.2,20090809,9,7.1,137,74.9,0.0,0.0,0.4,8,2009,24.6
221,20.7,29.9,2009-08-10,1.1,20090810,10,9.0,137,74.3,0.0,0.0,0.9,8,2009,24.9
222,22.3,25.6,2009-08-11,1.1,20090811,11,10.0,137,88.5,7.5,0.0,0.0,8,2009,23.4
223,21.7,25.4,2009-08-12,0.7,20090812,12,10.0,137,92.8,52.0,0.0,0.0,8,2009,23.9
224,21.6,31.6,2009-08-13,1.3,20090813,13,7.3,137,77.9,8.5,0.0,3.8,8,2009,26.0
225,21.5,31.9,2009-08-14,1.1,20090814,14,3.8,137,75.0,0.0,0.0,9.0,8,2009,25.6
226,19.7,33.4,2009-08-15,0.8,20090815,15,1.8,137,75.5,0.0,0.0,9.5,8,2009,25.1
227,18.8,30.9,2009-08-16,1.3,20090816,16,4.3,137,70.6,0.0,0.0,7.1,8,2009,24.7
228,22.5,26.4,2009-08-17,0.9,20090817,17,9.8,137,77.8,0.0,0.0,0.0,8,2009,24.3
229,21.3,30.0,2009-08-18,0.8,20090818,18,5.9,137,76.8,0.0,0.0,3.2,8,2009,25.6
230,21.5,32.4,2009-08-19,0.8,20090819,19,7.1,137,81.1,0.0,0.0,3.9,8,2009,25.8
231,23.0,30.0,2009-08-20,1.5,20090820,20,7.9,137,83.3,25.0,0.0,1.1,8,2009,25.6
232,20.6,31.0,2009-08-21,1.7,20090821,21,4.0,137,60.1,0.0,0.0,10.2,8,2009,25.3
233,19.0,29.4,2009-08-22,2.1,20090822,22,7.3,137,54.8,0.0,0.0,4.0,8,2009,24.4
234,21.6,30.8,2009-08-23,2.1,20090823,23,2.8,137,49.0,0.0,0.0,10.9,8,2009,25.5
235,17.7,29.6,2009-08-24,1.3,20090824,24,2.5,137,64.1,0.0,0.0,11.2,8,2009,23.5
236,18.9,29.2,2009-08-25,0.9,20090825,25,6.5,137,73.9,0.1,0.0,6.6,8,2009,22.8
237,19.0,30.0,2009-08-26,0.9,20090826,26,5.9,137,71.3,0.0,0.0,6.2,8,2009,23.7
238,19.9,25.2,2009-08-27,0.6,20090827,27,8.4,137,90.4,4.5,0.0,0.4,8,2009,21.9
239,18.9,30.6,2009-08-28,1.7,20090828,28,2.8,137,68.9,0.0,0.0,10.0,8,2009,24.4
240,16.4,27.4,2009-08-29,1.6,20090829,29,6.1,137,72.5,0.0,0.0,5.4,8,2009,21.3
241,18.8,22.8,2009-08-30,1.4,20090830,30,10.0,137,74.1,0.0,0.0,0.1,8,2009,20.0
242,16.5,27.2,2009-08-31,1.1,20090831,31,5.0,137,68.3,0.0,0.0,4.2,8,2009,21.0
243,12.9,27.4,2009-09-01,1.2,20090901,1,2.6,137,67.3,0.0,0.0,8.6,9,2009,20.0
244,14.7,26.6,2009-09-02,1.0,20090902,2,2.9,137,68.3,0.0,0.0,8.4,9,2009,20.5
245,13.4,27.5,2009-09-03,1.0,20090903,3,3.1,137,72.4,0.0,0.0,10.4,9,2009,20.0
246,15.1,29.0,2009-09-04,1.0,20090904,4,3.3,137,72.6,0.0,0.0,10.8,9,2009,21.8
247,17.9,30.0,2009-09-05,0.9,20090905,5,4.6,137,70.5,0.0,0.0,10.2,9,2009,23.0
248,17.6,32.0,2009-09-06,1.0,20090906,6,1.0,137,71.3,0.0,0.0,9.3,9,2009,24.2
249,19.4,29.6,2009-09-07,1.6,20090907,7,5.5,137,64.3,0.0,0.0,4.8,9,2009,24.9
250,20.4,28.9,2009-09-08,1.5,20090908,8,7.6,137,67.4,0.0,0.0,4.6,9,2009,23.3
251,18.4,28.5,2009-09-09,1.4,20090909,9,5.0,137,62.3,0.0,0.0,6.4,9,2009,22.4
252,13.8,28.8,2009-09-10,1.2,20090910,10,4.5,137,58.3,0.0,0.0,10.4,9,2009,21.3
253,15.9,22.1,2009-09-11,1.0,20090911,11,8.6,137,77.3,0.5,0.0,1.2,9,2009,19.3
254,16.1,25.5,2009-09-12,2.0,20090912,12,5.1,137,70.1,3.5,0.0,5.5,9,2009,19.2
255,14.8,27.7,2009-09-13,1.1,20090913,13,2.0,137,68.1,0.0,0.0,9.9,9,2009,19.8
256,14.4,23.4,2009-09-14,0.8,20090914,14,8.8,137,82.9,2.5,0.0,0.2,9,2009,17.8
257,12.2,26.3,2009-09-15,1.4,20090915,15,1.1,137,72.5,0.0,0.0,8.6,9,2009,19.1
258,14.2,27.2,2009-09-16,1.1,20090916,16,1.3,137,68.4,0.0,0.0,8.9,9,2009,19.7
259,12.6,27.3,2009-09-17,0.6,20090917,17,2.3,137,73.4,0.0,0.0,8.4,9,2009,18.9
260,13.1,29.1,2009-09-18,1.3,20090918,18,0.3,137,62.4,0.0,0.0,9.9,9,2009,20.3
261,11.8,26.5,2009-09-19,1.2,20090919,19,1.1,137,63.6,0.0,0.0,8.2,9,2009,18.8
262,11.1,26.5,2009-09-20,1.0,20090920,20,4.6,137,67.1,0.0,0.0,8.5,9,2009,18.9
263,16.2,19.8,2009-09-21,0.7,20090921,21,9.3,137,84.0,1.0,0.0,0.0,9,2009,17.6
264,15.3,24.9,2009-09-22,1.2,20090922,22,7.4,137,69.8,0.0,0.0,5.2,9,2009,19.8
265,17.1,26.7,2009-09-23,0.8,20090923,23,5.9,137,75.5,0.0,0.0,5.4,9,2009,20.3
266,16.0,27.9,2009-09-24,0.7,20090924,24,6.9,137,74.1,0.0,0.0,4.6,9,2009,20.0
267,15.4,24.8,2009-09-25,0.5,20090925,25,8.8,137,81.1,0.0,0.0,0.1,9,2009,19.8
268,14.1,27.8,2009-09-26,0.8,20090926,26,6.1,137,73.4,0.0,0.0,5.0,9,2009,20.2
269,17.0,19.8,2009-09-27,1.0,20090927,27,10.0,137,89.4,31.5,0.0,0.0,9,2009,18.4
270,16.5,23.4,2009-09-28,0.8,20090928,28,8.8,137,87.6,23.0,0.0,0.2,9,2009,19.0
271,16.5,23.8,2009-09-29,1.0,20090929,29,8.8,137,83.4,0.0,0.0,0.6,9,2009,19.4
272,15.5,23.3,2009-09-30,0.8,20090930,30,6.8,137,84.4,0.0,0.0,1.0,9,2009,18.4
273,13.9,26.1,2009-10-01,0.8,20091001,1,6.0,137,81.1,0.0,0.0,5.1,10,2009,18.8
274,15.8,25.8,2009-10-02,2.1,20091002,2,3.8,137,58.8,0.0,0.0,9.4,10,2009,20.0
275,12.1,23.8,2009-10-03,2.2,20091003,3,0.9,137,42.5,0.0,0.0,9.4,10,2009,17.7
276,10.0,23.0,2009-10-04,1.9,20091004,4,5.4,137,53.9,0.0,0.0,4.9,10,2009,16.8
277,6.3,23.7,2009-10-05,0.8,20091005,5,1.5,137,67.8,0.0,0.0,9.0,10,2009,14.0
278,8.6,24.4,2009-10-06,0.9,20091006,6,1.6,137,71.9,0.0,0.0,7.8,10,2009,14.6
279,8.2,19.7,2009-10-07,1.5,20091007,7,5.4,137,72.0,0.0,0.0,2.3,10,2009,14.0
280,9.7,21.9,2009-10-08,1.5,20091008,8,6.4,137,60.5,0.0,0.0,4.6,10,2009,14.4
281,7.0,21.6,2009-10-09,0.9,20091009,9,2.3,137,61.3,0.0,0.0,9.3,10,2009,13.6
282,6.4,21.7,2009-10-10,0.9,20091010,10,1.1,137,68.0,0.0,0.0,6.0,10,2009,13.0
283,6.2,21.7,2009-10-11,0.8,20091011,11,4.0,137,71.0,0.0,0.0,8.3,10,2009,13.3
284,8.5,21.4,2009-10-12,1.4,20091012,12,4.4,137,62.1,0.0,0.0,8.3,10,2009,14.9
285,10.6,22.0,2009-10-13,1.9,20091013,13,4.5,137,66.3,6.5,0.0,8.0,10,2009,14.8
286,9.4,18.0,2009-10-14,1.5,20091014,14,4.6,137,75.0,0.5,0.0,4.7,10,2009,12.9
287,6.1,21.4,2009-10-15,1.0,20091015,15,3.0,137,75.3,0.0,0.0,6.0,10,2009,11.8
288,5.6,21.8,2009-10-16,0.9,20091016,16,2.9,137,75.5,0.0,0.0,7.5,10,2009,12.6
289,9.3,18.7,2009-10-17,2.4,20091017,17,5.1,137,64.8,7.5,0.0,5.8,10,2009,13.8
290,8.8,19.1,2009-10-18,2.3,20091018,18,2.9,137,51.1,0.0,0.0,8.5,10,2009,14.1
291,7.3,19.6,2009-10-19,2.6,20091019,19,5.1,137,60.1,0.0,0.0,5.7,10,2009,11.9
292,5.3,16.8,2009-10-20,1.7,20091020,20,0.9,137,50.9,0.0,0.0,8.9,10,2009,10.7
293,3.3,21.1,2009-10-21,1.4,20091021,21,1.5,137,55.9,0.0,0.0,8.2,10,2009,11.2
294,3.6,21.0,2009-10-22,0.7,20091022,22,2.3,137,60.8,0.0,0.0,8.5,10,2009,10.5
295,3.5,21.4,2009-10-23,0.8,20091023,23,0.0,137,68.8,0.0,0.0,8.4,10,2009,11.3
296,6.8,21.7,2009-10-24,0.9,20091024,24,2.4,137,73.1,0.0,0.0,4.6,10,2009,13.8
297,7.2,20.2,2009-10-25,0.9,20091025,25,2.8,137,74.1,0.0,0.0,6.8,10,2009,12.4
298,5.1,23.1,2009-10-26,1.1,20091026,26,0.6,137,65.6,0.0,0.0,8.3,10,2009,13.9
299,10.9,22.3,2009-10-27,1.7,20091027,27,1.5,137,63.1,0.0,0.0,6.5,10,2009,15.8
300,5.0,21.3,2009-10-28,0.7,20091028,28,3.3,137,73.0,0.0,0.0,6.1,10,2009,12.3
301,6.7,20.2,2009-10-29,0.7,20091029,29,5.6,137,72.0,0.0,0.0,3.5,10,2009,12.4
302,8.2,24.0,2009-10-30,0.8,20091030,30,2.1,137,71.4,0.0,0.0,8.2,10,2009,14.4
303,8.1,21.8,2009-10-31,1.1,20091031,31,5.9,137,75.5,0.4,0.0,3.2,10,2009,15.7
304,7.9,16.6,2009-11-01,2.7,20091101,1,4.9,137,65.8,3.0,0.0,4.4,11,2009,12.2
305,-1.0,8.3,2009-11-02,3.3,20091102,2,0.9,137,40.4,0.0,0.0,8.3,11,2009,3.2
306,-3.3,11.1,2009-11-03,2.1,20091103,3,1.8,137,44.4,0.0,0.0,7.9,11,2009,4.3
307,2.8,15.7,2009-11-04,1.6,20091104,4,7.0,137,57.9,0.0,0.0,1.1,11,2009,11.1
308,7.7,21.7,2009-11-05,1.3,20091105,5,3.0,137,63.0,0.0,0.0,6.9,11,2009,13.2
309,4.9,22.1,2009-11-06,1.0,20091106,6,2.0,137,69.0,0.0,0.0,6.1,11,2009,12.4
310,5.8,21.5,2009-11-07,0.7,20091107,7,5.0,137,74.5,0.0,0.0,5.0,11,2009,13.4
311,10.8,16.9,2009-11-08,0.7,20091108,8,9.6,137,90.5,14.0,0.0,0.3,11,2009,14.0
312,14.3,21.0,2009-11-09,0.9,20091109,9,8.9,137,81.8,0.0,0.0,1.4,11,2009,16.6
313,11.9,17.2,2009-11-10,2.1,20091110,10,9.6,137,66.3,0.0,0.0,0.1,11,2009,14.2
314,6.8,14.5,2009-11-11,2.4,20091111,11,5.6,137,56.8,0.0,0.0,3.3,11,2009,10.1
315,7.0,11.2,2009-11-12,2.6,20091112,12,8.1,137,57.0,0.0,0.0,0.6,11,2009,9.0
316,7.8,10.5,2009-11-13,0.8,20091113,13,9.5,137,88.6,6.5,0.0,0.0,11,2009,9.3
317,3.1,11.8,2009-11-14,4.0,20091114,14,6.0,137,59.0,0.0,0.0,4.4,11,2009,8.1
318,0.6,4.0,2009-11-15,5.3,20091115,15,5.3,137,54.0,0.1,0.0,4.5,11,2009,1.9
319,-0.9,4.5,2009-11-16,2.9,20091116,16,7.3,137,42.4,0.0,0.0,5.8,11,2009,1.1
320,-1.0,5.6,2009-11-17,3.0,20091117,17,3.6,137,31.8,0.0,0.0,5.3,11,2009,1.2
321,-3.7,5.0,2009-11-18,2.7,20091118,18,2.9,137,32.1,0.0,0.0,8.0,11,2009,0.2
322,-1.6,9.0,2009-11-19,1.7,20091119,19,3.9,137,48.6,0.0,0.0,4.1,11,2009,2.3
323,-2.3,7.6,2009-11-20,2.3,20091120,20,3.5,137,44.4,0.0,0.0,7.2,11,2009,2.6
324,-2.1,7.4,2009-11-21,2.6,20091121,21,1.1,137,34.0,0.0,0.0,8.7,11,2009,2.3
325,-4.9,8.9,2009-11-22,1.5,20091122,22,1.3,137,44.3,0.0,0.0,7.8,11,2009,1.0
326,-2.8,13.8,2009-11-23,1.0,20091123,23,1.1,137,62.5,0.0,0.0,8.2,11,2009,4.3
327,-2.7,12.8,2009-11-24,0.8,20091124,24,0.0,137,71.5,0.0,0.0,8.0,11,2009,3.4
328,-3.1,6.7,2009-11-25,0.7,20091125,25,4.6,137,86.9,0.5,0.0,1.8,11,2009,2.2
329,0.7,8.9,2009-11-26,0.6,20091126,26,5.8,137,89.3,0.0,0.0,3.0,11,2009,3.1
330,0.3,10.8,2009-11-27,1.2,20091127,27,5.9,137,79.8,0.0,0.0,0.4,11,2009,4.9
331,2.2,9.8,2009-11-28,1.2,20091128,28,4.3,137,70.8,0.0,0.0,2.7,11,2009,5.9
332,4.8,7.0,2009-11-29,1.2,20091129,29,10.0,137,85.0,6.5,0.0,0.0,11,2009,5.7
333,0.7,9.2,2009-11-30,2.2,20091130,30,3.9,137,70.3,0.0,0.0,4.7,11,2009,5.0
334,-1.4,9.8,2009-12-01,1.2,20091201,1,1.9,137,73.6,0.0,0.0,2.3,12,2009,3.0
335,-3.9,5.6,2009-12-02,0.9,20091202,2,5.6,137,87.0,0.0,0.0,0.7,12,2009,0.3
336,-0.7,8.0,2009-12-03,1.9,20091203,3,5.6,137,73.6,0.0,0.0,1.5,12,2009,3.2
337,-3.0,7.9,2009-12-04,1.2,20091204,4,2.1,137,74.5,0.0,0.0,8.0,12,2009,1.9
338,-2.0,5.2,2009-12-05,4.4,20091205,5,5.6,137,60.3,6.5,0.0,4.1,12,2009,1.1
339,-4.3,2.6,2009-12-06,3.8,20091206,6,0.0,137,28.9,0.0,0.0,8.5,12,2009,-1.3
340,-4.1,7.3,2009-12-07,1.9,20091207,7,0.0,137,35.1,0.0,0.0,8.5,12,2009,0.5
341,-7.4,5.3,2009-12-08,0.9,20091208,8,5.6,137,63.3,0.0,0.0,3.7,12,2009,-0.7
342,-2.9,7.4,2009-12-09,0.8,20091209,9,8.8,137,69.5,1.0,0.0,0.7,12,2009,2.6
343,3.3,8.0,2009-12-10,0.6,20091210,10,10.0,137,92.5,20.5,0.0,0.0,12,2009,5.8
344,7.5,12.7,2009-12-11,2.4,20091211,11,7.9,137,81.5,5.0,0.0,2.4,12,2009,9.7
345,2.6,11.3,2009-12-12,2.7,20091212,12,5.4,137,56.9,0.0,0.0,7.6,12,2009,7.7
346,1.7,9.6,2009-12-13,2.1,20091213,13,4.0,137,45.4,0.0,0.0,4.2,12,2009,4.9
347,-0.5,5.9,2009-12-14,2.9,20091214,14,2.4,137,25.6,0.0,0.0,8.2,12,2009,1.9
348,-3.8,1.1,2009-12-15,3.2,20091215,15,6.3,137,23.0,0.0,0.0,1.2,12,2009,-1.3
349,-8.5,-0.6,2009-12-16,3.4,20091216,16,0.3,137,34.1,0.0,0.0,8.2,12,2009,-4.9
350,-8.0,-0.4,2009-12-17,2.9,20091217,17,1.9,137,45.3,0.0,0.0,7.9,12,2009,-4.2
351,-9.4,-2.2,2009-12-18,3.4,20091218,18,1.6,137,48.3,0.0,0.0,8.4,12,2009,-6.3
352,-7.5,-1.5,2009-12-19,4.6,20091219,19,4.6,137,56.6,0.0,0.0,5.6,12,2009,-4.6
353,-5.3,0.6,2009-12-20,3.6,20091220,20,2.9,137,57.0,0.0,0.0,5.3,12,2009,-2.6
354,-8.1,1.6,2009-12-21,2.8,20091221,21,0.0,137,36.5,0.0,0.0,8.4,12,2009,-3.5
355,-6.8,9.4,2009-12-22,1.2,20091222,22,3.8,137,61.4,0.0,0.0,5.9,12,2009,0.1
356,-0.6,9.8,2009-12-23,1.0,20091223,23,7.0,137,73.3,0.1,0.0,1.2,12,2009,2.9
357,-3.8,7.0,2009-12-24,0.6,20091224,24,4.8,137,82.1,0.0,0.0,2.5,12,2009,0.4
358,-3.9,8.2,2009-12-25,2.1,20091225,25,7.0,137,70.8,0.0,0.0,0.7,12,2009,1.2
359,-6.0,-0.6,2009-12-26,3.9,20091226,26,1.8,137,38.0,0.0,0.0,8.2,12,2009,-3.6
360,-9.7,1.3,2009-12-27,2.3,20091227,27,2.9,137,47.1,0.0,0.0,5.2,12,2009,-4.4
361,-8.9,-1.4,2009-12-28,2.7,20091228,28,0.0,137,43.1,0.0,0.0,8.1,12,2009,-5.4
362,-13.8,3.0,2009-12-29,0.8,20091229,29,3.0,137,53.4,0.0,0.0,6.6,12,2009,-4.6
363,-5.1,3.2,2009-12-30,4.1,20091230,30,5.9,137,51.3,0.1,0.0,2.5,12,2009,-1.0
364,-9.2,-4.4,2009-12-31,4.7,20091231,31,0.5,137,31.5,0.0,0.0,8.4,12,2009,-6.9
