,tmin,cloud,tmax,tavg,humid,sunshine,Date,year,month,snow,date,rainfall,station_id,day,wind
0,-4.3,3.8,1.2,-1.8,54.1,4.6,2019-01-01,2019,1,0.0,20190101,0.0,137,1,2.9
1,-5.4,0.1,2.4,-2.1,39.9,8.2,2019-01-02,2019,1,0.0,20190102,0.0,137,2,3.0
2,-4.9,0.1,4.7,-0.7,33.1,8.2,2019-01-03,2019,1,0.0,20190103,0.0,137,3,2.5
3,-8.0,1.5,5.1,0.6,37.9,6.2,2019-01-04,2019,1,0.0,20190104,0.0,137,4,2.0
4,-3.7,1.6,4.8,1.0,38.6,7.9,2019-01-05,2019,1,0.0,20190105,0.0,137,5,2.8
5,-7.5,3.6,5.8,-1.0,33.0,7.4,2019-01-06,2019,1,0.0,20190106,0.0,137,6,1.7
6,-5.3,3.4,5.2,0.2,47.3,7.8,2019-01-07,2019,1,0.0,20190107,0.0,137,7,2.6
7,-4.0,2.3,3.9,-0.3,38.8,8.2,2019-01-08,2019,1,0.0,20190108,0.0,137,8,3.8
8,-8.7,5.8,2.1,-3.4,32.9,6.0,2019-01-09,2019,1,0.0,20190109,0.0,137,9,1.2
9,-4.5,4.6,5.3,0.5,40.9,4.3,2019-01-10,2019,1,0.0,20190110,0.0,137,10,2.9
10,-4.3,6.6,6.7,1.3,57.6,7.6,2019-01-11,2019,1,0.0,20190111,0.0,137,11,1.2
11,-1.6,6.6,8.2,2.7,73.9,3.0,2019-01-12,2019,1,0.0,20190112,1.9,137,12,1.1
12,-5.2,5.8,4.2,-1.8,87.5,3.9,2019-01-13,2019,1,0.0,20190113,0.0,137,13,0.7
13,-5.8,9.3,3.3,-1.6,86.6,2.4,2019-01-14,2019,1,0.0,20190114,0.0,137,14,0.8
14,-4.5,6.0,6.1,0.8,56.4,5.2,2019-01-15,2019,1,0.0,20190115,0.0,137,15,3.1
15,-7.4,2.9,0.8,-3.7,43.5,8.0,2019-01-16,2019,1,0.0,20190116,0.0,137,16,3.1
16,-2.6,4.5,4.1,0.8,48.3,5.8,2019-01-17,2019,1,0.0,20190117,0.0,137,17,3.0
17,-1.9,2.6,7.5,1.7,50.4,8.3,2019-01-18,2019,1,0.0,20190118,0.0,137,18,2.5
18,-3.8,8.5,9.5,2.6,46.9,3.7,2019-01-19,2019,1,0.0,20190119,0.0,137,19,0.9
19,-2.7,1.6,5.5,1.9,36.8,8.4,2019-01-20,2019,1,0.0,20190120,0.0,137,20,3.3
20,-4.9,1.4,6.1,0.8,45.1,8.0,2019-01-21,2019,1,0.0,20190121,0.0,137,21,3.0
21,-0.8,0.6,9.2,4.1,50.1,8.0,2019-01-22,2019,1,0.0,20190122,0.0,137,22,2.3
22,1.1,0.3,9.5,4.7,41.9,6.7,2019-01-23,2019,1,0.0,20190123,0.0,137,23,3.0
23,-2.9,0.6,8.4,2.3,26.0,8.6,2019-01-24,2019,1,0.0,20190124,0.0,137,24,2.2
24,-2.6,1.4,5.6,0.5,28.9,8.5,2019-01-25,2019,1,0.0,20190125,0.0,137,25,3.0
25,-5.2,0.0,4.1,-1.3,27.1,8.6,2019-01-26,2019,1,0.0,20190126,0.0,137,26,2.7
26,-4.6,2.0,6.6,0.6,40.9,8.6,2019-01-27,2019,1,0.0,20190127,0.0,137,27,2.6
27,-1.8,3.4,6.9,2.9,42.3,8.1,2019-01-28,2019,1,0.0,20190128,0.0,137,28,3.3
28,-6.6,2.4,7.6,-0.3,41.8,8.6,2019-01-29,2019,1,0.0,20190129,0.0,137,29,1.1
29,-2.1,8.3,10.3,4.6,30.3,6.1,2019-01-30,2019,1,0.0,20190130,0.0,137,30,2.0
30,-4.0,6.3,4.7,0.9,48.9,2.0,2019-01-31,2019,1,0.0,20190131,0.6,137,31,3.1
31,-5.4,0.5,4.2,-0.9,43.6,8.7,2019-02-01,2019,2,0.0,20190201,0.0,137,1,3.4
32,-2.6,3.5,8.9,2.9,51.3,8.7,2019-02-02,2019,2,0.0,20190202,0.0,137,2,2.0
33,0.8,9.1,7.9,3.7,84.1,0.0,2019-02-03,2019,2,0.0,20190203,15.4,137,3,1.5
34,-1.3,2.8,7.2,2.7,30.6,8.7,2019-02-04,2019,2,0.0,20190204,0.0,137,4,3.1
35,-5.6,4.6,9.8,1.5,49.4,8.0,2019-02-05,2019,2,0.0,20190205,0.0,137,5,0.8
36,-2.7,6.5,12.8,5.4,54.3,6.2,2019-02-06,2019,2,0.0,20190206,0.0,137,6,1.3
37,-4.7,6.0,8.5,2.9,45.3,6.4,2019-02-07,2019,2,0.0,20190207,0.0,137,7,3.6
38,-6.3,7.6,4.1,-1.7,30.5,7.9,2019-02-08,2019,2,0.0,20190208,0.0,137,8,2.2
39,-4.3,4.8,2.1,-1.8,28.6,8.9,2019-02-09,2019,2,0.0,20190209,0.0,137,9,3.0
40,-6.6,7.0,3.4,-1.4,27.4,2.6,2019-02-10,2019,2,0.0,20190210,0.0,137,10,1.7
41,-4.4,1.3,4.1,-0.9,31.0,9.1,2019-02-11,2019,2,0.0,20190211,0.0,137,11,2.9
42,-6.4,5.4,5.9,0.2,43.8,7.7,2019-02-12,2019,2,0.0,20190212,0.0,137,12,1.8
43,-2.5,2.9,5.5,0.7,33.5,8.8,2019-02-13,2019,2,0.0,20190213,0.0,137,13,2.3
44,-3.7,7.5,6.8,0.8,49.4,6.4,2019-02-14,2019,2,0.0,20190214,0.0,137,14,1.1
45,-2.1,9.5,6.0,1.6,64.8,4.0,2019-02-15,2019,2,0.0,20190215,0.0,137,15,1.8
46,-3.5,4.9,2.1,-0.9,59.8,6.0,2019-02-16,2019,2,0.0,20190216,0.0,137,16,2.6
47,-5.0,0.4,7.3,-0.1,45.4,9.2,2019-02-17,2019,2,0.0,20190217,0.0,137,17,2.8
48,-3.0,8.9,7.6,2.9,41.3,5.3,2019-02-18,2019,2,0.0,20190218,0.0,137,18,1.3
49,-0.3,8.5,4.5,1.6,94.5,0.0,2019-02-19,2019,2,0.0,20190219,22.3,137,19,1.5
50,-0.3,7.6,6.0,2.5,70.6,2.9,2019-02-20,2019,2,0.0,20190220,0.0,137,20,2.2
51,-2.3,1.8,8.6,2.8,68.4,9.1,2019-02-21,2019,2,0.0,20190221,0.0,137,21,1.0
52,-3.0,7.4,11.7,4.4,62.9,7.2,2019-02-22,2019,2,0.0,20190222,0.0,137,22,0.9
53,-2.3,4.4,12.8,4.8,65.6,8.4,2019-02-23,2019,2,0.0,20190223,0.0,137,23,1.1
54,-3.1,1.1,15.1,5.5,66.1,9.5,2019-02-24,2019,2,0.0,20190224,0.0,137,24,1.3
55,3.5,3.1,14.2,7.7,46.4,9.1,2019-02-25,2019,2,0.0,20190225,0.0,137,25,2.5
56,-2.0,3.8,13.9,6.6,39.6,9.7,2019-02-26,2019,2,0.0,20190226,0.0,137,26,1.4
57,3.2,9.5,10.4,6.6,76.6,1.5,2019-02-27,2019,2,0.0,20190227,0.1,137,27,0.9
58,1.6,5.5,14.0,7.6,59.0,8.4,2019-02-28,2019,2,0.0,20190228,0.0,137,28,1.6
59,2.5,0.0,14.9,7.5,45.8,9.6,2019-03-01,2019,3,0.0,20190301,0.0,137,1,1.6
60,-2.6,5.3,14.7,5.9,55.9,7.7,2019-03-02,2019,3,0.0,20190302,0.0,137,2,0.8
61,-0.9,6.3,15.0,7.6,59.3,7.5,2019-03-03,2019,3,0.0,20190303,0.0,137,3,0.7
62,4.5,4.1,16.1,10.2,50.1,7.9,2019-03-04,2019,3,0.0,20190304,0.0,137,4,1.3
63,1.1,6.1,15.6,9.7,50.8,6.8,2019-03-05,2019,3,0.0,20190305,0.0,137,5,1.5
64,6.5,6.4,16.3,10.6,49.1,5.5,2019-03-06,2019,3,0.0,20190306,0.0,137,6,1.7
65,4.5,2.9,13.0,7.9,60.8,5.5,2019-03-07,2019,3,0.0,20190307,0.1,137,7,2.0
66,-0.2,0.1,16.0,8.0,47.1,10.0,2019-03-08,2019,3,0.0,20190308,0.0,137,8,1.7
67,-2.3,5.3,17.3,7.8,42.4,8.8,2019-03-09,2019,3,0.0,20190309,0.0,137,9,1.0
68,2.5,8.8,9.1,6.4,73.1,0.0,2019-03-10,2019,3,0.0,20190310,2.5,137,10,1.0
69,-0.9,7.9,11.2,5.8,80.0,2.9,2019-03-11,2019,3,0.0,20190311,0.1,137,11,1.9
70,-0.5,3.9,12.3,5.3,74.8,5.0,2019-03-12,2019,3,0.0,20190312,2.5,137,12,2.8
71,-1.4,1.6,9.1,3.4,40.9,9.6,2019-03-13,2019,3,0.0,20190313,0.0,137,13,4.0
72,-2.7,3.8,12.4,5.4,40.9,9.1,2019-03-14,2019,3,0.0,20190314,0.0,137,14,1.8
73,1.2,5.5,13.1,5.4,68.6,5.4,2019-03-15,2019,3,0.0,20190315,2.1,137,15,2.1
74,1.2,5.1,11.5,5.7,62.0,8.5,2019-03-16,2019,3,0.0,20190316,0.0,137,16,2.2
75,1.9,0.8,13.8,6.9,49.0,9.3,2019-03-17,2019,3,0.0,20190317,0.0,137,17,2.0
76,-2.5,8.6,16.1,7.3,42.8,7.5,2019-03-18,2019,3,0.0,20190318,0.0,137,18,1.3
77,3.3,2.2,20.5,12.8,35.9,10.3,2019-03-19,2019,3,0.0,20190319,0.0,137,19,2.0
78,4.5,8.5,16.8,10.7,70.9,0.7,2019-03-20,2019,3,0.0,20190320,6.4,137,20,1.4
79,3.4,9.9,12.6,9.0,76.4,0.3,2019-03-21,2019,3,0.0,20190321,3.3,137,21,2.8
80,1.2,5.9,10.9,4.8,50.4,9.6,2019-03-22,2019,3,0.0,20190322,0.0,137,22,2.7
81,0.0,3.3,10.8,3.3,60.3,7.6,2019-03-23,2019,3,0.0,20190323,3.6,137,23,2.8
82,-1.5,1.4,11.5,5.0,47.4,11.1,2019-03-24,2019,3,0.0,20190324,0.0,137,24,2.3
83,-1.3,4.0,16.5,7.7,57.1,9.6,2019-03-25,2019,3,0.0,20190325,0.0,137,25,1.9
84,4.7,0.3,19.9,11.2,44.5,9.7,2019-03-26,2019,3,0.0,20190326,0.0,137,26,2.1
85,3.0,5.1,23.6,14.1,48.3,8.1,2019-03-27,2019,3,0.0,20190327,0.0,137,27,2.8
86,7.3,5.6,19.3,12.5,57.1,8.8,2019-03-28,2019,3,0.0,20190328,0.0,137,28,1.8
87,4.6,4.8,18.7,11.4,49.3,6.8,2019-03-29,2019,3,0.0,20190329,0.0,137,29,1.5
88,3.0,8.6,12.8,5.8,74.0,3.5,2019-03-30,2019,3,0.0,20190330,5.9,137,30,2.8
89,2.2,6.3,9.7,4.6,52.8,4.2,2019-03-31,2019,3,0.0,20190331,0.3,137,31,3.4
90,1.1,2.5,11.4,5.2,46.0,9.5,2019-04-01,2019,4,0.0,20190401,0.0,137,1,2.7
91,-2.9,0.4,14.3,6.7,38.5,11.0,2019-04-02,2019,4,0.0,20190402,0.0,137,2,2.3
92,-0.8,0.0,15.0,8.2,34.1,10.9,2019-04-03,2019,4,0.0,20190403,0.0,137,3,2.0
93,3.2,1.4,18.7,10.7,31.1,11.0,2019-04-04,2019,4,0.0,20190404,0.0,137,4,3.1
94,8.0,4.4,19.7,12.5,38.9,5.8,2019-04-05,2019,4,0.0,20190405,0.0,137,5,2.9
95,3.4,4.1,22.2,13.6,31.8,9.5,2019-04-06,2019,4,0.0,20190406,0.0,137,6,1.7
96,9.5,4.8,21.3,15.5,42.3,6.6,2019-04-07,2019,4,0.0,20190407,0.0,137,7,1.3
97,7.3,3.1,20.2,13.4,28.6,10.6,2019-04-08,2019,4,0.0,20190408,0.0,137,8,2.4
98,1.6,8.5,15.9,7.8,61.3,3.2,2019-04-09,2019,4,0.0,20190409,35.0,137,9,2.4
99,1.6,8.3,10.2,6.4,82.1,0.0,2019-04-10,2019,4,0.0,20190410,11.6,137,10,1.2
100,2.6,7.3,15.2,8.9,72.0,7.1,2019-04-11,2019,4,0.0,20190411,0.0,137,11,0.8
101,3.9,3.9,19.5,11.5,48.9,9.6,2019-04-12,2019,4,0.0,20190412,0.0,137,12,1.4
102,2.7,5.5,20.2,12.3,42.1,10.7,2019-04-13,2019,4,0.0,20190413,0.0,137,13,1.4
103,7.4,6.0,15.4,10.7,49.8,3.5,2019-04-14,2019,4,0.0,20190414,0.2,137,14,2.2
104,4.5,0.0,21.7,13.3,35.1,11.6,2019-04-15,2019,4,0.0,20190415,0.0,137,15,2.2
105,3.7,4.9,24.8,14.6,36.5,10.4,2019-04-16,2019,4,0.0,20190416,0.0,137,16,1.3
106,8.8,3.5,25.1,17.7,36.0,11.7,2019-04-17,2019,4,0.0,20190417,0.0,137,17,1.3
107,9.0,6.8,23.2,17.2,53.4,9.3,2019-04-18,2019,4,0.0,20190418,0.0,137,18,2.2
108,9.7,9.4,15.6,12.1,71.5,0.0,2019-04-19,2019,4,0.0,20190419,0.0,137,19,1.5
109,5.9,4.6,24.9,15.6,60.3,10.6,2019-04-20,2019,4,0.0,20190420,0.0,137,20,1.5
110,15.5,8.3,24.1,18.6,65.1,3.2,2019-04-21,2019,4,0.0,20190421,0.0,137,21,1.7
111,10.6,2.8,27.7,19.3,62.5,11.4,2019-04-22,2019,4,0.0,20190422,0.0,137,22,1.4
112,11.9,9.6,21.7,16.5,74.8,2.4,2019-04-23,2019,4,0.0,20190423,3.1,137,23,0.9
113,14.3,7.0,22.0,17.3,89.9,3.5,2019-04-24,2019,4,0.0,20190424,17.0,137,24,1.0
114,10.1,8.4,17.8,14.3,85.4,0.0,2019-04-25,2019,4,0.0,20190425,5.8,137,25,0.9
115,7.5,8.9,11.4,9.0,94.8,0.0,2019-04-26,2019,4,0.0,20190426,18.2,137,26,0.9
116,4.5,4.0,18.2,11.7,67.6,9.6,2019-04-27,2019,4,0.0,20190427,0.0,137,27,0.8
117,7.8,7.8,16.6,11.2,77.6,2.4,2019-04-28,2019,4,0.0,20190428,0.0,137,28,0.6
118,5.3,8.8,12.6,9.2,97.0,0.0,2019-04-29,2019,4,0.0,20190429,21.3,137,29,0.5
119,10.3,6.5,21.2,14.8,86.1,6.3,2019-04-30,2019,4,0.0,20190430,0.0,137,30,0.6
120,11.6,3.4,23.5,17.1,55.1,9.0,2019-05-01,2019,5,0.0,20190501,0.0,137,1,2.2
121,10.9,0.0,24.5,17.8,44.3,12.4,2019-05-02,2019,5,0.0,20190502,0.0,137,2,2.4
122,7.5,0.6,29.2,19.1,42.0,12.1,2019-05-03,2019,5,0.0,20190503,0.0,137,3,1.3
123,12.0,3.9,29.0,20.6,41.9,11.2,2019-05-04,2019,5,0.0,20190504,0.0,137,4,1.2
124,11.3,4.0,28.9,20.3,42.3,10.8,2019-05-05,2019,5,0.0,20190505,0.0,137,5,1.4
125,8.3,1.5,21.8,15.1,49.6,10.7,2019-05-06,2019,5,0.0,20190506,0.0,137,6,1.9
126,4.4,0.0,23.1,14.6,47.9,12.4,2019-05-07,2019,5,0.0,20190507,0.0,137,7,1.3
127,8.5,7.0,24.1,16.9,31.1,10.3,2019-05-08,2019,5,0.0,20190508,0.0,137,8,2.3
128,12.6,4.4,25.5,18.1,36.3,11.7,2019-05-09,2019,5,0.0,20190509,0.0,137,9,1.7
129,8.8,2.3,28.3,19.2,40.1,11.7,2019-05-10,2019,5,0.0,20190510,0.0,137,10,0.9
130,11.5,0.9,29.8,20.7,50.3,12.1,2019-05-11,2019,5,0.0,20190511,0.0,137,11,0.9
131,11.1,1.8,27.9,19.3,52.6,11.9,2019-05-12,2019,5,0.0,20190512,0.0,137,12,0.9
132,9.6,7.3,26.2,18.4,56.4,8.8,2019-05-13,2019,5,0.0,20190513,0.0,137,13,1.0
133,14.5,2.4,28.5,21.7,54.4,11.3,2019-05-14,2019,5,0.0,20190514,0.0,137,14,1.0
134,16.1,5.5,29.6,22.1,59.0,9.6,2019-05-15,2019,5,0.0,20190515,0.0,137,15,0.9
135,15.1,4.9,29.7,22.4,61.8,9.6,2019-05-16,2019,5,0.0,20190516,0.0,137,16,0.9
136,16.0,8.0,27.2,22.2,60.4,4.9,2019-05-17,2019,5,0.0,20190517,0.0,137,17,0.6
137,15.3,8.8,20.5,17.5,91.3,0.0,2019-05-18,2019,5,0.0,20190518,24.7,137,18,1.0
138,16.2,7.4,23.8,19.5,85.8,0.6,2019-05-19,2019,5,0.0,20190519,0.2,137,19,0.8
139,11.7,9.0,21.2,16.8,65.9,5.6,2019-05-20,2019,5,0.0,20190520,0.6,137,20,2.0
140,7.5,0.0,24.9,17.5,48.9,12.5,2019-05-21,2019,5,0.0,20190521,0.0,137,21,2.2
141,10.3,0.0,28.1,19.5,46.5,12.6,2019-05-22,2019,5,0.0,20190522,0.0,137,22,1.5
142,11.3,1.3,29.6,21.0,55.0,12.6,2019-05-23,2019,5,0.0,20190523,0.0,137,23,1.2
143,12.1,0.4,33.2,23.8,58.1,12.1,2019-05-24,2019,5,0.0,20190524,0.0,137,24,0.9
144,19.0,7.4,30.5,24.6,43.8,10.0,2019-05-25,2019,5,0.0,20190525,0.0,137,25,2.0
145,14.3,5.5,32.4,23.1,49.3,10.2,2019-05-26,2019,5,0.0,20190526,0.0,137,26,1.2
146,15.5,10.0,21.5,18.4,89.9,0.0,2019-05-27,2019,5,0.0,20190527,20.7,137,27,1.5
147,13.1,3.6,23.1,17.9,56.5,7.3,2019-05-28,2019,5,0.0,20190528,0.0,137,28,2.2
148,14.3,0.0,27.7,21.3,42.9,12.7,2019-05-29,2019,5,0.0,20190529,0.0,137,29,1.9
149,13.1,6.9,27.6,20.9,44.9,8.0,2019-05-30,2019,5,0.0,20190530,0.0,137,30,2.0
150,14.7,4.1,25.1,19.5,60.4,10.2,2019-05-31,2019,5,0.0,20190531,0.1,137,31,2.1
151,13.0,5.9,23.7,18.4,65.9,9.2,2019-06-01,2019,6,0.0,20190601,0.0,137,1,1.2
152,12.5,3.5,28.7,21.1,60.0,11.6,2019-06-02,2019,6,0.0,20190602,0.0,137,2,1.2
153,14.3,0.1,31.3,22.8,59.0,12.1,2019-06-03,2019,6,0.0,20190603,0.0,137,3,0.9
154,17.2,1.5,32.6,25.3,51.1,11.4,2019-06-04,2019,6,0.0,20190604,0.0,137,4,1.3
155,18.8,2.5,33.4,26.1,56.9,11.7,2019-06-05,2019,6,0.0,20190605,0.0,137,5,1.4
156,16.1,9.0,28.9,22.2,79.0,1.3,2019-06-06,2019,6,0.0,20190606,19.8,137,6,0.8
157,16.2,6.5,19.8,17.9,98.5,0.0,2019-06-07,2019,6,0.0,20190607,37.6,137,7,1.0
158,16.2,6.0,27.2,20.9,76.6,9.6,2019-06-08,2019,6,0.0,20190608,0.0,137,8,0.8
159,15.6,5.5,26.7,20.1,72.9,10.1,2019-06-09,2019,6,0.0,20190609,0.0,137,9,1.0
160,13.8,9.0,22.1,17.6,79.6,1.8,2019-06-10,2019,6,0.0,20190610,2.8,137,10,0.6
161,15.1,3.6,25.2,19.3,69.4,9.5,2019-06-11,2019,6,0.0,20190611,0.0,137,11,0.7
162,12.5,1.5,27.7,20.2,71.0,12.5,2019-06-12,2019,6,0.0,20190612,0.0,137,12,0.8
163,14.6,3.1,29.3,22.1,70.8,11.9,2019-06-13,2019,6,0.0,20190613,0.0,137,13,0.6
164,17.0,9.1,25.3,20.6,79.9,0.9,2019-06-14,2019,6,0.0,20190614,0.0,137,14,0.5
165,16.5,5.8,27.8,21.9,71.0,9.3,2019-06-15,2019,6,0.0,20190615,0.0,137,15,1.2
166,15.3,3.9,27.3,21.8,67.4,8.7,2019-06-16,2019,6,0.0,20190616,0.0,137,16,0.8
167,17.2,5.0,28.6,22.8,65.3,10.8,2019-06-17,2019,6,0.0,20190617,0.0,137,17,1.3
168,16.2,7.9,26.5,20.9,75.4,1.6,2019-06-18,2019,6,0.0,20190618,5.1,137,18,1.1
169,19.3,6.9,27.0,22.5,76.9,2.2,2019-06-19,2019,6,0.0,20190619,0.0,137,19,0.9
170,18.8,4.3,29.7,24.2,68.0,10.3,2019-06-20,2019,6,0.0,20190620,0.0,137,20,1.3
171,19.7,3.4,30.7,24.8,66.4,11.7,2019-06-21,2019,6,0.0,20190621,0.0,137,21,1.4
172,18.7,4.3,28.4,23.0,65.4,9.7,2019-06-22,2019,6,0.0,20190622,0.0,137,22,0.9
173,14.8,2.1,28.4,21.8,64.9,11.7,2019-06-23,2019,6,0.0,20190623,0.0,137,23,0.8
174,17.2,4.0,30.8,23.5,66.4,10.6,2019-06-24,2019,6,0.0,20190624,0.1,137,24,0.9
175,16.7,2.1,32.4,25.3,64.1,11.9,2019-06-25,2019,6,0.0,20190625,0.0,137,25,0.8
176,18.2,9.6,23.8,20.1,91.3,0.5,2019-06-26,2019,6,0.0,20190626,13.8,137,26,0.7
177,19.6,8.5,29.0,23.4,90.0,3.6,2019-06-27,2019,6,0.0,20190627,10.5,137,27,0.6
178,21.5,8.6,29.1,24.6,86.4,3.2,2019-06-28,2019,6,0.0,20190628,2.2,137,28,0.7
179,20.0,9.1,23.8,21.3,93.5,0.0,2019-06-29,2019,6,0.0,20190629,17.6,137,29,0.7
180,20.1,8.3,29.1,24.4,80.6,5.5,2019-06-30,2019,6,0.0,20190630,0.0,137,30,1.6
181,19.5,7.1,26.3,23.3,76.8,0.5,2019-07-01,2019,7,0.0,20190701,0.0,137,1,1.2
182,16.5,2.0,29.2,23.7,69.5,11.4,2019-07-02,2019,7,0.0,20190702,0.0,137,2,1.4
183,18.5,7.0,28.1,23.2,76.6,7.1,2019-07-03,2019,7,0.0,20190703,0.0,137,3,0.9
184,18.9,3.1,31.7,25.3,70.3,10.8,2019-07-04,2019,7,0.0,20190704,0.0,137,4,1.1
185,19.3,3.6,32.7,25.4,69.0,12.4,2019-07-05,2019,7,0.0,20190705,0.0,137,5,0.7
186,17.2,0.6,31.8,24.8,64.8,12.8,2019-07-06,2019,7,0.0,20190706,0.0,137,6,1.0
187,18.2,7.1,28.3,23.3,67.1,9.0,2019-07-07,2019,7,0.0,20190707,0.0,137,7,1.1
188,18.1,7.0,27.6,21.9,72.0,5.4,2019-07-08,2019,7,0.0,20190708,0.0,137,8,0.9
189,15.5,7.1,27.0,21.9,72.4,6.2,2019-07-09,2019,7,0.0,20190709,0.0,137,9,1.0
190,18.6,8.5,23.6,20.1,88.6,0.0,2019-07-10,2019,7,0.0,20190710,28.1,137,10,1.0
191,19.2,8.0,25.8,22.3,90.1,1.7,2019-07-11,2019,7,0.0,20190711,16.6,137,11,1.7
192,20.3,7.8,28.6,23.7,74.5,6.8,2019-07-12,2019,7,0.0,20190712,0.0,137,12,2.0
193,19.8,7.5,28.9,24.2,77.9,3.7,2019-07-13,2019,7,0.0,20190713,0.0,137,13,0.8
194,21.3,5.8,30.4,24.0,85.4,3.5,2019-07-14,2019,7,0.0,20190714,12.7,137,14,0.8
195,20.3,8.9,25.7,22.3,93.9,0.7,2019-07-15,2019,7,0.0,20190715,3.6,137,15,0.6
196,20.7,7.1,29.5,24.3,83.8,3.8,2019-07-16,2019,7,0.0,20190716,1.6,137,16,0.8
197,21.5,8.4,28.5,24.4,82.4,2.6,2019-07-17,2019,7,0.0,20190717,0.0,137,17,0.6
198,21.2,8.4,27.4,23.5,90.4,3.3,2019-07-18,2019,7,0.0,20190718,19.2,137,18,0.5
199,21.7,9.0,26.7,24.6,90.8,0.0,2019-07-19,2019,7,0.0,20190719,0.1,137,19,0.6
200,22.6,10.0,24.9,23.7,99.3,0.0,2019-07-20,2019,7,0.0,20190720,36.5,137,20,1.5
201,22.9,8.0,27.5,24.7,93.4,0.4,2019-07-21,2019,7,0.0,20190721,45.6,137,21,1.5
202,24.1,5.6,32.2,28.1,76.0,9.1,2019-07-22,2019,7,0.0,20190722,0.0,137,22,1.5
203,25.7,6.3,33.5,29.3,76.3,4.6,2019-07-23,2019,7,0.0,20190723,0.0,137,23,1.2
204,25.0,7.6,29.8,27.0,87.9,0.0,2019-07-24,2019,7,0.0,20190724,0.0,137,24,0.5
205,24.5,8.9,27.2,25.5,98.8,0.0,2019-07-25,2019,7,0.0,20190725,40.9,137,25,0.2
206,25.0,7.5,30.2,26.9,93.1,0.9,2019-07-26,2019,7,0.0,20190726,1.1,137,26,0.4
207,24.7,8.9,31.2,27.0,92.6,2.4,2019-07-27,2019,7,0.0,20190727,0.4,137,27,0.5
208,24.7,8.5,30.4,26.0,97.0,1.4,2019-07-28,2019,7,0.0,20190728,14.8,137,28,0.4
209,23.9,5.8,33.0,27.9,83.0,4.7,2019-07-29,2019,7,0.0,20190729,0.0,137,29,0.7
210,22.6,4.5,33.7,28.2,79.9,2.2,2019-07-30,2019,7,0.0,20190730,0.0,137,30,1.2
211,25.2,4.3,33.3,29.6,74.0,1.2,2019-07-31,2019,7,0.0,20190731,0.0,137,31,1.3
212,25.5,4.9,33.7,29.1,75.9,0.8,2019-08-01,2019,8,0.0,20190801,0.0,137,1,1.1
213,25.0,2.6,34.5,29.6,75.6,0.0,2019-08-02,2019,8,0.0,20190802,0.0,137,2,0.8
214,24.8,5.9,34.1,28.6,83.0,7.0,2019-08-03,2019,8,0.0,20190803,0.0,137,3,0.6
215,23.3,2.5,34.8,28.7,81.3,12.0,2019-08-04,2019,8,0.0,20190804,0.0,137,4,0.5
216,25.2,4.4,35.2,30.0,74.8,11.6,2019-08-05,2019,8,0.0,20190805,0.0,137,5,0.6
217,22.6,8.4,30.5,26.4,81.4,5.4,2019-08-06,2019,8,0.0,20190806,6.7,137,6,0.9
218,23.2,5.9,32.9,27.4,84.3,7.0,2019-08-07,2019,8,0.0,20190807,15.1,137,7,1.6
219,22.8,6.8,33.8,26.2,90.1,6.8,2019-08-08,2019,8,0.0,20190808,3.1,137,8,0.7
220,22.8,6.3,33.6,27.7,86.1,9.1,2019-08-09,2019,8,0.0,20190809,0.4,137,9,0.6
221,24.7,5.3,33.4,28.3,79.3,10.2,2019-08-10,2019,8,0.0,20190810,0.0,137,10,0.9
222,24.2,8.1,33.0,28.3,74.8,6.9,2019-08-11,2019,8,0.0,20190811,0.0,137,11,1.4
223,25.4,6.4,32.3,28.5,79.9,4.8,2019-08-12,2019,8,0.0,20190812,0.0,137,12,1.0
224,23.7,4.0,34.0,28.8,79.8,10.3,2019-08-13,2019,8,0.0,20190813,0.0,137,13,0.7
225,24.3,7.6,32.7,28.4,77.5,4.1,2019-08-14,2019,8,0.0,20190814,0.0,137,14,1.0
226,23.4,7.4,28.4,26.2,88.4,0.3,2019-08-15,2019,8,0.0,20190815,3.5,137,15,1.1
227,24.5,6.6,31.3,26.8,79.4,5.6,2019-08-16,2019,8,0.0,20190816,0.0,137,16,2.1
228,23.2,4.0,31.8,26.8,74.0,10.2,2019-08-17,2019,8,0.0,20190817,1.7,137,17,1.6
229,20.1,3.3,30.8,25.1,74.0,11.6,2019-08-18,2019,8,0.0,20190818,0.0,137,18,1.0
230,19.0,7.0,30.2,25.0,79.3,8.9,2019-08-19,2019,8,0.0,20190819,0.0,137,19,0.6
231,21.8,6.1,30.5,25.7,70.6,7.0,2019-08-20,2019,8,0.0,20190820,0.0,137,20,0.9
232,20.6,8.3,31.2,25.7,80.8,4.8,2019-08-21,2019,8,0.0,20190821,4.2,137,21,0.8
233,23.2,8.4,29.6,25.3,86.4,3.8,2019-08-22,2019,8,0.0,20190822,42.1,137,22,1.0
234,20.2,6.6,29.2,24.5,74.4,4.8,2019-08-23,2019,8,0.0,20190823,0.0,137,23,1.5
235,18.8,7.6,26.5,22.6,81.1,2.0,2019-08-24,2019,8,0.0,20190824,0.0,137,24,1.2
236,18.2,3.3,30.1,23.6,75.3,10.7,2019-08-25,2019,8,0.0,20190825,0.0,137,25,1.0
237,18.2,3.1,30.2,24.2,76.3,11.1,2019-08-26,2019,8,0.0,20190826,0.0,137,26,0.8
238,18.5,8.8,22.5,20.6,95.4,0.1,2019-08-27,2019,8,0.0,20190827,19.5,137,27,0.7
239,19.3,8.0,27.1,23.1,89.6,1.9,2019-08-28,2019,8,0.0,20190828,1.6,137,28,0.8
240,18.6,9.6,26.5,22.0,90.8,0.8,2019-08-29,2019,8,0.0,20190829,8.8,137,29,0.9
241,18.2,3.6,28.2,22.9,73.9,10.1,2019-08-30,2019,8,0.0,20190830,0.0,137,30,1.6
242,17.2,3.6,27.8,22.4,75.6,9.9,2019-08-31,2019,8,0.0,20190831,0.0,137,31,1.3
243,17.2,7.9,26.2,22.0,85.6,2.6,2019-09-01,2019,9,0.0,20190901,0.0,137,1,0.5
244,19.0,8.6,23.2,20.7,92.8,0.0,2019-09-02,2019,9,0.0,20190902,5.9,137,2,0.4
245,19.0,10.0,21.7,20.7,99.8,0.0,2019-09-03,2019,9,0.0,20190903,5.2,137,3,0.5
246,20.8,9.8,24.3,22.3,99.0,0.0,2019-09-04,2019,9,0.0,20190904,4.2,137,4,0.7
247,22.3,8.9,30.7,24.2,94.4,2.3,2019-09-05,2019,9,0.0,20190905,2.9,137,5,0.5
248,22.3,9.6,27.8,24.7,94.1,0.0,2019-09-06,2019,9,0.0,20190906,0.0,137,6,0.7
249,23.8,7.9,29.7,26.0,81.9,0.8,2019-09-07,2019,9,0.0,20190907,3.8,137,7,2.5
250,20.7,8.0,29.4,25.1,85.6,4.3,2019-09-08,2019,9,0.0,20190908,0.0,137,8,0.7
251,21.2,9.8,26.2,23.5,94.5,0.3,2019-09-09,2019,9,0.0,20190909,5.4,137,9,0.6
252,22.6,5.5,31.2,25.7,87.1,7.4,2019-09-10,2019,9,0.0,20190910,2.7,137,10,0.7
253,21.1,8.5,27.6,23.2,88.9,0.8,2019-09-11,2019,9,0.0,20190911,0.0,137,11,0.9
254,17.2,8.0,22.1,19.8,86.8,0.0,2019-09-12,2019,9,0.0,20190912,2.4,137,12,0.7
255,15.6,3.4,26.5,20.3,83.8,7.9,2019-09-13,2019,9,0.0,20190913,0.0,137,13,0.7
256,14.8,7.9,27.3,21.7,84.5,4.4,2019-09-14,2019,9,0.0,20190914,0.0,137,14,0.6
257,19.8,7.4,29.6,23.9,81.1,7.3,2019-09-15,2019,9,0.0,20190915,0.0,137,15,0.7
258,17.4,4.6,28.0,22.1,76.4,9.0,2019-09-16,2019,9,0.0,20190916,0.0,137,16,0.7
259,13.1,2.6,27.3,20.1,76.6,9.5,2019-09-17,2019,9,0.0,20190917,0.0,137,17,0.6
260,16.1,2.4,29.5,21.6,63.1,9.6,2019-09-18,2019,9,0.0,20190918,0.0,137,18,1.2
261,13.8,4.3,25.2,19.2,71.6,9.1,2019-09-19,2019,9,0.0,20190919,0.0,137,19,0.7
262,14.8,9.9,22.1,18.2,81.4,0.6,2019-09-20,2019,9,0.0,20190920,0.0,137,20,0.7
263,14.3,9.3,19.3,16.3,95.9,0.0,2019-09-21,2019,9,0.0,20190921,45.3,137,21,1.1
264,14.3,10.0,16.7,15.5,98.9,0.0,2019-09-22,2019,9,0.0,20190922,81.7,137,22,2.0
265,13.8,5.6,21.8,17.2,86.1,1.4,2019-09-23,2019,9,0.0,20190923,0.0,137,23,0.9
266,11.3,2.1,25.7,17.3,83.8,7.9,2019-09-24,2019,9,0.0,20190924,0.0,137,24,0.6
267,11.3,8.1,22.6,16.5,88.8,3.5,2019-09-25,2019,9,0.0,20190925,0.0,137,25,0.5
268,15.1,7.8,24.8,19.1,88.0,3.6,2019-09-26,2019,9,0.0,20190926,0.0,137,26,0.7
269,14.6,5.5,27.0,20.7,82.0,9.1,2019-09-27,2019,9,0.0,20190927,0.0,137,27,0.6
270,19.7,6.1,28.2,22.7,85.8,5.4,2019-09-28,2019,9,0.0,20190928,0.0,137,28,0.6
271,17.5,2.4,28.8,22.0,83.9,8.8,2019-09-29,2019,9,0.0,20190929,0.0,137,29,0.6
272,14.3,2.5,28.2,21.1,84.1,9.2,2019-09-30,2019,9,0.0,20190930,0.0,137,30,0.5
273,19.7,9.1,24.2,21.8,92.0,0.0,2019-10-01,2019,10,0.0,20191001,0.0,137,1,0.3
274,19.6,10.0,20.7,20.1,100.0,0.0,2019-10-02,2019,10,0.0,20191002,132.2,137,2,1.4
275,19.0,6.6,27.1,21.6,87.3,3.5,2019-10-03,2019,10,0.0,20191003,37.6,137,3,1.8
276,16.0,4.6,28.2,21.1,87.0,6.5,2019-10-04,2019,10,0.0,20191004,0.0,137,4,0.5
277,16.5,8.4,24.2,20.0,80.8,3.6,2019-10-05,2019,10,0.0,20191005,0.9,137,5,1.3
278,13.8,8.1,20.0,16.3,75.6,3.3,2019-10-06,2019,10,0.0,20191006,0.0,137,6,0.8
279,12.3,7.4,15.3,14.0,95.0,0.0,2019-10-07,2019,10,0.0,20191007,6.5,137,7,0.8
280,10.9,3.9,22.8,15.9,67.6,7.1,2019-10-08,2019,10,0.0,20191008,0.0,137,8,2.2
281,6.5,2.3,21.0,13.3,62.3,8.8,2019-10-09,2019,10,0.0,20191009,0.0,137,9,1.1
282,6.6,7.3,21.1,13.8,79.1,3.8,2019-10-10,2019,10,0.0,20191010,0.0,137,10,0.6
283,11.5,3.3,24.2,17.2,70.4,8.3,2019-10-11,2019,10,0.0,20191011,0.0,137,11,0.9
284,10.6,2.1,23.4,16.3,71.3,8.8,2019-10-12,2019,10,0.0,20191012,0.0,137,12,1.1
285,7.5,2.7,21.3,14.0,77.8,8.9,2019-10-13,2019,10,0.0,20191013,0.0,137,13,0.7
286,8.4,4.5,22.7,14.3,77.3,7.5,2019-10-14,2019,10,0.0,20191014,0.0,137,14,1.0
287,8.5,5.0,18.5,12.8,78.9,3.2,2019-10-15,2019,10,0.0,20191015,0.0,137,15,0.8
288,5.6,7.8,19.7,11.3,87.5,5.8,2019-10-16,2019,10,0.0,20191016,0.0,137,16,0.5
289,7.6,6.5,18.0,12.0,89.8,3.0,2019-10-17,2019,10,0.0,20191017,0.0,137,17,0.6
290,8.6,7.8,18.8,13.8,90.1,0.6,2019-10-18,2019,10,0.0,20191018,1.1,137,18,0.7
291,11.0,2.0,23.2,15.8,84.8,7.9,2019-10-19,2019,10,0.0,20191019,0.1,137,19,0.8
292,8.3,2.6,22.2,13.2,83.5,7.5,2019-10-20,2019,10,0.0,20191020,0.0,137,20,0.5
293,6.3,5.0,22.0,13.0,85.8,7.8,2019-10-21,2019,10,0.0,20191021,0.0,137,21,0.6
294,7.5,4.6,22.6,14.1,83.8,8.3,2019-10-22,2019,10,0.0,20191022,0.0,137,22,0.7
295,9.1,9.1,17.8,13.7,86.5,0.2,2019-10-23,2019,10,0.0,20191023,0.0,137,23,0.5
296,12.6,7.6,22.3,16.5,75.6,6.5,2019-10-24,2019,10,0.0,20191024,0.0,137,24,0.8
297,10.8,5.4,24.2,17.2,69.3,6.1,2019-10-25,2019,10,0.0,20191025,0.0,137,25,1.1
298,9.3,7.4,16.6,13.0,62.6,8.2,2019-10-26,2019,10,0.0,20191026,0.0,137,26,2.0
299,5.6,0.6,17.2,10.5,64.5,8.4,2019-10-27,2019,10,0.0,20191027,0.0,137,27,1.4
300,2.2,4.4,18.0,9.7,75.8,8.1,2019-10-28,2019,10,0.0,20191028,0.0,137,28,0.6
301,6.8,3.8,18.4,13.0,68.1,6.5,2019-10-29,2019,10,0.0,20191029,0.0,137,29,1.5
302,6.3,1.1,17.5,11.4,65.6,8.6,2019-10-30,2019,10,0.0,20191030,0.0,137,30,1.7
303,5.2,1.5,20.0,13.8,72.9,8.5,2019-10-31,2019,10,0.0,20191031,0.0,137,31,1.7
304,9.5,1.9,22.5,15.4,71.0,8.5,2019-11-01,2019,11,0.0,20191101,0.0,137,1,1.3
305,6.0,6.6,18.1,12.1,85.6,3.5,2019-11-02,2019,11,0.0,20191102,0.0,137,2,0.4
306,8.7,6.5,20.7,13.9,76.9,7.3,2019-11-03,2019,11,0.0,20191103,0.0,137,3,0.8
307,7.0,4.1,18.2,12.3,77.5,7.4,2019-11-04,2019,11,0.0,20191104,0.0,137,4,0.7
308,3.7,2.5,18.3,10.5,80.4,6.5,2019-11-05,2019,11,0.0,20191105,0.0,137,5,1.0
309,5.4,4.0,18.9,12.2,68.6,8.3,2019-11-06,2019,11,0.0,20191106,0.0,137,6,1.1
310,6.8,4.0,17.5,11.9,56.6,7.2,2019-11-07,2019,11,0.0,20191107,0.0,137,7,2.0
311,2.7,0.0,15.1,8.4,43.5,8.6,2019-11-08,2019,11,0.0,20191108,0.0,137,8,1.8
312,0.4,0.0,17.8,9.4,46.4,8.6,2019-11-09,2019,11,0.0,20191109,0.0,137,9,1.2
313,0.6,8.4,12.0,6.4,76.9,2.5,2019-11-10,2019,11,0.0,20191110,7.7,137,10,0.9
314,6.9,6.3,15.8,11.5,77.8,3.1,2019-11-11,2019,11,0.0,20191111,0.7,137,11,2.3
315,4.8,1.9,16.7,9.9,75.5,7.8,2019-11-12,2019,11,0.0,20191112,0.0,137,12,0.9
316,1.4,7.6,14.6,7.4,77.5,1.5,2019-11-13,2019,11,0.0,20191113,2.5,137,13,1.0
317,-2.9,1.0,7.9,2.4,41.8,8.3,2019-11-14,2019,11,0.0,20191114,0.0,137,14,2.0
318,-4.5,3.4,11.5,3.5,66.5,6.7,2019-11-15,2019,11,0.0,20191115,0.0,137,15,0.7
319,5.0,4.0,16.5,9.0,89.1,4.3,2019-11-16,2019,11,0.0,20191116,0.8,137,16,0.5
320,3.5,9.4,8.1,6.0,100.0,0.0,2019-11-17,2019,11,0.0,20191117,13.3,137,17,0.4
321,2.4,8.4,13.6,8.2,70.1,3.2,2019-11-18,2019,11,0.0,20191118,7.7,137,18,2.7
322,0.7,2.5,6.7,3.0,60.8,7.6,2019-11-19,2019,11,0.0,20191119,0.0,137,19,2.4
323,-2.8,0.1,9.0,2.5,48.8,8.3,2019-11-20,2019,11,0.0,20191120,0.0,137,20,1.3
324,-5.0,5.9,10.1,2.5,61.1,6.4,2019-11-21,2019,11,0.0,20191121,0.0,137,21,0.7
325,-0.5,2.8,15.6,6.7,73.8,8.2,2019-11-22,2019,11,0.0,20191122,0.0,137,22,0.7
326,0.5,7.8,16.1,7.7,85.3,8.0,2019-11-23,2019,11,0.0,20191123,0.0,137,23,0.7
327,4.5,5.5,21.2,12.1,78.9,8.1,2019-11-24,2019,11,0.0,20191124,1.5,137,24,1.4
328,3.2,9.5,10.0,5.3,73.0,1.5,2019-11-25,2019,11,0.0,20191125,0.0,137,25,2.0
329,4.5,5.6,14.1,7.5,75.4,5.4,2019-11-26,2019,11,0.0,20191126,0.0,137,26,0.7
330,3.1,7.3,8.8,6.1,60.1,3.5,2019-11-27,2019,11,0.0,20191127,0.0,137,27,1.8
331,-1.0,2.5,11.3,4.2,72.8,4.9,2019-11-28,2019,11,0.0,20191128,0.0,137,28,0.7
332,-1.3,0.9,10.1,4.0,51.4,3.3,2019-11-29,2019,11,0.0,20191129,0.0,137,29,1.8
333,-4.0,4.3,10.9,3.8,66.3,2.6,2019-11-30,2019,11,0.0,20191130,0.0,137,30,0.7
334,4.9,9.7,9.0,6.4,76.4,0.0,2019-12-01,2019,12,0.0,20191201,12.5,137,1,0.9
335,-0.9,3.3,6.0,2.9,59.1,7.0,2019-12-02,2019,12,0.0,20191202,0.0,137,2,3.6
336,-2.8,3.6,6.7,1.9,70.1,4.5,2019-12-03,2019,12,0.0,20191203,0.5,137,3,1.9
337,1.2,3.4,9.4,5.0,56.9,7.4,2019-12-04,2019,12,0.0,20191204,0.0,137,4,1.7
338,-5.1,0.5,4.1,-0.3,41.4,8.0,2019-12-05,2019,12,0.0,20191205,0.0,137,5,2.5
339,-8.0,0.0,2.5,-3.6,40.3,8.1,2019-12-06,2019,12,0.0,20191206,0.0,137,6,2.5
340,-6.1,1.6,6.3,0.0,60.1,6.1,2019-12-07,2019,12,0.0,20191207,0.0,137,7,2.0
341,-3.8,0.0,8.1,1.2,61.9,8.0,2019-12-08,2019,12,0.0,20191208,0.0,137,8,1.5
342,-6.0,1.6,8.1,0.1,75.0,7.9,2019-12-09,2019,12,0.0,20191209,0.0,137,9,0.7
343,-2.8,6.1,8.6,1.6,82.8,4.4,2019-12-10,2019,12,0.0,20191210,0.0,137,10,0.5
344,-1.8,5.4,12.8,3.6,73.4,2.5,2019-12-11,2019,12,0.0,20191211,0.0,137,11,2.2
345,-3.0,0.1,5.3,1.1,43.9,8.0,2019-12-12,2019,12,0.0,20191212,0.0,137,12,2.8
346,-6.9,2.4,7.5,-0.6,54.6,7.8,2019-12-13,2019,12,0.0,20191213,0.0,137,13,0.7
347,-2.4,4.3,8.3,3.0,61.5,8.0,2019-12-14,2019,12,0.0,20191214,1.0,137,14,1.8
348,-4.1,4.0,10.3,2.1,75.3,7.7,2019-12-15,2019,12,0.0,20191215,0.0,137,15,0.7
349,-2.8,4.3,11.1,3.9,80.5,7.9,2019-12-16,2019,12,0.0,20191216,0.0,137,16,0.6
350,0.8,8.4,10.8,5.9,88.5,0.3,2019-12-17,2019,12,0.0,20191217,1.5,137,17,1.3
351,1.8,5.8,7.2,3.8,68.0,7.3,2019-12-18,2019,12,0.0,20191218,0.0,137,18,2.9
352,-1.3,4.3,5.7,1.4,46.6,8.0,2019-12-19,2019,12,0.0,20191219,0.0,137,19,2.9
353,-1.5,4.8,5.5,1.2,55.4,6.0,2019-12-20,2019,12,0.0,20191220,0.0,137,20,1.8
354,-3.6,4.7,5.4,0.2,62.9,6.0,2019-12-21,2019,12,0.0,20191221,0.0,137,21,1.3
355,-3.7,5.9,7.1,0.1,78.1,4.7,2019-12-22,2019,12,0.0,20191222,0.0,137,22,0.6
356,-2.8,4.9,8.8,2.6,73.8,4.1,2019-12-23,2019,12,0.0,20191223,0.0,137,23,1.6
357,-3.3,2.3,8.5,1.2,69.5,8.0,2019-12-24,2019,12,0.0,20191224,0.0,137,24,0.9
358,-6.4,4.1,10.3,1.9,57.6,6.4,2019-12-25,2019,12,0.0,20191225,0.0,137,25,0.9
359,0.6,7.6,5.1,2.6,65.9,0.0,2019-12-26,2019,12,0.0,20191226,0.7,137,26,1.9
360,-3.6,0.0,4.3,-0.5,52.9,8.0,2019-12-27,2019,12,0.0,20191227,0.0,137,27,2.6
361,-7.4,0.0,6.8,-1.2,61.4,8.0,2019-12-28,2019,12,0.0,20191228,0.0,137,28,0.7
362,-5.7,8.6,3.0,-1.1,80.0,0.0,2019-12-29,2019,12,0.0,20191229,8.4,137,29,0.4
363,-1.3,7.5,8.2,3.2,85.9,0.3,2019-12-30,2019,12,0.0,20191230,2.8,137,30,1.8
364,-7.5,1.4,-1.2,-5.1,46.8,8.1,2019-12-31,2019,12,0.0,20191231,0.0,137,31,4.1
